site, alts, refs, total
349741.6.peg.1723.site.1, 16, 38, 54
349741.6.peg.1723.site.2, 8, 97, 105
349741.6.peg.1723.site.3, 74, 95, 169
349741.6.peg.1723.site.4, 71, 92, 163
349741.6.peg.1723.site.5, 71, 92, 163
349741.6.peg.1723.site.6, 74, 95, 169
349741.6.peg.1723.site.7, 7, 95, 102
349741.6.peg.1723.site.8, 24, 96, 120
349741.6.peg.1723.site.9, 0, 94, 94
349741.6.peg.1723.site.10, 66, 87, 153
349741.6.peg.1723.site.11, 54, 75, 129
349741.6.peg.1723.site.12, 9, 57, 66
349741.6.peg.1723.site.13, 13, 34, 47
349741.6.peg.1723.site.14, 1, 30, 31
349741.6.peg.1723.site.15, 8, 29, 37
349741.6.peg.1723.site.16, 12, 33, 45
349741.6.peg.1723.site.17, 11, 32, 43
349741.6.peg.1723.site.18, 13, 34, 47
349741.6.peg.1723.site.19, 2, 86, 88
349741.6.peg.1723.site.20, 69, 89, 158
349741.6.peg.1723.site.21, 0, 96, 96
349741.6.peg.1723.site.22, 1, 95, 96
349741.6.peg.1723.site.23, 42, 97, 139
349741.6.peg.1723.site.24, 75, 96, 171
349741.6.peg.1723.site.25, 4, 97, 101
349741.6.peg.1723.site.26, 51, 97, 148
349741.6.peg.1723.site.27, 3, 96, 99
349741.6.peg.1723.site.28, 1, 97, 98
349741.6.peg.1723.site.29, 83, 97, 180
349741.6.peg.1723.site.30, 6, 97, 103
349741.6.peg.1723.site.31, 2, 97, 99
349741.6.peg.1723.site.32, 75, 96, 171
349741.6.peg.1723.site.33, 97, 97, 194
349741.6.peg.1723.site.34, 15, 97, 112
349741.6.peg.1723.site.35, 9, 97, 106
349741.6.peg.1723.site.36, 5, 97, 102
349741.6.peg.1723.site.37, 2, 97, 99
349741.6.peg.1723.site.38, 15, 97, 112
349741.6.peg.1723.site.39, 91, 97, 188
349741.6.peg.1723.site.40, 74, 97, 171
349741.6.peg.1722.site.1, 9, 83, 92
349741.6.peg.1722.site.2, 7, 81, 88
349741.6.peg.1722.site.3, 6, 80, 86
349741.6.peg.1722.site.4, 2, 75, 77
349741.6.peg.1722.site.5, 1, 78, 79
349741.6.peg.1722.site.6, 5, 79, 84
349741.6.peg.1722.site.7, 3, 85, 88
349741.6.peg.1722.site.8, 11, 85, 96
349741.6.peg.1722.site.9, 5, 88, 93
349741.6.peg.1722.site.10, 5, 89, 94
349741.6.peg.1722.site.11, 8, 93, 101
349741.6.peg.1722.site.12, 5, 94, 99
349741.6.peg.1722.site.13, 8, 92, 100
349741.6.peg.1722.site.14, 6, 95, 101
349741.6.peg.1722.site.15, 22, 96, 118
349741.6.peg.1722.site.16, 22, 96, 118
349741.6.peg.1722.site.17, 7, 96, 103
349741.6.peg.1722.site.18, 1, 95, 96
349741.6.peg.1722.site.19, 66, 90, 156
349741.6.peg.1722.site.20, 26, 50, 76
349741.6.peg.1722.site.21, 19, 28, 47
349741.6.peg.1722.site.22, 3, 26, 29
349741.6.peg.1722.site.23, 8, 31, 39
349741.6.peg.1722.site.24, 42, 66, 108
349741.6.peg.1722.site.25, 3, 82, 85
349741.6.peg.1722.site.26, 0, 89, 89
349741.6.peg.1722.site.27, 3, 91, 94
349741.6.peg.1722.site.28, 0, 95, 95
349741.6.peg.1722.site.29, 71, 95, 166
349741.6.peg.1722.site.30, 72, 96, 168
349741.6.peg.1722.site.31, 32, 97, 129
349741.6.peg.1722.site.32, 10, 97, 107
349741.6.peg.1722.site.33, 73, 97, 170
349741.6.peg.1722.site.34, 73, 97, 170
349741.6.peg.1722.site.35, 0, 97, 97
349741.6.peg.1722.site.36, 66, 90, 156
349741.6.peg.1722.site.37, 44, 74, 118
349741.6.peg.1722.site.38, 7, 71, 78
349741.6.peg.1722.site.39, 2, 68, 70
349741.6.peg.1722.site.40, 37, 61, 98
349741.6.peg.1722.site.41, 35, 59, 94
349741.6.peg.1722.site.42, 1, 96, 97
349741.6.peg.1722.site.43, 73, 97, 170
349741.6.peg.1722.site.44, 72, 94, 166
349741.6.peg.1722.site.45, 20, 77, 97
349741.6.peg.1722.site.46, 18, 71, 89
349741.6.peg.1722.site.47, 2, 66, 68
349741.6.peg.1722.site.48, 33, 56, 89
349741.6.peg.1722.site.49, 7, 50, 57
349741.6.peg.1722.site.50, 15, 35, 50
349741.6.peg.1721.site.1, 10, 96, 106
349741.6.peg.1721.site.2, 24, 96, 120
349741.6.peg.1721.site.3, 80, 96, 176
349741.6.peg.1721.site.4, 1, 96, 97
349741.6.peg.1721.site.5, 7, 96, 103
349741.6.peg.1721.site.6, 0, 97, 97
349741.6.peg.1721.site.7, 0, 97, 97
349741.6.peg.1721.site.8, 59, 96, 155
349741.6.peg.1721.site.9, 1, 97, 98
349741.6.peg.1721.site.10, 5, 97, 102
349741.6.peg.1721.site.11, 2, 97, 99
349741.6.peg.1721.site.12, 1, 97, 98
349741.6.peg.1721.site.13, 1, 97, 98
349741.6.peg.1721.site.14, 2, 97, 99
349741.6.peg.1721.site.15, 61, 97, 158
349741.6.peg.1721.site.16, 71, 97, 168
349741.6.peg.1721.site.17, 7, 97, 104
349741.6.peg.1721.site.18, 2, 97, 99
349741.6.peg.1721.site.19, 70, 97, 167
349741.6.peg.1721.site.20, 1, 96, 97
349741.6.peg.1721.site.21, 3, 97, 100
349741.6.peg.1721.site.22, 7, 97, 104
349741.6.peg.1721.site.23, 70, 97, 167
349741.6.peg.1721.site.24, 34, 97, 131
349741.6.peg.1721.site.25, 41, 97, 138
349741.6.peg.1721.site.26, 0, 97, 97
349741.6.peg.1721.site.27, 36, 97, 133
349741.6.peg.1721.site.28, 20, 94, 114
349741.6.peg.1720.site.1, 93, 96, 189
349741.6.peg.1720.site.2, 64, 97, 161
349741.6.peg.1720.site.3, 3, 97, 100
349741.6.peg.1720.site.4, 62, 97, 159
349741.6.peg.1720.site.5, 24, 97, 121
349741.6.peg.1720.site.6, 41, 97, 138
349741.6.peg.1720.site.7, 7, 97, 104
349741.6.peg.1720.site.8, 81, 97, 178
349741.6.peg.1720.site.9, 16, 97, 113
349741.6.peg.1720.site.10, 86, 97, 183
349741.6.peg.1720.site.11, 0, 96, 96
349741.6.peg.1720.site.12, 2, 97, 99
349741.6.peg.1720.site.13, 7, 97, 104
349741.6.peg.1720.site.14, 2, 97, 99
349741.6.peg.1720.site.15, 1, 97, 98
349741.6.peg.1720.site.16, 5, 97, 102
349741.6.peg.1720.site.17, 2, 97, 99
349741.6.peg.1720.site.18, 15, 95, 110
349741.6.peg.1720.site.19, 87, 97, 184
349741.6.peg.1720.site.20, 60, 91, 151
349741.6.peg.1725.site.1, 26, 95, 121
349741.6.peg.1725.site.2, 31, 78, 109
349741.6.peg.1725.site.3, 71, 72, 143
349741.6.peg.1725.site.4, 13, 77, 90
349741.6.peg.1725.site.5, 12, 78, 90
349741.6.peg.1725.site.6, 50, 84, 134
349741.6.peg.1725.site.7, 16, 96, 112
349741.6.peg.1725.site.8, 17, 97, 114
349741.6.peg.1725.site.9, 29, 97, 126
349741.6.peg.1725.site.10, 13, 97, 110
349741.6.peg.1725.site.11, 7, 95, 102
349741.6.peg.1725.site.12, 13, 92, 105
349741.6.peg.1725.site.13, 78, 96, 174
349741.6.peg.1725.site.14, 70, 94, 164
349741.6.peg.1725.site.15, 3, 96, 99
349741.6.peg.1725.site.16, 45, 94, 139
349741.6.peg.1725.site.17, 22, 93, 115
349741.6.peg.1725.site.18, 21, 94, 115
349741.6.peg.1725.site.19, 10, 75, 85
349741.6.peg.1725.site.20, 10, 75, 85
349741.6.peg.1725.site.21, 7, 72, 79
349741.6.peg.1725.site.22, 14, 79, 93
349741.6.peg.1725.site.23, 31, 96, 127
349741.6.peg.1725.site.24, 29, 94, 123
349741.6.peg.1725.site.25, 1, 91, 92
349741.6.peg.1724.site.1, 1, 97, 98
349741.6.peg.1724.site.2, 5, 97, 102
349741.6.peg.1724.site.3, 76, 97, 173
349741.6.peg.1724.site.4, 2, 97, 99
349741.6.peg.1724.site.5, 76, 97, 173
349741.6.peg.1724.site.6, 8, 96, 104
349741.6.peg.1724.site.7, 8, 96, 104
349741.6.peg.1724.site.8, 12, 40, 52
349741.6.peg.1724.site.9, 6, 34, 40
349741.6.peg.1724.site.10, 8, 36, 44
349741.6.peg.1724.site.11, 73, 97, 170
349741.6.peg.1724.site.12, 5, 97, 102
349741.6.peg.1724.site.13, 31, 97, 128
349741.6.peg.1724.site.14, 17, 97, 114
349741.6.peg.1724.site.15, 27, 97, 124
349741.6.peg.1724.site.16, 27, 96, 123
349741.6.peg.1724.site.17, 60, 97, 157
349741.6.peg.1724.site.18, 78, 97, 175
349741.6.peg.365.site.1, 3, 94, 97
349741.6.peg.365.site.2, 52, 92, 144
349741.6.peg.365.site.3, 84, 94, 178
349741.6.peg.365.site.4, 1, 96, 97
349741.6.peg.365.site.5, 46, 96, 142
349741.6.peg.365.site.6, 0, 96, 96
349741.6.peg.365.site.7, 2, 97, 99
349741.6.peg.365.site.8, 3, 97, 100
349741.6.peg.365.site.9, 5, 97, 102
349741.6.peg.365.site.10, 48, 97, 145
349741.6.peg.365.site.11, 66, 97, 163
349741.6.peg.365.site.12, 94, 97, 191
349741.6.peg.365.site.13, 94, 97, 191
349741.6.peg.365.site.14, 66, 97, 163
349741.6.peg.365.site.15, 66, 97, 163
349741.6.peg.365.site.16, 5, 92, 97
349741.6.peg.365.site.17, 61, 92, 153
349741.6.peg.365.site.18, 57, 87, 144
349741.6.peg.365.site.19, 4, 91, 95
349741.6.peg.365.site.20, 1, 96, 97
349741.6.peg.364.site.1, 62, 97, 159
349741.6.peg.364.site.2, 5, 97, 102
349741.6.peg.364.site.3, 62, 97, 159
349741.6.peg.364.site.4, 1, 97, 98
349741.6.peg.364.site.5, 3, 97, 100
349741.6.peg.364.site.6, 62, 97, 159
349741.6.peg.364.site.7, 62, 97, 159
349741.6.peg.364.site.8, 1, 97, 98
349741.6.peg.364.site.9, 2, 97, 99
349741.6.peg.364.site.10, 21, 97, 118
349741.6.peg.364.site.11, 1, 96, 97
349741.6.peg.364.site.12, 61, 96, 157
349741.6.peg.364.site.13, 45, 97, 142
349741.6.peg.364.site.14, 60, 97, 157
349741.6.peg.364.site.15, 60, 97, 157
349741.6.peg.364.site.16, 46, 97, 143
349741.6.peg.364.site.17, 1, 97, 98
349741.6.peg.364.site.18, 84, 97, 181
349741.6.peg.364.site.19, 2, 97, 99
349741.6.peg.364.site.20, 56, 97, 153
349741.6.peg.364.site.21, 1, 97, 98
349741.6.peg.364.site.22, 1, 97, 98
349741.6.peg.364.site.23, 63, 97, 160
349741.6.peg.364.site.24, 66, 97, 163
349741.6.peg.364.site.25, 16, 97, 113
349741.6.peg.364.site.26, 17, 97, 114
349741.6.peg.364.site.27, 1, 96, 97
349741.6.peg.364.site.28, 3, 97, 100
349741.6.peg.364.site.29, 1, 97, 98
349741.6.peg.364.site.30, 28, 97, 125
349741.6.peg.364.site.31, 7, 97, 104
349741.6.peg.364.site.32, 16, 97, 113
349741.6.peg.364.site.33, 17, 95, 112
349741.6.peg.364.site.34, 17, 95, 112
349741.6.peg.364.site.35, 55, 94, 149
349741.6.peg.364.site.36, 35, 92, 127
349741.6.peg.364.site.37, 15, 97, 112
349741.6.peg.364.site.38, 3, 97, 100
349741.6.peg.364.site.39, 3, 97, 100
349741.6.peg.364.site.40, 19, 97, 116
349741.6.peg.364.site.41, 1, 97, 98
349741.6.peg.364.site.42, 4, 97, 101
349741.6.peg.364.site.43, 38, 97, 135
349741.6.peg.364.site.44, 33, 97, 130
349741.6.peg.364.site.45, 0, 96, 96
349741.6.peg.366.site.1, 10, 97, 107
349741.6.peg.366.site.2, 15, 97, 112
349741.6.peg.366.site.3, 2, 97, 99
349741.6.peg.366.site.4, 85, 97, 182
349741.6.peg.366.site.5, 4, 97, 101
349741.6.peg.366.site.6, 96, 97, 193
349741.6.peg.366.site.7, 10, 97, 107
349741.6.peg.366.site.8, 71, 97, 168
349741.6.peg.366.site.9, 10, 96, 106
349741.6.peg.366.site.10, 82, 96, 178
349741.6.peg.366.site.11, 11, 96, 107
349741.6.peg.361.site.1, 15, 97, 112
349741.6.peg.361.site.2, 1, 97, 98
349741.6.peg.361.site.3, 24, 97, 121
349741.6.peg.361.site.4, 24, 97, 121
349741.6.peg.361.site.5, 1, 97, 98
349741.6.peg.361.site.6, 0, 96, 96
349741.6.peg.361.site.7, 24, 97, 121
349741.6.peg.361.site.8, 1, 96, 97
349741.6.peg.361.site.9, 2, 96, 98
349741.6.peg.361.site.10, 1, 97, 98
349741.6.peg.361.site.11, 24, 95, 119
349741.6.peg.361.site.12, 22, 97, 119
349741.6.peg.361.site.13, 1, 96, 97
349741.6.peg.361.site.14, 1, 96, 97
349741.6.peg.361.site.15, 1, 96, 97
349741.6.peg.361.site.16, 28, 96, 124
349741.6.peg.361.site.17, 2, 96, 98
349741.6.peg.361.site.18, 24, 96, 120
349741.6.peg.361.site.19, 24, 96, 120
349741.6.peg.361.site.20, 1, 97, 98
349741.6.peg.361.site.21, 1, 97, 98
349741.6.peg.361.site.22, 1, 97, 98
349741.6.peg.361.site.23, 2, 97, 99
349741.6.peg.361.site.24, 25, 97, 122
349741.6.peg.361.site.25, 1, 97, 98
349741.6.peg.361.site.26, 24, 97, 121
349741.6.peg.361.site.27, 49, 97, 146
349741.6.peg.361.site.28, 1, 97, 98
349741.6.peg.361.site.29, 1, 97, 98
349741.6.peg.361.site.30, 25, 97, 122
349741.6.peg.361.site.31, 4, 97, 101
349741.6.peg.361.site.32, 1, 97, 98
349741.6.peg.361.site.33, 1, 97, 98
349741.6.peg.361.site.34, 1, 96, 97
349741.6.peg.361.site.35, 1, 97, 98
349741.6.peg.361.site.36, 25, 97, 122
349741.6.peg.361.site.37, 22, 96, 118
349741.6.peg.361.site.38, 1, 97, 98
349741.6.peg.361.site.39, 1, 97, 98
349741.6.peg.361.site.40, 24, 97, 121
349741.6.peg.361.site.41, 0, 97, 97
349741.6.peg.361.site.42, 27, 97, 124
349741.6.peg.361.site.43, 2, 97, 99
349741.6.peg.361.site.44, 22, 97, 119
349741.6.peg.361.site.45, 35, 97, 132
349741.6.peg.361.site.46, 32, 97, 129
349741.6.peg.361.site.47, 1, 97, 98
349741.6.peg.361.site.48, 25, 95, 120
349741.6.peg.361.site.49, 0, 97, 97
349741.6.peg.361.site.50, 1, 96, 97
349741.6.peg.361.site.51, 3, 97, 100
349741.6.peg.361.site.52, 3, 97, 100
349741.6.peg.360.site.1, 1, 96, 97
349741.6.peg.360.site.2, 34, 96, 130
349741.6.peg.360.site.3, 8, 95, 103
349741.6.peg.360.site.4, 8, 97, 105
349741.6.peg.360.site.5, 27, 97, 124
349741.6.peg.360.site.6, 7, 97, 104
349741.6.peg.360.site.7, 1, 97, 98
349741.6.peg.360.site.8, 0, 97, 97
349741.6.peg.360.site.9, 30, 92, 122
349741.6.peg.360.site.10, 30, 89, 119
349741.6.peg.360.site.11, 32, 94, 126
349741.6.peg.360.site.12, 39, 94, 133
349741.6.peg.360.site.13, 29, 95, 124
349741.6.peg.360.site.14, 8, 96, 104
349741.6.peg.360.site.15, 27, 97, 124
349741.6.peg.360.site.16, 86, 97, 183
349741.6.peg.360.site.17, 12, 97, 109
349741.6.peg.360.site.18, 22, 97, 119
349741.6.peg.360.site.19, 8, 97, 105
349741.6.peg.360.site.20, 1, 97, 98
349741.6.peg.360.site.21, 8, 97, 105
349741.6.peg.360.site.22, 24, 97, 121
349741.6.peg.360.site.23, 19, 97, 116
349741.6.peg.360.site.24, 46, 97, 143
349741.6.peg.360.site.25, 1, 97, 98
349741.6.peg.360.site.26, 1, 97, 98
349741.6.peg.360.site.27, 39, 97, 136
349741.6.peg.360.site.28, 1, 83, 84
349741.6.peg.360.site.29, 7, 92, 99
349741.6.peg.360.site.30, 1, 93, 94
349741.6.peg.360.site.31, 21, 95, 116
349741.6.peg.362.site.1, 1, 96, 97
349741.6.peg.362.site.2, 1, 97, 98
349741.6.peg.362.site.3, 1, 97, 98
349741.6.peg.362.site.4, 1, 97, 98
349741.6.peg.362.site.5, 80, 97, 177
349741.6.peg.362.site.6, 2, 97, 99
349741.6.peg.362.site.7, 11, 97, 108
349741.6.peg.362.site.8, 0, 97, 97
349741.6.peg.362.site.9, 0, 97, 97
349741.6.peg.362.site.10, 39, 97, 136
349741.6.peg.362.site.11, 12, 97, 109
349741.6.peg.362.site.12, 2, 97, 99
349741.6.peg.362.site.13, 41, 97, 138
349741.6.peg.362.site.14, 19, 97, 116
349741.6.peg.362.site.15, 5, 97, 102
349741.6.peg.362.site.16, 3, 97, 100
349741.6.peg.362.site.17, 9, 96, 105
349741.6.peg.362.site.18, 38, 97, 135
349741.6.peg.362.site.19, 42, 97, 139
349741.6.peg.362.site.20, 1, 97, 98
349741.6.peg.362.site.21, 19, 97, 116
349741.6.peg.362.site.22, 53, 97, 150
349741.6.peg.362.site.23, 40, 97, 137
349741.6.peg.362.site.24, 38, 97, 135
349741.6.peg.362.site.25, 47, 97, 144
349741.6.peg.362.site.26, 2, 94, 96
349741.6.peg.362.site.27, 15, 97, 112
349741.6.peg.362.site.28, 38, 97, 135
349741.6.peg.362.site.29, 3, 97, 100
349741.6.peg.362.site.30, 1, 97, 98
349741.6.peg.362.site.31, 39, 95, 134
349741.6.peg.362.site.32, 37, 96, 133
349741.6.peg.362.site.33, 9, 97, 106
349741.6.peg.362.site.34, 2, 97, 99
349741.6.peg.362.site.35, 49, 94, 143
349741.6.peg.362.site.36, 49, 94, 143
349741.6.peg.362.site.37, 50, 57, 107
349741.6.peg.362.site.38, 3, 41, 44
349741.6.peg.362.site.39, 5, 43, 48
349741.6.peg.362.site.40, 2, 61, 63
349741.6.peg.362.site.41, 51, 86, 137
349741.6.peg.362.site.42, 1, 75, 76
349741.6.peg.362.site.43, 23, 57, 80
349741.6.peg.362.site.44, 8, 66, 74
349741.6.peg.369.site.1, 0, 97, 97
349741.6.peg.369.site.2, 5, 97, 102
349741.6.peg.369.site.3, 77, 97, 174
349741.6.peg.369.site.4, 77, 97, 174
349741.6.peg.369.site.5, 5, 97, 102
349741.6.peg.369.site.6, 6, 97, 103
349741.6.peg.369.site.7, 3, 97, 100
349741.6.peg.369.site.8, 22, 97, 119
349741.6.peg.369.site.9, 19, 97, 116
349741.6.peg.369.site.10, 67, 97, 164
349741.6.peg.369.site.11, 13, 97, 110
349741.6.peg.369.site.12, 2, 97, 99
349741.6.peg.369.site.13, 11, 97, 108
349741.6.peg.369.site.14, 62, 97, 159
349741.6.peg.369.site.15, 1, 95, 96
349741.6.peg.369.site.16, 29, 30, 59
349741.6.peg.369.site.17, 4, 22, 26
349741.6.peg.268.site.1, 4, 96, 100
349741.6.peg.268.site.2, 2, 97, 99
349741.6.peg.268.site.3, 85, 97, 182
349741.6.peg.268.site.4, 1, 97, 98
349741.6.peg.268.site.5, 7, 97, 104
349741.6.peg.268.site.6, 1, 97, 98
349741.6.peg.268.site.7, 1, 97, 98
349741.6.peg.268.site.8, 2, 97, 99
349741.6.peg.268.site.9, 10, 96, 106
349741.6.peg.268.site.10, 11, 97, 108
349741.6.peg.268.site.11, 8, 94, 102
349741.6.peg.268.site.12, 5, 90, 95
349741.6.peg.268.site.13, 2, 89, 91
349741.6.peg.1037.site.1, 70, 97, 167
349741.6.peg.1037.site.2, 70, 97, 167
349741.6.peg.1037.site.3, 68, 95, 163
349741.6.peg.1037.site.4, 69, 95, 164
349741.6.peg.1037.site.5, 3, 96, 99
349741.6.peg.1037.site.6, 82, 97, 179
349741.6.peg.1037.site.7, 83, 96, 179
349741.6.peg.1037.site.8, 81, 97, 178
349741.6.peg.1037.site.9, 70, 97, 167
349741.6.peg.1037.site.10, 70, 97, 167
349741.6.peg.1037.site.11, 66, 93, 159
349741.6.peg.1037.site.12, 1, 94, 95
349741.6.peg.1036.site.1, 2, 97, 99
349741.6.peg.1036.site.2, 70, 97, 167
349741.6.peg.1036.site.3, 2, 97, 99
349741.6.peg.1036.site.4, 24, 97, 121
349741.6.peg.1036.site.5, 1, 97, 98
349741.6.peg.1036.site.6, 1, 97, 98
349741.6.peg.1036.site.7, 70, 72, 142
349741.6.peg.1036.site.8, 1, 35, 36
349741.6.peg.1036.site.9, 2, 29, 31
349741.6.peg.1036.site.10, 11, 33, 44
349741.6.peg.1035.site.1, 7, 95, 102
349741.6.peg.1035.site.2, 11, 97, 108
349741.6.peg.1035.site.3, 7, 97, 104
349741.6.peg.1035.site.4, 7, 97, 104
349741.6.peg.1035.site.5, 7, 97, 104
349741.6.peg.1035.site.6, 0, 97, 97
349741.6.peg.1035.site.7, 10, 97, 107
349741.6.peg.1035.site.8, 7, 97, 104
349741.6.peg.1035.site.9, 10, 96, 106
349741.6.peg.1035.site.10, 26, 96, 122
349741.6.peg.1035.site.11, 1, 97, 98
349741.6.peg.1035.site.12, 29, 95, 124
349741.6.peg.1035.site.13, 46, 97, 143
349741.6.peg.1035.site.14, 4, 97, 101
349741.6.peg.1035.site.15, 0, 97, 97
349741.6.peg.1035.site.16, 9, 97, 106
349741.6.peg.1035.site.17, 73, 97, 170
349741.6.peg.1035.site.18, 73, 97, 170
349741.6.peg.1035.site.19, 7, 97, 104
349741.6.peg.1035.site.20, 73, 97, 170
349741.6.peg.1035.site.21, 7, 97, 104
349741.6.peg.1035.site.22, 70, 97, 167
349741.6.peg.1035.site.23, 8, 97, 105
349741.6.peg.1035.site.24, 0, 97, 97
349741.6.peg.1035.site.25, 2, 97, 99
349741.6.peg.1035.site.26, 0, 97, 97
349741.6.peg.1035.site.27, 70, 96, 166
349741.6.peg.1035.site.28, 70, 96, 166
349741.6.peg.1035.site.29, 5, 97, 102
349741.6.peg.1035.site.30, 5, 97, 102
349741.6.peg.1035.site.31, 74, 96, 170
349741.6.peg.1035.site.32, 94, 97, 191
349741.6.peg.1035.site.33, 71, 97, 168
349741.6.peg.1035.site.34, 5, 97, 102
349741.6.peg.1035.site.35, 13, 97, 110
349741.6.peg.1035.site.36, 15, 97, 112
349741.6.peg.1033.site.1, 2, 90, 92
349741.6.peg.1033.site.2, 2, 90, 92
349741.6.peg.1033.site.3, 2, 90, 92
349741.6.peg.1033.site.4, 56, 90, 146
349741.6.peg.1033.site.5, 0, 90, 90
349741.6.peg.1033.site.6, 89, 90, 179
349741.6.peg.1033.site.7, 54, 90, 144
349741.6.peg.1032.site.1, 2, 88, 90
349741.6.peg.1032.site.2, 12, 88, 100
349741.6.peg.1032.site.3, 14, 88, 102
349741.6.peg.1032.site.4, 3, 88, 91
349741.6.peg.1032.site.5, 1, 88, 89
349741.6.peg.1032.site.6, 2, 87, 89
349741.6.peg.1032.site.7, 13, 87, 100
349741.6.peg.1032.site.8, 10, 88, 98
349741.6.peg.1032.site.9, 5, 88, 93
349741.6.peg.1032.site.10, 1, 88, 89
349741.6.peg.1032.site.11, 0, 88, 88
349741.6.peg.1032.site.12, 2, 89, 91
349741.6.peg.1032.site.13, 2, 88, 90
349741.6.peg.969.site.1, 1, 50, 51
349741.6.peg.969.site.2, 1, 71, 72
349741.6.peg.969.site.3, 2, 75, 77
349741.6.peg.969.site.4, 2, 78, 80
349741.6.peg.969.site.5, 43, 85, 128
349741.6.peg.969.site.6, 7, 86, 93
349741.6.peg.969.site.7, 8, 84, 92
349741.6.peg.969.site.8, 39, 78, 117
349741.6.peg.969.site.9, 20, 92, 112
349741.6.peg.969.site.10, 2, 94, 96
349741.6.peg.969.site.11, 6, 95, 101
349741.6.peg.969.site.12, 1, 97, 98
349741.6.peg.969.site.13, 20, 97, 117
349741.6.peg.969.site.14, 12, 97, 109
349741.6.peg.969.site.15, 20, 97, 117
349741.6.peg.969.site.16, 1, 97, 98
349741.6.peg.969.site.17, 3, 97, 100
349741.6.peg.969.site.18, 1, 97, 98
349741.6.peg.969.site.19, 25, 97, 122
349741.6.peg.969.site.20, 52, 94, 146
349741.6.peg.969.site.21, 10, 92, 102
349741.6.peg.969.site.22, 2, 89, 91
349741.6.peg.969.site.23, 4, 86, 90
349741.6.peg.969.site.24, 3, 86, 89
349741.6.peg.969.site.25, 4, 81, 85
349741.6.peg.969.site.26, 1, 78, 79
349741.6.peg.969.site.27, 2, 45, 47
349741.6.peg.969.site.28, 2, 23, 25
349741.6.peg.969.site.29, 1, 23, 24
349741.6.peg.969.site.30, 1, 15, 16
349741.6.peg.969.site.31, 1, 16, 17
349741.6.peg.969.site.32, 16, 17, 33
349741.6.peg.969.site.33, 12, 16, 28
349741.6.peg.969.site.34, 1, 21, 22
349741.6.peg.969.site.35, 25, 25, 50
349741.6.peg.969.site.36, 2, 27, 29
349741.6.peg.969.site.37, 14, 31, 45
349741.6.peg.969.site.38, 18, 45, 63
349741.6.peg.969.site.39, 24, 49, 73
349741.6.peg.969.site.40, 22, 49, 71
349741.6.peg.969.site.41, 2, 55, 57
349741.6.peg.969.site.42, 2, 55, 57
349741.6.peg.969.site.43, 1, 55, 56
349741.6.peg.969.site.44, 7, 57, 64
349741.6.peg.969.site.45, 58, 83, 141
349741.6.peg.969.site.46, 2, 89, 91
349741.6.peg.969.site.47, 2, 85, 87
349741.6.peg.969.site.48, 3, 83, 86
349741.6.peg.969.site.49, 2, 86, 88
349741.6.peg.969.site.50, 2, 80, 82
349741.6.peg.969.site.51, 49, 51, 100
349741.6.peg.969.site.52, 1, 45, 46
349741.6.peg.969.site.53, 3, 43, 46
349741.6.peg.969.site.54, 9, 26, 35
349741.6.peg.969.site.55, 16, 19, 35
349741.6.peg.969.site.56, 8, 26, 34
349741.6.peg.969.site.57, 9, 27, 36
349741.6.peg.969.site.58, 15, 52, 67
349741.6.peg.969.site.59, 36, 40, 76
349741.6.peg.969.site.60, 12, 39, 51
349741.6.peg.969.site.61, 18, 33, 51
349741.6.peg.969.site.62, 21, 23, 44
349741.6.peg.969.site.63, 7, 25, 32
349741.6.peg.969.site.64, 12, 58, 70
349741.6.peg.969.site.65, 27, 59, 86
349741.6.peg.969.site.66, 15, 62, 77
349741.6.peg.969.site.67, 45, 62, 107
349741.6.peg.1030.site.1, 7, 96, 103
349741.6.peg.1030.site.2, 4, 94, 98
349741.6.peg.1030.site.3, 1, 91, 92
349741.6.peg.1030.site.4, 1, 89, 90
349741.6.peg.1030.site.5, 0, 90, 90
349741.6.peg.1030.site.6, 82, 90, 172
349741.6.peg.1030.site.7, 1, 90, 91
349741.6.peg.967.site.1, 1, 96, 97
349741.6.peg.967.site.2, 1, 94, 95
349741.6.peg.967.site.3, 32, 94, 126
349741.6.peg.967.site.4, 50, 92, 142
349741.6.peg.967.site.5, 60, 91, 151
349741.6.peg.967.site.6, 24, 52, 76
349741.6.peg.967.site.7, 50, 51, 101
349741.6.peg.967.site.8, 47, 50, 97
349741.6.peg.967.site.9, 2, 51, 53
349741.6.peg.967.site.10, 20, 51, 71
349741.6.peg.967.site.11, 33, 63, 96
349741.6.peg.967.site.12, 8, 93, 101
349741.6.peg.967.site.13, 7, 95, 102
349741.6.peg.966.site.1, 51, 76, 127
349741.6.peg.966.site.2, 28, 53, 81
349741.6.peg.966.site.3, 12, 73, 85
349741.6.peg.966.site.4, 10, 77, 87
349741.6.peg.966.site.5, 63, 88, 151
349741.6.peg.966.site.6, 65, 90, 155
349741.6.peg.966.site.7, 50, 94, 144
349741.6.peg.966.site.8, 33, 94, 127
349741.6.peg.966.site.9, 72, 97, 169
349741.6.peg.966.site.10, 2, 97, 99
349741.6.peg.966.site.11, 1, 97, 98
349741.6.peg.966.site.12, 71, 95, 166
349741.6.peg.966.site.13, 1, 85, 86
349741.6.peg.966.site.14, 48, 73, 121
349741.6.peg.966.site.15, 48, 73, 121
349741.6.peg.966.site.16, 82, 82, 164
349741.6.peg.966.site.17, 61, 88, 149
349741.6.peg.966.site.18, 9, 97, 106
349741.6.peg.966.site.19, 1, 96, 97
349741.6.peg.966.site.20, 86, 96, 182
349741.6.peg.966.site.21, 34, 96, 130
349741.6.peg.966.site.22, 1, 96, 97
349741.6.peg.966.site.23, 62, 95, 157
349741.6.peg.966.site.24, 21, 92, 113
349741.6.peg.966.site.25, 1, 69, 70
349741.6.peg.966.site.26, 25, 54, 79
349741.6.peg.966.site.27, 8, 39, 47
349741.6.peg.966.site.28, 1, 36, 37
349741.6.peg.966.site.29, 3, 38, 41
349741.6.peg.966.site.30, 5, 40, 45
349741.6.peg.966.site.31, 2, 53, 55
349741.6.peg.966.site.32, 8, 41, 49
349741.6.peg.966.site.33, 1, 39, 40
349741.6.peg.966.site.34, 6, 40, 46
349741.6.peg.966.site.35, 1, 38, 39
349741.6.peg.966.site.36, 24, 49, 73
349741.6.peg.966.site.37, 31, 56, 87
349741.6.peg.966.site.38, 9, 88, 97
349741.6.peg.966.site.39, 9, 89, 98
349741.6.peg.966.site.40, 50, 94, 144
349741.6.peg.966.site.41, 10, 95, 105
349741.6.peg.966.site.42, 71, 97, 168
349741.6.peg.966.site.43, 11, 95, 106
349741.6.peg.966.site.44, 19, 96, 115
349741.6.peg.966.site.45, 62, 96, 158
349741.6.peg.966.site.46, 1, 96, 97
349741.6.peg.966.site.47, 2, 96, 98
349741.6.peg.965.site.1, 1, 97, 98
349741.6.peg.965.site.2, 1, 97, 98
349741.6.peg.965.site.3, 64, 97, 161
349741.6.peg.965.site.4, 1, 96, 97
349741.6.peg.965.site.5, 45, 97, 142
349741.6.peg.965.site.6, 64, 97, 161
349741.6.peg.965.site.7, 79, 95, 174
349741.6.peg.965.site.8, 4, 94, 98
349741.6.peg.965.site.9, 58, 90, 148
349741.6.peg.965.site.10, 64, 97, 161
349741.6.peg.965.site.11, 4, 97, 101
349741.6.peg.965.site.12, 3, 97, 100
349741.6.peg.965.site.13, 64, 97, 161
349741.6.peg.965.site.14, 5, 97, 102
349741.6.peg.965.site.15, 1, 97, 98
349741.6.peg.965.site.16, 63, 96, 159
349741.6.peg.965.site.17, 63, 96, 159
349741.6.peg.965.site.18, 1, 96, 97
349741.6.peg.965.site.19, 86, 93, 179
349741.6.peg.965.site.20, 61, 96, 157
349741.6.peg.965.site.21, 3, 95, 98
349741.6.peg.965.site.22, 1, 95, 96
349741.6.peg.965.site.23, 61, 96, 157
349741.6.peg.965.site.24, 17, 95, 112
349741.6.peg.965.site.25, 62, 96, 158
349741.6.peg.965.site.26, 62, 95, 157
349741.6.peg.965.site.27, 62, 95, 157
349741.6.peg.965.site.28, 68, 97, 165
349741.6.peg.965.site.29, 1, 97, 98
349741.6.peg.965.site.30, 1, 97, 98
349741.6.peg.965.site.31, 12, 97, 109
349741.6.peg.965.site.32, 1, 97, 98
349741.6.peg.965.site.33, 5, 96, 101
349741.6.peg.965.site.34, 63, 95, 158
349741.6.peg.965.site.35, 64, 96, 160
349741.6.peg.965.site.36, 5, 94, 99
349741.6.peg.965.site.37, 64, 97, 161
349741.6.peg.964.site.1, 74, 90, 164
349741.6.peg.964.site.2, 1, 96, 97
349741.6.peg.964.site.3, 54, 90, 144
349741.6.peg.964.site.4, 36, 80, 116
349741.6.peg.964.site.5, 11, 71, 82
349741.6.peg.964.site.6, 13, 57, 70
349741.6.peg.964.site.7, 0, 65, 65
349741.6.peg.964.site.8, 1, 66, 67
349741.6.peg.964.site.9, 16, 69, 85
349741.6.peg.964.site.10, 12, 77, 89
349741.6.peg.964.site.11, 48, 92, 140
349741.6.peg.964.site.12, 52, 95, 147
349741.6.peg.964.site.13, 51, 94, 145
349741.6.peg.964.site.14, 0, 95, 95
349741.6.peg.964.site.15, 1, 96, 97
349741.6.peg.964.site.16, 29, 93, 122
349741.6.peg.964.site.17, 17, 87, 104
349741.6.peg.964.site.18, 63, 96, 159
349741.6.peg.964.site.19, 49, 93, 142
349741.6.peg.964.site.20, 1, 95, 96
349741.6.peg.964.site.21, 1, 95, 96
349741.6.peg.964.site.22, 7, 92, 99
349741.6.peg.964.site.23, 51, 94, 145
349741.6.peg.964.site.24, 22, 94, 116
349741.6.peg.964.site.25, 3, 95, 98
349741.6.peg.964.site.26, 7, 95, 102
349741.6.peg.964.site.27, 2, 96, 98
349741.6.peg.964.site.28, 44, 96, 140
349741.6.peg.964.site.29, 5, 95, 100
349741.6.peg.964.site.30, 45, 90, 135
349741.6.peg.964.site.31, 1, 91, 92
349741.6.peg.964.site.32, 42, 94, 136
349741.6.peg.964.site.33, 1, 95, 96
349741.6.peg.964.site.34, 5, 93, 98
349741.6.peg.964.site.35, 1, 94, 95
349741.6.peg.964.site.36, 34, 92, 126
349741.6.peg.964.site.37, 40, 92, 132
349741.6.peg.964.site.38, 80, 80, 160
349741.6.peg.964.site.39, 6, 73, 79
349741.6.peg.964.site.40, 9, 79, 88
349741.6.peg.964.site.41, 1, 95, 96
349741.6.peg.964.site.42, 1, 95, 96
349741.6.peg.964.site.43, 52, 96, 148
349741.6.peg.964.site.44, 13, 96, 109
349741.6.peg.964.site.45, 1, 97, 98
349741.6.peg.964.site.46, 22, 95, 117
349741.6.peg.964.site.47, 51, 95, 146
349741.6.peg.964.site.48, 41, 93, 134
349741.6.peg.964.site.49, 5, 91, 96
349741.6.peg.964.site.50, 4, 86, 90
349741.6.peg.964.site.51, 20, 83, 103
349741.6.peg.964.site.52, 27, 79, 106
349741.6.peg.964.site.53, 23, 92, 115
349741.6.peg.964.site.54, 22, 94, 116
349741.6.peg.964.site.55, 1, 84, 85
349741.6.peg.964.site.56, 3, 55, 58
349741.6.peg.964.site.57, 9, 49, 58
349741.6.peg.964.site.58, 57, 57, 114
349741.6.peg.964.site.59, 41, 76, 117
349741.6.peg.964.site.60, 23, 97, 120
349741.6.peg.964.site.61, 62, 97, 159
349741.6.peg.964.site.62, 3, 97, 100
349741.6.peg.964.site.63, 1, 97, 98
349741.6.peg.964.site.64, 59, 94, 153
349741.6.peg.964.site.65, 33, 84, 117
349741.6.peg.964.site.66, 22, 79, 101
349741.6.peg.964.site.67, 74, 74, 148
349741.6.peg.964.site.68, 11, 75, 86
349741.6.peg.964.site.69, 42, 77, 119
349741.6.peg.964.site.70, 35, 67, 102
349741.6.peg.964.site.71, 28, 61, 89
349741.6.peg.964.site.72, 1, 48, 49
349741.6.peg.964.site.73, 49, 49, 98
349741.6.peg.963.site.1, 38, 97, 135
349741.6.peg.963.site.2, 82, 97, 179
349741.6.peg.963.site.3, 74, 97, 171
349741.6.peg.963.site.4, 60, 97, 157
349741.6.peg.963.site.5, 12, 97, 109
349741.6.peg.963.site.6, 38, 97, 135
349741.6.peg.963.site.7, 97, 97, 194
349741.6.peg.963.site.8, 7, 95, 102
349741.6.peg.963.site.9, 35, 92, 127
349741.6.peg.963.site.10, 73, 88, 161
349741.6.peg.963.site.11, 64, 79, 143
349741.6.peg.963.site.12, 46, 61, 107
349741.6.peg.963.site.13, 67, 67, 134
349741.6.peg.963.site.14, 38, 97, 135
349741.6.peg.963.site.15, 1, 97, 98
349741.6.peg.963.site.16, 81, 97, 178
349741.6.peg.963.site.17, 1, 97, 98
349741.6.peg.963.site.18, 49, 97, 146
349741.6.peg.963.site.19, 49, 97, 146
349741.6.peg.963.site.20, 50, 97, 147
349741.6.peg.963.site.21, 33, 97, 130
349741.6.peg.963.site.22, 2, 97, 99
349741.6.peg.963.site.23, 30, 92, 122
349741.6.peg.963.site.24, 20, 49, 69
349741.6.peg.963.site.25, 17, 41, 58
349741.6.peg.963.site.26, 3, 19, 22
349741.6.peg.960.site.1, 14, 97, 111
349741.6.peg.960.site.2, 3, 97, 100
349741.6.peg.960.site.3, 2, 97, 99
349741.6.peg.960.site.4, 0, 97, 97
349741.6.peg.960.site.5, 80, 95, 175
349741.6.peg.960.site.6, 72, 74, 146
349741.6.peg.960.site.7, 1, 63, 64
349741.6.peg.960.site.8, 59, 97, 156
349741.6.peg.960.site.9, 43, 95, 138
349741.6.peg.960.site.10, 52, 83, 135
349741.6.peg.960.site.11, 2, 65, 67
349741.6.peg.960.site.12, 2, 85, 87
349741.6.peg.960.site.13, 38, 89, 127
349741.6.peg.960.site.14, 82, 97, 179
349741.6.peg.960.site.15, 65, 97, 162
349741.6.peg.960.site.16, 14, 97, 111
349741.6.peg.960.site.17, 2, 97, 99
349741.6.peg.960.site.18, 4, 95, 99
349741.6.peg.960.site.19, 44, 94, 138
349741.6.peg.960.site.20, 18, 94, 112
349741.6.peg.960.site.21, 95, 97, 192
349741.6.peg.960.site.22, 18, 97, 115
349741.6.peg.960.site.23, 8, 97, 105
349741.6.peg.960.site.24, 0, 96, 96
349741.6.peg.960.site.25, 9, 95, 104
349741.6.peg.960.site.26, 15, 65, 80
349741.6.peg.960.site.27, 8, 57, 65
349741.6.peg.1150.site.1, 2, 48, 50
349741.6.peg.1150.site.2, 32, 96, 128
349741.6.peg.1150.site.3, 3, 97, 100
349741.6.peg.1150.site.4, 32, 97, 129
349741.6.peg.1150.site.5, 3, 97, 100
349741.6.peg.1150.site.6, 2, 97, 99
349741.6.peg.1150.site.7, 2, 96, 98
349741.6.peg.1150.site.8, 34, 97, 131
349741.6.peg.1151.site.1, 2, 96, 98
349741.6.peg.1151.site.2, 21, 86, 107
349741.6.peg.1151.site.3, 22, 79, 101
349741.6.peg.1151.site.4, 20, 85, 105
349741.6.peg.1151.site.5, 2, 87, 89
349741.6.peg.1151.site.6, 32, 97, 129
349741.6.peg.1151.site.7, 32, 97, 129
349741.6.peg.1151.site.8, 2, 97, 99
349741.6.peg.1151.site.9, 32, 97, 129
349741.6.peg.1151.site.10, 3, 97, 100
349741.6.peg.1151.site.11, 8, 97, 105
349741.6.peg.1151.site.12, 75, 97, 172
349741.6.peg.1151.site.13, 32, 97, 129
349741.6.peg.1151.site.14, 28, 93, 121
349741.6.peg.1151.site.15, 26, 91, 117
349741.6.peg.1151.site.16, 4, 95, 99
349741.6.peg.1151.site.17, 39, 97, 136
349741.6.peg.1151.site.18, 31, 96, 127
349741.6.peg.1151.site.19, 32, 97, 129
349741.6.peg.1151.site.20, 1, 97, 98
349741.6.peg.1151.site.21, 9, 97, 106
349741.6.peg.1152.site.1, 5, 97, 102
349741.6.peg.1152.site.2, 8, 97, 105
349741.6.peg.1152.site.3, 29, 97, 126
349741.6.peg.1152.site.4, 37, 97, 134
349741.6.peg.1152.site.5, 0, 97, 97
349741.6.peg.1152.site.6, 1, 97, 98
349741.6.peg.1152.site.7, 29, 97, 126
349741.6.peg.1152.site.8, 29, 97, 126
349741.6.peg.1152.site.9, 2, 97, 99
349741.6.peg.1152.site.10, 5, 97, 102
349741.6.peg.1152.site.11, 2, 97, 99
349741.6.peg.1152.site.12, 17, 97, 114
349741.6.peg.1152.site.13, 12, 97, 109
349741.6.peg.1152.site.14, 2, 97, 99
349741.6.peg.1152.site.15, 39, 97, 136
349741.6.peg.1152.site.16, 12, 97, 109
349741.6.peg.1152.site.17, 0, 97, 97
349741.6.peg.1152.site.18, 0, 97, 97
349741.6.peg.1155.site.1, 18, 76, 94
349741.6.peg.1155.site.2, 33, 76, 109
349741.6.peg.1155.site.3, 54, 75, 129
349741.6.peg.1155.site.4, 2, 77, 79
349741.6.peg.1155.site.5, 3, 79, 82
349741.6.peg.1155.site.6, 6, 81, 87
349741.6.peg.1155.site.7, 2, 89, 91
349741.6.peg.1155.site.8, 32, 89, 121
349741.6.peg.1155.site.9, 38, 89, 127
349741.6.peg.1155.site.10, 14, 89, 103
349741.6.peg.1155.site.11, 36, 91, 127
349741.6.peg.1155.site.12, 22, 95, 117
349741.6.peg.1155.site.13, 47, 96, 143
349741.6.peg.1155.site.14, 1, 94, 95
349741.6.peg.1155.site.15, 34, 95, 129
349741.6.peg.1155.site.16, 67, 97, 164
349741.6.peg.1156.site.1, 64, 96, 160
349741.6.peg.1156.site.2, 15, 96, 111
349741.6.peg.1156.site.3, 30, 97, 127
349741.6.peg.1156.site.4, 29, 96, 125
349741.6.peg.1156.site.5, 2, 97, 99
349741.6.peg.1156.site.6, 27, 97, 124
349741.6.peg.1156.site.7, 0, 97, 97
349741.6.peg.1156.site.8, 5, 97, 102
349741.6.peg.1156.site.9, 96, 96, 192
349741.6.peg.1156.site.10, 41, 96, 137
349741.6.peg.1156.site.11, 0, 96, 96
349741.6.peg.1156.site.12, 29, 96, 125
349741.6.peg.1156.site.13, 67, 95, 162
349741.6.peg.1156.site.14, 24, 95, 119
349741.6.peg.1156.site.15, 18, 96, 114
349741.6.peg.1156.site.16, 39, 96, 135
349741.6.peg.1156.site.17, 40, 93, 133
349741.6.peg.1156.site.18, 29, 93, 122
349741.6.peg.1156.site.19, 8, 94, 102
349741.6.peg.1156.site.20, 2, 96, 98
349741.6.peg.1156.site.21, 1, 95, 96
349741.6.peg.1156.site.22, 90, 94, 184
349741.6.peg.1156.site.23, 38, 95, 133
349741.6.peg.1156.site.24, 21, 96, 117
349741.6.peg.1157.site.1, 15, 96, 111
349741.6.peg.1157.site.2, 37, 95, 132
349741.6.peg.1157.site.3, 39, 94, 133
349741.6.peg.1157.site.4, 28, 95, 123
349741.6.peg.1157.site.5, 32, 97, 129
349741.6.peg.1157.site.6, 27, 95, 122
349741.6.peg.1157.site.7, 0, 96, 96
349741.6.peg.1157.site.8, 11, 96, 107
349741.6.peg.1157.site.9, 34, 96, 130
349741.6.peg.1157.site.10, 27, 97, 124
349741.6.peg.1157.site.11, 2, 97, 99
349741.6.peg.1157.site.12, 42, 97, 139
349741.6.peg.1157.site.13, 66, 97, 163
349741.6.peg.1157.site.14, 42, 97, 139
349741.6.peg.1157.site.15, 37, 97, 134
349741.6.peg.1157.site.16, 95, 95, 190
349741.6.peg.1157.site.17, 17, 65, 82
349741.6.peg.1157.site.18, 15, 72, 87
349741.6.peg.1157.site.19, 6, 84, 90
349741.6.peg.1157.site.20, 0, 68, 68
349741.6.peg.1158.site.1, 2, 96, 98
349741.6.peg.1158.site.2, 2, 96, 98
349741.6.peg.1158.site.3, 26, 96, 122
349741.6.peg.1158.site.4, 7, 97, 104
349741.6.peg.1158.site.5, 11, 97, 108
349741.6.peg.1158.site.6, 2, 97, 99
349741.6.peg.1158.site.7, 50, 97, 147
349741.6.peg.1158.site.8, 1, 97, 98
349741.6.peg.1158.site.9, 27, 97, 124
349741.6.peg.1158.site.10, 7, 97, 104
349741.6.peg.1158.site.11, 97, 97, 194
349741.6.peg.1158.site.12, 0, 97, 97
349741.6.peg.1158.site.13, 29, 97, 126
349741.6.peg.1159.site.1, 7, 97, 104
349741.6.peg.1159.site.2, 2, 97, 99
349741.6.peg.1159.site.3, 4, 97, 101
349741.6.peg.1159.site.4, 8, 97, 105
349741.6.peg.1159.site.5, 2, 97, 99
349741.6.peg.1159.site.6, 97, 97, 194
349741.6.peg.1159.site.7, 1, 97, 98
349741.6.peg.1159.site.8, 55, 96, 151
349741.6.peg.1159.site.9, 2, 97, 99
349741.6.peg.1159.site.10, 8, 96, 104
349741.6.peg.1159.site.11, 8, 96, 104
349741.6.peg.1159.site.12, 51, 96, 147
349741.6.peg.1159.site.13, 97, 97, 194
349741.6.peg.1159.site.14, 1, 97, 98
349741.6.peg.1159.site.15, 52, 97, 149
349741.6.peg.1159.site.16, 52, 97, 149
349741.6.peg.813.site.1, 16, 97, 113
349741.6.peg.813.site.2, 24, 97, 121
349741.6.peg.813.site.3, 5, 97, 102
349741.6.peg.813.site.4, 94, 96, 190
349741.6.peg.813.site.5, 24, 97, 121
349741.6.peg.813.site.6, 2, 97, 99
349741.6.peg.813.site.7, 0, 97, 97
349741.6.peg.813.site.8, 20, 94, 114
349741.6.peg.813.site.9, 1, 93, 94
349741.6.peg.813.site.10, 40, 95, 135
349741.6.peg.813.site.11, 1, 88, 89
349741.6.peg.813.site.12, 27, 83, 110
349741.6.peg.813.site.13, 24, 95, 119
349741.6.peg.810.site.1, 22, 97, 119
349741.6.peg.810.site.2, 22, 97, 119
349741.6.peg.810.site.3, 22, 96, 118
349741.6.peg.810.site.4, 2, 96, 98
349741.6.peg.810.site.5, 1, 85, 86
349741.6.peg.810.site.6, 20, 84, 104
349741.6.peg.810.site.7, 16, 88, 104
349741.6.peg.810.site.8, 80, 85, 165
349741.6.peg.810.site.9, 85, 87, 172
349741.6.peg.810.site.10, 27, 94, 121
349741.6.peg.810.site.11, 21, 93, 114
349741.6.peg.810.site.12, 16, 94, 110
349741.6.peg.810.site.13, 3, 96, 99
349741.6.peg.810.site.14, 0, 94, 94
349741.6.peg.810.site.15, 22, 97, 119
349741.6.peg.810.site.16, 16, 97, 113
349741.6.peg.810.site.17, 2, 97, 99
349741.6.peg.810.site.18, 22, 96, 118
349741.6.peg.810.site.19, 13, 92, 105
349741.6.peg.810.site.20, 3, 84, 87
349741.6.peg.817.site.1, 23, 97, 120
349741.6.peg.817.site.2, 31, 97, 128
349741.6.peg.817.site.3, 4, 97, 101
349741.6.peg.817.site.4, 97, 97, 194
349741.6.peg.817.site.5, 29, 97, 126
349741.6.peg.817.site.6, 50, 97, 147
349741.6.peg.817.site.7, 3, 96, 99
349741.6.peg.817.site.8, 97, 97, 194
349741.6.peg.817.site.9, 21, 97, 118
349741.6.peg.817.site.10, 36, 97, 133
349741.6.peg.817.site.11, 4, 97, 101
349741.6.peg.817.site.12, 0, 97, 97
349741.6.peg.817.site.13, 1, 97, 98
349741.6.peg.817.site.14, 0, 97, 97
349741.6.peg.817.site.15, 16, 97, 113
349741.6.peg.817.site.16, 34, 97, 131
349741.6.peg.817.site.17, 3, 97, 100
349741.6.peg.817.site.18, 2, 97, 99
349741.6.peg.817.site.19, 38, 97, 135
349741.6.peg.816.site.1, 1, 96, 97
349741.6.peg.816.site.2, 3, 96, 99
349741.6.peg.816.site.3, 2, 97, 99
349741.6.peg.816.site.4, 0, 97, 97
349741.6.peg.816.site.5, 3, 97, 100
349741.6.peg.816.site.6, 36, 97, 133
349741.6.peg.816.site.7, 43, 97, 140
349741.6.peg.816.site.8, 3, 97, 100
349741.6.peg.816.site.9, 6, 96, 102
349741.6.peg.816.site.10, 2, 97, 99
349741.6.peg.816.site.11, 3, 97, 100
349741.6.peg.816.site.12, 2, 97, 99
349741.6.peg.816.site.13, 40, 97, 137
349741.6.peg.816.site.14, 1, 97, 98
349741.6.peg.816.site.15, 58, 96, 154
349741.6.peg.816.site.16, 89, 96, 185
349741.6.peg.816.site.17, 30, 96, 126
349741.6.peg.816.site.18, 0, 93, 93
349741.6.peg.816.site.19, 34, 95, 129
349741.6.peg.816.site.20, 41, 97, 138
349741.6.peg.816.site.21, 4, 95, 99
349741.6.peg.816.site.22, 5, 94, 99
349741.6.peg.816.site.23, 3, 95, 98
349741.6.peg.815.site.1, 2, 97, 99
349741.6.peg.815.site.2, 0, 97, 97
349741.6.peg.815.site.3, 8, 97, 105
349741.6.peg.815.site.4, 26, 97, 123
349741.6.peg.815.site.5, 32, 97, 129
349741.6.peg.815.site.6, 27, 97, 124
349741.6.peg.815.site.7, 3, 97, 100
349741.6.peg.815.site.8, 36, 97, 133
349741.6.peg.815.site.9, 29, 97, 126
349741.6.peg.814.site.1, 95, 97, 192
349741.6.peg.814.site.2, 1, 96, 97
349741.6.peg.814.site.3, 1, 97, 98
349741.6.peg.814.site.4, 14, 97, 111
349741.6.peg.814.site.5, 1, 97, 98
349741.6.peg.814.site.6, 2, 96, 98
349741.6.peg.814.site.7, 2, 96, 98
349741.6.peg.814.site.8, 5, 96, 101
349741.6.peg.814.site.9, 44, 97, 141
349741.6.peg.814.site.10, 1, 96, 97
349741.6.peg.814.site.11, 6, 96, 102
349741.6.peg.814.site.12, 2, 97, 99
349741.6.peg.814.site.13, 0, 97, 97
349741.6.peg.814.site.14, 8, 96, 104
349741.6.peg.814.site.15, 5, 97, 102
349741.6.peg.814.site.16, 8, 96, 104
349741.6.peg.814.site.17, 1, 97, 98
349741.6.peg.814.site.18, 1, 97, 98
349741.6.peg.814.site.19, 20, 97, 117
349741.6.peg.814.site.20, 20, 97, 117
349741.6.peg.814.site.21, 2, 97, 99
349741.6.peg.814.site.22, 24, 97, 121
349741.6.peg.814.site.23, 0, 97, 97
349741.6.peg.814.site.24, 26, 97, 123
349741.6.peg.814.site.25, 26, 97, 123
349741.6.peg.814.site.26, 4, 97, 101
349741.6.peg.814.site.27, 2, 97, 99
349741.6.peg.814.site.28, 26, 97, 123
349741.6.peg.814.site.29, 2, 97, 99
349741.6.peg.814.site.30, 28, 97, 125
349741.6.peg.814.site.31, 26, 97, 123
349741.6.peg.818.site.1, 2, 95, 97
349741.6.peg.818.site.2, 85, 93, 178
349741.6.peg.818.site.3, 2, 80, 82
349741.6.peg.818.site.4, 40, 97, 137
349741.6.peg.818.site.5, 1, 97, 98
349741.6.peg.1939.site.1, 2, 97, 99
349741.6.peg.1939.site.2, 1, 97, 98
349741.6.peg.1939.site.3, 75, 97, 172
349741.6.peg.1939.site.4, 4, 97, 101
349741.6.peg.1939.site.5, 29, 97, 126
349741.6.peg.1939.site.6, 0, 97, 97
349741.6.peg.1939.site.7, 10, 97, 107
349741.6.peg.1939.site.8, 8, 97, 105
349741.6.peg.1939.site.9, 2, 96, 98
349741.6.peg.1939.site.10, 1, 97, 98
349741.6.peg.1939.site.11, 44, 97, 141
349741.6.peg.1939.site.12, 7, 97, 104
349741.6.peg.1939.site.13, 7, 97, 104
349741.6.peg.1939.site.14, 0, 97, 97
349741.6.peg.1939.site.15, 0, 97, 97
349741.6.peg.1939.site.16, 4, 97, 101
349741.6.peg.1939.site.17, 1, 97, 98
349741.6.peg.1939.site.18, 25, 97, 122
349741.6.peg.1939.site.19, 1, 96, 97
349741.6.peg.1939.site.20, 2, 97, 99
349741.6.peg.1939.site.21, 16, 96, 112
349741.6.peg.1939.site.22, 2, 97, 99
349741.6.peg.1939.site.23, 16, 96, 112
349741.6.peg.1939.site.24, 97, 97, 194
349741.6.peg.1939.site.25, 5, 97, 102
349741.6.peg.1936.site.1, 0, 97, 97
349741.6.peg.1936.site.2, 35, 97, 132
349741.6.peg.1936.site.3, 2, 96, 98
349741.6.peg.1936.site.4, 3, 96, 99
349741.6.peg.1936.site.5, 6, 96, 102
349741.6.peg.1936.site.6, 2, 97, 99
349741.6.peg.1937.site.1, 94, 96, 190
349741.6.peg.1937.site.2, 0, 97, 97
349741.6.peg.1937.site.3, 0, 97, 97
349741.6.peg.1937.site.4, 0, 97, 97
349741.6.peg.1937.site.5, 17, 97, 114
349741.6.peg.1937.site.6, 32, 97, 129
349741.6.peg.1937.site.7, 0, 96, 96
349741.6.peg.1937.site.8, 4, 96, 100
349741.6.peg.1937.site.9, 0, 97, 97
349741.6.peg.1937.site.10, 1, 97, 98
349741.6.peg.1937.site.11, 3, 97, 100
349741.6.peg.1937.site.12, 0, 97, 97
349741.6.peg.1937.site.13, 2, 97, 99
349741.6.peg.1934.site.1, 6, 89, 95
349741.6.peg.1934.site.2, 16, 90, 106
349741.6.peg.1934.site.3, 65, 87, 152
349741.6.peg.1934.site.4, 16, 89, 105
349741.6.peg.1934.site.5, 1, 89, 90
349741.6.peg.1934.site.6, 59, 92, 151
349741.6.peg.1934.site.7, 63, 97, 160
349741.6.peg.1934.site.8, 0, 96, 96
349741.6.peg.1934.site.9, 17, 97, 114
349741.6.peg.1934.site.10, 63, 97, 160
349741.6.peg.1934.site.11, 62, 96, 158
349741.6.peg.1934.site.12, 64, 96, 160
349741.6.peg.1934.site.13, 64, 97, 161
349741.6.peg.1934.site.14, 17, 97, 114
349741.6.peg.1934.site.15, 17, 97, 114
349741.6.peg.1934.site.16, 2, 96, 98
349741.6.peg.1934.site.17, 17, 96, 113
349741.6.peg.1934.site.18, 16, 97, 113
349741.6.peg.1934.site.19, 17, 97, 114
349741.6.peg.1934.site.20, 17, 97, 114
349741.6.peg.1934.site.21, 17, 97, 114
349741.6.peg.1934.site.22, 17, 97, 114
349741.6.peg.1934.site.23, 1, 97, 98
349741.6.peg.1934.site.24, 5, 97, 102
349741.6.peg.1934.site.25, 92, 97, 189
349741.6.peg.1934.site.26, 8, 97, 105
349741.6.peg.1934.site.27, 1, 97, 98
349741.6.peg.1934.site.28, 4, 97, 101
349741.6.peg.1934.site.29, 3, 97, 100
349741.6.peg.1934.site.30, 17, 97, 114
349741.6.peg.1934.site.31, 17, 97, 114
349741.6.peg.1934.site.32, 1, 96, 97
349741.6.peg.1934.site.33, 4, 97, 101
349741.6.peg.1934.site.34, 1, 97, 98
349741.6.peg.1934.site.35, 5, 97, 102
349741.6.peg.1934.site.36, 31, 95, 126
349741.6.peg.1934.site.37, 1, 94, 95
349741.6.peg.1934.site.38, 8, 92, 100
349741.6.peg.1934.site.39, 17, 96, 113
349741.6.peg.1934.site.40, 53, 92, 145
349741.6.peg.1934.site.41, 33, 86, 119
349741.6.peg.1934.site.42, 21, 91, 112
349741.6.peg.1934.site.43, 24, 97, 121
349741.6.peg.1934.site.44, 0, 97, 97
349741.6.peg.1935.site.1, 5, 97, 102
349741.6.peg.1935.site.2, 27, 97, 124
349741.6.peg.1935.site.3, 24, 97, 121
349741.6.peg.1935.site.4, 16, 97, 113
349741.6.peg.1935.site.5, 14, 97, 111
349741.6.peg.1935.site.6, 1, 96, 97
349741.6.peg.1935.site.7, 56, 96, 152
349741.6.peg.1935.site.8, 23, 89, 112
349741.6.peg.1935.site.9, 22, 86, 108
349741.6.peg.1935.site.10, 3, 96, 99
349741.6.peg.1932.site.1, 0, 97, 97
349741.6.peg.1932.site.2, 8, 97, 105
349741.6.peg.1933.site.1, 17, 97, 114
349741.6.peg.1933.site.2, 9, 97, 106
349741.6.peg.1933.site.3, 4, 97, 101
349741.6.peg.1933.site.4, 17, 97, 114
349741.6.peg.1933.site.5, 11, 97, 108
349741.6.peg.1933.site.6, 9, 97, 106
349741.6.peg.1933.site.7, 17, 97, 114
349741.6.peg.1933.site.8, 0, 96, 96
349741.6.peg.1933.site.9, 3, 97, 100
349741.6.peg.1933.site.10, 4, 97, 101
349741.6.peg.1933.site.11, 17, 97, 114
349741.6.peg.1930.site.1, 20, 96, 116
349741.6.peg.1930.site.2, 2, 97, 99
349741.6.peg.1930.site.3, 2, 97, 99
349741.6.peg.1930.site.4, 12, 96, 108
349741.6.peg.1930.site.5, 20, 96, 116
349741.6.peg.1930.site.6, 2, 97, 99
349741.6.peg.1930.site.7, 2, 97, 99
349741.6.peg.1930.site.8, 0, 97, 97
349741.6.peg.1931.site.1, 10, 87, 97
349741.6.peg.1931.site.2, 0, 97, 97
349741.6.peg.1931.site.3, 2, 97, 99
349741.6.peg.1931.site.4, 12, 97, 109
349741.6.peg.1808.site.1, 8, 97, 105
349741.6.peg.1808.site.2, 42, 97, 139
349741.6.peg.1808.site.3, 81, 97, 178
349741.6.peg.1808.site.4, 81, 97, 178
349741.6.peg.1808.site.5, 18, 97, 115
349741.6.peg.1808.site.6, 77, 95, 172
349741.6.peg.1808.site.7, 18, 96, 114
349741.6.peg.1808.site.8, 55, 97, 152
349741.6.peg.1808.site.9, 6, 97, 103
349741.6.peg.1808.site.10, 5, 97, 102
349741.6.peg.1808.site.11, 85, 97, 182
349741.6.peg.1809.site.1, 3, 97, 100
349741.6.peg.1802.site.1, 54, 96, 150
349741.6.peg.1802.site.2, 7, 97, 104
349741.6.peg.1802.site.3, 19, 96, 115
349741.6.peg.1802.site.4, 20, 96, 116
349741.6.peg.1802.site.5, 66, 96, 162
349741.6.peg.1802.site.6, 8, 96, 104
349741.6.peg.1802.site.7, 53, 95, 148
349741.6.peg.1802.site.8, 60, 96, 156
349741.6.peg.1802.site.9, 1, 96, 97
349741.6.peg.1802.site.10, 60, 97, 157
349741.6.peg.1802.site.11, 62, 97, 159
349741.6.peg.1802.site.12, 0, 97, 97
349741.6.peg.1802.site.13, 8, 97, 105
349741.6.peg.1802.site.14, 8, 97, 105
349741.6.peg.1802.site.15, 73, 96, 169
349741.6.peg.1802.site.16, 8, 97, 105
349741.6.peg.1802.site.17, 61, 96, 157
349741.6.peg.1802.site.18, 1, 97, 98
349741.6.peg.1802.site.19, 74, 97, 171
349741.6.peg.1802.site.20, 74, 97, 171
349741.6.peg.1802.site.21, 4, 97, 101
349741.6.peg.1802.site.22, 7, 97, 104
349741.6.peg.1802.site.23, 74, 97, 171
349741.6.peg.1802.site.24, 11, 97, 108
349741.6.peg.1802.site.25, 1, 97, 98
349741.6.peg.1802.site.26, 86, 96, 182
349741.6.peg.1802.site.27, 6, 95, 101
349741.6.peg.1802.site.28, 2, 91, 93
349741.6.peg.1802.site.29, 1, 96, 97
349741.6.peg.1802.site.30, 1, 97, 98
349741.6.peg.1802.site.31, 84, 97, 181
349741.6.peg.1802.site.32, 7, 96, 103
349741.6.peg.1802.site.33, 23, 96, 119
349741.6.peg.1802.site.34, 4, 96, 100
349741.6.peg.1802.site.35, 7, 96, 103
349741.6.peg.1803.site.1, 80, 96, 176
349741.6.peg.1803.site.2, 80, 96, 176
349741.6.peg.1803.site.3, 51, 94, 145
349741.6.peg.1803.site.4, 2, 95, 97
349741.6.peg.1803.site.5, 62, 97, 159
349741.6.peg.1803.site.6, 2, 96, 98
349741.6.peg.1803.site.7, 62, 96, 158
349741.6.peg.1803.site.8, 3, 97, 100
349741.6.peg.1803.site.9, 3, 97, 100
349741.6.peg.1803.site.10, 62, 97, 159
349741.6.peg.1803.site.11, 62, 97, 159
349741.6.peg.1803.site.12, 2, 97, 99
349741.6.peg.1803.site.13, 64, 97, 161
349741.6.peg.1803.site.14, 62, 97, 159
349741.6.peg.1803.site.15, 28, 97, 125
349741.6.peg.1803.site.16, 28, 97, 125
349741.6.peg.1803.site.17, 8, 97, 105
349741.6.peg.1801.site.1, 36, 52, 88
349741.6.peg.1801.site.2, 35, 51, 86
349741.6.peg.1801.site.3, 35, 51, 86
349741.6.peg.1801.site.4, 11, 27, 38
349741.6.peg.1801.site.5, 36, 52, 88
349741.6.peg.1801.site.6, 68, 84, 152
349741.6.peg.1801.site.7, 77, 93, 170
349741.6.peg.1801.site.8, 81, 95, 176
349741.6.peg.1801.site.9, 56, 96, 152
349741.6.peg.1801.site.10, 81, 97, 178
349741.6.peg.1801.site.11, 80, 96, 176
349741.6.peg.1801.site.12, 35, 97, 132
349741.6.peg.1801.site.13, 7, 97, 104
349741.6.peg.1801.site.14, 12, 97, 109
349741.6.peg.1801.site.15, 81, 97, 178
349741.6.peg.1801.site.16, 80, 96, 176
349741.6.peg.1801.site.17, 0, 97, 97
349741.6.peg.1801.site.18, 80, 96, 176
349741.6.peg.1801.site.19, 0, 96, 96
349741.6.peg.1801.site.20, 69, 97, 166
349741.6.peg.1801.site.21, 7, 97, 104
349741.6.peg.1801.site.22, 83, 97, 180
349741.6.peg.1801.site.23, 64, 97, 161
349741.6.peg.1801.site.24, 81, 97, 178
349741.6.peg.1801.site.25, 30, 97, 127
349741.6.peg.1801.site.26, 81, 97, 178
349741.6.peg.1801.site.27, 2, 97, 99
349741.6.peg.1801.site.28, 3, 97, 100
349741.6.peg.1801.site.29, 54, 97, 151
349741.6.peg.1801.site.30, 1, 97, 98
349741.6.peg.1801.site.31, 3, 97, 100
349741.6.peg.1801.site.32, 89, 97, 186
349741.6.peg.1801.site.33, 81, 97, 178
349741.6.peg.1801.site.34, 54, 97, 151
349741.6.peg.1801.site.35, 1, 97, 98
349741.6.peg.1801.site.36, 81, 97, 178
349741.6.peg.1801.site.37, 15, 97, 112
349741.6.peg.1801.site.38, 3, 96, 99
349741.6.peg.1801.site.39, 11, 93, 104
349741.6.peg.1801.site.40, 1, 94, 95
349741.6.peg.1801.site.41, 19, 97, 116
349741.6.peg.1801.site.42, 4, 97, 101
349741.6.peg.1801.site.43, 2, 97, 99
349741.6.peg.1801.site.44, 73, 97, 170
349741.6.peg.1801.site.45, 7, 97, 104
349741.6.peg.1801.site.46, 1, 97, 98
349741.6.peg.1801.site.47, 7, 97, 104
349741.6.peg.1806.site.1, 2, 97, 99
349741.6.peg.1806.site.2, 81, 97, 178
349741.6.peg.1806.site.3, 0, 97, 97
349741.6.peg.1806.site.4, 2, 96, 98
349741.6.peg.1806.site.5, 4, 95, 99
349741.6.peg.1806.site.6, 79, 97, 176
349741.6.peg.1806.site.7, 87, 97, 184
349741.6.peg.1806.site.8, 1, 96, 97
349741.6.peg.1806.site.9, 96, 96, 192
349741.6.peg.1806.site.10, 2, 97, 99
349741.6.peg.1806.site.11, 1, 97, 98
349741.6.peg.1806.site.12, 2, 97, 99
349741.6.peg.1806.site.13, 3, 97, 100
349741.6.peg.1806.site.14, 80, 96, 176
349741.6.peg.1806.site.15, 78, 94, 172
349741.6.peg.1806.site.16, 2, 95, 97
349741.6.peg.1806.site.17, 2, 97, 99
349741.6.peg.1806.site.18, 13, 97, 110
349741.6.peg.1806.site.19, 97, 97, 194
349741.6.peg.1806.site.20, 80, 96, 176
349741.6.peg.1806.site.21, 1, 97, 98
349741.6.peg.1806.site.22, 14, 97, 111
349741.6.peg.1806.site.23, 1, 97, 98
349741.6.peg.1806.site.24, 95, 97, 192
349741.6.peg.1806.site.25, 81, 97, 178
349741.6.peg.1806.site.26, 1, 97, 98
349741.6.peg.1806.site.27, 12, 97, 109
349741.6.peg.1806.site.28, 18, 97, 115
349741.6.peg.1806.site.29, 1, 97, 98
349741.6.peg.1806.site.30, 1, 97, 98
349741.6.peg.1806.site.31, 81, 97, 178
349741.6.peg.1806.site.32, 6, 97, 103
349741.6.peg.1806.site.33, 0, 96, 96
349741.6.peg.1807.site.1, 0, 96, 96
349741.6.peg.1807.site.2, 6, 97, 103
349741.6.peg.1807.site.3, 4, 97, 101
349741.6.peg.1807.site.4, 6, 97, 103
349741.6.peg.1807.site.5, 89, 97, 186
349741.6.peg.1807.site.6, 10, 97, 107
349741.6.peg.1807.site.7, 8, 97, 105
349741.6.peg.1807.site.8, 3, 95, 98
349741.6.peg.1807.site.9, 5, 96, 101
349741.6.peg.1807.site.10, 6, 96, 102
349741.6.peg.1807.site.11, 9, 96, 105
349741.6.peg.1807.site.12, 0, 95, 95
349741.6.peg.1807.site.13, 1, 93, 94
349741.6.peg.1807.site.14, 1, 96, 97
349741.6.peg.1807.site.15, 2, 97, 99
349741.6.peg.1807.site.16, 0, 97, 97
349741.6.peg.1807.site.17, 81, 97, 178
349741.6.peg.1804.site.1, 2, 94, 96
349741.6.peg.1804.site.2, 27, 95, 122
349741.6.peg.1804.site.3, 54, 97, 151
349741.6.peg.1804.site.4, 95, 96, 191
349741.6.peg.1804.site.5, 0, 96, 96
349741.6.peg.1804.site.6, 0, 97, 97
349741.6.peg.1804.site.7, 1, 97, 98
349741.6.peg.2177.site.1, 34, 96, 130
349741.6.peg.2177.site.2, 1, 94, 95
349741.6.peg.2177.site.3, 3, 95, 98
349741.6.peg.2177.site.4, 48, 92, 140
349741.6.peg.2177.site.5, 50, 95, 145
349741.6.peg.2177.site.6, 50, 94, 144
349741.6.peg.2177.site.7, 51, 95, 146
349741.6.peg.2177.site.8, 49, 94, 143
349741.6.peg.2177.site.9, 48, 93, 141
349741.6.peg.2177.site.10, 5, 96, 101
349741.6.peg.2177.site.11, 52, 97, 149
349741.6.peg.2177.site.12, 3, 96, 99
349741.6.peg.2177.site.13, 1, 95, 96
349741.6.peg.2177.site.14, 5, 93, 98
349741.6.peg.2177.site.15, 47, 92, 139
349741.6.peg.2177.site.16, 63, 86, 149
349741.6.peg.2177.site.17, 39, 83, 122
349741.6.peg.2177.site.18, 42, 82, 124
349741.6.peg.2177.site.19, 24, 82, 106
349741.6.peg.2177.site.20, 6, 51, 57
349741.6.peg.2177.site.21, 45, 48, 93
349741.6.peg.2177.site.22, 1, 51, 52
349741.6.peg.2177.site.23, 36, 80, 116
349741.6.peg.2177.site.24, 42, 87, 129
349741.6.peg.2177.site.25, 74, 88, 162
349741.6.peg.2177.site.26, 76, 90, 166
349741.6.peg.2177.site.27, 47, 92, 139
349741.6.peg.2177.site.28, 2, 94, 96
349741.6.peg.2177.site.29, 94, 94, 188
349741.6.peg.2177.site.30, 1, 93, 94
349741.6.peg.2177.site.31, 91, 94, 185
349741.6.peg.2177.site.32, 55, 97, 152
349741.6.peg.2177.site.33, 54, 97, 151
349741.6.peg.2177.site.34, 13, 96, 109
349741.6.peg.2177.site.35, 13, 94, 107
349741.6.peg.2177.site.36, 25, 90, 115
349741.6.peg.2177.site.37, 40, 61, 101
349741.6.peg.2177.site.38, 6, 63, 69
349741.6.peg.2177.site.39, 2, 47, 49
349741.6.peg.2177.site.40, 1, 46, 47
349741.6.peg.2177.site.41, 53, 69, 122
349741.6.peg.2177.site.42, 2, 81, 83
349741.6.peg.2177.site.43, 2, 86, 88
349741.6.peg.2177.site.44, 50, 95, 145
349741.6.peg.2177.site.45, 52, 97, 149
349741.6.peg.2177.site.46, 38, 97, 135
349741.6.peg.2177.site.47, 17, 96, 113
349741.6.peg.2177.site.48, 1, 82, 83
349741.6.peg.2177.site.49, 7, 76, 83
349741.6.peg.2177.site.50, 41, 61, 102
349741.6.peg.2176.site.1, 3, 95, 98
349741.6.peg.2176.site.2, 44, 95, 139
349741.6.peg.2176.site.3, 45, 96, 141
349741.6.peg.2176.site.4, 45, 97, 142
349741.6.peg.2176.site.5, 3, 97, 100
349741.6.peg.2176.site.6, 24, 97, 121
349741.6.peg.2176.site.7, 38, 90, 128
349741.6.peg.2176.site.8, 39, 91, 130
349741.6.peg.2176.site.9, 94, 96, 190
349741.6.peg.2176.site.10, 44, 96, 140
349741.6.peg.2176.site.11, 8, 95, 103
349741.6.peg.2176.site.12, 51, 91, 142
349741.6.peg.2176.site.13, 39, 91, 130
349741.6.peg.2176.site.14, 39, 91, 130
349741.6.peg.2176.site.15, 39, 91, 130
349741.6.peg.2176.site.16, 12, 91, 103
349741.6.peg.2176.site.17, 43, 95, 138
349741.6.peg.2176.site.18, 4, 92, 96
349741.6.peg.2176.site.19, 6, 89, 95
349741.6.peg.2176.site.20, 47, 90, 137
349741.6.peg.2176.site.21, 1, 93, 94
349741.6.peg.2176.site.22, 53, 96, 149
349741.6.peg.2176.site.23, 53, 97, 150
349741.6.peg.2176.site.24, 14, 60, 74
349741.6.peg.2176.site.25, 16, 63, 79
349741.6.peg.2176.site.26, 42, 81, 123
349741.6.peg.2176.site.27, 52, 95, 147
349741.6.peg.2176.site.28, 53, 96, 149
349741.6.peg.2176.site.29, 38, 78, 116
349741.6.peg.2176.site.30, 5, 78, 83
349741.6.peg.2176.site.31, 38, 85, 123
349741.6.peg.2176.site.32, 39, 84, 123
349741.6.peg.2176.site.33, 77, 94, 171
349741.6.peg.2176.site.34, 5, 96, 101
349741.6.peg.2176.site.35, 16, 16, 32
349741.6.peg.2176.site.36, 3, 15, 18
349741.6.peg.2172.site.1, 3, 96, 99
349741.6.peg.2172.site.2, 82, 89, 171
349741.6.peg.2172.site.3, 9, 93, 102
349741.6.peg.2172.site.4, 74, 90, 164
349741.6.peg.2172.site.5, 1, 87, 88
349741.6.peg.2172.site.6, 68, 86, 154
349741.6.peg.2172.site.7, 69, 85, 154
349741.6.peg.2172.site.8, 79, 85, 164
349741.6.peg.2172.site.9, 1, 86, 87
349741.6.peg.2172.site.10, 10, 90, 100
349741.6.peg.2172.site.11, 15, 50, 65
349741.6.peg.2172.site.12, 1, 21, 22
349741.6.peg.2172.site.13, 1, 21, 22
349741.6.peg.2172.site.14, 3, 21, 24
349741.6.peg.2172.site.15, 2, 19, 21
349741.6.peg.2172.site.16, 8, 26, 34
349741.6.peg.2172.site.17, 1, 46, 47
349741.6.peg.2172.site.18, 42, 57, 99
349741.6.peg.2172.site.19, 3, 73, 76
349741.6.peg.2172.site.20, 64, 79, 143
349741.6.peg.2172.site.21, 69, 97, 166
349741.6.peg.2172.site.22, 80, 96, 176
349741.6.peg.2172.site.23, 39, 95, 134
349741.6.peg.2172.site.24, 3, 95, 98
349741.6.peg.2171.site.1, 2, 97, 99
349741.6.peg.2171.site.2, 6, 97, 103
349741.6.peg.2171.site.3, 79, 97, 176
349741.6.peg.2171.site.4, 2, 97, 99
349741.6.peg.2171.site.5, 1, 97, 98
349741.6.peg.2171.site.6, 68, 97, 165
349741.6.peg.2171.site.7, 3, 97, 100
349741.6.peg.2171.site.8, 1, 96, 97
349741.6.peg.2171.site.9, 39, 96, 135
349741.6.peg.2171.site.10, 80, 96, 176
349741.6.peg.2171.site.11, 12, 96, 108
349741.6.peg.2171.site.12, 20, 96, 116
349741.6.peg.2171.site.13, 80, 96, 176
349741.6.peg.2171.site.14, 80, 96, 176
349741.6.peg.2171.site.15, 19, 96, 115
349741.6.peg.2171.site.16, 80, 96, 176
349741.6.peg.2171.site.17, 0, 96, 96
349741.6.peg.2171.site.18, 11, 97, 108
349741.6.peg.2171.site.19, 80, 96, 176
349741.6.peg.2171.site.20, 5, 96, 101
349741.6.peg.2171.site.21, 1, 97, 98
349741.6.peg.2171.site.22, 81, 97, 178
349741.6.peg.2171.site.23, 81, 97, 178
349741.6.peg.2171.site.24, 81, 97, 178
349741.6.peg.2171.site.25, 36, 95, 131
349741.6.peg.2171.site.26, 2, 97, 99
349741.6.peg.2171.site.27, 12, 97, 109
349741.6.peg.2171.site.28, 69, 97, 166
349741.6.peg.2171.site.29, 2, 96, 98
349741.6.peg.2171.site.30, 18, 97, 115
349741.6.peg.2170.site.1, 4, 96, 100
349741.6.peg.2170.site.2, 66, 94, 160
349741.6.peg.2170.site.3, 6, 92, 98
349741.6.peg.2170.site.4, 10, 94, 104
349741.6.peg.2170.site.5, 3, 96, 99
349741.6.peg.2170.site.6, 2, 94, 96
349741.6.peg.2170.site.7, 2, 96, 98
349741.6.peg.2170.site.8, 96, 96, 192
349741.6.peg.2170.site.9, 79, 97, 176
349741.6.peg.2170.site.10, 2, 96, 98
349741.6.peg.2170.site.11, 1, 97, 98
349741.6.peg.2170.site.12, 38, 95, 133
349741.6.peg.2170.site.13, 60, 88, 148
349741.6.peg.2170.site.14, 17, 94, 111
349741.6.peg.2170.site.15, 1, 94, 95
349741.6.peg.2170.site.16, 17, 94, 111
349741.6.peg.2170.site.17, 4, 96, 100
349741.6.peg.2170.site.18, 7, 97, 104
349741.6.peg.2170.site.19, 1, 97, 98
349741.6.peg.2170.site.20, 3, 97, 100
349741.6.peg.2284.site.1, 5, 93, 98
349741.6.peg.2284.site.2, 72, 91, 163
349741.6.peg.2284.site.3, 63, 96, 159
349741.6.peg.2284.site.4, 65, 96, 161
349741.6.peg.2284.site.5, 14, 96, 110
349741.6.peg.2284.site.6, 92, 95, 187
349741.6.peg.2284.site.7, 1, 96, 97
349741.6.peg.2284.site.8, 4, 91, 95
349741.6.peg.2284.site.9, 13, 85, 98
349741.6.peg.2284.site.10, 20, 61, 81
349741.6.peg.2284.site.11, 6, 74, 80
349741.6.peg.2284.site.12, 64, 86, 150
349741.6.peg.2284.site.13, 27, 97, 124
349741.6.peg.2284.site.14, 2, 97, 99
349741.6.peg.2284.site.15, 2, 97, 99
349741.6.peg.2284.site.16, 60, 97, 157
349741.6.peg.2284.site.17, 62, 96, 158
349741.6.peg.2284.site.18, 71, 95, 166
349741.6.peg.2284.site.19, 4, 95, 99
349741.6.peg.2284.site.20, 61, 96, 157
349741.6.peg.2284.site.21, 12, 92, 104
349741.6.peg.2284.site.22, 37, 94, 131
349741.6.peg.2284.site.23, 89, 95, 184
349741.6.peg.2284.site.24, 79, 97, 176
349741.6.peg.2284.site.25, 19, 93, 112
349741.6.peg.2284.site.26, 33, 95, 128
349741.6.peg.2284.site.27, 31, 89, 120
349741.6.peg.2284.site.28, 27, 84, 111
349741.6.peg.2284.site.29, 21, 81, 102
349741.6.peg.2284.site.30, 18, 83, 101
349741.6.peg.2284.site.31, 78, 97, 175
349741.6.peg.2284.site.32, 0, 97, 97
349741.6.peg.2284.site.33, 57, 97, 154
349741.6.peg.2284.site.34, 0, 96, 96
349741.6.peg.2284.site.35, 1, 96, 97
349741.6.peg.2284.site.36, 71, 91, 162
349741.6.peg.2284.site.37, 2, 91, 93
349741.6.peg.2284.site.38, 15, 39, 54
349741.6.peg.2284.site.39, 45, 68, 113
349741.6.peg.2284.site.40, 2, 96, 98
349741.6.peg.2284.site.41, 19, 97, 116
349741.6.peg.2284.site.42, 72, 96, 168
349741.6.peg.2284.site.43, 4, 96, 100
349741.6.peg.2284.site.44, 37, 92, 129
349741.6.peg.2284.site.45, 6, 93, 99
349741.6.peg.2284.site.46, 59, 83, 142
349741.6.peg.2284.site.47, 4, 41, 45
349741.6.peg.2284.site.48, 38, 65, 103
349741.6.peg.2284.site.49, 43, 70, 113
349741.6.peg.2284.site.50, 1, 73, 74
349741.6.peg.2284.site.51, 23, 44, 67
349741.6.peg.2284.site.52, 5, 32, 37
349741.6.peg.2284.site.53, 3, 27, 30
349741.6.peg.1558.site.1, 1, 97, 98
349741.6.peg.1558.site.2, 24, 95, 119
349741.6.peg.1558.site.3, 14, 90, 104
349741.6.peg.1558.site.4, 24, 91, 115
349741.6.peg.1558.site.5, 23, 80, 103
349741.6.peg.1558.site.6, 25, 85, 110
349741.6.peg.1558.site.7, 19, 89, 108
349741.6.peg.1558.site.8, 7, 79, 86
349741.6.peg.1558.site.9, 25, 74, 99
349741.6.peg.1558.site.10, 3, 73, 76
349741.6.peg.1558.site.11, 1, 74, 75
349741.6.peg.1558.site.12, 4, 73, 77
349741.6.peg.1558.site.13, 11, 80, 91
349741.6.peg.1558.site.14, 34, 91, 125
349741.6.peg.1558.site.15, 64, 86, 150
349741.6.peg.1558.site.16, 10, 78, 88
349741.6.peg.1558.site.17, 15, 84, 99
349741.6.peg.1558.site.18, 23, 93, 116
349741.6.peg.1558.site.19, 1, 95, 96
349741.6.peg.1558.site.20, 0, 97, 97
349741.6.peg.1558.site.21, 1, 94, 95
349741.6.peg.1558.site.22, 68, 88, 156
349741.6.peg.1559.site.1, 2, 97, 99
349741.6.peg.1559.site.2, 3, 97, 100
349741.6.peg.1559.site.3, 8, 97, 105
349741.6.peg.1559.site.4, 1, 97, 98
349741.6.peg.1559.site.5, 9, 96, 105
349741.6.peg.1559.site.6, 1, 97, 98
349741.6.peg.1559.site.7, 64, 97, 161
349741.6.peg.1559.site.8, 96, 96, 192
349741.6.peg.1559.site.9, 42, 96, 138
349741.6.peg.1559.site.10, 0, 97, 97
349741.6.peg.2282.site.1, 1, 69, 70
349741.6.peg.2282.site.2, 1, 69, 70
349741.6.peg.2282.site.3, 3, 76, 79
349741.6.peg.2282.site.4, 7, 67, 74
349741.6.peg.2282.site.5, 26, 65, 91
349741.6.peg.2282.site.6, 49, 65, 114
349741.6.peg.2282.site.7, 5, 69, 74
349741.6.peg.2282.site.8, 16, 80, 96
349741.6.peg.2282.site.9, 77, 92, 169
349741.6.peg.2282.site.10, 10, 93, 103
349741.6.peg.2282.site.11, 65, 65, 130
349741.6.peg.2282.site.12, 7, 43, 50
349741.6.peg.2282.site.13, 9, 24, 33
349741.6.peg.2282.site.14, 20, 20, 40
349741.6.peg.2282.site.15, 4, 19, 23
349741.6.peg.2282.site.16, 1, 18, 19
349741.6.peg.2282.site.17, 2, 17, 19
349741.6.peg.2282.site.18, 23, 23, 46
349741.6.peg.2282.site.19, 13, 27, 40
349741.6.peg.2282.site.20, 15, 30, 45
349741.6.peg.2282.site.21, 1, 34, 35
349741.6.peg.2282.site.22, 1, 60, 61
349741.6.peg.2282.site.23, 41, 56, 97
349741.6.peg.2282.site.24, 1, 68, 69
349741.6.peg.2282.site.25, 60, 76, 136
349741.6.peg.2282.site.26, 48, 64, 112
349741.6.peg.2282.site.27, 4, 20, 24
349741.6.peg.2282.site.28, 31, 46, 77
349741.6.peg.2282.site.29, 11, 64, 75
349741.6.peg.2282.site.30, 2, 86, 88
349741.6.peg.2282.site.31, 69, 85, 154
349741.6.peg.2282.site.32, 51, 92, 143
349741.6.peg.2282.site.33, 77, 93, 170
349741.6.peg.2282.site.34, 24, 93, 117
349741.6.peg.2282.site.35, 3, 95, 98
349741.6.peg.2282.site.36, 77, 93, 170
349741.6.peg.2282.site.37, 31, 92, 123
349741.6.peg.2282.site.38, 1, 95, 96
349741.6.peg.2282.site.39, 39, 96, 135
349741.6.peg.2282.site.40, 44, 95, 139
349741.6.peg.2282.site.41, 2, 95, 97
349741.6.peg.2282.site.42, 77, 93, 170
349741.6.peg.2282.site.43, 14, 93, 107
349741.6.peg.2282.site.44, 4, 97, 101
349741.6.peg.2282.site.45, 59, 75, 134
349741.6.peg.2282.site.46, 5, 79, 84
349741.6.peg.1555.site.1, 3, 96, 99
349741.6.peg.1555.site.2, 9, 97, 106
349741.6.peg.1555.site.3, 5, 97, 102
349741.6.peg.1555.site.4, 4, 96, 100
349741.6.peg.1555.site.5, 2, 96, 98
349741.6.peg.1555.site.6, 4, 96, 100
349741.6.peg.1555.site.7, 2, 97, 99
349741.6.peg.1555.site.8, 93, 95, 188
349741.6.peg.1555.site.9, 4, 90, 94
349741.6.peg.1555.site.10, 4, 92, 96
349741.6.peg.1555.site.11, 28, 94, 122
349741.6.peg.1555.site.12, 66, 96, 162
349741.6.peg.1555.site.13, 6, 79, 85
349741.6.peg.1555.site.14, 0, 86, 86
349741.6.peg.1555.site.15, 5, 94, 99
349741.6.peg.1555.site.16, 30, 95, 125
349741.6.peg.1555.site.17, 3, 96, 99
349741.6.peg.1555.site.18, 3, 94, 97
349741.6.peg.1555.site.19, 91, 93, 184
349741.6.peg.1555.site.20, 0, 89, 89
349741.6.peg.1555.site.21, 65, 88, 153
349741.6.peg.1555.site.22, 17, 89, 106
349741.6.peg.1555.site.23, 8, 92, 100
349741.6.peg.1555.site.24, 1, 94, 95
349741.6.peg.1555.site.25, 1, 92, 93
349741.6.peg.1555.site.26, 9, 89, 98
349741.6.peg.1555.site.27, 1, 90, 91
349741.6.peg.1555.site.28, 87, 90, 177
349741.6.peg.1555.site.29, 4, 78, 82
349741.6.peg.1555.site.30, 2, 91, 93
349741.6.peg.1555.site.31, 2, 93, 95
349741.6.peg.1555.site.32, 4, 97, 101
349741.6.peg.1555.site.33, 94, 97, 191
349741.6.peg.1555.site.34, 4, 97, 101
349741.6.peg.1555.site.35, 4, 97, 101
349741.6.peg.1555.site.36, 17, 96, 113
349741.6.peg.1555.site.37, 4, 97, 101
349741.6.peg.1555.site.38, 8, 97, 105
349741.6.peg.1555.site.39, 8, 97, 105
349741.6.peg.1555.site.40, 4, 96, 100
349741.6.peg.1555.site.41, 4, 97, 101
349741.6.peg.1555.site.42, 95, 97, 192
349741.6.peg.1555.site.43, 17, 96, 113
349741.6.peg.1555.site.44, 1, 96, 97
349741.6.peg.1555.site.45, 34, 97, 131
349741.6.peg.1555.site.46, 23, 92, 115
349741.6.peg.1555.site.47, 36, 93, 129
349741.6.peg.1555.site.48, 44, 93, 137
349741.6.peg.1555.site.49, 1, 91, 92
349741.6.peg.1555.site.50, 10, 96, 106
349741.6.peg.1556.site.1, 56, 97, 153
349741.6.peg.1556.site.2, 1, 97, 98
349741.6.peg.1556.site.3, 3, 97, 100
349741.6.peg.1556.site.4, 19, 97, 116
349741.6.peg.1556.site.5, 18, 97, 115
349741.6.peg.1556.site.6, 18, 96, 114
349741.6.peg.1556.site.7, 18, 96, 114
349741.6.peg.1556.site.8, 1, 95, 96
349741.6.peg.1556.site.9, 1, 95, 96
349741.6.peg.1556.site.10, 1, 96, 97
349741.6.peg.1556.site.11, 91, 96, 187
349741.6.peg.1556.site.12, 81, 96, 177
349741.6.peg.1556.site.13, 0, 94, 94
349741.6.peg.1556.site.14, 6, 77, 83
349741.6.peg.1556.site.15, 1, 84, 85
349741.6.peg.1556.site.16, 0, 97, 97
349741.6.peg.1556.site.17, 0, 96, 96
349741.6.peg.1556.site.18, 10, 96, 106
349741.6.peg.1556.site.19, 10, 96, 106
349741.6.peg.22.site.1, 7, 97, 104
349741.6.peg.22.site.2, 1, 97, 98
349741.6.peg.22.site.3, 12, 96, 108
349741.6.peg.22.site.4, 2, 97, 99
349741.6.peg.22.site.5, 12, 97, 109
349741.6.peg.22.site.6, 12, 97, 109
349741.6.peg.22.site.7, 11, 96, 107
349741.6.peg.22.site.8, 3, 86, 89
349741.6.peg.22.site.9, 47, 84, 131
349741.6.peg.22.site.10, 3, 88, 91
349741.6.peg.22.site.11, 53, 88, 141
349741.6.peg.22.site.12, 0, 90, 90
349741.6.peg.22.site.13, 2, 93, 95
349741.6.peg.22.site.14, 8, 95, 103
349741.6.peg.22.site.15, 3, 95, 98
349741.6.peg.24.site.1, 56, 85, 141
349741.6.peg.24.site.2, 7, 92, 99
349741.6.peg.24.site.3, 9, 94, 103
349741.6.peg.24.site.4, 9, 94, 103
349741.6.peg.24.site.5, 9, 88, 97
349741.6.peg.24.site.6, 9, 92, 101
349741.6.peg.24.site.7, 1, 92, 93
349741.6.peg.24.site.8, 14, 94, 108
349741.6.peg.24.site.9, 1, 95, 96
349741.6.peg.24.site.10, 5, 96, 101
349741.6.peg.24.site.11, 2, 96, 98
349741.6.peg.24.site.12, 59, 97, 156
349741.6.peg.24.site.13, 1, 97, 98
349741.6.peg.24.site.14, 77, 97, 174
349741.6.peg.24.site.15, 3, 97, 100
349741.6.peg.24.site.16, 2, 97, 99
349741.6.peg.24.site.17, 3, 97, 100
349741.6.peg.24.site.18, 12, 97, 109
349741.6.peg.24.site.19, 0, 96, 96
349741.6.peg.24.site.20, 2, 94, 96
349741.6.peg.24.site.21, 13, 95, 108
349741.6.peg.24.site.22, 74, 95, 169
349741.6.peg.24.site.23, 0, 96, 96
349741.6.peg.24.site.24, 11, 95, 106
349741.6.peg.24.site.25, 0, 96, 96
349741.6.peg.24.site.26, 11, 96, 107
349741.6.peg.24.site.27, 1, 96, 97
349741.6.peg.24.site.28, 1, 85, 86
349741.6.peg.24.site.29, 58, 81, 139
349741.6.peg.24.site.30, 63, 80, 143
349741.6.peg.24.site.31, 16, 89, 105
349741.6.peg.24.site.32, 3, 88, 91
349741.6.peg.27.site.1, 6, 93, 99
349741.6.peg.27.site.2, 10, 96, 106
349741.6.peg.27.site.3, 18, 97, 115
349741.6.peg.27.site.4, 3, 93, 96
349741.6.peg.27.site.5, 8, 89, 97
349741.6.peg.27.site.6, 20, 90, 110
349741.6.peg.27.site.7, 6, 64, 70
349741.6.peg.27.site.8, 8, 61, 69
349741.6.peg.27.site.9, 5, 65, 70
349741.6.peg.27.site.10, 1, 84, 85
349741.6.peg.27.site.11, 2, 84, 86
349741.6.peg.27.site.12, 6, 92, 98
349741.6.peg.27.site.13, 0, 93, 93
349741.6.peg.27.site.14, 8, 94, 102
349741.6.peg.27.site.15, 8, 96, 104
349741.6.peg.27.site.16, 13, 93, 106
349741.6.peg.27.site.17, 4, 94, 98
349741.6.peg.27.site.18, 22, 96, 118
349741.6.peg.27.site.19, 7, 96, 103
349741.6.peg.27.site.20, 9, 88, 97
349741.6.peg.27.site.21, 3, 86, 89
349741.6.peg.27.site.22, 16, 93, 109
349741.6.peg.27.site.23, 9, 93, 102
349741.6.peg.27.site.24, 2, 90, 92
349741.6.peg.27.site.25, 69, 86, 155
349741.6.peg.27.site.26, 2, 86, 88
349741.6.peg.27.site.27, 5, 85, 90
349741.6.peg.27.site.28, 1, 79, 80
349741.6.peg.27.site.29, 63, 75, 138
349741.6.peg.27.site.30, 1, 76, 77
349741.6.peg.27.site.31, 8, 72, 80
349741.6.peg.27.site.32, 1, 73, 74
349741.6.peg.27.site.33, 1, 68, 69
349741.6.peg.27.site.34, 5, 71, 76
349741.6.peg.27.site.35, 2, 89, 91
349741.6.peg.27.site.36, 86, 88, 174
349741.6.peg.27.site.37, 2, 89, 91
349741.6.peg.27.site.38, 12, 89, 101
349741.6.peg.27.site.39, 15, 92, 107
349741.6.peg.27.site.40, 9, 97, 106
349741.6.peg.27.site.41, 4, 96, 100
349741.6.peg.27.site.42, 14, 92, 106
349741.6.peg.27.site.43, 2, 67, 69
349741.6.peg.27.site.44, 4, 53, 57
349741.6.peg.27.site.45, 1, 55, 56
349741.6.peg.27.site.46, 50, 81, 131
349741.6.peg.27.site.47, 2, 84, 86
349741.6.peg.27.site.48, 30, 87, 117
349741.6.peg.27.site.49, 91, 93, 184
349741.6.peg.27.site.50, 16, 94, 110
349741.6.peg.27.site.51, 12, 96, 108
349741.6.peg.26.site.1, 3, 90, 93
349741.6.peg.26.site.2, 5, 92, 97
349741.6.peg.26.site.3, 4, 91, 95
349741.6.peg.26.site.4, 6, 93, 99
349741.6.peg.26.site.5, 18, 97, 115
349741.6.peg.26.site.6, 10, 97, 107
349741.6.peg.26.site.7, 10, 97, 107
349741.6.peg.26.site.8, 10, 97, 107
349741.6.peg.26.site.9, 40, 97, 137
349741.6.peg.26.site.10, 2, 97, 99
349741.6.peg.26.site.11, 10, 97, 107
349741.6.peg.26.site.12, 9, 96, 105
349741.6.peg.26.site.13, 9, 96, 105
349741.6.peg.26.site.14, 9, 94, 103
349741.6.peg.26.site.15, 9, 95, 104
349741.6.peg.26.site.16, 20, 93, 113
349741.6.peg.26.site.17, 2, 96, 98
349741.6.peg.26.site.18, 10, 97, 107
349741.6.peg.26.site.19, 9, 95, 104
349741.6.peg.26.site.20, 1, 88, 89
349741.6.peg.26.site.21, 1, 88, 89
349741.6.peg.26.site.22, 31, 87, 118
349741.6.peg.26.site.23, 1, 87, 88
349741.6.peg.26.site.24, 2, 87, 89
349741.6.peg.26.site.25, 10, 94, 104
349741.6.peg.26.site.26, 27, 97, 124
349741.6.peg.26.site.27, 10, 97, 107
349741.6.peg.26.site.28, 10, 97, 107
349741.6.peg.26.site.29, 9, 97, 106
349741.6.peg.26.site.30, 0, 97, 97
349741.6.peg.26.site.31, 40, 97, 137
349741.6.peg.26.site.32, 5, 97, 102
349741.6.peg.26.site.33, 1, 97, 98
349741.6.peg.26.site.34, 0, 96, 96
349741.6.peg.26.site.35, 1, 92, 93
349741.6.peg.26.site.36, 17, 93, 110
349741.6.peg.26.site.37, 6, 91, 97
349741.6.peg.26.site.38, 2, 92, 94
349741.6.peg.26.site.39, 9, 94, 103
349741.6.peg.26.site.40, 2, 93, 95
349741.6.peg.26.site.41, 7, 93, 100
349741.6.peg.26.site.42, 13, 95, 108
349741.6.peg.26.site.43, 75, 95, 170
349741.6.peg.26.site.44, 9, 96, 105
349741.6.peg.26.site.45, 18, 97, 115
349741.6.peg.26.site.46, 8, 94, 102
349741.6.peg.26.site.47, 37, 94, 131
349741.6.peg.26.site.48, 7, 94, 101
349741.6.peg.26.site.49, 8, 94, 102
349741.6.peg.26.site.50, 8, 94, 102
349741.6.peg.26.site.51, 2, 95, 97
349741.6.peg.26.site.52, 7, 94, 101
349741.6.peg.26.site.53, 18, 95, 113
349741.6.peg.26.site.54, 12, 96, 108
349741.6.peg.26.site.55, 0, 97, 97
349741.6.peg.28.site.1, 5, 86, 91
349741.6.peg.28.site.2, 3, 97, 100
349741.6.peg.28.site.3, 3, 97, 100
349741.6.peg.28.site.4, 10, 97, 107
349741.6.peg.28.site.5, 0, 96, 96
349741.6.peg.28.site.6, 1, 97, 98
349741.6.peg.28.site.7, 3, 96, 99
349741.6.peg.28.site.8, 17, 95, 112
349741.6.peg.28.site.9, 35, 91, 126
349741.6.peg.28.site.10, 2, 93, 95
349741.6.peg.28.site.11, 2, 93, 95
349741.6.peg.28.site.12, 87, 94, 181
349741.6.peg.28.site.13, 1, 94, 95
349741.6.peg.28.site.14, 3, 93, 96
349741.6.peg.28.site.15, 1, 94, 95
349741.6.peg.28.site.16, 2, 94, 96
349741.6.peg.28.site.17, 55, 97, 152
349741.6.peg.774.site.1, 0, 75, 75
349741.6.peg.774.site.2, 16, 73, 89
349741.6.peg.774.site.3, 37, 96, 133
349741.6.peg.774.site.4, 37, 97, 134
349741.6.peg.774.site.5, 1, 97, 98
349741.6.peg.774.site.6, 2, 97, 99
349741.6.peg.774.site.7, 3, 97, 100
349741.6.peg.774.site.8, 3, 97, 100
349741.6.peg.774.site.9, 39, 96, 135
349741.6.peg.774.site.10, 39, 97, 136
349741.6.peg.774.site.11, 39, 97, 136
349741.6.peg.774.site.12, 0, 97, 97
349741.6.peg.774.site.13, 2, 97, 99
349741.6.peg.774.site.14, 39, 97, 136
349741.6.peg.774.site.15, 40, 97, 137
349741.6.peg.774.site.16, 9, 97, 106
349741.6.peg.774.site.17, 94, 97, 191
349741.6.peg.774.site.18, 3, 97, 100
349741.6.peg.774.site.19, 1, 97, 98
349741.6.peg.774.site.20, 39, 96, 135
349741.6.peg.774.site.21, 9, 96, 105
349741.6.peg.774.site.22, 41, 97, 138
349741.6.peg.774.site.23, 39, 97, 136
349741.6.peg.774.site.24, 39, 97, 136
349741.6.peg.774.site.25, 3, 97, 100
349741.6.peg.775.site.1, 0, 97, 97
349741.6.peg.775.site.2, 92, 97, 189
349741.6.peg.775.site.3, 0, 97, 97
349741.6.peg.775.site.4, 9, 96, 105
349741.6.peg.775.site.5, 38, 96, 134
349741.6.peg.775.site.6, 2, 97, 99
349741.6.peg.775.site.7, 1, 97, 98
349741.6.peg.775.site.8, 52, 97, 149
349741.6.peg.775.site.9, 10, 97, 107
349741.6.peg.775.site.10, 50, 97, 147
349741.6.peg.775.site.11, 3, 97, 100
349741.6.peg.775.site.12, 10, 97, 107
349741.6.peg.775.site.13, 10, 97, 107
349741.6.peg.775.site.14, 91, 97, 188
349741.6.peg.775.site.15, 39, 97, 136
349741.6.peg.775.site.16, 24, 96, 120
349741.6.peg.775.site.17, 31, 97, 128
349741.6.peg.775.site.18, 42, 97, 139
349741.6.peg.775.site.19, 82, 97, 179
349741.6.peg.775.site.20, 0, 96, 96
349741.6.peg.775.site.21, 4, 97, 101
349741.6.peg.775.site.22, 9, 97, 106
349741.6.peg.775.site.23, 73, 97, 170
349741.6.peg.775.site.24, 73, 97, 170
349741.6.peg.775.site.25, 0, 97, 97
349741.6.peg.775.site.26, 75, 97, 172
349741.6.peg.775.site.27, 75, 97, 172
349741.6.peg.775.site.28, 69, 97, 166
349741.6.peg.775.site.29, 64, 97, 161
349741.6.peg.775.site.30, 0, 97, 97
349741.6.peg.772.site.1, 29, 97, 126
349741.6.peg.772.site.2, 32, 97, 129
349741.6.peg.772.site.3, 29, 97, 126
349741.6.peg.772.site.4, 1, 97, 98
349741.6.peg.772.site.5, 11, 97, 108
349741.6.peg.772.site.6, 1, 97, 98
349741.6.peg.772.site.7, 37, 97, 134
349741.6.peg.772.site.8, 38, 97, 135
349741.6.peg.772.site.9, 1, 97, 98
349741.6.peg.772.site.10, 25, 97, 122
349741.6.peg.772.site.11, 38, 97, 135
349741.6.peg.772.site.12, 0, 96, 96
349741.6.peg.772.site.13, 38, 97, 135
349741.6.peg.772.site.14, 6, 97, 103
349741.6.peg.770.site.1, 15, 97, 112
349741.6.peg.770.site.2, 2, 95, 97
349741.6.peg.770.site.3, 22, 96, 118
349741.6.peg.770.site.4, 2, 91, 93
349741.6.peg.770.site.5, 2, 96, 98
349741.6.peg.770.site.6, 31, 96, 127
349741.6.peg.770.site.7, 64, 91, 155
349741.6.peg.770.site.8, 5, 90, 95
349741.6.peg.770.site.9, 0, 97, 97
349741.6.peg.770.site.10, 2, 97, 99
349741.6.peg.770.site.11, 2, 97, 99
349741.6.peg.770.site.12, 2, 65, 67
349741.6.peg.770.site.13, 3, 63, 66
349741.6.peg.770.site.14, 3, 48, 51
349741.6.peg.770.site.15, 28, 51, 79
349741.6.peg.770.site.16, 26, 79, 105
349741.6.peg.770.site.17, 29, 82, 111
349741.6.peg.770.site.18, 36, 89, 125
349741.6.peg.770.site.19, 42, 94, 136
349741.6.peg.770.site.20, 49, 95, 144
349741.6.peg.770.site.21, 0, 97, 97
349741.6.peg.770.site.22, 66, 97, 163
349741.6.peg.770.site.23, 95, 96, 191
349741.6.peg.770.site.24, 29, 97, 126
349741.6.peg.770.site.25, 12, 97, 109
349741.6.peg.557.site.1, 1, 79, 80
349741.6.peg.557.site.2, 1, 79, 80
349741.6.peg.557.site.3, 0, 79, 79
349741.6.peg.557.site.4, 5, 82, 87
349741.6.peg.557.site.5, 0, 82, 82
349741.6.peg.557.site.6, 41, 82, 123
349741.6.peg.557.site.7, 4, 82, 86
349741.6.peg.557.site.8, 1, 82, 83
349741.6.peg.557.site.9, 47, 82, 129
349741.6.peg.557.site.10, 47, 81, 128
349741.6.peg.557.site.11, 4, 84, 88
349741.6.peg.557.site.12, 4, 96, 100
349741.6.peg.557.site.13, 4, 96, 100
349741.6.peg.557.site.14, 4, 97, 101
349741.6.peg.557.site.15, 4, 97, 101
349741.6.peg.557.site.16, 16, 93, 109
349741.6.peg.557.site.17, 25, 93, 118
349741.6.peg.557.site.18, 0, 95, 95
349741.6.peg.557.site.19, 7, 97, 104
349741.6.peg.557.site.20, 4, 97, 101
349741.6.peg.557.site.21, 14, 95, 109
349741.6.peg.557.site.22, 4, 97, 101
349741.6.peg.557.site.23, 44, 96, 140
349741.6.peg.557.site.24, 22, 97, 119
349741.6.peg.557.site.25, 2, 97, 99
349741.6.peg.557.site.26, 6, 97, 103
349741.6.peg.557.site.27, 4, 97, 101
349741.6.peg.557.site.28, 18, 94, 112
349741.6.peg.557.site.29, 4, 97, 101
349741.6.peg.557.site.30, 2, 97, 99
349741.6.peg.557.site.31, 3, 95, 98
349741.6.peg.557.site.32, 21, 94, 115
349741.6.peg.557.site.33, 39, 90, 129
349741.6.peg.557.site.34, 1, 93, 94
349741.6.peg.557.site.35, 0, 96, 96
349741.6.peg.557.site.36, 0, 97, 97
349741.6.peg.557.site.37, 4, 97, 101
349741.6.peg.557.site.38, 23, 97, 120
349741.6.peg.557.site.39, 4, 95, 99
349741.6.peg.557.site.40, 3, 95, 98
349741.6.peg.557.site.41, 5, 94, 99
349741.6.peg.557.site.42, 4, 94, 98
349741.6.peg.557.site.43, 22, 94, 116
349741.6.peg.557.site.44, 7, 93, 100
349741.6.peg.557.site.45, 4, 94, 98
349741.6.peg.557.site.46, 4, 94, 98
349741.6.peg.557.site.47, 14, 94, 108
349741.6.peg.557.site.48, 4, 94, 98
349741.6.peg.557.site.49, 1, 94, 95
349741.6.peg.557.site.50, 24, 94, 118
349741.6.peg.557.site.51, 4, 97, 101
349741.6.peg.557.site.52, 3, 94, 97
349741.6.peg.557.site.53, 4, 95, 99
349741.6.peg.557.site.54, 17, 97, 114
349741.6.peg.557.site.55, 6, 97, 103
349741.6.peg.557.site.56, 20, 97, 117
349741.6.peg.557.site.57, 2, 95, 97
349741.6.peg.557.site.58, 2, 93, 95
349741.6.peg.554.site.1, 90, 97, 187
349741.6.peg.554.site.2, 74, 97, 171
349741.6.peg.554.site.3, 3, 97, 100
349741.6.peg.554.site.4, 48, 97, 145
349741.6.peg.554.site.5, 48, 97, 145
349741.6.peg.554.site.6, 2, 96, 98
349741.6.peg.554.site.7, 7, 97, 104
349741.6.peg.554.site.8, 4, 97, 101
349741.6.peg.554.site.9, 4, 97, 101
349741.6.peg.554.site.10, 1, 97, 98
349741.6.peg.554.site.11, 46, 96, 142
349741.6.peg.554.site.12, 35, 96, 131
349741.6.peg.554.site.13, 54, 96, 150
349741.6.peg.554.site.14, 51, 95, 146
349741.6.peg.554.site.15, 21, 94, 115
349741.6.peg.554.site.16, 4, 95, 99
349741.6.peg.554.site.17, 47, 95, 142
349741.6.peg.554.site.18, 2, 95, 97
349741.6.peg.554.site.19, 4, 96, 100
349741.6.peg.554.site.20, 34, 96, 130
349741.6.peg.554.site.21, 4, 96, 100
349741.6.peg.554.site.22, 30, 96, 126
349741.6.peg.554.site.23, 2, 97, 99
349741.6.peg.554.site.24, 38, 97, 135
349741.6.peg.554.site.25, 43, 97, 140
349741.6.peg.554.site.26, 37, 96, 133
349741.6.peg.554.site.27, 32, 97, 129
349741.6.peg.554.site.28, 91, 97, 188
349741.6.peg.554.site.29, 62, 97, 159
349741.6.peg.554.site.30, 19, 97, 116
349741.6.peg.554.site.31, 0, 97, 97
349741.6.peg.554.site.32, 6, 97, 103
349741.6.peg.554.site.33, 60, 92, 152
349741.6.peg.554.site.34, 1, 91, 92
349741.6.peg.554.site.35, 54, 88, 142
349741.6.peg.554.site.36, 4, 89, 93
349741.6.peg.554.site.37, 82, 93, 175
349741.6.peg.554.site.38, 6, 97, 103
349741.6.peg.554.site.39, 48, 87, 135
349741.6.peg.554.site.40, 57, 86, 143
349741.6.peg.554.site.41, 37, 72, 109
349741.6.peg.554.site.42, 25, 84, 109
349741.6.peg.554.site.43, 52, 87, 139
349741.6.peg.554.site.44, 53, 87, 140
349741.6.peg.554.site.45, 61, 96, 157
349741.6.peg.554.site.46, 4, 97, 101
349741.6.peg.554.site.47, 33, 97, 130
349741.6.peg.554.site.48, 62, 97, 159
349741.6.peg.555.site.1, 34, 73, 107
349741.6.peg.555.site.2, 22, 73, 95
349741.6.peg.555.site.3, 4, 39, 43
349741.6.peg.555.site.4, 12, 36, 48
349741.6.peg.555.site.5, 35, 35, 70
349741.6.peg.555.site.6, 23, 35, 58
349741.6.peg.555.site.7, 1, 36, 37
349741.6.peg.555.site.8, 8, 36, 44
349741.6.peg.555.site.9, 36, 37, 73
349741.6.peg.555.site.10, 4, 39, 43
349741.6.peg.555.site.11, 36, 66, 102
349741.6.peg.555.site.12, 6, 83, 89
349741.6.peg.555.site.13, 48, 83, 131
349741.6.peg.555.site.14, 40, 91, 131
349741.6.peg.555.site.15, 22, 95, 117
349741.6.peg.555.site.16, 46, 97, 143
349741.6.peg.555.site.17, 46, 97, 143
349741.6.peg.555.site.18, 1, 97, 98
349741.6.peg.555.site.19, 40, 96, 136
349741.6.peg.555.site.20, 4, 97, 101
349741.6.peg.555.site.21, 44, 97, 141
349741.6.peg.555.site.22, 4, 96, 100
349741.6.peg.555.site.23, 5, 97, 102
349741.6.peg.555.site.24, 37, 97, 134
349741.6.peg.555.site.25, 4, 97, 101
349741.6.peg.555.site.26, 4, 97, 101
349741.6.peg.555.site.27, 6, 97, 103
349741.6.peg.555.site.28, 2, 97, 99
349741.6.peg.555.site.29, 4, 97, 101
349741.6.peg.555.site.30, 44, 97, 141
349741.6.peg.555.site.31, 34, 87, 121
349741.6.peg.555.site.32, 12, 65, 77
349741.6.peg.555.site.33, 7, 78, 85
349741.6.peg.552.site.1, 52, 97, 149
349741.6.peg.552.site.2, 58, 96, 154
349741.6.peg.552.site.3, 4, 97, 101
349741.6.peg.552.site.4, 54, 97, 151
349741.6.peg.552.site.5, 18, 97, 115
349741.6.peg.552.site.6, 4, 97, 101
349741.6.peg.552.site.7, 49, 97, 146
349741.6.peg.552.site.8, 49, 97, 146
349741.6.peg.552.site.9, 0, 95, 95
349741.6.peg.552.site.10, 4, 96, 100
349741.6.peg.553.site.1, 33, 97, 130
349741.6.peg.553.site.2, 94, 97, 191
349741.6.peg.553.site.3, 37, 97, 134
349741.6.peg.553.site.4, 28, 97, 125
349741.6.peg.553.site.5, 16, 97, 113
349741.6.peg.553.site.6, 4, 97, 101
349741.6.peg.553.site.7, 4, 97, 101
349741.6.peg.553.site.8, 73, 97, 170
349741.6.peg.553.site.9, 16, 97, 113
349741.6.peg.553.site.10, 12, 97, 109
349741.6.peg.553.site.11, 17, 97, 114
349741.6.peg.553.site.12, 16, 97, 113
349741.6.peg.553.site.13, 13, 94, 107
349741.6.peg.553.site.14, 9, 90, 99
349741.6.peg.553.site.15, 7, 88, 95
349741.6.peg.553.site.16, 15, 96, 111
349741.6.peg.553.site.17, 3, 95, 98
349741.6.peg.553.site.18, 14, 95, 109
349741.6.peg.553.site.19, 16, 97, 113
349741.6.peg.553.site.20, 54, 97, 151
349741.6.peg.553.site.21, 38, 97, 135
349741.6.peg.553.site.22, 91, 97, 188
349741.6.peg.553.site.23, 52, 94, 146
349741.6.peg.558.site.1, 3, 96, 99
349741.6.peg.558.site.2, 0, 96, 96
349741.6.peg.558.site.3, 6, 97, 103
349741.6.peg.558.site.4, 4, 97, 101
349741.6.peg.558.site.5, 4, 97, 101
349741.6.peg.558.site.6, 19, 97, 116
349741.6.peg.558.site.7, 23, 97, 120
349741.6.peg.558.site.8, 4, 97, 101
349741.6.peg.558.site.9, 0, 97, 97
349741.6.peg.558.site.10, 4, 97, 101
349741.6.peg.558.site.11, 4, 95, 99
349741.6.peg.558.site.12, 4, 97, 101
349741.6.peg.558.site.13, 4, 97, 101
349741.6.peg.558.site.14, 4, 97, 101
349741.6.peg.558.site.15, 19, 97, 116
349741.6.peg.558.site.16, 4, 97, 101
349741.6.peg.558.site.17, 4, 97, 101
349741.6.peg.558.site.18, 1, 96, 97
349741.6.peg.558.site.19, 0, 96, 96
349741.6.peg.558.site.20, 2, 97, 99
349741.6.peg.558.site.21, 4, 96, 100
349741.6.peg.558.site.22, 16, 96, 112
349741.6.peg.558.site.23, 95, 97, 192
349741.6.peg.558.site.24, 64, 97, 161
349741.6.peg.558.site.25, 64, 97, 161
349741.6.peg.558.site.26, 1, 97, 98
349741.6.peg.558.site.27, 8, 97, 105
349741.6.peg.559.site.1, 13, 97, 110
349741.6.peg.559.site.2, 4, 97, 101
349741.6.peg.559.site.3, 12, 95, 107
349741.6.peg.559.site.4, 4, 96, 100
349741.6.peg.559.site.5, 4, 97, 101
349741.6.peg.559.site.6, 88, 97, 185
349741.6.peg.559.site.7, 44, 97, 141
349741.6.peg.559.site.8, 4, 97, 101
349741.6.peg.559.site.9, 6, 97, 103
349741.6.peg.559.site.10, 80, 97, 177
349741.6.peg.559.site.11, 90, 97, 187
349741.6.peg.559.site.12, 2, 95, 97
349741.6.peg.559.site.13, 0, 97, 97
349741.6.peg.559.site.14, 4, 96, 100
349741.6.peg.559.site.15, 4, 96, 100
349741.6.peg.559.site.16, 4, 96, 100
349741.6.peg.559.site.17, 5, 95, 100
349741.6.peg.559.site.18, 4, 97, 101
349741.6.peg.559.site.19, 11, 97, 108
349741.6.peg.559.site.20, 97, 97, 194
349741.6.peg.559.site.21, 1, 97, 98
349741.6.peg.559.site.22, 4, 97, 101
349741.6.peg.559.site.23, 6, 97, 103
349741.6.peg.559.site.24, 67, 97, 164
349741.6.peg.559.site.25, 4, 97, 101
349741.6.peg.559.site.26, 4, 97, 101
349741.6.peg.559.site.27, 96, 97, 193
349741.6.peg.559.site.28, 16, 97, 113
349741.6.peg.559.site.29, 13, 96, 109
349741.6.peg.559.site.30, 79, 96, 175
349741.6.peg.559.site.31, 6, 96, 102
349741.6.peg.559.site.32, 1, 94, 95
349741.6.peg.559.site.33, 78, 95, 173
349741.6.peg.559.site.34, 78, 95, 173
349741.6.peg.559.site.35, 2, 96, 98
349741.6.peg.559.site.36, 3, 97, 100
349741.6.peg.559.site.37, 12, 96, 108
349741.6.peg.174.site.1, 1, 96, 97
349741.6.peg.174.site.2, 1, 97, 98
349741.6.peg.174.site.3, 5, 97, 102
349741.6.peg.174.site.4, 6, 97, 103
349741.6.peg.174.site.5, 1, 97, 98
349741.6.peg.174.site.6, 81, 97, 178
349741.6.peg.174.site.7, 80, 97, 177
349741.6.peg.174.site.8, 81, 97, 178
349741.6.peg.174.site.9, 2, 97, 99
349741.6.peg.174.site.10, 1, 97, 98
349741.6.peg.174.site.11, 1, 97, 98
349741.6.peg.174.site.12, 81, 97, 178
349741.6.peg.174.site.13, 5, 97, 102
349741.6.peg.174.site.14, 6, 97, 103
349741.6.peg.174.site.15, 2, 97, 99
349741.6.peg.174.site.16, 85, 97, 182
349741.6.peg.174.site.17, 81, 97, 178
349741.6.peg.174.site.18, 80, 97, 177
349741.6.peg.174.site.19, 1, 97, 98
349741.6.peg.174.site.20, 83, 97, 180
349741.6.peg.174.site.21, 1, 97, 98
349741.6.peg.174.site.22, 5, 97, 102
349741.6.peg.174.site.23, 81, 97, 178
349741.6.peg.174.site.24, 81, 97, 178
349741.6.peg.174.site.25, 81, 96, 177
349741.6.peg.174.site.26, 68, 84, 152
349741.6.peg.174.site.27, 2, 73, 75
349741.6.peg.176.site.1, 81, 97, 178
349741.6.peg.176.site.2, 3, 97, 100
349741.6.peg.176.site.3, 3, 97, 100
349741.6.peg.176.site.4, 3, 85, 88
349741.6.peg.176.site.5, 1, 60, 61
349741.6.peg.176.site.6, 3, 19, 22
349741.6.peg.176.site.7, 10, 19, 29
349741.6.peg.176.site.8, 1, 37, 38
349741.6.peg.176.site.9, 38, 57, 95
349741.6.peg.176.site.10, 37, 56, 93
349741.6.peg.176.site.11, 3, 62, 65
349741.6.peg.176.site.12, 57, 73, 130
349741.6.peg.176.site.13, 66, 82, 148
349741.6.peg.176.site.14, 1, 94, 95
349741.6.peg.176.site.15, 75, 94, 169
349741.6.peg.176.site.16, 1, 97, 98
349741.6.peg.176.site.17, 76, 92, 168
349741.6.peg.176.site.18, 25, 41, 66
349741.6.peg.176.site.19, 1, 17, 18
349741.6.peg.176.site.20, 2, 16, 18
349741.6.peg.176.site.21, 2, 18, 20
349741.6.peg.176.site.22, 2, 21, 23
349741.6.peg.176.site.23, 22, 38, 60
349741.6.peg.176.site.24, 1, 92, 93
349741.6.peg.176.site.25, 1, 95, 96
349741.6.peg.176.site.26, 76, 92, 168
349741.6.peg.176.site.27, 2, 80, 82
349741.6.peg.170.site.1, 69, 91, 160
349741.6.peg.170.site.2, 49, 90, 139
349741.6.peg.170.site.3, 25, 90, 115
349741.6.peg.170.site.4, 2, 89, 91
349741.6.peg.170.site.5, 23, 89, 112
349741.6.peg.170.site.6, 12, 90, 102
349741.6.peg.170.site.7, 12, 90, 102
349741.6.peg.170.site.8, 0, 91, 91
349741.6.peg.170.site.9, 78, 94, 172
349741.6.peg.170.site.10, 93, 97, 190
349741.6.peg.170.site.11, 8, 97, 105
349741.6.peg.170.site.12, 22, 97, 119
349741.6.peg.170.site.13, 13, 97, 110
349741.6.peg.170.site.14, 2, 95, 97
349741.6.peg.170.site.15, 2, 93, 95
349741.6.peg.170.site.16, 20, 95, 115
349741.6.peg.170.site.17, 49, 96, 145
349741.6.peg.170.site.18, 30, 94, 124
349741.6.peg.170.site.19, 46, 88, 134
349741.6.peg.170.site.20, 2, 87, 89
349741.6.peg.170.site.21, 22, 87, 109
349741.6.peg.170.site.22, 21, 84, 105
349741.6.peg.170.site.23, 18, 74, 92
349741.6.peg.170.site.24, 39, 58, 97
349741.6.peg.170.site.25, 13, 49, 62
349741.6.peg.170.site.26, 30, 49, 79
349741.6.peg.170.site.27, 16, 54, 70
349741.6.peg.170.site.28, 11, 81, 92
349741.6.peg.170.site.29, 55, 85, 140
349741.6.peg.170.site.30, 6, 94, 100
349741.6.peg.170.site.31, 29, 92, 121
349741.6.peg.170.site.32, 1, 93, 94
349741.6.peg.170.site.33, 29, 97, 126
349741.6.peg.170.site.34, 5, 97, 102
349741.6.peg.170.site.35, 74, 93, 167
349741.6.peg.170.site.36, 2, 93, 95
349741.6.peg.170.site.37, 2, 90, 92
349741.6.peg.170.site.38, 19, 87, 106
349741.6.peg.170.site.39, 2, 96, 98
349741.6.peg.170.site.40, 20, 94, 114
349741.6.peg.170.site.41, 7, 96, 103
349741.6.peg.170.site.42, 50, 97, 147
349741.6.peg.170.site.43, 8, 97, 105
349741.6.peg.171.site.1, 1, 96, 97
349741.6.peg.171.site.2, 55, 92, 147
349741.6.peg.171.site.3, 3, 91, 94
349741.6.peg.171.site.4, 25, 94, 119
349741.6.peg.171.site.5, 5, 94, 99
349741.6.peg.171.site.6, 4, 93, 97
349741.6.peg.171.site.7, 4, 97, 101
349741.6.peg.171.site.8, 2, 97, 99
349741.6.peg.171.site.9, 6, 97, 103
349741.6.peg.171.site.10, 83, 97, 180
349741.6.peg.171.site.11, 3, 97, 100
349741.6.peg.171.site.12, 5, 97, 102
349741.6.peg.171.site.13, 2, 97, 99
349741.6.peg.171.site.14, 4, 96, 100
349741.6.peg.171.site.15, 22, 91, 113
349741.6.peg.171.site.16, 1, 92, 93
349741.6.peg.171.site.17, 35, 94, 129
349741.6.peg.171.site.18, 3, 96, 99
349741.6.peg.171.site.19, 77, 81, 158
349741.6.peg.171.site.20, 4, 85, 89
349741.6.peg.171.site.21, 20, 96, 116
349741.6.peg.171.site.22, 56, 96, 152
349741.6.peg.171.site.23, 2, 97, 99
349741.6.peg.171.site.24, 2, 97, 99
349741.6.peg.171.site.25, 6, 97, 103
349741.6.peg.171.site.26, 5, 97, 102
349741.6.peg.171.site.27, 1, 97, 98
349741.6.peg.171.site.28, 5, 96, 101
349741.6.peg.171.site.29, 2, 97, 99
349741.6.peg.171.site.30, 87, 97, 184
349741.6.peg.171.site.31, 72, 94, 166
349741.6.peg.171.site.32, 20, 94, 114
349741.6.peg.171.site.33, 20, 95, 115
349741.6.peg.171.site.34, 16, 93, 109
349741.6.peg.171.site.35, 16, 95, 111
349741.6.peg.171.site.36, 41, 97, 138
349741.6.peg.171.site.37, 4, 97, 101
349741.6.peg.171.site.38, 28, 97, 125
349741.6.peg.171.site.39, 5, 97, 102
349741.6.peg.171.site.40, 7, 97, 104
349741.6.peg.171.site.41, 2, 97, 99
349741.6.peg.171.site.42, 57, 93, 150
349741.6.peg.171.site.43, 1, 90, 91
349741.6.peg.171.site.44, 0, 91, 91
349741.6.peg.171.site.45, 83, 91, 174
349741.6.peg.171.site.46, 73, 96, 169
349741.6.peg.171.site.47, 26, 97, 123
349741.6.peg.171.site.48, 5, 97, 102
349741.6.peg.171.site.49, 24, 97, 121
349741.6.peg.171.site.50, 5, 97, 102
349741.6.peg.171.site.51, 2, 97, 99
349741.6.peg.171.site.52, 4, 96, 100
349741.6.peg.171.site.53, 2, 94, 96
349741.6.peg.171.site.54, 85, 94, 179
349741.6.peg.171.site.55, 36, 97, 133
349741.6.peg.171.site.56, 5, 96, 101
349741.6.peg.171.site.57, 4, 96, 100
349741.6.peg.171.site.58, 41, 96, 137
349741.6.peg.171.site.59, 6, 97, 103
349741.6.peg.171.site.60, 5, 97, 102
349741.6.peg.171.site.61, 29, 97, 126
349741.6.peg.171.site.62, 14, 97, 111
349741.6.peg.173.site.1, 2, 75, 77
349741.6.peg.173.site.2, 40, 89, 129
349741.6.peg.173.site.3, 28, 95, 123
349741.6.peg.173.site.4, 1, 97, 98
349741.6.peg.173.site.5, 1, 96, 97
349741.6.peg.173.site.6, 48, 97, 145
349741.6.peg.173.site.7, 1, 94, 95
349741.6.peg.173.site.8, 26, 83, 109
349741.6.peg.173.site.9, 13, 75, 88
349741.6.peg.173.site.10, 49, 66, 115
349741.6.peg.173.site.11, 49, 62, 111
349741.6.peg.173.site.12, 50, 66, 116
349741.6.peg.173.site.13, 35, 51, 86
349741.6.peg.173.site.14, 1, 27, 28
349741.6.peg.173.site.15, 4, 20, 24
349741.6.peg.173.site.16, 4, 16, 20
349741.6.peg.173.site.17, 1, 27, 28
349741.6.peg.173.site.18, 14, 30, 44
349741.6.peg.173.site.19, 48, 96, 144
349741.6.peg.173.site.20, 1, 97, 98
349741.6.peg.173.site.21, 83, 91, 174
349741.6.peg.173.site.22, 2, 87, 89
349741.6.peg.173.site.23, 1, 65, 66
349741.6.peg.173.site.24, 44, 60, 104
349741.6.peg.173.site.25, 44, 60, 104
349741.6.peg.173.site.26, 65, 81, 146
349741.6.peg.173.site.27, 68, 83, 151
349741.6.peg.173.site.28, 78, 95, 173
349741.6.peg.173.site.29, 75, 92, 167
349741.6.peg.173.site.30, 2, 97, 99
349741.6.peg.173.site.31, 75, 97, 172
349741.6.peg.173.site.32, 1, 97, 98
349741.6.peg.173.site.33, 1, 97, 98
349741.6.peg.173.site.34, 81, 97, 178
349741.6.peg.173.site.35, 1, 97, 98
349741.6.peg.173.site.36, 6, 95, 101
349741.6.peg.178.site.1, 81, 97, 178
349741.6.peg.178.site.2, 81, 97, 178
349741.6.peg.178.site.3, 3, 94, 97
349741.6.peg.178.site.4, 70, 90, 160
349741.6.peg.178.site.5, 9, 25, 34
349741.6.peg.178.site.6, 16, 16, 32
349741.6.peg.178.site.7, 12, 28, 40
349741.6.peg.178.site.8, 26, 42, 68
349741.6.peg.178.site.9, 2, 85, 87
349741.6.peg.178.site.10, 3, 22, 25
349741.6.peg.178.site.11, 2, 96, 98
349741.6.peg.178.site.12, 1, 97, 98
349741.6.peg.178.site.13, 81, 96, 177
349741.6.peg.178.site.14, 2, 97, 99
349741.6.peg.178.site.15, 91, 95, 186
349741.6.peg.178.site.16, 76, 92, 168
349741.6.peg.178.site.17, 79, 95, 174
349741.6.peg.178.site.18, 80, 95, 175
349741.6.peg.178.site.19, 3, 96, 99
349741.6.peg.178.site.20, 78, 97, 175
349741.6.peg.178.site.21, 3, 97, 100
349741.6.peg.178.site.22, 0, 96, 96
349741.6.peg.178.site.23, 1, 97, 98
349741.6.peg.178.site.24, 1, 97, 98
349741.6.peg.178.site.25, 2, 97, 99
349741.6.peg.178.site.26, 3, 97, 100
349741.6.peg.178.site.27, 81, 97, 178
349741.6.peg.178.site.28, 3, 97, 100
349741.6.peg.178.site.29, 7, 97, 104
349741.6.peg.178.site.30, 7, 97, 104
349741.6.peg.178.site.31, 1, 97, 98
349741.6.peg.178.site.32, 1, 97, 98
349741.6.peg.178.site.33, 2, 97, 99
349741.6.peg.484.site.1, 2, 96, 98
349741.6.peg.484.site.2, 79, 94, 173
349741.6.peg.484.site.3, 79, 95, 174
349741.6.peg.484.site.4, 22, 96, 118
349741.6.peg.484.site.5, 2, 97, 99
349741.6.peg.484.site.6, 79, 97, 176
349741.6.peg.484.site.7, 2, 97, 99
349741.6.peg.484.site.8, 2, 97, 99
349741.6.peg.484.site.9, 83, 97, 180
349741.6.peg.484.site.10, 84, 96, 180
349741.6.peg.484.site.11, 3, 94, 97
349741.6.peg.484.site.12, 3, 95, 98
349741.6.peg.484.site.13, 81, 97, 178
349741.6.peg.484.site.14, 2, 97, 99
349741.6.peg.484.site.15, 4, 97, 101
349741.6.peg.484.site.16, 24, 97, 121
349741.6.peg.484.site.17, 24, 96, 120
349741.6.peg.484.site.18, 79, 96, 175
349741.6.peg.484.site.19, 79, 95, 174
349741.6.peg.484.site.20, 78, 94, 172
349741.6.peg.484.site.21, 2, 94, 96
349741.6.peg.484.site.22, 24, 94, 118
349741.6.peg.484.site.23, 79, 95, 174
349741.6.peg.484.site.24, 1, 96, 97
349741.6.peg.484.site.25, 79, 97, 176
349741.6.peg.484.site.26, 5, 97, 102
349741.6.peg.485.site.1, 1, 96, 97
349741.6.peg.485.site.2, 80, 96, 176
349741.6.peg.485.site.3, 81, 97, 178
349741.6.peg.485.site.4, 84, 97, 181
349741.6.peg.485.site.5, 2, 96, 98
349741.6.peg.485.site.6, 7, 95, 102
349741.6.peg.485.site.7, 80, 96, 176
349741.6.peg.485.site.8, 3, 90, 93
349741.6.peg.485.site.9, 8, 88, 96
349741.6.peg.485.site.10, 75, 91, 166
349741.6.peg.485.site.11, 0, 93, 93
349741.6.peg.485.site.12, 86, 95, 181
349741.6.peg.485.site.13, 2, 95, 97
349741.6.peg.485.site.14, 7, 95, 102
349741.6.peg.485.site.15, 8, 95, 103
349741.6.peg.485.site.16, 2, 97, 99
349741.6.peg.485.site.17, 79, 97, 176
349741.6.peg.485.site.18, 2, 97, 99
349741.6.peg.485.site.19, 2, 97, 99
349741.6.peg.485.site.20, 79, 97, 176
349741.6.peg.485.site.21, 2, 97, 99
349741.6.peg.485.site.22, 2, 97, 99
349741.6.peg.485.site.23, 8, 97, 105
349741.6.peg.485.site.24, 2, 97, 99
349741.6.peg.485.site.25, 85, 97, 182
349741.6.peg.485.site.26, 79, 97, 176
349741.6.peg.485.site.27, 10, 97, 107
349741.6.peg.485.site.28, 81, 97, 178
349741.6.peg.485.site.29, 2, 97, 99
349741.6.peg.485.site.30, 80, 97, 177
349741.6.peg.485.site.31, 4, 97, 101
349741.6.peg.485.site.32, 1, 95, 96
349741.6.peg.485.site.33, 8, 93, 101
349741.6.peg.485.site.34, 1, 93, 94
349741.6.peg.485.site.35, 72, 89, 161
349741.6.peg.485.site.36, 64, 81, 145
349741.6.peg.486.site.1, 78, 84, 162
349741.6.peg.486.site.2, 75, 91, 166
349741.6.peg.486.site.3, 1, 94, 95
349741.6.peg.486.site.4, 2, 97, 99
349741.6.peg.486.site.5, 3, 96, 99
349741.6.peg.486.site.6, 16, 96, 112
349741.6.peg.486.site.7, 3, 96, 99
349741.6.peg.486.site.8, 71, 96, 167
349741.6.peg.486.site.9, 2, 97, 99
349741.6.peg.486.site.10, 15, 97, 112
349741.6.peg.486.site.11, 83, 97, 180
349741.6.peg.486.site.12, 69, 96, 165
349741.6.peg.486.site.13, 2, 97, 99
349741.6.peg.486.site.14, 8, 97, 105
349741.6.peg.486.site.15, 4, 97, 101
349741.6.peg.486.site.16, 2, 95, 97
349741.6.peg.486.site.17, 3, 94, 97
349741.6.peg.486.site.18, 77, 94, 171
349741.6.peg.486.site.19, 2, 94, 96
349741.6.peg.486.site.20, 1, 93, 94
349741.6.peg.486.site.21, 1, 93, 94
349741.6.peg.486.site.22, 3, 96, 99
349741.6.peg.486.site.23, 4, 93, 97
349741.6.peg.486.site.24, 4, 93, 97
349741.6.peg.486.site.25, 70, 89, 159
349741.6.peg.486.site.26, 3, 89, 92
349741.6.peg.486.site.27, 2, 89, 91
349741.6.peg.486.site.28, 71, 88, 159
349741.6.peg.486.site.29, 71, 90, 161
349741.6.peg.486.site.30, 28, 53, 81
349741.6.peg.486.site.31, 2, 27, 29
349741.6.peg.486.site.32, 1, 26, 27
349741.6.peg.486.site.33, 7, 32, 39
349741.6.peg.486.site.34, 1, 58, 59
349741.6.peg.486.site.35, 1, 77, 78
349741.6.peg.486.site.36, 0, 83, 83
349741.6.peg.486.site.37, 56, 83, 139
349741.6.peg.486.site.38, 2, 85, 87
349741.6.peg.486.site.39, 0, 93, 93
349741.6.peg.486.site.40, 75, 92, 167
349741.6.peg.486.site.41, 65, 93, 158
349741.6.peg.486.site.42, 77, 94, 171
349741.6.peg.486.site.43, 75, 95, 170
349741.6.peg.486.site.44, 10, 96, 106
349741.6.peg.486.site.45, 10, 96, 106
349741.6.peg.486.site.46, 78, 95, 173
349741.6.peg.486.site.47, 79, 96, 175
349741.6.peg.486.site.48, 2, 96, 98
349741.6.peg.486.site.49, 80, 97, 177
349741.6.peg.486.site.50, 1, 97, 98
349741.6.peg.486.site.51, 60, 97, 157
349741.6.peg.486.site.52, 1, 97, 98
349741.6.peg.486.site.53, 30, 76, 106
349741.6.peg.486.site.54, 27, 73, 100
349741.6.peg.486.site.55, 48, 65, 113
349741.6.peg.480.site.1, 5, 97, 102
349741.6.peg.480.site.2, 2, 97, 99
349741.6.peg.480.site.3, 3, 97, 100
349741.6.peg.480.site.4, 3, 97, 100
349741.6.peg.480.site.5, 24, 97, 121
349741.6.peg.480.site.6, 2, 97, 99
349741.6.peg.480.site.7, 1, 97, 98
349741.6.peg.480.site.8, 78, 96, 174
349741.6.peg.480.site.9, 9, 97, 106
349741.6.peg.480.site.10, 2, 97, 99
349741.6.peg.480.site.11, 2, 97, 99
349741.6.peg.480.site.12, 2, 97, 99
349741.6.peg.480.site.13, 81, 97, 178
349741.6.peg.480.site.14, 71, 96, 167
349741.6.peg.480.site.15, 2, 97, 99
349741.6.peg.480.site.16, 2, 97, 99
349741.6.peg.480.site.17, 2, 97, 99
349741.6.peg.480.site.18, 2, 97, 99
349741.6.peg.480.site.19, 4, 96, 100
349741.6.peg.480.site.20, 1, 97, 98
349741.6.peg.480.site.21, 2, 94, 96
349741.6.peg.480.site.22, 2, 96, 98
349741.6.peg.480.site.23, 2, 94, 96
349741.6.peg.480.site.24, 2, 96, 98
349741.6.peg.480.site.25, 2, 95, 97
349741.6.peg.480.site.26, 13, 95, 108
349741.6.peg.480.site.27, 79, 97, 176
349741.6.peg.480.site.28, 2, 97, 99
349741.6.peg.480.site.29, 2, 97, 99
349741.6.peg.480.site.30, 7, 97, 104
349741.6.peg.480.site.31, 1, 97, 98
349741.6.peg.480.site.32, 12, 97, 109
349741.6.peg.480.site.33, 2, 97, 99
349741.6.peg.480.site.34, 2, 96, 98
349741.6.peg.480.site.35, 2, 96, 98
349741.6.peg.480.site.36, 2, 97, 99
349741.6.peg.480.site.37, 4, 97, 101
349741.6.peg.480.site.38, 24, 97, 121
349741.6.peg.480.site.39, 2, 97, 99
349741.6.peg.480.site.40, 0, 97, 97
349741.6.peg.480.site.41, 1, 96, 97
349741.6.peg.480.site.42, 1, 96, 97
349741.6.peg.480.site.43, 79, 95, 174
349741.6.peg.480.site.44, 2, 95, 97
349741.6.peg.480.site.45, 79, 96, 175
349741.6.peg.480.site.46, 95, 96, 191
349741.6.peg.480.site.47, 1, 96, 97
349741.6.peg.480.site.48, 2, 97, 99
349741.6.peg.481.site.1, 80, 97, 177
349741.6.peg.481.site.2, 0, 97, 97
349741.6.peg.481.site.3, 2, 97, 99
349741.6.peg.481.site.4, 2, 97, 99
349741.6.peg.481.site.5, 2, 97, 99
349741.6.peg.481.site.6, 79, 97, 176
349741.6.peg.481.site.7, 1, 95, 96
349741.6.peg.481.site.8, 14, 94, 108
349741.6.peg.481.site.9, 1, 96, 97
349741.6.peg.481.site.10, 1, 96, 97
349741.6.peg.481.site.11, 1, 95, 96
349741.6.peg.481.site.12, 1, 95, 96
349741.6.peg.481.site.13, 1, 95, 96
349741.6.peg.481.site.14, 12, 95, 107
349741.6.peg.481.site.15, 3, 95, 98
349741.6.peg.481.site.16, 1, 95, 96
349741.6.peg.481.site.17, 1, 95, 96
349741.6.peg.481.site.18, 4, 93, 97
349741.6.peg.481.site.19, 26, 87, 113
349741.6.peg.481.site.20, 70, 86, 156
349741.6.peg.481.site.21, 6, 89, 95
349741.6.peg.481.site.22, 72, 88, 160
349741.6.peg.481.site.23, 73, 89, 162
349741.6.peg.481.site.24, 75, 91, 166
349741.6.peg.481.site.25, 78, 94, 172
349741.6.peg.481.site.26, 81, 97, 178
349741.6.peg.481.site.27, 16, 97, 113
349741.6.peg.481.site.28, 80, 96, 176
349741.6.peg.481.site.29, 79, 97, 176
349741.6.peg.481.site.30, 80, 96, 176
349741.6.peg.481.site.31, 78, 96, 174
349741.6.peg.481.site.32, 4, 96, 100
349741.6.peg.481.site.33, 2, 95, 97
349741.6.peg.481.site.34, 2, 96, 98
349741.6.peg.481.site.35, 67, 82, 149
349741.6.peg.481.site.36, 1, 86, 87
349741.6.peg.481.site.37, 76, 92, 168
349741.6.peg.481.site.38, 75, 90, 165
349741.6.peg.481.site.39, 79, 95, 174
349741.6.peg.481.site.40, 78, 94, 172
349741.6.peg.481.site.41, 1, 96, 97
349741.6.peg.481.site.42, 1, 97, 98
349741.6.peg.481.site.43, 81, 97, 178
349741.6.peg.481.site.44, 79, 97, 176
349741.6.peg.481.site.45, 5, 97, 102
349741.6.peg.481.site.46, 8, 97, 105
349741.6.peg.481.site.47, 7, 97, 104
349741.6.peg.482.site.1, 2, 97, 99
349741.6.peg.482.site.2, 2, 97, 99
349741.6.peg.482.site.3, 80, 96, 176
349741.6.peg.482.site.4, 1, 96, 97
349741.6.peg.482.site.5, 2, 96, 98
349741.6.peg.482.site.6, 1, 96, 97
349741.6.peg.482.site.7, 3, 97, 100
349741.6.peg.482.site.8, 2, 97, 99
349741.6.peg.482.site.9, 2, 97, 99
349741.6.peg.482.site.10, 8, 96, 104
349741.6.peg.482.site.11, 78, 97, 175
349741.6.peg.482.site.12, 2, 97, 99
349741.6.peg.482.site.13, 1, 97, 98
349741.6.peg.482.site.14, 4, 96, 100
349741.6.peg.482.site.15, 31, 95, 126
349741.6.peg.482.site.16, 1, 96, 97
349741.6.peg.482.site.17, 1, 96, 97
349741.6.peg.482.site.18, 80, 94, 174
349741.6.peg.482.site.19, 2, 95, 97
349741.6.peg.482.site.20, 4, 95, 99
349741.6.peg.482.site.21, 1, 94, 95
349741.6.peg.482.site.22, 1, 94, 95
349741.6.peg.483.site.1, 79, 95, 174
349741.6.peg.483.site.2, 78, 95, 173
349741.6.peg.483.site.3, 1, 97, 98
349741.6.peg.483.site.4, 79, 97, 176
349741.6.peg.483.site.5, 81, 97, 178
349741.6.peg.483.site.6, 79, 95, 174
349741.6.peg.483.site.7, 2, 96, 98
349741.6.peg.483.site.8, 8, 95, 103
349741.6.peg.483.site.9, 80, 96, 176
349741.6.peg.483.site.10, 1, 68, 69
349741.6.peg.483.site.11, 8, 22, 30
349741.6.peg.483.site.12, 26, 42, 68
349741.6.peg.483.site.13, 54, 70, 124
349741.6.peg.483.site.14, 81, 95, 176
349741.6.peg.483.site.15, 2, 96, 98
349741.6.peg.483.site.16, 16, 96, 112
349741.6.peg.483.site.17, 2, 95, 97
349741.6.peg.483.site.18, 15, 95, 110
349741.6.peg.483.site.19, 1, 96, 97
349741.6.peg.483.site.20, 2, 93, 95
349741.6.peg.483.site.21, 80, 96, 176
349741.6.peg.483.site.22, 77, 93, 170
349741.6.peg.483.site.23, 2, 86, 88
349741.6.peg.483.site.24, 48, 64, 112
349741.6.peg.483.site.25, 51, 67, 118
349741.6.peg.483.site.26, 51, 67, 118
349741.6.peg.483.site.27, 73, 89, 162
349741.6.peg.483.site.28, 80, 96, 176
349741.6.peg.483.site.29, 2, 96, 98
349741.6.peg.483.site.30, 80, 96, 176
349741.6.peg.483.site.31, 79, 97, 176
349741.6.peg.483.site.32, 2, 97, 99
349741.6.peg.1487.site.1, 50, 54, 104
349741.6.peg.1487.site.2, 12, 62, 74
349741.6.peg.1487.site.3, 33, 91, 124
349741.6.peg.1487.site.4, 2, 86, 88
349741.6.peg.1487.site.5, 9, 76, 85
349741.6.peg.1487.site.6, 2, 56, 58
349741.6.peg.1487.site.7, 4, 53, 57
349741.6.peg.1487.site.8, 45, 80, 125
349741.6.peg.1487.site.9, 40, 91, 131
349741.6.peg.1487.site.10, 35, 94, 129
349741.6.peg.1487.site.11, 16, 96, 112
349741.6.peg.1487.site.12, 8, 95, 103
349741.6.peg.1487.site.13, 5, 92, 97
349741.6.peg.1487.site.14, 57, 91, 148
349741.6.peg.1487.site.15, 1, 96, 97
349741.6.peg.1487.site.16, 3, 95, 98
349741.6.peg.1487.site.17, 30, 91, 121
349741.6.peg.1487.site.18, 1, 89, 90
349741.6.peg.1487.site.19, 60, 86, 146
349741.6.peg.1487.site.20, 42, 95, 137
349741.6.peg.1487.site.21, 61, 96, 157
349741.6.peg.1487.site.22, 26, 97, 123
349741.6.peg.1484.site.1, 40, 97, 137
349741.6.peg.1484.site.2, 2, 95, 97
349741.6.peg.1484.site.3, 6, 92, 98
349741.6.peg.1484.site.4, 6, 96, 102
349741.6.peg.1485.site.1, 6, 97, 103
349741.6.peg.1485.site.2, 6, 97, 103
349741.6.peg.1485.site.3, 6, 97, 103
349741.6.peg.1485.site.4, 6, 97, 103
349741.6.peg.1485.site.5, 50, 97, 147
349741.6.peg.1485.site.6, 1, 97, 98
349741.6.peg.1485.site.7, 47, 97, 144
349741.6.peg.1485.site.8, 6, 97, 103
349741.6.peg.1485.site.9, 35, 97, 132
349741.6.peg.1485.site.10, 1, 97, 98
349741.6.peg.1485.site.11, 28, 96, 124
349741.6.peg.1485.site.12, 35, 94, 129
349741.6.peg.1485.site.13, 6, 95, 101
349741.6.peg.1485.site.14, 65, 97, 162
349741.6.peg.1485.site.15, 25, 97, 122
349741.6.peg.1485.site.16, 10, 97, 107
349741.6.peg.1485.site.17, 10, 97, 107
349741.6.peg.1485.site.18, 86, 96, 182
349741.6.peg.1485.site.19, 6, 93, 99
349741.6.peg.1485.site.20, 8, 92, 100
349741.6.peg.1485.site.21, 23, 97, 120
349741.6.peg.1485.site.22, 97, 97, 194
349741.6.peg.1485.site.23, 94, 97, 191
349741.6.peg.1485.site.24, 10, 97, 107
349741.6.peg.1485.site.25, 10, 97, 107
349741.6.peg.1485.site.26, 6, 93, 99
349741.6.peg.1485.site.27, 0, 92, 92
349741.6.peg.1485.site.28, 0, 88, 88
349741.6.peg.1485.site.29, 10, 97, 107
349741.6.peg.1485.site.30, 3, 97, 100
349741.6.peg.1485.site.31, 1, 96, 97
349741.6.peg.1485.site.32, 9, 92, 101
349741.6.peg.1485.site.33, 2, 72, 74
349741.6.peg.1485.site.34, 2, 76, 78
349741.6.peg.1485.site.35, 0, 82, 82
349741.6.peg.1485.site.36, 2, 91, 93
349741.6.peg.1485.site.37, 4, 90, 94
349741.6.peg.1485.site.38, 23, 87, 110
349741.6.peg.1485.site.39, 23, 87, 110
349741.6.peg.1485.site.40, 23, 87, 110
349741.6.peg.1485.site.41, 23, 87, 110
349741.6.peg.1485.site.42, 2, 89, 91
349741.6.peg.1485.site.43, 3, 90, 93
349741.6.peg.1485.site.44, 10, 97, 107
349741.6.peg.1485.site.45, 36, 97, 133
349741.6.peg.1485.site.46, 3, 90, 93
349741.6.peg.1485.site.47, 25, 87, 112
349741.6.peg.1485.site.48, 23, 87, 110
349741.6.peg.1485.site.49, 46, 87, 133
349741.6.peg.1485.site.50, 2, 86, 88
349741.6.peg.1485.site.51, 2, 89, 91
349741.6.peg.1485.site.52, 86, 95, 181
349741.6.peg.1485.site.53, 2, 96, 98
349741.6.peg.1485.site.54, 2, 94, 96
349741.6.peg.1485.site.55, 3, 97, 100
349741.6.peg.1485.site.56, 2, 97, 99
349741.6.peg.1485.site.57, 29, 95, 124
349741.6.peg.1485.site.58, 81, 95, 176
349741.6.peg.1485.site.59, 25, 87, 112
349741.6.peg.1485.site.60, 10, 89, 99
349741.6.peg.1485.site.61, 32, 96, 128
349741.6.peg.1485.site.62, 10, 97, 107
349741.6.peg.1485.site.63, 18, 97, 115
349741.6.peg.1485.site.64, 21, 97, 118
349741.6.peg.1485.site.65, 2, 97, 99
349741.6.peg.1485.site.66, 34, 97, 131
349741.6.peg.1485.site.67, 14, 96, 110
349741.6.peg.1485.site.68, 4, 87, 91
349741.6.peg.1485.site.69, 7, 84, 91
349741.6.peg.1485.site.70, 16, 79, 95
349741.6.peg.489.site.1, 2, 81, 83
349741.6.peg.489.site.2, 2, 81, 83
349741.6.peg.489.site.3, 40, 62, 102
349741.6.peg.489.site.4, 38, 54, 92
349741.6.peg.489.site.5, 3, 45, 48
349741.6.peg.489.site.6, 21, 41, 62
349741.6.peg.489.site.7, 4, 36, 40
349741.6.peg.489.site.8, 20, 37, 57
349741.6.peg.489.site.9, 2, 34, 36
349741.6.peg.489.site.10, 5, 22, 27
349741.6.peg.489.site.11, 4, 17, 21
349741.6.peg.489.site.12, 2, 17, 19
349741.6.peg.489.site.13, 60, 77, 137
349741.6.peg.489.site.14, 68, 85, 153
349741.6.peg.489.site.15, 64, 81, 145
349741.6.peg.489.site.16, 66, 83, 149
349741.6.peg.489.site.17, 69, 86, 155
349741.6.peg.489.site.18, 85, 92, 177
349741.6.peg.489.site.19, 9, 96, 105
349741.6.peg.489.site.20, 4, 93, 97
349741.6.peg.489.site.21, 4, 91, 95
349741.6.peg.489.site.22, 2, 88, 90
349741.6.peg.489.site.23, 5, 84, 89
349741.6.peg.489.site.24, 0, 84, 84
349741.6.peg.489.site.25, 70, 87, 157
349741.6.peg.489.site.26, 69, 91, 160
349741.6.peg.489.site.27, 9, 95, 104
349741.6.peg.489.site.28, 2, 97, 99
349741.6.peg.489.site.29, 1, 96, 97
349741.6.peg.489.site.30, 10, 97, 107
349741.6.peg.489.site.31, 70, 97, 167
349741.6.peg.489.site.32, 46, 97, 143
349741.6.peg.489.site.33, 70, 97, 167
349741.6.peg.489.site.34, 70, 97, 167
349741.6.peg.489.site.35, 10, 97, 107
349741.6.peg.489.site.36, 70, 97, 167
349741.6.peg.489.site.37, 2, 97, 99
349741.6.peg.1480.site.1, 23, 80, 103
349741.6.peg.1480.site.2, 3, 83, 86
349741.6.peg.1480.site.3, 57, 85, 142
349741.6.peg.1480.site.4, 7, 87, 94
349741.6.peg.1480.site.5, 17, 97, 114
349741.6.peg.1480.site.6, 16, 96, 112
349741.6.peg.1480.site.7, 21, 91, 112
349741.6.peg.1480.site.8, 13, 90, 103
349741.6.peg.1480.site.9, 13, 93, 106
349741.6.peg.1480.site.10, 16, 97, 113
349741.6.peg.1480.site.11, 0, 96, 96
349741.6.peg.1480.site.12, 26, 96, 122
349741.6.peg.1480.site.13, 17, 97, 114
349741.6.peg.1480.site.14, 0, 97, 97
349741.6.peg.1480.site.15, 17, 96, 113
349741.6.peg.1480.site.16, 17, 96, 113
349741.6.peg.1480.site.17, 80, 97, 177
349741.6.peg.1480.site.18, 46, 97, 143
349741.6.peg.1480.site.19, 64, 97, 161
349741.6.peg.1480.site.20, 0, 97, 97
349741.6.peg.1480.site.21, 97, 97, 194
349741.6.peg.1480.site.22, 7, 97, 104
349741.6.peg.1481.site.1, 3, 74, 77
349741.6.peg.1481.site.2, 54, 97, 151
349741.6.peg.1481.site.3, 1, 97, 98
349741.6.peg.1481.site.4, 7, 97, 104
349741.6.peg.1481.site.5, 37, 97, 134
349741.6.peg.1481.site.6, 1, 97, 98
349741.6.peg.1481.site.7, 4, 97, 101
349741.6.peg.1481.site.8, 2, 97, 99
349741.6.peg.1481.site.9, 2, 97, 99
349741.6.peg.1481.site.10, 17, 97, 114
349741.6.peg.1481.site.11, 0, 97, 97
349741.6.peg.1481.site.12, 0, 97, 97
349741.6.peg.1481.site.13, 2, 97, 99
349741.6.peg.1481.site.14, 0, 97, 97
349741.6.peg.1481.site.15, 17, 97, 114
349741.6.peg.1481.site.16, 17, 97, 114
349741.6.peg.1481.site.17, 2, 95, 97
349741.6.peg.1481.site.18, 57, 95, 152
349741.6.peg.1481.site.19, 78, 97, 175
349741.6.peg.1481.site.20, 0, 97, 97
349741.6.peg.1481.site.21, 78, 94, 172
349741.6.peg.1481.site.22, 7, 79, 86
349741.6.peg.1481.site.23, 80, 80, 160
349741.6.peg.1734.site.1, 4, 97, 101
349741.6.peg.1734.site.2, 4, 96, 100
349741.6.peg.1734.site.3, 26, 97, 123
349741.6.peg.1734.site.4, 9, 96, 105
349741.6.peg.1734.site.5, 2, 95, 97
349741.6.peg.1734.site.6, 26, 96, 122
349741.6.peg.1734.site.7, 85, 95, 180
349741.6.peg.1734.site.8, 2, 91, 93
349741.6.peg.1734.site.9, 5, 93, 98
349741.6.peg.1734.site.10, 74, 97, 171
349741.6.peg.1735.site.1, 1, 27, 28
349741.6.peg.1735.site.2, 6, 29, 35
349741.6.peg.1735.site.3, 15, 40, 55
349741.6.peg.1735.site.4, 21, 46, 67
349741.6.peg.1735.site.5, 62, 87, 149
349741.6.peg.1735.site.6, 79, 97, 176
349741.6.peg.1735.site.7, 2, 97, 99
349741.6.peg.1735.site.8, 17, 96, 113
349741.6.peg.1735.site.9, 24, 97, 121
349741.6.peg.1735.site.10, 2, 97, 99
349741.6.peg.1735.site.11, 24, 97, 121
349741.6.peg.1735.site.12, 70, 95, 165
349741.6.peg.1735.site.13, 70, 95, 165
349741.6.peg.1735.site.14, 3, 95, 98
349741.6.peg.1735.site.15, 66, 91, 157
349741.6.peg.1735.site.16, 3, 62, 65
349741.6.peg.1735.site.17, 19, 36, 55
349741.6.peg.1735.site.18, 53, 79, 132
349741.6.peg.1735.site.19, 47, 89, 136
349741.6.peg.1735.site.20, 71, 92, 163
349741.6.peg.1735.site.21, 4, 89, 93
349741.6.peg.1735.site.22, 8, 90, 98
349741.6.peg.1735.site.23, 1, 90, 91
349741.6.peg.1735.site.24, 68, 94, 162
349741.6.peg.1735.site.25, 70, 96, 166
349741.6.peg.1735.site.26, 70, 96, 166
349741.6.peg.1735.site.27, 63, 88, 151
349741.6.peg.1736.site.1, 1, 97, 98
349741.6.peg.1736.site.2, 12, 97, 109
349741.6.peg.1736.site.3, 2, 97, 99
349741.6.peg.1736.site.4, 1, 96, 97
349741.6.peg.1736.site.5, 1, 96, 97
349741.6.peg.1736.site.6, 71, 97, 168
349741.6.peg.1736.site.7, 0, 96, 96
349741.6.peg.1736.site.8, 71, 97, 168
349741.6.peg.1736.site.9, 70, 95, 165
349741.6.peg.1736.site.10, 71, 96, 167
349741.6.peg.1736.site.11, 71, 97, 168
349741.6.peg.1736.site.12, 69, 95, 164
349741.6.peg.1736.site.13, 69, 94, 163
349741.6.peg.1736.site.14, 67, 92, 159
349741.6.peg.1736.site.15, 6, 94, 100
349741.6.peg.1736.site.16, 70, 95, 165
349741.6.peg.1736.site.17, 67, 92, 159
349741.6.peg.1736.site.18, 68, 91, 159
349741.6.peg.1736.site.19, 92, 95, 187
349741.6.peg.1736.site.20, 79, 94, 173
349741.6.peg.1736.site.21, 71, 96, 167
349741.6.peg.1736.site.22, 9, 97, 106
349741.6.peg.1736.site.23, 71, 97, 168
349741.6.peg.1736.site.24, 71, 97, 168
349741.6.peg.1736.site.25, 10, 97, 107
349741.6.peg.1736.site.26, 12, 97, 109
349741.6.peg.1736.site.27, 71, 97, 168
349741.6.peg.1736.site.28, 2, 96, 98
349741.6.peg.1736.site.29, 73, 96, 169
349741.6.peg.1736.site.30, 8, 96, 104
349741.6.peg.1736.site.31, 86, 93, 179
349741.6.peg.1736.site.32, 1, 96, 97
349741.6.peg.1736.site.33, 15, 97, 112
349741.6.peg.1736.site.34, 7, 97, 104
349741.6.peg.1736.site.35, 32, 97, 129
349741.6.peg.1736.site.36, 3, 97, 100
349741.6.peg.1736.site.37, 87, 97, 184
349741.6.peg.1736.site.38, 1, 97, 98
349741.6.peg.1736.site.39, 10, 97, 107
349741.6.peg.1736.site.40, 88, 96, 184
349741.6.peg.1736.site.41, 32, 97, 129
349741.6.peg.1736.site.42, 2, 95, 97
349741.6.peg.1736.site.43, 0, 96, 96
349741.6.peg.1736.site.44, 69, 94, 163
349741.6.peg.1736.site.45, 71, 97, 168
349741.6.peg.1736.site.46, 32, 97, 129
349741.6.peg.1736.site.47, 82, 97, 179
349741.6.peg.1736.site.48, 32, 97, 129
349741.6.peg.1736.site.49, 70, 97, 167
349741.6.peg.1736.site.50, 1, 97, 98
349741.6.peg.1736.site.51, 8, 97, 105
349741.6.peg.1736.site.52, 39, 97, 136
349741.6.peg.1736.site.53, 32, 97, 129
349741.6.peg.1736.site.54, 71, 97, 168
349741.6.peg.1736.site.55, 70, 96, 166
349741.6.peg.1736.site.56, 38, 96, 134
349741.6.peg.1736.site.57, 69, 95, 164
349741.6.peg.1736.site.58, 1, 89, 90
349741.6.peg.1736.site.59, 48, 74, 122
349741.6.peg.1736.site.60, 45, 70, 115
349741.6.peg.1736.site.61, 63, 63, 126
349741.6.peg.1736.site.62, 38, 63, 101
349741.6.peg.1736.site.63, 8, 60, 68
349741.6.peg.1736.site.64, 12, 58, 70
349741.6.peg.1736.site.65, 2, 66, 68
349741.6.peg.1736.site.66, 28, 82, 110
349741.6.peg.1736.site.67, 12, 84, 96
349741.6.peg.1736.site.68, 57, 83, 140
349741.6.peg.1736.site.69, 30, 94, 124
349741.6.peg.1736.site.70, 36, 92, 128
349741.6.peg.2318.site.1, 43, 97, 140
349741.6.peg.2318.site.2, 7, 97, 104
349741.6.peg.2318.site.3, 0, 97, 97
349741.6.peg.2318.site.4, 54, 97, 151
349741.6.peg.2318.site.5, 1, 97, 98
349741.6.peg.2318.site.6, 8, 97, 105
349741.6.peg.2318.site.7, 1, 96, 97
349741.6.peg.2318.site.8, 24, 94, 118
349741.6.peg.2318.site.9, 7, 95, 102
349741.6.peg.2318.site.10, 38, 97, 135
349741.6.peg.2318.site.11, 11, 97, 108
349741.6.peg.2318.site.12, 41, 96, 137
349741.6.peg.2318.site.13, 10, 96, 106
349741.6.peg.2318.site.14, 82, 87, 169
349741.6.peg.2318.site.15, 67, 91, 158
349741.6.peg.2318.site.16, 65, 93, 158
349741.6.peg.2318.site.17, 68, 95, 163
349741.6.peg.2318.site.18, 5, 93, 98
349741.6.peg.2318.site.19, 10, 94, 104
349741.6.peg.2318.site.20, 61, 89, 150
349741.6.peg.2318.site.21, 0, 76, 76
349741.6.peg.2318.site.22, 36, 68, 104
349741.6.peg.2318.site.23, 5, 64, 69
349741.6.peg.2318.site.24, 30, 59, 89
349741.6.peg.2318.site.25, 15, 36, 51
349741.6.peg.2318.site.26, 7, 28, 35
349741.6.peg.2318.site.27, 2, 35, 37
349741.6.peg.2318.site.28, 17, 37, 54
349741.6.peg.2318.site.29, 35, 56, 91
349741.6.peg.2318.site.30, 65, 86, 151
349741.6.peg.2318.site.31, 32, 90, 122
349741.6.peg.2318.site.32, 58, 97, 155
349741.6.peg.2318.site.33, 58, 97, 155
349741.6.peg.2318.site.34, 56, 97, 153
349741.6.peg.2318.site.35, 4, 88, 92
349741.6.peg.2318.site.36, 9, 93, 102
349741.6.peg.2318.site.37, 13, 96, 109
349741.6.peg.2318.site.38, 2, 97, 99
349741.6.peg.2318.site.39, 11, 97, 108
349741.6.peg.1731.site.1, 3, 96, 99
349741.6.peg.1731.site.2, 13, 88, 101
349741.6.peg.1731.site.3, 70, 80, 150
349741.6.peg.1731.site.4, 69, 79, 148
349741.6.peg.1731.site.5, 11, 78, 89
349741.6.peg.1731.site.6, 3, 78, 81
349741.6.peg.1731.site.7, 36, 69, 105
349741.6.peg.1731.site.8, 44, 73, 117
349741.6.peg.1731.site.9, 17, 81, 98
349741.6.peg.1731.site.10, 20, 85, 105
349741.6.peg.1731.site.11, 11, 97, 108
349741.6.peg.1731.site.12, 47, 97, 144
349741.6.peg.1731.site.13, 1, 97, 98
349741.6.peg.1731.site.14, 13, 97, 110
349741.6.peg.1731.site.15, 0, 97, 97
349741.6.peg.1731.site.16, 62, 97, 159
349741.6.peg.1731.site.17, 3, 97, 100
349741.6.peg.1731.site.18, 1, 97, 98
349741.6.peg.1731.site.19, 1, 97, 98
349741.6.peg.1731.site.20, 3, 97, 100
349741.6.peg.1731.site.21, 14, 92, 106
349741.6.peg.1731.site.22, 74, 94, 168
349741.6.peg.1731.site.23, 90, 97, 187
349741.6.peg.1731.site.24, 12, 96, 108
349741.6.peg.398.site.1, 81, 97, 178
349741.6.peg.398.site.2, 69, 97, 166
349741.6.peg.398.site.3, 28, 97, 125
349741.6.peg.398.site.4, 7, 95, 102
349741.6.peg.398.site.5, 5, 95, 100
349741.6.peg.398.site.6, 2, 96, 98
349741.6.peg.398.site.7, 25, 96, 121
349741.6.peg.398.site.8, 27, 96, 123
349741.6.peg.398.site.9, 2, 96, 98
349741.6.peg.398.site.10, 2, 97, 99
349741.6.peg.398.site.11, 25, 97, 122
349741.6.peg.398.site.12, 2, 97, 99
349741.6.peg.398.site.13, 1, 96, 97
349741.6.peg.398.site.14, 0, 96, 96
349741.6.peg.398.site.15, 1, 96, 97
349741.6.peg.398.site.16, 9, 97, 106
349741.6.peg.398.site.17, 5, 97, 102
349741.6.peg.399.site.1, 27, 97, 124
349741.6.peg.399.site.2, 0, 97, 97
349741.6.peg.399.site.3, 11, 97, 108
349741.6.peg.399.site.4, 1, 97, 98
349741.6.peg.399.site.5, 17, 97, 114
349741.6.peg.399.site.6, 28, 97, 125
349741.6.peg.399.site.7, 28, 96, 124
349741.6.peg.399.site.8, 0, 97, 97
349741.6.peg.399.site.9, 52, 96, 148
349741.6.peg.399.site.10, 17, 97, 114
349741.6.peg.399.site.11, 2, 97, 99
349741.6.peg.399.site.12, 30, 97, 127
349741.6.peg.399.site.13, 26, 97, 123
349741.6.peg.399.site.14, 10, 97, 107
349741.6.peg.399.site.15, 30, 97, 127
349741.6.peg.390.site.1, 41, 96, 137
349741.6.peg.390.site.2, 32, 96, 128
349741.6.peg.390.site.3, 32, 96, 128
349741.6.peg.390.site.4, 9, 96, 105
349741.6.peg.390.site.5, 70, 84, 154
349741.6.peg.390.site.6, 2, 42, 44
349741.6.peg.390.site.7, 12, 35, 47
349741.6.peg.390.site.8, 7, 93, 100
349741.6.peg.390.site.9, 73, 96, 169
349741.6.peg.390.site.10, 0, 96, 96
349741.6.peg.390.site.11, 68, 96, 164
349741.6.peg.390.site.12, 36, 59, 95
349741.6.peg.390.site.13, 22, 45, 67
349741.6.peg.390.site.14, 65, 88, 153
349741.6.peg.391.site.1, 60, 97, 157
349741.6.peg.391.site.2, 87, 97, 184
349741.6.peg.391.site.3, 72, 95, 167
349741.6.peg.391.site.4, 65, 88, 153
349741.6.peg.391.site.5, 2, 63, 65
349741.6.peg.391.site.6, 4, 27, 31
349741.6.peg.391.site.7, 18, 41, 59
349741.6.peg.391.site.8, 22, 66, 88
349741.6.peg.391.site.9, 60, 83, 143
349741.6.peg.391.site.10, 68, 91, 159
349741.6.peg.391.site.11, 2, 97, 99
349741.6.peg.391.site.12, 74, 97, 171
349741.6.peg.391.site.13, 16, 96, 112
349741.6.peg.391.site.14, 1, 97, 98
349741.6.peg.391.site.15, 8, 97, 105
349741.6.peg.391.site.16, 2, 97, 99
349741.6.peg.391.site.17, 2, 92, 94
349741.6.peg.391.site.18, 81, 92, 173
349741.6.peg.392.site.1, 5, 88, 93
349741.6.peg.392.site.2, 2, 94, 96
349741.6.peg.392.site.3, 1, 96, 97
349741.6.peg.392.site.4, 79, 97, 176
349741.6.peg.392.site.5, 79, 97, 176
349741.6.peg.392.site.6, 77, 97, 174
349741.6.peg.392.site.7, 71, 89, 160
349741.6.peg.392.site.8, 68, 88, 156
349741.6.peg.392.site.9, 71, 89, 160
349741.6.peg.392.site.10, 77, 97, 174
349741.6.peg.392.site.11, 59, 97, 156
349741.6.peg.392.site.12, 7, 97, 104
349741.6.peg.392.site.13, 34, 97, 131
349741.6.peg.392.site.14, 24, 97, 121
349741.6.peg.392.site.15, 50, 97, 147
349741.6.peg.392.site.16, 10, 97, 107
349741.6.peg.392.site.17, 58, 78, 136
349741.6.peg.392.site.18, 53, 73, 126
349741.6.peg.392.site.19, 18, 66, 84
349741.6.peg.392.site.20, 18, 56, 74
349741.6.peg.392.site.21, 62, 80, 142
349741.6.peg.392.site.22, 69, 88, 157
349741.6.peg.392.site.23, 0, 97, 97
349741.6.peg.392.site.24, 2, 97, 99
349741.6.peg.392.site.25, 2, 97, 99
349741.6.peg.392.site.26, 79, 97, 176
349741.6.peg.392.site.27, 65, 83, 148
349741.6.peg.392.site.28, 1, 76, 77
349741.6.peg.392.site.29, 57, 75, 132
349741.6.peg.392.site.30, 1, 81, 82
349741.6.peg.392.site.31, 62, 80, 142
349741.6.peg.392.site.32, 77, 89, 166
349741.6.peg.392.site.33, 0, 93, 93
349741.6.peg.392.site.34, 2, 90, 92
349741.6.peg.392.site.35, 1, 90, 91
349741.6.peg.392.site.36, 66, 90, 156
349741.6.peg.392.site.37, 6, 95, 101
349741.6.peg.392.site.38, 9, 96, 105
349741.6.peg.392.site.39, 78, 95, 173
349741.6.peg.392.site.40, 73, 93, 166
349741.6.peg.392.site.41, 13, 91, 104
349741.6.peg.392.site.42, 3, 96, 99
349741.6.peg.392.site.43, 1, 96, 97
349741.6.peg.392.site.44, 8, 95, 103
349741.6.peg.392.site.45, 75, 96, 171
349741.6.peg.392.site.46, 65, 96, 161
349741.6.peg.392.site.47, 2, 96, 98
349741.6.peg.392.site.48, 60, 94, 154
349741.6.peg.392.site.49, 3, 95, 98
349741.6.peg.392.site.50, 4, 93, 97
349741.6.peg.392.site.51, 58, 89, 147
349741.6.peg.392.site.52, 91, 91, 182
349741.6.peg.392.site.53, 61, 93, 154
349741.6.peg.392.site.54, 69, 97, 166
349741.6.peg.392.site.55, 9, 97, 106
349741.6.peg.392.site.56, 0, 97, 97
349741.6.peg.392.site.57, 32, 97, 129
349741.6.peg.392.site.58, 4, 96, 100
349741.6.peg.392.site.59, 32, 97, 129
349741.6.peg.392.site.60, 68, 97, 165
349741.6.peg.392.site.61, 87, 97, 184
349741.6.peg.392.site.62, 2, 97, 99
349741.6.peg.394.site.1, 2, 91, 93
349741.6.peg.394.site.2, 6, 92, 98
349741.6.peg.394.site.3, 5, 94, 99
349741.6.peg.394.site.4, 1, 97, 98
349741.6.peg.394.site.5, 1, 97, 98
349741.6.peg.394.site.6, 6, 97, 103
349741.6.peg.394.site.7, 5, 97, 102
349741.6.peg.394.site.8, 6, 97, 103
349741.6.peg.394.site.9, 1, 97, 98
349741.6.peg.394.site.10, 13, 97, 110
349741.6.peg.394.site.11, 13, 97, 110
349741.6.peg.394.site.12, 59, 97, 156
349741.6.peg.394.site.13, 13, 97, 110
349741.6.peg.394.site.14, 5, 96, 101
349741.6.peg.394.site.15, 5, 94, 99
349741.6.peg.394.site.16, 5, 95, 100
349741.6.peg.394.site.17, 6, 93, 99
349741.6.peg.394.site.18, 59, 95, 154
349741.6.peg.394.site.19, 90, 95, 185
349741.6.peg.394.site.20, 6, 95, 101
349741.6.peg.394.site.21, 0, 95, 95
349741.6.peg.394.site.22, 56, 96, 152
349741.6.peg.394.site.23, 7, 94, 101
349741.6.peg.394.site.24, 0, 94, 94
349741.6.peg.394.site.25, 9, 94, 103
349741.6.peg.394.site.26, 15, 95, 110
349741.6.peg.394.site.27, 1, 96, 97
349741.6.peg.394.site.28, 13, 96, 109
349741.6.peg.394.site.29, 6, 96, 102
349741.6.peg.394.site.30, 6, 95, 101
349741.6.peg.394.site.31, 16, 96, 112
349741.6.peg.394.site.32, 13, 92, 105
349741.6.peg.394.site.33, 17, 91, 108
349741.6.peg.394.site.34, 80, 83, 163
349741.6.peg.394.site.35, 1, 90, 91
349741.6.peg.394.site.36, 14, 93, 107
349741.6.peg.394.site.37, 7, 94, 101
349741.6.peg.394.site.38, 52, 92, 144
349741.6.peg.394.site.39, 5, 95, 100
349741.6.peg.394.site.40, 24, 95, 119
349741.6.peg.394.site.41, 42, 94, 136
349741.6.peg.394.site.42, 1, 95, 96
349741.6.peg.394.site.43, 91, 97, 188
349741.6.peg.394.site.44, 5, 97, 102
349741.6.peg.394.site.45, 60, 97, 157
349741.6.peg.394.site.46, 58, 97, 155
349741.6.peg.394.site.47, 6, 97, 103
349741.6.peg.394.site.48, 6, 97, 103
349741.6.peg.394.site.49, 26, 97, 123
349741.6.peg.394.site.50, 97, 97, 194
349741.6.peg.394.site.51, 2, 97, 99
349741.6.peg.394.site.52, 62, 97, 159
349741.6.peg.394.site.53, 1, 97, 98
349741.6.peg.394.site.54, 1, 97, 98
349741.6.peg.394.site.55, 8, 97, 105
349741.6.peg.395.site.1, 14, 94, 108
349741.6.peg.395.site.2, 0, 89, 89
349741.6.peg.395.site.3, 14, 87, 101
349741.6.peg.395.site.4, 80, 90, 170
349741.6.peg.395.site.5, 44, 94, 138
349741.6.peg.395.site.6, 59, 92, 151
349741.6.peg.395.site.7, 62, 95, 157
349741.6.peg.395.site.8, 63, 95, 158
349741.6.peg.395.site.9, 1, 94, 95
349741.6.peg.395.site.10, 0, 94, 94
349741.6.peg.395.site.11, 94, 94, 188
349741.6.peg.395.site.12, 95, 95, 190
349741.6.peg.395.site.13, 8, 97, 105
349741.6.peg.395.site.14, 1, 97, 98
349741.6.peg.395.site.15, 97, 97, 194
349741.6.peg.396.site.1, 57, 97, 154
349741.6.peg.396.site.2, 29, 97, 126
349741.6.peg.396.site.3, 3, 97, 100
349741.6.peg.396.site.4, 8, 97, 105
349741.6.peg.396.site.5, 2, 96, 98
349741.6.peg.396.site.6, 7, 97, 104
349741.6.peg.396.site.7, 17, 95, 112
349741.6.peg.396.site.8, 96, 96, 192
349741.6.peg.396.site.9, 6, 95, 101
349741.6.peg.396.site.10, 4, 94, 98
349741.6.peg.396.site.11, 4, 95, 99
349741.6.peg.396.site.12, 0, 97, 97
349741.6.peg.396.site.13, 2, 97, 99
349741.6.peg.1688.site.1, 17, 96, 113
349741.6.peg.1688.site.2, 39, 95, 134
349741.6.peg.1688.site.3, 0, 79, 79
349741.6.peg.1688.site.4, 40, 96, 136
349741.6.peg.1688.site.5, 1, 97, 98
349741.6.peg.1688.site.6, 96, 97, 193
349741.6.peg.1688.site.7, 6, 97, 103
349741.6.peg.1688.site.8, 12, 97, 109
349741.6.peg.1688.site.9, 2, 97, 99
349741.6.peg.1688.site.10, 0, 97, 97
349741.6.peg.1688.site.11, 29, 97, 126
349741.6.peg.1688.site.12, 3, 97, 100
349741.6.peg.1688.site.13, 7, 97, 104
349741.6.peg.1688.site.14, 2, 97, 99
349741.6.peg.1688.site.15, 1, 97, 98
349741.6.peg.1688.site.16, 1, 97, 98
349741.6.peg.1688.site.17, 2, 97, 99
349741.6.peg.1688.site.18, 89, 97, 186
349741.6.peg.1688.site.19, 18, 97, 115
349741.6.peg.1688.site.20, 94, 97, 191
349741.6.peg.1688.site.21, 2, 97, 99
349741.6.peg.1688.site.22, 62, 96, 158
349741.6.peg.1688.site.23, 5, 97, 102
349741.6.peg.1688.site.24, 2, 97, 99
349741.6.peg.1688.site.25, 2, 97, 99
349741.6.peg.1688.site.26, 38, 97, 135
349741.6.peg.1688.site.27, 2, 97, 99
349741.6.peg.287.site.1, 67, 92, 159
349741.6.peg.287.site.2, 68, 95, 163
349741.6.peg.287.site.3, 0, 94, 94
349741.6.peg.287.site.4, 0, 95, 95
349741.6.peg.287.site.5, 0, 95, 95
349741.6.peg.287.site.6, 0, 94, 94
349741.6.peg.287.site.7, 86, 94, 180
349741.6.peg.287.site.8, 21, 94, 115
349741.6.peg.287.site.9, 0, 95, 95
349741.6.peg.287.site.10, 1, 95, 96
349741.6.peg.287.site.11, 1, 95, 96
349741.6.peg.287.site.12, 1, 95, 96
349741.6.peg.287.site.13, 0, 95, 95
349741.6.peg.952.site.1, 0, 97, 97
349741.6.peg.952.site.2, 1, 96, 97
349741.6.peg.952.site.3, 1, 97, 98
349741.6.peg.952.site.4, 1, 97, 98
349741.6.peg.952.site.5, 83, 97, 180
349741.6.peg.952.site.6, 1, 97, 98
349741.6.peg.952.site.7, 0, 97, 97
349741.6.peg.953.site.1, 0, 97, 97
349741.6.peg.950.site.1, 6, 96, 102
349741.6.peg.950.site.2, 0, 97, 97
349741.6.peg.950.site.3, 96, 96, 192
349741.6.peg.950.site.4, 5, 96, 101
349741.6.peg.950.site.5, 1, 92, 93
349741.6.peg.950.site.6, 9, 97, 106
349741.6.peg.950.site.7, 5, 97, 102
349741.6.peg.950.site.8, 97, 97, 194
349741.6.peg.950.site.9, 10, 97, 107
349741.6.peg.950.site.10, 0, 94, 94
349741.6.peg.950.site.11, 83, 93, 176
349741.6.peg.950.site.12, 82, 92, 174
349741.6.peg.950.site.13, 78, 91, 169
349741.6.peg.950.site.14, 0, 90, 90
349741.6.peg.950.site.15, 91, 91, 182
349741.6.peg.950.site.16, 2, 92, 94
349741.6.peg.950.site.17, 2, 91, 93
349741.6.peg.950.site.18, 1, 91, 92
349741.6.peg.950.site.19, 1, 92, 93
349741.6.peg.950.site.20, 78, 92, 170
349741.6.peg.950.site.21, 13, 91, 104
349741.6.peg.950.site.22, 2, 92, 94
349741.6.peg.950.site.23, 78, 91, 169
349741.6.peg.950.site.24, 1, 91, 92
349741.6.peg.950.site.25, 2, 92, 94
349741.6.peg.950.site.26, 1, 91, 92
349741.6.peg.950.site.27, 5, 96, 101
349741.6.peg.951.site.1, 2, 96, 98
349741.6.peg.951.site.2, 1, 97, 98
349741.6.peg.951.site.3, 3, 97, 100
349741.6.peg.956.site.1, 6, 97, 103
349741.6.peg.956.site.2, 2, 97, 99
349741.6.peg.957.site.1, 76, 96, 172
349741.6.peg.957.site.2, 80, 97, 177
349741.6.peg.957.site.3, 6, 96, 102
349741.6.peg.957.site.4, 0, 97, 97
349741.6.peg.957.site.5, 2, 97, 99
349741.6.peg.957.site.6, 10, 97, 107
349741.6.peg.954.site.1, 15, 97, 112
349741.6.peg.954.site.2, 82, 97, 179
349741.6.peg.954.site.3, 96, 97, 193
349741.6.peg.954.site.4, 78, 96, 174
349741.6.peg.954.site.5, 17, 97, 114
349741.6.peg.954.site.6, 6, 97, 103
349741.6.peg.954.site.7, 2, 97, 99
349741.6.peg.954.site.8, 44, 97, 141
349741.6.peg.954.site.9, 13, 97, 110
349741.6.peg.954.site.10, 97, 97, 194
349741.6.peg.954.site.11, 78, 97, 175
349741.6.peg.954.site.12, 7, 96, 103
349741.6.peg.954.site.13, 2, 96, 98
349741.6.peg.954.site.14, 70, 94, 164
349741.6.peg.954.site.15, 72, 94, 166
349741.6.peg.954.site.16, 4, 96, 100
349741.6.peg.954.site.17, 70, 95, 165
349741.6.peg.954.site.18, 5, 94, 99
349741.6.peg.954.site.19, 2, 93, 95
349741.6.peg.954.site.20, 90, 95, 185
349741.6.peg.954.site.21, 2, 96, 98
349741.6.peg.954.site.22, 95, 96, 191
349741.6.peg.954.site.23, 0, 92, 92
349741.6.peg.954.site.24, 0, 97, 97
349741.6.peg.954.site.25, 83, 97, 180
349741.6.peg.954.site.26, 2, 96, 98
349741.6.peg.954.site.27, 3, 97, 100
349741.6.peg.954.site.28, 0, 97, 97
349741.6.peg.954.site.29, 83, 97, 180
349741.6.peg.955.site.1, 6, 92, 98
349741.6.peg.955.site.2, 3, 97, 100
349741.6.peg.955.site.3, 2, 95, 97
349741.6.peg.955.site.4, 3, 95, 98
349741.6.peg.955.site.5, 0, 95, 95
349741.6.peg.955.site.6, 2, 97, 99
349741.6.peg.955.site.7, 78, 96, 174
349741.6.peg.955.site.8, 81, 97, 178
349741.6.peg.955.site.9, 79, 97, 176
349741.6.peg.955.site.10, 3, 97, 100
349741.6.peg.955.site.11, 72, 97, 169
349741.6.peg.955.site.12, 5, 97, 102
349741.6.peg.955.site.13, 76, 97, 173
349741.6.peg.955.site.14, 0, 97, 97
349741.6.peg.955.site.15, 0, 97, 97
349741.6.peg.955.site.16, 78, 96, 174
349741.6.peg.955.site.17, 2, 97, 99
349741.6.peg.955.site.18, 2, 97, 99
349741.6.peg.955.site.19, 2, 97, 99
349741.6.peg.958.site.1, 73, 97, 170
349741.6.peg.958.site.2, 65, 89, 154
349741.6.peg.958.site.3, 1, 97, 98
349741.6.peg.958.site.4, 3, 97, 100
349741.6.peg.958.site.5, 9, 97, 106
349741.6.peg.958.site.6, 20, 97, 117
349741.6.peg.958.site.7, 13, 97, 110
349741.6.peg.958.site.8, 75, 95, 170
349741.6.peg.958.site.9, 13, 97, 110
349741.6.peg.958.site.10, 64, 97, 161
349741.6.peg.958.site.11, 0, 97, 97
349741.6.peg.958.site.12, 64, 96, 160
349741.6.peg.958.site.13, 64, 97, 161
349741.6.peg.958.site.14, 7, 97, 104
349741.6.peg.958.site.15, 64, 97, 161
349741.6.peg.958.site.16, 61, 94, 155
349741.6.peg.958.site.17, 36, 68, 104
349741.6.peg.958.site.18, 7, 39, 46
349741.6.peg.958.site.19, 6, 39, 45
349741.6.peg.958.site.20, 4, 36, 40
349741.6.peg.958.site.21, 13, 33, 46
349741.6.peg.958.site.22, 27, 33, 60
349741.6.peg.958.site.23, 66, 70, 136
349741.6.peg.958.site.24, 44, 76, 120
349741.6.peg.959.site.1, 2, 97, 99
349741.6.peg.959.site.2, 60, 97, 157
349741.6.peg.959.site.3, 0, 95, 95
349741.6.peg.959.site.4, 62, 97, 159
349741.6.peg.959.site.5, 2, 97, 99
349741.6.peg.959.site.6, 3, 97, 100
349741.6.peg.959.site.7, 36, 97, 133
349741.6.peg.959.site.8, 52, 95, 147
349741.6.peg.959.site.9, 25, 94, 119
349741.6.peg.959.site.10, 31, 90, 121
349741.6.peg.959.site.11, 2, 89, 91
349741.6.peg.959.site.12, 88, 90, 178
349741.6.peg.959.site.13, 2, 95, 97
349741.6.peg.959.site.14, 93, 93, 186
349741.6.peg.959.site.15, 93, 95, 188
349741.6.peg.959.site.16, 44, 87, 131
349741.6.peg.959.site.17, 34, 77, 111
349741.6.peg.959.site.18, 24, 66, 90
349741.6.peg.959.site.19, 23, 65, 88
349741.6.peg.959.site.20, 22, 64, 86
349741.6.peg.959.site.21, 22, 64, 86
349741.6.peg.959.site.22, 3, 72, 75
349741.6.peg.959.site.23, 46, 88, 134
349741.6.peg.959.site.24, 53, 95, 148
349741.6.peg.959.site.25, 18, 97, 115
349741.6.peg.959.site.26, 74, 97, 171
349741.6.peg.959.site.27, 7, 97, 104
349741.6.peg.959.site.28, 1, 96, 97
349741.6.peg.959.site.29, 53, 96, 149
349741.6.peg.959.site.30, 94, 96, 190
349741.6.peg.959.site.31, 2, 94, 96
349741.6.peg.122.site.1, 69, 96, 165
349741.6.peg.122.site.2, 3, 97, 100
349741.6.peg.122.site.3, 49, 95, 144
349741.6.peg.122.site.4, 0, 96, 96
349741.6.peg.122.site.5, 2, 96, 98
349741.6.peg.122.site.6, 96, 96, 192
349741.6.peg.122.site.7, 4, 97, 101
349741.6.peg.122.site.8, 47, 97, 144
349741.6.peg.122.site.9, 16, 97, 113
349741.6.peg.122.site.10, 1, 97, 98
349741.6.peg.122.site.11, 2, 97, 99
349741.6.peg.122.site.12, 44, 97, 141
349741.6.peg.122.site.13, 50, 97, 147
349741.6.peg.122.site.14, 46, 97, 143
349741.6.peg.122.site.15, 2, 97, 99
349741.6.peg.122.site.16, 7, 97, 104
349741.6.peg.122.site.17, 70, 97, 167
349741.6.peg.122.site.18, 29, 97, 126
349741.6.peg.122.site.19, 42, 97, 139
349741.6.peg.122.site.20, 1, 97, 98
349741.6.peg.122.site.21, 50, 97, 147
349741.6.peg.122.site.22, 2, 94, 96
349741.6.peg.122.site.23, 42, 97, 139
349741.6.peg.121.site.1, 16, 96, 112
349741.6.peg.121.site.2, 41, 94, 135
349741.6.peg.121.site.3, 3, 65, 68
349741.6.peg.121.site.4, 8, 61, 69
349741.6.peg.121.site.5, 7, 58, 65
349741.6.peg.121.site.6, 5, 58, 63
349741.6.peg.121.site.7, 10, 63, 73
349741.6.peg.121.site.8, 63, 67, 130
349741.6.peg.121.site.9, 22, 75, 97
349741.6.peg.121.site.10, 6, 97, 103
349741.6.peg.121.site.11, 44, 97, 141
349741.6.peg.121.site.12, 5, 97, 102
349741.6.peg.121.site.13, 49, 97, 146
349741.6.peg.121.site.14, 49, 97, 146
349741.6.peg.121.site.15, 54, 97, 151
349741.6.peg.121.site.16, 5, 97, 102
349741.6.peg.121.site.17, 49, 97, 146
349741.6.peg.1687.site.1, 8, 97, 105
349741.6.peg.1687.site.2, 2, 97, 99
349741.6.peg.1687.site.3, 18, 97, 115
349741.6.peg.1687.site.4, 18, 97, 115
349741.6.peg.695.site.1, 2, 95, 97
349741.6.peg.695.site.2, 1, 94, 95
349741.6.peg.695.site.3, 85, 96, 181
349741.6.peg.695.site.4, 5, 97, 102
349741.6.peg.695.site.5, 3, 97, 100
349741.6.peg.695.site.6, 6, 97, 103
349741.6.peg.695.site.7, 89, 97, 186
349741.6.peg.695.site.8, 2, 97, 99
349741.6.peg.695.site.9, 52, 97, 149
349741.6.peg.695.site.10, 1, 97, 98
349741.6.peg.695.site.11, 2, 97, 99
349741.6.peg.695.site.12, 2, 95, 97
349741.6.peg.695.site.13, 8, 95, 103
349741.6.peg.695.site.14, 2, 94, 96
349741.6.peg.695.site.15, 29, 96, 125
349741.6.peg.695.site.16, 4, 96, 100
349741.6.peg.695.site.17, 10, 93, 103
349741.6.peg.695.site.18, 2, 95, 97
349741.6.peg.695.site.19, 2, 94, 96
349741.6.peg.695.site.20, 11, 94, 105
349741.6.peg.695.site.21, 11, 94, 105
349741.6.peg.695.site.22, 2, 96, 98
349741.6.peg.695.site.23, 11, 95, 106
349741.6.peg.695.site.24, 7, 96, 103
349741.6.peg.695.site.25, 11, 95, 106
349741.6.peg.695.site.26, 2, 93, 95
349741.6.peg.695.site.27, 2, 93, 95
349741.6.peg.695.site.28, 10, 85, 95
349741.6.peg.695.site.29, 8, 82, 90
349741.6.peg.695.site.30, 76, 76, 152
349741.6.peg.126.site.1, 0, 97, 97
349741.6.peg.126.site.2, 91, 91, 182
349741.6.peg.1029.site.1, 15, 89, 104
349741.6.peg.1029.site.2, 7, 97, 104
349741.6.peg.1029.site.3, 7, 96, 103
349741.6.peg.1029.site.4, 24, 97, 121
349741.6.peg.1029.site.5, 7, 97, 104
349741.6.peg.1029.site.6, 70, 97, 167
349741.6.peg.1029.site.7, 30, 97, 127
349741.6.peg.1029.site.8, 7, 96, 103
349741.6.peg.1029.site.9, 1, 97, 98
349741.6.peg.1029.site.10, 0, 97, 97
349741.6.peg.1020.site.1, 16, 97, 113
349741.6.peg.1020.site.2, 95, 97, 192
349741.6.peg.1020.site.3, 1, 97, 98
349741.6.peg.1020.site.4, 3, 97, 100
349741.6.peg.1020.site.5, 64, 97, 161
349741.6.peg.1020.site.6, 3, 97, 100
349741.6.peg.1020.site.7, 17, 97, 114
349741.6.peg.1020.site.8, 1, 97, 98
349741.6.peg.1020.site.9, 94, 97, 191
349741.6.peg.1020.site.10, 1, 93, 94
349741.6.peg.1020.site.11, 85, 90, 175
349741.6.peg.1020.site.12, 14, 90, 104
349741.6.peg.1020.site.13, 32, 95, 127
349741.6.peg.1020.site.14, 2, 96, 98
349741.6.peg.1020.site.15, 16, 96, 112
349741.6.peg.1020.site.16, 16, 97, 113
349741.6.peg.1020.site.17, 11, 96, 107
349741.6.peg.1020.site.18, 2, 88, 90
349741.6.peg.1020.site.19, 46, 86, 132
349741.6.peg.1020.site.20, 54, 87, 141
349741.6.peg.1020.site.21, 16, 95, 111
349741.6.peg.1020.site.22, 66, 95, 161
349741.6.peg.1020.site.23, 23, 96, 119
349741.6.peg.1020.site.24, 16, 97, 113
349741.6.peg.1020.site.25, 16, 97, 113
349741.6.peg.1020.site.26, 0, 97, 97
349741.6.peg.1020.site.27, 2, 96, 98
349741.6.peg.1020.site.28, 35, 94, 129
349741.6.peg.1020.site.29, 1, 91, 92
349741.6.peg.1020.site.30, 57, 95, 152
349741.6.peg.1020.site.31, 2, 94, 96
349741.6.peg.1020.site.32, 1, 93, 94
349741.6.peg.1020.site.33, 1, 96, 97
349741.6.peg.1020.site.34, 6, 97, 103
349741.6.peg.1020.site.35, 95, 97, 192
349741.6.peg.1020.site.36, 1, 97, 98
349741.6.peg.1020.site.37, 3, 97, 100
349741.6.peg.1020.site.38, 1, 97, 98
349741.6.peg.1020.site.39, 66, 97, 163
349741.6.peg.1020.site.40, 1, 97, 98
349741.6.peg.1020.site.41, 3, 97, 100
349741.6.peg.1020.site.42, 2, 97, 99
349741.6.peg.1020.site.43, 12, 97, 109
349741.6.peg.1021.site.1, 6, 97, 103
349741.6.peg.1021.site.2, 3, 97, 100
349741.6.peg.1021.site.3, 91, 97, 188
349741.6.peg.1021.site.4, 1, 97, 98
349741.6.peg.1021.site.5, 92, 97, 189
349741.6.peg.1021.site.6, 3, 97, 100
349741.6.peg.1021.site.7, 1, 97, 98
349741.6.peg.1021.site.8, 1, 97, 98
349741.6.peg.1021.site.9, 67, 97, 164
349741.6.peg.1021.site.10, 1, 97, 98
349741.6.peg.1021.site.11, 1, 97, 98
349741.6.peg.1021.site.12, 68, 97, 165
349741.6.peg.1021.site.13, 1, 96, 97
349741.6.peg.1021.site.14, 1, 96, 97
349741.6.peg.1021.site.15, 1, 97, 98
349741.6.peg.1022.site.1, 0, 96, 96
349741.6.peg.1025.site.1, 3, 97, 100
349741.6.peg.1025.site.2, 2, 97, 99
349741.6.peg.1025.site.3, 7, 97, 104
349741.6.peg.1025.site.4, 7, 97, 104
349741.6.peg.1025.site.5, 7, 97, 104
349741.6.peg.1025.site.6, 7, 97, 104
349741.6.peg.1025.site.7, 7, 97, 104
349741.6.peg.1025.site.8, 7, 97, 104
349741.6.peg.1025.site.9, 6, 95, 101
349741.6.peg.1025.site.10, 7, 96, 103
349741.6.peg.1025.site.11, 0, 97, 97
349741.6.peg.1026.site.1, 7, 97, 104
349741.6.peg.1026.site.2, 7, 97, 104
349741.6.peg.1026.site.3, 7, 96, 103
349741.6.peg.1026.site.4, 1, 95, 96
349741.6.peg.1026.site.5, 5, 95, 100
349741.6.peg.1026.site.6, 3, 93, 96
349741.6.peg.1026.site.7, 2, 92, 94
349741.6.peg.1026.site.8, 1, 91, 92
349741.6.peg.1026.site.9, 57, 95, 152
349741.6.peg.1026.site.10, 7, 96, 103
349741.6.peg.1026.site.11, 7, 97, 104
349741.6.peg.1026.site.12, 7, 96, 103
349741.6.peg.1026.site.13, 6, 95, 101
349741.6.peg.1026.site.14, 7, 97, 104
349741.6.peg.1026.site.15, 25, 94, 119
349741.6.peg.1026.site.16, 13, 97, 110
349741.6.peg.1026.site.17, 7, 97, 104
349741.6.peg.1026.site.18, 1, 96, 97
349741.6.peg.1026.site.19, 7, 97, 104
349741.6.peg.1026.site.20, 7, 97, 104
349741.6.peg.1026.site.21, 7, 97, 104
349741.6.peg.1026.site.22, 2, 97, 99
349741.6.peg.1026.site.23, 0, 97, 97
349741.6.peg.1026.site.24, 7, 97, 104
349741.6.peg.1026.site.25, 1, 91, 92
349741.6.peg.1026.site.26, 2, 91, 93
349741.6.peg.1026.site.27, 3, 93, 96
349741.6.peg.1026.site.28, 4, 93, 97
349741.6.peg.1026.site.29, 7, 97, 104
349741.6.peg.1026.site.30, 7, 97, 104
349741.6.peg.1026.site.31, 7, 94, 101
349741.6.peg.1026.site.32, 4, 94, 98
349741.6.peg.1026.site.33, 1, 94, 95
349741.6.peg.1026.site.34, 2, 92, 94
349741.6.peg.1026.site.35, 13, 90, 103
349741.6.peg.1026.site.36, 2, 92, 94
349741.6.peg.1026.site.37, 2, 92, 94
349741.6.peg.1026.site.38, 6, 96, 102
349741.6.peg.1026.site.39, 61, 97, 158
349741.6.peg.1026.site.40, 72, 97, 169
349741.6.peg.1026.site.41, 13, 96, 109
349741.6.peg.1026.site.42, 13, 95, 108
349741.6.peg.1026.site.43, 6, 95, 101
349741.6.peg.1026.site.44, 9, 95, 104
349741.6.peg.1026.site.45, 6, 94, 100
349741.6.peg.1026.site.46, 2, 95, 97
349741.6.peg.1026.site.47, 6, 93, 99
349741.6.peg.1026.site.48, 18, 90, 108
349741.6.peg.1026.site.49, 4, 94, 98
349741.6.peg.1026.site.50, 4, 94, 98
349741.6.peg.1026.site.51, 11, 96, 107
349741.6.peg.1026.site.52, 80, 97, 177
349741.6.peg.1026.site.53, 7, 97, 104
349741.6.peg.1026.site.54, 7, 97, 104
349741.6.peg.1026.site.55, 7, 97, 104
349741.6.peg.1026.site.56, 7, 97, 104
349741.6.peg.1026.site.57, 8, 97, 105
349741.6.peg.1026.site.58, 7, 95, 102
349741.6.peg.1026.site.59, 3, 96, 99
349741.6.peg.1026.site.60, 8, 96, 104
349741.6.peg.1026.site.61, 1, 96, 97
349741.6.peg.1026.site.62, 7, 96, 103
349741.6.peg.1026.site.63, 12, 97, 109
349741.6.peg.1026.site.64, 2, 97, 99
349741.6.peg.1026.site.65, 1, 97, 98
349741.6.peg.1026.site.66, 7, 97, 104
349741.6.peg.1026.site.67, 7, 97, 104
349741.6.peg.1026.site.68, 7, 96, 103
349741.6.peg.1026.site.69, 7, 97, 104
349741.6.peg.1026.site.70, 5, 97, 102
349741.6.peg.1026.site.71, 7, 97, 104
349741.6.peg.1026.site.72, 7, 97, 104
349741.6.peg.1026.site.73, 7, 97, 104
349741.6.peg.1026.site.74, 1, 97, 98
349741.6.peg.1026.site.75, 7, 97, 104
349741.6.peg.1026.site.76, 1, 97, 98
349741.6.peg.1026.site.77, 2, 97, 99
349741.6.peg.1026.site.78, 7, 97, 104
349741.6.peg.1026.site.79, 0, 97, 97
349741.6.peg.1026.site.80, 60, 97, 157
349741.6.peg.1026.site.81, 12, 97, 109
349741.6.peg.1026.site.82, 93, 97, 190
349741.6.peg.1026.site.83, 13, 96, 109
349741.6.peg.1026.site.84, 15, 84, 99
349741.6.peg.1027.site.1, 71, 95, 166
349741.6.peg.1027.site.2, 7, 95, 102
349741.6.peg.1027.site.3, 4, 87, 91
349741.6.peg.1027.site.4, 21, 91, 112
349741.6.peg.1027.site.5, 3, 96, 99
349741.6.peg.1027.site.6, 24, 96, 120
349741.6.peg.1027.site.7, 8, 96, 104
349741.6.peg.1027.site.8, 1, 96, 97
349741.6.peg.1027.site.9, 9, 97, 106
349741.6.peg.1027.site.10, 13, 97, 110
349741.6.peg.1027.site.11, 2, 97, 99
349741.6.peg.1027.site.12, 17, 97, 114
349741.6.peg.1027.site.13, 13, 97, 110
349741.6.peg.1027.site.14, 64, 97, 161
349741.6.peg.1027.site.15, 17, 97, 114
349741.6.peg.1027.site.16, 5, 91, 96
349741.6.peg.1125.site.1, 1, 97, 98
349741.6.peg.1125.site.2, 5, 97, 102
349741.6.peg.1125.site.3, 1, 93, 94
349741.6.peg.1125.site.4, 1, 93, 94
349741.6.peg.1125.site.5, 91, 92, 183
349741.6.peg.1125.site.6, 4, 91, 95
349741.6.peg.1125.site.7, 1, 93, 94
349741.6.peg.1125.site.8, 1, 93, 94
349741.6.peg.1125.site.9, 4, 96, 100
349741.6.peg.1125.site.10, 4, 96, 100
349741.6.peg.1125.site.11, 4, 96, 100
349741.6.peg.1125.site.12, 3, 95, 98
349741.6.peg.1125.site.13, 3, 94, 97
349741.6.peg.1125.site.14, 0, 89, 89
349741.6.peg.1125.site.15, 47, 88, 135
349741.6.peg.1125.site.16, 2, 92, 94
349741.6.peg.1125.site.17, 4, 95, 99
349741.6.peg.1125.site.18, 55, 96, 151
349741.6.peg.1125.site.19, 94, 94, 188
349741.6.peg.1125.site.20, 53, 94, 147
349741.6.peg.1125.site.21, 61, 94, 155
349741.6.peg.1125.site.22, 1, 95, 96
349741.6.peg.1125.site.23, 10, 97, 107
349741.6.peg.1125.site.24, 61, 96, 157
349741.6.peg.1125.site.25, 1, 97, 98
349741.6.peg.1125.site.26, 0, 94, 94
349741.6.peg.1125.site.27, 1, 95, 96
349741.6.peg.1125.site.28, 2, 96, 98
349741.6.peg.1125.site.29, 1, 96, 97
349741.6.peg.1125.site.30, 6, 96, 102
349741.6.peg.1125.site.31, 1, 95, 96
349741.6.peg.1125.site.32, 1, 95, 96
349741.6.peg.1125.site.33, 1, 93, 94
349741.6.peg.1125.site.34, 0, 93, 93
349741.6.peg.1125.site.35, 0, 95, 95
349741.6.peg.1127.site.1, 2, 63, 65
349741.6.peg.1127.site.2, 64, 68, 132
349741.6.peg.1127.site.3, 1, 90, 91
349741.6.peg.1127.site.4, 57, 96, 153
349741.6.peg.1127.site.5, 3, 96, 99
349741.6.peg.1127.site.6, 5, 96, 101
349741.6.peg.1127.site.7, 50, 88, 138
349741.6.peg.1127.site.8, 1, 96, 97
349741.6.peg.1127.site.9, 0, 96, 96
349741.6.peg.1127.site.10, 1, 96, 97
349741.6.peg.1126.site.1, 51, 97, 148
349741.6.peg.1126.site.2, 51, 97, 148
349741.6.peg.1126.site.3, 51, 97, 148
349741.6.peg.1126.site.4, 10, 97, 107
349741.6.peg.1126.site.5, 5, 97, 102
349741.6.peg.1126.site.6, 5, 97, 102
349741.6.peg.1126.site.7, 57, 97, 154
349741.6.peg.1126.site.8, 3, 97, 100
349741.6.peg.1126.site.9, 1, 97, 98
349741.6.peg.1126.site.10, 57, 96, 153
349741.6.peg.1126.site.11, 46, 87, 133
349741.6.peg.1121.site.1, 4, 96, 100
349741.6.peg.1121.site.2, 3, 96, 99
349741.6.peg.1121.site.3, 4, 96, 100
349741.6.peg.1121.site.4, 1, 96, 97
349741.6.peg.1121.site.5, 3, 97, 100
349741.6.peg.1121.site.6, 1, 97, 98
349741.6.peg.1121.site.7, 1, 97, 98
349741.6.peg.1121.site.8, 80, 97, 177
349741.6.peg.1121.site.9, 76, 96, 172
349741.6.peg.1121.site.10, 81, 96, 177
349741.6.peg.1121.site.11, 1, 96, 97
349741.6.peg.1121.site.12, 78, 96, 174
349741.6.peg.1121.site.13, 2, 95, 97
349741.6.peg.1121.site.14, 5, 97, 102
349741.6.peg.1121.site.15, 2, 97, 99
349741.6.peg.1121.site.16, 3, 97, 100
349741.6.peg.1120.site.1, 3, 90, 93
349741.6.peg.1120.site.2, 0, 95, 95
349741.6.peg.1120.site.3, 11, 93, 104
349741.6.peg.1120.site.4, 7, 92, 99
349741.6.peg.1120.site.5, 3, 90, 93
349741.6.peg.1120.site.6, 7, 93, 100
349741.6.peg.1120.site.7, 35, 97, 132
349741.6.peg.1120.site.8, 7, 97, 104
349741.6.peg.1120.site.9, 51, 96, 147
349741.6.peg.1120.site.10, 51, 96, 147
349741.6.peg.1120.site.11, 0, 96, 96
349741.6.peg.1129.site.1, 1, 97, 98
349741.6.peg.1128.site.1, 4, 96, 100
349741.6.peg.1128.site.2, 5, 97, 102
349741.6.peg.1128.site.3, 1, 97, 98
349741.6.peg.1128.site.4, 1, 97, 98
349741.6.peg.1128.site.5, 1, 97, 98
349741.6.peg.1128.site.6, 22, 97, 119
349741.6.peg.1128.site.7, 1, 97, 98
349741.6.peg.1128.site.8, 56, 97, 153
349741.6.peg.1128.site.9, 3, 97, 100
349741.6.peg.1128.site.10, 1, 97, 98
349741.6.peg.1128.site.11, 1, 97, 98
349741.6.peg.1128.site.12, 0, 97, 97
349741.6.peg.1128.site.13, 1, 97, 98
349741.6.peg.1128.site.14, 1, 97, 98
349741.6.peg.1128.site.15, 1, 97, 98
349741.6.peg.1128.site.16, 1, 97, 98
349741.6.peg.1128.site.17, 1, 97, 98
349741.6.peg.1128.site.18, 78, 97, 175
349741.6.peg.1128.site.19, 1, 97, 98
349741.6.peg.1128.site.20, 2, 97, 99
349741.6.peg.1128.site.21, 22, 97, 119
349741.6.peg.1128.site.22, 1, 97, 98
349741.6.peg.1128.site.23, 1, 97, 98
349741.6.peg.1128.site.24, 0, 97, 97
349741.6.peg.1128.site.25, 78, 97, 175
349741.6.peg.1128.site.26, 96, 97, 193
349741.6.peg.1128.site.27, 2, 97, 99
349741.6.peg.1128.site.28, 13, 97, 110
349741.6.peg.1128.site.29, 1, 97, 98
349741.6.peg.1128.site.30, 22, 97, 119
349741.6.peg.1128.site.31, 75, 97, 172
349741.6.peg.1616.site.1, 8, 97, 105
349741.6.peg.1616.site.2, 56, 96, 152
349741.6.peg.1616.site.3, 0, 97, 97
349741.6.peg.1616.site.4, 0, 97, 97
349741.6.peg.1616.site.5, 2, 95, 97
349741.6.peg.1616.site.6, 67, 95, 162
349741.6.peg.1616.site.7, 55, 97, 152
349741.6.peg.1616.site.8, 66, 96, 162
349741.6.peg.1616.site.9, 2, 92, 94
349741.6.peg.1616.site.10, 1, 78, 79
349741.6.peg.1616.site.11, 1, 84, 85
349741.6.peg.1616.site.12, 1, 86, 87
349741.6.peg.2477.site.1, 16, 88, 104
349741.6.peg.2477.site.2, 1, 88, 89
349741.6.peg.2477.site.3, 11, 80, 91
349741.6.peg.2477.site.4, 74, 76, 150
349741.6.peg.2477.site.5, 17, 84, 101
349741.6.peg.2477.site.6, 30, 96, 126
349741.6.peg.2477.site.7, 1, 96, 97
349741.6.peg.2477.site.8, 25, 97, 122
349741.6.peg.2477.site.9, 28, 97, 125
349741.6.peg.2477.site.10, 1, 97, 98
349741.6.peg.2477.site.11, 25, 95, 120
349741.6.peg.2477.site.12, 2, 95, 97
349741.6.peg.2477.site.13, 2, 97, 99
349741.6.peg.2477.site.14, 26, 94, 120
349741.6.peg.2477.site.15, 3, 93, 96
349741.6.peg.2477.site.16, 28, 96, 124
349741.6.peg.2477.site.17, 28, 97, 125
349741.6.peg.2477.site.18, 95, 95, 190
349741.6.peg.2477.site.19, 25, 97, 122
349741.6.peg.2477.site.20, 9, 96, 105
349741.6.peg.2477.site.21, 3, 97, 100
349741.6.peg.2477.site.22, 28, 97, 125
349741.6.peg.2477.site.23, 95, 97, 192
349741.6.peg.2477.site.24, 61, 97, 158
349741.6.peg.2477.site.25, 1, 96, 97
349741.6.peg.2477.site.26, 23, 85, 108
349741.6.peg.2477.site.27, 29, 97, 126
349741.6.peg.2477.site.28, 3, 97, 100
349741.6.peg.2477.site.29, 3, 97, 100
349741.6.peg.2477.site.30, 23, 97, 120
349741.6.peg.2477.site.31, 44, 97, 141
349741.6.peg.2477.site.32, 2, 97, 99
349741.6.peg.2477.site.33, 0, 96, 96
349741.6.peg.2477.site.34, 0, 96, 96
349741.6.peg.2477.site.35, 38, 97, 135
349741.6.peg.2477.site.36, 21, 97, 118
349741.6.peg.2477.site.37, 75, 97, 172
349741.6.peg.2477.site.38, 43, 97, 140
349741.6.peg.2477.site.39, 3, 97, 100
349741.6.peg.2477.site.40, 8, 94, 102
349741.6.peg.2477.site.41, 18, 92, 110
349741.6.peg.2477.site.42, 5, 95, 100
349741.6.peg.2477.site.43, 24, 96, 120
349741.6.peg.2477.site.44, 9, 96, 105
349741.6.peg.2477.site.45, 3, 97, 100
349741.6.peg.2477.site.46, 2, 96, 98
349741.6.peg.2477.site.47, 2, 94, 96
349741.6.peg.2477.site.48, 10, 94, 104
349741.6.peg.2477.site.49, 9, 93, 102
349741.6.peg.2477.site.50, 2, 90, 92
349741.6.peg.2477.site.51, 1, 97, 98
349741.6.peg.2477.site.52, 11, 97, 108
349741.6.peg.2477.site.53, 1, 97, 98
349741.6.peg.2477.site.54, 58, 97, 155
349741.6.peg.2477.site.55, 2, 97, 99
349741.6.peg.2477.site.56, 27, 96, 123
349741.6.peg.2477.site.57, 7, 97, 104
349741.6.peg.2477.site.58, 25, 97, 122
349741.6.peg.2477.site.59, 1, 97, 98
349741.6.peg.2477.site.60, 5, 97, 102
349741.6.peg.2477.site.61, 54, 97, 151
349741.6.peg.2477.site.62, 54, 97, 151
349741.6.peg.2477.site.63, 3, 97, 100
349741.6.peg.2477.site.64, 54, 97, 151
349741.6.peg.824.site.1, 7, 97, 104
349741.6.peg.824.site.2, 1, 97, 98
349741.6.peg.824.site.3, 53, 97, 150
349741.6.peg.824.site.4, 62, 97, 159
349741.6.peg.824.site.5, 84, 97, 181
349741.6.peg.824.site.6, 0, 97, 97
349741.6.peg.824.site.7, 2, 97, 99
349741.6.peg.824.site.8, 10, 97, 107
349741.6.peg.824.site.9, 67, 97, 164
349741.6.peg.824.site.10, 53, 97, 150
349741.6.peg.824.site.11, 0, 97, 97
349741.6.peg.825.site.1, 1, 97, 98
349741.6.peg.825.site.2, 1, 96, 97
349741.6.peg.825.site.3, 60, 96, 156
349741.6.peg.825.site.4, 8, 97, 105
349741.6.peg.825.site.5, 1, 97, 98
349741.6.peg.825.site.6, 5, 97, 102
349741.6.peg.822.site.1, 2, 96, 98
349741.6.peg.822.site.2, 9, 97, 106
349741.6.peg.822.site.3, 92, 97, 189
349741.6.peg.822.site.4, 7, 96, 103
349741.6.peg.822.site.5, 74, 97, 171
349741.6.peg.822.site.6, 74, 97, 171
349741.6.peg.822.site.7, 2, 97, 99
349741.6.peg.822.site.8, 1, 97, 98
349741.6.peg.822.site.9, 74, 97, 171
349741.6.peg.823.site.1, 3, 97, 100
349741.6.peg.823.site.2, 0, 97, 97
349741.6.peg.820.site.1, 6, 95, 101
349741.6.peg.820.site.2, 6, 95, 101
349741.6.peg.820.site.3, 8, 97, 105
349741.6.peg.820.site.4, 1, 97, 98
349741.6.peg.820.site.5, 8, 97, 105
349741.6.peg.820.site.6, 2, 97, 99
349741.6.peg.820.site.7, 8, 97, 105
349741.6.peg.820.site.8, 2, 97, 99
349741.6.peg.820.site.9, 9, 97, 106
349741.6.peg.820.site.10, 10, 97, 107
349741.6.peg.820.site.11, 8, 97, 105
349741.6.peg.820.site.12, 8, 97, 105
349741.6.peg.820.site.13, 8, 97, 105
349741.6.peg.820.site.14, 8, 97, 105
349741.6.peg.820.site.15, 1, 97, 98
349741.6.peg.820.site.16, 7, 96, 103
349741.6.peg.820.site.17, 2, 96, 98
349741.6.peg.820.site.18, 43, 96, 139
349741.6.peg.820.site.19, 41, 96, 137
349741.6.peg.820.site.20, 2, 97, 99
349741.6.peg.820.site.21, 3, 96, 99
349741.6.peg.820.site.22, 33, 97, 130
349741.6.peg.820.site.23, 31, 97, 128
349741.6.peg.820.site.24, 25, 97, 122
349741.6.peg.820.site.25, 3, 97, 100
349741.6.peg.820.site.26, 1, 97, 98
349741.6.peg.820.site.27, 2, 97, 99
349741.6.peg.820.site.28, 8, 97, 105
349741.6.peg.820.site.29, 9, 97, 106
349741.6.peg.820.site.30, 2, 97, 99
349741.6.peg.820.site.31, 73, 97, 170
349741.6.peg.820.site.32, 6, 97, 103
349741.6.peg.820.site.33, 2, 97, 99
349741.6.peg.820.site.34, 5, 97, 102
349741.6.peg.820.site.35, 25, 97, 122
349741.6.peg.820.site.36, 3, 97, 100
349741.6.peg.820.site.37, 5, 95, 100
349741.6.peg.820.site.38, 72, 95, 167
349741.6.peg.820.site.39, 25, 97, 122
349741.6.peg.820.site.40, 39, 95, 134
349741.6.peg.820.site.41, 2, 96, 98
349741.6.peg.820.site.42, 2, 96, 98
349741.6.peg.820.site.43, 0, 96, 96
349741.6.peg.820.site.44, 74, 97, 171
349741.6.peg.820.site.45, 74, 96, 170
349741.6.peg.820.site.46, 74, 97, 171
349741.6.peg.821.site.1, 4, 97, 101
349741.6.peg.821.site.2, 3, 97, 100
349741.6.peg.821.site.3, 75, 96, 171
349741.6.peg.821.site.4, 74, 97, 171
349741.6.peg.821.site.5, 2, 97, 99
349741.6.peg.821.site.6, 74, 97, 171
349741.6.peg.821.site.7, 5, 97, 102
349741.6.peg.821.site.8, 1, 97, 98
349741.6.peg.821.site.9, 74, 97, 171
349741.6.peg.821.site.10, 74, 97, 171
349741.6.peg.821.site.11, 85, 97, 182
349741.6.peg.821.site.12, 85, 97, 182
349741.6.peg.821.site.13, 53, 97, 150
349741.6.peg.1038.site.1, 72, 88, 160
349741.6.peg.1038.site.2, 75, 91, 166
349741.6.peg.1038.site.3, 1, 87, 88
349741.6.peg.1038.site.4, 68, 84, 152
349741.6.peg.1038.site.5, 63, 79, 142
349741.6.peg.1038.site.6, 39, 55, 94
349741.6.peg.1038.site.7, 3, 47, 50
349741.6.peg.1038.site.8, 4, 20, 24
349741.6.peg.1038.site.9, 5, 21, 26
349741.6.peg.1038.site.10, 8, 21, 29
349741.6.peg.1038.site.11, 76, 92, 168
349741.6.peg.1038.site.12, 79, 95, 174
349741.6.peg.829.site.1, 68, 97, 165
349741.6.peg.829.site.2, 55, 97, 152
349741.6.peg.829.site.3, 55, 97, 152
349741.6.peg.829.site.4, 0, 97, 97
349741.6.peg.829.site.5, 71, 96, 167
349741.6.peg.829.site.6, 42, 97, 139
349741.6.peg.829.site.7, 12, 97, 109
349741.6.peg.829.site.8, 2, 97, 99
349741.6.peg.829.site.9, 54, 96, 150
349741.6.peg.829.site.10, 57, 97, 154
349741.6.peg.829.site.11, 13, 97, 110
349741.6.peg.829.site.12, 13, 97, 110
349741.6.peg.829.site.13, 5, 97, 102
349741.6.peg.829.site.14, 2, 96, 98
349741.6.peg.829.site.15, 54, 96, 150
349741.6.peg.829.site.16, 1, 97, 98
349741.6.peg.829.site.17, 55, 97, 152
349741.6.peg.829.site.18, 55, 97, 152
349741.6.peg.829.site.19, 66, 97, 163
349741.6.peg.829.site.20, 68, 97, 165
349741.6.peg.829.site.21, 55, 97, 152
349741.6.peg.829.site.22, 55, 97, 152
349741.6.peg.829.site.23, 5, 97, 102
349741.6.peg.829.site.24, 55, 97, 152
349741.6.peg.829.site.25, 55, 97, 152
349741.6.peg.829.site.26, 1, 97, 98
349741.6.peg.829.site.27, 1, 97, 98
349741.6.peg.829.site.28, 67, 97, 164
349741.6.peg.829.site.29, 55, 97, 152
349741.6.peg.829.site.30, 55, 97, 152
349741.6.peg.829.site.31, 0, 96, 96
349741.6.peg.829.site.32, 50, 96, 146
349741.6.peg.829.site.33, 0, 97, 97
349741.6.peg.829.site.34, 67, 97, 164
349741.6.peg.829.site.35, 64, 94, 158
349741.6.peg.829.site.36, 40, 70, 110
349741.6.peg.829.site.37, 12, 42, 54
349741.6.peg.1239.site.1, 0, 96, 96
349741.6.peg.1239.site.2, 95, 95, 190
349741.6.peg.1239.site.3, 24, 97, 121
349741.6.peg.1238.site.1, 4, 97, 101
349741.6.peg.1238.site.2, 85, 97, 182
349741.6.peg.1238.site.3, 1, 96, 97
349741.6.peg.1238.site.4, 97, 97, 194
349741.6.peg.1238.site.5, 3, 96, 99
349741.6.peg.1238.site.6, 94, 97, 191
349741.6.peg.1238.site.7, 92, 97, 189
349741.6.peg.1238.site.8, 8, 97, 105
349741.6.peg.1231.site.1, 18, 97, 115
349741.6.peg.1232.site.1, 0, 97, 97
349741.6.peg.1232.site.2, 5, 97, 102
349741.6.peg.1232.site.3, 0, 97, 97
349741.6.peg.1234.site.1, 97, 97, 194
349741.6.peg.1234.site.2, 5, 97, 102
349741.6.peg.1234.site.3, 5, 97, 102
349741.6.peg.1234.site.4, 0, 97, 97
349741.6.peg.1234.site.5, 0, 97, 97
349741.6.peg.1234.site.6, 5, 97, 102
349741.6.peg.1234.site.7, 0, 97, 97
349741.6.peg.1234.site.8, 3, 96, 99
349741.6.peg.1234.site.9, 1, 97, 98
349741.6.peg.1234.site.10, 3, 97, 100
349741.6.peg.1234.site.11, 0, 97, 97
349741.6.peg.1234.site.12, 6, 97, 103
349741.6.peg.1234.site.13, 4, 97, 101
349741.6.peg.1234.site.14, 97, 97, 194
349741.6.peg.1234.site.15, 0, 97, 97
349741.6.peg.1234.site.16, 0, 97, 97
349741.6.peg.1234.site.17, 84, 97, 181
349741.6.peg.1234.site.18, 80, 96, 176
349741.6.peg.1234.site.19, 93, 97, 190
349741.6.peg.1234.site.20, 8, 97, 105
349741.6.peg.1234.site.21, 8, 97, 105
349741.6.peg.1234.site.22, 4, 97, 101
349741.6.peg.1234.site.23, 1, 97, 98
349741.6.peg.1234.site.24, 0, 97, 97
349741.6.peg.1234.site.25, 21, 97, 118
349741.6.peg.1234.site.26, 12, 97, 109
349741.6.peg.1234.site.27, 2, 97, 99
349741.6.peg.1234.site.28, 0, 97, 97
349741.6.peg.1234.site.29, 97, 97, 194
349741.6.peg.1234.site.30, 1, 97, 98
349741.6.peg.1234.site.31, 1, 96, 97
349741.6.peg.1234.site.32, 6, 96, 102
349741.6.peg.1234.site.33, 9, 97, 106
349741.6.peg.1234.site.34, 1, 97, 98
349741.6.peg.1237.site.1, 88, 97, 185
349741.6.peg.1237.site.2, 94, 97, 191
349741.6.peg.1237.site.3, 3, 97, 100
349741.6.peg.1237.site.4, 4, 97, 101
349741.6.peg.1237.site.5, 88, 97, 185
349741.6.peg.1237.site.6, 2, 97, 99
349741.6.peg.1237.site.7, 5, 96, 101
349741.6.peg.1237.site.8, 0, 97, 97
349741.6.peg.1237.site.9, 84, 97, 181
349741.6.peg.1237.site.10, 84, 97, 181
349741.6.peg.1237.site.11, 2, 97, 99
349741.6.peg.1237.site.12, 86, 97, 183
349741.6.peg.1237.site.13, 80, 96, 176
349741.6.peg.1237.site.14, 1, 96, 97
349741.6.peg.1237.site.15, 84, 96, 180
349741.6.peg.1237.site.16, 1, 97, 98
349741.6.peg.1237.site.17, 2, 95, 97
349741.6.peg.1236.site.1, 0, 97, 97
349741.6.peg.1236.site.2, 96, 97, 193
349741.6.peg.1839.site.1, 2, 97, 99
349741.6.peg.1839.site.2, 2, 97, 99
349741.6.peg.1839.site.3, 2, 96, 98
349741.6.peg.1839.site.4, 1, 96, 97
349741.6.peg.1839.site.5, 8, 97, 105
349741.6.peg.1839.site.6, 4, 97, 101
349741.6.peg.1839.site.7, 82, 97, 179
349741.6.peg.1839.site.8, 86, 96, 182
349741.6.peg.1839.site.9, 26, 96, 122
349741.6.peg.1839.site.10, 94, 97, 191
349741.6.peg.1839.site.11, 82, 96, 178
349741.6.peg.1839.site.12, 0, 97, 97
349741.6.peg.1839.site.13, 0, 96, 96
349741.6.peg.1838.site.1, 36, 96, 132
349741.6.peg.1838.site.2, 2, 96, 98
349741.6.peg.1837.site.1, 2, 92, 94
349741.6.peg.1837.site.2, 83, 95, 178
349741.6.peg.1837.site.3, 88, 96, 184
349741.6.peg.1837.site.4, 0, 97, 97
349741.6.peg.1837.site.5, 92, 97, 189
349741.6.peg.1837.site.6, 14, 97, 111
349741.6.peg.1837.site.7, 84, 97, 181
349741.6.peg.1837.site.8, 58, 97, 155
349741.6.peg.1836.site.1, 50, 92, 142
349741.6.peg.1836.site.2, 6, 74, 80
349741.6.peg.1836.site.3, 3, 96, 99
349741.6.peg.1836.site.4, 97, 97, 194
349741.6.peg.1836.site.5, 2, 96, 98
349741.6.peg.1836.site.6, 96, 97, 193
349741.6.peg.1836.site.7, 15, 97, 112
349741.6.peg.1836.site.8, 2, 97, 99
349741.6.peg.1836.site.9, 4, 97, 101
349741.6.peg.1836.site.10, 8, 97, 105
349741.6.peg.1836.site.11, 87, 94, 181
349741.6.peg.1836.site.12, 80, 95, 175
349741.6.peg.1836.site.13, 2, 97, 99
349741.6.peg.1836.site.14, 83, 97, 180
349741.6.peg.1836.site.15, 24, 97, 121
349741.6.peg.1836.site.16, 33, 97, 130
349741.6.peg.1836.site.17, 0, 97, 97
349741.6.peg.1836.site.18, 1, 97, 98
349741.6.peg.1836.site.19, 33, 97, 130
349741.6.peg.1836.site.20, 2, 96, 98
349741.6.peg.1836.site.21, 2, 97, 99
349741.6.peg.1836.site.22, 3, 97, 100
349741.6.peg.1836.site.23, 11, 97, 108
349741.6.peg.1836.site.24, 9, 97, 106
349741.6.peg.1836.site.25, 8, 97, 105
349741.6.peg.1836.site.26, 2, 94, 96
349741.6.peg.1836.site.27, 1, 95, 96
349741.6.peg.1836.site.28, 9, 95, 104
349741.6.peg.1836.site.29, 12, 91, 103
349741.6.peg.1836.site.30, 14, 94, 108
349741.6.peg.1836.site.31, 2, 85, 87
349741.6.peg.1836.site.32, 1, 94, 95
349741.6.peg.1836.site.33, 8, 97, 105
349741.6.peg.1836.site.34, 1, 97, 98
349741.6.peg.1835.site.1, 2, 97, 99
349741.6.peg.1835.site.2, 6, 97, 103
349741.6.peg.1834.site.1, 10, 96, 106
349741.6.peg.1834.site.2, 2, 97, 99
349741.6.peg.1834.site.3, 11, 96, 107
349741.6.peg.1834.site.4, 0, 93, 93
349741.6.peg.1834.site.5, 44, 90, 134
349741.6.peg.1834.site.6, 54, 93, 147
349741.6.peg.1834.site.7, 4, 93, 97
349741.6.peg.1834.site.8, 13, 95, 108
349741.6.peg.1834.site.9, 34, 96, 130
349741.6.peg.1834.site.10, 2, 97, 99
349741.6.peg.1834.site.11, 39, 97, 136
349741.6.peg.1834.site.12, 2, 97, 99
349741.6.peg.1834.site.13, 15, 95, 110
349741.6.peg.1834.site.14, 9, 96, 105
349741.6.peg.1834.site.15, 45, 97, 142
349741.6.peg.1834.site.16, 1, 95, 96
349741.6.peg.1834.site.17, 25, 94, 119
349741.6.peg.1834.site.18, 49, 97, 146
349741.6.peg.1834.site.19, 3, 97, 100
349741.6.peg.1834.site.20, 46, 96, 142
349741.6.peg.1834.site.21, 46, 96, 142
349741.6.peg.1834.site.22, 3, 96, 99
349741.6.peg.1834.site.23, 2, 97, 99
349741.6.peg.1834.site.24, 97, 97, 194
349741.6.peg.1834.site.25, 61, 97, 158
349741.6.peg.1834.site.26, 47, 97, 144
349741.6.peg.1834.site.27, 43, 95, 138
349741.6.peg.1834.site.28, 0, 96, 96
349741.6.peg.1834.site.29, 3, 95, 98
349741.6.peg.1834.site.30, 44, 94, 138
349741.6.peg.1834.site.31, 14, 94, 108
349741.6.peg.1830.site.1, 2, 88, 90
349741.6.peg.1830.site.2, 0, 95, 95
349741.6.peg.1830.site.3, 97, 97, 194
349741.6.peg.1830.site.4, 2, 97, 99
349741.6.peg.1830.site.5, 6, 97, 103
349741.6.peg.1830.site.6, 8, 97, 105
349741.6.peg.1830.site.7, 77, 97, 174
349741.6.peg.1830.site.8, 17, 95, 112
349741.6.peg.1830.site.9, 13, 96, 109
349741.6.peg.1830.site.10, 14, 93, 107
349741.6.peg.1830.site.11, 2, 97, 99
349741.6.peg.1830.site.12, 2, 97, 99
349741.6.peg.1830.site.13, 8, 96, 104
349741.6.peg.1903.site.1, 1, 96, 97
349741.6.peg.1903.site.2, 62, 97, 159
349741.6.peg.1903.site.3, 62, 97, 159
349741.6.peg.1903.site.4, 2, 97, 99
349741.6.peg.1903.site.5, 62, 97, 159
349741.6.peg.1903.site.6, 63, 97, 160
349741.6.peg.1903.site.7, 62, 96, 158
349741.6.peg.1903.site.8, 1, 95, 96
349741.6.peg.1903.site.9, 2, 97, 99
349741.6.peg.1903.site.10, 37, 97, 134
349741.6.peg.1903.site.11, 1, 97, 98
349741.6.peg.1903.site.12, 23, 97, 120
349741.6.peg.1903.site.13, 10, 97, 107
349741.6.peg.1903.site.14, 1, 94, 95
349741.6.peg.1903.site.15, 58, 96, 154
349741.6.peg.1903.site.16, 2, 97, 99
349741.6.peg.1903.site.17, 6, 97, 103
349741.6.peg.1903.site.18, 1, 97, 98
349741.6.peg.1903.site.19, 5, 97, 102
349741.6.peg.1903.site.20, 8, 97, 105
349741.6.peg.1902.site.1, 65, 81, 146
349741.6.peg.1902.site.2, 22, 97, 119
349741.6.peg.1902.site.3, 62, 97, 159
349741.6.peg.1902.site.4, 3, 96, 99
349741.6.peg.1902.site.5, 18, 96, 114
349741.6.peg.1902.site.6, 89, 96, 185
349741.6.peg.1902.site.7, 9, 97, 106
349741.6.peg.1902.site.8, 62, 97, 159
349741.6.peg.1902.site.9, 11, 97, 108
349741.6.peg.1902.site.10, 0, 97, 97
349741.6.peg.1902.site.11, 1, 97, 98
349741.6.peg.1907.site.1, 97, 97, 194
349741.6.peg.1907.site.2, 15, 97, 112
349741.6.peg.1907.site.3, 1, 97, 98
349741.6.peg.1907.site.4, 14, 97, 111
349741.6.peg.1907.site.5, 1, 94, 95
349741.6.peg.1907.site.6, 93, 95, 188
349741.6.peg.1907.site.7, 46, 94, 140
349741.6.peg.1907.site.8, 2, 95, 97
349741.6.peg.1907.site.9, 70, 94, 164
349741.6.peg.1907.site.10, 2, 91, 93
349741.6.peg.1907.site.11, 2, 92, 94
349741.6.peg.1907.site.12, 1, 92, 93
349741.6.peg.1907.site.13, 30, 94, 124
349741.6.peg.1907.site.14, 78, 97, 175
349741.6.peg.1907.site.15, 9, 92, 101
349741.6.peg.1907.site.16, 2, 96, 98
349741.6.peg.1907.site.17, 55, 97, 152
349741.6.peg.1907.site.18, 14, 97, 111
349741.6.peg.1907.site.19, 5, 97, 102
349741.6.peg.1907.site.20, 1, 97, 98
349741.6.peg.1907.site.21, 1, 97, 98
349741.6.peg.1907.site.22, 2, 97, 99
349741.6.peg.1907.site.23, 1, 97, 98
349741.6.peg.1907.site.24, 61, 97, 158
349741.6.peg.1907.site.25, 54, 97, 151
349741.6.peg.1907.site.26, 1, 96, 97
349741.6.peg.1907.site.27, 41, 84, 125
349741.6.peg.1907.site.28, 39, 82, 121
349741.6.peg.1907.site.29, 51, 53, 104
349741.6.peg.1907.site.30, 0, 60, 60
349741.6.peg.1907.site.31, 20, 63, 83
349741.6.peg.1907.site.32, 1, 67, 68
349741.6.peg.1907.site.33, 31, 64, 95
349741.6.peg.1907.site.34, 4, 70, 74
349741.6.peg.1907.site.35, 24, 64, 88
349741.6.peg.1907.site.36, 26, 67, 93
349741.6.peg.1907.site.37, 42, 81, 123
349741.6.peg.1907.site.38, 7, 90, 97
349741.6.peg.1907.site.39, 76, 87, 163
349741.6.peg.1907.site.40, 1, 89, 90
349741.6.peg.1907.site.41, 49, 91, 140
349741.6.peg.1907.site.42, 35, 93, 128
349741.6.peg.1907.site.43, 46, 87, 133
349741.6.peg.1907.site.44, 48, 90, 138
349741.6.peg.1907.site.45, 1, 51, 52
349741.6.peg.1907.site.46, 7, 48, 55
349741.6.peg.1907.site.47, 26, 70, 96
349741.6.peg.1907.site.48, 67, 70, 137
349741.6.peg.1907.site.49, 32, 72, 104
349741.6.peg.1907.site.50, 33, 97, 130
349741.6.peg.1907.site.51, 49, 97, 146
349741.6.peg.1907.site.52, 16, 97, 113
349741.6.peg.1907.site.53, 1, 97, 98
349741.6.peg.1907.site.54, 5, 95, 100
349741.6.peg.1907.site.55, 10, 97, 107
349741.6.peg.1907.site.56, 1, 97, 98
349741.6.peg.1907.site.57, 5, 97, 102
349741.6.peg.1906.site.1, 1, 94, 95
349741.6.peg.1906.site.2, 48, 96, 144
349741.6.peg.1906.site.3, 2, 97, 99
349741.6.peg.1906.site.4, 9, 96, 105
349741.6.peg.1906.site.5, 3, 97, 100
349741.6.peg.1906.site.6, 49, 97, 146
349741.6.peg.1906.site.7, 0, 97, 97
349741.6.peg.1906.site.8, 1, 97, 98
349741.6.peg.1906.site.9, 1, 97, 98
349741.6.peg.1906.site.10, 2, 97, 99
349741.6.peg.1906.site.11, 91, 93, 184
349741.6.peg.1906.site.12, 49, 96, 145
349741.6.peg.1906.site.13, 49, 96, 145
349741.6.peg.1906.site.14, 10, 96, 106
349741.6.peg.1906.site.15, 2, 95, 97
349741.6.peg.1906.site.16, 1, 96, 97
349741.6.peg.1906.site.17, 10, 96, 106
349741.6.peg.1906.site.18, 50, 93, 143
349741.6.peg.1906.site.19, 12, 95, 107
349741.6.peg.1906.site.20, 50, 93, 143
349741.6.peg.1906.site.21, 67, 93, 160
349741.6.peg.1906.site.22, 13, 96, 109
349741.6.peg.1905.site.1, 49, 96, 145
349741.6.peg.1905.site.2, 96, 96, 192
349741.6.peg.1905.site.3, 45, 95, 140
349741.6.peg.1905.site.4, 2, 95, 97
349741.6.peg.1905.site.5, 2, 95, 97
349741.6.peg.1905.site.6, 46, 91, 137
349741.6.peg.1905.site.7, 30, 93, 123
349741.6.peg.1905.site.8, 0, 94, 94
349741.6.peg.1905.site.9, 45, 97, 142
349741.6.peg.1905.site.10, 54, 97, 151
349741.6.peg.1905.site.11, 34, 97, 131
349741.6.peg.1905.site.12, 95, 97, 192
349741.6.peg.1905.site.13, 50, 97, 147
349741.6.peg.1905.site.14, 2, 97, 99
349741.6.peg.1905.site.15, 51, 96, 147
349741.6.peg.1905.site.16, 2, 97, 99
349741.6.peg.1905.site.17, 47, 97, 144
349741.6.peg.1905.site.18, 51, 97, 148
349741.6.peg.1905.site.19, 1, 97, 98
349741.6.peg.1905.site.20, 66, 96, 162
349741.6.peg.1905.site.21, 0, 96, 96
349741.6.peg.1905.site.22, 3, 95, 98
349741.6.peg.1905.site.23, 44, 96, 140
349741.6.peg.1905.site.24, 14, 85, 99
349741.6.peg.1904.site.1, 55, 97, 152
349741.6.peg.1904.site.2, 26, 97, 123
349741.6.peg.1904.site.3, 1, 94, 95
349741.6.peg.1904.site.4, 45, 90, 135
349741.6.peg.1904.site.5, 2, 88, 90
349741.6.peg.1904.site.6, 42, 88, 130
349741.6.peg.1904.site.7, 44, 90, 134
349741.6.peg.1904.site.8, 31, 94, 125
349741.6.peg.1904.site.9, 0, 94, 94
349741.6.peg.1904.site.10, 49, 96, 145
349741.6.peg.1904.site.11, 49, 96, 145
349741.6.peg.1904.site.12, 39, 90, 129
349741.6.peg.1904.site.13, 1, 90, 91
349741.6.peg.1904.site.14, 47, 94, 141
349741.6.peg.1904.site.15, 0, 93, 93
349741.6.peg.1904.site.16, 38, 91, 129
349741.6.peg.1904.site.17, 86, 94, 180
349741.6.peg.1904.site.18, 6, 91, 97
349741.6.peg.1904.site.19, 46, 86, 132
349741.6.peg.1904.site.20, 27, 88, 115
349741.6.peg.1904.site.21, 2, 90, 92
349741.6.peg.1904.site.22, 51, 95, 146
349741.6.peg.1909.site.1, 1, 97, 98
349741.6.peg.1909.site.2, 28, 97, 125
349741.6.peg.1909.site.3, 63, 97, 160
349741.6.peg.1909.site.4, 20, 97, 117
349741.6.peg.1909.site.5, 31, 97, 128
349741.6.peg.1909.site.6, 29, 97, 126
349741.6.peg.1909.site.7, 1, 97, 98
349741.6.peg.1909.site.8, 1, 97, 98
349741.6.peg.1909.site.9, 5, 97, 102
349741.6.peg.1909.site.10, 33, 97, 130
349741.6.peg.1909.site.11, 1, 97, 98
349741.6.peg.1909.site.12, 16, 97, 113
349741.6.peg.1909.site.13, 66, 97, 163
349741.6.peg.1909.site.14, 65, 97, 162
349741.6.peg.1909.site.15, 65, 97, 162
349741.6.peg.1909.site.16, 13, 97, 110
349741.6.peg.1909.site.17, 25, 97, 122
349741.6.peg.1909.site.18, 2, 97, 99
349741.6.peg.1909.site.19, 2, 97, 99
349741.6.peg.1909.site.20, 28, 97, 125
349741.6.peg.1909.site.21, 64, 96, 160
349741.6.peg.1909.site.22, 2, 97, 99
349741.6.peg.1909.site.23, 81, 97, 178
349741.6.peg.1909.site.24, 81, 97, 178
349741.6.peg.1909.site.25, 81, 97, 178
349741.6.peg.1909.site.26, 2, 97, 99
349741.6.peg.1909.site.27, 82, 97, 179
349741.6.peg.1909.site.28, 2, 97, 99
349741.6.peg.1909.site.29, 81, 97, 178
349741.6.peg.1909.site.30, 81, 97, 178
349741.6.peg.1909.site.31, 76, 92, 168
349741.6.peg.1909.site.32, 1, 90, 91
349741.6.peg.1909.site.33, 1, 89, 90
349741.6.peg.1909.site.34, 70, 86, 156
349741.6.peg.1909.site.35, 66, 82, 148
349741.6.peg.1909.site.36, 18, 34, 52
349741.6.peg.1909.site.37, 38, 48, 86
349741.6.peg.1909.site.38, 2, 54, 56
349741.6.peg.1909.site.39, 30, 62, 92
349741.6.peg.1909.site.40, 2, 93, 95
349741.6.peg.1909.site.41, 81, 97, 178
349741.6.peg.1909.site.42, 86, 97, 183
349741.6.peg.1909.site.43, 25, 94, 119
349741.6.peg.1909.site.44, 94, 94, 188
349741.6.peg.1909.site.45, 86, 94, 180
349741.6.peg.1909.site.46, 5, 96, 101
349741.6.peg.1909.site.47, 81, 97, 178
349741.6.peg.1908.site.1, 5, 96, 101
349741.6.peg.1908.site.2, 52, 97, 149
349741.6.peg.1908.site.3, 1, 97, 98
349741.6.peg.1908.site.4, 91, 97, 188
349741.6.peg.2160.site.1, 4, 96, 100
349741.6.peg.2160.site.2, 0, 95, 95
349741.6.peg.2160.site.3, 73, 96, 169
349741.6.peg.2160.site.4, 74, 96, 170
349741.6.peg.2160.site.5, 1, 96, 97
349741.6.peg.2160.site.6, 2, 96, 98
349741.6.peg.2160.site.7, 94, 94, 188
349741.6.peg.2160.site.8, 2, 90, 92
349741.6.peg.2160.site.9, 66, 96, 162
349741.6.peg.2160.site.10, 69, 97, 166
349741.6.peg.2160.site.11, 93, 93, 186
349741.6.peg.2160.site.12, 3, 96, 99
349741.6.peg.2160.site.13, 24, 94, 118
349741.6.peg.2160.site.14, 91, 95, 186
349741.6.peg.2160.site.15, 90, 94, 184
349741.6.peg.2160.site.16, 1, 97, 98
349741.6.peg.2160.site.17, 94, 95, 189
349741.6.peg.2160.site.18, 12, 95, 107
349741.6.peg.2160.site.19, 20, 93, 113
349741.6.peg.2160.site.20, 3, 85, 88
349741.6.peg.2160.site.21, 62, 86, 148
349741.6.peg.2160.site.22, 22, 95, 117
349741.6.peg.2160.site.23, 2, 96, 98
349741.6.peg.2160.site.24, 66, 97, 163
349741.6.peg.2160.site.25, 56, 97, 153
349741.6.peg.2162.site.1, 1, 93, 94
349741.6.peg.2162.site.2, 93, 94, 187
349741.6.peg.2162.site.3, 75, 96, 171
349741.6.peg.2163.site.1, 67, 96, 163
349741.6.peg.2163.site.2, 15, 95, 110
349741.6.peg.2163.site.3, 67, 96, 163
349741.6.peg.2163.site.4, 34, 63, 97
349741.6.peg.2163.site.5, 20, 47, 67
349741.6.peg.2163.site.6, 14, 41, 55
349741.6.peg.2163.site.7, 14, 46, 60
349741.6.peg.2163.site.8, 6, 43, 49
349741.6.peg.2163.site.9, 1, 42, 43
349741.6.peg.2163.site.10, 39, 42, 81
349741.6.peg.2163.site.11, 14, 39, 53
349741.6.peg.2163.site.12, 11, 37, 48
349741.6.peg.2163.site.13, 8, 35, 43
349741.6.peg.2163.site.14, 7, 29, 36
349741.6.peg.2163.site.15, 1, 30, 31
349741.6.peg.2163.site.16, 7, 31, 38
349741.6.peg.2163.site.17, 5, 40, 45
349741.6.peg.2163.site.18, 5, 95, 100
349741.6.peg.2163.site.19, 1, 95, 96
349741.6.peg.2163.site.20, 74, 95, 169
349741.6.peg.2163.site.21, 73, 95, 168
349741.6.peg.2163.site.22, 65, 94, 159
349741.6.peg.2163.site.23, 7, 93, 100
349741.6.peg.2163.site.24, 44, 71, 115
349741.6.peg.2163.site.25, 81, 85, 166
349741.6.peg.2163.site.26, 70, 94, 164
349741.6.peg.2163.site.27, 5, 94, 99
349741.6.peg.2163.site.28, 66, 95, 161
349741.6.peg.2163.site.29, 0, 95, 95
349741.6.peg.2163.site.30, 16, 96, 112
349741.6.peg.2163.site.31, 2, 95, 97
349741.6.peg.2164.site.1, 5, 97, 102
349741.6.peg.2164.site.2, 73, 97, 170
349741.6.peg.2164.site.3, 68, 97, 165
349741.6.peg.2164.site.4, 2, 97, 99
349741.6.peg.2164.site.5, 3, 97, 100
349741.6.peg.2164.site.6, 68, 97, 165
349741.6.peg.2164.site.7, 0, 96, 96
349741.6.peg.2164.site.8, 66, 96, 162
349741.6.peg.2164.site.9, 73, 96, 169
349741.6.peg.2164.site.10, 2, 97, 99
349741.6.peg.2164.site.11, 0, 97, 97
349741.6.peg.2164.site.12, 91, 97, 188
349741.6.peg.2164.site.13, 59, 97, 156
349741.6.peg.2164.site.14, 74, 97, 171
349741.6.peg.2164.site.15, 3, 97, 100
349741.6.peg.2164.site.16, 8, 97, 105
349741.6.peg.2165.site.1, 3, 97, 100
349741.6.peg.2165.site.2, 1, 97, 98
349741.6.peg.2165.site.3, 8, 97, 105
349741.6.peg.2165.site.4, 5, 97, 102
349741.6.peg.2165.site.5, 76, 97, 173
349741.6.peg.2165.site.6, 94, 96, 190
349741.6.peg.2166.site.1, 3, 97, 100
349741.6.peg.2166.site.2, 69, 97, 166
349741.6.peg.2166.site.3, 15, 96, 111
349741.6.peg.2166.site.4, 65, 96, 161
349741.6.peg.2166.site.5, 1, 97, 98
349741.6.peg.2166.site.6, 72, 97, 169
349741.6.peg.2166.site.7, 15, 97, 112
349741.6.peg.2166.site.8, 5, 96, 101
349741.6.peg.2166.site.9, 33, 85, 118
349741.6.peg.2166.site.10, 13, 71, 84
349741.6.peg.2166.site.11, 48, 72, 120
349741.6.peg.2166.site.12, 37, 66, 103
349741.6.peg.2166.site.13, 35, 66, 101
349741.6.peg.2167.site.1, 2, 97, 99
349741.6.peg.2167.site.2, 3, 97, 100
349741.6.peg.2167.site.3, 71, 97, 168
349741.6.peg.2167.site.4, 68, 97, 165
349741.6.peg.2167.site.5, 1, 97, 98
349741.6.peg.2167.site.6, 7, 97, 104
349741.6.peg.2167.site.7, 3, 97, 100
349741.6.peg.2167.site.8, 68, 97, 165
349741.6.peg.2167.site.9, 3, 97, 100
349741.6.peg.2167.site.10, 0, 97, 97
349741.6.peg.2167.site.11, 9, 96, 105
349741.6.peg.2167.site.12, 9, 96, 105
349741.6.peg.2167.site.13, 1, 95, 96
349741.6.peg.2167.site.14, 28, 96, 124
349741.6.peg.2167.site.15, 68, 97, 165
349741.6.peg.2167.site.16, 78, 97, 175
349741.6.peg.2167.site.17, 42, 97, 139
349741.6.peg.2167.site.18, 1, 97, 98
349741.6.peg.2296.site.1, 2, 96, 98
349741.6.peg.2296.site.2, 38, 91, 129
349741.6.peg.2296.site.3, 2, 94, 96
349741.6.peg.2296.site.4, 76, 93, 169
349741.6.peg.2296.site.5, 2, 94, 96
349741.6.peg.2296.site.6, 74, 91, 165
349741.6.peg.2296.site.7, 8, 95, 103
349741.6.peg.2296.site.8, 49, 93, 142
349741.6.peg.2296.site.9, 7, 91, 98
349741.6.peg.2296.site.10, 6, 75, 81
349741.6.peg.2296.site.11, 37, 70, 107
349741.6.peg.2296.site.12, 65, 79, 144
349741.6.peg.2296.site.13, 8, 78, 86
349741.6.peg.2296.site.14, 61, 78, 139
349741.6.peg.2296.site.15, 36, 55, 91
349741.6.peg.2296.site.16, 25, 42, 67
349741.6.peg.2296.site.17, 8, 45, 53
349741.6.peg.2296.site.18, 2, 64, 66
349741.6.peg.2296.site.19, 75, 92, 167
349741.6.peg.2296.site.20, 2, 95, 97
349741.6.peg.2296.site.21, 2, 97, 99
349741.6.peg.2296.site.22, 11, 96, 107
349741.6.peg.2296.site.23, 11, 96, 107
349741.6.peg.2296.site.24, 12, 97, 109
349741.6.peg.2296.site.25, 12, 94, 106
349741.6.peg.2296.site.26, 8, 94, 102
349741.6.peg.2296.site.27, 72, 95, 167
349741.6.peg.2296.site.28, 59, 97, 156
349741.6.peg.2296.site.29, 3, 97, 100
349741.6.peg.2296.site.30, 58, 96, 154
349741.6.peg.2296.site.31, 74, 97, 171
349741.6.peg.2296.site.32, 13, 96, 109
349741.6.peg.2296.site.33, 56, 79, 135
349741.6.peg.2296.site.34, 4, 96, 100
349741.6.peg.2296.site.35, 68, 97, 165
349741.6.peg.2296.site.36, 1, 96, 97
349741.6.peg.2296.site.37, 30, 96, 126
349741.6.peg.2296.site.38, 29, 94, 123
349741.6.peg.2296.site.39, 43, 96, 139
349741.6.peg.2296.site.40, 43, 97, 140
349741.6.peg.2296.site.41, 23, 97, 120
349741.6.peg.2296.site.42, 74, 97, 171
349741.6.peg.2296.site.43, 1, 97, 98
349741.6.peg.2297.site.1, 74, 95, 169
349741.6.peg.2297.site.2, 74, 95, 169
349741.6.peg.2297.site.3, 14, 94, 108
349741.6.peg.2297.site.4, 91, 96, 187
349741.6.peg.2297.site.5, 4, 96, 100
349741.6.peg.2297.site.6, 1, 96, 97
349741.6.peg.2297.site.7, 43, 95, 138
349741.6.peg.2297.site.8, 7, 96, 103
349741.6.peg.2297.site.9, 5, 93, 98
349741.6.peg.2297.site.10, 29, 93, 122
349741.6.peg.2297.site.11, 30, 93, 123
349741.6.peg.2297.site.12, 38, 89, 127
349741.6.peg.2297.site.13, 17, 89, 106
349741.6.peg.2297.site.14, 5, 90, 95
349741.6.peg.2297.site.15, 10, 91, 101
349741.6.peg.2297.site.16, 10, 92, 102
349741.6.peg.2297.site.17, 2, 89, 91
349741.6.peg.2297.site.18, 27, 92, 119
349741.6.peg.2297.site.19, 29, 94, 123
349741.6.peg.2297.site.20, 82, 85, 167
349741.6.peg.2297.site.21, 71, 81, 152
349741.6.peg.2297.site.22, 2, 85, 87
349741.6.peg.2297.site.23, 2, 83, 85
349741.6.peg.2297.site.24, 61, 84, 145
349741.6.peg.2297.site.25, 60, 83, 143
349741.6.peg.2297.site.26, 6, 89, 95
349741.6.peg.2297.site.27, 2, 91, 93
349741.6.peg.2297.site.28, 72, 95, 167
349741.6.peg.2297.site.29, 19, 95, 114
349741.6.peg.2297.site.30, 62, 94, 156
349741.6.peg.2297.site.31, 5, 90, 95
349741.6.peg.2297.site.32, 5, 90, 95
349741.6.peg.2294.site.1, 70, 89, 159
349741.6.peg.2294.site.2, 76, 91, 167
349741.6.peg.2294.site.3, 2, 90, 92
349741.6.peg.2294.site.4, 81, 92, 173
349741.6.peg.2294.site.5, 0, 94, 94
349741.6.peg.2294.site.6, 78, 94, 172
349741.6.peg.2294.site.7, 79, 96, 175
349741.6.peg.2294.site.8, 1, 96, 97
349741.6.peg.2294.site.9, 1, 96, 97
349741.6.peg.2294.site.10, 0, 96, 96
349741.6.peg.2294.site.11, 37, 95, 132
349741.6.peg.2294.site.12, 1, 92, 93
349741.6.peg.2294.site.13, 49, 66, 115
349741.6.peg.2294.site.14, 42, 58, 100
349741.6.peg.2294.site.15, 34, 50, 84
349741.6.peg.2294.site.16, 46, 63, 109
349741.6.peg.2294.site.17, 43, 60, 103
349741.6.peg.2294.site.18, 27, 44, 71
349741.6.peg.2294.site.19, 4, 21, 25
349741.6.peg.2294.site.20, 2, 26, 28
349741.6.peg.2294.site.21, 14, 31, 45
349741.6.peg.2294.site.22, 0, 47, 47
349741.6.peg.2294.site.23, 4, 58, 62
349741.6.peg.2294.site.24, 5, 64, 69
349741.6.peg.2294.site.25, 64, 64, 128
349741.6.peg.2294.site.26, 18, 71, 89
349741.6.peg.2294.site.27, 5, 73, 78
349741.6.peg.2294.site.28, 59, 76, 135
349741.6.peg.2294.site.29, 77, 94, 171
349741.6.peg.2294.site.30, 10, 93, 103
349741.6.peg.2294.site.31, 7, 94, 101
349741.6.peg.2294.site.32, 34, 95, 129
349741.6.peg.2294.site.33, 9, 96, 105
349741.6.peg.2294.site.34, 72, 89, 161
349741.6.peg.39.site.1, 27, 97, 124
349741.6.peg.39.site.2, 2, 97, 99
349741.6.peg.39.site.3, 70, 97, 167
349741.6.peg.39.site.4, 27, 97, 124
349741.6.peg.39.site.5, 12, 82, 94
349741.6.peg.39.site.6, 16, 82, 98
349741.6.peg.39.site.7, 10, 80, 90
349741.6.peg.39.site.8, 11, 70, 81
349741.6.peg.39.site.9, 2, 70, 72
349741.6.peg.39.site.10, 26, 70, 96
349741.6.peg.39.site.11, 74, 74, 148
349741.6.peg.39.site.12, 1, 75, 76
349741.6.peg.39.site.13, 8, 74, 82
349741.6.peg.39.site.14, 3, 70, 73
349741.6.peg.39.site.15, 5, 74, 79
349741.6.peg.39.site.16, 15, 83, 98
349741.6.peg.39.site.17, 3, 74, 77
349741.6.peg.39.site.18, 3, 82, 85
349741.6.peg.39.site.19, 3, 78, 81
349741.6.peg.36.site.1, 34, 82, 116
349741.6.peg.36.site.2, 49, 97, 146
349741.6.peg.36.site.3, 48, 96, 144
349741.6.peg.36.site.4, 47, 95, 142
349741.6.peg.36.site.5, 2, 95, 97
349741.6.peg.36.site.6, 45, 96, 141
349741.6.peg.36.site.7, 86, 96, 182
349741.6.peg.36.site.8, 30, 97, 127
349741.6.peg.36.site.9, 2, 96, 98
349741.6.peg.36.site.10, 95, 96, 191
349741.6.peg.36.site.11, 49, 94, 143
349741.6.peg.36.site.12, 32, 92, 124
349741.6.peg.36.site.13, 5, 92, 97
349741.6.peg.36.site.14, 2, 96, 98
349741.6.peg.36.site.15, 28, 97, 125
349741.6.peg.36.site.16, 3, 97, 100
349741.6.peg.36.site.17, 30, 97, 127
349741.6.peg.36.site.18, 2, 97, 99
349741.6.peg.36.site.19, 0, 96, 96
349741.6.peg.36.site.20, 29, 96, 125
349741.6.peg.36.site.21, 27, 97, 124
349741.6.peg.36.site.22, 2, 97, 99
349741.6.peg.36.site.23, 7, 97, 104
349741.6.peg.34.site.1, 3, 55, 58
349741.6.peg.34.site.2, 29, 78, 107
349741.6.peg.34.site.3, 29, 90, 119
349741.6.peg.34.site.4, 9, 94, 103
349741.6.peg.34.site.5, 18, 96, 114
349741.6.peg.34.site.6, 18, 95, 113
349741.6.peg.34.site.7, 47, 95, 142
349741.6.peg.34.site.8, 24, 97, 121
349741.6.peg.34.site.9, 1, 97, 98
349741.6.peg.34.site.10, 47, 93, 140
349741.6.peg.34.site.11, 18, 92, 110
349741.6.peg.34.site.12, 41, 90, 131
349741.6.peg.34.site.13, 34, 82, 116
349741.6.peg.34.site.14, 35, 83, 118
349741.6.peg.34.site.15, 26, 83, 109
349741.6.peg.34.site.16, 35, 84, 119
349741.6.peg.34.site.17, 89, 92, 181
349741.6.peg.34.site.18, 42, 91, 133
349741.6.peg.34.site.19, 18, 83, 101
349741.6.peg.34.site.20, 36, 81, 117
349741.6.peg.34.site.21, 28, 76, 104
349741.6.peg.34.site.22, 4, 72, 76
349741.6.peg.34.site.23, 22, 81, 103
349741.6.peg.34.site.24, 18, 89, 107
349741.6.peg.34.site.25, 3, 94, 97
349741.6.peg.34.site.26, 36, 95, 131
349741.6.peg.34.site.27, 0, 95, 95
349741.6.peg.34.site.28, 19, 97, 116
349741.6.peg.34.site.29, 2, 97, 99
349741.6.peg.34.site.30, 29, 97, 126
349741.6.peg.34.site.31, 29, 97, 126
349741.6.peg.34.site.32, 27, 93, 120
349741.6.peg.34.site.33, 22, 89, 111
349741.6.peg.34.site.34, 11, 83, 94
349741.6.peg.34.site.35, 6, 85, 91
349741.6.peg.34.site.36, 2, 85, 87
349741.6.peg.34.site.37, 7, 66, 73
349741.6.peg.34.site.38, 3, 61, 64
349741.6.peg.34.site.39, 43, 55, 98
349741.6.peg.34.site.40, 18, 51, 69
349741.6.peg.34.site.41, 17, 48, 65
349741.6.peg.34.site.42, 0, 49, 49
349741.6.peg.34.site.43, 26, 57, 83
349741.6.peg.34.site.44, 6, 67, 73
349741.6.peg.34.site.45, 29, 72, 101
349741.6.peg.34.site.46, 18, 86, 104
349741.6.peg.34.site.47, 17, 85, 102
349741.6.peg.34.site.48, 6, 91, 97
349741.6.peg.34.site.49, 28, 96, 124
349741.6.peg.34.site.50, 2, 96, 98
349741.6.peg.34.site.51, 25, 92, 117
349741.6.peg.34.site.52, 25, 91, 116
349741.6.peg.34.site.53, 4, 93, 97
349741.6.peg.34.site.54, 13, 80, 93
349741.6.peg.34.site.55, 39, 75, 114
349741.6.peg.34.site.56, 18, 90, 108
349741.6.peg.34.site.57, 18, 85, 103
349741.6.peg.34.site.58, 18, 86, 104
349741.6.peg.34.site.59, 2, 89, 91
349741.6.peg.34.site.60, 20, 86, 106
349741.6.peg.34.site.61, 20, 87, 107
349741.6.peg.34.site.62, 4, 95, 99
349741.6.peg.35.site.1, 2, 81, 83
349741.6.peg.35.site.2, 15, 83, 98
349741.6.peg.35.site.3, 26, 94, 120
349741.6.peg.35.site.4, 30, 96, 126
349741.6.peg.35.site.5, 30, 97, 127
349741.6.peg.35.site.6, 29, 84, 113
349741.6.peg.33.site.1, 10, 81, 91
349741.6.peg.33.site.2, 38, 74, 112
349741.6.peg.33.site.3, 56, 76, 132
349741.6.peg.33.site.4, 1, 77, 78
349741.6.peg.33.site.5, 9, 81, 90
349741.6.peg.33.site.6, 11, 84, 95
349741.6.peg.33.site.7, 19, 90, 109
349741.6.peg.33.site.8, 26, 96, 122
349741.6.peg.33.site.9, 26, 97, 123
349741.6.peg.33.site.10, 37, 97, 134
349741.6.peg.33.site.11, 7, 96, 103
349741.6.peg.33.site.12, 11, 97, 108
349741.6.peg.33.site.13, 97, 97, 194
349741.6.peg.33.site.14, 2, 97, 99
349741.6.peg.33.site.15, 26, 97, 123
349741.6.peg.33.site.16, 2, 97, 99
349741.6.peg.33.site.17, 10, 96, 106
349741.6.peg.33.site.18, 1, 97, 98
349741.6.peg.33.site.19, 25, 96, 121
349741.6.peg.33.site.20, 26, 97, 123
349741.6.peg.33.site.21, 7, 78, 85
349741.6.peg.33.site.22, 25, 96, 121
349741.6.peg.33.site.23, 2, 96, 98
349741.6.peg.33.site.24, 2, 97, 99
349741.6.peg.33.site.25, 26, 97, 123
349741.6.peg.33.site.26, 26, 96, 122
349741.6.peg.33.site.27, 13, 96, 109
349741.6.peg.33.site.28, 0, 97, 97
349741.6.peg.33.site.29, 26, 97, 123
349741.6.peg.33.site.30, 26, 96, 122
349741.6.peg.33.site.31, 2, 97, 99
349741.6.peg.33.site.32, 62, 96, 158
349741.6.peg.33.site.33, 2, 96, 98
349741.6.peg.33.site.34, 29, 95, 124
349741.6.peg.33.site.35, 21, 80, 101
349741.6.peg.33.site.36, 19, 74, 93
349741.6.peg.2298.site.1, 1, 85, 86
349741.6.peg.2298.site.2, 82, 85, 167
349741.6.peg.2298.site.3, 61, 84, 145
349741.6.peg.2298.site.4, 61, 84, 145
349741.6.peg.2298.site.5, 2, 85, 87
349741.6.peg.2298.site.6, 2, 87, 89
349741.6.peg.2298.site.7, 65, 88, 153
349741.6.peg.2298.site.8, 12, 97, 109
349741.6.peg.2298.site.9, 3, 97, 100
349741.6.peg.2298.site.10, 1, 97, 98
349741.6.peg.2298.site.11, 62, 97, 159
349741.6.peg.2298.site.12, 2, 97, 99
349741.6.peg.2298.site.13, 1, 97, 98
349741.6.peg.2298.site.14, 2, 97, 99
349741.6.peg.2298.site.15, 2, 97, 99
349741.6.peg.2298.site.16, 62, 94, 156
349741.6.peg.2298.site.17, 83, 87, 170
349741.6.peg.2298.site.18, 4, 86, 90
349741.6.peg.2298.site.19, 2, 86, 88
349741.6.peg.2298.site.20, 1, 86, 87
349741.6.peg.2298.site.21, 8, 75, 83
349741.6.peg.2298.site.22, 59, 80, 139
349741.6.peg.2298.site.23, 16, 75, 91
349741.6.peg.2298.site.24, 68, 73, 141
349741.6.peg.2298.site.25, 1, 75, 76
349741.6.peg.2298.site.26, 55, 72, 127
349741.6.peg.2298.site.27, 6, 71, 77
349741.6.peg.2298.site.28, 1, 70, 71
349741.6.peg.2298.site.29, 7, 71, 78
349741.6.peg.2298.site.30, 2, 73, 75
349741.6.peg.31.site.1, 16, 97, 113
349741.6.peg.31.site.2, 4, 97, 101
349741.6.peg.31.site.3, 4, 97, 101
349741.6.peg.31.site.4, 16, 97, 113
349741.6.peg.31.site.5, 97, 97, 194
349741.6.peg.31.site.6, 7, 96, 103
349741.6.peg.31.site.7, 20, 96, 116
349741.6.peg.31.site.8, 0, 97, 97
349741.6.peg.31.site.9, 54, 95, 149
349741.6.peg.31.site.10, 9, 90, 99
349741.6.peg.31.site.11, 2, 80, 82
349741.6.peg.31.site.12, 16, 80, 96
349741.6.peg.31.site.13, 2, 81, 83
349741.6.peg.31.site.14, 15, 83, 98
349741.6.peg.31.site.15, 2, 90, 92
349741.6.peg.31.site.16, 14, 95, 109
349741.6.peg.760.site.1, 79, 91, 170
349741.6.peg.760.site.2, 8, 97, 105
349741.6.peg.760.site.3, 8, 97, 105
349741.6.peg.760.site.4, 8, 97, 105
349741.6.peg.760.site.5, 8, 97, 105
349741.6.peg.760.site.6, 73, 97, 170
349741.6.peg.760.site.7, 8, 96, 104
349741.6.peg.760.site.8, 74, 96, 170
349741.6.peg.760.site.9, 6, 97, 103
349741.6.peg.760.site.10, 1, 97, 98
349741.6.peg.760.site.11, 1, 97, 98
349741.6.peg.760.site.12, 8, 95, 103
349741.6.peg.760.site.13, 1, 97, 98
349741.6.peg.760.site.14, 8, 97, 105
349741.6.peg.760.site.15, 7, 94, 101
349741.6.peg.760.site.16, 8, 96, 104
349741.6.peg.760.site.17, 8, 97, 105
349741.6.peg.760.site.18, 2, 97, 99
349741.6.peg.760.site.19, 8, 97, 105
349741.6.peg.760.site.20, 79, 97, 176
349741.6.peg.760.site.21, 8, 97, 105
349741.6.peg.760.site.22, 1, 97, 98
349741.6.peg.760.site.23, 3, 97, 100
349741.6.peg.760.site.24, 8, 97, 105
349741.6.peg.760.site.25, 8, 97, 105
349741.6.peg.760.site.26, 8, 96, 104
349741.6.peg.760.site.27, 67, 97, 164
349741.6.peg.760.site.28, 73, 97, 170
349741.6.peg.760.site.29, 94, 97, 191
349741.6.peg.760.site.30, 1, 97, 98
349741.6.peg.760.site.31, 11, 97, 108
349741.6.peg.760.site.32, 1, 97, 98
349741.6.peg.760.site.33, 77, 97, 174
349741.6.peg.760.site.34, 0, 97, 97
349741.6.peg.760.site.35, 1, 97, 98
349741.6.peg.760.site.36, 69, 96, 165
349741.6.peg.763.site.1, 8, 97, 105
349741.6.peg.763.site.2, 1, 97, 98
349741.6.peg.763.site.3, 8, 97, 105
349741.6.peg.763.site.4, 8, 97, 105
349741.6.peg.763.site.5, 1, 97, 98
349741.6.peg.763.site.6, 2, 97, 99
349741.6.peg.763.site.7, 1, 97, 98
349741.6.peg.763.site.8, 8, 95, 103
349741.6.peg.763.site.9, 8, 93, 101
349741.6.peg.763.site.10, 8, 94, 102
349741.6.peg.763.site.11, 8, 95, 103
349741.6.peg.763.site.12, 8, 94, 102
349741.6.peg.763.site.13, 3, 92, 95
349741.6.peg.763.site.14, 6, 95, 101
349741.6.peg.763.site.15, 8, 97, 105
349741.6.peg.763.site.16, 72, 97, 169
349741.6.peg.763.site.17, 2, 97, 99
349741.6.peg.763.site.18, 1, 97, 98
349741.6.peg.763.site.19, 1, 97, 98
349741.6.peg.763.site.20, 0, 97, 97
349741.6.peg.763.site.21, 8, 96, 104
349741.6.peg.763.site.22, 3, 92, 95
349741.6.peg.763.site.23, 3, 90, 93
349741.6.peg.763.site.24, 1, 88, 89
349741.6.peg.763.site.25, 86, 90, 176
349741.6.peg.763.site.26, 2, 91, 93
349741.6.peg.767.site.1, 4, 93, 97
349741.6.peg.766.site.1, 4, 89, 93
349741.6.peg.766.site.2, 70, 89, 159
349741.6.peg.766.site.3, 0, 89, 89
349741.6.peg.766.site.4, 89, 89, 178
349741.6.peg.766.site.5, 1, 86, 87
349741.6.peg.766.site.6, 1, 91, 92
349741.6.peg.766.site.7, 7, 96, 103
349741.6.peg.766.site.8, 8, 97, 105
349741.6.peg.766.site.9, 6, 95, 101
349741.6.peg.766.site.10, 1, 90, 91
349741.6.peg.769.site.1, 96, 97, 193
349741.6.peg.769.site.2, 0, 96, 96
349741.6.peg.769.site.3, 2, 97, 99
349741.6.peg.769.site.4, 3, 96, 99
349741.6.peg.769.site.5, 1, 97, 98
349741.6.peg.769.site.6, 2, 97, 99
349741.6.peg.769.site.7, 8, 97, 105
349741.6.peg.769.site.8, 1, 97, 98
349741.6.peg.769.site.9, 1, 97, 98
349741.6.peg.769.site.10, 16, 97, 113
349741.6.peg.768.site.1, 8, 96, 104
349741.6.peg.768.site.2, 8, 96, 104
349741.6.peg.768.site.3, 8, 97, 105
349741.6.peg.768.site.4, 7, 97, 104
349741.6.peg.768.site.5, 54, 89, 143
349741.6.peg.768.site.6, 88, 90, 178
349741.6.peg.768.site.7, 2, 92, 94
349741.6.peg.768.site.8, 8, 97, 105
349741.6.peg.768.site.9, 8, 97, 105
349741.6.peg.768.site.10, 25, 97, 122
349741.6.peg.768.site.11, 17, 97, 114
349741.6.peg.768.site.12, 1, 97, 98
349741.6.peg.768.site.13, 8, 97, 105
349741.6.peg.768.site.14, 8, 97, 105
349741.6.peg.768.site.15, 7, 96, 103
349741.6.peg.768.site.16, 8, 97, 105
349741.6.peg.768.site.17, 5, 97, 102
349741.6.peg.768.site.18, 8, 96, 104
349741.6.peg.768.site.19, 2, 97, 99
349741.6.peg.768.site.20, 1, 97, 98
349741.6.peg.549.site.1, 94, 94, 188
349741.6.peg.549.site.2, 2, 94, 96
349741.6.peg.549.site.3, 5, 95, 100
349741.6.peg.549.site.4, 4, 97, 101
349741.6.peg.549.site.5, 27, 97, 124
349741.6.peg.549.site.6, 37, 97, 134
349741.6.peg.549.site.7, 8, 97, 105
349741.6.peg.549.site.8, 48, 97, 145
349741.6.peg.549.site.9, 8, 97, 105
349741.6.peg.549.site.10, 4, 97, 101
349741.6.peg.549.site.11, 3, 96, 99
349741.6.peg.549.site.12, 4, 97, 101
349741.6.peg.549.site.13, 3, 95, 98
349741.6.peg.549.site.14, 4, 97, 101
349741.6.peg.548.site.1, 1, 93, 94
349741.6.peg.548.site.2, 22, 93, 115
349741.6.peg.548.site.3, 0, 93, 93
349741.6.peg.548.site.4, 19, 90, 109
349741.6.peg.548.site.5, 84, 89, 173
349741.6.peg.548.site.6, 0, 91, 91
349741.6.peg.548.site.7, 13, 96, 109
349741.6.peg.548.site.8, 25, 96, 121
349741.6.peg.548.site.9, 80, 85, 165
349741.6.peg.548.site.10, 13, 84, 97
349741.6.peg.548.site.11, 10, 81, 91
349741.6.peg.548.site.12, 3, 90, 93
349741.6.peg.548.site.13, 1, 94, 95
349741.6.peg.548.site.14, 28, 94, 122
349741.6.peg.548.site.15, 24, 93, 117
349741.6.peg.548.site.16, 25, 94, 119
349741.6.peg.548.site.17, 2, 97, 99
349741.6.peg.548.site.18, 5, 97, 102
349741.6.peg.548.site.19, 1, 94, 95
349741.6.peg.548.site.20, 33, 94, 127
349741.6.peg.548.site.21, 2, 94, 96
349741.6.peg.548.site.22, 41, 93, 134
349741.6.peg.548.site.23, 39, 93, 132
349741.6.peg.548.site.24, 39, 91, 130
349741.6.peg.548.site.25, 24, 93, 117
349741.6.peg.548.site.26, 1, 94, 95
349741.6.peg.548.site.27, 15, 94, 109
349741.6.peg.548.site.28, 12, 96, 108
349741.6.peg.548.site.29, 41, 95, 136
349741.6.peg.548.site.30, 1, 95, 96
349741.6.peg.548.site.31, 28, 97, 125
349741.6.peg.548.site.32, 27, 96, 123
349741.6.peg.541.site.1, 1, 96, 97
349741.6.peg.541.site.2, 87, 96, 183
349741.6.peg.541.site.3, 52, 96, 148
349741.6.peg.541.site.4, 1, 97, 98
349741.6.peg.541.site.5, 96, 96, 192
349741.6.peg.541.site.6, 3, 96, 99
349741.6.peg.541.site.7, 49, 92, 141
349741.6.peg.541.site.8, 53, 93, 146
349741.6.peg.541.site.9, 1, 97, 98
349741.6.peg.541.site.10, 1, 97, 98
349741.6.peg.540.site.1, 64, 97, 161
349741.6.peg.540.site.2, 19, 97, 116
349741.6.peg.540.site.3, 1, 97, 98
349741.6.peg.540.site.4, 71, 97, 168
349741.6.peg.540.site.5, 66, 97, 163
349741.6.peg.540.site.6, 68, 97, 165
349741.6.peg.540.site.7, 1, 95, 96
349741.6.peg.540.site.8, 66, 97, 163
349741.6.peg.540.site.9, 66, 97, 163
349741.6.peg.540.site.10, 15, 97, 112
349741.6.peg.540.site.11, 26, 96, 122
349741.6.peg.540.site.12, 1, 96, 97
349741.6.peg.540.site.13, 68, 97, 165
349741.6.peg.540.site.14, 2, 96, 98
349741.6.peg.540.site.15, 66, 97, 163
349741.6.peg.540.site.16, 1, 97, 98
349741.6.peg.540.site.17, 22, 97, 119
349741.6.peg.540.site.18, 1, 97, 98
349741.6.peg.540.site.19, 43, 97, 140
349741.6.peg.540.site.20, 44, 93, 137
349741.6.peg.540.site.21, 42, 95, 137
349741.6.peg.540.site.22, 3, 95, 98
349741.6.peg.543.site.1, 10, 94, 104
349741.6.peg.543.site.2, 81, 86, 167
349741.6.peg.543.site.3, 5, 86, 91
349741.6.peg.543.site.4, 2, 88, 90
349741.6.peg.543.site.5, 10, 88, 98
349741.6.peg.543.site.6, 7, 92, 99
349741.6.peg.543.site.7, 93, 96, 189
349741.6.peg.543.site.8, 7, 97, 104
349741.6.peg.543.site.9, 1, 96, 97
349741.6.peg.543.site.10, 28, 96, 124
349741.6.peg.542.site.1, 62, 95, 157
349741.6.peg.542.site.2, 77, 87, 164
349741.6.peg.542.site.3, 40, 88, 128
349741.6.peg.542.site.4, 16, 94, 110
349741.6.peg.542.site.5, 2, 97, 99
349741.6.peg.542.site.6, 53, 97, 150
349741.6.peg.542.site.7, 97, 97, 194
349741.6.peg.542.site.8, 18, 97, 115
349741.6.peg.542.site.9, 70, 97, 167
349741.6.peg.542.site.10, 6, 97, 103
349741.6.peg.542.site.11, 3, 96, 99
349741.6.peg.542.site.12, 86, 91, 177
349741.6.peg.542.site.13, 8, 52, 60
349741.6.peg.542.site.14, 2, 47, 49
349741.6.peg.542.site.15, 10, 55, 65
349741.6.peg.542.site.16, 31, 75, 106
349741.6.peg.545.site.1, 0, 95, 95
349741.6.peg.545.site.2, 0, 97, 97
349741.6.peg.545.site.3, 97, 97, 194
349741.6.peg.545.site.4, 10, 97, 107
349741.6.peg.545.site.5, 4, 97, 101
349741.6.peg.545.site.6, 2, 97, 99
349741.6.peg.545.site.7, 44, 97, 141
349741.6.peg.545.site.8, 32, 97, 129
349741.6.peg.545.site.9, 2, 97, 99
349741.6.peg.545.site.10, 47, 97, 144
349741.6.peg.545.site.11, 47, 96, 143
349741.6.peg.545.site.12, 47, 97, 144
349741.6.peg.545.site.13, 7, 97, 104
349741.6.peg.545.site.14, 51, 97, 148
349741.6.peg.545.site.15, 97, 97, 194
349741.6.peg.545.site.16, 0, 96, 96
349741.6.peg.544.site.1, 59, 97, 156
349741.6.peg.544.site.2, 2, 97, 99
349741.6.peg.544.site.3, 83, 97, 180
349741.6.peg.544.site.4, 0, 97, 97
349741.6.peg.544.site.5, 81, 97, 178
349741.6.peg.544.site.6, 2, 97, 99
349741.6.peg.544.site.7, 10, 97, 107
349741.6.peg.544.site.8, 17, 97, 114
349741.6.peg.544.site.9, 10, 97, 107
349741.6.peg.544.site.10, 0, 97, 97
349741.6.peg.547.site.1, 15, 93, 108
349741.6.peg.547.site.2, 6, 96, 102
349741.6.peg.547.site.3, 2, 95, 97
349741.6.peg.547.site.4, 4, 96, 100
349741.6.peg.547.site.5, 15, 96, 111
349741.6.peg.547.site.6, 28, 96, 124
349741.6.peg.547.site.7, 2, 96, 98
349741.6.peg.547.site.8, 33, 95, 128
349741.6.peg.547.site.9, 1, 93, 94
349741.6.peg.547.site.10, 9, 91, 100
349741.6.peg.547.site.11, 2, 91, 93
349741.6.peg.547.site.12, 3, 93, 96
349741.6.peg.547.site.13, 29, 93, 122
349741.6.peg.547.site.14, 3, 92, 95
349741.6.peg.547.site.15, 2, 93, 95
349741.6.peg.546.site.1, 1, 95, 96
349741.6.peg.546.site.2, 7, 97, 104
349741.6.peg.546.site.3, 5, 97, 102
349741.6.peg.546.site.4, 2, 97, 99
349741.6.peg.546.site.5, 47, 96, 143
349741.6.peg.546.site.6, 2, 97, 99
349741.6.peg.546.site.7, 70, 96, 166
349741.6.peg.546.site.8, 9, 97, 106
349741.6.peg.546.site.9, 2, 97, 99
349741.6.peg.546.site.10, 73, 97, 170
349741.6.peg.546.site.11, 14, 97, 111
349741.6.peg.546.site.12, 74, 97, 171
349741.6.peg.546.site.13, 5, 97, 102
349741.6.peg.546.site.14, 5, 97, 102
349741.6.peg.546.site.15, 14, 97, 111
349741.6.peg.546.site.16, 4, 97, 101
349741.6.peg.546.site.17, 5, 97, 102
349741.6.peg.546.site.18, 14, 97, 111
349741.6.peg.546.site.19, 14, 97, 111
349741.6.peg.546.site.20, 13, 96, 109
349741.6.peg.546.site.21, 11, 92, 103
349741.6.peg.546.site.22, 11, 94, 105
349741.6.peg.546.site.23, 14, 96, 110
349741.6.peg.546.site.24, 9, 97, 106
349741.6.peg.546.site.25, 9, 97, 106
349741.6.peg.546.site.26, 17, 96, 113
349741.6.peg.546.site.27, 1, 94, 95
349741.6.peg.546.site.28, 2, 94, 96
349741.6.peg.546.site.29, 1, 94, 95
349741.6.peg.546.site.30, 2, 94, 96
349741.6.peg.546.site.31, 1, 94, 95
349741.6.peg.546.site.32, 1, 94, 95
349741.6.peg.546.site.33, 4, 95, 99
349741.6.peg.546.site.34, 1, 95, 96
349741.6.peg.546.site.35, 11, 89, 100
349741.6.peg.546.site.36, 6, 91, 97
349741.6.peg.546.site.37, 64, 95, 159
349741.6.peg.546.site.38, 14, 97, 111
349741.6.peg.546.site.39, 2, 95, 97
349741.6.peg.546.site.40, 30, 92, 122
349741.6.peg.546.site.41, 14, 93, 107
349741.6.peg.546.site.42, 14, 93, 107
349741.6.peg.546.site.43, 2, 95, 97
349741.6.peg.546.site.44, 3, 96, 99
349741.6.peg.546.site.45, 17, 95, 112
349741.6.peg.546.site.46, 61, 86, 147
349741.6.peg.546.site.47, 8, 83, 91
349741.6.peg.546.site.48, 1, 85, 86
349741.6.peg.166.site.1, 1, 96, 97
349741.6.peg.166.site.2, 2, 97, 99
349741.6.peg.166.site.3, 2, 97, 99
349741.6.peg.166.site.4, 94, 97, 191
349741.6.peg.166.site.5, 1, 97, 98
349741.6.peg.166.site.6, 5, 97, 102
349741.6.peg.166.site.7, 2, 97, 99
349741.6.peg.166.site.8, 60, 96, 156
349741.6.peg.166.site.9, 1, 96, 97
349741.6.peg.166.site.10, 66, 96, 162
349741.6.peg.166.site.11, 2, 97, 99
349741.6.peg.166.site.12, 38, 96, 134
349741.6.peg.166.site.13, 20, 96, 116
349741.6.peg.166.site.14, 1, 97, 98
349741.6.peg.166.site.15, 44, 97, 141
349741.6.peg.166.site.16, 2, 97, 99
349741.6.peg.166.site.17, 7, 97, 104
349741.6.peg.166.site.18, 95, 97, 192
349741.6.peg.166.site.19, 9, 96, 105
349741.6.peg.166.site.20, 93, 96, 189
349741.6.peg.166.site.21, 2, 97, 99
349741.6.peg.166.site.22, 2, 97, 99
349741.6.peg.166.site.23, 7, 96, 103
349741.6.peg.166.site.24, 7, 97, 104
349741.6.peg.166.site.25, 3, 97, 100
349741.6.peg.166.site.26, 4, 97, 101
349741.6.peg.166.site.27, 35, 96, 131
349741.6.peg.166.site.28, 3, 93, 96
349741.6.peg.166.site.29, 5, 95, 100
349741.6.peg.166.site.30, 33, 93, 126
349741.6.peg.166.site.31, 4, 96, 100
349741.6.peg.166.site.32, 14, 97, 111
349741.6.peg.166.site.33, 2, 97, 99
349741.6.peg.166.site.34, 69, 97, 166
349741.6.peg.166.site.35, 69, 97, 166
349741.6.peg.166.site.36, 2, 93, 95
349741.6.peg.166.site.37, 0, 89, 89
349741.6.peg.166.site.38, 23, 95, 118
349741.6.peg.166.site.39, 5, 96, 101
349741.6.peg.166.site.40, 3, 97, 100
349741.6.peg.166.site.41, 5, 96, 101
349741.6.peg.166.site.42, 7, 96, 103
349741.6.peg.166.site.43, 5, 96, 101
349741.6.peg.166.site.44, 2, 95, 97
349741.6.peg.166.site.45, 25, 95, 120
349741.6.peg.165.site.1, 35, 88, 123
349741.6.peg.165.site.2, 1, 95, 96
349741.6.peg.165.site.3, 16, 96, 112
349741.6.peg.165.site.4, 7, 97, 104
349741.6.peg.165.site.5, 2, 97, 99
349741.6.peg.165.site.6, 2, 97, 99
349741.6.peg.165.site.7, 3, 96, 99
349741.6.peg.165.site.8, 52, 96, 148
349741.6.peg.165.site.9, 44, 96, 140
349741.6.peg.165.site.10, 8, 96, 104
349741.6.peg.165.site.11, 7, 95, 102
349741.6.peg.165.site.12, 2, 97, 99
349741.6.peg.165.site.13, 2, 97, 99
349741.6.peg.165.site.14, 3, 97, 100
349741.6.peg.165.site.15, 7, 97, 104
349741.6.peg.165.site.16, 47, 97, 144
349741.6.peg.165.site.17, 7, 97, 104
349741.6.peg.165.site.18, 3, 97, 100
349741.6.peg.165.site.19, 13, 97, 110
349741.6.peg.165.site.20, 2, 97, 99
349741.6.peg.165.site.21, 5, 97, 102
349741.6.peg.165.site.22, 0, 97, 97
349741.6.peg.165.site.23, 7, 97, 104
349741.6.peg.165.site.24, 2, 97, 99
349741.6.peg.165.site.25, 13, 97, 110
349741.6.peg.165.site.26, 2, 97, 99
349741.6.peg.165.site.27, 1, 96, 97
349741.6.peg.165.site.28, 2, 95, 97
349741.6.peg.165.site.29, 0, 95, 95
349741.6.peg.165.site.30, 19, 96, 115
349741.6.peg.165.site.31, 2, 96, 98
349741.6.peg.165.site.32, 9, 97, 106
349741.6.peg.165.site.33, 52, 97, 149
349741.6.peg.165.site.34, 51, 94, 145
349741.6.peg.165.site.35, 0, 96, 96
349741.6.peg.165.site.36, 2, 97, 99
349741.6.peg.165.site.37, 2, 97, 99
349741.6.peg.165.site.38, 9, 97, 106
349741.6.peg.165.site.39, 1, 94, 95
349741.6.peg.165.site.40, 58, 94, 152
349741.6.peg.165.site.41, 10, 96, 106
349741.6.peg.165.site.42, 7, 95, 102
349741.6.peg.165.site.43, 0, 96, 96
349741.6.peg.165.site.44, 1, 96, 97
349741.6.peg.165.site.45, 1, 95, 96
349741.6.peg.165.site.46, 8, 96, 104
349741.6.peg.165.site.47, 7, 95, 102
349741.6.peg.165.site.48, 7, 95, 102
349741.6.peg.163.site.1, 2, 80, 82
349741.6.peg.163.site.2, 52, 77, 129
349741.6.peg.163.site.3, 4, 81, 85
349741.6.peg.163.site.4, 2, 92, 94
349741.6.peg.163.site.5, 1, 91, 92
349741.6.peg.163.site.6, 2, 93, 95
349741.6.peg.163.site.7, 0, 93, 93
349741.6.peg.163.site.8, 1, 93, 94
349741.6.peg.163.site.9, 60, 96, 156
349741.6.peg.163.site.10, 60, 97, 157
349741.6.peg.163.site.11, 7, 96, 103
349741.6.peg.163.site.12, 2, 95, 97
349741.6.peg.163.site.13, 8, 96, 104
349741.6.peg.163.site.14, 3, 96, 99
349741.6.peg.163.site.15, 0, 95, 95
349741.6.peg.163.site.16, 29, 94, 123
349741.6.peg.163.site.17, 19, 79, 98
349741.6.peg.163.site.18, 67, 69, 136
349741.6.peg.163.site.19, 4, 51, 55
349741.6.peg.163.site.20, 1, 50, 51
349741.6.peg.163.site.21, 12, 47, 59
349741.6.peg.163.site.22, 1, 46, 47
349741.6.peg.163.site.23, 44, 45, 89
349741.6.peg.163.site.24, 44, 45, 89
349741.6.peg.163.site.25, 10, 51, 61
349741.6.peg.163.site.26, 34, 80, 114
349741.6.peg.163.site.27, 14, 87, 101
349741.6.peg.163.site.28, 4, 78, 82
349741.6.peg.163.site.29, 44, 79, 123
349741.6.peg.163.site.30, 27, 70, 97
349741.6.peg.163.site.31, 25, 72, 97
349741.6.peg.163.site.32, 1, 69, 70
349741.6.peg.162.site.1, 1, 96, 97
349741.6.peg.162.site.2, 1, 96, 97
349741.6.peg.162.site.3, 69, 97, 166
349741.6.peg.162.site.4, 66, 95, 161
349741.6.peg.162.site.5, 1, 94, 95
349741.6.peg.162.site.6, 1, 95, 96
349741.6.peg.162.site.7, 1, 95, 96
349741.6.peg.162.site.8, 4, 96, 100
349741.6.peg.162.site.9, 2, 97, 99
349741.6.peg.162.site.10, 2, 96, 98
349741.6.peg.162.site.11, 67, 97, 164
349741.6.peg.162.site.12, 2, 95, 97
349741.6.peg.162.site.13, 3, 95, 98
349741.6.peg.162.site.14, 2, 95, 97
349741.6.peg.162.site.15, 1, 95, 96
349741.6.peg.162.site.16, 1, 93, 94
349741.6.peg.162.site.17, 2, 95, 97
349741.6.peg.162.site.18, 2, 90, 92
349741.6.peg.162.site.19, 1, 94, 95
349741.6.peg.162.site.20, 61, 90, 151
349741.6.peg.162.site.21, 2, 93, 95
349741.6.peg.162.site.22, 65, 94, 159
349741.6.peg.162.site.23, 2, 95, 97
349741.6.peg.162.site.24, 69, 95, 164
349741.6.peg.162.site.25, 4, 96, 100
349741.6.peg.162.site.26, 71, 97, 168
349741.6.peg.162.site.27, 2, 97, 99
349741.6.peg.162.site.28, 6, 97, 103
349741.6.peg.162.site.29, 2, 97, 99
349741.6.peg.162.site.30, 79, 97, 176
349741.6.peg.162.site.31, 1, 97, 98
349741.6.peg.162.site.32, 2, 97, 99
349741.6.peg.162.site.33, 2, 97, 99
349741.6.peg.162.site.34, 67, 95, 162
349741.6.peg.162.site.35, 75, 95, 170
349741.6.peg.162.site.36, 2, 94, 96
349741.6.peg.162.site.37, 2, 95, 97
349741.6.peg.162.site.38, 2, 95, 97
349741.6.peg.162.site.39, 2, 95, 97
349741.6.peg.162.site.40, 2, 95, 97
349741.6.peg.162.site.41, 60, 95, 155
349741.6.peg.162.site.42, 2, 95, 97
349741.6.peg.162.site.43, 2, 95, 97
349741.6.peg.162.site.44, 3, 96, 99
349741.6.peg.162.site.45, 63, 95, 158
349741.6.peg.162.site.46, 2, 97, 99
349741.6.peg.162.site.47, 0, 97, 97
349741.6.peg.162.site.48, 2, 97, 99
349741.6.peg.162.site.49, 23, 97, 120
349741.6.peg.162.site.50, 19, 97, 116
349741.6.peg.162.site.51, 62, 97, 159
349741.6.peg.162.site.52, 10, 97, 107
349741.6.peg.162.site.53, 60, 96, 156
349741.6.peg.162.site.54, 60, 95, 155
349741.6.peg.162.site.55, 1, 95, 96
349741.6.peg.162.site.56, 60, 96, 156
349741.6.peg.162.site.57, 1, 96, 97
349741.6.peg.162.site.58, 1, 96, 97
349741.6.peg.162.site.59, 2, 94, 96
349741.6.peg.162.site.60, 2, 95, 97
349741.6.peg.162.site.61, 2, 94, 96
349741.6.peg.162.site.62, 4, 94, 98
349741.6.peg.162.site.63, 1, 94, 95
349741.6.peg.162.site.64, 2, 97, 99
349741.6.peg.162.site.65, 62, 97, 159
349741.6.peg.162.site.66, 81, 97, 178
349741.6.peg.162.site.67, 23, 97, 120
349741.6.peg.162.site.68, 11, 97, 108
349741.6.peg.162.site.69, 2, 97, 99
349741.6.peg.162.site.70, 1, 97, 98
349741.6.peg.162.site.71, 21, 97, 118
349741.6.peg.162.site.72, 2, 96, 98
349741.6.peg.162.site.73, 0, 97, 97
349741.6.peg.162.site.74, 64, 97, 161
349741.6.peg.162.site.75, 2, 96, 98
349741.6.peg.162.site.76, 6, 96, 102
349741.6.peg.162.site.77, 1, 94, 95
349741.6.peg.162.site.78, 2, 93, 95
349741.6.peg.162.site.79, 1, 92, 93
349741.6.peg.161.site.1, 2, 95, 97
349741.6.peg.161.site.2, 93, 95, 188
349741.6.peg.161.site.3, 27, 94, 121
349741.6.peg.161.site.4, 92, 94, 186
349741.6.peg.161.site.5, 55, 94, 149
349741.6.peg.161.site.6, 94, 96, 190
349741.6.peg.161.site.7, 93, 96, 189
349741.6.peg.161.site.8, 57, 96, 153
349741.6.peg.161.site.9, 57, 96, 153
349741.6.peg.161.site.10, 55, 93, 148
349741.6.peg.161.site.11, 56, 96, 152
349741.6.peg.161.site.12, 54, 96, 150
349741.6.peg.161.site.13, 57, 95, 152
349741.6.peg.161.site.14, 1, 97, 98
349741.6.peg.161.site.15, 55, 93, 148
349741.6.peg.161.site.16, 2, 97, 99
349741.6.peg.161.site.17, 2, 96, 98
349741.6.peg.161.site.18, 3, 96, 99
349741.6.peg.161.site.19, 3, 97, 100
349741.6.peg.161.site.20, 1, 93, 94
349741.6.peg.161.site.21, 1, 90, 91
349741.6.peg.161.site.22, 52, 90, 142
349741.6.peg.161.site.23, 3, 92, 95
349741.6.peg.161.site.24, 2, 92, 94
349741.6.peg.161.site.25, 57, 89, 146
349741.6.peg.161.site.26, 2, 92, 94
349741.6.peg.161.site.27, 1, 96, 97
349741.6.peg.161.site.28, 3, 96, 99
349741.6.peg.161.site.29, 53, 96, 149
349741.6.peg.161.site.30, 1, 96, 97
349741.6.peg.161.site.31, 2, 96, 98
349741.6.peg.161.site.32, 94, 95, 189
349741.6.peg.161.site.33, 93, 93, 186
349741.6.peg.161.site.34, 53, 93, 146
349741.6.peg.161.site.35, 53, 93, 146
349741.6.peg.161.site.36, 1, 94, 95
349741.6.peg.161.site.37, 7, 95, 102
349741.6.peg.161.site.38, 55, 95, 150
349741.6.peg.161.site.39, 1, 93, 94
349741.6.peg.161.site.40, 2, 94, 96
349741.6.peg.161.site.41, 55, 93, 148
349741.6.peg.161.site.42, 3, 94, 97
349741.6.peg.161.site.43, 53, 93, 146
349741.6.peg.161.site.44, 10, 93, 103
349741.6.peg.161.site.45, 51, 91, 142
349741.6.peg.161.site.46, 0, 92, 92
349741.6.peg.161.site.47, 5, 93, 98
349741.6.peg.161.site.48, 1, 94, 95
349741.6.peg.161.site.49, 2, 94, 96
349741.6.peg.161.site.50, 1, 95, 96
349741.6.peg.161.site.51, 2, 95, 97
349741.6.peg.161.site.52, 3, 95, 98
349741.6.peg.161.site.53, 1, 93, 94
349741.6.peg.161.site.54, 56, 95, 151
349741.6.peg.161.site.55, 1, 94, 95
349741.6.peg.161.site.56, 1, 92, 93
349741.6.peg.161.site.57, 3, 92, 95
349741.6.peg.161.site.58, 1, 90, 91
349741.6.peg.161.site.59, 1, 92, 93
349741.6.peg.161.site.60, 1, 79, 80
349741.6.peg.161.site.61, 49, 82, 131
349741.6.peg.161.site.62, 4, 85, 89
349741.6.peg.161.site.63, 2, 80, 82
349741.6.peg.161.site.64, 3, 85, 88
349741.6.peg.161.site.65, 16, 90, 106
349741.6.peg.161.site.66, 52, 94, 146
349741.6.peg.161.site.67, 63, 96, 159
349741.6.peg.161.site.68, 0, 97, 97
349741.6.peg.161.site.69, 4, 97, 101
349741.6.peg.161.site.70, 1, 95, 96
349741.6.peg.161.site.71, 1, 94, 95
349741.6.peg.161.site.72, 2, 96, 98
349741.6.peg.161.site.73, 1, 94, 95
349741.6.peg.160.site.1, 8, 88, 96
349741.6.peg.160.site.2, 88, 90, 178
349741.6.peg.160.site.3, 1, 93, 94
349741.6.peg.160.site.4, 71, 93, 164
349741.6.peg.160.site.5, 71, 92, 163
349741.6.peg.160.site.6, 63, 88, 151
349741.6.peg.160.site.7, 63, 84, 147
349741.6.peg.160.site.8, 2, 86, 88
349741.6.peg.160.site.9, 7, 87, 94
349741.6.peg.160.site.10, 72, 92, 164
349741.6.peg.160.site.11, 71, 93, 164
349741.6.peg.160.site.12, 2, 92, 94
349741.6.peg.160.site.13, 7, 97, 104
349741.6.peg.160.site.14, 2, 96, 98
349741.6.peg.160.site.15, 29, 50, 79
349741.6.peg.160.site.16, 43, 45, 88
349741.6.peg.160.site.17, 76, 97, 173
349741.6.peg.160.site.18, 0, 97, 97
349741.6.peg.160.site.19, 4, 97, 101
349741.6.peg.160.site.20, 2, 97, 99
349741.6.peg.160.site.21, 2, 97, 99
349741.6.peg.160.site.22, 1, 96, 97
349741.6.peg.160.site.23, 55, 95, 150
349741.6.peg.160.site.24, 88, 95, 183
349741.6.peg.160.site.25, 55, 95, 150
349741.6.peg.169.site.1, 80, 96, 176
349741.6.peg.169.site.2, 3, 97, 100
349741.6.peg.169.site.3, 2, 97, 99
349741.6.peg.169.site.4, 7, 97, 104
349741.6.peg.169.site.5, 3, 97, 100
349741.6.peg.169.site.6, 23, 97, 120
349741.6.peg.169.site.7, 7, 97, 104
349741.6.peg.169.site.8, 71, 97, 168
349741.6.peg.169.site.9, 1, 97, 98
349741.6.peg.169.site.10, 14, 97, 111
349741.6.peg.169.site.11, 7, 97, 104
349741.6.peg.169.site.12, 73, 97, 170
349741.6.peg.169.site.13, 2, 97, 99
349741.6.peg.169.site.14, 8, 97, 105
349741.6.peg.169.site.15, 11, 95, 106
349741.6.peg.169.site.16, 75, 94, 169
349741.6.peg.169.site.17, 76, 95, 171
349741.6.peg.169.site.18, 7, 97, 104
349741.6.peg.169.site.19, 80, 97, 177
349741.6.peg.169.site.20, 14, 97, 111
349741.6.peg.169.site.21, 1, 97, 98
349741.6.peg.169.site.22, 1, 97, 98
349741.6.peg.169.site.23, 1, 97, 98
349741.6.peg.169.site.24, 14, 97, 111
349741.6.peg.169.site.25, 2, 96, 98
349741.6.peg.169.site.26, 7, 97, 104
349741.6.peg.169.site.27, 74, 93, 167
349741.6.peg.169.site.28, 70, 89, 159
349741.6.peg.169.site.29, 29, 96, 125
349741.6.peg.169.site.30, 7, 95, 102
349741.6.peg.169.site.31, 19, 94, 113
349741.6.peg.169.site.32, 73, 87, 160
349741.6.peg.169.site.33, 71, 96, 167
349741.6.peg.169.site.34, 31, 97, 128
349741.6.peg.169.site.35, 22, 96, 118
349741.6.peg.168.site.1, 7, 97, 104
349741.6.peg.168.site.2, 9, 97, 106
349741.6.peg.168.site.3, 36, 97, 133
349741.6.peg.168.site.4, 34, 97, 131
349741.6.peg.168.site.5, 90, 93, 183
349741.6.peg.168.site.6, 34, 93, 127
349741.6.peg.168.site.7, 92, 96, 188
349741.6.peg.168.site.8, 34, 97, 131
349741.6.peg.2348.site.1, 4, 97, 101
349741.6.peg.2348.site.2, 36, 95, 131
349741.6.peg.2348.site.3, 35, 94, 129
349741.6.peg.2348.site.4, 2, 96, 98
349741.6.peg.2348.site.5, 44, 94, 138
349741.6.peg.2348.site.6, 36, 96, 132
349741.6.peg.2348.site.7, 37, 97, 134
349741.6.peg.2348.site.8, 37, 97, 134
349741.6.peg.2348.site.9, 1, 97, 98
349741.6.peg.2348.site.10, 1, 96, 97
349741.6.peg.2349.site.1, 2, 97, 99
349741.6.peg.2349.site.2, 1, 97, 98
349741.6.peg.2349.site.3, 1, 96, 97
349741.6.peg.2349.site.4, 41, 96, 137
349741.6.peg.2349.site.5, 0, 97, 97
349741.6.peg.2349.site.6, 53, 97, 150
349741.6.peg.2349.site.7, 96, 97, 193
349741.6.peg.2349.site.8, 58, 97, 155
349741.6.peg.2349.site.9, 46, 97, 143
349741.6.peg.2349.site.10, 2, 97, 99
349741.6.peg.2349.site.11, 4, 97, 101
349741.6.peg.2349.site.12, 1, 97, 98
349741.6.peg.2349.site.13, 38, 97, 135
349741.6.peg.2349.site.14, 43, 96, 139
349741.6.peg.2349.site.15, 1, 97, 98
349741.6.peg.2349.site.16, 1, 96, 97
349741.6.peg.2349.site.17, 5, 95, 100
349741.6.peg.2349.site.18, 35, 94, 129
349741.6.peg.2349.site.19, 5, 93, 98
349741.6.peg.2349.site.20, 1, 94, 95
349741.6.peg.2349.site.21, 5, 94, 99
349741.6.peg.2349.site.22, 2, 92, 94
349741.6.peg.2349.site.23, 2, 81, 83
349741.6.peg.2349.site.24, 18, 75, 93
349741.6.peg.495.site.1, 6, 87, 93
349741.6.peg.495.site.2, 6, 86, 92
349741.6.peg.495.site.3, 4, 90, 94
349741.6.peg.495.site.4, 8, 90, 98
349741.6.peg.495.site.5, 4, 90, 94
349741.6.peg.495.site.6, 16, 90, 106
349741.6.peg.495.site.7, 75, 89, 164
349741.6.peg.495.site.8, 8, 90, 98
349741.6.peg.495.site.9, 3, 90, 93
349741.6.peg.495.site.10, 6, 88, 94
349741.6.peg.495.site.11, 4, 87, 91
349741.6.peg.495.site.12, 1, 80, 81
349741.6.peg.495.site.13, 1, 83, 84
349741.6.peg.495.site.14, 23, 83, 106
349741.6.peg.495.site.15, 2, 83, 85
349741.6.peg.495.site.16, 2, 85, 87
349741.6.peg.495.site.17, 1, 87, 88
349741.6.peg.495.site.18, 0, 86, 86
349741.6.peg.495.site.19, 1, 87, 88
349741.6.peg.495.site.20, 8, 96, 104
349741.6.peg.495.site.21, 16, 95, 111
349741.6.peg.495.site.22, 21, 96, 117
349741.6.peg.495.site.23, 2, 96, 98
349741.6.peg.495.site.24, 10, 95, 105
349741.6.peg.495.site.25, 8, 95, 103
349741.6.peg.495.site.26, 8, 94, 102
349741.6.peg.495.site.27, 8, 96, 104
349741.6.peg.495.site.28, 7, 96, 103
349741.6.peg.495.site.29, 8, 94, 102
349741.6.peg.495.site.30, 8, 97, 105
349741.6.peg.495.site.31, 8, 97, 105
349741.6.peg.495.site.32, 8, 97, 105
349741.6.peg.493.site.1, 2, 89, 91
349741.6.peg.493.site.2, 5, 92, 97
349741.6.peg.493.site.3, 8, 95, 103
349741.6.peg.493.site.4, 10, 97, 107
349741.6.peg.493.site.5, 79, 97, 176
349741.6.peg.493.site.6, 79, 97, 176
349741.6.peg.493.site.7, 60, 97, 157
349741.6.peg.493.site.8, 0, 97, 97
349741.6.peg.493.site.9, 81, 97, 178
349741.6.peg.493.site.10, 0, 97, 97
349741.6.peg.493.site.11, 81, 97, 178
349741.6.peg.493.site.12, 33, 97, 130
349741.6.peg.493.site.13, 44, 97, 141
349741.6.peg.493.site.14, 1, 96, 97
349741.6.peg.493.site.15, 9, 93, 102
349741.6.peg.493.site.16, 30, 90, 120
349741.6.peg.493.site.17, 44, 91, 135
349741.6.peg.493.site.18, 9, 93, 102
349741.6.peg.493.site.19, 68, 93, 161
349741.6.peg.493.site.20, 9, 93, 102
349741.6.peg.493.site.21, 9, 93, 102
349741.6.peg.493.site.22, 68, 93, 161
349741.6.peg.493.site.23, 12, 93, 105
349741.6.peg.493.site.24, 9, 93, 102
349741.6.peg.492.site.1, 3, 87, 90
349741.6.peg.492.site.2, 67, 84, 151
349741.6.peg.492.site.3, 1, 87, 88
349741.6.peg.492.site.4, 7, 94, 101
349741.6.peg.492.site.5, 9, 96, 105
349741.6.peg.492.site.6, 69, 97, 166
349741.6.peg.492.site.7, 95, 97, 192
349741.6.peg.492.site.8, 42, 97, 139
349741.6.peg.492.site.9, 69, 96, 165
349741.6.peg.492.site.10, 95, 97, 192
349741.6.peg.492.site.11, 78, 95, 173
349741.6.peg.492.site.12, 10, 95, 105
349741.6.peg.492.site.13, 1, 88, 89
349741.6.peg.491.site.1, 80, 97, 177
349741.6.peg.491.site.2, 2, 97, 99
349741.6.peg.491.site.3, 10, 96, 106
349741.6.peg.491.site.4, 37, 95, 132
349741.6.peg.491.site.5, 21, 38, 59
349741.6.peg.491.site.6, 14, 31, 45
349741.6.peg.491.site.7, 9, 26, 35
349741.6.peg.491.site.8, 63, 80, 143
349741.6.peg.491.site.9, 71, 88, 159
349741.6.peg.491.site.10, 67, 94, 161
349741.6.peg.491.site.11, 80, 97, 177
349741.6.peg.491.site.12, 95, 97, 192
349741.6.peg.491.site.13, 82, 97, 179
349741.6.peg.491.site.14, 10, 96, 106
349741.6.peg.491.site.15, 7, 86, 93
349741.6.peg.491.site.16, 5, 88, 93
349741.6.peg.491.site.17, 1, 97, 98
349741.6.peg.491.site.18, 0, 97, 97
349741.6.peg.491.site.19, 95, 97, 192
349741.6.peg.491.site.20, 22, 97, 119
349741.6.peg.491.site.21, 45, 97, 142
349741.6.peg.491.site.22, 15, 97, 112
349741.6.peg.491.site.23, 80, 97, 177
349741.6.peg.491.site.24, 79, 96, 175
349741.6.peg.491.site.25, 7, 90, 97
349741.6.peg.491.site.26, 5, 91, 96
349741.6.peg.491.site.27, 8, 94, 102
349741.6.peg.491.site.28, 10, 97, 107
349741.6.peg.491.site.29, 1, 97, 98
349741.6.peg.491.site.30, 1, 88, 89
349741.6.peg.491.site.31, 10, 96, 106
349741.6.peg.491.site.32, 8, 95, 103
349741.6.peg.491.site.33, 2, 95, 97
349741.6.peg.491.site.34, 10, 92, 102
349741.6.peg.491.site.35, 10, 97, 107
349741.6.peg.491.site.36, 10, 97, 107
349741.6.peg.491.site.37, 84, 95, 179
349741.6.peg.491.site.38, 10, 97, 107
349741.6.peg.491.site.39, 10, 97, 107
349741.6.peg.491.site.40, 34, 97, 131
349741.6.peg.2341.site.1, 37, 46, 83
349741.6.peg.2341.site.2, 2, 42, 44
349741.6.peg.2341.site.3, 4, 41, 45
349741.6.peg.2341.site.4, 3, 42, 45
349741.6.peg.2341.site.5, 20, 60, 80
349741.6.peg.2341.site.6, 69, 69, 138
349741.6.peg.2341.site.7, 2, 94, 96
349741.6.peg.2341.site.8, 11, 93, 104
349741.6.peg.2341.site.9, 2, 93, 95
349741.6.peg.2341.site.10, 40, 80, 120
349741.6.peg.2341.site.11, 34, 74, 108
349741.6.peg.2341.site.12, 26, 66, 92
349741.6.peg.2341.site.13, 22, 62, 84
349741.6.peg.2341.site.14, 26, 66, 92
349741.6.peg.2341.site.15, 57, 97, 154
349741.6.peg.2341.site.16, 5, 92, 97
349741.6.peg.2341.site.17, 49, 89, 138
349741.6.peg.2341.site.18, 3, 90, 93
349741.6.peg.2341.site.19, 83, 83, 166
349741.6.peg.2341.site.20, 50, 87, 137
349741.6.peg.2341.site.21, 52, 93, 145
349741.6.peg.2341.site.22, 2, 97, 99
349741.6.peg.2341.site.23, 55, 97, 152
349741.6.peg.2341.site.24, 12, 96, 108
349741.6.peg.2341.site.25, 2, 93, 95
349741.6.peg.2341.site.26, 1, 86, 87
349741.6.peg.2341.site.27, 30, 83, 113
349741.6.peg.2341.site.28, 34, 74, 108
349741.6.peg.2341.site.29, 11, 50, 61
349741.6.peg.2341.site.30, 5, 44, 49
349741.6.peg.2341.site.31, 3, 44, 47
349741.6.peg.2341.site.32, 1, 41, 42
349741.6.peg.2341.site.33, 3, 42, 45
349741.6.peg.2341.site.34, 11, 50, 61
349741.6.peg.2341.site.35, 3, 57, 60
349741.6.peg.2341.site.36, 22, 61, 83
349741.6.peg.2341.site.37, 31, 97, 128
349741.6.peg.2341.site.38, 29, 97, 126
349741.6.peg.2341.site.39, 1, 97, 98
349741.6.peg.2341.site.40, 1, 97, 98
349741.6.peg.2344.site.1, 91, 97, 188
349741.6.peg.2344.site.2, 2, 97, 99
349741.6.peg.2344.site.3, 58, 97, 155
349741.6.peg.498.site.1, 50, 92, 142
349741.6.peg.498.site.2, 78, 95, 173
349741.6.peg.498.site.3, 7, 97, 104
349741.6.peg.498.site.4, 82, 96, 178
349741.6.peg.498.site.5, 80, 94, 174
349741.6.peg.498.site.6, 83, 95, 178
349741.6.peg.498.site.7, 76, 93, 169
349741.6.peg.498.site.8, 18, 94, 112
349741.6.peg.498.site.9, 5, 96, 101
349741.6.peg.498.site.10, 84, 96, 180
349741.6.peg.498.site.11, 3, 96, 99
349741.6.peg.498.site.12, 3, 96, 99
349741.6.peg.498.site.13, 71, 96, 167
349741.6.peg.498.site.14, 0, 95, 95
349741.6.peg.498.site.15, 8, 96, 104
349741.6.peg.498.site.16, 28, 95, 123
349741.6.peg.498.site.17, 79, 96, 175
349741.6.peg.498.site.18, 79, 96, 175
349741.6.peg.498.site.19, 3, 97, 100
349741.6.peg.498.site.20, 23, 97, 120
349741.6.peg.498.site.21, 8, 95, 103
349741.6.peg.519.site.1, 1, 27, 28
349741.6.peg.519.site.2, 5, 22, 27
349741.6.peg.519.site.3, 2, 90, 92
349741.6.peg.519.site.4, 78, 96, 174
349741.6.peg.519.site.5, 86, 96, 182
349741.6.peg.519.site.6, 70, 88, 158
349741.6.peg.519.site.7, 68, 86, 154
349741.6.peg.519.site.8, 80, 96, 176
349741.6.peg.519.site.9, 0, 97, 97
349741.6.peg.519.site.10, 15, 97, 112
349741.6.peg.519.site.11, 14, 97, 111
349741.6.peg.519.site.12, 14, 96, 110
349741.6.peg.519.site.13, 0, 94, 94
349741.6.peg.519.site.14, 0, 91, 91
349741.6.peg.519.site.15, 60, 75, 135
349741.6.peg.519.site.16, 2, 34, 36
349741.6.peg.519.site.17, 17, 33, 50
349741.6.peg.519.site.18, 24, 40, 64
349741.6.peg.519.site.19, 32, 48, 80
349741.6.peg.519.site.20, 38, 54, 92
349741.6.peg.519.site.21, 4, 92, 96
349741.6.peg.519.site.22, 2, 97, 99
349741.6.peg.519.site.23, 81, 97, 178
349741.6.peg.519.site.24, 15, 86, 101
349741.6.peg.519.site.25, 67, 83, 150
349741.6.peg.519.site.26, 58, 74, 132
349741.6.peg.519.site.27, 5, 64, 69
349741.6.peg.519.site.28, 46, 60, 106
349741.6.peg.519.site.29, 3, 19, 22
349741.6.peg.519.site.30, 2, 18, 20
349741.6.peg.519.site.31, 2, 18, 20
349741.6.peg.519.site.32, 5, 21, 26
349741.6.peg.519.site.33, 13, 29, 42
349741.6.peg.519.site.34, 3, 53, 56
349741.6.peg.519.site.35, 82, 94, 176
349741.6.peg.519.site.36, 7, 95, 102
349741.6.peg.519.site.37, 78, 94, 172
349741.6.peg.519.site.38, 19, 35, 54
349741.6.peg.519.site.39, 5, 21, 26
349741.6.peg.519.site.40, 3, 50, 53
349741.6.peg.519.site.41, 77, 93, 170
349741.6.peg.519.site.42, 78, 94, 172
349741.6.peg.519.site.43, 2, 68, 70
349741.6.peg.519.site.44, 2, 16, 18
349741.6.peg.519.site.45, 17, 33, 50
349741.6.peg.519.site.46, 16, 32, 48
349741.6.peg.519.site.47, 2, 54, 56
349741.6.peg.519.site.48, 1, 42, 43
349741.6.peg.519.site.49, 8, 24, 32
349741.6.peg.2112.site.1, 94, 97, 191
349741.6.peg.2112.site.2, 25, 96, 121
349741.6.peg.2112.site.3, 97, 97, 194
349741.6.peg.2112.site.4, 11, 97, 108
349741.6.peg.2112.site.5, 15, 97, 112
349741.6.peg.2112.site.6, 15, 97, 112
349741.6.peg.2112.site.7, 1, 97, 98
349741.6.peg.2112.site.8, 4, 97, 101
349741.6.peg.2112.site.9, 95, 97, 192
349741.6.peg.2112.site.10, 1, 97, 98
349741.6.peg.2112.site.11, 61, 97, 158
349741.6.peg.2112.site.12, 14, 97, 111
349741.6.peg.2112.site.13, 97, 97, 194
349741.6.peg.2112.site.14, 4, 97, 101
349741.6.peg.2112.site.15, 0, 96, 96
349741.6.peg.2112.site.16, 13, 95, 108
349741.6.peg.2112.site.17, 12, 94, 106
349741.6.peg.2112.site.18, 12, 94, 106
349741.6.peg.2112.site.19, 14, 96, 110
349741.6.peg.2112.site.20, 1, 97, 98
349741.6.peg.2112.site.21, 19, 97, 116
349741.6.peg.2112.site.22, 44, 96, 140
349741.6.peg.2112.site.23, 0, 97, 97
349741.6.peg.2112.site.24, 3, 97, 100
349741.6.peg.2112.site.25, 2, 97, 99
349741.6.peg.2112.site.26, 1, 97, 98
349741.6.peg.2112.site.27, 1, 97, 98
349741.6.peg.2112.site.28, 8, 97, 105
349741.6.peg.2112.site.29, 3, 97, 100
349741.6.peg.389.site.1, 13, 66, 79
349741.6.peg.389.site.2, 19, 66, 85
349741.6.peg.389.site.3, 41, 63, 104
349741.6.peg.389.site.4, 43, 61, 104
349741.6.peg.389.site.5, 3, 64, 67
349741.6.peg.389.site.6, 1, 66, 67
349741.6.peg.389.site.7, 42, 66, 108
349741.6.peg.389.site.8, 43, 66, 109
349741.6.peg.389.site.9, 42, 61, 103
349741.6.peg.389.site.10, 48, 71, 119
349741.6.peg.389.site.11, 25, 91, 116
349741.6.peg.389.site.12, 22, 88, 110
349741.6.peg.389.site.13, 3, 94, 97
349741.6.peg.389.site.14, 88, 94, 182
349741.6.peg.389.site.15, 3, 94, 97
349741.6.peg.389.site.16, 30, 95, 125
349741.6.peg.389.site.17, 0, 89, 89
349741.6.peg.389.site.18, 63, 88, 151
349741.6.peg.389.site.19, 77, 82, 159
349741.6.peg.389.site.20, 8, 83, 91
349741.6.peg.389.site.21, 71, 96, 167
349741.6.peg.389.site.22, 31, 97, 128
349741.6.peg.389.site.23, 31, 97, 128
349741.6.peg.389.site.24, 3, 97, 100
349741.6.peg.389.site.25, 18, 97, 115
349741.6.peg.389.site.26, 74, 97, 171
349741.6.peg.389.site.27, 4, 97, 101
349741.6.peg.389.site.28, 31, 97, 128
349741.6.peg.389.site.29, 11, 97, 108
349741.6.peg.389.site.30, 2, 97, 99
349741.6.peg.389.site.31, 11, 97, 108
349741.6.peg.389.site.32, 4, 97, 101
349741.6.peg.389.site.33, 50, 97, 147
349741.6.peg.389.site.34, 2, 97, 99
349741.6.peg.389.site.35, 31, 97, 128
349741.6.peg.389.site.36, 2, 96, 98
349741.6.peg.389.site.37, 1, 97, 98
349741.6.peg.389.site.38, 2, 96, 98
349741.6.peg.389.site.39, 23, 96, 119
349741.6.peg.389.site.40, 43, 96, 139
349741.6.peg.389.site.41, 9, 96, 105
349741.6.peg.389.site.42, 43, 96, 139
349741.6.peg.389.site.43, 43, 97, 140
349741.6.peg.389.site.44, 73, 96, 169
349741.6.peg.389.site.45, 0, 97, 97
349741.6.peg.389.site.46, 76, 97, 173
349741.6.peg.389.site.47, 31, 97, 128
349741.6.peg.389.site.48, 78, 97, 175
349741.6.peg.389.site.49, 31, 97, 128
349741.6.peg.389.site.50, 74, 97, 171
349741.6.peg.389.site.51, 70, 93, 163
349741.6.peg.389.site.52, 17, 75, 92
349741.6.peg.389.site.53, 12, 36, 48
349741.6.peg.389.site.54, 3, 30, 33
349741.6.peg.389.site.55, 3, 14, 17
349741.6.peg.389.site.56, 0, 24, 24
349741.6.peg.389.site.57, 0, 30, 30
349741.6.peg.389.site.58, 13, 33, 46
349741.6.peg.389.site.59, 38, 61, 99
349741.6.peg.389.site.60, 8, 83, 91
349741.6.peg.389.site.61, 14, 97, 111
349741.6.peg.389.site.62, 31, 97, 128
349741.6.peg.389.site.63, 5, 97, 102
349741.6.peg.389.site.64, 31, 97, 128
349741.6.peg.389.site.65, 6, 97, 103
349741.6.peg.389.site.66, 9, 97, 106
349741.6.peg.389.site.67, 9, 97, 106
349741.6.peg.389.site.68, 6, 97, 103
349741.6.peg.389.site.69, 7, 97, 104
349741.6.peg.389.site.70, 74, 97, 171
349741.6.peg.389.site.71, 24, 97, 121
349741.6.peg.388.site.1, 31, 97, 128
349741.6.peg.388.site.2, 24, 97, 121
349741.6.peg.388.site.3, 20, 97, 117
349741.6.peg.388.site.4, 31, 97, 128
349741.6.peg.388.site.5, 1, 93, 94
349741.6.peg.388.site.6, 27, 93, 120
349741.6.peg.388.site.7, 27, 93, 120
349741.6.peg.388.site.8, 11, 96, 107
349741.6.peg.388.site.9, 29, 95, 124
349741.6.peg.388.site.10, 30, 96, 126
349741.6.peg.388.site.11, 33, 97, 130
349741.6.peg.383.site.1, 11, 97, 108
349741.6.peg.383.site.2, 69, 97, 166
349741.6.peg.383.site.3, 70, 97, 167
349741.6.peg.383.site.4, 1, 97, 98
349741.6.peg.383.site.5, 30, 70, 100
349741.6.peg.383.site.6, 27, 67, 94
349741.6.peg.383.site.7, 2, 63, 65
349741.6.peg.383.site.8, 2, 56, 58
349741.6.peg.383.site.9, 48, 75, 123
349741.6.peg.383.site.10, 62, 89, 151
349741.6.peg.383.site.11, 68, 95, 163
349741.6.peg.383.site.12, 1, 95, 96
349741.6.peg.383.site.13, 1, 94, 95
349741.6.peg.383.site.14, 70, 95, 165
349741.6.peg.383.site.15, 2, 96, 98
349741.6.peg.383.site.16, 0, 96, 96
349741.6.peg.383.site.17, 18, 96, 114
349741.6.peg.382.site.1, 77, 96, 173
349741.6.peg.382.site.2, 68, 95, 163
349741.6.peg.382.site.3, 68, 96, 164
349741.6.peg.382.site.4, 69, 95, 164
349741.6.peg.382.site.5, 78, 96, 174
349741.6.peg.382.site.6, 78, 96, 174
349741.6.peg.382.site.7, 63, 91, 154
349741.6.peg.382.site.8, 63, 93, 156
349741.6.peg.382.site.9, 81, 96, 177
349741.6.peg.382.site.10, 1, 97, 98
349741.6.peg.382.site.11, 1, 97, 98
349741.6.peg.382.site.12, 1, 97, 98
349741.6.peg.382.site.13, 3, 97, 100
349741.6.peg.382.site.14, 1, 97, 98
349741.6.peg.382.site.15, 2, 96, 98
349741.6.peg.382.site.16, 92, 96, 188
349741.6.peg.382.site.17, 1, 90, 91
349741.6.peg.382.site.18, 64, 96, 160
349741.6.peg.382.site.19, 2, 97, 99
349741.6.peg.382.site.20, 1, 97, 98
349741.6.peg.382.site.21, 15, 97, 112
349741.6.peg.382.site.22, 1, 97, 98
349741.6.peg.382.site.23, 16, 96, 112
349741.6.peg.381.site.1, 1, 96, 97
349741.6.peg.381.site.2, 1, 96, 97
349741.6.peg.381.site.3, 7, 97, 104
349741.6.peg.381.site.4, 0, 96, 96
349741.6.peg.381.site.5, 22, 97, 119
349741.6.peg.381.site.6, 54, 97, 151
349741.6.peg.381.site.7, 22, 97, 119
349741.6.peg.381.site.8, 10, 97, 107
349741.6.peg.381.site.9, 43, 97, 140
349741.6.peg.381.site.10, 19, 97, 116
349741.6.peg.381.site.11, 1, 97, 98
349741.6.peg.381.site.12, 53, 97, 150
349741.6.peg.381.site.13, 1, 97, 98
349741.6.peg.381.site.14, 1, 97, 98
349741.6.peg.381.site.15, 1, 97, 98
349741.6.peg.381.site.16, 53, 97, 150
349741.6.peg.381.site.17, 32, 97, 129
349741.6.peg.381.site.18, 22, 96, 118
349741.6.peg.381.site.19, 1, 96, 97
349741.6.peg.381.site.20, 1, 97, 98
349741.6.peg.381.site.21, 1, 97, 98
349741.6.peg.381.site.22, 54, 97, 151
349741.6.peg.381.site.23, 1, 97, 98
349741.6.peg.381.site.24, 1, 97, 98
349741.6.peg.381.site.25, 36, 96, 132
349741.6.peg.381.site.26, 22, 96, 118
349741.6.peg.381.site.27, 15, 96, 111
349741.6.peg.381.site.28, 94, 97, 191
349741.6.peg.381.site.29, 53, 97, 150
349741.6.peg.381.site.30, 3, 97, 100
349741.6.peg.381.site.31, 3, 97, 100
349741.6.peg.381.site.32, 1, 97, 98
349741.6.peg.381.site.33, 1, 97, 98
349741.6.peg.381.site.34, 72, 97, 169
349741.6.peg.381.site.35, 62, 97, 159
349741.6.peg.381.site.36, 1, 97, 98
349741.6.peg.381.site.37, 1, 97, 98
349741.6.peg.381.site.38, 1, 96, 97
349741.6.peg.381.site.39, 1, 97, 98
349741.6.peg.381.site.40, 68, 97, 165
349741.6.peg.381.site.41, 1, 97, 98
349741.6.peg.381.site.42, 2, 97, 99
349741.6.peg.381.site.43, 0, 96, 96
349741.6.peg.381.site.44, 1, 97, 98
349741.6.peg.381.site.45, 1, 97, 98
349741.6.peg.381.site.46, 7, 97, 104
349741.6.peg.381.site.47, 52, 96, 148
349741.6.peg.381.site.48, 52, 96, 148
349741.6.peg.381.site.49, 3, 96, 99
349741.6.peg.381.site.50, 1, 97, 98
349741.6.peg.381.site.51, 1, 96, 97
349741.6.peg.381.site.52, 1, 97, 98
349741.6.peg.381.site.53, 41, 97, 138
349741.6.peg.381.site.54, 2, 97, 99
349741.6.peg.381.site.55, 38, 97, 135
349741.6.peg.381.site.56, 48, 97, 145
349741.6.peg.381.site.57, 1, 97, 98
349741.6.peg.381.site.58, 49, 97, 146
349741.6.peg.381.site.59, 1, 96, 97
349741.6.peg.381.site.60, 54, 86, 140
349741.6.peg.380.site.1, 22, 97, 119
349741.6.peg.380.site.2, 1, 97, 98
349741.6.peg.380.site.3, 2, 97, 99
349741.6.peg.380.site.4, 36, 97, 133
349741.6.peg.380.site.5, 0, 97, 97
349741.6.peg.380.site.6, 12, 97, 109
349741.6.peg.380.site.7, 12, 97, 109
349741.6.peg.380.site.8, 29, 96, 125
349741.6.peg.380.site.9, 37, 95, 132
349741.6.peg.380.site.10, 17, 93, 110
349741.6.peg.380.site.11, 93, 96, 189
349741.6.peg.380.site.12, 25, 91, 116
349741.6.peg.380.site.13, 5, 84, 89
349741.6.peg.380.site.14, 31, 83, 114
349741.6.peg.380.site.15, 1, 97, 98
349741.6.peg.380.site.16, 1, 97, 98
349741.6.peg.380.site.17, 1, 97, 98
349741.6.peg.380.site.18, 18, 97, 115
349741.6.peg.380.site.19, 22, 97, 119
349741.6.peg.380.site.20, 23, 96, 119
349741.6.peg.380.site.21, 1, 97, 98
349741.6.peg.387.site.1, 33, 69, 102
349741.6.peg.387.site.2, 14, 68, 82
349741.6.peg.387.site.3, 8, 67, 75
349741.6.peg.387.site.4, 71, 71, 142
349741.6.peg.387.site.5, 11, 77, 88
349741.6.peg.387.site.6, 28, 94, 122
349741.6.peg.387.site.7, 57, 96, 153
349741.6.peg.387.site.8, 31, 97, 128
349741.6.peg.387.site.9, 2, 96, 98
349741.6.peg.387.site.10, 3, 97, 100
349741.6.peg.387.site.11, 58, 96, 154
349741.6.peg.387.site.12, 31, 97, 128
349741.6.peg.387.site.13, 1, 97, 98
349741.6.peg.387.site.14, 13, 97, 110
349741.6.peg.387.site.15, 92, 97, 189
349741.6.peg.387.site.16, 27, 92, 119
349741.6.peg.387.site.17, 8, 74, 82
349741.6.peg.387.site.18, 1, 78, 79
349741.6.peg.387.site.19, 11, 86, 97
349741.6.peg.387.site.20, 24, 89, 113
349741.6.peg.387.site.21, 32, 80, 112
349741.6.peg.387.site.22, 31, 91, 122
349741.6.peg.387.site.23, 68, 93, 161
349741.6.peg.387.site.24, 0, 87, 87
349741.6.peg.385.site.1, 3, 96, 99
349741.6.peg.385.site.2, 3, 97, 100
349741.6.peg.385.site.3, 61, 97, 158
349741.6.peg.385.site.4, 3, 96, 99
349741.6.peg.385.site.5, 17, 95, 112
349741.6.peg.385.site.6, 17, 95, 112
349741.6.peg.385.site.7, 15, 96, 111
349741.6.peg.385.site.8, 3, 97, 100
349741.6.peg.385.site.9, 3, 97, 100
349741.6.peg.385.site.10, 22, 97, 119
349741.6.peg.385.site.11, 3, 97, 100
349741.6.peg.385.site.12, 3, 97, 100
349741.6.peg.385.site.13, 70, 97, 167
349741.6.peg.385.site.14, 67, 97, 164
349741.6.peg.385.site.15, 2, 97, 99
349741.6.peg.385.site.16, 70, 97, 167
349741.6.peg.385.site.17, 33, 97, 130
349741.6.peg.385.site.18, 0, 97, 97
349741.6.peg.385.site.19, 6, 94, 100
349741.6.peg.385.site.20, 2, 94, 96
349741.6.peg.385.site.21, 90, 94, 184
349741.6.peg.385.site.22, 11, 92, 103
349741.6.peg.385.site.23, 14, 90, 104
349741.6.peg.385.site.24, 5, 94, 99
349741.6.peg.385.site.25, 73, 91, 164
349741.6.peg.385.site.26, 3, 96, 99
349741.6.peg.385.site.27, 64, 96, 160
349741.6.peg.385.site.28, 2, 94, 96
349741.6.peg.385.site.29, 1, 93, 94
349741.6.peg.385.site.30, 78, 96, 174
349741.6.peg.385.site.31, 69, 96, 165
349741.6.peg.385.site.32, 1, 96, 97
349741.6.peg.385.site.33, 7, 97, 104
349741.6.peg.385.site.34, 9, 97, 106
349741.6.peg.385.site.35, 61, 97, 158
349741.6.peg.385.site.36, 2, 97, 99
349741.6.peg.385.site.37, 36, 97, 133
349741.6.peg.385.site.38, 9, 97, 106
349741.6.peg.385.site.39, 24, 96, 120
349741.6.peg.385.site.40, 25, 96, 121
349741.6.peg.385.site.41, 13, 97, 110
349741.6.peg.385.site.42, 13, 96, 109
349741.6.peg.385.site.43, 35, 97, 132
349741.6.peg.385.site.44, 3, 94, 97
349741.6.peg.385.site.45, 24, 94, 118
349741.6.peg.385.site.46, 22, 93, 115
349741.6.peg.385.site.47, 23, 94, 117
349741.6.peg.385.site.48, 24, 97, 121
349741.6.peg.385.site.49, 60, 97, 157
349741.6.peg.385.site.50, 7, 97, 104
349741.6.peg.385.site.51, 1, 97, 98
349741.6.peg.385.site.52, 0, 96, 96
349741.6.peg.385.site.53, 35, 97, 132
349741.6.peg.385.site.54, 25, 97, 122
349741.6.peg.385.site.55, 5, 97, 102
349741.6.peg.385.site.56, 3, 97, 100
349741.6.peg.385.site.57, 2, 97, 99
349741.6.peg.385.site.58, 68, 97, 165
349741.6.peg.385.site.59, 0, 97, 97
349741.6.peg.385.site.60, 25, 96, 121
349741.6.peg.385.site.61, 2, 96, 98
349741.6.peg.385.site.62, 1, 97, 98
349741.6.peg.385.site.63, 27, 97, 124
349741.6.peg.385.site.64, 82, 97, 179
349741.6.peg.385.site.65, 24, 97, 121
349741.6.peg.385.site.66, 3, 97, 100
349741.6.peg.385.site.67, 35, 96, 131
349741.6.peg.385.site.68, 4, 95, 99
349741.6.peg.385.site.69, 75, 90, 165
349741.6.peg.385.site.70, 20, 87, 107
349741.6.peg.385.site.71, 82, 90, 172
349741.6.peg.385.site.72, 27, 97, 124
349741.6.peg.385.site.73, 0, 96, 96
349741.6.peg.385.site.74, 74, 96, 170
349741.6.peg.385.site.75, 24, 96, 120
349741.6.peg.385.site.76, 0, 96, 96
349741.6.peg.385.site.77, 51, 96, 147
349741.6.peg.385.site.78, 2, 97, 99
349741.6.peg.385.site.79, 93, 97, 190
349741.6.peg.1585.site.1, 15, 95, 110
349741.6.peg.1585.site.2, 88, 96, 184
349741.6.peg.1585.site.3, 15, 96, 111
349741.6.peg.1585.site.4, 96, 96, 192
349741.6.peg.1585.site.5, 15, 96, 111
349741.6.peg.1585.site.6, 7, 95, 102
349741.6.peg.1585.site.7, 22, 92, 114
349741.6.peg.1585.site.8, 0, 94, 94
349741.6.peg.1585.site.9, 4, 96, 100
349741.6.peg.1585.site.10, 47, 95, 142
349741.6.peg.1585.site.11, 23, 95, 118
349741.6.peg.1585.site.12, 96, 96, 192
349741.6.peg.1585.site.13, 22, 95, 117
349741.6.peg.1585.site.14, 28, 96, 124
349741.6.peg.1585.site.15, 1, 96, 97
349741.6.peg.1585.site.16, 28, 96, 124
349741.6.peg.1585.site.17, 0, 96, 96
349741.6.peg.1585.site.18, 7, 96, 103
349741.6.peg.1585.site.19, 39, 96, 135
349741.6.peg.1585.site.20, 2, 96, 98
349741.6.peg.1584.site.1, 15, 91, 106
349741.6.peg.1584.site.2, 3, 90, 93
349741.6.peg.1584.site.3, 2, 89, 91
349741.6.peg.1584.site.4, 2, 89, 91
349741.6.peg.1584.site.5, 7, 90, 97
349741.6.peg.1584.site.6, 38, 88, 126
349741.6.peg.1584.site.7, 15, 90, 105
349741.6.peg.1584.site.8, 4, 91, 95
349741.6.peg.1584.site.9, 21, 93, 114
349741.6.peg.1584.site.10, 11, 93, 104
349741.6.peg.1584.site.11, 20, 94, 114
349741.6.peg.1584.site.12, 1, 94, 95
349741.6.peg.1584.site.13, 31, 96, 127
349741.6.peg.1584.site.14, 48, 73, 121
349741.6.peg.1584.site.15, 28, 68, 96
349741.6.peg.1584.site.16, 28, 95, 123
349741.6.peg.1584.site.17, 11, 96, 107
349741.6.peg.1584.site.18, 5, 95, 100
349741.6.peg.1584.site.19, 5, 95, 100
349741.6.peg.1584.site.20, 22, 95, 117
349741.6.peg.1584.site.21, 4, 95, 99
349741.6.peg.1584.site.22, 10, 94, 104
349741.6.peg.1584.site.23, 2, 86, 88
349741.6.peg.1584.site.24, 30, 80, 110
349741.6.peg.1584.site.25, 93, 94, 187
349741.6.peg.1584.site.26, 11, 97, 108
349741.6.peg.1584.site.27, 2, 97, 99
349741.6.peg.1584.site.28, 10, 96, 106
349741.6.peg.1584.site.29, 10, 96, 106
349741.6.peg.1584.site.30, 11, 87, 98
349741.6.peg.1584.site.31, 2, 84, 86
349741.6.peg.1584.site.32, 43, 82, 125
349741.6.peg.1584.site.33, 11, 82, 93
349741.6.peg.1584.site.34, 20, 95, 115
349741.6.peg.1584.site.35, 2, 96, 98
349741.6.peg.1584.site.36, 44, 97, 141
349741.6.peg.1584.site.37, 1, 97, 98
349741.6.peg.1584.site.38, 13, 96, 109
349741.6.peg.1584.site.39, 1, 97, 98
349741.6.peg.1583.site.1, 77, 78, 155
349741.6.peg.1583.site.2, 66, 95, 161
349741.6.peg.1583.site.3, 30, 96, 126
349741.6.peg.1583.site.4, 28, 96, 124
349741.6.peg.1583.site.5, 15, 94, 109
349741.6.peg.1583.site.6, 64, 93, 157
349741.6.peg.1583.site.7, 15, 64, 79
349741.6.peg.1583.site.8, 3, 72, 75
349741.6.peg.1583.site.9, 55, 87, 142
349741.6.peg.1583.site.10, 6, 90, 96
349741.6.peg.1583.site.11, 41, 70, 111
349741.6.peg.1583.site.12, 2, 75, 77
349741.6.peg.1583.site.13, 1, 51, 52
349741.6.peg.1583.site.14, 3, 47, 50
349741.6.peg.1583.site.15, 11, 40, 51
349741.6.peg.1583.site.16, 3, 32, 35
349741.6.peg.1583.site.17, 25, 85, 110
349741.6.peg.1583.site.18, 2, 89, 91
349741.6.peg.1583.site.19, 32, 92, 124
349741.6.peg.1583.site.20, 1, 91, 92
349741.6.peg.1583.site.21, 32, 89, 121
349741.6.peg.1583.site.22, 19, 84, 103
349741.6.peg.1583.site.23, 9, 94, 103
349741.6.peg.1583.site.24, 2, 90, 92
349741.6.peg.1583.site.25, 26, 92, 118
349741.6.peg.1583.site.26, 51, 79, 130
349741.6.peg.1583.site.27, 8, 61, 69
349741.6.peg.1583.site.28, 26, 62, 88
349741.6.peg.1583.site.29, 2, 64, 66
349741.6.peg.1583.site.30, 10, 79, 89
349741.6.peg.1583.site.31, 7, 84, 91
349741.6.peg.1583.site.32, 1, 95, 96
349741.6.peg.1583.site.33, 13, 95, 108
349741.6.peg.1583.site.34, 5, 94, 99
349741.6.peg.1583.site.35, 54, 95, 149
349741.6.peg.1583.site.36, 13, 75, 88
349741.6.peg.1583.site.37, 70, 70, 140
349741.6.peg.1583.site.38, 3, 71, 74
349741.6.peg.1583.site.39, 27, 66, 93
349741.6.peg.1583.site.40, 6, 67, 73
349741.6.peg.1583.site.41, 17, 59, 76
349741.6.peg.1583.site.42, 21, 63, 84
349741.6.peg.1583.site.43, 17, 65, 82
349741.6.peg.1583.site.44, 4, 72, 76
349741.6.peg.1583.site.45, 4, 75, 79
349741.6.peg.1583.site.46, 14, 74, 88
349741.6.peg.1583.site.47, 9, 72, 81
349741.6.peg.1583.site.48, 14, 73, 87
349741.6.peg.1583.site.49, 14, 73, 87
349741.6.peg.1583.site.50, 19, 79, 98
349741.6.peg.1583.site.51, 11, 83, 94
349741.6.peg.1582.site.1, 4, 97, 101
349741.6.peg.1582.site.2, 31, 97, 128
349741.6.peg.1582.site.3, 4, 97, 101
349741.6.peg.1582.site.4, 29, 97, 126
349741.6.peg.1582.site.5, 28, 96, 124
349741.6.peg.1582.site.6, 2, 70, 72
349741.6.peg.1581.site.1, 1, 96, 97
349741.6.peg.1581.site.2, 59, 97, 156
349741.6.peg.1581.site.3, 1, 96, 97
349741.6.peg.1581.site.4, 1, 97, 98
349741.6.peg.1581.site.5, 5, 97, 102
349741.6.peg.1581.site.6, 54, 97, 151
349741.6.peg.1581.site.7, 3, 97, 100
349741.6.peg.1581.site.8, 96, 97, 193
349741.6.peg.1581.site.9, 4, 96, 100
349741.6.peg.1581.site.10, 4, 97, 101
349741.6.peg.1581.site.11, 28, 97, 125
349741.6.peg.1581.site.12, 63, 97, 160
349741.6.peg.1581.site.13, 27, 97, 124
349741.6.peg.1581.site.14, 86, 96, 182
349741.6.peg.1581.site.15, 54, 97, 151
349741.6.peg.1581.site.16, 0, 97, 97
349741.6.peg.1581.site.17, 11, 97, 108
349741.6.peg.1581.site.18, 0, 95, 95
349741.6.peg.1581.site.19, 52, 94, 146
349741.6.peg.1581.site.20, 53, 95, 148
349741.6.peg.1581.site.21, 94, 94, 188
349741.6.peg.1581.site.22, 2, 95, 97
349741.6.peg.1581.site.23, 0, 83, 83
349741.6.peg.1581.site.24, 92, 93, 185
349741.6.peg.1581.site.25, 33, 96, 129
349741.6.peg.1581.site.26, 1, 95, 96
349741.6.peg.1581.site.27, 44, 95, 139
349741.6.peg.1581.site.28, 27, 95, 122
349741.6.peg.1581.site.29, 29, 87, 116
349741.6.peg.1581.site.30, 14, 83, 97
349741.6.peg.1581.site.31, 4, 72, 76
349741.6.peg.1581.site.32, 6, 72, 78
349741.6.peg.1581.site.33, 71, 96, 167
349741.6.peg.1581.site.34, 7, 97, 104
349741.6.peg.1581.site.35, 2, 97, 99
349741.6.peg.1581.site.36, 27, 97, 124
349741.6.peg.1581.site.37, 1, 97, 98
349741.6.peg.1581.site.38, 2, 91, 93
349741.6.peg.1581.site.39, 34, 93, 127
349741.6.peg.1581.site.40, 34, 93, 127
349741.6.peg.1581.site.41, 81, 96, 177
349741.6.peg.1581.site.42, 94, 94, 188
349741.6.peg.1581.site.43, 3, 94, 97
349741.6.peg.1581.site.44, 24, 97, 121
349741.6.peg.1581.site.45, 6, 96, 102
349741.6.peg.1581.site.46, 21, 94, 115
349741.6.peg.1581.site.47, 9, 95, 104
349741.6.peg.1581.site.48, 22, 96, 118
349741.6.peg.1581.site.49, 21, 95, 116
349741.6.peg.1581.site.50, 17, 94, 111
349741.6.peg.1581.site.51, 96, 97, 193
349741.6.peg.1581.site.52, 1, 95, 96
349741.6.peg.1581.site.53, 22, 92, 114
349741.6.peg.1581.site.54, 84, 92, 176
349741.6.peg.1581.site.55, 29, 91, 120
349741.6.peg.1581.site.56, 0, 97, 97
349741.6.peg.1581.site.57, 2, 97, 99
349741.6.peg.1580.site.1, 1, 97, 98
349741.6.peg.1580.site.2, 9, 97, 106
349741.6.peg.1580.site.3, 53, 96, 149
349741.6.peg.1580.site.4, 52, 97, 149
349741.6.peg.1580.site.5, 27, 96, 123
349741.6.peg.1580.site.6, 8, 96, 104
349741.6.peg.1580.site.7, 2, 96, 98
349741.6.peg.1580.site.8, 27, 97, 124
349741.6.peg.1580.site.9, 1, 97, 98
349741.6.peg.1580.site.10, 22, 97, 119
349741.6.peg.1580.site.11, 87, 97, 184
349741.6.peg.1580.site.12, 42, 96, 138
349741.6.peg.1580.site.13, 5, 96, 101
349741.6.peg.1589.site.1, 14, 97, 111
349741.6.peg.1589.site.2, 2, 97, 99
349741.6.peg.1589.site.3, 13, 97, 110
349741.6.peg.1589.site.4, 97, 97, 194
349741.6.peg.1589.site.5, 96, 96, 192
349741.6.peg.1589.site.6, 96, 96, 192
349741.6.peg.1589.site.7, 44, 95, 139
349741.6.peg.1589.site.8, 42, 97, 139
349741.6.peg.1589.site.9, 3, 97, 100
349741.6.peg.1589.site.10, 0, 97, 97
349741.6.peg.1589.site.11, 1, 95, 96
349741.6.peg.1588.site.1, 7, 95, 102
349741.6.peg.1588.site.2, 14, 96, 110
349741.6.peg.1588.site.3, 6, 96, 102
349741.6.peg.945.site.1, 4, 97, 101
349741.6.peg.945.site.2, 83, 97, 180
349741.6.peg.945.site.3, 83, 97, 180
349741.6.peg.945.site.4, 2, 97, 99
349741.6.peg.945.site.5, 0, 97, 97
349741.6.peg.945.site.6, 80, 88, 168
349741.6.peg.945.site.7, 82, 96, 178
349741.6.peg.945.site.8, 82, 96, 178
349741.6.peg.945.site.9, 83, 97, 180
349741.6.peg.944.site.1, 4, 97, 101
349741.6.peg.944.site.2, 51, 97, 148
349741.6.peg.944.site.3, 60, 97, 157
349741.6.peg.944.site.4, 50, 97, 147
349741.6.peg.944.site.5, 0, 97, 97
349741.6.peg.944.site.6, 0, 97, 97
349741.6.peg.944.site.7, 0, 96, 96
349741.6.peg.944.site.8, 40, 97, 137
349741.6.peg.944.site.9, 27, 97, 124
349741.6.peg.944.site.10, 18, 97, 115
349741.6.peg.944.site.11, 27, 97, 124
349741.6.peg.944.site.12, 1, 97, 98
349741.6.peg.944.site.13, 2, 97, 99
349741.6.peg.944.site.14, 1, 96, 97
349741.6.peg.944.site.15, 25, 96, 121
349741.6.peg.944.site.16, 0, 97, 97
349741.6.peg.944.site.17, 97, 97, 194
349741.6.peg.944.site.18, 4, 96, 100
349741.6.peg.944.site.19, 27, 97, 124
349741.6.peg.944.site.20, 71, 97, 168
349741.6.peg.944.site.21, 31, 97, 128
349741.6.peg.944.site.22, 23, 96, 119
349741.6.peg.944.site.23, 3, 96, 99
349741.6.peg.944.site.24, 2, 93, 95
349741.6.peg.944.site.25, 22, 93, 115
349741.6.peg.944.site.26, 7, 93, 100
349741.6.peg.944.site.27, 20, 93, 113
349741.6.peg.944.site.28, 4, 93, 97
349741.6.peg.944.site.29, 16, 93, 109
349741.6.peg.944.site.30, 18, 93, 111
349741.6.peg.944.site.31, 37, 93, 130
349741.6.peg.944.site.32, 50, 96, 146
349741.6.peg.944.site.33, 22, 95, 117
349741.6.peg.944.site.34, 2, 96, 98
349741.6.peg.944.site.35, 17, 97, 114
349741.6.peg.944.site.36, 0, 97, 97
349741.6.peg.944.site.37, 25, 97, 122
349741.6.peg.944.site.38, 1, 97, 98
349741.6.peg.944.site.39, 0, 96, 96
349741.6.peg.944.site.40, 1, 97, 98
349741.6.peg.944.site.41, 84, 97, 181
349741.6.peg.944.site.42, 84, 97, 181
349741.6.peg.947.site.1, 3, 97, 100
349741.6.peg.947.site.2, 0, 94, 94
349741.6.peg.947.site.3, 84, 97, 181
349741.6.peg.947.site.4, 84, 97, 181
349741.6.peg.947.site.5, 83, 96, 179
349741.6.peg.947.site.6, 84, 97, 181
349741.6.peg.947.site.7, 84, 97, 181
349741.6.peg.947.site.8, 84, 97, 181
349741.6.peg.947.site.9, 84, 97, 181
349741.6.peg.947.site.10, 5, 97, 102
349741.6.peg.947.site.11, 84, 97, 181
349741.6.peg.947.site.12, 5, 95, 100
349741.6.peg.946.site.1, 0, 96, 96
349741.6.peg.946.site.2, 2, 96, 98
349741.6.peg.946.site.3, 83, 97, 180
349741.6.peg.941.site.1, 2, 95, 97
349741.6.peg.941.site.2, 49, 95, 144
349741.6.peg.941.site.3, 4, 95, 99
349741.6.peg.941.site.4, 0, 95, 95
349741.6.peg.941.site.5, 45, 95, 140
349741.6.peg.941.site.6, 2, 91, 93
349741.6.peg.941.site.7, 50, 94, 144
349741.6.peg.941.site.8, 1, 95, 96
349741.6.peg.941.site.9, 86, 95, 181
349741.6.peg.941.site.10, 49, 95, 144
349741.6.peg.941.site.11, 5, 95, 100
349741.6.peg.940.site.1, 10, 95, 105
349741.6.peg.940.site.2, 2, 94, 96
349741.6.peg.940.site.3, 1, 94, 95
349741.6.peg.940.site.4, 1, 95, 96
349741.6.peg.940.site.5, 1, 95, 96
349741.6.peg.940.site.6, 59, 94, 153
349741.6.peg.940.site.7, 0, 94, 94
349741.6.peg.940.site.8, 6, 94, 100
349741.6.peg.940.site.9, 0, 95, 95
349741.6.peg.940.site.10, 88, 94, 182
349741.6.peg.940.site.11, 3, 93, 96
349741.6.peg.940.site.12, 39, 94, 133
349741.6.peg.940.site.13, 0, 93, 93
349741.6.peg.940.site.14, 2, 94, 96
349741.6.peg.940.site.15, 39, 95, 134
349741.6.peg.940.site.16, 4, 95, 99
349741.6.peg.940.site.17, 2, 94, 96
349741.6.peg.940.site.18, 2, 95, 97
349741.6.peg.940.site.19, 2, 95, 97
349741.6.peg.940.site.20, 2, 94, 96
349741.6.peg.940.site.21, 2, 95, 97
349741.6.peg.940.site.22, 1, 95, 96
349741.6.peg.940.site.23, 5, 93, 98
349741.6.peg.940.site.24, 2, 95, 97
349741.6.peg.940.site.25, 9, 95, 104
349741.6.peg.940.site.26, 2, 95, 97
349741.6.peg.940.site.27, 3, 95, 98
349741.6.peg.940.site.28, 42, 95, 137
349741.6.peg.940.site.29, 8, 95, 103
349741.6.peg.940.site.30, 8, 95, 103
349741.6.peg.940.site.31, 9, 95, 104
349741.6.peg.940.site.32, 14, 95, 109
349741.6.peg.940.site.33, 7, 95, 102
349741.6.peg.940.site.34, 32, 95, 127
349741.6.peg.940.site.35, 7, 93, 100
349741.6.peg.940.site.36, 7, 94, 101
349741.6.peg.940.site.37, 8, 94, 102
349741.6.peg.940.site.38, 7, 93, 100
349741.6.peg.940.site.39, 73, 95, 168
349741.6.peg.940.site.40, 0, 94, 94
349741.6.peg.940.site.41, 49, 95, 144
349741.6.peg.940.site.42, 4, 95, 99
349741.6.peg.943.site.1, 1, 95, 96
349741.6.peg.943.site.2, 51, 94, 145
349741.6.peg.943.site.3, 51, 95, 146
349741.6.peg.943.site.4, 51, 95, 146
349741.6.peg.943.site.5, 51, 95, 146
349741.6.peg.943.site.6, 40, 95, 135
349741.6.peg.943.site.7, 3, 95, 98
349741.6.peg.943.site.8, 20, 95, 115
349741.6.peg.943.site.9, 51, 95, 146
349741.6.peg.943.site.10, 51, 95, 146
349741.6.peg.943.site.11, 2, 94, 96
349741.6.peg.943.site.12, 3, 94, 97
349741.6.peg.943.site.13, 22, 94, 116
349741.6.peg.943.site.14, 51, 95, 146
349741.6.peg.943.site.15, 4, 94, 98
349741.6.peg.943.site.16, 11, 94, 105
349741.6.peg.943.site.17, 86, 94, 180
349741.6.peg.943.site.18, 0, 94, 94
349741.6.peg.943.site.19, 49, 93, 142
349741.6.peg.943.site.20, 48, 91, 139
349741.6.peg.943.site.21, 48, 92, 140
349741.6.peg.943.site.22, 48, 84, 132
349741.6.peg.943.site.23, 23, 88, 111
349741.6.peg.943.site.24, 47, 89, 136
349741.6.peg.943.site.25, 1, 95, 96
349741.6.peg.943.site.26, 51, 95, 146
349741.6.peg.943.site.27, 51, 95, 146
349741.6.peg.943.site.28, 51, 95, 146
349741.6.peg.943.site.29, 51, 95, 146
349741.6.peg.943.site.30, 2, 95, 97
349741.6.peg.942.site.1, 1, 94, 95
349741.6.peg.942.site.2, 10, 94, 104
349741.6.peg.942.site.3, 6, 95, 101
349741.6.peg.942.site.4, 4, 94, 98
349741.6.peg.942.site.5, 90, 94, 184
349741.6.peg.942.site.6, 4, 95, 99
349741.6.peg.942.site.7, 33, 95, 128
349741.6.peg.942.site.8, 51, 95, 146
349741.6.peg.942.site.9, 51, 95, 146
349741.6.peg.942.site.10, 7, 95, 102
349741.6.peg.942.site.11, 5, 95, 100
349741.6.peg.948.site.1, 84, 97, 181
349741.6.peg.948.site.2, 84, 97, 181
349741.6.peg.948.site.3, 4, 96, 100
349741.6.peg.948.site.4, 4, 16, 20
349741.6.peg.948.site.5, 4, 17, 21
349741.6.peg.948.site.6, 8, 21, 29
349741.6.peg.948.site.7, 20, 33, 53
349741.6.peg.948.site.8, 42, 61, 103
349741.6.peg.948.site.9, 45, 64, 109
349741.6.peg.948.site.10, 84, 97, 181
349741.6.peg.948.site.11, 84, 96, 180
349741.6.peg.948.site.12, 77, 86, 163
349741.6.peg.948.site.13, 64, 77, 141
349741.6.peg.948.site.14, 72, 85, 157
349741.6.peg.948.site.15, 72, 85, 157
349741.6.peg.948.site.16, 73, 86, 159
349741.6.peg.948.site.17, 78, 91, 169
349741.6.peg.948.site.18, 7, 97, 104
349741.6.peg.948.site.19, 95, 95, 190
349741.6.peg.948.site.20, 40, 53, 93
349741.6.peg.948.site.21, 35, 48, 83
349741.6.peg.948.site.22, 17, 30, 47
349741.6.peg.948.site.23, 12, 25, 37
349741.6.peg.948.site.24, 9, 22, 31
349741.6.peg.948.site.25, 58, 58, 116
349741.6.peg.948.site.26, 44, 57, 101
349741.6.peg.948.site.27, 84, 97, 181
349741.6.peg.948.site.28, 82, 95, 177
349741.6.peg.948.site.29, 1, 97, 98
349741.6.peg.948.site.30, 77, 96, 173
349741.6.peg.948.site.31, 83, 96, 179
349741.6.peg.948.site.32, 81, 94, 175
349741.6.peg.948.site.33, 79, 92, 171
349741.6.peg.948.site.34, 81, 93, 174
349741.6.peg.948.site.35, 80, 93, 173
349741.6.peg.948.site.36, 1, 95, 96
349741.6.peg.948.site.37, 13, 95, 108
349741.6.peg.948.site.38, 83, 95, 178
349741.6.peg.948.site.39, 83, 96, 179
349741.6.peg.948.site.40, 84, 97, 181
349741.6.peg.948.site.41, 12, 97, 109
349741.6.peg.948.site.42, 1, 97, 98
349741.6.peg.948.site.43, 6, 96, 102
349741.6.peg.948.site.44, 13, 96, 109
349741.6.peg.948.site.45, 2, 95, 97
349741.6.peg.948.site.46, 6, 92, 98
349741.6.peg.948.site.47, 67, 82, 149
349741.6.peg.948.site.48, 34, 34, 68
349741.6.peg.948.site.49, 25, 38, 63
349741.6.peg.948.site.50, 58, 71, 129
349741.6.peg.948.site.51, 79, 92, 171
349741.6.peg.948.site.52, 79, 92, 171
349741.6.peg.948.site.53, 84, 97, 181
349741.6.peg.948.site.54, 84, 97, 181
349741.6.peg.948.site.55, 1, 96, 97
349741.6.peg.948.site.56, 6, 97, 103
349741.6.peg.948.site.57, 84, 97, 181
349741.6.peg.948.site.58, 83, 96, 179
349741.6.peg.948.site.59, 82, 95, 177
349741.6.peg.948.site.60, 84, 97, 181
349741.6.peg.948.site.61, 84, 97, 181
349741.6.peg.948.site.62, 6, 97, 103
349741.6.peg.948.site.63, 83, 96, 179
349741.6.peg.948.site.64, 80, 93, 173
349741.6.peg.948.site.65, 28, 41, 69
349741.6.peg.948.site.66, 40, 41, 81
349741.6.peg.948.site.67, 22, 35, 57
349741.6.peg.2269.site.1, 16, 96, 112
349741.6.peg.2269.site.2, 16, 96, 112
349741.6.peg.2269.site.3, 0, 97, 97
349741.6.peg.2269.site.4, 81, 97, 178
349741.6.peg.2269.site.5, 87, 97, 184
349741.6.peg.2269.site.6, 2, 97, 99
349741.6.peg.2269.site.7, 3, 97, 100
349741.6.peg.2269.site.8, 43, 97, 140
349741.6.peg.2269.site.9, 80, 96, 176
349741.6.peg.2269.site.10, 75, 92, 167
349741.6.peg.2269.site.11, 76, 93, 169
349741.6.peg.2269.site.12, 86, 94, 180
349741.6.peg.2269.site.13, 5, 95, 100
349741.6.peg.2269.site.14, 1, 95, 96
349741.6.peg.2269.site.15, 93, 96, 189
349741.6.peg.2269.site.16, 85, 91, 176
349741.6.peg.2269.site.17, 7, 93, 100
349741.6.peg.2269.site.18, 74, 90, 164
349741.6.peg.2269.site.19, 2, 89, 91
349741.6.peg.2269.site.20, 3, 84, 87
349741.6.peg.2269.site.21, 2, 84, 86
349741.6.peg.2269.site.22, 13, 64, 77
349741.6.peg.2269.site.23, 27, 88, 115
349741.6.peg.2269.site.24, 2, 95, 97
349741.6.peg.2269.site.25, 1, 96, 97
349741.6.peg.2269.site.26, 5, 96, 101
349741.6.peg.2269.site.27, 1, 97, 98
349741.6.peg.2269.site.28, 20, 97, 117
349741.6.peg.2269.site.29, 80, 97, 177
349741.6.peg.2269.site.30, 94, 97, 191
349741.6.peg.1137.site.1, 1, 80, 81
349741.6.peg.1137.site.2, 1, 84, 85
349741.6.peg.1137.site.3, 4, 83, 87
349741.6.peg.1137.site.4, 14, 94, 108
349741.6.peg.1137.site.5, 12, 92, 104
349741.6.peg.1137.site.6, 15, 95, 110
349741.6.peg.1137.site.7, 17, 96, 113
349741.6.peg.1137.site.8, 0, 95, 95
349741.6.peg.1137.site.9, 14, 91, 105
349741.6.peg.1137.site.10, 14, 90, 104
349741.6.peg.1137.site.11, 1, 89, 90
349741.6.peg.1137.site.12, 6, 86, 92
349741.6.peg.1137.site.13, 1, 81, 82
349741.6.peg.1137.site.14, 3, 80, 83
349741.6.peg.1137.site.15, 78, 82, 160
349741.6.peg.1137.site.16, 73, 81, 154
349741.6.peg.1137.site.17, 3, 82, 85
349741.6.peg.1137.site.18, 4, 83, 87
349741.6.peg.1137.site.19, 16, 96, 112
349741.6.peg.1137.site.20, 16, 96, 112
349741.6.peg.1137.site.21, 7, 87, 94
349741.6.peg.1137.site.22, 6, 86, 92
349741.6.peg.1137.site.23, 3, 80, 83
349741.6.peg.1130.site.1, 1, 97, 98
349741.6.peg.1130.site.2, 93, 96, 189
349741.6.peg.1130.site.3, 1, 96, 97
349741.6.peg.1130.site.4, 1, 93, 94
349741.6.peg.1130.site.5, 2, 97, 99
349741.6.peg.1130.site.6, 1, 96, 97
349741.6.peg.1130.site.7, 1, 96, 97
349741.6.peg.1130.site.8, 1, 97, 98
349741.6.peg.1138.site.1, 14, 90, 104
349741.6.peg.1138.site.2, 3, 93, 96
349741.6.peg.1138.site.3, 17, 93, 110
349741.6.peg.1138.site.4, 17, 93, 110
349741.6.peg.1138.site.5, 16, 92, 108
349741.6.peg.1138.site.6, 17, 93, 110
349741.6.peg.1138.site.7, 2, 93, 95
349741.6.peg.1138.site.8, 5, 93, 98
349741.6.peg.1138.site.9, 1, 93, 94
349741.6.peg.1138.site.10, 3, 93, 96
349741.6.peg.1138.site.11, 17, 93, 110
349741.6.peg.1138.site.12, 17, 92, 109
349741.6.peg.1138.site.13, 15, 91, 106
349741.6.peg.1138.site.14, 18, 86, 104
349741.6.peg.1138.site.15, 78, 85, 163
349741.6.peg.1138.site.16, 7, 83, 90
349741.6.peg.1138.site.17, 2, 86, 88
349741.6.peg.1138.site.18, 15, 91, 106
349741.6.peg.1138.site.19, 16, 91, 107
349741.6.peg.1138.site.20, 16, 92, 108
349741.6.peg.1138.site.21, 16, 92, 108
349741.6.peg.1138.site.22, 12, 77, 89
349741.6.peg.1138.site.23, 2, 75, 77
349741.6.peg.839.site.1, 18, 97, 115
349741.6.peg.839.site.2, 6, 97, 103
349741.6.peg.839.site.3, 85, 97, 182
349741.6.peg.839.site.4, 52, 96, 148
349741.6.peg.839.site.5, 47, 91, 138
349741.6.peg.839.site.6, 20, 96, 116
349741.6.peg.839.site.7, 13, 96, 109
349741.6.peg.839.site.8, 2, 97, 99
349741.6.peg.839.site.9, 50, 97, 147
349741.6.peg.839.site.10, 2, 97, 99
349741.6.peg.839.site.11, 29, 97, 126
349741.6.peg.839.site.12, 22, 97, 119
349741.6.peg.839.site.13, 64, 95, 159
349741.6.peg.839.site.14, 34, 75, 109
349741.6.peg.839.site.15, 4, 67, 71
349741.6.peg.839.site.16, 54, 90, 144
349741.6.peg.839.site.17, 47, 92, 139
349741.6.peg.839.site.18, 61, 92, 153
349741.6.peg.839.site.19, 13, 95, 108
349741.6.peg.839.site.20, 2, 97, 99
349741.6.peg.839.site.21, 24, 96, 120
349741.6.peg.839.site.22, 3, 97, 100
349741.6.peg.838.site.1, 73, 97, 170
349741.6.peg.838.site.2, 26, 97, 123
349741.6.peg.838.site.3, 26, 97, 123
349741.6.peg.838.site.4, 53, 97, 150
349741.6.peg.838.site.5, 15, 96, 111
349741.6.peg.838.site.6, 1, 96, 97
349741.6.peg.838.site.7, 1, 95, 96
349741.6.peg.838.site.8, 28, 94, 122
349741.6.peg.838.site.9, 5, 96, 101
349741.6.peg.838.site.10, 59, 96, 155
349741.6.peg.838.site.11, 72, 96, 168
349741.6.peg.838.site.12, 3, 97, 100
349741.6.peg.838.site.13, 66, 96, 162
349741.6.peg.838.site.14, 17, 97, 114
349741.6.peg.838.site.15, 8, 97, 105
349741.6.peg.838.site.16, 71, 97, 168
349741.6.peg.838.site.17, 20, 97, 117
349741.6.peg.838.site.18, 71, 97, 168
349741.6.peg.838.site.19, 63, 92, 155
349741.6.peg.838.site.20, 64, 91, 155
349741.6.peg.838.site.21, 46, 90, 136
349741.6.peg.838.site.22, 2, 96, 98
349741.6.peg.838.site.23, 72, 96, 168
349741.6.peg.838.site.24, 5, 96, 101
349741.6.peg.838.site.25, 71, 96, 167
349741.6.peg.838.site.26, 73, 97, 170
349741.6.peg.838.site.27, 76, 97, 173
349741.6.peg.838.site.28, 35, 97, 132
349741.6.peg.838.site.29, 1, 97, 98
349741.6.peg.838.site.30, 92, 97, 189
349741.6.peg.838.site.31, 29, 97, 126
349741.6.peg.838.site.32, 3, 97, 100
349741.6.peg.838.site.33, 3, 97, 100
349741.6.peg.838.site.34, 2, 96, 98
349741.6.peg.838.site.35, 39, 97, 136
349741.6.peg.838.site.36, 86, 95, 181
349741.6.peg.838.site.37, 87, 96, 183
349741.6.peg.838.site.38, 6, 95, 101
349741.6.peg.838.site.39, 30, 96, 126
349741.6.peg.838.site.40, 25, 96, 121
349741.6.peg.838.site.41, 2, 94, 96
349741.6.peg.838.site.42, 2, 94, 96
349741.6.peg.838.site.43, 30, 92, 122
349741.6.peg.838.site.44, 74, 94, 168
349741.6.peg.838.site.45, 10, 67, 77
349741.6.peg.838.site.46, 13, 62, 75
349741.6.peg.838.site.47, 66, 66, 132
349741.6.peg.838.site.48, 41, 79, 120
349741.6.peg.838.site.49, 17, 92, 109
349741.6.peg.838.site.50, 54, 94, 148
349741.6.peg.838.site.51, 74, 95, 169
349741.6.peg.838.site.52, 1, 97, 98
349741.6.peg.838.site.53, 25, 97, 122
349741.6.peg.838.site.54, 0, 89, 89
349741.6.peg.838.site.55, 0, 90, 90
349741.6.peg.831.site.1, 10, 52, 62
349741.6.peg.831.site.2, 14, 56, 70
349741.6.peg.831.site.3, 52, 94, 146
349741.6.peg.831.site.4, 1, 96, 97
349741.6.peg.831.site.5, 54, 96, 150
349741.6.peg.831.site.6, 55, 97, 152
349741.6.peg.831.site.7, 55, 97, 152
349741.6.peg.831.site.8, 55, 95, 150
349741.6.peg.831.site.9, 55, 97, 152
349741.6.peg.831.site.10, 1, 97, 98
349741.6.peg.831.site.11, 56, 96, 152
349741.6.peg.831.site.12, 4, 97, 101
349741.6.peg.831.site.13, 55, 97, 152
349741.6.peg.831.site.14, 2, 97, 99
349741.6.peg.831.site.15, 2, 97, 99
349741.6.peg.831.site.16, 2, 97, 99
349741.6.peg.831.site.17, 8, 97, 105
349741.6.peg.831.site.18, 51, 97, 148
349741.6.peg.831.site.19, 1, 97, 98
349741.6.peg.831.site.20, 2, 97, 99
349741.6.peg.831.site.21, 2, 97, 99
349741.6.peg.831.site.22, 2, 96, 98
349741.6.peg.831.site.23, 2, 96, 98
349741.6.peg.831.site.24, 5, 56, 61
349741.6.peg.831.site.25, 2, 59, 61
349741.6.peg.830.site.1, 70, 97, 167
349741.6.peg.830.site.2, 14, 97, 111
349741.6.peg.830.site.3, 5, 97, 102
349741.6.peg.830.site.4, 92, 97, 189
349741.6.peg.830.site.5, 5, 97, 102
349741.6.peg.830.site.6, 55, 97, 152
349741.6.peg.830.site.7, 55, 97, 152
349741.6.peg.830.site.8, 75, 97, 172
349741.6.peg.830.site.9, 0, 97, 97
349741.6.peg.830.site.10, 57, 97, 154
349741.6.peg.830.site.11, 2, 97, 99
349741.6.peg.830.site.12, 55, 97, 152
349741.6.peg.830.site.13, 2, 97, 99
349741.6.peg.830.site.14, 74, 96, 170
349741.6.peg.830.site.15, 77, 97, 174
349741.6.peg.830.site.16, 55, 97, 152
349741.6.peg.830.site.17, 5, 97, 102
349741.6.peg.830.site.18, 2, 97, 99
349741.6.peg.830.site.19, 19, 97, 116
349741.6.peg.830.site.20, 18, 97, 115
349741.6.peg.830.site.21, 15, 97, 112
349741.6.peg.835.site.1, 44, 62, 106
349741.6.peg.835.site.2, 6, 59, 65
349741.6.peg.835.site.3, 0, 58, 58
349741.6.peg.835.site.4, 34, 56, 90
349741.6.peg.835.site.5, 1, 57, 58
349741.6.peg.835.site.6, 27, 61, 88
349741.6.peg.835.site.7, 0, 66, 66
349741.6.peg.835.site.8, 0, 61, 61
349741.6.peg.835.site.9, 1, 60, 61
349741.6.peg.835.site.10, 0, 56, 56
349741.6.peg.835.site.11, 5, 38, 43
349741.6.peg.835.site.12, 1, 51, 52
349741.6.peg.835.site.13, 4, 46, 50
349741.6.peg.835.site.14, 1, 47, 48
349741.6.peg.835.site.15, 29, 45, 74
349741.6.peg.835.site.16, 2, 45, 47
349741.6.peg.835.site.17, 0, 62, 62
349741.6.peg.835.site.18, 0, 54, 54
349741.6.peg.835.site.19, 6, 55, 61
349741.6.peg.835.site.20, 0, 56, 56
349741.6.peg.835.site.21, 0, 36, 36
349741.6.peg.835.site.22, 1, 56, 57
349741.6.peg.835.site.23, 3, 59, 62
349741.6.peg.835.site.24, 0, 59, 59
349741.6.peg.835.site.25, 14, 38, 52
349741.6.peg.835.site.26, 1, 60, 61
349741.6.peg.835.site.27, 1, 61, 62
349741.6.peg.835.site.28, 3, 58, 61
349741.6.peg.835.site.29, 0, 65, 65
349741.6.peg.835.site.30, 4, 62, 66
349741.6.peg.835.site.31, 0, 68, 68
349741.6.peg.835.site.32, 0, 72, 72
349741.6.peg.835.site.33, 0, 88, 88
349741.6.peg.835.site.34, 14, 84, 98
349741.6.peg.835.site.35, 46, 78, 124
349741.6.peg.835.site.36, 28, 64, 92
349741.6.peg.835.site.37, 18, 59, 77
349741.6.peg.835.site.38, 41, 55, 96
349741.6.peg.835.site.39, 22, 53, 75
349741.6.peg.835.site.40, 18, 37, 55
349741.6.peg.835.site.41, 1, 20, 21
349741.6.peg.835.site.42, 2, 21, 23
349741.6.peg.835.site.43, 2, 22, 24
349741.6.peg.835.site.44, 6, 25, 31
349741.6.peg.835.site.45, 24, 40, 64
349741.6.peg.835.site.46, 30, 48, 78
349741.6.peg.835.site.47, 13, 47, 60
349741.6.peg.835.site.48, 36, 40, 76
349741.6.peg.835.site.49, 20, 43, 63
349741.6.peg.835.site.50, 3, 23, 26
349741.6.peg.835.site.51, 2, 18, 20
349741.6.peg.835.site.52, 13, 18, 31
349741.6.peg.835.site.53, 16, 23, 39
349741.6.peg.835.site.54, 6, 36, 42
349741.6.peg.835.site.55, 2, 96, 98
349741.6.peg.835.site.56, 25, 95, 120
349741.6.peg.835.site.57, 48, 97, 145
349741.6.peg.835.site.58, 26, 97, 123
349741.6.peg.835.site.59, 25, 94, 119
349741.6.peg.835.site.60, 38, 91, 129
349741.6.peg.835.site.61, 67, 85, 152
349741.6.peg.835.site.62, 33, 54, 87
349741.6.peg.835.site.63, 33, 54, 87
349741.6.peg.835.site.64, 16, 59, 75
349741.6.peg.835.site.65, 0, 63, 63
349741.6.peg.835.site.66, 1, 66, 67
349741.6.peg.835.site.67, 27, 57, 84
349741.6.peg.835.site.68, 2, 21, 23
349741.6.peg.835.site.69, 1, 42, 43
349741.6.peg.835.site.70, 2, 74, 76
349741.6.peg.835.site.71, 11, 86, 97
349741.6.peg.835.site.72, 66, 85, 151
349741.6.peg.835.site.73, 1, 96, 97
349741.6.peg.835.site.74, 1, 92, 93
349741.6.peg.835.site.75, 25, 91, 116
349741.6.peg.835.site.76, 72, 92, 164
349741.6.peg.835.site.77, 69, 90, 159
349741.6.peg.835.site.78, 65, 86, 151
349741.6.peg.835.site.79, 10, 87, 97
349741.6.peg.835.site.80, 13, 90, 103
349741.6.peg.835.site.81, 13, 91, 104
349741.6.peg.835.site.82, 39, 88, 127
349741.6.peg.835.site.83, 35, 82, 117
349741.6.peg.835.site.84, 82, 84, 166
349741.6.peg.835.site.85, 2, 78, 80
349741.6.peg.835.site.86, 59, 80, 139
349741.6.peg.835.site.87, 21, 79, 100
349741.6.peg.835.site.88, 85, 86, 171
349741.6.peg.835.site.89, 27, 97, 124
349741.6.peg.835.site.90, 75, 96, 171
349741.6.peg.835.site.91, 70, 97, 167
349741.6.peg.835.site.92, 30, 97, 127
349741.6.peg.835.site.93, 1, 97, 98
349741.6.peg.835.site.94, 29, 96, 125
349741.6.peg.835.site.95, 6, 97, 103
349741.6.peg.835.site.96, 76, 97, 173
349741.6.peg.835.site.97, 74, 95, 169
349741.6.peg.835.site.98, 3, 95, 98
349741.6.peg.835.site.99, 75, 95, 170
349741.6.peg.835.site.100, 1, 96, 97
349741.6.peg.835.site.101, 2, 96, 98
349741.6.peg.835.site.102, 76, 97, 173
349741.6.peg.835.site.103, 74, 95, 169
349741.6.peg.835.site.104, 90, 93, 183
349741.6.peg.835.site.105, 75, 96, 171
349741.6.peg.835.site.106, 1, 96, 97
349741.6.peg.835.site.107, 74, 95, 169
349741.6.peg.835.site.108, 10, 95, 105
349741.6.peg.835.site.109, 74, 95, 169
349741.6.peg.835.site.110, 1, 96, 97
349741.6.peg.835.site.111, 30, 92, 122
349741.6.peg.835.site.112, 41, 90, 131
349741.6.peg.835.site.113, 74, 95, 169
349741.6.peg.835.site.114, 2, 96, 98
349741.6.peg.835.site.115, 14, 94, 108
349741.6.peg.835.site.116, 2, 94, 96
349741.6.peg.835.site.117, 18, 86, 104
349741.6.peg.835.site.118, 64, 85, 149
349741.6.peg.835.site.119, 3, 95, 98
349741.6.peg.835.site.120, 69, 90, 159
349741.6.peg.835.site.121, 69, 90, 159
349741.6.peg.835.site.122, 75, 96, 171
349741.6.peg.835.site.123, 76, 97, 173
349741.6.peg.835.site.124, 43, 97, 140
349741.6.peg.835.site.125, 2, 97, 99
349741.6.peg.835.site.126, 1, 96, 97
349741.6.peg.835.site.127, 25, 96, 121
349741.6.peg.835.site.128, 11, 96, 107
349741.6.peg.835.site.129, 72, 93, 165
349741.6.peg.835.site.130, 75, 96, 171
349741.6.peg.835.site.131, 50, 97, 147
349741.6.peg.835.site.132, 50, 97, 147
349741.6.peg.835.site.133, 30, 97, 127
349741.6.peg.835.site.134, 3, 96, 99
349741.6.peg.835.site.135, 3, 94, 97
349741.6.peg.835.site.136, 2, 97, 99
349741.6.peg.835.site.137, 50, 97, 147
349741.6.peg.835.site.138, 76, 97, 173
349741.6.peg.835.site.139, 2, 95, 97
349741.6.peg.835.site.140, 48, 97, 145
349741.6.peg.835.site.141, 76, 97, 173
349741.6.peg.835.site.142, 2, 89, 91
349741.6.peg.835.site.143, 64, 84, 148
349741.6.peg.835.site.144, 13, 91, 104
349741.6.peg.835.site.145, 3, 91, 94
349741.6.peg.835.site.146, 76, 97, 173
349741.6.peg.835.site.147, 2, 97, 99
349741.6.peg.835.site.148, 75, 97, 172
349741.6.peg.835.site.149, 1, 97, 98
349741.6.peg.835.site.150, 2, 97, 99
349741.6.peg.835.site.151, 93, 96, 189
349741.6.peg.835.site.152, 73, 95, 168
349741.6.peg.835.site.153, 73, 92, 165
349741.6.peg.835.site.154, 15, 90, 105
349741.6.peg.835.site.155, 71, 90, 161
349741.6.peg.835.site.156, 57, 96, 153
349741.6.peg.835.site.157, 7, 97, 104
349741.6.peg.835.site.158, 2, 96, 98
349741.6.peg.835.site.159, 19, 97, 116
349741.6.peg.835.site.160, 75, 97, 172
349741.6.peg.835.site.161, 47, 97, 144
349741.6.peg.835.site.162, 28, 93, 121
349741.6.peg.835.site.163, 2, 93, 95
349741.6.peg.835.site.164, 24, 92, 116
349741.6.peg.835.site.165, 94, 97, 191
349741.6.peg.835.site.166, 75, 96, 171
349741.6.peg.835.site.167, 75, 96, 171
349741.6.peg.835.site.168, 75, 95, 170
349741.6.peg.835.site.169, 2, 96, 98
349741.6.peg.835.site.170, 75, 97, 172
349741.6.peg.835.site.171, 5, 97, 102
349741.6.peg.835.site.172, 0, 97, 97
349741.6.peg.835.site.173, 2, 97, 99
349741.6.peg.835.site.174, 5, 97, 102
349741.6.peg.836.site.1, 51, 68, 119
349741.6.peg.836.site.2, 57, 68, 125
349741.6.peg.836.site.3, 48, 65, 113
349741.6.peg.836.site.4, 1, 71, 72
349741.6.peg.836.site.5, 89, 97, 186
349741.6.peg.836.site.6, 78, 97, 175
349741.6.peg.836.site.7, 80, 97, 177
349741.6.peg.836.site.8, 9, 96, 105
349741.6.peg.836.site.9, 5, 97, 102
349741.6.peg.836.site.10, 80, 97, 177
349741.6.peg.836.site.11, 2, 97, 99
349741.6.peg.836.site.12, 1, 97, 98
349741.6.peg.1228.site.1, 6, 97, 103
349741.6.peg.1229.site.1, 2, 97, 99
349741.6.peg.1229.site.2, 91, 97, 188
349741.6.peg.1229.site.3, 97, 97, 194
349741.6.peg.1229.site.4, 0, 95, 95
349741.6.peg.1229.site.5, 0, 96, 96
349741.6.peg.1229.site.6, 1, 97, 98
349741.6.peg.1229.site.7, 58, 97, 155
349741.6.peg.1229.site.8, 1, 97, 98
349741.6.peg.1229.site.9, 9, 97, 106
349741.6.peg.1229.site.10, 9, 97, 106
349741.6.peg.1229.site.11, 9, 97, 106
349741.6.peg.1229.site.12, 5, 97, 102
349741.6.peg.1229.site.13, 3, 97, 100
349741.6.peg.1229.site.14, 1, 97, 98
349741.6.peg.1229.site.15, 97, 97, 194
349741.6.peg.1229.site.16, 8, 97, 105
349741.6.peg.1229.site.17, 3, 97, 100
349741.6.peg.1229.site.18, 2, 97, 99
349741.6.peg.1229.site.19, 1, 97, 98
349741.6.peg.1229.site.20, 1, 96, 97
349741.6.peg.1229.site.21, 97, 97, 194
349741.6.peg.1229.site.22, 3, 97, 100
349741.6.peg.1229.site.23, 8, 97, 105
349741.6.peg.1229.site.24, 5, 97, 102
349741.6.peg.1222.site.1, 5, 96, 101
349741.6.peg.1222.site.2, 43, 97, 140
349741.6.peg.1222.site.3, 36, 97, 133
349741.6.peg.1222.site.4, 2, 96, 98
349741.6.peg.1222.site.5, 1, 96, 97
349741.6.peg.1222.site.6, 8, 96, 104
349741.6.peg.1222.site.7, 39, 96, 135
349741.6.peg.1222.site.8, 3, 95, 98
349741.6.peg.1222.site.9, 36, 96, 132
349741.6.peg.1222.site.10, 0, 96, 96
349741.6.peg.1222.site.11, 3, 96, 99
349741.6.peg.1222.site.12, 48, 96, 144
349741.6.peg.1222.site.13, 36, 97, 133
349741.6.peg.1222.site.14, 1, 97, 98
349741.6.peg.1222.site.15, 35, 95, 130
349741.6.peg.1222.site.16, 46, 97, 143
349741.6.peg.1223.site.1, 0, 96, 96
349741.6.peg.1223.site.2, 36, 97, 133
349741.6.peg.1223.site.3, 2, 97, 99
349741.6.peg.1223.site.4, 36, 94, 130
349741.6.peg.1221.site.1, 34, 97, 131
349741.6.peg.1221.site.2, 37, 95, 132
349741.6.peg.1221.site.3, 36, 95, 131
349741.6.peg.1221.site.4, 0, 95, 95
349741.6.peg.1221.site.5, 1, 95, 96
349741.6.peg.1221.site.6, 30, 97, 127
349741.6.peg.1221.site.7, 0, 97, 97
349741.6.peg.1221.site.8, 0, 97, 97
349741.6.peg.1221.site.9, 36, 97, 133
349741.6.peg.1221.site.10, 3, 97, 100
349741.6.peg.1227.site.1, 6, 97, 103
349741.6.peg.1227.site.2, 1, 97, 98
349741.6.peg.1227.site.3, 12, 97, 109
349741.6.peg.1227.site.4, 8, 97, 105
349741.6.peg.1227.site.5, 20, 97, 117
349741.6.peg.1224.site.1, 92, 97, 189
349741.6.peg.1224.site.2, 0, 95, 95
349741.6.peg.1224.site.3, 6, 97, 103
349741.6.peg.1224.site.4, 6, 97, 103
349741.6.peg.1224.site.5, 2, 93, 95
349741.6.peg.1224.site.6, 1, 93, 94
349741.6.peg.1225.site.1, 39, 61, 100
349741.6.peg.1225.site.2, 56, 62, 118
349741.6.peg.1225.site.3, 1, 73, 74
349741.6.peg.1225.site.4, 95, 96, 191
349741.6.peg.1225.site.5, 43, 97, 140
349741.6.peg.1225.site.6, 1, 97, 98
349741.6.peg.1225.site.7, 35, 97, 132
349741.6.peg.1225.site.8, 24, 97, 121
349741.6.peg.1225.site.9, 6, 97, 103
349741.6.peg.1225.site.10, 35, 97, 132
349741.6.peg.1225.site.11, 13, 97, 110
349741.6.peg.1225.site.12, 2, 96, 98
349741.6.peg.1225.site.13, 1, 95, 96
349741.6.peg.1225.site.14, 2, 96, 98
349741.6.peg.1225.site.15, 34, 97, 131
349741.6.peg.1225.site.16, 35, 97, 132
349741.6.peg.1225.site.17, 41, 97, 138
349741.6.peg.1225.site.18, 48, 97, 145
349741.6.peg.1225.site.19, 97, 97, 194
349741.6.peg.1225.site.20, 2, 97, 99
349741.6.peg.1225.site.21, 0, 96, 96
349741.6.peg.1225.site.22, 2, 97, 99
349741.6.peg.1225.site.23, 5, 95, 100
349741.6.peg.1225.site.24, 1, 96, 97
349741.6.peg.1225.site.25, 2, 96, 98
349741.6.peg.1225.site.26, 1, 97, 98
349741.6.peg.1225.site.27, 12, 97, 109
349741.6.peg.1225.site.28, 8, 96, 104
349741.6.peg.1225.site.29, 12, 97, 109
349741.6.peg.1225.site.30, 12, 96, 108
349741.6.peg.1225.site.31, 3, 97, 100
349741.6.peg.1225.site.32, 3, 97, 100
349741.6.peg.1225.site.33, 3, 97, 100
349741.6.peg.1225.site.34, 1, 97, 98
349741.6.peg.1225.site.35, 1, 96, 97
349741.6.peg.1225.site.36, 0, 97, 97
349741.6.peg.1225.site.37, 4, 97, 101
349741.6.peg.1225.site.38, 12, 97, 109
349741.6.peg.1820.site.1, 9, 97, 106
349741.6.peg.1820.site.2, 14, 97, 111
349741.6.peg.1820.site.3, 9, 97, 106
349741.6.peg.1820.site.4, 9, 97, 106
349741.6.peg.1820.site.5, 0, 97, 97
349741.6.peg.1820.site.6, 0, 96, 96
349741.6.peg.1820.site.7, 2, 97, 99
349741.6.peg.1820.site.8, 0, 97, 97
349741.6.peg.1820.site.9, 2, 97, 99
349741.6.peg.1821.site.1, 0, 97, 97
349741.6.peg.1821.site.2, 0, 97, 97
349741.6.peg.1821.site.3, 78, 97, 175
349741.6.peg.1821.site.4, 3, 96, 99
349741.6.peg.1821.site.5, 2, 97, 99
349741.6.peg.1821.site.6, 3, 97, 100
349741.6.peg.1821.site.7, 0, 97, 97
349741.6.peg.1821.site.8, 78, 97, 175
349741.6.peg.1821.site.9, 1, 97, 98
349741.6.peg.1821.site.10, 28, 97, 125
349741.6.peg.1821.site.11, 16, 97, 113
349741.6.peg.1821.site.12, 86, 96, 182
349741.6.peg.1821.site.13, 87, 97, 184
349741.6.peg.1821.site.14, 27, 96, 123
349741.6.peg.1821.site.15, 2, 97, 99
349741.6.peg.1821.site.16, 7, 97, 104
349741.6.peg.1821.site.17, 2, 97, 99
349741.6.peg.1821.site.18, 1, 97, 98
349741.6.peg.1821.site.19, 28, 97, 125
349741.6.peg.1821.site.20, 4, 97, 101
349741.6.peg.1822.site.1, 0, 97, 97
349741.6.peg.1822.site.2, 1, 97, 98
349741.6.peg.1822.site.3, 88, 97, 185
349741.6.peg.1822.site.4, 89, 97, 186
349741.6.peg.1822.site.5, 89, 97, 186
349741.6.peg.1822.site.6, 92, 97, 189
349741.6.peg.1822.site.7, 92, 97, 189
349741.6.peg.1822.site.8, 2, 97, 99
349741.6.peg.1822.site.9, 5, 97, 102
349741.6.peg.1822.site.10, 7, 97, 104
349741.6.peg.1822.site.11, 2, 97, 99
349741.6.peg.1822.site.12, 85, 97, 182
349741.6.peg.1822.site.13, 1, 97, 98
349741.6.peg.1822.site.14, 92, 96, 188
349741.6.peg.1822.site.15, 35, 95, 130
349741.6.peg.1822.site.16, 1, 95, 96
349741.6.peg.1822.site.17, 7, 94, 101
349741.6.peg.1822.site.18, 1, 97, 98
349741.6.peg.1822.site.19, 2, 94, 96
349741.6.peg.1822.site.20, 1, 94, 95
349741.6.peg.1822.site.21, 90, 93, 183
349741.6.peg.1822.site.22, 7, 96, 103
349741.6.peg.1822.site.23, 80, 95, 175
349741.6.peg.1822.site.24, 86, 95, 181
349741.6.peg.1822.site.25, 1, 96, 97
349741.6.peg.1823.site.1, 91, 97, 188
349741.6.peg.1823.site.2, 9, 97, 106
349741.6.peg.1823.site.3, 2, 97, 99
349741.6.peg.1823.site.4, 1, 97, 98
349741.6.peg.1823.site.5, 0, 97, 97
349741.6.peg.1823.site.6, 77, 96, 173
349741.6.peg.1823.site.7, 2, 97, 99
349741.6.peg.1823.site.8, 9, 96, 105
349741.6.peg.1823.site.9, 7, 96, 103
349741.6.peg.1823.site.10, 1, 97, 98
349741.6.peg.1823.site.11, 7, 97, 104
349741.6.peg.1823.site.12, 3, 97, 100
349741.6.peg.1823.site.13, 1, 96, 97
349741.6.peg.1823.site.14, 13, 97, 110
349741.6.peg.1823.site.15, 7, 96, 103
349741.6.peg.1823.site.16, 1, 97, 98
349741.6.peg.1823.site.17, 7, 97, 104
349741.6.peg.1823.site.18, 7, 97, 104
349741.6.peg.1823.site.19, 1, 96, 97
349741.6.peg.1823.site.20, 93, 96, 189
349741.6.peg.1823.site.21, 2, 95, 97
349741.6.peg.1823.site.22, 1, 96, 97
349741.6.peg.1823.site.23, 9, 97, 106
349741.6.peg.1823.site.24, 0, 97, 97
349741.6.peg.1823.site.25, 7, 97, 104
349741.6.peg.1823.site.26, 2, 97, 99
349741.6.peg.1823.site.27, 0, 97, 97
349741.6.peg.1823.site.28, 0, 97, 97
349741.6.peg.1823.site.29, 9, 97, 106
349741.6.peg.1823.site.30, 9, 96, 105
349741.6.peg.1823.site.31, 9, 97, 106
349741.6.peg.1823.site.32, 5, 97, 102
349741.6.peg.1823.site.33, 6, 97, 103
349741.6.peg.1823.site.34, 76, 97, 173
349741.6.peg.1823.site.35, 5, 93, 98
349741.6.peg.1823.site.36, 3, 92, 95
349741.6.peg.1823.site.37, 7, 93, 100
349741.6.peg.1823.site.38, 2, 95, 97
349741.6.peg.1823.site.39, 7, 95, 102
349741.6.peg.1823.site.40, 73, 95, 168
349741.6.peg.1823.site.41, 64, 97, 161
349741.6.peg.1823.site.42, 94, 96, 190
349741.6.peg.1825.site.1, 0, 97, 97
349741.6.peg.1825.site.2, 1, 96, 97
349741.6.peg.1825.site.3, 7, 96, 103
349741.6.peg.1825.site.4, 9, 89, 98
349741.6.peg.1825.site.5, 2, 59, 61
349741.6.peg.1825.site.6, 0, 61, 61
349741.6.peg.1825.site.7, 3, 63, 66
349741.6.peg.1825.site.8, 7, 96, 103
349741.6.peg.1825.site.9, 2, 97, 99
349741.6.peg.1825.site.10, 96, 96, 192
349741.6.peg.1826.site.1, 7, 97, 104
349741.6.peg.1826.site.2, 7, 97, 104
349741.6.peg.1826.site.3, 7, 97, 104
349741.6.peg.1826.site.4, 2, 97, 99
349741.6.peg.1826.site.5, 9, 97, 106
349741.6.peg.1826.site.6, 5, 97, 102
349741.6.peg.1826.site.7, 5, 96, 101
349741.6.peg.1826.site.8, 5, 97, 102
349741.6.peg.1826.site.9, 1, 97, 98
349741.6.peg.1828.site.1, 15, 96, 111
349741.6.peg.1828.site.2, 2, 97, 99
349741.6.peg.1828.site.3, 8, 95, 103
349741.6.peg.1828.site.4, 2, 96, 98
349741.6.peg.1828.site.5, 15, 96, 111
349741.6.peg.1828.site.6, 15, 95, 110
349741.6.peg.1828.site.7, 1, 97, 98
349741.6.peg.1828.site.8, 4, 86, 90
349741.6.peg.1828.site.9, 2, 83, 85
349741.6.peg.1828.site.10, 14, 87, 101
349741.6.peg.1828.site.11, 8, 97, 105
349741.6.peg.1828.site.12, 13, 93, 106
349741.6.peg.1828.site.13, 11, 91, 102
349741.6.peg.1828.site.14, 0, 86, 86
349741.6.peg.1828.site.15, 5, 86, 91
349741.6.peg.1828.site.16, 7, 92, 99
349741.6.peg.1828.site.17, 8, 97, 105
349741.6.peg.1828.site.18, 0, 97, 97
349741.6.peg.1828.site.19, 4, 97, 101
349741.6.peg.1828.site.20, 16, 97, 113
349741.6.peg.1828.site.21, 8, 97, 105
349741.6.peg.1828.site.22, 8, 97, 105
349741.6.peg.1828.site.23, 16, 97, 113
349741.6.peg.1828.site.24, 16, 97, 113
349741.6.peg.1828.site.25, 8, 97, 105
349741.6.peg.1828.site.26, 3, 97, 100
349741.6.peg.1828.site.27, 2, 97, 99
349741.6.peg.1828.site.28, 5, 97, 102
349741.6.peg.1828.site.29, 8, 97, 105
349741.6.peg.1828.site.30, 66, 97, 163
349741.6.peg.1828.site.31, 87, 97, 184
349741.6.peg.1828.site.32, 8, 97, 105
349741.6.peg.1828.site.33, 2, 97, 99
349741.6.peg.1828.site.34, 14, 95, 109
349741.6.peg.1828.site.35, 8, 96, 104
349741.6.peg.1828.site.36, 8, 96, 104
349741.6.peg.1828.site.37, 8, 95, 103
349741.6.peg.1828.site.38, 3, 92, 95
349741.6.peg.1828.site.39, 22, 89, 111
349741.6.peg.1828.site.40, 24, 91, 115
349741.6.peg.1828.site.41, 24, 91, 115
349741.6.peg.1829.site.1, 2, 97, 99
349741.6.peg.1829.site.2, 1, 97, 98
349741.6.peg.1829.site.3, 16, 97, 113
349741.6.peg.1829.site.4, 16, 97, 113
349741.6.peg.1829.site.5, 16, 97, 113
349741.6.peg.1829.site.6, 2, 97, 99
349741.6.peg.1829.site.7, 8, 97, 105
349741.6.peg.1829.site.8, 8, 97, 105
349741.6.peg.1829.site.9, 20, 97, 117
349741.6.peg.1829.site.10, 8, 97, 105
349741.6.peg.1829.site.11, 8, 97, 105
349741.6.peg.1829.site.12, 8, 97, 105
349741.6.peg.1829.site.13, 8, 97, 105
349741.6.peg.1829.site.14, 1, 97, 98
349741.6.peg.1829.site.15, 8, 97, 105
349741.6.peg.1829.site.16, 9, 95, 104
349741.6.peg.1829.site.17, 35, 96, 131
349741.6.peg.1829.site.18, 28, 97, 125
349741.6.peg.1829.site.19, 5, 96, 101
349741.6.peg.1829.site.20, 1, 95, 96
349741.6.peg.1829.site.21, 19, 95, 114
349741.6.peg.1829.site.22, 7, 95, 102
349741.6.peg.1829.site.23, 12, 97, 109
349741.6.peg.1829.site.24, 11, 97, 108
349741.6.peg.1829.site.25, 11, 97, 108
349741.6.peg.1829.site.26, 29, 97, 126
349741.6.peg.1829.site.27, 11, 97, 108
349741.6.peg.1829.site.28, 10, 96, 106
349741.6.peg.1829.site.29, 3, 97, 100
349741.6.peg.1829.site.30, 11, 96, 107
349741.6.peg.1829.site.31, 1, 97, 98
349741.6.peg.1829.site.32, 1, 97, 98
349741.6.peg.1829.site.33, 11, 97, 108
349741.6.peg.1829.site.34, 38, 97, 135
349741.6.peg.1829.site.35, 27, 97, 124
349741.6.peg.1829.site.36, 11, 91, 102
349741.6.peg.1829.site.37, 27, 97, 124
349741.6.peg.1829.site.38, 11, 96, 107
349741.6.peg.1829.site.39, 11, 97, 108
349741.6.peg.1829.site.40, 45, 97, 142
349741.6.peg.1829.site.41, 84, 97, 181
349741.6.peg.1829.site.42, 11, 97, 108
349741.6.peg.1829.site.43, 45, 97, 142
349741.6.peg.1829.site.44, 11, 97, 108
349741.6.peg.1829.site.45, 15, 96, 111
349741.6.peg.1829.site.46, 25, 97, 122
349741.6.peg.1829.site.47, 25, 97, 122
349741.6.peg.1829.site.48, 11, 97, 108
349741.6.peg.1829.site.49, 11, 97, 108
349741.6.peg.1829.site.50, 8, 96, 104
349741.6.peg.1829.site.51, 7, 96, 103
349741.6.peg.1829.site.52, 11, 94, 105
349741.6.peg.1829.site.53, 11, 97, 108
349741.6.peg.1829.site.54, 1, 97, 98
349741.6.peg.1915.site.1, 2, 61, 63
349741.6.peg.1915.site.2, 1, 56, 57
349741.6.peg.1915.site.3, 16, 49, 65
349741.6.peg.1915.site.4, 20, 36, 56
349741.6.peg.1915.site.5, 16, 32, 48
349741.6.peg.1915.site.6, 1, 27, 28
349741.6.peg.1915.site.7, 11, 37, 48
349741.6.peg.1915.site.8, 1, 72, 73
349741.6.peg.1915.site.9, 3, 90, 93
349741.6.peg.1915.site.10, 51, 92, 143
349741.6.peg.1915.site.11, 2, 96, 98
349741.6.peg.1915.site.12, 81, 97, 178
349741.6.peg.1915.site.13, 94, 96, 190
349741.6.peg.1915.site.14, 23, 95, 118
349741.6.peg.1915.site.15, 23, 95, 118
349741.6.peg.1915.site.16, 92, 94, 186
349741.6.peg.1915.site.17, 25, 58, 83
349741.6.peg.1915.site.18, 4, 56, 60
349741.6.peg.1915.site.19, 13, 39, 52
349741.6.peg.1915.site.20, 11, 33, 44
349741.6.peg.1915.site.21, 1, 17, 18
349741.6.peg.1915.site.22, 4, 19, 23
349741.6.peg.1915.site.23, 7, 23, 30
349741.6.peg.1915.site.24, 13, 29, 42
349741.6.peg.1915.site.25, 6, 70, 76
349741.6.peg.1915.site.26, 66, 81, 147
349741.6.peg.1915.site.27, 55, 90, 145
349741.6.peg.1915.site.28, 21, 92, 113
349741.6.peg.1915.site.29, 5, 91, 96
349741.6.peg.1915.site.30, 44, 60, 104
349741.6.peg.1915.site.31, 42, 58, 100
349741.6.peg.1915.site.32, 35, 51, 86
349741.6.peg.1915.site.33, 56, 56, 112
349741.6.peg.1915.site.34, 32, 68, 100
349741.6.peg.1915.site.35, 5, 87, 92
349741.6.peg.1915.site.36, 48, 88, 136
349741.6.peg.1915.site.37, 2, 94, 96
349741.6.peg.1915.site.38, 25, 93, 118
349741.6.peg.1915.site.39, 56, 94, 150
349741.6.peg.1915.site.40, 93, 93, 186
349741.6.peg.1915.site.41, 46, 89, 135
349741.6.peg.1915.site.42, 86, 86, 172
349741.6.peg.1915.site.43, 2, 86, 88
349741.6.peg.1915.site.44, 42, 83, 125
349741.6.peg.1915.site.45, 29, 89, 118
349741.6.peg.1915.site.46, 33, 94, 127
349741.6.peg.1915.site.47, 1, 93, 94
349741.6.peg.1915.site.48, 18, 94, 112
349741.6.peg.1915.site.49, 54, 97, 151
349741.6.peg.1915.site.50, 0, 96, 96
349741.6.peg.1915.site.51, 17, 93, 110
349741.6.peg.1915.site.52, 45, 95, 140
349741.6.peg.1915.site.53, 2, 50, 52
349741.6.peg.1916.site.1, 81, 97, 178
349741.6.peg.1916.site.2, 2, 97, 99
349741.6.peg.1916.site.3, 77, 89, 166
349741.6.peg.1916.site.4, 25, 89, 114
349741.6.peg.1916.site.5, 51, 67, 118
349741.6.peg.1916.site.6, 3, 44, 47
349741.6.peg.1916.site.7, 2, 90, 92
349741.6.peg.1916.site.8, 77, 92, 169
349741.6.peg.1916.site.9, 10, 90, 100
349741.6.peg.1916.site.10, 10, 88, 98
349741.6.peg.1916.site.11, 54, 95, 149
349741.6.peg.1916.site.12, 1, 97, 98
349741.6.peg.1916.site.13, 25, 95, 120
349741.6.peg.1916.site.14, 78, 94, 172
349741.6.peg.1916.site.15, 25, 95, 120
349741.6.peg.1916.site.16, 2, 91, 93
349741.6.peg.1916.site.17, 51, 92, 143
349741.6.peg.1916.site.18, 3, 96, 99
349741.6.peg.1916.site.19, 55, 96, 151
349741.6.peg.1916.site.20, 27, 97, 124
349741.6.peg.1916.site.21, 37, 97, 134
349741.6.peg.1916.site.22, 8, 97, 105
349741.6.peg.1916.site.23, 56, 97, 153
349741.6.peg.1916.site.24, 4, 97, 101
349741.6.peg.1916.site.25, 3, 97, 100
349741.6.peg.1916.site.26, 8, 97, 105
349741.6.peg.1916.site.27, 8, 96, 104
349741.6.peg.1916.site.28, 29, 97, 126
349741.6.peg.1916.site.29, 8, 97, 105
349741.6.peg.1916.site.30, 29, 96, 125
349741.6.peg.1916.site.31, 55, 96, 151
349741.6.peg.1916.site.32, 25, 96, 121
349741.6.peg.1916.site.33, 29, 93, 122
349741.6.peg.1916.site.34, 2, 60, 62
349741.6.peg.1916.site.35, 21, 53, 74
349741.6.peg.1916.site.36, 21, 33, 54
349741.6.peg.1916.site.37, 10, 30, 40
349741.6.peg.1916.site.38, 1, 24, 25
349741.6.peg.1916.site.39, 2, 28, 30
349741.6.peg.1916.site.40, 2, 55, 57
349741.6.peg.1916.site.41, 16, 56, 72
349741.6.peg.1916.site.42, 43, 59, 102
349741.6.peg.1916.site.43, 9, 41, 50
349741.6.peg.1916.site.44, 8, 24, 32
349741.6.peg.1916.site.45, 5, 21, 26
349741.6.peg.1916.site.46, 5, 21, 26
349741.6.peg.1916.site.47, 2, 20, 22
349741.6.peg.1916.site.48, 25, 25, 50
349741.6.peg.1916.site.49, 2, 53, 55
349741.6.peg.1916.site.50, 4, 64, 68
349741.6.peg.1916.site.51, 5, 77, 82
349741.6.peg.1916.site.52, 4, 69, 73
349741.6.peg.1916.site.53, 14, 30, 44
349741.6.peg.1916.site.54, 25, 41, 66
349741.6.peg.1916.site.55, 2, 39, 41
349741.6.peg.1916.site.56, 6, 24, 30
349741.6.peg.1916.site.57, 3, 23, 26
349741.6.peg.1916.site.58, 1, 41, 42
349741.6.peg.1916.site.59, 4, 51, 55
349741.6.peg.1916.site.60, 1, 57, 58
349741.6.peg.1910.site.1, 0, 97, 97
349741.6.peg.1911.site.1, 2, 97, 99
349741.6.peg.1911.site.2, 3, 97, 100
349741.6.peg.1911.site.3, 1, 97, 98
349741.6.peg.1911.site.4, 7, 97, 104
349741.6.peg.1911.site.5, 2, 96, 98
349741.6.peg.1911.site.6, 81, 97, 178
349741.6.peg.1911.site.7, 41, 97, 138
349741.6.peg.1911.site.8, 3, 97, 100
349741.6.peg.1911.site.9, 81, 97, 178
349741.6.peg.1911.site.10, 3, 97, 100
349741.6.peg.1911.site.11, 81, 97, 178
349741.6.peg.1911.site.12, 15, 97, 112
349741.6.peg.1911.site.13, 2, 97, 99
349741.6.peg.1911.site.14, 0, 97, 97
349741.6.peg.1911.site.15, 4, 97, 101
349741.6.peg.1911.site.16, 0, 97, 97
349741.6.peg.1911.site.17, 1, 97, 98
349741.6.peg.1911.site.18, 65, 97, 162
349741.6.peg.1911.site.19, 65, 95, 160
349741.6.peg.1911.site.20, 3, 96, 99
349741.6.peg.1911.site.21, 85, 97, 182
349741.6.peg.1911.site.22, 37, 96, 133
349741.6.peg.1911.site.23, 81, 97, 178
349741.6.peg.1911.site.24, 4, 97, 101
349741.6.peg.1911.site.25, 2, 97, 99
349741.6.peg.1911.site.26, 21, 97, 118
349741.6.peg.1911.site.27, 81, 97, 178
349741.6.peg.1911.site.28, 1, 96, 97
349741.6.peg.1911.site.29, 4, 97, 101
349741.6.peg.1911.site.30, 80, 96, 176
349741.6.peg.1911.site.31, 88, 97, 185
349741.6.peg.1911.site.32, 81, 97, 178
349741.6.peg.1911.site.33, 87, 97, 184
349741.6.peg.1911.site.34, 10, 97, 107
349741.6.peg.1911.site.35, 5, 97, 102
349741.6.peg.1911.site.36, 4, 96, 100
349741.6.peg.1911.site.37, 80, 96, 176
349741.6.peg.1911.site.38, 43, 97, 140
349741.6.peg.1911.site.39, 80, 96, 176
349741.6.peg.1912.site.1, 4, 97, 101
349741.6.peg.1912.site.2, 1, 94, 95
349741.6.peg.1912.site.3, 2, 93, 95
349741.6.peg.1912.site.4, 3, 96, 99
349741.6.peg.1912.site.5, 3, 96, 99
349741.6.peg.1912.site.6, 2, 96, 98
349741.6.peg.1912.site.7, 1, 97, 98
349741.6.peg.1912.site.8, 0, 97, 97
349741.6.peg.1912.site.9, 81, 97, 178
349741.6.peg.1912.site.10, 18, 94, 112
349741.6.peg.1912.site.11, 81, 97, 178
349741.6.peg.1912.site.12, 74, 96, 170
349741.6.peg.1912.site.13, 0, 96, 96
349741.6.peg.1912.site.14, 2, 97, 99
349741.6.peg.1912.site.15, 81, 97, 178
349741.6.peg.1912.site.16, 94, 97, 191
349741.6.peg.1912.site.17, 4, 97, 101
349741.6.peg.1912.site.18, 7, 96, 103
349741.6.peg.1912.site.19, 4, 95, 99
349741.6.peg.1912.site.20, 3, 96, 99
349741.6.peg.1912.site.21, 80, 94, 174
349741.6.peg.1912.site.22, 4, 84, 88
349741.6.peg.1912.site.23, 37, 51, 88
349741.6.peg.1912.site.24, 4, 26, 30
349741.6.peg.1912.site.25, 4, 26, 30
349741.6.peg.1912.site.26, 3, 26, 29
349741.6.peg.1912.site.27, 2, 24, 26
349741.6.peg.1912.site.28, 44, 68, 112
349741.6.peg.1912.site.29, 53, 83, 136
349741.6.peg.1912.site.30, 1, 75, 76
349741.6.peg.1912.site.31, 48, 63, 111
349741.6.peg.1912.site.32, 59, 75, 134
349741.6.peg.1912.site.33, 78, 96, 174
349741.6.peg.1912.site.34, 79, 95, 174
349741.6.peg.1912.site.35, 3, 97, 100
349741.6.peg.1912.site.36, 81, 97, 178
349741.6.peg.1912.site.37, 2, 95, 97
349741.6.peg.1912.site.38, 79, 97, 176
349741.6.peg.1912.site.39, 8, 97, 105
349741.6.peg.1912.site.40, 56, 97, 153
349741.6.peg.1912.site.41, 2, 95, 97
349741.6.peg.1912.site.42, 19, 95, 114
349741.6.peg.1912.site.43, 78, 95, 173
349741.6.peg.1912.site.44, 1, 94, 95
349741.6.peg.1912.site.45, 2, 94, 96
349741.6.peg.1912.site.46, 84, 93, 177
349741.6.peg.1912.site.47, 80, 96, 176
349741.6.peg.1912.site.48, 79, 95, 174
349741.6.peg.1912.site.49, 78, 94, 172
349741.6.peg.1912.site.50, 49, 96, 145
349741.6.peg.1912.site.51, 80, 96, 176
349741.6.peg.1912.site.52, 80, 96, 176
349741.6.peg.1912.site.53, 8, 96, 104
349741.6.peg.1912.site.54, 81, 97, 178
349741.6.peg.1912.site.55, 0, 97, 97
349741.6.peg.1912.site.56, 29, 48, 77
349741.6.peg.1912.site.57, 2, 97, 99
349741.6.peg.1912.site.58, 8, 97, 105
349741.6.peg.1913.site.1, 23, 39, 62
349741.6.peg.1913.site.2, 36, 52, 88
349741.6.peg.1913.site.3, 67, 67, 134
349741.6.peg.1913.site.4, 48, 66, 114
349741.6.peg.1913.site.5, 51, 75, 126
349741.6.peg.1913.site.6, 63, 78, 141
349741.6.peg.1913.site.7, 2, 96, 98
349741.6.peg.1913.site.8, 25, 97, 122
349741.6.peg.1913.site.9, 3, 97, 100
349741.6.peg.1913.site.10, 27, 95, 122
349741.6.peg.1913.site.11, 2, 97, 99
349741.6.peg.1913.site.12, 2, 97, 99
349741.6.peg.1913.site.13, 25, 97, 122
349741.6.peg.787.site.1, 0, 97, 97
349741.6.peg.787.site.2, 10, 97, 107
349741.6.peg.787.site.3, 1, 97, 98
349741.6.peg.787.site.4, 1, 97, 98
349741.6.peg.787.site.5, 97, 97, 194
349741.6.peg.787.site.6, 1, 97, 98
349741.6.peg.787.site.7, 1, 97, 98
349741.6.peg.787.site.8, 1, 97, 98
349741.6.peg.787.site.9, 1, 97, 98
349741.6.peg.787.site.10, 7, 97, 104
349741.6.peg.787.site.11, 0, 97, 97
349741.6.peg.787.site.12, 2, 97, 99
349741.6.peg.787.site.13, 3, 97, 100
349741.6.peg.787.site.14, 0, 97, 97
349741.6.peg.787.site.15, 52, 97, 149
349741.6.peg.787.site.16, 0, 97, 97
349741.6.peg.787.site.17, 19, 96, 115
349741.6.peg.787.site.18, 1, 97, 98
349741.6.peg.2117.site.1, 14, 97, 111
349741.6.peg.2117.site.2, 2, 97, 99
349741.6.peg.2117.site.3, 9, 96, 105
349741.6.peg.2117.site.4, 69, 94, 163
349741.6.peg.2117.site.5, 9, 97, 106
349741.6.peg.2117.site.6, 9, 97, 106
349741.6.peg.2117.site.7, 29, 94, 123
349741.6.peg.2117.site.8, 10, 95, 105
349741.6.peg.2117.site.9, 5, 88, 93
349741.6.peg.2117.site.10, 3, 85, 88
349741.6.peg.2117.site.11, 5, 91, 96
349741.6.peg.2117.site.12, 9, 94, 103
349741.6.peg.2117.site.13, 11, 96, 107
349741.6.peg.2117.site.14, 5, 96, 101
349741.6.peg.2117.site.15, 16, 94, 110
349741.6.peg.2117.site.16, 17, 95, 112
349741.6.peg.2117.site.17, 2, 96, 98
349741.6.peg.2117.site.18, 47, 95, 142
349741.6.peg.2117.site.19, 16, 97, 113
349741.6.peg.2117.site.20, 28, 97, 125
349741.6.peg.2117.site.21, 14, 97, 111
349741.6.peg.2117.site.22, 4, 95, 99
349741.6.peg.2117.site.23, 2, 96, 98
349741.6.peg.2117.site.24, 7, 96, 103
349741.6.peg.2117.site.25, 2, 97, 99
349741.6.peg.2117.site.26, 17, 97, 114
349741.6.peg.2117.site.27, 14, 97, 111
349741.6.peg.2117.site.28, 7, 97, 104
349741.6.peg.2117.site.29, 75, 97, 172
349741.6.peg.2117.site.30, 2, 97, 99
349741.6.peg.2117.site.31, 5, 97, 102
349741.6.peg.2117.site.32, 11, 97, 108
349741.6.peg.2117.site.33, 9, 97, 106
349741.6.peg.2117.site.34, 1, 97, 98
349741.6.peg.2117.site.35, 9, 97, 106
349741.6.peg.2117.site.36, 2, 97, 99
349741.6.peg.2117.site.37, 7, 97, 104
349741.6.peg.2117.site.38, 14, 97, 111
349741.6.peg.2117.site.39, 2, 97, 99
349741.6.peg.2117.site.40, 2, 97, 99
349741.6.peg.2117.site.41, 8, 95, 103
349741.6.peg.2117.site.42, 21, 94, 115
349741.6.peg.2117.site.43, 48, 97, 145
349741.6.peg.2117.site.44, 7, 95, 102
349741.6.peg.2117.site.45, 5, 95, 100
349741.6.peg.2117.site.46, 5, 97, 102
349741.6.peg.2117.site.47, 2, 97, 99
349741.6.peg.2116.site.1, 5, 22, 27
349741.6.peg.2116.site.2, 46, 95, 141
349741.6.peg.2116.site.3, 10, 96, 106
349741.6.peg.2116.site.4, 3, 96, 99
349741.6.peg.2116.site.5, 4, 96, 100
349741.6.peg.2116.site.6, 17, 96, 113
349741.6.peg.2116.site.7, 16, 76, 92
349741.6.peg.2116.site.8, 16, 78, 94
349741.6.peg.2116.site.9, 5, 79, 84
349741.6.peg.2116.site.10, 16, 85, 101
349741.6.peg.2116.site.11, 62, 88, 150
349741.6.peg.2116.site.12, 13, 92, 105
349741.6.peg.2116.site.13, 7, 93, 100
349741.6.peg.2116.site.14, 17, 96, 113
349741.6.peg.2116.site.15, 16, 97, 113
349741.6.peg.2116.site.16, 2, 97, 99
349741.6.peg.2116.site.17, 2, 97, 99
349741.6.peg.2116.site.18, 18, 97, 115
349741.6.peg.2116.site.19, 14, 94, 108
349741.6.peg.2116.site.20, 76, 96, 172
349741.6.peg.2116.site.21, 2, 95, 97
349741.6.peg.2116.site.22, 15, 94, 109
349741.6.peg.2116.site.23, 7, 90, 97
349741.6.peg.2116.site.24, 7, 86, 93
349741.6.peg.2116.site.25, 4, 83, 87
349741.6.peg.2116.site.26, 2, 81, 83
349741.6.peg.2116.site.27, 7, 82, 89
349741.6.peg.2116.site.28, 82, 85, 167
349741.6.peg.2116.site.29, 85, 88, 173
349741.6.peg.2116.site.30, 5, 90, 95
349741.6.peg.2116.site.31, 5, 93, 98
349741.6.peg.2116.site.32, 3, 91, 94
349741.6.peg.2116.site.33, 2, 92, 94
349741.6.peg.2116.site.34, 2, 92, 94
349741.6.peg.2116.site.35, 8, 96, 104
349741.6.peg.2116.site.36, 8, 96, 104
349741.6.peg.2116.site.37, 7, 97, 104
349741.6.peg.2116.site.38, 8, 96, 104
349741.6.peg.2116.site.39, 2, 97, 99
349741.6.peg.2111.site.1, 10, 82, 92
349741.6.peg.2111.site.2, 6, 91, 97
349741.6.peg.2111.site.3, 21, 93, 114
349741.6.peg.2111.site.4, 7, 96, 103
349741.6.peg.2111.site.5, 15, 97, 112
349741.6.peg.2111.site.6, 33, 97, 130
349741.6.peg.2111.site.7, 24, 97, 121
349741.6.peg.2111.site.8, 28, 94, 122
349741.6.peg.2111.site.9, 6, 96, 102
349741.6.peg.2111.site.10, 24, 96, 120
349741.6.peg.2111.site.11, 97, 97, 194
349741.6.peg.2111.site.12, 25, 97, 122
349741.6.peg.2111.site.13, 25, 97, 122
349741.6.peg.2111.site.14, 1, 92, 93
349741.6.peg.2111.site.15, 25, 94, 119
349741.6.peg.2111.site.16, 14, 92, 106
349741.6.peg.2111.site.17, 0, 96, 96
349741.6.peg.2111.site.18, 45, 97, 142
349741.6.peg.2111.site.19, 8, 97, 105
349741.6.peg.2111.site.20, 4, 97, 101
349741.6.peg.2111.site.21, 2, 97, 99
349741.6.peg.2111.site.22, 1, 97, 98
349741.6.peg.2111.site.23, 7, 96, 103
349741.6.peg.2111.site.24, 1, 90, 91
349741.6.peg.2111.site.25, 2, 91, 93
349741.6.peg.2111.site.26, 3, 92, 95
349741.6.peg.2111.site.27, 2, 95, 97
349741.6.peg.2111.site.28, 36, 96, 132
349741.6.peg.2111.site.29, 8, 97, 105
349741.6.peg.2111.site.30, 17, 97, 114
349741.6.peg.2111.site.31, 8, 97, 105
349741.6.peg.2111.site.32, 7, 97, 104
349741.6.peg.2111.site.33, 8, 97, 105
349741.6.peg.2111.site.34, 8, 95, 103
349741.6.peg.2111.site.35, 4, 94, 98
349741.6.peg.2111.site.36, 0, 89, 89
349741.6.peg.2111.site.37, 4, 96, 100
349741.6.peg.2111.site.38, 35, 96, 131
349741.6.peg.2111.site.39, 8, 97, 105
349741.6.peg.2111.site.40, 8, 97, 105
349741.6.peg.2111.site.41, 6, 97, 103
349741.6.peg.2111.site.42, 17, 97, 114
349741.6.peg.2111.site.43, 17, 97, 114
349741.6.peg.2111.site.44, 17, 97, 114
349741.6.peg.2111.site.45, 25, 97, 122
349741.6.peg.2111.site.46, 4, 97, 101
349741.6.peg.2111.site.47, 17, 97, 114
349741.6.peg.2111.site.48, 2, 97, 99
349741.6.peg.2111.site.49, 16, 97, 113
349741.6.peg.2111.site.50, 79, 97, 176
349741.6.peg.2111.site.51, 17, 97, 114
349741.6.peg.2111.site.52, 8, 97, 105
349741.6.peg.2111.site.53, 97, 97, 194
349741.6.peg.2111.site.54, 14, 96, 110
349741.6.peg.2111.site.55, 74, 97, 171
349741.6.peg.2111.site.56, 7, 97, 104
349741.6.peg.2110.site.1, 0, 97, 97
349741.6.peg.2110.site.2, 45, 97, 142
349741.6.peg.2110.site.3, 8, 97, 105
349741.6.peg.2110.site.4, 45, 97, 142
349741.6.peg.2110.site.5, 45, 97, 142
349741.6.peg.2110.site.6, 9, 96, 105
349741.6.peg.2110.site.7, 8, 97, 105
349741.6.peg.2110.site.8, 37, 97, 134
349741.6.peg.2110.site.9, 37, 97, 134
349741.6.peg.2110.site.10, 8, 97, 105
349741.6.peg.2110.site.11, 13, 97, 110
349741.6.peg.2110.site.12, 8, 97, 105
349741.6.peg.2110.site.13, 37, 97, 134
349741.6.peg.2110.site.14, 8, 97, 105
349741.6.peg.2110.site.15, 37, 97, 134
349741.6.peg.2110.site.16, 4, 97, 101
349741.6.peg.2110.site.17, 85, 95, 180
349741.6.peg.2110.site.18, 36, 93, 129
349741.6.peg.2110.site.19, 1, 93, 94
349741.6.peg.2110.site.20, 1, 94, 95
349741.6.peg.2110.site.21, 86, 95, 181
349741.6.peg.2110.site.22, 68, 97, 165
349741.6.peg.2110.site.23, 1, 97, 98
349741.6.peg.2110.site.24, 8, 97, 105
349741.6.peg.2110.site.25, 1, 97, 98
349741.6.peg.2110.site.26, 8, 97, 105
349741.6.peg.2110.site.27, 14, 97, 111
349741.6.peg.2110.site.28, 14, 97, 111
349741.6.peg.2110.site.29, 8, 96, 104
349741.6.peg.2110.site.30, 8, 97, 105
349741.6.peg.2110.site.31, 5, 94, 99
349741.6.peg.2110.site.32, 2, 90, 92
349741.6.peg.2110.site.33, 8, 97, 105
349741.6.peg.2110.site.34, 15, 97, 112
349741.6.peg.2110.site.35, 8, 97, 105
349741.6.peg.2110.site.36, 22, 96, 118
349741.6.peg.2110.site.37, 7, 96, 103
349741.6.peg.2110.site.38, 19, 92, 111
349741.6.peg.2110.site.39, 14, 92, 106
349741.6.peg.2110.site.40, 2, 91, 93
349741.6.peg.2110.site.41, 2, 90, 92
349741.6.peg.2110.site.42, 2, 91, 93
349741.6.peg.2110.site.43, 8, 96, 104
349741.6.peg.2110.site.44, 8, 97, 105
349741.6.peg.2110.site.45, 23, 97, 120
349741.6.peg.2110.site.46, 93, 97, 190
349741.6.peg.2110.site.47, 8, 97, 105
349741.6.peg.2110.site.48, 8, 97, 105
349741.6.peg.2110.site.49, 42, 96, 138
349741.6.peg.2110.site.50, 23, 97, 120
349741.6.peg.2110.site.51, 23, 97, 120
349741.6.peg.2110.site.52, 15, 97, 112
349741.6.peg.2110.site.53, 23, 97, 120
349741.6.peg.2110.site.54, 6, 95, 101
349741.6.peg.2110.site.55, 21, 95, 116
349741.6.peg.2110.site.56, 7, 96, 103
349741.6.peg.2110.site.57, 42, 80, 122
349741.6.peg.2110.site.58, 40, 77, 117
349741.6.peg.2110.site.59, 1, 72, 73
349741.6.peg.2113.site.1, 7, 97, 104
349741.6.peg.2113.site.2, 97, 97, 194
349741.6.peg.2113.site.3, 1, 96, 97
349741.6.peg.2113.site.4, 7, 96, 103
349741.6.peg.2113.site.5, 96, 96, 192
349741.6.peg.2113.site.6, 16, 97, 113
349741.6.peg.2113.site.7, 97, 97, 194
349741.6.peg.2113.site.8, 2, 97, 99
349741.6.peg.2113.site.9, 88, 97, 185
349741.6.peg.2113.site.10, 3, 96, 99
349741.6.peg.2113.site.11, 2, 97, 99
349741.6.peg.2113.site.12, 0, 96, 96
349741.6.peg.2113.site.13, 0, 96, 96
349741.6.peg.2113.site.14, 2, 96, 98
349741.6.peg.786.site.1, 1, 97, 98
349741.6.peg.786.site.2, 2, 95, 97
349741.6.peg.786.site.3, 1, 97, 98
349741.6.peg.786.site.4, 6, 97, 103
349741.6.peg.786.site.5, 1, 97, 98
349741.6.peg.786.site.6, 11, 97, 108
349741.6.peg.786.site.7, 1, 97, 98
349741.6.peg.786.site.8, 3, 96, 99
349741.6.peg.786.site.9, 0, 96, 96
349741.6.peg.786.site.10, 3, 97, 100
349741.6.peg.786.site.11, 1, 97, 98
349741.6.peg.2119.site.1, 46, 95, 141
349741.6.peg.2119.site.2, 75, 97, 172
349741.6.peg.2119.site.3, 2, 97, 99
349741.6.peg.2119.site.4, 2, 97, 99
349741.6.peg.2119.site.5, 16, 97, 113
349741.6.peg.2119.site.6, 22, 97, 119
349741.6.peg.2119.site.7, 13, 97, 110
349741.6.peg.2119.site.8, 10, 97, 107
349741.6.peg.2119.site.9, 0, 97, 97
349741.6.peg.2119.site.10, 7, 97, 104
349741.6.peg.2119.site.11, 16, 89, 105
349741.6.peg.785.site.1, 66, 69, 135
349741.6.peg.785.site.2, 1, 97, 98
349741.6.peg.785.site.3, 4, 97, 101
349741.6.peg.785.site.4, 26, 97, 123
349741.6.peg.785.site.5, 69, 97, 166
349741.6.peg.785.site.6, 31, 97, 128
349741.6.peg.785.site.7, 2, 96, 98
349741.6.peg.785.site.8, 25, 96, 121
349741.6.peg.785.site.9, 0, 97, 97
349741.6.peg.785.site.10, 0, 95, 95
349741.6.peg.785.site.11, 22, 81, 103
349741.6.peg.785.site.12, 1, 94, 95
349741.6.peg.785.site.13, 2, 94, 96
349741.6.peg.785.site.14, 6, 91, 97
349741.6.peg.785.site.15, 0, 64, 64
349741.6.peg.785.site.16, 15, 56, 71
349741.6.peg.785.site.17, 14, 63, 77
349741.6.peg.785.site.18, 17, 70, 87
349741.6.peg.2029.site.1, 7, 96, 103
349741.6.peg.2029.site.2, 5, 95, 100
349741.6.peg.2029.site.3, 2, 92, 94
349741.6.peg.2029.site.4, 5, 95, 100
349741.6.peg.2029.site.5, 26, 96, 122
349741.6.peg.2029.site.6, 15, 93, 108
349741.6.peg.2029.site.7, 2, 96, 98
349741.6.peg.2029.site.8, 7, 97, 104
349741.6.peg.2029.site.9, 1, 97, 98
349741.6.peg.2029.site.10, 9, 97, 106
349741.6.peg.2029.site.11, 63, 97, 160
349741.6.peg.2029.site.12, 2, 97, 99
349741.6.peg.2029.site.13, 96, 96, 192
349741.6.peg.2029.site.14, 0, 96, 96
349741.6.peg.2029.site.15, 10, 97, 107
349741.6.peg.2029.site.16, 1, 97, 98
349741.6.peg.2029.site.17, 1, 96, 97
349741.6.peg.2029.site.18, 2, 95, 97
349741.6.peg.2029.site.19, 2, 95, 97
349741.6.peg.2029.site.20, 64, 95, 159
349741.6.peg.2029.site.21, 0, 95, 95
349741.6.peg.2029.site.22, 58, 92, 150
349741.6.peg.2029.site.23, 1, 93, 94
349741.6.peg.2029.site.24, 20, 95, 115
349741.6.peg.2028.site.1, 1, 91, 92
349741.6.peg.2028.site.2, 2, 91, 93
349741.6.peg.2028.site.3, 5, 95, 100
349741.6.peg.2028.site.4, 5, 95, 100
349741.6.peg.2028.site.5, 80, 90, 170
349741.6.peg.2028.site.6, 20, 90, 110
349741.6.peg.2028.site.7, 2, 89, 91
349741.6.peg.2028.site.8, 74, 88, 162
349741.6.peg.2028.site.9, 1, 88, 89
349741.6.peg.2028.site.10, 10, 81, 91
349741.6.peg.2028.site.11, 79, 79, 158
349741.6.peg.2028.site.12, 77, 84, 161
349741.6.peg.2028.site.13, 50, 85, 135
349741.6.peg.2028.site.14, 54, 89, 143
349741.6.peg.2028.site.15, 2, 89, 91
349741.6.peg.2028.site.16, 1, 91, 92
349741.6.peg.2028.site.17, 2, 92, 94
349741.6.peg.2028.site.18, 6, 96, 102
349741.6.peg.2028.site.19, 6, 96, 102
349741.6.peg.2028.site.20, 20, 97, 117
349741.6.peg.2028.site.21, 3, 97, 100
349741.6.peg.2028.site.22, 7, 97, 104
349741.6.peg.2028.site.23, 73, 97, 170
349741.6.peg.2028.site.24, 54, 97, 151
349741.6.peg.2028.site.25, 12, 97, 109
349741.6.peg.2028.site.26, 4, 97, 101
349741.6.peg.2028.site.27, 3, 97, 100
349741.6.peg.2028.site.28, 20, 97, 117
349741.6.peg.2028.site.29, 54, 97, 151
349741.6.peg.2028.site.30, 7, 97, 104
349741.6.peg.2028.site.31, 7, 97, 104
349741.6.peg.2028.site.32, 85, 97, 182
349741.6.peg.2028.site.33, 89, 97, 186
349741.6.peg.2020.site.1, 2, 92, 94
349741.6.peg.2020.site.2, 86, 97, 183
349741.6.peg.2020.site.3, 11, 96, 107
349741.6.peg.2020.site.4, 67, 95, 162
349741.6.peg.2020.site.5, 1, 96, 97
349741.6.peg.2020.site.6, 5, 93, 98
349741.6.peg.2020.site.7, 43, 94, 137
349741.6.peg.2020.site.8, 38, 97, 135
349741.6.peg.2020.site.9, 93, 96, 189
349741.6.peg.2020.site.10, 35, 94, 129
349741.6.peg.2020.site.11, 1, 96, 97
349741.6.peg.2020.site.12, 3, 96, 99
349741.6.peg.2020.site.13, 3, 97, 100
349741.6.peg.2020.site.14, 3, 94, 97
349741.6.peg.2020.site.15, 36, 97, 133
349741.6.peg.2020.site.16, 0, 97, 97
349741.6.peg.2023.site.1, 57, 97, 154
349741.6.peg.2023.site.2, 16, 97, 113
349741.6.peg.2023.site.3, 56, 97, 153
349741.6.peg.2023.site.4, 71, 97, 168
349741.6.peg.2023.site.5, 2, 97, 99
349741.6.peg.2023.site.6, 2, 97, 99
349741.6.peg.2023.site.7, 8, 97, 105
349741.6.peg.2023.site.8, 57, 97, 154
349741.6.peg.2022.site.1, 19, 97, 116
349741.6.peg.2022.site.2, 32, 97, 129
349741.6.peg.2022.site.3, 10, 96, 106
349741.6.peg.2022.site.4, 3, 97, 100
349741.6.peg.2022.site.5, 2, 97, 99
349741.6.peg.2022.site.6, 17, 95, 112
349741.6.peg.2022.site.7, 9, 97, 106
349741.6.peg.2022.site.8, 10, 96, 106
349741.6.peg.2022.site.9, 1, 96, 97
349741.6.peg.2022.site.10, 59, 96, 155
349741.6.peg.2022.site.11, 95, 95, 190
349741.6.peg.2022.site.12, 16, 97, 113
349741.6.peg.2022.site.13, 2, 97, 99
349741.6.peg.2022.site.14, 97, 97, 194
349741.6.peg.2022.site.15, 1, 96, 97
349741.6.peg.2022.site.16, 14, 96, 110
349741.6.peg.2022.site.17, 97, 97, 194
349741.6.peg.2022.site.18, 16, 97, 113
349741.6.peg.2022.site.19, 17, 97, 114
349741.6.peg.2022.site.20, 6, 97, 103
349741.6.peg.2022.site.21, 40, 97, 137
349741.6.peg.2022.site.22, 1, 97, 98
349741.6.peg.2022.site.23, 15, 96, 111
349741.6.peg.2022.site.24, 15, 95, 110
349741.6.peg.2022.site.25, 1, 90, 91
349741.6.peg.2022.site.26, 9, 88, 97
349741.6.peg.2022.site.27, 12, 91, 103
349741.6.peg.2022.site.28, 3, 90, 93
349741.6.peg.2022.site.29, 71, 87, 158
349741.6.peg.2022.site.30, 1, 89, 90
349741.6.peg.2022.site.31, 14, 85, 99
349741.6.peg.2022.site.32, 6, 75, 81
349741.6.peg.2022.site.33, 11, 76, 87
349741.6.peg.2022.site.34, 69, 69, 138
349741.6.peg.2022.site.35, 81, 92, 173
349741.6.peg.2022.site.36, 8, 90, 98
349741.6.peg.2022.site.37, 4, 84, 88
349741.6.peg.2022.site.38, 8, 87, 95
349741.6.peg.2022.site.39, 89, 89, 178
349741.6.peg.2022.site.40, 2, 86, 88
349741.6.peg.2022.site.41, 3, 88, 91
349741.6.peg.2022.site.42, 3, 88, 91
349741.6.peg.2022.site.43, 56, 96, 152
349741.6.peg.2022.site.44, 10, 97, 107
349741.6.peg.2025.site.1, 16, 97, 113
349741.6.peg.2025.site.2, 14, 97, 111
349741.6.peg.2025.site.3, 41, 97, 138
349741.6.peg.2025.site.4, 56, 97, 153
349741.6.peg.2025.site.5, 27, 97, 124
349741.6.peg.2025.site.6, 7, 97, 104
349741.6.peg.2025.site.7, 56, 97, 153
349741.6.peg.2024.site.1, 14, 97, 111
349741.6.peg.2024.site.2, 83, 97, 180
349741.6.peg.2024.site.3, 2, 94, 96
349741.6.peg.2024.site.4, 2, 90, 92
349741.6.peg.2024.site.5, 2, 97, 99
349741.6.peg.2024.site.6, 1, 97, 98
349741.6.peg.2024.site.7, 54, 96, 150
349741.6.peg.2027.site.1, 46, 97, 143
349741.6.peg.2027.site.2, 8, 97, 105
349741.6.peg.2027.site.3, 0, 96, 96
349741.6.peg.2027.site.4, 58, 96, 154
349741.6.peg.2027.site.5, 10, 96, 106
349741.6.peg.2027.site.6, 3, 96, 99
349741.6.peg.2027.site.7, 1, 96, 97
349741.6.peg.2027.site.8, 19, 96, 115
349741.6.peg.2027.site.9, 7, 96, 103
349741.6.peg.2027.site.10, 80, 97, 177
349741.6.peg.2027.site.11, 7, 95, 102
349741.6.peg.2027.site.12, 6, 95, 101
349741.6.peg.2027.site.13, 8, 96, 104
349741.6.peg.2027.site.14, 6, 94, 100
349741.6.peg.2027.site.15, 5, 95, 100
349741.6.peg.2027.site.16, 7, 87, 94
349741.6.peg.2026.site.1, 46, 97, 143
349741.6.peg.2026.site.2, 0, 96, 96
349741.6.peg.49.site.1, 27, 97, 124
349741.6.peg.49.site.2, 2, 97, 99
349741.6.peg.49.site.3, 15, 97, 112
349741.6.peg.49.site.4, 2, 96, 98
349741.6.peg.49.site.5, 6, 97, 103
349741.6.peg.49.site.6, 0, 97, 97
349741.6.peg.49.site.7, 2, 95, 97
349741.6.peg.49.site.8, 3, 94, 97
349741.6.peg.49.site.9, 2, 96, 98
349741.6.peg.49.site.10, 6, 96, 102
349741.6.peg.49.site.11, 3, 97, 100
349741.6.peg.49.site.12, 53, 97, 150
349741.6.peg.49.site.13, 2, 97, 99
349741.6.peg.49.site.14, 8, 97, 105
349741.6.peg.49.site.15, 3, 97, 100
349741.6.peg.49.site.16, 23, 97, 120
349741.6.peg.48.site.1, 97, 97, 194
349741.6.peg.48.site.2, 37, 97, 134
349741.6.peg.48.site.3, 97, 97, 194
349741.6.peg.48.site.4, 3, 97, 100
349741.6.peg.48.site.5, 4, 96, 100
349741.6.peg.48.site.6, 4, 96, 100
349741.6.peg.48.site.7, 4, 95, 99
349741.6.peg.48.site.8, 45, 97, 142
349741.6.peg.48.site.9, 47, 97, 144
349741.6.peg.48.site.10, 3, 97, 100
349741.6.peg.48.site.11, 0, 97, 97
349741.6.peg.48.site.12, 3, 96, 99
349741.6.peg.48.site.13, 1, 97, 98
349741.6.peg.48.site.14, 1, 97, 98
349741.6.peg.48.site.15, 91, 96, 187
349741.6.peg.48.site.16, 3, 97, 100
349741.6.peg.48.site.17, 0, 97, 97
349741.6.peg.43.site.1, 24, 96, 120
349741.6.peg.43.site.2, 13, 97, 110
349741.6.peg.43.site.3, 14, 97, 111
349741.6.peg.43.site.4, 40, 96, 136
349741.6.peg.43.site.5, 3, 96, 99
349741.6.peg.43.site.6, 39, 95, 134
349741.6.peg.43.site.7, 1, 86, 87
349741.6.peg.43.site.8, 31, 87, 118
349741.6.peg.43.site.9, 21, 71, 92
349741.6.peg.43.site.10, 29, 65, 94
349741.6.peg.43.site.11, 9, 61, 70
349741.6.peg.43.site.12, 39, 88, 127
349741.6.peg.43.site.13, 36, 92, 128
349741.6.peg.43.site.14, 2, 97, 99
349741.6.peg.43.site.15, 48, 97, 145
349741.6.peg.43.site.16, 43, 97, 140
349741.6.peg.43.site.17, 2, 97, 99
349741.6.peg.43.site.18, 51, 97, 148
349741.6.peg.43.site.19, 43, 97, 140
349741.6.peg.43.site.20, 12, 97, 109
349741.6.peg.43.site.21, 2, 97, 99
349741.6.peg.43.site.22, 12, 97, 109
349741.6.peg.43.site.23, 43, 97, 140
349741.6.peg.43.site.24, 28, 97, 125
349741.6.peg.43.site.25, 4, 97, 101
349741.6.peg.43.site.26, 43, 97, 140
349741.6.peg.43.site.27, 1, 97, 98
349741.6.peg.43.site.28, 12, 97, 109
349741.6.peg.43.site.29, 77, 97, 174
349741.6.peg.43.site.30, 12, 97, 109
349741.6.peg.43.site.31, 12, 97, 109
349741.6.peg.43.site.32, 49, 97, 146
349741.6.peg.43.site.33, 12, 97, 109
349741.6.peg.43.site.34, 4, 97, 101
349741.6.peg.43.site.35, 97, 97, 194
349741.6.peg.43.site.36, 1, 97, 98
349741.6.peg.43.site.37, 80, 97, 177
349741.6.peg.43.site.38, 12, 97, 109
349741.6.peg.43.site.39, 2, 97, 99
349741.6.peg.43.site.40, 36, 97, 133
349741.6.peg.43.site.41, 21, 97, 118
349741.6.peg.43.site.42, 28, 96, 124
349741.6.peg.43.site.43, 15, 97, 112
349741.6.peg.43.site.44, 51, 97, 148
349741.6.peg.43.site.45, 4, 95, 99
349741.6.peg.43.site.46, 22, 92, 114
349741.6.peg.43.site.47, 12, 97, 109
349741.6.peg.43.site.48, 52, 97, 149
349741.6.peg.43.site.49, 0, 97, 97
349741.6.peg.43.site.50, 15, 97, 112
349741.6.peg.43.site.51, 8, 97, 105
349741.6.peg.43.site.52, 27, 97, 124
349741.6.peg.43.site.53, 8, 93, 101
349741.6.peg.43.site.54, 23, 93, 116
349741.6.peg.43.site.55, 30, 92, 122
349741.6.peg.43.site.56, 9, 87, 96
349741.6.peg.43.site.57, 2, 78, 80
349741.6.peg.43.site.58, 11, 79, 90
349741.6.peg.43.site.59, 9, 78, 87
349741.6.peg.43.site.60, 6, 87, 93
349741.6.peg.43.site.61, 1, 90, 91
349741.6.peg.43.site.62, 30, 96, 126
349741.6.peg.43.site.63, 95, 97, 192
349741.6.peg.43.site.64, 12, 97, 109
349741.6.peg.43.site.65, 11, 96, 107
349741.6.peg.43.site.66, 15, 94, 109
349741.6.peg.41.site.1, 67, 97, 164
349741.6.peg.41.site.2, 24, 97, 121
349741.6.peg.41.site.3, 2, 97, 99
349741.6.peg.41.site.4, 13, 97, 110
349741.6.peg.41.site.5, 29, 97, 126
349741.6.peg.41.site.6, 94, 96, 190
349741.6.peg.41.site.7, 1, 96, 97
349741.6.peg.41.site.8, 9, 97, 106
349741.6.peg.41.site.9, 2, 97, 99
349741.6.peg.41.site.10, 11, 96, 107
349741.6.peg.41.site.11, 24, 97, 121
349741.6.peg.41.site.12, 25, 94, 119
349741.6.peg.41.site.13, 12, 84, 96
349741.6.peg.41.site.14, 25, 95, 120
349741.6.peg.41.site.15, 2, 94, 96
349741.6.peg.41.site.16, 22, 92, 114
349741.6.peg.41.site.17, 8, 96, 104
349741.6.peg.41.site.18, 53, 97, 150
349741.6.peg.41.site.19, 9, 97, 106
349741.6.peg.41.site.20, 94, 96, 190
349741.6.peg.41.site.21, 2, 97, 99
349741.6.peg.41.site.22, 24, 95, 119
349741.6.peg.41.site.23, 25, 95, 120
349741.6.peg.41.site.24, 2, 97, 99
349741.6.peg.41.site.25, 1, 97, 98
349741.6.peg.41.site.26, 8, 96, 104
349741.6.peg.41.site.27, 11, 94, 105
349741.6.peg.41.site.28, 9, 95, 104
349741.6.peg.41.site.29, 2, 94, 96
349741.6.peg.41.site.30, 2, 95, 97
349741.6.peg.41.site.31, 24, 97, 121
349741.6.peg.41.site.32, 38, 95, 133
349741.6.peg.41.site.33, 7, 95, 102
349741.6.peg.41.site.34, 2, 91, 93
349741.6.peg.41.site.35, 6, 90, 96
349741.6.peg.41.site.36, 40, 91, 131
349741.6.peg.41.site.37, 25, 95, 120
349741.6.peg.41.site.38, 25, 93, 118
349741.6.peg.41.site.39, 2, 97, 99
349741.6.peg.41.site.40, 27, 97, 124
349741.6.peg.41.site.41, 28, 95, 123
349741.6.peg.41.site.42, 21, 89, 110
349741.6.peg.41.site.43, 7, 84, 91
349741.6.peg.41.site.44, 7, 73, 80
349741.6.peg.41.site.45, 5, 73, 78
349741.6.peg.41.site.46, 4, 65, 69
349741.6.peg.41.site.47, 67, 69, 136
349741.6.peg.47.site.1, 4, 97, 101
349741.6.peg.47.site.2, 88, 97, 185
349741.6.peg.47.site.3, 52, 97, 149
349741.6.peg.47.site.4, 4, 97, 101
349741.6.peg.47.site.5, 7, 95, 102
349741.6.peg.47.site.6, 4, 95, 99
349741.6.peg.47.site.7, 4, 96, 100
349741.6.peg.47.site.8, 6, 97, 103
349741.6.peg.47.site.9, 95, 97, 192
349741.6.peg.47.site.10, 3, 95, 98
349741.6.peg.47.site.11, 33, 96, 129
349741.6.peg.47.site.12, 1, 97, 98
349741.6.peg.47.site.13, 11, 97, 108
349741.6.peg.47.site.14, 0, 97, 97
349741.6.peg.47.site.15, 4, 86, 90
349741.6.peg.47.site.16, 4, 83, 87
349741.6.peg.47.site.17, 2, 92, 94
349741.6.peg.47.site.18, 8, 91, 99
349741.6.peg.47.site.19, 3, 94, 97
349741.6.peg.47.site.20, 42, 95, 137
349741.6.peg.47.site.21, 12, 96, 108
349741.6.peg.47.site.22, 4, 96, 100
349741.6.peg.47.site.23, 4, 97, 101
349741.6.peg.47.site.24, 4, 97, 101
349741.6.peg.47.site.25, 1, 97, 98
349741.6.peg.47.site.26, 2, 97, 99
349741.6.peg.47.site.27, 4, 97, 101
349741.6.peg.47.site.28, 53, 96, 149
349741.6.peg.47.site.29, 4, 97, 101
349741.6.peg.45.site.1, 21, 96, 117
349741.6.peg.45.site.2, 93, 96, 189
349741.6.peg.45.site.3, 37, 96, 133
349741.6.peg.45.site.4, 93, 96, 189
349741.6.peg.45.site.5, 4, 97, 101
349741.6.peg.45.site.6, 37, 97, 134
349741.6.peg.44.site.1, 16, 97, 113
349741.6.peg.44.site.2, 31, 97, 128
349741.6.peg.44.site.3, 31, 97, 128
349741.6.peg.44.site.4, 31, 96, 127
349741.6.peg.44.site.5, 41, 97, 138
349741.6.peg.44.site.6, 8, 97, 105
349741.6.peg.44.site.7, 36, 97, 133
349741.6.peg.44.site.8, 36, 97, 133
349741.6.peg.44.site.9, 36, 97, 133
349741.6.peg.44.site.10, 9, 97, 106
349741.6.peg.44.site.11, 3, 93, 96
349741.6.peg.44.site.12, 19, 88, 107
349741.6.peg.44.site.13, 15, 84, 99
349741.6.peg.44.site.14, 1, 81, 82
349741.6.peg.44.site.15, 14, 82, 96
349741.6.peg.44.site.16, 1, 82, 83
349741.6.peg.44.site.17, 16, 86, 102
349741.6.peg.44.site.18, 14, 95, 109
349741.6.peg.44.site.19, 4, 96, 100
349741.6.peg.44.site.20, 57, 97, 154
349741.6.peg.44.site.21, 2, 97, 99
349741.6.peg.44.site.22, 13, 97, 110
349741.6.peg.44.site.23, 17, 97, 114
349741.6.peg.44.site.24, 43, 97, 140
349741.6.peg.44.site.25, 25, 97, 122
349741.6.peg.44.site.26, 36, 95, 131
349741.6.peg.44.site.27, 34, 93, 127
349741.6.peg.44.site.28, 47, 93, 140
349741.6.peg.44.site.29, 34, 92, 126
349741.6.peg.44.site.30, 0, 92, 92
349741.6.peg.44.site.31, 0, 96, 96
349741.6.peg.44.site.32, 0, 93, 93
349741.6.peg.44.site.33, 1, 97, 98
349741.6.peg.44.site.34, 96, 97, 193
349741.6.peg.44.site.35, 14, 96, 110
349741.6.peg.44.site.36, 1, 96, 97
349741.6.peg.714.site.1, 2, 96, 98
349741.6.peg.715.site.1, 6, 97, 103
349741.6.peg.715.site.2, 2, 97, 99
349741.6.peg.715.site.3, 5, 97, 102
349741.6.peg.715.site.4, 2, 97, 99
349741.6.peg.715.site.5, 2, 97, 99
349741.6.peg.715.site.6, 41, 97, 138
349741.6.peg.715.site.7, 2, 97, 99
349741.6.peg.715.site.8, 2, 96, 98
349741.6.peg.715.site.9, 7, 96, 103
349741.6.peg.715.site.10, 6, 97, 103
349741.6.peg.715.site.11, 11, 97, 108
349741.6.peg.715.site.12, 2, 97, 99
349741.6.peg.715.site.13, 13, 96, 109
349741.6.peg.715.site.14, 58, 96, 154
349741.6.peg.715.site.15, 2, 95, 97
349741.6.peg.715.site.16, 23, 91, 114
349741.6.peg.715.site.17, 5, 94, 99
349741.6.peg.715.site.18, 68, 94, 162
349741.6.peg.715.site.19, 2, 94, 96
349741.6.peg.715.site.20, 11, 92, 103
349741.6.peg.715.site.21, 77, 95, 172
349741.6.peg.715.site.22, 42, 95, 137
349741.6.peg.715.site.23, 1, 95, 96
349741.6.peg.715.site.24, 2, 95, 97
349741.6.peg.715.site.25, 2, 96, 98
349741.6.peg.715.site.26, 5, 96, 101
349741.6.peg.715.site.27, 3, 94, 97
349741.6.peg.715.site.28, 30, 95, 125
349741.6.peg.715.site.29, 31, 96, 127
349741.6.peg.715.site.30, 27, 94, 121
349741.6.peg.715.site.31, 35, 95, 130
349741.6.peg.715.site.32, 2, 97, 99
349741.6.peg.715.site.33, 4, 97, 101
349741.6.peg.715.site.34, 43, 97, 140
349741.6.peg.715.site.35, 20, 96, 116
349741.6.peg.715.site.36, 2, 96, 98
349741.6.peg.715.site.37, 5, 93, 98
349741.6.peg.715.site.38, 82, 94, 176
349741.6.peg.715.site.39, 52, 92, 144
349741.6.peg.715.site.40, 18, 92, 110
349741.6.peg.715.site.41, 6, 89, 95
349741.6.peg.716.site.1, 2, 97, 99
349741.6.peg.716.site.2, 0, 97, 97
349741.6.peg.716.site.3, 45, 87, 132
349741.6.peg.716.site.4, 59, 91, 150
349741.6.peg.716.site.5, 61, 91, 152
349741.6.peg.716.site.6, 2, 97, 99
349741.6.peg.716.site.7, 30, 97, 127
349741.6.peg.716.site.8, 24, 97, 121
349741.6.peg.716.site.9, 2, 96, 98
349741.6.peg.716.site.10, 2, 96, 98
349741.6.peg.716.site.11, 3, 97, 100
349741.6.peg.716.site.12, 2, 96, 98
349741.6.peg.716.site.13, 5, 96, 101
349741.6.peg.716.site.14, 86, 92, 178
349741.6.peg.716.site.15, 5, 95, 100
349741.6.peg.716.site.16, 5, 88, 93
349741.6.peg.716.site.17, 19, 85, 104
349741.6.peg.716.site.18, 4, 87, 91
349741.6.peg.716.site.19, 3, 86, 89
349741.6.peg.716.site.20, 10, 94, 104
349741.6.peg.716.site.21, 26, 96, 122
349741.6.peg.716.site.22, 26, 95, 121
349741.6.peg.716.site.23, 3, 95, 98
349741.6.peg.716.site.24, 21, 91, 112
349741.6.peg.716.site.25, 24, 89, 113
349741.6.peg.716.site.26, 3, 87, 90
349741.6.peg.716.site.27, 7, 88, 95
349741.6.peg.716.site.28, 17, 85, 102
349741.6.peg.716.site.29, 2, 85, 87
349741.6.peg.716.site.30, 2, 85, 87
349741.6.peg.716.site.31, 14, 86, 100
349741.6.peg.716.site.32, 20, 88, 108
349741.6.peg.716.site.33, 8, 86, 94
349741.6.peg.716.site.34, 1, 86, 87
349741.6.peg.716.site.35, 16, 95, 111
349741.6.peg.716.site.36, 84, 97, 181
349741.6.peg.716.site.37, 19, 97, 116
349741.6.peg.716.site.38, 10, 97, 107
349741.6.peg.716.site.39, 11, 95, 106
349741.6.peg.716.site.40, 2, 96, 98
349741.6.peg.716.site.41, 3, 96, 99
349741.6.peg.716.site.42, 7, 79, 86
349741.6.peg.713.site.1, 19, 60, 79
349741.6.peg.713.site.2, 19, 71, 90
349741.6.peg.713.site.3, 2, 83, 85
349741.6.peg.713.site.4, 28, 88, 116
349741.6.peg.713.site.5, 2, 90, 92
349741.6.peg.713.site.6, 1, 91, 92
349741.6.peg.713.site.7, 2, 95, 97
349741.6.peg.713.site.8, 7, 96, 103
349741.6.peg.713.site.9, 2, 97, 99
349741.6.peg.713.site.10, 48, 97, 145
349741.6.peg.713.site.11, 71, 97, 168
349741.6.peg.713.site.12, 41, 97, 138
349741.6.peg.713.site.13, 48, 97, 145
349741.6.peg.713.site.14, 55, 91, 146
349741.6.peg.713.site.15, 66, 93, 159
349741.6.peg.713.site.16, 6, 94, 100
349741.6.peg.713.site.17, 88, 93, 181
349741.6.peg.713.site.18, 3, 90, 93
349741.6.peg.713.site.19, 0, 92, 92
349741.6.peg.713.site.20, 2, 97, 99
349741.6.peg.713.site.21, 2, 97, 99
349741.6.peg.713.site.22, 4, 96, 100
349741.6.peg.713.site.23, 2, 97, 99
349741.6.peg.713.site.24, 5, 97, 102
349741.6.peg.713.site.25, 5, 97, 102
349741.6.peg.713.site.26, 4, 96, 100
349741.6.peg.713.site.27, 22, 94, 116
349741.6.peg.713.site.28, 5, 96, 101
349741.6.peg.713.site.29, 4, 96, 100
349741.6.peg.713.site.30, 40, 96, 136
349741.6.peg.713.site.31, 7, 95, 102
349741.6.peg.713.site.32, 2, 93, 95
349741.6.peg.713.site.33, 27, 89, 116
349741.6.peg.713.site.34, 5, 93, 98
349741.6.peg.713.site.35, 5, 94, 99
349741.6.peg.713.site.36, 1, 95, 96
349741.6.peg.713.site.37, 0, 95, 95
349741.6.peg.713.site.38, 2, 95, 97
349741.6.peg.713.site.39, 2, 96, 98
349741.6.peg.713.site.40, 2, 91, 93
349741.6.peg.713.site.41, 4, 95, 99
349741.6.peg.713.site.42, 7, 93, 100
349741.6.peg.713.site.43, 53, 93, 146
349741.6.peg.713.site.44, 19, 93, 112
349741.6.peg.713.site.45, 2, 94, 96
349741.6.peg.538.site.1, 12, 37, 49
349741.6.peg.538.site.2, 29, 53, 82
349741.6.peg.538.site.3, 2, 64, 66
349741.6.peg.538.site.4, 15, 97, 112
349741.6.peg.538.site.5, 2, 97, 99
349741.6.peg.538.site.6, 72, 97, 169
349741.6.peg.538.site.7, 41, 97, 138
349741.6.peg.538.site.8, 94, 97, 191
349741.6.peg.538.site.9, 71, 96, 167
349741.6.peg.538.site.10, 72, 97, 169
349741.6.peg.538.site.11, 11, 97, 108
349741.6.peg.538.site.12, 0, 97, 97
349741.6.peg.538.site.13, 92, 97, 189
349741.6.peg.538.site.14, 88, 97, 185
349741.6.peg.538.site.15, 97, 97, 194
349741.6.peg.538.site.16, 72, 97, 169
349741.6.peg.538.site.17, 8, 97, 105
349741.6.peg.538.site.18, 72, 97, 169
349741.6.peg.538.site.19, 1, 97, 98
349741.6.peg.538.site.20, 5, 97, 102
349741.6.peg.538.site.21, 8, 97, 105
349741.6.peg.538.site.22, 97, 97, 194
349741.6.peg.538.site.23, 51, 97, 148
349741.6.peg.539.site.1, 2, 97, 99
349741.6.peg.539.site.2, 70, 97, 167
349741.6.peg.539.site.3, 40, 64, 104
349741.6.peg.539.site.4, 27, 54, 81
349741.6.peg.539.site.5, 33, 60, 93
349741.6.peg.539.site.6, 81, 97, 178
349741.6.peg.539.site.7, 0, 20, 20
349741.6.peg.539.site.8, 0, 86, 86
349741.6.peg.539.site.9, 68, 93, 161
349741.6.peg.539.site.10, 0, 94, 94
349741.6.peg.539.site.11, 4, 96, 100
349741.6.peg.539.site.12, 69, 97, 166
349741.6.peg.539.site.13, 68, 97, 165
349741.6.peg.539.site.14, 10, 97, 107
349741.6.peg.539.site.15, 22, 97, 119
349741.6.peg.539.site.16, 6, 97, 103
349741.6.peg.539.site.17, 1, 97, 98
349741.6.peg.530.site.1, 35, 97, 132
349741.6.peg.530.site.2, 30, 97, 127
349741.6.peg.530.site.3, 88, 97, 185
349741.6.peg.530.site.4, 7, 95, 102
349741.6.peg.530.site.5, 88, 97, 185
349741.6.peg.530.site.6, 2, 97, 99
349741.6.peg.530.site.7, 7, 97, 104
349741.6.peg.530.site.8, 4, 97, 101
349741.6.peg.530.site.9, 37, 97, 134
349741.6.peg.530.site.10, 1, 97, 98
349741.6.peg.530.site.11, 8, 97, 105
349741.6.peg.530.site.12, 86, 95, 181
349741.6.peg.530.site.13, 34, 96, 130
349741.6.peg.530.site.14, 34, 94, 128
349741.6.peg.530.site.15, 5, 95, 100
349741.6.peg.530.site.16, 31, 94, 125
349741.6.peg.530.site.17, 97, 97, 194
349741.6.peg.530.site.18, 96, 96, 192
349741.6.peg.530.site.19, 2, 97, 99
349741.6.peg.530.site.20, 13, 97, 110
349741.6.peg.530.site.21, 1, 97, 98
349741.6.peg.530.site.22, 4, 97, 101
349741.6.peg.530.site.23, 2, 97, 99
349741.6.peg.530.site.24, 4, 97, 101
349741.6.peg.530.site.25, 2, 97, 99
349741.6.peg.530.site.26, 0, 97, 97
349741.6.peg.531.site.1, 22, 97, 119
349741.6.peg.531.site.2, 2, 97, 99
349741.6.peg.531.site.3, 45, 96, 141
349741.6.peg.531.site.4, 36, 97, 133
349741.6.peg.531.site.5, 1, 97, 98
349741.6.peg.531.site.6, 56, 97, 153
349741.6.peg.531.site.7, 36, 97, 133
349741.6.peg.531.site.8, 36, 97, 133
349741.6.peg.531.site.9, 0, 96, 96
349741.6.peg.531.site.10, 96, 96, 192
349741.6.peg.531.site.11, 36, 82, 118
349741.6.peg.531.site.12, 30, 83, 113
349741.6.peg.531.site.13, 16, 75, 91
349741.6.peg.531.site.14, 25, 37, 62
349741.6.peg.531.site.15, 1, 39, 40
349741.6.peg.531.site.16, 1, 75, 76
349741.6.peg.531.site.17, 10, 85, 95
349741.6.peg.531.site.18, 25, 86, 111
349741.6.peg.531.site.19, 22, 97, 119
349741.6.peg.531.site.20, 36, 97, 133
349741.6.peg.531.site.21, 0, 97, 97
349741.6.peg.531.site.22, 1, 97, 98
349741.6.peg.531.site.23, 22, 96, 118
349741.6.peg.531.site.24, 2, 97, 99
349741.6.peg.531.site.25, 22, 97, 119
349741.6.peg.531.site.26, 1, 97, 98
349741.6.peg.531.site.27, 2, 97, 99
349741.6.peg.531.site.28, 39, 97, 136
349741.6.peg.531.site.29, 50, 95, 145
349741.6.peg.531.site.30, 83, 97, 180
349741.6.peg.531.site.31, 52, 97, 149
349741.6.peg.531.site.32, 52, 97, 149
349741.6.peg.531.site.33, 40, 97, 137
349741.6.peg.531.site.34, 39, 96, 135
349741.6.peg.531.site.35, 1, 96, 97
349741.6.peg.531.site.36, 81, 97, 178
349741.6.peg.531.site.37, 84, 96, 180
349741.6.peg.531.site.38, 4, 95, 99
349741.6.peg.531.site.39, 80, 95, 175
349741.6.peg.532.site.1, 1, 97, 98
349741.6.peg.532.site.2, 4, 97, 101
349741.6.peg.532.site.3, 0, 97, 97
349741.6.peg.532.site.4, 23, 96, 119
349741.6.peg.532.site.5, 24, 93, 117
349741.6.peg.532.site.6, 80, 96, 176
349741.6.peg.532.site.7, 40, 97, 137
349741.6.peg.532.site.8, 81, 97, 178
349741.6.peg.532.site.9, 0, 96, 96
349741.6.peg.532.site.10, 40, 97, 137
349741.6.peg.532.site.11, 1, 97, 98
349741.6.peg.532.site.12, 2, 97, 99
349741.6.peg.532.site.13, 3, 97, 100
349741.6.peg.532.site.14, 80, 96, 176
349741.6.peg.532.site.15, 37, 95, 132
349741.6.peg.532.site.16, 80, 96, 176
349741.6.peg.532.site.17, 3, 96, 99
349741.6.peg.532.site.18, 86, 96, 182
349741.6.peg.532.site.19, 87, 97, 184
349741.6.peg.532.site.20, 40, 96, 136
349741.6.peg.532.site.21, 88, 95, 183
349741.6.peg.532.site.22, 2, 96, 98
349741.6.peg.159.site.1, 2, 97, 99
349741.6.peg.159.site.2, 1, 97, 98
349741.6.peg.159.site.3, 2, 95, 97
349741.6.peg.159.site.4, 5, 95, 100
349741.6.peg.159.site.5, 10, 94, 104
349741.6.peg.159.site.6, 86, 94, 180
349741.6.peg.159.site.7, 83, 86, 169
349741.6.peg.159.site.8, 60, 81, 141
349741.6.peg.159.site.9, 72, 93, 165
349741.6.peg.159.site.10, 92, 92, 184
349741.6.peg.159.site.11, 2, 91, 93
349741.6.peg.159.site.12, 64, 86, 150
349741.6.peg.159.site.13, 69, 90, 159
349741.6.peg.159.site.14, 2, 97, 99
349741.6.peg.159.site.15, 3, 97, 100
349741.6.peg.159.site.16, 2, 97, 99
349741.6.peg.159.site.17, 2, 96, 98
349741.6.peg.159.site.18, 74, 97, 171
349741.6.peg.159.site.19, 65, 86, 151
349741.6.peg.159.site.20, 0, 66, 66
349741.6.peg.159.site.21, 3, 35, 38
349741.6.peg.159.site.22, 27, 48, 75
349741.6.peg.159.site.23, 3, 84, 87
349741.6.peg.159.site.24, 69, 90, 159
349741.6.peg.159.site.25, 74, 95, 169
349741.6.peg.152.site.1, 3, 91, 94
349741.6.peg.152.site.2, 2, 97, 99
349741.6.peg.152.site.3, 2, 97, 99
349741.6.peg.152.site.4, 2, 96, 98
349741.6.peg.152.site.5, 4, 97, 101
349741.6.peg.152.site.6, 2, 97, 99
349741.6.peg.152.site.7, 2, 97, 99
349741.6.peg.152.site.8, 2, 97, 99
349741.6.peg.152.site.9, 1, 96, 97
349741.6.peg.152.site.10, 85, 95, 180
349741.6.peg.152.site.11, 4, 95, 99
349741.6.peg.152.site.12, 19, 94, 113
349741.6.peg.152.site.13, 2, 95, 97
349741.6.peg.152.site.14, 8, 95, 103
349741.6.peg.152.site.15, 1, 96, 97
349741.6.peg.152.site.16, 10, 95, 105
349741.6.peg.152.site.17, 13, 94, 107
349741.6.peg.152.site.18, 2, 97, 99
349741.6.peg.152.site.19, 1, 97, 98
349741.6.peg.152.site.20, 4, 97, 101
349741.6.peg.152.site.21, 2, 97, 99
349741.6.peg.152.site.22, 81, 97, 178
349741.6.peg.152.site.23, 95, 97, 192
349741.6.peg.152.site.24, 0, 96, 96
349741.6.peg.152.site.25, 2, 97, 99
349741.6.peg.152.site.26, 95, 97, 192
349741.6.peg.152.site.27, 2, 91, 93
349741.6.peg.152.site.28, 2, 97, 99
349741.6.peg.152.site.29, 2, 97, 99
349741.6.peg.152.site.30, 2, 97, 99
349741.6.peg.152.site.31, 2, 96, 98
349741.6.peg.152.site.32, 4, 97, 101
349741.6.peg.152.site.33, 1, 94, 95
349741.6.peg.152.site.34, 5, 94, 99
349741.6.peg.152.site.35, 1, 94, 95
349741.6.peg.152.site.36, 93, 93, 186
349741.6.peg.152.site.37, 2, 95, 97
349741.6.peg.152.site.38, 1, 96, 97
349741.6.peg.152.site.39, 3, 96, 99
349741.6.peg.152.site.40, 0, 96, 96
349741.6.peg.152.site.41, 3, 96, 99
349741.6.peg.152.site.42, 3, 97, 100
349741.6.peg.152.site.43, 2, 97, 99
349741.6.peg.152.site.44, 6, 97, 103
349741.6.peg.152.site.45, 2, 97, 99
349741.6.peg.152.site.46, 2, 97, 99
349741.6.peg.152.site.47, 2, 97, 99
349741.6.peg.152.site.48, 2, 97, 99
349741.6.peg.152.site.49, 4, 97, 101
349741.6.peg.152.site.50, 2, 97, 99
349741.6.peg.152.site.51, 2, 97, 99
349741.6.peg.152.site.52, 4, 97, 101
349741.6.peg.152.site.53, 0, 95, 95
349741.6.peg.152.site.54, 5, 94, 99
349741.6.peg.152.site.55, 0, 94, 94
349741.6.peg.622.site.1, 26, 97, 123
349741.6.peg.622.site.2, 7, 97, 104
349741.6.peg.622.site.3, 26, 97, 123
349741.6.peg.622.site.4, 7, 95, 102
349741.6.peg.622.site.5, 3, 74, 77
349741.6.peg.622.site.6, 2, 79, 81
349741.6.peg.622.site.7, 0, 93, 93
349741.6.peg.622.site.8, 26, 96, 122
349741.6.peg.622.site.9, 33, 93, 126
349741.6.peg.622.site.10, 4, 96, 100
349741.6.peg.622.site.11, 96, 97, 193
349741.6.peg.622.site.12, 64, 96, 160
349741.6.peg.622.site.13, 33, 97, 130
349741.6.peg.622.site.14, 32, 96, 128
349741.6.peg.622.site.15, 22, 96, 118
349741.6.peg.622.site.16, 1, 97, 98
349741.6.peg.622.site.17, 2, 96, 98
349741.6.peg.622.site.18, 81, 97, 178
349741.6.peg.622.site.19, 42, 97, 139
349741.6.peg.623.site.1, 39, 97, 136
349741.6.peg.623.site.2, 42, 97, 139
349741.6.peg.623.site.3, 2, 97, 99
349741.6.peg.623.site.4, 25, 72, 97
349741.6.peg.623.site.5, 48, 96, 144
349741.6.peg.623.site.6, 9, 97, 106
349741.6.peg.623.site.7, 1, 96, 97
349741.6.peg.623.site.8, 44, 92, 136
349741.6.peg.623.site.9, 0, 97, 97
349741.6.peg.623.site.10, 49, 97, 146
349741.6.peg.623.site.11, 32, 97, 129
349741.6.peg.623.site.12, 49, 97, 146
349741.6.peg.624.site.1, 4, 48, 52
349741.6.peg.624.site.2, 7, 55, 62
349741.6.peg.624.site.3, 45, 93, 138
349741.6.peg.624.site.4, 3, 97, 100
349741.6.peg.624.site.5, 49, 97, 146
349741.6.peg.624.site.6, 48, 96, 144
349741.6.peg.624.site.7, 49, 97, 146
349741.6.peg.624.site.8, 0, 97, 97
349741.6.peg.625.site.1, 3, 97, 100
349741.6.peg.625.site.2, 55, 96, 151
349741.6.peg.625.site.3, 50, 94, 144
349741.6.peg.625.site.4, 30, 97, 127
349741.6.peg.625.site.5, 96, 97, 193
349741.6.peg.625.site.6, 51, 97, 148
349741.6.peg.625.site.7, 2, 97, 99
349741.6.peg.625.site.8, 3, 97, 100
349741.6.peg.625.site.9, 44, 97, 141
349741.6.peg.625.site.10, 41, 97, 138
349741.6.peg.625.site.11, 40, 94, 134
349741.6.peg.625.site.12, 37, 90, 127
349741.6.peg.626.site.1, 0, 97, 97
349741.6.peg.626.site.2, 40, 97, 137
349741.6.peg.626.site.3, 2, 97, 99
349741.6.peg.626.site.4, 4, 97, 101
349741.6.peg.626.site.5, 2, 97, 99
349741.6.peg.626.site.6, 40, 97, 137
349741.6.peg.626.site.7, 40, 96, 136
349741.6.peg.626.site.8, 40, 97, 137
349741.6.peg.626.site.9, 3, 97, 100
349741.6.peg.626.site.10, 1, 97, 98
349741.6.peg.626.site.11, 1, 97, 98
349741.6.peg.626.site.12, 40, 97, 137
349741.6.peg.626.site.13, 41, 97, 138
349741.6.peg.626.site.14, 40, 97, 137
349741.6.peg.626.site.15, 40, 97, 137
349741.6.peg.626.site.16, 38, 94, 132
349741.6.peg.626.site.17, 56, 96, 152
349741.6.peg.626.site.18, 21, 75, 96
349741.6.peg.626.site.19, 9, 66, 75
349741.6.peg.626.site.20, 5, 59, 64
349741.6.peg.626.site.21, 1, 57, 58
349741.6.peg.626.site.22, 66, 67, 133
349741.6.peg.626.site.23, 16, 65, 81
349741.6.peg.626.site.24, 3, 63, 66
349741.6.peg.626.site.25, 8, 60, 68
349741.6.peg.626.site.26, 9, 57, 66
349741.6.peg.626.site.27, 32, 83, 115
349741.6.peg.627.site.1, 43, 95, 138
349741.6.peg.627.site.2, 47, 96, 143
349741.6.peg.627.site.3, 2, 96, 98
349741.6.peg.2338.site.1, 4, 97, 101
349741.6.peg.2338.site.2, 16, 97, 113
349741.6.peg.2338.site.3, 16, 97, 113
349741.6.peg.2338.site.4, 2, 95, 97
349741.6.peg.2338.site.5, 26, 94, 120
349741.6.peg.2338.site.6, 0, 91, 91
349741.6.peg.2338.site.7, 23, 82, 105
349741.6.peg.2338.site.8, 4, 82, 86
349741.6.peg.2338.site.9, 81, 83, 164
349741.6.peg.2338.site.10, 1, 84, 85
349741.6.peg.2338.site.11, 2, 89, 91
349741.6.peg.2338.site.12, 30, 85, 115
349741.6.peg.2338.site.13, 20, 77, 97
349741.6.peg.2338.site.14, 7, 72, 79
349741.6.peg.2338.site.15, 14, 71, 85
349741.6.peg.2338.site.16, 12, 69, 81
349741.6.peg.2338.site.17, 9, 66, 75
349741.6.peg.2338.site.18, 63, 71, 134
349741.6.peg.2338.site.19, 35, 92, 127
349741.6.peg.2338.site.20, 36, 94, 130
349741.6.peg.2338.site.21, 37, 94, 131
349741.6.peg.2338.site.22, 1, 90, 91
349741.6.peg.2338.site.23, 2, 92, 94
349741.6.peg.2338.site.24, 1, 95, 96
349741.6.peg.2338.site.25, 1, 95, 96
349741.6.peg.2338.site.26, 1, 94, 95
349741.6.peg.2338.site.27, 2, 96, 98
349741.6.peg.2338.site.28, 1, 95, 96
349741.6.peg.2338.site.29, 41, 97, 138
349741.6.peg.2338.site.30, 1, 97, 98
349741.6.peg.2338.site.31, 38, 97, 135
349741.6.peg.2338.site.32, 0, 97, 97
349741.6.peg.2338.site.33, 30, 97, 127
349741.6.peg.2338.site.34, 36, 96, 132
349741.6.peg.2338.site.35, 3, 96, 99
349741.6.peg.2338.site.36, 1, 96, 97
349741.6.peg.2338.site.37, 35, 97, 132
349741.6.peg.2338.site.38, 2, 97, 99
349741.6.peg.2338.site.39, 1, 96, 97
349741.6.peg.2338.site.40, 96, 96, 192
349741.6.peg.2338.site.41, 93, 96, 189
349741.6.peg.2338.site.42, 70, 97, 167
349741.6.peg.2338.site.43, 3, 97, 100
349741.6.peg.2338.site.44, 67, 95, 162
349741.6.peg.2338.site.45, 89, 89, 178
349741.6.peg.2338.site.46, 52, 78, 130
349741.6.peg.2335.site.1, 2, 97, 99
349741.6.peg.2335.site.2, 38, 97, 135
349741.6.peg.2335.site.3, 42, 97, 139
349741.6.peg.2335.site.4, 1, 97, 98
349741.6.peg.2335.site.5, 0, 97, 97
349741.6.peg.2337.site.1, 0, 97, 97
349741.6.peg.2337.site.2, 5, 97, 102
349741.6.peg.2337.site.3, 1, 97, 98
349741.6.peg.2337.site.4, 13, 97, 110
349741.6.peg.2337.site.5, 3, 95, 98
349741.6.peg.2337.site.6, 2, 97, 99
349741.6.peg.2330.site.1, 22, 97, 119
349741.6.peg.2330.site.2, 8, 97, 105
349741.6.peg.2330.site.3, 97, 97, 194
349741.6.peg.2330.site.4, 79, 95, 174
349741.6.peg.2330.site.5, 80, 96, 176
349741.6.peg.2330.site.6, 21, 95, 116
349741.6.peg.2330.site.7, 3, 95, 98
349741.6.peg.2330.site.8, 20, 94, 114
349741.6.peg.2330.site.9, 5, 95, 100
349741.6.peg.2330.site.10, 20, 95, 115
349741.6.peg.2330.site.11, 0, 96, 96
349741.6.peg.2330.site.12, 1, 97, 98
349741.6.peg.2330.site.13, 19, 88, 107
349741.6.peg.2330.site.14, 8, 74, 82
349741.6.peg.2330.site.15, 2, 75, 77
349741.6.peg.2330.site.16, 1, 75, 76
349741.6.peg.2330.site.17, 1, 74, 75
349741.6.peg.2330.site.18, 60, 76, 136
349741.6.peg.2330.site.19, 1, 74, 75
349741.6.peg.2330.site.20, 1, 74, 75
349741.6.peg.2330.site.21, 2, 83, 85
349741.6.peg.2330.site.22, 19, 92, 111
349741.6.peg.2330.site.23, 22, 97, 119
349741.6.peg.2330.site.24, 22, 97, 119
349741.6.peg.2330.site.25, 53, 97, 150
349741.6.peg.2330.site.26, 75, 90, 165
349741.6.peg.2330.site.27, 66, 91, 157
349741.6.peg.2330.site.28, 1, 92, 93
349741.6.peg.2330.site.29, 4, 90, 94
349741.6.peg.2330.site.30, 17, 90, 107
349741.6.peg.2330.site.31, 29, 90, 119
349741.6.peg.2330.site.32, 16, 90, 106
349741.6.peg.2330.site.33, 18, 91, 109
349741.6.peg.2330.site.34, 18, 94, 112
349741.6.peg.2330.site.35, 4, 78, 82
349741.6.peg.2330.site.36, 13, 76, 89
349741.6.peg.2330.site.37, 54, 74, 128
349741.6.peg.2330.site.38, 54, 73, 127
349741.6.peg.2330.site.39, 6, 75, 81
349741.6.peg.2330.site.40, 6, 69, 75
349741.6.peg.2330.site.41, 1, 67, 68
349741.6.peg.2330.site.42, 4, 61, 65
349741.6.peg.2330.site.43, 32, 67, 99
349741.6.peg.2330.site.44, 40, 66, 106
349741.6.peg.2330.site.45, 15, 68, 83
349741.6.peg.2330.site.46, 49, 77, 126
349741.6.peg.2330.site.47, 5, 76, 81
349741.6.peg.2330.site.48, 7, 80, 87
349741.6.peg.2330.site.49, 4, 80, 84
349741.6.peg.2330.site.50, 49, 93, 142
349741.6.peg.2330.site.51, 7, 94, 101
349741.6.peg.2330.site.52, 3, 94, 97
349741.6.peg.2330.site.53, 5, 96, 101
349741.6.peg.2330.site.54, 20, 97, 117
349741.6.peg.2330.site.55, 2, 97, 99
349741.6.peg.2330.site.56, 17, 94, 111
349741.6.peg.2330.site.57, 11, 87, 98
349741.6.peg.2330.site.58, 18, 87, 105
349741.6.peg.2330.site.59, 8, 85, 93
349741.6.peg.2330.site.60, 10, 87, 97
349741.6.peg.2330.site.61, 14, 91, 105
349741.6.peg.2330.site.62, 6, 97, 103
349741.6.peg.2330.site.63, 0, 77, 77
349741.6.peg.2330.site.64, 4, 78, 82
349741.6.peg.2333.site.1, 1, 94, 95
349741.6.peg.2333.site.2, 1, 94, 95
349741.6.peg.2333.site.3, 1, 90, 91
349741.6.peg.2333.site.4, 35, 87, 122
349741.6.peg.2333.site.5, 89, 94, 183
349741.6.peg.2333.site.6, 57, 95, 152
349741.6.peg.2333.site.7, 8, 95, 103
349741.6.peg.2333.site.8, 74, 87, 161
349741.6.peg.2333.site.9, 69, 83, 152
349741.6.peg.2333.site.10, 3, 82, 85
349741.6.peg.2333.site.11, 47, 71, 118
349741.6.peg.2333.site.12, 2, 74, 76
349741.6.peg.2333.site.13, 50, 72, 122
349741.6.peg.2333.site.14, 50, 77, 127
349741.6.peg.2333.site.15, 1, 96, 97
349741.6.peg.2333.site.16, 47, 95, 142
349741.6.peg.2333.site.17, 73, 97, 170
349741.6.peg.2333.site.18, 1, 96, 97
349741.6.peg.2333.site.19, 80, 96, 176
349741.6.peg.2333.site.20, 32, 97, 129
349741.6.peg.2333.site.21, 2, 97, 99
349741.6.peg.2333.site.22, 5, 97, 102
349741.6.peg.2333.site.23, 3, 97, 100
349741.6.peg.2333.site.24, 87, 97, 184
349741.6.peg.2333.site.25, 80, 96, 176
349741.6.peg.2333.site.26, 5, 97, 102
349741.6.peg.2333.site.27, 3, 97, 100
349741.6.peg.2333.site.28, 9, 97, 106
349741.6.peg.2333.site.29, 91, 97, 188
349741.6.peg.2333.site.30, 12, 97, 109
349741.6.peg.2333.site.31, 3, 96, 99
349741.6.peg.2333.site.32, 79, 96, 175
349741.6.peg.2333.site.33, 86, 96, 182
349741.6.peg.2333.site.34, 79, 96, 175
349741.6.peg.2333.site.35, 3, 96, 99
349741.6.peg.2333.site.36, 6, 96, 102
349741.6.peg.2333.site.37, 2, 97, 99
349741.6.peg.2333.site.38, 3, 97, 100
349741.6.peg.2333.site.39, 13, 97, 110
349741.6.peg.2333.site.40, 3, 97, 100
349741.6.peg.2333.site.41, 14, 97, 111
349741.6.peg.2333.site.42, 0, 97, 97
349741.6.peg.2333.site.43, 37, 97, 134
349741.6.peg.2333.site.44, 3, 97, 100
349741.6.peg.2333.site.45, 79, 95, 174
349741.6.peg.2333.site.46, 34, 97, 131
349741.6.peg.2333.site.47, 44, 71, 115
349741.6.peg.2333.site.48, 7, 70, 77
349741.6.peg.2333.site.49, 1, 89, 90
349741.6.peg.2333.site.50, 1, 94, 95
349741.6.peg.2333.site.51, 85, 94, 179
349741.6.peg.2333.site.52, 94, 94, 188
349741.6.peg.2333.site.53, 35, 97, 132
349741.6.peg.2333.site.54, 35, 97, 132
349741.6.peg.2333.site.55, 4, 96, 100
349741.6.peg.2333.site.56, 89, 97, 186
349741.6.peg.2333.site.57, 80, 97, 177
349741.6.peg.2333.site.58, 3, 97, 100
349741.6.peg.2333.site.59, 2, 96, 98
349741.6.peg.2333.site.60, 1, 97, 98
349741.6.peg.2333.site.61, 21, 95, 116
349741.6.peg.2333.site.62, 7, 96, 103
349741.6.peg.2333.site.63, 0, 97, 97
349741.6.peg.2333.site.64, 80, 97, 177
349741.6.peg.2333.site.65, 7, 96, 103
349741.6.peg.2333.site.66, 7, 97, 104
349741.6.peg.2333.site.67, 1, 96, 97
349741.6.peg.2333.site.68, 8, 97, 105
349741.6.peg.2333.site.69, 5, 97, 102
349741.6.peg.2333.site.70, 2, 97, 99
349741.6.peg.2333.site.71, 0, 97, 97
349741.6.peg.2333.site.72, 14, 97, 111
349741.6.peg.2333.site.73, 4, 97, 101
349741.6.peg.2333.site.74, 1, 97, 98
349741.6.peg.2333.site.75, 80, 96, 176
349741.6.peg.440.site.1, 3, 94, 97
349741.6.peg.440.site.2, 9, 97, 106
349741.6.peg.440.site.3, 92, 97, 189
349741.6.peg.440.site.4, 94, 97, 191
349741.6.peg.440.site.5, 0, 87, 87
349741.6.peg.440.site.6, 1, 94, 95
349741.6.peg.440.site.7, 3, 96, 99
349741.6.peg.440.site.8, 5, 96, 101
349741.6.peg.440.site.9, 0, 97, 97
349741.6.peg.440.site.10, 0, 97, 97
349741.6.peg.440.site.11, 2, 97, 99
349741.6.peg.440.site.12, 0, 97, 97
349741.6.peg.440.site.13, 1, 97, 98
349741.6.peg.440.site.14, 1, 97, 98
349741.6.peg.440.site.15, 0, 97, 97
349741.6.peg.440.site.16, 0, 97, 97
349741.6.peg.440.site.17, 0, 97, 97
349741.6.peg.440.site.18, 5, 97, 102
349741.6.peg.441.site.1, 1, 97, 98
349741.6.peg.441.site.2, 81, 97, 178
349741.6.peg.441.site.3, 2, 97, 99
349741.6.peg.441.site.4, 2, 97, 99
349741.6.peg.441.site.5, 2, 97, 99
349741.6.peg.441.site.6, 90, 97, 187
349741.6.peg.441.site.7, 1, 96, 97
349741.6.peg.441.site.8, 0, 97, 97
349741.6.peg.441.site.9, 3, 96, 99
349741.6.peg.441.site.10, 2, 97, 99
349741.6.peg.441.site.11, 1, 95, 96
349741.6.peg.441.site.12, 4, 95, 99
349741.6.peg.441.site.13, 2, 97, 99
349741.6.peg.441.site.14, 3, 95, 98
349741.6.peg.441.site.15, 82, 96, 178
349741.6.peg.441.site.16, 2, 97, 99
349741.6.peg.441.site.17, 94, 97, 191
349741.6.peg.441.site.18, 0, 97, 97
349741.6.peg.441.site.19, 86, 94, 180
349741.6.peg.441.site.20, 79, 86, 165
349741.6.peg.441.site.21, 6, 90, 96
349741.6.peg.441.site.22, 88, 96, 184
349741.6.peg.441.site.23, 89, 96, 185
349741.6.peg.441.site.24, 19, 97, 116
349741.6.peg.441.site.25, 2, 97, 99
349741.6.peg.441.site.26, 1, 96, 97
349741.6.peg.441.site.27, 2, 97, 99
349741.6.peg.441.site.28, 5, 97, 102
349741.6.peg.441.site.29, 4, 96, 100
349741.6.peg.441.site.30, 8, 96, 104
349741.6.peg.441.site.31, 2, 96, 98
349741.6.peg.441.site.32, 95, 95, 190
349741.6.peg.441.site.33, 4, 97, 101
349741.6.peg.441.site.34, 9, 97, 106
349741.6.peg.441.site.35, 92, 92, 184
349741.6.peg.441.site.36, 5, 97, 102
349741.6.peg.441.site.37, 84, 97, 181
349741.6.peg.441.site.38, 3, 97, 100
349741.6.peg.441.site.39, 7, 97, 104
349741.6.peg.441.site.40, 6, 97, 103
349741.6.peg.441.site.41, 2, 97, 99
349741.6.peg.441.site.42, 1, 97, 98
349741.6.peg.441.site.43, 14, 97, 111
349741.6.peg.441.site.44, 2, 97, 99
349741.6.peg.441.site.45, 3, 96, 99
349741.6.peg.441.site.46, 2, 96, 98
349741.6.peg.441.site.47, 3, 97, 100
349741.6.peg.441.site.48, 3, 96, 99
349741.6.peg.441.site.49, 1, 97, 98
349741.6.peg.441.site.50, 1, 97, 98
349741.6.peg.441.site.51, 2, 96, 98
349741.6.peg.441.site.52, 3, 96, 99
349741.6.peg.441.site.53, 2, 97, 99
349741.6.peg.441.site.54, 2, 97, 99
349741.6.peg.441.site.55, 39, 97, 136
349741.6.peg.441.site.56, 8, 97, 105
349741.6.peg.441.site.57, 3, 91, 94
349741.6.peg.441.site.58, 27, 93, 120
349741.6.peg.441.site.59, 0, 97, 97
349741.6.peg.441.site.60, 11, 97, 108
349741.6.peg.441.site.61, 50, 97, 147
349741.6.peg.441.site.62, 8, 97, 105
349741.6.peg.441.site.63, 1, 97, 98
349741.6.peg.441.site.64, 53, 97, 150
349741.6.peg.441.site.65, 2, 97, 99
349741.6.peg.441.site.66, 2, 97, 99
349741.6.peg.441.site.67, 11, 97, 108
349741.6.peg.441.site.68, 2, 97, 99
349741.6.peg.441.site.69, 0, 97, 97
349741.6.peg.442.site.1, 2, 97, 99
349741.6.peg.442.site.2, 7, 96, 103
349741.6.peg.442.site.3, 2, 95, 97
349741.6.peg.442.site.4, 52, 95, 147
349741.6.peg.442.site.5, 0, 96, 96
349741.6.peg.442.site.6, 1, 96, 97
349741.6.peg.442.site.7, 0, 95, 95
349741.6.peg.442.site.8, 1, 94, 95
349741.6.peg.442.site.9, 1, 95, 96
349741.6.peg.442.site.10, 1, 88, 89
349741.6.peg.442.site.11, 1, 95, 96
349741.6.peg.442.site.12, 1, 95, 96
349741.6.peg.442.site.13, 2, 94, 96
349741.6.peg.442.site.14, 27, 91, 118
349741.6.peg.442.site.15, 1, 97, 98
349741.6.peg.442.site.16, 44, 96, 140
349741.6.peg.442.site.17, 1, 97, 98
349741.6.peg.442.site.18, 32, 96, 128
349741.6.peg.442.site.19, 1, 97, 98
349741.6.peg.442.site.20, 1, 93, 94
349741.6.peg.442.site.21, 1, 92, 93
349741.6.peg.442.site.22, 32, 97, 129
349741.6.peg.442.site.23, 0, 96, 96
349741.6.peg.443.site.1, 1, 97, 98
349741.6.peg.443.site.2, 1, 93, 94
349741.6.peg.443.site.3, 1, 92, 93
349741.6.peg.443.site.4, 1, 96, 97
349741.6.peg.443.site.5, 0, 96, 96
349741.6.peg.443.site.6, 1, 97, 98
349741.6.peg.443.site.7, 36, 97, 133
349741.6.peg.443.site.8, 36, 97, 133
349741.6.peg.443.site.9, 2, 97, 99
349741.6.peg.443.site.10, 35, 97, 132
349741.6.peg.443.site.11, 39, 94, 133
349741.6.peg.443.site.12, 50, 97, 147
349741.6.peg.443.site.13, 1, 97, 98
349741.6.peg.443.site.14, 1, 96, 97
349741.6.peg.443.site.15, 34, 97, 131
349741.6.peg.443.site.16, 1, 97, 98
349741.6.peg.443.site.17, 1, 97, 98
349741.6.peg.443.site.18, 1, 97, 98
349741.6.peg.443.site.19, 2, 97, 99
349741.6.peg.443.site.20, 35, 96, 131
349741.6.peg.443.site.21, 35, 97, 132
349741.6.peg.443.site.22, 1, 93, 94
349741.6.peg.443.site.23, 1, 97, 98
349741.6.peg.443.site.24, 1, 97, 98
349741.6.peg.444.site.1, 1, 97, 98
349741.6.peg.444.site.2, 2, 97, 99
349741.6.peg.444.site.3, 9, 97, 106
349741.6.peg.444.site.4, 1, 96, 97
349741.6.peg.444.site.5, 34, 95, 129
349741.6.peg.444.site.6, 1, 97, 98
349741.6.peg.444.site.7, 7, 96, 103
349741.6.peg.444.site.8, 1, 97, 98
349741.6.peg.444.site.9, 1, 97, 98
349741.6.peg.445.site.1, 1, 97, 98
349741.6.peg.445.site.2, 34, 97, 131
349741.6.peg.445.site.3, 1, 95, 96
349741.6.peg.445.site.4, 1, 95, 96
349741.6.peg.445.site.5, 0, 97, 97
349741.6.peg.445.site.6, 34, 97, 131
349741.6.peg.445.site.7, 1, 97, 98
349741.6.peg.445.site.8, 0, 97, 97
349741.6.peg.445.site.9, 25, 97, 122
349741.6.peg.445.site.10, 25, 97, 122
349741.6.peg.445.site.11, 25, 97, 122
349741.6.peg.445.site.12, 36, 97, 133
349741.6.peg.445.site.13, 25, 96, 121
349741.6.peg.445.site.14, 24, 96, 120
349741.6.peg.445.site.15, 4, 97, 101
349741.6.peg.445.site.16, 10, 97, 107
349741.6.peg.445.site.17, 28, 97, 125
349741.6.peg.445.site.18, 25, 97, 122
349741.6.peg.445.site.19, 3, 97, 100
349741.6.peg.445.site.20, 30, 97, 127
349741.6.peg.445.site.21, 14, 97, 111
349741.6.peg.446.site.1, 2, 97, 99
349741.6.peg.446.site.2, 25, 96, 121
349741.6.peg.446.site.3, 2, 97, 99
349741.6.peg.446.site.4, 2, 97, 99
349741.6.peg.446.site.5, 1, 97, 98
349741.6.peg.446.site.6, 9, 97, 106
349741.6.peg.446.site.7, 33, 97, 130
349741.6.peg.446.site.8, 39, 94, 133
349741.6.peg.446.site.9, 54, 93, 147
349741.6.peg.446.site.10, 51, 97, 148
349741.6.peg.446.site.11, 33, 97, 130
349741.6.peg.446.site.12, 33, 97, 130
349741.6.peg.446.site.13, 0, 97, 97
349741.6.peg.446.site.14, 31, 97, 128
349741.6.peg.446.site.15, 1, 97, 98
349741.6.peg.446.site.16, 33, 97, 130
349741.6.peg.446.site.17, 2, 97, 99
349741.6.peg.446.site.18, 42, 97, 139
349741.6.peg.446.site.19, 57, 97, 154
349741.6.peg.446.site.20, 4, 95, 99
349741.6.peg.446.site.21, 2, 94, 96
349741.6.peg.446.site.22, 1, 95, 96
349741.6.peg.446.site.23, 34, 97, 131
349741.6.peg.446.site.24, 31, 93, 124
349741.6.peg.446.site.25, 31, 93, 124
349741.6.peg.446.site.26, 34, 94, 128
349741.6.peg.446.site.27, 32, 95, 127
349741.6.peg.446.site.28, 3, 95, 98
349741.6.peg.446.site.29, 2, 95, 97
349741.6.peg.446.site.30, 31, 95, 126
349741.6.peg.446.site.31, 2, 64, 66
349741.6.peg.446.site.32, 8, 71, 79
349741.6.peg.446.site.33, 13, 76, 89
349741.6.peg.446.site.34, 25, 85, 110
349741.6.peg.446.site.35, 24, 86, 110
349741.6.peg.446.site.36, 26, 87, 113
349741.6.peg.446.site.37, 31, 95, 126
349741.6.peg.446.site.38, 34, 97, 131
349741.6.peg.446.site.39, 34, 96, 130
349741.6.peg.446.site.40, 5, 97, 102
349741.6.peg.446.site.41, 9, 85, 94
349741.6.peg.446.site.42, 38, 77, 115
349741.6.peg.446.site.43, 57, 63, 120
349741.6.peg.446.site.44, 6, 63, 69
349741.6.peg.446.site.45, 0, 62, 62
349741.6.peg.2187.site.1, 2, 85, 87
349741.6.peg.2187.site.2, 3, 93, 96
349741.6.peg.2187.site.3, 10, 93, 103
349741.6.peg.2187.site.4, 93, 94, 187
349741.6.peg.2187.site.5, 11, 94, 105
349741.6.peg.2187.site.6, 1, 84, 85
349741.6.peg.2187.site.7, 1, 84, 85
349741.6.peg.2187.site.8, 66, 82, 148
349741.6.peg.2187.site.9, 1, 70, 71
349741.6.peg.2187.site.10, 3, 71, 74
349741.6.peg.2187.site.11, 2, 73, 75
349741.6.peg.2187.site.12, 5, 93, 98
349741.6.peg.2187.site.13, 17, 94, 111
349741.6.peg.2187.site.14, 13, 90, 103
349741.6.peg.2187.site.15, 13, 88, 101
349741.6.peg.2187.site.16, 3, 89, 92
349741.6.peg.2187.site.17, 2, 88, 90
349741.6.peg.2187.site.18, 12, 88, 100
349741.6.peg.2187.site.19, 68, 91, 159
349741.6.peg.2187.site.20, 11, 95, 106
349741.6.peg.2187.site.21, 12, 96, 108
349741.6.peg.2187.site.22, 6, 95, 101
349741.6.peg.448.site.1, 19, 95, 114
349741.6.peg.448.site.2, 0, 97, 97
349741.6.peg.448.site.3, 23, 97, 120
349741.6.peg.448.site.4, 5, 97, 102
349741.6.peg.448.site.5, 50, 97, 147
349741.6.peg.448.site.6, 50, 97, 147
349741.6.peg.448.site.7, 2, 97, 99
349741.6.peg.448.site.8, 3, 97, 100
349741.6.peg.448.site.9, 27, 96, 123
349741.6.peg.448.site.10, 25, 94, 119
349741.6.peg.448.site.11, 27, 94, 121
349741.6.peg.448.site.12, 48, 95, 143
349741.6.peg.448.site.13, 2, 96, 98
349741.6.peg.448.site.14, 30, 97, 127
349741.6.peg.448.site.15, 50, 97, 147
349741.6.peg.448.site.16, 1, 97, 98
349741.6.peg.448.site.17, 3, 97, 100
349741.6.peg.448.site.18, 28, 97, 125
349741.6.peg.448.site.19, 34, 97, 131
349741.6.peg.448.site.20, 32, 97, 129
349741.6.peg.448.site.21, 96, 97, 193
349741.6.peg.448.site.22, 8, 97, 105
349741.6.peg.448.site.23, 2, 97, 99
349741.6.peg.448.site.24, 30, 97, 127
349741.6.peg.449.site.1, 22, 97, 119
349741.6.peg.449.site.2, 28, 97, 125
349741.6.peg.449.site.3, 29, 97, 126
349741.6.peg.449.site.4, 32, 97, 129
349741.6.peg.449.site.5, 2, 97, 99
349741.6.peg.449.site.6, 7, 97, 104
349741.6.peg.449.site.7, 28, 96, 124
349741.6.peg.449.site.8, 26, 97, 123
349741.6.peg.449.site.9, 29, 97, 126
349741.6.peg.449.site.10, 4, 95, 99
349741.6.peg.449.site.11, 24, 95, 119
349741.6.peg.449.site.12, 29, 95, 124
349741.6.peg.449.site.13, 3, 94, 97
349741.6.peg.449.site.14, 29, 97, 126
349741.6.peg.449.site.15, 3, 97, 100
349741.6.peg.2182.site.1, 0, 97, 97
349741.6.peg.2182.site.2, 93, 96, 189
349741.6.peg.2182.site.3, 5, 97, 102
349741.6.peg.2182.site.4, 88, 96, 184
349741.6.peg.2182.site.5, 79, 95, 174
349741.6.peg.2182.site.6, 4, 95, 99
349741.6.peg.2182.site.7, 1, 97, 98
349741.6.peg.2182.site.8, 91, 97, 188
349741.6.peg.2182.site.9, 17, 97, 114
349741.6.peg.2182.site.10, 62, 95, 157
349741.6.peg.2182.site.11, 81, 97, 178
349741.6.peg.2182.site.12, 16, 96, 112
349741.6.peg.2182.site.13, 3, 97, 100
349741.6.peg.2182.site.14, 66, 96, 162
349741.6.peg.2182.site.15, 81, 97, 178
349741.6.peg.2182.site.16, 12, 96, 108
349741.6.peg.2182.site.17, 1, 96, 97
349741.6.peg.2182.site.18, 2, 97, 99
349741.6.peg.2182.site.19, 81, 97, 178
349741.6.peg.2182.site.20, 72, 87, 159
349741.6.peg.2182.site.21, 73, 88, 161
349741.6.peg.2182.site.22, 68, 83, 151
349741.6.peg.2182.site.23, 68, 82, 150
349741.6.peg.2182.site.24, 3, 88, 91
349741.6.peg.2182.site.25, 64, 89, 153
349741.6.peg.2182.site.26, 1, 91, 92
349741.6.peg.2182.site.27, 60, 92, 152
349741.6.peg.2182.site.28, 77, 92, 169
349741.6.peg.2182.site.29, 63, 79, 142
349741.6.peg.2182.site.30, 53, 69, 122
349741.6.peg.2182.site.31, 21, 21, 42
349741.6.peg.1598.site.1, 0, 97, 97
349741.6.peg.1598.site.2, 74, 95, 169
349741.6.peg.1598.site.3, 75, 97, 172
349741.6.peg.1598.site.4, 83, 97, 180
349741.6.peg.1598.site.5, 2, 94, 96
349741.6.peg.1598.site.6, 75, 97, 172
349741.6.peg.1598.site.7, 2, 97, 99
349741.6.peg.1598.site.8, 75, 97, 172
349741.6.peg.1598.site.9, 47, 97, 144
349741.6.peg.1598.site.10, 74, 96, 170
349741.6.peg.1598.site.11, 1, 96, 97
349741.6.peg.1598.site.12, 30, 97, 127
349741.6.peg.1598.site.13, 30, 97, 127
349741.6.peg.1598.site.14, 29, 96, 125
349741.6.peg.1598.site.15, 2, 97, 99
349741.6.peg.1598.site.16, 30, 97, 127
349741.6.peg.1598.site.17, 75, 97, 172
349741.6.peg.1598.site.18, 75, 97, 172
349741.6.peg.1598.site.19, 2, 97, 99
349741.6.peg.1598.site.20, 1, 97, 98
349741.6.peg.1598.site.21, 74, 97, 171
349741.6.peg.1598.site.22, 1, 97, 98
349741.6.peg.1598.site.23, 69, 97, 166
349741.6.peg.1598.site.24, 2, 96, 98
349741.6.peg.1599.site.1, 47, 97, 144
349741.6.peg.1599.site.2, 46, 97, 143
349741.6.peg.1599.site.3, 46, 97, 143
349741.6.peg.1599.site.4, 28, 97, 125
349741.6.peg.1599.site.5, 47, 97, 144
349741.6.peg.1599.site.6, 0, 97, 97
349741.6.peg.1599.site.7, 7, 97, 104
349741.6.peg.1599.site.8, 1, 97, 98
349741.6.peg.1599.site.9, 0, 96, 96
349741.6.peg.1599.site.10, 81, 95, 176
349741.6.peg.1599.site.11, 0, 95, 95
349741.6.peg.1599.site.12, 73, 95, 168
349741.6.peg.1599.site.13, 6, 96, 102
349741.6.peg.1599.site.14, 74, 96, 170
349741.6.peg.1599.site.15, 1, 97, 98
349741.6.peg.1599.site.16, 74, 96, 170
349741.6.peg.1599.site.17, 0, 96, 96
349741.6.peg.1599.site.18, 1, 97, 98
349741.6.peg.1599.site.19, 47, 96, 143
349741.6.peg.1599.site.20, 2, 97, 99
349741.6.peg.1599.site.21, 75, 97, 172
349741.6.peg.1599.site.22, 74, 97, 171
349741.6.peg.1599.site.23, 1, 97, 98
349741.6.peg.1599.site.24, 75, 97, 172
349741.6.peg.1599.site.25, 2, 97, 99
349741.6.peg.1599.site.26, 79, 97, 176
349741.6.peg.1599.site.27, 73, 95, 168
349741.6.peg.1599.site.28, 71, 93, 164
349741.6.peg.1599.site.29, 1, 95, 96
349741.6.peg.1599.site.30, 1, 96, 97
349741.6.peg.1599.site.31, 1, 96, 97
349741.6.peg.1599.site.32, 70, 94, 164
349741.6.peg.1599.site.33, 44, 68, 112
349741.6.peg.1599.site.34, 34, 58, 92
349741.6.peg.1599.site.35, 29, 51, 80
349741.6.peg.1599.site.36, 25, 44, 69
349741.6.peg.1599.site.37, 46, 46, 92
349741.6.peg.1599.site.38, 21, 43, 64
349741.6.peg.1599.site.39, 6, 54, 60
349741.6.peg.1599.site.40, 53, 75, 128
349741.6.peg.1599.site.41, 72, 94, 166
349741.6.peg.1599.site.42, 73, 95, 168
349741.6.peg.1599.site.43, 64, 86, 150
349741.6.peg.1599.site.44, 67, 89, 156
349741.6.peg.1599.site.45, 67, 89, 156
349741.6.peg.1599.site.46, 68, 90, 158
349741.6.peg.1599.site.47, 90, 97, 187
349741.6.peg.1599.site.48, 69, 97, 166
349741.6.peg.1599.site.49, 75, 97, 172
349741.6.peg.1599.site.50, 67, 97, 164
349741.6.peg.1599.site.51, 74, 96, 170
349741.6.peg.1599.site.52, 3, 97, 100
349741.6.peg.1599.site.53, 1, 97, 98
349741.6.peg.1599.site.54, 30, 97, 127
349741.6.peg.1599.site.55, 2, 97, 99
349741.6.peg.1599.site.56, 75, 97, 172
349741.6.peg.1599.site.57, 24, 97, 121
349741.6.peg.1599.site.58, 1, 97, 98
349741.6.peg.1599.site.59, 76, 97, 173
349741.6.peg.1599.site.60, 74, 96, 170
349741.6.peg.1599.site.61, 1, 96, 97
349741.6.peg.2242.site.1, 2, 63, 65
349741.6.peg.2242.site.2, 9, 67, 76
349741.6.peg.2242.site.3, 21, 81, 102
349741.6.peg.2242.site.4, 33, 93, 126
349741.6.peg.2242.site.5, 32, 94, 126
349741.6.peg.2242.site.6, 21, 96, 117
349741.6.peg.2242.site.7, 39, 96, 135
349741.6.peg.2242.site.8, 1, 96, 97
349741.6.peg.2242.site.9, 6, 97, 103
349741.6.peg.2242.site.10, 6, 97, 103
349741.6.peg.2242.site.11, 33, 97, 130
349741.6.peg.2242.site.12, 37, 96, 133
349741.6.peg.2242.site.13, 41, 97, 138
349741.6.peg.2242.site.14, 12, 97, 109
349741.6.peg.2242.site.15, 96, 97, 193
349741.6.peg.2242.site.16, 86, 96, 182
349741.6.peg.2242.site.17, 53, 91, 144
349741.6.peg.2244.site.1, 32, 97, 129
349741.6.peg.2244.site.2, 29, 97, 126
349741.6.peg.2244.site.3, 2, 97, 99
349741.6.peg.2244.site.4, 24, 97, 121
349741.6.peg.2244.site.5, 3, 97, 100
349741.6.peg.2244.site.6, 40, 96, 136
349741.6.peg.2244.site.7, 33, 90, 123
349741.6.peg.2244.site.8, 35, 92, 127
349741.6.peg.2244.site.9, 10, 95, 105
349741.6.peg.2244.site.10, 3, 95, 98
349741.6.peg.2244.site.11, 6, 96, 102
349741.6.peg.2244.site.12, 1, 96, 97
349741.6.peg.2244.site.13, 3, 97, 100
349741.6.peg.2244.site.14, 52, 97, 149
349741.6.peg.2244.site.15, 21, 97, 118
349741.6.peg.2244.site.16, 7, 97, 104
349741.6.peg.2244.site.17, 3, 97, 100
349741.6.peg.2244.site.18, 3, 97, 100
349741.6.peg.2244.site.19, 25, 97, 122
349741.6.peg.2244.site.20, 9, 97, 106
349741.6.peg.2244.site.21, 20, 97, 117
349741.6.peg.2244.site.22, 24, 97, 121
349741.6.peg.2244.site.23, 24, 96, 120
349741.6.peg.2244.site.24, 46, 97, 143
349741.6.peg.2244.site.25, 46, 97, 143
349741.6.peg.2244.site.26, 44, 97, 141
349741.6.peg.2244.site.27, 2, 97, 99
349741.6.peg.2244.site.28, 2, 97, 99
349741.6.peg.2244.site.29, 96, 96, 192
349741.6.peg.2244.site.30, 2, 96, 98
349741.6.peg.2244.site.31, 95, 97, 192
349741.6.peg.2244.site.32, 49, 93, 142
349741.6.peg.2244.site.33, 20, 95, 115
349741.6.peg.2244.site.34, 7, 96, 103
349741.6.peg.2244.site.35, 43, 96, 139
349741.6.peg.2244.site.36, 51, 97, 148
349741.6.peg.2244.site.37, 48, 96, 144
349741.6.peg.2244.site.38, 35, 96, 131
349741.6.peg.2244.site.39, 1, 96, 97
349741.6.peg.2244.site.40, 33, 79, 112
349741.6.peg.2244.site.41, 2, 95, 97
349741.6.peg.2244.site.42, 0, 95, 95
349741.6.peg.2244.site.43, 1, 97, 98
349741.6.peg.2244.site.44, 12, 97, 109
349741.6.peg.2244.site.45, 12, 97, 109
349741.6.peg.2244.site.46, 31, 96, 127
349741.6.peg.2244.site.47, 96, 96, 192
349741.6.peg.2244.site.48, 2, 96, 98
349741.6.peg.2244.site.49, 0, 96, 96
349741.6.peg.2247.site.1, 0, 95, 95
349741.6.peg.2247.site.2, 90, 97, 187
349741.6.peg.2247.site.3, 11, 95, 106
349741.6.peg.2247.site.4, 30, 95, 125
349741.6.peg.2247.site.5, 12, 96, 108
349741.6.peg.2247.site.6, 12, 94, 106
349741.6.peg.2247.site.7, 14, 97, 111
349741.6.peg.2247.site.8, 13, 97, 110
349741.6.peg.2247.site.9, 11, 95, 106
349741.6.peg.2247.site.10, 11, 96, 107
349741.6.peg.2247.site.11, 59, 92, 151
349741.6.peg.2247.site.12, 5, 90, 95
349741.6.peg.2247.site.13, 1, 91, 92
349741.6.peg.2247.site.14, 49, 78, 127
349741.6.peg.2247.site.15, 53, 82, 135
349741.6.peg.2247.site.16, 51, 79, 130
349741.6.peg.2247.site.17, 54, 83, 137
349741.6.peg.2247.site.18, 9, 93, 102
349741.6.peg.2247.site.19, 4, 93, 97
349741.6.peg.2247.site.20, 64, 93, 157
349741.6.peg.2247.site.21, 80, 92, 172
349741.6.peg.2249.site.1, 5, 93, 98
349741.6.peg.2249.site.2, 8, 96, 104
349741.6.peg.2249.site.3, 34, 96, 130
349741.6.peg.2249.site.4, 9, 96, 105
349741.6.peg.2249.site.5, 24, 96, 120
349741.6.peg.2249.site.6, 5, 96, 101
349741.6.peg.2249.site.7, 9, 97, 106
349741.6.peg.2249.site.8, 0, 97, 97
349741.6.peg.2249.site.9, 1, 96, 97
349741.6.peg.2249.site.10, 9, 97, 106
349741.6.peg.2249.site.11, 2, 97, 99
349741.6.peg.2249.site.12, 15, 90, 105
349741.6.peg.2249.site.13, 41, 67, 108
349741.6.peg.2249.site.14, 21, 47, 68
349741.6.peg.2249.site.15, 6, 41, 47
349741.6.peg.2249.site.16, 2, 28, 30
349741.6.peg.2249.site.17, 37, 62, 99
349741.6.peg.2249.site.18, 53, 79, 132
349741.6.peg.2249.site.19, 61, 87, 148
349741.6.peg.2249.site.20, 36, 95, 131
349741.6.peg.2249.site.21, 8, 97, 105
349741.6.peg.2249.site.22, 87, 97, 184
349741.6.peg.2249.site.23, 0, 97, 97
349741.6.peg.2249.site.24, 8, 97, 105
349741.6.peg.2249.site.25, 10, 97, 107
349741.6.peg.2249.site.26, 63, 96, 159
349741.6.peg.2249.site.27, 2, 96, 98
349741.6.peg.2249.site.28, 8, 97, 105
349741.6.peg.2249.site.29, 1, 97, 98
349741.6.peg.2249.site.30, 74, 97, 171
349741.6.peg.2249.site.31, 25, 94, 119
349741.6.peg.2249.site.32, 9, 79, 88
349741.6.peg.2249.site.33, 7, 77, 84
349741.6.peg.2249.site.34, 6, 76, 82
349741.6.peg.2249.site.35, 1, 75, 76
349741.6.peg.2249.site.36, 7, 76, 83
349741.6.peg.2249.site.37, 1, 95, 96
349741.6.peg.2249.site.38, 78, 97, 175
349741.6.peg.2249.site.39, 4, 96, 100
349741.6.peg.2249.site.40, 78, 97, 175
349741.6.peg.2249.site.41, 3, 97, 100
349741.6.peg.2249.site.42, 0, 89, 89
349741.6.peg.1591.site.1, 3, 97, 100
349741.6.peg.1591.site.2, 1, 97, 98
349741.6.peg.1591.site.3, 7, 97, 104
349741.6.peg.1591.site.4, 2, 97, 99
349741.6.peg.1591.site.5, 13, 97, 110
349741.6.peg.1591.site.6, 30, 97, 127
349741.6.peg.1591.site.7, 11, 97, 108
349741.6.peg.1591.site.8, 65, 96, 161
349741.6.peg.1591.site.9, 1, 97, 98
349741.6.peg.1591.site.10, 46, 94, 140
349741.6.peg.1591.site.11, 42, 96, 138
349741.6.peg.1591.site.12, 42, 96, 138
349741.6.peg.1591.site.13, 63, 95, 158
349741.6.peg.1591.site.14, 59, 95, 154
349741.6.peg.1591.site.15, 27, 96, 123
349741.6.peg.1591.site.16, 50, 96, 146
349741.6.peg.1591.site.17, 14, 95, 109
349741.6.peg.1591.site.18, 15, 97, 112
349741.6.peg.1591.site.19, 0, 96, 96
349741.6.peg.1591.site.20, 14, 96, 110
349741.6.peg.1591.site.21, 13, 96, 109
349741.6.peg.1591.site.22, 0, 96, 96
349741.6.peg.1591.site.23, 14, 95, 109
349741.6.peg.1591.site.24, 11, 96, 107
349741.6.peg.1591.site.25, 15, 97, 112
349741.6.peg.1591.site.26, 68, 97, 165
349741.6.peg.1591.site.27, 2, 96, 98
349741.6.peg.1591.site.28, 2, 97, 99
349741.6.peg.1591.site.29, 3, 97, 100
349741.6.peg.1591.site.30, 71, 97, 168
349741.6.peg.1591.site.31, 14, 96, 110
349741.6.peg.1591.site.32, 14, 96, 110
349741.6.peg.1591.site.33, 14, 96, 110
349741.6.peg.1591.site.34, 13, 95, 108
349741.6.peg.1591.site.35, 1, 96, 97
349741.6.peg.1591.site.36, 12, 94, 106
349741.6.peg.1591.site.37, 3, 79, 82
349741.6.peg.1591.site.38, 3, 74, 77
349741.6.peg.1591.site.39, 2, 69, 71
349741.6.peg.1591.site.40, 39, 71, 110
349741.6.peg.1591.site.41, 3, 71, 74
349741.6.peg.1591.site.42, 4, 85, 89
349741.6.peg.1594.site.1, 46, 86, 132
349741.6.peg.1594.site.2, 84, 85, 169
349741.6.peg.1594.site.3, 19, 95, 114
349741.6.peg.1594.site.4, 6, 93, 99
349741.6.peg.1594.site.5, 11, 89, 100
349741.6.peg.1594.site.6, 2, 90, 92
349741.6.peg.1594.site.7, 7, 96, 103
349741.6.peg.1594.site.8, 7, 96, 103
349741.6.peg.1594.site.9, 9, 97, 106
349741.6.peg.1594.site.10, 0, 97, 97
349741.6.peg.1596.site.1, 47, 97, 144
349741.6.peg.1596.site.2, 95, 97, 192
349741.6.peg.1596.site.3, 6, 97, 103
349741.6.peg.1596.site.4, 7, 97, 104
349741.6.peg.1596.site.5, 7, 97, 104
349741.6.peg.1596.site.6, 7, 97, 104
349741.6.peg.1596.site.7, 7, 97, 104
349741.6.peg.1596.site.8, 7, 97, 104
349741.6.peg.1596.site.9, 5, 95, 100
349741.6.peg.1596.site.10, 48, 91, 139
349741.6.peg.1596.site.11, 9, 91, 100
349741.6.peg.1596.site.12, 48, 90, 138
349741.6.peg.1596.site.13, 27, 89, 116
349741.6.peg.1596.site.14, 6, 96, 102
349741.6.peg.1596.site.15, 1, 97, 98
349741.6.peg.1596.site.16, 7, 97, 104
349741.6.peg.1596.site.17, 75, 97, 172
349741.6.peg.1596.site.18, 50, 97, 147
349741.6.peg.1596.site.19, 86, 97, 183
349741.6.peg.1596.site.20, 48, 82, 130
349741.6.peg.1596.site.21, 56, 86, 142
349741.6.peg.1596.site.22, 18, 96, 114
349741.6.peg.1596.site.23, 38, 97, 135
349741.6.peg.1596.site.24, 18, 97, 115
349741.6.peg.1596.site.25, 40, 97, 137
349741.6.peg.1596.site.26, 86, 97, 183
349741.6.peg.1596.site.27, 74, 96, 170
349741.6.peg.1596.site.28, 1, 97, 98
349741.6.peg.1596.site.29, 66, 97, 163
349741.6.peg.1596.site.30, 2, 96, 98
349741.6.peg.1596.site.31, 61, 97, 158
349741.6.peg.1596.site.32, 51, 97, 148
349741.6.peg.1596.site.33, 51, 97, 148
349741.6.peg.1596.site.34, 66, 97, 163
349741.6.peg.1596.site.35, 75, 97, 172
349741.6.peg.1596.site.36, 77, 97, 174
349741.6.peg.1048.site.1, 1, 96, 97
349741.6.peg.1048.site.2, 1, 96, 97
349741.6.peg.1048.site.3, 0, 96, 96
349741.6.peg.1048.site.4, 28, 96, 124
349741.6.peg.1048.site.5, 3, 96, 99
349741.6.peg.1048.site.6, 19, 96, 115
349741.6.peg.1048.site.7, 3, 97, 100
349741.6.peg.1048.site.8, 2, 96, 98
349741.6.peg.1048.site.9, 0, 96, 96
349741.6.peg.1048.site.10, 44, 97, 141
349741.6.peg.1048.site.11, 2, 96, 98
349741.6.peg.1048.site.12, 82, 94, 176
349741.6.peg.1049.site.1, 34, 95, 129
349741.6.peg.1049.site.2, 44, 94, 138
349741.6.peg.1049.site.3, 31, 92, 123
349741.6.peg.1049.site.4, 33, 93, 126
349741.6.peg.1049.site.5, 80, 92, 172
349741.6.peg.1049.site.6, 91, 94, 185
349741.6.peg.1049.site.7, 12, 94, 106
349741.6.peg.1049.site.8, 32, 92, 124
349741.6.peg.1049.site.9, 39, 94, 133
349741.6.peg.1049.site.10, 34, 92, 126
349741.6.peg.1049.site.11, 33, 91, 124
349741.6.peg.1049.site.12, 33, 91, 124
349741.6.peg.1049.site.13, 34, 92, 126
349741.6.peg.1049.site.14, 77, 94, 171
349741.6.peg.1049.site.15, 3, 97, 100
349741.6.peg.1049.site.16, 34, 96, 130
349741.6.peg.1049.site.17, 4, 97, 101
349741.6.peg.1049.site.18, 30, 96, 126
349741.6.peg.1049.site.19, 3, 95, 98
349741.6.peg.1049.site.20, 1, 92, 93
349741.6.peg.1049.site.21, 0, 94, 94
349741.6.peg.1049.site.22, 6, 97, 103
349741.6.peg.1049.site.23, 38, 97, 135
349741.6.peg.1049.site.24, 35, 97, 132
349741.6.peg.1049.site.25, 1, 97, 98
349741.6.peg.1049.site.26, 31, 93, 124
349741.6.peg.1049.site.27, 62, 86, 148
349741.6.peg.1049.site.28, 25, 55, 80
349741.6.peg.1049.site.29, 22, 51, 73
349741.6.peg.1046.site.1, 83, 97, 180
349741.6.peg.1046.site.2, 2, 97, 99
349741.6.peg.1046.site.3, 0, 95, 95
349741.6.peg.1046.site.4, 47, 96, 143
349741.6.peg.1046.site.5, 2, 95, 97
349741.6.peg.1046.site.6, 3, 97, 100
349741.6.peg.1046.site.7, 28, 97, 125
349741.6.peg.1046.site.8, 45, 97, 142
349741.6.peg.1046.site.9, 2, 97, 99
349741.6.peg.1046.site.10, 33, 96, 129
349741.6.peg.1046.site.11, 4, 97, 101
349741.6.peg.1046.site.12, 5, 97, 102
349741.6.peg.1046.site.13, 46, 97, 143
349741.6.peg.1046.site.14, 1, 97, 98
349741.6.peg.1046.site.15, 35, 97, 132
349741.6.peg.1046.site.16, 2, 97, 99
349741.6.peg.1046.site.17, 0, 97, 97
349741.6.peg.1046.site.18, 2, 97, 99
349741.6.peg.1046.site.19, 34, 97, 131
349741.6.peg.1046.site.20, 20, 97, 117
349741.6.peg.1046.site.21, 47, 95, 142
349741.6.peg.1046.site.22, 2, 96, 98
349741.6.peg.1046.site.23, 51, 97, 148
349741.6.peg.1046.site.24, 1, 97, 98
349741.6.peg.1046.site.25, 2, 97, 99
349741.6.peg.1046.site.26, 4, 97, 101
349741.6.peg.1046.site.27, 95, 97, 192
349741.6.peg.1046.site.28, 2, 97, 99
349741.6.peg.1046.site.29, 89, 97, 186
349741.6.peg.1046.site.30, 8, 97, 105
349741.6.peg.1046.site.31, 94, 97, 191
349741.6.peg.1046.site.32, 40, 97, 137
349741.6.peg.1046.site.33, 4, 97, 101
349741.6.peg.1046.site.34, 93, 95, 188
349741.6.peg.1046.site.35, 6, 97, 103
349741.6.peg.1046.site.36, 45, 97, 142
349741.6.peg.1046.site.37, 1, 96, 97
349741.6.peg.1046.site.38, 87, 89, 176
349741.6.peg.1046.site.39, 37, 91, 128
349741.6.peg.1046.site.40, 9, 95, 104
349741.6.peg.1046.site.41, 42, 96, 138
349741.6.peg.1046.site.42, 0, 95, 95
349741.6.peg.1046.site.43, 7, 96, 103
349741.6.peg.1046.site.44, 0, 97, 97
349741.6.peg.1046.site.45, 1, 97, 98
349741.6.peg.1046.site.46, 2, 97, 99
349741.6.peg.1046.site.47, 36, 95, 131
349741.6.peg.1046.site.48, 0, 97, 97
349741.6.peg.1046.site.49, 91, 95, 186
349741.6.peg.1046.site.50, 2, 93, 95
349741.6.peg.1046.site.51, 2, 97, 99
349741.6.peg.1046.site.52, 2, 97, 99
349741.6.peg.1046.site.53, 7, 97, 104
349741.6.peg.1046.site.54, 5, 97, 102
349741.6.peg.1046.site.55, 48, 97, 145
349741.6.peg.1046.site.56, 1, 96, 97
349741.6.peg.1047.site.1, 83, 93, 176
349741.6.peg.1047.site.2, 90, 94, 184
349741.6.peg.1047.site.3, 4, 94, 98
349741.6.peg.1047.site.4, 4, 94, 98
349741.6.peg.1047.site.5, 86, 95, 181
349741.6.peg.1047.site.6, 4, 97, 101
349741.6.peg.1047.site.7, 7, 97, 104
349741.6.peg.1047.site.8, 86, 96, 182
349741.6.peg.1047.site.9, 88, 97, 185
349741.6.peg.1047.site.10, 6, 96, 102
349741.6.peg.1047.site.11, 81, 96, 177
349741.6.peg.1047.site.12, 1, 89, 90
349741.6.peg.1047.site.13, 0, 86, 86
349741.6.peg.1047.site.14, 61, 84, 145
349741.6.peg.1047.site.15, 4, 73, 77
349741.6.peg.1047.site.16, 13, 22, 35
349741.6.peg.1047.site.17, 3, 12, 15
349741.6.peg.1047.site.18, 3, 16, 19
349741.6.peg.1047.site.19, 16, 25, 41
349741.6.peg.1047.site.20, 22, 31, 53
349741.6.peg.1047.site.21, 25, 40, 65
349741.6.peg.1047.site.22, 65, 81, 146
349741.6.peg.1047.site.23, 77, 93, 170
349741.6.peg.1047.site.24, 78, 94, 172
349741.6.peg.1047.site.25, 42, 58, 100
349741.6.peg.1047.site.26, 20, 36, 56
349741.6.peg.1047.site.27, 2, 33, 35
349741.6.peg.1047.site.28, 3, 34, 37
349741.6.peg.1047.site.29, 35, 66, 101
349741.6.peg.1047.site.30, 2, 76, 78
349741.6.peg.1047.site.31, 1, 79, 80
349741.6.peg.1047.site.32, 75, 80, 155
349741.6.peg.1047.site.33, 9, 83, 92
349741.6.peg.1047.site.34, 1, 94, 95
349741.6.peg.1047.site.35, 83, 97, 180
349741.6.peg.1047.site.36, 57, 96, 153
349741.6.peg.1047.site.37, 75, 96, 171
349741.6.peg.1047.site.38, 78, 96, 174
349741.6.peg.1047.site.39, 2, 96, 98
349741.6.peg.1047.site.40, 6, 97, 103
349741.6.peg.1047.site.41, 37, 97, 134
349741.6.peg.1044.site.1, 7, 97, 104
349741.6.peg.1044.site.2, 30, 90, 120
349741.6.peg.1044.site.3, 2, 92, 94
349741.6.peg.1044.site.4, 2, 92, 94
349741.6.peg.1044.site.5, 5, 92, 97
349741.6.peg.1044.site.6, 22, 93, 115
349741.6.peg.1044.site.7, 3, 93, 96
349741.6.peg.1044.site.8, 2, 93, 95
349741.6.peg.1044.site.9, 3, 92, 95
349741.6.peg.1044.site.10, 5, 97, 102
349741.6.peg.1044.site.11, 67, 76, 143
349741.6.peg.1044.site.12, 15, 80, 95
349741.6.peg.1044.site.13, 2, 97, 99
349741.6.peg.1044.site.14, 24, 94, 118
349741.6.peg.1044.site.15, 27, 92, 119
349741.6.peg.1044.site.16, 3, 89, 92
349741.6.peg.1044.site.17, 3, 84, 87
349741.6.peg.1044.site.18, 4, 85, 89
349741.6.peg.1044.site.19, 81, 87, 168
349741.6.peg.1044.site.20, 23, 89, 112
349741.6.peg.1044.site.21, 1, 92, 93
349741.6.peg.1044.site.22, 92, 94, 186
349741.6.peg.1045.site.1, 11, 76, 87
349741.6.peg.1045.site.2, 19, 84, 103
349741.6.peg.1045.site.3, 35, 91, 126
349741.6.peg.1045.site.4, 4, 94, 98
349741.6.peg.1045.site.5, 26, 93, 119
349741.6.peg.1045.site.6, 37, 96, 133
349741.6.peg.1045.site.7, 29, 96, 125
349741.6.peg.1045.site.8, 0, 96, 96
349741.6.peg.1045.site.9, 1, 97, 98
349741.6.peg.1045.site.10, 4, 96, 100
349741.6.peg.1045.site.11, 2, 97, 99
349741.6.peg.1045.site.12, 7, 97, 104
349741.6.peg.1045.site.13, 5, 97, 102
349741.6.peg.1045.site.14, 3, 95, 98
349741.6.peg.1045.site.15, 23, 92, 115
349741.6.peg.1045.site.16, 1, 94, 95
349741.6.peg.1045.site.17, 5, 97, 102
349741.6.peg.1045.site.18, 5, 96, 101
349741.6.peg.1045.site.19, 4, 96, 100
349741.6.peg.1045.site.20, 23, 97, 120
349741.6.peg.1045.site.21, 7, 93, 100
349741.6.peg.1045.site.22, 1, 97, 98
349741.6.peg.1045.site.23, 6, 97, 103
349741.6.peg.1045.site.24, 2, 97, 99
349741.6.peg.1045.site.25, 7, 96, 103
349741.6.peg.1045.site.26, 2, 97, 99
349741.6.peg.1045.site.27, 2, 97, 99
349741.6.peg.1045.site.28, 0, 97, 97
349741.6.peg.1045.site.29, 15, 95, 110
349741.6.peg.1045.site.30, 1, 97, 98
349741.6.peg.1045.site.31, 1, 97, 98
349741.6.peg.1045.site.32, 15, 97, 112
349741.6.peg.1045.site.33, 25, 97, 122
349741.6.peg.1045.site.34, 3, 97, 100
349741.6.peg.1042.site.1, 16, 16, 32
349741.6.peg.1042.site.2, 9, 16, 25
349741.6.peg.1042.site.3, 15, 16, 31
349741.6.peg.1042.site.4, 4, 20, 24
349741.6.peg.1042.site.5, 7, 23, 30
349741.6.peg.1042.site.6, 6, 55, 61
349741.6.peg.1042.site.7, 6, 71, 77
349741.6.peg.1042.site.8, 6, 62, 68
349741.6.peg.1042.site.9, 6, 84, 90
349741.6.peg.1042.site.10, 65, 81, 146
349741.6.peg.1042.site.11, 79, 95, 174
349741.6.peg.1042.site.12, 80, 96, 176
349741.6.peg.1042.site.13, 83, 97, 180
349741.6.peg.1042.site.14, 9, 17, 26
349741.6.peg.1042.site.15, 6, 16, 22
349741.6.peg.1042.site.16, 16, 16, 32
349741.6.peg.1042.site.17, 8, 16, 24
349741.6.peg.1042.site.18, 14, 16, 30
349741.6.peg.1042.site.19, 15, 16, 31
349741.6.peg.1042.site.20, 3, 16, 19
349741.6.peg.1042.site.21, 16, 16, 32
349741.6.peg.1042.site.22, 2, 16, 18
349741.6.peg.1042.site.23, 20, 41, 61
349741.6.peg.1042.site.24, 81, 97, 178
349741.6.peg.1042.site.25, 4, 97, 101
349741.6.peg.1042.site.26, 79, 95, 174
349741.6.peg.1042.site.27, 81, 97, 178
349741.6.peg.1042.site.28, 0, 97, 97
349741.6.peg.1042.site.29, 81, 97, 178
349741.6.peg.1042.site.30, 74, 90, 164
349741.6.peg.1042.site.31, 76, 92, 168
349741.6.peg.1042.site.32, 75, 91, 166
349741.6.peg.1042.site.33, 78, 93, 171
349741.6.peg.1042.site.34, 74, 90, 164
349741.6.peg.1042.site.35, 78, 94, 172
349741.6.peg.1042.site.36, 73, 89, 162
349741.6.peg.1042.site.37, 79, 95, 174
349741.6.peg.1042.site.38, 81, 97, 178
349741.6.peg.1042.site.39, 77, 93, 170
349741.6.peg.1042.site.40, 8, 91, 99
349741.6.peg.1042.site.41, 81, 97, 178
349741.6.peg.1042.site.42, 80, 96, 176
349741.6.peg.1042.site.43, 8, 97, 105
349741.6.peg.1042.site.44, 81, 97, 178
349741.6.peg.1042.site.45, 81, 97, 178
349741.6.peg.1042.site.46, 73, 97, 170
349741.6.peg.1042.site.47, 81, 97, 178
349741.6.peg.1042.site.48, 97, 97, 194
349741.6.peg.1042.site.49, 3, 97, 100
349741.6.peg.1042.site.50, 1, 97, 98
349741.6.peg.1042.site.51, 3, 97, 100
349741.6.peg.1042.site.52, 2, 97, 99
349741.6.peg.1042.site.53, 1, 97, 98
349741.6.peg.1042.site.54, 80, 95, 175
349741.6.peg.1042.site.55, 77, 97, 174
349741.6.peg.1042.site.56, 5, 82, 87
349741.6.peg.1042.site.57, 5, 80, 85
349741.6.peg.1042.site.58, 58, 78, 136
349741.6.peg.1042.site.59, 67, 80, 147
349741.6.peg.1043.site.1, 4, 51, 55
349741.6.peg.1043.site.2, 2, 47, 49
349741.6.peg.1043.site.3, 6, 32, 38
349741.6.peg.1043.site.4, 8, 24, 32
349741.6.peg.1043.site.5, 3, 22, 25
349741.6.peg.1043.site.6, 3, 16, 19
349741.6.peg.1043.site.7, 16, 16, 32
349741.6.peg.1043.site.8, 11, 16, 27
349741.6.peg.1043.site.9, 76, 92, 168
349741.6.peg.1043.site.10, 1, 90, 91
349741.6.peg.1043.site.11, 1, 89, 90
349741.6.peg.1043.site.12, 63, 79, 142
349741.6.peg.1043.site.13, 58, 74, 132
349741.6.peg.1043.site.14, 2, 16, 18
349741.6.peg.1043.site.15, 38, 58, 96
349741.6.peg.1043.site.16, 49, 60, 109
349741.6.peg.1043.site.17, 54, 69, 123
349741.6.peg.1043.site.18, 10, 75, 85
349741.6.peg.1043.site.19, 5, 81, 86
349741.6.peg.1043.site.20, 10, 82, 92
349741.6.peg.1043.site.21, 9, 85, 94
349741.6.peg.1043.site.22, 4, 94, 98
349741.6.peg.1043.site.23, 38, 96, 134
349741.6.peg.1043.site.24, 7, 97, 104
349741.6.peg.1043.site.25, 3, 96, 99
349741.6.peg.1043.site.26, 18, 97, 115
349741.6.peg.1043.site.27, 2, 97, 99
349741.6.peg.1043.site.28, 5, 97, 102
349741.6.peg.1043.site.29, 7, 96, 103
349741.6.peg.1043.site.30, 18, 97, 115
349741.6.peg.1043.site.31, 63, 97, 160
349741.6.peg.1043.site.32, 3, 97, 100
349741.6.peg.1043.site.33, 18, 97, 115
349741.6.peg.1043.site.34, 16, 97, 113
349741.6.peg.1043.site.35, 9, 97, 106
349741.6.peg.1043.site.36, 15, 96, 111
349741.6.peg.1043.site.37, 6, 96, 102
349741.6.peg.1043.site.38, 61, 77, 138
349741.6.peg.1043.site.39, 1, 56, 57
349741.6.peg.1043.site.40, 2, 88, 90
349741.6.peg.1043.site.41, 5, 89, 94
349741.6.peg.1043.site.42, 8, 72, 80
349741.6.peg.1043.site.43, 2, 66, 68
349741.6.peg.1043.site.44, 15, 79, 94
349741.6.peg.1040.site.1, 2, 92, 94
349741.6.peg.1040.site.2, 80, 96, 176
349741.6.peg.1040.site.3, 1, 87, 88
349741.6.peg.1040.site.4, 76, 92, 168
349741.6.peg.1040.site.5, 75, 91, 166
349741.6.peg.1040.site.6, 3, 95, 98
349741.6.peg.1040.site.7, 74, 90, 164
349741.6.peg.1040.site.8, 36, 84, 120
349741.6.peg.1040.site.9, 58, 79, 137
349741.6.peg.1040.site.10, 7, 96, 103
349741.6.peg.1040.site.11, 75, 96, 171
349741.6.peg.1040.site.12, 22, 43, 65
349741.6.peg.1040.site.13, 65, 86, 151
349741.6.peg.1040.site.14, 2, 97, 99
349741.6.peg.1040.site.15, 76, 97, 173
349741.6.peg.1040.site.16, 0, 97, 97
349741.6.peg.1040.site.17, 11, 97, 108
349741.6.peg.1040.site.18, 81, 97, 178
349741.6.peg.1040.site.19, 81, 97, 178
349741.6.peg.1040.site.20, 2, 96, 98
349741.6.peg.1040.site.21, 60, 76, 136
349741.6.peg.1040.site.22, 51, 67, 118
349741.6.peg.1040.site.23, 21, 37, 58
349741.6.peg.1040.site.24, 31, 39, 70
349741.6.peg.1040.site.25, 3, 34, 37
349741.6.peg.1040.site.26, 82, 95, 177
349741.6.peg.1040.site.27, 84, 96, 180
349741.6.peg.1040.site.28, 0, 94, 94
349741.6.peg.1040.site.29, 70, 94, 164
349741.6.peg.1040.site.30, 83, 93, 176
349741.6.peg.1040.site.31, 3, 94, 97
349741.6.peg.1040.site.32, 2, 94, 96
349741.6.peg.1040.site.33, 3, 92, 95
349741.6.peg.1040.site.34, 3, 89, 92
349741.6.peg.1040.site.35, 18, 34, 52
349741.6.peg.1040.site.36, 17, 33, 50
349741.6.peg.1040.site.37, 7, 21, 28
349741.6.peg.1040.site.38, 7, 23, 30
349741.6.peg.1040.site.39, 3, 21, 24
349741.6.peg.1040.site.40, 76, 92, 168
349741.6.peg.1040.site.41, 0, 97, 97
349741.6.peg.1040.site.42, 23, 97, 120
349741.6.peg.1040.site.43, 16, 97, 113
349741.6.peg.1040.site.44, 97, 97, 194
349741.6.peg.1040.site.45, 97, 97, 194
349741.6.peg.1040.site.46, 97, 97, 194
349741.6.peg.1040.site.47, 56, 62, 118
349741.6.peg.1109.site.1, 15, 97, 112
349741.6.peg.1109.site.2, 32, 84, 116
349741.6.peg.1109.site.3, 32, 71, 103
349741.6.peg.1109.site.4, 1, 76, 77
349741.6.peg.1109.site.5, 42, 79, 121
349741.6.peg.1109.site.6, 7, 82, 89
349741.6.peg.1109.site.7, 46, 84, 130
349741.6.peg.1109.site.8, 36, 74, 110
349741.6.peg.1109.site.9, 28, 66, 94
349741.6.peg.1109.site.10, 5, 55, 60
349741.6.peg.1109.site.11, 1, 52, 53
349741.6.peg.1109.site.12, 7, 57, 64
349741.6.peg.1109.site.13, 21, 71, 92
349741.6.peg.1109.site.14, 81, 87, 168
349741.6.peg.1109.site.15, 31, 97, 128
349741.6.peg.1109.site.16, 8, 97, 105
349741.6.peg.1109.site.17, 2, 97, 99
349741.6.peg.1109.site.18, 24, 97, 121
349741.6.peg.1109.site.19, 40, 94, 134
349741.6.peg.1109.site.20, 24, 97, 121
349741.6.peg.1109.site.21, 0, 97, 97
349741.6.peg.1109.site.22, 24, 97, 121
349741.6.peg.1109.site.23, 3, 97, 100
349741.6.peg.1109.site.24, 24, 97, 121
349741.6.peg.1108.site.1, 68, 97, 165
349741.6.peg.1108.site.2, 68, 97, 165
349741.6.peg.1108.site.3, 68, 97, 165
349741.6.peg.1108.site.4, 67, 96, 163
349741.6.peg.1108.site.5, 2, 96, 98
349741.6.peg.1108.site.6, 72, 86, 158
349741.6.peg.1108.site.7, 68, 84, 152
349741.6.peg.1108.site.8, 27, 63, 90
349741.6.peg.1108.site.9, 47, 96, 143
349741.6.peg.1108.site.10, 34, 96, 130
349741.6.peg.1108.site.11, 49, 97, 146
349741.6.peg.1108.site.12, 2, 97, 99
349741.6.peg.1103.site.1, 1, 97, 98
349741.6.peg.1103.site.2, 97, 97, 194
349741.6.peg.1103.site.3, 84, 97, 181
349741.6.peg.1103.site.4, 81, 97, 178
349741.6.peg.1103.site.5, 3, 97, 100
349741.6.peg.1103.site.6, 81, 97, 178
349741.6.peg.1103.site.7, 1, 97, 98
349741.6.peg.1103.site.8, 8, 97, 105
349741.6.peg.1103.site.9, 2, 97, 99
349741.6.peg.1103.site.10, 81, 97, 178
349741.6.peg.1103.site.11, 1, 97, 98
349741.6.peg.1103.site.12, 3, 97, 100
349741.6.peg.1103.site.13, 4, 96, 100
349741.6.peg.1103.site.14, 2, 97, 99
349741.6.peg.1103.site.15, 81, 97, 178
349741.6.peg.1103.site.16, 3, 97, 100
349741.6.peg.1103.site.17, 20, 97, 117
349741.6.peg.1103.site.18, 1, 97, 98
349741.6.peg.1103.site.19, 4, 97, 101
349741.6.peg.1103.site.20, 2, 97, 99
349741.6.peg.1103.site.21, 81, 96, 177
349741.6.peg.1103.site.22, 81, 96, 177
349741.6.peg.1103.site.23, 81, 97, 178
349741.6.peg.1103.site.24, 81, 97, 178
349741.6.peg.1103.site.25, 81, 97, 178
349741.6.peg.1103.site.26, 94, 97, 191
349741.6.peg.1103.site.27, 39, 97, 136
349741.6.peg.1103.site.28, 1, 97, 98
349741.6.peg.1103.site.29, 18, 97, 115
349741.6.peg.1103.site.30, 83, 97, 180
349741.6.peg.1103.site.31, 23, 97, 120
349741.6.peg.1103.site.32, 81, 97, 178
349741.6.peg.1103.site.33, 90, 97, 187
349741.6.peg.1103.site.34, 4, 97, 101
349741.6.peg.1103.site.35, 90, 97, 187
349741.6.peg.1103.site.36, 90, 97, 187
349741.6.peg.1103.site.37, 90, 97, 187
349741.6.peg.1103.site.38, 4, 97, 101
349741.6.peg.1103.site.39, 70, 97, 167
349741.6.peg.1103.site.40, 2, 97, 99
349741.6.peg.1103.site.41, 79, 95, 174
349741.6.peg.1103.site.42, 83, 96, 179
349741.6.peg.1103.site.43, 4, 93, 97
349741.6.peg.1103.site.44, 4, 97, 101
349741.6.peg.1103.site.45, 12, 97, 109
349741.6.peg.1101.site.1, 11, 23, 34
349741.6.peg.1101.site.2, 24, 24, 48
349741.6.peg.1101.site.3, 1, 29, 30
349741.6.peg.1101.site.4, 4, 81, 85
349741.6.peg.1101.site.5, 25, 97, 122
349741.6.peg.1101.site.6, 81, 97, 178
349741.6.peg.1101.site.7, 9, 97, 106
349741.6.peg.1101.site.8, 3, 97, 100
349741.6.peg.1101.site.9, 61, 97, 158
349741.6.peg.1101.site.10, 4, 97, 101
349741.6.peg.1101.site.11, 5, 97, 102
349741.6.peg.1101.site.12, 81, 97, 178
349741.6.peg.1101.site.13, 81, 97, 178
349741.6.peg.1101.site.14, 88, 97, 185
349741.6.peg.1101.site.15, 3, 97, 100
349741.6.peg.1101.site.16, 1, 97, 98
349741.6.peg.1101.site.17, 4, 97, 101
349741.6.peg.1101.site.18, 1, 97, 98
349741.6.peg.1101.site.19, 2, 96, 98
349741.6.peg.1101.site.20, 78, 94, 172
349741.6.peg.1101.site.21, 3, 96, 99
349741.6.peg.1101.site.22, 78, 96, 174
349741.6.peg.1101.site.23, 4, 97, 101
349741.6.peg.1101.site.24, 4, 97, 101
349741.6.peg.1101.site.25, 81, 97, 178
349741.6.peg.1101.site.26, 2, 97, 99
349741.6.peg.1101.site.27, 14, 97, 111
349741.6.peg.1101.site.28, 3, 97, 100
349741.6.peg.1101.site.29, 81, 97, 178
349741.6.peg.1101.site.30, 12, 97, 109
349741.6.peg.1101.site.31, 1, 97, 98
349741.6.peg.1101.site.32, 2, 97, 99
349741.6.peg.1101.site.33, 81, 97, 178
349741.6.peg.1101.site.34, 80, 96, 176
349741.6.peg.1101.site.35, 7, 96, 103
349741.6.peg.1101.site.36, 79, 95, 174
349741.6.peg.1101.site.37, 3, 97, 100
349741.6.peg.1101.site.38, 21, 97, 118
349741.6.peg.1101.site.39, 81, 97, 178
349741.6.peg.1101.site.40, 81, 97, 178
349741.6.peg.1101.site.41, 93, 97, 190
349741.6.peg.1101.site.42, 12, 97, 109
349741.6.peg.1101.site.43, 3, 97, 100
349741.6.peg.1101.site.44, 1, 97, 98
349741.6.peg.1101.site.45, 2, 97, 99
349741.6.peg.1101.site.46, 81, 97, 178
349741.6.peg.1101.site.47, 4, 96, 100
349741.6.peg.1101.site.48, 58, 96, 154
349741.6.peg.1101.site.49, 75, 97, 172
349741.6.peg.1101.site.50, 1, 97, 98
349741.6.peg.1100.site.1, 89, 97, 186
349741.6.peg.1100.site.2, 3, 97, 100
349741.6.peg.1100.site.3, 2, 97, 99
349741.6.peg.1100.site.4, 1, 97, 98
349741.6.peg.1100.site.5, 6, 96, 102
349741.6.peg.1100.site.6, 12, 95, 107
349741.6.peg.1100.site.7, 2, 97, 99
349741.6.peg.1100.site.8, 13, 97, 110
349741.6.peg.1100.site.9, 81, 97, 178
349741.6.peg.1100.site.10, 1, 97, 98
349741.6.peg.1100.site.11, 81, 97, 178
349741.6.peg.1100.site.12, 12, 97, 109
349741.6.peg.1100.site.13, 4, 97, 101
349741.6.peg.1100.site.14, 84, 96, 180
349741.6.peg.1100.site.15, 3, 96, 99
349741.6.peg.1100.site.16, 1, 97, 98
349741.6.peg.1100.site.17, 8, 97, 105
349741.6.peg.1100.site.18, 1, 97, 98
349741.6.peg.1100.site.19, 1, 97, 98
349741.6.peg.1100.site.20, 79, 95, 174
349741.6.peg.1100.site.21, 81, 97, 178
349741.6.peg.1100.site.22, 88, 97, 185
349741.6.peg.1100.site.23, 10, 97, 107
349741.6.peg.1100.site.24, 4, 97, 101
349741.6.peg.1100.site.25, 0, 96, 96
349741.6.peg.1100.site.26, 0, 97, 97
349741.6.peg.1106.site.1, 72, 97, 169
349741.6.peg.1106.site.2, 2, 97, 99
349741.6.peg.1106.site.3, 72, 97, 169
349741.6.peg.1106.site.4, 9, 97, 106
349741.6.peg.1106.site.5, 2, 94, 96
349741.6.peg.1106.site.6, 68, 93, 161
349741.6.peg.1106.site.7, 70, 94, 164
349741.6.peg.1106.site.8, 2, 92, 94
349741.6.peg.1106.site.9, 54, 77, 131
349741.6.peg.1106.site.10, 10, 77, 87
349741.6.peg.1106.site.11, 1, 76, 77
349741.6.peg.1106.site.12, 38, 79, 117
349741.6.peg.1106.site.13, 51, 74, 125
349741.6.peg.1106.site.14, 55, 80, 135
349741.6.peg.1106.site.15, 65, 89, 154
349741.6.peg.1106.site.16, 67, 91, 158
349741.6.peg.1106.site.17, 19, 94, 113
349741.6.peg.1106.site.18, 70, 95, 165
349741.6.peg.1106.site.19, 95, 95, 190
349741.6.peg.1106.site.20, 71, 96, 167
349741.6.peg.1106.site.21, 71, 96, 167
349741.6.peg.1106.site.22, 72, 97, 169
349741.6.peg.1105.site.1, 81, 97, 178
349741.6.peg.1105.site.2, 8, 96, 104
349741.6.peg.1105.site.3, 7, 96, 103
349741.6.peg.1105.site.4, 0, 96, 96
349741.6.peg.1105.site.5, 2, 95, 97
349741.6.peg.1105.site.6, 4, 71, 75
349741.6.peg.1105.site.7, 26, 31, 57
349741.6.peg.1105.site.8, 27, 97, 124
349741.6.peg.1105.site.9, 45, 97, 142
349741.6.peg.1105.site.10, 81, 97, 178
349741.6.peg.1105.site.11, 26, 96, 122
349741.6.peg.1105.site.12, 4, 97, 101
349741.6.peg.1105.site.13, 81, 96, 177
349741.6.peg.1105.site.14, 2, 96, 98
349741.6.peg.1105.site.15, 84, 96, 180
349741.6.peg.1105.site.16, 63, 79, 142
349741.6.peg.1105.site.17, 54, 70, 124
349741.6.peg.1105.site.18, 3, 78, 81
349741.6.peg.1105.site.19, 14, 87, 101
349741.6.peg.1105.site.20, 2, 95, 97
349741.6.peg.1105.site.21, 17, 95, 112
349741.6.peg.1105.site.22, 79, 95, 174
349741.6.peg.1105.site.23, 2, 90, 92
349741.6.peg.1105.site.24, 75, 86, 161
349741.6.peg.1105.site.25, 0, 75, 75
349741.6.peg.1105.site.26, 63, 79, 142
349741.6.peg.1105.site.27, 67, 83, 150
349741.6.peg.1105.site.28, 2, 91, 93
349741.6.peg.1105.site.29, 77, 93, 170
349741.6.peg.1105.site.30, 67, 92, 159
349741.6.peg.1105.site.31, 60, 85, 145
349741.6.peg.1105.site.32, 9, 67, 76
349741.6.peg.1105.site.33, 41, 66, 107
349741.6.peg.1105.site.34, 76, 83, 159
349741.6.peg.1105.site.35, 65, 90, 155
349741.6.peg.1105.site.36, 72, 97, 169
349741.6.peg.1104.site.1, 31, 97, 128
349741.6.peg.1104.site.2, 40, 97, 137
349741.6.peg.1104.site.3, 88, 97, 185
349741.6.peg.1104.site.4, 4, 97, 101
349741.6.peg.1104.site.5, 81, 97, 178
349741.6.peg.1104.site.6, 0, 97, 97
349741.6.peg.1104.site.7, 8, 95, 103
349741.6.peg.1104.site.8, 75, 91, 166
349741.6.peg.1104.site.9, 76, 92, 168
349741.6.peg.1104.site.10, 77, 94, 171
349741.6.peg.1104.site.11, 86, 91, 177
349741.6.peg.1104.site.12, 4, 94, 98
349741.6.peg.1104.site.13, 92, 94, 186
349741.6.peg.1104.site.14, 79, 95, 174
349741.6.peg.1104.site.15, 3, 97, 100
349741.6.peg.1104.site.16, 0, 96, 96
349741.6.peg.1104.site.17, 11, 96, 107
349741.6.peg.1104.site.18, 1, 94, 95
349741.6.peg.1104.site.19, 3, 96, 99
349741.6.peg.1104.site.20, 4, 96, 100
349741.6.peg.1104.site.21, 81, 97, 178
349741.6.peg.1104.site.22, 85, 97, 182
349741.6.peg.1104.site.23, 2, 97, 99
349741.6.peg.1104.site.24, 5, 97, 102
349741.6.peg.1104.site.25, 3, 97, 100
349741.6.peg.1104.site.26, 1, 97, 98
349741.6.peg.848.site.1, 24, 97, 121
349741.6.peg.848.site.2, 1, 97, 98
349741.6.peg.848.site.3, 2, 97, 99
349741.6.peg.848.site.4, 31, 97, 128
349741.6.peg.848.site.5, 2, 95, 97
349741.6.peg.848.site.6, 1, 96, 97
349741.6.peg.848.site.7, 28, 95, 123
349741.6.peg.848.site.8, 2, 94, 96
349741.6.peg.848.site.9, 0, 95, 95
349741.6.peg.848.site.10, 12, 95, 107
349741.6.peg.848.site.11, 22, 92, 114
349741.6.peg.848.site.12, 8, 90, 98
349741.6.peg.848.site.13, 7, 85, 92
349741.6.peg.848.site.14, 2, 85, 87
349741.6.peg.848.site.15, 90, 91, 181
349741.6.peg.848.site.16, 2, 95, 97
349741.6.peg.848.site.17, 2, 96, 98
349741.6.peg.848.site.18, 3, 97, 100
349741.6.peg.848.site.19, 19, 97, 116
349741.6.peg.848.site.20, 22, 97, 119
349741.6.peg.848.site.21, 4, 97, 101
349741.6.peg.848.site.22, 28, 95, 123
349741.6.peg.848.site.23, 1, 97, 98
349741.6.peg.848.site.24, 4, 97, 101
349741.6.peg.849.site.1, 18, 97, 115
349741.6.peg.849.site.2, 27, 97, 124
349741.6.peg.849.site.3, 2, 97, 99
349741.6.peg.849.site.4, 97, 97, 194
349741.6.peg.849.site.5, 28, 97, 125
349741.6.peg.849.site.6, 31, 97, 128
349741.6.peg.849.site.7, 24, 95, 119
349741.6.peg.849.site.8, 1, 94, 95
349741.6.peg.849.site.9, 3, 87, 90
349741.6.peg.849.site.10, 9, 93, 102
349741.6.peg.849.site.11, 22, 94, 116
349741.6.peg.849.site.12, 23, 97, 120
349741.6.peg.849.site.13, 6, 97, 103
349741.6.peg.849.site.14, 16, 96, 112
349741.6.peg.849.site.15, 16, 96, 112
349741.6.peg.849.site.16, 14, 93, 107
349741.6.peg.849.site.17, 14, 93, 107
349741.6.peg.849.site.18, 21, 89, 110
349741.6.peg.849.site.19, 21, 89, 110
349741.6.peg.849.site.20, 2, 96, 98
349741.6.peg.849.site.21, 29, 97, 126
349741.6.peg.849.site.22, 29, 97, 126
349741.6.peg.849.site.23, 16, 97, 113
349741.6.peg.844.site.1, 3, 97, 100
349741.6.peg.844.site.2, 17, 97, 114
349741.6.peg.844.site.3, 2, 97, 99
349741.6.peg.844.site.4, 27, 97, 124
349741.6.peg.844.site.5, 2, 97, 99
349741.6.peg.844.site.6, 34, 96, 130
349741.6.peg.844.site.7, 4, 97, 101
349741.6.peg.844.site.8, 2, 97, 99
349741.6.peg.844.site.9, 2, 97, 99
349741.6.peg.844.site.10, 2, 97, 99
349741.6.peg.844.site.11, 62, 97, 159
349741.6.peg.844.site.12, 24, 97, 121
349741.6.peg.846.site.1, 41, 42, 83
349741.6.peg.846.site.2, 28, 39, 67
349741.6.peg.846.site.3, 5, 85, 90
349741.6.peg.846.site.4, 4, 96, 100
349741.6.peg.846.site.5, 9, 95, 104
349741.6.peg.846.site.6, 28, 96, 124
349741.6.peg.846.site.7, 10, 96, 106
349741.6.peg.846.site.8, 17, 97, 114
349741.6.peg.846.site.9, 27, 97, 124
349741.6.peg.846.site.10, 1, 97, 98
349741.6.peg.846.site.11, 2, 96, 98
349741.6.peg.846.site.12, 7, 96, 103
349741.6.peg.846.site.13, 3, 96, 99
349741.6.peg.847.site.1, 3, 97, 100
349741.6.peg.847.site.2, 2, 97, 99
349741.6.peg.847.site.3, 15, 97, 112
349741.6.peg.847.site.4, 0, 97, 97
349741.6.peg.847.site.5, 1, 97, 98
349741.6.peg.847.site.6, 21, 97, 118
349741.6.peg.847.site.7, 0, 97, 97
349741.6.peg.847.site.8, 9, 95, 104
349741.6.peg.840.site.1, 96, 97, 193
349741.6.peg.840.site.2, 62, 95, 157
349741.6.peg.840.site.3, 60, 91, 151
349741.6.peg.840.site.4, 2, 91, 93
349741.6.peg.840.site.5, 20, 96, 116
349741.6.peg.840.site.6, 86, 96, 182
349741.6.peg.840.site.7, 82, 96, 178
349741.6.peg.840.site.8, 3, 77, 80
349741.6.peg.840.site.9, 56, 73, 129
349741.6.peg.840.site.10, 56, 75, 131
349741.6.peg.840.site.11, 37, 85, 122
349741.6.peg.840.site.12, 26, 75, 101
349741.6.peg.840.site.13, 1, 19, 20
349741.6.peg.840.site.14, 14, 32, 46
349741.6.peg.840.site.15, 2, 56, 58
349741.6.peg.840.site.16, 50, 92, 142
349741.6.peg.840.site.17, 32, 94, 126
349741.6.peg.840.site.18, 7, 93, 100
349741.6.peg.840.site.19, 1, 76, 77
349741.6.peg.840.site.20, 13, 73, 86
349741.6.peg.840.site.21, 3, 59, 62
349741.6.peg.841.site.1, 4, 52, 56
349741.6.peg.841.site.2, 7, 93, 100
349741.6.peg.841.site.3, 26, 94, 120
349741.6.peg.841.site.4, 92, 97, 189
349741.6.peg.841.site.5, 29, 97, 126
349741.6.peg.841.site.6, 3, 97, 100
349741.6.peg.841.site.7, 90, 92, 182
349741.6.peg.841.site.8, 23, 90, 113
349741.6.peg.841.site.9, 28, 88, 116
349741.6.peg.841.site.10, 18, 79, 97
349741.6.peg.841.site.11, 71, 80, 151
349741.6.peg.841.site.12, 62, 78, 140
349741.6.peg.841.site.13, 17, 79, 96
349741.6.peg.841.site.14, 2, 94, 96
349741.6.peg.841.site.15, 28, 95, 123
349741.6.peg.841.site.16, 40, 95, 135
349741.6.peg.841.site.17, 46, 94, 140
349741.6.peg.841.site.18, 13, 95, 108
349741.6.peg.841.site.19, 22, 89, 111
349741.6.peg.841.site.20, 16, 66, 82
349741.6.peg.841.site.21, 29, 64, 93
349741.6.peg.841.site.22, 31, 47, 78
349741.6.peg.841.site.23, 1, 48, 49
349741.6.peg.841.site.24, 29, 49, 78
349741.6.peg.841.site.25, 28, 49, 77
349741.6.peg.841.site.26, 18, 52, 70
349741.6.peg.841.site.27, 9, 56, 65
349741.6.peg.841.site.28, 9, 57, 66
349741.6.peg.841.site.29, 56, 72, 128
349741.6.peg.841.site.30, 28, 76, 104
349741.6.peg.841.site.31, 2, 80, 82
349741.6.peg.841.site.32, 9, 81, 90
349741.6.peg.841.site.33, 37, 90, 127
349741.6.peg.841.site.34, 43, 94, 137
349741.6.peg.841.site.35, 41, 92, 133
349741.6.peg.841.site.36, 2, 94, 96
349741.6.peg.841.site.37, 35, 97, 132
349741.6.peg.841.site.38, 44, 97, 141
349741.6.peg.841.site.39, 9, 97, 106
349741.6.peg.841.site.40, 45, 96, 141
349741.6.peg.841.site.41, 10, 97, 107
349741.6.peg.841.site.42, 15, 97, 112
349741.6.peg.841.site.43, 4, 97, 101
349741.6.peg.841.site.44, 2, 96, 98
349741.6.peg.841.site.45, 5, 93, 98
349741.6.peg.841.site.46, 30, 91, 121
349741.6.peg.841.site.47, 2, 90, 92
349741.6.peg.842.site.1, 1, 94, 95
349741.6.peg.842.site.2, 2, 96, 98
349741.6.peg.842.site.3, 8, 95, 103
349741.6.peg.842.site.4, 1, 94, 95
349741.6.peg.842.site.5, 7, 94, 101
349741.6.peg.842.site.6, 1, 95, 96
349741.6.peg.842.site.7, 46, 95, 141
349741.6.peg.842.site.8, 9, 96, 105
349741.6.peg.842.site.9, 2, 96, 98
349741.6.peg.842.site.10, 9, 96, 105
349741.6.peg.842.site.11, 80, 97, 177
349741.6.peg.842.site.12, 10, 97, 107
349741.6.peg.842.site.13, 2, 97, 99
349741.6.peg.842.site.14, 9, 96, 105
349741.6.peg.842.site.15, 1, 95, 96
349741.6.peg.842.site.16, 37, 95, 132
349741.6.peg.842.site.17, 92, 94, 186
349741.6.peg.843.site.1, 7, 95, 102
349741.6.peg.843.site.2, 16, 95, 111
349741.6.peg.843.site.3, 8, 95, 103
349741.6.peg.843.site.4, 37, 95, 132
349741.6.peg.843.site.5, 7, 95, 102
349741.6.peg.843.site.6, 8, 96, 104
349741.6.peg.843.site.7, 6, 94, 100
349741.6.peg.843.site.8, 53, 96, 149
349741.6.peg.843.site.9, 1, 95, 96
349741.6.peg.843.site.10, 2, 97, 99
349741.6.peg.843.site.11, 3, 96, 99
349741.6.peg.843.site.12, 2, 96, 98
349741.6.peg.843.site.13, 41, 97, 138
349741.6.peg.843.site.14, 21, 97, 118
349741.6.peg.843.site.15, 48, 97, 145
349741.6.peg.843.site.16, 21, 97, 118
349741.6.peg.843.site.17, 3, 95, 98
349741.6.peg.843.site.18, 3, 97, 100
349741.6.peg.843.site.19, 24, 96, 120
349741.6.peg.843.site.20, 24, 97, 121
349741.6.peg.843.site.21, 3, 95, 98
349741.6.peg.843.site.22, 4, 95, 99
349741.6.peg.843.site.23, 2, 96, 98
349741.6.peg.843.site.24, 6, 85, 91
349741.6.peg.843.site.25, 5, 84, 89
349741.6.peg.843.site.26, 2, 80, 82
349741.6.peg.843.site.27, 3, 78, 81
349741.6.peg.843.site.28, 26, 83, 109
349741.6.peg.843.site.29, 39, 82, 121
349741.6.peg.843.site.30, 97, 97, 194
349741.6.peg.843.site.31, 2, 97, 99
349741.6.peg.843.site.32, 3, 97, 100
349741.6.peg.843.site.33, 24, 97, 121
349741.6.peg.843.site.34, 7, 97, 104
349741.6.peg.843.site.35, 74, 97, 171
349741.6.peg.843.site.36, 2, 97, 99
349741.6.peg.843.site.37, 3, 96, 99
349741.6.peg.1011.site.1, 13, 97, 110
349741.6.peg.1011.site.2, 11, 97, 108
349741.6.peg.1011.site.3, 11, 95, 106
349741.6.peg.1011.site.4, 9, 95, 104
349741.6.peg.1011.site.5, 5, 89, 94
349741.6.peg.1011.site.6, 78, 86, 164
349741.6.peg.1011.site.7, 4, 89, 93
349741.6.peg.1011.site.8, 11, 92, 103
349741.6.peg.1011.site.9, 10, 96, 106
349741.6.peg.1011.site.10, 2, 96, 98
349741.6.peg.1011.site.11, 68, 97, 165
349741.6.peg.1011.site.12, 71, 97, 168
349741.6.peg.1011.site.13, 19, 96, 115
349741.6.peg.1011.site.14, 1, 95, 96
349741.6.peg.1011.site.15, 52, 96, 148
349741.6.peg.1011.site.16, 0, 97, 97
349741.6.peg.1011.site.17, 89, 97, 186
349741.6.peg.1011.site.18, 3, 97, 100
349741.6.peg.1011.site.19, 28, 97, 125
349741.6.peg.1011.site.20, 65, 97, 162
349741.6.peg.1011.site.21, 1, 96, 97
349741.6.peg.1011.site.22, 5, 96, 101
349741.6.peg.1011.site.23, 1, 97, 98
349741.6.peg.1011.site.24, 76, 97, 173
349741.6.peg.1011.site.25, 4, 97, 101
349741.6.peg.1011.site.26, 69, 97, 166
349741.6.peg.1011.site.27, 19, 97, 116
349741.6.peg.1011.site.28, 36, 97, 133
349741.6.peg.1011.site.29, 31, 97, 128
349741.6.peg.1011.site.30, 89, 97, 186
349741.6.peg.1011.site.31, 68, 96, 164
349741.6.peg.1011.site.32, 14, 79, 93
349741.6.peg.1011.site.33, 8, 88, 96
349741.6.peg.1011.site.34, 19, 95, 114
349741.6.peg.1011.site.35, 45, 97, 142
349741.6.peg.1011.site.36, 30, 97, 127
349741.6.peg.1011.site.37, 2, 97, 99
349741.6.peg.1011.site.38, 2, 97, 99
349741.6.peg.1011.site.39, 33, 96, 129
349741.6.peg.1011.site.40, 4, 97, 101
349741.6.peg.1011.site.41, 4, 97, 101
349741.6.peg.1011.site.42, 30, 97, 127
349741.6.peg.1011.site.43, 30, 97, 127
349741.6.peg.1011.site.44, 2, 90, 92
349741.6.peg.1011.site.45, 4, 79, 83
349741.6.peg.1011.site.46, 40, 67, 107
349741.6.peg.1011.site.47, 8, 67, 75
349741.6.peg.1011.site.48, 1, 67, 68
349741.6.peg.1011.site.49, 4, 67, 71
349741.6.peg.1011.site.50, 59, 66, 125
349741.6.peg.1011.site.51, 63, 66, 129
349741.6.peg.1011.site.52, 51, 66, 117
349741.6.peg.1011.site.53, 56, 66, 122
349741.6.peg.1011.site.54, 59, 67, 126
349741.6.peg.1011.site.55, 2, 69, 71
349741.6.peg.1011.site.56, 8, 74, 82
349741.6.peg.1011.site.57, 84, 87, 171
349741.6.peg.1011.site.58, 26, 93, 119
349741.6.peg.1011.site.59, 18, 95, 113
349741.6.peg.1011.site.60, 6, 97, 103
349741.6.peg.1011.site.61, 30, 97, 127
349741.6.peg.1011.site.62, 29, 96, 125
349741.6.peg.1011.site.63, 29, 96, 125
349741.6.peg.1011.site.64, 30, 97, 127
349741.6.peg.1011.site.65, 20, 97, 117
349741.6.peg.1011.site.66, 26, 75, 101
349741.6.peg.1011.site.67, 14, 73, 87
349741.6.peg.1011.site.68, 26, 74, 100
349741.6.peg.1011.site.69, 22, 82, 104
349741.6.peg.1011.site.70, 26, 88, 114
349741.6.peg.1011.site.71, 30, 90, 120
349741.6.peg.1011.site.72, 23, 83, 106
349741.6.peg.1011.site.73, 23, 83, 106
349741.6.peg.1011.site.74, 24, 84, 108
349741.6.peg.1011.site.75, 8, 85, 93
349741.6.peg.1011.site.76, 3, 87, 90
349741.6.peg.1011.site.77, 37, 97, 134
349741.6.peg.1011.site.78, 35, 95, 130
349741.6.peg.1011.site.79, 39, 96, 135
349741.6.peg.1011.site.80, 2, 96, 98
349741.6.peg.1011.site.81, 1, 96, 97
349741.6.peg.1011.site.82, 35, 84, 119
349741.6.peg.1011.site.83, 15, 86, 101
349741.6.peg.1011.site.84, 3, 87, 90
349741.6.peg.1011.site.85, 25, 81, 106
349741.6.peg.1011.site.86, 29, 82, 111
349741.6.peg.1011.site.87, 38, 91, 129
349741.6.peg.1011.site.88, 5, 80, 85
349741.6.peg.1011.site.89, 10, 52, 62
349741.6.peg.1219.site.1, 49, 97, 146
349741.6.peg.1219.site.2, 9, 97, 106
349741.6.peg.1219.site.3, 8, 97, 105
349741.6.peg.1219.site.4, 8, 97, 105
349741.6.peg.1219.site.5, 1, 97, 98
349741.6.peg.1219.site.6, 1, 97, 98
349741.6.peg.1219.site.7, 33, 97, 130
349741.6.peg.1219.site.8, 0, 97, 97
349741.6.peg.1219.site.9, 20, 96, 116
349741.6.peg.1219.site.10, 2, 97, 99
349741.6.peg.1219.site.11, 93, 97, 190
349741.6.peg.1219.site.12, 2, 97, 99
349741.6.peg.1219.site.13, 0, 97, 97
349741.6.peg.1219.site.14, 8, 97, 105
349741.6.peg.1219.site.15, 22, 96, 118
349741.6.peg.1219.site.16, 1, 97, 98
349741.6.peg.1219.site.17, 25, 97, 122
349741.6.peg.1219.site.18, 42, 97, 139
349741.6.peg.1219.site.19, 2, 94, 96
349741.6.peg.1219.site.20, 11, 95, 106
349741.6.peg.1219.site.21, 93, 95, 188
349741.6.peg.1219.site.22, 2, 95, 97
349741.6.peg.1219.site.23, 9, 95, 104
349741.6.peg.1219.site.24, 2, 97, 99
349741.6.peg.1219.site.25, 5, 97, 102
349741.6.peg.1219.site.26, 0, 97, 97
349741.6.peg.1219.site.27, 0, 96, 96
349741.6.peg.1219.site.28, 0, 96, 96
349741.6.peg.1219.site.29, 55, 97, 152
349741.6.peg.1219.site.30, 11, 97, 108
349741.6.peg.1219.site.31, 0, 96, 96
349741.6.peg.1219.site.32, 1, 97, 98
349741.6.peg.1219.site.33, 34, 96, 130
349741.6.peg.1219.site.34, 34, 97, 131
349741.6.peg.1219.site.35, 6, 97, 103
349741.6.peg.1219.site.36, 5, 96, 101
349741.6.peg.1218.site.1, 22, 97, 119
349741.6.peg.1218.site.2, 7, 97, 104
349741.6.peg.1218.site.3, 1, 97, 98
349741.6.peg.1218.site.4, 2, 97, 99
349741.6.peg.1218.site.5, 6, 97, 103
349741.6.peg.1218.site.6, 30, 96, 126
349741.6.peg.1218.site.7, 22, 97, 119
349741.6.peg.1218.site.8, 1, 97, 98
349741.6.peg.1218.site.9, 0, 97, 97
349741.6.peg.1218.site.10, 2, 96, 98
349741.6.peg.1218.site.11, 22, 95, 117
349741.6.peg.1218.site.12, 2, 97, 99
349741.6.peg.1218.site.13, 22, 97, 119
349741.6.peg.1218.site.14, 22, 97, 119
349741.6.peg.1217.site.1, 3, 92, 95
349741.6.peg.1217.site.2, 4, 94, 98
349741.6.peg.1217.site.3, 4, 95, 99
349741.6.peg.1217.site.4, 4, 94, 98
349741.6.peg.1217.site.5, 6, 94, 100
349741.6.peg.1217.site.6, 6, 95, 101
349741.6.peg.1217.site.7, 1, 95, 96
349741.6.peg.1217.site.8, 6, 91, 97
349741.6.peg.1217.site.9, 1, 90, 91
349741.6.peg.1217.site.10, 4, 96, 100
349741.6.peg.1217.site.11, 0, 97, 97
349741.6.peg.1217.site.12, 7, 97, 104
349741.6.peg.1217.site.13, 24, 96, 120
349741.6.peg.1217.site.14, 23, 89, 112
349741.6.peg.1217.site.15, 0, 95, 95
349741.6.peg.1217.site.16, 12, 95, 107
349741.6.peg.1217.site.17, 13, 92, 105
349741.6.peg.1217.site.18, 12, 91, 103
349741.6.peg.1217.site.19, 2, 82, 84
349741.6.peg.1217.site.20, 20, 69, 89
349741.6.peg.1217.site.21, 0, 50, 50
349741.6.peg.1217.site.22, 18, 52, 70
349741.6.peg.1217.site.23, 20, 58, 78
349741.6.peg.1217.site.24, 21, 59, 80
349741.6.peg.1217.site.25, 3, 73, 76
349741.6.peg.1217.site.26, 0, 81, 81
349741.6.peg.1217.site.27, 27, 83, 110
349741.6.peg.1217.site.28, 26, 82, 108
349741.6.peg.1217.site.29, 27, 89, 116
349741.6.peg.1217.site.30, 9, 92, 101
349741.6.peg.1217.site.31, 10, 94, 104
349741.6.peg.1217.site.32, 1, 97, 98
349741.6.peg.1217.site.33, 26, 96, 122
349741.6.peg.1217.site.34, 88, 97, 185
349741.6.peg.1216.site.1, 12, 88, 100
349741.6.peg.1216.site.2, 2, 93, 95
349741.6.peg.1216.site.3, 4, 95, 99
349741.6.peg.1216.site.4, 3, 91, 94
349741.6.peg.1216.site.5, 7, 90, 97
349741.6.peg.1216.site.6, 66, 88, 154
349741.6.peg.1216.site.7, 4, 89, 93
349741.6.peg.1216.site.8, 6, 90, 96
349741.6.peg.1216.site.9, 1, 90, 91
349741.6.peg.1216.site.10, 32, 93, 125
349741.6.peg.1216.site.11, 25, 90, 115
349741.6.peg.1216.site.12, 30, 90, 120
349741.6.peg.1216.site.13, 1, 90, 91
349741.6.peg.1216.site.14, 8, 89, 97
349741.6.peg.1216.site.15, 8, 34, 42
349741.6.peg.1216.site.16, 6, 31, 37
349741.6.peg.1216.site.17, 4, 23, 27
349741.6.peg.1216.site.18, 3, 21, 24
349741.6.peg.1216.site.19, 23, 39, 62
349741.6.peg.1216.site.20, 2, 40, 42
349741.6.peg.1216.site.21, 8, 48, 56
349741.6.peg.1216.site.22, 2, 48, 50
349741.6.peg.1216.site.23, 10, 48, 58
349741.6.peg.1216.site.24, 7, 47, 54
349741.6.peg.1216.site.25, 7, 47, 54
349741.6.peg.1216.site.26, 4, 47, 51
349741.6.peg.1216.site.27, 1, 48, 49
349741.6.peg.1216.site.28, 2, 48, 50
349741.6.peg.1216.site.29, 1, 47, 48
349741.6.peg.1216.site.30, 29, 47, 76
349741.6.peg.1216.site.31, 81, 83, 164
349741.6.peg.1216.site.32, 27, 88, 115
349741.6.peg.1216.site.33, 32, 89, 121
349741.6.peg.1216.site.34, 1, 89, 90
349741.6.peg.1216.site.35, 1, 88, 89
349741.6.peg.1215.site.1, 42, 97, 139
349741.6.peg.1215.site.2, 71, 97, 168
349741.6.peg.1215.site.3, 65, 97, 162
349741.6.peg.1215.site.4, 5, 95, 100
349741.6.peg.1215.site.5, 26, 94, 120
349741.6.peg.1215.site.6, 40, 94, 134
349741.6.peg.1215.site.7, 3, 94, 97
349741.6.peg.1215.site.8, 36, 90, 126
349741.6.peg.1215.site.9, 2, 89, 91
349741.6.peg.1215.site.10, 42, 90, 132
349741.6.peg.1215.site.11, 42, 90, 132
349741.6.peg.1215.site.12, 27, 96, 123
349741.6.peg.1215.site.13, 40, 94, 134
349741.6.peg.1215.site.14, 40, 93, 133
349741.6.peg.1215.site.15, 30, 79, 109
349741.6.peg.1215.site.16, 7, 63, 70
349741.6.peg.1215.site.17, 5, 70, 75
349741.6.peg.1215.site.18, 6, 86, 92
349741.6.peg.1215.site.19, 35, 90, 125
349741.6.peg.1215.site.20, 2, 89, 91
349741.6.peg.1215.site.21, 48, 96, 144
349741.6.peg.1215.site.22, 54, 97, 151
349741.6.peg.1215.site.23, 30, 77, 107
349741.6.peg.1215.site.24, 6, 71, 77
349741.6.peg.1215.site.25, 21, 72, 93
349741.6.peg.1215.site.26, 6, 90, 96
349741.6.peg.1215.site.27, 36, 90, 126
349741.6.peg.1215.site.28, 27, 94, 121
349741.6.peg.1215.site.29, 40, 93, 133
349741.6.peg.1215.site.30, 1, 94, 95
349741.6.peg.1215.site.31, 69, 93, 162
349741.6.peg.1215.site.32, 54, 91, 145
349741.6.peg.1215.site.33, 49, 93, 142
349741.6.peg.1215.site.34, 35, 97, 132
349741.6.peg.1215.site.35, 35, 97, 132
349741.6.peg.1215.site.36, 96, 97, 193
349741.6.peg.1215.site.37, 94, 97, 191
349741.6.peg.1215.site.38, 35, 95, 130
349741.6.peg.1215.site.39, 1, 91, 92
349741.6.peg.1215.site.40, 2, 86, 88
349741.6.peg.1215.site.41, 5, 93, 98
349741.6.peg.1215.site.42, 13, 96, 109
349741.6.peg.1215.site.43, 8, 97, 105
349741.6.peg.1215.site.44, 6, 97, 103
349741.6.peg.1215.site.45, 7, 96, 103
349741.6.peg.1215.site.46, 32, 95, 127
349741.6.peg.1215.site.47, 7, 95, 102
349741.6.peg.1215.site.48, 1, 92, 93
349741.6.peg.1215.site.49, 8, 92, 100
349741.6.peg.1215.site.50, 8, 91, 99
349741.6.peg.1215.site.51, 19, 91, 110
349741.6.peg.1215.site.52, 5, 84, 89
349741.6.peg.1215.site.53, 28, 84, 112
349741.6.peg.1215.site.54, 26, 81, 107
349741.6.peg.1215.site.55, 7, 87, 94
349741.6.peg.1215.site.56, 5, 92, 97
349741.6.peg.1215.site.57, 5, 90, 95
349741.6.peg.1215.site.58, 32, 85, 117
349741.6.peg.1215.site.59, 5, 90, 95
349741.6.peg.1215.site.60, 7, 90, 97
349741.6.peg.1215.site.61, 2, 90, 92
349741.6.peg.1215.site.62, 6, 89, 95
349741.6.peg.1214.site.1, 11, 96, 107
349741.6.peg.1214.site.2, 3, 96, 99
349741.6.peg.1214.site.3, 11, 97, 108
349741.6.peg.1214.site.4, 1, 97, 98
349741.6.peg.1214.site.5, 11, 97, 108
349741.6.peg.1214.site.6, 22, 96, 118
349741.6.peg.1214.site.7, 85, 97, 182
349741.6.peg.1214.site.8, 11, 97, 108
349741.6.peg.1214.site.9, 3, 97, 100
349741.6.peg.1214.site.10, 11, 97, 108
349741.6.peg.1214.site.11, 11, 97, 108
349741.6.peg.1214.site.12, 11, 97, 108
349741.6.peg.1214.site.13, 11, 97, 108
349741.6.peg.1214.site.14, 11, 97, 108
349741.6.peg.1214.site.15, 11, 97, 108
349741.6.peg.1214.site.16, 1, 97, 98
349741.6.peg.1214.site.17, 0, 96, 96
349741.6.peg.1214.site.18, 12, 97, 109
349741.6.peg.1214.site.19, 12, 97, 109
349741.6.peg.1214.site.20, 11, 97, 108
349741.6.peg.1214.site.21, 56, 97, 153
349741.6.peg.1214.site.22, 51, 97, 148
349741.6.peg.1214.site.23, 25, 97, 122
349741.6.peg.1214.site.24, 40, 97, 137
349741.6.peg.1214.site.25, 0, 97, 97
349741.6.peg.1214.site.26, 11, 97, 108
349741.6.peg.1214.site.27, 51, 97, 148
349741.6.peg.1214.site.28, 13, 97, 110
349741.6.peg.1214.site.29, 13, 97, 110
349741.6.peg.1214.site.30, 5, 97, 102
349741.6.peg.1214.site.31, 1, 97, 98
349741.6.peg.1214.site.32, 24, 97, 121
349741.6.peg.1214.site.33, 11, 97, 108
349741.6.peg.1214.site.34, 60, 97, 157
349741.6.peg.1214.site.35, 4, 97, 101
349741.6.peg.1214.site.36, 56, 93, 149
349741.6.peg.1214.site.37, 42, 90, 132
349741.6.peg.1214.site.38, 91, 92, 183
349741.6.peg.1214.site.39, 11, 96, 107
349741.6.peg.1214.site.40, 8, 87, 95
349741.6.peg.1214.site.41, 36, 84, 120
349741.6.peg.1214.site.42, 27, 48, 75
349741.6.peg.1214.site.43, 26, 47, 73
349741.6.peg.1214.site.44, 1, 49, 50
349741.6.peg.1213.site.1, 3, 97, 100
349741.6.peg.1213.site.2, 1, 97, 98
349741.6.peg.1213.site.3, 12, 96, 108
349741.6.peg.1213.site.4, 1, 97, 98
349741.6.peg.1213.site.5, 2, 97, 99
349741.6.peg.1213.site.6, 1, 97, 98
349741.6.peg.1213.site.7, 1, 97, 98
349741.6.peg.1213.site.8, 1, 96, 97
349741.6.peg.1213.site.9, 12, 95, 107
349741.6.peg.1213.site.10, 0, 96, 96
349741.6.peg.1213.site.11, 1, 97, 98
349741.6.peg.1212.site.1, 12, 97, 109
349741.6.peg.1212.site.2, 2, 97, 99
349741.6.peg.1212.site.3, 12, 97, 109
349741.6.peg.1212.site.4, 33, 97, 130
349741.6.peg.1212.site.5, 30, 97, 127
349741.6.peg.1212.site.6, 2, 97, 99
349741.6.peg.1212.site.7, 44, 97, 141
349741.6.peg.1212.site.8, 12, 96, 108
349741.6.peg.1212.site.9, 12, 97, 109
349741.6.peg.1212.site.10, 1, 97, 98
349741.6.peg.1212.site.11, 97, 97, 194
349741.6.peg.1212.site.12, 24, 97, 121
349741.6.peg.1212.site.13, 97, 97, 194
349741.6.peg.1212.site.14, 12, 97, 109
349741.6.peg.1212.site.15, 1, 97, 98
349741.6.peg.1212.site.16, 12, 97, 109
349741.6.peg.1212.site.17, 12, 96, 108
349741.6.peg.1212.site.18, 12, 97, 109
349741.6.peg.1211.site.1, 17, 95, 112
349741.6.peg.1211.site.2, 0, 95, 95
349741.6.peg.1211.site.3, 0, 96, 96
349741.6.peg.1211.site.4, 14, 96, 110
349741.6.peg.1211.site.5, 17, 97, 114
349741.6.peg.1211.site.6, 97, 97, 194
349741.6.peg.1211.site.7, 0, 96, 96
349741.6.peg.1211.site.8, 2, 97, 99
349741.6.peg.1211.site.9, 29, 97, 126
349741.6.peg.1211.site.10, 12, 97, 109
349741.6.peg.1211.site.11, 0, 97, 97
349741.6.peg.1211.site.12, 12, 97, 109
349741.6.peg.1210.site.1, 12, 96, 108
349741.6.peg.1210.site.2, 3, 97, 100
349741.6.peg.1210.site.3, 95, 97, 192
349741.6.peg.1210.site.4, 27, 97, 124
349741.6.peg.1210.site.5, 38, 97, 135
349741.6.peg.1210.site.6, 26, 96, 122
349741.6.peg.1210.site.7, 17, 96, 113
349741.6.peg.1210.site.8, 3, 97, 100
349741.6.peg.1210.site.9, 17, 96, 113
349741.6.peg.1210.site.10, 2, 95, 97
349741.6.peg.1210.site.11, 20, 96, 116
349741.6.peg.1210.site.12, 2, 94, 96
349741.6.peg.1018.site.1, 0, 84, 84
349741.6.peg.1018.site.2, 19, 96, 115
349741.6.peg.1018.site.3, 1, 95, 96
349741.6.peg.1018.site.4, 19, 97, 116
349741.6.peg.1018.site.5, 2, 97, 99
349741.6.peg.1018.site.6, 19, 94, 113
349741.6.peg.1018.site.7, 3, 96, 99
349741.6.peg.1018.site.8, 19, 97, 116
349741.6.peg.1018.site.9, 19, 97, 116
349741.6.peg.1018.site.10, 90, 97, 187
349741.6.peg.1018.site.11, 17, 97, 114
349741.6.peg.1018.site.12, 2, 96, 98
349741.6.peg.1018.site.13, 28, 95, 123
349741.6.peg.1018.site.14, 3, 96, 99
349741.6.peg.1018.site.15, 0, 97, 97
349741.6.peg.1018.site.16, 19, 96, 115
349741.6.peg.1018.site.17, 17, 96, 113
349741.6.peg.1018.site.18, 2, 97, 99
349741.6.peg.1018.site.19, 5, 97, 102
349741.6.peg.1018.site.20, 17, 96, 113
349741.6.peg.1018.site.21, 17, 97, 114
349741.6.peg.1018.site.22, 18, 96, 114
349741.6.peg.1018.site.23, 11, 97, 108
349741.6.peg.1018.site.24, 3, 97, 100
349741.6.peg.1018.site.25, 2, 97, 99
349741.6.peg.1018.site.26, 1, 96, 97
349741.6.peg.1018.site.27, 3, 92, 95
349741.6.peg.1018.site.28, 11, 97, 108
349741.6.peg.1018.site.29, 10, 95, 105
349741.6.peg.1018.site.30, 65, 94, 159
349741.6.peg.1018.site.31, 2, 96, 98
349741.6.peg.1018.site.32, 11, 97, 108
349741.6.peg.1018.site.33, 2, 96, 98
349741.6.peg.1855.site.1, 0, 76, 76
349741.6.peg.1855.site.2, 4, 96, 100
349741.6.peg.1855.site.3, 0, 96, 96
349741.6.peg.1855.site.4, 2, 97, 99
349741.6.peg.1854.site.1, 1, 97, 98
349741.6.peg.1854.site.2, 0, 97, 97
349741.6.peg.1854.site.3, 26, 97, 123
349741.6.peg.1854.site.4, 1, 97, 98
349741.6.peg.1854.site.5, 2, 97, 99
349741.6.peg.1854.site.6, 14, 97, 111
349741.6.peg.1854.site.7, 3, 97, 100
349741.6.peg.1854.site.8, 33, 97, 130
349741.6.peg.1854.site.9, 29, 97, 126
349741.6.peg.1854.site.10, 2, 96, 98
349741.6.peg.1854.site.11, 2, 95, 97
349741.6.peg.1854.site.12, 2, 97, 99
349741.6.peg.1854.site.13, 2, 97, 99
349741.6.peg.1854.site.14, 1, 96, 97
349741.6.peg.1854.site.15, 28, 96, 124
349741.6.peg.1854.site.16, 41, 97, 138
349741.6.peg.1854.site.17, 92, 97, 189
349741.6.peg.1854.site.18, 2, 96, 98
349741.6.peg.1854.site.19, 1, 96, 97
349741.6.peg.1854.site.20, 1, 96, 97
349741.6.peg.1854.site.21, 4, 96, 100
349741.6.peg.1854.site.22, 3, 96, 99
349741.6.peg.1854.site.23, 2, 97, 99
349741.6.peg.1854.site.24, 1, 97, 98
349741.6.peg.1854.site.25, 28, 97, 125
349741.6.peg.1854.site.26, 4, 97, 101
349741.6.peg.1854.site.27, 57, 97, 154
349741.6.peg.1854.site.28, 32, 97, 129
349741.6.peg.1854.site.29, 5, 97, 102
349741.6.peg.1854.site.30, 0, 97, 97
349741.6.peg.1854.site.31, 24, 97, 121
349741.6.peg.1857.site.1, 1, 97, 98
349741.6.peg.1857.site.2, 1, 96, 97
349741.6.peg.1857.site.3, 8, 96, 104
349741.6.peg.1857.site.4, 1, 96, 97
349741.6.peg.1857.site.5, 0, 86, 86
349741.6.peg.1857.site.6, 0, 96, 96
349741.6.peg.1857.site.7, 1, 95, 96
349741.6.peg.1857.site.8, 0, 95, 95
349741.6.peg.1857.site.9, 0, 97, 97
349741.6.peg.1857.site.10, 2, 97, 99
349741.6.peg.1857.site.11, 2, 97, 99
349741.6.peg.1857.site.12, 0, 95, 95
349741.6.peg.1857.site.13, 0, 94, 94
349741.6.peg.1857.site.14, 71, 76, 147
349741.6.peg.1857.site.15, 0, 97, 97
349741.6.peg.1857.site.16, 10, 97, 107
349741.6.peg.1857.site.17, 2, 97, 99
349741.6.peg.1857.site.18, 2, 96, 98
349741.6.peg.1857.site.19, 2, 94, 96
349741.6.peg.1857.site.20, 2, 97, 99
349741.6.peg.1857.site.21, 0, 96, 96
349741.6.peg.1856.site.1, 34, 97, 131
349741.6.peg.1856.site.2, 1, 97, 98
349741.6.peg.1856.site.3, 36, 96, 132
349741.6.peg.1856.site.4, 6, 97, 103
349741.6.peg.1856.site.5, 5, 97, 102
349741.6.peg.1856.site.6, 3, 97, 100
349741.6.peg.1856.site.7, 2, 96, 98
349741.6.peg.1856.site.8, 1, 97, 98
349741.6.peg.1856.site.9, 7, 97, 104
349741.6.peg.1856.site.10, 0, 97, 97
349741.6.peg.1850.site.1, 1, 97, 98
349741.6.peg.1850.site.2, 1, 97, 98
349741.6.peg.1850.site.3, 1, 96, 97
349741.6.peg.1850.site.4, 23, 96, 119
349741.6.peg.1850.site.5, 23, 96, 119
349741.6.peg.1850.site.6, 24, 97, 121
349741.6.peg.1850.site.7, 28, 97, 125
349741.6.peg.1850.site.8, 61, 97, 158
349741.6.peg.1850.site.9, 0, 97, 97
349741.6.peg.1850.site.10, 1, 97, 98
349741.6.peg.1850.site.11, 2, 97, 99
349741.6.peg.1850.site.12, 56, 97, 153
349741.6.peg.1850.site.13, 2, 97, 99
349741.6.peg.1850.site.14, 2, 97, 99
349741.6.peg.1850.site.15, 95, 97, 192
349741.6.peg.1850.site.16, 2, 97, 99
349741.6.peg.1850.site.17, 1, 97, 98
349741.6.peg.1850.site.18, 25, 97, 122
349741.6.peg.1850.site.19, 61, 97, 158
349741.6.peg.1850.site.20, 63, 97, 160
349741.6.peg.1850.site.21, 24, 97, 121
349741.6.peg.1852.site.1, 1, 96, 97
349741.6.peg.1852.site.2, 27, 96, 123
349741.6.peg.1852.site.3, 23, 95, 118
349741.6.peg.1852.site.4, 0, 93, 93
349741.6.peg.1852.site.5, 22, 91, 113
349741.6.peg.1852.site.6, 25, 93, 118
349741.6.peg.1852.site.7, 24, 93, 117
349741.6.peg.1852.site.8, 1, 97, 98
349741.6.peg.1852.site.9, 24, 97, 121
349741.6.peg.1852.site.10, 24, 96, 120
349741.6.peg.1852.site.11, 24, 95, 119
349741.6.peg.1852.site.12, 3, 97, 100
349741.6.peg.1852.site.13, 24, 97, 121
349741.6.peg.1852.site.14, 24, 96, 120
349741.6.peg.1852.site.15, 52, 96, 148
349741.6.peg.1852.site.16, 24, 97, 121
349741.6.peg.1852.site.17, 0, 97, 97
349741.6.peg.1852.site.18, 24, 97, 121
349741.6.peg.1852.site.19, 2, 97, 99
349741.6.peg.1852.site.20, 1, 95, 96
349741.6.peg.1852.site.21, 6, 96, 102
349741.6.peg.1852.site.22, 1, 96, 97
349741.6.peg.1852.site.23, 23, 95, 118
349741.6.peg.1852.site.24, 20, 97, 117
349741.6.peg.1852.site.25, 0, 97, 97
349741.6.peg.1852.site.26, 1, 97, 98
349741.6.peg.1852.site.27, 2, 97, 99
349741.6.peg.1852.site.28, 4, 97, 101
349741.6.peg.1852.site.29, 24, 95, 119
349741.6.peg.1852.site.30, 1, 95, 96
349741.6.peg.1852.site.31, 29, 94, 123
349741.6.peg.1852.site.32, 3, 96, 99
349741.6.peg.1852.site.33, 31, 90, 121
349741.6.peg.1852.site.34, 1, 97, 98
349741.6.peg.1852.site.35, 0, 97, 97
349741.6.peg.1852.site.36, 21, 92, 113
349741.6.peg.1852.site.37, 21, 89, 110
349741.6.peg.1852.site.38, 17, 90, 107
349741.6.peg.1852.site.39, 1, 76, 77
349741.6.peg.1852.site.40, 3, 79, 82
349741.6.peg.1852.site.41, 23, 95, 118
349741.6.peg.1852.site.42, 70, 96, 166
349741.6.peg.1852.site.43, 23, 96, 119
349741.6.peg.1852.site.44, 7, 96, 103
349741.6.peg.1852.site.45, 43, 95, 138
349741.6.peg.1852.site.46, 2, 95, 97
349741.6.peg.1852.site.47, 22, 89, 111
349741.6.peg.1852.site.48, 22, 88, 110
349741.6.peg.1852.site.49, 8, 97, 105
349741.6.peg.1859.site.1, 70, 97, 167
349741.6.peg.1859.site.2, 1, 97, 98
349741.6.peg.1859.site.3, 1, 97, 98
349741.6.peg.1859.site.4, 2, 97, 99
349741.6.peg.1859.site.5, 91, 97, 188
349741.6.peg.1859.site.6, 15, 97, 112
349741.6.peg.1859.site.7, 0, 97, 97
349741.6.peg.1859.site.8, 0, 97, 97
349741.6.peg.1859.site.9, 0, 96, 96
349741.6.peg.1859.site.10, 2, 97, 99
349741.6.peg.1859.site.11, 14, 97, 111
349741.6.peg.1859.site.12, 74, 97, 171
349741.6.peg.1859.site.13, 1, 96, 97
349741.6.peg.1859.site.14, 2, 97, 99
349741.6.peg.1859.site.15, 15, 97, 112
349741.6.peg.1858.site.1, 46, 97, 143
349741.6.peg.1858.site.2, 2, 97, 99
349741.6.peg.1858.site.3, 9, 97, 106
349741.6.peg.1858.site.4, 3, 97, 100
349741.6.peg.1858.site.5, 45, 97, 142
349741.6.peg.1858.site.6, 3, 97, 100
349741.6.peg.1858.site.7, 43, 97, 140
349741.6.peg.1858.site.8, 13, 97, 110
349741.6.peg.1858.site.9, 88, 97, 185
349741.6.peg.1858.site.10, 2, 97, 99
349741.6.peg.1858.site.11, 0, 97, 97
349741.6.peg.1858.site.12, 8, 97, 105
349741.6.peg.1858.site.13, 91, 97, 188
349741.6.peg.1858.site.14, 91, 97, 188
349741.6.peg.1858.site.15, 4, 97, 101
349741.6.peg.1858.site.16, 1, 97, 98
349741.6.peg.1858.site.17, 2, 96, 98
349741.6.peg.1858.site.18, 90, 96, 186
349741.6.peg.1858.site.19, 2, 97, 99
349741.6.peg.1858.site.20, 9, 97, 106
349741.6.peg.1858.site.21, 2, 97, 99
349741.6.peg.1858.site.22, 5, 97, 102
349741.6.peg.1858.site.23, 76, 97, 173
349741.6.peg.1858.site.24, 2, 97, 99
349741.6.peg.1858.site.25, 2, 97, 99
349741.6.peg.1858.site.26, 16, 96, 112
349741.6.peg.1858.site.27, 4, 96, 100
349741.6.peg.1858.site.28, 75, 97, 172
349741.6.peg.151.site.1, 2, 97, 99
349741.6.peg.151.site.2, 1, 97, 98
349741.6.peg.151.site.3, 1, 95, 96
349741.6.peg.151.site.4, 1, 96, 97
349741.6.peg.151.site.5, 1, 96, 97
349741.6.peg.156.site.1, 33, 58, 91
349741.6.peg.156.site.2, 90, 94, 184
349741.6.peg.156.site.3, 0, 95, 95
349741.6.peg.156.site.4, 1, 95, 96
349741.6.peg.156.site.5, 72, 93, 165
349741.6.peg.156.site.6, 73, 94, 167
349741.6.peg.156.site.7, 1, 95, 96
349741.6.peg.156.site.8, 73, 94, 167
349741.6.peg.156.site.9, 1, 94, 95
349741.6.peg.156.site.10, 1, 93, 94
349741.6.peg.157.site.1, 27, 27, 54
349741.6.peg.157.site.2, 3, 24, 27
349741.6.peg.154.site.1, 5, 81, 86
349741.6.peg.154.site.2, 0, 72, 72
349741.6.peg.154.site.3, 41, 58, 99
349741.6.peg.154.site.4, 42, 55, 97
349741.6.peg.154.site.5, 1, 63, 64
349741.6.peg.154.site.6, 0, 62, 62
349741.6.peg.154.site.7, 62, 63, 125
349741.6.peg.154.site.8, 37, 57, 94
349741.6.peg.154.site.9, 1, 15, 16
349741.6.peg.154.site.10, 8, 14, 22
349741.6.peg.154.site.11, 6, 9, 15
349741.6.peg.154.site.12, 4, 18, 22
349741.6.peg.154.site.13, 9, 17, 26
349741.6.peg.154.site.14, 0, 27, 27
349741.6.peg.154.site.15, 19, 33, 52
349741.6.peg.154.site.16, 0, 61, 61
349741.6.peg.154.site.17, 0, 94, 94
349741.6.peg.154.site.18, 65, 86, 151
349741.6.peg.154.site.19, 0, 94, 94
349741.6.peg.154.site.20, 0, 95, 95
349741.6.peg.154.site.21, 0, 94, 94
349741.6.peg.155.site.1, 68, 95, 163
349741.6.peg.155.site.2, 2, 97, 99
349741.6.peg.155.site.3, 68, 97, 165
349741.6.peg.155.site.4, 68, 97, 165
349741.6.peg.155.site.5, 2, 94, 96
349741.6.peg.2107.site.1, 53, 97, 150
349741.6.peg.2107.site.2, 61, 97, 158
349741.6.peg.2107.site.3, 29, 97, 126
349741.6.peg.2107.site.4, 4, 96, 100
349741.6.peg.2107.site.5, 55, 95, 150
349741.6.peg.2107.site.6, 3, 95, 98
349741.6.peg.2107.site.7, 2, 97, 99
349741.6.peg.2107.site.8, 8, 97, 105
349741.6.peg.2107.site.9, 8, 97, 105
349741.6.peg.2107.site.10, 29, 97, 126
349741.6.peg.2107.site.11, 1, 97, 98
349741.6.peg.2107.site.12, 7, 97, 104
349741.6.peg.2107.site.13, 14, 97, 111
349741.6.peg.2107.site.14, 7, 97, 104
349741.6.peg.2107.site.15, 7, 97, 104
349741.6.peg.2107.site.16, 45, 97, 142
349741.6.peg.2107.site.17, 2, 97, 99
349741.6.peg.2107.site.18, 11, 96, 107
349741.6.peg.2107.site.19, 45, 97, 142
349741.6.peg.2107.site.20, 81, 97, 178
349741.6.peg.2107.site.21, 7, 97, 104
349741.6.peg.2107.site.22, 8, 97, 105
349741.6.peg.2107.site.23, 7, 97, 104
349741.6.peg.2107.site.24, 11, 97, 108
349741.6.peg.2107.site.25, 36, 95, 131
349741.6.peg.2107.site.26, 1, 89, 90
349741.6.peg.2102.site.1, 4, 71, 75
349741.6.peg.2102.site.2, 64, 71, 135
349741.6.peg.2102.site.3, 15, 70, 85
349741.6.peg.2102.site.4, 1, 68, 69
349741.6.peg.2102.site.5, 38, 72, 110
349741.6.peg.2102.site.6, 17, 85, 102
349741.6.peg.2102.site.7, 21, 88, 109
349741.6.peg.2102.site.8, 22, 88, 110
349741.6.peg.2102.site.9, 22, 88, 110
349741.6.peg.2102.site.10, 21, 89, 110
349741.6.peg.2102.site.11, 9, 89, 98
349741.6.peg.2102.site.12, 1, 89, 90
349741.6.peg.2102.site.13, 9, 89, 98
349741.6.peg.2102.site.14, 3, 92, 95
349741.6.peg.2102.site.15, 21, 88, 109
349741.6.peg.2102.site.16, 21, 88, 109
349741.6.peg.2102.site.17, 23, 90, 113
349741.6.peg.2102.site.18, 37, 71, 108
349741.6.peg.2102.site.19, 7, 70, 77
349741.6.peg.2102.site.20, 6, 73, 79
349741.6.peg.2102.site.21, 0, 77, 77
349741.6.peg.2102.site.22, 7, 74, 81
349741.6.peg.2102.site.23, 12, 78, 90
349741.6.peg.2102.site.24, 19, 93, 112
349741.6.peg.2102.site.25, 25, 92, 117
349741.6.peg.2102.site.26, 18, 85, 103
349741.6.peg.2102.site.27, 20, 87, 107
349741.6.peg.2102.site.28, 18, 86, 104
349741.6.peg.2102.site.29, 29, 96, 125
349741.6.peg.2102.site.30, 9, 96, 105
349741.6.peg.2102.site.31, 36, 96, 132
349741.6.peg.2102.site.32, 30, 97, 127
349741.6.peg.2102.site.33, 5, 90, 95
349741.6.peg.2102.site.34, 46, 90, 136
349741.6.peg.2102.site.35, 86, 88, 174
349741.6.peg.2102.site.36, 3, 85, 88
349741.6.peg.2102.site.37, 5, 86, 91
349741.6.peg.2102.site.38, 2, 64, 66
349741.6.peg.2102.site.39, 3, 66, 69
349741.6.peg.2102.site.40, 1, 65, 66
349741.6.peg.2102.site.41, 1, 67, 68
349741.6.peg.2102.site.42, 7, 75, 82
349741.6.peg.2102.site.43, 9, 74, 83
349741.6.peg.2102.site.44, 20, 75, 95
349741.6.peg.2102.site.45, 11, 76, 87
349741.6.peg.2102.site.46, 54, 75, 129
349741.6.peg.2102.site.47, 2, 75, 77
349741.6.peg.2102.site.48, 3, 76, 79
349741.6.peg.2102.site.49, 2, 76, 78
349741.6.peg.2102.site.50, 3, 77, 80
349741.6.peg.2108.site.1, 6, 94, 100
349741.6.peg.2108.site.2, 7, 96, 103
349741.6.peg.2108.site.3, 7, 96, 103
349741.6.peg.2108.site.4, 6, 95, 101
349741.6.peg.2108.site.5, 36, 88, 124
349741.6.peg.2108.site.6, 37, 89, 126
349741.6.peg.2108.site.7, 6, 92, 98
349741.6.peg.2108.site.8, 8, 97, 105
349741.6.peg.2108.site.9, 1, 96, 97
349741.6.peg.2108.site.10, 8, 97, 105
349741.6.peg.2108.site.11, 29, 97, 126
349741.6.peg.2108.site.12, 8, 97, 105
349741.6.peg.2108.site.13, 8, 97, 105
349741.6.peg.2108.site.14, 8, 97, 105
349741.6.peg.2108.site.15, 28, 95, 123
349741.6.peg.2108.site.16, 8, 95, 103
349741.6.peg.2108.site.17, 28, 91, 119
349741.6.peg.2108.site.18, 7, 93, 100
349741.6.peg.2108.site.19, 4, 93, 97
349741.6.peg.2108.site.20, 6, 95, 101
349741.6.peg.2108.site.21, 3, 96, 99
349741.6.peg.2108.site.22, 30, 97, 127
349741.6.peg.2108.site.23, 8, 97, 105
349741.6.peg.2108.site.24, 2, 97, 99
349741.6.peg.2108.site.25, 0, 97, 97
349741.6.peg.2108.site.26, 8, 95, 103
349741.6.peg.2108.site.27, 97, 97, 194
349741.6.peg.2108.site.28, 24, 97, 121
349741.6.peg.2109.site.1, 5, 91, 96
349741.6.peg.2109.site.2, 6, 91, 97
349741.6.peg.2109.site.3, 8, 96, 104
349741.6.peg.2109.site.4, 36, 96, 132
349741.6.peg.2109.site.5, 28, 96, 124
349741.6.peg.2109.site.6, 8, 96, 104
349741.6.peg.2109.site.7, 45, 96, 141
349741.6.peg.2109.site.8, 36, 96, 132
349741.6.peg.2109.site.9, 37, 97, 134
349741.6.peg.2109.site.10, 8, 97, 105
349741.6.peg.2109.site.11, 8, 97, 105
349741.6.peg.2109.site.12, 45, 96, 141
349741.6.peg.2109.site.13, 45, 97, 142
349741.6.peg.2109.site.14, 3, 97, 100
349741.6.peg.2109.site.15, 8, 97, 105
349741.6.peg.2109.site.16, 37, 97, 134
349741.6.peg.2109.site.17, 8, 96, 104
349741.6.peg.2109.site.18, 37, 97, 134
349741.6.peg.2109.site.19, 7, 96, 103
349741.6.peg.2109.site.20, 8, 97, 105
349741.6.peg.2109.site.21, 8, 95, 103
349741.6.peg.2109.site.22, 3, 96, 99
349741.6.peg.2109.site.23, 1, 96, 97
349741.6.peg.2109.site.24, 8, 96, 104
349741.6.peg.2109.site.25, 24, 96, 120
349741.6.peg.2109.site.26, 44, 96, 140
349741.6.peg.2038.site.1, 7, 96, 103
349741.6.peg.2038.site.2, 3, 97, 100
349741.6.peg.2039.site.1, 6, 97, 103
349741.6.peg.2039.site.2, 44, 97, 141
349741.6.peg.2039.site.3, 22, 94, 116
349741.6.peg.2039.site.4, 46, 97, 143
349741.6.peg.2039.site.5, 15, 97, 112
349741.6.peg.2039.site.6, 5, 97, 102
349741.6.peg.2032.site.1, 76, 97, 173
349741.6.peg.2032.site.2, 2, 97, 99
349741.6.peg.2032.site.3, 21, 93, 114
349741.6.peg.2032.site.4, 20, 93, 113
349741.6.peg.2032.site.5, 49, 92, 141
349741.6.peg.2032.site.6, 0, 92, 92
349741.6.peg.2032.site.7, 0, 89, 89
349741.6.peg.2032.site.8, 21, 93, 114
349741.6.peg.2032.site.9, 4, 94, 98
349741.6.peg.2032.site.10, 20, 93, 113
349741.6.peg.2032.site.11, 1, 96, 97
349741.6.peg.2032.site.12, 82, 92, 174
349741.6.peg.2032.site.13, 53, 93, 146
349741.6.peg.2030.site.1, 21, 96, 117
349741.6.peg.2030.site.2, 63, 97, 160
349741.6.peg.2030.site.3, 55, 97, 152
349741.6.peg.2030.site.4, 1, 97, 98
349741.6.peg.2030.site.5, 22, 97, 119
349741.6.peg.2030.site.6, 0, 97, 97
349741.6.peg.2030.site.7, 41, 97, 138
349741.6.peg.2030.site.8, 22, 97, 119
349741.6.peg.2030.site.9, 22, 97, 119
349741.6.peg.2030.site.10, 22, 97, 119
349741.6.peg.2030.site.11, 29, 97, 126
349741.6.peg.2030.site.12, 22, 97, 119
349741.6.peg.2030.site.13, 21, 96, 117
349741.6.peg.2030.site.14, 12, 97, 109
349741.6.peg.2030.site.15, 22, 97, 119
349741.6.peg.2030.site.16, 1, 97, 98
349741.6.peg.2030.site.17, 39, 97, 136
349741.6.peg.2030.site.18, 31, 97, 128
349741.6.peg.2030.site.19, 22, 97, 119
349741.6.peg.2030.site.20, 36, 97, 133
349741.6.peg.2030.site.21, 22, 97, 119
349741.6.peg.2030.site.22, 22, 97, 119
349741.6.peg.2030.site.23, 12, 97, 109
349741.6.peg.2030.site.24, 1, 96, 97
349741.6.peg.2031.site.1, 54, 90, 144
349741.6.peg.2031.site.2, 85, 96, 181
349741.6.peg.2031.site.3, 97, 97, 194
349741.6.peg.2031.site.4, 22, 95, 117
349741.6.peg.2031.site.5, 1, 97, 98
349741.6.peg.2031.site.6, 1, 97, 98
349741.6.peg.2031.site.7, 11, 97, 108
349741.6.peg.2031.site.8, 89, 97, 186
349741.6.peg.2031.site.9, 42, 95, 137
349741.6.peg.2031.site.10, 1, 95, 96
349741.6.peg.2031.site.11, 84, 94, 178
349741.6.peg.2031.site.12, 0, 97, 97
349741.6.peg.2031.site.13, 1, 96, 97
349741.6.peg.2031.site.14, 78, 97, 175
349741.6.peg.2031.site.15, 1, 96, 97
349741.6.peg.2037.site.1, 2, 74, 76
349741.6.peg.2037.site.2, 15, 75, 90
349741.6.peg.2037.site.3, 0, 75, 75
349741.6.peg.2037.site.4, 0, 75, 75
349741.6.peg.2037.site.5, 1, 75, 76
349741.6.peg.2037.site.6, 22, 75, 97
349741.6.peg.2037.site.7, 2, 75, 77
349741.6.peg.2037.site.8, 34, 81, 115
349741.6.peg.2037.site.9, 7, 82, 89
349741.6.peg.2037.site.10, 39, 95, 134
349741.6.peg.2037.site.11, 1, 96, 97
349741.6.peg.2037.site.12, 0, 95, 95
349741.6.peg.2037.site.13, 24, 96, 120
349741.6.peg.2037.site.14, 59, 96, 155
349741.6.peg.2037.site.15, 56, 97, 153
349741.6.peg.2037.site.16, 5, 95, 100
349741.6.peg.2037.site.17, 93, 94, 187
349741.6.peg.2037.site.18, 61, 90, 151
349741.6.peg.2037.site.19, 6, 89, 95
349741.6.peg.2037.site.20, 5, 97, 102
349741.6.peg.2037.site.21, 2, 97, 99
349741.6.peg.2270.site.1, 2, 97, 99
349741.6.peg.2270.site.2, 0, 96, 96
349741.6.peg.2270.site.3, 80, 97, 177
349741.6.peg.2270.site.4, 5, 96, 101
349741.6.peg.2270.site.5, 80, 97, 177
349741.6.peg.2270.site.6, 97, 97, 194
349741.6.peg.2270.site.7, 1, 96, 97
349741.6.peg.2270.site.8, 0, 97, 97
349741.6.peg.2270.site.9, 3, 97, 100
349741.6.peg.2270.site.10, 87, 96, 183
349741.6.peg.2270.site.11, 1, 97, 98
349741.6.peg.2270.site.12, 3, 97, 100
349741.6.peg.2270.site.13, 1, 97, 98
349741.6.peg.2270.site.14, 80, 97, 177
349741.6.peg.2270.site.15, 1, 95, 96
349741.6.peg.2270.site.16, 10, 97, 107
349741.6.peg.2270.site.17, 5, 96, 101
349741.6.peg.2270.site.18, 1, 97, 98
349741.6.peg.2270.site.19, 0, 97, 97
349741.6.peg.2270.site.20, 1, 95, 96
349741.6.peg.2270.site.21, 0, 97, 97
349741.6.peg.2270.site.22, 8, 95, 103
349741.6.peg.50.site.1, 2, 95, 97
349741.6.peg.50.site.2, 6, 97, 103
349741.6.peg.50.site.3, 3, 95, 98
349741.6.peg.50.site.4, 0, 96, 96
349741.6.peg.50.site.5, 1, 96, 97
349741.6.peg.50.site.6, 3, 96, 99
349741.6.peg.50.site.7, 3, 95, 98
349741.6.peg.50.site.8, 3, 96, 99
349741.6.peg.50.site.9, 3, 97, 100
349741.6.peg.50.site.10, 3, 97, 100
349741.6.peg.50.site.11, 3, 97, 100
349741.6.peg.50.site.12, 3, 97, 100
349741.6.peg.50.site.13, 3, 97, 100
349741.6.peg.50.site.14, 3, 97, 100
349741.6.peg.50.site.15, 51, 96, 147
349741.6.peg.50.site.16, 2, 96, 98
349741.6.peg.50.site.17, 2, 96, 98
349741.6.peg.50.site.18, 96, 96, 192
349741.6.peg.50.site.19, 2, 97, 99
349741.6.peg.50.site.20, 2, 97, 99
349741.6.peg.50.site.21, 88, 97, 185
349741.6.peg.50.site.22, 10, 97, 107
349741.6.peg.50.site.23, 10, 97, 107
349741.6.peg.50.site.24, 11, 97, 108
349741.6.peg.50.site.25, 11, 97, 108
349741.6.peg.50.site.26, 11, 97, 108
349741.6.peg.50.site.27, 0, 96, 96
349741.6.peg.50.site.28, 52, 97, 149
349741.6.peg.50.site.29, 11, 97, 108
349741.6.peg.50.site.30, 2, 97, 99
349741.6.peg.50.site.31, 1, 96, 97
349741.6.peg.50.site.32, 11, 97, 108
349741.6.peg.50.site.33, 11, 97, 108
349741.6.peg.50.site.34, 11, 97, 108
349741.6.peg.50.site.35, 10, 96, 106
349741.6.peg.50.site.36, 11, 97, 108
349741.6.peg.50.site.37, 0, 96, 96
349741.6.peg.50.site.38, 11, 97, 108
349741.6.peg.50.site.39, 11, 97, 108
349741.6.peg.50.site.40, 11, 97, 108
349741.6.peg.50.site.41, 11, 96, 107
349741.6.peg.50.site.42, 4, 96, 100
349741.6.peg.50.site.43, 11, 95, 106
349741.6.peg.50.site.44, 84, 84, 168
349741.6.peg.50.site.45, 1, 89, 90
349741.6.peg.50.site.46, 11, 91, 102
349741.6.peg.50.site.47, 0, 93, 93
349741.6.peg.50.site.48, 1, 96, 97
349741.6.peg.50.site.49, 11, 96, 107
349741.6.peg.50.site.50, 37, 96, 133
349741.6.peg.50.site.51, 3, 96, 99
349741.6.peg.50.site.52, 5, 94, 99
349741.6.peg.50.site.53, 13, 93, 106
349741.6.peg.50.site.54, 2, 96, 98
349741.6.peg.50.site.55, 3, 93, 96
349741.6.peg.50.site.56, 3, 87, 90
349741.6.peg.50.site.57, 3, 85, 88
349741.6.peg.50.site.58, 53, 86, 139
349741.6.peg.50.site.59, 3, 63, 66
349741.6.peg.50.site.60, 2, 55, 57
349741.6.peg.50.site.61, 2, 59, 61
349741.6.peg.50.site.62, 2, 77, 79
349741.6.peg.50.site.63, 3, 96, 99
349741.6.peg.50.site.64, 3, 95, 98
349741.6.peg.50.site.65, 3, 96, 99
349741.6.peg.50.site.66, 5, 97, 102
349741.6.peg.51.site.1, 3, 97, 100
349741.6.peg.51.site.2, 56, 97, 153
349741.6.peg.51.site.3, 0, 94, 94
349741.6.peg.51.site.4, 3, 94, 97
349741.6.peg.51.site.5, 3, 95, 98
349741.6.peg.51.site.6, 1, 95, 96
349741.6.peg.51.site.7, 52, 95, 147
349741.6.peg.51.site.8, 3, 95, 98
349741.6.peg.51.site.9, 3, 95, 98
349741.6.peg.51.site.10, 51, 94, 145
349741.6.peg.51.site.11, 3, 93, 96
349741.6.peg.51.site.12, 3, 94, 97
349741.6.peg.51.site.13, 39, 95, 134
349741.6.peg.51.site.14, 95, 95, 190
349741.6.peg.51.site.15, 42, 95, 137
349741.6.peg.51.site.16, 2, 95, 97
349741.6.peg.51.site.17, 24, 96, 120
349741.6.peg.51.site.18, 2, 97, 99
349741.6.peg.51.site.19, 2, 95, 97
349741.6.peg.51.site.20, 14, 95, 109
349741.6.peg.51.site.21, 8, 94, 102
349741.6.peg.51.site.22, 2, 94, 96
349741.6.peg.51.site.23, 6, 96, 102
349741.6.peg.51.site.24, 2, 96, 98
349741.6.peg.51.site.25, 1, 95, 96
349741.6.peg.52.site.1, 1, 95, 96
349741.6.peg.52.site.2, 4, 95, 99
349741.6.peg.52.site.3, 1, 93, 94
349741.6.peg.52.site.4, 0, 95, 95
349741.6.peg.52.site.5, 95, 95, 190
349741.6.peg.53.site.1, 27, 95, 122
349741.6.peg.53.site.2, 30, 95, 125
349741.6.peg.54.site.1, 92, 95, 187
349741.6.peg.54.site.2, 1, 97, 98
349741.6.peg.54.site.3, 3, 97, 100
349741.6.peg.54.site.4, 92, 97, 189
349741.6.peg.54.site.5, 5, 97, 102
349741.6.peg.56.site.1, 2, 97, 99
349741.6.peg.56.site.2, 60, 96, 156
349741.6.peg.56.site.3, 2, 96, 98
349741.6.peg.56.site.4, 3, 96, 99
349741.6.peg.56.site.5, 60, 96, 156
349741.6.peg.56.site.6, 7, 97, 104
349741.6.peg.56.site.7, 2, 97, 99
349741.6.peg.57.site.1, 4, 95, 99
349741.6.peg.57.site.2, 23, 96, 119
349741.6.peg.57.site.3, 2, 97, 99
349741.6.peg.57.site.4, 2, 97, 99
349741.6.peg.57.site.5, 1, 95, 96
349741.6.peg.57.site.6, 2, 92, 94
349741.6.peg.57.site.7, 1, 97, 98
349741.6.peg.57.site.8, 8, 97, 105
349741.6.peg.57.site.9, 1, 97, 98
349741.6.peg.57.site.10, 2, 97, 99
349741.6.peg.57.site.11, 33, 95, 128
349741.6.peg.57.site.12, 1, 97, 98
349741.6.peg.57.site.13, 6, 95, 101
349741.6.peg.57.site.14, 18, 97, 115
349741.6.peg.57.site.15, 3, 97, 100
349741.6.peg.57.site.16, 1, 97, 98
349741.6.peg.57.site.17, 10, 97, 107
349741.6.peg.57.site.18, 17, 97, 114
349741.6.peg.57.site.19, 33, 97, 130
349741.6.peg.57.site.20, 1, 96, 97
349741.6.peg.57.site.21, 2, 97, 99
349741.6.peg.57.site.22, 2, 95, 97
349741.6.peg.57.site.23, 6, 96, 102
349741.6.peg.57.site.24, 1, 96, 97
349741.6.peg.57.site.25, 16, 96, 112
349741.6.peg.57.site.26, 2, 97, 99
349741.6.peg.57.site.27, 18, 96, 114
349741.6.peg.57.site.28, 11, 96, 107
349741.6.peg.57.site.29, 2, 97, 99
349741.6.peg.57.site.30, 6, 97, 103
349741.6.peg.57.site.31, 2, 97, 99
349741.6.peg.57.site.32, 1, 97, 98
349741.6.peg.57.site.33, 62, 97, 159
349741.6.peg.57.site.34, 1, 97, 98
349741.6.peg.57.site.35, 2, 97, 99
349741.6.peg.57.site.36, 3, 97, 100
349741.6.peg.707.site.1, 4, 22, 26
349741.6.peg.707.site.2, 2, 24, 26
349741.6.peg.707.site.3, 1, 37, 38
349741.6.peg.707.site.4, 2, 40, 42
349741.6.peg.707.site.5, 12, 83, 95
349741.6.peg.707.site.6, 58, 95, 153
349741.6.peg.707.site.7, 30, 96, 126
349741.6.peg.707.site.8, 30, 96, 126
349741.6.peg.707.site.9, 26, 96, 122
349741.6.peg.707.site.10, 2, 93, 95
349741.6.peg.707.site.11, 27, 93, 120
349741.6.peg.707.site.12, 1, 86, 87
349741.6.peg.707.site.13, 21, 88, 109
349741.6.peg.707.site.14, 25, 92, 117
349741.6.peg.707.site.15, 30, 96, 126
349741.6.peg.707.site.16, 8, 95, 103
349741.6.peg.707.site.17, 31, 84, 115
349741.6.peg.707.site.18, 22, 77, 99
349741.6.peg.707.site.19, 84, 90, 174
349741.6.peg.707.site.20, 1, 91, 92
349741.6.peg.707.site.21, 46, 94, 140
349741.6.peg.707.site.22, 5, 97, 102
349741.6.peg.707.site.23, 5, 97, 102
349741.6.peg.707.site.24, 37, 97, 134
349741.6.peg.707.site.25, 2, 97, 99
349741.6.peg.707.site.26, 1, 97, 98
349741.6.peg.707.site.27, 21, 97, 118
349741.6.peg.707.site.28, 3, 97, 100
349741.6.peg.707.site.29, 13, 97, 110
349741.6.peg.707.site.30, 5, 97, 102
349741.6.peg.707.site.31, 6, 97, 103
349741.6.peg.707.site.32, 24, 97, 121
349741.6.peg.707.site.33, 65, 87, 152
349741.6.peg.707.site.34, 2, 84, 86
349741.6.peg.707.site.35, 47, 80, 127
349741.6.peg.707.site.36, 40, 90, 130
349741.6.peg.707.site.37, 2, 97, 99
349741.6.peg.707.site.38, 47, 97, 144
349741.6.peg.707.site.39, 3, 97, 100
349741.6.peg.707.site.40, 94, 97, 191
349741.6.peg.707.site.41, 47, 96, 143
349741.6.peg.707.site.42, 9, 97, 106
349741.6.peg.707.site.43, 36, 97, 133
349741.6.peg.707.site.44, 3, 97, 100
349741.6.peg.702.site.1, 21, 91, 112
349741.6.peg.702.site.2, 5, 97, 102
349741.6.peg.702.site.3, 7, 97, 104
349741.6.peg.702.site.4, 5, 97, 102
349741.6.peg.702.site.5, 5, 97, 102
349741.6.peg.702.site.6, 54, 96, 150
349741.6.peg.702.site.7, 3, 97, 100
349741.6.peg.702.site.8, 66, 96, 162
349741.6.peg.702.site.9, 2, 96, 98
349741.6.peg.702.site.10, 5, 97, 102
349741.6.peg.702.site.11, 7, 97, 104
349741.6.peg.701.site.1, 53, 97, 150
349741.6.peg.701.site.2, 62, 97, 159
349741.6.peg.701.site.3, 4, 97, 101
349741.6.peg.701.site.4, 20, 97, 117
349741.6.peg.701.site.5, 63, 97, 160
349741.6.peg.701.site.6, 5, 97, 102
349741.6.peg.701.site.7, 44, 97, 141
349741.6.peg.701.site.8, 15, 97, 112
349741.6.peg.701.site.9, 5, 97, 102
349741.6.peg.701.site.10, 5, 97, 102
349741.6.peg.701.site.11, 5, 97, 102
349741.6.peg.701.site.12, 5, 96, 101
349741.6.peg.701.site.13, 5, 97, 102
349741.6.peg.701.site.14, 9, 95, 104
349741.6.peg.701.site.15, 5, 96, 101
349741.6.peg.701.site.16, 4, 97, 101
349741.6.peg.701.site.17, 4, 97, 101
349741.6.peg.701.site.18, 77, 97, 174
349741.6.peg.701.site.19, 8, 97, 105
349741.6.peg.701.site.20, 77, 97, 174
349741.6.peg.701.site.21, 22, 97, 119
349741.6.peg.701.site.22, 78, 96, 174
349741.6.peg.701.site.23, 71, 94, 165
349741.6.peg.701.site.24, 3, 95, 98
349741.6.peg.701.site.25, 21, 97, 118
349741.6.peg.701.site.26, 71, 97, 168
349741.6.peg.701.site.27, 2, 97, 99
349741.6.peg.701.site.28, 5, 97, 102
349741.6.peg.701.site.29, 3, 97, 100
349741.6.peg.701.site.30, 64, 97, 161
349741.6.peg.701.site.31, 3, 97, 100
349741.6.peg.701.site.32, 4, 95, 99
349741.6.peg.701.site.33, 5, 96, 101
349741.6.peg.701.site.34, 7, 92, 99
349741.6.peg.701.site.35, 10, 93, 103
349741.6.peg.701.site.36, 1, 91, 92
349741.6.peg.701.site.37, 1, 92, 93
349741.6.peg.701.site.38, 34, 90, 124
349741.6.peg.701.site.39, 4, 89, 93
349741.6.peg.701.site.40, 5, 93, 98
349741.6.peg.701.site.41, 4, 89, 93
349741.6.peg.701.site.42, 3, 92, 95
349741.6.peg.701.site.43, 2, 88, 90
349741.6.peg.701.site.44, 6, 85, 91
349741.6.peg.701.site.45, 18, 85, 103
349741.6.peg.701.site.46, 6, 85, 91
349741.6.peg.701.site.47, 15, 85, 100
349741.6.peg.701.site.48, 70, 84, 154
349741.6.peg.701.site.49, 4, 86, 90
349741.6.peg.701.site.50, 13, 86, 99
349741.6.peg.701.site.51, 15, 88, 103
349741.6.peg.701.site.52, 13, 92, 105
349741.6.peg.701.site.53, 20, 94, 114
349741.6.peg.701.site.54, 2, 94, 96
349741.6.peg.701.site.55, 23, 97, 120
349741.6.peg.701.site.56, 76, 97, 173
349741.6.peg.701.site.57, 5, 97, 102
349741.6.peg.701.site.58, 5, 97, 102
349741.6.peg.701.site.59, 14, 97, 111
349741.6.peg.701.site.60, 10, 96, 106
349741.6.peg.701.site.61, 22, 96, 118
349741.6.peg.701.site.62, 32, 94, 126
349741.6.peg.701.site.63, 1, 93, 94
349741.6.peg.701.site.64, 1, 88, 89
349741.6.peg.701.site.65, 2, 92, 94
349741.6.peg.701.site.66, 7, 92, 99
349741.6.peg.701.site.67, 4, 94, 98
349741.6.peg.701.site.68, 5, 97, 102
349741.6.peg.701.site.69, 2, 96, 98
349741.6.peg.701.site.70, 5, 96, 101
349741.6.peg.701.site.71, 5, 95, 100
349741.6.peg.701.site.72, 12, 96, 108
349741.6.peg.701.site.73, 15, 97, 112
349741.6.peg.701.site.74, 1, 97, 98
349741.6.peg.701.site.75, 81, 95, 176
349741.6.peg.701.site.76, 20, 92, 112
349741.6.peg.700.site.1, 4, 97, 101
349741.6.peg.700.site.2, 62, 97, 159
349741.6.peg.709.site.1, 68, 97, 165
349741.6.peg.709.site.2, 10, 97, 107
349741.6.peg.709.site.3, 93, 97, 190
349741.6.peg.709.site.4, 3, 97, 100
349741.6.peg.709.site.5, 4, 97, 101
349741.6.peg.709.site.6, 67, 96, 163
349741.6.peg.709.site.7, 21, 97, 118
349741.6.peg.709.site.8, 77, 97, 174
349741.6.peg.709.site.9, 18, 97, 115
349741.6.peg.709.site.10, 2, 97, 99
349741.6.peg.709.site.11, 16, 97, 113
349741.6.peg.709.site.12, 6, 97, 103
349741.6.peg.709.site.13, 17, 97, 114
349741.6.peg.709.site.14, 2, 97, 99
349741.6.peg.709.site.15, 3, 97, 100
349741.6.peg.709.site.16, 90, 96, 186
349741.6.peg.709.site.17, 22, 97, 119
349741.6.peg.709.site.18, 7, 95, 102
349741.6.peg.709.site.19, 6, 96, 102
349741.6.peg.709.site.20, 3, 96, 99
349741.6.peg.709.site.21, 9, 96, 105
349741.6.peg.709.site.22, 2, 97, 99
349741.6.peg.709.site.23, 44, 97, 141
349741.6.peg.709.site.24, 68, 97, 165
349741.6.peg.709.site.25, 1, 97, 98
349741.6.peg.709.site.26, 22, 97, 119
349741.6.peg.709.site.27, 7, 97, 104
349741.6.peg.709.site.28, 8, 97, 105
349741.6.peg.709.site.29, 2, 97, 99
349741.6.peg.709.site.30, 21, 97, 118
349741.6.peg.709.site.31, 1, 97, 98
349741.6.peg.709.site.32, 7, 97, 104
349741.6.peg.709.site.33, 8, 97, 105
349741.6.peg.709.site.34, 14, 97, 111
349741.6.peg.709.site.35, 5, 97, 102
349741.6.peg.709.site.36, 1, 96, 97
349741.6.peg.709.site.37, 2, 97, 99
349741.6.peg.709.site.38, 27, 97, 124
349741.6.peg.709.site.39, 26, 97, 123
349741.6.peg.709.site.40, 78, 97, 175
349741.6.peg.709.site.41, 12, 97, 109
349741.6.peg.709.site.42, 5, 97, 102
349741.6.peg.709.site.43, 20, 97, 117
349741.6.peg.709.site.44, 94, 97, 191
349741.6.peg.709.site.45, 7, 97, 104
349741.6.peg.709.site.46, 1, 97, 98
349741.6.peg.709.site.47, 6, 97, 103
349741.6.peg.709.site.48, 5, 97, 102
349741.6.peg.709.site.49, 1, 97, 98
349741.6.peg.709.site.50, 20, 97, 117
349741.6.peg.709.site.51, 22, 97, 119
349741.6.peg.709.site.52, 75, 96, 171
349741.6.peg.709.site.53, 33, 97, 130
349741.6.peg.709.site.54, 14, 97, 111
349741.6.peg.709.site.55, 10, 97, 107
349741.6.peg.709.site.56, 1, 97, 98
349741.6.peg.709.site.57, 55, 97, 152
349741.6.peg.709.site.58, 9, 96, 105
349741.6.peg.709.site.59, 87, 96, 183
349741.6.peg.709.site.60, 2, 97, 99
349741.6.peg.709.site.61, 2, 87, 89
349741.6.peg.709.site.62, 82, 89, 171
349741.6.peg.709.site.63, 8, 81, 89
349741.6.peg.709.site.64, 3, 60, 63
349741.6.peg.709.site.65, 41, 47, 88
349741.6.peg.1459.site.1, 1, 97, 98
349741.6.peg.1459.site.2, 44, 97, 141
349741.6.peg.1459.site.3, 4, 96, 100
349741.6.peg.1459.site.4, 80, 97, 177
349741.6.peg.1459.site.5, 4, 97, 101
349741.6.peg.1459.site.6, 1, 97, 98
349741.6.peg.1459.site.7, 20, 96, 116
349741.6.peg.1459.site.8, 38, 96, 134
349741.6.peg.1459.site.9, 10, 96, 106
349741.6.peg.1459.site.10, 0, 96, 96
349741.6.peg.1459.site.11, 85, 96, 181
349741.6.peg.1459.site.12, 44, 95, 139
349741.6.peg.1459.site.13, 44, 96, 140
349741.6.peg.1459.site.14, 4, 95, 99
349741.6.peg.1459.site.15, 44, 96, 140
349741.6.peg.1459.site.16, 4, 96, 100
349741.6.peg.1459.site.17, 44, 96, 140
349741.6.peg.1459.site.18, 44, 96, 140
349741.6.peg.1459.site.19, 1, 96, 97
349741.6.peg.1459.site.20, 10, 96, 106
349741.6.peg.1459.site.21, 1, 96, 97
349741.6.peg.1459.site.22, 1, 96, 97
349741.6.peg.1459.site.23, 22, 96, 118
349741.6.peg.1459.site.24, 11, 96, 107
349741.6.peg.1459.site.25, 79, 96, 175
349741.6.peg.1459.site.26, 44, 96, 140
349741.6.peg.1459.site.27, 45, 97, 142
349741.6.peg.1459.site.28, 1, 97, 98
349741.6.peg.1459.site.29, 1, 97, 98
349741.6.peg.1459.site.30, 18, 97, 115
349741.6.peg.1459.site.31, 46, 97, 143
349741.6.peg.1459.site.32, 1, 97, 98
349741.6.peg.1459.site.33, 1, 97, 98
349741.6.peg.1459.site.34, 81, 97, 178
349741.6.peg.1459.site.35, 1, 96, 97
349741.6.peg.1459.site.36, 2, 96, 98
349741.6.peg.1459.site.37, 1, 96, 97
349741.6.peg.1459.site.38, 80, 96, 176
349741.6.peg.1459.site.39, 84, 96, 180
349741.6.peg.1459.site.40, 0, 96, 96
349741.6.peg.1459.site.41, 45, 95, 140
349741.6.peg.1459.site.42, 1, 94, 95
349741.6.peg.1459.site.43, 75, 91, 166
349741.6.peg.1459.site.44, 89, 89, 178
349741.6.peg.1459.site.45, 3, 86, 89
349741.6.peg.1459.site.46, 24, 84, 108
349741.6.peg.1459.site.47, 72, 85, 157
349741.6.peg.1459.site.48, 46, 88, 134
349741.6.peg.1459.site.49, 1, 94, 95
349741.6.peg.1459.site.50, 1, 91, 92
349741.6.peg.1459.site.51, 1, 91, 92
349741.6.peg.1459.site.52, 1, 89, 90
349741.6.peg.1459.site.53, 2, 95, 97
349741.6.peg.1459.site.54, 1, 97, 98
349741.6.peg.1459.site.55, 79, 97, 176
349741.6.peg.1459.site.56, 25, 96, 121
349741.6.peg.1459.site.57, 1, 97, 98
349741.6.peg.1459.site.58, 45, 97, 142
349741.6.peg.1459.site.59, 45, 97, 142
349741.6.peg.1459.site.60, 30, 96, 126
349741.6.peg.1459.site.61, 4, 97, 101
349741.6.peg.1459.site.62, 33, 97, 130
349741.6.peg.1459.site.63, 1, 97, 98
349741.6.peg.1459.site.64, 1, 97, 98
349741.6.peg.1459.site.65, 1, 97, 98
349741.6.peg.1459.site.66, 5, 96, 101
349741.6.peg.1459.site.67, 14, 97, 111
349741.6.peg.1459.site.68, 87, 97, 184
349741.6.peg.1459.site.69, 1, 97, 98
349741.6.peg.1459.site.70, 59, 96, 155
349741.6.peg.1459.site.71, 95, 95, 190
349741.6.peg.1459.site.72, 82, 96, 178
349741.6.peg.1459.site.73, 77, 96, 173
349741.6.peg.1459.site.74, 58, 96, 154
349741.6.peg.1459.site.75, 2, 96, 98
349741.6.peg.1459.site.76, 26, 96, 122
349741.6.peg.1459.site.77, 2, 96, 98
349741.6.peg.1459.site.78, 3, 96, 99
349741.6.peg.1459.site.79, 30, 95, 125
349741.6.peg.1459.site.80, 72, 95, 167
349741.6.peg.1459.site.81, 2, 93, 95
349741.6.peg.1459.site.82, 30, 91, 121
349741.6.peg.1459.site.83, 66, 94, 160
349741.6.peg.1459.site.84, 1, 93, 94
349741.6.peg.1459.site.85, 34, 94, 128
349741.6.peg.1459.site.86, 33, 93, 126
349741.6.peg.1459.site.87, 4, 92, 96
349741.6.peg.1459.site.88, 26, 90, 116
349741.6.peg.1459.site.89, 24, 84, 108
349741.6.peg.1459.site.90, 27, 87, 114
349741.6.peg.1459.site.91, 89, 90, 179
349741.6.peg.1459.site.92, 27, 96, 123
349741.6.peg.1459.site.93, 2, 95, 97
349741.6.peg.1459.site.94, 7, 96, 103
349741.6.peg.1451.site.1, 2, 97, 99
349741.6.peg.1451.site.2, 1, 97, 98
349741.6.peg.1451.site.3, 12, 97, 109
349741.6.peg.1451.site.4, 3, 94, 97
349741.6.peg.1451.site.5, 29, 97, 126
349741.6.peg.1451.site.6, 80, 96, 176
349741.6.peg.1450.site.1, 5, 97, 102
349741.6.peg.1450.site.2, 1, 97, 98
349741.6.peg.1450.site.3, 61, 97, 158
349741.6.peg.1450.site.4, 70, 96, 166
349741.6.peg.1450.site.5, 5, 97, 102
349741.6.peg.1450.site.6, 89, 96, 185
349741.6.peg.1450.site.7, 17, 97, 114
349741.6.peg.1450.site.8, 7, 97, 104
349741.6.peg.1450.site.9, 52, 97, 149
349741.6.peg.1450.site.10, 66, 97, 163
349741.6.peg.1450.site.11, 34, 97, 131
349741.6.peg.1450.site.12, 73, 97, 170
349741.6.peg.1450.site.13, 2, 97, 99
349741.6.peg.1450.site.14, 3, 97, 100
349741.6.peg.1450.site.15, 2, 97, 99
349741.6.peg.1450.site.16, 12, 97, 109
349741.6.peg.1450.site.17, 19, 97, 116
349741.6.peg.1450.site.18, 2, 97, 99
349741.6.peg.1450.site.19, 9, 97, 106
349741.6.peg.1450.site.20, 89, 97, 186
349741.6.peg.1450.site.21, 0, 97, 97
349741.6.peg.1450.site.22, 0, 97, 97
349741.6.peg.1450.site.23, 95, 97, 192
349741.6.peg.1450.site.24, 90, 97, 187
349741.6.peg.1453.site.1, 4, 97, 101
349741.6.peg.1453.site.2, 30, 96, 126
349741.6.peg.1453.site.3, 1, 96, 97
349741.6.peg.1453.site.4, 37, 96, 133
349741.6.peg.1453.site.5, 4, 95, 99
349741.6.peg.1453.site.6, 2, 96, 98
349741.6.peg.1453.site.7, 75, 97, 172
349741.6.peg.1453.site.8, 3, 96, 99
349741.6.peg.1453.site.9, 1, 97, 98
349741.6.peg.1453.site.10, 0, 97, 97
349741.6.peg.1453.site.11, 80, 97, 177
349741.6.peg.1453.site.12, 95, 96, 191
349741.6.peg.1453.site.13, 95, 96, 191
349741.6.peg.1453.site.14, 18, 96, 114
349741.6.peg.1453.site.15, 12, 96, 108
349741.6.peg.1453.site.16, 1, 96, 97
349741.6.peg.1453.site.17, 3, 96, 99
349741.6.peg.1453.site.18, 95, 96, 191
349741.6.peg.1453.site.19, 17, 96, 113
349741.6.peg.1452.site.1, 10, 97, 107
349741.6.peg.1452.site.2, 81, 97, 178
349741.6.peg.1452.site.3, 2, 91, 93
349741.6.peg.1452.site.4, 1, 95, 96
349741.6.peg.1452.site.5, 81, 97, 178
349741.6.peg.1452.site.6, 0, 96, 96
349741.6.peg.1452.site.7, 81, 97, 178
349741.6.peg.1452.site.8, 2, 96, 98
349741.6.peg.1452.site.9, 35, 96, 131
349741.6.peg.1452.site.10, 81, 97, 178
349741.6.peg.1452.site.11, 81, 97, 178
349741.6.peg.1452.site.12, 83, 97, 180
349741.6.peg.1452.site.13, 2, 96, 98
349741.6.peg.1452.site.14, 68, 94, 162
349741.6.peg.1452.site.15, 3, 95, 98
349741.6.peg.1452.site.16, 15, 97, 112
349741.6.peg.1452.site.17, 0, 96, 96
349741.6.peg.1452.site.18, 55, 97, 152
349741.6.peg.1452.site.19, 70, 97, 167
349741.6.peg.1452.site.20, 70, 97, 167
349741.6.peg.1452.site.21, 23, 97, 120
349741.6.peg.1452.site.22, 12, 97, 109
349741.6.peg.1452.site.23, 1, 97, 98
349741.6.peg.1452.site.24, 0, 97, 97
349741.6.peg.1452.site.25, 70, 97, 167
349741.6.peg.1452.site.26, 96, 96, 192
349741.6.peg.1455.site.1, 17, 96, 113
349741.6.peg.1455.site.2, 2, 96, 98
349741.6.peg.1455.site.3, 7, 85, 92
349741.6.peg.1455.site.4, 12, 78, 90
349741.6.peg.1455.site.5, 1, 79, 80
349741.6.peg.1455.site.6, 49, 83, 132
349741.6.peg.1455.site.7, 10, 93, 103
349741.6.peg.1455.site.8, 3, 94, 97
349741.6.peg.1455.site.9, 13, 95, 108
349741.6.peg.1455.site.10, 13, 92, 105
349741.6.peg.1454.site.1, 38, 97, 135
349741.6.peg.1454.site.2, 2, 96, 98
349741.6.peg.1454.site.3, 75, 97, 172
349741.6.peg.1454.site.4, 39, 97, 136
349741.6.peg.1454.site.5, 95, 96, 191
349741.6.peg.1454.site.6, 71, 97, 168
349741.6.peg.1454.site.7, 87, 97, 184
349741.6.peg.1454.site.8, 81, 97, 178
349741.6.peg.1454.site.9, 0, 95, 95
349741.6.peg.1454.site.10, 80, 96, 176
349741.6.peg.1454.site.11, 87, 96, 183
349741.6.peg.1454.site.12, 1, 94, 95
349741.6.peg.1454.site.13, 7, 85, 92
349741.6.peg.1454.site.14, 65, 81, 146
349741.6.peg.1454.site.15, 2, 81, 83
349741.6.peg.1454.site.16, 71, 86, 157
349741.6.peg.1454.site.17, 11, 88, 99
349741.6.peg.1454.site.18, 8, 91, 99
349741.6.peg.1454.site.19, 15, 92, 107
349741.6.peg.1454.site.20, 12, 90, 102
349741.6.peg.1454.site.21, 13, 92, 105
349741.6.peg.1454.site.22, 13, 94, 107
349741.6.peg.1454.site.23, 13, 93, 106
349741.6.peg.1454.site.24, 12, 92, 104
349741.6.peg.1454.site.25, 9, 89, 98
349741.6.peg.1454.site.26, 33, 89, 122
349741.6.peg.1454.site.27, 9, 88, 97
349741.6.peg.1454.site.28, 10, 96, 106
349741.6.peg.1454.site.29, 3, 97, 100
349741.6.peg.1454.site.30, 17, 97, 114
349741.6.peg.1454.site.31, 18, 97, 115
349741.6.peg.1454.site.32, 18, 97, 115
349741.6.peg.1454.site.33, 3, 96, 99
349741.6.peg.1457.site.1, 78, 93, 171
349741.6.peg.1457.site.2, 78, 93, 171
349741.6.peg.1457.site.3, 62, 96, 158
349741.6.peg.1457.site.4, 1, 72, 73
349741.6.peg.1457.site.5, 20, 57, 77
349741.6.peg.1457.site.6, 16, 53, 69
349741.6.peg.1457.site.7, 6, 51, 57
349741.6.peg.1457.site.8, 18, 56, 74
349741.6.peg.1457.site.9, 7, 45, 52
349741.6.peg.1457.site.10, 21, 37, 58
349741.6.peg.1457.site.11, 2, 37, 39
349741.6.peg.1457.site.12, 14, 30, 44
349741.6.peg.1457.site.13, 2, 18, 20
349741.6.peg.1457.site.14, 2, 18, 20
349741.6.peg.1457.site.15, 4, 16, 20
349741.6.peg.1457.site.16, 2, 83, 85
349741.6.peg.1457.site.17, 1, 84, 85
349741.6.peg.1457.site.18, 57, 86, 143
349741.6.peg.1457.site.19, 67, 83, 150
349741.6.peg.1457.site.20, 1, 86, 87
349741.6.peg.1457.site.21, 5, 88, 93
349741.6.peg.1457.site.22, 6, 89, 95
349741.6.peg.1457.site.23, 73, 89, 162
349741.6.peg.1457.site.24, 75, 83, 158
349741.6.peg.1457.site.25, 73, 79, 152
349741.6.peg.1457.site.26, 4, 79, 83
349741.6.peg.1457.site.27, 71, 77, 148
349741.6.peg.1457.site.28, 44, 78, 122
349741.6.peg.1457.site.29, 16, 76, 92
349741.6.peg.1457.site.30, 67, 83, 150
349741.6.peg.1457.site.31, 67, 83, 150
349741.6.peg.1457.site.32, 75, 83, 158
349741.6.peg.1457.site.33, 8, 84, 92
349741.6.peg.1457.site.34, 1, 84, 85
349741.6.peg.1457.site.35, 0, 84, 84
349741.6.peg.1457.site.36, 68, 84, 152
349741.6.peg.1457.site.37, 73, 83, 156
349741.6.peg.1457.site.38, 28, 83, 111
349741.6.peg.1457.site.39, 9, 83, 92
349741.6.peg.1457.site.40, 59, 83, 142
349741.6.peg.1457.site.41, 9, 83, 92
349741.6.peg.1457.site.42, 2, 85, 87
349741.6.peg.1457.site.43, 9, 86, 95
349741.6.peg.1457.site.44, 4, 91, 95
349741.6.peg.1457.site.45, 4, 92, 96
349741.6.peg.1457.site.46, 9, 93, 102
349741.6.peg.1457.site.47, 2, 92, 94
349741.6.peg.1457.site.48, 4, 88, 92
349741.6.peg.1457.site.49, 8, 84, 92
349741.6.peg.1457.site.50, 57, 84, 141
349741.6.peg.1457.site.51, 4, 84, 88
349741.6.peg.1457.site.52, 4, 84, 88
349741.6.peg.1457.site.53, 0, 84, 84
349741.6.peg.1457.site.54, 59, 83, 142
349741.6.peg.1457.site.55, 2, 83, 85
349741.6.peg.1457.site.56, 1, 83, 84
349741.6.peg.1457.site.57, 60, 84, 144
349741.6.peg.1457.site.58, 3, 96, 99
349741.6.peg.1457.site.59, 12, 96, 108
349741.6.peg.1457.site.60, 15, 96, 111
349741.6.peg.1457.site.61, 3, 83, 86
349741.6.peg.1457.site.62, 3, 84, 87
349741.6.peg.1457.site.63, 60, 82, 142
349741.6.peg.1457.site.64, 68, 81, 149
349741.6.peg.1457.site.65, 25, 80, 105
349741.6.peg.1457.site.66, 56, 78, 134
349741.6.peg.1457.site.67, 45, 67, 112
349741.6.peg.1457.site.68, 48, 70, 118
349741.6.peg.1457.site.69, 0, 81, 81
349741.6.peg.1457.site.70, 61, 83, 144
349741.6.peg.1457.site.71, 62, 84, 146
349741.6.peg.1457.site.72, 2, 83, 85
349741.6.peg.1457.site.73, 0, 81, 81
349741.6.peg.1457.site.74, 1, 82, 83
349741.6.peg.1457.site.75, 6, 87, 93
349741.6.peg.1457.site.76, 3, 88, 91
349741.6.peg.1457.site.77, 10, 92, 102
349741.6.peg.1457.site.78, 2, 91, 93
349741.6.peg.1457.site.79, 6, 86, 92
349741.6.peg.1457.site.80, 7, 90, 97
349741.6.peg.1457.site.81, 2, 85, 87
349741.6.peg.1457.site.82, 64, 88, 152
349741.6.peg.1457.site.83, 58, 83, 141
349741.6.peg.1457.site.84, 60, 84, 144
349741.6.peg.1457.site.85, 3, 84, 87
349741.6.peg.1457.site.86, 0, 84, 84
349741.6.peg.1457.site.87, 59, 84, 143
349741.6.peg.1457.site.88, 51, 77, 128
349741.6.peg.1457.site.89, 42, 68, 110
349741.6.peg.1457.site.90, 2, 56, 58
349741.6.peg.1457.site.91, 25, 51, 76
349741.6.peg.1457.site.92, 3, 50, 53
349741.6.peg.1457.site.93, 5, 33, 38
349741.6.peg.1457.site.94, 18, 49, 67
349741.6.peg.1457.site.95, 3, 62, 65
349741.6.peg.1457.site.96, 47, 79, 126
349741.6.peg.1457.site.97, 8, 91, 99
349741.6.peg.1457.site.98, 3, 94, 97
349741.6.peg.1457.site.99, 68, 94, 162
349741.6.peg.1457.site.100, 2, 96, 98
349741.6.peg.1457.site.101, 12, 96, 108
349741.6.peg.1457.site.102, 58, 96, 154
349741.6.peg.1457.site.103, 87, 96, 183
349741.6.peg.1457.site.104, 75, 92, 167
349741.6.peg.1457.site.105, 2, 93, 95
349741.6.peg.1457.site.106, 75, 91, 166
349741.6.peg.1457.site.107, 7, 91, 98
349741.6.peg.1457.site.108, 32, 93, 125
349741.6.peg.1457.site.109, 10, 94, 104
349741.6.peg.1457.site.110, 12, 96, 108
349741.6.peg.1457.site.111, 12, 96, 108
349741.6.peg.1457.site.112, 12, 96, 108
349741.6.peg.1457.site.113, 12, 96, 108
349741.6.peg.1457.site.114, 41, 96, 137
349741.6.peg.1457.site.115, 0, 96, 96
349741.6.peg.1457.site.116, 11, 95, 106
349741.6.peg.1457.site.117, 72, 88, 160
349741.6.peg.1457.site.118, 3, 87, 90
349741.6.peg.1457.site.119, 8, 92, 100
349741.6.peg.1457.site.120, 42, 96, 138
349741.6.peg.1457.site.121, 48, 95, 143
349741.6.peg.1457.site.122, 10, 95, 105
349741.6.peg.1457.site.123, 14, 66, 80
349741.6.peg.1457.site.124, 2, 85, 87
349741.6.peg.1457.site.125, 3, 85, 88
349741.6.peg.1457.site.126, 7, 91, 98
349741.6.peg.1457.site.127, 11, 93, 104
349741.6.peg.1457.site.128, 59, 94, 153
349741.6.peg.1457.site.129, 11, 94, 105
349741.6.peg.1457.site.130, 59, 95, 154
349741.6.peg.1457.site.131, 12, 96, 108
349741.6.peg.1457.site.132, 12, 94, 106
349741.6.peg.1457.site.133, 2, 96, 98
349741.6.peg.1457.site.134, 32, 96, 128
349741.6.peg.1457.site.135, 13, 95, 108
349741.6.peg.1457.site.136, 2, 94, 96
349741.6.peg.1457.site.137, 2, 93, 95
349741.6.peg.1457.site.138, 12, 95, 107
349741.6.peg.1457.site.139, 1, 95, 96
349741.6.peg.1457.site.140, 2, 94, 96
349741.6.peg.1457.site.141, 65, 93, 158
349741.6.peg.1457.site.142, 11, 80, 91
349741.6.peg.1457.site.143, 1, 71, 72
349741.6.peg.1457.site.144, 15, 67, 82
349741.6.peg.1457.site.145, 38, 64, 102
349741.6.peg.1457.site.146, 51, 79, 130
349741.6.peg.1457.site.147, 2, 82, 84
349741.6.peg.1457.site.148, 60, 85, 145
349741.6.peg.1457.site.149, 39, 84, 123
349741.6.peg.1457.site.150, 23, 84, 107
349741.6.peg.1457.site.151, 64, 82, 146
349741.6.peg.1457.site.152, 27, 81, 108
349741.6.peg.1457.site.153, 35, 81, 116
349741.6.peg.1457.site.154, 8, 80, 88
349741.6.peg.1457.site.155, 32, 73, 105
349741.6.peg.1457.site.156, 2, 73, 75
349741.6.peg.1457.site.157, 50, 73, 123
349741.6.peg.1457.site.158, 2, 73, 75
349741.6.peg.1457.site.159, 2, 75, 77
349741.6.peg.1457.site.160, 5, 78, 83
349741.6.peg.1457.site.161, 21, 96, 117
349741.6.peg.1457.site.162, 13, 87, 100
349741.6.peg.1457.site.163, 12, 85, 97
349741.6.peg.1457.site.164, 1, 74, 75
349741.6.peg.1457.site.165, 18, 74, 92
349741.6.peg.1457.site.166, 1, 74, 75
349741.6.peg.1457.site.167, 25, 74, 99
349741.6.peg.1457.site.168, 29, 73, 102
349741.6.peg.1457.site.169, 4, 73, 77
349741.6.peg.1457.site.170, 1, 73, 74
349741.6.peg.1457.site.171, 1, 72, 73
349741.6.peg.1457.site.172, 25, 73, 98
349741.6.peg.1457.site.173, 28, 77, 105
349741.6.peg.1457.site.174, 2, 78, 80
349741.6.peg.1457.site.175, 8, 80, 88
349741.6.peg.1457.site.176, 7, 79, 86
349741.6.peg.1457.site.177, 10, 82, 92
349741.6.peg.1457.site.178, 24, 86, 110
349741.6.peg.1457.site.179, 10, 92, 102
349741.6.peg.1457.site.180, 22, 95, 117
349741.6.peg.1457.site.181, 71, 96, 167
349741.6.peg.1457.site.182, 2, 96, 98
349741.6.peg.1457.site.183, 28, 96, 124
349741.6.peg.1457.site.184, 36, 95, 131
349741.6.peg.1457.site.185, 34, 94, 128
349741.6.peg.1457.site.186, 11, 94, 105
349741.6.peg.1457.site.187, 11, 95, 106
349741.6.peg.1457.site.188, 95, 96, 191
349741.6.peg.1457.site.189, 2, 96, 98
349741.6.peg.1457.site.190, 2, 96, 98
349741.6.peg.1457.site.191, 0, 96, 96
349741.6.peg.1457.site.192, 2, 96, 98
349741.6.peg.1457.site.193, 0, 96, 96
349741.6.peg.1457.site.194, 10, 94, 104
349741.6.peg.1457.site.195, 46, 94, 140
349741.6.peg.1457.site.196, 2, 92, 94
349741.6.peg.1457.site.197, 9, 91, 100
349741.6.peg.1457.site.198, 4, 86, 90
349741.6.peg.1457.site.199, 38, 86, 124
349741.6.peg.1457.site.200, 12, 94, 106
349741.6.peg.1457.site.201, 1, 94, 95
349741.6.peg.1457.site.202, 46, 94, 140
349741.6.peg.1457.site.203, 1, 94, 95
349741.6.peg.1457.site.204, 10, 92, 102
349741.6.peg.1457.site.205, 7, 91, 98
349741.6.peg.1457.site.206, 34, 87, 121
349741.6.peg.1457.site.207, 35, 83, 118
349741.6.peg.1457.site.208, 12, 81, 93
349741.6.peg.1457.site.209, 43, 81, 124
349741.6.peg.1457.site.210, 5, 86, 91
349741.6.peg.1457.site.211, 36, 86, 122
349741.6.peg.1457.site.212, 35, 85, 120
349741.6.peg.1457.site.213, 1, 85, 86
349741.6.peg.1457.site.214, 11, 85, 96
349741.6.peg.1457.site.215, 3, 84, 87
349741.6.peg.1457.site.216, 3, 82, 85
349741.6.peg.1457.site.217, 3, 84, 87
349741.6.peg.1457.site.218, 79, 82, 161
349741.6.peg.1457.site.219, 33, 91, 124
349741.6.peg.1457.site.220, 4, 93, 97
349741.6.peg.1457.site.221, 35, 93, 128
349741.6.peg.1457.site.222, 33, 89, 122
349741.6.peg.1457.site.223, 5, 83, 88
349741.6.peg.1457.site.224, 10, 85, 95
349741.6.peg.1457.site.225, 10, 82, 92
349741.6.peg.1457.site.226, 33, 74, 107
349741.6.peg.1457.site.227, 16, 68, 84
349741.6.peg.1457.site.228, 8, 66, 74
349741.6.peg.1457.site.229, 4, 70, 74
349741.6.peg.1457.site.230, 18, 78, 96
349741.6.peg.1457.site.231, 2, 79, 81
349741.6.peg.1457.site.232, 18, 86, 104
349741.6.peg.1457.site.233, 51, 94, 145
349741.6.peg.1457.site.234, 1, 94, 95
349741.6.peg.1457.site.235, 2, 96, 98
349741.6.peg.1457.site.236, 84, 84, 168
349741.6.peg.1457.site.237, 50, 82, 132
349741.6.peg.1457.site.238, 2, 84, 86
349741.6.peg.1457.site.239, 1, 90, 91
349741.6.peg.1457.site.240, 6, 95, 101
349741.6.peg.1457.site.241, 6, 96, 102
349741.6.peg.1457.site.242, 11, 95, 106
349741.6.peg.1457.site.243, 57, 94, 151
349741.6.peg.1457.site.244, 2, 95, 97
349741.6.peg.1457.site.245, 2, 94, 96
349741.6.peg.1457.site.246, 11, 95, 106
349741.6.peg.1457.site.247, 10, 96, 106
349741.6.peg.1457.site.248, 6, 96, 102
349741.6.peg.1457.site.249, 50, 96, 146
349741.6.peg.1457.site.250, 1, 96, 97
349741.6.peg.1457.site.251, 12, 96, 108
349741.6.peg.1457.site.252, 7, 96, 103
349741.6.peg.1457.site.253, 30, 96, 126
349741.6.peg.1457.site.254, 12, 96, 108
349741.6.peg.1457.site.255, 72, 95, 167
349741.6.peg.1457.site.256, 10, 93, 103
349741.6.peg.1457.site.257, 38, 84, 122
349741.6.peg.1457.site.258, 16, 94, 110
349741.6.peg.1457.site.259, 11, 94, 105
349741.6.peg.1457.site.260, 38, 95, 133
349741.6.peg.1457.site.261, 37, 94, 131
349741.6.peg.1457.site.262, 39, 95, 134
349741.6.peg.1457.site.263, 3, 87, 90
349741.6.peg.1457.site.264, 1, 84, 85
349741.6.peg.1457.site.265, 39, 84, 123
349741.6.peg.1457.site.266, 22, 84, 106
349741.6.peg.1457.site.267, 1, 84, 85
349741.6.peg.1457.site.268, 0, 93, 93
349741.6.peg.1457.site.269, 12, 91, 103
349741.6.peg.1457.site.270, 3, 87, 90
349741.6.peg.1457.site.271, 2, 86, 88
349741.6.peg.1457.site.272, 81, 84, 165
349741.6.peg.1457.site.273, 20, 84, 104
349741.6.peg.1457.site.274, 6, 90, 96
349741.6.peg.1457.site.275, 6, 90, 96
349741.6.peg.1457.site.276, 16, 88, 104
349741.6.peg.1457.site.277, 82, 85, 167
349741.6.peg.1457.site.278, 6, 90, 96
349741.6.peg.1457.site.279, 12, 95, 107
349741.6.peg.1457.site.280, 12, 96, 108
349741.6.peg.1457.site.281, 39, 96, 135
349741.6.peg.1457.site.282, 9, 93, 102
349741.6.peg.1457.site.283, 8, 91, 99
349741.6.peg.1457.site.284, 8, 91, 99
349741.6.peg.1457.site.285, 1, 95, 96
349741.6.peg.1457.site.286, 12, 95, 107
349741.6.peg.1457.site.287, 17, 94, 111
349741.6.peg.1457.site.288, 15, 84, 99
349741.6.peg.1457.site.289, 14, 82, 96
349741.6.peg.1457.site.290, 8, 81, 89
349741.6.peg.1457.site.291, 12, 80, 92
349741.6.peg.1457.site.292, 59, 80, 139
349741.6.peg.1457.site.293, 2, 15, 17
349741.6.peg.1457.site.294, 11, 15, 26
349741.6.peg.1457.site.295, 10, 15, 25
349741.6.peg.1457.site.296, 1, 6, 7
349741.6.peg.1457.site.297, 1, 5, 6
349741.6.peg.1698.site.1, 6, 96, 102
349741.6.peg.1698.site.2, 30, 96, 126
349741.6.peg.1698.site.3, 31, 96, 127
349741.6.peg.1698.site.4, 31, 97, 128
349741.6.peg.1698.site.5, 10, 97, 107
349741.6.peg.1698.site.6, 28, 96, 124
349741.6.peg.1698.site.7, 31, 97, 128
349741.6.peg.1698.site.8, 15, 97, 112
349741.6.peg.1698.site.9, 45, 97, 142
349741.6.peg.1698.site.10, 1, 97, 98
349741.6.peg.1698.site.11, 17, 95, 112
349741.6.peg.1698.site.12, 0, 95, 95
349741.6.peg.1698.site.13, 2, 94, 96
349741.6.peg.1698.site.14, 31, 96, 127
349741.6.peg.529.site.1, 0, 97, 97
349741.6.peg.529.site.2, 2, 97, 99
349741.6.peg.529.site.3, 85, 97, 182
349741.6.peg.529.site.4, 41, 97, 138
349741.6.peg.529.site.5, 26, 97, 123
349741.6.peg.529.site.6, 12, 97, 109
349741.6.peg.529.site.7, 32, 97, 129
349741.6.peg.529.site.8, 0, 97, 97
349741.6.peg.529.site.9, 0, 97, 97
349741.6.peg.529.site.10, 32, 97, 129
349741.6.peg.529.site.11, 32, 97, 129
349741.6.peg.528.site.1, 54, 97, 151
349741.6.peg.528.site.2, 41, 97, 138
349741.6.peg.528.site.3, 54, 97, 151
349741.6.peg.528.site.4, 1, 97, 98
349741.6.peg.528.site.5, 39, 97, 136
349741.6.peg.528.site.6, 54, 97, 151
349741.6.peg.528.site.7, 2, 97, 99
349741.6.peg.528.site.8, 2, 96, 98
349741.6.peg.528.site.9, 31, 96, 127
349741.6.peg.527.site.1, 20, 97, 117
349741.6.peg.527.site.2, 0, 96, 96
349741.6.peg.527.site.3, 70, 97, 167
349741.6.peg.527.site.4, 67, 97, 164
349741.6.peg.1692.site.1, 2, 96, 98
349741.6.peg.1692.site.2, 2, 97, 99
349741.6.peg.1692.site.3, 51, 97, 148
349741.6.peg.1692.site.4, 44, 90, 134
349741.6.peg.1692.site.5, 35, 81, 116
349741.6.peg.1692.site.6, 2, 83, 85
349741.6.peg.1692.site.7, 35, 81, 116
349741.6.peg.1692.site.8, 14, 54, 68
349741.6.peg.1692.site.9, 17, 63, 80
349741.6.peg.1692.site.10, 2, 92, 94
349741.6.peg.1692.site.11, 47, 93, 140
349741.6.peg.1692.site.12, 2, 95, 97
349741.6.peg.1692.site.13, 3, 97, 100
349741.6.peg.1692.site.14, 51, 97, 148
349741.6.peg.1692.site.15, 1, 97, 98
349741.6.peg.1692.site.16, 3, 97, 100
349741.6.peg.1692.site.17, 51, 97, 148
349741.6.peg.1692.site.18, 7, 97, 104
349741.6.peg.1692.site.19, 88, 97, 185
349741.6.peg.1692.site.20, 0, 97, 97
349741.6.peg.1692.site.21, 57, 97, 154
349741.6.peg.1692.site.22, 56, 97, 153
349741.6.peg.1692.site.23, 29, 97, 126
349741.6.peg.1692.site.24, 48, 96, 144
349741.6.peg.1692.site.25, 1, 96, 97
349741.6.peg.1692.site.26, 2, 96, 98
349741.6.peg.1692.site.27, 2, 97, 99
349741.6.peg.1692.site.28, 38, 97, 135
349741.6.peg.1692.site.29, 90, 97, 187
349741.6.peg.1692.site.30, 1, 96, 97
349741.6.peg.1692.site.31, 2, 97, 99
349741.6.peg.1692.site.32, 8, 97, 105
349741.6.peg.1692.site.33, 32, 97, 129
349741.6.peg.1692.site.34, 7, 97, 104
349741.6.peg.1692.site.35, 39, 97, 136
349741.6.peg.1692.site.36, 48, 97, 145
349741.6.peg.1692.site.37, 4, 97, 101
349741.6.peg.1692.site.38, 90, 97, 187
349741.6.peg.1692.site.39, 32, 97, 129
349741.6.peg.1692.site.40, 32, 97, 129
349741.6.peg.1692.site.41, 36, 97, 133
349741.6.peg.1692.site.42, 2, 97, 99
349741.6.peg.1692.site.43, 1, 97, 98
349741.6.peg.1692.site.44, 21, 97, 118
349741.6.peg.525.site.1, 3, 97, 100
349741.6.peg.1690.site.1, 42, 97, 139
349741.6.peg.1690.site.2, 8, 97, 105
349741.6.peg.1690.site.3, 0, 97, 97
349741.6.peg.1690.site.4, 1, 97, 98
349741.6.peg.1690.site.5, 1, 97, 98
349741.6.peg.1690.site.6, 44, 97, 141
349741.6.peg.1690.site.7, 52, 97, 149
349741.6.peg.1690.site.8, 34, 97, 131
349741.6.peg.1690.site.9, 3, 97, 100
349741.6.peg.1690.site.10, 1, 96, 97
349741.6.peg.1690.site.11, 5, 97, 102
349741.6.peg.1690.site.12, 40, 97, 137
349741.6.peg.1690.site.13, 38, 97, 135
349741.6.peg.1690.site.14, 1, 97, 98
349741.6.peg.1690.site.15, 48, 97, 145
349741.6.peg.1690.site.16, 5, 97, 102
349741.6.peg.1690.site.17, 8, 97, 105
349741.6.peg.1690.site.18, 1, 97, 98
349741.6.peg.1690.site.19, 0, 96, 96
349741.6.peg.1697.site.1, 4, 97, 101
349741.6.peg.1697.site.2, 4, 97, 101
349741.6.peg.1697.site.3, 21, 97, 118
349741.6.peg.1697.site.4, 33, 97, 130
349741.6.peg.1697.site.5, 21, 97, 118
349741.6.peg.1697.site.6, 2, 97, 99
349741.6.peg.1697.site.7, 2, 95, 97
349741.6.peg.1697.site.8, 65, 91, 156
349741.6.peg.1697.site.9, 63, 91, 154
349741.6.peg.1697.site.10, 19, 95, 114
349741.6.peg.1697.site.11, 2, 95, 97
349741.6.peg.1697.site.12, 21, 94, 115
349741.6.peg.1697.site.13, 21, 97, 118
349741.6.peg.1697.site.14, 21, 96, 117
349741.6.peg.1697.site.15, 62, 96, 158
349741.6.peg.1697.site.16, 21, 97, 118
349741.6.peg.1697.site.17, 21, 97, 118
349741.6.peg.1697.site.18, 21, 97, 118
349741.6.peg.522.site.1, 2, 96, 98
349741.6.peg.522.site.2, 81, 97, 178
349741.6.peg.522.site.3, 81, 97, 178
349741.6.peg.522.site.4, 79, 97, 176
349741.6.peg.522.site.5, 0, 97, 97
349741.6.peg.522.site.6, 81, 97, 178
349741.6.peg.522.site.7, 80, 96, 176
349741.6.peg.522.site.8, 4, 97, 101
349741.6.peg.522.site.9, 81, 97, 178
349741.6.peg.522.site.10, 81, 97, 178
349741.6.peg.522.site.11, 81, 97, 178
349741.6.peg.522.site.12, 81, 97, 178
349741.6.peg.522.site.13, 9, 97, 106
349741.6.peg.522.site.14, 80, 96, 176
349741.6.peg.522.site.15, 69, 78, 147
349741.6.peg.522.site.16, 58, 74, 132
349741.6.peg.522.site.17, 20, 36, 56
349741.6.peg.522.site.18, 9, 25, 34
349741.6.peg.522.site.19, 10, 96, 106
349741.6.peg.522.site.20, 10, 97, 107
349741.6.peg.522.site.21, 81, 97, 178
349741.6.peg.522.site.22, 81, 97, 178
349741.6.peg.522.site.23, 81, 97, 178
349741.6.peg.522.site.24, 2, 96, 98
349741.6.peg.522.site.25, 2, 97, 99
349741.6.peg.521.site.1, 72, 92, 164
349741.6.peg.521.site.2, 7, 96, 103
349741.6.peg.521.site.3, 4, 97, 101
349741.6.peg.521.site.4, 80, 97, 177
349741.6.peg.521.site.5, 80, 96, 176
349741.6.peg.521.site.6, 7, 97, 104
349741.6.peg.521.site.7, 17, 35, 52
349741.6.peg.521.site.8, 1, 19, 20
349741.6.peg.521.site.9, 3, 21, 24
349741.6.peg.521.site.10, 18, 36, 54
349741.6.peg.521.site.11, 23, 41, 64
349741.6.peg.521.site.12, 44, 62, 106
349741.6.peg.521.site.13, 56, 74, 130
349741.6.peg.521.site.14, 88, 95, 183
349741.6.peg.521.site.15, 4, 97, 101
349741.6.peg.1694.site.1, 34, 97, 131
349741.6.peg.1694.site.2, 75, 97, 172
349741.6.peg.1694.site.3, 76, 96, 172
349741.6.peg.1694.site.4, 78, 97, 175
349741.6.peg.1694.site.5, 2, 96, 98
349741.6.peg.1694.site.6, 8, 97, 105
349741.6.peg.1694.site.7, 1, 97, 98
349741.6.peg.1694.site.8, 2, 96, 98
349741.6.peg.1694.site.9, 6, 96, 102
349741.6.peg.1694.site.10, 2, 95, 97
349741.6.peg.1694.site.11, 19, 97, 116
349741.6.peg.639.site.1, 28, 92, 120
349741.6.peg.639.site.2, 2, 92, 94
349741.6.peg.639.site.3, 2, 92, 94
349741.6.peg.639.site.4, 53, 92, 145
349741.6.peg.639.site.5, 1, 93, 94
349741.6.peg.639.site.6, 6, 93, 99
349741.6.peg.639.site.7, 2, 94, 96
349741.6.peg.639.site.8, 33, 96, 129
349741.6.peg.639.site.9, 51, 96, 147
349741.6.peg.639.site.10, 0, 96, 96
349741.6.peg.639.site.11, 4, 95, 99
349741.6.peg.639.site.12, 4, 96, 100
349741.6.peg.639.site.13, 4, 95, 99
349741.6.peg.639.site.14, 9, 96, 105
349741.6.peg.639.site.15, 4, 96, 100
349741.6.peg.639.site.16, 12, 97, 109
349741.6.peg.639.site.17, 5, 97, 102
349741.6.peg.639.site.18, 5, 97, 102
349741.6.peg.639.site.19, 5, 97, 102
349741.6.peg.639.site.20, 2, 93, 95
349741.6.peg.639.site.21, 5, 91, 96
349741.6.peg.639.site.22, 1, 92, 93
349741.6.peg.639.site.23, 5, 92, 97
349741.6.peg.639.site.24, 1, 92, 93
349741.6.peg.639.site.25, 1, 93, 94
349741.6.peg.639.site.26, 9, 97, 106
349741.6.peg.639.site.27, 5, 97, 102
349741.6.peg.639.site.28, 4, 95, 99
349741.6.peg.639.site.29, 4, 96, 100
349741.6.peg.639.site.30, 49, 96, 145
349741.6.peg.639.site.31, 37, 94, 131
349741.6.peg.639.site.32, 1, 92, 93
349741.6.peg.639.site.33, 2, 94, 96
349741.6.peg.639.site.34, 49, 95, 144
349741.6.peg.639.site.35, 3, 95, 98
349741.6.peg.639.site.36, 97, 97, 194
349741.6.peg.639.site.37, 5, 97, 102
349741.6.peg.639.site.38, 49, 97, 146
349741.6.peg.639.site.39, 5, 97, 102
349741.6.peg.639.site.40, 5, 97, 102
349741.6.peg.639.site.41, 5, 97, 102
349741.6.peg.639.site.42, 5, 97, 102
349741.6.peg.639.site.43, 51, 97, 148
349741.6.peg.639.site.44, 0, 97, 97
349741.6.peg.639.site.45, 8, 97, 105
349741.6.peg.639.site.46, 0, 97, 97
349741.6.peg.639.site.47, 5, 97, 102
349741.6.peg.639.site.48, 5, 97, 102
349741.6.peg.639.site.49, 2, 97, 99
349741.6.peg.639.site.50, 79, 97, 176
349741.6.peg.639.site.51, 5, 97, 102
349741.6.peg.639.site.52, 5, 97, 102
349741.6.peg.639.site.53, 5, 94, 99
349741.6.peg.639.site.54, 5, 97, 102
349741.6.peg.639.site.55, 2, 97, 99
349741.6.peg.639.site.56, 5, 97, 102
349741.6.peg.639.site.57, 2, 97, 99
349741.6.peg.639.site.58, 4, 96, 100
349741.6.peg.639.site.59, 79, 97, 176
349741.6.peg.639.site.60, 28, 97, 125
349741.6.peg.639.site.61, 2, 94, 96
349741.6.peg.639.site.62, 84, 94, 178
349741.6.peg.638.site.1, 5, 97, 102
349741.6.peg.638.site.2, 3, 96, 99
349741.6.peg.638.site.3, 5, 95, 100
349741.6.peg.638.site.4, 5, 96, 101
349741.6.peg.638.site.5, 3, 97, 100
349741.6.peg.638.site.6, 94, 96, 190
349741.6.peg.638.site.7, 5, 96, 101
349741.6.peg.638.site.8, 55, 96, 151
349741.6.peg.638.site.9, 5, 96, 101
349741.6.peg.638.site.10, 50, 96, 146
349741.6.peg.638.site.11, 5, 97, 102
349741.6.peg.638.site.12, 0, 97, 97
349741.6.peg.638.site.13, 5, 97, 102
349741.6.peg.638.site.14, 5, 97, 102
349741.6.peg.638.site.15, 5, 97, 102
349741.6.peg.638.site.16, 2, 93, 95
349741.6.peg.638.site.17, 22, 91, 113
349741.6.peg.638.site.18, 66, 92, 158
349741.6.peg.149.site.1, 3, 97, 100
349741.6.peg.149.site.2, 28, 97, 125
349741.6.peg.149.site.3, 1, 97, 98
349741.6.peg.149.site.4, 5, 97, 102
349741.6.peg.149.site.5, 47, 97, 144
349741.6.peg.149.site.6, 0, 96, 96
349741.6.peg.149.site.7, 1, 97, 98
349741.6.peg.149.site.8, 7, 97, 104
349741.6.peg.149.site.9, 2, 96, 98
349741.6.peg.149.site.10, 2, 97, 99
349741.6.peg.149.site.11, 68, 97, 165
349741.6.peg.149.site.12, 3, 97, 100
349741.6.peg.149.site.13, 0, 97, 97
349741.6.peg.149.site.14, 1, 97, 98
349741.6.peg.149.site.15, 60, 97, 157
349741.6.peg.149.site.16, 41, 97, 138
349741.6.peg.149.site.17, 0, 96, 96
349741.6.peg.149.site.18, 5, 97, 102
349741.6.peg.149.site.19, 0, 89, 89
349741.6.peg.149.site.20, 1, 58, 59
349741.6.peg.149.site.21, 22, 62, 84
349741.6.peg.149.site.22, 1, 74, 75
349741.6.peg.149.site.23, 41, 82, 123
349741.6.peg.149.site.24, 1, 86, 87
349741.6.peg.149.site.25, 61, 96, 157
349741.6.peg.149.site.26, 4, 90, 94
349741.6.peg.149.site.27, 45, 91, 136
349741.6.peg.149.site.28, 1, 78, 79
349741.6.peg.149.site.29, 1, 81, 82
349741.6.peg.149.site.30, 34, 81, 115
349741.6.peg.149.site.31, 2, 90, 92
349741.6.peg.149.site.32, 2, 96, 98
349741.6.peg.148.site.1, 3, 97, 100
349741.6.peg.148.site.2, 17, 97, 114
349741.6.peg.148.site.3, 51, 97, 148
349741.6.peg.148.site.4, 42, 97, 139
349741.6.peg.148.site.5, 95, 97, 192
349741.6.peg.148.site.6, 2, 97, 99
349741.6.peg.148.site.7, 23, 97, 120
349741.6.peg.148.site.8, 23, 97, 120
349741.6.peg.148.site.9, 3, 94, 97
349741.6.peg.148.site.10, 1, 97, 98
349741.6.peg.148.site.11, 0, 96, 96
349741.6.peg.148.site.12, 9, 97, 106
349741.6.peg.148.site.13, 25, 97, 122
349741.6.peg.148.site.14, 3, 97, 100
349741.6.peg.328.site.1, 89, 97, 186
349741.6.peg.328.site.2, 21, 97, 118
349741.6.peg.328.site.3, 21, 97, 118
349741.6.peg.328.site.4, 21, 97, 118
349741.6.peg.328.site.5, 21, 97, 118
349741.6.peg.145.site.1, 0, 97, 97
349741.6.peg.145.site.2, 27, 97, 124
349741.6.peg.145.site.3, 91, 96, 187
349741.6.peg.145.site.4, 2, 96, 98
349741.6.peg.145.site.5, 69, 96, 165
349741.6.peg.145.site.6, 1, 96, 97
349741.6.peg.145.site.7, 46, 96, 142
349741.6.peg.145.site.8, 0, 88, 88
349741.6.peg.145.site.9, 3, 93, 96
349741.6.peg.145.site.10, 2, 88, 90
349741.6.peg.145.site.11, 2, 93, 95
349741.6.peg.145.site.12, 43, 94, 137
349741.6.peg.145.site.13, 16, 95, 111
349741.6.peg.145.site.14, 7, 97, 104
349741.6.peg.145.site.15, 2, 96, 98
349741.6.peg.145.site.16, 14, 96, 110
349741.6.peg.145.site.17, 53, 97, 150
349741.6.peg.145.site.18, 23, 97, 120
349741.6.peg.145.site.19, 6, 96, 102
349741.6.peg.145.site.20, 7, 97, 104
349741.6.peg.145.site.21, 3, 97, 100
349741.6.peg.145.site.22, 3, 97, 100
349741.6.peg.145.site.23, 2, 97, 99
349741.6.peg.145.site.24, 2, 97, 99
349741.6.peg.145.site.25, 1, 97, 98
349741.6.peg.145.site.26, 2, 96, 98
349741.6.peg.145.site.27, 68, 97, 165
349741.6.peg.145.site.28, 70, 97, 167
349741.6.peg.145.site.29, 46, 96, 142
349741.6.peg.145.site.30, 1, 97, 98
349741.6.peg.145.site.31, 2, 97, 99
349741.6.peg.145.site.32, 8, 97, 105
349741.6.peg.144.site.1, 3, 89, 92
349741.6.peg.144.site.2, 1, 97, 98
349741.6.peg.144.site.3, 3, 97, 100
349741.6.peg.147.site.1, 17, 97, 114
349741.6.peg.147.site.2, 4, 97, 101
349741.6.peg.147.site.3, 35, 94, 129
349741.6.peg.147.site.4, 2, 90, 92
349741.6.peg.146.site.1, 2, 97, 99
349741.6.peg.146.site.2, 14, 97, 111
349741.6.peg.146.site.3, 1, 97, 98
349741.6.peg.146.site.4, 1, 97, 98
349741.6.peg.146.site.5, 9, 97, 106
349741.6.peg.146.site.6, 2, 97, 99
349741.6.peg.146.site.7, 0, 97, 97
349741.6.peg.146.site.8, 2, 97, 99
349741.6.peg.146.site.9, 9, 97, 106
349741.6.peg.146.site.10, 0, 96, 96
349741.6.peg.146.site.11, 1, 97, 98
349741.6.peg.146.site.12, 2, 97, 99
349741.6.peg.146.site.13, 8, 94, 102
349741.6.peg.146.site.14, 3, 94, 97
349741.6.peg.146.site.15, 14, 95, 109
349741.6.peg.146.site.16, 0, 95, 95
349741.6.peg.146.site.17, 16, 97, 113
349741.6.peg.146.site.18, 16, 96, 112
349741.6.peg.146.site.19, 16, 96, 112
349741.6.peg.146.site.20, 2, 97, 99
349741.6.peg.146.site.21, 22, 97, 119
349741.6.peg.146.site.22, 16, 97, 113
349741.6.peg.146.site.23, 15, 96, 111
349741.6.peg.141.site.1, 1, 97, 98
349741.6.peg.141.site.2, 2, 96, 98
349741.6.peg.141.site.3, 2, 96, 98
349741.6.peg.141.site.4, 2, 96, 98
349741.6.peg.141.site.5, 5, 95, 100
349741.6.peg.141.site.6, 22, 97, 119
349741.6.peg.141.site.7, 4, 97, 101
349741.6.peg.141.site.8, 2, 97, 99
349741.6.peg.141.site.9, 2, 96, 98
349741.6.peg.141.site.10, 79, 97, 176
349741.6.peg.141.site.11, 10, 97, 107
349741.6.peg.141.site.12, 4, 97, 101
349741.6.peg.141.site.13, 2, 92, 94
349741.6.peg.141.site.14, 10, 97, 107
349741.6.peg.141.site.15, 0, 97, 97
349741.6.peg.141.site.16, 2, 97, 99
349741.6.peg.141.site.17, 85, 97, 182
349741.6.peg.141.site.18, 86, 97, 183
349741.6.peg.141.site.19, 14, 95, 109
349741.6.peg.141.site.20, 1, 84, 85
349741.6.peg.141.site.21, 0, 97, 97
349741.6.peg.636.site.1, 0, 96, 96
349741.6.peg.636.site.2, 41, 97, 138
349741.6.peg.636.site.3, 45, 95, 140
349741.6.peg.636.site.4, 7, 83, 90
349741.6.peg.636.site.5, 42, 84, 126
349741.6.peg.636.site.6, 53, 94, 147
349741.6.peg.636.site.7, 52, 93, 145
349741.6.peg.636.site.8, 2, 93, 95
349741.6.peg.636.site.9, 0, 93, 93
349741.6.peg.636.site.10, 60, 89, 149
349741.6.peg.636.site.11, 43, 85, 128
349741.6.peg.636.site.12, 44, 85, 129
349741.6.peg.636.site.13, 54, 95, 149
349741.6.peg.636.site.14, 54, 95, 149
349741.6.peg.636.site.15, 2, 95, 97
349741.6.peg.636.site.16, 43, 95, 138
349741.6.peg.636.site.17, 5, 94, 99
349741.6.peg.636.site.18, 5, 95, 100
349741.6.peg.636.site.19, 5, 96, 101
349741.6.peg.636.site.20, 56, 97, 153
349741.6.peg.636.site.21, 36, 97, 133
349741.6.peg.636.site.22, 5, 95, 100
349741.6.peg.636.site.23, 2, 95, 97
349741.6.peg.636.site.24, 1, 94, 95
349741.6.peg.636.site.25, 8, 94, 102
349741.6.peg.636.site.26, 3, 95, 98
349741.6.peg.636.site.27, 56, 95, 151
349741.6.peg.636.site.28, 2, 94, 96
349741.6.peg.636.site.29, 12, 93, 105
349741.6.peg.636.site.30, 1, 93, 94
349741.6.peg.143.site.1, 0, 94, 94
349741.6.peg.143.site.2, 91, 95, 186
349741.6.peg.143.site.3, 1, 97, 98
349741.6.peg.143.site.4, 79, 97, 176
349741.6.peg.143.site.5, 2, 97, 99
349741.6.peg.143.site.6, 2, 96, 98
349741.6.peg.143.site.7, 12, 97, 109
349741.6.peg.143.site.8, 92, 97, 189
349741.6.peg.143.site.9, 89, 96, 185
349741.6.peg.143.site.10, 70, 96, 166
349741.6.peg.143.site.11, 1, 97, 98
349741.6.peg.143.site.12, 72, 96, 168
349741.6.peg.143.site.13, 25, 96, 121
349741.6.peg.143.site.14, 54, 96, 150
349741.6.peg.143.site.15, 66, 88, 154
349741.6.peg.143.site.16, 85, 96, 181
349741.6.peg.143.site.17, 34, 96, 130
349741.6.peg.143.site.18, 10, 97, 107
349741.6.peg.143.site.19, 27, 97, 124
349741.6.peg.143.site.20, 65, 96, 161
349741.6.peg.143.site.21, 2, 97, 99
349741.6.peg.143.site.22, 2, 97, 99
349741.6.peg.143.site.23, 1, 97, 98
349741.6.peg.142.site.1, 44, 91, 135
349741.6.peg.142.site.2, 45, 96, 141
349741.6.peg.142.site.3, 53, 97, 150
349741.6.peg.142.site.4, 2, 96, 98
349741.6.peg.142.site.5, 44, 96, 140
349741.6.peg.142.site.6, 44, 96, 140
349741.6.peg.142.site.7, 38, 95, 133
349741.6.peg.142.site.8, 41, 92, 133
349741.6.peg.142.site.9, 40, 91, 131
349741.6.peg.142.site.10, 42, 93, 135
349741.6.peg.142.site.11, 2, 96, 98
349741.6.peg.142.site.12, 45, 97, 142
349741.6.peg.142.site.13, 47, 97, 144
349741.6.peg.142.site.14, 47, 97, 144
349741.6.peg.142.site.15, 47, 97, 144
349741.6.peg.142.site.16, 34, 97, 131
349741.6.peg.142.site.17, 1, 97, 98
349741.6.peg.142.site.18, 81, 97, 178
349741.6.peg.142.site.19, 33, 97, 130
349741.6.peg.142.site.20, 1, 97, 98
349741.6.peg.142.site.21, 26, 97, 123
349741.6.peg.142.site.22, 4, 97, 101
349741.6.peg.142.site.23, 3, 97, 100
349741.6.peg.142.site.24, 2, 96, 98
349741.6.peg.142.site.25, 8, 95, 103
349741.6.peg.2328.site.1, 15, 97, 112
349741.6.peg.2328.site.2, 15, 96, 111
349741.6.peg.2328.site.3, 12, 96, 108
349741.6.peg.2328.site.4, 6, 96, 102
349741.6.peg.2328.site.5, 37, 96, 133
349741.6.peg.2328.site.6, 27, 97, 124
349741.6.peg.2328.site.7, 27, 97, 124
349741.6.peg.2328.site.8, 27, 97, 124
349741.6.peg.2328.site.9, 3, 97, 100
349741.6.peg.2328.site.10, 11, 97, 108
349741.6.peg.2328.site.11, 27, 97, 124
349741.6.peg.2328.site.12, 40, 97, 137
349741.6.peg.2328.site.13, 1, 96, 97
349741.6.peg.2328.site.14, 26, 95, 121
349741.6.peg.2328.site.15, 3, 93, 96
349741.6.peg.2328.site.16, 26, 95, 121
349741.6.peg.2328.site.17, 20, 94, 114
349741.6.peg.2328.site.18, 52, 97, 149
349741.6.peg.2328.site.19, 37, 97, 134
349741.6.peg.2328.site.20, 1, 96, 97
349741.6.peg.2328.site.21, 13, 95, 108
349741.6.peg.2328.site.22, 32, 96, 128
349741.6.peg.2328.site.23, 3, 96, 99
349741.6.peg.2328.site.24, 12, 96, 108
349741.6.peg.2328.site.25, 74, 97, 171
349741.6.peg.2328.site.26, 7, 97, 104
349741.6.peg.2328.site.27, 47, 97, 144
349741.6.peg.2328.site.28, 47, 97, 144
349741.6.peg.2328.site.29, 67, 97, 164
349741.6.peg.2328.site.30, 24, 96, 120
349741.6.peg.2328.site.31, 5, 96, 101
349741.6.peg.2328.site.32, 24, 94, 118
349741.6.peg.2328.site.33, 56, 97, 153
349741.6.peg.2328.site.34, 24, 97, 121
349741.6.peg.2328.site.35, 24, 97, 121
349741.6.peg.2328.site.36, 3, 97, 100
349741.6.peg.2328.site.37, 10, 95, 105
349741.6.peg.2328.site.38, 45, 96, 141
349741.6.peg.2328.site.39, 23, 95, 118
349741.6.peg.2328.site.40, 24, 97, 121
349741.6.peg.2328.site.41, 72, 95, 167
349741.6.peg.2328.site.42, 7, 95, 102
349741.6.peg.2326.site.1, 89, 97, 186
349741.6.peg.2326.site.2, 0, 96, 96
349741.6.peg.2326.site.3, 3, 94, 97
349741.6.peg.2326.site.4, 86, 96, 182
349741.6.peg.2326.site.5, 1, 95, 96
349741.6.peg.2326.site.6, 1, 95, 96
349741.6.peg.2326.site.7, 79, 96, 175
349741.6.peg.2326.site.8, 8, 92, 100
349741.6.peg.2326.site.9, 4, 97, 101
349741.6.peg.2326.site.10, 0, 95, 95
349741.6.peg.2326.site.11, 87, 97, 184
349741.6.peg.2326.site.12, 5, 97, 102
349741.6.peg.2326.site.13, 1, 95, 96
349741.6.peg.2326.site.14, 79, 96, 175
349741.6.peg.2326.site.15, 74, 96, 170
349741.6.peg.2326.site.16, 2, 97, 99
349741.6.peg.2326.site.17, 1, 95, 96
349741.6.peg.2326.site.18, 84, 92, 176
349741.6.peg.2326.site.19, 1, 93, 94
349741.6.peg.2326.site.20, 73, 90, 163
349741.6.peg.2326.site.21, 80, 97, 177
349741.6.peg.2326.site.22, 57, 96, 153
349741.6.peg.2326.site.23, 1, 96, 97
349741.6.peg.2326.site.24, 85, 96, 181
349741.6.peg.2326.site.25, 2, 89, 91
349741.6.peg.2326.site.26, 2, 88, 90
349741.6.peg.2326.site.27, 9, 97, 106
349741.6.peg.2326.site.28, 6, 94, 100
349741.6.peg.2326.site.29, 5, 93, 98
349741.6.peg.2326.site.30, 2, 94, 96
349741.6.peg.2326.site.31, 8, 96, 104
349741.6.peg.2326.site.32, 2, 96, 98
349741.6.peg.2326.site.33, 5, 88, 93
349741.6.peg.2326.site.34, 4, 91, 95
349741.6.peg.2326.site.35, 73, 86, 159
349741.6.peg.2326.site.36, 2, 88, 90
349741.6.peg.2326.site.37, 4, 91, 95
349741.6.peg.2326.site.38, 8, 95, 103
349741.6.peg.2326.site.39, 74, 97, 171
349741.6.peg.2326.site.40, 9, 97, 106
349741.6.peg.2326.site.41, 4, 96, 100
349741.6.peg.2326.site.42, 14, 96, 110
349741.6.peg.2326.site.43, 14, 94, 108
349741.6.peg.2326.site.44, 13, 92, 105
349741.6.peg.2326.site.45, 23, 91, 114
349741.6.peg.2327.site.1, 14, 31, 45
349741.6.peg.2327.site.2, 1, 33, 34
349741.6.peg.2327.site.3, 2, 55, 57
349741.6.peg.2327.site.4, 1, 49, 50
349741.6.peg.2327.site.5, 20, 36, 56
349741.6.peg.2327.site.6, 1, 18, 19
349741.6.peg.2327.site.7, 61, 79, 140
349741.6.peg.2327.site.8, 81, 82, 163
349741.6.peg.2327.site.9, 69, 86, 155
349741.6.peg.2327.site.10, 70, 87, 157
349741.6.peg.2327.site.11, 70, 87, 157
349741.6.peg.2327.site.12, 39, 86, 125
349741.6.peg.2327.site.13, 8, 85, 93
349741.6.peg.2327.site.14, 1, 80, 81
349741.6.peg.2327.site.15, 1, 79, 80
349741.6.peg.2327.site.16, 1, 76, 77
349741.6.peg.2327.site.17, 50, 66, 116
349741.6.peg.2327.site.18, 3, 78, 81
349741.6.peg.2327.site.19, 6, 80, 86
349741.6.peg.2327.site.20, 4, 86, 90
349741.6.peg.2327.site.21, 7, 75, 82
349741.6.peg.2327.site.22, 32, 54, 86
349741.6.peg.2327.site.23, 1, 19, 20
349741.6.peg.2327.site.24, 3, 22, 25
349741.6.peg.2327.site.25, 5, 26, 31
349741.6.peg.2327.site.26, 15, 33, 48
349741.6.peg.2327.site.27, 3, 36, 39
349741.6.peg.2327.site.28, 32, 64, 96
349741.6.peg.2327.site.29, 19, 86, 105
349741.6.peg.2327.site.30, 68, 86, 154
349741.6.peg.2327.site.31, 9, 85, 94
349741.6.peg.2327.site.32, 2, 88, 90
349741.6.peg.2327.site.33, 2, 86, 88
349741.6.peg.2327.site.34, 0, 85, 85
349741.6.peg.2327.site.35, 2, 84, 86
349741.6.peg.2327.site.36, 65, 83, 148
349741.6.peg.2327.site.37, 64, 82, 146
349741.6.peg.2327.site.38, 16, 81, 97
349741.6.peg.2327.site.39, 60, 75, 135
349741.6.peg.2327.site.40, 66, 75, 141
349741.6.peg.2327.site.41, 22, 81, 103
349741.6.peg.2327.site.42, 2, 83, 85
349741.6.peg.2327.site.43, 1, 85, 86
349741.6.peg.2327.site.44, 2, 81, 83
349741.6.peg.2327.site.45, 2, 80, 82
349741.6.peg.2327.site.46, 63, 86, 149
349741.6.peg.2327.site.47, 4, 84, 88
349741.6.peg.2327.site.48, 1, 83, 84
349741.6.peg.2327.site.49, 1, 84, 85
349741.6.peg.2327.site.50, 60, 83, 143
349741.6.peg.2327.site.51, 1, 80, 81
349741.6.peg.2327.site.52, 1, 83, 84
349741.6.peg.2327.site.53, 1, 83, 84
349741.6.peg.2327.site.54, 77, 81, 158
349741.6.peg.2327.site.55, 2, 76, 78
349741.6.peg.2327.site.56, 4, 78, 82
349741.6.peg.2327.site.57, 3, 77, 80
349741.6.peg.2327.site.58, 7, 71, 78
349741.6.peg.2327.site.59, 25, 69, 94
349741.6.peg.2327.site.60, 6, 77, 83
349741.6.peg.2327.site.61, 56, 79, 135
349741.6.peg.2327.site.62, 6, 79, 85
349741.6.peg.2325.site.1, 53, 53, 106
349741.6.peg.2325.site.2, 2, 23, 25
349741.6.peg.2322.site.1, 2, 53, 55
349741.6.peg.2322.site.2, 37, 62, 99
349741.6.peg.2322.site.3, 63, 63, 126
349741.6.peg.2322.site.4, 2, 95, 97
349741.6.peg.2322.site.5, 66, 97, 163
349741.6.peg.2322.site.6, 15, 97, 112
349741.6.peg.2322.site.7, 2, 96, 98
349741.6.peg.2322.site.8, 9, 97, 106
349741.6.peg.2322.site.9, 8, 97, 105
349741.6.peg.2322.site.10, 1, 96, 97
349741.6.peg.2322.site.11, 90, 96, 186
349741.6.peg.2322.site.12, 1, 97, 98
349741.6.peg.2322.site.13, 2, 97, 99
349741.6.peg.2322.site.14, 78, 96, 174
349741.6.peg.2322.site.15, 81, 96, 177
349741.6.peg.2322.site.16, 1, 97, 98
349741.6.peg.2322.site.17, 56, 97, 153
349741.6.peg.2322.site.18, 90, 97, 187
349741.6.peg.2322.site.19, 23, 97, 120
349741.6.peg.2322.site.20, 91, 97, 188
349741.6.peg.2322.site.21, 81, 97, 178
349741.6.peg.2322.site.22, 78, 94, 172
349741.6.peg.2322.site.23, 15, 81, 96
349741.6.peg.2322.site.24, 2, 96, 98
349741.6.peg.2322.site.25, 92, 97, 189
349741.6.peg.2322.site.26, 0, 97, 97
349741.6.peg.2323.site.1, 12, 96, 108
349741.6.peg.2323.site.2, 83, 97, 180
349741.6.peg.2323.site.3, 81, 97, 178
349741.6.peg.2321.site.1, 6, 20, 26
349741.6.peg.2321.site.2, 34, 50, 84
349741.6.peg.2321.site.3, 2, 85, 87
349741.6.peg.2321.site.4, 74, 90, 164
349741.6.peg.2321.site.5, 14, 93, 107
349741.6.peg.2321.site.6, 2, 95, 97
349741.6.peg.2321.site.7, 83, 96, 179
349741.6.peg.2321.site.8, 4, 97, 101
349741.6.peg.2321.site.9, 11, 97, 108
349741.6.peg.2321.site.10, 6, 92, 98
349741.6.peg.2321.site.11, 1, 95, 96
349741.6.peg.2321.site.12, 90, 96, 186
349741.6.peg.2321.site.13, 80, 95, 175
349741.6.peg.2321.site.14, 80, 96, 176
349741.6.peg.2321.site.15, 60, 95, 155
349741.6.peg.2321.site.16, 1, 96, 97
349741.6.peg.2321.site.17, 1, 95, 96
349741.6.peg.2321.site.18, 79, 95, 174
349741.6.peg.2321.site.19, 78, 94, 172
349741.6.peg.2321.site.20, 25, 94, 119
349741.6.peg.2321.site.21, 2, 96, 98
349741.6.peg.2321.site.22, 92, 96, 188
349741.6.peg.2321.site.23, 92, 96, 188
349741.6.peg.2321.site.24, 79, 95, 174
349741.6.peg.2321.site.25, 32, 97, 129
349741.6.peg.2321.site.26, 80, 95, 175
349741.6.peg.2321.site.27, 80, 95, 175
349741.6.peg.2321.site.28, 2, 97, 99
349741.6.peg.2321.site.29, 81, 97, 178
349741.6.peg.2321.site.30, 17, 93, 110
349741.6.peg.2321.site.31, 2, 95, 97
349741.6.peg.2321.site.32, 1, 92, 93
349741.6.peg.2321.site.33, 54, 70, 124
349741.6.peg.453.site.1, 10, 96, 106
349741.6.peg.453.site.2, 3, 97, 100
349741.6.peg.453.site.3, 0, 94, 94
349741.6.peg.453.site.4, 1, 84, 85
349741.6.peg.453.site.5, 2, 92, 94
349741.6.peg.453.site.6, 42, 93, 135
349741.6.peg.453.site.7, 2, 94, 96
349741.6.peg.453.site.8, 2, 90, 92
349741.6.peg.453.site.9, 10, 95, 105
349741.6.peg.453.site.10, 3, 96, 99
349741.6.peg.451.site.1, 4, 94, 98
349741.6.peg.451.site.2, 24, 94, 118
349741.6.peg.451.site.3, 1, 94, 95
349741.6.peg.451.site.4, 21, 94, 115
349741.6.peg.451.site.5, 27, 94, 121
349741.6.peg.451.site.6, 24, 94, 118
349741.6.peg.451.site.7, 2, 94, 96
349741.6.peg.451.site.8, 5, 94, 99
349741.6.peg.451.site.9, 43, 94, 137
349741.6.peg.451.site.10, 24, 94, 118
349741.6.peg.451.site.11, 2, 94, 96
349741.6.peg.451.site.12, 26, 94, 120
349741.6.peg.451.site.13, 26, 94, 120
349741.6.peg.451.site.14, 53, 94, 147
349741.6.peg.451.site.15, 24, 94, 118
349741.6.peg.451.site.16, 55, 94, 149
349741.6.peg.451.site.17, 26, 93, 119
349741.6.peg.451.site.18, 20, 93, 113
349741.6.peg.451.site.19, 0, 94, 94
349741.6.peg.451.site.20, 8, 94, 102
349741.6.peg.451.site.21, 0, 93, 93
349741.6.peg.451.site.22, 4, 94, 98
349741.6.peg.451.site.23, 0, 94, 94
349741.6.peg.450.site.1, 79, 97, 176
349741.6.peg.450.site.2, 50, 96, 146
349741.6.peg.450.site.3, 29, 97, 126
349741.6.peg.450.site.4, 3, 97, 100
349741.6.peg.450.site.5, 60, 97, 157
349741.6.peg.450.site.6, 61, 97, 158
349741.6.peg.450.site.7, 31, 97, 128
349741.6.peg.450.site.8, 2, 97, 99
349741.6.peg.450.site.9, 31, 97, 128
349741.6.peg.450.site.10, 59, 96, 155
349741.6.peg.450.site.11, 27, 96, 123
349741.6.peg.450.site.12, 30, 75, 105
349741.6.peg.450.site.13, 29, 65, 94
349741.6.peg.450.site.14, 43, 70, 113
349741.6.peg.450.site.15, 13, 67, 80
349741.6.peg.450.site.16, 2, 67, 69
349741.6.peg.450.site.17, 32, 67, 99
349741.6.peg.450.site.18, 10, 75, 85
349741.6.peg.450.site.19, 2, 82, 84
349741.6.peg.450.site.20, 30, 96, 126
349741.6.peg.450.site.21, 30, 96, 126
349741.6.peg.450.site.22, 59, 96, 155
349741.6.peg.450.site.23, 6, 97, 103
349741.6.peg.450.site.24, 31, 97, 128
349741.6.peg.450.site.25, 60, 97, 157
349741.6.peg.450.site.26, 29, 97, 126
349741.6.peg.450.site.27, 60, 97, 157
349741.6.peg.450.site.28, 3, 97, 100
349741.6.peg.450.site.29, 53, 97, 150
349741.6.peg.450.site.30, 31, 97, 128
349741.6.peg.450.site.31, 35, 96, 131
349741.6.peg.450.site.32, 27, 96, 123
349741.6.peg.450.site.33, 26, 97, 123
349741.6.peg.450.site.34, 3, 96, 99
349741.6.peg.450.site.35, 29, 97, 126
349741.6.peg.450.site.36, 31, 97, 128
349741.6.peg.450.site.37, 23, 97, 120
349741.6.peg.450.site.38, 30, 96, 126
349741.6.peg.450.site.39, 30, 96, 126
349741.6.peg.450.site.40, 28, 95, 123
349741.6.peg.450.site.41, 28, 94, 122
349741.6.peg.457.site.1, 7, 96, 103
349741.6.peg.457.site.2, 17, 94, 111
349741.6.peg.457.site.3, 1, 93, 94
349741.6.peg.457.site.4, 1, 97, 98
349741.6.peg.457.site.5, 1, 96, 97
349741.6.peg.457.site.6, 19, 96, 115
349741.6.peg.457.site.7, 1, 97, 98
349741.6.peg.457.site.8, 27, 97, 124
349741.6.peg.457.site.9, 1, 97, 98
349741.6.peg.457.site.10, 26, 97, 123
349741.6.peg.457.site.11, 4, 97, 101
349741.6.peg.457.site.12, 27, 97, 124
349741.6.peg.456.site.1, 0, 92, 92
349741.6.peg.456.site.2, 23, 92, 115
349741.6.peg.456.site.3, 4, 93, 97
349741.6.peg.456.site.4, 18, 93, 111
349741.6.peg.456.site.5, 3, 95, 98
349741.6.peg.456.site.6, 3, 97, 100
349741.6.peg.456.site.7, 2, 94, 96
349741.6.peg.456.site.8, 2, 96, 98
349741.6.peg.456.site.9, 0, 95, 95
349741.6.peg.456.site.10, 3, 97, 100
349741.6.peg.456.site.11, 0, 97, 97
349741.6.peg.456.site.12, 11, 96, 107
349741.6.peg.454.site.1, 3, 97, 100
349741.6.peg.454.site.2, 3, 97, 100
349741.6.peg.454.site.3, 2, 97, 99
349741.6.peg.454.site.4, 8, 97, 105
349741.6.peg.454.site.5, 3, 97, 100
349741.6.peg.459.site.1, 1, 97, 98
349741.6.peg.459.site.2, 1, 97, 98
349741.6.peg.459.site.3, 20, 97, 117
349741.6.peg.459.site.4, 26, 97, 123
349741.6.peg.459.site.5, 33, 96, 129
349741.6.peg.459.site.6, 92, 97, 189
349741.6.peg.459.site.7, 3, 89, 92
349741.6.peg.459.site.8, 25, 92, 117
349741.6.peg.459.site.9, 18, 79, 97
349741.6.peg.459.site.10, 1, 90, 91
349741.6.peg.459.site.11, 18, 88, 106
349741.6.peg.458.site.1, 1, 97, 98
349741.6.peg.458.site.2, 25, 95, 120
349741.6.peg.458.site.3, 24, 92, 116
349741.6.peg.458.site.4, 1, 92, 93
349741.6.peg.458.site.5, 1, 97, 98
349741.6.peg.458.site.6, 35, 97, 132
349741.6.peg.458.site.7, 70, 97, 167
349741.6.peg.458.site.8, 1, 97, 98
349741.6.peg.458.site.9, 97, 97, 194
349741.6.peg.458.site.10, 1, 97, 98
349741.6.peg.458.site.11, 6, 97, 103
349741.6.peg.458.site.12, 1, 97, 98
349741.6.peg.458.site.13, 1, 97, 98
349741.6.peg.458.site.14, 1, 97, 98
349741.6.peg.458.site.15, 57, 97, 154
349741.6.peg.458.site.16, 1, 97, 98
349741.6.peg.458.site.17, 97, 97, 194
349741.6.peg.458.site.18, 1, 97, 98
349741.6.peg.2252.site.1, 27, 60, 87
349741.6.peg.2252.site.2, 1, 55, 56
349741.6.peg.2252.site.3, 14, 47, 61
349741.6.peg.2252.site.4, 4, 37, 41
349741.6.peg.2252.site.5, 12, 41, 53
349741.6.peg.2252.site.6, 0, 45, 45
349741.6.peg.2252.site.7, 20, 53, 73
349741.6.peg.2252.site.8, 49, 82, 131
349741.6.peg.2252.site.9, 8, 88, 96
349741.6.peg.2252.site.10, 1, 93, 94
349741.6.peg.2252.site.11, 5, 94, 99
349741.6.peg.2252.site.12, 2, 95, 97
349741.6.peg.2252.site.13, 1, 97, 98
349741.6.peg.2252.site.14, 11, 97, 108
349741.6.peg.2252.site.15, 1, 97, 98
349741.6.peg.2252.site.16, 90, 95, 185
349741.6.peg.2252.site.17, 22, 96, 118
349741.6.peg.2252.site.18, 73, 96, 169
349741.6.peg.2252.site.19, 4, 95, 99
349741.6.peg.2252.site.20, 11, 94, 105
349741.6.peg.2252.site.21, 63, 96, 159
349741.6.peg.2252.site.22, 4, 96, 100
349741.6.peg.2252.site.23, 1, 96, 97
349741.6.peg.2252.site.24, 62, 95, 157
349741.6.peg.2252.site.25, 3, 97, 100
349741.6.peg.2252.site.26, 32, 97, 129
349741.6.peg.2252.site.27, 20, 97, 117
349741.6.peg.2252.site.28, 60, 93, 153
349741.6.peg.2252.site.29, 76, 93, 169
349741.6.peg.2252.site.30, 60, 93, 153
349741.6.peg.2252.site.31, 61, 93, 154
349741.6.peg.2253.site.1, 4, 97, 101
349741.6.peg.2253.site.2, 65, 97, 162
349741.6.peg.2253.site.3, 64, 96, 160
349741.6.peg.2253.site.4, 1, 96, 97
349741.6.peg.2253.site.5, 64, 96, 160
349741.6.peg.2253.site.6, 64, 96, 160
349741.6.peg.2253.site.7, 25, 97, 122
349741.6.peg.2253.site.8, 77, 97, 174
349741.6.peg.2253.site.9, 22, 96, 118
349741.6.peg.2253.site.10, 23, 96, 119
349741.6.peg.2253.site.11, 13, 95, 108
349741.6.peg.2253.site.12, 88, 92, 180
349741.6.peg.2253.site.13, 91, 93, 184
349741.6.peg.2253.site.14, 14, 78, 92
349741.6.peg.2253.site.15, 8, 46, 54
349741.6.peg.2253.site.16, 39, 39, 78
349741.6.peg.2250.site.1, 3, 89, 92
349741.6.peg.2250.site.2, 88, 95, 183
349741.6.peg.2250.site.3, 54, 97, 151
349741.6.peg.2250.site.4, 90, 96, 186
349741.6.peg.2250.site.5, 1, 97, 98
349741.6.peg.2250.site.6, 74, 97, 171
349741.6.peg.2250.site.7, 54, 97, 151
349741.6.peg.2250.site.8, 1, 97, 98
349741.6.peg.2250.site.9, 95, 97, 192
349741.6.peg.2250.site.10, 64, 97, 161
349741.6.peg.2250.site.11, 51, 97, 148
349741.6.peg.2250.site.12, 77, 97, 174
349741.6.peg.2250.site.13, 2, 97, 99
349741.6.peg.2250.site.14, 20, 97, 117
349741.6.peg.2250.site.15, 23, 97, 120
349741.6.peg.2250.site.16, 87, 97, 184
349741.6.peg.2250.site.17, 80, 96, 176
349741.6.peg.2250.site.18, 81, 97, 178
349741.6.peg.2250.site.19, 92, 96, 188
349741.6.peg.2250.site.20, 61, 91, 152
349741.6.peg.2250.site.21, 59, 94, 153
349741.6.peg.2250.site.22, 57, 92, 149
349741.6.peg.2250.site.23, 26, 91, 117
349741.6.peg.2250.site.24, 1, 96, 97
349741.6.peg.2250.site.25, 1, 96, 97
349741.6.peg.2250.site.26, 59, 97, 156
349741.6.peg.2250.site.27, 0, 97, 97
349741.6.peg.2250.site.28, 59, 97, 156
349741.6.peg.2250.site.29, 59, 97, 156
349741.6.peg.2250.site.30, 2, 97, 99
349741.6.peg.2250.site.31, 0, 97, 97
349741.6.peg.2250.site.32, 57, 97, 154
349741.6.peg.2250.site.33, 2, 96, 98
349741.6.peg.2250.site.34, 19, 97, 116
349741.6.peg.2250.site.35, 4, 95, 99
349741.6.peg.2250.site.36, 0, 95, 95
349741.6.peg.2250.site.37, 1, 95, 96
349741.6.peg.2250.site.38, 51, 94, 145
349741.6.peg.2250.site.39, 65, 93, 158
349741.6.peg.2250.site.40, 1, 95, 96
349741.6.peg.2250.site.41, 70, 95, 165
349741.6.peg.2250.site.42, 0, 95, 95
349741.6.peg.2250.site.43, 60, 94, 154
349741.6.peg.2250.site.44, 8, 96, 104
349741.6.peg.2250.site.45, 0, 96, 96
349741.6.peg.2250.site.46, 52, 97, 149
349741.6.peg.2250.site.47, 60, 93, 153
349741.6.peg.2250.site.48, 49, 95, 144
349741.6.peg.2250.site.49, 2, 95, 97
349741.6.peg.2250.site.50, 49, 95, 144
349741.6.peg.2250.site.51, 59, 93, 152
349741.6.peg.2250.site.52, 5, 94, 99
349741.6.peg.2250.site.53, 51, 94, 145
349741.6.peg.2250.site.54, 88, 95, 183
349741.6.peg.2250.site.55, 41, 90, 131
349741.6.peg.2250.site.56, 40, 82, 122
349741.6.peg.2250.site.57, 1, 95, 96
349741.6.peg.2250.site.58, 4, 94, 98
349741.6.peg.2250.site.59, 43, 94, 137
349741.6.peg.2250.site.60, 2, 95, 97
349741.6.peg.2250.site.61, 84, 95, 179
349741.6.peg.2250.site.62, 1, 91, 92
349741.6.peg.2250.site.63, 49, 90, 139
349741.6.peg.2250.site.64, 32, 82, 114
349741.6.peg.2250.site.65, 32, 79, 111
349741.6.peg.2250.site.66, 32, 77, 109
349741.6.peg.2250.site.67, 6, 93, 99
349741.6.peg.2250.site.68, 36, 94, 130
349741.6.peg.2250.site.69, 1, 95, 96
349741.6.peg.2250.site.70, 2, 96, 98
349741.6.peg.2250.site.71, 5, 97, 102
349741.6.peg.2250.site.72, 94, 97, 191
349741.6.peg.2250.site.73, 3, 97, 100
349741.6.peg.2250.site.74, 1, 97, 98
349741.6.peg.2250.site.75, 75, 97, 172
349741.6.peg.2250.site.76, 74, 96, 170
349741.6.peg.2250.site.77, 82, 82, 164
349741.6.peg.2250.site.78, 41, 80, 121
349741.6.peg.2250.site.79, 64, 86, 150
349741.6.peg.2250.site.80, 51, 91, 142
349741.6.peg.2250.site.81, 48, 88, 136
349741.6.peg.2250.site.82, 2, 96, 98
349741.6.peg.2250.site.83, 93, 95, 188
349741.6.peg.2250.site.84, 2, 95, 97
349741.6.peg.2250.site.85, 2, 95, 97
349741.6.peg.2250.site.86, 97, 97, 194
349741.6.peg.2250.site.87, 55, 97, 152
349741.6.peg.2250.site.88, 55, 96, 151
349741.6.peg.2250.site.89, 3, 95, 98
349741.6.peg.2250.site.90, 91, 92, 183
349741.6.peg.2250.site.91, 1, 93, 94
349741.6.peg.2250.site.92, 2, 94, 96
349741.6.peg.2250.site.93, 14, 97, 111
349741.6.peg.2250.site.94, 1, 97, 98
349741.6.peg.2250.site.95, 13, 96, 109
349741.6.peg.2250.site.96, 1, 92, 93
349741.6.peg.2251.site.1, 2, 33, 35
349741.6.peg.2251.site.2, 3, 30, 33
349741.6.peg.2251.site.3, 3, 33, 36
349741.6.peg.2251.site.4, 4, 35, 39
349741.6.peg.2251.site.5, 4, 40, 44
349741.6.peg.2251.site.6, 13, 38, 51
349741.6.peg.2251.site.7, 5, 36, 41
349741.6.peg.2251.site.8, 4, 36, 40
349741.6.peg.2251.site.9, 6, 38, 44
349741.6.peg.2251.site.10, 18, 30, 48
349741.6.peg.2251.site.11, 9, 31, 40
349741.6.peg.2251.site.12, 7, 42, 49
349741.6.peg.2251.site.13, 12, 43, 55
349741.6.peg.2251.site.14, 27, 46, 73
349741.6.peg.2251.site.15, 9, 64, 73
349741.6.peg.2251.site.16, 24, 55, 79
349741.6.peg.2251.site.17, 7, 90, 97
349741.6.peg.2251.site.18, 47, 80, 127
349741.6.peg.2251.site.19, 46, 79, 125
349741.6.peg.2251.site.20, 49, 85, 134
349741.6.peg.2251.site.21, 1, 91, 92
349741.6.peg.2251.site.22, 93, 96, 189
349741.6.peg.2251.site.23, 1, 96, 97
349741.6.peg.2251.site.24, 2, 96, 98
349741.6.peg.2251.site.25, 61, 96, 157
349741.6.peg.2251.site.26, 59, 94, 153
349741.6.peg.2251.site.27, 2, 94, 96
349741.6.peg.2251.site.28, 27, 93, 120
349741.6.peg.2251.site.29, 56, 89, 145
349741.6.peg.2251.site.30, 53, 88, 141
349741.6.peg.2251.site.31, 59, 92, 151
349741.6.peg.2251.site.32, 64, 97, 161
349741.6.peg.2251.site.33, 3, 74, 77
349741.6.peg.2258.site.1, 3, 93, 96
349741.6.peg.2258.site.2, 46, 94, 140
349741.6.peg.2258.site.3, 77, 93, 170
349741.6.peg.2258.site.4, 0, 95, 95
349741.6.peg.2258.site.5, 2, 95, 97
349741.6.peg.2258.site.6, 11, 60, 71
349741.6.peg.2258.site.7, 2, 43, 45
349741.6.peg.2258.site.8, 12, 44, 56
349741.6.peg.2258.site.9, 11, 45, 56
349741.6.peg.2258.site.10, 65, 81, 146
349741.6.peg.2258.site.11, 5, 83, 88
349741.6.peg.2258.site.12, 67, 90, 157
349741.6.peg.2258.site.13, 1, 94, 95
349741.6.peg.2258.site.14, 33, 93, 126
349741.6.peg.2258.site.15, 2, 96, 98
349741.6.peg.2258.site.16, 1, 53, 54
349741.6.peg.2258.site.17, 1, 37, 38
349741.6.peg.2258.site.18, 5, 36, 41
349741.6.peg.2258.site.19, 21, 37, 58
349741.6.peg.2258.site.20, 8, 38, 46
349741.6.peg.2258.site.21, 2, 90, 92
349741.6.peg.2258.site.22, 58, 95, 153
349741.6.peg.2258.site.23, 6, 96, 102
349741.6.peg.2258.site.24, 7, 96, 103
349741.6.peg.2258.site.25, 88, 95, 183
349741.6.peg.2258.site.26, 7, 95, 102
349741.6.peg.2258.site.27, 16, 93, 109
349741.6.peg.2258.site.28, 88, 91, 179
349741.6.peg.2258.site.29, 66, 89, 155
349741.6.peg.2258.site.30, 67, 90, 157
349741.6.peg.2258.site.31, 19, 90, 109
349741.6.peg.2258.site.32, 55, 90, 145
349741.6.peg.2258.site.33, 1, 85, 86
349741.6.peg.2258.site.34, 3, 64, 67
349741.6.peg.2258.site.35, 6, 43, 49
349741.6.peg.2258.site.36, 34, 37, 71
349741.6.peg.2258.site.37, 7, 44, 51
349741.6.peg.2258.site.38, 3, 46, 49
349741.6.peg.2258.site.39, 6, 42, 48
349741.6.peg.2258.site.40, 10, 47, 57
349741.6.peg.2258.site.41, 9, 46, 55
349741.6.peg.2258.site.42, 25, 44, 69
349741.6.peg.2258.site.43, 13, 37, 50
349741.6.peg.2258.site.44, 5, 29, 34
349741.6.peg.2259.site.1, 1, 62, 63
349741.6.peg.2259.site.2, 39, 63, 102
349741.6.peg.2259.site.3, 72, 76, 148
349741.6.peg.2259.site.4, 1, 83, 84
349741.6.peg.2259.site.5, 43, 82, 125
349741.6.peg.2259.site.6, 1, 88, 89
349741.6.peg.2259.site.7, 75, 93, 168
349741.6.peg.2259.site.8, 92, 95, 187
349741.6.peg.2259.site.9, 2, 96, 98
349741.6.peg.2259.site.10, 3, 96, 99
349741.6.peg.2259.site.11, 56, 72, 128
349741.6.peg.2259.site.12, 58, 73, 131
349741.6.peg.2259.site.13, 77, 93, 170
349741.6.peg.2259.site.14, 44, 93, 137
349741.6.peg.2259.site.15, 81, 97, 178
349741.6.peg.2259.site.16, 86, 97, 183
349741.6.peg.2259.site.17, 0, 97, 97
349741.6.peg.2259.site.18, 1, 96, 97
349741.6.peg.2259.site.19, 13, 95, 108
349741.6.peg.2259.site.20, 3, 96, 99
349741.6.peg.2259.site.21, 0, 91, 91
349741.6.peg.2259.site.22, 3, 93, 96
349741.6.peg.2259.site.23, 3, 47, 50
349741.6.peg.2259.site.24, 17, 41, 58
349741.6.peg.2259.site.25, 25, 38, 63
349741.6.peg.2259.site.26, 9, 35, 44
349741.6.peg.2259.site.27, 23, 39, 62
349741.6.peg.1077.site.1, 9, 76, 85
349741.6.peg.1077.site.2, 1, 75, 76
349741.6.peg.1077.site.3, 1, 75, 76
349741.6.peg.1077.site.4, 2, 65, 67
349741.6.peg.1077.site.5, 3, 73, 76
349741.6.peg.1077.site.6, 23, 70, 93
349741.6.peg.1077.site.7, 2, 73, 75
349741.6.peg.1077.site.8, 2, 71, 73
349741.6.peg.1077.site.9, 4, 78, 82
349741.6.peg.1077.site.10, 8, 85, 93
349741.6.peg.1077.site.11, 46, 92, 138
349741.6.peg.1077.site.12, 6, 72, 78
349741.6.peg.1077.site.13, 1, 75, 76
349741.6.peg.1077.site.14, 6, 80, 86
349741.6.peg.1077.site.15, 19, 95, 114
349741.6.peg.1077.site.16, 88, 95, 183
349741.6.peg.1077.site.17, 6, 96, 102
349741.6.peg.1077.site.18, 19, 95, 114
349741.6.peg.1077.site.19, 17, 93, 110
349741.6.peg.1077.site.20, 1, 89, 90
349741.6.peg.1077.site.21, 0, 76, 76
349741.6.peg.1077.site.22, 6, 82, 88
349741.6.peg.1077.site.23, 6, 82, 88
349741.6.peg.1077.site.24, 2, 81, 83
349741.6.peg.1077.site.25, 2, 82, 84
349741.6.peg.1077.site.26, 2, 81, 83
349741.6.peg.1077.site.27, 13, 79, 92
349741.6.peg.1077.site.28, 74, 79, 153
349741.6.peg.1077.site.29, 1, 79, 80
349741.6.peg.1671.site.1, 1, 96, 97
349741.6.peg.1671.site.2, 0, 97, 97
349741.6.peg.1671.site.3, 24, 96, 120
349741.6.peg.1671.site.4, 60, 97, 157
349741.6.peg.1671.site.5, 95, 97, 192
349741.6.peg.1671.site.6, 0, 97, 97
349741.6.peg.1671.site.7, 1, 97, 98
349741.6.peg.1671.site.8, 24, 97, 121
349741.6.peg.1671.site.9, 7, 97, 104
349741.6.peg.1671.site.10, 24, 97, 121
349741.6.peg.1671.site.11, 2, 97, 99
349741.6.peg.1671.site.12, 2, 97, 99
349741.6.peg.1671.site.13, 0, 97, 97
349741.6.peg.1671.site.14, 8, 97, 105
349741.6.peg.1671.site.15, 2, 97, 99
349741.6.peg.1671.site.16, 44, 97, 141
349741.6.peg.1671.site.17, 1, 97, 98
349741.6.peg.1671.site.18, 1, 97, 98
349741.6.peg.1671.site.19, 1, 97, 98
349741.6.peg.1671.site.20, 43, 96, 139
349741.6.peg.1673.site.1, 2, 97, 99
349741.6.peg.1673.site.2, 5, 97, 102
349741.6.peg.1673.site.3, 1, 97, 98
349741.6.peg.1673.site.4, 3, 97, 100
349741.6.peg.1673.site.5, 4, 97, 101
349741.6.peg.1673.site.6, 1, 96, 97
349741.6.peg.1673.site.7, 1, 97, 98
349741.6.peg.1673.site.8, 0, 97, 97
349741.6.peg.1673.site.9, 1, 96, 97
349741.6.peg.1673.site.10, 1, 96, 97
349741.6.peg.1673.site.11, 34, 97, 131
349741.6.peg.1673.site.12, 1, 97, 98
349741.6.peg.1673.site.13, 3, 92, 95
349741.6.peg.1673.site.14, 74, 95, 169
349741.6.peg.1673.site.15, 2, 95, 97
349741.6.peg.1673.site.16, 1, 97, 98
349741.6.peg.1672.site.1, 20, 97, 117
349741.6.peg.1672.site.2, 3, 96, 99
349741.6.peg.1672.site.3, 0, 97, 97
349741.6.peg.1674.site.1, 6, 97, 103
349741.6.peg.1674.site.2, 1, 96, 97
349741.6.peg.1674.site.3, 1, 96, 97
349741.6.peg.1674.site.4, 5, 96, 101
349741.6.peg.1674.site.5, 82, 97, 179
349741.6.peg.1674.site.6, 1, 97, 98
349741.6.peg.1674.site.7, 2, 97, 99
349741.6.peg.1674.site.8, 96, 96, 192
349741.6.peg.1674.site.9, 1, 97, 98
349741.6.peg.1674.site.10, 1, 97, 98
349741.6.peg.1674.site.11, 82, 97, 179
349741.6.peg.1674.site.12, 1, 97, 98
349741.6.peg.1674.site.13, 1, 96, 97
349741.6.peg.1674.site.14, 1, 97, 98
349741.6.peg.1674.site.15, 1, 97, 98
349741.6.peg.1674.site.16, 2, 97, 99
349741.6.peg.1679.site.1, 47, 94, 141
349741.6.peg.1679.site.2, 85, 95, 180
349741.6.peg.1678.site.1, 50, 92, 142
349741.6.peg.1678.site.2, 53, 95, 148
349741.6.peg.1678.site.3, 28, 96, 124
349741.6.peg.1678.site.4, 87, 97, 184
349741.6.peg.1678.site.5, 1, 96, 97
349741.6.peg.1678.site.6, 50, 97, 147
349741.6.peg.1678.site.7, 8, 94, 102
349741.6.peg.1678.site.8, 20, 96, 116
349741.6.peg.1678.site.9, 3, 97, 100
349741.6.peg.1678.site.10, 50, 97, 147
349741.6.peg.1678.site.11, 41, 96, 137
349741.6.peg.1678.site.12, 1, 95, 96
349741.6.peg.1678.site.13, 2, 96, 98
349741.6.peg.1678.site.14, 39, 94, 133
349741.6.peg.1678.site.15, 50, 97, 147
349741.6.peg.1678.site.16, 8, 97, 105
349741.6.peg.1678.site.17, 63, 96, 159
349741.6.peg.1678.site.18, 37, 97, 134
349741.6.peg.1678.site.19, 49, 96, 145
349741.6.peg.1118.site.1, 3, 87, 90
349741.6.peg.1118.site.2, 11, 96, 107
349741.6.peg.1118.site.3, 8, 95, 103
349741.6.peg.1118.site.4, 8, 95, 103
349741.6.peg.1118.site.5, 2, 92, 94
349741.6.peg.1118.site.6, 10, 87, 97
349741.6.peg.1116.site.1, 1, 96, 97
349741.6.peg.1116.site.2, 0, 97, 97
349741.6.peg.1116.site.3, 16, 97, 113
349741.6.peg.1116.site.4, 17, 95, 112
349741.6.peg.1116.site.5, 16, 96, 112
349741.6.peg.1116.site.6, 0, 96, 96
349741.6.peg.1116.site.7, 12, 94, 106
349741.6.peg.1116.site.8, 2, 93, 95
349741.6.peg.1116.site.9, 10, 93, 103
349741.6.peg.1116.site.10, 10, 94, 104
349741.6.peg.1116.site.11, 10, 93, 103
349741.6.peg.1117.site.1, 12, 96, 108
349741.6.peg.1117.site.2, 2, 95, 97
349741.6.peg.1117.site.3, 3, 84, 87
349741.6.peg.1117.site.4, 2, 83, 85
349741.6.peg.1117.site.5, 5, 86, 91
349741.6.peg.1117.site.6, 14, 97, 111
349741.6.peg.1117.site.7, 23, 97, 120
349741.6.peg.1117.site.8, 16, 97, 113
349741.6.peg.1117.site.9, 1, 97, 98
349741.6.peg.1117.site.10, 16, 97, 113
349741.6.peg.1117.site.11, 18, 97, 115
349741.6.peg.1117.site.12, 16, 97, 113
349741.6.peg.1117.site.13, 0, 97, 97
349741.6.peg.1117.site.14, 16, 97, 113
349741.6.peg.1117.site.15, 16, 93, 109
349741.6.peg.1117.site.16, 50, 92, 142
349741.6.peg.1117.site.17, 2, 96, 98
349741.6.peg.1117.site.18, 2, 97, 99
349741.6.peg.1117.site.19, 14, 94, 108
349741.6.peg.1117.site.20, 2, 88, 90
349741.6.peg.1117.site.21, 12, 86, 98
349741.6.peg.1110.site.1, 22, 92, 114
349741.6.peg.1110.site.2, 22, 95, 117
349741.6.peg.1110.site.3, 13, 96, 109
349741.6.peg.1110.site.4, 8, 96, 104
349741.6.peg.1110.site.5, 1, 97, 98
349741.6.peg.1110.site.6, 30, 97, 127
349741.6.peg.1110.site.7, 36, 97, 133
349741.6.peg.1110.site.8, 48, 96, 144
349741.6.peg.1110.site.9, 44, 92, 136
349741.6.peg.1110.site.10, 32, 80, 112
349741.6.peg.1112.site.1, 0, 41, 41
349741.6.peg.1112.site.2, 40, 41, 81
349741.6.peg.1112.site.3, 0, 38, 38
349741.6.peg.1112.site.4, 5, 30, 35
349741.6.peg.1112.site.5, 5, 22, 27
349741.6.peg.1112.site.6, 5, 20, 25
349741.6.peg.1112.site.7, 4, 16, 20
349741.6.peg.1112.site.8, 5, 21, 26
349741.6.peg.1112.site.9, 25, 30, 55
349741.6.peg.1112.site.10, 0, 37, 37
349741.6.peg.1112.site.11, 5, 5, 10
349741.6.peg.1112.site.12, 6, 6, 12
349741.6.peg.1112.site.13, 11, 12, 23
349741.6.peg.1112.site.14, 0, 17, 17
349741.6.peg.1112.site.15, 0, 23, 23
349741.6.peg.1112.site.16, 2, 27, 29
349741.6.peg.1112.site.17, 7, 7, 14
349741.6.peg.1112.site.18, 6, 7, 13
349741.6.peg.1112.site.19, 18, 24, 42
349741.6.peg.1112.site.20, 1, 80, 81
349741.6.peg.2240.site.1, 22, 97, 119
349741.6.peg.2240.site.2, 8, 76, 84
349741.6.peg.2240.site.3, 43, 95, 138
349741.6.peg.2240.site.4, 65, 92, 157
349741.6.peg.2240.site.5, 1, 93, 94
349741.6.peg.2240.site.6, 1, 94, 95
349741.6.peg.2240.site.7, 25, 83, 108
349741.6.peg.2240.site.8, 27, 79, 106
349741.6.peg.2240.site.9, 0, 65, 65
349741.6.peg.2240.site.10, 13, 49, 62
349741.6.peg.2240.site.11, 1, 47, 48
349741.6.peg.2240.site.12, 3, 46, 49
349741.6.peg.2240.site.13, 3, 48, 51
349741.6.peg.2240.site.14, 1, 63, 64
349741.6.peg.2240.site.15, 1, 65, 66
349741.6.peg.2240.site.16, 6, 65, 71
349741.6.peg.2240.site.17, 8, 75, 83
349741.6.peg.2240.site.18, 20, 87, 107
349741.6.peg.2240.site.19, 1, 90, 91
349741.6.peg.2240.site.20, 45, 95, 140
349741.6.peg.2240.site.21, 3, 96, 99
349741.6.peg.2240.site.22, 2, 93, 95
349741.6.peg.2240.site.23, 25, 93, 118
349741.6.peg.2240.site.24, 27, 93, 120
349741.6.peg.2240.site.25, 3, 96, 99
349741.6.peg.2240.site.26, 2, 94, 96
349741.6.peg.2240.site.27, 42, 96, 138
349741.6.peg.2240.site.28, 43, 97, 140
349741.6.peg.2240.site.29, 43, 97, 140
349741.6.peg.2240.site.30, 2, 97, 99
349741.6.peg.2240.site.31, 40, 96, 136
349741.6.peg.2240.site.32, 43, 97, 140
349741.6.peg.2240.site.33, 28, 97, 125
349741.6.peg.2240.site.34, 73, 97, 170
349741.6.peg.2240.site.35, 1, 95, 96
349741.6.peg.2240.site.36, 21, 96, 117
349741.6.peg.2240.site.37, 2, 94, 96
349741.6.peg.2240.site.38, 34, 94, 128
349741.6.peg.2240.site.39, 25, 94, 119
349741.6.peg.2240.site.40, 26, 96, 122
349741.6.peg.2240.site.41, 47, 69, 116
349741.6.peg.2240.site.42, 45, 81, 126
349741.6.peg.2240.site.43, 34, 97, 131
349741.6.peg.2240.site.44, 1, 97, 98
349741.6.peg.2240.site.45, 7, 97, 104
349741.6.peg.2240.site.46, 7, 97, 104
349741.6.peg.2240.site.47, 59, 96, 155
349741.6.peg.2240.site.48, 3, 97, 100
349741.6.peg.2240.site.49, 2, 97, 99
349741.6.peg.2240.site.50, 1, 97, 98
349741.6.peg.2240.site.51, 92, 97, 189
349741.6.peg.2240.site.52, 29, 94, 123
349741.6.peg.2240.site.53, 2, 96, 98
349741.6.peg.2240.site.54, 33, 96, 129
349741.6.peg.2240.site.55, 3, 97, 100
349741.6.peg.2240.site.56, 9, 97, 106
349741.6.peg.2240.site.57, 76, 97, 173
349741.6.peg.2240.site.58, 24, 97, 121
349741.6.peg.2240.site.59, 0, 97, 97
349741.6.peg.2240.site.60, 3, 97, 100
349741.6.peg.2240.site.61, 1, 97, 98
349741.6.peg.2240.site.62, 36, 97, 133
349741.6.peg.2240.site.63, 5, 95, 100
349741.6.peg.2240.site.64, 61, 82, 143
349741.6.peg.2240.site.65, 74, 90, 164
349741.6.peg.2240.site.66, 27, 88, 115
349741.6.peg.2240.site.67, 84, 92, 176
349741.6.peg.2240.site.68, 86, 94, 180
349741.6.peg.2240.site.69, 75, 94, 169
349741.6.peg.2240.site.70, 25, 93, 118
349741.6.peg.2240.site.71, 17, 95, 112
349741.6.peg.2240.site.72, 15, 92, 107
349741.6.peg.2240.site.73, 16, 88, 104
349741.6.peg.2240.site.74, 2, 87, 89
349741.6.peg.2240.site.75, 8, 74, 82
349741.6.peg.2240.site.76, 6, 72, 78
349741.6.peg.2240.site.77, 5, 71, 76
349741.6.peg.2240.site.78, 7, 73, 80
349741.6.peg.2240.site.79, 44, 82, 126
349741.6.peg.2240.site.80, 3, 95, 98
349741.6.peg.2240.site.81, 30, 96, 126
349741.6.peg.2240.site.82, 45, 96, 141
349741.6.peg.2240.site.83, 2, 97, 99
349741.6.peg.2240.site.84, 29, 97, 126
349741.6.peg.2240.site.85, 2, 97, 99
349741.6.peg.2240.site.86, 46, 96, 142
349741.6.peg.2240.site.87, 45, 95, 140
349741.6.peg.2240.site.88, 2, 97, 99
349741.6.peg.2240.site.89, 2, 97, 99
349741.6.peg.2240.site.90, 74, 95, 169
349741.6.peg.2240.site.91, 36, 94, 130
349741.6.peg.2240.site.92, 28, 95, 123
349741.6.peg.2240.site.93, 3, 95, 98
349741.6.peg.2240.site.94, 71, 91, 162
349741.6.peg.2240.site.95, 69, 89, 158
349741.6.peg.2240.site.96, 2, 91, 93
349741.6.peg.2240.site.97, 20, 88, 108
349741.6.peg.2240.site.98, 3, 88, 91
349741.6.peg.2240.site.99, 53, 70, 123
349741.6.peg.2240.site.100, 49, 67, 116
349741.6.peg.2240.site.101, 42, 58, 100
349741.6.peg.2240.site.102, 0, 57, 57
349741.6.peg.2240.site.103, 2, 71, 73
349741.6.peg.2240.site.104, 20, 80, 100
349741.6.peg.2240.site.105, 71, 90, 161
349741.6.peg.2240.site.106, 2, 89, 91
349741.6.peg.2240.site.107, 6, 85, 91
349741.6.peg.2240.site.108, 3, 79, 82
349741.6.peg.2240.site.109, 63, 79, 142
349741.6.peg.2240.site.110, 2, 86, 88
349741.6.peg.2240.site.111, 3, 89, 92
349741.6.peg.2240.site.112, 2, 88, 90
349741.6.peg.2240.site.113, 35, 93, 128
349741.6.peg.2240.site.114, 44, 95, 139
349741.6.peg.2240.site.115, 44, 95, 139
349741.6.peg.2240.site.116, 45, 92, 137
349741.6.peg.2240.site.117, 1, 96, 97
349741.6.peg.2240.site.118, 2, 94, 96
349741.6.peg.2240.site.119, 43, 96, 139
349741.6.peg.2240.site.120, 3, 96, 99
349741.6.peg.2240.site.121, 80, 90, 170
349741.6.peg.2240.site.122, 88, 92, 180
349741.6.peg.2240.site.123, 4, 97, 101
349741.6.peg.2240.site.124, 3, 96, 99
349741.6.peg.2240.site.125, 6, 97, 103
349741.6.peg.2483.site.1, 82, 92, 174
349741.6.peg.2483.site.2, 3, 91, 94
349741.6.peg.2483.site.3, 31, 88, 119
349741.6.peg.2483.site.4, 24, 80, 104
349741.6.peg.2483.site.5, 25, 81, 106
349741.6.peg.2483.site.6, 8, 87, 95
349741.6.peg.2483.site.7, 12, 93, 105
349741.6.peg.2483.site.8, 16, 96, 112
349741.6.peg.2483.site.9, 90, 93, 183
349741.6.peg.2483.site.10, 23, 93, 116
349741.6.peg.2483.site.11, 15, 93, 108
349741.6.peg.2483.site.12, 15, 91, 106
349741.6.peg.2483.site.13, 10, 90, 100
349741.6.peg.2483.site.14, 15, 93, 108
349741.6.peg.2483.site.15, 1, 91, 92
349741.6.peg.2483.site.16, 1, 92, 93
349741.6.peg.2483.site.17, 14, 86, 100
349741.6.peg.2483.site.18, 8, 80, 88
349741.6.peg.2483.site.19, 12, 75, 87
349741.6.peg.2483.site.20, 34, 73, 107
349741.6.peg.2483.site.21, 17, 88, 105
349741.6.peg.2483.site.22, 37, 92, 129
349741.6.peg.2483.site.23, 21, 93, 114
349741.6.peg.2483.site.24, 39, 94, 133
349741.6.peg.2483.site.25, 39, 95, 134
349741.6.peg.2483.site.26, 8, 94, 102
349741.6.peg.2483.site.27, 8, 95, 103
349741.6.peg.2483.site.28, 7, 93, 100
349741.6.peg.2483.site.29, 17, 87, 104
349741.6.peg.2483.site.30, 14, 86, 100
349741.6.peg.2483.site.31, 25, 81, 106
349741.6.peg.2483.site.32, 20, 76, 96
349741.6.peg.2483.site.33, 4, 75, 79
349741.6.peg.2483.site.34, 7, 64, 71
349741.6.peg.2483.site.35, 10, 80, 90
349741.6.peg.2483.site.36, 39, 95, 134
349741.6.peg.2483.site.37, 6, 96, 102
349741.6.peg.2483.site.38, 24, 96, 120
349741.6.peg.2483.site.39, 2, 96, 98
349741.6.peg.2483.site.40, 40, 94, 134
349741.6.peg.2483.site.41, 22, 93, 115
349741.6.peg.2483.site.42, 39, 96, 135
349741.6.peg.2483.site.43, 37, 93, 130
349741.6.peg.2483.site.44, 22, 79, 101
349741.6.peg.2483.site.45, 1, 83, 84
349741.6.peg.2483.site.46, 22, 72, 94
349741.6.peg.2483.site.47, 55, 78, 133
349741.6.peg.2483.site.48, 8, 79, 87
349741.6.peg.2483.site.49, 7, 78, 85
349741.6.peg.2482.site.1, 29, 95, 124
349741.6.peg.2482.site.2, 1, 95, 96
349741.6.peg.2482.site.3, 31, 94, 125
349741.6.peg.2482.site.4, 56, 94, 150
349741.6.peg.2482.site.5, 31, 94, 125
349741.6.peg.2482.site.6, 57, 77, 134
349741.6.peg.2482.site.7, 17, 80, 97
349741.6.peg.2482.site.8, 24, 87, 111
349741.6.peg.2482.site.9, 23, 87, 110
349741.6.peg.2482.site.10, 23, 87, 110
349741.6.peg.2482.site.11, 23, 86, 109
349741.6.peg.2482.site.12, 2, 87, 89
349741.6.peg.2482.site.13, 31, 91, 122
349741.6.peg.2482.site.14, 31, 95, 126
349741.6.peg.2482.site.15, 45, 96, 141
349741.6.peg.2482.site.16, 3, 97, 100
349741.6.peg.2482.site.17, 24, 95, 119
349741.6.peg.2482.site.18, 18, 91, 109
349741.6.peg.2482.site.19, 19, 83, 102
349741.6.peg.2482.site.20, 6, 78, 84
349741.6.peg.2482.site.21, 39, 93, 132
349741.6.peg.2482.site.22, 7, 92, 99
349741.6.peg.2482.site.23, 18, 90, 108
349741.6.peg.2482.site.24, 8, 83, 91
349741.6.peg.2482.site.25, 4, 76, 80
349741.6.peg.2482.site.26, 3, 75, 78
349741.6.peg.2482.site.27, 10, 74, 84
349741.6.peg.2482.site.28, 11, 75, 86
349741.6.peg.2482.site.29, 23, 95, 118
349741.6.peg.2482.site.30, 24, 96, 120
349741.6.peg.2482.site.31, 40, 96, 136
349741.6.peg.2482.site.32, 24, 96, 120
349741.6.peg.2482.site.33, 23, 97, 120
349741.6.peg.2482.site.34, 4, 97, 101
349741.6.peg.2482.site.35, 41, 97, 138
349741.6.peg.2482.site.36, 23, 94, 117
349741.6.peg.2482.site.37, 35, 90, 125
349741.6.peg.2482.site.38, 29, 84, 113
349741.6.peg.2482.site.39, 36, 91, 127
349741.6.peg.2482.site.40, 38, 93, 131
349741.6.peg.2482.site.41, 39, 94, 133
349741.6.peg.2482.site.42, 2, 97, 99
349741.6.peg.2482.site.43, 40, 96, 136
349741.6.peg.2482.site.44, 51, 97, 148
349741.6.peg.2482.site.45, 42, 97, 139
349741.6.peg.2482.site.46, 41, 96, 137
349741.6.peg.2482.site.47, 38, 89, 127
349741.6.peg.2482.site.48, 1, 70, 71
349741.6.peg.2482.site.49, 1, 89, 90
349741.6.peg.2482.site.50, 39, 93, 132
349741.6.peg.2482.site.51, 1, 96, 97
349741.6.peg.2482.site.52, 33, 95, 128
349741.6.peg.2482.site.53, 29, 96, 125
349741.6.peg.2482.site.54, 2, 94, 96
349741.6.peg.2482.site.55, 1, 95, 96
349741.6.peg.2482.site.56, 2, 96, 98
349741.6.peg.2482.site.57, 23, 94, 117
349741.6.peg.2482.site.58, 24, 96, 120
349741.6.peg.2482.site.59, 1, 96, 97
349741.6.peg.2482.site.60, 16, 96, 112
349741.6.peg.2482.site.61, 40, 97, 137
349741.6.peg.2482.site.62, 41, 97, 138
349741.6.peg.2482.site.63, 2, 97, 99
349741.6.peg.2482.site.64, 24, 96, 120
349741.6.peg.2482.site.65, 8, 95, 103
349741.6.peg.2482.site.66, 25, 97, 122
349741.6.peg.2482.site.67, 25, 97, 122
349741.6.peg.2481.site.1, 57, 96, 153
349741.6.peg.2481.site.2, 2, 96, 98
349741.6.peg.2481.site.3, 22, 96, 118
349741.6.peg.2481.site.4, 14, 95, 109
349741.6.peg.2481.site.5, 90, 96, 186
349741.6.peg.2481.site.6, 41, 95, 136
349741.6.peg.2481.site.7, 15, 96, 111
349741.6.peg.2481.site.8, 43, 97, 140
349741.6.peg.2481.site.9, 1, 96, 97
349741.6.peg.2481.site.10, 6, 97, 103
349741.6.peg.2481.site.11, 91, 97, 188
349741.6.peg.2481.site.12, 47, 97, 144
349741.6.peg.2481.site.13, 50, 97, 147
349741.6.peg.2481.site.14, 8, 97, 105
349741.6.peg.2481.site.15, 53, 97, 150
349741.6.peg.2481.site.16, 8, 97, 105
349741.6.peg.2481.site.17, 8, 97, 105
349741.6.peg.2481.site.18, 1, 97, 98
349741.6.peg.2481.site.19, 2, 97, 99
349741.6.peg.2481.site.20, 8, 97, 105
349741.6.peg.2481.site.21, 8, 97, 105
349741.6.peg.2481.site.22, 23, 97, 120
349741.6.peg.2481.site.23, 23, 97, 120
349741.6.peg.2481.site.24, 23, 96, 119
349741.6.peg.2481.site.25, 10, 96, 106
349741.6.peg.2481.site.26, 5, 71, 76
349741.6.peg.2481.site.27, 13, 69, 82
349741.6.peg.2481.site.28, 4, 70, 74
349741.6.peg.2481.site.29, 31, 97, 128
349741.6.peg.2481.site.30, 30, 95, 125
349741.6.peg.2481.site.31, 24, 88, 112
349741.6.peg.2481.site.32, 1, 89, 90
349741.6.peg.2481.site.33, 85, 92, 177
349741.6.peg.2481.site.34, 7, 91, 98
349741.6.peg.2481.site.35, 19, 85, 104
349741.6.peg.2481.site.36, 10, 73, 83
349741.6.peg.2481.site.37, 69, 70, 139
349741.6.peg.2481.site.38, 2, 68, 70
349741.6.peg.2487.site.1, 8, 97, 105
349741.6.peg.2487.site.2, 8, 97, 105
349741.6.peg.2487.site.3, 8, 96, 104
349741.6.peg.2487.site.4, 8, 97, 105
349741.6.peg.2487.site.5, 0, 96, 96
349741.6.peg.2487.site.6, 8, 94, 102
349741.6.peg.2487.site.7, 8, 88, 96
349741.6.peg.2487.site.8, 2, 88, 90
349741.6.peg.2487.site.9, 5, 92, 97
349741.6.peg.2487.site.10, 4, 90, 94
349741.6.peg.2487.site.11, 89, 96, 185
349741.6.peg.2487.site.12, 7, 95, 102
349741.6.peg.2487.site.13, 8, 97, 105
349741.6.peg.2487.site.14, 7, 96, 103
349741.6.peg.2487.site.15, 2, 96, 98
349741.6.peg.2487.site.16, 5, 94, 99
349741.6.peg.2487.site.17, 5, 90, 95
349741.6.peg.2487.site.18, 1, 83, 84
349741.6.peg.2487.site.19, 4, 85, 89
349741.6.peg.2487.site.20, 1, 89, 90
349741.6.peg.2487.site.21, 1, 89, 90
349741.6.peg.2487.site.22, 17, 96, 113
349741.6.peg.2487.site.23, 8, 97, 105
349741.6.peg.859.site.1, 0, 96, 96
349741.6.peg.859.site.2, 2, 96, 98
349741.6.peg.859.site.3, 3, 96, 99
349741.6.peg.859.site.4, 6, 96, 102
349741.6.peg.859.site.5, 93, 95, 188
349741.6.peg.859.site.6, 94, 96, 190
349741.6.peg.859.site.7, 44, 95, 139
349741.6.peg.859.site.8, 4, 95, 99
349741.6.peg.859.site.9, 8, 96, 104
349741.6.peg.859.site.10, 32, 94, 126
349741.6.peg.859.site.11, 31, 96, 127
349741.6.peg.859.site.12, 1, 96, 97
349741.6.peg.859.site.13, 0, 93, 93
349741.6.peg.858.site.1, 19, 96, 115
349741.6.peg.858.site.2, 72, 96, 168
349741.6.peg.858.site.3, 45, 96, 141
349741.6.peg.858.site.4, 11, 96, 107
349741.6.peg.858.site.5, 67, 96, 163
349741.6.peg.858.site.6, 12, 96, 108
349741.6.peg.858.site.7, 79, 96, 175
349741.6.peg.858.site.8, 25, 96, 121
349741.6.peg.858.site.9, 76, 96, 172
349741.6.peg.858.site.10, 65, 95, 160
349741.6.peg.858.site.11, 54, 96, 150
349741.6.peg.858.site.12, 2, 96, 98
349741.6.peg.858.site.13, 3, 96, 99
349741.6.peg.858.site.14, 1, 96, 97
349741.6.peg.858.site.15, 46, 96, 142
349741.6.peg.858.site.16, 33, 96, 129
349741.6.peg.858.site.17, 66, 96, 162
349741.6.peg.858.site.18, 46, 96, 142
349741.6.peg.858.site.19, 36, 72, 108
349741.6.peg.858.site.20, 6, 55, 61
349741.6.peg.858.site.21, 4, 54, 58
349741.6.peg.858.site.22, 8, 58, 66
349741.6.peg.858.site.23, 7, 95, 102
349741.6.peg.857.site.1, 43, 97, 140
349741.6.peg.857.site.2, 27, 97, 124
349741.6.peg.857.site.3, 14, 97, 111
349741.6.peg.857.site.4, 2, 96, 98
349741.6.peg.857.site.5, 25, 97, 122
349741.6.peg.857.site.6, 11, 97, 108
349741.6.peg.857.site.7, 70, 97, 167
349741.6.peg.857.site.8, 8, 97, 105
349741.6.peg.857.site.9, 2, 97, 99
349741.6.peg.857.site.10, 0, 97, 97
349741.6.peg.857.site.11, 45, 97, 142
349741.6.peg.857.site.12, 9, 97, 106
349741.6.peg.857.site.13, 40, 97, 137
349741.6.peg.857.site.14, 9, 97, 106
349741.6.peg.857.site.15, 14, 97, 111
349741.6.peg.857.site.16, 9, 97, 106
349741.6.peg.857.site.17, 18, 97, 115
349741.6.peg.857.site.18, 40, 97, 137
349741.6.peg.857.site.19, 2, 97, 99
349741.6.peg.857.site.20, 85, 97, 182
349741.6.peg.857.site.21, 8, 96, 104
349741.6.peg.857.site.22, 9, 97, 106
349741.6.peg.857.site.23, 7, 97, 104
349741.6.peg.857.site.24, 2, 97, 99
349741.6.peg.857.site.25, 0, 97, 97
349741.6.peg.857.site.26, 3, 97, 100
349741.6.peg.857.site.27, 28, 97, 125
349741.6.peg.857.site.28, 0, 96, 96
349741.6.peg.857.site.29, 5, 97, 102
349741.6.peg.856.site.1, 23, 85, 108
349741.6.peg.856.site.2, 1, 86, 87
349741.6.peg.856.site.3, 4, 89, 93
349741.6.peg.856.site.4, 2, 90, 92
349741.6.peg.856.site.5, 23, 88, 111
349741.6.peg.856.site.6, 4, 89, 93
349741.6.peg.856.site.7, 3, 87, 90
349741.6.peg.856.site.8, 9, 93, 102
349741.6.peg.856.site.9, 8, 95, 103
349741.6.peg.856.site.10, 11, 93, 104
349741.6.peg.856.site.11, 12, 95, 107
349741.6.peg.856.site.12, 4, 94, 98
349741.6.peg.856.site.13, 11, 93, 104
349741.6.peg.856.site.14, 1, 93, 94
349741.6.peg.856.site.15, 0, 95, 95
349741.6.peg.856.site.16, 18, 97, 115
349741.6.peg.856.site.17, 13, 97, 110
349741.6.peg.856.site.18, 13, 97, 110
349741.6.peg.856.site.19, 30, 97, 127
349741.6.peg.856.site.20, 12, 96, 108
349741.6.peg.856.site.21, 42, 92, 134
349741.6.peg.856.site.22, 9, 89, 98
349741.6.peg.856.site.23, 1, 86, 87
349741.6.peg.856.site.24, 8, 92, 100
349741.6.peg.856.site.25, 87, 88, 175
349741.6.peg.856.site.26, 2, 83, 85
349741.6.peg.856.site.27, 0, 83, 83
349741.6.peg.856.site.28, 10, 94, 104
349741.6.peg.856.site.29, 1, 97, 98
349741.6.peg.856.site.30, 11, 97, 108
349741.6.peg.856.site.31, 11, 97, 108
349741.6.peg.856.site.32, 40, 97, 137
349741.6.peg.855.site.1, 3, 95, 98
349741.6.peg.855.site.2, 17, 73, 90
349741.6.peg.855.site.3, 56, 74, 130
349741.6.peg.855.site.4, 7, 79, 86
349741.6.peg.855.site.5, 2, 83, 85
349741.6.peg.855.site.6, 17, 92, 109
349741.6.peg.855.site.7, 32, 97, 129
349741.6.peg.855.site.8, 65, 97, 162
349741.6.peg.855.site.9, 2, 97, 99
349741.6.peg.855.site.10, 4, 97, 101
349741.6.peg.855.site.11, 33, 97, 130
349741.6.peg.855.site.12, 32, 97, 129
349741.6.peg.855.site.13, 97, 97, 194
349741.6.peg.855.site.14, 73, 96, 169
349741.6.peg.855.site.15, 7, 97, 104
349741.6.peg.855.site.16, 1, 97, 98
349741.6.peg.855.site.17, 32, 97, 129
349741.6.peg.855.site.18, 32, 97, 129
349741.6.peg.855.site.19, 2, 71, 73
349741.6.peg.855.site.20, 55, 64, 119
349741.6.peg.855.site.21, 14, 64, 78
349741.6.peg.855.site.22, 7, 70, 77
349741.6.peg.855.site.23, 5, 68, 73
349741.6.peg.855.site.24, 6, 67, 73
349741.6.peg.855.site.25, 5, 68, 73
349741.6.peg.855.site.26, 1, 68, 69
349741.6.peg.855.site.27, 40, 66, 106
349741.6.peg.855.site.28, 3, 66, 69
349741.6.peg.855.site.29, 20, 79, 99
349741.6.peg.855.site.30, 22, 85, 107
349741.6.peg.855.site.31, 1, 86, 87
349741.6.peg.855.site.32, 73, 85, 158
349741.6.peg.854.site.1, 2, 97, 99
349741.6.peg.854.site.2, 1, 97, 98
349741.6.peg.854.site.3, 23, 97, 120
349741.6.peg.854.site.4, 11, 97, 108
349741.6.peg.854.site.5, 21, 97, 118
349741.6.peg.854.site.6, 52, 88, 140
349741.6.peg.854.site.7, 59, 87, 146
349741.6.peg.854.site.8, 96, 96, 192
349741.6.peg.854.site.9, 13, 97, 110
349741.6.peg.854.site.10, 73, 97, 170
349741.6.peg.854.site.11, 77, 97, 174
349741.6.peg.854.site.12, 5, 97, 102
349741.6.peg.854.site.13, 12, 97, 109
349741.6.peg.854.site.14, 5, 97, 102
349741.6.peg.854.site.15, 4, 97, 101
349741.6.peg.854.site.16, 2, 97, 99
349741.6.peg.854.site.17, 12, 97, 109
349741.6.peg.854.site.18, 3, 87, 90
349741.6.peg.854.site.19, 0, 86, 86
349741.6.peg.854.site.20, 3, 80, 83
349741.6.peg.854.site.21, 58, 83, 141
349741.6.peg.854.site.22, 3, 84, 87
349741.6.peg.854.site.23, 3, 84, 87
349741.6.peg.854.site.24, 2, 86, 88
349741.6.peg.854.site.25, 7, 89, 96
349741.6.peg.854.site.26, 91, 91, 182
349741.6.peg.854.site.27, 1, 91, 92
349741.6.peg.854.site.28, 0, 95, 95
349741.6.peg.852.site.1, 2, 97, 99
349741.6.peg.852.site.2, 50, 97, 147
349741.6.peg.852.site.3, 97, 97, 194
349741.6.peg.852.site.4, 1, 97, 98
349741.6.peg.852.site.5, 97, 97, 194
349741.6.peg.852.site.6, 76, 97, 173
349741.6.peg.852.site.7, 5, 97, 102
349741.6.peg.852.site.8, 90, 96, 186
349741.6.peg.852.site.9, 2, 96, 98
349741.6.peg.852.site.10, 96, 96, 192
349741.6.peg.852.site.11, 5, 97, 102
349741.6.peg.852.site.12, 61, 97, 158
349741.6.peg.852.site.13, 61, 97, 158
349741.6.peg.852.site.14, 97, 97, 194
349741.6.peg.852.site.15, 4, 97, 101
349741.6.peg.852.site.16, 77, 97, 174
349741.6.peg.852.site.17, 5, 97, 102
349741.6.peg.852.site.18, 1, 97, 98
349741.6.peg.852.site.19, 76, 97, 173
349741.6.peg.852.site.20, 2, 97, 99
349741.6.peg.850.site.1, 1, 97, 98
349741.6.peg.850.site.2, 17, 97, 114
349741.6.peg.850.site.3, 16, 96, 112
349741.6.peg.850.site.4, 2, 97, 99
349741.6.peg.850.site.5, 3, 89, 92
349741.6.peg.850.site.6, 12, 86, 98
349741.6.peg.850.site.7, 40, 97, 137
349741.6.peg.850.site.8, 2, 96, 98
349741.6.peg.850.site.9, 4, 97, 101
349741.6.peg.850.site.10, 9, 97, 106
349741.6.peg.850.site.11, 5, 96, 101
349741.6.peg.850.site.12, 9, 97, 106
349741.6.peg.850.site.13, 4, 97, 101
349741.6.peg.850.site.14, 0, 96, 96
349741.6.peg.850.site.15, 10, 97, 107
349741.6.peg.850.site.16, 60, 97, 157
349741.6.peg.1200.site.1, 4, 96, 100
349741.6.peg.1200.site.2, 1, 96, 97
349741.6.peg.1200.site.3, 53, 95, 148
349741.6.peg.1200.site.4, 81, 97, 178
349741.6.peg.1200.site.5, 21, 97, 118
349741.6.peg.1200.site.6, 86, 97, 183
349741.6.peg.1200.site.7, 1, 97, 98
349741.6.peg.1200.site.8, 20, 97, 117
349741.6.peg.1200.site.9, 18, 89, 107
349741.6.peg.1200.site.10, 2, 88, 90
349741.6.peg.1200.site.11, 81, 97, 178
349741.6.peg.1200.site.12, 12, 97, 109
349741.6.peg.1200.site.13, 10, 97, 107
349741.6.peg.1200.site.14, 0, 97, 97
349741.6.peg.1200.site.15, 77, 95, 172
349741.6.peg.1200.site.16, 1, 97, 98
349741.6.peg.1200.site.17, 94, 97, 191
349741.6.peg.1200.site.18, 84, 97, 181
349741.6.peg.1201.site.1, 78, 97, 175
349741.6.peg.1201.site.2, 21, 97, 118
349741.6.peg.1201.site.3, 91, 97, 188
349741.6.peg.1201.site.4, 3, 97, 100
349741.6.peg.1201.site.5, 1, 97, 98
349741.6.peg.1202.site.1, 78, 97, 175
349741.6.peg.1202.site.2, 78, 97, 175
349741.6.peg.1202.site.3, 17, 97, 114
349741.6.peg.1202.site.4, 78, 97, 175
349741.6.peg.1202.site.5, 0, 97, 97
349741.6.peg.1202.site.6, 5, 97, 102
349741.6.peg.1202.site.7, 8, 97, 105
349741.6.peg.1202.site.8, 3, 97, 100
349741.6.peg.1202.site.9, 78, 97, 175
349741.6.peg.1202.site.10, 78, 97, 175
349741.6.peg.1202.site.11, 5, 97, 102
349741.6.peg.1202.site.12, 1, 97, 98
349741.6.peg.1202.site.13, 22, 97, 119
349741.6.peg.1202.site.14, 0, 97, 97
349741.6.peg.1202.site.15, 2, 97, 99
349741.6.peg.1202.site.16, 56, 97, 153
349741.6.peg.1202.site.17, 82, 96, 178
349741.6.peg.1202.site.18, 1, 97, 98
349741.6.peg.1202.site.19, 2, 96, 98
349741.6.peg.1202.site.20, 78, 97, 175
349741.6.peg.1202.site.21, 0, 97, 97
349741.6.peg.1202.site.22, 6, 96, 102
349741.6.peg.1202.site.23, 0, 97, 97
349741.6.peg.1202.site.24, 76, 97, 173
349741.6.peg.1202.site.25, 1, 97, 98
349741.6.peg.1202.site.26, 12, 97, 109
349741.6.peg.1203.site.1, 5, 96, 101
349741.6.peg.1203.site.2, 4, 97, 101
349741.6.peg.1203.site.3, 0, 96, 96
349741.6.peg.1203.site.4, 78, 97, 175
349741.6.peg.1203.site.5, 1, 97, 98
349741.6.peg.1203.site.6, 3, 97, 100
349741.6.peg.1203.site.7, 80, 97, 177
349741.6.peg.1203.site.8, 19, 97, 116
349741.6.peg.1203.site.9, 76, 97, 173
349741.6.peg.1203.site.10, 0, 96, 96
349741.6.peg.1203.site.11, 5, 97, 102
349741.6.peg.1203.site.12, 25, 97, 122
349741.6.peg.1203.site.13, 1, 97, 98
349741.6.peg.1203.site.14, 69, 97, 166
349741.6.peg.1203.site.15, 3, 97, 100
349741.6.peg.1203.site.16, 76, 97, 173
349741.6.peg.1203.site.17, 76, 97, 173
349741.6.peg.1203.site.18, 75, 96, 171
349741.6.peg.1203.site.19, 2, 97, 99
349741.6.peg.1203.site.20, 76, 97, 173
349741.6.peg.1203.site.21, 10, 97, 107
349741.6.peg.1203.site.22, 2, 97, 99
349741.6.peg.1203.site.23, 77, 97, 174
349741.6.peg.1203.site.24, 17, 97, 114
349741.6.peg.1203.site.25, 6, 97, 103
349741.6.peg.1203.site.26, 10, 97, 107
349741.6.peg.1203.site.27, 14, 97, 111
349741.6.peg.1204.site.1, 12, 30, 42
349741.6.peg.1204.site.2, 17, 36, 53
349741.6.peg.1204.site.3, 89, 89, 178
349741.6.peg.1204.site.4, 58, 97, 155
349741.6.peg.1204.site.5, 1, 97, 98
349741.6.peg.1204.site.6, 69, 97, 166
349741.6.peg.1204.site.7, 3, 93, 96
349741.6.peg.1204.site.8, 90, 97, 187
349741.6.peg.1204.site.9, 2, 97, 99
349741.6.peg.1204.site.10, 69, 97, 166
349741.6.peg.1204.site.11, 0, 97, 97
349741.6.peg.1206.site.1, 68, 96, 164
349741.6.peg.1206.site.2, 69, 97, 166
349741.6.peg.1206.site.3, 2, 97, 99
349741.6.peg.1206.site.4, 2, 97, 99
349741.6.peg.1206.site.5, 0, 97, 97
349741.6.peg.1206.site.6, 10, 97, 107
349741.6.peg.1206.site.7, 44, 97, 141
349741.6.peg.1206.site.8, 72, 97, 169
349741.6.peg.1206.site.9, 17, 97, 114
349741.6.peg.1206.site.10, 73, 97, 170
349741.6.peg.1206.site.11, 1, 97, 98
349741.6.peg.1207.site.1, 72, 97, 169
349741.6.peg.1207.site.2, 1, 97, 98
349741.6.peg.1207.site.3, 0, 94, 94
349741.6.peg.1207.site.4, 75, 96, 171
349741.6.peg.1207.site.5, 11, 97, 108
349741.6.peg.1207.site.6, 83, 97, 180
349741.6.peg.1207.site.7, 72, 97, 169
349741.6.peg.1207.site.8, 72, 97, 169
349741.6.peg.1207.site.9, 1, 97, 98
349741.6.peg.1207.site.10, 4, 97, 101
349741.6.peg.1207.site.11, 1, 97, 98
349741.6.peg.1207.site.12, 56, 97, 153
349741.6.peg.1207.site.13, 1, 97, 98
349741.6.peg.1207.site.14, 2, 97, 99
349741.6.peg.1207.site.15, 2, 97, 99
349741.6.peg.1208.site.1, 74, 97, 171
349741.6.peg.1208.site.2, 2, 96, 98
349741.6.peg.1208.site.3, 77, 94, 171
349741.6.peg.1208.site.4, 8, 95, 103
349741.6.peg.1208.site.5, 70, 93, 163
349741.6.peg.1208.site.6, 5, 92, 97
349741.6.peg.1208.site.7, 75, 96, 171
349741.6.peg.1208.site.8, 17, 95, 112
349741.6.peg.1208.site.9, 9, 93, 102
349741.6.peg.1208.site.10, 2, 95, 97
349741.6.peg.1208.site.11, 74, 97, 171
349741.6.peg.1208.site.12, 73, 96, 169
349741.6.peg.1208.site.13, 27, 97, 124
349741.6.peg.2248.site.1, 64, 92, 156
349741.6.peg.2248.site.2, 53, 93, 146
349741.6.peg.2248.site.3, 60, 89, 149
349741.6.peg.2248.site.4, 1, 94, 95
349741.6.peg.2248.site.5, 3, 95, 98
349741.6.peg.2248.site.6, 4, 95, 99
349741.6.peg.2248.site.7, 3, 94, 97
349741.6.peg.2248.site.8, 9, 96, 105
349741.6.peg.2248.site.9, 25, 96, 121
349741.6.peg.2248.site.10, 18, 96, 114
349741.6.peg.2248.site.11, 67, 96, 163
349741.6.peg.2248.site.12, 4, 86, 90
349741.6.peg.2248.site.13, 2, 87, 89
349741.6.peg.2248.site.14, 30, 90, 120
349741.6.peg.2248.site.15, 2, 92, 94
349741.6.peg.2248.site.16, 35, 90, 125
349741.6.peg.2248.site.17, 38, 94, 132
349741.6.peg.2248.site.18, 8, 94, 102
349741.6.peg.2248.site.19, 39, 93, 132
349741.6.peg.2248.site.20, 1, 95, 96
349741.6.peg.2248.site.21, 24, 90, 114
349741.6.peg.2248.site.22, 36, 90, 126
349741.6.peg.1846.site.1, 20, 97, 117
349741.6.peg.1846.site.2, 0, 97, 97
349741.6.peg.1846.site.3, 67, 97, 164
349741.6.peg.1846.site.4, 97, 97, 194
349741.6.peg.1846.site.5, 29, 92, 121
349741.6.peg.1846.site.6, 7, 92, 99
349741.6.peg.1846.site.7, 21, 93, 114
349741.6.peg.1846.site.8, 13, 95, 108
349741.6.peg.1846.site.9, 12, 97, 109
349741.6.peg.1846.site.10, 1, 97, 98
349741.6.peg.1846.site.11, 87, 95, 182
349741.6.peg.1846.site.12, 2, 96, 98
349741.6.peg.1846.site.13, 13, 97, 110
349741.6.peg.1846.site.14, 3, 97, 100
349741.6.peg.1846.site.15, 13, 96, 109
349741.6.peg.1846.site.16, 25, 97, 122
349741.6.peg.1846.site.17, 12, 97, 109
349741.6.peg.1846.site.18, 12, 96, 108
349741.6.peg.1846.site.19, 3, 97, 100
349741.6.peg.1846.site.20, 70, 96, 166
349741.6.peg.1846.site.21, 12, 97, 109
349741.6.peg.1846.site.22, 12, 96, 108
349741.6.peg.1846.site.23, 12, 96, 108
349741.6.peg.1846.site.24, 11, 91, 102
349741.6.peg.1846.site.25, 1, 93, 94
349741.6.peg.1846.site.26, 96, 96, 192
349741.6.peg.1846.site.27, 12, 96, 108
349741.6.peg.1846.site.28, 59, 97, 156
349741.6.peg.1846.site.29, 5, 97, 102
349741.6.peg.1846.site.30, 5, 95, 100
349741.6.peg.1846.site.31, 5, 90, 95
349741.6.peg.1846.site.32, 2, 87, 89
349741.6.peg.1846.site.33, 1, 84, 85
349741.6.peg.1846.site.34, 1, 84, 85
349741.6.peg.1846.site.35, 13, 85, 98
349741.6.peg.1846.site.36, 15, 84, 99
349741.6.peg.1846.site.37, 93, 93, 186
349741.6.peg.1846.site.38, 10, 94, 104
349741.6.peg.1846.site.39, 76, 76, 152
349741.6.peg.1846.site.40, 6, 75, 81
349741.6.peg.1846.site.41, 2, 73, 75
349741.6.peg.1846.site.42, 70, 75, 145
349741.6.peg.1846.site.43, 5, 85, 90
349741.6.peg.1846.site.44, 12, 88, 100
349741.6.peg.1846.site.45, 11, 87, 98
349741.6.peg.1846.site.46, 1, 88, 89
349741.6.peg.1846.site.47, 2, 82, 84
349741.6.peg.1844.site.1, 1, 79, 80
349741.6.peg.1844.site.2, 1, 79, 80
349741.6.peg.1844.site.3, 3, 80, 83
349741.6.peg.1844.site.4, 73, 85, 158
349741.6.peg.1844.site.5, 13, 90, 103
349741.6.peg.1844.site.6, 14, 91, 105
349741.6.peg.1844.site.7, 19, 96, 115
349741.6.peg.1844.site.8, 19, 94, 113
349741.6.peg.1844.site.9, 2, 94, 96
349741.6.peg.1844.site.10, 21, 91, 112
349741.6.peg.1844.site.11, 17, 90, 107
349741.6.peg.1844.site.12, 1, 87, 88
349741.6.peg.1844.site.13, 8, 86, 94
349741.6.peg.1844.site.14, 4, 81, 85
349741.6.peg.1844.site.15, 71, 78, 149
349741.6.peg.1844.site.16, 3, 78, 81
349741.6.peg.1844.site.17, 2, 77, 79
349741.6.peg.1844.site.18, 0, 79, 79
349741.6.peg.1844.site.19, 5, 87, 92
349741.6.peg.1844.site.20, 6, 83, 89
349741.6.peg.1844.site.21, 12, 89, 101
349741.6.peg.1844.site.22, 12, 94, 106
349741.6.peg.1844.site.23, 18, 95, 113
349741.6.peg.1845.site.1, 11, 95, 106
349741.6.peg.1845.site.2, 66, 95, 161
349741.6.peg.1845.site.3, 11, 93, 104
349741.6.peg.1845.site.4, 9, 93, 102
349741.6.peg.1845.site.5, 9, 93, 102
349741.6.peg.1845.site.6, 76, 94, 170
349741.6.peg.1845.site.7, 65, 94, 159
349741.6.peg.1845.site.8, 9, 93, 102
349741.6.peg.1845.site.9, 2, 94, 96
349741.6.peg.1845.site.10, 11, 96, 107
349741.6.peg.1845.site.11, 9, 96, 105
349741.6.peg.1845.site.12, 11, 96, 107
349741.6.peg.1845.site.13, 2, 96, 98
349741.6.peg.1845.site.14, 11, 96, 107
349741.6.peg.1845.site.15, 2, 97, 99
349741.6.peg.1845.site.16, 5, 97, 102
349741.6.peg.1845.site.17, 9, 96, 105
349741.6.peg.1845.site.18, 12, 97, 109
349741.6.peg.1845.site.19, 97, 97, 194
349741.6.peg.1845.site.20, 13, 97, 110
349741.6.peg.1845.site.21, 12, 96, 108
349741.6.peg.1845.site.22, 31, 96, 127
349741.6.peg.1845.site.23, 30, 95, 125
349741.6.peg.1845.site.24, 19, 94, 113
349741.6.peg.1845.site.25, 19, 93, 112
349741.6.peg.1845.site.26, 9, 93, 102
349741.6.peg.1845.site.27, 6, 89, 95
349741.6.peg.1845.site.28, 20, 91, 111
349741.6.peg.1845.site.29, 9, 92, 101
349741.6.peg.1845.site.30, 1, 96, 97
349741.6.peg.1845.site.31, 12, 95, 107
349741.6.peg.1845.site.32, 0, 97, 97
349741.6.peg.1845.site.33, 62, 97, 159
349741.6.peg.1845.site.34, 12, 97, 109
349741.6.peg.1845.site.35, 4, 97, 101
349741.6.peg.1845.site.36, 12, 97, 109
349741.6.peg.1845.site.37, 10, 94, 104
349741.6.peg.1845.site.38, 12, 95, 107
349741.6.peg.1845.site.39, 2, 97, 99
349741.6.peg.1845.site.40, 25, 97, 122
349741.6.peg.1845.site.41, 25, 97, 122
349741.6.peg.1845.site.42, 25, 97, 122
349741.6.peg.1845.site.43, 0, 97, 97
349741.6.peg.1842.site.1, 0, 97, 97
349741.6.peg.1842.site.2, 20, 97, 117
349741.6.peg.1842.site.3, 1, 97, 98
349741.6.peg.1842.site.4, 94, 97, 191
349741.6.peg.1842.site.5, 62, 96, 158
349741.6.peg.1842.site.6, 90, 97, 187
349741.6.peg.1842.site.7, 8, 97, 105
349741.6.peg.1842.site.8, 2, 96, 98
349741.6.peg.1842.site.9, 92, 97, 189
349741.6.peg.1842.site.10, 27, 97, 124
349741.6.peg.1842.site.11, 3, 97, 100
349741.6.peg.1842.site.12, 89, 97, 186
349741.6.peg.1842.site.13, 20, 97, 117
349741.6.peg.1842.site.14, 2, 97, 99
349741.6.peg.1842.site.15, 84, 96, 180
349741.6.peg.1842.site.16, 83, 96, 179
349741.6.peg.1842.site.17, 6, 97, 103
349741.6.peg.1842.site.18, 2, 96, 98
349741.6.peg.1842.site.19, 82, 95, 177
349741.6.peg.1842.site.20, 2, 95, 97
349741.6.peg.1842.site.21, 87, 95, 182
349741.6.peg.1842.site.22, 89, 96, 185
349741.6.peg.1842.site.23, 2, 97, 99
349741.6.peg.1842.site.24, 88, 95, 183
349741.6.peg.1842.site.25, 2, 97, 99
349741.6.peg.1842.site.26, 0, 97, 97
349741.6.peg.1842.site.27, 85, 97, 182
349741.6.peg.1842.site.28, 87, 97, 184
349741.6.peg.1842.site.29, 4, 96, 100
349741.6.peg.1842.site.30, 0, 97, 97
349741.6.peg.1842.site.31, 2, 96, 98
349741.6.peg.1842.site.32, 4, 96, 100
349741.6.peg.1842.site.33, 4, 96, 100
349741.6.peg.1842.site.34, 91, 96, 187
349741.6.peg.1842.site.35, 1, 97, 98
349741.6.peg.1842.site.36, 1, 97, 98
349741.6.peg.1842.site.37, 0, 97, 97
349741.6.peg.1843.site.1, 95, 96, 191
349741.6.peg.1841.site.1, 1, 86, 87
349741.6.peg.1841.site.2, 8, 92, 100
349741.6.peg.1841.site.3, 16, 96, 112
349741.6.peg.1841.site.4, 0, 95, 95
349741.6.peg.1841.site.5, 12, 96, 108
349741.6.peg.1841.site.6, 66, 97, 163
349741.6.peg.1841.site.7, 13, 95, 108
349741.6.peg.1841.site.8, 2, 97, 99
349741.6.peg.1841.site.9, 9, 97, 106
349741.6.peg.1841.site.10, 11, 97, 108
349741.6.peg.1841.site.11, 12, 96, 108
349741.6.peg.1841.site.12, 0, 95, 95
349741.6.peg.1841.site.13, 13, 96, 109
349741.6.peg.1841.site.14, 2, 96, 98
349741.6.peg.1841.site.15, 19, 97, 116
349741.6.peg.1841.site.16, 27, 97, 124
349741.6.peg.1841.site.17, 11, 97, 108
349741.6.peg.1841.site.18, 5, 95, 100
349741.6.peg.1841.site.19, 14, 96, 110
349741.6.peg.1841.site.20, 23, 96, 119
349741.6.peg.1841.site.21, 4, 97, 101
349741.6.peg.1841.site.22, 3, 96, 99
349741.6.peg.1841.site.23, 23, 97, 120
349741.6.peg.1841.site.24, 1, 97, 98
349741.6.peg.1841.site.25, 22, 96, 118
349741.6.peg.1841.site.26, 22, 97, 119
349741.6.peg.1841.site.27, 23, 96, 119
349741.6.peg.1841.site.28, 2, 97, 99
349741.6.peg.1841.site.29, 23, 97, 120
349741.6.peg.1841.site.30, 25, 97, 122
349741.6.peg.1841.site.31, 25, 97, 122
349741.6.peg.1841.site.32, 0, 96, 96
349741.6.peg.1841.site.33, 4, 96, 100
349741.6.peg.1841.site.34, 6, 97, 103
349741.6.peg.1841.site.35, 22, 97, 119
349741.6.peg.1841.site.36, 25, 97, 122
349741.6.peg.1841.site.37, 33, 97, 130
349741.6.peg.1841.site.38, 36, 97, 133
349741.6.peg.1841.site.39, 22, 97, 119
349741.6.peg.1841.site.40, 2, 97, 99
349741.6.peg.1841.site.41, 1, 96, 97
349741.6.peg.1841.site.42, 3, 97, 100
349741.6.peg.1841.site.43, 22, 96, 118
349741.6.peg.1841.site.44, 65, 96, 161
349741.6.peg.1841.site.45, 2, 95, 97
349741.6.peg.1848.site.1, 26, 96, 122
349741.6.peg.1848.site.2, 79, 95, 174
349741.6.peg.1848.site.3, 1, 96, 97
349741.6.peg.1848.site.4, 29, 97, 126
349741.6.peg.1848.site.5, 7, 97, 104
349741.6.peg.1848.site.6, 9, 97, 106
349741.6.peg.1848.site.7, 13, 97, 110
349741.6.peg.1848.site.8, 25, 97, 122
349741.6.peg.1848.site.9, 12, 96, 108
349741.6.peg.1848.site.10, 39, 96, 135
349741.6.peg.1848.site.11, 26, 86, 112
349741.6.peg.1848.site.12, 20, 80, 100
349741.6.peg.1848.site.13, 6, 80, 86
349741.6.peg.1848.site.14, 22, 86, 108
349741.6.peg.1848.site.15, 77, 87, 164
349741.6.peg.1848.site.16, 4, 88, 92
349741.6.peg.1848.site.17, 12, 91, 103
349741.6.peg.1848.site.18, 1, 91, 92
349741.6.peg.1848.site.19, 2, 88, 90
349741.6.peg.1848.site.20, 25, 88, 113
349741.6.peg.1848.site.21, 1, 87, 88
349741.6.peg.1848.site.22, 82, 84, 166
349741.6.peg.1848.site.23, 12, 87, 99
349741.6.peg.1848.site.24, 48, 95, 143
349741.6.peg.1848.site.25, 13, 97, 110
349741.6.peg.1848.site.26, 9, 94, 103
349741.6.peg.1848.site.27, 11, 96, 107
349741.6.peg.1848.site.28, 3, 82, 85
349741.6.peg.1848.site.29, 8, 84, 92
349741.6.peg.1848.site.30, 1, 96, 97
349741.6.peg.1848.site.31, 12, 97, 109
349741.6.peg.1848.site.32, 56, 97, 153
349741.6.peg.1848.site.33, 53, 97, 150
349741.6.peg.1848.site.34, 12, 96, 108
349741.6.peg.1848.site.35, 12, 97, 109
349741.6.peg.1848.site.36, 2, 97, 99
349741.6.peg.1848.site.37, 11, 96, 107
349741.6.peg.1848.site.38, 12, 97, 109
349741.6.peg.1848.site.39, 53, 96, 149
349741.6.peg.1848.site.40, 12, 96, 108
349741.6.peg.1848.site.41, 11, 97, 108
349741.6.peg.1848.site.42, 12, 97, 109
349741.6.peg.1848.site.43, 36, 97, 133
349741.6.peg.1848.site.44, 11, 97, 108
349741.6.peg.1848.site.45, 12, 96, 108
349741.6.peg.1848.site.46, 9, 91, 100
349741.6.peg.1848.site.47, 3, 95, 98
349741.6.peg.1848.site.48, 9, 91, 100
349741.6.peg.1848.site.49, 14, 94, 108
349741.6.peg.1848.site.50, 11, 86, 97
349741.6.peg.1848.site.51, 9, 89, 98
349741.6.peg.1848.site.52, 12, 91, 103
349741.6.peg.1848.site.53, 3, 82, 85
349741.6.peg.1848.site.54, 10, 78, 88
349741.6.peg.1848.site.55, 10, 82, 92
349741.6.peg.1848.site.56, 2, 83, 85
349741.6.peg.1848.site.57, 12, 93, 105
349741.6.peg.1848.site.58, 1, 95, 96
349741.6.peg.1848.site.59, 12, 93, 105
349741.6.peg.1848.site.60, 3, 95, 98
349741.6.peg.1848.site.61, 11, 94, 105
349741.6.peg.1848.site.62, 12, 95, 107
349741.6.peg.1848.site.63, 36, 94, 130
349741.6.peg.1848.site.64, 10, 95, 105
349741.6.peg.1848.site.65, 49, 95, 144
349741.6.peg.1848.site.66, 26, 97, 123
349741.6.peg.1848.site.67, 12, 97, 109
349741.6.peg.1848.site.68, 12, 97, 109
349741.6.peg.1848.site.69, 3, 97, 100
349741.6.peg.1848.site.70, 26, 97, 123
349741.6.peg.1848.site.71, 0, 97, 97
349741.6.peg.1848.site.72, 13, 97, 110
349741.6.peg.1849.site.1, 13, 86, 99
349741.6.peg.1849.site.2, 10, 60, 70
349741.6.peg.1849.site.3, 20, 59, 79
349741.6.peg.1849.site.4, 4, 86, 90
349741.6.peg.1849.site.5, 3, 89, 92
349741.6.peg.1849.site.6, 3, 83, 86
349741.6.peg.1849.site.7, 1, 82, 83
349741.6.peg.1849.site.8, 31, 84, 115
349741.6.peg.1849.site.9, 1, 82, 83
349741.6.peg.1849.site.10, 43, 84, 127
349741.6.peg.1849.site.11, 33, 84, 117
349741.6.peg.1849.site.12, 30, 85, 115
349741.6.peg.1849.site.13, 2, 85, 87
349741.6.peg.1849.site.14, 27, 96, 123
349741.6.peg.1849.site.15, 41, 97, 138
349741.6.peg.1849.site.16, 0, 97, 97
349741.6.peg.1849.site.17, 61, 97, 158
349741.6.peg.1849.site.18, 13, 97, 110
349741.6.peg.1849.site.19, 12, 97, 109
349741.6.peg.1849.site.20, 1, 97, 98
349741.6.peg.1849.site.21, 3, 97, 100
349741.6.peg.1849.site.22, 12, 97, 109
349741.6.peg.1849.site.23, 3, 97, 100
349741.6.peg.1849.site.24, 20, 97, 117
349741.6.peg.1849.site.25, 20, 97, 117
349741.6.peg.1849.site.26, 2, 97, 99
349741.6.peg.1849.site.27, 20, 97, 117
349741.6.peg.1849.site.28, 12, 97, 109
349741.6.peg.1849.site.29, 32, 97, 129
349741.6.peg.1849.site.30, 37, 97, 134
349741.6.peg.1849.site.31, 8, 97, 105
349741.6.peg.1849.site.32, 2, 96, 98
349741.6.peg.1849.site.33, 55, 97, 152
349741.6.peg.1849.site.34, 8, 97, 105
349741.6.peg.1849.site.35, 8, 97, 105
349741.6.peg.1849.site.36, 8, 97, 105
349741.6.peg.1849.site.37, 8, 97, 105
349741.6.peg.1849.site.38, 59, 97, 156
349741.6.peg.1849.site.39, 57, 97, 154
349741.6.peg.1849.site.40, 2, 97, 99
349741.6.peg.1849.site.41, 2, 96, 98
349741.6.peg.2139.site.1, 21, 97, 118
349741.6.peg.2139.site.2, 0, 97, 97
349741.6.peg.2139.site.3, 5, 97, 102
349741.6.peg.2139.site.4, 21, 97, 118
349741.6.peg.2139.site.5, 3, 97, 100
349741.6.peg.2139.site.6, 36, 97, 133
349741.6.peg.2139.site.7, 21, 97, 118
349741.6.peg.2139.site.8, 1, 97, 98
349741.6.peg.2139.site.9, 91, 97, 188
349741.6.peg.2139.site.10, 72, 96, 168
349741.6.peg.2139.site.11, 3, 97, 100
349741.6.peg.2139.site.12, 20, 96, 116
349741.6.peg.2139.site.13, 4, 97, 101
349741.6.peg.2139.site.14, 1, 97, 98
349741.6.peg.2139.site.15, 21, 97, 118
349741.6.peg.2139.site.16, 5, 93, 98
349741.6.peg.2139.site.17, 21, 89, 110
349741.6.peg.2139.site.18, 83, 84, 167
349741.6.peg.2139.site.19, 13, 82, 95
349741.6.peg.2139.site.20, 20, 81, 101
349741.6.peg.2139.site.21, 15, 82, 97
349741.6.peg.2139.site.22, 31, 82, 113
349741.6.peg.2139.site.23, 1, 91, 92
349741.6.peg.2139.site.24, 5, 96, 101
349741.6.peg.2139.site.25, 21, 97, 118
349741.6.peg.2138.site.1, 2, 95, 97
349741.6.peg.2138.site.2, 1, 89, 90
349741.6.peg.2138.site.3, 0, 70, 70
349741.6.peg.2138.site.4, 30, 96, 126
349741.6.peg.2133.site.1, 1, 89, 90
349741.6.peg.2133.site.2, 18, 87, 105
349741.6.peg.2133.site.3, 3, 88, 91
349741.6.peg.2133.site.4, 50, 91, 141
349741.6.peg.2133.site.5, 21, 93, 114
349741.6.peg.2133.site.6, 3, 92, 95
349741.6.peg.2133.site.7, 3, 94, 97
349741.6.peg.2133.site.8, 2, 95, 97
349741.6.peg.2133.site.9, 2, 95, 97
349741.6.peg.2133.site.10, 3, 97, 100
349741.6.peg.2133.site.11, 2, 96, 98
349741.6.peg.2133.site.12, 3, 97, 100
349741.6.peg.2133.site.13, 3, 97, 100
349741.6.peg.2133.site.14, 12, 97, 109
349741.6.peg.2133.site.15, 26, 97, 123
349741.6.peg.2133.site.16, 2, 97, 99
349741.6.peg.2133.site.17, 3, 97, 100
349741.6.peg.2133.site.18, 21, 96, 117
349741.6.peg.2133.site.19, 64, 94, 158
349741.6.peg.2133.site.20, 76, 96, 172
349741.6.peg.2133.site.21, 2, 97, 99
349741.6.peg.2133.site.22, 3, 96, 99
349741.6.peg.2133.site.23, 3, 97, 100
349741.6.peg.2133.site.24, 3, 97, 100
349741.6.peg.2133.site.25, 21, 97, 118
349741.6.peg.2133.site.26, 22, 97, 119
349741.6.peg.2133.site.27, 7, 97, 104
349741.6.peg.2133.site.28, 8, 93, 101
349741.6.peg.2133.site.29, 21, 96, 117
349741.6.peg.2133.site.30, 3, 97, 100
349741.6.peg.2133.site.31, 3, 97, 100
349741.6.peg.2133.site.32, 2, 97, 99
349741.6.peg.2133.site.33, 90, 97, 187
349741.6.peg.2133.site.34, 3, 97, 100
349741.6.peg.2133.site.35, 2, 96, 98
349741.6.peg.2133.site.36, 2, 96, 98
349741.6.peg.2133.site.37, 1, 95, 96
349741.6.peg.2133.site.38, 1, 95, 96
349741.6.peg.2133.site.39, 22, 97, 119
349741.6.peg.2133.site.40, 5, 97, 102
349741.6.peg.2133.site.41, 43, 97, 140
349741.6.peg.2130.site.1, 0, 94, 94
349741.6.peg.2130.site.2, 1, 90, 91
349741.6.peg.2130.site.3, 1, 85, 86
349741.6.peg.2130.site.4, 14, 82, 96
349741.6.peg.2130.site.5, 13, 77, 90
349741.6.peg.2130.site.6, 25, 89, 114
349741.6.peg.2130.site.7, 11, 77, 88
349741.6.peg.2130.site.8, 15, 80, 95
349741.6.peg.2130.site.9, 16, 87, 103
349741.6.peg.2130.site.10, 20, 88, 108
349741.6.peg.2130.site.11, 2, 88, 90
349741.6.peg.2130.site.12, 21, 90, 111
349741.6.peg.2130.site.13, 8, 92, 100
349741.6.peg.2130.site.14, 4, 95, 99
349741.6.peg.2130.site.15, 19, 91, 110
349741.6.peg.2130.site.16, 38, 93, 131
349741.6.peg.2130.site.17, 34, 89, 123
349741.6.peg.2130.site.18, 31, 89, 120
349741.6.peg.2130.site.19, 39, 82, 121
349741.6.peg.2130.site.20, 20, 88, 108
349741.6.peg.2130.site.21, 45, 94, 139
349741.6.peg.2130.site.22, 2, 92, 94
349741.6.peg.2130.site.23, 0, 96, 96
349741.6.peg.2130.site.24, 1, 93, 94
349741.6.peg.2130.site.25, 3, 96, 99
349741.6.peg.2137.site.1, 3, 97, 100
349741.6.peg.2137.site.2, 0, 93, 93
349741.6.peg.2137.site.3, 25, 95, 120
349741.6.peg.2137.site.4, 1, 94, 95
349741.6.peg.2137.site.5, 0, 90, 90
349741.6.peg.2137.site.6, 23, 87, 110
349741.6.peg.2137.site.7, 1, 88, 89
349741.6.peg.2137.site.8, 1, 88, 89
349741.6.peg.2137.site.9, 1, 88, 89
349741.6.peg.2137.site.10, 26, 94, 120
349741.6.peg.2137.site.11, 81, 96, 177
349741.6.peg.2137.site.12, 28, 92, 120
349741.6.peg.2137.site.13, 1, 94, 95
349741.6.peg.2137.site.14, 50, 96, 146
349741.6.peg.2137.site.15, 1, 82, 83
349741.6.peg.2137.site.16, 18, 74, 92
349741.6.peg.2137.site.17, 17, 82, 99
349741.6.peg.2137.site.18, 0, 93, 93
349741.6.peg.2137.site.19, 1, 92, 93
349741.6.peg.2137.site.20, 0, 94, 94
349741.6.peg.2137.site.21, 28, 96, 124
349741.6.peg.2137.site.22, 7, 95, 102
349741.6.peg.2137.site.23, 3, 96, 99
349741.6.peg.2137.site.24, 3, 96, 99
349741.6.peg.2137.site.25, 36, 96, 132
349741.6.peg.2137.site.26, 1, 96, 97
349741.6.peg.2137.site.27, 0, 94, 94
349741.6.peg.2137.site.28, 1, 92, 93
349741.6.peg.2137.site.29, 24, 93, 117
349741.6.peg.2137.site.30, 1, 92, 93
349741.6.peg.2137.site.31, 1, 91, 92
349741.6.peg.2137.site.32, 1, 76, 77
349741.6.peg.2137.site.33, 69, 75, 144
349741.6.peg.2137.site.34, 18, 69, 87
349741.6.peg.2137.site.35, 1, 74, 75
349741.6.peg.2137.site.36, 1, 68, 69
349741.6.peg.2137.site.37, 1, 57, 58
349741.6.peg.2137.site.38, 3, 49, 52
349741.6.peg.2137.site.39, 47, 47, 94
349741.6.peg.2137.site.40, 2, 67, 69
349741.6.peg.2137.site.41, 61, 64, 125
349741.6.peg.2137.site.42, 1, 72, 73
349741.6.peg.2137.site.43, 73, 76, 149
349741.6.peg.2137.site.44, 0, 93, 93
349741.6.peg.2137.site.45, 26, 93, 119
349741.6.peg.2137.site.46, 8, 92, 100
349741.6.peg.2137.site.47, 65, 77, 142
349741.6.peg.2137.site.48, 66, 75, 141
349741.6.peg.2137.site.49, 54, 72, 126
349741.6.peg.2137.site.50, 16, 71, 87
349741.6.peg.2137.site.51, 0, 82, 82
349741.6.peg.2137.site.52, 1, 86, 87
349741.6.peg.2137.site.53, 1, 85, 86
349741.6.peg.2137.site.54, 1, 86, 87
349741.6.peg.2137.site.55, 8, 92, 100
349741.6.peg.2137.site.56, 23, 91, 114
349741.6.peg.2137.site.57, 15, 93, 108
349741.6.peg.2137.site.58, 14, 92, 106
349741.6.peg.2137.site.59, 1, 90, 91
349741.6.peg.2137.site.60, 1, 90, 91
349741.6.peg.2137.site.61, 87, 90, 177
349741.6.peg.2137.site.62, 5, 92, 97
349741.6.peg.2137.site.63, 96, 96, 192
349741.6.peg.2137.site.64, 3, 96, 99
349741.6.peg.2137.site.65, 0, 96, 96
349741.6.peg.2137.site.66, 41, 95, 136
349741.6.peg.2136.site.1, 1, 89, 90
349741.6.peg.2136.site.2, 67, 91, 158
349741.6.peg.2136.site.3, 6, 91, 97
349741.6.peg.2136.site.4, 25, 94, 119
349741.6.peg.2136.site.5, 3, 92, 95
349741.6.peg.2136.site.6, 2, 92, 94
349741.6.peg.2136.site.7, 26, 91, 117
349741.6.peg.2136.site.8, 2, 93, 95
349741.6.peg.2136.site.9, 2, 93, 95
349741.6.peg.2136.site.10, 2, 92, 94
349741.6.peg.2136.site.11, 92, 93, 185
349741.6.peg.2136.site.12, 24, 94, 118
349741.6.peg.2136.site.13, 1, 94, 95
349741.6.peg.2136.site.14, 2, 94, 96
349741.6.peg.2136.site.15, 1, 94, 95
349741.6.peg.2136.site.16, 0, 94, 94
349741.6.peg.2136.site.17, 2, 94, 96
349741.6.peg.2136.site.18, 57, 97, 154
349741.6.peg.2136.site.19, 3, 97, 100
349741.6.peg.2136.site.20, 3, 97, 100
349741.6.peg.2136.site.21, 21, 97, 118
349741.6.peg.2136.site.22, 1, 95, 96
349741.6.peg.2136.site.23, 26, 94, 120
349741.6.peg.2136.site.24, 24, 93, 117
349741.6.peg.2136.site.25, 1, 94, 95
349741.6.peg.2136.site.26, 68, 92, 160
349741.6.peg.2136.site.27, 1, 93, 94
349741.6.peg.2136.site.28, 1, 92, 93
349741.6.peg.2136.site.29, 2, 95, 97
349741.6.peg.2136.site.30, 47, 96, 143
349741.6.peg.2136.site.31, 22, 96, 118
349741.6.peg.2136.site.32, 29, 97, 126
349741.6.peg.2135.site.1, 0, 94, 94
349741.6.peg.2135.site.2, 16, 94, 110
349741.6.peg.2135.site.3, 59, 94, 153
349741.6.peg.2135.site.4, 83, 94, 177
349741.6.peg.2135.site.5, 11, 94, 105
349741.6.peg.2135.site.6, 22, 94, 116
349741.6.peg.2135.site.7, 1, 92, 93
349741.6.peg.2135.site.8, 82, 92, 174
349741.6.peg.2135.site.9, 23, 90, 113
349741.6.peg.2135.site.10, 80, 90, 170
349741.6.peg.2135.site.11, 0, 93, 93
349741.6.peg.2135.site.12, 7, 93, 100
349741.6.peg.2135.site.13, 14, 91, 105
349741.6.peg.2135.site.14, 1, 93, 94
349741.6.peg.2135.site.15, 1, 92, 93
349741.6.peg.2135.site.16, 0, 88, 88
349741.6.peg.2135.site.17, 34, 93, 127
349741.6.peg.2135.site.18, 92, 93, 185
349741.6.peg.2135.site.19, 71, 97, 168
349741.6.peg.2135.site.20, 24, 95, 119
349741.6.peg.2135.site.21, 25, 96, 121
349741.6.peg.2134.site.1, 3, 97, 100
349741.6.peg.2134.site.2, 3, 97, 100
349741.6.peg.2134.site.3, 3, 97, 100
349741.6.peg.2134.site.4, 2, 97, 99
349741.6.peg.2134.site.5, 10, 92, 102
349741.6.peg.2134.site.6, 2, 93, 95
349741.6.peg.2134.site.7, 20, 90, 110
349741.6.peg.2134.site.8, 86, 91, 177
349741.6.peg.2134.site.9, 89, 94, 183
349741.6.peg.2134.site.10, 22, 93, 115
349741.6.peg.2134.site.11, 21, 93, 114
349741.6.peg.2134.site.12, 24, 94, 118
349741.6.peg.2134.site.13, 14, 94, 108
349741.6.peg.2134.site.14, 3, 94, 97
349741.6.peg.2134.site.15, 14, 93, 107
349741.6.peg.2009.site.1, 22, 89, 111
349741.6.peg.2009.site.2, 1, 90, 91
349741.6.peg.2009.site.3, 19, 87, 106
349741.6.peg.2009.site.4, 25, 93, 118
349741.6.peg.2009.site.5, 26, 94, 120
349741.6.peg.2009.site.6, 23, 91, 114
349741.6.peg.2009.site.7, 3, 73, 76
349741.6.peg.2009.site.8, 2, 69, 71
349741.6.peg.2009.site.9, 4, 72, 76
349741.6.peg.2009.site.10, 7, 89, 96
349741.6.peg.2009.site.11, 28, 90, 118
349741.6.peg.2009.site.12, 2, 91, 93
349741.6.peg.2009.site.13, 5, 92, 97
349741.6.peg.2009.site.14, 1, 96, 97
349741.6.peg.2009.site.15, 1, 97, 98
349741.6.peg.2009.site.16, 29, 97, 126
349741.6.peg.2009.site.17, 28, 95, 123
349741.6.peg.2009.site.18, 29, 97, 126
349741.6.peg.2009.site.19, 29, 97, 126
349741.6.peg.2009.site.20, 7, 97, 104
349741.6.peg.2009.site.21, 5, 97, 102
349741.6.peg.2009.site.22, 12, 97, 109
349741.6.peg.2009.site.23, 46, 96, 142
349741.6.peg.2009.site.24, 7, 97, 104
349741.6.peg.2009.site.25, 5, 96, 101
349741.6.peg.2009.site.26, 14, 90, 104
349741.6.peg.2009.site.27, 33, 95, 128
349741.6.peg.2009.site.28, 22, 97, 119
349741.6.peg.2008.site.1, 29, 97, 126
349741.6.peg.2008.site.2, 5, 97, 102
349741.6.peg.2008.site.3, 4, 94, 98
349741.6.peg.2008.site.4, 3, 93, 96
349741.6.peg.2008.site.5, 3, 95, 98
349741.6.peg.2008.site.6, 49, 94, 143
349741.6.peg.2008.site.7, 7, 93, 100
349741.6.peg.2008.site.8, 33, 95, 128
349741.6.peg.2008.site.9, 79, 95, 174
349741.6.peg.2008.site.10, 7, 97, 104
349741.6.peg.2008.site.11, 22, 97, 119
349741.6.peg.2008.site.12, 15, 97, 112
349741.6.peg.2008.site.13, 32, 97, 129
349741.6.peg.2007.site.1, 17, 79, 96
349741.6.peg.2007.site.2, 50, 97, 147
349741.6.peg.2007.site.3, 36, 97, 133
349741.6.peg.2007.site.4, 1, 97, 98
349741.6.peg.2007.site.5, 22, 97, 119
349741.6.peg.2007.site.6, 92, 97, 189
349741.6.peg.2007.site.7, 96, 96, 192
349741.6.peg.2007.site.8, 35, 97, 132
349741.6.peg.2007.site.9, 39, 96, 135
349741.6.peg.2007.site.10, 17, 97, 114
349741.6.peg.2007.site.11, 0, 97, 97
349741.6.peg.2007.site.12, 17, 97, 114
349741.6.peg.2007.site.13, 17, 97, 114
349741.6.peg.2007.site.14, 17, 97, 114
349741.6.peg.2007.site.15, 1, 97, 98
349741.6.peg.2007.site.16, 2, 97, 99
349741.6.peg.2007.site.17, 50, 97, 147
349741.6.peg.2007.site.18, 15, 95, 110
349741.6.peg.2007.site.19, 3, 97, 100
349741.6.peg.2007.site.20, 16, 96, 112
349741.6.peg.2007.site.21, 97, 97, 194
349741.6.peg.2007.site.22, 18, 97, 115
349741.6.peg.2007.site.23, 13, 93, 106
349741.6.peg.2007.site.24, 12, 92, 104
349741.6.peg.2007.site.25, 16, 96, 112
349741.6.peg.2007.site.26, 17, 97, 114
349741.6.peg.2007.site.27, 1, 97, 98
349741.6.peg.2007.site.28, 17, 97, 114
349741.6.peg.2007.site.29, 7, 97, 104
349741.6.peg.2007.site.30, 8, 96, 104
349741.6.peg.2007.site.31, 8, 96, 104
349741.6.peg.2007.site.32, 17, 97, 114
349741.6.peg.2007.site.33, 8, 97, 105
349741.6.peg.2007.site.34, 39, 96, 135
349741.6.peg.2007.site.35, 73, 95, 168
349741.6.peg.2007.site.36, 17, 95, 112
349741.6.peg.2007.site.37, 16, 96, 112
349741.6.peg.2007.site.38, 9, 96, 105
349741.6.peg.2007.site.39, 2, 97, 99
349741.6.peg.2007.site.40, 17, 97, 114
349741.6.peg.2007.site.41, 2, 97, 99
349741.6.peg.2007.site.42, 3, 94, 97
349741.6.peg.2007.site.43, 1, 97, 98
349741.6.peg.2007.site.44, 8, 97, 105
349741.6.peg.2007.site.45, 39, 96, 135
349741.6.peg.2007.site.46, 95, 97, 192
349741.6.peg.2007.site.47, 3, 96, 99
349741.6.peg.2007.site.48, 15, 96, 111
349741.6.peg.2007.site.49, 16, 97, 113
349741.6.peg.2007.site.50, 9, 97, 106
349741.6.peg.2007.site.51, 12, 93, 105
349741.6.peg.2007.site.52, 3, 92, 95
349741.6.peg.2007.site.53, 29, 92, 121
349741.6.peg.2007.site.54, 3, 91, 94
349741.6.peg.2007.site.55, 4, 93, 97
349741.6.peg.2007.site.56, 15, 96, 111
349741.6.peg.2007.site.57, 8, 97, 105
349741.6.peg.2007.site.58, 15, 97, 112
349741.6.peg.2007.site.59, 23, 97, 120
349741.6.peg.2007.site.60, 23, 97, 120
349741.6.peg.2007.site.61, 2, 96, 98
349741.6.peg.2007.site.62, 58, 95, 153
349741.6.peg.2007.site.63, 15, 97, 112
349741.6.peg.2007.site.64, 14, 96, 110
349741.6.peg.2007.site.65, 15, 97, 112
349741.6.peg.2007.site.66, 0, 97, 97
349741.6.peg.2007.site.67, 7, 97, 104
349741.6.peg.2007.site.68, 15, 97, 112
349741.6.peg.2007.site.69, 8, 97, 105
349741.6.peg.2007.site.70, 15, 97, 112
349741.6.peg.2007.site.71, 61, 97, 158
349741.6.peg.2007.site.72, 15, 97, 112
349741.6.peg.2007.site.73, 15, 97, 112
349741.6.peg.2007.site.74, 3, 97, 100
349741.6.peg.2007.site.75, 15, 97, 112
349741.6.peg.2007.site.76, 7, 97, 104
349741.6.peg.2007.site.77, 15, 97, 112
349741.6.peg.2007.site.78, 29, 97, 126
349741.6.peg.2007.site.79, 3, 97, 100
349741.6.peg.2007.site.80, 53, 97, 150
349741.6.peg.2007.site.81, 7, 97, 104
349741.6.peg.2007.site.82, 29, 97, 126
349741.6.peg.2007.site.83, 22, 97, 119
349741.6.peg.2186.site.1, 18, 96, 114
349741.6.peg.2186.site.2, 16, 97, 113
349741.6.peg.2186.site.3, 10, 94, 104
349741.6.peg.2186.site.4, 16, 97, 113
349741.6.peg.2186.site.5, 4, 96, 100
349741.6.peg.2186.site.6, 3, 95, 98
349741.6.peg.2186.site.7, 1, 89, 90
349741.6.peg.2186.site.8, 2, 93, 95
349741.6.peg.2186.site.9, 15, 80, 95
349741.6.peg.2186.site.10, 2, 87, 89
349741.6.peg.2186.site.11, 76, 90, 166
349741.6.peg.2186.site.12, 6, 93, 99
349741.6.peg.2186.site.13, 3, 92, 95
349741.6.peg.2186.site.14, 74, 91, 165
349741.6.peg.2186.site.15, 1, 71, 72
349741.6.peg.2186.site.16, 2, 78, 80
349741.6.peg.2186.site.17, 3, 80, 83
349741.6.peg.2186.site.18, 11, 88, 99
349741.6.peg.2186.site.19, 7, 78, 85
349741.6.peg.2186.site.20, 1, 75, 76
349741.6.peg.2186.site.21, 2, 70, 72
349741.6.peg.2186.site.22, 69, 71, 140
349741.6.peg.2186.site.23, 14, 72, 86
349741.6.peg.2186.site.24, 12, 73, 85
349741.6.peg.2186.site.25, 5, 85, 90
349741.6.peg.2186.site.26, 12, 86, 98
349741.6.peg.2005.site.1, 22, 97, 119
349741.6.peg.2005.site.2, 6, 97, 103
349741.6.peg.2005.site.3, 3, 97, 100
349741.6.peg.2005.site.4, 4, 97, 101
349741.6.peg.2005.site.5, 3, 97, 100
349741.6.peg.2005.site.6, 4, 96, 100
349741.6.peg.2005.site.7, 4, 97, 101
349741.6.peg.2005.site.8, 9, 97, 106
349741.6.peg.2005.site.9, 80, 96, 176
349741.6.peg.2005.site.10, 67, 97, 164
349741.6.peg.2005.site.11, 35, 97, 132
349741.6.peg.2005.site.12, 81, 95, 176
349741.6.peg.2005.site.13, 5, 93, 98
349741.6.peg.2005.site.14, 36, 97, 133
349741.6.peg.2005.site.15, 2, 96, 98
349741.6.peg.2005.site.16, 7, 97, 104
349741.6.peg.2005.site.17, 35, 97, 132
349741.6.peg.2005.site.18, 36, 96, 132
349741.6.peg.2005.site.19, 9, 71, 80
349741.6.peg.2005.site.20, 10, 70, 80
349741.6.peg.2003.site.1, 4, 91, 95
349741.6.peg.2003.site.2, 1, 88, 89
349741.6.peg.2003.site.3, 4, 89, 93
349741.6.peg.2003.site.4, 72, 87, 159
349741.6.peg.2003.site.5, 3, 79, 82
349741.6.peg.2003.site.6, 1, 76, 77
349741.6.peg.2003.site.7, 2, 67, 69
349741.6.peg.2003.site.8, 54, 68, 122
349741.6.peg.2003.site.9, 1, 59, 60
349741.6.peg.2003.site.10, 5, 62, 67
349741.6.peg.2003.site.11, 2, 67, 69
349741.6.peg.2003.site.12, 7, 84, 91
349741.6.peg.2003.site.13, 6, 86, 92
349741.6.peg.2003.site.14, 3, 90, 93
349741.6.peg.2003.site.15, 6, 95, 101
349741.6.peg.2003.site.16, 90, 91, 181
349741.6.peg.2003.site.17, 79, 95, 174
349741.6.peg.2003.site.18, 4, 94, 98
349741.6.peg.2003.site.19, 84, 95, 179
349741.6.peg.2003.site.20, 5, 95, 100
349741.6.peg.2003.site.21, 1, 97, 98
349741.6.peg.2003.site.22, 1, 97, 98
349741.6.peg.2003.site.23, 79, 95, 174
349741.6.peg.2003.site.24, 32, 93, 125
349741.6.peg.2003.site.25, 40, 93, 133
349741.6.peg.2003.site.26, 3, 95, 98
349741.6.peg.2003.site.27, 1, 96, 97
349741.6.peg.2003.site.28, 1, 96, 97
349741.6.peg.2003.site.29, 87, 96, 183
349741.6.peg.2002.site.1, 7, 97, 104
349741.6.peg.2002.site.2, 7, 95, 102
349741.6.peg.2002.site.3, 7, 95, 102
349741.6.peg.2002.site.4, 10, 96, 106
349741.6.peg.2002.site.5, 3, 96, 99
349741.6.peg.2002.site.6, 58, 93, 151
349741.6.peg.2002.site.7, 1, 97, 98
349741.6.peg.2002.site.8, 0, 97, 97
349741.6.peg.2002.site.9, 97, 97, 194
349741.6.peg.2002.site.10, 3, 97, 100
349741.6.peg.2002.site.11, 16, 96, 112
349741.6.peg.2002.site.12, 1, 97, 98
349741.6.peg.2002.site.13, 7, 96, 103
349741.6.peg.2002.site.14, 73, 96, 169
349741.6.peg.2002.site.15, 7, 97, 104
349741.6.peg.2001.site.1, 7, 95, 102
349741.6.peg.2001.site.2, 89, 95, 184
349741.6.peg.2001.site.3, 1, 97, 98
349741.6.peg.2001.site.4, 2, 96, 98
349741.6.peg.2001.site.5, 80, 97, 177
349741.6.peg.2001.site.6, 7, 96, 103
349741.6.peg.2001.site.7, 8, 94, 102
349741.6.peg.2001.site.8, 75, 92, 167
349741.6.peg.2001.site.9, 1, 97, 98
349741.6.peg.2001.site.10, 7, 96, 103
349741.6.peg.2001.site.11, 1, 91, 92
349741.6.peg.2001.site.12, 3, 95, 98
349741.6.peg.2001.site.13, 5, 95, 100
349741.6.peg.2001.site.14, 2, 97, 99
349741.6.peg.2001.site.15, 74, 97, 171
349741.6.peg.2001.site.16, 7, 97, 104
349741.6.peg.2001.site.17, 7, 97, 104
349741.6.peg.2001.site.18, 3, 88, 91
349741.6.peg.2001.site.19, 7, 87, 94
349741.6.peg.2000.site.1, 19, 97, 116
349741.6.peg.2000.site.2, 77, 95, 172
349741.6.peg.2000.site.3, 5, 96, 101
349741.6.peg.2000.site.4, 92, 96, 188
349741.6.peg.2000.site.5, 26, 96, 122
349741.6.peg.2000.site.6, 94, 95, 189
349741.6.peg.2000.site.7, 0, 96, 96
349741.6.peg.2000.site.8, 45, 96, 141
349741.6.peg.2000.site.9, 3, 97, 100
349741.6.peg.2000.site.10, 44, 97, 141
349741.6.peg.2000.site.11, 51, 97, 148
349741.6.peg.2000.site.12, 4, 96, 100
349741.6.peg.2000.site.13, 82, 97, 179
349741.6.peg.2000.site.14, 5, 97, 102
349741.6.peg.2000.site.15, 2, 97, 99
349741.6.peg.2000.site.16, 6, 97, 103
349741.6.peg.2000.site.17, 78, 97, 175
349741.6.peg.2000.site.18, 77, 97, 174
349741.6.peg.2000.site.19, 5, 97, 102
349741.6.peg.2000.site.20, 76, 96, 172
349741.6.peg.2000.site.21, 10, 97, 107
349741.6.peg.2000.site.22, 5, 97, 102
349741.6.peg.2000.site.23, 90, 97, 187
349741.6.peg.2000.site.24, 81, 96, 177
349741.6.peg.2000.site.25, 0, 94, 94
349741.6.peg.2000.site.26, 95, 96, 191
349741.6.peg.2000.site.27, 1, 94, 95
349741.6.peg.2000.site.28, 3, 97, 100
349741.6.peg.2000.site.29, 78, 97, 175
349741.6.peg.2000.site.30, 77, 97, 174
349741.6.peg.2000.site.31, 0, 97, 97
349741.6.peg.2000.site.32, 11, 97, 108
349741.6.peg.2000.site.33, 90, 97, 187
349741.6.peg.2000.site.34, 7, 97, 104
349741.6.peg.2000.site.35, 6, 96, 102
349741.6.peg.2000.site.36, 3, 97, 100
349741.6.peg.2000.site.37, 8, 97, 105
349741.6.peg.2000.site.38, 7, 97, 104
349741.6.peg.2000.site.39, 7, 97, 104
349741.6.peg.2000.site.40, 1, 95, 96
349741.6.peg.2000.site.41, 3, 95, 98
349741.6.peg.2000.site.42, 3, 95, 98
349741.6.peg.2000.site.43, 3, 96, 99
349741.6.peg.2000.site.44, 31, 94, 125
349741.6.peg.2000.site.45, 70, 92, 162
349741.6.peg.2000.site.46, 11, 94, 105
349741.6.peg.65.site.1, 24, 97, 121
349741.6.peg.65.site.2, 33, 64, 97
349741.6.peg.65.site.3, 1, 66, 67
349741.6.peg.65.site.4, 1, 71, 72
349741.6.peg.65.site.5, 1, 74, 75
349741.6.peg.65.site.6, 49, 81, 130
349741.6.peg.65.site.7, 3, 87, 90
349741.6.peg.65.site.8, 4, 87, 91
349741.6.peg.65.site.9, 47, 84, 131
349741.6.peg.65.site.10, 1, 84, 85
349741.6.peg.65.site.11, 46, 82, 128
349741.6.peg.65.site.12, 59, 94, 153
349741.6.peg.65.site.13, 86, 94, 180
349741.6.peg.65.site.14, 7, 94, 101
349741.6.peg.65.site.15, 2, 93, 95
349741.6.peg.65.site.16, 8, 97, 105
349741.6.peg.65.site.17, 8, 97, 105
349741.6.peg.65.site.18, 52, 97, 149
349741.6.peg.65.site.19, 8, 96, 104
349741.6.peg.65.site.20, 54, 91, 145
349741.6.peg.65.site.21, 55, 92, 147
349741.6.peg.65.site.22, 19, 92, 111
349741.6.peg.65.site.23, 4, 92, 96
349741.6.peg.65.site.24, 22, 97, 119
349741.6.peg.65.site.25, 2, 97, 99
349741.6.peg.65.site.26, 6, 97, 103
349741.6.peg.65.site.27, 36, 97, 133
349741.6.peg.67.site.1, 23, 95, 118
349741.6.peg.67.site.2, 4, 90, 94
349741.6.peg.67.site.3, 53, 90, 143
349741.6.peg.67.site.4, 59, 96, 155
349741.6.peg.67.site.5, 59, 96, 155
349741.6.peg.67.site.6, 60, 97, 157
349741.6.peg.67.site.7, 60, 96, 156
349741.6.peg.67.site.8, 6, 96, 102
349741.6.peg.67.site.9, 1, 97, 98
349741.6.peg.67.site.10, 4, 96, 100
349741.6.peg.67.site.11, 1, 94, 95
349741.6.peg.67.site.12, 76, 94, 170
349741.6.peg.67.site.13, 60, 96, 156
349741.6.peg.67.site.14, 60, 97, 157
349741.6.peg.67.site.15, 84, 97, 181
349741.6.peg.67.site.16, 60, 97, 157
349741.6.peg.67.site.17, 2, 97, 99
349741.6.peg.67.site.18, 59, 96, 155
349741.6.peg.67.site.19, 56, 93, 149
349741.6.peg.67.site.20, 48, 82, 130
349741.6.peg.67.site.21, 43, 79, 122
349741.6.peg.67.site.22, 4, 58, 62
349741.6.peg.67.site.23, 2, 52, 54
349741.6.peg.67.site.24, 26, 41, 67
349741.6.peg.67.site.25, 16, 46, 62
349741.6.peg.67.site.26, 6, 32, 38
349741.6.peg.67.site.27, 31, 31, 62
349741.6.peg.67.site.28, 9, 27, 36
349741.6.peg.67.site.29, 2, 30, 32
349741.6.peg.67.site.30, 1, 40, 41
349741.6.peg.67.site.31, 34, 42, 76
349741.6.peg.67.site.32, 1, 62, 63
349741.6.peg.67.site.33, 26, 63, 89
349741.6.peg.67.site.34, 1, 96, 97
349741.6.peg.67.site.35, 58, 95, 153
349741.6.peg.63.site.1, 21, 46, 67
349741.6.peg.63.site.2, 17, 42, 59
349741.6.peg.63.site.3, 24, 25, 49
349741.6.peg.63.site.4, 2, 23, 25
349741.6.peg.63.site.5, 2, 25, 27
349741.6.peg.63.site.6, 16, 25, 41
349741.6.peg.63.site.7, 16, 25, 41
349741.6.peg.63.site.8, 5, 25, 30
349741.6.peg.63.site.9, 2, 27, 29
349741.6.peg.63.site.10, 4, 41, 45
349741.6.peg.63.site.11, 15, 40, 55
349741.6.peg.63.site.12, 6, 40, 46
349741.6.peg.63.site.13, 25, 50, 75
349741.6.peg.63.site.14, 23, 47, 70
349741.6.peg.63.site.15, 32, 56, 88
349741.6.peg.63.site.16, 5, 69, 74
349741.6.peg.63.site.17, 3, 67, 70
349741.6.peg.63.site.18, 39, 64, 103
349741.6.peg.63.site.19, 2, 25, 27
349741.6.peg.63.site.20, 2, 26, 28
349741.6.peg.63.site.21, 4, 26, 30
349741.6.peg.63.site.22, 4, 24, 28
349741.6.peg.63.site.23, 52, 62, 114
349741.6.peg.63.site.24, 13, 54, 67
349741.6.peg.63.site.25, 7, 34, 41
349741.6.peg.63.site.26, 7, 34, 41
349741.6.peg.63.site.27, 31, 38, 69
349741.6.peg.63.site.28, 17, 47, 64
349741.6.peg.63.site.29, 56, 76, 132
349741.6.peg.63.site.30, 45, 64, 109
349741.6.peg.63.site.31, 4, 76, 80
349741.6.peg.63.site.32, 50, 69, 119
349741.6.peg.63.site.33, 37, 70, 107
349741.6.peg.63.site.34, 11, 68, 79
349741.6.peg.63.site.35, 41, 58, 99
349741.6.peg.63.site.36, 28, 46, 74
349741.6.peg.63.site.37, 2, 48, 50
349741.6.peg.63.site.38, 6, 34, 40
349741.6.peg.63.site.39, 2, 25, 27
349741.6.peg.63.site.40, 6, 25, 31
349741.6.peg.63.site.41, 5, 25, 30
349741.6.peg.63.site.42, 17, 25, 42
349741.6.peg.63.site.43, 8, 25, 33
349741.6.peg.63.site.44, 8, 30, 38
349741.6.peg.63.site.45, 14, 33, 47
349741.6.peg.63.site.46, 24, 57, 81
349741.6.peg.63.site.47, 38, 57, 95
349741.6.peg.63.site.48, 43, 62, 105
349741.6.peg.63.site.49, 4, 21, 25
349741.6.peg.63.site.50, 3, 22, 25
349741.6.peg.63.site.51, 1, 18, 19
349741.6.peg.63.site.52, 7, 18, 25
349741.6.peg.63.site.53, 27, 44, 71
349741.6.peg.63.site.54, 38, 55, 93
349741.6.peg.63.site.55, 22, 39, 61
349741.6.peg.63.site.56, 9, 26, 35
349741.6.peg.63.site.57, 3, 20, 23
349741.6.peg.63.site.58, 3, 20, 23
349741.6.peg.63.site.59, 10, 27, 37
349741.6.peg.63.site.60, 6, 81, 87
349741.6.peg.63.site.61, 62, 79, 141
349741.6.peg.63.site.62, 2, 83, 85
349741.6.peg.63.site.63, 66, 83, 149
349741.6.peg.63.site.64, 5, 90, 95
349741.6.peg.63.site.65, 59, 96, 155
349741.6.peg.63.site.66, 59, 96, 155
349741.6.peg.63.site.67, 9, 67, 76
349741.6.peg.63.site.68, 4, 58, 62
349741.6.peg.63.site.69, 16, 53, 69
349741.6.peg.63.site.70, 3, 54, 57
349741.6.peg.63.site.71, 2, 71, 73
349741.6.peg.63.site.72, 6, 67, 73
349741.6.peg.63.site.73, 61, 67, 128
349741.6.peg.63.site.74, 9, 74, 83
349741.6.peg.63.site.75, 15, 74, 89
349741.6.peg.63.site.76, 9, 90, 99
349741.6.peg.63.site.77, 58, 95, 153
349741.6.peg.63.site.78, 47, 92, 139
349741.6.peg.63.site.79, 8, 76, 84
349741.6.peg.63.site.80, 10, 47, 57
349741.6.peg.63.site.81, 25, 74, 99
349741.6.peg.63.site.82, 59, 96, 155
349741.6.peg.63.site.83, 22, 97, 119
349741.6.peg.63.site.84, 6, 57, 63
349741.6.peg.63.site.85, 1, 54, 55
349741.6.peg.63.site.86, 14, 51, 65
349741.6.peg.63.site.87, 40, 47, 87
349741.6.peg.63.site.88, 8, 45, 53
349741.6.peg.63.site.89, 18, 54, 72
349741.6.peg.63.site.90, 44, 77, 121
349741.6.peg.63.site.91, 68, 75, 143
349741.6.peg.63.site.92, 2, 87, 89
349741.6.peg.62.site.1, 42, 88, 130
349741.6.peg.62.site.2, 40, 91, 131
349741.6.peg.62.site.3, 7, 93, 100
349741.6.peg.62.site.4, 35, 86, 121
349741.6.peg.62.site.5, 44, 95, 139
349741.6.peg.62.site.6, 46, 97, 143
349741.6.peg.62.site.7, 46, 97, 143
349741.6.peg.62.site.8, 40, 91, 131
349741.6.peg.62.site.9, 1, 87, 88
349741.6.peg.62.site.10, 28, 79, 107
349741.6.peg.62.site.11, 29, 80, 109
349741.6.peg.62.site.12, 44, 95, 139
349741.6.peg.62.site.13, 41, 92, 133
349741.6.peg.62.site.14, 25, 91, 116
349741.6.peg.62.site.15, 5, 95, 100
349741.6.peg.62.site.16, 44, 94, 138
349741.6.peg.62.site.17, 46, 96, 142
349741.6.peg.62.site.18, 11, 97, 108
349741.6.peg.62.site.19, 46, 97, 143
349741.6.peg.62.site.20, 10, 97, 107
349741.6.peg.62.site.21, 2, 97, 99
349741.6.peg.62.site.22, 46, 97, 143
349741.6.peg.62.site.23, 1, 97, 98
349741.6.peg.62.site.24, 10, 95, 105
349741.6.peg.62.site.25, 4, 95, 99
349741.6.peg.62.site.26, 45, 96, 141
349741.6.peg.62.site.27, 2, 95, 97
349741.6.peg.62.site.28, 79, 93, 172
349741.6.peg.62.site.29, 1, 93, 94
349741.6.peg.62.site.30, 42, 88, 130
349741.6.peg.62.site.31, 40, 85, 125
349741.6.peg.62.site.32, 39, 88, 127
349741.6.peg.62.site.33, 32, 90, 122
349741.6.peg.62.site.34, 42, 93, 135
349741.6.peg.62.site.35, 40, 91, 131
349741.6.peg.62.site.36, 45, 97, 142
349741.6.peg.62.site.37, 5, 97, 102
349741.6.peg.62.site.38, 1, 97, 98
349741.6.peg.62.site.39, 7, 96, 103
349741.6.peg.62.site.40, 44, 96, 140
349741.6.peg.62.site.41, 2, 84, 86
349741.6.peg.62.site.42, 8, 70, 78
349741.6.peg.62.site.43, 21, 65, 86
349741.6.peg.62.site.44, 8, 59, 67
349741.6.peg.62.site.45, 51, 52, 103
349741.6.peg.62.site.46, 9, 61, 70
349741.6.peg.62.site.47, 28, 80, 108
349741.6.peg.62.site.48, 46, 97, 143
349741.6.peg.62.site.49, 50, 97, 147
349741.6.peg.62.site.50, 46, 97, 143
349741.6.peg.62.site.51, 46, 97, 143
349741.6.peg.62.site.52, 3, 97, 100
349741.6.peg.62.site.53, 46, 97, 143
349741.6.peg.62.site.54, 46, 97, 143
349741.6.peg.62.site.55, 46, 97, 143
349741.6.peg.62.site.56, 1, 97, 98
349741.6.peg.62.site.57, 2, 97, 99
349741.6.peg.62.site.58, 46, 97, 143
349741.6.peg.62.site.59, 86, 97, 183
349741.6.peg.62.site.60, 46, 97, 143
349741.6.peg.62.site.61, 2, 97, 99
349741.6.peg.62.site.62, 50, 97, 147
349741.6.peg.62.site.63, 46, 97, 143
349741.6.peg.62.site.64, 1, 97, 98
349741.6.peg.62.site.65, 45, 96, 141
349741.6.peg.1302.site.1, 5, 96, 101
349741.6.peg.1302.site.2, 94, 94, 188
349741.6.peg.1302.site.3, 1, 95, 96
349741.6.peg.1302.site.4, 38, 96, 134
349741.6.peg.1302.site.5, 1, 96, 97
349741.6.peg.1302.site.6, 51, 89, 140
349741.6.peg.1302.site.7, 44, 82, 126
349741.6.peg.1302.site.8, 36, 74, 110
349741.6.peg.1302.site.9, 30, 50, 80
349741.6.peg.1302.site.10, 4, 42, 46
349741.6.peg.1302.site.11, 41, 80, 121
349741.6.peg.1302.site.12, 46, 86, 132
349741.6.peg.1302.site.13, 48, 88, 136
349741.6.peg.1302.site.14, 42, 82, 124
349741.6.peg.1302.site.15, 30, 70, 100
349741.6.peg.1302.site.16, 20, 60, 80
349741.6.peg.1302.site.17, 5, 61, 66
349741.6.peg.1302.site.18, 11, 67, 78
349741.6.peg.1302.site.19, 15, 75, 90
349741.6.peg.1302.site.20, 30, 90, 120
349741.6.peg.1302.site.21, 37, 97, 134
349741.6.peg.1302.site.22, 6, 75, 81
349741.6.peg.1302.site.23, 23, 63, 86
349741.6.peg.1302.site.24, 27, 67, 94
349741.6.peg.1302.site.25, 56, 96, 152
349741.6.peg.1302.site.26, 55, 95, 150
349741.6.peg.1302.site.27, 54, 94, 148
349741.6.peg.1302.site.28, 1, 80, 81
349741.6.peg.1302.site.29, 13, 52, 65
349741.6.peg.1302.site.30, 5, 40, 45
349741.6.peg.1302.site.31, 4, 43, 47
349741.6.peg.1302.site.32, 6, 46, 52
349741.6.peg.1302.site.33, 10, 60, 70
349741.6.peg.1302.site.34, 2, 60, 62
349741.6.peg.1302.site.35, 14, 54, 68
349741.6.peg.1302.site.36, 8, 48, 56
349741.6.peg.1302.site.37, 10, 50, 60
349741.6.peg.1302.site.38, 10, 50, 60
349741.6.peg.1302.site.39, 2, 42, 44
349741.6.peg.739.site.1, 63, 97, 160
349741.6.peg.739.site.2, 16, 97, 113
349741.6.peg.739.site.3, 30, 95, 125
349741.6.peg.739.site.4, 2, 95, 97
349741.6.peg.739.site.5, 8, 97, 105
349741.6.peg.739.site.6, 23, 97, 120
349741.6.peg.739.site.7, 2, 97, 99
349741.6.peg.739.site.8, 23, 97, 120
349741.6.peg.739.site.9, 23, 97, 120
349741.6.peg.739.site.10, 15, 97, 112
349741.6.peg.739.site.11, 31, 97, 128
349741.6.peg.739.site.12, 23, 97, 120
349741.6.peg.739.site.13, 73, 96, 169
349741.6.peg.739.site.14, 30, 96, 126
349741.6.peg.739.site.15, 23, 96, 119
349741.6.peg.739.site.16, 78, 96, 174
349741.6.peg.739.site.17, 0, 97, 97
349741.6.peg.739.site.18, 31, 97, 128
349741.6.peg.739.site.19, 8, 97, 105
349741.6.peg.739.site.20, 30, 97, 127
349741.6.peg.739.site.21, 23, 96, 119
349741.6.peg.739.site.22, 23, 97, 120
349741.6.peg.739.site.23, 24, 97, 121
349741.6.peg.739.site.24, 23, 97, 120
349741.6.peg.739.site.25, 23, 95, 118
349741.6.peg.739.site.26, 23, 95, 118
349741.6.peg.739.site.27, 24, 97, 121
349741.6.peg.739.site.28, 1, 97, 98
349741.6.peg.739.site.29, 25, 97, 122
349741.6.peg.739.site.30, 22, 96, 118
349741.6.peg.739.site.31, 23, 97, 120
349741.6.peg.739.site.32, 23, 97, 120
349741.6.peg.739.site.33, 1, 97, 98
349741.6.peg.739.site.34, 8, 96, 104
349741.6.peg.739.site.35, 1, 96, 97
349741.6.peg.739.site.36, 23, 97, 120
349741.6.peg.739.site.37, 23, 97, 120
349741.6.peg.739.site.38, 49, 97, 146
349741.6.peg.739.site.39, 15, 97, 112
349741.6.peg.739.site.40, 1, 97, 98
349741.6.peg.739.site.41, 95, 96, 191
349741.6.peg.739.site.42, 1, 89, 90
349741.6.peg.739.site.43, 1, 91, 92
349741.6.peg.739.site.44, 22, 94, 116
349741.6.peg.739.site.45, 46, 93, 139
349741.6.peg.739.site.46, 24, 94, 118
349741.6.peg.739.site.47, 1, 96, 97
349741.6.peg.739.site.48, 13, 96, 109
349741.6.peg.739.site.49, 75, 97, 172
349741.6.peg.739.site.50, 78, 96, 174
349741.6.peg.739.site.51, 22, 95, 117
349741.6.peg.739.site.52, 27, 95, 122
349741.6.peg.739.site.53, 1, 97, 98
349741.6.peg.739.site.54, 2, 97, 99
349741.6.peg.739.site.55, 1, 97, 98
349741.6.peg.739.site.56, 23, 97, 120
349741.6.peg.739.site.57, 43, 97, 140
349741.6.peg.739.site.58, 1, 96, 97
349741.6.peg.739.site.59, 24, 96, 120
349741.6.peg.739.site.60, 2, 96, 98
349741.6.peg.739.site.61, 38, 89, 127
349741.6.peg.739.site.62, 19, 71, 90
349741.6.peg.739.site.63, 53, 82, 135
349741.6.peg.739.site.64, 38, 91, 129
349741.6.peg.732.site.1, 9, 89, 98
349741.6.peg.732.site.2, 76, 90, 166
349741.6.peg.732.site.3, 8, 94, 102
349741.6.peg.732.site.4, 21, 92, 113
349741.6.peg.732.site.5, 20, 92, 112
349741.6.peg.732.site.6, 8, 93, 101
349741.6.peg.732.site.7, 94, 94, 188
349741.6.peg.732.site.8, 1, 93, 94
349741.6.peg.732.site.9, 83, 83, 166
349741.6.peg.732.site.10, 1, 93, 94
349741.6.peg.732.site.11, 9, 95, 104
349741.6.peg.732.site.12, 16, 94, 110
349741.6.peg.732.site.13, 6, 93, 99
349741.6.peg.732.site.14, 1, 96, 97
349741.6.peg.732.site.15, 3, 95, 98
349741.6.peg.732.site.16, 22, 94, 116
349741.6.peg.732.site.17, 23, 96, 119
349741.6.peg.732.site.18, 1, 95, 96
349741.6.peg.732.site.19, 1, 95, 96
349741.6.peg.732.site.20, 6, 97, 103
349741.6.peg.732.site.21, 0, 97, 97
349741.6.peg.732.site.22, 29, 94, 123
349741.6.peg.732.site.23, 1, 75, 76
349741.6.peg.732.site.24, 72, 74, 146
349741.6.peg.732.site.25, 3, 78, 81
349741.6.peg.732.site.26, 8, 95, 103
349741.6.peg.732.site.27, 22, 95, 117
349741.6.peg.732.site.28, 26, 95, 121
349741.6.peg.732.site.29, 0, 97, 97
349741.6.peg.732.site.30, 3, 97, 100
349741.6.peg.732.site.31, 9, 97, 106
349741.6.peg.732.site.32, 1, 97, 98
349741.6.peg.732.site.33, 34, 89, 123
349741.6.peg.732.site.34, 5, 58, 63
349741.6.peg.732.site.35, 1, 60, 61
349741.6.peg.732.site.36, 1, 60, 61
349741.6.peg.732.site.37, 11, 69, 80
349741.6.peg.732.site.38, 1, 72, 73
349741.6.peg.732.site.39, 18, 72, 90
349741.6.peg.732.site.40, 1, 72, 73
349741.6.peg.732.site.41, 5, 72, 77
349741.6.peg.732.site.42, 2, 65, 67
349741.6.peg.732.site.43, 9, 65, 74
349741.6.peg.732.site.44, 10, 65, 75
349741.6.peg.732.site.45, 58, 85, 143
349741.6.peg.732.site.46, 1, 89, 90
349741.6.peg.732.site.47, 11, 79, 90
349741.6.peg.732.site.48, 4, 85, 89
349741.6.peg.732.site.49, 18, 88, 106
349741.6.peg.732.site.50, 17, 92, 109
349741.6.peg.732.site.51, 11, 95, 106
349741.6.peg.732.site.52, 30, 95, 125
349741.6.peg.732.site.53, 3, 96, 99
349741.6.peg.732.site.54, 4, 91, 95
349741.6.peg.732.site.55, 1, 91, 92
349741.6.peg.732.site.56, 3, 90, 93
349741.6.peg.732.site.57, 4, 81, 85
349741.6.peg.732.site.58, 4, 79, 83
349741.6.peg.732.site.59, 1, 77, 78
349741.6.peg.732.site.60, 9, 77, 86
349741.6.peg.732.site.61, 16, 71, 87
349741.6.peg.732.site.62, 0, 67, 67
349741.6.peg.2281.site.1, 7, 96, 103
349741.6.peg.2281.site.2, 3, 91, 94
349741.6.peg.2281.site.3, 54, 85, 139
349741.6.peg.2281.site.4, 55, 86, 141
349741.6.peg.2281.site.5, 1, 85, 86
349741.6.peg.2281.site.6, 53, 87, 140
349741.6.peg.2281.site.7, 20, 90, 110
349741.6.peg.2281.site.8, 33, 96, 129
349741.6.peg.2281.site.9, 63, 96, 159
349741.6.peg.2281.site.10, 63, 96, 159
349741.6.peg.2281.site.11, 6, 97, 103
349741.6.peg.2281.site.12, 1, 96, 97
349741.6.peg.2281.site.13, 21, 95, 116
349741.6.peg.2281.site.14, 20, 95, 115
349741.6.peg.2281.site.15, 19, 93, 112
349741.6.peg.2281.site.16, 3, 96, 99
349741.6.peg.2281.site.17, 33, 97, 130
349741.6.peg.2281.site.18, 8, 97, 105
349741.6.peg.2281.site.19, 2, 97, 99
349741.6.peg.2281.site.20, 83, 89, 172
349741.6.peg.2281.site.21, 9, 87, 96
349741.6.peg.2281.site.22, 65, 76, 141
349741.6.peg.2281.site.23, 8, 54, 62
349741.6.peg.2281.site.24, 49, 61, 110
349741.6.peg.2281.site.25, 1, 92, 93
349741.6.peg.2281.site.26, 76, 92, 168
349741.6.peg.2281.site.27, 2, 93, 95
349741.6.peg.2281.site.28, 50, 92, 142
349741.6.peg.2281.site.29, 4, 94, 98
349741.6.peg.2281.site.30, 36, 94, 130
349741.6.peg.2281.site.31, 1, 92, 93
349741.6.peg.2281.site.32, 30, 92, 122
349741.6.peg.2281.site.33, 8, 95, 103
349741.6.peg.2281.site.34, 8, 95, 103
349741.6.peg.731.site.1, 1, 91, 92
349741.6.peg.731.site.2, 15, 90, 105
349741.6.peg.731.site.3, 33, 93, 126
349741.6.peg.731.site.4, 31, 97, 128
349741.6.peg.731.site.5, 10, 97, 107
349741.6.peg.731.site.6, 2, 97, 99
349741.6.peg.731.site.7, 20, 97, 117
349741.6.peg.731.site.8, 1, 96, 97
349741.6.peg.731.site.9, 1, 97, 98
349741.6.peg.731.site.10, 97, 97, 194
349741.6.peg.731.site.11, 95, 97, 192
349741.6.peg.731.site.12, 1, 97, 98
349741.6.peg.731.site.13, 1, 97, 98
349741.6.peg.731.site.14, 1, 97, 98
349741.6.peg.731.site.15, 97, 97, 194
349741.6.peg.731.site.16, 1, 97, 98
349741.6.peg.731.site.17, 6, 96, 102
349741.6.peg.731.site.18, 20, 93, 113
349741.6.peg.731.site.19, 1, 94, 95
349741.6.peg.731.site.20, 1, 94, 95
349741.6.peg.731.site.21, 3, 92, 95
349741.6.peg.731.site.22, 1, 92, 93
349741.6.peg.731.site.23, 0, 90, 90
349741.6.peg.731.site.24, 1, 93, 94
349741.6.peg.731.site.25, 3, 90, 93
349741.6.peg.731.site.26, 1, 95, 96
349741.6.peg.731.site.27, 1, 96, 97
349741.6.peg.731.site.28, 1, 95, 96
349741.6.peg.731.site.29, 2, 95, 97
349741.6.peg.731.site.30, 3, 94, 97
349741.6.peg.737.site.1, 17, 96, 113
349741.6.peg.737.site.2, 24, 97, 121
349741.6.peg.737.site.3, 1, 97, 98
349741.6.peg.737.site.4, 5, 94, 99
349741.6.peg.737.site.5, 12, 94, 106
349741.6.peg.737.site.6, 12, 95, 107
349741.6.peg.737.site.7, 2, 94, 96
349741.6.peg.737.site.8, 2, 94, 96
349741.6.peg.737.site.9, 1, 96, 97
349741.6.peg.737.site.10, 8, 97, 105
349741.6.peg.737.site.11, 7, 95, 102
349741.6.peg.737.site.12, 7, 95, 102
349741.6.peg.737.site.13, 35, 94, 129
349741.6.peg.737.site.14, 16, 95, 111
349741.6.peg.737.site.15, 7, 95, 102
349741.6.peg.737.site.16, 16, 96, 112
349741.6.peg.737.site.17, 16, 97, 113
349741.6.peg.737.site.18, 17, 97, 114
349741.6.peg.737.site.19, 3, 93, 96
349741.6.peg.737.site.20, 20, 87, 107
349741.6.peg.737.site.21, 13, 85, 98
349741.6.peg.737.site.22, 51, 81, 132
349741.6.peg.737.site.23, 5, 54, 59
349741.6.peg.737.site.24, 2, 52, 54
349741.6.peg.737.site.25, 9, 57, 66
349741.6.peg.737.site.26, 30, 77, 107
349741.6.peg.737.site.27, 65, 77, 142
349741.6.peg.737.site.28, 17, 78, 95
349741.6.peg.737.site.29, 68, 79, 147
349741.6.peg.737.site.30, 25, 75, 100
349741.6.peg.737.site.31, 46, 75, 121
349741.6.peg.737.site.32, 2, 78, 80
349741.6.peg.737.site.33, 50, 94, 144
349741.6.peg.737.site.34, 1, 95, 96
349741.6.peg.737.site.35, 4, 92, 96
349741.6.peg.737.site.36, 5, 93, 98
349741.6.peg.737.site.37, 15, 86, 101
349741.6.peg.737.site.38, 19, 84, 103
349741.6.peg.737.site.39, 55, 86, 141
349741.6.peg.737.site.40, 3, 67, 70
349741.6.peg.737.site.41, 8, 72, 80
349741.6.peg.737.site.42, 31, 76, 107
349741.6.peg.737.site.43, 15, 95, 110
349741.6.peg.737.site.44, 1, 95, 96
349741.6.peg.737.site.45, 23, 95, 118
349741.6.peg.737.site.46, 45, 94, 139
349741.6.peg.737.site.47, 2, 94, 96
349741.6.peg.737.site.48, 7, 94, 101
349741.6.peg.737.site.49, 30, 95, 125
349741.6.peg.737.site.50, 13, 95, 108
349741.6.peg.737.site.51, 22, 93, 115
349741.6.peg.737.site.52, 23, 94, 117
349741.6.peg.737.site.53, 6, 93, 99
349741.6.peg.737.site.54, 29, 93, 122
349741.6.peg.737.site.55, 29, 92, 121
349741.6.peg.737.site.56, 2, 96, 98
349741.6.peg.737.site.57, 27, 93, 120
349741.6.peg.737.site.58, 44, 93, 137
349741.6.peg.737.site.59, 26, 96, 122
349741.6.peg.734.site.1, 76, 76, 152
349741.6.peg.734.site.2, 2, 89, 91
349741.6.peg.734.site.3, 6, 87, 93
349741.6.peg.734.site.4, 11, 90, 101
349741.6.peg.734.site.5, 15, 94, 109
349741.6.peg.734.site.6, 17, 96, 113
349741.6.peg.734.site.7, 17, 96, 113
349741.6.peg.734.site.8, 10, 93, 103
349741.6.peg.734.site.9, 4, 97, 101
349741.6.peg.734.site.10, 2, 96, 98
349741.6.peg.734.site.11, 0, 97, 97
349741.6.peg.734.site.12, 87, 97, 184
349741.6.peg.734.site.13, 2, 97, 99
349741.6.peg.734.site.14, 15, 97, 112
349741.6.peg.734.site.15, 23, 97, 120
349741.6.peg.734.site.16, 10, 97, 107
349741.6.peg.734.site.17, 23, 97, 120
349741.6.peg.734.site.18, 14, 97, 111
349741.6.peg.734.site.19, 70, 97, 167
349741.6.peg.734.site.20, 23, 97, 120
349741.6.peg.734.site.21, 2, 97, 99
349741.6.peg.734.site.22, 27, 97, 124
349741.6.peg.734.site.23, 13, 95, 108
349741.6.peg.734.site.24, 3, 95, 98
349741.6.peg.734.site.25, 26, 90, 116
349741.6.peg.734.site.26, 3, 90, 93
349741.6.peg.734.site.27, 36, 91, 127
349741.6.peg.734.site.28, 2, 97, 99
349741.6.peg.734.site.29, 3, 97, 100
349741.6.peg.735.site.1, 0, 97, 97
349741.6.peg.735.site.2, 29, 95, 124
349741.6.peg.735.site.3, 3, 86, 89
349741.6.peg.735.site.4, 17, 84, 101
349741.6.peg.735.site.5, 58, 82, 140
349741.6.peg.735.site.6, 42, 58, 100
349741.6.peg.735.site.7, 36, 56, 92
349741.6.peg.735.site.8, 57, 60, 117
349741.6.peg.735.site.9, 53, 73, 126
349741.6.peg.735.site.10, 90, 90, 180
349741.6.peg.735.site.11, 15, 92, 107
349741.6.peg.735.site.12, 1, 90, 91
349741.6.peg.735.site.13, 17, 83, 100
349741.6.peg.735.site.14, 4, 77, 81
349741.6.peg.735.site.15, 4, 76, 80
349741.6.peg.735.site.16, 1, 77, 78
349741.6.peg.735.site.17, 9, 78, 87
349741.6.peg.735.site.18, 7, 80, 87
349741.6.peg.735.site.19, 39, 97, 136
349741.6.peg.735.site.20, 23, 96, 119
349741.6.peg.735.site.21, 23, 96, 119
349741.6.peg.735.site.22, 24, 97, 121
349741.6.peg.735.site.23, 8, 97, 105
349741.6.peg.735.site.24, 25, 97, 122
349741.6.peg.735.site.25, 24, 97, 121
349741.6.peg.2313.site.1, 9, 97, 106
349741.6.peg.2313.site.2, 39, 97, 136
349741.6.peg.2313.site.3, 39, 97, 136
349741.6.peg.2313.site.4, 39, 97, 136
349741.6.peg.2313.site.5, 1, 97, 98
349741.6.peg.2313.site.6, 39, 97, 136
349741.6.peg.2313.site.7, 39, 97, 136
349741.6.peg.2311.site.1, 96, 97, 193
349741.6.peg.2311.site.2, 2, 97, 99
349741.6.peg.2311.site.3, 92, 96, 188
349741.6.peg.2311.site.4, 49, 97, 146
349741.6.peg.2311.site.5, 2, 97, 99
349741.6.peg.2311.site.6, 2, 95, 97
349741.6.peg.2311.site.7, 54, 95, 149
349741.6.peg.2311.site.8, 2, 96, 98
349741.6.peg.2311.site.9, 50, 95, 145
349741.6.peg.2311.site.10, 37, 96, 133
349741.6.peg.2311.site.11, 93, 94, 187
349741.6.peg.2311.site.12, 3, 96, 99
349741.6.peg.2311.site.13, 8, 91, 99
349741.6.peg.2311.site.14, 48, 95, 143
349741.6.peg.2311.site.15, 48, 97, 145
349741.6.peg.2311.site.16, 90, 97, 187
349741.6.peg.2311.site.17, 47, 97, 144
349741.6.peg.2311.site.18, 48, 97, 145
349741.6.peg.2311.site.19, 48, 97, 145
349741.6.peg.2311.site.20, 48, 96, 144
349741.6.peg.2311.site.21, 46, 94, 140
349741.6.peg.2311.site.22, 7, 94, 101
349741.6.peg.2311.site.23, 48, 97, 145
349741.6.peg.2311.site.24, 39, 97, 136
349741.6.peg.2311.site.25, 47, 96, 143
349741.6.peg.2311.site.26, 3, 97, 100
349741.6.peg.1449.site.1, 2, 97, 99
349741.6.peg.1449.site.2, 2, 97, 99
349741.6.peg.1449.site.3, 21, 96, 117
349741.6.peg.2317.site.1, 1, 97, 98
349741.6.peg.2317.site.2, 12, 97, 109
349741.6.peg.2317.site.3, 16, 97, 113
349741.6.peg.2317.site.4, 49, 97, 146
349741.6.peg.2317.site.5, 2, 97, 99
349741.6.peg.2317.site.6, 6, 97, 103
349741.6.peg.2317.site.7, 15, 97, 112
349741.6.peg.2317.site.8, 15, 97, 112
349741.6.peg.2317.site.9, 11, 97, 108
349741.6.peg.2317.site.10, 69, 95, 164
349741.6.peg.2317.site.11, 19, 97, 116
349741.6.peg.2317.site.12, 14, 96, 110
349741.6.peg.2317.site.13, 14, 96, 110
349741.6.peg.2317.site.14, 14, 96, 110
349741.6.peg.2317.site.15, 3, 91, 94
349741.6.peg.2317.site.16, 37, 91, 128
349741.6.peg.2317.site.17, 2, 93, 95
349741.6.peg.2317.site.18, 24, 95, 119
349741.6.peg.2317.site.19, 57, 95, 152
349741.6.peg.2317.site.20, 33, 95, 128
349741.6.peg.2316.site.1, 51, 97, 148
349741.6.peg.2316.site.2, 41, 97, 138
349741.6.peg.2316.site.3, 64, 96, 160
349741.6.peg.2316.site.4, 55, 97, 152
349741.6.peg.2316.site.5, 53, 97, 150
349741.6.peg.2316.site.6, 2, 97, 99
349741.6.peg.2316.site.7, 6, 97, 103
349741.6.peg.2316.site.8, 6, 96, 102
349741.6.peg.2316.site.9, 8, 96, 104
349741.6.peg.2316.site.10, 1, 96, 97
349741.6.peg.2316.site.11, 2, 97, 99
349741.6.peg.2315.site.1, 21, 97, 118
349741.6.peg.2315.site.2, 20, 96, 116
349741.6.peg.2315.site.3, 2, 97, 99
349741.6.peg.2315.site.4, 21, 97, 118
349741.6.peg.2315.site.5, 21, 96, 117
349741.6.peg.2315.site.6, 74, 96, 170
349741.6.peg.2315.site.7, 21, 96, 117
349741.6.peg.2315.site.8, 1, 97, 98
349741.6.peg.2315.site.9, 62, 96, 158
349741.6.peg.2315.site.10, 15, 97, 112
349741.6.peg.2315.site.11, 24, 97, 121
349741.6.peg.2315.site.12, 1, 97, 98
349741.6.peg.2315.site.13, 19, 97, 116
349741.6.peg.2315.site.14, 40, 97, 137
349741.6.peg.2315.site.15, 2, 97, 99
349741.6.peg.2315.site.16, 0, 97, 97
349741.6.peg.2315.site.17, 42, 97, 139
349741.6.peg.2315.site.18, 44, 97, 141
349741.6.peg.2315.site.19, 44, 97, 141
349741.6.peg.2315.site.20, 44, 97, 141
349741.6.peg.2315.site.21, 19, 97, 116
349741.6.peg.2315.site.22, 1, 96, 97
349741.6.peg.2315.site.23, 38, 95, 133
349741.6.peg.2315.site.24, 19, 96, 115
349741.6.peg.2315.site.25, 50, 96, 146
349741.6.peg.2315.site.26, 2, 97, 99
349741.6.peg.2315.site.27, 1, 97, 98
349741.6.peg.2315.site.28, 0, 97, 97
349741.6.peg.2315.site.29, 69, 97, 166
349741.6.peg.2315.site.30, 69, 97, 166
349741.6.peg.2315.site.31, 1, 97, 98
349741.6.peg.2315.site.32, 97, 97, 194
349741.6.peg.2315.site.33, 81, 97, 178
349741.6.peg.2315.site.34, 1, 97, 98
349741.6.peg.2315.site.35, 24, 97, 121
349741.6.peg.2315.site.36, 14, 95, 109
349741.6.peg.2315.site.37, 81, 97, 178
349741.6.peg.2315.site.38, 90, 97, 187
349741.6.peg.2315.site.39, 81, 97, 178
349741.6.peg.2315.site.40, 2, 97, 99
349741.6.peg.2315.site.41, 3, 97, 100
349741.6.peg.2315.site.42, 80, 96, 176
349741.6.peg.2315.site.43, 86, 96, 182
349741.6.peg.2315.site.44, 79, 95, 174
349741.6.peg.2315.site.45, 80, 96, 176
349741.6.peg.2315.site.46, 6, 96, 102
349741.6.peg.2315.site.47, 2, 97, 99
349741.6.peg.2315.site.48, 90, 97, 187
349741.6.peg.2315.site.49, 66, 97, 163
349741.6.peg.2315.site.50, 2, 97, 99
349741.6.peg.2315.site.51, 2, 97, 99
349741.6.peg.2315.site.52, 81, 97, 178
349741.6.peg.2315.site.53, 1, 97, 98
349741.6.peg.2315.site.54, 81, 97, 178
349741.6.peg.2315.site.55, 81, 97, 178
349741.6.peg.2315.site.56, 1, 97, 98
349741.6.peg.2315.site.57, 54, 97, 151
349741.6.peg.2315.site.58, 0, 97, 97
349741.6.peg.2315.site.59, 1, 97, 98
349741.6.peg.2315.site.60, 54, 96, 150
349741.6.peg.2315.site.61, 1, 97, 98
349741.6.peg.2315.site.62, 55, 97, 152
349741.6.peg.2315.site.63, 54, 97, 151
349741.6.peg.2315.site.64, 54, 97, 151
349741.6.peg.2315.site.65, 1, 97, 98
349741.6.peg.2315.site.66, 44, 96, 140
349741.6.peg.2315.site.67, 4, 97, 101
349741.6.peg.2315.site.68, 39, 96, 135
349741.6.peg.2315.site.69, 54, 97, 151
349741.6.peg.2315.site.70, 54, 97, 151
349741.6.peg.2315.site.71, 2, 97, 99
349741.6.peg.2315.site.72, 63, 94, 157
349741.6.peg.2315.site.73, 3, 95, 98
349741.6.peg.2315.site.74, 54, 97, 151
349741.6.peg.2315.site.75, 4, 97, 101
349741.6.peg.2315.site.76, 52, 93, 145
349741.6.peg.2315.site.77, 66, 97, 163
349741.6.peg.2315.site.78, 66, 97, 163
349741.6.peg.2314.site.1, 12, 95, 107
349741.6.peg.2314.site.2, 49, 94, 143
349741.6.peg.2314.site.3, 28, 86, 114
349741.6.peg.2314.site.4, 40, 67, 107
349741.6.peg.2314.site.5, 9, 67, 76
349741.6.peg.2314.site.6, 5, 96, 101
349741.6.peg.2314.site.7, 1, 96, 97
349741.6.peg.2314.site.8, 37, 95, 132
349741.6.peg.2314.site.9, 39, 97, 136
349741.6.peg.2314.site.10, 39, 97, 136
349741.6.peg.2314.site.11, 0, 97, 97
349741.6.peg.2314.site.12, 42, 79, 121
349741.6.peg.2314.site.13, 14, 72, 86
349741.6.peg.2314.site.14, 33, 68, 101
349741.6.peg.2314.site.15, 24, 61, 85
349741.6.peg.2314.site.16, 1, 58, 59
349741.6.peg.2314.site.17, 48, 58, 106
349741.6.peg.2314.site.18, 21, 66, 87
349741.6.peg.2314.site.19, 10, 68, 78
349741.6.peg.2314.site.20, 2, 81, 83
349741.6.peg.2314.site.21, 29, 87, 116
349741.6.peg.2314.site.22, 39, 97, 136
349741.6.peg.2314.site.23, 38, 96, 134
349741.6.peg.2314.site.24, 4, 97, 101
349741.6.peg.2314.site.25, 60, 97, 157
349741.6.peg.2314.site.26, 39, 97, 136
349741.6.peg.2314.site.27, 15, 97, 112
349741.6.peg.2314.site.28, 2, 96, 98
349741.6.peg.2314.site.29, 67, 97, 164
349741.6.peg.1442.site.1, 3, 96, 99
349741.6.peg.1442.site.2, 1, 96, 97
349741.6.peg.1442.site.3, 9, 96, 105
349741.6.peg.1443.site.1, 37, 96, 133
349741.6.peg.1443.site.2, 96, 97, 193
349741.6.peg.1443.site.3, 3, 97, 100
349741.6.peg.1443.site.4, 7, 97, 104
349741.6.peg.1443.site.5, 79, 97, 176
349741.6.peg.1443.site.6, 29, 96, 125
349741.6.peg.1443.site.7, 40, 97, 137
349741.6.peg.1443.site.8, 2, 84, 86
349741.6.peg.1440.site.1, 6, 95, 101
349741.6.peg.1440.site.2, 5, 95, 100
349741.6.peg.1440.site.3, 2, 91, 93
349741.6.peg.1440.site.4, 3, 93, 96
349741.6.peg.1440.site.5, 1, 97, 98
349741.6.peg.1440.site.6, 50, 97, 147
349741.6.peg.1440.site.7, 7, 97, 104
349741.6.peg.1440.site.8, 24, 97, 121
349741.6.peg.1440.site.9, 3, 97, 100
349741.6.peg.1440.site.10, 51, 97, 148
349741.6.peg.1440.site.11, 50, 96, 146
349741.6.peg.1440.site.12, 92, 96, 188
349741.6.peg.1440.site.13, 23, 97, 120
349741.6.peg.1440.site.14, 1, 97, 98
349741.6.peg.1440.site.15, 2, 97, 99
349741.6.peg.1440.site.16, 1, 97, 98
349741.6.peg.1441.site.1, 0, 97, 97
349741.6.peg.1441.site.2, 0, 97, 97
349741.6.peg.1441.site.3, 70, 97, 167
349741.6.peg.1441.site.4, 1, 97, 98
349741.6.peg.1441.site.5, 2, 97, 99
349741.6.peg.1441.site.6, 0, 96, 96
349741.6.peg.1441.site.7, 42, 97, 139
349741.6.peg.1441.site.8, 36, 97, 133
349741.6.peg.1441.site.9, 8, 96, 104
349741.6.peg.1441.site.10, 2, 97, 99
349741.6.peg.1441.site.11, 77, 97, 174
349741.6.peg.1441.site.12, 42, 97, 139
349741.6.peg.1441.site.13, 7, 97, 104
349741.6.peg.1441.site.14, 1, 97, 98
349741.6.peg.1441.site.15, 42, 97, 139
349741.6.peg.1441.site.16, 1, 97, 98
349741.6.peg.1441.site.17, 6, 96, 102
349741.6.peg.1441.site.18, 21, 95, 116
349741.6.peg.1441.site.19, 19, 91, 110
349741.6.peg.1444.site.1, 39, 96, 135
349741.6.peg.1444.site.2, 40, 96, 136
349741.6.peg.1444.site.3, 35, 96, 131
349741.6.peg.1444.site.4, 1, 95, 96
349741.6.peg.1444.site.5, 0, 96, 96
349741.6.peg.1444.site.6, 24, 96, 120
349741.6.peg.1444.site.7, 24, 97, 121
349741.6.peg.1444.site.8, 2, 96, 98
349741.6.peg.1444.site.9, 3, 97, 100
349741.6.peg.1444.site.10, 1, 96, 97
349741.6.peg.1444.site.11, 81, 97, 178
349741.6.peg.1444.site.12, 24, 96, 120
349741.6.peg.1444.site.13, 5, 97, 102
349741.6.peg.1445.site.1, 1, 97, 98
349741.6.peg.1445.site.2, 31, 93, 124
349741.6.peg.282.site.1, 51, 97, 148
349741.6.peg.282.site.2, 3, 97, 100
349741.6.peg.282.site.3, 36, 97, 133
349741.6.peg.282.site.4, 2, 97, 99
349741.6.peg.282.site.5, 2, 97, 99
349741.6.peg.282.site.6, 0, 97, 97
349741.6.peg.282.site.7, 1, 97, 98
349741.6.peg.282.site.8, 4, 97, 101
349741.6.peg.282.site.9, 7, 96, 103
349741.6.peg.282.site.10, 16, 96, 112
349741.6.peg.282.site.11, 93, 97, 190
349741.6.peg.282.site.12, 6, 96, 102
349741.6.peg.282.site.13, 2, 97, 99
349741.6.peg.282.site.14, 2, 97, 99
349741.6.peg.282.site.15, 28, 97, 125
349741.6.peg.282.site.16, 47, 97, 144
349741.6.peg.283.site.1, 2, 97, 99
349741.6.peg.283.site.2, 54, 97, 151
349741.6.peg.283.site.3, 0, 97, 97
349741.6.peg.283.site.4, 4, 97, 101
349741.6.peg.283.site.5, 2, 97, 99
349741.6.peg.283.site.6, 3, 97, 100
349741.6.peg.281.site.1, 26, 97, 123
349741.6.peg.281.site.2, 1, 96, 97
349741.6.peg.281.site.3, 65, 95, 160
349741.6.peg.281.site.4, 36, 97, 133
349741.6.peg.281.site.5, 36, 97, 133
349741.6.peg.281.site.6, 2, 97, 99
349741.6.peg.281.site.7, 2, 97, 99
349741.6.peg.281.site.8, 2, 97, 99
349741.6.peg.281.site.9, 24, 97, 121
349741.6.peg.281.site.10, 51, 97, 148
349741.6.peg.286.site.1, 1, 97, 98
349741.6.peg.286.site.2, 85, 97, 182
349741.6.peg.286.site.3, 3, 97, 100
349741.6.peg.286.site.4, 31, 97, 128
349741.6.peg.1689.site.1, 66, 97, 163
349741.6.peg.1689.site.2, 1, 97, 98
349741.6.peg.1689.site.3, 4, 97, 101
349741.6.peg.1689.site.4, 11, 97, 108
349741.6.peg.1689.site.5, 7, 96, 103
349741.6.peg.1689.site.6, 13, 97, 110
349741.6.peg.1689.site.7, 7, 97, 104
349741.6.peg.1689.site.8, 2, 97, 99
349741.6.peg.1689.site.9, 22, 97, 119
349741.6.peg.1689.site.10, 49, 96, 145
349741.6.peg.1689.site.11, 1, 97, 98
349741.6.peg.1689.site.12, 0, 97, 97
349741.6.peg.1689.site.13, 15, 97, 112
349741.6.peg.1689.site.14, 5, 97, 102
349741.6.peg.1689.site.15, 35, 97, 132
349741.6.peg.1689.site.16, 44, 97, 141
349741.6.peg.1689.site.17, 72, 97, 169
349741.6.peg.285.site.1, 25, 94, 119
349741.6.peg.285.site.2, 1, 96, 97
349741.6.peg.285.site.3, 3, 96, 99
349741.6.peg.285.site.4, 50, 91, 141
349741.6.peg.285.site.5, 26, 96, 122
349741.6.peg.285.site.6, 2, 97, 99
349741.6.peg.285.site.7, 3, 96, 99
349741.6.peg.285.site.8, 1, 93, 94
349741.6.peg.285.site.9, 93, 96, 189
349741.6.peg.285.site.10, 2, 97, 99
349741.6.peg.285.site.11, 18, 97, 115
349741.6.peg.285.site.12, 31, 97, 128
349741.6.peg.285.site.13, 0, 96, 96
349741.6.peg.1684.site.1, 58, 97, 155
349741.6.peg.1684.site.2, 8, 97, 105
349741.6.peg.1684.site.3, 0, 97, 97
349741.6.peg.1684.site.4, 0, 96, 96
349741.6.peg.1684.site.5, 72, 97, 169
349741.6.peg.1684.site.6, 72, 97, 169
349741.6.peg.1684.site.7, 67, 97, 164
349741.6.peg.1684.site.8, 67, 97, 164
349741.6.peg.1684.site.9, 88, 97, 185
349741.6.peg.1684.site.10, 6, 94, 100
349741.6.peg.1684.site.11, 61, 91, 152
349741.6.peg.1684.site.12, 63, 92, 155
349741.6.peg.1684.site.13, 2, 97, 99
349741.6.peg.1684.site.14, 2, 97, 99
349741.6.peg.1684.site.15, 88, 97, 185
349741.6.peg.1684.site.16, 20, 97, 117
349741.6.peg.1684.site.17, 11, 97, 108
349741.6.peg.1684.site.18, 22, 97, 119
349741.6.peg.1684.site.19, 1, 97, 98
349741.6.peg.1684.site.20, 15, 97, 112
349741.6.peg.1684.site.21, 0, 97, 97
349741.6.peg.1685.site.1, 21, 97, 118
349741.6.peg.1685.site.2, 19, 97, 116
349741.6.peg.1685.site.3, 25, 97, 122
349741.6.peg.1685.site.4, 22, 97, 119
349741.6.peg.1685.site.5, 3, 97, 100
349741.6.peg.1685.site.6, 19, 97, 116
349741.6.peg.1685.site.7, 2, 97, 99
349741.6.peg.1685.site.8, 14, 97, 111
349741.6.peg.1685.site.9, 19, 97, 116
349741.6.peg.1685.site.10, 8, 97, 105
349741.6.peg.1685.site.11, 20, 97, 117
349741.6.peg.1685.site.12, 20, 97, 117
349741.6.peg.1685.site.13, 2, 97, 99
349741.6.peg.1685.site.14, 1, 97, 98
349741.6.peg.1685.site.15, 2, 97, 99
349741.6.peg.1685.site.16, 19, 97, 116
349741.6.peg.1685.site.17, 19, 97, 116
349741.6.peg.1685.site.18, 20, 96, 116
349741.6.peg.288.site.1, 2, 95, 97
349741.6.peg.288.site.2, 2, 95, 97
349741.6.peg.288.site.3, 1, 95, 96
349741.6.peg.288.site.4, 0, 95, 95
349741.6.peg.288.site.5, 0, 94, 94
349741.6.peg.288.site.6, 2, 94, 96
349741.6.peg.288.site.7, 83, 93, 176
349741.6.peg.288.site.8, 1, 95, 96
349741.6.peg.288.site.9, 0, 94, 94
349741.6.peg.288.site.10, 0, 94, 94
349741.6.peg.288.site.11, 84, 95, 179
349741.6.peg.288.site.12, 1, 93, 94
349741.6.peg.289.site.1, 1, 97, 98
349741.6.peg.289.site.2, 39, 97, 136
349741.6.peg.289.site.3, 0, 82, 82
349741.6.peg.289.site.4, 41, 75, 116
349741.6.peg.289.site.5, 39, 73, 112
349741.6.peg.289.site.6, 70, 97, 167
349741.6.peg.289.site.7, 45, 53, 98
349741.6.peg.289.site.8, 21, 50, 71
349741.6.peg.289.site.9, 19, 63, 82
349741.6.peg.289.site.10, 2, 96, 98
349741.6.peg.289.site.11, 2, 97, 99
349741.6.peg.289.site.12, 66, 97, 163
349741.6.peg.289.site.13, 3, 97, 100
349741.6.peg.289.site.14, 66, 97, 163
349741.6.peg.289.site.15, 1, 97, 98
349741.6.peg.289.site.16, 1, 97, 98
349741.6.peg.1680.site.1, 77, 97, 174
349741.6.peg.1680.site.2, 16, 96, 112
349741.6.peg.1680.site.3, 1, 95, 96
349741.6.peg.1680.site.4, 88, 90, 178
349741.6.peg.1680.site.5, 20, 20, 40
349741.6.peg.1680.site.6, 7, 26, 33
349741.6.peg.1680.site.7, 25, 69, 94
349741.6.peg.1680.site.8, 73, 81, 154
349741.6.peg.1680.site.9, 94, 94, 188
349741.6.peg.1681.site.1, 1, 97, 98
349741.6.peg.1681.site.2, 77, 97, 174
349741.6.peg.1681.site.3, 21, 97, 118
349741.6.peg.1681.site.4, 7, 95, 102
349741.6.peg.1681.site.5, 48, 91, 139
349741.6.peg.1681.site.6, 1, 97, 98
349741.6.peg.1681.site.7, 51, 92, 143
349741.6.peg.1681.site.8, 62, 96, 158
349741.6.peg.1681.site.9, 1, 97, 98
349741.6.peg.1682.site.1, 1, 97, 98
349741.6.peg.1682.site.2, 0, 96, 96
349741.6.peg.1682.site.3, 42, 72, 114
349741.6.peg.1682.site.4, 7, 58, 65
349741.6.peg.1682.site.5, 19, 51, 70
349741.6.peg.1682.site.6, 0, 45, 45
349741.6.peg.1682.site.7, 12, 51, 63
349741.6.peg.1682.site.8, 37, 76, 113
349741.6.peg.1682.site.9, 1, 79, 80
349741.6.peg.1682.site.10, 72, 91, 163
349741.6.peg.1682.site.11, 64, 95, 159
349741.6.peg.1682.site.12, 6, 97, 103
349741.6.peg.1682.site.13, 1, 97, 98
349741.6.peg.1682.site.14, 66, 97, 163
349741.6.peg.1682.site.15, 5, 97, 102
349741.6.peg.1682.site.16, 5, 97, 102
349741.6.peg.1682.site.17, 17, 97, 114
349741.6.peg.1682.site.18, 77, 97, 174
349741.6.peg.1682.site.19, 77, 97, 174
349741.6.peg.1682.site.20, 50, 97, 147
349741.6.peg.1682.site.21, 0, 97, 97
349741.6.peg.1682.site.22, 0, 96, 96
349741.6.peg.1682.site.23, 57, 97, 154
349741.6.peg.1682.site.24, 1, 97, 98
349741.6.peg.1682.site.25, 1, 97, 98
349741.6.peg.1682.site.26, 2, 96, 98
349741.6.peg.1682.site.27, 62, 96, 158
349741.6.peg.1682.site.28, 57, 96, 153
349741.6.peg.1682.site.29, 57, 97, 154
349741.6.peg.1682.site.30, 10, 97, 107
349741.6.peg.1682.site.31, 0, 97, 97
349741.6.peg.1682.site.32, 1, 97, 98
349741.6.peg.1682.site.33, 10, 97, 107
349741.6.peg.1682.site.34, 1, 97, 98
349741.6.peg.1683.site.1, 9, 97, 106
349741.6.peg.1683.site.2, 1, 97, 98
349741.6.peg.1683.site.3, 1, 97, 98
349741.6.peg.1683.site.4, 50, 97, 147
349741.6.peg.1683.site.5, 1, 95, 96
349741.6.peg.1683.site.6, 1, 96, 97
349741.6.peg.1683.site.7, 50, 97, 147
349741.6.peg.1683.site.8, 2, 96, 98
349741.6.peg.1683.site.9, 1, 96, 97
349741.6.peg.1683.site.10, 7, 97, 104
349741.6.peg.1683.site.11, 15, 97, 112
349741.6.peg.1683.site.12, 2, 97, 99
349741.6.peg.1683.site.13, 1, 97, 98
349741.6.peg.1683.site.14, 60, 96, 156
349741.6.peg.1683.site.15, 33, 96, 129
349741.6.peg.1683.site.16, 48, 95, 143
349741.6.peg.1683.site.17, 50, 97, 147
349741.6.peg.1683.site.18, 50, 97, 147
349741.6.peg.1683.site.19, 96, 97, 193
349741.6.peg.1683.site.20, 1, 97, 98
349741.6.peg.1683.site.21, 49, 96, 145
349741.6.peg.1683.site.22, 7, 95, 102
349741.6.peg.1683.site.23, 0, 68, 68
349741.6.peg.1683.site.24, 0, 86, 86
349741.6.peg.1683.site.25, 0, 80, 80
349741.6.peg.1683.site.26, 2, 72, 74
349741.6.peg.608.site.1, 1, 38, 39
349741.6.peg.608.site.2, 2, 32, 34
349741.6.peg.608.site.3, 3, 30, 33
349741.6.peg.608.site.4, 3, 19, 22
349741.6.peg.608.site.5, 3, 19, 22
349741.6.peg.608.site.6, 3, 19, 22
349741.6.peg.608.site.7, 2, 19, 21
349741.6.peg.608.site.8, 5, 19, 24
349741.6.peg.608.site.9, 4, 20, 24
349741.6.peg.608.site.10, 5, 53, 58
349741.6.peg.608.site.11, 20, 56, 76
349741.6.peg.608.site.12, 20, 58, 78
349741.6.peg.608.site.13, 30, 46, 76
349741.6.peg.608.site.14, 42, 77, 119
349741.6.peg.608.site.15, 47, 85, 132
349741.6.peg.608.site.16, 52, 90, 142
349741.6.peg.608.site.17, 56, 93, 149
349741.6.peg.608.site.18, 4, 90, 94
349741.6.peg.608.site.19, 7, 88, 95
349741.6.peg.608.site.20, 22, 85, 107
349741.6.peg.608.site.21, 22, 60, 82
349741.6.peg.608.site.22, 6, 44, 50
349741.6.peg.608.site.23, 19, 44, 63
349741.6.peg.608.site.24, 9, 47, 56
349741.6.peg.608.site.25, 1, 52, 53
349741.6.peg.608.site.26, 16, 54, 70
349741.6.peg.608.site.27, 5, 68, 73
349741.6.peg.608.site.28, 5, 79, 84
349741.6.peg.608.site.29, 14, 78, 92
349741.6.peg.608.site.30, 27, 93, 120
349741.6.peg.608.site.31, 49, 94, 143
349741.6.peg.608.site.32, 1, 92, 93
349741.6.peg.608.site.33, 52, 73, 125
349741.6.peg.608.site.34, 1, 67, 68
349741.6.peg.608.site.35, 5, 69, 74
349741.6.peg.608.site.36, 4, 69, 73
349741.6.peg.608.site.37, 5, 67, 72
349741.6.peg.608.site.38, 5, 66, 71
349741.6.peg.608.site.39, 1, 78, 79
349741.6.peg.608.site.40, 84, 94, 178
349741.6.peg.608.site.41, 2, 96, 98
349741.6.peg.608.site.42, 1, 95, 96
349741.6.peg.608.site.43, 25, 91, 116
349741.6.peg.608.site.44, 28, 93, 121
349741.6.peg.608.site.45, 31, 97, 128
349741.6.peg.608.site.46, 1, 97, 98
349741.6.peg.608.site.47, 31, 97, 128
349741.6.peg.608.site.48, 2, 97, 99
349741.6.peg.608.site.49, 31, 97, 128
349741.6.peg.608.site.50, 22, 88, 110
349741.6.peg.608.site.51, 5, 71, 76
349741.6.peg.608.site.52, 3, 69, 72
349741.6.peg.608.site.53, 2, 66, 68
349741.6.peg.608.site.54, 7, 73, 80
349741.6.peg.608.site.55, 6, 72, 78
349741.6.peg.608.site.56, 17, 83, 100
349741.6.peg.608.site.57, 17, 76, 93
349741.6.peg.608.site.58, 8, 74, 82
349741.6.peg.608.site.59, 62, 66, 128
349741.6.peg.608.site.60, 62, 66, 128
349741.6.peg.608.site.61, 11, 66, 77
349741.6.peg.608.site.62, 3, 69, 72
349741.6.peg.608.site.63, 66, 69, 135
349741.6.peg.608.site.64, 5, 69, 74
349741.6.peg.608.site.65, 2, 67, 69
349741.6.peg.608.site.66, 6, 67, 73
349741.6.peg.608.site.67, 7, 65, 72
349741.6.peg.608.site.68, 55, 65, 120
349741.6.peg.608.site.69, 4, 65, 69
349741.6.peg.608.site.70, 9, 65, 74
349741.6.peg.608.site.71, 12, 76, 88
349741.6.peg.608.site.72, 20, 86, 106
349741.6.peg.608.site.73, 8, 91, 99
349741.6.peg.608.site.74, 14, 97, 111
349741.6.peg.608.site.75, 81, 97, 178
349741.6.peg.608.site.76, 14, 97, 111
349741.6.peg.608.site.77, 17, 97, 114
349741.6.peg.608.site.78, 34, 97, 131
349741.6.peg.608.site.79, 1, 97, 98
349741.6.peg.608.site.80, 15, 95, 110
349741.6.peg.608.site.81, 23, 86, 109
349741.6.peg.608.site.82, 0, 80, 80
349741.6.peg.608.site.83, 5, 80, 85
349741.6.peg.608.site.84, 1, 79, 80
349741.6.peg.608.site.85, 2, 78, 80
349741.6.peg.608.site.86, 0, 78, 78
349741.6.peg.608.site.87, 0, 78, 78
349741.6.peg.608.site.88, 18, 80, 98
349741.6.peg.604.site.1, 64, 96, 160
349741.6.peg.604.site.2, 66, 97, 163
349741.6.peg.604.site.3, 59, 96, 155
349741.6.peg.604.site.4, 80, 96, 176
349741.6.peg.604.site.5, 54, 90, 144
349741.6.peg.604.site.6, 48, 83, 131
349741.6.peg.604.site.7, 39, 52, 91
349741.6.peg.604.site.8, 2, 36, 38
349741.6.peg.604.site.9, 22, 37, 59
349741.6.peg.604.site.10, 30, 63, 93
349741.6.peg.604.site.11, 2, 86, 88
349741.6.peg.604.site.12, 2, 93, 95
349741.6.peg.604.site.13, 57, 90, 147
349741.6.peg.604.site.14, 15, 93, 108
349741.6.peg.604.site.15, 2, 93, 95
349741.6.peg.604.site.16, 64, 80, 144
349741.6.peg.604.site.17, 1, 78, 79
349741.6.peg.604.site.18, 1, 78, 79
349741.6.peg.604.site.19, 1, 78, 79
349741.6.peg.604.site.20, 78, 94, 172
349741.6.peg.604.site.21, 31, 68, 99
349741.6.peg.604.site.22, 48, 53, 101
349741.6.peg.604.site.23, 57, 95, 152
349741.6.peg.604.site.24, 22, 96, 118
349741.6.peg.604.site.25, 1, 96, 97
349741.6.peg.604.site.26, 22, 95, 117
349741.6.peg.604.site.27, 53, 91, 144
349741.6.peg.604.site.28, 11, 48, 59
349741.6.peg.604.site.29, 2, 41, 43
349741.6.peg.604.site.30, 25, 41, 66
349741.6.peg.604.site.31, 23, 37, 60
349741.6.peg.604.site.32, 0, 24, 24
349741.6.peg.605.site.1, 58, 95, 153
349741.6.peg.605.site.2, 60, 97, 157
349741.6.peg.605.site.3, 1, 96, 97
349741.6.peg.605.site.4, 21, 97, 118
349741.6.peg.605.site.5, 60, 97, 157
349741.6.peg.605.site.6, 81, 97, 178
349741.6.peg.605.site.7, 60, 97, 157
349741.6.peg.605.site.8, 3, 97, 100
349741.6.peg.605.site.9, 21, 97, 118
349741.6.peg.605.site.10, 58, 95, 153
349741.6.peg.605.site.11, 57, 94, 151
349741.6.peg.605.site.12, 47, 94, 141
349741.6.peg.605.site.13, 60, 97, 157
349741.6.peg.605.site.14, 60, 97, 157
349741.6.peg.605.site.15, 21, 97, 118
349741.6.peg.605.site.16, 21, 97, 118
349741.6.peg.605.site.17, 54, 91, 145
349741.6.peg.605.site.18, 7, 90, 97
349741.6.peg.605.site.19, 54, 91, 145
349741.6.peg.605.site.20, 21, 89, 110
349741.6.peg.605.site.21, 54, 91, 145
349741.6.peg.605.site.22, 21, 94, 115
349741.6.peg.605.site.23, 68, 95, 163
349741.6.peg.605.site.24, 1, 97, 98
349741.6.peg.605.site.25, 21, 97, 118
349741.6.peg.605.site.26, 2, 96, 98
349741.6.peg.605.site.27, 16, 97, 113
349741.6.peg.605.site.28, 1, 97, 98
349741.6.peg.605.site.29, 59, 97, 156
349741.6.peg.605.site.30, 28, 96, 124
349741.6.peg.605.site.31, 28, 96, 124
349741.6.peg.605.site.32, 80, 96, 176
349741.6.peg.605.site.33, 59, 95, 154
349741.6.peg.605.site.34, 58, 95, 153
349741.6.peg.605.site.35, 1, 95, 96
349741.6.peg.605.site.36, 79, 95, 174
349741.6.peg.605.site.37, 0, 96, 96
349741.6.peg.605.site.38, 54, 90, 144
349741.6.peg.605.site.39, 6, 92, 98
349741.6.peg.605.site.40, 51, 89, 140
349741.6.peg.605.site.41, 2, 39, 41
349741.6.peg.605.site.42, 6, 22, 28
349741.6.peg.605.site.43, 1, 18, 19
349741.6.peg.196.site.1, 13, 96, 109
349741.6.peg.196.site.2, 2, 96, 98
349741.6.peg.196.site.3, 1, 97, 98
349741.6.peg.196.site.4, 4, 97, 101
349741.6.peg.196.site.5, 17, 97, 114
349741.6.peg.196.site.6, 0, 97, 97
349741.6.peg.196.site.7, 4, 97, 101
349741.6.peg.196.site.8, 17, 97, 114
349741.6.peg.196.site.9, 2, 96, 98
349741.6.peg.196.site.10, 1, 96, 97
349741.6.peg.196.site.11, 1, 94, 95
349741.6.peg.196.site.12, 1, 93, 94
349741.6.peg.196.site.13, 1, 94, 95
349741.6.peg.196.site.14, 3, 96, 99
349741.6.peg.196.site.15, 1, 94, 95
349741.6.peg.196.site.16, 3, 95, 98
349741.6.peg.196.site.17, 2, 97, 99
349741.6.peg.196.site.18, 2, 97, 99
349741.6.peg.196.site.19, 4, 97, 101
349741.6.peg.196.site.20, 3, 96, 99
349741.6.peg.196.site.21, 51, 94, 145
349741.6.peg.196.site.22, 0, 97, 97
349741.6.peg.196.site.23, 2, 96, 98
349741.6.peg.196.site.24, 4, 95, 99
349741.6.peg.196.site.25, 12, 93, 105
349741.6.peg.196.site.26, 15, 96, 111
349741.6.peg.196.site.27, 37, 95, 132
349741.6.peg.196.site.28, 34, 94, 128
349741.6.peg.196.site.29, 6, 96, 102
349741.6.peg.196.site.30, 4, 89, 93
349741.6.peg.196.site.31, 7, 91, 98
349741.6.peg.196.site.32, 2, 90, 92
349741.6.peg.196.site.33, 80, 87, 167
349741.6.peg.196.site.34, 74, 95, 169
349741.6.peg.196.site.35, 88, 96, 184
349741.6.peg.196.site.36, 6, 97, 103
349741.6.peg.196.site.37, 39, 97, 136
349741.6.peg.196.site.38, 7, 97, 104
349741.6.peg.196.site.39, 2, 96, 98
349741.6.peg.196.site.40, 0, 97, 97
349741.6.peg.2310.site.1, 5, 53, 58
349741.6.peg.2310.site.2, 1, 49, 50
349741.6.peg.2310.site.3, 1, 49, 50
349741.6.peg.2310.site.4, 3, 53, 56
349741.6.peg.2310.site.5, 3, 66, 69
349741.6.peg.2310.site.6, 2, 92, 94
349741.6.peg.2310.site.7, 45, 93, 138
349741.6.peg.2310.site.8, 47, 95, 142
349741.6.peg.2310.site.9, 49, 97, 146
349741.6.peg.2310.site.10, 49, 97, 146
349741.6.peg.2310.site.11, 92, 97, 189
349741.6.peg.2310.site.12, 3, 97, 100
349741.6.peg.2310.site.13, 49, 97, 146
349741.6.peg.2310.site.14, 39, 97, 136
349741.6.peg.2310.site.15, 6, 54, 60
349741.6.peg.192.site.1, 56, 97, 153
349741.6.peg.192.site.2, 97, 97, 194
349741.6.peg.192.site.3, 5, 97, 102
349741.6.peg.192.site.4, 32, 96, 128
349741.6.peg.192.site.5, 37, 96, 133
349741.6.peg.191.site.1, 43, 96, 139
349741.6.peg.191.site.2, 27, 96, 123
349741.6.peg.191.site.3, 40, 94, 134
349741.6.peg.191.site.4, 34, 88, 122
349741.6.peg.191.site.5, 23, 76, 99
349741.6.peg.191.site.6, 15, 69, 84
349741.6.peg.191.site.7, 55, 56, 111
349741.6.peg.191.site.8, 3, 56, 59
349741.6.peg.191.site.9, 7, 59, 66
349741.6.peg.191.site.10, 24, 77, 101
349741.6.peg.191.site.11, 25, 78, 103
349741.6.peg.191.site.12, 32, 85, 117
349741.6.peg.191.site.13, 19, 97, 116
349741.6.peg.191.site.14, 21, 97, 118
349741.6.peg.198.site.1, 5, 97, 102
349741.6.peg.198.site.2, 12, 97, 109
349741.6.peg.198.site.3, 10, 97, 107
349741.6.peg.198.site.4, 6, 95, 101
349741.6.peg.198.site.5, 21, 96, 117
349741.6.peg.198.site.6, 1, 97, 98
349741.6.peg.198.site.7, 1, 97, 98
349741.6.peg.198.site.8, 42, 91, 133
349741.6.peg.198.site.9, 77, 84, 161
349741.6.peg.198.site.10, 36, 84, 120
349741.6.peg.198.site.11, 43, 91, 134
349741.6.peg.198.site.12, 26, 97, 123
349741.6.peg.198.site.13, 41, 97, 138
349741.6.peg.198.site.14, 2, 97, 99
349741.6.peg.199.site.1, 6, 97, 103
349741.6.peg.199.site.2, 56, 97, 153
349741.6.peg.199.site.3, 16, 97, 113
349741.6.peg.199.site.4, 16, 97, 113
349741.6.peg.199.site.5, 4, 97, 101
349741.6.peg.199.site.6, 11, 97, 108
349741.6.peg.199.site.7, 79, 97, 176
349741.6.peg.199.site.8, 1, 97, 98
349741.6.peg.199.site.9, 44, 97, 141
349741.6.peg.199.site.10, 18, 97, 115
349741.6.peg.199.site.11, 17, 97, 114
349741.6.peg.199.site.12, 32, 96, 128
349741.6.peg.199.site.13, 33, 97, 130
349741.6.peg.199.site.14, 0, 96, 96
349741.6.peg.199.site.15, 10, 97, 107
349741.6.peg.199.site.16, 32, 97, 129
349741.6.peg.199.site.17, 19, 97, 116
349741.6.peg.199.site.18, 30, 94, 124
349741.6.peg.199.site.19, 25, 89, 114
349741.6.peg.464.site.1, 7, 75, 82
349741.6.peg.464.site.2, 9, 81, 90
349741.6.peg.464.site.3, 1, 85, 86
349741.6.peg.464.site.4, 2, 85, 87
349741.6.peg.465.site.1, 23, 97, 120
349741.6.peg.465.site.2, 12, 97, 109
349741.6.peg.465.site.3, 27, 97, 124
349741.6.peg.465.site.4, 26, 97, 123
349741.6.peg.465.site.5, 12, 97, 109
349741.6.peg.465.site.6, 0, 96, 96
349741.6.peg.465.site.7, 11, 93, 104
349741.6.peg.465.site.8, 0, 95, 95
349741.6.peg.465.site.9, 90, 96, 186
349741.6.peg.465.site.10, 32, 92, 124
349741.6.peg.462.site.1, 83, 97, 180
349741.6.peg.462.site.2, 36, 97, 133
349741.6.peg.462.site.3, 47, 97, 144
349741.6.peg.462.site.4, 53, 97, 150
349741.6.peg.462.site.5, 16, 97, 113
349741.6.peg.462.site.6, 0, 96, 96
349741.6.peg.462.site.7, 17, 97, 114
349741.6.peg.462.site.8, 2, 96, 98
349741.6.peg.462.site.9, 2, 96, 98
349741.6.peg.462.site.10, 2, 97, 99
349741.6.peg.460.site.1, 1, 86, 87
349741.6.peg.460.site.2, 23, 84, 107
349741.6.peg.460.site.3, 0, 82, 82
349741.6.peg.460.site.4, 2, 84, 86
349741.6.peg.460.site.5, 1, 97, 98
349741.6.peg.460.site.6, 2, 97, 99
349741.6.peg.460.site.7, 59, 97, 156
349741.6.peg.460.site.8, 96, 97, 193
349741.6.peg.460.site.9, 88, 97, 185
349741.6.peg.460.site.10, 3, 97, 100
349741.6.peg.460.site.11, 5, 97, 102
349741.6.peg.460.site.12, 26, 97, 123
349741.6.peg.460.site.13, 8, 97, 105
349741.6.peg.460.site.14, 66, 97, 163
349741.6.peg.460.site.15, 66, 97, 163
349741.6.peg.460.site.16, 0, 97, 97
349741.6.peg.460.site.17, 0, 97, 97
349741.6.peg.460.site.18, 96, 96, 192
349741.6.peg.461.site.1, 73, 97, 170
349741.6.peg.461.site.2, 2, 97, 99
349741.6.peg.461.site.3, 5, 97, 102
349741.6.peg.461.site.4, 22, 97, 119
349741.6.peg.461.site.5, 5, 97, 102
349741.6.peg.461.site.6, 6, 97, 103
349741.6.peg.461.site.7, 2, 97, 99
349741.6.peg.461.site.8, 40, 97, 137
349741.6.peg.461.site.9, 0, 97, 97
349741.6.peg.461.site.10, 3, 97, 100
349741.6.peg.461.site.11, 36, 97, 133
349741.6.peg.468.site.1, 34, 96, 130
349741.6.peg.468.site.2, 1, 97, 98
349741.6.peg.468.site.3, 21, 97, 118
349741.6.peg.468.site.4, 0, 97, 97
349741.6.peg.468.site.5, 0, 97, 97
349741.6.peg.468.site.6, 13, 97, 110
349741.6.peg.468.site.7, 0, 95, 95
349741.6.peg.469.site.1, 32, 97, 129
349741.6.peg.469.site.2, 32, 97, 129
349741.6.peg.469.site.3, 2, 97, 99
349741.6.peg.469.site.4, 15, 97, 112
349741.6.peg.469.site.5, 30, 97, 127
349741.6.peg.469.site.6, 1, 96, 97
349741.6.peg.469.site.7, 5, 97, 102
349741.6.peg.512.site.1, 1, 97, 98
349741.6.peg.512.site.2, 88, 97, 185
349741.6.peg.512.site.3, 0, 89, 89
349741.6.peg.512.site.4, 71, 72, 143
349741.6.peg.512.site.5, 30, 31, 61
349741.6.peg.512.site.6, 20, 32, 52
349741.6.peg.512.site.7, 23, 25, 48
349741.6.peg.512.site.8, 78, 91, 169
349741.6.peg.512.site.9, 1, 93, 94
349741.6.peg.512.site.10, 95, 97, 192
349741.6.peg.512.site.11, 0, 97, 97
349741.6.peg.512.site.12, 3, 97, 100
349741.6.peg.513.site.1, 93, 97, 190
349741.6.peg.513.site.2, 2, 97, 99
349741.6.peg.513.site.3, 68, 97, 165
349741.6.peg.513.site.4, 96, 97, 193
349741.6.peg.513.site.5, 3, 97, 100
349741.6.peg.513.site.6, 95, 97, 192
349741.6.peg.513.site.7, 1, 97, 98
349741.6.peg.513.site.8, 2, 97, 99
349741.6.peg.513.site.9, 13, 97, 110
349741.6.peg.513.site.10, 5, 97, 102
349741.6.peg.513.site.11, 5, 97, 102
349741.6.peg.513.site.12, 12, 97, 109
349741.6.peg.513.site.13, 8, 97, 105
349741.6.peg.513.site.14, 93, 97, 190
349741.6.peg.513.site.15, 1, 97, 98
349741.6.peg.513.site.16, 1, 96, 97
349741.6.peg.513.site.17, 89, 92, 181
349741.6.peg.513.site.18, 3, 91, 94
349741.6.peg.513.site.19, 94, 97, 191
349741.6.peg.513.site.20, 2, 97, 99
349741.6.peg.513.site.21, 93, 97, 190
349741.6.peg.513.site.22, 87, 97, 184
349741.6.peg.513.site.23, 93, 97, 190
349741.6.peg.513.site.24, 71, 97, 168
349741.6.peg.513.site.25, 86, 97, 183
349741.6.peg.513.site.26, 93, 97, 190
349741.6.peg.513.site.27, 7, 96, 103
349741.6.peg.513.site.28, 2, 97, 99
349741.6.peg.513.site.29, 94, 97, 191
349741.6.peg.513.site.30, 94, 97, 191
349741.6.peg.513.site.31, 94, 97, 191
349741.6.peg.513.site.32, 1, 97, 98
349741.6.peg.513.site.33, 1, 96, 97
349741.6.peg.513.site.34, 1, 96, 97
349741.6.peg.513.site.35, 2, 96, 98
349741.6.peg.513.site.36, 18, 97, 115
349741.6.peg.513.site.37, 6, 97, 103
349741.6.peg.513.site.38, 4, 97, 101
349741.6.peg.513.site.39, 92, 96, 188
349741.6.peg.513.site.40, 2, 95, 97
349741.6.peg.511.site.1, 4, 92, 96
349741.6.peg.511.site.2, 1, 91, 92
349741.6.peg.511.site.3, 65, 90, 155
349741.6.peg.511.site.4, 1, 90, 91
349741.6.peg.511.site.5, 8, 89, 97
349741.6.peg.511.site.6, 17, 96, 113
349741.6.peg.511.site.7, 11, 97, 108
349741.6.peg.511.site.8, 1, 95, 96
349741.6.peg.511.site.9, 1, 89, 90
349741.6.peg.511.site.10, 8, 89, 97
349741.6.peg.511.site.11, 8, 89, 97
349741.6.peg.511.site.12, 87, 89, 176
349741.6.peg.511.site.13, 7, 89, 96
349741.6.peg.511.site.14, 8, 89, 97
349741.6.peg.511.site.15, 9, 95, 104
349741.6.peg.511.site.16, 12, 97, 109
349741.6.peg.511.site.17, 8, 97, 105
349741.6.peg.511.site.18, 6, 95, 101
349741.6.peg.511.site.19, 9, 90, 99
349741.6.peg.511.site.20, 9, 88, 97
349741.6.peg.511.site.21, 2, 96, 98
349741.6.peg.511.site.22, 0, 95, 95
349741.6.peg.511.site.23, 7, 95, 102
349741.6.peg.516.site.1, 4, 97, 101
349741.6.peg.516.site.2, 8, 97, 105
349741.6.peg.516.site.3, 8, 97, 105
349741.6.peg.516.site.4, 6, 94, 100
349741.6.peg.516.site.5, 7, 94, 101
349741.6.peg.516.site.6, 7, 93, 100
349741.6.peg.516.site.7, 16, 97, 113
349741.6.peg.516.site.8, 16, 97, 113
349741.6.peg.516.site.9, 9, 97, 106
349741.6.peg.516.site.10, 9, 97, 106
349741.6.peg.516.site.11, 2, 95, 97
349741.6.peg.516.site.12, 20, 96, 116
349741.6.peg.516.site.13, 80, 97, 177
349741.6.peg.516.site.14, 71, 91, 162
349741.6.peg.516.site.15, 10, 20, 30
349741.6.peg.516.site.16, 4, 24, 28
349741.6.peg.516.site.17, 26, 46, 72
349741.6.peg.516.site.18, 73, 93, 166
349741.6.peg.516.site.19, 71, 91, 162
349741.6.peg.516.site.20, 6, 26, 32
349741.6.peg.516.site.21, 6, 26, 32
349741.6.peg.516.site.22, 3, 60, 63
349741.6.peg.516.site.23, 53, 73, 126
349741.6.peg.516.site.24, 88, 97, 185
349741.6.peg.514.site.1, 2, 97, 99
349741.6.peg.514.site.2, 87, 97, 184
349741.6.peg.514.site.3, 0, 97, 97
349741.6.peg.515.site.1, 0, 97, 97
349741.6.peg.518.site.1, 76, 96, 172
349741.6.peg.518.site.2, 58, 76, 134
349741.6.peg.518.site.3, 13, 27, 40
349741.6.peg.518.site.4, 9, 25, 34
349741.6.peg.518.site.5, 5, 25, 30
349741.6.peg.518.site.6, 30, 38, 68
349741.6.peg.518.site.7, 24, 44, 68
349741.6.peg.518.site.8, 23, 50, 73
349741.6.peg.518.site.9, 9, 88, 97
349741.6.peg.518.site.10, 71, 91, 162
349741.6.peg.518.site.11, 71, 91, 162
349741.6.peg.518.site.12, 64, 82, 146
349741.6.peg.518.site.13, 15, 50, 65
349741.6.peg.518.site.14, 24, 42, 66
349741.6.peg.518.site.15, 12, 29, 41
349741.6.peg.518.site.16, 5, 23, 28
349741.6.peg.518.site.17, 3, 21, 24
349741.6.peg.518.site.18, 2, 33, 35
349741.6.peg.518.site.19, 4, 29, 33
349741.6.peg.518.site.20, 8, 25, 33
349741.6.peg.518.site.21, 4, 22, 26
349741.6.peg.518.site.22, 15, 33, 48
349741.6.peg.518.site.23, 4, 36, 40
349741.6.peg.518.site.24, 19, 37, 56
349741.6.peg.518.site.25, 51, 69, 120
349741.6.peg.518.site.26, 48, 65, 113
349741.6.peg.518.site.27, 40, 58, 98
349741.6.peg.518.site.28, 14, 32, 46
349741.6.peg.518.site.29, 12, 30, 42
349741.6.peg.518.site.30, 0, 29, 29
349741.6.peg.518.site.31, 0, 28, 28
349741.6.peg.779.site.1, 3, 95, 98
349741.6.peg.779.site.2, 7, 35, 42
349741.6.peg.779.site.3, 7, 27, 34
349741.6.peg.779.site.4, 36, 59, 95
349741.6.peg.779.site.5, 57, 79, 136
349741.6.peg.779.site.6, 1, 93, 94
349741.6.peg.779.site.7, 0, 97, 97
349741.6.peg.779.site.8, 1, 96, 97
349741.6.peg.779.site.9, 1, 91, 92
349741.6.peg.779.site.10, 68, 94, 162
349741.6.peg.779.site.11, 64, 91, 155
349741.6.peg.779.site.12, 1, 97, 98
349741.6.peg.779.site.13, 68, 96, 164
349741.6.peg.779.site.14, 65, 94, 159
349741.6.peg.779.site.15, 68, 96, 164
349741.6.peg.779.site.16, 62, 90, 152
349741.6.peg.779.site.17, 69, 95, 164
349741.6.peg.779.site.18, 69, 96, 165
349741.6.peg.779.site.19, 1, 97, 98
349741.6.peg.779.site.20, 0, 97, 97
349741.6.peg.779.site.21, 69, 97, 166
349741.6.peg.779.site.22, 92, 97, 189
349741.6.peg.779.site.23, 59, 97, 156
349741.6.peg.779.site.24, 1, 96, 97
349741.6.peg.779.site.25, 43, 97, 140
349741.6.peg.779.site.26, 1, 97, 98
349741.6.peg.779.site.27, 1, 97, 98
349741.6.peg.779.site.28, 69, 97, 166
349741.6.peg.779.site.29, 42, 96, 138
349741.6.peg.779.site.30, 1, 96, 97
349741.6.peg.779.site.31, 5, 91, 96
349741.6.peg.779.site.32, 2, 96, 98
349741.6.peg.779.site.33, 0, 96, 96
349741.6.peg.779.site.34, 44, 97, 141
349741.6.peg.779.site.35, 9, 97, 106
349741.6.peg.779.site.36, 27, 97, 124
349741.6.peg.779.site.37, 3, 97, 100
349741.6.peg.779.site.38, 1, 93, 94
349741.6.peg.779.site.39, 1, 94, 95
349741.6.peg.779.site.40, 1, 95, 96
349741.6.peg.779.site.41, 42, 95, 137
349741.6.peg.779.site.42, 1, 97, 98
349741.6.peg.779.site.43, 1, 97, 98
349741.6.peg.779.site.44, 1, 96, 97
349741.6.peg.779.site.45, 44, 97, 141
349741.6.peg.779.site.46, 1, 97, 98
349741.6.peg.779.site.47, 44, 97, 141
349741.6.peg.779.site.48, 27, 81, 108
349741.6.peg.779.site.49, 5, 59, 64
349741.6.peg.779.site.50, 51, 57, 108
349741.6.peg.779.site.51, 1, 55, 56
349741.6.peg.779.site.52, 2, 56, 58
349741.6.peg.779.site.53, 12, 66, 78
349741.6.peg.779.site.54, 22, 76, 98
349741.6.peg.779.site.55, 42, 96, 138
349741.6.peg.779.site.56, 42, 95, 137
349741.6.peg.779.site.57, 43, 96, 139
349741.6.peg.779.site.58, 0, 96, 96
349741.6.peg.779.site.59, 1, 96, 97
349741.6.peg.779.site.60, 1, 96, 97
349741.6.peg.779.site.61, 4, 97, 101
349741.6.peg.779.site.62, 6, 97, 103
349741.6.peg.779.site.63, 6, 97, 103
349741.6.peg.779.site.64, 5, 97, 102
349741.6.peg.2267.site.1, 81, 97, 178
349741.6.peg.2267.site.2, 77, 93, 170
349741.6.peg.2267.site.3, 9, 95, 104
349741.6.peg.2267.site.4, 1, 87, 88
349741.6.peg.2267.site.5, 4, 87, 91
349741.6.peg.2267.site.6, 75, 89, 164
349741.6.peg.2267.site.7, 73, 88, 161
349741.6.peg.2267.site.8, 2, 83, 85
349741.6.peg.2267.site.9, 2, 67, 69
349741.6.peg.2267.site.10, 47, 60, 107
349741.6.peg.2267.site.11, 57, 59, 116
349741.6.peg.2267.site.12, 3, 68, 71
349741.6.peg.2267.site.13, 4, 93, 97
349741.6.peg.2267.site.14, 81, 97, 178
349741.6.peg.2267.site.15, 13, 93, 106
349741.6.peg.2267.site.16, 1, 95, 96
349741.6.peg.2267.site.17, 2, 97, 99
349741.6.peg.2267.site.18, 1, 95, 96
349741.6.peg.2267.site.19, 86, 86, 172
349741.6.peg.2267.site.20, 53, 81, 134
349741.6.peg.2267.site.21, 2, 91, 93
349741.6.peg.2267.site.22, 54, 97, 151
349741.6.peg.2267.site.23, 3, 97, 100
349741.6.peg.2267.site.24, 1, 97, 98
349741.6.peg.2267.site.25, 68, 97, 165
349741.6.peg.2267.site.26, 5, 97, 102
349741.6.peg.2267.site.27, 3, 96, 99
349741.6.peg.2267.site.28, 68, 97, 165
349741.6.peg.2267.site.29, 66, 95, 161
349741.6.peg.2267.site.30, 2, 93, 95
349741.6.peg.2267.site.31, 1, 97, 98
349741.6.peg.2267.site.32, 1, 97, 98
349741.6.peg.2267.site.33, 15, 97, 112
349741.6.peg.2267.site.34, 2, 97, 99
349741.6.peg.2267.site.35, 2, 97, 99
349741.6.peg.2267.site.36, 91, 97, 188
349741.6.peg.2267.site.37, 48, 97, 145
349741.6.peg.2267.site.38, 1, 97, 98
349741.6.peg.2267.site.39, 2, 96, 98
349741.6.peg.2267.site.40, 1, 96, 97
349741.6.peg.2267.site.41, 0, 97, 97
349741.6.peg.2267.site.42, 1, 97, 98
349741.6.peg.2267.site.43, 78, 95, 173
349741.6.peg.2267.site.44, 1, 93, 94
349741.6.peg.2267.site.45, 77, 93, 170
349741.6.peg.2267.site.46, 1, 46, 47
349741.6.peg.2267.site.47, 0, 44, 44
349741.6.peg.2267.site.48, 8, 47, 55
349741.6.peg.2267.site.49, 1, 48, 49
349741.6.peg.2267.site.50, 0, 89, 89
349741.6.peg.2267.site.51, 3, 87, 90
349741.6.peg.2267.site.52, 44, 60, 104
349741.6.peg.2267.site.53, 32, 48, 80
349741.6.peg.2266.site.1, 87, 97, 184
349741.6.peg.2266.site.2, 80, 97, 177
349741.6.peg.2266.site.3, 4, 97, 101
349741.6.peg.2266.site.4, 44, 97, 141
349741.6.peg.2266.site.5, 1, 97, 98
349741.6.peg.2266.site.6, 1, 96, 97
349741.6.peg.2266.site.7, 80, 95, 175
349741.6.peg.2266.site.8, 8, 93, 101
349741.6.peg.2266.site.9, 88, 93, 181
349741.6.peg.2266.site.10, 8, 94, 102
349741.6.peg.2266.site.11, 16, 94, 110
349741.6.peg.2266.site.12, 2, 93, 95
349741.6.peg.2266.site.13, 77, 94, 171
349741.6.peg.2266.site.14, 2, 94, 96
349741.6.peg.2266.site.15, 0, 94, 94
349741.6.peg.2266.site.16, 79, 95, 174
349741.6.peg.2266.site.17, 79, 95, 174
349741.6.peg.2266.site.18, 4, 94, 98
349741.6.peg.2266.site.19, 76, 92, 168
349741.6.peg.2266.site.20, 66, 82, 148
349741.6.peg.2266.site.21, 74, 75, 149
349741.6.peg.2266.site.22, 1, 79, 80
349741.6.peg.2266.site.23, 41, 65, 106
349741.6.peg.2266.site.24, 30, 46, 76
349741.6.peg.2266.site.25, 11, 27, 38
349741.6.peg.2266.site.26, 81, 97, 178
349741.6.peg.2266.site.27, 4, 97, 101
349741.6.peg.2266.site.28, 8, 96, 104
349741.6.peg.2266.site.29, 1, 97, 98
349741.6.peg.2266.site.30, 80, 96, 176
349741.6.peg.2266.site.31, 79, 95, 174
349741.6.peg.2266.site.32, 1, 96, 97
349741.6.peg.2266.site.33, 3, 95, 98
349741.6.peg.2266.site.34, 81, 97, 178
349741.6.peg.2266.site.35, 2, 94, 96
349741.6.peg.2266.site.36, 71, 87, 158
349741.6.peg.2266.site.37, 70, 86, 156
349741.6.peg.2266.site.38, 72, 88, 160
349741.6.peg.2266.site.39, 3, 88, 91
349741.6.peg.2266.site.40, 74, 90, 164
349741.6.peg.2266.site.41, 77, 86, 163
349741.6.peg.2266.site.42, 81, 96, 177
349741.6.peg.2266.site.43, 1, 97, 98
349741.6.peg.2266.site.44, 22, 97, 119
349741.6.peg.2266.site.45, 7, 97, 104
349741.6.peg.2266.site.46, 2, 96, 98
349741.6.peg.2266.site.47, 1, 95, 96
349741.6.peg.2266.site.48, 78, 94, 172
349741.6.peg.2266.site.49, 94, 96, 190
349741.6.peg.2266.site.50, 1, 93, 94
349741.6.peg.2266.site.51, 8, 95, 103
349741.6.peg.2266.site.52, 79, 95, 174
349741.6.peg.2266.site.53, 89, 96, 185
349741.6.peg.2266.site.54, 72, 96, 168
349741.6.peg.2266.site.55, 80, 96, 176
349741.6.peg.2266.site.56, 44, 96, 140
349741.6.peg.2266.site.57, 14, 96, 110
349741.6.peg.2266.site.58, 6, 95, 101
349741.6.peg.2266.site.59, 3, 95, 98
349741.6.peg.2266.site.60, 10, 96, 106
349741.6.peg.2266.site.61, 74, 89, 163
349741.6.peg.2266.site.62, 76, 80, 156
349741.6.peg.2266.site.63, 80, 96, 176
349741.6.peg.89.site.1, 2, 97, 99
349741.6.peg.89.site.2, 1, 97, 98
349741.6.peg.89.site.3, 8, 94, 102
349741.6.peg.89.site.4, 1, 96, 97
349741.6.peg.89.site.5, 47, 94, 141
349741.6.peg.89.site.6, 1, 93, 94
349741.6.peg.89.site.7, 2, 96, 98
349741.6.peg.89.site.8, 1, 97, 98
349741.6.peg.88.site.1, 1, 97, 98
349741.6.peg.88.site.2, 2, 96, 98
349741.6.peg.88.site.3, 1, 97, 98
349741.6.peg.88.site.4, 3, 97, 100
349741.6.peg.88.site.5, 3, 97, 100
349741.6.peg.88.site.6, 2, 97, 99
349741.6.peg.88.site.7, 4, 91, 95
349741.6.peg.88.site.8, 30, 92, 122
349741.6.peg.88.site.9, 6, 94, 100
349741.6.peg.88.site.10, 85, 94, 179
349741.6.peg.88.site.11, 0, 96, 96
349741.6.peg.86.site.1, 27, 96, 123
349741.6.peg.86.site.2, 0, 94, 94
349741.6.peg.86.site.3, 85, 97, 182
349741.6.peg.86.site.4, 27, 97, 124
349741.6.peg.86.site.5, 55, 96, 151
349741.6.peg.86.site.6, 84, 97, 181
349741.6.peg.86.site.7, 2, 96, 98
349741.6.peg.86.site.8, 5, 97, 102
349741.6.peg.86.site.9, 2, 97, 99
349741.6.peg.86.site.10, 0, 97, 97
349741.6.peg.86.site.11, 55, 96, 151
349741.6.peg.86.site.12, 2, 92, 94
349741.6.peg.86.site.13, 78, 93, 171
349741.6.peg.86.site.14, 1, 94, 95
349741.6.peg.86.site.15, 2, 97, 99
349741.6.peg.85.site.1, 2, 97, 99
349741.6.peg.85.site.2, 49, 97, 146
349741.6.peg.85.site.3, 49, 97, 146
349741.6.peg.85.site.4, 1, 97, 98
349741.6.peg.85.site.5, 15, 97, 112
349741.6.peg.85.site.6, 54, 97, 151
349741.6.peg.84.site.1, 49, 97, 146
349741.6.peg.84.site.2, 49, 97, 146
349741.6.peg.84.site.3, 13, 97, 110
349741.6.peg.84.site.4, 1, 97, 98
349741.6.peg.84.site.5, 44, 97, 141
349741.6.peg.84.site.6, 48, 97, 145
349741.6.peg.84.site.7, 49, 97, 146
349741.6.peg.84.site.8, 7, 97, 104
349741.6.peg.84.site.9, 35, 97, 132
349741.6.peg.84.site.10, 49, 97, 146
349741.6.peg.84.site.11, 35, 97, 132
349741.6.peg.84.site.12, 49, 97, 146
349741.6.peg.84.site.13, 3, 96, 99
349741.6.peg.84.site.14, 48, 96, 144
349741.6.peg.84.site.15, 8, 95, 103
349741.6.peg.83.site.1, 3, 75, 78
349741.6.peg.83.site.2, 14, 84, 98
349741.6.peg.83.site.3, 2, 89, 91
349741.6.peg.83.site.4, 67, 94, 161
349741.6.peg.83.site.5, 26, 93, 119
349741.6.peg.83.site.6, 60, 87, 147
349741.6.peg.83.site.7, 36, 89, 125
349741.6.peg.83.site.8, 28, 85, 113
349741.6.peg.83.site.9, 60, 90, 150
349741.6.peg.83.site.10, 52, 65, 117
349741.6.peg.83.site.11, 46, 57, 103
349741.6.peg.83.site.12, 26, 53, 79
349741.6.peg.83.site.13, 24, 48, 72
349741.6.peg.83.site.14, 30, 56, 86
349741.6.peg.83.site.15, 4, 72, 76
349741.6.peg.83.site.16, 29, 95, 124
349741.6.peg.83.site.17, 1, 96, 97
349741.6.peg.83.site.18, 3, 97, 100
349741.6.peg.83.site.19, 3, 97, 100
349741.6.peg.83.site.20, 96, 96, 192
349741.6.peg.83.site.21, 2, 96, 98
349741.6.peg.83.site.22, 19, 77, 96
349741.6.peg.83.site.23, 7, 62, 69
349741.6.peg.82.site.1, 8, 92, 100
349741.6.peg.82.site.2, 74, 94, 168
349741.6.peg.82.site.3, 69, 96, 165
349741.6.peg.82.site.4, 1, 96, 97
349741.6.peg.82.site.5, 70, 97, 167
349741.6.peg.82.site.6, 27, 97, 124
349741.6.peg.82.site.7, 43, 97, 140
349741.6.peg.82.site.8, 42, 96, 138
349741.6.peg.82.site.9, 26, 93, 119
349741.6.peg.82.site.10, 2, 85, 87
349741.6.peg.82.site.11, 58, 85, 143
349741.6.peg.82.site.12, 70, 89, 159
349741.6.peg.82.site.13, 66, 93, 159
349741.6.peg.82.site.14, 70, 97, 167
349741.6.peg.81.site.1, 17, 97, 114
349741.6.peg.81.site.2, 70, 97, 167
349741.6.peg.81.site.3, 23, 94, 117
349741.6.peg.81.site.4, 7, 95, 102
349741.6.peg.81.site.5, 65, 92, 157
349741.6.peg.81.site.6, 2, 93, 95
349741.6.peg.81.site.7, 14, 28, 42
349741.6.peg.81.site.8, 20, 29, 49
349741.6.peg.81.site.9, 30, 30, 60
349741.6.peg.81.site.10, 31, 33, 64
349741.6.peg.81.site.11, 24, 51, 75
349741.6.peg.81.site.12, 2, 93, 95
349741.6.peg.81.site.13, 69, 96, 165
349741.6.peg.81.site.14, 2, 95, 97
349741.6.peg.2268.site.1, 3, 58, 61
349741.6.peg.2268.site.2, 53, 57, 110
349741.6.peg.2268.site.3, 74, 90, 164
349741.6.peg.2268.site.4, 76, 92, 168
349741.6.peg.2268.site.5, 2, 31, 33
349741.6.peg.2268.site.6, 3, 96, 99
349741.6.peg.2268.site.7, 2, 93, 95
349741.6.peg.2268.site.8, 2, 88, 90
349741.6.peg.998.site.1, 3, 79, 82
349741.6.peg.998.site.2, 9, 87, 96
349741.6.peg.998.site.3, 1, 85, 86
349741.6.peg.998.site.4, 1, 85, 86
349741.6.peg.998.site.5, 9, 85, 94
349741.6.peg.998.site.6, 2, 96, 98
349741.6.peg.998.site.7, 12, 97, 109
349741.6.peg.998.site.8, 12, 97, 109
349741.6.peg.998.site.9, 12, 97, 109
349741.6.peg.998.site.10, 9, 87, 96
349741.6.peg.998.site.11, 1, 86, 87
349741.6.peg.998.site.12, 7, 85, 92
349741.6.peg.998.site.13, 7, 85, 92
349741.6.peg.998.site.14, 9, 94, 103
349741.6.peg.999.site.1, 0, 80, 80
349741.6.peg.999.site.2, 1, 82, 83
349741.6.peg.999.site.3, 2, 86, 88
349741.6.peg.999.site.4, 2, 88, 90
349741.6.peg.999.site.5, 1, 94, 95
349741.6.peg.999.site.6, 12, 94, 106
349741.6.peg.999.site.7, 2, 93, 95
349741.6.peg.999.site.8, 6, 84, 90
349741.6.peg.999.site.9, 4, 84, 88
349741.6.peg.999.site.10, 79, 85, 164
349741.6.peg.999.site.11, 1, 86, 87
349741.6.peg.999.site.12, 2, 88, 90
349741.6.peg.999.site.13, 8, 88, 96
349741.6.peg.999.site.14, 6, 88, 94
349741.6.peg.999.site.15, 1, 88, 89
349741.6.peg.999.site.16, 22, 87, 109
349741.6.peg.999.site.17, 8, 93, 101
349741.6.peg.999.site.18, 2, 97, 99
349741.6.peg.999.site.19, 12, 96, 108
349741.6.peg.999.site.20, 2, 97, 99
349741.6.peg.999.site.21, 2, 96, 98
349741.6.peg.996.site.1, 2, 97, 99
349741.6.peg.996.site.2, 2, 97, 99
349741.6.peg.996.site.3, 2, 97, 99
349741.6.peg.996.site.4, 1, 97, 98
349741.6.peg.996.site.5, 3, 97, 100
349741.6.peg.996.site.6, 2, 97, 99
349741.6.peg.996.site.7, 10, 95, 105
349741.6.peg.996.site.8, 4, 96, 100
349741.6.peg.996.site.9, 9, 96, 105
349741.6.peg.996.site.10, 8, 96, 104
349741.6.peg.996.site.11, 9, 96, 105
349741.6.peg.996.site.12, 2, 97, 99
349741.6.peg.996.site.13, 2, 97, 99
349741.6.peg.996.site.14, 1, 97, 98
349741.6.peg.996.site.15, 9, 94, 103
349741.6.peg.996.site.16, 32, 95, 127
349741.6.peg.996.site.17, 1, 92, 93
349741.6.peg.996.site.18, 1, 96, 97
349741.6.peg.996.site.19, 1, 96, 97
349741.6.peg.996.site.20, 0, 95, 95
349741.6.peg.996.site.21, 7, 97, 104
349741.6.peg.996.site.22, 1, 97, 98
349741.6.peg.996.site.23, 7, 97, 104
349741.6.peg.996.site.24, 0, 97, 97
349741.6.peg.996.site.25, 5, 95, 100
349741.6.peg.996.site.26, 2, 89, 91
349741.6.peg.996.site.27, 1, 89, 90
349741.6.peg.996.site.28, 3, 95, 98
349741.6.peg.997.site.1, 10, 95, 105
349741.6.peg.997.site.2, 8, 94, 102
349741.6.peg.997.site.3, 9, 95, 104
349741.6.peg.997.site.4, 2, 97, 99
349741.6.peg.997.site.5, 7, 97, 104
349741.6.peg.997.site.6, 2, 97, 99
349741.6.peg.997.site.7, 1, 97, 98
349741.6.peg.997.site.8, 10, 96, 106
349741.6.peg.997.site.9, 3, 84, 87
349741.6.peg.997.site.10, 20, 85, 105
349741.6.peg.997.site.11, 1, 73, 74
349741.6.peg.997.site.12, 69, 82, 151
349741.6.peg.997.site.13, 33, 83, 116
349741.6.peg.997.site.14, 7, 93, 100
349741.6.peg.997.site.15, 9, 94, 103
349741.6.peg.997.site.16, 2, 94, 96
349741.6.peg.997.site.17, 7, 93, 100
349741.6.peg.997.site.18, 2, 88, 90
349741.6.peg.997.site.19, 89, 89, 178
349741.6.peg.997.site.20, 9, 88, 97
349741.6.peg.997.site.21, 5, 93, 98
349741.6.peg.997.site.22, 2, 94, 96
349741.6.peg.997.site.23, 9, 97, 106
349741.6.peg.997.site.24, 2, 96, 98
349741.6.peg.997.site.25, 7, 95, 102
349741.6.peg.997.site.26, 13, 96, 109
349741.6.peg.997.site.27, 18, 97, 115
349741.6.peg.997.site.28, 2, 97, 99
349741.6.peg.997.site.29, 9, 97, 106
349741.6.peg.994.site.1, 7, 97, 104
349741.6.peg.994.site.2, 13, 97, 110
349741.6.peg.994.site.3, 36, 94, 130
349741.6.peg.994.site.4, 49, 91, 140
349741.6.peg.994.site.5, 2, 95, 97
349741.6.peg.994.site.6, 38, 97, 135
349741.6.peg.994.site.7, 18, 97, 115
349741.6.peg.994.site.8, 16, 97, 113
349741.6.peg.994.site.9, 34, 97, 131
349741.6.peg.994.site.10, 0, 97, 97
349741.6.peg.994.site.11, 45, 97, 142
349741.6.peg.994.site.12, 8, 97, 105
349741.6.peg.994.site.13, 0, 97, 97
349741.6.peg.994.site.14, 5, 97, 102
349741.6.peg.994.site.15, 34, 92, 126
349741.6.peg.994.site.16, 1, 92, 93
349741.6.peg.994.site.17, 32, 95, 127
349741.6.peg.994.site.18, 83, 97, 180
349741.6.peg.994.site.19, 32, 93, 125
349741.6.peg.994.site.20, 1, 96, 97
349741.6.peg.994.site.21, 1, 91, 92
349741.6.peg.994.site.22, 83, 93, 176
349741.6.peg.994.site.23, 1, 94, 95
349741.6.peg.994.site.24, 1, 93, 94
349741.6.peg.994.site.25, 1, 93, 94
349741.6.peg.994.site.26, 1, 96, 97
349741.6.peg.994.site.27, 31, 95, 126
349741.6.peg.994.site.28, 1, 97, 98
349741.6.peg.994.site.29, 95, 97, 192
349741.6.peg.994.site.30, 1, 97, 98
349741.6.peg.994.site.31, 1, 95, 96
349741.6.peg.994.site.32, 1, 93, 94
349741.6.peg.994.site.33, 1, 92, 93
349741.6.peg.994.site.34, 5, 92, 97
349741.6.peg.994.site.35, 0, 92, 92
349741.6.peg.994.site.36, 28, 89, 117
349741.6.peg.994.site.37, 2, 93, 95
349741.6.peg.994.site.38, 89, 95, 184
349741.6.peg.994.site.39, 1, 96, 97
349741.6.peg.994.site.40, 8, 96, 104
349741.6.peg.994.site.41, 1, 97, 98
349741.6.peg.994.site.42, 1, 97, 98
349741.6.peg.994.site.43, 17, 97, 114
349741.6.peg.994.site.44, 1, 96, 97
349741.6.peg.994.site.45, 0, 94, 94
349741.6.peg.994.site.46, 0, 95, 95
349741.6.peg.994.site.47, 1, 95, 96
349741.6.peg.994.site.48, 33, 96, 129
349741.6.peg.994.site.49, 1, 97, 98
349741.6.peg.994.site.50, 1, 96, 97
349741.6.peg.994.site.51, 1, 96, 97
349741.6.peg.994.site.52, 32, 96, 128
349741.6.peg.994.site.53, 7, 96, 103
349741.6.peg.994.site.54, 1, 97, 98
349741.6.peg.994.site.55, 1, 96, 97
349741.6.peg.994.site.56, 1, 97, 98
349741.6.peg.994.site.57, 2, 97, 99
349741.6.peg.994.site.58, 1, 97, 98
349741.6.peg.994.site.59, 38, 91, 129
349741.6.peg.994.site.60, 2, 94, 96
349741.6.peg.994.site.61, 16, 93, 109
349741.6.peg.994.site.62, 16, 95, 111
349741.6.peg.995.site.1, 4, 96, 100
349741.6.peg.995.site.2, 1, 96, 97
349741.6.peg.995.site.3, 29, 95, 124
349741.6.peg.995.site.4, 10, 96, 106
349741.6.peg.995.site.5, 7, 96, 103
349741.6.peg.995.site.6, 8, 96, 104
349741.6.peg.995.site.7, 1, 97, 98
349741.6.peg.995.site.8, 2, 97, 99
349741.6.peg.995.site.9, 1, 97, 98
349741.6.peg.995.site.10, 4, 96, 100
349741.6.peg.995.site.11, 1, 97, 98
349741.6.peg.995.site.12, 1, 97, 98
349741.6.peg.995.site.13, 1, 96, 97
349741.6.peg.995.site.14, 1, 97, 98
349741.6.peg.995.site.15, 34, 97, 131
349741.6.peg.995.site.16, 1, 95, 96
349741.6.peg.995.site.17, 1, 96, 97
349741.6.peg.995.site.18, 1, 96, 97
349741.6.peg.995.site.19, 1, 96, 97
349741.6.peg.995.site.20, 19, 94, 113
349741.6.peg.995.site.21, 1, 93, 94
349741.6.peg.995.site.22, 1, 94, 95
349741.6.peg.995.site.23, 11, 94, 105
349741.6.peg.995.site.24, 1, 95, 96
349741.6.peg.995.site.25, 7, 97, 104
349741.6.peg.995.site.26, 7, 97, 104
349741.6.peg.995.site.27, 7, 97, 104
349741.6.peg.995.site.28, 7, 97, 104
349741.6.peg.995.site.29, 1, 97, 98
349741.6.peg.995.site.30, 3, 96, 99
349741.6.peg.995.site.31, 3, 97, 100
349741.6.peg.995.site.32, 1, 97, 98
349741.6.peg.995.site.33, 6, 96, 102
349741.6.peg.995.site.34, 1, 97, 98
349741.6.peg.995.site.35, 1, 97, 98
349741.6.peg.995.site.36, 4, 96, 100
349741.6.peg.995.site.37, 1, 97, 98
349741.6.peg.995.site.38, 0, 96, 96
349741.6.peg.995.site.39, 1, 97, 98
349741.6.peg.995.site.40, 4, 97, 101
349741.6.peg.995.site.41, 7, 97, 104
349741.6.peg.995.site.42, 1, 97, 98
349741.6.peg.995.site.43, 1, 97, 98
349741.6.peg.995.site.44, 1, 97, 98
349741.6.peg.993.site.1, 1, 96, 97
349741.6.peg.993.site.2, 7, 97, 104
349741.6.peg.993.site.3, 20, 97, 117
349741.6.peg.993.site.4, 0, 97, 97
349741.6.peg.993.site.5, 0, 97, 97
349741.6.peg.993.site.6, 40, 96, 136
349741.6.peg.993.site.7, 48, 96, 144
349741.6.peg.993.site.8, 8, 97, 105
349741.6.peg.993.site.9, 4, 97, 101
349741.6.peg.993.site.10, 44, 96, 140
349741.6.peg.993.site.11, 2, 96, 98
349741.6.peg.993.site.12, 0, 97, 97
349741.6.peg.993.site.13, 3, 97, 100
349741.6.peg.993.site.14, 3, 97, 100
349741.6.peg.990.site.1, 1, 97, 98
349741.6.peg.990.site.2, 17, 97, 114
349741.6.peg.990.site.3, 1, 95, 96
349741.6.peg.990.site.4, 0, 97, 97
349741.6.peg.990.site.5, 1, 97, 98
349741.6.peg.990.site.6, 1, 97, 98
349741.6.peg.990.site.7, 1, 97, 98
349741.6.peg.990.site.8, 1, 97, 98
349741.6.peg.990.site.9, 2, 96, 98
349741.6.peg.990.site.10, 1, 97, 98
349741.6.peg.990.site.11, 1, 97, 98
349741.6.peg.990.site.12, 1, 97, 98
349741.6.peg.990.site.13, 84, 96, 180
349741.6.peg.990.site.14, 1, 93, 94
349741.6.peg.990.site.15, 43, 95, 138
349741.6.peg.990.site.16, 1, 94, 95
349741.6.peg.990.site.17, 3, 94, 97
349741.6.peg.990.site.18, 1, 95, 96
349741.6.peg.990.site.19, 1, 95, 96
349741.6.peg.990.site.20, 68, 94, 162
349741.6.peg.990.site.21, 2, 94, 96
349741.6.peg.990.site.22, 4, 95, 99
349741.6.peg.991.site.1, 1, 97, 98
349741.6.peg.991.site.2, 6, 97, 103
349741.6.peg.991.site.3, 0, 97, 97
349741.6.peg.991.site.4, 56, 97, 153
349741.6.peg.991.site.5, 0, 97, 97
349741.6.peg.1662.site.1, 39, 97, 136
349741.6.peg.1662.site.2, 17, 97, 114
349741.6.peg.1662.site.3, 38, 97, 135
349741.6.peg.1662.site.4, 39, 97, 136
349741.6.peg.1662.site.5, 3, 97, 100
349741.6.peg.1662.site.6, 8, 97, 105
349741.6.peg.1662.site.7, 0, 97, 97
349741.6.peg.1662.site.8, 3, 97, 100
349741.6.peg.1662.site.9, 96, 97, 193
349741.6.peg.1662.site.10, 4, 97, 101
349741.6.peg.1662.site.11, 41, 97, 138
349741.6.peg.1662.site.12, 39, 97, 136
349741.6.peg.1663.site.1, 39, 97, 136
349741.6.peg.1663.site.2, 95, 97, 192
349741.6.peg.1663.site.3, 53, 97, 150
349741.6.peg.1663.site.4, 39, 95, 134
349741.6.peg.1663.site.5, 92, 92, 184
349741.6.peg.1663.site.6, 39, 97, 136
349741.6.peg.1663.site.7, 1, 96, 97
349741.6.peg.1663.site.8, 1, 95, 96
349741.6.peg.1663.site.9, 3, 97, 100
349741.6.peg.1663.site.10, 1, 96, 97
349741.6.peg.1663.site.11, 3, 97, 100
349741.6.peg.1663.site.12, 2, 97, 99
349741.6.peg.1663.site.13, 0, 97, 97
349741.6.peg.1663.site.14, 1, 97, 98
349741.6.peg.1663.site.15, 32, 97, 129
349741.6.peg.1663.site.16, 1, 97, 98
349741.6.peg.1663.site.17, 3, 97, 100
349741.6.peg.1663.site.18, 36, 97, 133
349741.6.peg.1663.site.19, 36, 97, 133
349741.6.peg.1663.site.20, 1, 97, 98
349741.6.peg.1663.site.21, 1, 97, 98
349741.6.peg.1660.site.1, 93, 97, 190
349741.6.peg.1660.site.2, 32, 97, 129
349741.6.peg.1660.site.3, 97, 97, 194
349741.6.peg.1660.site.4, 80, 96, 176
349741.6.peg.1660.site.5, 52, 55, 107
349741.6.peg.1660.site.6, 24, 40, 64
349741.6.peg.1660.site.7, 4, 20, 24
349741.6.peg.1660.site.8, 3, 22, 25
349741.6.peg.1660.site.9, 21, 22, 43
349741.6.peg.1660.site.10, 33, 49, 82
349741.6.peg.1660.site.11, 1, 97, 98
349741.6.peg.1660.site.12, 83, 97, 180
349741.6.peg.1660.site.13, 81, 97, 178
349741.6.peg.1660.site.14, 2, 97, 99
349741.6.peg.1660.site.15, 87, 90, 177
349741.6.peg.1660.site.16, 64, 90, 154
349741.6.peg.1660.site.17, 61, 87, 148
349741.6.peg.1660.site.18, 92, 92, 184
349741.6.peg.1660.site.19, 69, 95, 164
349741.6.peg.1660.site.20, 69, 95, 164
349741.6.peg.1661.site.1, 26, 52, 78
349741.6.peg.1661.site.2, 6, 31, 37
349741.6.peg.1661.site.3, 61, 87, 148
349741.6.peg.1661.site.4, 71, 97, 168
349741.6.peg.1661.site.5, 1, 97, 98
349741.6.peg.1661.site.6, 25, 97, 122
349741.6.peg.1661.site.7, 82, 92, 174
349741.6.peg.1661.site.8, 59, 85, 144
349741.6.peg.1661.site.9, 16, 78, 94
349741.6.peg.1661.site.10, 52, 70, 122
349741.6.peg.1661.site.11, 62, 83, 145
349741.6.peg.1661.site.12, 69, 95, 164
349741.6.peg.1661.site.13, 91, 97, 188
349741.6.peg.1661.site.14, 27, 97, 124
349741.6.peg.1661.site.15, 27, 97, 124
349741.6.peg.1661.site.16, 45, 71, 116
349741.6.peg.1661.site.17, 44, 70, 114
349741.6.peg.1661.site.18, 71, 97, 168
349741.6.peg.1661.site.19, 71, 97, 168
349741.6.peg.1661.site.20, 1, 97, 98
349741.6.peg.1661.site.21, 71, 97, 168
349741.6.peg.1661.site.22, 71, 97, 168
349741.6.peg.1661.site.23, 3, 97, 100
349741.6.peg.1661.site.24, 74, 97, 171
349741.6.peg.1661.site.25, 27, 97, 124
349741.6.peg.1661.site.26, 72, 97, 169
349741.6.peg.1661.site.27, 70, 97, 167
349741.6.peg.1661.site.28, 4, 97, 101
349741.6.peg.1661.site.29, 0, 97, 97
349741.6.peg.1661.site.30, 8, 97, 105
349741.6.peg.1661.site.31, 1, 97, 98
349741.6.peg.1661.site.32, 14, 97, 111
349741.6.peg.1661.site.33, 14, 97, 111
349741.6.peg.1661.site.34, 1, 97, 98
349741.6.peg.1661.site.35, 39, 97, 136
349741.6.peg.1661.site.36, 96, 97, 193
349741.6.peg.1666.site.1, 1, 97, 98
349741.6.peg.1666.site.2, 2, 97, 99
349741.6.peg.1666.site.3, 3, 97, 100
349741.6.peg.1666.site.4, 27, 96, 123
349741.6.peg.1666.site.5, 51, 95, 146
349741.6.peg.1666.site.6, 27, 95, 122
349741.6.peg.1666.site.7, 0, 95, 95
349741.6.peg.1666.site.8, 53, 97, 150
349741.6.peg.1666.site.9, 45, 97, 142
349741.6.peg.1667.site.1, 0, 97, 97
349741.6.peg.1667.site.2, 53, 97, 150
349741.6.peg.1667.site.3, 53, 97, 150
349741.6.peg.1667.site.4, 53, 97, 150
349741.6.peg.1667.site.5, 53, 97, 150
349741.6.peg.1667.site.6, 92, 97, 189
349741.6.peg.1667.site.7, 25, 96, 121
349741.6.peg.1667.site.8, 0, 94, 94
349741.6.peg.1664.site.1, 1, 97, 98
349741.6.peg.1664.site.2, 0, 97, 97
349741.6.peg.1664.site.3, 3, 97, 100
349741.6.peg.1664.site.4, 29, 97, 126
349741.6.peg.1664.site.5, 1, 97, 98
349741.6.peg.1664.site.6, 36, 97, 133
349741.6.peg.1664.site.7, 31, 97, 128
349741.6.peg.1664.site.8, 10, 95, 105
349741.6.peg.1664.site.9, 2, 94, 96
349741.6.peg.1664.site.10, 1, 93, 94
349741.6.peg.1664.site.11, 73, 79, 152
349741.6.peg.1664.site.12, 27, 67, 94
349741.6.peg.1664.site.13, 12, 65, 77
349741.6.peg.1664.site.14, 16, 63, 79
349741.6.peg.1664.site.15, 14, 74, 88
349741.6.peg.1664.site.16, 0, 94, 94
349741.6.peg.1664.site.17, 3, 95, 98
349741.6.peg.1664.site.18, 41, 94, 135
349741.6.peg.1664.site.19, 13, 94, 107
349741.6.peg.1664.site.20, 53, 89, 142
349741.6.peg.1664.site.21, 53, 95, 148
349741.6.peg.1664.site.22, 27, 96, 123
349741.6.peg.1664.site.23, 24, 97, 121
349741.6.peg.1664.site.24, 53, 97, 150
349741.6.peg.1664.site.25, 10, 97, 107
349741.6.peg.1664.site.26, 52, 96, 148
349741.6.peg.1664.site.27, 28, 93, 121
349741.6.peg.1664.site.28, 29, 93, 122
349741.6.peg.1664.site.29, 25, 88, 113
349741.6.peg.1664.site.30, 25, 90, 115
349741.6.peg.1664.site.31, 2, 95, 97
349741.6.peg.1664.site.32, 1, 97, 98
349741.6.peg.1668.site.1, 4, 95, 99
349741.6.peg.1668.site.2, 92, 97, 189
349741.6.peg.1668.site.3, 3, 97, 100
349741.6.peg.1668.site.4, 53, 97, 150
349741.6.peg.1668.site.5, 18, 97, 115
349741.6.peg.1668.site.6, 7, 97, 104
349741.6.peg.1668.site.7, 1, 97, 98
349741.6.peg.1668.site.8, 37, 96, 133
349741.6.peg.1668.site.9, 2, 97, 99
349741.6.peg.1668.site.10, 0, 97, 97
349741.6.peg.1668.site.11, 4, 97, 101
349741.6.peg.1668.site.12, 2, 97, 99
349741.6.peg.1668.site.13, 46, 96, 142
349741.6.peg.1668.site.14, 62, 97, 159
349741.6.peg.1668.site.15, 32, 97, 129
349741.6.peg.1668.site.16, 10, 97, 107
349741.6.peg.862.site.1, 3, 97, 100
349741.6.peg.862.site.2, 2, 97, 99
349741.6.peg.862.site.3, 3, 97, 100
349741.6.peg.862.site.4, 70, 97, 167
349741.6.peg.862.site.5, 83, 97, 180
349741.6.peg.862.site.6, 3, 97, 100
349741.6.peg.862.site.7, 67, 97, 164
349741.6.peg.862.site.8, 67, 97, 164
349741.6.peg.862.site.9, 2, 96, 98
349741.6.peg.862.site.10, 1, 95, 96
349741.6.peg.862.site.11, 1, 95, 96
349741.6.peg.862.site.12, 2, 96, 98
349741.6.peg.862.site.13, 95, 97, 192
349741.6.peg.862.site.14, 6, 97, 103
349741.6.peg.862.site.15, 1, 97, 98
349741.6.peg.862.site.16, 33, 97, 130
349741.6.peg.862.site.17, 3, 97, 100
349741.6.peg.862.site.18, 8, 97, 105
349741.6.peg.862.site.19, 4, 76, 80
349741.6.peg.862.site.20, 11, 77, 88
349741.6.peg.860.site.1, 2, 96, 98
349741.6.peg.860.site.2, 2, 96, 98
349741.6.peg.860.site.3, 70, 96, 166
349741.6.peg.860.site.4, 82, 96, 178
349741.6.peg.861.site.1, 3, 96, 99
349741.6.peg.861.site.2, 91, 96, 187
349741.6.peg.861.site.3, 3, 96, 99
349741.6.peg.861.site.4, 79, 96, 175
349741.6.peg.861.site.5, 79, 96, 175
349741.6.peg.861.site.6, 3, 96, 99
349741.6.peg.861.site.7, 0, 96, 96
349741.6.peg.861.site.8, 11, 96, 107
349741.6.peg.861.site.9, 3, 95, 98
349741.6.peg.861.site.10, 0, 95, 95
349741.6.peg.861.site.11, 3, 96, 99
349741.6.peg.861.site.12, 4, 96, 100
349741.6.peg.861.site.13, 2, 93, 95
349741.6.peg.861.site.14, 5, 92, 97
349741.6.peg.861.site.15, 2, 91, 93
349741.6.peg.861.site.16, 3, 96, 99
349741.6.peg.861.site.17, 2, 96, 98
349741.6.peg.861.site.18, 2, 96, 98
349741.6.peg.861.site.19, 3, 96, 99
349741.6.peg.861.site.20, 3, 96, 99
349741.6.peg.861.site.21, 3, 96, 99
349741.6.peg.861.site.22, 3, 96, 99
349741.6.peg.861.site.23, 3, 95, 98
349741.6.peg.861.site.24, 2, 94, 96
349741.6.peg.861.site.25, 65, 93, 158
349741.6.peg.861.site.26, 70, 93, 163
349741.6.peg.867.site.1, 47, 71, 118
349741.6.peg.867.site.2, 70, 97, 167
349741.6.peg.867.site.3, 70, 97, 167
349741.6.peg.867.site.4, 70, 96, 166
349741.6.peg.867.site.5, 1, 97, 98
349741.6.peg.864.site.1, 2, 79, 81
349741.6.peg.864.site.2, 5, 83, 88
349741.6.peg.864.site.3, 26, 85, 111
349741.6.peg.864.site.4, 6, 90, 96
349741.6.peg.864.site.5, 26, 85, 111
349741.6.peg.864.site.6, 26, 85, 111
349741.6.peg.864.site.7, 16, 75, 91
349741.6.peg.864.site.8, 19, 66, 85
349741.6.peg.864.site.9, 7, 66, 73
349741.6.peg.864.site.10, 9, 68, 77
349741.6.peg.864.site.11, 31, 90, 121
349741.6.peg.864.site.12, 33, 92, 125
349741.6.peg.864.site.13, 35, 94, 129
349741.6.peg.864.site.14, 3, 97, 100
349741.6.peg.864.site.15, 97, 97, 194
349741.6.peg.864.site.16, 9, 97, 106
349741.6.peg.864.site.17, 3, 96, 99
349741.6.peg.864.site.18, 37, 96, 133
349741.6.peg.864.site.19, 36, 96, 132
349741.6.peg.864.site.20, 43, 96, 139
349741.6.peg.864.site.21, 8, 69, 77
349741.6.peg.864.site.22, 1, 60, 61
349741.6.peg.864.site.23, 1, 59, 60
349741.6.peg.864.site.24, 14, 56, 70
349741.6.peg.864.site.25, 5, 57, 62
349741.6.peg.864.site.26, 31, 55, 86
349741.6.peg.864.site.27, 29, 53, 82
349741.6.peg.864.site.28, 38, 62, 100
349741.6.peg.864.site.29, 46, 70, 116
349741.6.peg.864.site.30, 35, 59, 94
349741.6.peg.864.site.31, 19, 43, 62
349741.6.peg.864.site.32, 8, 32, 40
349741.6.peg.864.site.33, 29, 53, 82
349741.6.peg.864.site.34, 1, 69, 70
349741.6.peg.864.site.35, 53, 77, 130
349741.6.peg.864.site.36, 58, 82, 140
349741.6.peg.864.site.37, 2, 93, 95
349741.6.peg.864.site.38, 69, 96, 165
349741.6.peg.864.site.39, 70, 93, 163
349741.6.peg.864.site.40, 8, 91, 99
349741.6.peg.864.site.41, 1, 82, 83
349741.6.peg.864.site.42, 32, 62, 94
349741.6.peg.864.site.43, 38, 67, 105
349741.6.peg.864.site.44, 40, 94, 134
349741.6.peg.864.site.45, 67, 96, 163
349741.6.peg.864.site.46, 4, 95, 99
349741.6.peg.864.site.47, 17, 97, 114
349741.6.peg.864.site.48, 67, 95, 162
349741.6.peg.864.site.49, 80, 95, 175
349741.6.peg.864.site.50, 79, 96, 175
349741.6.peg.864.site.51, 15, 96, 111
349741.6.peg.864.site.52, 2, 97, 99
349741.6.peg.864.site.53, 66, 97, 163
349741.6.peg.864.site.54, 2, 96, 98
349741.6.peg.864.site.55, 1, 95, 96
349741.6.peg.864.site.56, 1, 95, 96
349741.6.peg.864.site.57, 78, 94, 172
349741.6.peg.864.site.58, 0, 94, 94
349741.6.peg.864.site.59, 78, 94, 172
349741.6.peg.864.site.60, 52, 93, 145
349741.6.peg.864.site.61, 68, 93, 161
349741.6.peg.864.site.62, 31, 93, 124
349741.6.peg.864.site.63, 79, 93, 172
349741.6.peg.864.site.64, 4, 20, 24
349741.6.peg.864.site.65, 10, 92, 102
349741.6.peg.865.site.1, 10, 97, 107
349741.6.peg.865.site.2, 2, 97, 99
349741.6.peg.865.site.3, 0, 97, 97
349741.6.peg.865.site.4, 3, 97, 100
349741.6.peg.865.site.5, 1, 97, 98
349741.6.peg.865.site.6, 3, 97, 100
349741.6.peg.865.site.7, 71, 95, 166
349741.6.peg.865.site.8, 1, 97, 98
349741.6.peg.865.site.9, 30, 97, 127
349741.6.peg.865.site.10, 3, 97, 100
349741.6.peg.865.site.11, 66, 96, 162
349741.6.peg.865.site.12, 2, 96, 98
349741.6.peg.865.site.13, 3, 96, 99
349741.6.peg.865.site.14, 7, 97, 104
349741.6.peg.865.site.15, 2, 97, 99
349741.6.peg.865.site.16, 3, 97, 100
349741.6.peg.865.site.17, 0, 97, 97
349741.6.peg.865.site.18, 4, 97, 101
349741.6.peg.865.site.19, 66, 93, 159
349741.6.peg.865.site.20, 2, 93, 95
349741.6.peg.865.site.21, 65, 89, 154
349741.6.peg.865.site.22, 62, 86, 148
349741.6.peg.865.site.23, 2, 26, 28
349741.6.peg.865.site.24, 1, 25, 26
349741.6.peg.865.site.25, 7, 18, 25
349741.6.peg.868.site.1, 49, 91, 140
349741.6.peg.868.site.2, 1, 90, 91
349741.6.peg.868.site.3, 70, 94, 164
349741.6.peg.868.site.4, 8, 97, 105
349741.6.peg.868.site.5, 69, 97, 166
349741.6.peg.868.site.6, 68, 96, 164
349741.6.peg.868.site.7, 0, 93, 93
349741.6.peg.868.site.8, 89, 93, 182
349741.6.peg.868.site.9, 78, 95, 173
349741.6.peg.868.site.10, 8, 95, 103
349741.6.peg.868.site.11, 24, 93, 117
349741.6.peg.868.site.12, 18, 95, 113
349741.6.peg.868.site.13, 3, 93, 96
349741.6.peg.868.site.14, 18, 96, 114
349741.6.peg.868.site.15, 1, 96, 97
349741.6.peg.868.site.16, 1, 96, 97
349741.6.peg.868.site.17, 1, 95, 96
349741.6.peg.868.site.18, 2, 95, 97
349741.6.peg.868.site.19, 1, 96, 97
349741.6.peg.868.site.20, 0, 96, 96
349741.6.peg.868.site.21, 1, 94, 95
349741.6.peg.868.site.22, 1, 94, 95
349741.6.peg.868.site.23, 4, 97, 101
349741.6.peg.868.site.24, 2, 96, 98
349741.6.peg.868.site.25, 78, 97, 175
349741.6.peg.868.site.26, 69, 96, 165
349741.6.peg.868.site.27, 82, 97, 179
349741.6.peg.868.site.28, 1, 97, 98
349741.6.peg.868.site.29, 1, 97, 98
349741.6.peg.868.site.30, 76, 97, 173
349741.6.peg.868.site.31, 0, 96, 96
349741.6.peg.868.site.32, 2, 97, 99
349741.6.peg.868.site.33, 67, 97, 164
349741.6.peg.868.site.34, 69, 97, 166
349741.6.peg.868.site.35, 68, 96, 164
349741.6.peg.868.site.36, 1, 96, 97
349741.6.peg.868.site.37, 2, 97, 99
349741.6.peg.868.site.38, 5, 97, 102
349741.6.peg.868.site.39, 4, 96, 100
349741.6.peg.868.site.40, 2, 97, 99
349741.6.peg.868.site.41, 72, 97, 169
349741.6.peg.868.site.42, 2, 97, 99
349741.6.peg.868.site.43, 2, 97, 99
349741.6.peg.868.site.44, 0, 97, 97
349741.6.peg.868.site.45, 2, 97, 99
349741.6.peg.868.site.46, 2, 97, 99
349741.6.peg.868.site.47, 69, 95, 164
349741.6.peg.868.site.48, 1, 95, 96
349741.6.peg.868.site.49, 1, 94, 95
349741.6.peg.868.site.50, 23, 95, 118
349741.6.peg.868.site.51, 84, 94, 178
349741.6.peg.868.site.52, 72, 94, 166
349741.6.peg.868.site.53, 11, 97, 108
349741.6.peg.868.site.54, 2, 97, 99
349741.6.peg.868.site.55, 5, 97, 102
349741.6.peg.868.site.56, 0, 97, 97
349741.6.peg.868.site.57, 1, 97, 98
349741.6.peg.868.site.58, 2, 97, 99
349741.6.peg.868.site.59, 2, 96, 98
349741.6.peg.868.site.60, 25, 95, 120
349741.6.peg.869.site.1, 2, 93, 95
349741.6.peg.869.site.2, 2, 97, 99
349741.6.peg.869.site.3, 2, 97, 99
349741.6.peg.869.site.4, 64, 97, 161
349741.6.peg.869.site.5, 2, 97, 99
349741.6.peg.869.site.6, 0, 97, 97
349741.6.peg.869.site.7, 2, 97, 99
349741.6.peg.869.site.8, 2, 97, 99
349741.6.peg.869.site.9, 4, 97, 101
349741.6.peg.869.site.10, 2, 97, 99
349741.6.peg.2494.site.1, 7, 69, 76
349741.6.peg.2495.site.1, 21, 66, 87
349741.6.peg.2495.site.2, 7, 74, 81
349741.6.peg.2495.site.3, 7, 81, 88
349741.6.peg.2495.site.4, 35, 85, 120
349741.6.peg.2495.site.5, 70, 91, 161
349741.6.peg.2495.site.6, 42, 92, 134
349741.6.peg.2495.site.7, 29, 95, 124
349741.6.peg.2495.site.8, 0, 96, 96
349741.6.peg.2495.site.9, 0, 97, 97
349741.6.peg.2495.site.10, 2, 97, 99
349741.6.peg.2495.site.11, 1, 95, 96
349741.6.peg.2495.site.12, 1, 97, 98
349741.6.peg.2495.site.13, 30, 97, 127
349741.6.peg.2495.site.14, 2, 97, 99
349741.6.peg.2495.site.15, 30, 96, 126
349741.6.peg.2495.site.16, 30, 97, 127
349741.6.peg.2495.site.17, 30, 97, 127
349741.6.peg.2495.site.18, 33, 97, 130
349741.6.peg.2495.site.19, 22, 97, 119
349741.6.peg.2495.site.20, 30, 96, 126
349741.6.peg.2495.site.21, 46, 97, 143
349741.6.peg.2495.site.22, 7, 96, 103
349741.6.peg.2495.site.23, 14, 96, 110
349741.6.peg.2495.site.24, 7, 97, 104
349741.6.peg.2495.site.25, 51, 94, 145
349741.6.peg.2495.site.26, 49, 88, 137
349741.6.peg.2495.site.27, 2, 82, 84
349741.6.peg.2495.site.28, 12, 71, 83
349741.6.peg.2495.site.29, 14, 66, 80
349741.6.peg.2495.site.30, 3, 62, 65
349741.6.peg.2495.site.31, 15, 58, 73
349741.6.peg.2495.site.32, 15, 60, 75
349741.6.peg.2495.site.33, 3, 81, 84
349741.6.peg.2495.site.34, 7, 89, 96
349741.6.peg.2495.site.35, 36, 96, 132
349741.6.peg.2495.site.36, 2, 95, 97
349741.6.peg.2495.site.37, 6, 93, 99
349741.6.peg.2495.site.38, 28, 93, 121
349741.6.peg.2495.site.39, 2, 93, 95
349741.6.peg.2495.site.40, 9, 93, 102
349741.6.peg.2495.site.41, 90, 92, 182
349741.6.peg.2495.site.42, 1, 97, 98
349741.6.peg.2495.site.43, 9, 97, 106
349741.6.peg.2495.site.44, 1, 97, 98
349741.6.peg.2495.site.45, 1, 97, 98
349741.6.peg.2495.site.46, 58, 96, 154
349741.6.peg.2495.site.47, 55, 96, 151
349741.6.peg.2495.site.48, 44, 92, 136
349741.6.peg.2495.site.49, 2, 94, 96
349741.6.peg.2495.site.50, 43, 95, 138
349741.6.peg.2495.site.51, 28, 93, 121
349741.6.peg.2495.site.52, 4, 94, 98
349741.6.peg.2495.site.53, 6, 93, 99
349741.6.peg.2495.site.54, 42, 92, 134
349741.6.peg.2495.site.55, 4, 89, 93
349741.6.peg.2495.site.56, 66, 91, 157
349741.6.peg.2495.site.57, 45, 95, 140
349741.6.peg.2495.site.58, 2, 92, 94
349741.6.peg.2495.site.59, 1, 91, 92
349741.6.peg.2495.site.60, 37, 96, 133
349741.6.peg.2495.site.61, 4, 97, 101
349741.6.peg.2495.site.62, 0, 95, 95
349741.6.peg.2495.site.63, 9, 95, 104
349741.6.peg.2495.site.64, 40, 97, 137
349741.6.peg.2495.site.65, 2, 97, 99
349741.6.peg.2495.site.66, 2, 95, 97
349741.6.peg.2495.site.67, 29, 96, 125
349741.6.peg.2495.site.68, 4, 96, 100
349741.6.peg.2495.site.69, 10, 94, 104
349741.6.peg.2495.site.70, 2, 95, 97
349741.6.peg.2495.site.71, 38, 95, 133
349741.6.peg.2495.site.72, 2, 95, 97
349741.6.peg.2495.site.73, 43, 96, 139
349741.6.peg.2495.site.74, 8, 93, 101
349741.6.peg.2495.site.75, 40, 90, 130
349741.6.peg.2495.site.76, 32, 97, 129
349741.6.peg.2495.site.77, 29, 97, 126
349741.6.peg.2495.site.78, 41, 97, 138
349741.6.peg.2495.site.79, 41, 96, 137
349741.6.peg.2495.site.80, 41, 97, 138
349741.6.peg.2495.site.81, 16, 97, 113
349741.6.peg.2495.site.82, 4, 97, 101
349741.6.peg.2495.site.83, 38, 97, 135
349741.6.peg.2495.site.84, 41, 95, 136
349741.6.peg.2495.site.85, 3, 96, 99
349741.6.peg.2495.site.86, 42, 96, 138
349741.6.peg.2495.site.87, 67, 96, 163
349741.6.peg.2495.site.88, 4, 96, 100
349741.6.peg.2495.site.89, 2, 96, 98
349741.6.peg.2495.site.90, 39, 96, 135
349741.6.peg.2495.site.91, 42, 96, 138
349741.6.peg.2495.site.92, 3, 96, 99
349741.6.peg.2495.site.93, 79, 95, 174
349741.6.peg.2495.site.94, 40, 95, 135
349741.6.peg.2495.site.95, 91, 93, 184
349741.6.peg.2495.site.96, 2, 97, 99
349741.6.peg.2495.site.97, 0, 97, 97
349741.6.peg.2495.site.98, 43, 97, 140
349741.6.peg.2495.site.99, 42, 96, 138
349741.6.peg.2495.site.100, 9, 97, 106
349741.6.peg.2495.site.101, 2, 97, 99
349741.6.peg.2495.site.102, 40, 97, 137
349741.6.peg.2495.site.103, 2, 95, 97
349741.6.peg.2495.site.104, 2, 97, 99
349741.6.peg.2495.site.105, 46, 97, 143
349741.6.peg.2495.site.106, 5, 97, 102
349741.6.peg.2495.site.107, 42, 97, 139
349741.6.peg.2495.site.108, 41, 95, 136
349741.6.peg.2495.site.109, 2, 93, 95
349741.6.peg.2495.site.110, 9, 94, 103
349741.6.peg.2495.site.111, 55, 96, 151
349741.6.peg.2495.site.112, 71, 97, 168
349741.6.peg.2495.site.113, 22, 97, 119
349741.6.peg.2495.site.114, 75, 97, 172
349741.6.peg.2495.site.115, 4, 97, 101
349741.6.peg.2495.site.116, 42, 97, 139
349741.6.peg.2495.site.117, 31, 96, 127
349741.6.peg.2495.site.118, 3, 96, 99
349741.6.peg.2495.site.119, 7, 96, 103
349741.6.peg.2495.site.120, 1, 90, 91
349741.6.peg.2495.site.121, 9, 90, 99
349741.6.peg.2495.site.122, 37, 84, 121
349741.6.peg.2495.site.123, 5, 87, 92
349741.6.peg.2495.site.124, 50, 88, 138
349741.6.peg.2495.site.125, 93, 96, 189
349741.6.peg.2495.site.126, 9, 97, 106
349741.6.peg.2495.site.127, 42, 96, 138
349741.6.peg.2495.site.128, 2, 97, 99
349741.6.peg.2495.site.129, 42, 97, 139
349741.6.peg.2495.site.130, 3, 96, 99
349741.6.peg.2495.site.131, 1, 96, 97
349741.6.peg.2495.site.132, 2, 96, 98
349741.6.peg.2495.site.133, 38, 96, 134
349741.6.peg.2495.site.134, 40, 95, 135
349741.6.peg.2495.site.135, 40, 95, 135
349741.6.peg.2495.site.136, 28, 96, 124
349741.6.peg.2495.site.137, 29, 97, 126
349741.6.peg.2495.site.138, 10, 97, 107
349741.6.peg.2495.site.139, 42, 97, 139
349741.6.peg.2495.site.140, 3, 96, 99
349741.6.peg.2495.site.141, 3, 97, 100
349741.6.peg.2495.site.142, 3, 97, 100
349741.6.peg.2495.site.143, 4, 97, 101
349741.6.peg.2495.site.144, 3, 96, 99
349741.6.peg.2495.site.145, 10, 97, 107
349741.6.peg.2495.site.146, 1, 97, 98
349741.6.peg.2495.site.147, 39, 97, 136
349741.6.peg.2495.site.148, 5, 97, 102
349741.6.peg.2495.site.149, 29, 97, 126
349741.6.peg.2495.site.150, 42, 97, 139
349741.6.peg.2495.site.151, 3, 97, 100
349741.6.peg.2495.site.152, 16, 97, 113
349741.6.peg.2495.site.153, 41, 96, 137
349741.6.peg.2495.site.154, 41, 94, 135
349741.6.peg.2495.site.155, 25, 96, 121
349741.6.peg.2495.site.156, 16, 97, 113
349741.6.peg.2495.site.157, 38, 91, 129
349741.6.peg.2495.site.158, 3, 92, 95
349741.6.peg.2495.site.159, 42, 93, 135
349741.6.peg.2495.site.160, 3, 94, 97
349741.6.peg.2495.site.161, 44, 95, 139
349741.6.peg.2495.site.162, 23, 96, 119
349741.6.peg.2495.site.163, 0, 97, 97
349741.6.peg.2495.site.164, 16, 97, 113
349741.6.peg.2495.site.165, 29, 97, 126
349741.6.peg.2495.site.166, 1, 68, 69
349741.6.peg.2495.site.167, 17, 65, 82
349741.6.peg.2495.site.168, 20, 68, 88
349741.6.peg.2495.site.169, 31, 77, 108
349741.6.peg.2495.site.170, 33, 96, 129
349741.6.peg.2495.site.171, 3, 97, 100
349741.6.peg.2495.site.172, 13, 97, 110
349741.6.peg.2495.site.173, 43, 97, 140
349741.6.peg.2495.site.174, 3, 97, 100
349741.6.peg.2495.site.175, 2, 97, 99
349741.6.peg.2495.site.176, 42, 97, 139
349741.6.peg.2495.site.177, 46, 95, 141
349741.6.peg.2490.site.1, 8, 96, 104
349741.6.peg.2490.site.2, 1, 90, 91
349741.6.peg.2490.site.3, 4, 89, 93
349741.6.peg.2490.site.4, 7, 89, 96
349741.6.peg.2490.site.5, 3, 88, 91
349741.6.peg.2490.site.6, 4, 89, 93
349741.6.peg.2491.site.1, 14, 87, 101
349741.6.peg.2491.site.2, 24, 31, 55
349741.6.peg.2491.site.3, 28, 96, 124
349741.6.peg.2491.site.4, 2, 96, 98
349741.6.peg.2491.site.5, 6, 96, 102
349741.6.peg.2491.site.6, 6, 97, 103
349741.6.peg.2491.site.7, 95, 97, 192
349741.6.peg.2491.site.8, 23, 97, 120
349741.6.peg.2491.site.9, 0, 97, 97
349741.6.peg.2491.site.10, 1, 96, 97
349741.6.peg.2491.site.11, 3, 96, 99
349741.6.peg.2491.site.12, 32, 96, 128
349741.6.peg.2491.site.13, 0, 96, 96
349741.6.peg.2491.site.14, 8, 96, 104
349741.6.peg.2491.site.15, 7, 96, 103
349741.6.peg.2491.site.16, 76, 94, 170
349741.6.peg.2491.site.17, 60, 89, 149
349741.6.peg.2492.site.1, 3, 84, 87
349741.6.peg.2492.site.2, 2, 97, 99
349741.6.peg.2492.site.3, 7, 97, 104
349741.6.peg.2492.site.4, 15, 97, 112
349741.6.peg.2492.site.5, 8, 96, 104
349741.6.peg.2492.site.6, 20, 95, 115
349741.6.peg.2498.site.1, 28, 92, 120
349741.6.peg.2498.site.2, 28, 92, 120
349741.6.peg.2498.site.3, 28, 92, 120
349741.6.peg.2498.site.4, 1, 87, 88
349741.6.peg.2498.site.5, 24, 85, 109
349741.6.peg.2498.site.6, 20, 93, 113
349741.6.peg.2498.site.7, 28, 95, 123
349741.6.peg.2498.site.8, 22, 96, 118
349741.6.peg.2498.site.9, 1, 96, 97
349741.6.peg.2498.site.10, 1, 96, 97
349741.6.peg.2498.site.11, 63, 96, 159
349741.6.peg.2498.site.12, 11, 95, 106
349741.6.peg.2498.site.13, 1, 96, 97
349741.6.peg.2498.site.14, 10, 95, 105
349741.6.peg.2498.site.15, 48, 95, 143
349741.6.peg.2498.site.16, 13, 95, 108
349741.6.peg.2498.site.17, 24, 96, 120
349741.6.peg.2498.site.18, 22, 95, 117
349741.6.peg.2498.site.19, 2, 94, 96
349741.6.peg.2498.site.20, 22, 93, 115
349741.6.peg.2498.site.21, 72, 95, 167
349741.6.peg.2498.site.22, 47, 92, 139
349741.6.peg.2498.site.23, 48, 95, 143
349741.6.peg.2498.site.24, 9, 92, 101
349741.6.peg.2498.site.25, 10, 93, 103
349741.6.peg.2498.site.26, 30, 89, 119
349741.6.peg.2498.site.27, 41, 88, 129
349741.6.peg.2498.site.28, 20, 67, 87
349741.6.peg.2498.site.29, 41, 72, 113
349741.6.peg.2498.site.30, 8, 72, 80
349741.6.peg.2498.site.31, 13, 86, 99
349741.6.peg.2498.site.32, 63, 85, 148
349741.6.peg.2498.site.33, 42, 77, 119
349741.6.peg.2498.site.34, 22, 94, 116
349741.6.peg.2498.site.35, 3, 96, 99
349741.6.peg.2498.site.36, 3, 96, 99
349741.6.peg.2498.site.37, 76, 93, 169
349741.6.peg.2498.site.38, 62, 85, 147
349741.6.peg.2498.site.39, 7, 83, 90
349741.6.peg.2498.site.40, 78, 79, 157
349741.6.peg.2498.site.41, 57, 80, 137
349741.6.peg.2498.site.42, 9, 81, 90
349741.6.peg.2498.site.43, 48, 71, 119
349741.6.peg.1275.site.1, 0, 96, 96
349741.6.peg.1275.site.2, 6, 97, 103
349741.6.peg.1275.site.3, 6, 97, 103
349741.6.peg.1275.site.4, 2, 95, 97
349741.6.peg.1275.site.5, 9, 97, 106
349741.6.peg.1275.site.6, 87, 96, 183
349741.6.peg.1275.site.7, 88, 96, 184
349741.6.peg.1275.site.8, 81, 97, 178
349741.6.peg.1275.site.9, 97, 97, 194
349741.6.peg.1275.site.10, 3, 97, 100
349741.6.peg.1275.site.11, 6, 97, 103
349741.6.peg.1275.site.12, 1, 97, 98
349741.6.peg.1275.site.13, 71, 97, 168
349741.6.peg.1275.site.14, 9, 97, 106
349741.6.peg.1275.site.15, 2, 97, 99
349741.6.peg.1275.site.16, 24, 96, 120
349741.6.peg.1275.site.17, 2, 97, 99
349741.6.peg.1274.site.1, 80, 96, 176
349741.6.peg.1274.site.2, 1, 97, 98
349741.6.peg.1274.site.3, 1, 97, 98
349741.6.peg.1274.site.4, 2, 97, 99
349741.6.peg.1274.site.5, 1, 96, 97
349741.6.peg.1274.site.6, 84, 91, 175
349741.6.peg.1274.site.7, 1, 93, 94
349741.6.peg.1274.site.8, 2, 97, 99
349741.6.peg.1274.site.9, 1, 97, 98
349741.6.peg.1274.site.10, 4, 97, 101
349741.6.peg.1274.site.11, 97, 97, 194
349741.6.peg.1274.site.12, 92, 97, 189
349741.6.peg.1274.site.13, 96, 97, 193
349741.6.peg.1274.site.14, 80, 97, 177
349741.6.peg.1274.site.15, 2, 97, 99
349741.6.peg.1274.site.16, 4, 97, 101
349741.6.peg.1274.site.17, 2, 97, 99
349741.6.peg.1274.site.18, 0, 97, 97
349741.6.peg.1274.site.19, 9, 97, 106
349741.6.peg.1274.site.20, 2, 97, 99
349741.6.peg.1274.site.21, 7, 97, 104
349741.6.peg.1274.site.22, 13, 97, 110
349741.6.peg.1276.site.1, 96, 97, 193
349741.6.peg.1276.site.2, 2, 97, 99
349741.6.peg.1276.site.3, 7, 97, 104
349741.6.peg.1276.site.4, 2, 97, 99
349741.6.peg.1276.site.5, 17, 97, 114
349741.6.peg.1271.site.1, 88, 97, 185
349741.6.peg.1271.site.2, 3, 97, 100
349741.6.peg.1271.site.3, 3, 97, 100
349741.6.peg.1271.site.4, 3, 97, 100
349741.6.peg.1271.site.5, 3, 58, 61
349741.6.peg.1271.site.6, 72, 83, 155
349741.6.peg.1271.site.7, 1, 89, 90
349741.6.peg.1271.site.8, 2, 96, 98
349741.6.peg.1271.site.9, 86, 97, 183
349741.6.peg.1271.site.10, 93, 97, 190
349741.6.peg.1271.site.11, 91, 97, 188
349741.6.peg.1271.site.12, 1, 97, 98
349741.6.peg.1271.site.13, 89, 97, 186
349741.6.peg.1271.site.14, 89, 97, 186
349741.6.peg.1271.site.15, 85, 96, 181
349741.6.peg.1271.site.16, 96, 97, 193
349741.6.peg.1271.site.17, 1, 97, 98
349741.6.peg.1271.site.18, 3, 97, 100
349741.6.peg.1271.site.19, 3, 97, 100
349741.6.peg.1271.site.20, 86, 97, 183
349741.6.peg.1271.site.21, 7, 97, 104
349741.6.peg.1271.site.22, 90, 91, 181
349741.6.peg.1271.site.23, 83, 85, 168
349741.6.peg.1271.site.24, 2, 33, 35
349741.6.peg.1271.site.25, 11, 32, 43
349741.6.peg.1271.site.26, 3, 18, 21
349741.6.peg.1271.site.27, 1, 7, 8
349741.6.peg.1271.site.28, 4, 12, 16
349741.6.peg.1271.site.29, 2, 14, 16
349741.6.peg.1271.site.30, 9, 15, 24
349741.6.peg.1271.site.31, 7, 22, 29
349741.6.peg.1271.site.32, 14, 25, 39
349741.6.peg.1271.site.33, 2, 44, 46
349741.6.peg.1271.site.34, 5, 53, 58
349741.6.peg.1271.site.35, 44, 65, 109
349741.6.peg.1271.site.36, 34, 69, 103
349741.6.peg.1271.site.37, 4, 78, 82
349741.6.peg.1271.site.38, 31, 80, 111
349741.6.peg.1270.site.1, 0, 97, 97
349741.6.peg.1270.site.2, 9, 97, 106
349741.6.peg.1270.site.3, 2, 97, 99
349741.6.peg.1270.site.4, 3, 97, 100
349741.6.peg.1270.site.5, 3, 97, 100
349741.6.peg.1270.site.6, 3, 97, 100
349741.6.peg.1270.site.7, 5, 97, 102
349741.6.peg.1272.site.1, 3, 95, 98
349741.6.peg.1272.site.2, 66, 95, 161
349741.6.peg.1272.site.3, 44, 95, 139
349741.6.peg.1272.site.4, 66, 95, 161
349741.6.peg.1272.site.5, 94, 95, 189
349741.6.peg.1272.site.6, 66, 96, 162
349741.6.peg.1272.site.7, 2, 95, 97
349741.6.peg.1272.site.8, 2, 95, 97
349741.6.peg.1272.site.9, 68, 94, 162
349741.6.peg.1272.site.10, 90, 96, 186
349741.6.peg.1272.site.11, 1, 96, 97
349741.6.peg.1272.site.12, 65, 95, 160
349741.6.peg.1272.site.13, 2, 96, 98
349741.6.peg.1272.site.14, 94, 95, 189
349741.6.peg.1272.site.15, 24, 95, 119
349741.6.peg.1272.site.16, 66, 95, 161
349741.6.peg.1272.site.17, 38, 95, 133
349741.6.peg.1272.site.18, 3, 95, 98
349741.6.peg.1272.site.19, 94, 95, 189
349741.6.peg.1272.site.20, 94, 95, 189
349741.6.peg.1272.site.21, 36, 95, 131
349741.6.peg.1272.site.22, 50, 95, 145
349741.6.peg.1272.site.23, 45, 90, 135
349741.6.peg.1272.site.24, 32, 87, 119
349741.6.peg.1272.site.25, 1, 29, 30
349741.6.peg.1272.site.26, 11, 27, 38
349741.6.peg.1272.site.27, 9, 20, 29
349741.6.peg.1272.site.28, 15, 16, 31
349741.6.peg.1272.site.29, 1, 16, 17
349741.6.peg.1272.site.30, 1, 18, 19
349741.6.peg.1272.site.31, 15, 20, 35
349741.6.peg.1272.site.32, 14, 18, 32
349741.6.peg.1272.site.33, 3, 48, 51
349741.6.peg.1272.site.34, 11, 80, 91
349741.6.peg.1272.site.35, 48, 53, 101
349741.6.peg.1279.site.1, 2, 95, 97
349741.6.peg.1279.site.2, 11, 96, 107
349741.6.peg.1279.site.3, 14, 95, 109
349741.6.peg.1279.site.4, 10, 95, 105
349741.6.peg.1279.site.5, 1, 94, 95
349741.6.peg.1279.site.6, 11, 95, 106
349741.6.peg.1279.site.7, 20, 97, 117
349741.6.peg.1279.site.8, 0, 94, 94
349741.6.peg.1279.site.9, 2, 93, 95
349741.6.peg.1279.site.10, 2, 92, 94
349741.6.peg.1279.site.11, 11, 77, 88
349741.6.peg.1279.site.12, 15, 78, 93
349741.6.peg.1279.site.13, 20, 84, 104
349741.6.peg.1279.site.14, 2, 77, 79
349741.6.peg.1279.site.15, 3, 75, 78
349741.6.peg.1279.site.16, 1, 86, 87
349741.6.peg.1279.site.17, 92, 97, 189
349741.6.peg.1279.site.18, 0, 97, 97
349741.6.peg.1279.site.19, 0, 97, 97
349741.6.peg.1279.site.20, 3, 96, 99
349741.6.peg.1279.site.21, 2, 97, 99
349741.6.peg.1279.site.22, 2, 96, 98
349741.6.peg.1278.site.1, 2, 97, 99
349741.6.peg.1278.site.2, 0, 96, 96
349741.6.peg.1278.site.3, 11, 96, 107
349741.6.peg.1278.site.4, 1, 97, 98
349741.6.peg.1278.site.5, 9, 97, 106
349741.6.peg.1278.site.6, 95, 97, 192
349741.6.peg.2271.site.1, 7, 95, 102
349741.6.peg.2271.site.2, 95, 97, 192
349741.6.peg.2271.site.3, 9, 96, 105
349741.6.peg.2271.site.4, 83, 96, 179
349741.6.peg.2271.site.5, 82, 97, 179
349741.6.peg.2271.site.6, 1, 96, 97
349741.6.peg.2271.site.7, 35, 97, 132
349741.6.peg.2271.site.8, 9, 96, 105
349741.6.peg.2271.site.9, 28, 97, 125
349741.6.peg.2271.site.10, 38, 97, 135
349741.6.peg.2271.site.11, 7, 97, 104
349741.6.peg.2271.site.12, 0, 97, 97
349741.6.peg.2271.site.13, 7, 97, 104
349741.6.peg.2271.site.14, 82, 97, 179
349741.6.peg.2271.site.15, 59, 97, 156
349741.6.peg.2271.site.16, 13, 97, 110
349741.6.peg.2271.site.17, 7, 97, 104
349741.6.peg.2271.site.18, 5, 97, 102
349741.6.peg.2271.site.19, 97, 97, 194
349741.6.peg.2271.site.20, 9, 97, 106
349741.6.peg.2271.site.21, 0, 97, 97
349741.6.peg.2271.site.22, 5, 97, 102
349741.6.peg.2271.site.23, 81, 97, 178
349741.6.peg.2271.site.24, 6, 97, 103
349741.6.peg.2271.site.25, 0, 97, 97
349741.6.peg.520.site.1, 1, 17, 18
349741.6.peg.520.site.2, 1, 17, 18
349741.6.peg.520.site.3, 1, 23, 24
349741.6.peg.520.site.4, 6, 22, 28
349741.6.peg.520.site.5, 7, 23, 30
349741.6.peg.520.site.6, 8, 24, 32
349741.6.peg.520.site.7, 23, 39, 62
349741.6.peg.520.site.8, 37, 53, 90
349741.6.peg.520.site.9, 61, 74, 135
349741.6.peg.520.site.10, 52, 68, 120
349741.6.peg.520.site.11, 11, 41, 52
349741.6.peg.520.site.12, 6, 20, 26
349741.6.peg.520.site.13, 8, 24, 32
349741.6.peg.520.site.14, 7, 27, 34
349741.6.peg.520.site.15, 79, 95, 174
349741.6.peg.520.site.16, 80, 95, 175
349741.6.peg.520.site.17, 67, 82, 149
349741.6.peg.520.site.18, 4, 89, 93
349741.6.peg.520.site.19, 8, 90, 98
349741.6.peg.520.site.20, 49, 65, 114
349741.6.peg.520.site.21, 2, 33, 35
349741.6.peg.520.site.22, 19, 35, 54
349741.6.peg.520.site.23, 1, 19, 20
349741.6.peg.1309.site.1, 28, 96, 124
349741.6.peg.1309.site.2, 5, 97, 102
349741.6.peg.1309.site.3, 2, 97, 99
349741.6.peg.1309.site.4, 40, 97, 137
349741.6.peg.1309.site.5, 8, 97, 105
349741.6.peg.1309.site.6, 17, 97, 114
349741.6.peg.1309.site.7, 1, 97, 98
349741.6.peg.1309.site.8, 3, 96, 99
349741.6.peg.1309.site.9, 0, 97, 97
349741.6.peg.1309.site.10, 8, 97, 105
349741.6.peg.1309.site.11, 1, 97, 98
349741.6.peg.1309.site.12, 1, 97, 98
349741.6.peg.1309.site.13, 58, 96, 154
349741.6.peg.1309.site.14, 79, 97, 176
349741.6.peg.1309.site.15, 0, 97, 97
349741.6.peg.1879.site.1, 69, 97, 166
349741.6.peg.1879.site.2, 78, 97, 175
349741.6.peg.1879.site.3, 9, 97, 106
349741.6.peg.1879.site.4, 2, 96, 98
349741.6.peg.1879.site.5, 7, 97, 104
349741.6.peg.1879.site.6, 70, 97, 167
349741.6.peg.1879.site.7, 9, 97, 106
349741.6.peg.1879.site.8, 97, 97, 194
349741.6.peg.1879.site.9, 9, 97, 106
349741.6.peg.1879.site.10, 0, 97, 97
349741.6.peg.1879.site.11, 0, 97, 97
349741.6.peg.1879.site.12, 7, 97, 104
349741.6.peg.1879.site.13, 61, 97, 158
349741.6.peg.1879.site.14, 7, 97, 104
349741.6.peg.1879.site.15, 9, 97, 106
349741.6.peg.1879.site.16, 2, 97, 99
349741.6.peg.1879.site.17, 7, 97, 104
349741.6.peg.1879.site.18, 3, 97, 100
349741.6.peg.1879.site.19, 7, 97, 104
349741.6.peg.1879.site.20, 90, 96, 186
349741.6.peg.1879.site.21, 7, 97, 104
349741.6.peg.1879.site.22, 97, 97, 194
349741.6.peg.1879.site.23, 9, 97, 106
349741.6.peg.1879.site.24, 2, 97, 99
349741.6.peg.1879.site.25, 7, 97, 104
349741.6.peg.1879.site.26, 1, 97, 98
349741.6.peg.1879.site.27, 0, 96, 96
349741.6.peg.1878.site.1, 33, 90, 123
349741.6.peg.1878.site.2, 31, 90, 121
349741.6.peg.1878.site.3, 1, 91, 92
349741.6.peg.1878.site.4, 5, 89, 94
349741.6.peg.1878.site.5, 42, 91, 133
349741.6.peg.1878.site.6, 10, 91, 101
349741.6.peg.1878.site.7, 67, 97, 164
349741.6.peg.1878.site.8, 0, 97, 97
349741.6.peg.1878.site.9, 5, 97, 102
349741.6.peg.1878.site.10, 16, 97, 113
349741.6.peg.1878.site.11, 5, 97, 102
349741.6.peg.1878.site.12, 97, 97, 194
349741.6.peg.1878.site.13, 7, 97, 104
349741.6.peg.1878.site.14, 1, 97, 98
349741.6.peg.1878.site.15, 2, 97, 99
349741.6.peg.1878.site.16, 85, 97, 182
349741.6.peg.1878.site.17, 48, 97, 145
349741.6.peg.1878.site.18, 93, 97, 190
349741.6.peg.1878.site.19, 43, 95, 138
349741.6.peg.1878.site.20, 18, 96, 114
349741.6.peg.1878.site.21, 14, 96, 110
349741.6.peg.1878.site.22, 27, 97, 124
349741.6.peg.1878.site.23, 40, 96, 136
349741.6.peg.1878.site.24, 3, 96, 99
349741.6.peg.1878.site.25, 7, 97, 104
349741.6.peg.1878.site.26, 75, 97, 172
349741.6.peg.1878.site.27, 9, 97, 106
349741.6.peg.1878.site.28, 0, 97, 97
349741.6.peg.1878.site.29, 2, 96, 98
349741.6.peg.1878.site.30, 0, 96, 96
349741.6.peg.1878.site.31, 0, 96, 96
349741.6.peg.1878.site.32, 3, 96, 99
349741.6.peg.1878.site.33, 6, 96, 102
349741.6.peg.1878.site.34, 88, 96, 184
349741.6.peg.1878.site.35, 2, 97, 99
349741.6.peg.1878.site.36, 1, 97, 98
349741.6.peg.1878.site.37, 6, 97, 103
349741.6.peg.1878.site.38, 1, 97, 98
349741.6.peg.1878.site.39, 3, 97, 100
349741.6.peg.1878.site.40, 5, 97, 102
349741.6.peg.1878.site.41, 7, 97, 104
349741.6.peg.1878.site.42, 70, 97, 167
349741.6.peg.1878.site.43, 1, 97, 98
349741.6.peg.1878.site.44, 72, 97, 169
349741.6.peg.1873.site.1, 2, 97, 99
349741.6.peg.1873.site.2, 1, 97, 98
349741.6.peg.1873.site.3, 1, 97, 98
349741.6.peg.1873.site.4, 1, 97, 98
349741.6.peg.1873.site.5, 1, 97, 98
349741.6.peg.1873.site.6, 8, 97, 105
349741.6.peg.1873.site.7, 2, 96, 98
349741.6.peg.1873.site.8, 0, 95, 95
349741.6.peg.1873.site.9, 1, 95, 96
349741.6.peg.1872.site.1, 24, 95, 119
349741.6.peg.1872.site.2, 22, 96, 118
349741.6.peg.1872.site.3, 2, 97, 99
349741.6.peg.1872.site.4, 2, 97, 99
349741.6.peg.1871.site.1, 53, 97, 150
349741.6.peg.1871.site.2, 3, 97, 100
349741.6.peg.1871.site.3, 2, 97, 99
349741.6.peg.1870.site.1, 27, 97, 124
349741.6.peg.1870.site.2, 1, 97, 98
349741.6.peg.1870.site.3, 27, 97, 124
349741.6.peg.1870.site.4, 2, 97, 99
349741.6.peg.1870.site.5, 26, 94, 120
349741.6.peg.1870.site.6, 27, 97, 124
349741.6.peg.1870.site.7, 2, 97, 99
349741.6.peg.1870.site.8, 4, 97, 101
349741.6.peg.1870.site.9, 67, 97, 164
349741.6.peg.1870.site.10, 27, 97, 124
349741.6.peg.1870.site.11, 27, 97, 124
349741.6.peg.1870.site.12, 27, 97, 124
349741.6.peg.1870.site.13, 28, 97, 125
349741.6.peg.1870.site.14, 2, 97, 99
349741.6.peg.1870.site.15, 5, 97, 102
349741.6.peg.1870.site.16, 2, 97, 99
349741.6.peg.1870.site.17, 1, 97, 98
349741.6.peg.1870.site.18, 3, 97, 100
349741.6.peg.1870.site.19, 8, 97, 105
349741.6.peg.1870.site.20, 96, 97, 193
349741.6.peg.1870.site.21, 2, 97, 99
349741.6.peg.1870.site.22, 4, 97, 101
349741.6.peg.1877.site.1, 1, 88, 89
349741.6.peg.1877.site.2, 1, 88, 89
349741.6.peg.1877.site.3, 7, 97, 104
349741.6.peg.1877.site.4, 2, 97, 99
349741.6.peg.1877.site.5, 10, 97, 107
349741.6.peg.1877.site.6, 9, 96, 105
349741.6.peg.1877.site.7, 2, 97, 99
349741.6.peg.1877.site.8, 9, 97, 106
349741.6.peg.1877.site.9, 7, 97, 104
349741.6.peg.1877.site.10, 9, 97, 106
349741.6.peg.1877.site.11, 9, 97, 106
349741.6.peg.1877.site.12, 9, 96, 105
349741.6.peg.1877.site.13, 1, 89, 90
349741.6.peg.1877.site.14, 45, 96, 141
349741.6.peg.1877.site.15, 36, 96, 132
349741.6.peg.1877.site.16, 35, 94, 129
349741.6.peg.1877.site.17, 51, 96, 147
349741.6.peg.1877.site.18, 8, 94, 102
349741.6.peg.1877.site.19, 8, 94, 102
349741.6.peg.1876.site.1, 37, 96, 133
349741.6.peg.1876.site.2, 1, 96, 97
349741.6.peg.1876.site.3, 3, 96, 99
349741.6.peg.1876.site.4, 3, 97, 100
349741.6.peg.1876.site.5, 3, 96, 99
349741.6.peg.1876.site.6, 2, 96, 98
349741.6.peg.1876.site.7, 2, 96, 98
349741.6.peg.1876.site.8, 2, 96, 98
349741.6.peg.1876.site.9, 12, 93, 105
349741.6.peg.1876.site.10, 12, 93, 105
349741.6.peg.1876.site.11, 36, 94, 130
349741.6.peg.1876.site.12, 1, 94, 95
349741.6.peg.1876.site.13, 2, 93, 95
349741.6.peg.1876.site.14, 80, 94, 174
349741.6.peg.1876.site.15, 70, 96, 166
349741.6.peg.1876.site.16, 83, 96, 179
349741.6.peg.1876.site.17, 2, 97, 99
349741.6.peg.1876.site.18, 39, 96, 135
349741.6.peg.1876.site.19, 11, 96, 107
349741.6.peg.1876.site.20, 10, 96, 106
349741.6.peg.1876.site.21, 10, 97, 107
349741.6.peg.1876.site.22, 1, 97, 98
349741.6.peg.1876.site.23, 88, 97, 185
349741.6.peg.1876.site.24, 8, 97, 105
349741.6.peg.1876.site.25, 4, 97, 101
349741.6.peg.1876.site.26, 78, 92, 170
349741.6.peg.1876.site.27, 8, 72, 80
349741.6.peg.1876.site.28, 39, 56, 95
349741.6.peg.1876.site.29, 1, 34, 35
349741.6.peg.1875.site.1, 0, 96, 96
349741.6.peg.1875.site.2, 31, 97, 128
349741.6.peg.1875.site.3, 1, 92, 93
349741.6.peg.1875.site.4, 31, 92, 123
349741.6.peg.1875.site.5, 24, 91, 115
349741.6.peg.1875.site.6, 54, 93, 147
349741.6.peg.1875.site.7, 23, 96, 119
349741.6.peg.1875.site.8, 61, 96, 157
349741.6.peg.1875.site.9, 19, 97, 116
349741.6.peg.1875.site.10, 5, 96, 101
349741.6.peg.1875.site.11, 4, 97, 101
349741.6.peg.1875.site.12, 61, 96, 157
349741.6.peg.1875.site.13, 19, 97, 116
349741.6.peg.1875.site.14, 28, 97, 125
349741.6.peg.1875.site.15, 96, 97, 193
349741.6.peg.1875.site.16, 96, 97, 193
349741.6.peg.1875.site.17, 6, 97, 103
349741.6.peg.1875.site.18, 2, 97, 99
349741.6.peg.1875.site.19, 2, 97, 99
349741.6.peg.1875.site.20, 2, 97, 99
349741.6.peg.1875.site.21, 2, 97, 99
349741.6.peg.1875.site.22, 23, 97, 120
349741.6.peg.1875.site.23, 1, 97, 98
349741.6.peg.1875.site.24, 0, 96, 96
349741.6.peg.1875.site.25, 28, 97, 125
349741.6.peg.1875.site.26, 22, 97, 119
349741.6.peg.1875.site.27, 25, 97, 122
349741.6.peg.1875.site.28, 25, 97, 122
349741.6.peg.1875.site.29, 28, 97, 125
349741.6.peg.1875.site.30, 30, 97, 127
349741.6.peg.1875.site.31, 10, 97, 107
349741.6.peg.1875.site.32, 94, 97, 191
349741.6.peg.1875.site.33, 3, 96, 99
349741.6.peg.1875.site.34, 26, 96, 122
349741.6.peg.1875.site.35, 5, 94, 99
349741.6.peg.1875.site.36, 4, 69, 73
349741.6.peg.1875.site.37, 25, 95, 120
349741.6.peg.1875.site.38, 33, 97, 130
349741.6.peg.1875.site.39, 1, 97, 98
349741.6.peg.1875.site.40, 32, 97, 129
349741.6.peg.1875.site.41, 1, 97, 98
349741.6.peg.1875.site.42, 1, 97, 98
349741.6.peg.1875.site.43, 32, 97, 129
349741.6.peg.1875.site.44, 31, 95, 126
349741.6.peg.1875.site.45, 2, 95, 97
349741.6.peg.1875.site.46, 0, 96, 96
349741.6.peg.1875.site.47, 32, 95, 127
349741.6.peg.1875.site.48, 60, 97, 157
349741.6.peg.1875.site.49, 32, 97, 129
349741.6.peg.1875.site.50, 0, 97, 97
349741.6.peg.1875.site.51, 32, 97, 129
349741.6.peg.1875.site.52, 2, 97, 99
349741.6.peg.1875.site.53, 17, 96, 113
349741.6.peg.1875.site.54, 29, 96, 125
349741.6.peg.1875.site.55, 51, 97, 148
349741.6.peg.1875.site.56, 13, 97, 110
349741.6.peg.1875.site.57, 20, 87, 107
349741.6.peg.1891.site.1, 9, 97, 106
349741.6.peg.1891.site.2, 16, 97, 113
349741.6.peg.1891.site.3, 22, 95, 117
349741.6.peg.1891.site.4, 77, 96, 173
349741.6.peg.1891.site.5, 11, 96, 107
349741.6.peg.1891.site.6, 8, 96, 104
349741.6.peg.1891.site.7, 79, 97, 176
349741.6.peg.1891.site.8, 79, 97, 176
349741.6.peg.1891.site.9, 0, 97, 97
349741.6.peg.1891.site.10, 6, 96, 102
349741.6.peg.1891.site.11, 79, 97, 176
349741.6.peg.1891.site.12, 9, 97, 106
349741.6.peg.1891.site.13, 83, 97, 180
349741.6.peg.1891.site.14, 81, 96, 177
349741.6.peg.1891.site.15, 72, 96, 168
349741.6.peg.1891.site.16, 5, 96, 101
349741.6.peg.1891.site.17, 1, 93, 94
349741.6.peg.1890.site.1, 27, 97, 124
349741.6.peg.1890.site.2, 0, 97, 97
349741.6.peg.1890.site.3, 47, 96, 143
349741.6.peg.1890.site.4, 8, 95, 103
349741.6.peg.1890.site.5, 0, 97, 97
349741.6.peg.1890.site.6, 1, 96, 97
349741.6.peg.1890.site.7, 22, 95, 117
349741.6.peg.1890.site.8, 19, 85, 104
349741.6.peg.1890.site.9, 27, 94, 121
349741.6.peg.1890.site.10, 29, 95, 124
349741.6.peg.1890.site.11, 48, 93, 141
349741.6.peg.1890.site.12, 85, 90, 175
349741.6.peg.1890.site.13, 0, 93, 93
349741.6.peg.1890.site.14, 8, 90, 98
349741.6.peg.1890.site.15, 43, 92, 135
349741.6.peg.1890.site.16, 1, 96, 97
349741.6.peg.1890.site.17, 26, 96, 122
349741.6.peg.1890.site.18, 1, 96, 97
349741.6.peg.1890.site.19, 46, 97, 143
349741.6.peg.1890.site.20, 1, 97, 98
349741.6.peg.1890.site.21, 46, 97, 143
349741.6.peg.1890.site.22, 2, 97, 99
349741.6.peg.1890.site.23, 42, 94, 136
349741.6.peg.1890.site.24, 66, 96, 162
349741.6.peg.1890.site.25, 21, 96, 117
349741.6.peg.1890.site.26, 22, 95, 117
349741.6.peg.1890.site.27, 44, 95, 139
349741.6.peg.1890.site.28, 1, 96, 97
349741.6.peg.1890.site.29, 2, 96, 98
349741.6.peg.1890.site.30, 17, 96, 113
349741.6.peg.1890.site.31, 23, 95, 118
349741.6.peg.1890.site.32, 2, 95, 97
349741.6.peg.1890.site.33, 2, 97, 99
349741.6.peg.1890.site.34, 67, 96, 163
349741.6.peg.1890.site.35, 39, 86, 125
349741.6.peg.1890.site.36, 33, 90, 123
349741.6.peg.1890.site.37, 60, 96, 156
349741.6.peg.1890.site.38, 67, 97, 164
349741.6.peg.1890.site.39, 7, 96, 103
349741.6.peg.1890.site.40, 8, 97, 105
349741.6.peg.1890.site.41, 4, 97, 101
349741.6.peg.1890.site.42, 72, 97, 169
349741.6.peg.1890.site.43, 0, 95, 95
349741.6.peg.1890.site.44, 71, 96, 167
349741.6.peg.1890.site.45, 0, 94, 94
349741.6.peg.1890.site.46, 84, 97, 181
349741.6.peg.1893.site.1, 44, 60, 104
349741.6.peg.1893.site.2, 2, 97, 99
349741.6.peg.1893.site.3, 85, 97, 182
349741.6.peg.1893.site.4, 0, 95, 95
349741.6.peg.1893.site.5, 81, 96, 177
349741.6.peg.1893.site.6, 12, 97, 109
349741.6.peg.1893.site.7, 80, 96, 176
349741.6.peg.1893.site.8, 36, 96, 132
349741.6.peg.1893.site.9, 85, 97, 182
349741.6.peg.1893.site.10, 91, 97, 188
349741.6.peg.1893.site.11, 2, 94, 96
349741.6.peg.1893.site.12, 0, 82, 82
349741.6.peg.1893.site.13, 84, 96, 180
349741.6.peg.1893.site.14, 1, 97, 98
349741.6.peg.1893.site.15, 81, 97, 178
349741.6.peg.1893.site.16, 93, 96, 189
349741.6.peg.1892.site.1, 27, 96, 123
349741.6.peg.1892.site.2, 75, 96, 171
349741.6.peg.1892.site.3, 7, 96, 103
349741.6.peg.1892.site.4, 1, 97, 98
349741.6.peg.1892.site.5, 63, 97, 160
349741.6.peg.1892.site.6, 90, 97, 187
349741.6.peg.1892.site.7, 8, 96, 104
349741.6.peg.1892.site.8, 73, 97, 170
349741.6.peg.1892.site.9, 10, 97, 107
349741.6.peg.1892.site.10, 73, 97, 170
349741.6.peg.1892.site.11, 1, 97, 98
349741.6.peg.1892.site.12, 10, 97, 107
349741.6.peg.1892.site.13, 10, 96, 106
349741.6.peg.1892.site.14, 61, 97, 158
349741.6.peg.1892.site.15, 8, 95, 103
349741.6.peg.1892.site.16, 6, 97, 103
349741.6.peg.1892.site.17, 23, 97, 120
349741.6.peg.1892.site.18, 80, 96, 176
349741.6.peg.1892.site.19, 1, 97, 98
349741.6.peg.1892.site.20, 6, 97, 103
349741.6.peg.1892.site.21, 23, 97, 120
349741.6.peg.1892.site.22, 81, 97, 178
349741.6.peg.1892.site.23, 58, 97, 155
349741.6.peg.1892.site.24, 12, 97, 109
349741.6.peg.1892.site.25, 53, 68, 121
349741.6.peg.1895.site.1, 0, 97, 97
349741.6.peg.1895.site.2, 4, 97, 101
349741.6.peg.1895.site.3, 97, 97, 194
349741.6.peg.1895.site.4, 4, 96, 100
349741.6.peg.1895.site.5, 97, 97, 194
349741.6.peg.1895.site.6, 0, 97, 97
349741.6.peg.1895.site.7, 12, 96, 108
349741.6.peg.1895.site.8, 76, 97, 173
349741.6.peg.1895.site.9, 10, 95, 105
349741.6.peg.1895.site.10, 3, 96, 99
349741.6.peg.1895.site.11, 11, 96, 107
349741.6.peg.1895.site.12, 64, 97, 161
349741.6.peg.1895.site.13, 23, 97, 120
349741.6.peg.1895.site.14, 21, 96, 117
349741.6.peg.1895.site.15, 8, 97, 105
349741.6.peg.1895.site.16, 0, 97, 97
349741.6.peg.1895.site.17, 76, 97, 173
349741.6.peg.1895.site.18, 2, 87, 89
349741.6.peg.1895.site.19, 70, 80, 150
349741.6.peg.1895.site.20, 21, 81, 102
349741.6.peg.1895.site.21, 15, 73, 88
349741.6.peg.1895.site.22, 14, 73, 87
349741.6.peg.1895.site.23, 73, 73, 146
349741.6.peg.1895.site.24, 2, 74, 76
349741.6.peg.1895.site.25, 51, 83, 134
349741.6.peg.1895.site.26, 0, 87, 87
349741.6.peg.1895.site.27, 1, 85, 86
349741.6.peg.1895.site.28, 1, 85, 86
349741.6.peg.1895.site.29, 1, 87, 88
349741.6.peg.1895.site.30, 46, 87, 133
349741.6.peg.1895.site.31, 88, 88, 176
349741.6.peg.1897.site.1, 87, 97, 184
349741.6.peg.1897.site.2, 1, 97, 98
349741.6.peg.1897.site.3, 0, 97, 97
349741.6.peg.1897.site.4, 1, 97, 98
349741.6.peg.1897.site.5, 8, 97, 105
349741.6.peg.1897.site.6, 0, 97, 97
349741.6.peg.1897.site.7, 3, 97, 100
349741.6.peg.1897.site.8, 81, 97, 178
349741.6.peg.1897.site.9, 58, 97, 155
349741.6.peg.1897.site.10, 9, 97, 106
349741.6.peg.1897.site.11, 83, 96, 179
349741.6.peg.1897.site.12, 75, 97, 172
349741.6.peg.1897.site.13, 3, 97, 100
349741.6.peg.1897.site.14, 95, 97, 192
349741.6.peg.1896.site.1, 44, 62, 106
349741.6.peg.1896.site.2, 3, 70, 73
349741.6.peg.1896.site.3, 6, 92, 98
349741.6.peg.1896.site.4, 12, 96, 108
349741.6.peg.1896.site.5, 2, 96, 98
349741.6.peg.1896.site.6, 7, 93, 100
349741.6.peg.1896.site.7, 0, 94, 94
349741.6.peg.1896.site.8, 2, 97, 99
349741.6.peg.1896.site.9, 31, 97, 128
349741.6.peg.1896.site.10, 10, 95, 105
349741.6.peg.1896.site.11, 70, 86, 156
349741.6.peg.1896.site.12, 71, 87, 158
349741.6.peg.1896.site.13, 1, 83, 84
349741.6.peg.1896.site.14, 32, 70, 102
349741.6.peg.1896.site.15, 14, 72, 86
349741.6.peg.1896.site.16, 65, 69, 134
349741.6.peg.1896.site.17, 1, 80, 81
349741.6.peg.1898.site.1, 21, 97, 118
349741.6.peg.1898.site.2, 33, 97, 130
349741.6.peg.1898.site.3, 5, 97, 102
349741.6.peg.1898.site.4, 5, 97, 102
349741.6.peg.1898.site.5, 38, 97, 135
349741.6.peg.1898.site.6, 42, 97, 139
349741.6.peg.2276.site.1, 1, 97, 98
349741.6.peg.2276.site.2, 10, 96, 106
349741.6.peg.2276.site.3, 11, 96, 107
349741.6.peg.2276.site.4, 11, 97, 108
349741.6.peg.2276.site.5, 2, 97, 99
349741.6.peg.2276.site.6, 5, 97, 102
349741.6.peg.2276.site.7, 20, 95, 115
349741.6.peg.2276.site.8, 16, 97, 113
349741.6.peg.2276.site.9, 2, 97, 99
349741.6.peg.2276.site.10, 11, 96, 107
349741.6.peg.2276.site.11, 11, 97, 108
349741.6.peg.2276.site.12, 68, 97, 165
349741.6.peg.2276.site.13, 49, 97, 146
349741.6.peg.2276.site.14, 12, 97, 109
349741.6.peg.2276.site.15, 2, 97, 99
349741.6.peg.2276.site.16, 12, 97, 109
349741.6.peg.2276.site.17, 97, 97, 194
349741.6.peg.2276.site.18, 15, 97, 112
349741.6.peg.2276.site.19, 11, 96, 107
349741.6.peg.2276.site.20, 10, 95, 105
349741.6.peg.2276.site.21, 11, 96, 107
349741.6.peg.2276.site.22, 26, 96, 122
349741.6.peg.2276.site.23, 2, 95, 97
349741.6.peg.2276.site.24, 1, 95, 96
349741.6.peg.2276.site.25, 12, 97, 109
349741.6.peg.2276.site.26, 1, 97, 98
349741.6.peg.2276.site.27, 0, 92, 92
349741.6.peg.2276.site.28, 1, 85, 86
349741.6.peg.2129.site.1, 3, 96, 99
349741.6.peg.2129.site.2, 2, 97, 99
349741.6.peg.2129.site.3, 0, 97, 97
349741.6.peg.2129.site.4, 27, 97, 124
349741.6.peg.2129.site.5, 14, 97, 111
349741.6.peg.2129.site.6, 44, 97, 141
349741.6.peg.2129.site.7, 53, 97, 150
349741.6.peg.2129.site.8, 6, 97, 103
349741.6.peg.2129.site.9, 35, 97, 132
349741.6.peg.2129.site.10, 0, 97, 97
349741.6.peg.2129.site.11, 1, 97, 98
349741.6.peg.2129.site.12, 2, 96, 98
349741.6.peg.2129.site.13, 1, 97, 98
349741.6.peg.2129.site.14, 3, 97, 100
349741.6.peg.2129.site.15, 0, 92, 92
349741.6.peg.2129.site.16, 1, 93, 94
349741.6.peg.2129.site.17, 2, 69, 71
349741.6.peg.2129.site.18, 16, 88, 104
349741.6.peg.2129.site.19, 5, 91, 96
349741.6.peg.2129.site.20, 13, 97, 110
349741.6.peg.2129.site.21, 2, 94, 96
349741.6.peg.2129.site.22, 6, 94, 100
349741.6.peg.2129.site.23, 19, 96, 115
349741.6.peg.2129.site.24, 1, 92, 93
349741.6.peg.2129.site.25, 2, 95, 97
349741.6.peg.2129.site.26, 2, 95, 97
349741.6.peg.2129.site.27, 3, 97, 100
349741.6.peg.2129.site.28, 41, 96, 137
349741.6.peg.2129.site.29, 41, 96, 137
349741.6.peg.2129.site.30, 1, 95, 96
349741.6.peg.2129.site.31, 1, 95, 96
349741.6.peg.2129.site.32, 1, 95, 96
349741.6.peg.2129.site.33, 1, 96, 97
349741.6.peg.2129.site.34, 2, 96, 98
349741.6.peg.2129.site.35, 1, 95, 96
349741.6.peg.2129.site.36, 1, 95, 96
349741.6.peg.2129.site.37, 1, 96, 97
349741.6.peg.2129.site.38, 2, 97, 99
349741.6.peg.2129.site.39, 3, 97, 100
349741.6.peg.2129.site.40, 3, 97, 100
349741.6.peg.2129.site.41, 2, 97, 99
349741.6.peg.2129.site.42, 0, 93, 93
349741.6.peg.2129.site.43, 1, 95, 96
349741.6.peg.2129.site.44, 1, 95, 96
349741.6.peg.2129.site.45, 21, 89, 110
349741.6.peg.2129.site.46, 54, 88, 142
349741.6.peg.2129.site.47, 25, 85, 110
349741.6.peg.2129.site.48, 1, 91, 92
349741.6.peg.2129.site.49, 30, 92, 122
349741.6.peg.2129.site.50, 55, 94, 149
349741.6.peg.2129.site.51, 2, 95, 97
349741.6.peg.2129.site.52, 29, 96, 125
349741.6.peg.2129.site.53, 16, 95, 111
349741.6.peg.2129.site.54, 3, 94, 97
349741.6.peg.2129.site.55, 14, 94, 108
349741.6.peg.2129.site.56, 1, 94, 95
349741.6.peg.2129.site.57, 1, 94, 95
349741.6.peg.2129.site.58, 1, 94, 95
349741.6.peg.2124.site.1, 17, 97, 114
349741.6.peg.2124.site.2, 1, 97, 98
349741.6.peg.2124.site.3, 19, 97, 116
349741.6.peg.2124.site.4, 2, 97, 99
349741.6.peg.2124.site.5, 13, 96, 109
349741.6.peg.2124.site.6, 0, 92, 92
349741.6.peg.2124.site.7, 54, 97, 151
349741.6.peg.2124.site.8, 13, 97, 110
349741.6.peg.2124.site.9, 2, 97, 99
349741.6.peg.2124.site.10, 13, 97, 110
349741.6.peg.2124.site.11, 13, 97, 110
349741.6.peg.2124.site.12, 55, 97, 152
349741.6.peg.2125.site.1, 1, 97, 98
349741.6.peg.2125.site.2, 12, 97, 109
349741.6.peg.2125.site.3, 2, 97, 99
349741.6.peg.2125.site.4, 69, 97, 166
349741.6.peg.2125.site.5, 54, 97, 151
349741.6.peg.2126.site.1, 19, 97, 116
349741.6.peg.2126.site.2, 2, 97, 99
349741.6.peg.2126.site.3, 2, 97, 99
349741.6.peg.2126.site.4, 54, 97, 151
349741.6.peg.2126.site.5, 54, 97, 151
349741.6.peg.2126.site.6, 54, 97, 151
349741.6.peg.2126.site.7, 2, 97, 99
349741.6.peg.2126.site.8, 14, 97, 111
349741.6.peg.2126.site.9, 54, 97, 151
349741.6.peg.2126.site.10, 59, 97, 156
349741.6.peg.2127.site.1, 3, 97, 100
349741.6.peg.2127.site.2, 69, 97, 166
349741.6.peg.2127.site.3, 0, 96, 96
349741.6.peg.2127.site.4, 85, 97, 182
349741.6.peg.2127.site.5, 5, 97, 102
349741.6.peg.2127.site.6, 69, 97, 166
349741.6.peg.2127.site.7, 54, 97, 151
349741.6.peg.2127.site.8, 69, 97, 166
349741.6.peg.2127.site.9, 79, 97, 176
349741.6.peg.2127.site.10, 96, 97, 193
349741.6.peg.2127.site.11, 20, 97, 117
349741.6.peg.2127.site.12, 50, 97, 147
349741.6.peg.2127.site.13, 1, 97, 98
349741.6.peg.2127.site.14, 95, 97, 192
349741.6.peg.2127.site.15, 49, 97, 146
349741.6.peg.2127.site.16, 49, 97, 146
349741.6.peg.2127.site.17, 49, 97, 146
349741.6.peg.2127.site.18, 64, 97, 161
349741.6.peg.2127.site.19, 16, 97, 113
349741.6.peg.2127.site.20, 64, 97, 161
349741.6.peg.2127.site.21, 64, 97, 161
349741.6.peg.2127.site.22, 4, 97, 101
349741.6.peg.2127.site.23, 64, 97, 161
349741.6.peg.2127.site.24, 55, 88, 143
349741.6.peg.2127.site.25, 56, 89, 145
349741.6.peg.2120.site.1, 1, 91, 92
349741.6.peg.2120.site.2, 22, 95, 117
349741.6.peg.2120.site.3, 28, 97, 125
349741.6.peg.2120.site.4, 14, 95, 109
349741.6.peg.2120.site.5, 14, 95, 109
349741.6.peg.2120.site.6, 2, 96, 98
349741.6.peg.2120.site.7, 22, 96, 118
349741.6.peg.2120.site.8, 7, 96, 103
349741.6.peg.2120.site.9, 7, 97, 104
349741.6.peg.2120.site.10, 7, 97, 104
349741.6.peg.2120.site.11, 2, 97, 99
349741.6.peg.2120.site.12, 7, 97, 104
349741.6.peg.2120.site.13, 16, 97, 113
349741.6.peg.2120.site.14, 12, 96, 108
349741.6.peg.2120.site.15, 3, 96, 99
349741.6.peg.2120.site.16, 38, 96, 134
349741.6.peg.2120.site.17, 31, 96, 127
349741.6.peg.2120.site.18, 2, 94, 96
349741.6.peg.2120.site.19, 86, 92, 178
349741.6.peg.2120.site.20, 4, 95, 99
349741.6.peg.2120.site.21, 78, 97, 175
349741.6.peg.2120.site.22, 0, 97, 97
349741.6.peg.2120.site.23, 1, 97, 98
349741.6.peg.2120.site.24, 78, 97, 175
349741.6.peg.2120.site.25, 2, 97, 99
349741.6.peg.2120.site.26, 58, 97, 155
349741.6.peg.2120.site.27, 37, 97, 134
349741.6.peg.2120.site.28, 2, 97, 99
349741.6.peg.2120.site.29, 2, 97, 99
349741.6.peg.2120.site.30, 21, 97, 118
349741.6.peg.2120.site.31, 12, 97, 109
349741.6.peg.2120.site.32, 11, 96, 107
349741.6.peg.2120.site.33, 4, 97, 101
349741.6.peg.2120.site.34, 10, 96, 106
349741.6.peg.2120.site.35, 4, 97, 101
349741.6.peg.2120.site.36, 1, 97, 98
349741.6.peg.2120.site.37, 1, 97, 98
349741.6.peg.2120.site.38, 12, 97, 109
349741.6.peg.2120.site.39, 2, 97, 99
349741.6.peg.2120.site.40, 13, 97, 110
349741.6.peg.2120.site.41, 1, 97, 98
349741.6.peg.2122.site.1, 27, 80, 107
349741.6.peg.2122.site.2, 1, 73, 74
349741.6.peg.2122.site.3, 2, 68, 70
349741.6.peg.2122.site.4, 5, 73, 78
349741.6.peg.2122.site.5, 2, 83, 85
349741.6.peg.2122.site.6, 1, 89, 90
349741.6.peg.2122.site.7, 2, 95, 97
349741.6.peg.2122.site.8, 1, 97, 98
349741.6.peg.2122.site.9, 1, 95, 96
349741.6.peg.2122.site.10, 11, 96, 107
349741.6.peg.2122.site.11, 2, 97, 99
349741.6.peg.2122.site.12, 11, 97, 108
349741.6.peg.2122.site.13, 11, 97, 108
349741.6.peg.2122.site.14, 1, 97, 98
349741.6.peg.2123.site.1, 1, 91, 92
349741.6.peg.2123.site.2, 1, 95, 96
349741.6.peg.2123.site.3, 1, 96, 97
349741.6.peg.2123.site.4, 11, 96, 107
349741.6.peg.2123.site.5, 10, 96, 106
349741.6.peg.2123.site.6, 2, 97, 99
349741.6.peg.2123.site.7, 2, 97, 99
349741.6.peg.2123.site.8, 3, 96, 99
349741.6.peg.2123.site.9, 2, 96, 98
349741.6.peg.2123.site.10, 2, 97, 99
349741.6.peg.2123.site.11, 2, 97, 99
349741.6.peg.2123.site.12, 64, 97, 161
349741.6.peg.2123.site.13, 3, 97, 100
349741.6.peg.2123.site.14, 3, 97, 100
349741.6.peg.2123.site.15, 1, 97, 98
349741.6.peg.2123.site.16, 8, 97, 105
349741.6.peg.2123.site.17, 5, 97, 102
349741.6.peg.2010.site.1, 47, 96, 143
349741.6.peg.2010.site.2, 0, 95, 95
349741.6.peg.2010.site.3, 7, 96, 103
349741.6.peg.2010.site.4, 19, 82, 101
349741.6.peg.2010.site.5, 9, 72, 81
349741.6.peg.2010.site.6, 13, 76, 89
349741.6.peg.2010.site.7, 0, 87, 87
349741.6.peg.2010.site.8, 7, 84, 91
349741.6.peg.2010.site.9, 3, 97, 100
349741.6.peg.2010.site.10, 22, 97, 119
349741.6.peg.2010.site.11, 7, 97, 104
349741.6.peg.2010.site.12, 28, 94, 122
349741.6.peg.2010.site.13, 26, 93, 119
349741.6.peg.2010.site.14, 6, 92, 98
349741.6.peg.2010.site.15, 3, 75, 78
349741.6.peg.2010.site.16, 3, 69, 72
349741.6.peg.2010.site.17, 46, 66, 112
349741.6.peg.2010.site.18, 45, 70, 115
349741.6.peg.2010.site.19, 4, 70, 74
349741.6.peg.2010.site.20, 14, 82, 96
349741.6.peg.2010.site.21, 3, 89, 92
349741.6.peg.2010.site.22, 1, 94, 95
349741.6.peg.2010.site.23, 2, 91, 93
349741.6.peg.2010.site.24, 2, 91, 93
349741.6.peg.2010.site.25, 2, 92, 94
349741.6.peg.2010.site.26, 0, 89, 89
349741.6.peg.2010.site.27, 3, 92, 95
349741.6.peg.2010.site.28, 20, 87, 107
349741.6.peg.2010.site.29, 2, 84, 86
349741.6.peg.2010.site.30, 9, 77, 86
349741.6.peg.2010.site.31, 2, 76, 78
349741.6.peg.2010.site.32, 1, 73, 74
349741.6.peg.2010.site.33, 1, 69, 70
349741.6.peg.2010.site.34, 1, 69, 70
349741.6.peg.2011.site.1, 5, 95, 100
349741.6.peg.2011.site.2, 27, 95, 122
349741.6.peg.2011.site.3, 26, 94, 120
349741.6.peg.2011.site.4, 25, 93, 118
349741.6.peg.2011.site.5, 4, 83, 87
349741.6.peg.2011.site.6, 3, 82, 85
349741.6.peg.2011.site.7, 3, 71, 74
349741.6.peg.2011.site.8, 3, 71, 74
349741.6.peg.2011.site.9, 4, 72, 76
349741.6.peg.2011.site.10, 77, 90, 167
349741.6.peg.2011.site.11, 28, 96, 124
349741.6.peg.2011.site.12, 21, 96, 117
349741.6.peg.2011.site.13, 6, 74, 80
349741.6.peg.2011.site.14, 3, 71, 74
349741.6.peg.2011.site.15, 1, 69, 70
349741.6.peg.2011.site.16, 6, 74, 80
349741.6.peg.2011.site.17, 16, 84, 100
349741.6.peg.2011.site.18, 0, 97, 97
349741.6.peg.2011.site.19, 5, 88, 93
349741.6.peg.2011.site.20, 4, 86, 90
349741.6.peg.2011.site.21, 7, 88, 95
349741.6.peg.2011.site.22, 3, 87, 90
349741.6.peg.2011.site.23, 3, 88, 91
349741.6.peg.70.site.1, 0, 97, 97
349741.6.peg.70.site.2, 28, 97, 125
349741.6.peg.70.site.3, 8, 96, 104
349741.6.peg.70.site.4, 28, 96, 124
349741.6.peg.70.site.5, 28, 97, 125
349741.6.peg.70.site.6, 54, 97, 151
349741.6.peg.70.site.7, 28, 96, 124
349741.6.peg.70.site.8, 1, 97, 98
349741.6.peg.70.site.9, 2, 97, 99
349741.6.peg.70.site.10, 8, 97, 105
349741.6.peg.70.site.11, 25, 97, 122
349741.6.peg.70.site.12, 25, 97, 122
349741.6.peg.70.site.13, 20, 88, 108
349741.6.peg.70.site.14, 57, 86, 143
349741.6.peg.70.site.15, 74, 96, 170
349741.6.peg.70.site.16, 27, 97, 124
349741.6.peg.70.site.17, 27, 97, 124
349741.6.peg.70.site.18, 27, 97, 124
349741.6.peg.70.site.19, 4, 97, 101
349741.6.peg.70.site.20, 72, 97, 169
349741.6.peg.70.site.21, 1, 93, 94
349741.6.peg.70.site.22, 21, 90, 111
349741.6.peg.70.site.23, 11, 79, 90
349741.6.peg.70.site.24, 9, 77, 86
349741.6.peg.70.site.25, 45, 73, 118
349741.6.peg.70.site.26, 10, 70, 80
349741.6.peg.70.site.27, 11, 73, 84
349741.6.peg.70.site.28, 1, 74, 75
349741.6.peg.70.site.29, 9, 76, 85
349741.6.peg.70.site.30, 10, 78, 88
349741.6.peg.70.site.31, 16, 83, 99
349741.6.peg.70.site.32, 54, 95, 149
349741.6.peg.70.site.33, 25, 93, 118
349741.6.peg.70.site.34, 16, 83, 99
349741.6.peg.2014.site.1, 11, 97, 108
349741.6.peg.2014.site.2, 1, 96, 97
349741.6.peg.2014.site.3, 1, 97, 98
349741.6.peg.2014.site.4, 0, 97, 97
349741.6.peg.2014.site.5, 4, 96, 100
349741.6.peg.2014.site.6, 18, 94, 112
349741.6.peg.2014.site.7, 34, 96, 130
349741.6.peg.2014.site.8, 14, 94, 108
349741.6.peg.2014.site.9, 2, 84, 86
349741.6.peg.2014.site.10, 2, 84, 86
349741.6.peg.2014.site.11, 5, 83, 88
349741.6.peg.2014.site.12, 1, 83, 84
349741.6.peg.2014.site.13, 2, 84, 86
349741.6.peg.2014.site.14, 2, 85, 87
349741.6.peg.2014.site.15, 2, 85, 87
349741.6.peg.2014.site.16, 11, 94, 105
349741.6.peg.2014.site.17, 11, 94, 105
349741.6.peg.2014.site.18, 36, 95, 131
349741.6.peg.2014.site.19, 15, 97, 112
349741.6.peg.2014.site.20, 19, 97, 116
349741.6.peg.2014.site.21, 7, 97, 104
349741.6.peg.2014.site.22, 19, 97, 116
349741.6.peg.77.site.1, 43, 43, 86
349741.6.peg.77.site.2, 11, 63, 74
349741.6.peg.77.site.3, 41, 81, 122
349741.6.peg.77.site.4, 74, 89, 163
349741.6.peg.77.site.5, 80, 95, 175
349741.6.peg.77.site.6, 17, 95, 112
349741.6.peg.77.site.7, 2, 97, 99
349741.6.peg.77.site.8, 26, 97, 123
349741.6.peg.77.site.9, 0, 97, 97
349741.6.peg.77.site.10, 93, 97, 190
349741.6.peg.77.site.11, 65, 97, 162
349741.6.peg.77.site.12, 17, 97, 114
349741.6.peg.77.site.13, 1, 95, 96
349741.6.peg.77.site.14, 67, 85, 152
349741.6.peg.77.site.15, 5, 79, 84
349741.6.peg.77.site.16, 44, 62, 106
349741.6.peg.77.site.17, 9, 64, 73
349741.6.peg.77.site.18, 43, 61, 104
349741.6.peg.77.site.19, 49, 67, 116
349741.6.peg.77.site.20, 46, 86, 132
349741.6.peg.77.site.21, 76, 94, 170
349741.6.peg.77.site.22, 79, 97, 176
349741.6.peg.77.site.23, 77, 95, 172
349741.6.peg.77.site.24, 91, 97, 188
349741.6.peg.77.site.25, 4, 95, 99
349741.6.peg.77.site.26, 78, 96, 174
349741.6.peg.77.site.27, 1, 95, 96
349741.6.peg.77.site.28, 24, 90, 114
349741.6.peg.77.site.29, 53, 97, 150
349741.6.peg.77.site.30, 53, 96, 149
349741.6.peg.77.site.31, 1, 96, 97
349741.6.peg.77.site.32, 6, 77, 83
349741.6.peg.77.site.33, 1, 77, 78
349741.6.peg.77.site.34, 1, 64, 65
349741.6.peg.77.site.35, 34, 52, 86
349741.6.peg.77.site.36, 3, 52, 55
349741.6.peg.77.site.37, 30, 48, 78
349741.6.peg.77.site.38, 23, 41, 64
349741.6.peg.77.site.39, 13, 47, 60
349741.6.peg.77.site.40, 66, 84, 150
349741.6.peg.2016.site.1, 4, 82, 86
349741.6.peg.2016.site.2, 2, 96, 98
349741.6.peg.2016.site.3, 18, 96, 114
349741.6.peg.2016.site.4, 18, 96, 114
349741.6.peg.2016.site.5, 27, 94, 121
349741.6.peg.2016.site.6, 18, 96, 114
349741.6.peg.2016.site.7, 91, 91, 182
349741.6.peg.2016.site.8, 18, 95, 113
349741.6.peg.2016.site.9, 19, 96, 115
349741.6.peg.2016.site.10, 19, 96, 115
349741.6.peg.2016.site.11, 19, 96, 115
349741.6.peg.2016.site.12, 19, 96, 115
349741.6.peg.2016.site.13, 3, 95, 98
349741.6.peg.2016.site.14, 3, 96, 99
349741.6.peg.2016.site.15, 1, 97, 98
349741.6.peg.2016.site.16, 19, 97, 116
349741.6.peg.2016.site.17, 16, 97, 113
349741.6.peg.2016.site.18, 19, 97, 116
349741.6.peg.2016.site.19, 1, 97, 98
349741.6.peg.2016.site.20, 3, 97, 100
349741.6.peg.2016.site.21, 59, 97, 156
349741.6.peg.2016.site.22, 1, 96, 97
349741.6.peg.2016.site.23, 20, 97, 117
349741.6.peg.2016.site.24, 18, 95, 113
349741.6.peg.2016.site.25, 2, 92, 94
349741.6.peg.2016.site.26, 4, 81, 85
349741.6.peg.2016.site.27, 3, 80, 83
349741.6.peg.2016.site.28, 4, 82, 86
349741.6.peg.2016.site.29, 97, 97, 194
349741.6.peg.2016.site.30, 27, 97, 124
349741.6.peg.2016.site.31, 72, 97, 169
349741.6.peg.2016.site.32, 19, 97, 116
349741.6.peg.2016.site.33, 16, 83, 99
349741.6.peg.2016.site.34, 4, 12, 16
349741.6.peg.2016.site.35, 3, 95, 98
349741.6.peg.2016.site.36, 22, 97, 119
349741.6.peg.2016.site.37, 19, 97, 116
349741.6.peg.2016.site.38, 2, 97, 99
349741.6.peg.2016.site.39, 2, 97, 99
349741.6.peg.2016.site.40, 1, 97, 98
349741.6.peg.2016.site.41, 2, 96, 98
349741.6.peg.2016.site.42, 19, 96, 115
349741.6.peg.2016.site.43, 0, 96, 96
349741.6.peg.2016.site.44, 0, 96, 96
349741.6.peg.2016.site.45, 23, 95, 118
349741.6.peg.2016.site.46, 2, 96, 98
349741.6.peg.2016.site.47, 1, 97, 98
349741.6.peg.2016.site.48, 19, 97, 116
349741.6.peg.2016.site.49, 6, 97, 103
349741.6.peg.2016.site.50, 1, 97, 98
349741.6.peg.2016.site.51, 19, 97, 116
349741.6.peg.2016.site.52, 19, 97, 116
349741.6.peg.2016.site.53, 0, 97, 97
349741.6.peg.2016.site.54, 19, 97, 116
349741.6.peg.2016.site.55, 18, 97, 115
349741.6.peg.2016.site.56, 19, 96, 115
349741.6.peg.2017.site.1, 4, 97, 101
349741.6.peg.2017.site.2, 2, 97, 99
349741.6.peg.2017.site.3, 0, 95, 95
349741.6.peg.2017.site.4, 1, 94, 95
349741.6.peg.2017.site.5, 2, 96, 98
349741.6.peg.2017.site.6, 2, 97, 99
349741.6.peg.2017.site.7, 0, 97, 97
349741.6.peg.2017.site.8, 2, 97, 99
349741.6.peg.2017.site.9, 2, 97, 99
349741.6.peg.2017.site.10, 21, 97, 118
349741.6.peg.2017.site.11, 19, 96, 115
349741.6.peg.2017.site.12, 2, 96, 98
349741.6.peg.2017.site.13, 18, 95, 113
349741.6.peg.2017.site.14, 18, 96, 114
349741.6.peg.2017.site.15, 17, 92, 109
349741.6.peg.2017.site.16, 19, 97, 116
349741.6.peg.2017.site.17, 19, 96, 115
349741.6.peg.2017.site.18, 90, 90, 180
349741.6.peg.2017.site.19, 12, 90, 102
349741.6.peg.2017.site.20, 12, 89, 101
349741.6.peg.2017.site.21, 11, 88, 99
349741.6.peg.2017.site.22, 17, 89, 106
349741.6.peg.2017.site.23, 25, 93, 118
349741.6.peg.2017.site.24, 5, 94, 99
349741.6.peg.2017.site.25, 19, 97, 116
349741.6.peg.2017.site.26, 2, 97, 99
349741.6.peg.2017.site.27, 1, 97, 98
349741.6.peg.2017.site.28, 95, 96, 191
349741.6.peg.2017.site.29, 2, 97, 99
349741.6.peg.2017.site.30, 43, 97, 140
349741.6.peg.2017.site.31, 41, 95, 136
349741.6.peg.2017.site.32, 1, 97, 98
349741.6.peg.2017.site.33, 43, 96, 139
349741.6.peg.2017.site.34, 43, 97, 140
349741.6.peg.2017.site.35, 41, 94, 135
349741.6.peg.2017.site.36, 2, 91, 93
349741.6.peg.2017.site.37, 34, 79, 113
349741.6.peg.2017.site.38, 9, 74, 83
349741.6.peg.2017.site.39, 70, 72, 142
349741.6.peg.2017.site.40, 6, 95, 101
349741.6.peg.2018.site.1, 37, 97, 134
349741.6.peg.2018.site.2, 2, 97, 99
349741.6.peg.2018.site.3, 91, 97, 188
349741.6.peg.2018.site.4, 43, 97, 140
349741.6.peg.2018.site.5, 95, 97, 192
349741.6.peg.2018.site.6, 0, 97, 97
349741.6.peg.2018.site.7, 19, 97, 116
349741.6.peg.2018.site.8, 1, 97, 98
349741.6.peg.2018.site.9, 44, 97, 141
349741.6.peg.2018.site.10, 0, 97, 97
349741.6.peg.2018.site.11, 0, 96, 96
349741.6.peg.2018.site.12, 84, 97, 181
349741.6.peg.2018.site.13, 43, 96, 139
349741.6.peg.2018.site.14, 47, 97, 144
349741.6.peg.2018.site.15, 43, 97, 140
349741.6.peg.2018.site.16, 1, 90, 91
349741.6.peg.2018.site.17, 34, 88, 122
349741.6.peg.2018.site.18, 38, 87, 125
349741.6.peg.2018.site.19, 34, 87, 121
349741.6.peg.2018.site.20, 34, 88, 122
349741.6.peg.2018.site.21, 37, 87, 124
349741.6.peg.2018.site.22, 37, 91, 128
349741.6.peg.2018.site.23, 9, 93, 102
349741.6.peg.2018.site.24, 2, 96, 98
349741.6.peg.2018.site.25, 10, 97, 107
349741.6.peg.2019.site.1, 3, 97, 100
349741.6.peg.2019.site.2, 2, 97, 99
349741.6.peg.2019.site.3, 62, 97, 159
349741.6.peg.2019.site.4, 1, 96, 97
349741.6.peg.2019.site.5, 0, 96, 96
349741.6.peg.2019.site.6, 91, 97, 188
349741.6.peg.2019.site.7, 11, 97, 108
349741.6.peg.2019.site.8, 91, 97, 188
349741.6.peg.2019.site.9, 52, 96, 148
349741.6.peg.2019.site.10, 53, 96, 149
349741.6.peg.2019.site.11, 53, 93, 146
349741.6.peg.2019.site.12, 23, 93, 116
349741.6.peg.78.site.1, 0, 97, 97
349741.6.peg.78.site.2, 78, 96, 174
349741.6.peg.78.site.3, 4, 97, 101
349741.6.peg.78.site.4, 89, 93, 182
349741.6.peg.78.site.5, 86, 92, 178
349741.6.peg.78.site.6, 62, 80, 142
349741.6.peg.78.site.7, 1, 73, 74
349741.6.peg.78.site.8, 2, 53, 55
349741.6.peg.78.site.9, 39, 56, 95
349741.6.peg.78.site.10, 2, 89, 91
349741.6.peg.78.site.11, 72, 90, 162
349741.6.peg.78.site.12, 6, 83, 89
349741.6.peg.78.site.13, 62, 79, 141
349741.6.peg.78.site.14, 1, 81, 82
349741.6.peg.78.site.15, 43, 61, 104
349741.6.peg.78.site.16, 21, 67, 88
349741.6.peg.78.site.17, 16, 62, 78
349741.6.peg.78.site.18, 45, 65, 110
349741.6.peg.78.site.19, 26, 72, 98
349741.6.peg.78.site.20, 32, 74, 106
349741.6.peg.78.site.21, 58, 74, 132
349741.6.peg.78.site.22, 58, 78, 136
349741.6.peg.78.site.23, 25, 95, 120
349741.6.peg.78.site.24, 10, 96, 106
349741.6.peg.78.site.25, 34, 96, 130
349741.6.peg.78.site.26, 94, 96, 190
349741.6.peg.78.site.27, 4, 96, 100
349741.6.peg.78.site.28, 8, 95, 103
349741.6.peg.78.site.29, 3, 96, 99
349741.6.peg.78.site.30, 19, 96, 115
349741.6.peg.78.site.31, 17, 96, 113
349741.6.peg.78.site.32, 51, 97, 148
349741.6.peg.78.site.33, 8, 97, 105
349741.6.peg.78.site.34, 0, 97, 97
349741.6.peg.78.site.35, 8, 97, 105
349741.6.peg.78.site.36, 18, 97, 115
349741.6.peg.78.site.37, 1, 97, 98
349741.6.peg.78.site.38, 1, 96, 97
349741.6.peg.78.site.39, 63, 91, 154
349741.6.peg.78.site.40, 18, 97, 115
349741.6.peg.78.site.41, 43, 96, 139
349741.6.peg.78.site.42, 6, 95, 101
349741.6.peg.78.site.43, 26, 97, 123
349741.6.peg.78.site.44, 3, 97, 100
349741.6.peg.78.site.45, 88, 97, 185
349741.6.peg.78.site.46, 3, 97, 100
349741.6.peg.78.site.47, 0, 97, 97
349741.6.peg.78.site.48, 8, 97, 105
349741.6.peg.78.site.49, 90, 96, 186
349741.6.peg.78.site.50, 10, 96, 106
349741.6.peg.78.site.51, 65, 93, 158
349741.6.peg.78.site.52, 56, 84, 140
349741.6.peg.78.site.53, 1, 77, 78
349741.6.peg.78.site.54, 10, 38, 48
349741.6.peg.78.site.55, 10, 38, 48
349741.6.peg.78.site.56, 3, 33, 36
349741.6.peg.78.site.57, 11, 39, 50
349741.6.peg.78.site.58, 1, 42, 43
349741.6.peg.78.site.59, 6, 69, 75
349741.6.peg.78.site.60, 5, 67, 72
349741.6.peg.78.site.61, 52, 64, 116
349741.6.peg.78.site.62, 40, 68, 108
349741.6.peg.78.site.63, 41, 69, 110
349741.6.peg.78.site.64, 28, 65, 93
349741.6.peg.78.site.65, 2, 64, 66
349741.6.peg.78.site.66, 8, 36, 44
349741.6.peg.78.site.67, 10, 38, 48
349741.6.peg.78.site.68, 7, 35, 42
349741.6.peg.79.site.1, 16, 29, 45
349741.6.peg.79.site.2, 3, 30, 33
349741.6.peg.79.site.3, 10, 38, 48
349741.6.peg.79.site.4, 37, 91, 128
349741.6.peg.79.site.5, 68, 96, 164
349741.6.peg.79.site.6, 71, 97, 168
349741.6.peg.79.site.7, 26, 96, 122
349741.6.peg.79.site.8, 41, 97, 138
349741.6.peg.79.site.9, 70, 97, 167
349741.6.peg.79.site.10, 3, 97, 100
349741.6.peg.79.site.11, 70, 97, 167
349741.6.peg.79.site.12, 27, 97, 124
349741.6.peg.79.site.13, 2, 97, 99
349741.6.peg.79.site.14, 27, 97, 124
349741.6.peg.79.site.15, 43, 97, 140
349741.6.peg.79.site.16, 43, 96, 139
349741.6.peg.79.site.17, 3, 96, 99
349741.6.peg.79.site.18, 3, 97, 100
349741.6.peg.79.site.19, 2, 97, 99
349741.6.peg.79.site.20, 67, 86, 153
349741.6.peg.79.site.21, 7, 69, 76
349741.6.peg.79.site.22, 41, 60, 101
349741.6.peg.79.site.23, 45, 64, 109
349741.6.peg.79.site.24, 27, 81, 108
349741.6.peg.79.site.25, 5, 90, 95
349741.6.peg.79.site.26, 25, 94, 119
349741.6.peg.79.site.27, 94, 94, 188
349741.6.peg.79.site.28, 42, 94, 136
349741.6.peg.79.site.29, 69, 94, 163
349741.6.peg.79.site.30, 42, 95, 137
349741.6.peg.2357.site.1, 39, 94, 133
349741.6.peg.2357.site.2, 6, 86, 92
349741.6.peg.2357.site.3, 92, 92, 184
349741.6.peg.2357.site.4, 13, 95, 108
349741.6.peg.2357.site.5, 2, 97, 99
349741.6.peg.2357.site.6, 0, 97, 97
349741.6.peg.2357.site.7, 14, 97, 111
349741.6.peg.2357.site.8, 5, 97, 102
349741.6.peg.2357.site.9, 7, 97, 104
349741.6.peg.2357.site.10, 9, 97, 106
349741.6.peg.2357.site.11, 24, 95, 119
349741.6.peg.2357.site.12, 25, 96, 121
349741.6.peg.2357.site.13, 14, 97, 111
349741.6.peg.2357.site.14, 7, 97, 104
349741.6.peg.2357.site.15, 7, 97, 104
349741.6.peg.2357.site.16, 26, 97, 123
349741.6.peg.2357.site.17, 1, 94, 95
349741.6.peg.2357.site.18, 21, 92, 113
349741.6.peg.2357.site.19, 4, 94, 98
349741.6.peg.2357.site.20, 27, 96, 123
349741.6.peg.2357.site.21, 5, 96, 101
349741.6.peg.2357.site.22, 19, 96, 115
349741.6.peg.2357.site.23, 26, 97, 123
349741.6.peg.2357.site.24, 5, 97, 102
349741.6.peg.2357.site.25, 7, 97, 104
349741.6.peg.2357.site.26, 2, 96, 98
349741.6.peg.2357.site.27, 8, 97, 105
349741.6.peg.2357.site.28, 48, 96, 144
349741.6.peg.2357.site.29, 5, 96, 101
349741.6.peg.2357.site.30, 48, 92, 140
349741.6.peg.2357.site.31, 3, 93, 96
349741.6.peg.2357.site.32, 26, 96, 122
349741.6.peg.2357.site.33, 19, 97, 116
349741.6.peg.2357.site.34, 2, 97, 99
349741.6.peg.2357.site.35, 5, 97, 102
349741.6.peg.2357.site.36, 7, 95, 102
349741.6.peg.2357.site.37, 1, 96, 97
349741.6.peg.2357.site.38, 92, 95, 187
349741.6.peg.2357.site.39, 92, 96, 188
349741.6.peg.2357.site.40, 8, 96, 104
349741.6.peg.2357.site.41, 14, 96, 110
349741.6.peg.2357.site.42, 14, 97, 111
349741.6.peg.2356.site.1, 47, 96, 143
349741.6.peg.2356.site.2, 87, 97, 184
349741.6.peg.2356.site.3, 7, 97, 104
349741.6.peg.2356.site.4, 7, 97, 104
349741.6.peg.2356.site.5, 7, 97, 104
349741.6.peg.2356.site.6, 63, 96, 159
349741.6.peg.2356.site.7, 6, 89, 95
349741.6.peg.2355.site.1, 65, 90, 155
349741.6.peg.2355.site.2, 0, 90, 90
349741.6.peg.2355.site.3, 11, 90, 101
349741.6.peg.2355.site.4, 2, 91, 93
349741.6.peg.2355.site.5, 3, 92, 95
349741.6.peg.2355.site.6, 62, 93, 155
349741.6.peg.2355.site.7, 24, 97, 121
349741.6.peg.2355.site.8, 75, 96, 171
349741.6.peg.2355.site.9, 38, 89, 127
349741.6.peg.2355.site.10, 5, 88, 93
349741.6.peg.2355.site.11, 36, 87, 123
349741.6.peg.2355.site.12, 3, 70, 73
349741.6.peg.2355.site.13, 16, 67, 83
349741.6.peg.2355.site.14, 8, 58, 66
349741.6.peg.2355.site.15, 2, 58, 60
349741.6.peg.2355.site.16, 26, 84, 110
349741.6.peg.2355.site.17, 2, 91, 93
349741.6.peg.2355.site.18, 45, 91, 136
349741.6.peg.2355.site.19, 6, 95, 101
349741.6.peg.2355.site.20, 39, 96, 135
349741.6.peg.2355.site.21, 39, 97, 136
349741.6.peg.2355.site.22, 7, 97, 104
349741.6.peg.2355.site.23, 39, 94, 133
349741.6.peg.2355.site.24, 5, 95, 100
349741.6.peg.2355.site.25, 41, 90, 131
349741.6.peg.2355.site.26, 5, 90, 95
349741.6.peg.2355.site.27, 5, 90, 95
349741.6.peg.2355.site.28, 30, 89, 119
349741.6.peg.728.site.1, 6, 94, 100
349741.6.peg.728.site.2, 4, 94, 98
349741.6.peg.728.site.3, 1, 94, 95
349741.6.peg.728.site.4, 2, 97, 99
349741.6.peg.728.site.5, 7, 96, 103
349741.6.peg.728.site.6, 17, 96, 113
349741.6.peg.728.site.7, 4, 94, 98
349741.6.peg.728.site.8, 11, 90, 101
349741.6.peg.728.site.9, 11, 90, 101
349741.6.peg.728.site.10, 5, 94, 99
349741.6.peg.728.site.11, 2, 95, 97
349741.6.peg.728.site.12, 1, 96, 97
349741.6.peg.728.site.13, 6, 97, 103
349741.6.peg.728.site.14, 87, 97, 184
349741.6.peg.728.site.15, 55, 96, 151
349741.6.peg.728.site.16, 22, 63, 85
349741.6.peg.728.site.17, 4, 65, 69
349741.6.peg.728.site.18, 3, 61, 64
349741.6.peg.728.site.19, 3, 45, 48
349741.6.peg.728.site.20, 30, 71, 101
349741.6.peg.728.site.21, 43, 84, 127
349741.6.peg.728.site.22, 2, 88, 90
349741.6.peg.728.site.23, 16, 95, 111
349741.6.peg.728.site.24, 55, 96, 151
349741.6.peg.728.site.25, 11, 97, 108
349741.6.peg.728.site.26, 0, 97, 97
349741.6.peg.728.site.27, 24, 97, 121
349741.6.peg.728.site.28, 23, 97, 120
349741.6.peg.728.site.29, 1, 97, 98
349741.6.peg.728.site.30, 17, 97, 114
349741.6.peg.728.site.31, 1, 96, 97
349741.6.peg.728.site.32, 2, 77, 79
349741.6.peg.725.site.1, 15, 94, 109
349741.6.peg.725.site.2, 15, 94, 109
349741.6.peg.725.site.3, 13, 93, 106
349741.6.peg.725.site.4, 13, 92, 105
349741.6.peg.725.site.5, 9, 87, 96
349741.6.peg.725.site.6, 13, 93, 106
349741.6.peg.725.site.7, 2, 94, 96
349741.6.peg.725.site.8, 2, 94, 96
349741.6.peg.725.site.9, 1, 94, 95
349741.6.peg.725.site.10, 8, 93, 101
349741.6.peg.725.site.11, 26, 92, 118
349741.6.peg.725.site.12, 23, 93, 116
349741.6.peg.725.site.13, 1, 94, 95
349741.6.peg.725.site.14, 14, 93, 107
349741.6.peg.725.site.15, 1, 93, 94
349741.6.peg.725.site.16, 41, 93, 134
349741.6.peg.725.site.17, 15, 93, 108
349741.6.peg.725.site.18, 1, 94, 95
349741.6.peg.725.site.19, 15, 93, 108
349741.6.peg.725.site.20, 2, 93, 95
349741.6.peg.725.site.21, 1, 89, 90
349741.6.peg.725.site.22, 30, 86, 116
349741.6.peg.725.site.23, 7, 94, 101
349741.6.peg.725.site.24, 1, 94, 95
349741.6.peg.724.site.1, 13, 86, 99
349741.6.peg.724.site.2, 35, 88, 123
349741.6.peg.724.site.3, 2, 87, 89
349741.6.peg.724.site.4, 4, 88, 92
349741.6.peg.724.site.5, 29, 80, 109
349741.6.peg.724.site.6, 40, 77, 117
349741.6.peg.724.site.7, 22, 81, 103
349741.6.peg.724.site.8, 8, 82, 90
349741.6.peg.724.site.9, 15, 86, 101
349741.6.peg.724.site.10, 7, 94, 101
349741.6.peg.724.site.11, 14, 94, 108
349741.6.peg.724.site.12, 18, 94, 112
349741.6.peg.724.site.13, 32, 93, 125
349741.6.peg.724.site.14, 41, 94, 135
349741.6.peg.724.site.15, 32, 94, 126
349741.6.peg.724.site.16, 10, 94, 104
349741.6.peg.724.site.17, 1, 94, 95
349741.6.peg.724.site.18, 0, 94, 94
349741.6.peg.724.site.19, 43, 94, 137
349741.6.peg.724.site.20, 43, 94, 137
349741.6.peg.724.site.21, 40, 91, 131
349741.6.peg.724.site.22, 4, 90, 94
349741.6.peg.724.site.23, 45, 70, 115
349741.6.peg.724.site.24, 44, 69, 113
349741.6.peg.724.site.25, 2, 52, 54
349741.6.peg.724.site.26, 29, 55, 84
349741.6.peg.724.site.27, 2, 56, 58
349741.6.peg.724.site.28, 1, 57, 58
349741.6.peg.724.site.29, 6, 59, 65
349741.6.peg.724.site.30, 32, 85, 117
349741.6.peg.724.site.31, 53, 92, 145
349741.6.peg.724.site.32, 1, 93, 94
349741.6.peg.724.site.33, 39, 93, 132
349741.6.peg.724.site.34, 48, 93, 141
349741.6.peg.724.site.35, 44, 90, 134
349741.6.peg.724.site.36, 1, 90, 91
349741.6.peg.724.site.37, 18, 90, 108
349741.6.peg.724.site.38, 3, 94, 97
349741.6.peg.724.site.39, 1, 94, 95
349741.6.peg.723.site.1, 0, 93, 93
349741.6.peg.723.site.2, 34, 93, 127
349741.6.peg.723.site.3, 33, 58, 91
349741.6.peg.723.site.4, 7, 83, 90
349741.6.peg.723.site.5, 11, 91, 102
349741.6.peg.723.site.6, 1, 92, 93
349741.6.peg.723.site.7, 2, 93, 95
349741.6.peg.723.site.8, 75, 94, 169
349741.6.peg.723.site.9, 32, 84, 116
349741.6.peg.723.site.10, 1, 83, 84
349741.6.peg.723.site.11, 41, 93, 134
349741.6.peg.723.site.12, 42, 94, 136
349741.6.peg.723.site.13, 43, 94, 137
349741.6.peg.723.site.14, 7, 93, 100
349741.6.peg.723.site.15, 1, 92, 93
349741.6.peg.723.site.16, 2, 92, 94
349741.6.peg.723.site.17, 1, 89, 90
349741.6.peg.723.site.18, 30, 82, 112
349741.6.peg.723.site.19, 5, 79, 84
349741.6.peg.723.site.20, 1, 56, 57
349741.6.peg.723.site.21, 36, 54, 90
349741.6.peg.723.site.22, 10, 54, 64
349741.6.peg.723.site.23, 1, 54, 55
349741.6.peg.723.site.24, 33, 54, 87
349741.6.peg.723.site.25, 5, 58, 63
349741.6.peg.723.site.26, 1, 69, 70
349741.6.peg.723.site.27, 2, 78, 80
349741.6.peg.723.site.28, 24, 77, 101
349741.6.peg.723.site.29, 46, 62, 108
349741.6.peg.723.site.30, 17, 53, 70
349741.6.peg.723.site.31, 4, 60, 64
349741.6.peg.723.site.32, 0, 61, 61
349741.6.peg.723.site.33, 1, 61, 62
349741.6.peg.2304.site.1, 1, 95, 96
349741.6.peg.2304.site.2, 92, 92, 184
349741.6.peg.2304.site.3, 2, 92, 94
349741.6.peg.2304.site.4, 5, 93, 98
349741.6.peg.2304.site.5, 1, 97, 98
349741.6.peg.2304.site.6, 61, 97, 158
349741.6.peg.2304.site.7, 6, 96, 102
349741.6.peg.2304.site.8, 4, 96, 100
349741.6.peg.2304.site.9, 47, 95, 142
349741.6.peg.2304.site.10, 1, 97, 98
349741.6.peg.2304.site.11, 47, 95, 142
349741.6.peg.2304.site.12, 49, 97, 146
349741.6.peg.2304.site.13, 40, 97, 137
349741.6.peg.2304.site.14, 55, 96, 151
349741.6.peg.2304.site.15, 47, 88, 135
349741.6.peg.2304.site.16, 19, 48, 67
349741.6.peg.2305.site.1, 9, 96, 105
349741.6.peg.2305.site.2, 3, 96, 99
349741.6.peg.2305.site.3, 40, 95, 135
349741.6.peg.2305.site.4, 40, 96, 136
349741.6.peg.2305.site.5, 6, 96, 102
349741.6.peg.2305.site.6, 39, 96, 135
349741.6.peg.2305.site.7, 45, 96, 141
349741.6.peg.2305.site.8, 33, 96, 129
349741.6.peg.2305.site.9, 7, 96, 103
349741.6.peg.2305.site.10, 16, 96, 112
349741.6.peg.2305.site.11, 2, 96, 98
349741.6.peg.2305.site.12, 91, 96, 187
349741.6.peg.2305.site.13, 1, 96, 97
349741.6.peg.2305.site.14, 1, 96, 97
349741.6.peg.2307.site.1, 10, 96, 106
349741.6.peg.2307.site.2, 1, 97, 98
349741.6.peg.2307.site.3, 26, 97, 123
349741.6.peg.2307.site.4, 82, 97, 179
349741.6.peg.2307.site.5, 24, 97, 121
349741.6.peg.2307.site.6, 3, 97, 100
349741.6.peg.2307.site.7, 1, 97, 98
349741.6.peg.2307.site.8, 1, 97, 98
349741.6.peg.2307.site.9, 79, 97, 176
349741.6.peg.2307.site.10, 5, 97, 102
349741.6.peg.2307.site.11, 1, 97, 98
349741.6.peg.2307.site.12, 7, 96, 103
349741.6.peg.2307.site.13, 79, 96, 175
349741.6.peg.2307.site.14, 84, 96, 180
349741.6.peg.2307.site.15, 53, 96, 149
349741.6.peg.2307.site.16, 12, 96, 108
349741.6.peg.2307.site.17, 94, 96, 190
349741.6.peg.2300.site.1, 21, 95, 116
349741.6.peg.2300.site.2, 22, 97, 119
349741.6.peg.2300.site.3, 89, 97, 186
349741.6.peg.2300.site.4, 6, 97, 103
349741.6.peg.2300.site.5, 52, 97, 149
349741.6.peg.2300.site.6, 9, 80, 89
349741.6.peg.2300.site.7, 17, 80, 97
349741.6.peg.2300.site.8, 48, 78, 126
349741.6.peg.2300.site.9, 33, 79, 112
349741.6.peg.1488.site.1, 15, 97, 112
349741.6.peg.1488.site.2, 2, 97, 99
349741.6.peg.1488.site.3, 18, 97, 115
349741.6.peg.1488.site.4, 18, 97, 115
349741.6.peg.1488.site.5, 59, 97, 156
349741.6.peg.1488.site.6, 7, 97, 104
349741.6.peg.1488.site.7, 58, 93, 151
349741.6.peg.1488.site.8, 89, 89, 178
349741.6.peg.1488.site.9, 17, 92, 109
349741.6.peg.1488.site.10, 18, 97, 115
349741.6.peg.1488.site.11, 1, 97, 98
349741.6.peg.1488.site.12, 2, 97, 99
349741.6.peg.1488.site.13, 26, 97, 123
349741.6.peg.1488.site.14, 44, 97, 141
349741.6.peg.1488.site.15, 2, 97, 99
349741.6.peg.1488.site.16, 44, 97, 141
349741.6.peg.1488.site.17, 69, 97, 166
349741.6.peg.1488.site.18, 90, 97, 187
349741.6.peg.1488.site.19, 17, 97, 114
349741.6.peg.1488.site.20, 74, 97, 171
349741.6.peg.2302.site.1, 2, 96, 98
349741.6.peg.2302.site.2, 2, 96, 98
349741.6.peg.2302.site.3, 0, 96, 96
349741.6.peg.2302.site.4, 0, 96, 96
349741.6.peg.2302.site.5, 3, 90, 93
349741.6.peg.2302.site.6, 37, 87, 124
349741.6.peg.2302.site.7, 3, 87, 90
349741.6.peg.2302.site.8, 2, 55, 57
349741.6.peg.2302.site.9, 15, 44, 59
349741.6.peg.2302.site.10, 5, 69, 74
349741.6.peg.2302.site.11, 27, 71, 98
349741.6.peg.2302.site.12, 28, 74, 102
349741.6.peg.2302.site.13, 25, 71, 96
349741.6.peg.2302.site.14, 5, 95, 100
349741.6.peg.2302.site.15, 1, 97, 98
349741.6.peg.2302.site.16, 46, 96, 142
349741.6.peg.2302.site.17, 6, 96, 102
349741.6.peg.2302.site.18, 7, 95, 102
349741.6.peg.2302.site.19, 45, 91, 136
349741.6.peg.2302.site.20, 49, 95, 144
349741.6.peg.2302.site.21, 0, 95, 95
349741.6.peg.2302.site.22, 47, 96, 143
349741.6.peg.2302.site.23, 53, 97, 150
349741.6.peg.2302.site.24, 1, 97, 98
349741.6.peg.2302.site.25, 1, 96, 97
349741.6.peg.2302.site.26, 85, 96, 181
349741.6.peg.2302.site.27, 30, 96, 126
349741.6.peg.2302.site.28, 14, 96, 110
349741.6.peg.2302.site.29, 1, 95, 96
349741.6.peg.2302.site.30, 1, 95, 96
349741.6.peg.2302.site.31, 3, 94, 97
349741.6.peg.2303.site.1, 1, 97, 98
349741.6.peg.2303.site.2, 2, 97, 99
349741.6.peg.2303.site.3, 75, 97, 172
349741.6.peg.2303.site.4, 74, 97, 171
349741.6.peg.2303.site.5, 1, 97, 98
349741.6.peg.2303.site.6, 1, 97, 98
349741.6.peg.2303.site.7, 1, 97, 98
349741.6.peg.2303.site.8, 1, 97, 98
349741.6.peg.2303.site.9, 4, 97, 101
349741.6.peg.2303.site.10, 1, 97, 98
349741.6.peg.2303.site.11, 69, 97, 166
349741.6.peg.2303.site.12, 0, 97, 97
349741.6.peg.2303.site.13, 3, 97, 100
349741.6.peg.2303.site.14, 1, 96, 97
349741.6.peg.2303.site.15, 1, 97, 98
349741.6.peg.2303.site.16, 1, 97, 98
349741.6.peg.2303.site.17, 1, 97, 98
349741.6.peg.2303.site.18, 33, 96, 129
349741.6.peg.2303.site.19, 74, 97, 171
349741.6.peg.2303.site.20, 74, 97, 171
349741.6.peg.2303.site.21, 3, 96, 99
349741.6.peg.2303.site.22, 73, 97, 170
349741.6.peg.2303.site.23, 74, 97, 171
349741.6.peg.2303.site.24, 1, 97, 98
349741.6.peg.2303.site.25, 1, 96, 97
349741.6.peg.2303.site.26, 93, 95, 188
349741.6.peg.2303.site.27, 6, 96, 102
349741.6.peg.2303.site.28, 1, 94, 95
349741.6.peg.2303.site.29, 2, 97, 99
349741.6.peg.2303.site.30, 1, 97, 98
349741.6.peg.2303.site.31, 1, 97, 98
349741.6.peg.2303.site.32, 5, 97, 102
349741.6.peg.2303.site.33, 1, 97, 98
349741.6.peg.2303.site.34, 1, 97, 98
349741.6.peg.2303.site.35, 42, 97, 139
349741.6.peg.2303.site.36, 1, 97, 98
349741.6.peg.2303.site.37, 3, 95, 98
349741.6.peg.1477.site.1, 2, 97, 99
349741.6.peg.1477.site.2, 27, 97, 124
349741.6.peg.1477.site.3, 27, 96, 123
349741.6.peg.1477.site.4, 26, 92, 118
349741.6.peg.1477.site.5, 1, 96, 97
349741.6.peg.1477.site.6, 20, 93, 113
349741.6.peg.1477.site.7, 78, 94, 172
349741.6.peg.1477.site.8, 1, 92, 93
349741.6.peg.1477.site.9, 56, 97, 153
349741.6.peg.1477.site.10, 27, 97, 124
349741.6.peg.1477.site.11, 27, 97, 124
349741.6.peg.1477.site.12, 54, 97, 151
349741.6.peg.1477.site.13, 81, 97, 178
349741.6.peg.1477.site.14, 27, 97, 124
349741.6.peg.1477.site.15, 23, 92, 115
349741.6.peg.1477.site.16, 15, 84, 99
349741.6.peg.1477.site.17, 4, 72, 76
349741.6.peg.1477.site.18, 2, 72, 74
349741.6.peg.1477.site.19, 56, 71, 127
349741.6.peg.1477.site.20, 57, 79, 136
349741.6.peg.1477.site.21, 67, 79, 146
349741.6.peg.1477.site.22, 16, 86, 102
349741.6.peg.1477.site.23, 16, 86, 102
349741.6.peg.1477.site.24, 2, 96, 98
349741.6.peg.1477.site.25, 26, 95, 121
349741.6.peg.1477.site.26, 16, 95, 111
349741.6.peg.1477.site.27, 8, 73, 81
349741.6.peg.1477.site.28, 5, 71, 76
349741.6.peg.1477.site.29, 23, 70, 93
349741.6.peg.1477.site.30, 16, 71, 87
349741.6.peg.1477.site.31, 16, 70, 86
349741.6.peg.1477.site.32, 16, 70, 86
349741.6.peg.1477.site.33, 16, 70, 86
349741.6.peg.1477.site.34, 16, 68, 84
349741.6.peg.1477.site.35, 16, 69, 85
349741.6.peg.1477.site.36, 0, 69, 69
349741.6.peg.1477.site.37, 16, 69, 85
349741.6.peg.1477.site.38, 28, 68, 96
349741.6.peg.1477.site.39, 1, 68, 69
349741.6.peg.1477.site.40, 6, 73, 79
349741.6.peg.1477.site.41, 15, 80, 95
349741.6.peg.1477.site.42, 14, 81, 95
349741.6.peg.1477.site.43, 2, 76, 78
349741.6.peg.1477.site.44, 4, 65, 69
349741.6.peg.1475.site.1, 28, 94, 122
349741.6.peg.1475.site.2, 3, 90, 93
349741.6.peg.1475.site.3, 0, 97, 97
349741.6.peg.1475.site.4, 25, 97, 122
349741.6.peg.1475.site.5, 81, 97, 178
349741.6.peg.1475.site.6, 25, 97, 122
349741.6.peg.1475.site.7, 90, 97, 187
349741.6.peg.1475.site.8, 31, 95, 126
349741.6.peg.1475.site.9, 97, 97, 194
349741.6.peg.1475.site.10, 1, 97, 98
349741.6.peg.1475.site.11, 56, 97, 153
349741.6.peg.1475.site.12, 25, 97, 122
349741.6.peg.1475.site.13, 1, 97, 98
349741.6.peg.1475.site.14, 25, 97, 122
349741.6.peg.1489.site.1, 10, 97, 107
349741.6.peg.1489.site.2, 46, 97, 143
349741.6.peg.1489.site.3, 19, 96, 115
349741.6.peg.1489.site.4, 71, 97, 168
349741.6.peg.1489.site.5, 27, 97, 124
349741.6.peg.2308.site.1, 1, 97, 98
349741.6.peg.2308.site.2, 83, 95, 178
349741.6.peg.2308.site.3, 1, 96, 97
349741.6.peg.2308.site.4, 33, 95, 128
349741.6.peg.2308.site.5, 73, 96, 169
349741.6.peg.2308.site.6, 2, 93, 95
349741.6.peg.2308.site.7, 76, 95, 171
349741.6.peg.2308.site.8, 26, 94, 120
349741.6.peg.2308.site.9, 5, 96, 101
349741.6.peg.2308.site.10, 0, 97, 97
349741.6.peg.2308.site.11, 74, 97, 171
349741.6.peg.2308.site.12, 75, 91, 166
349741.6.peg.2309.site.1, 24, 87, 111
349741.6.peg.2309.site.2, 0, 95, 95
349741.6.peg.2309.site.3, 26, 96, 122
349741.6.peg.2309.site.4, 1, 96, 97
349741.6.peg.2309.site.5, 2, 96, 98
349741.6.peg.2309.site.6, 31, 92, 123
349741.6.peg.2309.site.7, 7, 89, 96
349741.6.peg.2309.site.8, 3, 88, 91
349741.6.peg.2309.site.9, 1, 91, 92
349741.6.peg.2309.site.10, 79, 93, 172
349741.6.peg.2309.site.11, 3, 94, 97
349741.6.peg.2309.site.12, 2, 97, 99
349741.6.peg.2309.site.13, 1, 95, 96
349741.6.peg.2309.site.14, 2, 97, 99
349741.6.peg.2309.site.15, 4, 97, 101
349741.6.peg.2309.site.16, 2, 97, 99
349741.6.peg.2309.site.17, 1, 97, 98
349741.6.peg.2309.site.18, 81, 97, 178
349741.6.peg.2309.site.19, 49, 97, 146
349741.6.peg.2309.site.20, 3, 97, 100
349741.6.peg.2309.site.21, 47, 95, 142
349741.6.peg.2309.site.22, 30, 93, 123
349741.6.peg.2309.site.23, 45, 93, 138
349741.6.peg.2309.site.24, 44, 91, 135
349741.6.peg.2309.site.25, 1, 89, 90
349741.6.peg.2309.site.26, 16, 64, 80
349741.6.peg.2309.site.27, 14, 61, 75
349741.6.peg.2309.site.28, 28, 76, 104
349741.6.peg.2309.site.29, 25, 49, 74
349741.6.peg.2309.site.30, 3, 51, 54
349741.6.peg.2309.site.31, 6, 54, 60
349741.6.peg.2309.site.32, 15, 63, 78
349741.6.peg.295.site.1, 2, 97, 99
349741.6.peg.295.site.2, 54, 97, 151
349741.6.peg.295.site.3, 38, 97, 135
349741.6.peg.295.site.4, 54, 97, 151
349741.6.peg.295.site.5, 10, 97, 107
349741.6.peg.295.site.6, 38, 97, 135
349741.6.peg.295.site.7, 38, 96, 134
349741.6.peg.295.site.8, 0, 97, 97
349741.6.peg.295.site.9, 0, 97, 97
349741.6.peg.295.site.10, 38, 97, 135
349741.6.peg.295.site.11, 88, 97, 185
349741.6.peg.295.site.12, 38, 97, 135
349741.6.peg.295.site.13, 0, 97, 97
349741.6.peg.295.site.14, 54, 97, 151
349741.6.peg.295.site.15, 1, 97, 98
349741.6.peg.294.site.1, 53, 97, 150
349741.6.peg.294.site.2, 1, 97, 98
349741.6.peg.294.site.3, 39, 96, 135
349741.6.peg.294.site.4, 32, 77, 109
349741.6.peg.294.site.5, 23, 66, 89
349741.6.peg.294.site.6, 0, 68, 68
349741.6.peg.294.site.7, 16, 65, 81
349741.6.peg.294.site.8, 16, 65, 81
349741.6.peg.294.site.9, 28, 71, 99
349741.6.peg.294.site.10, 43, 86, 129
349741.6.peg.294.site.11, 53, 96, 149
349741.6.peg.294.site.12, 38, 97, 135
349741.6.peg.297.site.1, 0, 97, 97
349741.6.peg.297.site.2, 2, 95, 97
349741.6.peg.297.site.3, 2, 95, 97
349741.6.peg.297.site.4, 2, 95, 97
349741.6.peg.297.site.5, 21, 93, 114
349741.6.peg.297.site.6, 42, 95, 137
349741.6.peg.297.site.7, 42, 95, 137
349741.6.peg.297.site.8, 0, 94, 94
349741.6.peg.297.site.9, 43, 93, 136
349741.6.peg.297.site.10, 38, 93, 131
349741.6.peg.297.site.11, 3, 94, 97
349741.6.peg.297.site.12, 2, 95, 97
349741.6.peg.297.site.13, 2, 95, 97
349741.6.peg.297.site.14, 0, 95, 95
349741.6.peg.296.site.1, 38, 97, 135
349741.6.peg.296.site.2, 88, 97, 185
349741.6.peg.296.site.3, 3, 96, 99
349741.6.peg.296.site.4, 52, 97, 149
349741.6.peg.296.site.5, 2, 97, 99
349741.6.peg.296.site.6, 42, 97, 139
349741.6.peg.296.site.7, 42, 96, 138
349741.6.peg.296.site.8, 6, 97, 103
349741.6.peg.296.site.9, 2, 97, 99
349741.6.peg.296.site.10, 2, 97, 99
349741.6.peg.296.site.11, 2, 97, 99
349741.6.peg.296.site.12, 8, 97, 105
349741.6.peg.296.site.13, 10, 97, 107
349741.6.peg.291.site.1, 13, 96, 109
349741.6.peg.291.site.2, 0, 97, 97
349741.6.peg.291.site.3, 38, 96, 134
349741.6.peg.291.site.4, 38, 97, 135
349741.6.peg.291.site.5, 22, 97, 119
349741.6.peg.291.site.6, 2, 97, 99
349741.6.peg.291.site.7, 40, 97, 137
349741.6.peg.291.site.8, 2, 97, 99
349741.6.peg.291.site.9, 54, 96, 150
349741.6.peg.291.site.10, 16, 96, 112
349741.6.peg.291.site.11, 1, 97, 98
349741.6.peg.291.site.12, 3, 95, 98
349741.6.peg.291.site.13, 16, 97, 113
349741.6.peg.291.site.14, 2, 97, 99
349741.6.peg.291.site.15, 24, 97, 121
349741.6.peg.291.site.16, 54, 97, 151
349741.6.peg.291.site.17, 2, 96, 98
349741.6.peg.291.site.18, 2, 97, 99
349741.6.peg.291.site.19, 54, 97, 151
349741.6.peg.290.site.1, 66, 97, 163
349741.6.peg.290.site.2, 5, 97, 102
349741.6.peg.290.site.3, 2, 97, 99
349741.6.peg.290.site.4, 2, 97, 99
349741.6.peg.290.site.5, 4, 97, 101
349741.6.peg.290.site.6, 60, 97, 157
349741.6.peg.290.site.7, 40, 97, 137
349741.6.peg.290.site.8, 60, 97, 157
349741.6.peg.290.site.9, 1, 97, 98
349741.6.peg.290.site.10, 59, 96, 155
349741.6.peg.290.site.11, 21, 97, 118
349741.6.peg.290.site.12, 2, 97, 99
349741.6.peg.290.site.13, 44, 97, 141
349741.6.peg.293.site.1, 5, 50, 55
349741.6.peg.293.site.2, 6, 51, 57
349741.6.peg.293.site.3, 8, 53, 61
349741.6.peg.293.site.4, 10, 55, 65
349741.6.peg.293.site.5, 20, 65, 85
349741.6.peg.293.site.6, 7, 96, 103
349741.6.peg.293.site.7, 53, 97, 150
349741.6.peg.293.site.8, 52, 97, 149
349741.6.peg.293.site.9, 10, 97, 107
349741.6.peg.293.site.10, 52, 97, 149
349741.6.peg.293.site.11, 1, 97, 98
349741.6.peg.293.site.12, 46, 96, 142
349741.6.peg.293.site.13, 2, 93, 95
349741.6.peg.293.site.14, 1, 96, 97
349741.6.peg.293.site.15, 24, 97, 121
349741.6.peg.293.site.16, 2, 96, 98
349741.6.peg.293.site.17, 52, 96, 148
349741.6.peg.293.site.18, 14, 97, 111
349741.6.peg.298.site.1, 11, 95, 106
349741.6.peg.298.site.2, 2, 96, 98
349741.6.peg.298.site.3, 13, 97, 110
349741.6.peg.298.site.4, 2, 97, 99
349741.6.peg.298.site.5, 4, 97, 101
349741.6.peg.298.site.6, 0, 96, 96
349741.6.peg.298.site.7, 13, 97, 110
349741.6.peg.298.site.8, 11, 97, 108
349741.6.peg.298.site.9, 1, 96, 97
349741.6.peg.298.site.10, 68, 97, 165
349741.6.peg.298.site.11, 87, 97, 184
349741.6.peg.298.site.12, 13, 97, 110
349741.6.peg.298.site.13, 13, 96, 109
349741.6.peg.298.site.14, 18, 97, 115
349741.6.peg.298.site.15, 26, 97, 123
349741.6.peg.298.site.16, 2, 97, 99
349741.6.peg.298.site.17, 9, 97, 106
349741.6.peg.298.site.18, 0, 91, 91
349741.6.peg.298.site.19, 0, 97, 97
349741.6.peg.298.site.20, 11, 96, 107
349741.6.peg.298.site.21, 2, 97, 99
349741.6.peg.298.site.22, 37, 97, 134
349741.6.peg.298.site.23, 0, 97, 97
349741.6.peg.298.site.24, 15, 96, 111
349741.6.peg.298.site.25, 0, 97, 97
349741.6.peg.298.site.26, 15, 97, 112
349741.6.peg.298.site.27, 1, 97, 98
349741.6.peg.298.site.28, 18, 97, 115
349741.6.peg.298.site.29, 2, 97, 99
349741.6.peg.1483.site.1, 56, 96, 152
349741.6.peg.1483.site.2, 4, 97, 101
349741.6.peg.1483.site.3, 66, 96, 162
349741.6.peg.1483.site.4, 4, 97, 101
349741.6.peg.1483.site.5, 0, 97, 97
349741.6.peg.1483.site.6, 4, 97, 101
349741.6.peg.1483.site.7, 1, 96, 97
349741.6.peg.1483.site.8, 2, 93, 95
349741.6.peg.1483.site.9, 19, 93, 112
349741.6.peg.1483.site.10, 2, 87, 89
349741.6.peg.1483.site.11, 2, 88, 90
349741.6.peg.1483.site.12, 4, 94, 98
349741.6.peg.1483.site.13, 33, 96, 129
349741.6.peg.611.site.1, 4, 93, 97
349741.6.peg.611.site.2, 6, 95, 101
349741.6.peg.611.site.3, 6, 95, 101
349741.6.peg.611.site.4, 49, 89, 138
349741.6.peg.611.site.5, 77, 88, 165
349741.6.peg.611.site.6, 85, 86, 171
349741.6.peg.611.site.7, 1, 97, 98
349741.6.peg.611.site.8, 0, 97, 97
349741.6.peg.611.site.9, 2, 97, 99
349741.6.peg.611.site.10, 49, 97, 146
349741.6.peg.611.site.11, 0, 93, 93
349741.6.peg.611.site.12, 10, 93, 103
349741.6.peg.611.site.13, 52, 90, 142
349741.6.peg.611.site.14, 53, 91, 144
349741.6.peg.611.site.15, 52, 90, 142
349741.6.peg.611.site.16, 42, 90, 132
349741.6.peg.611.site.17, 2, 91, 93
349741.6.peg.611.site.18, 45, 93, 138
349741.6.peg.611.site.19, 45, 92, 137
349741.6.peg.611.site.20, 54, 91, 145
349741.6.peg.611.site.21, 30, 88, 118
349741.6.peg.611.site.22, 53, 87, 140
349741.6.peg.611.site.23, 52, 87, 139
349741.6.peg.611.site.24, 49, 87, 136
349741.6.peg.611.site.25, 76, 82, 158
349741.6.peg.611.site.26, 31, 82, 113
349741.6.peg.611.site.27, 25, 70, 95
349741.6.peg.611.site.28, 33, 71, 104
349741.6.peg.611.site.29, 32, 80, 112
349741.6.peg.611.site.30, 2, 97, 99
349741.6.peg.611.site.31, 31, 97, 128
349741.6.peg.611.site.32, 5, 97, 102
349741.6.peg.611.site.33, 59, 97, 156
349741.6.peg.611.site.34, 59, 97, 156
349741.6.peg.611.site.35, 59, 97, 156
349741.6.peg.611.site.36, 48, 96, 144
349741.6.peg.611.site.37, 1, 97, 98
349741.6.peg.611.site.38, 65, 97, 162
349741.6.peg.611.site.39, 59, 97, 156
349741.6.peg.611.site.40, 10, 96, 106
349741.6.peg.611.site.41, 8, 96, 104
349741.6.peg.613.site.1, 1, 97, 98
349741.6.peg.613.site.2, 4, 96, 100
349741.6.peg.613.site.3, 3, 97, 100
349741.6.peg.613.site.4, 6, 96, 102
349741.6.peg.613.site.5, 24, 96, 120
349741.6.peg.613.site.6, 3, 97, 100
349741.6.peg.613.site.7, 27, 97, 124
349741.6.peg.613.site.8, 11, 97, 108
349741.6.peg.613.site.9, 3, 97, 100
349741.6.peg.613.site.10, 1, 96, 97
349741.6.peg.613.site.11, 44, 97, 141
349741.6.peg.613.site.12, 3, 97, 100
349741.6.peg.613.site.13, 79, 97, 176
349741.6.peg.613.site.14, 0, 96, 96
349741.6.peg.613.site.15, 79, 97, 176
349741.6.peg.613.site.16, 92, 96, 188
349741.6.peg.613.site.17, 3, 97, 100
349741.6.peg.613.site.18, 76, 96, 172
349741.6.peg.613.site.19, 76, 96, 172
349741.6.peg.613.site.20, 4, 94, 98
349741.6.peg.613.site.21, 77, 97, 174
349741.6.peg.613.site.22, 9, 97, 106
349741.6.peg.613.site.23, 77, 97, 174
349741.6.peg.613.site.24, 8, 97, 105
349741.6.peg.613.site.25, 77, 97, 174
349741.6.peg.613.site.26, 2, 97, 99
349741.6.peg.613.site.27, 3, 97, 100
349741.6.peg.613.site.28, 77, 97, 174
349741.6.peg.613.site.29, 77, 97, 174
349741.6.peg.613.site.30, 8, 97, 105
349741.6.peg.613.site.31, 7, 97, 104
349741.6.peg.613.site.32, 23, 97, 120
349741.6.peg.613.site.33, 89, 97, 186
349741.6.peg.613.site.34, 77, 97, 174
349741.6.peg.613.site.35, 77, 97, 174
349741.6.peg.613.site.36, 55, 97, 152
349741.6.peg.613.site.37, 8, 97, 105
349741.6.peg.613.site.38, 77, 97, 174
349741.6.peg.613.site.39, 77, 97, 174
349741.6.peg.613.site.40, 86, 97, 183
349741.6.peg.613.site.41, 1, 97, 98
349741.6.peg.613.site.42, 86, 97, 183
349741.6.peg.613.site.43, 86, 97, 183
349741.6.peg.613.site.44, 25, 97, 122
349741.6.peg.613.site.45, 6, 97, 103
349741.6.peg.613.site.46, 82, 97, 179
349741.6.peg.613.site.47, 8, 97, 105
349741.6.peg.613.site.48, 1, 97, 98
349741.6.peg.613.site.49, 26, 96, 122
349741.6.peg.613.site.50, 3, 97, 100
349741.6.peg.612.site.1, 2, 89, 91
349741.6.peg.612.site.2, 4, 91, 95
349741.6.peg.612.site.3, 4, 97, 101
349741.6.peg.612.site.4, 58, 90, 148
349741.6.peg.612.site.5, 36, 92, 128
349741.6.peg.612.site.6, 7, 95, 102
349741.6.peg.612.site.7, 8, 95, 103
349741.6.peg.612.site.8, 0, 97, 97
349741.6.peg.612.site.9, 49, 97, 146
349741.6.peg.612.site.10, 49, 97, 146
349741.6.peg.612.site.11, 1, 97, 98
349741.6.peg.612.site.12, 77, 97, 174
349741.6.peg.612.site.13, 0, 97, 97
349741.6.peg.612.site.14, 3, 97, 100
349741.6.peg.612.site.15, 66, 97, 163
349741.6.peg.612.site.16, 24, 97, 121
349741.6.peg.612.site.17, 24, 97, 121
349741.6.peg.612.site.18, 1, 97, 98
349741.6.peg.612.site.19, 1, 97, 98
349741.6.peg.617.site.1, 16, 32, 48
349741.6.peg.617.site.2, 11, 27, 38
349741.6.peg.617.site.3, 9, 25, 34
349741.6.peg.617.site.4, 12, 17, 29
349741.6.peg.617.site.5, 12, 16, 28
349741.6.peg.617.site.6, 13, 16, 29
349741.6.peg.617.site.7, 5, 29, 34
349741.6.peg.617.site.8, 6, 55, 61
349741.6.peg.617.site.9, 34, 68, 102
349741.6.peg.617.site.10, 9, 70, 79
349741.6.peg.617.site.11, 12, 82, 94
349741.6.peg.617.site.12, 1, 84, 85
349741.6.peg.617.site.13, 3, 91, 94
349741.6.peg.617.site.14, 10, 95, 105
349741.6.peg.617.site.15, 52, 95, 147
349741.6.peg.617.site.16, 66, 97, 163
349741.6.peg.617.site.17, 54, 97, 151
349741.6.peg.617.site.18, 4, 97, 101
349741.6.peg.617.site.19, 3, 97, 100
349741.6.peg.617.site.20, 0, 96, 96
349741.6.peg.616.site.1, 1, 97, 98
349741.6.peg.616.site.2, 11, 97, 108
349741.6.peg.616.site.3, 92, 97, 189
349741.6.peg.616.site.4, 92, 97, 189
349741.6.peg.616.site.5, 81, 97, 178
349741.6.peg.616.site.6, 75, 91, 166
349741.6.peg.616.site.7, 62, 79, 141
349741.6.peg.616.site.8, 56, 72, 128
349741.6.peg.616.site.9, 9, 44, 53
349741.6.peg.616.site.10, 21, 22, 43
349741.6.peg.616.site.11, 5, 8, 13
349741.6.peg.616.site.12, 13, 17, 30
349741.6.peg.616.site.13, 2, 18, 20
349741.6.peg.616.site.14, 12, 28, 40
349741.6.peg.616.site.15, 15, 31, 46
349741.6.peg.616.site.16, 24, 48, 72
349741.6.peg.616.site.17, 24, 48, 72
349741.6.peg.616.site.18, 28, 50, 78
349741.6.peg.619.site.1, 96, 97, 193
349741.6.peg.619.site.2, 4, 97, 101
349741.6.peg.619.site.3, 22, 97, 119
349741.6.peg.619.site.4, 22, 97, 119
349741.6.peg.619.site.5, 2, 97, 99
349741.6.peg.619.site.6, 18, 88, 106
349741.6.peg.619.site.7, 2, 83, 85
349741.6.peg.619.site.8, 11, 86, 97
349741.6.peg.619.site.9, 22, 85, 107
349741.6.peg.619.site.10, 22, 86, 108
349741.6.peg.619.site.11, 9, 97, 106
349741.6.peg.2358.site.1, 11, 97, 108
349741.6.peg.2358.site.2, 5, 95, 100
349741.6.peg.2358.site.3, 11, 96, 107
349741.6.peg.2358.site.4, 84, 96, 180
349741.6.peg.2358.site.5, 22, 96, 118
349741.6.peg.2358.site.6, 3, 93, 96
349741.6.peg.2358.site.7, 72, 91, 163
349741.6.peg.2358.site.8, 13, 90, 103
349741.6.peg.189.site.1, 7, 97, 104
349741.6.peg.189.site.2, 53, 97, 150
349741.6.peg.189.site.3, 30, 97, 127
349741.6.peg.189.site.4, 0, 97, 97
349741.6.peg.189.site.5, 0, 97, 97
349741.6.peg.189.site.6, 2, 97, 99
349741.6.peg.189.site.7, 26, 94, 120
349741.6.peg.189.site.8, 23, 97, 120
349741.6.peg.189.site.9, 5, 96, 101
349741.6.peg.189.site.10, 13, 97, 110
349741.6.peg.189.site.11, 20, 96, 116
349741.6.peg.189.site.12, 13, 97, 110
349741.6.peg.189.site.13, 31, 97, 128
349741.6.peg.189.site.14, 3, 97, 100
349741.6.peg.189.site.15, 8, 97, 105
349741.6.peg.189.site.16, 12, 95, 107
349741.6.peg.189.site.17, 11, 87, 98
349741.6.peg.189.site.18, 7, 91, 98
349741.6.peg.189.site.19, 8, 91, 99
349741.6.peg.189.site.20, 1, 93, 94
349741.6.peg.189.site.21, 1, 93, 94
349741.6.peg.189.site.22, 11, 95, 106
349741.6.peg.189.site.23, 8, 97, 105
349741.6.peg.189.site.24, 3, 97, 100
349741.6.peg.189.site.25, 43, 97, 140
349741.6.peg.189.site.26, 43, 97, 140
349741.6.peg.189.site.27, 45, 97, 142
349741.6.peg.189.site.28, 11, 97, 108
349741.6.peg.189.site.29, 6, 93, 99
349741.6.peg.188.site.1, 1, 97, 98
349741.6.peg.188.site.2, 7, 97, 104
349741.6.peg.188.site.3, 37, 97, 134
349741.6.peg.188.site.4, 18, 97, 115
349741.6.peg.188.site.5, 37, 97, 134
349741.6.peg.188.site.6, 10, 97, 107
349741.6.peg.188.site.7, 1, 97, 98
349741.6.peg.188.site.8, 26, 83, 109
349741.6.peg.188.site.9, 22, 80, 102
349741.6.peg.188.site.10, 28, 89, 117
349741.6.peg.188.site.11, 57, 97, 154
349741.6.peg.188.site.12, 24, 97, 121
349741.6.peg.188.site.13, 30, 97, 127
349741.6.peg.188.site.14, 18, 97, 115
349741.6.peg.188.site.15, 42, 97, 139
349741.6.peg.188.site.16, 7, 97, 104
349741.6.peg.188.site.17, 20, 96, 116
349741.6.peg.188.site.18, 1, 96, 97
349741.6.peg.188.site.19, 46, 97, 143
349741.6.peg.188.site.20, 0, 96, 96
349741.6.peg.188.site.21, 11, 97, 108
349741.6.peg.188.site.22, 1, 97, 98
349741.6.peg.183.site.1, 7, 28, 35
349741.6.peg.183.site.2, 2, 19, 21
349741.6.peg.183.site.3, 2, 50, 52
349741.6.peg.183.site.4, 34, 57, 91
349741.6.peg.183.site.5, 6, 87, 93
349741.6.peg.183.site.6, 76, 93, 169
349741.6.peg.183.site.7, 17, 79, 96
349741.6.peg.183.site.8, 1, 37, 38
349741.6.peg.183.site.9, 2, 74, 76
349741.6.peg.183.site.10, 60, 76, 136
349741.6.peg.183.site.11, 65, 82, 147
349741.6.peg.183.site.12, 60, 86, 146
349741.6.peg.183.site.13, 71, 88, 159
349741.6.peg.183.site.14, 75, 92, 167
349741.6.peg.183.site.15, 1, 96, 97
349741.6.peg.183.site.16, 92, 96, 188
349741.6.peg.183.site.17, 79, 96, 175
349741.6.peg.183.site.18, 2, 97, 99
349741.6.peg.183.site.19, 69, 85, 154
349741.6.peg.183.site.20, 0, 88, 88
349741.6.peg.183.site.21, 68, 84, 152
349741.6.peg.183.site.22, 74, 97, 171
349741.6.peg.183.site.23, 83, 97, 180
349741.6.peg.183.site.24, 74, 97, 171
349741.6.peg.183.site.25, 74, 97, 171
349741.6.peg.183.site.26, 1, 97, 98
349741.6.peg.183.site.27, 70, 95, 165
349741.6.peg.183.site.28, 63, 87, 150
349741.6.peg.183.site.29, 58, 88, 146
349741.6.peg.183.site.30, 6, 91, 97
349741.6.peg.183.site.31, 73, 89, 162
349741.6.peg.183.site.32, 78, 94, 172
349741.6.peg.183.site.33, 72, 95, 167
349741.6.peg.183.site.34, 7, 96, 103
349741.6.peg.183.site.35, 65, 96, 161
349741.6.peg.183.site.36, 15, 97, 112
349741.6.peg.183.site.37, 72, 96, 168
349741.6.peg.183.site.38, 19, 90, 109
349741.6.peg.183.site.39, 26, 47, 73
349741.6.peg.183.site.40, 40, 56, 96
349741.6.peg.183.site.41, 59, 88, 147
349741.6.peg.183.site.42, 75, 96, 171
349741.6.peg.183.site.43, 2, 97, 99
349741.6.peg.183.site.44, 24, 96, 120
349741.6.peg.183.site.45, 78, 96, 174
349741.6.peg.183.site.46, 78, 96, 174
349741.6.peg.183.site.47, 2, 97, 99
349741.6.peg.183.site.48, 83, 83, 166
349741.6.peg.183.site.49, 2, 77, 79
349741.6.peg.183.site.50, 20, 68, 88
349741.6.peg.183.site.51, 9, 63, 72
349741.6.peg.183.site.52, 55, 58, 113
349741.6.peg.183.site.53, 5, 65, 70
349741.6.peg.183.site.54, 71, 89, 160
349741.6.peg.183.site.55, 18, 97, 115
349741.6.peg.183.site.56, 5, 97, 102
349741.6.peg.183.site.57, 25, 94, 119
349741.6.peg.183.site.58, 45, 95, 140
349741.6.peg.183.site.59, 76, 94, 170
349741.6.peg.183.site.60, 5, 96, 101
349741.6.peg.183.site.61, 86, 96, 182
349741.6.peg.183.site.62, 4, 94, 98
349741.6.peg.183.site.63, 9, 92, 101
349741.6.peg.183.site.64, 5, 92, 97
349741.6.peg.183.site.65, 3, 88, 91
349741.6.peg.183.site.66, 12, 80, 92
349741.6.peg.183.site.67, 61, 78, 139
349741.6.peg.183.site.68, 44, 74, 118
349741.6.peg.183.site.69, 44, 73, 117
349741.6.peg.183.site.70, 1, 75, 76
349741.6.peg.183.site.71, 1, 77, 78
349741.6.peg.183.site.72, 47, 73, 120
349741.6.peg.183.site.73, 5, 95, 100
349741.6.peg.183.site.74, 72, 95, 167
349741.6.peg.183.site.75, 50, 97, 147
349741.6.peg.183.site.76, 0, 97, 97
349741.6.peg.183.site.77, 18, 97, 115
349741.6.peg.182.site.1, 94, 94, 188
349741.6.peg.182.site.2, 75, 92, 167
349741.6.peg.182.site.3, 87, 97, 184
349741.6.peg.182.site.4, 6, 97, 103
349741.6.peg.182.site.5, 76, 92, 168
349741.6.peg.182.site.6, 23, 88, 111
349741.6.peg.182.site.7, 1, 91, 92
349741.6.peg.182.site.8, 3, 92, 95
349741.6.peg.182.site.9, 13, 90, 103
349741.6.peg.182.site.10, 2, 81, 83
349741.6.peg.182.site.11, 73, 88, 161
349741.6.peg.182.site.12, 11, 89, 100
349741.6.peg.182.site.13, 75, 97, 172
349741.6.peg.182.site.14, 2, 96, 98
349741.6.peg.182.site.15, 9, 96, 105
349741.6.peg.182.site.16, 78, 96, 174
349741.6.peg.182.site.17, 5, 97, 102
349741.6.peg.182.site.18, 74, 96, 170
349741.6.peg.185.site.1, 74, 97, 171
349741.6.peg.185.site.2, 2, 97, 99
349741.6.peg.185.site.3, 53, 79, 132
349741.6.peg.185.site.4, 27, 53, 80
349741.6.peg.185.site.5, 23, 49, 72
349741.6.peg.185.site.6, 70, 79, 149
349741.6.peg.185.site.7, 2, 97, 99
349741.6.peg.185.site.8, 69, 96, 165
349741.6.peg.185.site.9, 4, 93, 97
349741.6.peg.185.site.10, 69, 93, 162
349741.6.peg.185.site.11, 65, 95, 160
349741.6.peg.185.site.12, 5, 94, 99
349741.6.peg.185.site.13, 10, 94, 104
349741.6.peg.185.site.14, 7, 94, 101
349741.6.peg.185.site.15, 71, 95, 166
349741.6.peg.185.site.16, 1, 96, 97
349741.6.peg.185.site.17, 7, 97, 104
349741.6.peg.185.site.18, 2, 97, 99
349741.6.peg.185.site.19, 71, 95, 166
349741.6.peg.185.site.20, 69, 95, 164
349741.6.peg.185.site.21, 74, 93, 167
349741.6.peg.185.site.22, 74, 92, 166
349741.6.peg.185.site.23, 2, 94, 96
349741.6.peg.185.site.24, 27, 93, 120
349741.6.peg.185.site.25, 0, 94, 94
349741.6.peg.185.site.26, 73, 92, 165
349741.6.peg.185.site.27, 21, 79, 100
349741.6.peg.185.site.28, 31, 57, 88
349741.6.peg.185.site.29, 67, 86, 153
349741.6.peg.185.site.30, 2, 97, 99
349741.6.peg.185.site.31, 78, 97, 175
349741.6.peg.185.site.32, 2, 97, 99
349741.6.peg.185.site.33, 78, 97, 175
349741.6.peg.185.site.34, 0, 97, 97
349741.6.peg.185.site.35, 76, 95, 171
349741.6.peg.185.site.36, 17, 93, 110
349741.6.peg.185.site.37, 2, 92, 94
349741.6.peg.185.site.38, 3, 87, 90
349741.6.peg.185.site.39, 71, 89, 160
349741.6.peg.185.site.40, 73, 91, 164
349741.6.peg.185.site.41, 1, 96, 97
349741.6.peg.185.site.42, 1, 97, 98
349741.6.peg.185.site.43, 80, 97, 177
349741.6.peg.185.site.44, 1, 97, 98
349741.6.peg.185.site.45, 72, 97, 169
349741.6.peg.185.site.46, 1, 97, 98
349741.6.peg.185.site.47, 7, 97, 104
349741.6.peg.185.site.48, 72, 97, 169
349741.6.peg.185.site.49, 2, 97, 99
349741.6.peg.185.site.50, 72, 97, 169
349741.6.peg.185.site.51, 9, 97, 106
349741.6.peg.185.site.52, 1, 95, 96
349741.6.peg.185.site.53, 87, 95, 182
349741.6.peg.185.site.54, 7, 96, 103
349741.6.peg.185.site.55, 50, 97, 147
349741.6.peg.185.site.56, 46, 96, 142
349741.6.peg.185.site.57, 45, 95, 140
349741.6.peg.185.site.58, 22, 96, 118
349741.6.peg.185.site.59, 50, 66, 116
349741.6.peg.185.site.60, 33, 77, 110
349741.6.peg.184.site.1, 1, 68, 69
349741.6.peg.184.site.2, 69, 92, 161
349741.6.peg.184.site.3, 2, 97, 99
349741.6.peg.184.site.4, 2, 96, 98
349741.6.peg.184.site.5, 74, 95, 169
349741.6.peg.184.site.6, 75, 96, 171
349741.6.peg.184.site.7, 0, 84, 84
349741.6.peg.184.site.8, 3, 69, 72
349741.6.peg.184.site.9, 26, 47, 73
349741.6.peg.184.site.10, 10, 40, 50
349741.6.peg.184.site.11, 14, 35, 49
349741.6.peg.184.site.12, 2, 25, 27
349741.6.peg.184.site.13, 7, 29, 36
349741.6.peg.184.site.14, 1, 80, 81
349741.6.peg.184.site.15, 67, 90, 157
349741.6.peg.184.site.16, 4, 93, 97
349741.6.peg.184.site.17, 2, 97, 99
349741.6.peg.184.site.18, 60, 93, 153
349741.6.peg.184.site.19, 49, 96, 145
349741.6.peg.184.site.20, 72, 95, 167
349741.6.peg.184.site.21, 71, 94, 165
349741.6.peg.184.site.22, 1, 93, 94
349741.6.peg.184.site.23, 61, 84, 145
349741.6.peg.184.site.24, 4, 83, 87
349741.6.peg.184.site.25, 1, 79, 80
349741.6.peg.184.site.26, 34, 57, 91
349741.6.peg.184.site.27, 51, 55, 106
349741.6.peg.184.site.28, 65, 97, 162
349741.6.peg.184.site.29, 79, 97, 176
349741.6.peg.184.site.30, 74, 97, 171
349741.6.peg.184.site.31, 7, 97, 104
349741.6.peg.184.site.32, 88, 97, 185
349741.6.peg.184.site.33, 1, 97, 98
349741.6.peg.184.site.34, 6, 97, 103
349741.6.peg.184.site.35, 74, 97, 171
349741.6.peg.184.site.36, 97, 97, 194
349741.6.peg.184.site.37, 74, 97, 171
349741.6.peg.184.site.38, 73, 95, 168
349741.6.peg.184.site.39, 6, 96, 102
349741.6.peg.184.site.40, 81, 96, 177
349741.6.peg.184.site.41, 74, 97, 171
349741.6.peg.184.site.42, 64, 97, 161
349741.6.peg.184.site.43, 10, 97, 107
349741.6.peg.184.site.44, 11, 97, 108
349741.6.peg.184.site.45, 1, 97, 98
349741.6.peg.184.site.46, 73, 96, 169
349741.6.peg.184.site.47, 5, 96, 101
349741.6.peg.184.site.48, 95, 95, 190
349741.6.peg.184.site.49, 33, 94, 127
349741.6.peg.184.site.50, 93, 93, 186
349741.6.peg.184.site.51, 89, 94, 183
349741.6.peg.184.site.52, 72, 95, 167
349741.6.peg.184.site.53, 74, 97, 171
349741.6.peg.184.site.54, 2, 97, 99
349741.6.peg.187.site.1, 16, 97, 113
349741.6.peg.187.site.2, 16, 96, 112
349741.6.peg.187.site.3, 94, 97, 191
349741.6.peg.187.site.4, 22, 97, 119
349741.6.peg.187.site.5, 28, 97, 125
349741.6.peg.187.site.6, 6, 93, 99
349741.6.peg.187.site.7, 62, 96, 158
349741.6.peg.187.site.8, 3, 96, 99
349741.6.peg.187.site.9, 51, 95, 146
349741.6.peg.187.site.10, 1, 97, 98
349741.6.peg.187.site.11, 11, 97, 108
349741.6.peg.187.site.12, 39, 97, 136
349741.6.peg.187.site.13, 8, 97, 105
349741.6.peg.187.site.14, 0, 97, 97
349741.6.peg.187.site.15, 37, 97, 134
349741.6.peg.187.site.16, 43, 96, 139
349741.6.peg.187.site.17, 36, 96, 132
349741.6.peg.187.site.18, 2, 97, 99
349741.6.peg.187.site.19, 39, 97, 136
349741.6.peg.187.site.20, 20, 97, 117
349741.6.peg.187.site.21, 57, 97, 154
349741.6.peg.187.site.22, 29, 97, 126
349741.6.peg.187.site.23, 52, 97, 149
349741.6.peg.187.site.24, 20, 97, 117
349741.6.peg.187.site.25, 28, 97, 125
349741.6.peg.187.site.26, 15, 97, 112
349741.6.peg.187.site.27, 3, 97, 100
349741.6.peg.187.site.28, 54, 97, 151
349741.6.peg.186.site.1, 53, 93, 146
349741.6.peg.186.site.2, 57, 85, 142
349741.6.peg.186.site.3, 1, 73, 74
349741.6.peg.186.site.4, 10, 61, 71
349741.6.peg.186.site.5, 24, 63, 87
349741.6.peg.186.site.6, 7, 55, 62
349741.6.peg.186.site.7, 2, 54, 56
349741.6.peg.186.site.8, 4, 53, 57
349741.6.peg.186.site.9, 25, 50, 75
349741.6.peg.186.site.10, 21, 45, 66
349741.6.peg.186.site.11, 51, 51, 102
349741.6.peg.186.site.12, 2, 52, 54
349741.6.peg.186.site.13, 1, 49, 50
349741.6.peg.186.site.14, 0, 68, 68
349741.6.peg.186.site.15, 6, 79, 85
349741.6.peg.186.site.16, 3, 89, 92
349741.6.peg.186.site.17, 2, 69, 71
349741.6.peg.186.site.18, 24, 62, 86
349741.6.peg.186.site.19, 8, 64, 72
349741.6.peg.186.site.20, 6, 47, 53
349741.6.peg.186.site.21, 15, 43, 58
349741.6.peg.186.site.22, 25, 33, 58
349741.6.peg.186.site.23, 20, 28, 48
349741.6.peg.186.site.24, 5, 33, 38
349741.6.peg.186.site.25, 2, 37, 39
349741.6.peg.186.site.26, 16, 45, 61
349741.6.peg.186.site.27, 4, 54, 58
349741.6.peg.186.site.28, 36, 64, 100
349741.6.peg.186.site.29, 21, 52, 73
349741.6.peg.186.site.30, 23, 50, 73
349741.6.peg.186.site.31, 20, 48, 68
349741.6.peg.186.site.32, 3, 50, 53
349741.6.peg.186.site.33, 4, 82, 86
349741.6.peg.186.site.34, 5, 82, 87
349741.6.peg.186.site.35, 22, 71, 93
349741.6.peg.186.site.36, 56, 91, 147
349741.6.peg.186.site.37, 1, 94, 95
349741.6.peg.186.site.38, 9, 96, 105
349741.6.peg.1785.site.1, 1, 97, 98
349741.6.peg.1785.site.2, 1, 97, 98
349741.6.peg.1785.site.3, 7, 97, 104
349741.6.peg.1785.site.4, 1, 97, 98
349741.6.peg.1785.site.5, 38, 97, 135
349741.6.peg.1785.site.6, 1, 97, 98
349741.6.peg.1785.site.7, 2, 96, 98
349741.6.peg.1785.site.8, 1, 96, 97
349741.6.peg.1785.site.9, 1, 97, 98
349741.6.peg.1785.site.10, 1, 97, 98
349741.6.peg.1785.site.11, 0, 96, 96
349741.6.peg.1785.site.12, 45, 97, 142
349741.6.peg.1785.site.13, 97, 97, 194
349741.6.peg.1785.site.14, 1, 97, 98
349741.6.peg.1785.site.15, 1, 97, 98
349741.6.peg.1785.site.16, 0, 97, 97
349741.6.peg.1785.site.17, 3, 97, 100
349741.6.peg.1785.site.18, 47, 97, 144
349741.6.peg.1785.site.19, 38, 97, 135
349741.6.peg.1785.site.20, 2, 96, 98
349741.6.peg.1784.site.1, 2, 97, 99
349741.6.peg.1784.site.2, 44, 97, 141
349741.6.peg.1784.site.3, 2, 97, 99
349741.6.peg.1784.site.4, 48, 97, 145
349741.6.peg.1784.site.5, 3, 97, 100
349741.6.peg.1784.site.6, 97, 97, 194
349741.6.peg.1784.site.7, 7, 97, 104
349741.6.peg.1784.site.8, 20, 97, 117
349741.6.peg.1784.site.9, 1, 97, 98
349741.6.peg.1784.site.10, 1, 97, 98
349741.6.peg.1784.site.11, 44, 97, 141
349741.6.peg.1784.site.12, 1, 97, 98
349741.6.peg.1784.site.13, 2, 97, 99
349741.6.peg.1784.site.14, 1, 97, 98
349741.6.peg.1784.site.15, 47, 97, 144
349741.6.peg.1784.site.16, 45, 97, 142
349741.6.peg.1784.site.17, 46, 97, 143
349741.6.peg.1784.site.18, 0, 97, 97
349741.6.peg.1787.site.1, 3, 97, 100
349741.6.peg.1787.site.2, 2, 96, 98
349741.6.peg.1787.site.3, 2, 91, 93
349741.6.peg.1787.site.4, 56, 90, 146
349741.6.peg.1787.site.5, 3, 95, 98
349741.6.peg.1787.site.6, 2, 93, 95
349741.6.peg.1787.site.7, 0, 87, 87
349741.6.peg.1787.site.8, 34, 82, 116
349741.6.peg.1787.site.9, 77, 85, 162
349741.6.peg.1787.site.10, 1, 96, 97
349741.6.peg.1787.site.11, 2, 97, 99
349741.6.peg.1781.site.1, 18, 97, 115
349741.6.peg.1781.site.2, 7, 97, 104
349741.6.peg.1781.site.3, 46, 97, 143
349741.6.peg.1781.site.4, 7, 97, 104
349741.6.peg.1781.site.5, 46, 97, 143
349741.6.peg.1781.site.6, 45, 95, 140
349741.6.peg.1781.site.7, 1, 97, 98
349741.6.peg.1781.site.8, 0, 97, 97
349741.6.peg.1781.site.9, 0, 97, 97
349741.6.peg.1781.site.10, 1, 96, 97
349741.6.peg.1781.site.11, 50, 96, 146
349741.6.peg.1781.site.12, 33, 84, 117
349741.6.peg.1782.site.1, 45, 96, 141
349741.6.peg.1782.site.2, 1, 97, 98
349741.6.peg.1782.site.3, 45, 97, 142
349741.6.peg.1782.site.4, 0, 96, 96
349741.6.peg.1782.site.5, 39, 90, 129
349741.6.peg.1782.site.6, 28, 80, 108
349741.6.peg.1782.site.7, 2, 86, 88
349741.6.peg.1782.site.8, 3, 91, 94
349741.6.peg.1782.site.9, 1, 90, 91
349741.6.peg.1782.site.10, 42, 94, 136
349741.6.peg.1782.site.11, 76, 95, 171
349741.6.peg.1782.site.12, 1, 94, 95
349741.6.peg.1782.site.13, 1, 95, 96
349741.6.peg.470.site.1, 56, 94, 150
349741.6.peg.470.site.2, 9, 97, 106
349741.6.peg.470.site.3, 2, 97, 99
349741.6.peg.470.site.4, 2, 97, 99
349741.6.peg.470.site.5, 7, 97, 104
349741.6.peg.470.site.6, 46, 97, 143
349741.6.peg.470.site.7, 1, 97, 98
349741.6.peg.470.site.8, 22, 97, 119
349741.6.peg.470.site.9, 2, 97, 99
349741.6.peg.470.site.10, 3, 97, 100
349741.6.peg.470.site.11, 22, 97, 119
349741.6.peg.470.site.12, 22, 97, 119
349741.6.peg.470.site.13, 1, 96, 97
349741.6.peg.470.site.14, 22, 96, 118
349741.6.peg.470.site.15, 2, 94, 96
349741.6.peg.470.site.16, 91, 91, 182
349741.6.peg.470.site.17, 2, 87, 89
349741.6.peg.470.site.18, 20, 91, 111
349741.6.peg.470.site.19, 6, 94, 100
349741.6.peg.470.site.20, 6, 95, 101
349741.6.peg.470.site.21, 7, 92, 99
349741.6.peg.470.site.22, 20, 96, 116
349741.6.peg.470.site.23, 54, 96, 150
349741.6.peg.470.site.24, 42, 96, 138
349741.6.peg.470.site.25, 6, 96, 102
349741.6.peg.470.site.26, 6, 96, 102
349741.6.peg.470.site.27, 6, 93, 99
349741.6.peg.470.site.28, 22, 93, 115
349741.6.peg.470.site.29, 96, 96, 192
349741.6.peg.470.site.30, 1, 96, 97
349741.6.peg.470.site.31, 1, 95, 96
349741.6.peg.470.site.32, 7, 96, 103
349741.6.peg.470.site.33, 16, 97, 113
349741.6.peg.470.site.34, 9, 97, 106
349741.6.peg.470.site.35, 7, 97, 104
349741.6.peg.470.site.36, 29, 97, 126
349741.6.peg.473.site.1, 34, 97, 131
349741.6.peg.473.site.2, 7, 97, 104
349741.6.peg.473.site.3, 7, 97, 104
349741.6.peg.473.site.4, 8, 97, 105
349741.6.peg.473.site.5, 27, 97, 124
349741.6.peg.473.site.6, 26, 96, 122
349741.6.peg.473.site.7, 37, 96, 133
349741.6.peg.473.site.8, 76, 95, 171
349741.6.peg.473.site.9, 34, 94, 128
349741.6.peg.473.site.10, 89, 90, 179
349741.6.peg.473.site.11, 29, 89, 118
349741.6.peg.473.site.12, 27, 96, 123
349741.6.peg.473.site.13, 2, 97, 99
349741.6.peg.473.site.14, 41, 97, 138
349741.6.peg.473.site.15, 30, 96, 126
349741.6.peg.473.site.16, 19, 97, 116
349741.6.peg.473.site.17, 23, 96, 119
349741.6.peg.473.site.18, 64, 97, 161
349741.6.peg.473.site.19, 90, 96, 186
349741.6.peg.473.site.20, 9, 97, 106
349741.6.peg.473.site.21, 0, 96, 96
349741.6.peg.473.site.22, 35, 96, 131
349741.6.peg.473.site.23, 35, 96, 131
349741.6.peg.473.site.24, 91, 97, 188
349741.6.peg.473.site.25, 23, 97, 120
349741.6.peg.473.site.26, 2, 97, 99
349741.6.peg.473.site.27, 36, 97, 133
349741.6.peg.473.site.28, 1, 97, 98
349741.6.peg.473.site.29, 0, 97, 97
349741.6.peg.473.site.30, 69, 97, 166
349741.6.peg.1788.site.1, 1, 97, 98
349741.6.peg.1788.site.2, 71, 97, 168
349741.6.peg.1788.site.3, 30, 97, 127
349741.6.peg.1788.site.4, 2, 97, 99
349741.6.peg.1788.site.5, 2, 96, 98
349741.6.peg.1788.site.6, 3, 97, 100
349741.6.peg.1788.site.7, 1, 97, 98
349741.6.peg.1788.site.8, 48, 97, 145
349741.6.peg.1788.site.9, 48, 97, 145
349741.6.peg.1788.site.10, 12, 97, 109
349741.6.peg.1788.site.11, 62, 97, 159
349741.6.peg.1788.site.12, 2, 97, 99
349741.6.peg.1788.site.13, 71, 96, 167
349741.6.peg.1788.site.14, 1, 97, 98
349741.6.peg.1788.site.15, 91, 97, 188
349741.6.peg.1788.site.16, 1, 97, 98
349741.6.peg.1788.site.17, 88, 96, 184
349741.6.peg.477.site.1, 72, 97, 169
349741.6.peg.477.site.2, 0, 97, 97
349741.6.peg.477.site.3, 9, 97, 106
349741.6.peg.477.site.4, 72, 97, 169
349741.6.peg.477.site.5, 1, 97, 98
349741.6.peg.477.site.6, 3, 90, 93
349741.6.peg.477.site.7, 2, 31, 33
349741.6.peg.477.site.8, 5, 36, 41
349741.6.peg.477.site.9, 0, 18, 18
349741.6.peg.505.site.1, 6, 92, 98
349741.6.peg.505.site.2, 5, 94, 99
349741.6.peg.505.site.3, 5, 94, 99
349741.6.peg.505.site.4, 8, 94, 102
349741.6.peg.505.site.5, 71, 92, 163
349741.6.peg.505.site.6, 2, 91, 93
349741.6.peg.505.site.7, 1, 89, 90
349741.6.peg.505.site.8, 1, 90, 91
349741.6.peg.505.site.9, 72, 91, 163
349741.6.peg.505.site.10, 5, 93, 98
349741.6.peg.505.site.11, 41, 89, 130
349741.6.peg.505.site.12, 7, 89, 96
349741.6.peg.505.site.13, 3, 90, 93
349741.6.peg.505.site.14, 2, 89, 91
349741.6.peg.505.site.15, 70, 89, 159
349741.6.peg.505.site.16, 41, 90, 131
349741.6.peg.505.site.17, 4, 88, 92
349741.6.peg.505.site.18, 20, 89, 109
349741.6.peg.505.site.19, 0, 89, 89
349741.6.peg.505.site.20, 2, 91, 93
349741.6.peg.504.site.1, 2, 91, 93
349741.6.peg.504.site.2, 2, 91, 93
349741.6.peg.504.site.3, 11, 91, 102
349741.6.peg.504.site.4, 2, 88, 90
349741.6.peg.504.site.5, 9, 89, 98
349741.6.peg.504.site.6, 1, 90, 91
349741.6.peg.504.site.7, 3, 92, 95
349741.6.peg.504.site.8, 4, 93, 97
349741.6.peg.504.site.9, 7, 95, 102
349741.6.peg.504.site.10, 7, 96, 103
349741.6.peg.504.site.11, 1, 95, 96
349741.6.peg.504.site.12, 85, 95, 180
349741.6.peg.504.site.13, 4, 93, 97
349741.6.peg.504.site.14, 9, 90, 99
349741.6.peg.504.site.15, 1, 88, 89
349741.6.peg.504.site.16, 67, 88, 155
349741.6.peg.504.site.17, 70, 89, 159
349741.6.peg.504.site.18, 1, 89, 90
349741.6.peg.504.site.19, 3, 90, 93
349741.6.peg.504.site.20, 5, 93, 98
349741.6.peg.504.site.21, 9, 95, 104
349741.6.peg.504.site.22, 2, 93, 95
349741.6.peg.504.site.23, 5, 92, 97
349741.6.peg.504.site.24, 67, 93, 160
349741.6.peg.504.site.25, 2, 85, 87
349741.6.peg.504.site.26, 1, 82, 83
349741.6.peg.504.site.27, 2, 76, 78
349741.6.peg.504.site.28, 64, 80, 144
349741.6.peg.504.site.29, 73, 82, 155
349741.6.peg.504.site.30, 2, 96, 98
349741.6.peg.504.site.31, 7, 96, 103
349741.6.peg.504.site.32, 92, 96, 188
349741.6.peg.504.site.33, 1, 95, 96
349741.6.peg.504.site.34, 7, 96, 103
349741.6.peg.504.site.35, 7, 96, 103
349741.6.peg.504.site.36, 45, 97, 142
349741.6.peg.504.site.37, 6, 95, 101
349741.6.peg.504.site.38, 71, 90, 161
349741.6.peg.507.site.1, 4, 91, 95
349741.6.peg.507.site.2, 3, 89, 92
349741.6.peg.507.site.3, 39, 91, 130
349741.6.peg.507.site.4, 71, 90, 161
349741.6.peg.507.site.5, 82, 86, 168
349741.6.peg.507.site.6, 68, 89, 157
349741.6.peg.507.site.7, 2, 91, 93
349741.6.peg.507.site.8, 71, 95, 166
349741.6.peg.507.site.9, 7, 96, 103
349741.6.peg.507.site.10, 5, 94, 99
349741.6.peg.507.site.11, 4, 89, 93
349741.6.peg.507.site.12, 76, 89, 165
349741.6.peg.507.site.13, 71, 90, 161
349741.6.peg.507.site.14, 2, 96, 98
349741.6.peg.507.site.15, 8, 97, 105
349741.6.peg.507.site.16, 7, 96, 103
349741.6.peg.507.site.17, 7, 96, 103
349741.6.peg.507.site.18, 8, 97, 105
349741.6.peg.507.site.19, 8, 97, 105
349741.6.peg.507.site.20, 76, 95, 171
349741.6.peg.507.site.21, 18, 37, 55
349741.6.peg.507.site.22, 18, 37, 55
349741.6.peg.507.site.23, 15, 34, 49
349741.6.peg.507.site.24, 57, 76, 133
349741.6.peg.507.site.25, 75, 94, 169
349741.6.peg.507.site.26, 2, 94, 96
349741.6.peg.507.site.27, 76, 95, 171
349741.6.peg.507.site.28, 78, 97, 175
349741.6.peg.507.site.29, 0, 97, 97
349741.6.peg.506.site.1, 8, 97, 105
349741.6.peg.506.site.2, 8, 96, 104
349741.6.peg.506.site.3, 8, 97, 105
349741.6.peg.506.site.4, 8, 97, 105
349741.6.peg.506.site.5, 8, 97, 105
349741.6.peg.506.site.6, 0, 95, 95
349741.6.peg.506.site.7, 57, 96, 153
349741.6.peg.506.site.8, 58, 97, 155
349741.6.peg.506.site.9, 8, 97, 105
349741.6.peg.506.site.10, 58, 97, 155
349741.6.peg.506.site.11, 1, 97, 98
349741.6.peg.506.site.12, 2, 97, 99
349741.6.peg.506.site.13, 3, 97, 100
349741.6.peg.506.site.14, 7, 97, 104
349741.6.peg.506.site.15, 4, 97, 101
349741.6.peg.506.site.16, 3, 97, 100
349741.6.peg.506.site.17, 16, 97, 113
349741.6.peg.506.site.18, 4, 96, 100
349741.6.peg.506.site.19, 8, 97, 105
349741.6.peg.506.site.20, 8, 97, 105
349741.6.peg.506.site.21, 85, 97, 182
349741.6.peg.506.site.22, 8, 97, 105
349741.6.peg.506.site.23, 49, 97, 146
349741.6.peg.506.site.24, 5, 94, 99
349741.6.peg.506.site.25, 0, 93, 93
349741.6.peg.506.site.26, 36, 75, 111
349741.6.peg.506.site.27, 44, 83, 127
349741.6.peg.506.site.28, 48, 87, 135
349741.6.peg.506.site.29, 2, 96, 98
349741.6.peg.506.site.30, 16, 96, 112
349741.6.peg.506.site.31, 65, 96, 161
349741.6.peg.506.site.32, 63, 96, 159
349741.6.peg.506.site.33, 8, 97, 105
349741.6.peg.506.site.34, 73, 97, 170
349741.6.peg.506.site.35, 8, 97, 105
349741.6.peg.506.site.36, 8, 97, 105
349741.6.peg.506.site.37, 61, 97, 158
349741.6.peg.506.site.38, 3, 97, 100
349741.6.peg.501.site.1, 8, 97, 105
349741.6.peg.501.site.2, 7, 96, 103
349741.6.peg.501.site.3, 5, 94, 99
349741.6.peg.501.site.4, 17, 88, 105
349741.6.peg.501.site.5, 2, 89, 91
349741.6.peg.501.site.6, 19, 89, 108
349741.6.peg.501.site.7, 3, 87, 90
349741.6.peg.501.site.8, 79, 88, 167
349741.6.peg.501.site.9, 1, 89, 90
349741.6.peg.501.site.10, 3, 95, 98
349741.6.peg.501.site.11, 8, 97, 105
349741.6.peg.501.site.12, 0, 95, 95
349741.6.peg.501.site.13, 4, 93, 97
349741.6.peg.501.site.14, 2, 91, 93
349741.6.peg.501.site.15, 2, 91, 93
349741.6.peg.501.site.16, 78, 89, 167
349741.6.peg.501.site.17, 5, 93, 98
349741.6.peg.501.site.18, 5, 92, 97
349741.6.peg.501.site.19, 81, 94, 175
349741.6.peg.501.site.20, 82, 95, 177
349741.6.peg.501.site.21, 1, 94, 95
349741.6.peg.501.site.22, 2, 89, 91
349741.6.peg.501.site.23, 2, 85, 87
349741.6.peg.501.site.24, 3, 89, 92
349741.6.peg.501.site.25, 2, 89, 91
349741.6.peg.501.site.26, 0, 89, 89
349741.6.peg.501.site.27, 0, 89, 89
349741.6.peg.501.site.28, 0, 88, 88
349741.6.peg.502.site.1, 5, 94, 99
349741.6.peg.502.site.2, 72, 90, 162
349741.6.peg.502.site.3, 77, 89, 166
349741.6.peg.502.site.4, 19, 89, 108
349741.6.peg.502.site.5, 2, 90, 92
349741.6.peg.502.site.6, 5, 94, 99
349741.6.peg.502.site.7, 2, 95, 97
349741.6.peg.502.site.8, 1, 97, 98
349741.6.peg.502.site.9, 83, 97, 180
349741.6.peg.502.site.10, 2, 91, 93
349741.6.peg.502.site.11, 41, 90, 131
349741.6.peg.502.site.12, 2, 91, 93
349741.6.peg.502.site.13, 41, 89, 130
349741.6.peg.502.site.14, 72, 89, 161
349741.6.peg.502.site.15, 1, 89, 90
349741.6.peg.502.site.16, 73, 89, 162
349741.6.peg.502.site.17, 73, 89, 162
349741.6.peg.502.site.18, 71, 88, 159
349741.6.peg.502.site.19, 1, 90, 91
349741.6.peg.502.site.20, 2, 90, 92
349741.6.peg.502.site.21, 5, 93, 98
349741.6.peg.502.site.22, 0, 88, 88
349741.6.peg.502.site.23, 3, 91, 94
349741.6.peg.502.site.24, 65, 89, 154
349741.6.peg.502.site.25, 6, 89, 95
349741.6.peg.502.site.26, 2, 92, 94
349741.6.peg.502.site.27, 0, 97, 97
349741.6.peg.502.site.28, 8, 97, 105
349741.6.peg.502.site.29, 8, 97, 105
349741.6.peg.502.site.30, 2, 96, 98
349741.6.peg.502.site.31, 8, 96, 104
349741.6.peg.502.site.32, 8, 97, 105
349741.6.peg.509.site.1, 8, 97, 105
349741.6.peg.509.site.2, 8, 97, 105
349741.6.peg.509.site.3, 8, 97, 105
349741.6.peg.509.site.4, 8, 96, 104
349741.6.peg.509.site.5, 8, 97, 105
349741.6.peg.509.site.6, 2, 97, 99
349741.6.peg.509.site.7, 8, 97, 105
349741.6.peg.509.site.8, 0, 96, 96
349741.6.peg.509.site.9, 8, 97, 105
349741.6.peg.509.site.10, 92, 97, 189
349741.6.peg.509.site.11, 9, 97, 106
349741.6.peg.509.site.12, 7, 95, 102
349741.6.peg.509.site.13, 7, 95, 102
349741.6.peg.509.site.14, 8, 95, 103
349741.6.peg.509.site.15, 8, 97, 105
349741.6.peg.509.site.16, 0, 97, 97
349741.6.peg.509.site.17, 8, 97, 105
349741.6.peg.509.site.18, 73, 97, 170
349741.6.peg.509.site.19, 9, 97, 106
349741.6.peg.509.site.20, 9, 97, 106
349741.6.peg.509.site.21, 8, 97, 105
349741.6.peg.509.site.22, 1, 96, 97
349741.6.peg.509.site.23, 6, 95, 101
349741.6.peg.509.site.24, 2, 96, 98
349741.6.peg.509.site.25, 7, 96, 103
349741.6.peg.509.site.26, 8, 94, 102
349741.6.peg.509.site.27, 10, 93, 103
349741.6.peg.509.site.28, 2, 94, 96
349741.6.peg.509.site.29, 8, 94, 102
349741.6.peg.509.site.30, 8, 97, 105
349741.6.peg.509.site.31, 8, 97, 105
349741.6.peg.509.site.32, 8, 97, 105
349741.6.peg.509.site.33, 68, 97, 165
349741.6.peg.509.site.34, 9, 97, 106
349741.6.peg.509.site.35, 4, 97, 101
349741.6.peg.509.site.36, 8, 95, 103
349741.6.peg.509.site.37, 17, 97, 114
349741.6.peg.509.site.38, 92, 96, 188
349741.6.peg.509.site.39, 77, 95, 172
349741.6.peg.509.site.40, 8, 96, 104
349741.6.peg.509.site.41, 9, 97, 106
349741.6.peg.509.site.42, 17, 96, 113
349741.6.peg.509.site.43, 87, 97, 184
349741.6.peg.509.site.44, 22, 90, 112
349741.6.peg.509.site.45, 21, 89, 110
349741.6.peg.509.site.46, 30, 91, 121
349741.6.peg.509.site.47, 30, 90, 120
349741.6.peg.509.site.48, 6, 91, 97
349741.6.peg.509.site.49, 1, 92, 93
349741.6.peg.509.site.50, 0, 91, 91
349741.6.peg.509.site.51, 1, 92, 93
349741.6.peg.509.site.52, 1, 90, 91
349741.6.peg.509.site.53, 10, 90, 100
349741.6.peg.509.site.54, 5, 94, 99
349741.6.peg.509.site.55, 8, 97, 105
349741.6.peg.509.site.56, 9, 97, 106
349741.6.peg.509.site.57, 0, 97, 97
349741.6.peg.509.site.58, 8, 97, 105
349741.6.peg.509.site.59, 4, 97, 101
349741.6.peg.509.site.60, 1, 97, 98
349741.6.peg.509.site.61, 1, 97, 98
349741.6.peg.509.site.62, 5, 93, 98
349741.6.peg.509.site.63, 16, 91, 107
349741.6.peg.509.site.64, 8, 95, 103
349741.6.peg.509.site.65, 8, 93, 101
349741.6.peg.509.site.66, 18, 95, 113
349741.6.peg.509.site.67, 7, 94, 101
349741.6.peg.509.site.68, 2, 95, 97
349741.6.peg.509.site.69, 1, 95, 96
349741.6.peg.509.site.70, 8, 95, 103
349741.6.peg.509.site.71, 9, 97, 106
349741.6.peg.509.site.72, 17, 97, 114
349741.6.peg.509.site.73, 17, 97, 114
349741.6.peg.509.site.74, 33, 97, 130
349741.6.peg.509.site.75, 17, 97, 114
349741.6.peg.509.site.76, 1, 97, 98
349741.6.peg.509.site.77, 9, 97, 106
349741.6.peg.509.site.78, 9, 97, 106
349741.6.peg.509.site.79, 11, 97, 108
349741.6.peg.509.site.80, 9, 97, 106
349741.6.peg.509.site.81, 8, 97, 105
349741.6.peg.509.site.82, 8, 97, 105
349741.6.peg.509.site.83, 1, 97, 98
349741.6.peg.509.site.84, 2, 96, 98
349741.6.peg.2278.site.1, 27, 91, 118
349741.6.peg.2278.site.2, 4, 75, 79
349741.6.peg.2278.site.3, 26, 90, 116
349741.6.peg.2278.site.4, 28, 93, 121
349741.6.peg.2278.site.5, 31, 96, 127
349741.6.peg.2278.site.6, 17, 95, 112
349741.6.peg.2278.site.7, 1, 93, 94
349741.6.peg.2278.site.8, 5, 74, 79
349741.6.peg.2278.site.9, 3, 70, 73
349741.6.peg.2278.site.10, 3, 72, 75
349741.6.peg.2278.site.11, 18, 87, 105
349741.6.peg.2279.site.1, 3, 90, 93
349741.6.peg.2279.site.2, 1, 92, 93
349741.6.peg.2279.site.3, 74, 97, 171
349741.6.peg.2279.site.4, 72, 95, 167
349741.6.peg.2279.site.5, 73, 96, 169
349741.6.peg.2279.site.6, 80, 97, 177
349741.6.peg.2279.site.7, 80, 97, 177
349741.6.peg.2279.site.8, 80, 97, 177
349741.6.peg.2279.site.9, 80, 97, 177
349741.6.peg.2279.site.10, 0, 97, 97
349741.6.peg.2279.site.11, 1, 92, 93
349741.6.peg.2279.site.12, 2, 94, 96
349741.6.peg.2279.site.13, 4, 69, 73
349741.6.peg.2279.site.14, 37, 52, 89
349741.6.peg.2279.site.15, 33, 47, 80
349741.6.peg.98.site.1, 16, 97, 113
349741.6.peg.98.site.2, 4, 97, 101
349741.6.peg.98.site.3, 10, 97, 107
349741.6.peg.98.site.4, 2, 97, 99
349741.6.peg.98.site.5, 1, 97, 98
349741.6.peg.98.site.6, 10, 97, 107
349741.6.peg.98.site.7, 0, 96, 96
349741.6.peg.98.site.8, 10, 97, 107
349741.6.peg.98.site.9, 2, 97, 99
349741.6.peg.98.site.10, 16, 97, 113
349741.6.peg.98.site.11, 24, 97, 121
349741.6.peg.98.site.12, 94, 97, 191
349741.6.peg.98.site.13, 12, 97, 109
349741.6.peg.98.site.14, 19, 97, 116
349741.6.peg.94.site.1, 1, 91, 92
349741.6.peg.94.site.2, 87, 96, 183
349741.6.peg.94.site.3, 2, 96, 98
349741.6.peg.94.site.4, 32, 97, 129
349741.6.peg.94.site.5, 2, 97, 99
349741.6.peg.94.site.6, 32, 97, 129
349741.6.peg.94.site.7, 0, 97, 97
349741.6.peg.94.site.8, 34, 97, 131
349741.6.peg.94.site.9, 3, 95, 98
349741.6.peg.94.site.10, 47, 96, 143
349741.6.peg.94.site.11, 4, 96, 100
349741.6.peg.94.site.12, 4, 96, 100
349741.6.peg.94.site.13, 0, 92, 92
349741.6.peg.94.site.14, 1, 95, 96
349741.6.peg.94.site.15, 28, 96, 124
349741.6.peg.94.site.16, 54, 97, 151
349741.6.peg.94.site.17, 46, 96, 142
349741.6.peg.94.site.18, 46, 96, 142
349741.6.peg.94.site.19, 46, 96, 142
349741.6.peg.94.site.20, 6, 96, 102
349741.6.peg.94.site.21, 2, 96, 98
349741.6.peg.94.site.22, 1, 97, 98
349741.6.peg.94.site.23, 47, 96, 143
349741.6.peg.94.site.24, 1, 96, 97
349741.6.peg.94.site.25, 0, 97, 97
349741.6.peg.94.site.26, 1, 96, 97
349741.6.peg.94.site.27, 47, 97, 144
349741.6.peg.94.site.28, 34, 97, 131
349741.6.peg.94.site.29, 4, 96, 100
349741.6.peg.94.site.30, 2, 97, 99
349741.6.peg.94.site.31, 0, 96, 96
349741.6.peg.94.site.32, 47, 97, 144
349741.6.peg.94.site.33, 1, 97, 98
349741.6.peg.94.site.34, 47, 97, 144
349741.6.peg.94.site.35, 36, 96, 132
349741.6.peg.94.site.36, 2, 96, 98
349741.6.peg.94.site.37, 16, 96, 112
349741.6.peg.94.site.38, 85, 96, 181
349741.6.peg.94.site.39, 37, 97, 134
349741.6.peg.94.site.40, 31, 97, 128
349741.6.peg.94.site.41, 2, 97, 99
349741.6.peg.94.site.42, 47, 97, 144
349741.6.peg.94.site.43, 1, 97, 98
349741.6.peg.94.site.44, 1, 87, 88
349741.6.peg.94.site.45, 11, 58, 69
349741.6.peg.94.site.46, 9, 57, 66
349741.6.peg.94.site.47, 2, 59, 61
349741.6.peg.94.site.48, 8, 64, 72
349741.6.peg.94.site.49, 13, 63, 76
349741.6.peg.94.site.50, 1, 79, 80
349741.6.peg.94.site.51, 2, 86, 88
349741.6.peg.94.site.52, 35, 85, 120
349741.6.peg.94.site.53, 6, 88, 94
349741.6.peg.94.site.54, 86, 92, 178
349741.6.peg.94.site.55, 85, 91, 176
349741.6.peg.94.site.56, 1, 94, 95
349741.6.peg.94.site.57, 1, 96, 97
349741.6.peg.94.site.58, 16, 97, 113
349741.6.peg.94.site.59, 46, 96, 142
349741.6.peg.94.site.60, 3, 97, 100
349741.6.peg.94.site.61, 1, 97, 98
349741.6.peg.94.site.62, 5, 96, 101
349741.6.peg.94.site.63, 46, 96, 142
349741.6.peg.94.site.64, 46, 96, 142
349741.6.peg.94.site.65, 47, 97, 144
349741.6.peg.94.site.66, 2, 97, 99
349741.6.peg.94.site.67, 44, 94, 138
349741.6.peg.94.site.68, 9, 97, 106
349741.6.peg.94.site.69, 0, 96, 96
349741.6.peg.94.site.70, 4, 86, 90
349741.6.peg.95.site.1, 96, 97, 193
349741.6.peg.95.site.2, 25, 97, 122
349741.6.peg.95.site.3, 2, 97, 99
349741.6.peg.95.site.4, 4, 97, 101
349741.6.peg.95.site.5, 0, 97, 97
349741.6.peg.95.site.6, 11, 95, 106
349741.6.peg.95.site.7, 64, 97, 161
349741.6.peg.95.site.8, 59, 97, 156
349741.6.peg.95.site.9, 1, 97, 98
349741.6.peg.95.site.10, 15, 96, 111
349741.6.peg.95.site.11, 10, 97, 107
349741.6.peg.95.site.12, 1, 97, 98
349741.6.peg.95.site.13, 53, 97, 150
349741.6.peg.95.site.14, 3, 97, 100
349741.6.peg.95.site.15, 96, 97, 193
349741.6.peg.96.site.1, 0, 94, 94
349741.6.peg.96.site.2, 10, 96, 106
349741.6.peg.96.site.3, 0, 97, 97
349741.6.peg.96.site.4, 0, 96, 96
349741.6.peg.97.site.1, 10, 96, 106
349741.6.peg.97.site.2, 9, 97, 106
349741.6.peg.97.site.3, 2, 97, 99
349741.6.peg.97.site.4, 64, 97, 161
349741.6.peg.97.site.5, 1, 97, 98
349741.6.peg.97.site.6, 2, 97, 99
349741.6.peg.97.site.7, 10, 97, 107
349741.6.peg.97.site.8, 5, 97, 102
349741.6.peg.97.site.9, 10, 97, 107
349741.6.peg.97.site.10, 87, 97, 184
349741.6.peg.97.site.11, 96, 97, 193
349741.6.peg.97.site.12, 2, 97, 99
349741.6.peg.97.site.13, 10, 97, 107
349741.6.peg.97.site.14, 10, 97, 107
349741.6.peg.97.site.15, 95, 96, 191
349741.6.peg.97.site.16, 6, 93, 99
349741.6.peg.97.site.17, 7, 92, 99
349741.6.peg.97.site.18, 8, 95, 103
349741.6.peg.97.site.19, 11, 97, 108
349741.6.peg.97.site.20, 61, 96, 157
349741.6.peg.97.site.21, 1, 96, 97
349741.6.peg.97.site.22, 15, 96, 111
349741.6.peg.97.site.23, 5, 96, 101
349741.6.peg.97.site.24, 14, 95, 109
349741.6.peg.97.site.25, 10, 97, 107
349741.6.peg.97.site.26, 3, 97, 100
349741.6.peg.97.site.27, 9, 97, 106
349741.6.peg.97.site.28, 0, 97, 97
349741.6.peg.97.site.29, 16, 95, 111
349741.6.peg.97.site.30, 15, 96, 111
349741.6.peg.97.site.31, 10, 97, 107
349741.6.peg.97.site.32, 1, 97, 98
349741.6.peg.97.site.33, 17, 96, 113
349741.6.peg.97.site.34, 0, 94, 94
349741.6.peg.97.site.35, 2, 96, 98
349741.6.peg.97.site.36, 9, 97, 106
349741.6.peg.97.site.37, 54, 97, 151
349741.6.peg.97.site.38, 36, 97, 133
349741.6.peg.97.site.39, 53, 97, 150
349741.6.peg.97.site.40, 4, 96, 100
349741.6.peg.97.site.41, 71, 97, 168
349741.6.peg.97.site.42, 2, 97, 99
349741.6.peg.97.site.43, 0, 97, 97
349741.6.peg.97.site.44, 1, 97, 98
349741.6.peg.97.site.45, 63, 96, 159
349741.6.peg.97.site.46, 37, 95, 132
349741.6.peg.97.site.47, 75, 97, 172
349741.6.peg.97.site.48, 65, 96, 161
349741.6.peg.97.site.49, 1, 97, 98
349741.6.peg.97.site.50, 2, 97, 99
349741.6.peg.97.site.51, 8, 92, 100
349741.6.peg.97.site.52, 87, 96, 183
349741.6.peg.97.site.53, 1, 96, 97
349741.6.peg.97.site.54, 23, 97, 120
349741.6.peg.97.site.55, 1, 96, 97
349741.6.peg.97.site.56, 8, 96, 104
349741.6.peg.97.site.57, 8, 96, 104
349741.6.peg.97.site.58, 0, 93, 93
349741.6.peg.97.site.59, 9, 55, 64
349741.6.peg.97.site.60, 51, 57, 108
349741.6.peg.97.site.61, 2, 97, 99
349741.6.peg.97.site.62, 10, 97, 107
349741.6.peg.97.site.63, 10, 97, 107
349741.6.peg.97.site.64, 9, 97, 106
349741.6.peg.97.site.65, 94, 97, 191
349741.6.peg.97.site.66, 22, 97, 119
349741.6.peg.97.site.67, 19, 97, 116
349741.6.peg.90.site.1, 1, 95, 96
349741.6.peg.90.site.2, 18, 96, 114
349741.6.peg.90.site.3, 2, 97, 99
349741.6.peg.90.site.4, 11, 97, 108
349741.6.peg.90.site.5, 6, 94, 100
349741.6.peg.90.site.6, 1, 90, 91
349741.6.peg.90.site.7, 1, 89, 90
349741.6.peg.90.site.8, 1, 89, 90
349741.6.peg.90.site.9, 4, 90, 94
349741.6.peg.90.site.10, 6, 93, 99
349741.6.peg.90.site.11, 1, 95, 96
349741.6.peg.90.site.12, 19, 97, 116
349741.6.peg.90.site.13, 4, 97, 101
349741.6.peg.90.site.14, 23, 97, 120
349741.6.peg.90.site.15, 4, 96, 100
349741.6.peg.90.site.16, 10, 97, 107
349741.6.peg.90.site.17, 10, 97, 107
349741.6.peg.90.site.18, 5, 97, 102
349741.6.peg.90.site.19, 12, 97, 109
349741.6.peg.90.site.20, 84, 97, 181
349741.6.peg.90.site.21, 10, 96, 106
349741.6.peg.91.site.1, 14, 96, 110
349741.6.peg.91.site.2, 3, 97, 100
349741.6.peg.91.site.3, 2, 97, 99
349741.6.peg.91.site.4, 1, 97, 98
349741.6.peg.91.site.5, 0, 96, 96
349741.6.peg.91.site.6, 10, 97, 107
349741.6.peg.91.site.7, 15, 97, 112
349741.6.peg.91.site.8, 10, 97, 107
349741.6.peg.91.site.9, 10, 97, 107
349741.6.peg.91.site.10, 24, 45, 69
349741.6.peg.91.site.11, 8, 32, 40
349741.6.peg.92.site.1, 2, 97, 99
349741.6.peg.92.site.2, 59, 97, 156
349741.6.peg.92.site.3, 15, 97, 112
349741.6.peg.93.site.1, 9, 97, 106
349741.6.peg.93.site.2, 4, 97, 101
349741.6.peg.93.site.3, 31, 97, 128
349741.6.peg.93.site.4, 31, 97, 128
349741.6.peg.93.site.5, 4, 97, 101
349741.6.peg.93.site.6, 1, 97, 98
349741.6.peg.93.site.7, 2, 97, 99
349741.6.peg.93.site.8, 35, 97, 132
349741.6.peg.93.site.9, 4, 97, 101
349741.6.peg.93.site.10, 31, 97, 128
349741.6.peg.93.site.11, 31, 97, 128
349741.6.peg.93.site.12, 1, 95, 96
349741.6.peg.93.site.13, 53, 93, 146
349741.6.peg.93.site.14, 53, 92, 145
349741.6.peg.93.site.15, 60, 93, 153
349741.6.peg.93.site.16, 29, 93, 122
349741.6.peg.93.site.17, 2, 93, 95
349741.6.peg.93.site.18, 86, 91, 177
349741.6.peg.93.site.19, 86, 96, 182
349741.6.peg.93.site.20, 30, 97, 127
349741.6.peg.93.site.21, 53, 97, 150
349741.6.peg.93.site.22, 85, 97, 182
349741.6.peg.1098.site.1, 2, 96, 98
349741.6.peg.1098.site.2, 2, 97, 99
349741.6.peg.1098.site.3, 62, 97, 159
349741.6.peg.1098.site.4, 81, 97, 178
349741.6.peg.1098.site.5, 6, 97, 103
349741.6.peg.1098.site.6, 4, 97, 101
349741.6.peg.1098.site.7, 2, 97, 99
349741.6.peg.1098.site.8, 5, 97, 102
349741.6.peg.1098.site.9, 1, 97, 98
349741.6.peg.1098.site.10, 2, 97, 99
349741.6.peg.1098.site.11, 81, 97, 178
349741.6.peg.1098.site.12, 1, 97, 98
349741.6.peg.1098.site.13, 0, 97, 97
349741.6.peg.1098.site.14, 81, 97, 178
349741.6.peg.1098.site.15, 3, 97, 100
349741.6.peg.1098.site.16, 90, 97, 187
349741.6.peg.1098.site.17, 87, 96, 183
349741.6.peg.1098.site.18, 6, 97, 103
349741.6.peg.1098.site.19, 1, 96, 97
349741.6.peg.1098.site.20, 89, 97, 186
349741.6.peg.1098.site.21, 2, 97, 99
349741.6.peg.1098.site.22, 81, 97, 178
349741.6.peg.1098.site.23, 3, 97, 100
349741.6.peg.1098.site.24, 2, 97, 99
349741.6.peg.1098.site.25, 13, 97, 110
349741.6.peg.1091.site.1, 77, 94, 171
349741.6.peg.1091.site.2, 0, 97, 97
349741.6.peg.1091.site.3, 86, 97, 183
349741.6.peg.1091.site.4, 2, 95, 97
349741.6.peg.1091.site.5, 77, 94, 171
349741.6.peg.1091.site.6, 77, 94, 171
349741.6.peg.1091.site.7, 78, 95, 173
349741.6.peg.1091.site.8, 1, 95, 96
349741.6.peg.1091.site.9, 1, 96, 97
349741.6.peg.1091.site.10, 16, 95, 111
349741.6.peg.1091.site.11, 80, 97, 177
349741.6.peg.1091.site.12, 80, 97, 177
349741.6.peg.1091.site.13, 79, 96, 175
349741.6.peg.1091.site.14, 80, 92, 172
349741.6.peg.1091.site.15, 52, 53, 105
349741.6.peg.1091.site.16, 10, 11, 21
349741.6.peg.1091.site.17, 24, 24, 48
349741.6.peg.1091.site.18, 8, 88, 96
349741.6.peg.1091.site.19, 80, 97, 177
349741.6.peg.1091.site.20, 2, 97, 99
349741.6.peg.1091.site.21, 1, 97, 98
349741.6.peg.1091.site.22, 96, 97, 193
349741.6.peg.1091.site.23, 96, 97, 193
349741.6.peg.1091.site.24, 14, 97, 111
349741.6.peg.1091.site.25, 80, 97, 177
349741.6.peg.1091.site.26, 3, 96, 99
349741.6.peg.1091.site.27, 1, 92, 93
349741.6.peg.1091.site.28, 1, 97, 98
349741.6.peg.1091.site.29, 1, 97, 98
349741.6.peg.1093.site.1, 5, 97, 102
349741.6.peg.1093.site.2, 80, 96, 176
349741.6.peg.1093.site.3, 0, 97, 97
349741.6.peg.1093.site.4, 2, 97, 99
349741.6.peg.1093.site.5, 2, 97, 99
349741.6.peg.1093.site.6, 72, 97, 169
349741.6.peg.1093.site.7, 0, 96, 96
349741.6.peg.1092.site.1, 91, 96, 187
349741.6.peg.1092.site.2, 8, 97, 105
349741.6.peg.1092.site.3, 1, 97, 98
349741.6.peg.1092.site.4, 5, 97, 102
349741.6.peg.1092.site.5, 0, 97, 97
349741.6.peg.1092.site.6, 80, 96, 176
349741.6.peg.1092.site.7, 2, 97, 99
349741.6.peg.1092.site.8, 85, 97, 182
349741.6.peg.1092.site.9, 5, 97, 102
349741.6.peg.1092.site.10, 0, 96, 96
349741.6.peg.1092.site.11, 2, 95, 97
349741.6.peg.1092.site.12, 81, 97, 178
349741.6.peg.1092.site.13, 2, 97, 99
349741.6.peg.1092.site.14, 1, 97, 98
349741.6.peg.1092.site.15, 2, 97, 99
349741.6.peg.1092.site.16, 18, 97, 115
349741.6.peg.1092.site.17, 2, 97, 99
349741.6.peg.1092.site.18, 81, 97, 178
349741.6.peg.1092.site.19, 81, 97, 178
349741.6.peg.1092.site.20, 11, 97, 108
349741.6.peg.1092.site.21, 5, 97, 102
349741.6.peg.1092.site.22, 11, 97, 108
349741.6.peg.1095.site.1, 26, 50, 76
349741.6.peg.1095.site.2, 2, 96, 98
349741.6.peg.1094.site.1, 55, 97, 152
349741.6.peg.1094.site.2, 55, 97, 152
349741.6.peg.1094.site.3, 62, 96, 158
349741.6.peg.1094.site.4, 3, 85, 88
349741.6.peg.1094.site.5, 5, 89, 94
349741.6.peg.1094.site.6, 45, 90, 135
349741.6.peg.1094.site.7, 1, 97, 98
349741.6.peg.1094.site.8, 56, 97, 153
349741.6.peg.1094.site.9, 2, 97, 99
349741.6.peg.1094.site.10, 3, 97, 100
349741.6.peg.1094.site.11, 0, 97, 97
349741.6.peg.1094.site.12, 6, 97, 103
349741.6.peg.1094.site.13, 2, 96, 98
349741.6.peg.1094.site.14, 2, 97, 99
349741.6.peg.1094.site.15, 73, 97, 170
349741.6.peg.1094.site.16, 1, 97, 98
349741.6.peg.1094.site.17, 0, 95, 95
349741.6.peg.1094.site.18, 62, 94, 156
349741.6.peg.1094.site.19, 21, 45, 66
349741.6.peg.1094.site.20, 12, 40, 52
349741.6.peg.1094.site.21, 20, 28, 48
349741.6.peg.1094.site.22, 52, 62, 114
349741.6.peg.1094.site.23, 72, 96, 168
349741.6.peg.1094.site.24, 4, 97, 101
349741.6.peg.1094.site.25, 1, 97, 98
349741.6.peg.1094.site.26, 72, 96, 168
349741.6.peg.1094.site.27, 3, 97, 100
349741.6.peg.1094.site.28, 73, 97, 170
349741.6.peg.1094.site.29, 2, 97, 99
349741.6.peg.1094.site.30, 2, 97, 99
349741.6.peg.1094.site.31, 4, 97, 101
349741.6.peg.1094.site.32, 73, 97, 170
349741.6.peg.1094.site.33, 73, 97, 170
349741.6.peg.1094.site.34, 17, 96, 113
349741.6.peg.1094.site.35, 73, 97, 170
349741.6.peg.1094.site.36, 62, 86, 148
349741.6.peg.1094.site.37, 72, 96, 168
349741.6.peg.1094.site.38, 65, 97, 162
349741.6.peg.1094.site.39, 69, 93, 162
349741.6.peg.1094.site.40, 68, 92, 160
349741.6.peg.1094.site.41, 70, 94, 164
349741.6.peg.1094.site.42, 2, 97, 99
349741.6.peg.1094.site.43, 2, 97, 99
349741.6.peg.1094.site.44, 75, 97, 172
349741.6.peg.1094.site.45, 73, 97, 170
349741.6.peg.1094.site.46, 1, 96, 97
349741.6.peg.1094.site.47, 6, 93, 99
349741.6.peg.1094.site.48, 42, 66, 108
349741.6.peg.1094.site.49, 57, 62, 119
349741.6.peg.1094.site.50, 43, 67, 110
349741.6.peg.1094.site.51, 2, 62, 64
349741.6.peg.1094.site.52, 53, 60, 113
349741.6.peg.1094.site.53, 39, 63, 102
349741.6.peg.1094.site.54, 3, 34, 37
349741.6.peg.1097.site.1, 81, 97, 178
349741.6.peg.1097.site.2, 81, 97, 178
349741.6.peg.1097.site.3, 3, 97, 100
349741.6.peg.1097.site.4, 1, 97, 98
349741.6.peg.1097.site.5, 7, 95, 102
349741.6.peg.1097.site.6, 0, 95, 95
349741.6.peg.1097.site.7, 82, 95, 177
349741.6.peg.1096.site.1, 7, 96, 103
349741.6.peg.1096.site.2, 12, 96, 108
349741.6.peg.1096.site.3, 7, 96, 103
349741.6.peg.1096.site.4, 81, 97, 178
349741.6.peg.1096.site.5, 69, 97, 166
349741.6.peg.1096.site.6, 12, 97, 109
349741.6.peg.1096.site.7, 7, 97, 104
349741.6.peg.1096.site.8, 9, 97, 106
349741.6.peg.1096.site.9, 9, 97, 106
349741.6.peg.1096.site.10, 4, 97, 101
349741.6.peg.1096.site.11, 86, 97, 183
349741.6.peg.1096.site.12, 7, 97, 104
349741.6.peg.1096.site.13, 7, 97, 104
349741.6.peg.1096.site.14, 7, 97, 104
349741.6.peg.1096.site.15, 7, 97, 104
349741.6.peg.1096.site.16, 89, 97, 186
349741.6.peg.1096.site.17, 2, 97, 99
349741.6.peg.1096.site.18, 3, 97, 100
349741.6.peg.981.site.1, 1, 76, 77
349741.6.peg.981.site.2, 9, 76, 85
349741.6.peg.981.site.3, 11, 96, 107
349741.6.peg.981.site.4, 1, 97, 98
349741.6.peg.981.site.5, 2, 97, 99
349741.6.peg.981.site.6, 9, 95, 104
349741.6.peg.981.site.7, 56, 95, 151
349741.6.peg.981.site.8, 10, 96, 106
349741.6.peg.981.site.9, 11, 97, 108
349741.6.peg.981.site.10, 1, 97, 98
349741.6.peg.981.site.11, 1, 97, 98
349741.6.peg.981.site.12, 1, 97, 98
349741.6.peg.981.site.13, 11, 97, 108
349741.6.peg.981.site.14, 4, 97, 101
349741.6.peg.981.site.15, 0, 97, 97
349741.6.peg.981.site.16, 3, 89, 92
349741.6.peg.981.site.17, 1, 86, 87
349741.6.peg.981.site.18, 0, 89, 89
349741.6.peg.981.site.19, 3, 89, 92
349741.6.peg.981.site.20, 3, 89, 92
349741.6.peg.981.site.21, 11, 97, 108
349741.6.peg.981.site.22, 1, 97, 98
349741.6.peg.981.site.23, 14, 97, 111
349741.6.peg.981.site.24, 1, 97, 98
349741.6.peg.981.site.25, 11, 97, 108
349741.6.peg.981.site.26, 2, 95, 97
349741.6.peg.981.site.27, 1, 86, 87
349741.6.peg.981.site.28, 86, 86, 172
349741.6.peg.981.site.29, 0, 85, 85
349741.6.peg.981.site.30, 45, 85, 130
349741.6.peg.981.site.31, 3, 85, 88
349741.6.peg.981.site.32, 85, 85, 170
349741.6.peg.981.site.33, 85, 85, 170
349741.6.peg.981.site.34, 0, 84, 84
349741.6.peg.981.site.35, 4, 85, 89
349741.6.peg.981.site.36, 23, 86, 109
349741.6.peg.981.site.37, 1, 86, 87
349741.6.peg.981.site.38, 1, 84, 85
349741.6.peg.981.site.39, 1, 86, 87
349741.6.peg.981.site.40, 2, 86, 88
349741.6.peg.981.site.41, 1, 86, 87
349741.6.peg.981.site.42, 6, 85, 91
349741.6.peg.981.site.43, 1, 69, 70
349741.6.peg.981.site.44, 1, 83, 84
349741.6.peg.981.site.45, 0, 83, 83
349741.6.peg.981.site.46, 0, 84, 84
349741.6.peg.980.site.1, 23, 70, 93
349741.6.peg.980.site.2, 2, 70, 72
349741.6.peg.980.site.3, 3, 72, 75
349741.6.peg.980.site.4, 4, 73, 77
349741.6.peg.980.site.5, 73, 73, 146
349741.6.peg.980.site.6, 3, 78, 81
349741.6.peg.980.site.7, 8, 77, 85
349741.6.peg.980.site.8, 14, 93, 107
349741.6.peg.980.site.9, 79, 94, 173
349741.6.peg.980.site.10, 18, 97, 115
349741.6.peg.980.site.11, 1, 97, 98
349741.6.peg.980.site.12, 10, 97, 107
349741.6.peg.980.site.13, 8, 97, 105
349741.6.peg.980.site.14, 37, 97, 134
349741.6.peg.980.site.15, 70, 97, 167
349741.6.peg.980.site.16, 1, 97, 98
349741.6.peg.980.site.17, 18, 96, 114
349741.6.peg.980.site.18, 18, 96, 114
349741.6.peg.980.site.19, 11, 97, 108
349741.6.peg.980.site.20, 9, 97, 106
349741.6.peg.980.site.21, 11, 97, 108
349741.6.peg.980.site.22, 11, 97, 108
349741.6.peg.980.site.23, 11, 97, 108
349741.6.peg.980.site.24, 4, 97, 101
349741.6.peg.980.site.25, 4, 97, 101
349741.6.peg.980.site.26, 37, 97, 134
349741.6.peg.980.site.27, 10, 96, 106
349741.6.peg.980.site.28, 9, 95, 104
349741.6.peg.980.site.29, 2, 96, 98
349741.6.peg.980.site.30, 1, 95, 96
349741.6.peg.980.site.31, 8, 94, 102
349741.6.peg.980.site.32, 58, 90, 148
349741.6.peg.980.site.33, 63, 95, 158
349741.6.peg.980.site.34, 10, 96, 106
349741.6.peg.980.site.35, 2, 95, 97
349741.6.peg.980.site.36, 11, 97, 108
349741.6.peg.980.site.37, 0, 97, 97
349741.6.peg.980.site.38, 5, 97, 102
349741.6.peg.980.site.39, 11, 97, 108
349741.6.peg.980.site.40, 14, 97, 111
349741.6.peg.980.site.41, 2, 97, 99
349741.6.peg.980.site.42, 15, 97, 112
349741.6.peg.980.site.43, 14, 96, 110
349741.6.peg.980.site.44, 52, 93, 145
349741.6.peg.980.site.45, 41, 82, 123
349741.6.peg.980.site.46, 39, 82, 121
349741.6.peg.980.site.47, 40, 81, 121
349741.6.peg.980.site.48, 81, 81, 162
349741.6.peg.980.site.49, 1, 84, 85
349741.6.peg.980.site.50, 68, 96, 164
349741.6.peg.980.site.51, 1, 94, 95
349741.6.peg.980.site.52, 34, 93, 127
349741.6.peg.980.site.53, 10, 93, 103
349741.6.peg.980.site.54, 1, 92, 93
349741.6.peg.980.site.55, 40, 97, 137
349741.6.peg.980.site.56, 39, 97, 136
349741.6.peg.980.site.57, 11, 97, 108
349741.6.peg.980.site.58, 1, 97, 98
349741.6.peg.980.site.59, 1, 96, 97
349741.6.peg.980.site.60, 9, 95, 104
349741.6.peg.980.site.61, 9, 95, 104
349741.6.peg.980.site.62, 9, 95, 104
349741.6.peg.980.site.63, 9, 95, 104
349741.6.peg.980.site.64, 30, 95, 125
349741.6.peg.980.site.65, 9, 94, 103
349741.6.peg.980.site.66, 3, 96, 99
349741.6.peg.980.site.67, 35, 96, 131
349741.6.peg.980.site.68, 10, 95, 105
349741.6.peg.980.site.69, 33, 93, 126
349741.6.peg.980.site.70, 6, 91, 97
349741.6.peg.980.site.71, 3, 85, 88
349741.6.peg.980.site.72, 4, 86, 90
349741.6.peg.980.site.73, 1, 87, 88
349741.6.peg.980.site.74, 46, 87, 133
349741.6.peg.980.site.75, 14, 87, 101
349741.6.peg.980.site.76, 0, 88, 88
349741.6.peg.980.site.77, 1, 94, 95
349741.6.peg.980.site.78, 11, 97, 108
349741.6.peg.980.site.79, 11, 97, 108
349741.6.peg.980.site.80, 1, 96, 97
349741.6.peg.980.site.81, 8, 94, 102
349741.6.peg.980.site.82, 31, 88, 119
349741.6.peg.980.site.83, 63, 84, 147
349741.6.peg.980.site.84, 10, 81, 91
349741.6.peg.987.site.1, 1, 97, 98
349741.6.peg.987.site.2, 97, 97, 194
349741.6.peg.987.site.3, 3, 97, 100
349741.6.peg.987.site.4, 53, 97, 150
349741.6.peg.987.site.5, 34, 56, 90
349741.6.peg.987.site.6, 23, 45, 68
349741.6.peg.987.site.7, 22, 44, 66
349741.6.peg.987.site.8, 3, 25, 28
349741.6.peg.987.site.9, 3, 23, 26
349741.6.peg.987.site.10, 2, 22, 24
349741.6.peg.987.site.11, 5, 26, 31
349741.6.peg.987.site.12, 8, 28, 36
349741.6.peg.987.site.13, 64, 95, 159
349741.6.peg.987.site.14, 1, 95, 96
349741.6.peg.987.site.15, 3, 95, 98
349741.6.peg.987.site.16, 96, 96, 192
349741.6.peg.987.site.17, 72, 94, 166
349741.6.peg.987.site.18, 77, 97, 174
349741.6.peg.987.site.19, 1, 97, 98
349741.6.peg.987.site.20, 1, 97, 98
349741.6.peg.987.site.21, 77, 96, 173
349741.6.peg.987.site.22, 77, 96, 173
349741.6.peg.987.site.23, 62, 96, 158
349741.6.peg.987.site.24, 69, 96, 165
349741.6.peg.987.site.25, 2, 97, 99
349741.6.peg.987.site.26, 2, 97, 99
349741.6.peg.987.site.27, 77, 97, 174
349741.6.peg.987.site.28, 62, 97, 159
349741.6.peg.987.site.29, 13, 97, 110
349741.6.peg.987.site.30, 67, 97, 164
349741.6.peg.987.site.31, 77, 96, 173
349741.6.peg.987.site.32, 1, 96, 97
349741.6.peg.987.site.33, 75, 95, 170
349741.6.peg.987.site.34, 0, 96, 96
349741.6.peg.987.site.35, 50, 66, 116
349741.6.peg.987.site.36, 21, 42, 63
349741.6.peg.987.site.37, 18, 20, 38
349741.6.peg.986.site.1, 2, 84, 86
349741.6.peg.986.site.2, 0, 89, 89
349741.6.peg.986.site.3, 2, 89, 91
349741.6.peg.986.site.4, 2, 89, 91
349741.6.peg.986.site.5, 3, 88, 91
349741.6.peg.986.site.6, 2, 87, 89
349741.6.peg.986.site.7, 1, 86, 87
349741.6.peg.986.site.8, 69, 86, 155
349741.6.peg.986.site.9, 1, 86, 87
349741.6.peg.986.site.10, 1, 86, 87
349741.6.peg.986.site.11, 1, 85, 86
349741.6.peg.986.site.12, 72, 87, 159
349741.6.peg.986.site.13, 6, 87, 93
349741.6.peg.986.site.14, 18, 87, 105
349741.6.peg.986.site.15, 1, 87, 88
349741.6.peg.986.site.16, 2, 72, 74
349741.6.peg.986.site.17, 26, 72, 98
349741.6.peg.986.site.18, 23, 72, 95
349741.6.peg.986.site.19, 1, 73, 74
349741.6.peg.986.site.20, 2, 72, 74
349741.6.peg.986.site.21, 23, 72, 95
349741.6.peg.986.site.22, 70, 72, 142
349741.6.peg.986.site.23, 70, 72, 142
349741.6.peg.986.site.24, 13, 72, 85
349741.6.peg.986.site.25, 5, 72, 77
349741.6.peg.986.site.26, 2, 72, 74
349741.6.peg.986.site.27, 68, 72, 140
349741.6.peg.986.site.28, 4, 72, 76
349741.6.peg.986.site.29, 52, 73, 125
349741.6.peg.986.site.30, 72, 76, 148
349741.6.peg.986.site.31, 1, 77, 78
349741.6.peg.986.site.32, 1, 88, 89
349741.6.peg.986.site.33, 2, 88, 90
349741.6.peg.986.site.34, 13, 88, 101
349741.6.peg.986.site.35, 7, 87, 94
349741.6.peg.986.site.36, 1, 87, 88
349741.6.peg.986.site.37, 2, 87, 89
349741.6.peg.986.site.38, 29, 90, 119
349741.6.peg.986.site.39, 5, 92, 97
349741.6.peg.986.site.40, 1, 84, 85
349741.6.peg.986.site.41, 7, 85, 92
349741.6.peg.986.site.42, 5, 84, 89
349741.6.peg.986.site.43, 1, 76, 77
349741.6.peg.986.site.44, 44, 77, 121
349741.6.peg.986.site.45, 16, 48, 64
349741.6.peg.986.site.46, 42, 76, 118
349741.6.peg.989.site.1, 4, 97, 101
349741.6.peg.989.site.2, 49, 97, 146
349741.6.peg.989.site.3, 19, 97, 116
349741.6.peg.989.site.4, 48, 97, 145
349741.6.peg.989.site.5, 48, 97, 145
349741.6.peg.989.site.6, 1, 97, 98
349741.6.peg.989.site.7, 55, 97, 152
349741.6.peg.989.site.8, 69, 97, 166
349741.6.peg.989.site.9, 3, 97, 100
349741.6.peg.988.site.1, 1, 20, 21
349741.6.peg.988.site.2, 3, 23, 26
349741.6.peg.988.site.3, 4, 24, 28
349741.6.peg.988.site.4, 6, 26, 32
349741.6.peg.988.site.5, 15, 36, 51
349741.6.peg.988.site.6, 2, 54, 56
349741.6.peg.988.site.7, 70, 73, 143
349741.6.peg.988.site.8, 55, 88, 143
349741.6.peg.988.site.9, 62, 90, 152
349741.6.peg.988.site.10, 72, 93, 165
349741.6.peg.988.site.11, 7, 96, 103
349741.6.peg.988.site.12, 2, 97, 99
349741.6.peg.988.site.13, 60, 95, 155
349741.6.peg.988.site.14, 1, 92, 93
349741.6.peg.988.site.15, 2, 89, 91
349741.6.peg.988.site.16, 1, 79, 80
349741.6.peg.988.site.17, 5, 38, 43
349741.6.peg.988.site.18, 1, 34, 35
349741.6.peg.988.site.19, 1, 34, 35
349741.6.peg.988.site.20, 30, 34, 64
349741.6.peg.988.site.21, 1, 35, 36
349741.6.peg.988.site.22, 9, 42, 51
349741.6.peg.988.site.23, 15, 49, 64
349741.6.peg.988.site.24, 24, 59, 83
349741.6.peg.988.site.25, 31, 65, 96
349741.6.peg.988.site.26, 64, 96, 160
349741.6.peg.988.site.27, 47, 97, 144
349741.6.peg.988.site.28, 3, 97, 100
349741.6.peg.988.site.29, 47, 97, 144
349741.6.peg.988.site.30, 59, 97, 156
349741.6.peg.988.site.31, 48, 97, 145
349741.6.peg.988.site.32, 54, 95, 149
349741.6.peg.988.site.33, 38, 93, 131
349741.6.peg.988.site.34, 89, 91, 180
349741.6.peg.988.site.35, 45, 64, 109
349741.6.peg.988.site.36, 8, 57, 65
349741.6.peg.988.site.37, 2, 49, 51
349741.6.peg.988.site.38, 7, 56, 63
349741.6.peg.988.site.39, 14, 63, 77
349741.6.peg.988.site.40, 35, 84, 119
349741.6.peg.988.site.41, 1, 97, 98
349741.6.peg.988.site.42, 1, 97, 98
349741.6.peg.988.site.43, 48, 97, 145
349741.6.peg.988.site.44, 20, 97, 117
349741.6.peg.988.site.45, 5, 97, 102
349741.6.peg.1657.site.1, 97, 97, 194
349741.6.peg.1657.site.2, 3, 97, 100
349741.6.peg.1657.site.3, 2, 97, 99
349741.6.peg.1657.site.4, 1, 97, 98
349741.6.peg.1656.site.1, 2, 94, 96
349741.6.peg.1656.site.2, 2, 94, 96
349741.6.peg.1656.site.3, 81, 96, 177
349741.6.peg.1656.site.4, 82, 97, 179
349741.6.peg.1655.site.1, 1, 94, 95
349741.6.peg.1655.site.2, 2, 97, 99
349741.6.peg.1655.site.3, 2, 96, 98
349741.6.peg.1655.site.4, 89, 97, 186
349741.6.peg.1655.site.5, 7, 97, 104
349741.6.peg.1655.site.6, 1, 96, 97
349741.6.peg.1655.site.7, 91, 97, 188
349741.6.peg.1655.site.8, 3, 95, 98
349741.6.peg.1655.site.9, 90, 95, 185
349741.6.peg.1655.site.10, 94, 94, 188
349741.6.peg.1655.site.11, 1, 95, 96
349741.6.peg.1655.site.12, 96, 96, 192
349741.6.peg.1655.site.13, 1, 96, 97
349741.6.peg.1655.site.14, 1, 96, 97
349741.6.peg.1655.site.15, 1, 97, 98
349741.6.peg.1655.site.16, 1, 97, 98
349741.6.peg.1655.site.17, 2, 97, 99
349741.6.peg.1654.site.1, 2, 97, 99
349741.6.peg.1654.site.2, 2, 89, 91
349741.6.peg.1654.site.3, 77, 95, 172
349741.6.peg.1654.site.4, 78, 96, 174
349741.6.peg.1654.site.5, 80, 97, 177
349741.6.peg.1653.site.1, 15, 95, 110
349741.6.peg.1653.site.2, 0, 94, 94
349741.6.peg.1653.site.3, 1, 88, 89
349741.6.peg.1653.site.4, 93, 93, 186
349741.6.peg.1653.site.5, 1, 97, 98
349741.6.peg.1653.site.6, 1, 96, 97
349741.6.peg.1653.site.7, 12, 97, 109
349741.6.peg.1653.site.8, 79, 97, 176
349741.6.peg.1653.site.9, 2, 97, 99
349741.6.peg.1653.site.10, 2, 97, 99
349741.6.peg.1653.site.11, 2, 97, 99
349741.6.peg.1653.site.12, 2, 97, 99
349741.6.peg.1653.site.13, 2, 97, 99
349741.6.peg.1653.site.14, 1, 97, 98
349741.6.peg.1653.site.15, 2, 97, 99
349741.6.peg.1653.site.16, 2, 97, 99
349741.6.peg.1653.site.17, 2, 97, 99
349741.6.peg.1653.site.18, 3, 96, 99
349741.6.peg.1653.site.19, 82, 97, 179
349741.6.peg.1653.site.20, 4, 96, 100
349741.6.peg.1653.site.21, 14, 97, 111
349741.6.peg.1653.site.22, 81, 96, 177
349741.6.peg.1653.site.23, 84, 92, 176
349741.6.peg.1652.site.1, 36, 93, 129
349741.6.peg.1652.site.2, 36, 93, 129
349741.6.peg.1652.site.3, 48, 97, 145
349741.6.peg.1652.site.4, 88, 97, 185
349741.6.peg.1652.site.5, 97, 97, 194
349741.6.peg.1652.site.6, 88, 97, 185
349741.6.peg.1652.site.7, 97, 97, 194
349741.6.peg.1652.site.8, 40, 97, 137
349741.6.peg.1652.site.9, 47, 97, 144
349741.6.peg.1652.site.10, 1, 97, 98
349741.6.peg.1652.site.11, 1, 97, 98
349741.6.peg.1650.site.1, 2, 73, 75
349741.6.peg.1650.site.2, 8, 79, 87
349741.6.peg.1650.site.3, 17, 87, 104
349741.6.peg.1650.site.4, 3, 91, 94
349741.6.peg.1650.site.5, 49, 89, 138
349741.6.peg.1650.site.6, 24, 95, 119
349741.6.peg.1650.site.7, 66, 97, 163
349741.6.peg.1650.site.8, 0, 96, 96
349741.6.peg.1650.site.9, 55, 97, 152
349741.6.peg.1650.site.10, 26, 97, 123
349741.6.peg.1650.site.11, 26, 96, 122
349741.6.peg.1650.site.12, 24, 95, 119
349741.6.peg.1650.site.13, 17, 96, 113
349741.6.peg.1659.site.1, 3, 96, 99
349741.6.peg.1659.site.2, 1, 97, 98
349741.6.peg.1659.site.3, 1, 96, 97
349741.6.peg.1659.site.4, 8, 97, 105
349741.6.peg.1659.site.5, 9, 96, 105
349741.6.peg.1659.site.6, 81, 97, 178
349741.6.peg.1659.site.7, 91, 97, 188
349741.6.peg.1659.site.8, 2, 97, 99
349741.6.peg.1659.site.9, 2, 97, 99
349741.6.peg.1659.site.10, 23, 97, 120
349741.6.peg.1659.site.11, 96, 96, 192
349741.6.peg.1659.site.12, 79, 94, 173
349741.6.peg.1659.site.13, 8, 96, 104
349741.6.peg.1659.site.14, 3, 96, 99
349741.6.peg.1659.site.15, 3, 96, 99
349741.6.peg.1659.site.16, 3, 96, 99
349741.6.peg.1658.site.1, 2, 97, 99
349741.6.peg.1658.site.2, 82, 95, 177
349741.6.peg.1658.site.3, 3, 95, 98
349741.6.peg.1658.site.4, 82, 97, 179
349741.6.peg.1658.site.5, 1, 96, 97
349741.6.peg.1658.site.6, 2, 92, 94
349741.6.peg.1658.site.7, 3, 94, 97
349741.6.peg.1658.site.8, 0, 95, 95
349741.6.peg.1658.site.9, 5, 96, 101
349741.6.peg.1658.site.10, 1, 97, 98
349741.6.peg.874.site.1, 7, 97, 104
349741.6.peg.874.site.2, 30, 97, 127
349741.6.peg.874.site.3, 3, 97, 100
349741.6.peg.874.site.4, 62, 97, 159
349741.6.peg.874.site.5, 33, 97, 130
349741.6.peg.874.site.6, 33, 97, 130
349741.6.peg.874.site.7, 33, 97, 130
349741.6.peg.874.site.8, 33, 97, 130
349741.6.peg.874.site.9, 35, 97, 132
349741.6.peg.874.site.10, 16, 97, 113
349741.6.peg.874.site.11, 33, 97, 130
349741.6.peg.874.site.12, 3, 92, 95
349741.6.peg.874.site.13, 23, 90, 113
349741.6.peg.874.site.14, 2, 89, 91
349741.6.peg.874.site.15, 26, 90, 116
349741.6.peg.874.site.16, 8, 93, 101
349741.6.peg.874.site.17, 20, 92, 112
349741.6.peg.874.site.18, 2, 92, 94
349741.6.peg.874.site.19, 2, 87, 89
349741.6.peg.874.site.20, 16, 84, 100
349741.6.peg.874.site.21, 43, 67, 110
349741.6.peg.874.site.22, 7, 71, 78
349741.6.peg.874.site.23, 11, 82, 93
349741.6.peg.874.site.24, 3, 82, 85
349741.6.peg.874.site.25, 10, 85, 95
349741.6.peg.874.site.26, 8, 88, 96
349741.6.peg.874.site.27, 13, 89, 102
349741.6.peg.874.site.28, 11, 86, 97
349741.6.peg.874.site.29, 3, 78, 81
349741.6.peg.874.site.30, 1, 90, 91
349741.6.peg.874.site.31, 0, 90, 90
349741.6.peg.874.site.32, 4, 96, 100
349741.6.peg.874.site.33, 43, 97, 140
349741.6.peg.874.site.34, 32, 96, 128
349741.6.peg.874.site.35, 33, 97, 130
349741.6.peg.874.site.36, 2, 97, 99
349741.6.peg.874.site.37, 30, 97, 127
349741.6.peg.874.site.38, 18, 97, 115
349741.6.peg.874.site.39, 29, 94, 123
349741.6.peg.874.site.40, 28, 92, 120
349741.6.peg.874.site.41, 26, 89, 115
349741.6.peg.874.site.42, 14, 88, 102
349741.6.peg.874.site.43, 2, 91, 93
349741.6.peg.874.site.44, 22, 87, 109
349741.6.peg.874.site.45, 88, 91, 179
349741.6.peg.874.site.46, 88, 91, 179
349741.6.peg.874.site.47, 2, 86, 88
349741.6.peg.874.site.48, 3, 73, 76
349741.6.peg.874.site.49, 6, 70, 76
349741.6.peg.874.site.50, 2, 79, 81
349741.6.peg.874.site.51, 22, 86, 108
349741.6.peg.874.site.52, 20, 95, 115
349741.6.peg.874.site.53, 26, 97, 123
349741.6.peg.874.site.54, 4, 97, 101
349741.6.peg.874.site.55, 26, 97, 123
349741.6.peg.874.site.56, 0, 96, 96
349741.6.peg.874.site.57, 63, 96, 159
349741.6.peg.874.site.58, 1, 96, 97
349741.6.peg.874.site.59, 15, 97, 112
349741.6.peg.874.site.60, 10, 97, 107
349741.6.peg.874.site.61, 13, 97, 110
349741.6.peg.874.site.62, 34, 97, 131
349741.6.peg.874.site.63, 13, 97, 110
349741.6.peg.874.site.64, 12, 96, 108
349741.6.peg.874.site.65, 12, 97, 109
349741.6.peg.874.site.66, 8, 92, 100
349741.6.peg.874.site.67, 96, 96, 192
349741.6.peg.874.site.68, 25, 97, 122
349741.6.peg.874.site.69, 20, 97, 117
349741.6.peg.874.site.70, 11, 96, 107
349741.6.peg.874.site.71, 13, 97, 110
349741.6.peg.874.site.72, 13, 97, 110
349741.6.peg.874.site.73, 7, 96, 103
349741.6.peg.874.site.74, 16, 97, 113
349741.6.peg.874.site.75, 13, 97, 110
349741.6.peg.874.site.76, 18, 97, 115
349741.6.peg.874.site.77, 27, 97, 124
349741.6.peg.874.site.78, 13, 97, 110
349741.6.peg.877.site.1, 3, 73, 76
349741.6.peg.877.site.2, 8, 91, 99
349741.6.peg.877.site.3, 28, 92, 120
349741.6.peg.877.site.4, 9, 91, 100
349741.6.peg.877.site.5, 33, 93, 126
349741.6.peg.877.site.6, 21, 94, 115
349741.6.peg.877.site.7, 31, 94, 125
349741.6.peg.877.site.8, 26, 88, 114
349741.6.peg.877.site.9, 2, 87, 89
349741.6.peg.877.site.10, 24, 97, 121
349741.6.peg.877.site.11, 39, 97, 136
349741.6.peg.877.site.12, 39, 97, 136
349741.6.peg.877.site.13, 7, 97, 104
349741.6.peg.877.site.14, 2, 97, 99
349741.6.peg.877.site.15, 15, 97, 112
349741.6.peg.877.site.16, 0, 97, 97
349741.6.peg.877.site.17, 1, 97, 98
349741.6.peg.877.site.18, 24, 97, 121
349741.6.peg.877.site.19, 24, 97, 121
349741.6.peg.877.site.20, 24, 97, 121
349741.6.peg.877.site.21, 39, 97, 136
349741.6.peg.877.site.22, 13, 96, 109
349741.6.peg.877.site.23, 3, 88, 91
349741.6.peg.877.site.24, 5, 88, 93
349741.6.peg.877.site.25, 44, 88, 132
349741.6.peg.877.site.26, 22, 89, 111
349741.6.peg.877.site.27, 1, 87, 88
349741.6.peg.877.site.28, 4, 87, 91
349741.6.peg.877.site.29, 1, 86, 87
349741.6.peg.877.site.30, 40, 96, 136
349741.6.peg.877.site.31, 2, 96, 98
349741.6.peg.877.site.32, 28, 96, 124
349741.6.peg.877.site.33, 53, 96, 149
349741.6.peg.877.site.34, 15, 94, 109
349741.6.peg.877.site.35, 7, 97, 104
349741.6.peg.877.site.36, 22, 96, 118
349741.6.peg.877.site.37, 24, 96, 120
349741.6.peg.877.site.38, 2, 96, 98
349741.6.peg.877.site.39, 23, 95, 118
349741.6.peg.877.site.40, 49, 94, 143
349741.6.peg.876.site.1, 1, 87, 88
349741.6.peg.876.site.2, 20, 97, 117
349741.6.peg.876.site.3, 20, 97, 117
349741.6.peg.876.site.4, 8, 97, 105
349741.6.peg.876.site.5, 1, 96, 97
349741.6.peg.876.site.6, 11, 96, 107
349741.6.peg.876.site.7, 33, 97, 130
349741.6.peg.876.site.8, 15, 97, 112
349741.6.peg.876.site.9, 33, 97, 130
349741.6.peg.876.site.10, 2, 97, 99
349741.6.peg.876.site.11, 3, 96, 99
349741.6.peg.876.site.12, 6, 90, 96
349741.6.peg.876.site.13, 20, 84, 104
349741.6.peg.876.site.14, 21, 85, 106
349741.6.peg.876.site.15, 24, 88, 112
349741.6.peg.876.site.16, 92, 93, 185
349741.6.peg.876.site.17, 0, 96, 96
349741.6.peg.876.site.18, 33, 97, 130
349741.6.peg.876.site.19, 33, 97, 130
349741.6.peg.876.site.20, 44, 96, 140
349741.6.peg.876.site.21, 13, 97, 110
349741.6.peg.876.site.22, 96, 97, 193
349741.6.peg.876.site.23, 2, 97, 99
349741.6.peg.876.site.24, 10, 94, 104
349741.6.peg.876.site.25, 1, 94, 95
349741.6.peg.876.site.26, 11, 95, 106
349741.6.peg.876.site.27, 0, 97, 97
349741.6.peg.876.site.28, 19, 96, 115
349741.6.peg.876.site.29, 12, 97, 109
349741.6.peg.876.site.30, 33, 97, 130
349741.6.peg.876.site.31, 20, 97, 117
349741.6.peg.876.site.32, 32, 97, 129
349741.6.peg.876.site.33, 4, 97, 101
349741.6.peg.876.site.34, 13, 97, 110
349741.6.peg.876.site.35, 13, 97, 110
349741.6.peg.876.site.36, 1, 97, 98
349741.6.peg.876.site.37, 83, 97, 180
349741.6.peg.876.site.38, 2, 97, 99
349741.6.peg.876.site.39, 15, 97, 112
349741.6.peg.876.site.40, 15, 97, 112
349741.6.peg.876.site.41, 26, 97, 123
349741.6.peg.876.site.42, 18, 97, 115
349741.6.peg.876.site.43, 28, 87, 115
349741.6.peg.876.site.44, 21, 96, 117
349741.6.peg.876.site.45, 2, 97, 99
349741.6.peg.876.site.46, 12, 95, 107
349741.6.peg.876.site.47, 2, 96, 98
349741.6.peg.876.site.48, 2, 82, 84
349741.6.peg.876.site.49, 81, 82, 163
349741.6.peg.876.site.50, 9, 84, 93
349741.6.peg.876.site.51, 57, 84, 141
349741.6.peg.876.site.52, 16, 91, 107
349741.6.peg.876.site.53, 5, 69, 74
349741.6.peg.871.site.1, 77, 94, 171
349741.6.peg.871.site.2, 1, 96, 97
349741.6.peg.871.site.3, 1, 96, 97
349741.6.peg.871.site.4, 1, 97, 98
349741.6.peg.871.site.5, 47, 97, 144
349741.6.peg.871.site.6, 2, 97, 99
349741.6.peg.871.site.7, 1, 97, 98
349741.6.peg.871.site.8, 0, 97, 97
349741.6.peg.871.site.9, 69, 92, 161
349741.6.peg.871.site.10, 56, 94, 150
349741.6.peg.871.site.11, 2, 93, 95
349741.6.peg.871.site.12, 20, 92, 112
349741.6.peg.871.site.13, 2, 93, 95
349741.6.peg.871.site.14, 3, 97, 100
349741.6.peg.871.site.15, 4, 97, 101
349741.6.peg.871.site.16, 2, 97, 99
349741.6.peg.871.site.17, 1, 97, 98
349741.6.peg.871.site.18, 2, 97, 99
349741.6.peg.871.site.19, 1, 97, 98
349741.6.peg.871.site.20, 38, 97, 135
349741.6.peg.871.site.21, 2, 97, 99
349741.6.peg.871.site.22, 2, 97, 99
349741.6.peg.871.site.23, 2, 97, 99
349741.6.peg.871.site.24, 2, 96, 98
349741.6.peg.871.site.25, 2, 96, 98
349741.6.peg.871.site.26, 93, 96, 189
349741.6.peg.871.site.27, 2, 96, 98
349741.6.peg.871.site.28, 1, 95, 96
349741.6.peg.871.site.29, 2, 95, 97
349741.6.peg.871.site.30, 27, 94, 121
349741.6.peg.871.site.31, 0, 95, 95
349741.6.peg.871.site.32, 1, 95, 96
349741.6.peg.871.site.33, 1, 95, 96
349741.6.peg.871.site.34, 1, 95, 96
349741.6.peg.871.site.35, 2, 96, 98
349741.6.peg.871.site.36, 2, 96, 98
349741.6.peg.871.site.37, 2, 95, 97
349741.6.peg.871.site.38, 2, 96, 98
349741.6.peg.871.site.39, 2, 96, 98
349741.6.peg.871.site.40, 2, 96, 98
349741.6.peg.871.site.41, 29, 97, 126
349741.6.peg.871.site.42, 2, 96, 98
349741.6.peg.871.site.43, 96, 96, 192
349741.6.peg.871.site.44, 29, 96, 125
349741.6.peg.871.site.45, 31, 97, 128
349741.6.peg.871.site.46, 30, 97, 127
349741.6.peg.871.site.47, 17, 97, 114
349741.6.peg.871.site.48, 0, 97, 97
349741.6.peg.871.site.49, 1, 97, 98
349741.6.peg.871.site.50, 4, 97, 101
349741.6.peg.871.site.51, 7, 74, 81
349741.6.peg.871.site.52, 15, 67, 82
349741.6.peg.871.site.53, 12, 79, 91
349741.6.peg.871.site.54, 14, 79, 93
349741.6.peg.871.site.55, 0, 83, 83
349741.6.peg.871.site.56, 6, 83, 89
349741.6.peg.871.site.57, 5, 80, 85
349741.6.peg.871.site.58, 17, 68, 85
349741.6.peg.871.site.59, 44, 75, 119
349741.6.peg.871.site.60, 5, 76, 81
349741.6.peg.871.site.61, 18, 75, 93
349741.6.peg.870.site.1, 2, 97, 99
349741.6.peg.870.site.2, 1, 97, 98
349741.6.peg.870.site.3, 1, 97, 98
349741.6.peg.870.site.4, 74, 97, 171
349741.6.peg.870.site.5, 2, 97, 99
349741.6.peg.870.site.6, 73, 96, 169
349741.6.peg.870.site.7, 2, 97, 99
349741.6.peg.870.site.8, 2, 97, 99
349741.6.peg.870.site.9, 2, 97, 99
349741.6.peg.870.site.10, 2, 97, 99
349741.6.peg.870.site.11, 13, 96, 109
349741.6.peg.870.site.12, 97, 97, 194
349741.6.peg.870.site.13, 2, 97, 99
349741.6.peg.870.site.14, 1, 97, 98
349741.6.peg.870.site.15, 2, 97, 99
349741.6.peg.870.site.16, 2, 97, 99
349741.6.peg.872.site.1, 3, 80, 83
349741.6.peg.872.site.2, 5, 78, 83
349741.6.peg.872.site.3, 2, 78, 80
349741.6.peg.872.site.4, 1, 78, 79
349741.6.peg.872.site.5, 24, 82, 106
349741.6.peg.872.site.6, 5, 82, 87
349741.6.peg.872.site.7, 52, 80, 132
349741.6.peg.872.site.8, 73, 74, 147
349741.6.peg.872.site.9, 25, 74, 99
349741.6.peg.872.site.10, 16, 90, 106
349741.6.peg.872.site.11, 5, 95, 100
349741.6.peg.872.site.12, 5, 79, 84
349741.6.peg.872.site.13, 25, 92, 117
349741.6.peg.872.site.14, 8, 93, 101
349741.6.peg.872.site.15, 19, 93, 112
349741.6.peg.872.site.16, 6, 93, 99
349741.6.peg.879.site.1, 1, 96, 97
349741.6.peg.879.site.2, 16, 97, 113
349741.6.peg.879.site.3, 3, 97, 100
349741.6.peg.879.site.4, 13, 97, 110
349741.6.peg.879.site.5, 2, 97, 99
349741.6.peg.879.site.6, 1, 96, 97
349741.6.peg.879.site.7, 63, 95, 158
349741.6.peg.879.site.8, 9, 95, 104
349741.6.peg.879.site.9, 2, 95, 97
349741.6.peg.879.site.10, 0, 95, 95
349741.6.peg.879.site.11, 17, 94, 111
349741.6.peg.879.site.12, 8, 95, 103
349741.6.peg.879.site.13, 94, 95, 189
349741.6.peg.879.site.14, 17, 94, 111
349741.6.peg.879.site.15, 3, 95, 98
349741.6.peg.878.site.1, 30, 97, 127
349741.6.peg.878.site.2, 95, 96, 191
349741.6.peg.878.site.3, 27, 82, 109
349741.6.peg.878.site.4, 3, 74, 77
349741.6.peg.878.site.5, 29, 74, 103
349741.6.peg.878.site.6, 10, 75, 85
349741.6.peg.878.site.7, 37, 74, 111
349741.6.peg.878.site.8, 3, 76, 79
349741.6.peg.878.site.9, 2, 77, 79
349741.6.peg.878.site.10, 4, 77, 81
349741.6.peg.878.site.11, 24, 97, 121
349741.6.peg.878.site.12, 23, 96, 119
349741.6.peg.878.site.13, 22, 95, 117
349741.6.peg.878.site.14, 19, 94, 113
349741.6.peg.878.site.15, 22, 95, 117
349741.6.peg.878.site.16, 22, 95, 117
349741.6.peg.878.site.17, 15, 95, 110
349741.6.peg.878.site.18, 14, 89, 103
349741.6.peg.878.site.19, 8, 81, 89
349741.6.peg.878.site.20, 14, 73, 87
349741.6.peg.878.site.21, 4, 73, 77
349741.6.peg.878.site.22, 18, 73, 91
349741.6.peg.878.site.23, 3, 79, 82
349741.6.peg.878.site.24, 6, 79, 85
349741.6.peg.878.site.25, 15, 88, 103
349741.6.peg.878.site.26, 17, 95, 112
349741.6.peg.878.site.27, 21, 97, 118
349741.6.peg.878.site.28, 2, 95, 97
349741.6.peg.878.site.29, 1, 95, 96
349741.6.peg.878.site.30, 1, 95, 96
349741.6.peg.878.site.31, 2, 96, 98
349741.6.peg.878.site.32, 3, 97, 100
349741.6.peg.878.site.33, 23, 95, 118
349741.6.peg.878.site.34, 17, 93, 110
349741.6.peg.878.site.35, 2, 89, 91
349741.6.peg.878.site.36, 2, 91, 93
349741.6.peg.878.site.37, 2, 89, 91
349741.6.peg.878.site.38, 2, 97, 99
349741.6.peg.878.site.39, 17, 97, 114
349741.6.peg.878.site.40, 0, 95, 95
349741.6.peg.878.site.41, 17, 96, 113
349741.6.peg.878.site.42, 30, 97, 127
349741.6.peg.878.site.43, 2, 97, 99
349741.6.peg.878.site.44, 2, 97, 99
349741.6.peg.878.site.45, 0, 95, 95
349741.6.peg.878.site.46, 1, 96, 97
349741.6.peg.878.site.47, 1, 95, 96
349741.6.peg.2460.site.1, 44, 77, 121
349741.6.peg.2460.site.2, 14, 85, 99
349741.6.peg.2460.site.3, 1, 85, 86
349741.6.peg.2460.site.4, 58, 87, 145
349741.6.peg.2460.site.5, 5, 91, 96
349741.6.peg.2460.site.6, 3, 92, 95
349741.6.peg.2460.site.7, 1, 93, 94
349741.6.peg.2460.site.8, 61, 92, 153
349741.6.peg.2460.site.9, 29, 94, 123
349741.6.peg.2460.site.10, 56, 94, 150
349741.6.peg.2460.site.11, 71, 94, 165
349741.6.peg.2460.site.12, 3, 95, 98
349741.6.peg.2460.site.13, 58, 96, 154
349741.6.peg.2460.site.14, 42, 97, 139
349741.6.peg.2460.site.15, 1, 97, 98
349741.6.peg.2460.site.16, 65, 97, 162
349741.6.peg.2460.site.17, 65, 97, 162
349741.6.peg.2460.site.18, 57, 88, 145
349741.6.peg.2460.site.19, 1, 86, 87
349741.6.peg.2460.site.20, 59, 83, 142
349741.6.peg.2460.site.21, 39, 71, 110
349741.6.peg.2460.site.22, 6, 32, 38
349741.6.peg.2460.site.23, 7, 49, 56
349741.6.peg.2460.site.24, 24, 61, 85
349741.6.peg.2460.site.25, 59, 81, 140
349741.6.peg.2460.site.26, 3, 82, 85
349741.6.peg.2460.site.27, 39, 73, 112
349741.6.peg.2460.site.28, 3, 73, 76
349741.6.peg.2460.site.29, 39, 71, 110
349741.6.peg.2460.site.30, 37, 59, 96
349741.6.peg.2460.site.31, 11, 43, 54
349741.6.peg.2460.site.32, 3, 46, 49
349741.6.peg.2460.site.33, 8, 58, 66
349741.6.peg.2460.site.34, 88, 94, 182
349741.6.peg.2460.site.35, 2, 97, 99
349741.6.peg.2460.site.36, 65, 97, 162
349741.6.peg.2460.site.37, 4, 86, 90
349741.6.peg.2460.site.38, 6, 95, 101
349741.6.peg.2460.site.39, 66, 95, 161
349741.6.peg.2460.site.40, 3, 92, 95
349741.6.peg.2460.site.41, 58, 90, 148
349741.6.peg.2460.site.42, 7, 84, 91
349741.6.peg.2460.site.43, 3, 80, 83
349741.6.peg.2460.site.44, 17, 40, 57
349741.6.peg.2460.site.45, 2, 40, 42
349741.6.peg.2460.site.46, 3, 36, 39
349741.6.peg.2460.site.47, 7, 31, 38
349741.6.peg.2460.site.48, 6, 37, 43
349741.6.peg.2460.site.49, 12, 39, 51
349741.6.peg.2460.site.50, 10, 42, 52
349741.6.peg.2460.site.51, 31, 63, 94
349741.6.peg.2460.site.52, 49, 55, 104
349741.6.peg.2460.site.53, 18, 49, 67
349741.6.peg.2460.site.54, 17, 48, 65
349741.6.peg.2460.site.55, 9, 44, 53
349741.6.peg.2460.site.56, 2, 21, 23
349741.6.peg.2460.site.57, 3, 20, 23
349741.6.peg.2460.site.58, 3, 18, 21
349741.6.peg.2463.site.1, 10, 97, 107
349741.6.peg.2463.site.2, 2, 95, 97
349741.6.peg.2463.site.3, 68, 94, 162
349741.6.peg.2463.site.4, 13, 89, 102
349741.6.peg.2463.site.5, 13, 87, 100
349741.6.peg.2463.site.6, 51, 80, 131
349741.6.peg.2463.site.7, 35, 64, 99
349741.6.peg.2463.site.8, 4, 77, 81
349741.6.peg.2463.site.9, 8, 93, 101
349741.6.peg.2463.site.10, 73, 91, 164
349741.6.peg.2463.site.11, 64, 89, 153
349741.6.peg.2463.site.12, 68, 86, 154
349741.6.peg.2463.site.13, 62, 87, 149
349741.6.peg.2463.site.14, 74, 94, 168
349741.6.peg.2463.site.15, 69, 94, 163
349741.6.peg.2463.site.16, 11, 96, 107
349741.6.peg.2463.site.17, 4, 94, 98
349741.6.peg.2463.site.18, 2, 96, 98
349741.6.peg.2463.site.19, 3, 95, 98
349741.6.peg.2463.site.20, 91, 96, 187
349741.6.peg.2463.site.21, 5, 96, 101
349741.6.peg.2463.site.22, 71, 96, 167
349741.6.peg.2463.site.23, 79, 97, 176
349741.6.peg.2463.site.24, 5, 97, 102
349741.6.peg.2463.site.25, 79, 97, 176
349741.6.peg.2463.site.26, 7, 96, 103
349741.6.peg.2463.site.27, 2, 97, 99
349741.6.peg.2463.site.28, 1, 94, 95
349741.6.peg.2462.site.1, 15, 23, 38
349741.6.peg.2462.site.2, 12, 30, 42
349741.6.peg.2462.site.3, 5, 55, 60
349741.6.peg.2462.site.4, 3, 64, 67
349741.6.peg.2462.site.5, 73, 96, 169
349741.6.peg.2462.site.6, 57, 97, 154
349741.6.peg.2462.site.7, 70, 96, 166
349741.6.peg.2462.site.8, 3, 95, 98
349741.6.peg.2462.site.9, 7, 95, 102
349741.6.peg.2462.site.10, 78, 95, 173
349741.6.peg.2462.site.11, 2, 95, 97
349741.6.peg.2462.site.12, 79, 96, 175
349741.6.peg.2462.site.13, 3, 97, 100
349741.6.peg.2462.site.14, 9, 97, 106
349741.6.peg.2462.site.15, 7, 96, 103
349741.6.peg.2462.site.16, 6, 94, 100
349741.6.peg.2462.site.17, 3, 94, 97
349741.6.peg.2462.site.18, 79, 97, 176
349741.6.peg.2462.site.19, 80, 97, 177
349741.6.peg.2462.site.20, 3, 97, 100
349741.6.peg.2462.site.21, 8, 95, 103
349741.6.peg.2462.site.22, 4, 96, 100
349741.6.peg.2462.site.23, 12, 95, 107
349741.6.peg.2462.site.24, 1, 95, 96
349741.6.peg.2462.site.25, 75, 95, 170
349741.6.peg.2462.site.26, 67, 84, 151
349741.6.peg.2462.site.27, 10, 89, 99
349741.6.peg.2462.site.28, 3, 92, 95
349741.6.peg.2462.site.29, 11, 92, 103
349741.6.peg.2462.site.30, 1, 93, 94
349741.6.peg.2462.site.31, 3, 90, 93
349741.6.peg.2462.site.32, 65, 82, 147
349741.6.peg.2462.site.33, 11, 49, 60
349741.6.peg.2462.site.34, 46, 74, 120
349741.6.peg.2462.site.35, 7, 77, 84
349741.6.peg.2462.site.36, 1, 85, 86
349741.6.peg.2462.site.37, 12, 88, 100
349741.6.peg.2462.site.38, 72, 90, 162
349741.6.peg.2462.site.39, 10, 92, 102
349741.6.peg.2462.site.40, 10, 91, 101
349741.6.peg.2462.site.41, 2, 90, 92
349741.6.peg.2462.site.42, 62, 92, 154
349741.6.peg.2462.site.43, 59, 89, 148
349741.6.peg.2462.site.44, 3, 91, 94
349741.6.peg.2462.site.45, 1, 89, 90
349741.6.peg.2462.site.46, 11, 87, 98
349741.6.peg.2462.site.47, 71, 87, 158
349741.6.peg.2462.site.48, 71, 80, 151
349741.6.peg.2462.site.49, 8, 78, 86
349741.6.peg.2462.site.50, 72, 89, 161
349741.6.peg.2462.site.51, 3, 90, 93
349741.6.peg.2462.site.52, 12, 90, 102
349741.6.peg.2462.site.53, 1, 93, 94
349741.6.peg.2462.site.54, 65, 96, 161
349741.6.peg.2462.site.55, 65, 96, 161
349741.6.peg.2462.site.56, 48, 91, 139
349741.6.peg.2462.site.57, 78, 96, 174
349741.6.peg.2462.site.58, 1, 97, 98
349741.6.peg.2465.site.1, 3, 15, 18
349741.6.peg.2465.site.2, 1, 10, 11
349741.6.peg.2465.site.3, 6, 10, 16
349741.6.peg.2465.site.4, 4, 16, 20
349741.6.peg.2465.site.5, 3, 6, 9
349741.6.peg.2465.site.6, 38, 39, 77
349741.6.peg.2465.site.7, 20, 39, 59
349741.6.peg.2465.site.8, 1, 39, 40
349741.6.peg.2465.site.9, 0, 37, 37
349741.6.peg.2464.site.1, 38, 95, 133
349741.6.peg.2464.site.2, 9, 95, 104
349741.6.peg.2464.site.3, 69, 95, 164
349741.6.peg.2464.site.4, 76, 94, 170
349741.6.peg.2464.site.5, 52, 66, 118
349741.6.peg.2464.site.6, 34, 53, 87
349741.6.peg.2464.site.7, 43, 59, 102
349741.6.peg.2464.site.8, 62, 79, 141
349741.6.peg.2464.site.9, 1, 89, 90
349741.6.peg.2464.site.10, 9, 97, 106
349741.6.peg.2464.site.11, 64, 96, 160
349741.6.peg.2464.site.12, 7, 95, 102
349741.6.peg.2464.site.13, 58, 95, 153
349741.6.peg.2464.site.14, 62, 95, 157
349741.6.peg.2464.site.15, 45, 95, 140
349741.6.peg.2464.site.16, 86, 97, 183
349741.6.peg.2464.site.17, 4, 97, 101
349741.6.peg.2464.site.18, 2, 95, 97
349741.6.peg.2464.site.19, 58, 94, 152
349741.6.peg.2464.site.20, 5, 97, 102
349741.6.peg.2464.site.21, 7, 97, 104
349741.6.peg.2464.site.22, 9, 96, 105
349741.6.peg.2464.site.23, 57, 97, 154
349741.6.peg.2464.site.24, 47, 96, 143
349741.6.peg.2464.site.25, 9, 96, 105
349741.6.peg.2464.site.26, 78, 94, 172
349741.6.peg.2464.site.27, 13, 92, 105
349741.6.peg.2464.site.28, 3, 73, 76
349741.6.peg.2464.site.29, 61, 71, 132
349741.6.peg.2464.site.30, 28, 71, 99
349741.6.peg.1266.site.1, 4, 97, 101
349741.6.peg.1266.site.2, 26, 96, 122
349741.6.peg.1266.site.3, 41, 95, 136
349741.6.peg.1266.site.4, 2, 95, 97
349741.6.peg.1266.site.5, 2, 95, 97
349741.6.peg.1266.site.6, 38, 97, 135
349741.6.peg.1266.site.7, 32, 96, 128
349741.6.peg.1266.site.8, 4, 97, 101
349741.6.peg.1266.site.9, 33, 97, 130
349741.6.peg.1266.site.10, 17, 97, 114
349741.6.peg.1266.site.11, 33, 97, 130
349741.6.peg.1266.site.12, 32, 96, 128
349741.6.peg.1266.site.13, 33, 97, 130
349741.6.peg.1266.site.14, 4, 97, 101
349741.6.peg.1266.site.15, 9, 91, 100
349741.6.peg.1266.site.16, 2, 87, 89
349741.6.peg.1266.site.17, 14, 93, 107
349741.6.peg.1266.site.18, 92, 96, 188
349741.6.peg.1266.site.19, 13, 97, 110
349741.6.peg.1266.site.20, 4, 97, 101
349741.6.peg.1266.site.21, 2, 97, 99
349741.6.peg.1266.site.22, 34, 96, 130
349741.6.peg.1266.site.23, 9, 95, 104
349741.6.peg.1266.site.24, 1, 97, 98
349741.6.peg.1266.site.25, 0, 96, 96
349741.6.peg.1266.site.26, 94, 97, 191
349741.6.peg.1266.site.27, 2, 97, 99
349741.6.peg.1266.site.28, 9, 97, 106
349741.6.peg.1266.site.29, 46, 97, 143
349741.6.peg.1266.site.30, 2, 97, 99
349741.6.peg.1266.site.31, 2, 97, 99
349741.6.peg.1266.site.32, 11, 97, 108
349741.6.peg.1266.site.33, 1, 97, 98
349741.6.peg.1266.site.34, 1, 97, 98
349741.6.peg.1266.site.35, 9, 97, 106
349741.6.peg.1266.site.36, 25, 96, 121
349741.6.peg.1266.site.37, 18, 97, 115
349741.6.peg.1266.site.38, 18, 97, 115
349741.6.peg.1266.site.39, 5, 97, 102
349741.6.peg.1266.site.40, 41, 97, 138
349741.6.peg.1266.site.41, 10, 89, 99
349741.6.peg.1267.site.1, 18, 97, 115
349741.6.peg.1267.site.2, 31, 97, 128
349741.6.peg.1267.site.3, 18, 97, 115
349741.6.peg.1267.site.4, 18, 97, 115
349741.6.peg.1267.site.5, 26, 97, 123
349741.6.peg.1267.site.6, 2, 96, 98
349741.6.peg.1267.site.7, 4, 75, 79
349741.6.peg.1267.site.8, 22, 93, 115
349741.6.peg.1267.site.9, 25, 96, 121
349741.6.peg.1267.site.10, 78, 97, 175
349741.6.peg.1267.site.11, 52, 96, 148
349741.6.peg.1267.site.12, 1, 97, 98
349741.6.peg.1267.site.13, 53, 96, 149
349741.6.peg.1267.site.14, 3, 97, 100
349741.6.peg.1267.site.15, 8, 97, 105
349741.6.peg.1267.site.16, 53, 97, 150
349741.6.peg.1267.site.17, 61, 97, 158
349741.6.peg.1267.site.18, 53, 97, 150
349741.6.peg.1267.site.19, 1, 97, 98
349741.6.peg.1267.site.20, 20, 97, 117
349741.6.peg.1267.site.21, 53, 97, 150
349741.6.peg.1267.site.22, 53, 97, 150
349741.6.peg.1267.site.23, 1, 97, 98
349741.6.peg.1267.site.24, 1, 97, 98
349741.6.peg.1267.site.25, 94, 97, 191
349741.6.peg.1267.site.26, 45, 97, 142
349741.6.peg.1267.site.27, 86, 97, 183
349741.6.peg.1267.site.28, 3, 94, 97
349741.6.peg.1264.site.1, 2, 49, 51
349741.6.peg.1264.site.2, 6, 97, 103
349741.6.peg.1264.site.3, 60, 97, 157
349741.6.peg.1264.site.4, 24, 61, 85
349741.6.peg.1264.site.5, 19, 56, 75
349741.6.peg.1264.site.6, 76, 76, 152
349741.6.peg.1264.site.7, 3, 85, 88
349741.6.peg.1264.site.8, 2, 68, 70
349741.6.peg.1264.site.9, 75, 93, 168
349741.6.peg.1264.site.10, 44, 73, 117
349741.6.peg.1264.site.11, 38, 67, 105
349741.6.peg.1264.site.12, 1, 73, 74
349741.6.peg.1264.site.13, 34, 67, 101
349741.6.peg.1264.site.14, 46, 75, 121
349741.6.peg.1264.site.15, 67, 96, 163
349741.6.peg.1264.site.16, 66, 96, 162
349741.6.peg.1264.site.17, 4, 97, 101
349741.6.peg.1264.site.18, 1, 97, 98
349741.6.peg.1264.site.19, 4, 96, 100
349741.6.peg.1264.site.20, 3, 95, 98
349741.6.peg.1264.site.21, 14, 93, 107
349741.6.peg.1264.site.22, 7, 93, 100
349741.6.peg.1264.site.23, 12, 26, 38
349741.6.peg.1264.site.24, 1, 17, 18
349741.6.peg.1264.site.25, 1, 11, 12
349741.6.peg.1264.site.26, 0, 10, 10
349741.6.peg.1264.site.27, 7, 19, 26
349741.6.peg.1264.site.28, 3, 96, 99
349741.6.peg.1264.site.29, 4, 97, 101
349741.6.peg.1264.site.30, 3, 96, 99
349741.6.peg.1265.site.1, 5, 91, 96
349741.6.peg.1265.site.2, 8, 94, 102
349741.6.peg.1265.site.3, 72, 94, 166
349741.6.peg.1265.site.4, 11, 96, 107
349741.6.peg.1265.site.5, 1, 97, 98
349741.6.peg.1265.site.6, 6, 97, 103
349741.6.peg.1265.site.7, 6, 97, 103
349741.6.peg.1265.site.8, 4, 97, 101
349741.6.peg.1265.site.9, 6, 97, 103
349741.6.peg.1265.site.10, 1, 97, 98
349741.6.peg.1265.site.11, 61, 97, 158
349741.6.peg.1265.site.12, 61, 97, 158
349741.6.peg.1265.site.13, 91, 97, 188
349741.6.peg.1265.site.14, 60, 96, 156
349741.6.peg.1265.site.15, 61, 97, 158
349741.6.peg.1265.site.16, 3, 97, 100
349741.6.peg.1265.site.17, 3, 96, 99
349741.6.peg.1265.site.18, 49, 95, 144
349741.6.peg.1265.site.19, 2, 95, 97
349741.6.peg.1265.site.20, 50, 97, 147
349741.6.peg.1265.site.21, 4, 97, 101
349741.6.peg.1265.site.22, 4, 97, 101
349741.6.peg.1265.site.23, 4, 97, 101
349741.6.peg.1265.site.24, 4, 97, 101
349741.6.peg.1265.site.25, 43, 97, 140
349741.6.peg.1265.site.26, 4, 96, 100
349741.6.peg.1265.site.27, 4, 96, 100
349741.6.peg.1265.site.28, 38, 97, 135
349741.6.peg.1265.site.29, 4, 96, 100
349741.6.peg.1265.site.30, 4, 97, 101
349741.6.peg.1265.site.31, 29, 95, 124
349741.6.peg.1268.site.1, 1, 96, 97
349741.6.peg.1268.site.2, 47, 86, 133
349741.6.peg.1268.site.3, 29, 68, 97
349741.6.peg.1268.site.4, 37, 76, 113
349741.6.peg.1268.site.5, 38, 77, 115
349741.6.peg.1268.site.6, 28, 90, 118
349741.6.peg.1268.site.7, 43, 94, 137
349741.6.peg.1268.site.8, 27, 96, 123
349741.6.peg.1268.site.9, 2, 96, 98
349741.6.peg.1268.site.10, 85, 96, 181
349741.6.peg.1268.site.11, 1, 97, 98
349741.6.peg.1268.site.12, 57, 96, 153
349741.6.peg.1268.site.13, 5, 97, 102
349741.6.peg.1268.site.14, 53, 97, 150
349741.6.peg.1268.site.15, 23, 96, 119
349741.6.peg.1268.site.16, 28, 97, 125
349741.6.peg.1268.site.17, 26, 97, 123
349741.6.peg.1268.site.18, 57, 96, 153
349741.6.peg.1268.site.19, 51, 97, 148
349741.6.peg.1268.site.20, 35, 97, 132
349741.6.peg.1268.site.21, 30, 97, 127
349741.6.peg.1268.site.22, 22, 97, 119
349741.6.peg.1268.site.23, 3, 97, 100
349741.6.peg.1268.site.24, 47, 97, 144
349741.6.peg.1268.site.25, 5, 65, 70
349741.6.peg.1268.site.26, 65, 69, 134
349741.6.peg.1268.site.27, 60, 81, 141
349741.6.peg.1268.site.28, 19, 87, 106
349741.6.peg.1268.site.29, 2, 96, 98
349741.6.peg.1268.site.30, 20, 97, 117
349741.6.peg.1268.site.31, 1, 97, 98
349741.6.peg.1268.site.32, 92, 95, 187
349741.6.peg.1268.site.33, 5, 97, 102
349741.6.peg.1268.site.34, 14, 97, 111
349741.6.peg.1268.site.35, 14, 97, 111
349741.6.peg.1268.site.36, 2, 97, 99
349741.6.peg.1268.site.37, 68, 97, 165
349741.6.peg.1268.site.38, 2, 97, 99
349741.6.peg.1268.site.39, 14, 97, 111
349741.6.peg.1268.site.40, 12, 97, 109
349741.6.peg.1268.site.41, 5, 97, 102
349741.6.peg.1268.site.42, 5, 97, 102
349741.6.peg.1268.site.43, 64, 97, 161
349741.6.peg.1268.site.44, 14, 97, 111
349741.6.peg.1268.site.45, 67, 97, 164
349741.6.peg.1268.site.46, 12, 97, 109
349741.6.peg.1268.site.47, 6, 93, 99
349741.6.peg.1268.site.48, 1, 93, 94
349741.6.peg.1268.site.49, 8, 97, 105
349741.6.peg.1268.site.50, 18, 97, 115
349741.6.peg.1268.site.51, 1, 97, 98
349741.6.peg.1268.site.52, 52, 97, 149
349741.6.peg.1268.site.53, 22, 96, 118
349741.6.peg.1268.site.54, 91, 96, 187
349741.6.peg.1268.site.55, 1, 96, 97
349741.6.peg.1268.site.56, 68, 97, 165
349741.6.peg.1268.site.57, 81, 97, 178
349741.6.peg.1268.site.58, 1, 62, 63
349741.6.peg.1268.site.59, 4, 57, 61
349741.6.peg.1268.site.60, 16, 54, 70
349741.6.peg.1269.site.1, 9, 72, 81
349741.6.peg.1269.site.2, 29, 92, 121
349741.6.peg.1269.site.3, 22, 85, 107
349741.6.peg.1269.site.4, 60, 66, 126
349741.6.peg.1269.site.5, 0, 69, 69
349741.6.peg.1269.site.6, 7, 71, 78
349741.6.peg.1269.site.7, 1, 70, 71
349741.6.peg.1269.site.8, 2, 69, 71
349741.6.peg.1269.site.9, 2, 66, 68
349741.6.peg.1269.site.10, 47, 64, 111
349741.6.peg.1269.site.11, 47, 64, 111
349741.6.peg.1269.site.12, 1, 65, 66
349741.6.peg.1269.site.13, 5, 66, 71
349741.6.peg.1269.site.14, 58, 66, 124
349741.6.peg.1269.site.15, 13, 68, 81
349741.6.peg.1269.site.16, 10, 73, 83
349741.6.peg.1269.site.17, 6, 75, 81
349741.6.peg.1269.site.18, 19, 91, 110
349741.6.peg.1269.site.19, 19, 92, 111
349741.6.peg.1269.site.20, 24, 96, 120
349741.6.peg.1269.site.21, 24, 97, 121
349741.6.peg.1269.site.22, 23, 95, 118
349741.6.peg.1269.site.23, 54, 96, 150
349741.6.peg.1269.site.24, 81, 96, 177
349741.6.peg.1269.site.25, 24, 97, 121
349741.6.peg.1269.site.26, 24, 97, 121
349741.6.peg.1269.site.27, 24, 97, 121
349741.6.peg.1269.site.28, 32, 97, 129
349741.6.peg.1269.site.29, 3, 97, 100
349741.6.peg.2012.site.1, 3, 97, 100
349741.6.peg.2012.site.2, 1, 97, 98
349741.6.peg.2012.site.3, 7, 97, 104
349741.6.peg.2012.site.4, 18, 96, 114
349741.6.peg.2012.site.5, 0, 97, 97
349741.6.peg.2012.site.6, 1, 97, 98
349741.6.peg.2012.site.7, 28, 97, 125
349741.6.peg.2012.site.8, 7, 97, 104
349741.6.peg.2012.site.9, 6, 97, 103
349741.6.peg.2012.site.10, 9, 97, 106
349741.6.peg.2012.site.11, 18, 95, 113
349741.6.peg.2012.site.12, 19, 95, 114
349741.6.peg.2012.site.13, 2, 97, 99
349741.6.peg.2012.site.14, 1, 96, 97
349741.6.peg.2012.site.15, 22, 97, 119
349741.6.peg.2012.site.16, 21, 96, 117
349741.6.peg.2012.site.17, 14, 97, 111
349741.6.peg.2012.site.18, 2, 97, 99
349741.6.peg.2012.site.19, 1, 97, 98
349741.6.peg.2012.site.20, 21, 97, 118
349741.6.peg.2012.site.21, 21, 97, 118
349741.6.peg.2012.site.22, 21, 97, 118
349741.6.peg.2012.site.23, 8, 97, 105
349741.6.peg.2012.site.24, 20, 93, 113
349741.6.peg.2012.site.25, 20, 95, 115
349741.6.peg.2012.site.26, 0, 90, 90
349741.6.peg.2012.site.27, 0, 90, 90
349741.6.peg.2012.site.28, 16, 92, 108
349741.6.peg.2012.site.29, 6, 82, 88
349741.6.peg.1318.site.1, 9, 97, 106
349741.6.peg.1318.site.2, 1, 90, 91
349741.6.peg.1318.site.3, 90, 96, 186
349741.6.peg.1318.site.4, 6, 86, 92
349741.6.peg.1318.site.5, 4, 91, 95
349741.6.peg.1318.site.6, 5, 80, 85
349741.6.peg.1318.site.7, 74, 89, 163
349741.6.peg.1318.site.8, 0, 97, 97
349741.6.peg.1318.site.9, 90, 97, 187
349741.6.peg.1318.site.10, 2, 97, 99
349741.6.peg.1318.site.11, 77, 97, 174
349741.6.peg.1318.site.12, 94, 96, 190
349741.6.peg.1318.site.13, 67, 97, 164
349741.6.peg.1318.site.14, 2, 97, 99
349741.6.peg.1318.site.15, 2, 97, 99
349741.6.peg.1318.site.16, 74, 97, 171
349741.6.peg.1318.site.17, 74, 97, 171
349741.6.peg.1318.site.18, 1, 96, 97
349741.6.peg.1318.site.19, 2, 97, 99
349741.6.peg.1318.site.20, 42, 97, 139
349741.6.peg.1318.site.21, 74, 96, 170
349741.6.peg.1319.site.1, 13, 93, 106
349741.6.peg.1319.site.2, 9, 95, 104
349741.6.peg.1319.site.3, 88, 92, 180
349741.6.peg.1319.site.4, 5, 75, 80
349741.6.peg.1319.site.5, 64, 85, 149
349741.6.peg.1319.site.6, 60, 84, 144
349741.6.peg.1319.site.7, 2, 87, 89
349741.6.peg.1319.site.8, 11, 80, 91
349741.6.peg.1319.site.9, 70, 96, 166
349741.6.peg.1319.site.10, 7, 94, 101
349741.6.peg.1319.site.11, 4, 90, 94
349741.6.peg.1319.site.12, 6, 91, 97
349741.6.peg.1319.site.13, 76, 93, 169
349741.6.peg.1319.site.14, 1, 91, 92
349741.6.peg.1319.site.15, 76, 93, 169
349741.6.peg.1319.site.16, 6, 87, 93
349741.6.peg.1319.site.17, 3, 85, 88
349741.6.peg.1319.site.18, 3, 90, 93
349741.6.peg.1319.site.19, 6, 94, 100
349741.6.peg.1319.site.20, 3, 94, 97
349741.6.peg.1868.site.1, 1, 97, 98
349741.6.peg.1868.site.2, 24, 97, 121
349741.6.peg.1868.site.3, 25, 97, 122
349741.6.peg.1868.site.4, 9, 96, 105
349741.6.peg.1868.site.5, 11, 97, 108
349741.6.peg.1868.site.6, 6, 96, 102
349741.6.peg.1868.site.7, 0, 96, 96
349741.6.peg.1868.site.8, 15, 97, 112
349741.6.peg.1868.site.9, 2, 97, 99
349741.6.peg.1868.site.10, 8, 96, 104
349741.6.peg.1868.site.11, 12, 96, 108
349741.6.peg.1868.site.12, 16, 96, 112
349741.6.peg.1868.site.13, 0, 96, 96
349741.6.peg.1868.site.14, 13, 97, 110
349741.6.peg.1868.site.15, 1, 97, 98
349741.6.peg.1868.site.16, 74, 97, 171
349741.6.peg.1868.site.17, 15, 97, 112
349741.6.peg.1868.site.18, 4, 96, 100
349741.6.peg.1868.site.19, 1, 95, 96
349741.6.peg.1868.site.20, 2, 96, 98
349741.6.peg.1868.site.21, 2, 97, 99
349741.6.peg.1869.site.1, 2, 97, 99
349741.6.peg.1869.site.2, 6, 96, 102
349741.6.peg.1869.site.3, 76, 97, 173
349741.6.peg.1869.site.4, 15, 97, 112
349741.6.peg.1869.site.5, 79, 97, 176
349741.6.peg.1869.site.6, 82, 93, 175
349741.6.peg.1869.site.7, 1, 96, 97
349741.6.peg.1869.site.8, 97, 97, 194
349741.6.peg.1869.site.9, 7, 97, 104
349741.6.peg.1869.site.10, 3, 97, 100
349741.6.peg.1869.site.11, 9, 96, 105
349741.6.peg.1869.site.12, 3, 96, 99
349741.6.peg.1869.site.13, 3, 93, 96
349741.6.peg.1869.site.14, 3, 94, 97
349741.6.peg.1864.site.1, 8, 97, 105
349741.6.peg.1864.site.2, 1, 97, 98
349741.6.peg.1864.site.3, 2, 97, 99
349741.6.peg.1864.site.4, 1, 97, 98
349741.6.peg.1864.site.5, 55, 97, 152
349741.6.peg.1864.site.6, 7, 97, 104
349741.6.peg.1864.site.7, 8, 96, 104
349741.6.peg.1864.site.8, 1, 93, 94
349741.6.peg.1864.site.9, 1, 97, 98
349741.6.peg.1864.site.10, 2, 96, 98
349741.6.peg.1864.site.11, 2, 96, 98
349741.6.peg.1864.site.12, 4, 97, 101
349741.6.peg.1864.site.13, 33, 97, 130
349741.6.peg.1864.site.14, 8, 97, 105
349741.6.peg.1865.site.1, 0, 97, 97
349741.6.peg.1865.site.2, 0, 97, 97
349741.6.peg.1865.site.3, 4, 97, 101
349741.6.peg.1865.site.4, 1, 97, 98
349741.6.peg.1865.site.5, 88, 97, 185
349741.6.peg.1865.site.6, 1, 97, 98
349741.6.peg.1865.site.7, 3, 97, 100
349741.6.peg.1865.site.8, 97, 97, 194
349741.6.peg.1865.site.9, 3, 97, 100
349741.6.peg.1865.site.10, 4, 97, 101
349741.6.peg.1865.site.11, 85, 97, 182
349741.6.peg.1865.site.12, 1, 97, 98
349741.6.peg.1865.site.13, 6, 96, 102
349741.6.peg.1865.site.14, 28, 95, 123
349741.6.peg.1865.site.15, 13, 94, 107
349741.6.peg.1865.site.16, 0, 94, 94
349741.6.peg.1865.site.17, 4, 95, 99
349741.6.peg.1865.site.18, 2, 97, 99
349741.6.peg.1866.site.1, 19, 97, 116
349741.6.peg.1866.site.2, 2, 97, 99
349741.6.peg.1866.site.3, 64, 97, 161
349741.6.peg.1866.site.4, 15, 95, 110
349741.6.peg.1866.site.5, 0, 97, 97
349741.6.peg.1866.site.6, 46, 97, 143
349741.6.peg.1866.site.7, 9, 97, 106
349741.6.peg.1866.site.8, 68, 97, 165
349741.6.peg.1866.site.9, 97, 97, 194
349741.6.peg.1866.site.10, 60, 97, 157
349741.6.peg.1866.site.11, 3, 97, 100
349741.6.peg.1866.site.12, 2, 97, 99
349741.6.peg.1866.site.13, 2, 97, 99
349741.6.peg.1866.site.14, 5, 97, 102
349741.6.peg.1866.site.15, 8, 97, 105
349741.6.peg.1866.site.16, 1, 97, 98
349741.6.peg.1866.site.17, 3, 97, 100
349741.6.peg.1866.site.18, 5, 97, 102
349741.6.peg.1867.site.1, 2, 88, 90
349741.6.peg.1867.site.2, 9, 90, 99
349741.6.peg.1867.site.3, 3, 94, 97
349741.6.peg.1867.site.4, 48, 94, 142
349741.6.peg.1867.site.5, 15, 96, 111
349741.6.peg.1867.site.6, 4, 97, 101
349741.6.peg.1867.site.7, 6, 96, 102
349741.6.peg.1867.site.8, 94, 95, 189
349741.6.peg.1867.site.9, 8, 95, 103
349741.6.peg.1867.site.10, 6, 93, 99
349741.6.peg.1867.site.11, 8, 94, 102
349741.6.peg.1867.site.12, 6, 95, 101
349741.6.peg.1867.site.13, 8, 93, 101
349741.6.peg.1867.site.14, 3, 95, 98
349741.6.peg.1867.site.15, 2, 95, 97
349741.6.peg.1867.site.16, 8, 96, 104
349741.6.peg.1867.site.17, 5, 94, 99
349741.6.peg.1867.site.18, 1, 95, 96
349741.6.peg.1867.site.19, 93, 94, 187
349741.6.peg.1867.site.20, 13, 79, 92
349741.6.peg.1867.site.21, 67, 78, 145
349741.6.peg.1867.site.22, 56, 70, 126
349741.6.peg.1867.site.23, 72, 73, 145
349741.6.peg.1867.site.24, 67, 82, 149
349741.6.peg.1867.site.25, 2, 84, 86
349741.6.peg.1867.site.26, 3, 93, 96
349741.6.peg.1867.site.27, 28, 95, 123
349741.6.peg.1860.site.1, 87, 96, 183
349741.6.peg.1860.site.2, 74, 96, 170
349741.6.peg.1860.site.3, 14, 96, 110
349741.6.peg.1860.site.4, 13, 97, 110
349741.6.peg.1860.site.5, 2, 97, 99
349741.6.peg.1860.site.6, 2, 97, 99
349741.6.peg.1860.site.7, 2, 96, 98
349741.6.peg.1860.site.8, 2, 97, 99
349741.6.peg.1860.site.9, 97, 97, 194
349741.6.peg.1860.site.10, 8, 97, 105
349741.6.peg.1860.site.11, 2, 97, 99
349741.6.peg.1860.site.12, 90, 97, 187
349741.6.peg.1860.site.13, 0, 96, 96
349741.6.peg.1860.site.14, 92, 97, 189
349741.6.peg.1861.site.1, 3, 97, 100
349741.6.peg.1861.site.2, 1, 97, 98
349741.6.peg.1861.site.3, 0, 97, 97
349741.6.peg.1861.site.4, 89, 97, 186
349741.6.peg.1861.site.5, 86, 97, 183
349741.6.peg.1861.site.6, 9, 96, 105
349741.6.peg.1861.site.7, 0, 97, 97
349741.6.peg.1861.site.8, 91, 97, 188
349741.6.peg.1861.site.9, 0, 97, 97
349741.6.peg.1861.site.10, 3, 97, 100
349741.6.peg.1861.site.11, 1, 96, 97
349741.6.peg.1861.site.12, 34, 96, 130
349741.6.peg.1861.site.13, 2, 96, 98
349741.6.peg.1861.site.14, 4, 96, 100
349741.6.peg.1861.site.15, 81, 97, 178
349741.6.peg.1861.site.16, 1, 97, 98
349741.6.peg.1861.site.17, 69, 77, 146
349741.6.peg.1861.site.18, 1, 95, 96
349741.6.peg.1861.site.19, 0, 96, 96
349741.6.peg.1861.site.20, 7, 96, 103
349741.6.peg.1861.site.21, 26, 97, 123
349741.6.peg.1862.site.1, 1, 97, 98
349741.6.peg.1862.site.2, 46, 97, 143
349741.6.peg.1862.site.3, 40, 97, 137
349741.6.peg.1862.site.4, 1, 91, 92
349741.6.peg.1862.site.5, 0, 84, 84
349741.6.peg.1862.site.6, 39, 96, 135
349741.6.peg.1862.site.7, 40, 97, 137
349741.6.peg.1862.site.8, 8, 97, 105
349741.6.peg.1862.site.9, 95, 97, 192
349741.6.peg.1862.site.10, 37, 97, 134
349741.6.peg.1862.site.11, 3, 97, 100
349741.6.peg.1862.site.12, 8, 96, 104
349741.6.peg.1862.site.13, 0, 97, 97
349741.6.peg.1862.site.14, 2, 97, 99
349741.6.peg.1862.site.15, 21, 97, 118
349741.6.peg.1862.site.16, 12, 96, 108
349741.6.peg.1862.site.17, 81, 95, 176
349741.6.peg.1862.site.18, 27, 96, 123
349741.6.peg.1862.site.19, 12, 97, 109
349741.6.peg.1862.site.20, 0, 96, 96
349741.6.peg.1862.site.21, 13, 97, 110
349741.6.peg.1862.site.22, 0, 96, 96
349741.6.peg.1862.site.23, 95, 96, 191
349741.6.peg.1862.site.24, 2, 97, 99
349741.6.peg.1862.site.25, 16, 97, 113
349741.6.peg.1862.site.26, 2, 97, 99
349741.6.peg.1862.site.27, 97, 97, 194
349741.6.peg.1862.site.28, 2, 97, 99
349741.6.peg.1862.site.29, 2, 96, 98
349741.6.peg.1862.site.30, 97, 97, 194
349741.6.peg.1862.site.31, 2, 97, 99
349741.6.peg.1863.site.1, 97, 97, 194
349741.6.peg.1863.site.2, 97, 97, 194
349741.6.peg.1863.site.3, 2, 97, 99
349741.6.peg.1863.site.4, 97, 97, 194
349741.6.peg.1863.site.5, 11, 97, 108
349741.6.peg.1863.site.6, 2, 97, 99
349741.6.peg.1863.site.7, 2, 96, 98
349741.6.peg.1863.site.8, 1, 97, 98
349741.6.peg.1863.site.9, 50, 97, 147
349741.6.peg.1863.site.10, 3, 96, 99
349741.6.peg.1863.site.11, 1, 96, 97
349741.6.peg.1863.site.12, 1, 97, 98
349741.6.peg.1863.site.13, 60, 97, 157
349741.6.peg.1863.site.14, 11, 97, 108
349741.6.peg.1863.site.15, 1, 97, 98
349741.6.peg.1863.site.16, 2, 97, 99
349741.6.peg.1863.site.17, 97, 97, 194
349741.6.peg.1863.site.18, 2, 96, 98
349741.6.peg.1863.site.19, 4, 97, 101
349741.6.peg.1863.site.20, 6, 97, 103
349741.6.peg.1863.site.21, 6, 97, 103
349741.6.peg.1863.site.22, 2, 97, 99
349741.6.peg.1863.site.23, 6, 97, 103
349741.6.peg.1863.site.24, 9, 97, 106
349741.6.peg.1863.site.25, 51, 97, 148
349741.6.peg.1863.site.26, 2, 97, 99
349741.6.peg.1863.site.27, 2, 97, 99
349741.6.peg.1863.site.28, 8, 97, 105
349741.6.peg.1863.site.29, 6, 95, 101
349741.6.peg.1863.site.30, 7, 96, 103
349741.6.peg.1882.site.1, 0, 97, 97
349741.6.peg.1882.site.2, 0, 96, 96
349741.6.peg.1882.site.3, 3, 94, 97
349741.6.peg.1882.site.4, 7, 97, 104
349741.6.peg.1882.site.5, 47, 97, 144
349741.6.peg.1882.site.6, 88, 88, 176
349741.6.peg.1882.site.7, 5, 96, 101
349741.6.peg.1882.site.8, 10, 96, 106
349741.6.peg.1882.site.9, 3, 95, 98
349741.6.peg.1882.site.10, 1, 92, 93
349741.6.peg.1882.site.11, 74, 91, 165
349741.6.peg.1882.site.12, 1, 97, 98
349741.6.peg.1883.site.1, 92, 96, 188
349741.6.peg.1883.site.2, 2, 97, 99
349741.6.peg.1883.site.3, 97, 97, 194
349741.6.peg.1883.site.4, 0, 96, 96
349741.6.peg.1883.site.5, 2, 97, 99
349741.6.peg.1883.site.6, 3, 97, 100
349741.6.peg.1883.site.7, 1, 97, 98
349741.6.peg.1883.site.8, 57, 97, 154
349741.6.peg.1883.site.9, 97, 97, 194
349741.6.peg.1883.site.10, 1, 97, 98
349741.6.peg.1883.site.11, 2, 97, 99
349741.6.peg.1883.site.12, 91, 96, 187
349741.6.peg.1883.site.13, 73, 97, 170
349741.6.peg.1883.site.14, 3, 97, 100
349741.6.peg.1883.site.15, 13, 88, 101
349741.6.peg.1883.site.16, 12, 86, 98
349741.6.peg.1883.site.17, 2, 97, 99
349741.6.peg.1883.site.18, 4, 97, 101
349741.6.peg.1883.site.19, 16, 95, 111
349741.6.peg.1883.site.20, 1, 97, 98
349741.6.peg.1880.site.1, 7, 92, 99
349741.6.peg.1880.site.2, 1, 95, 96
349741.6.peg.1880.site.3, 15, 94, 109
349741.6.peg.1880.site.4, 15, 96, 111
349741.6.peg.1880.site.5, 8, 97, 105
349741.6.peg.1880.site.6, 5, 96, 101
349741.6.peg.1887.site.1, 85, 97, 182
349741.6.peg.1887.site.2, 1, 96, 97
349741.6.peg.1887.site.3, 0, 95, 95
349741.6.peg.1887.site.4, 2, 96, 98
349741.6.peg.1887.site.5, 89, 97, 186
349741.6.peg.1887.site.6, 7, 97, 104
349741.6.peg.1887.site.7, 86, 97, 183
349741.6.peg.1887.site.8, 9, 97, 106
349741.6.peg.1887.site.9, 1, 97, 98
349741.6.peg.1887.site.10, 8, 97, 105
349741.6.peg.1887.site.11, 71, 97, 168
349741.6.peg.1887.site.12, 97, 97, 194
349741.6.peg.1887.site.13, 1, 97, 98
349741.6.peg.1887.site.14, 87, 97, 184
349741.6.peg.1887.site.15, 7, 96, 103
349741.6.peg.1887.site.16, 3, 97, 100
349741.6.peg.1887.site.17, 0, 97, 97
349741.6.peg.1887.site.18, 2, 97, 99
349741.6.peg.1887.site.19, 0, 97, 97
349741.6.peg.1887.site.20, 1, 97, 98
349741.6.peg.1887.site.21, 1, 97, 98
349741.6.peg.1887.site.22, 7, 97, 104
349741.6.peg.1887.site.23, 0, 96, 96
349741.6.peg.1887.site.24, 1, 97, 98
349741.6.peg.1884.site.1, 2, 96, 98
349741.6.peg.1884.site.2, 97, 97, 194
349741.6.peg.1884.site.3, 2, 97, 99
349741.6.peg.1884.site.4, 97, 97, 194
349741.6.peg.1884.site.5, 95, 97, 192
349741.6.peg.1884.site.6, 97, 97, 194
349741.6.peg.1884.site.7, 78, 95, 173
349741.6.peg.1885.site.1, 4, 92, 96
349741.6.peg.1885.site.2, 1, 93, 94
349741.6.peg.1885.site.3, 3, 95, 98
349741.6.peg.1885.site.4, 3, 92, 95
349741.6.peg.1885.site.5, 3, 95, 98
349741.6.peg.1885.site.6, 1, 95, 96
349741.6.peg.1885.site.7, 0, 94, 94
349741.6.peg.1885.site.8, 0, 80, 80
349741.6.peg.1888.site.1, 9, 97, 106
349741.6.peg.1888.site.2, 0, 95, 95
349741.6.peg.1888.site.3, 4, 89, 93
349741.6.peg.1888.site.4, 9, 89, 98
349741.6.peg.1888.site.5, 19, 89, 108
349741.6.peg.1888.site.6, 5, 89, 94
349741.6.peg.1888.site.7, 1, 89, 90
349741.6.peg.1888.site.8, 31, 89, 120
349741.6.peg.1888.site.9, 1, 89, 90
349741.6.peg.1888.site.10, 1, 89, 90
349741.6.peg.1888.site.11, 8, 89, 97
349741.6.peg.1888.site.12, 1, 89, 90
349741.6.peg.1888.site.13, 1, 89, 90
349741.6.peg.1888.site.14, 1, 89, 90
349741.6.peg.1888.site.15, 1, 89, 90
349741.6.peg.1888.site.16, 7, 89, 96
349741.6.peg.1888.site.17, 2, 89, 91
349741.6.peg.1888.site.18, 39, 88, 127
349741.6.peg.1888.site.19, 33, 88, 121
349741.6.peg.1888.site.20, 33, 89, 122
349741.6.peg.1888.site.21, 0, 89, 89
349741.6.peg.1888.site.22, 52, 89, 141
349741.6.peg.1888.site.23, 48, 89, 137
349741.6.peg.1888.site.24, 2, 89, 91
349741.6.peg.1888.site.25, 11, 88, 99
349741.6.peg.1888.site.26, 3, 88, 91
349741.6.peg.1888.site.27, 0, 89, 89
349741.6.peg.1888.site.28, 0, 88, 88
349741.6.peg.1888.site.29, 7, 89, 96
349741.6.peg.1888.site.30, 45, 89, 134
349741.6.peg.1888.site.31, 33, 89, 122
349741.6.peg.1888.site.32, 5, 89, 94
349741.6.peg.1888.site.33, 33, 82, 115
349741.6.peg.1888.site.34, 33, 82, 115
349741.6.peg.1888.site.35, 33, 82, 115
349741.6.peg.1888.site.36, 1, 82, 83
349741.6.peg.1888.site.37, 36, 82, 118
349741.6.peg.1888.site.38, 73, 74, 147
349741.6.peg.1888.site.39, 25, 82, 107
349741.6.peg.1888.site.40, 2, 82, 84
349741.6.peg.1888.site.41, 1, 82, 83
349741.6.peg.1888.site.42, 6, 82, 88
349741.6.peg.1888.site.43, 41, 82, 123
349741.6.peg.1888.site.44, 4, 82, 86
349741.6.peg.1888.site.45, 3, 82, 85
349741.6.peg.1888.site.46, 20, 78, 98
349741.6.peg.1888.site.47, 10, 81, 91
349741.6.peg.1888.site.48, 0, 88, 88
349741.6.peg.1888.site.49, 38, 85, 123
349741.6.peg.1888.site.50, 40, 83, 123
349741.6.peg.1888.site.51, 39, 83, 122
349741.6.peg.1888.site.52, 52, 88, 140
349741.6.peg.1888.site.53, 7, 80, 87
349741.6.peg.1888.site.54, 7, 89, 96
349741.6.peg.1888.site.55, 2, 89, 91
349741.6.peg.1888.site.56, 2, 89, 91
349741.6.peg.1888.site.57, 87, 88, 175
349741.6.peg.1888.site.58, 7, 89, 96
349741.6.peg.1888.site.59, 9, 89, 98
349741.6.peg.1888.site.60, 28, 97, 125
349741.6.peg.1888.site.61, 7, 97, 104
349741.6.peg.1888.site.62, 21, 97, 118
349741.6.peg.1888.site.63, 0, 97, 97
349741.6.peg.1888.site.64, 30, 97, 127
349741.6.peg.1888.site.65, 29, 96, 125
349741.6.peg.620.site.1, 31, 89, 120
349741.6.peg.620.site.2, 87, 89, 176
349741.6.peg.620.site.3, 93, 97, 190
349741.6.peg.620.site.4, 62, 97, 159
349741.6.peg.620.site.5, 68, 96, 164
349741.6.peg.620.site.6, 93, 97, 190
349741.6.peg.620.site.7, 26, 95, 121
349741.6.peg.620.site.8, 7, 97, 104
349741.6.peg.2353.site.1, 32, 91, 123
349741.6.peg.2353.site.2, 7, 96, 103
349741.6.peg.2353.site.3, 6, 96, 102
349741.6.peg.2353.site.4, 4, 94, 98
349741.6.peg.2353.site.5, 1, 91, 92
349741.6.peg.2353.site.6, 5, 95, 100
349741.6.peg.2353.site.7, 2, 95, 97
349741.6.peg.2353.site.8, 2, 90, 92
349741.6.peg.2353.site.9, 1, 90, 91
349741.6.peg.2353.site.10, 46, 90, 136
349741.6.peg.2353.site.11, 40, 91, 131
349741.6.peg.2065.site.1, 50, 69, 119
349741.6.peg.2065.site.2, 5, 60, 65
349741.6.peg.2065.site.3, 3, 58, 61
349741.6.peg.2065.site.4, 4, 55, 59
349741.6.peg.2065.site.5, 4, 56, 60
349741.6.peg.2065.site.6, 23, 78, 101
349741.6.peg.2065.site.7, 41, 96, 137
349741.6.peg.2065.site.8, 4, 96, 100
349741.6.peg.2065.site.9, 38, 96, 134
349741.6.peg.2065.site.10, 1, 94, 95
349741.6.peg.2065.site.11, 37, 95, 132
349741.6.peg.2065.site.12, 66, 86, 152
349741.6.peg.2065.site.13, 0, 92, 92
349741.6.peg.2065.site.14, 23, 65, 88
349741.6.peg.2065.site.15, 14, 33, 47
349741.6.peg.2065.site.16, 2, 34, 36
349741.6.peg.2065.site.17, 2, 37, 39
349741.6.peg.2065.site.18, 18, 38, 56
349741.6.peg.2065.site.19, 24, 44, 68
349741.6.peg.2065.site.20, 2, 46, 48
349741.6.peg.2065.site.21, 6, 38, 44
349741.6.peg.2065.site.22, 6, 51, 57
349741.6.peg.2065.site.23, 16, 52, 68
349741.6.peg.2065.site.24, 8, 54, 62
349741.6.peg.2065.site.25, 32, 56, 88
349741.6.peg.2065.site.26, 42, 57, 99
349741.6.peg.2065.site.27, 39, 58, 97
349741.6.peg.2065.site.28, 12, 62, 74
349741.6.peg.2065.site.29, 1, 62, 63
349741.6.peg.2065.site.30, 16, 59, 75
349741.6.peg.2065.site.31, 14, 58, 72
349741.6.peg.2065.site.32, 34, 53, 87
349741.6.peg.2065.site.33, 39, 59, 98
349741.6.peg.2065.site.34, 38, 92, 130
349741.6.peg.2065.site.35, 1, 94, 95
349741.6.peg.2065.site.36, 73, 92, 165
349741.6.peg.2065.site.37, 60, 93, 153
349741.6.peg.2064.site.1, 11, 26, 37
349741.6.peg.2064.site.2, 8, 24, 32
349741.6.peg.2064.site.3, 25, 66, 91
349741.6.peg.2064.site.4, 51, 67, 118
349741.6.peg.2064.site.5, 37, 86, 123
349741.6.peg.2064.site.6, 77, 93, 170
349741.6.peg.2064.site.7, 3, 96, 99
349741.6.peg.2064.site.8, 47, 96, 143
349741.6.peg.2064.site.9, 79, 93, 172
349741.6.peg.2064.site.10, 21, 91, 112
349741.6.peg.2064.site.11, 35, 79, 114
349741.6.peg.2064.site.12, 24, 72, 96
349741.6.peg.2064.site.13, 34, 60, 94
349741.6.peg.2064.site.14, 33, 59, 92
349741.6.peg.2064.site.15, 46, 65, 111
349741.6.peg.2064.site.16, 22, 72, 94
349741.6.peg.2064.site.17, 0, 69, 69
349741.6.peg.2064.site.18, 1, 69, 70
349741.6.peg.2064.site.19, 4, 54, 58
349741.6.peg.2064.site.20, 3, 53, 56
349741.6.peg.2064.site.21, 38, 54, 92
349741.6.peg.2064.site.22, 5, 53, 58
349741.6.peg.2064.site.23, 53, 53, 106
349741.6.peg.2064.site.24, 3, 58, 61
349741.6.peg.2064.site.25, 29, 84, 113
349741.6.peg.2064.site.26, 4, 92, 96
349741.6.peg.2064.site.27, 36, 92, 128
349741.6.peg.2064.site.28, 20, 93, 113
349741.6.peg.2064.site.29, 1, 93, 94
349741.6.peg.2064.site.30, 37, 91, 128
349741.6.peg.2064.site.31, 36, 90, 126
349741.6.peg.2064.site.32, 27, 82, 109
349741.6.peg.2064.site.33, 24, 78, 102
349741.6.peg.2064.site.34, 36, 83, 119
349741.6.peg.2064.site.35, 24, 78, 102
349741.6.peg.2064.site.36, 7, 81, 88
349741.6.peg.2064.site.37, 29, 83, 112
349741.6.peg.2064.site.38, 1, 83, 84
349741.6.peg.2064.site.39, 21, 74, 95
349741.6.peg.2064.site.40, 36, 97, 133
349741.6.peg.2064.site.41, 42, 97, 139
349741.6.peg.2064.site.42, 42, 97, 139
349741.6.peg.2064.site.43, 2, 97, 99
349741.6.peg.2067.site.1, 4, 94, 98
349741.6.peg.2067.site.2, 37, 93, 130
349741.6.peg.2067.site.3, 12, 91, 103
349741.6.peg.2067.site.4, 36, 85, 121
349741.6.peg.2067.site.5, 26, 88, 114
349741.6.peg.2067.site.6, 78, 83, 161
349741.6.peg.2067.site.7, 2, 90, 92
349741.6.peg.2067.site.8, 7, 94, 101
349741.6.peg.2067.site.9, 3, 97, 100
349741.6.peg.2067.site.10, 35, 89, 124
349741.6.peg.2067.site.11, 5, 89, 94
349741.6.peg.2067.site.12, 3, 97, 100
349741.6.peg.2067.site.13, 9, 96, 105
349741.6.peg.2067.site.14, 41, 96, 137
349741.6.peg.2067.site.15, 7, 94, 101
349741.6.peg.2067.site.16, 3, 93, 96
349741.6.peg.2067.site.17, 3, 97, 100
349741.6.peg.2067.site.18, 3, 96, 99
349741.6.peg.2067.site.19, 8, 96, 104
349741.6.peg.2067.site.20, 26, 97, 123
349741.6.peg.2067.site.21, 3, 96, 99
349741.6.peg.2067.site.22, 2, 94, 96
349741.6.peg.2067.site.23, 67, 95, 162
349741.6.peg.2067.site.24, 3, 96, 99
349741.6.peg.2067.site.25, 1, 94, 95
349741.6.peg.2067.site.26, 5, 92, 97
349741.6.peg.2067.site.27, 5, 94, 99
349741.6.peg.2067.site.28, 1, 97, 98
349741.6.peg.2067.site.29, 1, 97, 98
349741.6.peg.2067.site.30, 9, 91, 100
349741.6.peg.2067.site.31, 1, 91, 92
349741.6.peg.2067.site.32, 5, 90, 95
349741.6.peg.2067.site.33, 37, 88, 125
349741.6.peg.2067.site.34, 3, 88, 91
349741.6.peg.2067.site.35, 3, 89, 92
349741.6.peg.2067.site.36, 2, 96, 98
349741.6.peg.2067.site.37, 3, 97, 100
349741.6.peg.2067.site.38, 9, 97, 106
349741.6.peg.2067.site.39, 1, 97, 98
349741.6.peg.2067.site.40, 9, 95, 104
349741.6.peg.2067.site.41, 9, 97, 106
349741.6.peg.2067.site.42, 6, 97, 103
349741.6.peg.2067.site.43, 2, 97, 99
349741.6.peg.2067.site.44, 70, 97, 167
349741.6.peg.2067.site.45, 70, 97, 167
349741.6.peg.2067.site.46, 11, 97, 108
349741.6.peg.2067.site.47, 26, 97, 123
349741.6.peg.2067.site.48, 2, 97, 99
349741.6.peg.2067.site.49, 9, 97, 106
349741.6.peg.2067.site.50, 4, 96, 100
349741.6.peg.2067.site.51, 3, 91, 94
349741.6.peg.2067.site.52, 4, 91, 95
349741.6.peg.2067.site.53, 69, 92, 161
349741.6.peg.2067.site.54, 78, 92, 170
349741.6.peg.2067.site.55, 74, 92, 166
349741.6.peg.2067.site.56, 73, 91, 164
349741.6.peg.2067.site.57, 33, 94, 127
349741.6.peg.2067.site.58, 4, 97, 101
349741.6.peg.2067.site.59, 9, 97, 106
349741.6.peg.2067.site.60, 79, 97, 176
349741.6.peg.2067.site.61, 8, 95, 103
349741.6.peg.2067.site.62, 25, 96, 121
349741.6.peg.2067.site.63, 3, 96, 99
349741.6.peg.2067.site.64, 9, 97, 106
349741.6.peg.2067.site.65, 8, 96, 104
349741.6.peg.2067.site.66, 1, 96, 97
349741.6.peg.2067.site.67, 41, 94, 135
349741.6.peg.2067.site.68, 3, 89, 92
349741.6.peg.2067.site.69, 4, 92, 96
349741.6.peg.2067.site.70, 1, 92, 93
349741.6.peg.2067.site.71, 1, 90, 91
349741.6.peg.2067.site.72, 3, 91, 94
349741.6.peg.2067.site.73, 4, 92, 96
349741.6.peg.2067.site.74, 1, 96, 97
349741.6.peg.2067.site.75, 1, 95, 96
349741.6.peg.2067.site.76, 5, 95, 100
349741.6.peg.2067.site.77, 16, 91, 107
349741.6.peg.2067.site.78, 2, 87, 89
349741.6.peg.2067.site.79, 3, 91, 94
349741.6.peg.2067.site.80, 3, 94, 97
349741.6.peg.2067.site.81, 1, 95, 96
349741.6.peg.2067.site.82, 3, 96, 99
349741.6.peg.2067.site.83, 5, 80, 85
349741.6.peg.2067.site.84, 24, 81, 105
349741.6.peg.2067.site.85, 16, 76, 92
349741.6.peg.2067.site.86, 5, 97, 102
349741.6.peg.2067.site.87, 34, 96, 130
349741.6.peg.2066.site.1, 70, 94, 164
349741.6.peg.2066.site.2, 62, 82, 144
349741.6.peg.2066.site.3, 70, 90, 160
349741.6.peg.2066.site.4, 35, 97, 132
349741.6.peg.2066.site.5, 6, 97, 103
349741.6.peg.2066.site.6, 1, 97, 98
349741.6.peg.2066.site.7, 0, 97, 97
349741.6.peg.2066.site.8, 77, 97, 174
349741.6.peg.2066.site.9, 61, 96, 157
349741.6.peg.2066.site.10, 14, 95, 109
349741.6.peg.2066.site.11, 24, 76, 100
349741.6.peg.2066.site.12, 1, 21, 22
349741.6.peg.2066.site.13, 4, 24, 28
349741.6.peg.2066.site.14, 33, 33, 66
349741.6.peg.2066.site.15, 3, 81, 84
349741.6.peg.2066.site.16, 2, 89, 91
349741.6.peg.2066.site.17, 39, 94, 133
349741.6.peg.2066.site.18, 35, 95, 130
349741.6.peg.2066.site.19, 4, 96, 100
349741.6.peg.2066.site.20, 1, 96, 97
349741.6.peg.2066.site.21, 87, 96, 183
349741.6.peg.2066.site.22, 71, 94, 165
349741.6.peg.2066.site.23, 35, 93, 128
349741.6.peg.2066.site.24, 4, 93, 97
349741.6.peg.2066.site.25, 34, 95, 129
349741.6.peg.2066.site.26, 87, 94, 181
349741.6.peg.2066.site.27, 33, 95, 128
349741.6.peg.2066.site.28, 95, 95, 190
349741.6.peg.2066.site.29, 37, 95, 132
349741.6.peg.2066.site.30, 4, 97, 101
349741.6.peg.2066.site.31, 72, 96, 168
349741.6.peg.2066.site.32, 2, 96, 98
349741.6.peg.2066.site.33, 13, 96, 109
349741.6.peg.2066.site.34, 26, 96, 122
349741.6.peg.2066.site.35, 3, 96, 99
349741.6.peg.2066.site.36, 3, 96, 99
349741.6.peg.2066.site.37, 2, 95, 97
349741.6.peg.2066.site.38, 4, 97, 101
349741.6.peg.2066.site.39, 4, 97, 101
349741.6.peg.2066.site.40, 6, 95, 101
349741.6.peg.2066.site.41, 30, 92, 122
349741.6.peg.2066.site.42, 31, 88, 119
349741.6.peg.2066.site.43, 62, 82, 144
349741.6.peg.2066.site.44, 25, 83, 108
349741.6.peg.2066.site.45, 58, 77, 135
349741.6.peg.2066.site.46, 79, 97, 176
349741.6.peg.2066.site.47, 37, 96, 133
349741.6.peg.2066.site.48, 3, 96, 99
349741.6.peg.2066.site.49, 6, 96, 102
349741.6.peg.2066.site.50, 37, 95, 132
349741.6.peg.2066.site.51, 8, 96, 104
349741.6.peg.2066.site.52, 78, 96, 174
349741.6.peg.2066.site.53, 2, 97, 99
349741.6.peg.2066.site.54, 92, 96, 188
349741.6.peg.2066.site.55, 56, 74, 130
349741.6.peg.2066.site.56, 23, 65, 88
349741.6.peg.2061.site.1, 1, 93, 94
349741.6.peg.2061.site.2, 4, 94, 98
349741.6.peg.2061.site.3, 39, 93, 132
349741.6.peg.2061.site.4, 33, 90, 123
349741.6.peg.2061.site.5, 35, 91, 126
349741.6.peg.2061.site.6, 27, 83, 110
349741.6.peg.2061.site.7, 41, 87, 128
349741.6.peg.2061.site.8, 0, 87, 87
349741.6.peg.2061.site.9, 31, 87, 118
349741.6.peg.2061.site.10, 9, 87, 96
349741.6.peg.2061.site.11, 8, 93, 101
349741.6.peg.2061.site.12, 6, 95, 101
349741.6.peg.2061.site.13, 40, 95, 135
349741.6.peg.2061.site.14, 22, 95, 117
349741.6.peg.2061.site.15, 1, 95, 96
349741.6.peg.2061.site.16, 52, 95, 147
349741.6.peg.2061.site.17, 38, 94, 132
349741.6.peg.2061.site.18, 30, 93, 123
349741.6.peg.2061.site.19, 7, 91, 98
349741.6.peg.2061.site.20, 34, 90, 124
349741.6.peg.2061.site.21, 35, 92, 127
349741.6.peg.2061.site.22, 82, 94, 176
349741.6.peg.2061.site.23, 9, 92, 101
349741.6.peg.2061.site.24, 41, 96, 137
349741.6.peg.2061.site.25, 30, 85, 115
349741.6.peg.2061.site.26, 30, 85, 115
349741.6.peg.2061.site.27, 0, 90, 90
349741.6.peg.2061.site.28, 4, 94, 98
349741.6.peg.2061.site.29, 47, 93, 140
349741.6.peg.2061.site.30, 1, 95, 96
349741.6.peg.2061.site.31, 35, 94, 129
349741.6.peg.2061.site.32, 2, 96, 98
349741.6.peg.2061.site.33, 42, 97, 139
349741.6.peg.2061.site.34, 7, 97, 104
349741.6.peg.2061.site.35, 7, 97, 104
349741.6.peg.2061.site.36, 1, 97, 98
349741.6.peg.2061.site.37, 36, 95, 131
349741.6.peg.2061.site.38, 3, 93, 96
349741.6.peg.2061.site.39, 1, 92, 93
349741.6.peg.2061.site.40, 2, 92, 94
349741.6.peg.2061.site.41, 1, 91, 92
349741.6.peg.2061.site.42, 37, 90, 127
349741.6.peg.2061.site.43, 37, 90, 127
349741.6.peg.2061.site.44, 35, 90, 125
349741.6.peg.2061.site.45, 2, 90, 92
349741.6.peg.2061.site.46, 7, 97, 104
349741.6.peg.2061.site.47, 6, 93, 99
349741.6.peg.2061.site.48, 6, 95, 101
349741.6.peg.2061.site.49, 44, 95, 139
349741.6.peg.2061.site.50, 2, 96, 98
349741.6.peg.2061.site.51, 3, 97, 100
349741.6.peg.2061.site.52, 46, 97, 143
349741.6.peg.2061.site.53, 26, 97, 123
349741.6.peg.2061.site.54, 0, 97, 97
349741.6.peg.2061.site.55, 42, 97, 139
349741.6.peg.2061.site.56, 1, 97, 98
349741.6.peg.2060.site.1, 2, 63, 65
349741.6.peg.2060.site.2, 7, 65, 72
349741.6.peg.2060.site.3, 3, 68, 71
349741.6.peg.2060.site.4, 16, 96, 112
349741.6.peg.2060.site.5, 7, 96, 103
349741.6.peg.2060.site.6, 2, 96, 98
349741.6.peg.2060.site.7, 22, 96, 118
349741.6.peg.2060.site.8, 6, 97, 103
349741.6.peg.2060.site.9, 7, 97, 104
349741.6.peg.2060.site.10, 6, 96, 102
349741.6.peg.2060.site.11, 49, 96, 145
349741.6.peg.2060.site.12, 7, 97, 104
349741.6.peg.2060.site.13, 6, 97, 103
349741.6.peg.2060.site.14, 7, 97, 104
349741.6.peg.2060.site.15, 7, 97, 104
349741.6.peg.2060.site.16, 47, 97, 144
349741.6.peg.2060.site.17, 1, 97, 98
349741.6.peg.2060.site.18, 34, 97, 131
349741.6.peg.2060.site.19, 7, 96, 103
349741.6.peg.2060.site.20, 3, 97, 100
349741.6.peg.2060.site.21, 40, 97, 137
349741.6.peg.2060.site.22, 7, 96, 103
349741.6.peg.2060.site.23, 7, 96, 103
349741.6.peg.2060.site.24, 64, 97, 161
349741.6.peg.2060.site.25, 34, 97, 131
349741.6.peg.2060.site.26, 49, 97, 146
349741.6.peg.2060.site.27, 7, 97, 104
349741.6.peg.2060.site.28, 1, 97, 98
349741.6.peg.2060.site.29, 3, 97, 100
349741.6.peg.2060.site.30, 8, 97, 105
349741.6.peg.2060.site.31, 40, 96, 136
349741.6.peg.2060.site.32, 7, 96, 103
349741.6.peg.2060.site.33, 16, 88, 104
349741.6.peg.2060.site.34, 7, 89, 96
349741.6.peg.2063.site.1, 1, 78, 79
349741.6.peg.2063.site.2, 2, 72, 74
349741.6.peg.2063.site.3, 58, 73, 131
349741.6.peg.2063.site.4, 2, 73, 75
349741.6.peg.2063.site.5, 1, 79, 80
349741.6.peg.2063.site.6, 9, 80, 89
349741.6.peg.2063.site.7, 2, 80, 82
349741.6.peg.2063.site.8, 4, 78, 82
349741.6.peg.2063.site.9, 6, 78, 84
349741.6.peg.2063.site.10, 1, 84, 85
349741.6.peg.2063.site.11, 2, 85, 87
349741.6.peg.2063.site.12, 29, 85, 114
349741.6.peg.2063.site.13, 24, 86, 110
349741.6.peg.2063.site.14, 15, 87, 102
349741.6.peg.2063.site.15, 87, 87, 174
349741.6.peg.2063.site.16, 11, 88, 99
349741.6.peg.2063.site.17, 23, 92, 115
349741.6.peg.2063.site.18, 5, 94, 99
349741.6.peg.2063.site.19, 24, 96, 120
349741.6.peg.2063.site.20, 3, 97, 100
349741.6.peg.2063.site.21, 23, 97, 120
349741.6.peg.2063.site.22, 7, 97, 104
349741.6.peg.2063.site.23, 7, 97, 104
349741.6.peg.2063.site.24, 40, 97, 137
349741.6.peg.2063.site.25, 7, 97, 104
349741.6.peg.2063.site.26, 27, 97, 124
349741.6.peg.2063.site.27, 0, 95, 95
349741.6.peg.2063.site.28, 2, 60, 62
349741.6.peg.2063.site.29, 1, 77, 78
349741.6.peg.2063.site.30, 14, 89, 103
349741.6.peg.2063.site.31, 1, 96, 97
349741.6.peg.2063.site.32, 9, 97, 106
349741.6.peg.2063.site.33, 7, 96, 103
349741.6.peg.2063.site.34, 5, 94, 99
349741.6.peg.2063.site.35, 5, 94, 99
349741.6.peg.2063.site.36, 7, 96, 103
349741.6.peg.2063.site.37, 5, 94, 99
349741.6.peg.2063.site.38, 29, 88, 117
349741.6.peg.2063.site.39, 26, 85, 111
349741.6.peg.2063.site.40, 2, 92, 94
349741.6.peg.2063.site.41, 3, 95, 98
349741.6.peg.2063.site.42, 5, 92, 97
349741.6.peg.2063.site.43, 35, 92, 127
349741.6.peg.2063.site.44, 22, 91, 113
349741.6.peg.2063.site.45, 1, 90, 91
349741.6.peg.2063.site.46, 36, 92, 128
349741.6.peg.2063.site.47, 2, 87, 89
349741.6.peg.2063.site.48, 15, 89, 104
349741.6.peg.2063.site.49, 27, 88, 115
349741.6.peg.2063.site.50, 67, 92, 159
349741.6.peg.2063.site.51, 67, 92, 159
349741.6.peg.2063.site.52, 39, 91, 130
349741.6.peg.2063.site.53, 8, 73, 81
349741.6.peg.2063.site.54, 2, 69, 71
349741.6.peg.2063.site.55, 44, 67, 111
349741.6.peg.2063.site.56, 49, 73, 122
349741.6.peg.2063.site.57, 40, 75, 115
349741.6.peg.2063.site.58, 13, 81, 94
349741.6.peg.2063.site.59, 14, 88, 102
349741.6.peg.2063.site.60, 69, 94, 163
349741.6.peg.2063.site.61, 38, 93, 131
349741.6.peg.2063.site.62, 36, 93, 129
349741.6.peg.2063.site.63, 4, 93, 97
349741.6.peg.2063.site.64, 2, 93, 95
349741.6.peg.2063.site.65, 32, 88, 120
349741.6.peg.2063.site.66, 65, 90, 155
349741.6.peg.2063.site.67, 40, 96, 136
349741.6.peg.2063.site.68, 1, 97, 98
349741.6.peg.2063.site.69, 40, 96, 136
349741.6.peg.2063.site.70, 71, 96, 167
349741.6.peg.2063.site.71, 5, 96, 101
349741.6.peg.2063.site.72, 39, 96, 135
349741.6.peg.2063.site.73, 60, 88, 148
349741.6.peg.2063.site.74, 19, 73, 92
349741.6.peg.2063.site.75, 8, 55, 63
349741.6.peg.2063.site.76, 3, 38, 41
349741.6.peg.2063.site.77, 10, 38, 48
349741.6.peg.2063.site.78, 16, 40, 56
349741.6.peg.2063.site.79, 4, 36, 40
349741.6.peg.2063.site.80, 8, 33, 41
349741.6.peg.2063.site.81, 7, 32, 39
349741.6.peg.2063.site.82, 13, 38, 51
349741.6.peg.2063.site.83, 28, 53, 81
349741.6.peg.2063.site.84, 4, 63, 67
349741.6.peg.2063.site.85, 40, 65, 105
349741.6.peg.2063.site.86, 1, 65, 66
349741.6.peg.2063.site.87, 1, 66, 67
349741.6.peg.2063.site.88, 26, 55, 81
349741.6.peg.2069.site.1, 40, 97, 137
349741.6.peg.2069.site.2, 4, 97, 101
349741.6.peg.2069.site.3, 30, 96, 126
349741.6.peg.2069.site.4, 26, 96, 122
349741.6.peg.2069.site.5, 40, 97, 137
349741.6.peg.2069.site.6, 1, 97, 98
349741.6.peg.2069.site.7, 47, 97, 144
349741.6.peg.2069.site.8, 36, 97, 133
349741.6.peg.2069.site.9, 60, 97, 157
349741.6.peg.2069.site.10, 75, 97, 172
349741.6.peg.2069.site.11, 75, 97, 172
349741.6.peg.2069.site.12, 8, 97, 105
349741.6.peg.2069.site.13, 9, 97, 106
349741.6.peg.2069.site.14, 68, 94, 162
349741.6.peg.2069.site.15, 64, 90, 154
349741.6.peg.2069.site.16, 4, 82, 86
349741.6.peg.2069.site.17, 56, 77, 133
349741.6.peg.2069.site.18, 60, 81, 141
349741.6.peg.2069.site.19, 61, 84, 145
349741.6.peg.2069.site.20, 67, 89, 156
349741.6.peg.2069.site.21, 34, 94, 128
349741.6.peg.2069.site.22, 32, 93, 125
349741.6.peg.2069.site.23, 11, 66, 77
349741.6.peg.2069.site.24, 10, 66, 76
349741.6.peg.2069.site.25, 12, 67, 79
349741.6.peg.2069.site.26, 1, 68, 69
349741.6.peg.2069.site.27, 4, 70, 74
349741.6.peg.2069.site.28, 11, 78, 89
349741.6.peg.2069.site.29, 28, 92, 120
349741.6.peg.2069.site.30, 4, 90, 94
349741.6.peg.2069.site.31, 19, 87, 106
349741.6.peg.2069.site.32, 48, 86, 134
349741.6.peg.2069.site.33, 20, 80, 100
349741.6.peg.2069.site.34, 9, 84, 93
349741.6.peg.2069.site.35, 27, 82, 109
349741.6.peg.2069.site.36, 37, 90, 127
349741.6.peg.2069.site.37, 30, 88, 118
349741.6.peg.2069.site.38, 27, 85, 112
349741.6.peg.2069.site.39, 9, 82, 91
349741.6.peg.2069.site.40, 3, 63, 66
349741.6.peg.2069.site.41, 69, 91, 160
349741.6.peg.2069.site.42, 34, 93, 127
349741.6.peg.1686.site.1, 2, 94, 96
349741.6.peg.1686.site.2, 2, 88, 90
349741.6.peg.1686.site.3, 16, 90, 106
349741.6.peg.1686.site.4, 3, 74, 77
349741.6.peg.1686.site.5, 64, 64, 128
349741.6.peg.1686.site.6, 4, 76, 80
349741.6.peg.1686.site.7, 17, 87, 104
349741.6.peg.1686.site.8, 5, 94, 99
349741.6.peg.1686.site.9, 18, 94, 112
349741.6.peg.1686.site.10, 18, 95, 113
349741.6.peg.1686.site.11, 7, 96, 103
349741.6.peg.1686.site.12, 10, 96, 106
349741.6.peg.1686.site.13, 1, 97, 98
349741.6.peg.1686.site.14, 13, 97, 110
349741.6.peg.1686.site.15, 12, 97, 109
349741.6.peg.1686.site.16, 11, 97, 108
349741.6.peg.1686.site.17, 19, 97, 116
349741.6.peg.1686.site.18, 18, 96, 114
349741.6.peg.1686.site.19, 2, 95, 97
349741.6.peg.1686.site.20, 23, 96, 119
349741.6.peg.1686.site.21, 24, 97, 121
349741.6.peg.1686.site.22, 3, 96, 99
349741.6.peg.2350.site.1, 13, 72, 85
349741.6.peg.2350.site.2, 2, 84, 86
349741.6.peg.2350.site.3, 41, 90, 131
349741.6.peg.2350.site.4, 1, 90, 91
349741.6.peg.2350.site.5, 86, 93, 179
349741.6.peg.2350.site.6, 2, 94, 96
349741.6.peg.2350.site.7, 1, 94, 95
349741.6.peg.1460.site.1, 1, 97, 98
349741.6.peg.1460.site.2, 1, 97, 98
349741.6.peg.1460.site.3, 4, 96, 100
349741.6.peg.1460.site.4, 16, 96, 112
349741.6.peg.1460.site.5, 42, 96, 138
349741.6.peg.1460.site.6, 1, 97, 98
349741.6.peg.1460.site.7, 1, 97, 98
349741.6.peg.1460.site.8, 34, 97, 131
349741.6.peg.1460.site.9, 32, 97, 129
349741.6.peg.1460.site.10, 1, 96, 97
349741.6.peg.1460.site.11, 1, 96, 97
349741.6.peg.1460.site.12, 7, 95, 102
349741.6.peg.1460.site.13, 0, 95, 95
349741.6.peg.1460.site.14, 50, 90, 140
349741.6.peg.1460.site.15, 29, 96, 125
349741.6.peg.1460.site.16, 31, 96, 127
349741.6.peg.1460.site.17, 43, 95, 138
349741.6.peg.1460.site.18, 40, 95, 135
349741.6.peg.1460.site.19, 40, 95, 135
349741.6.peg.1460.site.20, 93, 96, 189
349741.6.peg.1460.site.21, 40, 96, 136
349741.6.peg.1460.site.22, 1, 96, 97
349741.6.peg.1460.site.23, 42, 96, 138
349741.6.peg.1460.site.24, 42, 96, 138
349741.6.peg.1460.site.25, 15, 96, 111
349741.6.peg.1460.site.26, 15, 96, 111
349741.6.peg.1460.site.27, 1, 96, 97
349741.6.peg.1460.site.28, 5, 96, 101
349741.6.peg.1460.site.29, 7, 93, 100
349741.6.peg.1460.site.30, 4, 85, 89
349741.6.peg.1460.site.31, 33, 88, 121
349741.6.peg.1460.site.32, 1, 96, 97
349741.6.peg.1460.site.33, 30, 96, 126
349741.6.peg.1460.site.34, 14, 96, 110
349741.6.peg.1460.site.35, 14, 96, 110
349741.6.peg.1460.site.36, 3, 96, 99
349741.6.peg.1460.site.37, 11, 97, 108
349741.6.peg.1460.site.38, 1, 97, 98
349741.6.peg.1460.site.39, 1, 96, 97
349741.6.peg.1460.site.40, 1, 97, 98
349741.6.peg.1460.site.41, 12, 95, 107
349741.6.peg.1460.site.42, 30, 96, 126
349741.6.peg.1460.site.43, 94, 96, 190
349741.6.peg.1460.site.44, 56, 96, 152
349741.6.peg.1460.site.45, 95, 96, 191
349741.6.peg.1460.site.46, 29, 97, 126
349741.6.peg.1460.site.47, 32, 97, 129
349741.6.peg.1460.site.48, 1, 97, 98
349741.6.peg.1460.site.49, 1, 97, 98
349741.6.peg.1460.site.50, 48, 96, 144
349741.6.peg.1460.site.51, 2, 96, 98
349741.6.peg.1460.site.52, 48, 96, 144
349741.6.peg.1460.site.53, 30, 96, 126
349741.6.peg.1460.site.54, 0, 96, 96
349741.6.peg.1460.site.55, 1, 97, 98
349741.6.peg.1460.site.56, 1, 95, 96
349741.6.peg.1460.site.57, 28, 89, 117
349741.6.peg.1460.site.58, 45, 91, 136
349741.6.peg.1460.site.59, 45, 95, 140
349741.6.peg.1460.site.60, 15, 97, 112
349741.6.peg.1460.site.61, 1, 97, 98
349741.6.peg.1460.site.62, 8, 96, 104
349741.6.peg.1460.site.63, 87, 94, 181
349741.6.peg.1460.site.64, 13, 91, 104
349741.6.peg.1460.site.65, 1, 94, 95
349741.6.peg.1460.site.66, 34, 95, 129
349741.6.peg.1460.site.67, 2, 96, 98
349741.6.peg.1460.site.68, 1, 96, 97
349741.6.peg.1460.site.69, 2, 96, 98
349741.6.peg.1460.site.70, 2, 95, 97
349741.6.peg.1460.site.71, 0, 95, 95
349741.6.peg.1460.site.72, 15, 96, 111
349741.6.peg.1460.site.73, 84, 91, 175
349741.6.peg.1460.site.74, 42, 87, 129
349741.6.peg.1460.site.75, 44, 91, 135
349741.6.peg.1460.site.76, 30, 92, 122
349741.6.peg.1460.site.77, 0, 94, 94
349741.6.peg.1460.site.78, 2, 92, 94
349741.6.peg.1460.site.79, 85, 86, 171
349741.6.peg.1460.site.80, 1, 85, 86
349741.6.peg.1460.site.81, 88, 89, 177
349741.6.peg.1460.site.82, 2, 93, 95
349741.6.peg.1460.site.83, 3, 95, 98
349741.6.peg.1460.site.84, 1, 95, 96
349741.6.peg.1460.site.85, 34, 95, 129
349741.6.peg.1460.site.86, 8, 96, 104
349741.6.peg.1460.site.87, 3, 96, 99
349741.6.peg.1460.site.88, 95, 96, 191
349741.6.peg.1460.site.89, 6, 95, 101
349741.6.peg.1461.site.1, 36, 92, 128
349741.6.peg.1461.site.2, 9, 87, 96
349741.6.peg.1461.site.3, 63, 64, 127
349741.6.peg.1461.site.4, 1, 95, 96
349741.6.peg.1461.site.5, 0, 96, 96
349741.6.peg.1461.site.6, 38, 96, 134
349741.6.peg.1461.site.7, 5, 95, 100
349741.6.peg.1461.site.8, 1, 95, 96
349741.6.peg.1461.site.9, 0, 95, 95
349741.6.peg.1461.site.10, 83, 95, 178
349741.6.peg.1461.site.11, 93, 94, 187
349741.6.peg.1461.site.12, 1, 96, 97
349741.6.peg.1461.site.13, 9, 96, 105
349741.6.peg.1461.site.14, 10, 96, 106
349741.6.peg.1461.site.15, 2, 96, 98
349741.6.peg.1461.site.16, 1, 94, 95
349741.6.peg.1462.site.1, 48, 96, 144
349741.6.peg.1462.site.2, 14, 96, 110
349741.6.peg.1462.site.3, 2, 96, 98
349741.6.peg.1462.site.4, 35, 96, 131
349741.6.peg.1462.site.5, 93, 94, 187
349741.6.peg.1462.site.6, 2, 91, 93
349741.6.peg.1462.site.7, 28, 88, 116
349741.6.peg.1462.site.8, 29, 79, 108
349741.6.peg.1462.site.9, 11, 70, 81
349741.6.peg.1462.site.10, 23, 82, 105
349741.6.peg.1462.site.11, 0, 96, 96
349741.6.peg.1462.site.12, 2, 96, 98
349741.6.peg.1462.site.13, 1, 96, 97
349741.6.peg.1462.site.14, 2, 95, 97
349741.6.peg.1462.site.15, 1, 96, 97
349741.6.peg.1462.site.16, 5, 96, 101
349741.6.peg.1462.site.17, 36, 96, 132
349741.6.peg.1462.site.18, 1, 95, 96
349741.6.peg.1462.site.19, 1, 95, 96
349741.6.peg.1462.site.20, 1, 95, 96
349741.6.peg.1462.site.21, 1, 95, 96
349741.6.peg.1462.site.22, 3, 96, 99
349741.6.peg.1462.site.23, 38, 94, 132
349741.6.peg.1462.site.24, 38, 93, 131
349741.6.peg.1462.site.25, 47, 95, 142
349741.6.peg.1462.site.26, 44, 93, 137
349741.6.peg.1462.site.27, 9, 94, 103
349741.6.peg.1462.site.28, 48, 96, 144
349741.6.peg.1462.site.29, 1, 96, 97
349741.6.peg.1462.site.30, 39, 95, 134
349741.6.peg.1462.site.31, 9, 78, 87
349741.6.peg.1462.site.32, 23, 72, 95
349741.6.peg.1462.site.33, 4, 75, 79
349741.6.peg.1462.site.34, 3, 73, 76
349741.6.peg.1462.site.35, 8, 54, 62
349741.6.peg.1462.site.36, 1, 55, 56
349741.6.peg.1462.site.37, 5, 57, 62
349741.6.peg.1462.site.38, 8, 64, 72
349741.6.peg.1462.site.39, 25, 72, 97
349741.6.peg.1462.site.40, 1, 92, 93
349741.6.peg.1462.site.41, 19, 79, 98
349741.6.peg.1463.site.1, 0, 50, 50
349741.6.peg.1463.site.2, 30, 52, 82
349741.6.peg.1463.site.3, 3, 52, 55
349741.6.peg.1463.site.4, 36, 52, 88
349741.6.peg.1463.site.5, 45, 57, 102
349741.6.peg.1463.site.6, 0, 63, 63
349741.6.peg.1463.site.7, 46, 69, 115
349741.6.peg.1463.site.8, 15, 74, 89
349741.6.peg.1463.site.9, 38, 76, 114
349741.6.peg.1463.site.10, 72, 73, 145
349741.6.peg.1463.site.11, 49, 69, 118
349741.6.peg.1463.site.12, 3, 73, 76
349741.6.peg.1463.site.13, 62, 83, 145
349741.6.peg.1463.site.14, 64, 85, 149
349741.6.peg.1463.site.15, 2, 93, 95
349741.6.peg.1463.site.16, 72, 94, 166
349741.6.peg.1463.site.17, 2, 97, 99
349741.6.peg.1463.site.18, 17, 96, 113
349741.6.peg.1463.site.19, 1, 97, 98
349741.6.peg.1463.site.20, 33, 97, 130
349741.6.peg.1463.site.21, 12, 97, 109
349741.6.peg.1463.site.22, 18, 97, 115
349741.6.peg.1463.site.23, 16, 96, 112
349741.6.peg.1463.site.24, 59, 97, 156
349741.6.peg.1463.site.25, 17, 97, 114
349741.6.peg.1463.site.26, 74, 95, 169
349741.6.peg.1463.site.27, 15, 91, 106
349741.6.peg.1463.site.28, 1, 90, 91
349741.6.peg.1463.site.29, 1, 89, 90
349741.6.peg.1463.site.30, 16, 97, 113
349741.6.peg.1463.site.31, 17, 97, 114
349741.6.peg.1463.site.32, 16, 97, 113
349741.6.peg.1463.site.33, 2, 97, 99
349741.6.peg.1463.site.34, 1, 97, 98
349741.6.peg.1463.site.35, 5, 97, 102
349741.6.peg.1463.site.36, 27, 97, 124
349741.6.peg.1463.site.37, 32, 97, 129
349741.6.peg.1463.site.38, 53, 97, 150
349741.6.peg.1463.site.39, 54, 97, 151
349741.6.peg.1463.site.40, 27, 97, 124
349741.6.peg.1463.site.41, 28, 97, 125
349741.6.peg.1463.site.42, 16, 97, 113
349741.6.peg.1463.site.43, 2, 97, 99
349741.6.peg.1463.site.44, 25, 96, 121
349741.6.peg.1463.site.45, 46, 97, 143
349741.6.peg.1463.site.46, 25, 97, 122
349741.6.peg.1463.site.47, 1, 96, 97
349741.6.peg.1463.site.48, 16, 95, 111
349741.6.peg.1463.site.49, 17, 97, 114
349741.6.peg.1463.site.50, 2, 95, 97
349741.6.peg.1463.site.51, 24, 96, 120
349741.6.peg.1463.site.52, 72, 96, 168
349741.6.peg.1463.site.53, 24, 96, 120
349741.6.peg.1463.site.54, 30, 97, 127
349741.6.peg.1463.site.55, 6, 97, 103
349741.6.peg.1463.site.56, 16, 97, 113
349741.6.peg.1463.site.57, 16, 96, 112
349741.6.peg.1463.site.58, 48, 97, 145
349741.6.peg.1463.site.59, 8, 97, 105
349741.6.peg.1463.site.60, 10, 91, 101
349741.6.peg.1463.site.61, 4, 84, 88
349741.6.peg.1463.site.62, 1, 81, 82
349741.6.peg.1463.site.63, 18, 82, 100
349741.6.peg.1463.site.64, 9, 80, 89
349741.6.peg.1463.site.65, 2, 78, 80
349741.6.peg.1463.site.66, 16, 80, 96
349741.6.peg.1463.site.67, 1, 79, 80
349741.6.peg.1463.site.68, 2, 81, 83
349741.6.peg.1463.site.69, 12, 93, 105
349741.6.peg.1463.site.70, 13, 94, 107
349741.6.peg.1463.site.71, 80, 94, 174
349741.6.peg.1463.site.72, 12, 96, 108
349741.6.peg.1463.site.73, 1, 96, 97
349741.6.peg.1463.site.74, 94, 95, 189
349741.6.peg.1463.site.75, 1, 96, 97
349741.6.peg.1463.site.76, 12, 89, 101
349741.6.peg.1463.site.77, 1, 88, 89
349741.6.peg.1463.site.78, 12, 84, 96
349741.6.peg.1463.site.79, 12, 87, 99
349741.6.peg.1463.site.80, 10, 88, 98
349741.6.peg.1463.site.81, 14, 88, 102
349741.6.peg.1463.site.82, 10, 89, 99
349741.6.peg.1463.site.83, 5, 55, 60
349741.6.peg.1463.site.84, 16, 70, 86
349741.6.peg.1463.site.85, 6, 71, 77
349741.6.peg.1463.site.86, 6, 73, 79
349741.6.peg.1463.site.87, 7, 72, 79
349741.6.peg.1463.site.88, 10, 75, 85
349741.6.peg.1463.site.89, 52, 76, 128
349741.6.peg.1463.site.90, 16, 81, 97
349741.6.peg.1463.site.91, 5, 85, 90
349741.6.peg.1463.site.92, 6, 87, 93
349741.6.peg.1463.site.93, 8, 91, 99
349741.6.peg.1463.site.94, 3, 93, 96
349741.6.peg.1463.site.95, 45, 94, 139
349741.6.peg.1463.site.96, 12, 93, 105
349741.6.peg.1463.site.97, 13, 93, 106
349741.6.peg.1463.site.98, 5, 97, 102
349741.6.peg.1463.site.99, 12, 97, 109
349741.6.peg.1463.site.100, 16, 97, 113
349741.6.peg.1463.site.101, 16, 96, 112
349741.6.peg.1463.site.102, 66, 97, 163
349741.6.peg.1463.site.103, 97, 97, 194
349741.6.peg.1463.site.104, 8, 97, 105
349741.6.peg.1463.site.105, 84, 84, 168
349741.6.peg.1463.site.106, 1, 51, 52
349741.6.peg.1463.site.107, 2, 18, 20
349741.6.peg.1463.site.108, 39, 83, 122
349741.6.peg.1463.site.109, 75, 91, 166
349741.6.peg.1463.site.110, 2, 94, 96
349741.6.peg.1463.site.111, 61, 93, 154
349741.6.peg.1463.site.112, 17, 97, 114
349741.6.peg.1463.site.113, 17, 97, 114
349741.6.peg.1463.site.114, 14, 97, 111
349741.6.peg.1463.site.115, 16, 97, 113
349741.6.peg.1463.site.116, 7, 97, 104
349741.6.peg.1463.site.117, 16, 97, 113
349741.6.peg.1463.site.118, 3, 97, 100
349741.6.peg.1463.site.119, 96, 97, 193
349741.6.peg.1463.site.120, 1, 97, 98
349741.6.peg.1463.site.121, 45, 97, 142
349741.6.peg.1463.site.122, 27, 97, 124
349741.6.peg.1463.site.123, 41, 95, 136
349741.6.peg.1463.site.124, 72, 95, 167
349741.6.peg.1463.site.125, 97, 97, 194
349741.6.peg.1463.site.126, 93, 96, 189
349741.6.peg.1463.site.127, 1, 97, 98
349741.6.peg.1463.site.128, 1, 97, 98
349741.6.peg.1463.site.129, 53, 96, 149
349741.6.peg.1463.site.130, 38, 96, 134
349741.6.peg.1463.site.131, 53, 96, 149
349741.6.peg.1463.site.132, 30, 89, 119
349741.6.peg.1463.site.133, 5, 81, 86
349741.6.peg.1463.site.134, 2, 83, 85
349741.6.peg.1463.site.135, 52, 95, 147
349741.6.peg.1463.site.136, 96, 96, 192
349741.6.peg.1463.site.137, 1, 97, 98
349741.6.peg.1463.site.138, 34, 96, 130
349741.6.peg.1464.site.1, 63, 75, 138
349741.6.peg.1464.site.2, 8, 65, 73
349741.6.peg.1464.site.3, 16, 57, 73
349741.6.peg.1464.site.4, 46, 60, 106
349741.6.peg.1464.site.5, 14, 72, 86
349741.6.peg.1464.site.6, 32, 91, 123
349741.6.peg.1464.site.7, 1, 92, 93
349741.6.peg.1464.site.8, 1, 95, 96
349741.6.peg.1464.site.9, 61, 77, 138
349741.6.peg.1464.site.10, 30, 62, 92
349741.6.peg.1464.site.11, 27, 59, 86
349741.6.peg.1464.site.12, 54, 54, 108
349741.6.peg.1464.site.13, 3, 52, 55
349741.6.peg.1464.site.14, 9, 28, 37
349741.6.peg.1464.site.15, 9, 57, 66
349741.6.peg.1464.site.16, 15, 67, 82
349741.6.peg.1464.site.17, 16, 66, 82
349741.6.peg.1464.site.18, 2, 76, 78
349741.6.peg.1464.site.19, 24, 82, 106
349741.6.peg.1464.site.20, 29, 96, 125
349741.6.peg.1464.site.21, 39, 94, 133
349741.6.peg.1464.site.22, 1, 86, 87
349741.6.peg.1464.site.23, 1, 94, 95
349741.6.peg.1464.site.24, 29, 96, 125
349741.6.peg.1464.site.25, 31, 95, 126
349741.6.peg.1464.site.26, 15, 95, 110
349741.6.peg.1464.site.27, 64, 96, 160
349741.6.peg.1464.site.28, 37, 96, 133
349741.6.peg.1464.site.29, 36, 96, 132
349741.6.peg.1464.site.30, 2, 96, 98
349741.6.peg.1464.site.31, 85, 94, 179
349741.6.peg.1464.site.32, 1, 93, 94
349741.6.peg.1464.site.33, 0, 94, 94
349741.6.peg.1464.site.34, 1, 97, 98
349741.6.peg.1464.site.35, 16, 96, 112
349741.6.peg.1464.site.36, 3, 96, 99
349741.6.peg.1464.site.37, 4, 97, 101
349741.6.peg.1464.site.38, 15, 95, 110
349741.6.peg.1464.site.39, 92, 93, 185
349741.6.peg.1464.site.40, 5, 95, 100
349741.6.peg.1464.site.41, 17, 90, 107
349741.6.peg.1464.site.42, 30, 93, 123
349741.6.peg.1464.site.43, 1, 95, 96
349741.6.peg.1464.site.44, 12, 94, 106
349741.6.peg.1464.site.45, 80, 96, 176
349741.6.peg.1464.site.46, 95, 95, 190
349741.6.peg.1464.site.47, 80, 96, 176
349741.6.peg.1464.site.48, 2, 92, 94
349741.6.peg.1464.site.49, 15, 90, 105
349741.6.peg.1464.site.50, 45, 91, 136
349741.6.peg.1464.site.51, 44, 90, 134
349741.6.peg.1464.site.52, 49, 96, 145
349741.6.peg.1464.site.53, 32, 96, 128
349741.6.peg.1464.site.54, 14, 94, 108
349741.6.peg.1464.site.55, 18, 93, 111
349741.6.peg.1464.site.56, 53, 95, 148
349741.6.peg.1464.site.57, 53, 95, 148
349741.6.peg.1464.site.58, 27, 95, 122
349741.6.peg.1464.site.59, 2, 96, 98
349741.6.peg.1464.site.60, 16, 97, 113
349741.6.peg.1464.site.61, 2, 97, 99
349741.6.peg.1464.site.62, 51, 97, 148
349741.6.peg.1464.site.63, 4, 97, 101
349741.6.peg.1464.site.64, 16, 96, 112
349741.6.peg.1464.site.65, 7, 97, 104
349741.6.peg.1464.site.66, 81, 97, 178
349741.6.peg.1465.site.1, 4, 91, 95
349741.6.peg.1465.site.2, 17, 93, 110
349741.6.peg.1465.site.3, 80, 96, 176
349741.6.peg.1465.site.4, 41, 73, 114
349741.6.peg.1465.site.5, 2, 55, 57
349741.6.peg.1465.site.6, 17, 33, 50
349741.6.peg.1465.site.7, 23, 33, 56
349741.6.peg.1465.site.8, 3, 25, 28
349741.6.peg.1465.site.9, 6, 38, 44
349741.6.peg.1465.site.10, 6, 38, 44
349741.6.peg.1465.site.11, 26, 52, 78
349741.6.peg.1465.site.12, 1, 88, 89
349741.6.peg.1465.site.13, 37, 92, 129
349741.6.peg.1465.site.14, 15, 97, 112
349741.6.peg.1465.site.15, 20, 97, 117
349741.6.peg.1465.site.16, 60, 96, 156
349741.6.peg.1465.site.17, 59, 96, 155
349741.6.peg.1465.site.18, 9, 97, 106
349741.6.peg.1465.site.19, 30, 96, 126
349741.6.peg.1465.site.20, 32, 96, 128
349741.6.peg.1465.site.21, 31, 96, 127
349741.6.peg.1465.site.22, 51, 97, 148
349741.6.peg.1465.site.23, 51, 97, 148
349741.6.peg.1465.site.24, 20, 96, 116
349741.6.peg.1465.site.25, 30, 97, 127
349741.6.peg.1465.site.26, 1, 95, 96
349741.6.peg.1465.site.27, 17, 94, 111
349741.6.peg.1465.site.28, 57, 94, 151
349741.6.peg.1465.site.29, 44, 95, 139
349741.6.peg.1465.site.30, 30, 96, 126
349741.6.peg.1465.site.31, 83, 96, 179
349741.6.peg.1465.site.32, 3, 95, 98
349741.6.peg.1465.site.33, 29, 81, 110
349741.6.peg.1465.site.34, 28, 72, 100
349741.6.peg.1465.site.35, 35, 51, 86
349741.6.peg.1465.site.36, 27, 43, 70
349741.6.peg.1466.site.1, 40, 86, 126
349741.6.peg.1466.site.2, 30, 87, 117
349741.6.peg.1466.site.3, 74, 74, 148
349741.6.peg.1466.site.4, 55, 71, 126
349741.6.peg.1466.site.5, 29, 75, 104
349741.6.peg.1466.site.6, 34, 80, 114
349741.6.peg.1466.site.7, 1, 80, 81
349741.6.peg.1466.site.8, 75, 91, 166
349741.6.peg.1466.site.9, 30, 96, 126
349741.6.peg.1466.site.10, 63, 96, 159
349741.6.peg.1466.site.11, 2, 91, 93
349741.6.peg.1466.site.12, 15, 46, 61
349741.6.peg.260.site.1, 29, 60, 89
349741.6.peg.260.site.2, 34, 52, 86
349741.6.peg.260.site.3, 25, 64, 89
349741.6.peg.260.site.4, 48, 66, 114
349741.6.peg.260.site.5, 1, 31, 32
349741.6.peg.260.site.6, 9, 27, 36
349741.6.peg.260.site.7, 6, 24, 30
349741.6.peg.260.site.8, 2, 32, 34
349741.6.peg.260.site.9, 1, 32, 33
349741.6.peg.260.site.10, 3, 34, 37
349741.6.peg.260.site.11, 1, 43, 44
349741.6.peg.260.site.12, 43, 86, 129
349741.6.peg.260.site.13, 1, 95, 96
349741.6.peg.260.site.14, 77, 95, 172
349741.6.peg.260.site.15, 78, 96, 174
349741.6.peg.260.site.16, 75, 93, 168
349741.6.peg.260.site.17, 1, 91, 92
349741.6.peg.260.site.18, 16, 81, 97
349741.6.peg.261.site.1, 79, 97, 176
349741.6.peg.261.site.2, 73, 91, 164
349741.6.peg.261.site.3, 77, 95, 172
349741.6.peg.261.site.4, 71, 88, 159
349741.6.peg.261.site.5, 26, 88, 114
349741.6.peg.261.site.6, 49, 67, 116
349741.6.peg.261.site.7, 43, 61, 104
349741.6.peg.261.site.8, 2, 89, 91
349741.6.peg.261.site.9, 73, 91, 164
349741.6.peg.261.site.10, 67, 85, 152
349741.6.peg.261.site.11, 80, 80, 160
349741.6.peg.261.site.12, 40, 58, 98
349741.6.peg.261.site.13, 2, 67, 69
349741.6.peg.261.site.14, 77, 77, 154
349741.6.peg.261.site.15, 68, 85, 153
349741.6.peg.261.site.16, 69, 85, 154
349741.6.peg.261.site.17, 24, 95, 119
349741.6.peg.261.site.18, 45, 96, 141
349741.6.peg.261.site.19, 46, 97, 143
349741.6.peg.261.site.20, 79, 97, 176
349741.6.peg.261.site.21, 10, 97, 107
349741.6.peg.261.site.22, 1, 96, 97
349741.6.peg.261.site.23, 78, 96, 174
349741.6.peg.261.site.24, 51, 92, 143
349741.6.peg.261.site.25, 2, 72, 74
349741.6.peg.261.site.26, 1, 68, 69
349741.6.peg.261.site.27, 2, 76, 78
349741.6.peg.261.site.28, 18, 92, 110
349741.6.peg.261.site.29, 55, 91, 146
349741.6.peg.261.site.30, 15, 84, 99
349741.6.peg.262.site.1, 32, 50, 82
349741.6.peg.262.site.2, 21, 39, 60
349741.6.peg.262.site.3, 19, 37, 56
349741.6.peg.262.site.4, 2, 39, 41
349741.6.peg.262.site.5, 9, 39, 48
349741.6.peg.262.site.6, 10, 40, 50
349741.6.peg.262.site.7, 65, 95, 160
349741.6.peg.262.site.8, 65, 95, 160
349741.6.peg.262.site.9, 1, 97, 98
349741.6.peg.262.site.10, 59, 97, 156
349741.6.peg.262.site.11, 8, 97, 105
349741.6.peg.262.site.12, 59, 97, 156
349741.6.peg.262.site.13, 0, 97, 97
349741.6.peg.262.site.14, 2, 95, 97
349741.6.peg.262.site.15, 25, 63, 88
349741.6.peg.262.site.16, 19, 56, 75
349741.6.peg.262.site.17, 14, 52, 66
349741.6.peg.262.site.18, 3, 49, 52
349741.6.peg.262.site.19, 8, 46, 54
349741.6.peg.263.site.1, 36, 82, 118
349741.6.peg.263.site.2, 65, 95, 160
349741.6.peg.263.site.3, 0, 97, 97
349741.6.peg.263.site.4, 59, 97, 156
349741.6.peg.263.site.5, 59, 97, 156
349741.6.peg.263.site.6, 3, 97, 100
349741.6.peg.263.site.7, 55, 93, 148
349741.6.peg.263.site.8, 53, 91, 144
349741.6.peg.263.site.9, 55, 93, 148
349741.6.peg.263.site.10, 95, 96, 191
349741.6.peg.263.site.11, 96, 97, 193
349741.6.peg.263.site.12, 1, 97, 98
349741.6.peg.263.site.13, 36, 95, 131
349741.6.peg.263.site.14, 55, 93, 148
349741.6.peg.263.site.15, 8, 97, 105
349741.6.peg.263.site.16, 58, 96, 154
349741.6.peg.263.site.17, 2, 97, 99
349741.6.peg.263.site.18, 32, 97, 129
349741.6.peg.263.site.19, 58, 97, 155
349741.6.peg.263.site.20, 0, 96, 96
349741.6.peg.263.site.21, 35, 95, 130
349741.6.peg.263.site.22, 49, 87, 136
349741.6.peg.263.site.23, 66, 69, 135
349741.6.peg.263.site.24, 38, 76, 114
349741.6.peg.263.site.25, 3, 97, 100
349741.6.peg.263.site.26, 3, 97, 100
349741.6.peg.263.site.27, 89, 97, 186
349741.6.peg.263.site.28, 2, 97, 99
349741.6.peg.263.site.29, 1, 96, 97
349741.6.peg.263.site.30, 59, 97, 156
349741.6.peg.263.site.31, 59, 96, 155
349741.6.peg.263.site.32, 1, 97, 98
349741.6.peg.263.site.33, 59, 97, 156
349741.6.peg.263.site.34, 2, 97, 99
349741.6.peg.263.site.35, 47, 84, 131
349741.6.peg.263.site.36, 1, 77, 78
349741.6.peg.263.site.37, 7, 37, 44
349741.6.peg.263.site.38, 8, 37, 45
349741.6.peg.264.site.1, 1, 48, 49
349741.6.peg.264.site.2, 1, 38, 39
349741.6.peg.264.site.3, 4, 42, 46
349741.6.peg.264.site.4, 11, 49, 60
349741.6.peg.264.site.5, 59, 97, 156
349741.6.peg.264.site.6, 0, 97, 97
349741.6.peg.264.site.7, 60, 95, 155
349741.6.peg.264.site.8, 59, 97, 156
349741.6.peg.264.site.9, 58, 96, 154
349741.6.peg.264.site.10, 2, 96, 98
349741.6.peg.264.site.11, 1, 95, 96
349741.6.peg.264.site.12, 59, 97, 156
349741.6.peg.264.site.13, 9, 97, 106
349741.6.peg.264.site.14, 4, 96, 100
349741.6.peg.264.site.15, 28, 96, 124
349741.6.peg.264.site.16, 32, 70, 102
349741.6.peg.264.site.17, 14, 52, 66
349741.6.peg.264.site.18, 1, 38, 39
349741.6.peg.264.site.19, 37, 71, 108
349741.6.peg.264.site.20, 60, 84, 144
349741.6.peg.264.site.21, 53, 87, 140
349741.6.peg.264.site.22, 1, 92, 93
349741.6.peg.264.site.23, 9, 91, 100
349741.6.peg.264.site.24, 62, 90, 152
349741.6.peg.264.site.25, 84, 88, 172
349741.6.peg.264.site.26, 1, 92, 93
349741.6.peg.264.site.27, 1, 92, 93
349741.6.peg.264.site.28, 1, 92, 93
349741.6.peg.264.site.29, 4, 86, 90
349741.6.peg.264.site.30, 8, 82, 90
349741.6.peg.264.site.31, 2, 96, 98
349741.6.peg.264.site.32, 6, 97, 103
349741.6.peg.264.site.33, 1, 93, 94
349741.6.peg.264.site.34, 9, 94, 103
349741.6.peg.264.site.35, 14, 92, 106
349741.6.peg.264.site.36, 2, 95, 97
349741.6.peg.264.site.37, 20, 97, 117
349741.6.peg.264.site.38, 1, 97, 98
349741.6.peg.264.site.39, 97, 97, 194
349741.6.peg.264.site.40, 10, 97, 107
349741.6.peg.264.site.41, 17, 97, 114
349741.6.peg.264.site.42, 10, 97, 107
349741.6.peg.264.site.43, 13, 94, 107
349741.6.peg.264.site.44, 13, 95, 108
349741.6.peg.264.site.45, 2, 95, 97
349741.6.peg.264.site.46, 8, 95, 103
349741.6.peg.264.site.47, 4, 86, 90
349741.6.peg.264.site.48, 2, 87, 89
349741.6.peg.264.site.49, 1, 90, 91
349741.6.peg.264.site.50, 31, 97, 128
349741.6.peg.264.site.51, 0, 97, 97
349741.6.peg.264.site.52, 22, 95, 117
349741.6.peg.264.site.53, 1, 95, 96
349741.6.peg.266.site.1, 23, 91, 114
349741.6.peg.266.site.2, 4, 91, 95
349741.6.peg.266.site.3, 2, 93, 95
349741.6.peg.266.site.4, 2, 95, 97
349741.6.peg.266.site.5, 6, 97, 103
349741.6.peg.266.site.6, 0, 93, 93
349741.6.peg.266.site.7, 2, 93, 95
349741.6.peg.266.site.8, 2, 96, 98
349741.6.peg.266.site.9, 1, 96, 97
349741.6.peg.266.site.10, 4, 96, 100
349741.6.peg.266.site.11, 2, 97, 99
349741.6.peg.266.site.12, 7, 97, 104
349741.6.peg.266.site.13, 3, 97, 100
349741.6.peg.266.site.14, 33, 97, 130
349741.6.peg.266.site.15, 2, 97, 99
349741.6.peg.266.site.16, 2, 97, 99
349741.6.peg.266.site.17, 3, 96, 99
349741.6.peg.266.site.18, 18, 96, 114
349741.6.peg.266.site.19, 0, 97, 97
349741.6.peg.266.site.20, 17, 97, 114
349741.6.peg.266.site.21, 2, 97, 99
349741.6.peg.266.site.22, 2, 97, 99
349741.6.peg.266.site.23, 37, 94, 131
349741.6.peg.266.site.24, 23, 88, 111
349741.6.peg.266.site.25, 2, 92, 94
349741.6.peg.266.site.26, 2, 93, 95
349741.6.peg.266.site.27, 8, 94, 102
349741.6.peg.266.site.28, 0, 97, 97
349741.6.peg.267.site.1, 0, 95, 95
349741.6.peg.267.site.2, 2, 95, 97
349741.6.peg.267.site.3, 4, 95, 99
349741.6.peg.267.site.4, 1, 96, 97
349741.6.peg.267.site.5, 1, 95, 96
349741.6.peg.267.site.6, 1, 96, 97
349741.6.peg.267.site.7, 4, 96, 100
349741.6.peg.267.site.8, 2, 97, 99
349741.6.peg.267.site.9, 12, 97, 109
349741.6.peg.267.site.10, 2, 97, 99
349741.6.peg.267.site.11, 4, 97, 101
349741.6.peg.267.site.12, 1, 97, 98
349741.6.peg.267.site.13, 1, 97, 98
349741.6.peg.267.site.14, 1, 97, 98
349741.6.peg.267.site.15, 1, 97, 98
349741.6.peg.267.site.16, 10, 97, 107
349741.6.peg.267.site.17, 0, 97, 97
349741.6.peg.267.site.18, 5, 96, 101
349741.6.peg.267.site.19, 49, 97, 146
349741.6.peg.267.site.20, 26, 97, 123
349741.6.peg.267.site.21, 7, 97, 104
349741.6.peg.664.site.1, 46, 97, 143
349741.6.peg.664.site.2, 2, 96, 98
349741.6.peg.664.site.3, 3, 96, 99
349741.6.peg.664.site.4, 7, 97, 104
349741.6.peg.664.site.5, 84, 97, 181
349741.6.peg.664.site.6, 0, 96, 96
349741.6.peg.664.site.7, 15, 97, 112
349741.6.peg.664.site.8, 15, 97, 112
349741.6.peg.664.site.9, 14, 96, 110
349741.6.peg.664.site.10, 60, 96, 156
349741.6.peg.664.site.11, 64, 93, 157
349741.6.peg.664.site.12, 49, 88, 137
349741.6.peg.664.site.13, 54, 79, 133
349741.6.peg.664.site.14, 4, 84, 88
349741.6.peg.664.site.15, 0, 92, 92
349741.6.peg.664.site.16, 6, 96, 102
349741.6.peg.664.site.17, 6, 96, 102
349741.6.peg.664.site.18, 41, 96, 137
349741.6.peg.664.site.19, 26, 97, 123
349741.6.peg.664.site.20, 1, 97, 98
349741.6.peg.664.site.21, 97, 97, 194
349741.6.peg.664.site.22, 74, 95, 169
349741.6.peg.667.site.1, 8, 97, 105
349741.6.peg.667.site.2, 75, 97, 172
349741.6.peg.667.site.3, 40, 97, 137
349741.6.peg.667.site.4, 2, 97, 99
349741.6.peg.667.site.5, 75, 97, 172
349741.6.peg.667.site.6, 75, 96, 171
349741.6.peg.667.site.7, 64, 96, 160
349741.6.peg.667.site.8, 5, 97, 102
349741.6.peg.667.site.9, 14, 95, 109
349741.6.peg.667.site.10, 1, 97, 98
349741.6.peg.667.site.11, 77, 97, 174
349741.6.peg.667.site.12, 85, 97, 182
349741.6.peg.667.site.13, 14, 97, 111
349741.6.peg.667.site.14, 14, 97, 111
349741.6.peg.667.site.15, 0, 97, 97
349741.6.peg.667.site.16, 2, 97, 99
349741.6.peg.667.site.17, 76, 97, 173
349741.6.peg.667.site.18, 1, 92, 93
349741.6.peg.667.site.19, 61, 82, 143
349741.6.peg.667.site.20, 1, 64, 65
349741.6.peg.667.site.21, 1, 95, 96
349741.6.peg.667.site.22, 6, 95, 101
349741.6.peg.667.site.23, 5, 97, 102
349741.6.peg.667.site.24, 86, 97, 183
349741.6.peg.667.site.25, 51, 97, 148
349741.6.peg.667.site.26, 19, 96, 115
349741.6.peg.667.site.27, 8, 97, 105
349741.6.peg.667.site.28, 7, 97, 104
349741.6.peg.667.site.29, 76, 97, 173
349741.6.peg.667.site.30, 9, 97, 106
349741.6.peg.667.site.31, 2, 96, 98
349741.6.peg.667.site.32, 76, 97, 173
349741.6.peg.667.site.33, 76, 97, 173
349741.6.peg.667.site.34, 9, 97, 106
349741.6.peg.667.site.35, 33, 97, 130
349741.6.peg.667.site.36, 5, 97, 102
349741.6.peg.661.site.1, 7, 82, 89
349741.6.peg.661.site.2, 44, 75, 119
349741.6.peg.661.site.3, 42, 73, 115
349741.6.peg.661.site.4, 7, 80, 87
349741.6.peg.661.site.5, 8, 90, 98
349741.6.peg.661.site.6, 14, 91, 105
349741.6.peg.661.site.7, 60, 90, 150
349741.6.peg.661.site.8, 0, 94, 94
349741.6.peg.661.site.9, 7, 95, 102
349741.6.peg.661.site.10, 36, 94, 130
349741.6.peg.661.site.11, 70, 96, 166
349741.6.peg.661.site.12, 73, 97, 170
349741.6.peg.661.site.13, 7, 97, 104
349741.6.peg.661.site.14, 2, 97, 99
349741.6.peg.661.site.15, 5, 96, 101
349741.6.peg.661.site.16, 1, 91, 92
349741.6.peg.661.site.17, 1, 81, 82
349741.6.peg.661.site.18, 72, 84, 156
349741.6.peg.661.site.19, 73, 92, 165
349741.6.peg.661.site.20, 3, 97, 100
349741.6.peg.661.site.21, 2, 97, 99
349741.6.peg.661.site.22, 3, 97, 100
349741.6.peg.661.site.23, 2, 97, 99
349741.6.peg.661.site.24, 11, 97, 108
349741.6.peg.661.site.25, 0, 97, 97
349741.6.peg.661.site.26, 3, 97, 100
349741.6.peg.661.site.27, 0, 97, 97
349741.6.peg.661.site.28, 0, 97, 97
349741.6.peg.661.site.29, 90, 97, 187
349741.6.peg.661.site.30, 1, 97, 98
349741.6.peg.661.site.31, 7, 97, 104
349741.6.peg.661.site.32, 2, 97, 99
349741.6.peg.661.site.33, 45, 97, 142
349741.6.peg.661.site.34, 5, 97, 102
349741.6.peg.661.site.35, 37, 97, 134
349741.6.peg.661.site.36, 0, 97, 97
349741.6.peg.662.site.1, 73, 97, 170
349741.6.peg.662.site.2, 0, 97, 97
349741.6.peg.662.site.3, 11, 97, 108
349741.6.peg.662.site.4, 7, 97, 104
349741.6.peg.662.site.5, 7, 97, 104
349741.6.peg.662.site.6, 65, 97, 162
349741.6.peg.662.site.7, 13, 97, 110
349741.6.peg.662.site.8, 13, 97, 110
349741.6.peg.662.site.9, 75, 97, 172
349741.6.peg.662.site.10, 1, 97, 98
349741.6.peg.1796.site.1, 9, 97, 106
349741.6.peg.1796.site.2, 2, 97, 99
349741.6.peg.1796.site.3, 97, 97, 194
349741.6.peg.1796.site.4, 5, 97, 102
349741.6.peg.1796.site.5, 27, 96, 123
349741.6.peg.1796.site.6, 2, 96, 98
349741.6.peg.1796.site.7, 79, 95, 174
349741.6.peg.1796.site.8, 80, 96, 176
349741.6.peg.1796.site.9, 78, 94, 172
349741.6.peg.1797.site.1, 47, 97, 144
349741.6.peg.1797.site.2, 5, 97, 102
349741.6.peg.1797.site.3, 9, 97, 106
349741.6.peg.1797.site.4, 2, 97, 99
349741.6.peg.1797.site.5, 8, 97, 105
349741.6.peg.1797.site.6, 88, 97, 185
349741.6.peg.1797.site.7, 9, 97, 106
349741.6.peg.1797.site.8, 9, 97, 106
349741.6.peg.1797.site.9, 2, 97, 99
349741.6.peg.1797.site.10, 18, 97, 115
349741.6.peg.1797.site.11, 65, 97, 162
349741.6.peg.1797.site.12, 64, 96, 160
349741.6.peg.1797.site.13, 97, 97, 194
349741.6.peg.1797.site.14, 1, 96, 97
349741.6.peg.1797.site.15, 1, 96, 97
349741.6.peg.1797.site.16, 8, 97, 105
349741.6.peg.1797.site.17, 2, 97, 99
349741.6.peg.1797.site.18, 3, 97, 100
349741.6.peg.1797.site.19, 2, 97, 99
349741.6.peg.1797.site.20, 4, 97, 101
349741.6.peg.1797.site.21, 79, 97, 176
349741.6.peg.1797.site.22, 10, 97, 107
349741.6.peg.1794.site.1, 7, 97, 104
349741.6.peg.1794.site.2, 7, 97, 104
349741.6.peg.1794.site.3, 0, 97, 97
349741.6.peg.1794.site.4, 63, 97, 160
349741.6.peg.1794.site.5, 62, 95, 157
349741.6.peg.1794.site.6, 62, 95, 157
349741.6.peg.1794.site.7, 38, 96, 134
349741.6.peg.1794.site.8, 3, 95, 98
349741.6.peg.1794.site.9, 26, 90, 116
349741.6.peg.1794.site.10, 83, 97, 180
349741.6.peg.1794.site.11, 97, 97, 194
349741.6.peg.1794.site.12, 80, 97, 177
349741.6.peg.1794.site.13, 17, 97, 114
349741.6.peg.1794.site.14, 63, 97, 160
349741.6.peg.1795.site.1, 2, 97, 99
349741.6.peg.1795.site.2, 80, 96, 176
349741.6.peg.1795.site.3, 80, 96, 176
349741.6.peg.1795.site.4, 45, 95, 140
349741.6.peg.1795.site.5, 89, 96, 185
349741.6.peg.1795.site.6, 79, 92, 171
349741.6.peg.1795.site.7, 0, 95, 95
349741.6.peg.1795.site.8, 2, 95, 97
349741.6.peg.1795.site.9, 2, 95, 97
349741.6.peg.1795.site.10, 1, 96, 97
349741.6.peg.408.site.1, 77, 97, 174
349741.6.peg.408.site.2, 96, 96, 192
349741.6.peg.408.site.3, 80, 94, 174
349741.6.peg.408.site.4, 2, 97, 99
349741.6.peg.408.site.5, 86, 97, 183
349741.6.peg.408.site.6, 8, 97, 105
349741.6.peg.408.site.7, 31, 97, 128
349741.6.peg.408.site.8, 2, 97, 99
349741.6.peg.408.site.9, 3, 95, 98
349741.6.peg.408.site.10, 92, 95, 187
349741.6.peg.408.site.11, 25, 96, 121
349741.6.peg.408.site.12, 2, 97, 99
349741.6.peg.408.site.13, 2, 97, 99
349741.6.peg.408.site.14, 8, 97, 105
349741.6.peg.408.site.15, 3, 97, 100
349741.6.peg.408.site.16, 94, 97, 191
349741.6.peg.408.site.17, 2, 97, 99
349741.6.peg.408.site.18, 22, 97, 119
349741.6.peg.408.site.19, 34, 97, 131
349741.6.peg.408.site.20, 55, 96, 151
349741.6.peg.408.site.21, 83, 97, 180
349741.6.peg.408.site.22, 9, 82, 91
349741.6.peg.408.site.23, 7, 77, 84
349741.6.peg.408.site.24, 56, 72, 128
349741.6.peg.408.site.25, 73, 87, 160
349741.6.peg.408.site.26, 64, 78, 142
349741.6.peg.408.site.27, 3, 83, 86
349741.6.peg.408.site.28, 78, 83, 161
349741.6.peg.408.site.29, 56, 58, 114
349741.6.peg.408.site.30, 9, 48, 57
349741.6.peg.408.site.31, 8, 65, 73
349741.6.peg.408.site.32, 25, 95, 120
349741.6.peg.408.site.33, 0, 11, 11
349741.6.peg.1793.site.1, 72, 97, 169
349741.6.peg.1793.site.2, 17, 97, 114
349741.6.peg.1790.site.1, 10, 54, 64
349741.6.peg.1790.site.2, 16, 60, 76
349741.6.peg.1790.site.3, 12, 88, 100
349741.6.peg.1790.site.4, 48, 92, 140
349741.6.peg.1790.site.5, 50, 92, 142
349741.6.peg.1790.site.6, 62, 94, 156
349741.6.peg.1790.site.7, 54, 97, 151
349741.6.peg.1790.site.8, 8, 97, 105
349741.6.peg.1790.site.9, 33, 97, 130
349741.6.peg.1790.site.10, 65, 97, 162
349741.6.peg.1790.site.11, 24, 97, 121
349741.6.peg.1790.site.12, 65, 97, 162
349741.6.peg.1790.site.13, 65, 97, 162
349741.6.peg.1791.site.1, 65, 97, 162
349741.6.peg.1791.site.2, 4, 97, 101
349741.6.peg.1791.site.3, 62, 97, 159
349741.6.peg.1791.site.4, 65, 97, 162
349741.6.peg.1791.site.5, 4, 97, 101
349741.6.peg.1791.site.6, 34, 97, 131
349741.6.peg.1791.site.7, 12, 97, 109
349741.6.peg.1791.site.8, 40, 97, 137
349741.6.peg.1791.site.9, 63, 94, 157
349741.6.peg.1791.site.10, 57, 97, 154
349741.6.peg.1791.site.11, 65, 97, 162
349741.6.peg.1791.site.12, 46, 78, 124
349741.6.peg.406.site.1, 91, 97, 188
349741.6.peg.406.site.2, 13, 96, 109
349741.6.peg.406.site.3, 90, 96, 186
349741.6.peg.406.site.4, 1, 96, 97
349741.6.peg.406.site.5, 78, 96, 174
349741.6.peg.406.site.6, 1, 96, 97
349741.6.peg.406.site.7, 82, 97, 179
349741.6.peg.406.site.8, 2, 97, 99
349741.6.peg.406.site.9, 2, 97, 99
349741.6.peg.406.site.10, 55, 96, 151
349741.6.peg.406.site.11, 2, 97, 99
349741.6.peg.406.site.12, 0, 97, 97
349741.6.peg.406.site.13, 17, 97, 114
349741.6.peg.406.site.14, 23, 97, 120
349741.6.peg.406.site.15, 2, 97, 99
349741.6.peg.406.site.16, 92, 97, 189
349741.6.peg.406.site.17, 77, 97, 174
349741.6.peg.406.site.18, 68, 97, 165
349741.6.peg.406.site.19, 97, 97, 194
349741.6.peg.406.site.20, 3, 97, 100
349741.6.peg.406.site.21, 21, 97, 118
349741.6.peg.406.site.22, 91, 97, 188
349741.6.peg.406.site.23, 12, 97, 109
349741.6.peg.406.site.24, 89, 97, 186
349741.6.peg.406.site.25, 92, 97, 189
349741.6.peg.406.site.26, 3, 97, 100
349741.6.peg.406.site.27, 8, 97, 105
349741.6.peg.406.site.28, 10, 97, 107
349741.6.peg.406.site.29, 8, 97, 105
349741.6.peg.406.site.30, 8, 97, 105
349741.6.peg.406.site.31, 8, 97, 105
349741.6.peg.406.site.32, 3, 97, 100
349741.6.peg.406.site.33, 2, 97, 99
349741.6.peg.406.site.34, 12, 96, 108
349741.6.peg.406.site.35, 3, 97, 100
349741.6.peg.406.site.36, 2, 97, 99
349741.6.peg.406.site.37, 40, 97, 137
349741.6.peg.406.site.38, 27, 97, 124
349741.6.peg.406.site.39, 26, 97, 123
349741.6.peg.406.site.40, 2, 97, 99
349741.6.peg.407.site.1, 56, 97, 153
349741.6.peg.407.site.2, 94, 97, 191
349741.6.peg.407.site.3, 9, 97, 106
349741.6.peg.407.site.4, 2, 96, 98
349741.6.peg.407.site.5, 2, 97, 99
349741.6.peg.407.site.6, 2, 97, 99
349741.6.peg.407.site.7, 2, 97, 99
349741.6.peg.407.site.8, 93, 96, 189
349741.6.peg.407.site.9, 8, 89, 97
349741.6.peg.407.site.10, 1, 89, 90
349741.6.peg.407.site.11, 58, 87, 145
349741.6.peg.407.site.12, 36, 75, 111
349741.6.peg.407.site.13, 50, 51, 101
349741.6.peg.407.site.14, 41, 42, 83
349741.6.peg.407.site.15, 26, 37, 63
349741.6.peg.407.site.16, 2, 34, 36
349741.6.peg.407.site.17, 29, 38, 67
349741.6.peg.407.site.18, 25, 95, 120
349741.6.peg.407.site.19, 52, 93, 145
349741.6.peg.407.site.20, 2, 97, 99
349741.6.peg.400.site.1, 15, 97, 112
349741.6.peg.400.site.2, 8, 97, 105
349741.6.peg.400.site.3, 39, 96, 135
349741.6.peg.400.site.4, 40, 96, 136
349741.6.peg.400.site.5, 3, 97, 100
349741.6.peg.400.site.6, 1, 97, 98
349741.6.peg.400.site.7, 16, 96, 112
349741.6.peg.400.site.8, 9, 95, 104
349741.6.peg.400.site.9, 32, 90, 122
349741.6.peg.400.site.10, 30, 88, 118
349741.6.peg.400.site.11, 19, 87, 106
349741.6.peg.400.site.12, 2, 88, 90
349741.6.peg.400.site.13, 1, 89, 90
349741.6.peg.400.site.14, 27, 85, 112
349741.6.peg.400.site.15, 23, 91, 114
349741.6.peg.400.site.16, 23, 92, 115
349741.6.peg.400.site.17, 12, 95, 107
349741.6.peg.400.site.18, 19, 93, 112
349741.6.peg.400.site.19, 24, 94, 118
349741.6.peg.400.site.20, 26, 95, 121
349741.6.peg.400.site.21, 83, 95, 178
349741.6.peg.400.site.22, 36, 96, 132
349741.6.peg.400.site.23, 1, 96, 97
349741.6.peg.400.site.24, 25, 96, 121
349741.6.peg.400.site.25, 62, 96, 158
349741.6.peg.400.site.26, 4, 91, 95
349741.6.peg.400.site.27, 10, 96, 106
349741.6.peg.400.site.28, 97, 97, 194
349741.6.peg.400.site.29, 36, 91, 127
349741.6.peg.400.site.30, 1, 91, 92
349741.6.peg.400.site.31, 1, 97, 98
349741.6.peg.400.site.32, 2, 97, 99
349741.6.peg.400.site.33, 10, 97, 107
349741.6.peg.400.site.34, 1, 96, 97
349741.6.peg.400.site.35, 2, 97, 99
349741.6.peg.401.site.1, 2, 97, 99
349741.6.peg.401.site.2, 5, 97, 102
349741.6.peg.401.site.3, 2, 97, 99
349741.6.peg.401.site.4, 95, 95, 190
349741.6.peg.401.site.5, 0, 95, 95
349741.6.peg.401.site.6, 1, 95, 96
349741.6.peg.401.site.7, 79, 94, 173
349741.6.peg.401.site.8, 82, 97, 179
349741.6.peg.401.site.9, 15, 97, 112
349741.6.peg.401.site.10, 2, 97, 99
349741.6.peg.401.site.11, 2, 97, 99
349741.6.peg.401.site.12, 0, 97, 97
349741.6.peg.401.site.13, 82, 97, 179
349741.6.peg.401.site.14, 80, 95, 175
349741.6.peg.401.site.15, 1, 96, 97
349741.6.peg.401.site.16, 15, 97, 112
349741.6.peg.401.site.17, 1, 96, 97
349741.6.peg.401.site.18, 1, 96, 97
349741.6.peg.401.site.19, 1, 96, 97
349741.6.peg.401.site.20, 1, 96, 97
349741.6.peg.1798.site.1, 0, 97, 97
349741.6.peg.1798.site.2, 54, 97, 151
349741.6.peg.1798.site.3, 2, 97, 99
349741.6.peg.1798.site.4, 97, 97, 194
349741.6.peg.1798.site.5, 91, 97, 188
349741.6.peg.1798.site.6, 94, 97, 191
349741.6.peg.1798.site.7, 2, 96, 98
349741.6.peg.1798.site.8, 1, 97, 98
349741.6.peg.1798.site.9, 81, 97, 178
349741.6.peg.1798.site.10, 81, 97, 178
349741.6.peg.1798.site.11, 3, 96, 99
349741.6.peg.1798.site.12, 7, 97, 104
349741.6.peg.1798.site.13, 86, 97, 183
349741.6.peg.1798.site.14, 1, 97, 98
349741.6.peg.1798.site.15, 79, 97, 176
349741.6.peg.1798.site.16, 10, 97, 107
349741.6.peg.1798.site.17, 7, 97, 104
349741.6.peg.1798.site.18, 1, 97, 98
349741.6.peg.1798.site.19, 2, 97, 99
349741.6.peg.1798.site.20, 6, 97, 103
349741.6.peg.1798.site.21, 79, 97, 176
349741.6.peg.1798.site.22, 79, 97, 176
349741.6.peg.1799.site.1, 3, 97, 100
349741.6.peg.1799.site.2, 3, 97, 100
349741.6.peg.1799.site.3, 7, 97, 104
349741.6.peg.1799.site.4, 0, 96, 96
349741.6.peg.1799.site.5, 2, 97, 99
349741.6.peg.1799.site.6, 0, 97, 97
349741.6.peg.1799.site.7, 1, 97, 98
349741.6.peg.1799.site.8, 8, 97, 105
349741.6.peg.1799.site.9, 3, 97, 100
349741.6.peg.1799.site.10, 81, 97, 178
349741.6.peg.2209.site.1, 93, 97, 190
349741.6.peg.2209.site.2, 9, 85, 94
349741.6.peg.2209.site.3, 9, 85, 94
349741.6.peg.2209.site.4, 8, 96, 104
349741.6.peg.2209.site.5, 20, 97, 117
349741.6.peg.2209.site.6, 20, 97, 117
349741.6.peg.2209.site.7, 2, 97, 99
349741.6.peg.2209.site.8, 20, 97, 117
349741.6.peg.2209.site.9, 20, 96, 116
349741.6.peg.2209.site.10, 8, 97, 105
349741.6.peg.2209.site.11, 14, 97, 111
349741.6.peg.2209.site.12, 4, 97, 101
349741.6.peg.2209.site.13, 97, 97, 194
349741.6.peg.2209.site.14, 1, 97, 98
349741.6.peg.2209.site.15, 23, 96, 119
349741.6.peg.2209.site.16, 1, 96, 97
349741.6.peg.2209.site.17, 13, 86, 99
349741.6.peg.2209.site.18, 2, 67, 69
349741.6.peg.2209.site.19, 58, 66, 124
349741.6.peg.2209.site.20, 2, 65, 67
349741.6.peg.2209.site.21, 7, 73, 80
349741.6.peg.2209.site.22, 0, 76, 76
349741.6.peg.2209.site.23, 0, 76, 76
349741.6.peg.2209.site.24, 2, 77, 79
349741.6.peg.2209.site.25, 1, 76, 77
349741.6.peg.2209.site.26, 3, 80, 83
349741.6.peg.2209.site.27, 0, 80, 80
349741.6.peg.2209.site.28, 72, 82, 154
349741.6.peg.2209.site.29, 6, 83, 89
349741.6.peg.2209.site.30, 1, 83, 84
349741.6.peg.2209.site.31, 7, 83, 90
349741.6.peg.2209.site.32, 1, 97, 98
349741.6.peg.2209.site.33, 94, 97, 191
349741.6.peg.2209.site.34, 20, 97, 117
349741.6.peg.2209.site.35, 20, 97, 117
349741.6.peg.2209.site.36, 22, 97, 119
349741.6.peg.2209.site.37, 63, 96, 159
349741.6.peg.2209.site.38, 7, 97, 104
349741.6.peg.2209.site.39, 2, 97, 99
349741.6.peg.2209.site.40, 1, 97, 98
349741.6.peg.2209.site.41, 26, 96, 122
349741.6.peg.2209.site.42, 20, 97, 117
349741.6.peg.2209.site.43, 97, 97, 194
349741.6.peg.2209.site.44, 72, 97, 169
349741.6.peg.2209.site.45, 1, 96, 97
349741.6.peg.2209.site.46, 65, 97, 162
349741.6.peg.2209.site.47, 20, 97, 117
349741.6.peg.2209.site.48, 1, 97, 98
349741.6.peg.2209.site.49, 62, 97, 159
349741.6.peg.2209.site.50, 2, 97, 99
349741.6.peg.2209.site.51, 1, 97, 98
349741.6.peg.2209.site.52, 19, 95, 114
349741.6.peg.2209.site.53, 2, 97, 99
349741.6.peg.2209.site.54, 7, 97, 104
349741.6.peg.2209.site.55, 24, 97, 121
349741.6.peg.2209.site.56, 2, 97, 99
349741.6.peg.2209.site.57, 2, 97, 99
349741.6.peg.2209.site.58, 2, 97, 99
349741.6.peg.2209.site.59, 0, 97, 97
349741.6.peg.2209.site.60, 97, 97, 194
349741.6.peg.2209.site.61, 1, 97, 98
349741.6.peg.2209.site.62, 0, 97, 97
349741.6.peg.2209.site.63, 23, 97, 120
349741.6.peg.2209.site.64, 24, 97, 121
349741.6.peg.2209.site.65, 8, 91, 99
349741.6.peg.2204.site.1, 20, 96, 116
349741.6.peg.2204.site.2, 97, 97, 194
349741.6.peg.2204.site.3, 92, 97, 189
349741.6.peg.2204.site.4, 8, 97, 105
349741.6.peg.2204.site.5, 7, 97, 104
349741.6.peg.2204.site.6, 18, 97, 115
349741.6.peg.2207.site.1, 23, 97, 120
349741.6.peg.2207.site.2, 24, 97, 121
349741.6.peg.2207.site.3, 1, 96, 97
349741.6.peg.2207.site.4, 23, 97, 120
349741.6.peg.2207.site.5, 1, 97, 98
349741.6.peg.2207.site.6, 59, 97, 156
349741.6.peg.2207.site.7, 23, 97, 120
349741.6.peg.2207.site.8, 8, 97, 105
349741.6.peg.2207.site.9, 1, 97, 98
349741.6.peg.2207.site.10, 31, 96, 127
349741.6.peg.2207.site.11, 4, 97, 101
349741.6.peg.2206.site.1, 2, 97, 99
349741.6.peg.2206.site.2, 18, 97, 115
349741.6.peg.2206.site.3, 9, 97, 106
349741.6.peg.2206.site.4, 5, 96, 101
349741.6.peg.2206.site.5, 1, 97, 98
349741.6.peg.2206.site.6, 7, 97, 104
349741.6.peg.2201.site.1, 2, 91, 93
349741.6.peg.2201.site.2, 3, 93, 96
349741.6.peg.2201.site.3, 67, 94, 161
349741.6.peg.2201.site.4, 1, 94, 95
349741.6.peg.2201.site.5, 8, 93, 101
349741.6.peg.2201.site.6, 4, 93, 97
349741.6.peg.2201.site.7, 75, 94, 169
349741.6.peg.2201.site.8, 72, 97, 169
349741.6.peg.2201.site.9, 4, 97, 101
349741.6.peg.2201.site.10, 1, 97, 98
349741.6.peg.2201.site.11, 20, 97, 117
349741.6.peg.2201.site.12, 12, 95, 107
349741.6.peg.2201.site.13, 12, 96, 108
349741.6.peg.2201.site.14, 6, 91, 97
349741.6.peg.2201.site.15, 10, 91, 101
349741.6.peg.2201.site.16, 5, 89, 94
349741.6.peg.2201.site.17, 4, 88, 92
349741.6.peg.2201.site.18, 18, 94, 112
349741.6.peg.2201.site.19, 96, 97, 193
349741.6.peg.2201.site.20, 13, 97, 110
349741.6.peg.2201.site.21, 13, 96, 109
349741.6.peg.2201.site.22, 0, 97, 97
349741.6.peg.2201.site.23, 13, 97, 110
349741.6.peg.2201.site.24, 1, 97, 98
349741.6.peg.2201.site.25, 85, 94, 179
349741.6.peg.2201.site.26, 0, 95, 95
349741.6.peg.2201.site.27, 80, 89, 169
349741.6.peg.2201.site.28, 12, 92, 104
349741.6.peg.2201.site.29, 17, 93, 110
349741.6.peg.2201.site.30, 2, 94, 96
349741.6.peg.2201.site.31, 20, 96, 116
349741.6.peg.2201.site.32, 20, 97, 117
349741.6.peg.2201.site.33, 3, 97, 100
349741.6.peg.2201.site.34, 17, 94, 111
349741.6.peg.2201.site.35, 20, 97, 117
349741.6.peg.2201.site.36, 20, 97, 117
349741.6.peg.2201.site.37, 63, 96, 159
349741.6.peg.2201.site.38, 50, 97, 147
349741.6.peg.2201.site.39, 2, 95, 97
349741.6.peg.2201.site.40, 2, 95, 97
349741.6.peg.2201.site.41, 73, 95, 168
349741.6.peg.2201.site.42, 2, 95, 97
349741.6.peg.2201.site.43, 9, 96, 105
349741.6.peg.2201.site.44, 2, 97, 99
349741.6.peg.2201.site.45, 4, 97, 101
349741.6.peg.2201.site.46, 8, 97, 105
349741.6.peg.2201.site.47, 2, 97, 99
349741.6.peg.2201.site.48, 1, 97, 98
349741.6.peg.2201.site.49, 22, 97, 119
349741.6.peg.2201.site.50, 1, 95, 96
349741.6.peg.2201.site.51, 57, 91, 148
349741.6.peg.2201.site.52, 7, 92, 99
349741.6.peg.2201.site.53, 16, 92, 108
349741.6.peg.2201.site.54, 89, 89, 178
349741.6.peg.2201.site.55, 1, 94, 95
349741.6.peg.2201.site.56, 61, 95, 156
349741.6.peg.2201.site.57, 16, 97, 113
349741.6.peg.2201.site.58, 97, 97, 194
349741.6.peg.2201.site.59, 8, 90, 98
349741.6.peg.2200.site.1, 27, 96, 123
349741.6.peg.2200.site.2, 45, 94, 139
349741.6.peg.2200.site.3, 30, 93, 123
349741.6.peg.2200.site.4, 1, 92, 93
349741.6.peg.2200.site.5, 7, 82, 89
349741.6.peg.2200.site.6, 45, 74, 119
349741.6.peg.2200.site.7, 5, 70, 75
349741.6.peg.2200.site.8, 45, 69, 114
349741.6.peg.2200.site.9, 6, 69, 75
349741.6.peg.2200.site.10, 64, 68, 132
349741.6.peg.2200.site.11, 2, 68, 70
349741.6.peg.2200.site.12, 2, 67, 69
349741.6.peg.2200.site.13, 45, 66, 111
349741.6.peg.2200.site.14, 2, 66, 68
349741.6.peg.2200.site.15, 71, 92, 163
349741.6.peg.2200.site.16, 29, 94, 123
349741.6.peg.2200.site.17, 76, 90, 166
349741.6.peg.2200.site.18, 81, 91, 172
349741.6.peg.2200.site.19, 45, 95, 140
349741.6.peg.2200.site.20, 56, 77, 133
349741.6.peg.2200.site.21, 4, 64, 68
349741.6.peg.2200.site.22, 29, 72, 101
349741.6.peg.2200.site.23, 1, 72, 73
349741.6.peg.2200.site.24, 11, 75, 86
349741.6.peg.2200.site.25, 14, 74, 88
349741.6.peg.2200.site.26, 4, 63, 67
349741.6.peg.2200.site.27, 49, 86, 135
349741.6.peg.2200.site.28, 43, 93, 136
349741.6.peg.2202.site.1, 65, 97, 162
349741.6.peg.2202.site.2, 63, 96, 159
349741.6.peg.2202.site.3, 1, 96, 97
349741.6.peg.2202.site.4, 39, 92, 131
349741.6.peg.2202.site.5, 5, 92, 97
349741.6.peg.2202.site.6, 59, 97, 156
349741.6.peg.2202.site.7, 3, 96, 99
349741.6.peg.2202.site.8, 10, 97, 107
349741.6.peg.2202.site.9, 79, 97, 176
349741.6.peg.2202.site.10, 17, 97, 114
349741.6.peg.2202.site.11, 76, 94, 170
349741.6.peg.2202.site.12, 3, 93, 96
349741.6.peg.2202.site.13, 64, 95, 159
349741.6.peg.2202.site.14, 4, 97, 101
349741.6.peg.2202.site.15, 65, 97, 162
349741.6.peg.2202.site.16, 89, 97, 186
349741.6.peg.1089.site.1, 2, 91, 93
349741.6.peg.1089.site.2, 71, 90, 161
349741.6.peg.1089.site.3, 1, 94, 95
349741.6.peg.1089.site.4, 2, 95, 97
349741.6.peg.1089.site.5, 3, 95, 98
349741.6.peg.1089.site.6, 2, 94, 96
349741.6.peg.1089.site.7, 93, 96, 189
349741.6.peg.1089.site.8, 79, 96, 175
349741.6.peg.1089.site.9, 5, 96, 101
349741.6.peg.1089.site.10, 79, 96, 175
349741.6.peg.1089.site.11, 0, 96, 96
349741.6.peg.1089.site.12, 10, 96, 106
349741.6.peg.1089.site.13, 1, 97, 98
349741.6.peg.1089.site.14, 80, 96, 176
349741.6.peg.1089.site.15, 2, 97, 99
349741.6.peg.1570.site.1, 1, 97, 98
349741.6.peg.1570.site.2, 0, 97, 97
349741.6.peg.1570.site.3, 1, 95, 96
349741.6.peg.1570.site.4, 2, 97, 99
349741.6.peg.1570.site.5, 1, 97, 98
349741.6.peg.1570.site.6, 3, 97, 100
349741.6.peg.1570.site.7, 2, 97, 99
349741.6.peg.1570.site.8, 32, 97, 129
349741.6.peg.1570.site.9, 29, 97, 126
349741.6.peg.1570.site.10, 1, 97, 98
349741.6.peg.1570.site.11, 1, 97, 98
349741.6.peg.1570.site.12, 1, 97, 98
349741.6.peg.1570.site.13, 1, 96, 97
349741.6.peg.1570.site.14, 1, 97, 98
349741.6.peg.1570.site.15, 0, 96, 96
349741.6.peg.1570.site.16, 31, 96, 127
349741.6.peg.1570.site.17, 37, 94, 131
349741.6.peg.1570.site.18, 27, 93, 120
349741.6.peg.1570.site.19, 2, 94, 96
349741.6.peg.1570.site.20, 2, 93, 95
349741.6.peg.1570.site.21, 2, 87, 89
349741.6.peg.1570.site.22, 28, 88, 116
349741.6.peg.1570.site.23, 32, 90, 122
349741.6.peg.1570.site.24, 2, 90, 92
349741.6.peg.1570.site.25, 33, 97, 130
349741.6.peg.1570.site.26, 30, 96, 126
349741.6.peg.1570.site.27, 2, 95, 97
349741.6.peg.1083.site.1, 8, 95, 103
349741.6.peg.1083.site.2, 0, 96, 96
349741.6.peg.1083.site.3, 4, 97, 101
349741.6.peg.1083.site.4, 2, 97, 99
349741.6.peg.1083.site.5, 1, 97, 98
349741.6.peg.1083.site.6, 2, 97, 99
349741.6.peg.1083.site.7, 15, 97, 112
349741.6.peg.1081.site.1, 3, 65, 68
349741.6.peg.1081.site.2, 9, 65, 74
349741.6.peg.1081.site.3, 25, 66, 91
349741.6.peg.1081.site.4, 1, 67, 68
349741.6.peg.1081.site.5, 2, 68, 70
349741.6.peg.1081.site.6, 2, 68, 70
349741.6.peg.1081.site.7, 5, 71, 76
349741.6.peg.1081.site.8, 2, 79, 81
349741.6.peg.1081.site.9, 25, 91, 116
349741.6.peg.1081.site.10, 3, 94, 97
349741.6.peg.1081.site.11, 20, 86, 106
349741.6.peg.1081.site.12, 3, 66, 69
349741.6.peg.1081.site.13, 6, 67, 73
349741.6.peg.1081.site.14, 24, 96, 120
349741.6.peg.1081.site.15, 1, 97, 98
349741.6.peg.1081.site.16, 40, 97, 137
349741.6.peg.1081.site.17, 31, 97, 128
349741.6.peg.1081.site.18, 78, 97, 175
349741.6.peg.1081.site.19, 2, 97, 99
349741.6.peg.1081.site.20, 3, 97, 100
349741.6.peg.1081.site.21, 0, 95, 95
349741.6.peg.1081.site.22, 2, 97, 99
349741.6.peg.1081.site.23, 2, 97, 99
349741.6.peg.1081.site.24, 1, 97, 98
349741.6.peg.1081.site.25, 11, 97, 108
349741.6.peg.1081.site.26, 2, 97, 99
349741.6.peg.1081.site.27, 74, 96, 170
349741.6.peg.1081.site.28, 1, 96, 97
349741.6.peg.1081.site.29, 41, 94, 135
349741.6.peg.1081.site.30, 6, 94, 100
349741.6.peg.1081.site.31, 29, 93, 122
349741.6.peg.1081.site.32, 2, 95, 97
349741.6.peg.1081.site.33, 1, 95, 96
349741.6.peg.1081.site.34, 0, 96, 96
349741.6.peg.1081.site.35, 16, 97, 113
349741.6.peg.1081.site.36, 0, 96, 96
349741.6.peg.1081.site.37, 1, 96, 97
349741.6.peg.1081.site.38, 2, 96, 98
349741.6.peg.1081.site.39, 6, 95, 101
349741.6.peg.1081.site.40, 3, 95, 98
349741.6.peg.1081.site.41, 5, 94, 99
349741.6.peg.1081.site.42, 2, 97, 99
349741.6.peg.1081.site.43, 73, 89, 162
349741.6.peg.1081.site.44, 2, 96, 98
349741.6.peg.1081.site.45, 13, 94, 107
349741.6.peg.1081.site.46, 72, 97, 169
349741.6.peg.1081.site.47, 7, 97, 104
349741.6.peg.1081.site.48, 0, 96, 96
349741.6.peg.1081.site.49, 7, 97, 104
349741.6.peg.1081.site.50, 2, 97, 99
349741.6.peg.1081.site.51, 11, 97, 108
349741.6.peg.1081.site.52, 3, 97, 100
349741.6.peg.1081.site.53, 4, 97, 101
349741.6.peg.1081.site.54, 79, 97, 176
349741.6.peg.310.site.1, 35, 97, 132
349741.6.peg.310.site.2, 1, 97, 98
349741.6.peg.310.site.3, 7, 97, 104
349741.6.peg.310.site.4, 1, 97, 98
349741.6.peg.310.site.5, 2, 97, 99
349741.6.peg.310.site.6, 4, 97, 101
349741.6.peg.310.site.7, 35, 97, 132
349741.6.peg.311.site.1, 3, 97, 100
349741.6.peg.311.site.2, 0, 97, 97
349741.6.peg.311.site.3, 5, 97, 102
349741.6.peg.311.site.4, 2, 97, 99
349741.6.peg.312.site.1, 85, 97, 182
349741.6.peg.312.site.2, 33, 97, 130
349741.6.peg.312.site.3, 1, 97, 98
349741.6.peg.313.site.1, 2, 97, 99
349741.6.peg.313.site.2, 26, 97, 123
349741.6.peg.313.site.3, 0, 97, 97
349741.6.peg.313.site.4, 2, 97, 99
349741.6.peg.313.site.5, 1, 97, 98
349741.6.peg.313.site.6, 3, 97, 100
349741.6.peg.314.site.1, 33, 97, 130
349741.6.peg.314.site.2, 12, 97, 109
349741.6.peg.314.site.3, 76, 97, 173
349741.6.peg.314.site.4, 1, 97, 98
349741.6.peg.314.site.5, 3, 97, 100
349741.6.peg.314.site.6, 2, 97, 99
349741.6.peg.314.site.7, 0, 96, 96
349741.6.peg.314.site.8, 25, 96, 121
349741.6.peg.314.site.9, 45, 97, 142
349741.6.peg.314.site.10, 12, 97, 109
349741.6.peg.314.site.11, 35, 97, 132
349741.6.peg.314.site.12, 35, 97, 132
349741.6.peg.314.site.13, 35, 97, 132
349741.6.peg.315.site.1, 3, 97, 100
349741.6.peg.315.site.2, 18, 97, 115
349741.6.peg.315.site.3, 3, 97, 100
349741.6.peg.315.site.4, 49, 97, 146
349741.6.peg.315.site.5, 30, 97, 127
349741.6.peg.315.site.6, 0, 72, 72
349741.6.peg.315.site.7, 4, 66, 70
349741.6.peg.315.site.8, 5, 63, 68
349741.6.peg.315.site.9, 59, 66, 125
349741.6.peg.315.site.10, 6, 77, 83
349741.6.peg.315.site.11, 4, 97, 101
349741.6.peg.315.site.12, 30, 97, 127
349741.6.peg.315.site.13, 4, 97, 101
349741.6.peg.315.site.14, 91, 91, 182
349741.6.peg.316.site.1, 3, 97, 100
349741.6.peg.316.site.2, 22, 92, 114
349741.6.peg.317.site.1, 28, 92, 120
349741.6.peg.317.site.2, 1, 94, 95
349741.6.peg.317.site.3, 2, 93, 95
349741.6.peg.317.site.4, 2, 92, 94
349741.6.peg.317.site.5, 4, 95, 99
349741.6.peg.317.site.6, 14, 97, 111
349741.6.peg.317.site.7, 74, 97, 171
349741.6.peg.317.site.8, 32, 97, 129
349741.6.peg.317.site.9, 0, 97, 97
349741.6.peg.317.site.10, 97, 97, 194
349741.6.peg.317.site.11, 10, 97, 107
349741.6.peg.317.site.12, 94, 96, 190
349741.6.peg.317.site.13, 10, 97, 107
349741.6.peg.317.site.14, 9, 97, 106
349741.6.peg.317.site.15, 0, 97, 97
349741.6.peg.317.site.16, 33, 97, 130
349741.6.peg.317.site.17, 1, 97, 98
349741.6.peg.318.site.1, 32, 97, 129
349741.6.peg.318.site.2, 11, 97, 108
349741.6.peg.318.site.3, 11, 96, 107
349741.6.peg.318.site.4, 32, 97, 129
349741.6.peg.318.site.5, 4, 97, 101
349741.6.peg.319.site.1, 1, 97, 98
349741.6.peg.319.site.2, 34, 97, 131
349741.6.peg.1648.site.1, 2, 97, 99
349741.6.peg.1648.site.2, 78, 94, 172
349741.6.peg.1648.site.3, 2, 97, 99
349741.6.peg.1648.site.4, 81, 97, 178
349741.6.peg.1648.site.5, 7, 97, 104
349741.6.peg.1648.site.6, 91, 97, 188
349741.6.peg.1648.site.7, 96, 96, 192
349741.6.peg.1648.site.8, 2, 94, 96
349741.6.peg.1648.site.9, 1, 17, 18
349741.6.peg.1648.site.10, 1, 71, 72
349741.6.peg.1648.site.11, 8, 97, 105
349741.6.peg.1648.site.12, 81, 97, 178
349741.6.peg.1648.site.13, 2, 97, 99
349741.6.peg.1648.site.14, 11, 97, 108
349741.6.peg.1648.site.15, 81, 97, 178
349741.6.peg.1648.site.16, 77, 93, 170
349741.6.peg.1648.site.17, 3, 97, 100
349741.6.peg.1648.site.18, 81, 96, 177
349741.6.peg.1648.site.19, 5, 96, 101
349741.6.peg.1648.site.20, 79, 93, 172
349741.6.peg.1648.site.21, 3, 93, 96
349741.6.peg.1648.site.22, 69, 71, 140
349741.6.peg.1648.site.23, 2, 49, 51
349741.6.peg.1648.site.24, 69, 77, 146
349741.6.peg.1648.site.25, 4, 83, 87
349741.6.peg.1648.site.26, 1, 69, 70
349741.6.peg.1648.site.27, 19, 35, 54
349741.6.peg.1648.site.28, 17, 33, 50
349741.6.peg.1649.site.1, 2, 93, 95
349741.6.peg.1649.site.2, 0, 93, 93
349741.6.peg.1649.site.3, 19, 96, 115
349741.6.peg.1649.site.4, 19, 95, 114
349741.6.peg.1649.site.5, 19, 97, 116
349741.6.peg.1649.site.6, 3, 97, 100
349741.6.peg.1649.site.7, 81, 97, 178
349741.6.peg.1649.site.8, 81, 97, 178
349741.6.peg.1649.site.9, 79, 97, 176
349741.6.peg.1649.site.10, 2, 97, 99
349741.6.peg.1649.site.11, 9, 97, 106
349741.6.peg.1649.site.12, 3, 97, 100
349741.6.peg.1649.site.13, 5, 97, 102
349741.6.peg.1649.site.14, 2, 97, 99
349741.6.peg.1649.site.15, 3, 97, 100
349741.6.peg.1649.site.16, 52, 90, 142
349741.6.peg.1649.site.17, 3, 90, 93
349741.6.peg.1649.site.18, 35, 96, 131
349741.6.peg.1649.site.19, 56, 94, 150
349741.6.peg.1649.site.20, 1, 97, 98
349741.6.peg.1649.site.21, 1, 95, 96
349741.6.peg.1649.site.22, 3, 96, 99
349741.6.peg.1649.site.23, 56, 93, 149
349741.6.peg.1649.site.24, 55, 92, 147
349741.6.peg.1649.site.25, 30, 85, 115
349741.6.peg.1649.site.26, 47, 85, 132
349741.6.peg.1649.site.27, 2, 85, 87
349741.6.peg.1649.site.28, 2, 76, 78
349741.6.peg.1649.site.29, 1, 48, 49
349741.6.peg.1649.site.30, 8, 46, 54
349741.6.peg.1649.site.31, 11, 49, 60
349741.6.peg.1649.site.32, 36, 73, 109
349741.6.peg.1649.site.33, 5, 63, 68
349741.6.peg.1649.site.34, 22, 60, 82
349741.6.peg.1649.site.35, 29, 64, 93
349741.6.peg.1649.site.36, 5, 42, 47
349741.6.peg.1649.site.37, 5, 43, 48
349741.6.peg.1649.site.38, 22, 27, 49
349741.6.peg.1649.site.39, 3, 27, 30
349741.6.peg.1649.site.40, 14, 17, 31
349741.6.peg.1649.site.41, 27, 30, 57
349741.6.peg.1649.site.42, 46, 57, 103
349741.6.peg.1649.site.43, 14, 70, 84
349741.6.peg.1649.site.44, 13, 69, 82
349741.6.peg.1649.site.45, 39, 95, 134
349741.6.peg.1649.site.46, 40, 94, 134
349741.6.peg.1649.site.47, 1, 94, 95
349741.6.peg.1649.site.48, 39, 95, 134
349741.6.peg.1649.site.49, 42, 94, 136
349741.6.peg.1649.site.50, 31, 94, 125
349741.6.peg.1649.site.51, 38, 95, 133
349741.6.peg.1649.site.52, 3, 97, 100
349741.6.peg.1649.site.53, 39, 92, 131
349741.6.peg.1649.site.54, 37, 90, 127
349741.6.peg.1649.site.55, 0, 91, 91
349741.6.peg.1649.site.56, 38, 92, 130
349741.6.peg.1649.site.57, 38, 92, 130
349741.6.peg.1649.site.58, 34, 94, 128
349741.6.peg.1649.site.59, 40, 93, 133
349741.6.peg.1649.site.60, 1, 96, 97
349741.6.peg.1649.site.61, 34, 96, 130
349741.6.peg.1649.site.62, 0, 96, 96
349741.6.peg.1649.site.63, 35, 96, 131
349741.6.peg.1649.site.64, 55, 97, 152
349741.6.peg.1649.site.65, 12, 96, 108
349741.6.peg.1649.site.66, 33, 97, 130
349741.6.peg.1649.site.67, 10, 97, 107
349741.6.peg.1649.site.68, 93, 93, 186
349741.6.peg.1649.site.69, 16, 84, 100
349741.6.peg.1649.site.70, 5, 72, 77
349741.6.peg.1649.site.71, 6, 73, 79
349741.6.peg.1649.site.72, 1, 85, 86
349741.6.peg.1649.site.73, 23, 95, 118
349741.6.peg.1649.site.74, 23, 96, 119
349741.6.peg.1649.site.75, 8, 96, 104
349741.6.peg.1649.site.76, 26, 96, 122
349741.6.peg.110.site.1, 57, 97, 154
349741.6.peg.110.site.2, 54, 95, 149
349741.6.peg.110.site.3, 55, 97, 152
349741.6.peg.110.site.4, 45, 97, 142
349741.6.peg.110.site.5, 93, 97, 190
349741.6.peg.110.site.6, 95, 97, 192
349741.6.peg.110.site.7, 3, 93, 96
349741.6.peg.110.site.8, 20, 94, 114
349741.6.peg.110.site.9, 92, 97, 189
349741.6.peg.110.site.10, 50, 96, 146
349741.6.peg.110.site.11, 0, 96, 96
349741.6.peg.110.site.12, 50, 97, 147
349741.6.peg.110.site.13, 2, 97, 99
349741.6.peg.110.site.14, 2, 97, 99
349741.6.peg.110.site.15, 22, 97, 119
349741.6.peg.110.site.16, 67, 97, 164
349741.6.peg.110.site.17, 76, 97, 173
349741.6.peg.110.site.18, 76, 97, 173
349741.6.peg.1640.site.1, 0, 85, 85
349741.6.peg.1641.site.1, 24, 96, 120
349741.6.peg.1641.site.2, 8, 95, 103
349741.6.peg.1641.site.3, 25, 95, 120
349741.6.peg.1641.site.4, 0, 95, 95
349741.6.peg.1641.site.5, 25, 95, 120
349741.6.peg.1641.site.6, 23, 95, 118
349741.6.peg.1641.site.7, 78, 97, 175
349741.6.peg.1641.site.8, 24, 97, 121
349741.6.peg.1642.site.1, 10, 97, 107
349741.6.peg.1642.site.2, 80, 97, 177
349741.6.peg.1642.site.3, 77, 96, 173
349741.6.peg.1642.site.4, 2, 97, 99
349741.6.peg.1642.site.5, 61, 97, 158
349741.6.peg.1642.site.6, 3, 97, 100
349741.6.peg.1642.site.7, 14, 97, 111
349741.6.peg.1642.site.8, 1, 97, 98
349741.6.peg.1642.site.9, 0, 97, 97
349741.6.peg.1642.site.10, 3, 97, 100
349741.6.peg.1642.site.11, 1, 96, 97
349741.6.peg.1643.site.1, 3, 94, 97
349741.6.peg.1643.site.2, 11, 94, 105
349741.6.peg.1643.site.3, 0, 94, 94
349741.6.peg.1643.site.4, 3, 94, 97
349741.6.peg.1643.site.5, 2, 94, 96
349741.6.peg.1643.site.6, 66, 94, 160
349741.6.peg.1643.site.7, 24, 94, 118
349741.6.peg.1643.site.8, 66, 94, 160
349741.6.peg.1643.site.9, 40, 94, 134
349741.6.peg.1643.site.10, 1, 94, 95
349741.6.peg.1643.site.11, 1, 94, 95
349741.6.peg.1643.site.12, 1, 93, 94
349741.6.peg.1643.site.13, 2, 94, 96
349741.6.peg.1643.site.14, 69, 94, 163
349741.6.peg.1643.site.15, 13, 93, 106
349741.6.peg.1643.site.16, 2, 94, 96
349741.6.peg.1643.site.17, 24, 94, 118
349741.6.peg.1643.site.18, 2, 88, 90
349741.6.peg.1643.site.19, 13, 93, 106
349741.6.peg.1643.site.20, 24, 94, 118
349741.6.peg.1643.site.21, 1, 94, 95
349741.6.peg.1643.site.22, 3, 94, 97
349741.6.peg.1643.site.23, 70, 94, 164
349741.6.peg.1643.site.24, 0, 93, 93
349741.6.peg.1643.site.25, 6, 94, 100
349741.6.peg.1643.site.26, 73, 94, 167
349741.6.peg.1643.site.27, 3, 94, 97
349741.6.peg.1643.site.28, 0, 94, 94
349741.6.peg.1644.site.1, 3, 95, 98
349741.6.peg.1644.site.2, 2, 96, 98
349741.6.peg.1644.site.3, 70, 96, 166
349741.6.peg.1644.site.4, 70, 95, 165
349741.6.peg.1644.site.5, 2, 95, 97
349741.6.peg.1644.site.6, 2, 95, 97
349741.6.peg.1644.site.7, 3, 96, 99
349741.6.peg.1644.site.8, 2, 96, 98
349741.6.peg.1644.site.9, 24, 96, 120
349741.6.peg.1644.site.10, 70, 96, 166
349741.6.peg.1644.site.11, 2, 94, 96
349741.6.peg.1644.site.12, 76, 96, 172
349741.6.peg.1644.site.13, 30, 96, 126
349741.6.peg.1644.site.14, 73, 96, 169
349741.6.peg.1644.site.15, 15, 96, 111
349741.6.peg.1644.site.16, 1, 96, 97
349741.6.peg.1644.site.17, 68, 94, 162
349741.6.peg.1644.site.18, 69, 95, 164
349741.6.peg.1644.site.19, 97, 97, 194
349741.6.peg.1644.site.20, 71, 96, 167
349741.6.peg.1644.site.21, 71, 96, 167
349741.6.peg.1644.site.22, 3, 94, 97
349741.6.peg.1644.site.23, 43, 74, 117
349741.6.peg.1644.site.24, 2, 55, 57
349741.6.peg.1644.site.25, 53, 79, 132
349741.6.peg.1644.site.26, 83, 83, 166
349741.6.peg.1644.site.27, 73, 93, 166
349741.6.peg.1644.site.28, 71, 97, 168
349741.6.peg.1644.site.29, 71, 97, 168
349741.6.peg.1644.site.30, 70, 96, 166
349741.6.peg.1644.site.31, 70, 95, 165
349741.6.peg.1644.site.32, 71, 97, 168
349741.6.peg.1645.site.1, 69, 95, 164
349741.6.peg.1645.site.2, 70, 96, 166
349741.6.peg.1645.site.3, 70, 96, 166
349741.6.peg.1645.site.4, 71, 97, 168
349741.6.peg.1645.site.5, 13, 96, 109
349741.6.peg.1645.site.6, 69, 95, 164
349741.6.peg.1645.site.7, 79, 95, 174
349741.6.peg.1645.site.8, 67, 93, 160
349741.6.peg.1645.site.9, 2, 96, 98
349741.6.peg.1645.site.10, 70, 96, 166
349741.6.peg.1645.site.11, 96, 96, 192
349741.6.peg.1645.site.12, 81, 97, 178
349741.6.peg.1645.site.13, 1, 97, 98
349741.6.peg.1645.site.14, 5, 97, 102
349741.6.peg.1645.site.15, 71, 97, 168
349741.6.peg.1645.site.16, 0, 97, 97
349741.6.peg.1645.site.17, 5, 96, 101
349741.6.peg.1645.site.18, 29, 97, 126
349741.6.peg.1645.site.19, 71, 97, 168
349741.6.peg.1645.site.20, 2, 97, 99
349741.6.peg.1645.site.21, 71, 97, 168
349741.6.peg.1645.site.22, 13, 97, 110
349741.6.peg.1645.site.23, 71, 97, 168
349741.6.peg.1645.site.24, 89, 93, 182
349741.6.peg.1645.site.25, 10, 87, 97
349741.6.peg.1645.site.26, 70, 96, 166
349741.6.peg.1647.site.1, 3, 94, 97
349741.6.peg.1647.site.2, 68, 94, 162
349741.6.peg.1647.site.3, 2, 96, 98
349741.6.peg.1647.site.4, 2, 97, 99
349741.6.peg.1647.site.5, 1, 97, 98
349741.6.peg.1647.site.6, 85, 97, 182
349741.6.peg.1647.site.7, 5, 97, 102
349741.6.peg.1647.site.8, 81, 97, 178
349741.6.peg.1647.site.9, 81, 97, 178
349741.6.peg.1647.site.10, 11, 97, 108
349741.6.peg.1647.site.11, 2, 97, 99
349741.6.peg.1647.site.12, 81, 97, 178
349741.6.peg.1647.site.13, 97, 97, 194
349741.6.peg.1647.site.14, 86, 97, 183
349741.6.peg.1647.site.15, 81, 97, 178
349741.6.peg.1647.site.16, 1, 97, 98
349741.6.peg.1647.site.17, 81, 97, 178
349741.6.peg.1647.site.18, 5, 97, 102
349741.6.peg.1647.site.19, 81, 97, 178
349741.6.peg.1647.site.20, 12, 97, 109
349741.6.peg.1647.site.21, 80, 96, 176
349741.6.peg.1647.site.22, 2, 97, 99
349741.6.peg.1647.site.23, 96, 96, 192
349741.6.peg.1647.site.24, 81, 97, 178
349741.6.peg.888.site.1, 1, 96, 97
349741.6.peg.888.site.2, 90, 97, 187
349741.6.peg.888.site.3, 2, 97, 99
349741.6.peg.888.site.4, 20, 95, 115
349741.6.peg.888.site.5, 4, 95, 99
349741.6.peg.888.site.6, 0, 95, 95
349741.6.peg.888.site.7, 2, 97, 99
349741.6.peg.889.site.1, 9, 96, 105
349741.6.peg.889.site.2, 2, 96, 98
349741.6.peg.889.site.3, 1, 95, 96
349741.6.peg.889.site.4, 5, 97, 102
349741.6.peg.889.site.5, 2, 97, 99
349741.6.peg.889.site.6, 97, 97, 194
349741.6.peg.889.site.7, 20, 97, 117
349741.6.peg.889.site.8, 2, 97, 99
349741.6.peg.889.site.9, 18, 97, 115
349741.6.peg.889.site.10, 2, 97, 99
349741.6.peg.889.site.11, 62, 97, 159
349741.6.peg.889.site.12, 2, 97, 99
349741.6.peg.889.site.13, 10, 97, 107
349741.6.peg.889.site.14, 2, 97, 99
349741.6.peg.889.site.15, 1, 96, 97
349741.6.peg.889.site.16, 1, 96, 97
349741.6.peg.889.site.17, 1, 96, 97
349741.6.peg.889.site.18, 52, 96, 148
349741.6.peg.889.site.19, 0, 97, 97
349741.6.peg.889.site.20, 2, 97, 99
349741.6.peg.889.site.21, 2, 97, 99
349741.6.peg.889.site.22, 2, 97, 99
349741.6.peg.889.site.23, 24, 97, 121
349741.6.peg.889.site.24, 2, 97, 99
349741.6.peg.889.site.25, 2, 97, 99
349741.6.peg.889.site.26, 22, 97, 119
349741.6.peg.889.site.27, 22, 95, 117
349741.6.peg.889.site.28, 32, 96, 128
349741.6.peg.889.site.29, 26, 97, 123
349741.6.peg.889.site.30, 2, 97, 99
349741.6.peg.889.site.31, 7, 97, 104
349741.6.peg.889.site.32, 1, 97, 98
349741.6.peg.889.site.33, 2, 97, 99
349741.6.peg.881.site.1, 30, 94, 124
349741.6.peg.881.site.2, 2, 97, 99
349741.6.peg.881.site.3, 19, 97, 116
349741.6.peg.881.site.4, 2, 97, 99
349741.6.peg.881.site.5, 2, 97, 99
349741.6.peg.881.site.6, 2, 97, 99
349741.6.peg.881.site.7, 3, 96, 99
349741.6.peg.883.site.1, 89, 90, 179
349741.6.peg.883.site.2, 8, 83, 91
349741.6.peg.883.site.3, 14, 89, 103
349741.6.peg.883.site.4, 4, 93, 97
349741.6.peg.883.site.5, 1, 93, 94
349741.6.peg.883.site.6, 2, 94, 96
349741.6.peg.883.site.7, 10, 94, 104
349741.6.peg.883.site.8, 2, 94, 96
349741.6.peg.883.site.9, 2, 94, 96
349741.6.peg.883.site.10, 16, 94, 110
349741.6.peg.883.site.11, 10, 94, 104
349741.6.peg.883.site.12, 0, 94, 94
349741.6.peg.883.site.13, 5, 94, 99
349741.6.peg.883.site.14, 48, 94, 142
349741.6.peg.883.site.15, 4, 94, 98
349741.6.peg.883.site.16, 14, 94, 108
349741.6.peg.883.site.17, 4, 84, 88
349741.6.peg.883.site.18, 14, 80, 94
349741.6.peg.883.site.19, 2, 81, 83
349741.6.peg.883.site.20, 14, 94, 108
349741.6.peg.883.site.21, 2, 94, 96
349741.6.peg.883.site.22, 9, 93, 102
349741.6.peg.883.site.23, 2, 94, 96
349741.6.peg.883.site.24, 10, 92, 102
349741.6.peg.883.site.25, 21, 92, 113
349741.6.peg.883.site.26, 22, 92, 114
349741.6.peg.883.site.27, 1, 93, 94
349741.6.peg.883.site.28, 12, 93, 105
349741.6.peg.883.site.29, 14, 94, 108
349741.6.peg.884.site.1, 2, 95, 97
349741.6.peg.884.site.2, 8, 95, 103
349741.6.peg.884.site.3, 2, 95, 97
349741.6.peg.884.site.4, 92, 95, 187
349741.6.peg.884.site.5, 26, 95, 121
349741.6.peg.884.site.6, 88, 88, 176
349741.6.peg.884.site.7, 4, 92, 96
349741.6.peg.884.site.8, 2, 95, 97
349741.6.peg.884.site.9, 21, 95, 116
349741.6.peg.884.site.10, 21, 95, 116
349741.6.peg.884.site.11, 1, 95, 96
349741.6.peg.884.site.12, 26, 94, 120
349741.6.peg.884.site.13, 93, 93, 186
349741.6.peg.884.site.14, 1, 81, 82
349741.6.peg.884.site.15, 17, 85, 102
349741.6.peg.885.site.1, 7, 79, 86
349741.6.peg.885.site.2, 3, 91, 94
349741.6.peg.885.site.3, 1, 90, 91
349741.6.peg.885.site.4, 2, 97, 99
349741.6.peg.885.site.5, 19, 97, 116
349741.6.peg.885.site.6, 6, 97, 103
349741.6.peg.885.site.7, 1, 94, 95
349741.6.peg.885.site.8, 2, 95, 97
349741.6.peg.887.site.1, 7, 95, 102
349741.6.peg.887.site.2, 3, 95, 98
349741.6.peg.2446.site.1, 2, 97, 99
349741.6.peg.2446.site.2, 15, 97, 112
349741.6.peg.2446.site.3, 4, 96, 100
349741.6.peg.2446.site.4, 15, 97, 112
349741.6.peg.2446.site.5, 3, 97, 100
349741.6.peg.2446.site.6, 92, 97, 189
349741.6.peg.2446.site.7, 0, 97, 97
349741.6.peg.2446.site.8, 13, 95, 108
349741.6.peg.2446.site.9, 86, 94, 180
349741.6.peg.2446.site.10, 14, 95, 109
349741.6.peg.2446.site.11, 45, 95, 140
349741.6.peg.2446.site.12, 0, 94, 94
349741.6.peg.2446.site.13, 15, 96, 111
349741.6.peg.2446.site.14, 26, 96, 122
349741.6.peg.2446.site.15, 0, 97, 97
349741.6.peg.2446.site.16, 15, 97, 112
349741.6.peg.2446.site.17, 2, 97, 99
349741.6.peg.2446.site.18, 57, 97, 154
349741.6.peg.2446.site.19, 42, 97, 139
349741.6.peg.2446.site.20, 15, 97, 112
349741.6.peg.2446.site.21, 43, 97, 140
349741.6.peg.2446.site.22, 32, 97, 129
349741.6.peg.2446.site.23, 4, 86, 90
349741.6.peg.2446.site.24, 2, 83, 85
349741.6.peg.2446.site.25, 75, 83, 158
349741.6.peg.2446.site.26, 12, 84, 96
349741.6.peg.2446.site.27, 10, 92, 102
349741.6.peg.2446.site.28, 14, 96, 110
349741.6.peg.2446.site.29, 96, 96, 192
349741.6.peg.2446.site.30, 2, 97, 99
349741.6.peg.2446.site.31, 48, 96, 144
349741.6.peg.2446.site.32, 11, 93, 104
349741.6.peg.2446.site.33, 51, 90, 141
349741.6.peg.2446.site.34, 22, 90, 112
349741.6.peg.2446.site.35, 3, 85, 88
349741.6.peg.2446.site.36, 1, 83, 84
349741.6.peg.2446.site.37, 1, 83, 84
349741.6.peg.2446.site.38, 64, 93, 157
349741.6.peg.2446.site.39, 12, 94, 106
349741.6.peg.2446.site.40, 2, 97, 99
349741.6.peg.2446.site.41, 15, 97, 112
349741.6.peg.2446.site.42, 23, 86, 109
349741.6.peg.2446.site.43, 65, 79, 144
349741.6.peg.2446.site.44, 14, 84, 98
349741.6.peg.2446.site.45, 15, 96, 111
349741.6.peg.2446.site.46, 0, 95, 95
349741.6.peg.2446.site.47, 2, 97, 99
349741.6.peg.2446.site.48, 3, 97, 100
349741.6.peg.202.site.1, 20, 80, 100
349741.6.peg.202.site.2, 20, 80, 100
349741.6.peg.202.site.3, 20, 80, 100
349741.6.peg.202.site.4, 1, 61, 62
349741.6.peg.202.site.5, 1, 18, 19
349741.6.peg.202.site.6, 1, 23, 24
349741.6.peg.202.site.7, 8, 25, 33
349741.6.peg.2472.site.1, 0, 96, 96
349741.6.peg.2472.site.2, 21, 97, 118
349741.6.peg.2472.site.3, 21, 97, 118
349741.6.peg.2472.site.4, 63, 97, 160
349741.6.peg.2472.site.5, 3, 97, 100
349741.6.peg.2472.site.6, 21, 97, 118
349741.6.peg.2472.site.7, 21, 97, 118
349741.6.peg.2472.site.8, 33, 97, 130
349741.6.peg.2472.site.9, 25, 97, 122
349741.6.peg.2472.site.10, 19, 95, 114
349741.6.peg.2472.site.11, 19, 95, 114
349741.6.peg.2472.site.12, 23, 95, 118
349741.6.peg.2472.site.13, 22, 93, 115
349741.6.peg.2472.site.14, 3, 95, 98
349741.6.peg.2472.site.15, 26, 96, 122
349741.6.peg.2473.site.1, 0, 84, 84
349741.6.peg.2473.site.2, 25, 97, 122
349741.6.peg.2473.site.3, 17, 82, 99
349741.6.peg.2473.site.4, 5, 78, 83
349741.6.peg.2473.site.5, 7, 80, 87
349741.6.peg.2473.site.6, 25, 92, 117
349741.6.peg.2473.site.7, 20, 93, 113
349741.6.peg.2473.site.8, 23, 96, 119
349741.6.peg.2473.site.9, 23, 95, 118
349741.6.peg.2473.site.10, 22, 95, 117
349741.6.peg.2473.site.11, 0, 97, 97
349741.6.peg.2473.site.12, 24, 97, 121
349741.6.peg.2473.site.13, 52, 97, 149
349741.6.peg.2473.site.14, 12, 85, 97
349741.6.peg.2473.site.15, 2, 71, 73
349741.6.peg.2473.site.16, 26, 68, 94
349741.6.peg.2473.site.17, 2, 72, 74
349741.6.peg.2473.site.18, 30, 70, 100
349741.6.peg.2473.site.19, 50, 87, 137
349741.6.peg.2473.site.20, 22, 91, 113
349741.6.peg.2473.site.21, 2, 91, 93
349741.6.peg.200.site.1, 70, 96, 166
349741.6.peg.200.site.2, 34, 97, 131
349741.6.peg.200.site.3, 5, 97, 102
349741.6.peg.200.site.4, 30, 97, 127
349741.6.peg.200.site.5, 32, 97, 129
349741.6.peg.200.site.6, 64, 97, 161
349741.6.peg.200.site.7, 32, 97, 129
349741.6.peg.200.site.8, 4, 97, 101
349741.6.peg.200.site.9, 19, 97, 116
349741.6.peg.200.site.10, 19, 97, 116
349741.6.peg.200.site.11, 16, 97, 113
349741.6.peg.200.site.12, 2, 96, 98
349741.6.peg.200.site.13, 19, 95, 114
349741.6.peg.200.site.14, 0, 96, 96
349741.6.peg.200.site.15, 23, 96, 119
349741.6.peg.200.site.16, 39, 97, 136
349741.6.peg.200.site.17, 15, 97, 112
349741.6.peg.200.site.18, 15, 97, 112
349741.6.peg.200.site.19, 60, 97, 157
349741.6.peg.200.site.20, 13, 96, 109
349741.6.peg.200.site.21, 26, 97, 123
349741.6.peg.200.site.22, 4, 97, 101
349741.6.peg.200.site.23, 14, 97, 111
349741.6.peg.200.site.24, 12, 97, 109
349741.6.peg.200.site.25, 54, 96, 150
349741.6.peg.200.site.26, 40, 96, 136
349741.6.peg.200.site.27, 0, 97, 97
349741.6.peg.200.site.28, 14, 97, 111
349741.6.peg.200.site.29, 4, 97, 101
349741.6.peg.200.site.30, 12, 96, 108
349741.6.peg.200.site.31, 6, 97, 103
349741.6.peg.200.site.32, 2, 97, 99
349741.6.peg.200.site.33, 1, 97, 98
349741.6.peg.200.site.34, 1, 96, 97
349741.6.peg.200.site.35, 17, 95, 112
349741.6.peg.200.site.36, 3, 97, 100
349741.6.peg.200.site.37, 0, 97, 97
349741.6.peg.200.site.38, 4, 97, 101
349741.6.peg.200.site.39, 6, 96, 102
349741.6.peg.200.site.40, 7, 96, 103
349741.6.peg.2475.site.1, 1, 71, 72
349741.6.peg.2475.site.2, 36, 79, 115
349741.6.peg.2475.site.3, 37, 75, 112
349741.6.peg.2475.site.4, 35, 78, 113
349741.6.peg.2475.site.5, 8, 52, 60
349741.6.peg.2475.site.6, 5, 50, 55
349741.6.peg.2475.site.7, 3, 46, 49
349741.6.peg.2475.site.8, 53, 53, 106
349741.6.peg.2475.site.9, 44, 73, 117
349741.6.peg.2475.site.10, 49, 78, 127
349741.6.peg.2475.site.11, 34, 84, 118
349741.6.peg.2475.site.12, 1, 89, 90
349741.6.peg.2475.site.13, 37, 89, 126
349741.6.peg.2475.site.14, 34, 85, 119
349741.6.peg.2475.site.15, 36, 88, 124
349741.6.peg.2475.site.16, 11, 89, 100
349741.6.peg.2475.site.17, 18, 95, 113
349741.6.peg.2475.site.18, 44, 97, 141
349741.6.peg.2475.site.19, 32, 85, 117
349741.6.peg.2475.site.20, 33, 84, 117
349741.6.peg.2475.site.21, 2, 97, 99
349741.6.peg.2475.site.22, 44, 94, 138
349741.6.peg.2475.site.23, 7, 96, 103
349741.6.peg.2475.site.24, 13, 94, 107
349741.6.peg.2475.site.25, 11, 90, 101
349741.6.peg.2475.site.26, 18, 93, 111
349741.6.peg.2475.site.27, 30, 78, 108
349741.6.peg.2475.site.28, 63, 71, 134
349741.6.peg.2475.site.29, 41, 76, 117
349741.6.peg.1253.site.1, 6, 96, 102
349741.6.peg.1253.site.2, 1, 97, 98
349741.6.peg.1253.site.3, 62, 97, 159
349741.6.peg.1253.site.4, 2, 97, 99
349741.6.peg.1253.site.5, 46, 97, 143
349741.6.peg.1253.site.6, 6, 97, 103
349741.6.peg.1253.site.7, 1, 97, 98
349741.6.peg.1253.site.8, 2, 97, 99
349741.6.peg.1253.site.9, 17, 97, 114
349741.6.peg.1253.site.10, 2, 97, 99
349741.6.peg.1253.site.11, 35, 96, 131
349741.6.peg.1253.site.12, 96, 96, 192
349741.6.peg.1253.site.13, 3, 97, 100
349741.6.peg.1253.site.14, 94, 97, 191
349741.6.peg.1253.site.15, 36, 97, 133
349741.6.peg.1253.site.16, 81, 97, 178
349741.6.peg.1253.site.17, 50, 97, 147
349741.6.peg.1253.site.18, 97, 97, 194
349741.6.peg.1253.site.19, 2, 97, 99
349741.6.peg.1253.site.20, 45, 97, 142
349741.6.peg.1253.site.21, 2, 97, 99
349741.6.peg.1253.site.22, 35, 97, 132
349741.6.peg.1253.site.23, 5, 97, 102
349741.6.peg.1252.site.1, 1, 97, 98
349741.6.peg.1252.site.2, 81, 97, 178
349741.6.peg.1252.site.3, 4, 97, 101
349741.6.peg.1252.site.4, 87, 97, 184
349741.6.peg.1252.site.5, 2, 97, 99
349741.6.peg.1252.site.6, 3, 97, 100
349741.6.peg.1252.site.7, 93, 97, 190
349741.6.peg.1252.site.8, 1, 95, 96
349741.6.peg.1252.site.9, 26, 95, 121
349741.6.peg.1252.site.10, 89, 97, 186
349741.6.peg.1252.site.11, 7, 97, 104
349741.6.peg.1252.site.12, 81, 97, 178
349741.6.peg.1252.site.13, 81, 97, 178
349741.6.peg.1251.site.1, 2, 96, 98
349741.6.peg.1251.site.2, 2, 92, 94
349741.6.peg.1251.site.3, 52, 95, 147
349741.6.peg.1251.site.4, 6, 97, 103
349741.6.peg.1251.site.5, 5, 97, 102
349741.6.peg.1251.site.6, 49, 97, 146
349741.6.peg.1251.site.7, 1, 97, 98
349741.6.peg.1251.site.8, 51, 95, 146
349741.6.peg.1251.site.9, 1, 97, 98
349741.6.peg.1251.site.10, 33, 97, 130
349741.6.peg.1251.site.11, 31, 96, 127
349741.6.peg.1251.site.12, 61, 97, 158
349741.6.peg.1251.site.13, 35, 96, 131
349741.6.peg.1251.site.14, 3, 96, 99
349741.6.peg.1251.site.15, 47, 96, 143
349741.6.peg.1251.site.16, 2, 96, 98
349741.6.peg.1251.site.17, 83, 97, 180
349741.6.peg.1251.site.18, 81, 96, 177
349741.6.peg.1251.site.19, 51, 97, 148
349741.6.peg.1250.site.1, 4, 97, 101
349741.6.peg.1250.site.2, 51, 97, 148
349741.6.peg.1250.site.3, 9, 94, 103
349741.6.peg.1250.site.4, 28, 96, 124
349741.6.peg.1250.site.5, 53, 97, 150
349741.6.peg.1250.site.6, 3, 97, 100
349741.6.peg.1250.site.7, 33, 96, 129
349741.6.peg.1250.site.8, 2, 97, 99
349741.6.peg.1250.site.9, 51, 95, 146
349741.6.peg.1250.site.10, 11, 97, 108
349741.6.peg.1250.site.11, 9, 95, 104
349741.6.peg.1250.site.12, 8, 97, 105
349741.6.peg.1250.site.13, 52, 96, 148
349741.6.peg.1250.site.14, 28, 95, 123
349741.6.peg.1250.site.15, 80, 96, 176
349741.6.peg.1250.site.16, 1, 95, 96
349741.6.peg.1250.site.17, 1, 96, 97
349741.6.peg.1250.site.18, 1, 94, 95
349741.6.peg.1250.site.19, 5, 94, 99
349741.6.peg.1250.site.20, 62, 95, 157
349741.6.peg.1250.site.21, 52, 96, 148
349741.6.peg.1250.site.22, 58, 97, 155
349741.6.peg.1250.site.23, 20, 97, 117
349741.6.peg.1250.site.24, 1, 97, 98
349741.6.peg.1250.site.25, 2, 97, 99
349741.6.peg.1250.site.26, 1, 97, 98
349741.6.peg.1250.site.27, 8, 97, 105
349741.6.peg.1250.site.28, 1, 97, 98
349741.6.peg.1256.site.1, 3, 88, 91
349741.6.peg.1256.site.2, 4, 88, 92
349741.6.peg.1256.site.3, 76, 92, 168
349741.6.peg.1256.site.4, 75, 91, 166
349741.6.peg.1256.site.5, 69, 85, 154
349741.6.peg.1256.site.6, 89, 89, 178
349741.6.peg.1256.site.7, 2, 97, 99
349741.6.peg.1256.site.8, 81, 97, 178
349741.6.peg.1256.site.9, 0, 97, 97
349741.6.peg.1256.site.10, 2, 97, 99
349741.6.peg.1256.site.11, 14, 96, 110
349741.6.peg.1256.site.12, 4, 97, 101
349741.6.peg.1256.site.13, 1, 97, 98
349741.6.peg.1256.site.14, 6, 96, 102
349741.6.peg.1256.site.15, 9, 97, 106
349741.6.peg.1256.site.16, 1, 96, 97
349741.6.peg.1256.site.17, 1, 97, 98
349741.6.peg.1256.site.18, 3, 97, 100
349741.6.peg.1256.site.19, 8, 97, 105
349741.6.peg.1256.site.20, 14, 97, 111
349741.6.peg.1256.site.21, 1, 97, 98
349741.6.peg.205.site.1, 9, 92, 101
349741.6.peg.205.site.2, 80, 93, 173
349741.6.peg.205.site.3, 35, 97, 132
349741.6.peg.205.site.4, 92, 97, 189
349741.6.peg.205.site.5, 0, 97, 97
349741.6.peg.205.site.6, 18, 97, 115
349741.6.peg.205.site.7, 18, 97, 115
349741.6.peg.205.site.8, 6, 97, 103
349741.6.peg.205.site.9, 6, 97, 103
349741.6.peg.205.site.10, 6, 96, 102
349741.6.peg.205.site.11, 94, 96, 190
349741.6.peg.205.site.12, 29, 96, 125
349741.6.peg.205.site.13, 23, 91, 114
349741.6.peg.205.site.14, 19, 86, 105
349741.6.peg.205.site.15, 10, 71, 81
349741.6.peg.205.site.16, 11, 78, 89
349741.6.peg.205.site.17, 12, 95, 107
349741.6.peg.205.site.18, 1, 95, 96
349741.6.peg.205.site.19, 28, 96, 124
349741.6.peg.205.site.20, 4, 96, 100
349741.6.peg.205.site.21, 28, 93, 121
349741.6.peg.205.site.22, 5, 94, 99
349741.6.peg.205.site.23, 6, 93, 99
349741.6.peg.205.site.24, 0, 93, 93
349741.6.peg.205.site.25, 3, 92, 95
349741.6.peg.205.site.26, 34, 93, 127
349741.6.peg.205.site.27, 3, 93, 96
349741.6.peg.205.site.28, 1, 95, 96
349741.6.peg.205.site.29, 0, 96, 96
349741.6.peg.205.site.30, 29, 95, 124
349741.6.peg.205.site.31, 14, 97, 111
349741.6.peg.205.site.32, 4, 97, 101
349741.6.peg.205.site.33, 84, 97, 181
349741.6.peg.205.site.34, 0, 97, 97
349741.6.peg.205.site.35, 31, 97, 128
349741.6.peg.205.site.36, 18, 96, 114
349741.6.peg.205.site.37, 7, 96, 103
349741.6.peg.205.site.38, 30, 95, 125
349741.6.peg.205.site.39, 30, 93, 123
349741.6.peg.205.site.40, 30, 93, 123
349741.6.peg.205.site.41, 39, 95, 134
349741.6.peg.205.site.42, 41, 97, 138
349741.6.peg.205.site.43, 41, 96, 137
349741.6.peg.205.site.44, 46, 94, 140
349741.6.peg.205.site.45, 39, 95, 134
349741.6.peg.2299.site.1, 14, 90, 104
349741.6.peg.2299.site.2, 1, 92, 93
349741.6.peg.2299.site.3, 3, 85, 88
349741.6.peg.2299.site.4, 3, 83, 86
349741.6.peg.2299.site.5, 3, 83, 86
349741.6.peg.2299.site.6, 9, 87, 96
349741.6.peg.2299.site.7, 8, 86, 94
349741.6.peg.2299.site.8, 1, 95, 96
349741.6.peg.2299.site.9, 90, 95, 185
349741.6.peg.2299.site.10, 12, 93, 105
349741.6.peg.2299.site.11, 59, 93, 152
349741.6.peg.2299.site.12, 1, 94, 95
349741.6.peg.2299.site.13, 9, 92, 101
349741.6.peg.2299.site.14, 9, 92, 101
349741.6.peg.2299.site.15, 7, 89, 96
349741.6.peg.2299.site.16, 12, 96, 108
349741.6.peg.2299.site.17, 12, 94, 106
349741.6.peg.2299.site.18, 2, 92, 94
349741.6.peg.2299.site.19, 51, 85, 136
349741.6.peg.2299.site.20, 12, 88, 100
349741.6.peg.2299.site.21, 57, 91, 148
349741.6.peg.2299.site.22, 82, 83, 165
349741.6.peg.2299.site.23, 57, 77, 134
349741.6.peg.2299.site.24, 72, 78, 150
349741.6.peg.2299.site.25, 1, 71, 72
349741.6.peg.2299.site.26, 53, 75, 128
349741.6.peg.2299.site.27, 2, 73, 75
349741.6.peg.2299.site.28, 21, 69, 90
349741.6.peg.2299.site.29, 21, 75, 96
349741.6.peg.2299.site.30, 50, 87, 137
349741.6.peg.2299.site.31, 13, 82, 95
349741.6.peg.2299.site.32, 1, 73, 74
349741.6.peg.1329.site.1, 10, 97, 107
349741.6.peg.1329.site.2, 57, 97, 154
349741.6.peg.1329.site.3, 55, 97, 152
349741.6.peg.1329.site.4, 12, 97, 109
349741.6.peg.1329.site.5, 5, 97, 102
349741.6.peg.1329.site.6, 5, 96, 101
349741.6.peg.1329.site.7, 79, 96, 175
349741.6.peg.1329.site.8, 8, 97, 105
349741.6.peg.1329.site.9, 6, 95, 101
349741.6.peg.1329.site.10, 5, 95, 100
349741.6.peg.1329.site.11, 5, 97, 102
349741.6.peg.1328.site.1, 46, 96, 142
349741.6.peg.1328.site.2, 0, 95, 95
349741.6.peg.1328.site.3, 47, 97, 144
349741.6.peg.1327.site.1, 18, 97, 115
349741.6.peg.1327.site.2, 41, 97, 138
349741.6.peg.1327.site.3, 19, 96, 115
349741.6.peg.1327.site.4, 90, 95, 185
349741.6.peg.1327.site.5, 0, 97, 97
349741.6.peg.1327.site.6, 49, 96, 145
349741.6.peg.1327.site.7, 20, 95, 115
349741.6.peg.1327.site.8, 79, 96, 175
349741.6.peg.1327.site.9, 47, 97, 144
349741.6.peg.1327.site.10, 1, 97, 98
349741.6.peg.1327.site.11, 47, 97, 144
349741.6.peg.1327.site.12, 1, 97, 98
349741.6.peg.1327.site.13, 46, 95, 141
349741.6.peg.1327.site.14, 96, 96, 192
349741.6.peg.1327.site.15, 39, 96, 135
349741.6.peg.1326.site.1, 2, 86, 88
349741.6.peg.1326.site.2, 58, 90, 148
349741.6.peg.1326.site.3, 43, 95, 138
349741.6.peg.1326.site.4, 1, 90, 91
349741.6.peg.1326.site.5, 73, 88, 161
349741.6.peg.1326.site.6, 1, 86, 87
349741.6.peg.1326.site.7, 1, 87, 88
349741.6.peg.1326.site.8, 71, 95, 166
349741.6.peg.1326.site.9, 40, 95, 135
349741.6.peg.1326.site.10, 47, 97, 144
349741.6.peg.1326.site.11, 50, 96, 146
349741.6.peg.1326.site.12, 22, 97, 119
349741.6.peg.1325.site.1, 23, 96, 119
349741.6.peg.1325.site.2, 19, 90, 109
349741.6.peg.1325.site.3, 1, 92, 93
349741.6.peg.1325.site.4, 1, 95, 96
349741.6.peg.1325.site.5, 2, 93, 95
349741.6.peg.1325.site.6, 1, 97, 98
349741.6.peg.1325.site.7, 3, 96, 99
349741.6.peg.1325.site.8, 23, 97, 120
349741.6.peg.1325.site.9, 3, 97, 100
349741.6.peg.1325.site.10, 0, 97, 97
349741.6.peg.1325.site.11, 3, 97, 100
349741.6.peg.1325.site.12, 10, 96, 106
349741.6.peg.1325.site.13, 21, 96, 117
349741.6.peg.1325.site.14, 5, 96, 101
349741.6.peg.1325.site.15, 2, 96, 98
349741.6.peg.1325.site.16, 2, 96, 98
349741.6.peg.1325.site.17, 1, 97, 98
349741.6.peg.1325.site.18, 1, 97, 98
349741.6.peg.1325.site.19, 1, 97, 98
349741.6.peg.1325.site.20, 18, 95, 113
349741.6.peg.1325.site.21, 28, 97, 125
349741.6.peg.1324.site.1, 97, 97, 194
349741.6.peg.1324.site.2, 0, 97, 97
349741.6.peg.1324.site.3, 5, 96, 101
349741.6.peg.1324.site.4, 2, 94, 96
349741.6.peg.1324.site.5, 7, 97, 104
349741.6.peg.1324.site.6, 61, 97, 158
349741.6.peg.1324.site.7, 22, 97, 119
349741.6.peg.1324.site.8, 57, 97, 154
349741.6.peg.1324.site.9, 39, 96, 135
349741.6.peg.1324.site.10, 22, 96, 118
349741.6.peg.1324.site.11, 2, 97, 99
349741.6.peg.1324.site.12, 92, 97, 189
349741.6.peg.1324.site.13, 58, 97, 155
349741.6.peg.1324.site.14, 21, 97, 118
349741.6.peg.1324.site.15, 22, 97, 119
349741.6.peg.1323.site.1, 2, 94, 96
349741.6.peg.1323.site.2, 1, 96, 97
349741.6.peg.1323.site.3, 81, 97, 178
349741.6.peg.1323.site.4, 6, 97, 103
349741.6.peg.1323.site.5, 8, 97, 105
349741.6.peg.1323.site.6, 2, 97, 99
349741.6.peg.1323.site.7, 1, 97, 98
349741.6.peg.1323.site.8, 91, 97, 188
349741.6.peg.1323.site.9, 1, 97, 98
349741.6.peg.1323.site.10, 93, 97, 190
349741.6.peg.1323.site.11, 27, 96, 123
349741.6.peg.1323.site.12, 91, 96, 187
349741.6.peg.1323.site.13, 24, 97, 121
349741.6.peg.1323.site.14, 3, 97, 100
349741.6.peg.1323.site.15, 2, 97, 99
349741.6.peg.1323.site.16, 1, 97, 98
349741.6.peg.1323.site.17, 90, 97, 187
349741.6.peg.1323.site.18, 64, 97, 161
349741.6.peg.1323.site.19, 3, 97, 100
349741.6.peg.1323.site.20, 92, 97, 189
349741.6.peg.1323.site.21, 56, 97, 153
349741.6.peg.1323.site.22, 97, 97, 194
349741.6.peg.1323.site.23, 11, 97, 108
349741.6.peg.1323.site.24, 1, 96, 97
349741.6.peg.1323.site.25, 0, 97, 97
349741.6.peg.1323.site.26, 1, 97, 98
349741.6.peg.1323.site.27, 1, 97, 98
349741.6.peg.1323.site.28, 0, 97, 97
349741.6.peg.1322.site.1, 53, 65, 118
349741.6.peg.1322.site.2, 7, 74, 81
349741.6.peg.1322.site.3, 0, 94, 94
349741.6.peg.1322.site.4, 26, 95, 121
349741.6.peg.1322.site.5, 88, 97, 185
349741.6.peg.1322.site.6, 37, 97, 134
349741.6.peg.1322.site.7, 16, 97, 113
349741.6.peg.1322.site.8, 88, 97, 185
349741.6.peg.1322.site.9, 76, 90, 166
349741.6.peg.1322.site.10, 74, 86, 160
349741.6.peg.1321.site.1, 86, 97, 183
349741.6.peg.1321.site.2, 3, 97, 100
349741.6.peg.1321.site.3, 0, 96, 96
349741.6.peg.1321.site.4, 1, 96, 97
349741.6.peg.1321.site.5, 59, 97, 156
349741.6.peg.1321.site.6, 4, 97, 101
349741.6.peg.1321.site.7, 87, 97, 184
349741.6.peg.1321.site.8, 0, 97, 97
349741.6.peg.1321.site.9, 0, 97, 97
349741.6.peg.1321.site.10, 81, 97, 178
349741.6.peg.1321.site.11, 1, 96, 97
349741.6.peg.1321.site.12, 1, 95, 96
349741.6.peg.1321.site.13, 90, 97, 187
349741.6.peg.1321.site.14, 33, 97, 130
349741.6.peg.1321.site.15, 17, 72, 89
349741.6.peg.1321.site.16, 52, 68, 120
349741.6.peg.1321.site.17, 4, 72, 76
349741.6.peg.1321.site.18, 76, 80, 156
349741.6.peg.1321.site.19, 87, 91, 178
349741.6.peg.1321.site.20, 63, 97, 160
349741.6.peg.1321.site.21, 6, 97, 103
349741.6.peg.1321.site.22, 1, 96, 97
349741.6.peg.1321.site.23, 83, 96, 179
349741.6.peg.1321.site.24, 3, 96, 99
349741.6.peg.1321.site.25, 79, 95, 174
349741.6.peg.1321.site.26, 89, 94, 183
349741.6.peg.1321.site.27, 1, 95, 96
349741.6.peg.1321.site.28, 7, 80, 87
349741.6.peg.1321.site.29, 2, 80, 82
349741.6.peg.1321.site.30, 4, 85, 89
349741.6.peg.1321.site.31, 76, 92, 168
349741.6.peg.1321.site.32, 1, 93, 94
349741.6.peg.1321.site.33, 77, 93, 170
349741.6.peg.1321.site.34, 41, 57, 98
349741.6.peg.1321.site.35, 16, 83, 99
349741.6.peg.1321.site.36, 79, 90, 169
349741.6.peg.1321.site.37, 44, 96, 140
349741.6.peg.1321.site.38, 36, 97, 133
349741.6.peg.1320.site.1, 27, 97, 124
349741.6.peg.1320.site.2, 1, 97, 98
349741.6.peg.1320.site.3, 84, 97, 181
349741.6.peg.1320.site.4, 0, 97, 97
349741.6.peg.1320.site.5, 12, 97, 109
349741.6.peg.1320.site.6, 1, 97, 98
349741.6.peg.1320.site.7, 2, 97, 99
349741.6.peg.1320.site.8, 2, 97, 99
349741.6.peg.1320.site.9, 1, 97, 98
349741.6.peg.1320.site.10, 4, 97, 101
349741.6.peg.1320.site.11, 95, 96, 191
349741.6.peg.1320.site.12, 94, 94, 188
349741.6.peg.1320.site.13, 8, 94, 102
349741.6.peg.1320.site.14, 6, 68, 74
349741.6.peg.1320.site.15, 25, 67, 92
349741.6.peg.1320.site.16, 23, 71, 94
349741.6.peg.1320.site.17, 73, 74, 147
349741.6.peg.1320.site.18, 2, 95, 97
349741.6.peg.1320.site.19, 84, 95, 179
349741.6.peg.1320.site.20, 6, 97, 103
349741.6.peg.1320.site.21, 32, 97, 129
349741.6.peg.1320.site.22, 6, 96, 102
349741.6.peg.1320.site.23, 82, 88, 170
349741.6.peg.1320.site.24, 6, 91, 97
349741.6.peg.1320.site.25, 0, 95, 95
349741.6.peg.1320.site.26, 81, 97, 178
349741.6.peg.1320.site.27, 6, 97, 103
349741.6.peg.1320.site.28, 3, 97, 100
349741.6.peg.1320.site.29, 18, 97, 115
349741.6.peg.1320.site.30, 0, 97, 97
349741.6.peg.1320.site.31, 81, 97, 178
349741.6.peg.1320.site.32, 1, 97, 98
349741.6.peg.1320.site.33, 90, 97, 187
349741.6.peg.1320.site.34, 44, 96, 140
349741.6.peg.1320.site.35, 90, 97, 187
349741.6.peg.1320.site.36, 4, 96, 100
349741.6.peg.1320.site.37, 1, 97, 98
349741.6.peg.1320.site.38, 1, 96, 97
349741.6.peg.1320.site.39, 76, 95, 171
349741.6.peg.1320.site.40, 6, 96, 102
349741.6.peg.1320.site.41, 3, 97, 100
349741.6.peg.1320.site.42, 79, 95, 174
349741.6.peg.1320.site.43, 26, 91, 117
349741.6.peg.1320.site.44, 16, 90, 106
349741.6.peg.1320.site.45, 77, 94, 171
349741.6.peg.1320.site.46, 5, 95, 100
349741.6.peg.1320.site.47, 5, 96, 101
349741.6.peg.1320.site.48, 5, 97, 102
349741.6.peg.1320.site.49, 92, 97, 189
349741.6.peg.1320.site.50, 5, 97, 102
349741.6.peg.1320.site.51, 74, 97, 171
349741.6.peg.1320.site.52, 0, 95, 95
349741.6.peg.1320.site.53, 1, 97, 98
349741.6.peg.1320.site.54, 1, 96, 97
349741.6.peg.1320.site.55, 1, 97, 98
349741.6.peg.1320.site.56, 4, 97, 101
349741.6.peg.1320.site.57, 1, 96, 97
349741.6.peg.1320.site.58, 27, 96, 123
349741.6.peg.1320.site.59, 79, 96, 175
349741.6.peg.1320.site.60, 80, 97, 177
349741.6.peg.479.site.1, 0, 94, 94
349741.6.peg.479.site.2, 93, 94, 187
349741.6.peg.478.site.1, 81, 97, 178
349741.6.peg.478.site.2, 59, 97, 156
349741.6.peg.478.site.3, 22, 97, 119
349741.6.peg.478.site.4, 22, 97, 119
349741.6.peg.478.site.5, 2, 97, 99
349741.6.peg.478.site.6, 59, 97, 156
349741.6.peg.478.site.7, 68, 96, 164
349741.6.peg.478.site.8, 4, 97, 101
349741.6.peg.478.site.9, 55, 97, 152
349741.6.peg.478.site.10, 72, 97, 169
349741.6.peg.478.site.11, 65, 97, 162
349741.6.peg.478.site.12, 0, 97, 97
349741.6.peg.478.site.13, 72, 97, 169
349741.6.peg.478.site.14, 3, 97, 100
349741.6.peg.478.site.15, 72, 97, 169
349741.6.peg.478.site.16, 8, 97, 105
349741.6.peg.478.site.17, 18, 97, 115
349741.6.peg.478.site.18, 3, 97, 100
349741.6.peg.478.site.19, 7, 97, 104
349741.6.peg.478.site.20, 3, 96, 99
349741.6.peg.478.site.21, 70, 95, 165
349741.6.peg.478.site.22, 72, 97, 169
349741.6.peg.478.site.23, 72, 97, 169
349741.6.peg.478.site.24, 65, 97, 162
349741.6.peg.478.site.25, 65, 97, 162
349741.6.peg.478.site.26, 72, 97, 169
349741.6.peg.478.site.27, 0, 97, 97
349741.6.peg.478.site.28, 1, 97, 98
349741.6.peg.478.site.29, 21, 97, 118
349741.6.peg.478.site.30, 95, 96, 191
349741.6.peg.2077.site.1, 53, 97, 150
349741.6.peg.2077.site.2, 1, 97, 98
349741.6.peg.2077.site.3, 53, 97, 150
349741.6.peg.2077.site.4, 7, 97, 104
349741.6.peg.2077.site.5, 31, 97, 128
349741.6.peg.2077.site.6, 2, 95, 97
349741.6.peg.2077.site.7, 0, 95, 95
349741.6.peg.2077.site.8, 53, 97, 150
349741.6.peg.2077.site.9, 53, 97, 150
349741.6.peg.2077.site.10, 52, 97, 149
349741.6.peg.2077.site.11, 53, 97, 150
349741.6.peg.2077.site.12, 52, 96, 148
349741.6.peg.2077.site.13, 53, 97, 150
349741.6.peg.2077.site.14, 36, 97, 133
349741.6.peg.2077.site.15, 52, 97, 149
349741.6.peg.2077.site.16, 0, 97, 97
349741.6.peg.2077.site.17, 3, 97, 100
349741.6.peg.2077.site.18, 52, 97, 149
349741.6.peg.2077.site.19, 1, 97, 98
349741.6.peg.2077.site.20, 27, 97, 124
349741.6.peg.2077.site.21, 7, 97, 104
349741.6.peg.2077.site.22, 1, 97, 98
349741.6.peg.2077.site.23, 2, 96, 98
349741.6.peg.2077.site.24, 33, 96, 129
349741.6.peg.2077.site.25, 52, 97, 149
349741.6.peg.2077.site.26, 42, 96, 138
349741.6.peg.2077.site.27, 42, 97, 139
349741.6.peg.2077.site.28, 3, 97, 100
349741.6.peg.2077.site.29, 51, 96, 147
349741.6.peg.2077.site.30, 52, 97, 149
349741.6.peg.2077.site.31, 3, 97, 100
349741.6.peg.2077.site.32, 52, 97, 149
349741.6.peg.2077.site.33, 9, 97, 106
349741.6.peg.2077.site.34, 43, 97, 140
349741.6.peg.2077.site.35, 52, 97, 149
349741.6.peg.2077.site.36, 40, 97, 137
349741.6.peg.2077.site.37, 42, 97, 139
349741.6.peg.2077.site.38, 52, 97, 149
349741.6.peg.2077.site.39, 52, 97, 149
349741.6.peg.2077.site.40, 52, 97, 149
349741.6.peg.2077.site.41, 41, 97, 138
349741.6.peg.2077.site.42, 52, 97, 149
349741.6.peg.2077.site.43, 43, 97, 140
349741.6.peg.2077.site.44, 7, 97, 104
349741.6.peg.2077.site.45, 0, 97, 97
349741.6.peg.2077.site.46, 56, 97, 153
349741.6.peg.2077.site.47, 7, 97, 104
349741.6.peg.2077.site.48, 2, 97, 99
349741.6.peg.2077.site.49, 36, 97, 133
349741.6.peg.2077.site.50, 0, 96, 96
349741.6.peg.2077.site.51, 88, 95, 183
349741.6.peg.2077.site.52, 47, 97, 144
349741.6.peg.2077.site.53, 0, 97, 97
349741.6.peg.2077.site.54, 40, 97, 137
349741.6.peg.2077.site.55, 0, 96, 96
349741.6.peg.2077.site.56, 43, 97, 140
349741.6.peg.2077.site.57, 1, 85, 86
349741.6.peg.2077.site.58, 9, 82, 91
349741.6.peg.2077.site.59, 43, 83, 126
349741.6.peg.2077.site.60, 3, 77, 80
349741.6.peg.2077.site.61, 2, 74, 76
349741.6.peg.2077.site.62, 1, 71, 72
349741.6.peg.2077.site.63, 1, 74, 75
349741.6.peg.2074.site.1, 11, 35, 46
349741.6.peg.2074.site.2, 1, 33, 34
349741.6.peg.2074.site.3, 7, 37, 44
349741.6.peg.2074.site.4, 3, 39, 42
349741.6.peg.2074.site.5, 12, 39, 51
349741.6.peg.2074.site.6, 1, 56, 57
349741.6.peg.2074.site.7, 2, 55, 57
349741.6.peg.2074.site.8, 18, 48, 66
349741.6.peg.2074.site.9, 7, 37, 44
349741.6.peg.2074.site.10, 14, 44, 58
349741.6.peg.2074.site.11, 22, 48, 70
349741.6.peg.2074.site.12, 5, 96, 101
349741.6.peg.2074.site.13, 66, 96, 162
349741.6.peg.2074.site.14, 71, 96, 167
349741.6.peg.2074.site.15, 65, 95, 160
349741.6.peg.2074.site.16, 66, 96, 162
349741.6.peg.2074.site.17, 27, 97, 124
349741.6.peg.2074.site.18, 14, 97, 111
349741.6.peg.2074.site.19, 75, 97, 172
349741.6.peg.2074.site.20, 52, 96, 148
349741.6.peg.2070.site.1, 11, 33, 44
349741.6.peg.2070.site.2, 72, 94, 166
349741.6.peg.2070.site.3, 3, 97, 100
349741.6.peg.2070.site.4, 9, 97, 106
349741.6.peg.2070.site.5, 75, 97, 172
349741.6.peg.2070.site.6, 4, 97, 101
349741.6.peg.2070.site.7, 4, 97, 101
349741.6.peg.2070.site.8, 16, 96, 112
349741.6.peg.2070.site.9, 10, 94, 104
349741.6.peg.2070.site.10, 73, 95, 168
349741.6.peg.2070.site.11, 71, 93, 164
349741.6.peg.2070.site.12, 60, 82, 142
349741.6.peg.2070.site.13, 68, 90, 158
349741.6.peg.2070.site.14, 12, 94, 106
349741.6.peg.2070.site.15, 65, 91, 156
349741.6.peg.2070.site.16, 1, 65, 66
349741.6.peg.2070.site.17, 32, 63, 95
349741.6.peg.2070.site.18, 17, 41, 58
349741.6.peg.2070.site.19, 8, 56, 64
349741.6.peg.2070.site.20, 8, 73, 81
349741.6.peg.2070.site.21, 45, 68, 113
349741.6.peg.2070.site.22, 52, 75, 127
349741.6.peg.2070.site.23, 2, 86, 88
349741.6.peg.2070.site.24, 58, 82, 140
349741.6.peg.2070.site.25, 77, 87, 164
349741.6.peg.2070.site.26, 59, 83, 142
349741.6.peg.2070.site.27, 15, 89, 104
349741.6.peg.2070.site.28, 16, 46, 62
349741.6.peg.2070.site.29, 8, 38, 46
349741.6.peg.474.site.1, 27, 97, 124
349741.6.peg.474.site.2, 32, 97, 129
349741.6.peg.474.site.3, 7, 97, 104
349741.6.peg.474.site.4, 96, 97, 193
349741.6.peg.474.site.5, 2, 97, 99
349741.6.peg.474.site.6, 6, 97, 103
349741.6.peg.474.site.7, 35, 96, 131
349741.6.peg.474.site.8, 36, 96, 132
349741.6.peg.474.site.9, 2, 97, 99
349741.6.peg.474.site.10, 95, 96, 191
349741.6.peg.474.site.11, 7, 97, 104
349741.6.peg.474.site.12, 2, 96, 98
349741.6.peg.474.site.13, 2, 96, 98
349741.6.peg.474.site.14, 36, 96, 132
349741.6.peg.474.site.15, 36, 96, 132
349741.6.peg.474.site.16, 3, 97, 100
349741.6.peg.474.site.17, 35, 96, 131
349741.6.peg.474.site.18, 0, 96, 96
349741.6.peg.474.site.19, 2, 96, 98
349741.6.peg.474.site.20, 15, 97, 112
349741.6.peg.474.site.21, 0, 97, 97
349741.6.peg.474.site.22, 28, 97, 125
349741.6.peg.1415.site.1, 91, 91, 182
349741.6.peg.1415.site.2, 78, 94, 172
349741.6.peg.1415.site.3, 23, 96, 119
349741.6.peg.1415.site.4, 0, 95, 95
349741.6.peg.1415.site.5, 2, 97, 99
349741.6.peg.1415.site.6, 1, 96, 97
349741.6.peg.1415.site.7, 43, 97, 140
349741.6.peg.1415.site.8, 43, 96, 139
349741.6.peg.1415.site.9, 2, 97, 99
349741.6.peg.1415.site.10, 2, 97, 99
349741.6.peg.1415.site.11, 2, 97, 99
349741.6.peg.1415.site.12, 2, 97, 99
349741.6.peg.1415.site.13, 23, 97, 120
349741.6.peg.1415.site.14, 2, 97, 99
349741.6.peg.1415.site.15, 2, 96, 98
349741.6.peg.1415.site.16, 32, 97, 129
349741.6.peg.1415.site.17, 2, 97, 99
349741.6.peg.1415.site.18, 29, 96, 125
349741.6.peg.1415.site.19, 2, 95, 97
349741.6.peg.1415.site.20, 63, 96, 159
349741.6.peg.1415.site.21, 29, 96, 125
349741.6.peg.1415.site.22, 31, 96, 127
349741.6.peg.1415.site.23, 6, 96, 102
349741.6.peg.1415.site.24, 1, 94, 95
349741.6.peg.1415.site.25, 30, 95, 125
349741.6.peg.1415.site.26, 1, 93, 94
349741.6.peg.1415.site.27, 86, 95, 181
349741.6.peg.1415.site.28, 5, 97, 102
349741.6.peg.1415.site.29, 32, 97, 129
349741.6.peg.1415.site.30, 34, 97, 131
349741.6.peg.1415.site.31, 32, 97, 129
349741.6.peg.1415.site.32, 1, 97, 98
349741.6.peg.1414.site.1, 2, 95, 97
349741.6.peg.1414.site.2, 4, 97, 101
349741.6.peg.1414.site.3, 4, 96, 100
349741.6.peg.1414.site.4, 46, 96, 142
349741.6.peg.1414.site.5, 14, 96, 110
349741.6.peg.1414.site.6, 3, 96, 99
349741.6.peg.1414.site.7, 1, 96, 97
349741.6.peg.1414.site.8, 3, 96, 99
349741.6.peg.1414.site.9, 1, 94, 95
349741.6.peg.1414.site.10, 55, 93, 148
349741.6.peg.1414.site.11, 4, 97, 101
349741.6.peg.1414.site.12, 4, 97, 101
349741.6.peg.1414.site.13, 95, 97, 192
349741.6.peg.1414.site.14, 4, 97, 101
349741.6.peg.1414.site.15, 3, 96, 99
349741.6.peg.1414.site.16, 6, 94, 100
349741.6.peg.1414.site.17, 1, 94, 95
349741.6.peg.1414.site.18, 2, 94, 96
349741.6.peg.1414.site.19, 2, 94, 96
349741.6.peg.1414.site.20, 3, 95, 98
349741.6.peg.1414.site.21, 4, 97, 101
349741.6.peg.1414.site.22, 5, 97, 102
349741.6.peg.1414.site.23, 4, 97, 101
349741.6.peg.1414.site.24, 0, 97, 97
349741.6.peg.1414.site.25, 2, 97, 99
349741.6.peg.1414.site.26, 0, 97, 97
349741.6.peg.1414.site.27, 1, 97, 98
349741.6.peg.1414.site.28, 51, 97, 148
349741.6.peg.1414.site.29, 1, 95, 96
349741.6.peg.1414.site.30, 2, 95, 97
349741.6.peg.1414.site.31, 14, 95, 109
349741.6.peg.1414.site.32, 2, 97, 99
349741.6.peg.1414.site.33, 0, 97, 97
349741.6.peg.1414.site.34, 2, 97, 99
349741.6.peg.1414.site.35, 2, 97, 99
349741.6.peg.1414.site.36, 4, 96, 100
349741.6.peg.1414.site.37, 2, 94, 96
349741.6.peg.279.site.1, 1, 81, 82
349741.6.peg.279.site.2, 16, 75, 91
349741.6.peg.279.site.3, 2, 69, 71
349741.6.peg.279.site.4, 0, 55, 55
349741.6.peg.279.site.5, 1, 60, 61
349741.6.peg.279.site.6, 7, 55, 62
349741.6.peg.279.site.7, 0, 49, 49
349741.6.peg.279.site.8, 5, 27, 32
349741.6.peg.279.site.9, 1, 62, 63
349741.6.peg.279.site.10, 0, 77, 77
349741.6.peg.279.site.11, 19, 73, 92
349741.6.peg.279.site.12, 7, 75, 82
349741.6.peg.279.site.13, 0, 81, 81
349741.6.peg.279.site.14, 18, 85, 103
349741.6.peg.279.site.15, 4, 86, 90
349741.6.peg.279.site.16, 60, 96, 156
349741.6.peg.279.site.17, 17, 96, 113
349741.6.peg.279.site.18, 17, 96, 113
349741.6.peg.279.site.19, 1, 97, 98
349741.6.peg.279.site.20, 41, 96, 137
349741.6.peg.279.site.21, 2, 96, 98
349741.6.peg.279.site.22, 36, 96, 132
349741.6.peg.279.site.23, 2, 97, 99
349741.6.peg.279.site.24, 1, 97, 98
349741.6.peg.279.site.25, 2, 97, 99
349741.6.peg.279.site.26, 37, 97, 134
349741.6.peg.279.site.27, 2, 97, 99
349741.6.peg.279.site.28, 29, 97, 126
349741.6.peg.279.site.29, 1, 97, 98
349741.6.peg.279.site.30, 37, 97, 134
349741.6.peg.279.site.31, 0, 97, 97
349741.6.peg.279.site.32, 2, 95, 97
349741.6.peg.279.site.33, 2, 96, 98
349741.6.peg.279.site.34, 1, 97, 98
349741.6.peg.279.site.35, 2, 97, 99
349741.6.peg.279.site.36, 68, 97, 165
349741.6.peg.279.site.37, 39, 97, 136
349741.6.peg.279.site.38, 2, 97, 99
349741.6.peg.1416.site.1, 42, 97, 139
349741.6.peg.1416.site.2, 52, 97, 149
349741.6.peg.1416.site.3, 2, 97, 99
349741.6.peg.1416.site.4, 2, 97, 99
349741.6.peg.1416.site.5, 33, 97, 130
349741.6.peg.1416.site.6, 5, 97, 102
349741.6.peg.1416.site.7, 3, 97, 100
349741.6.peg.1416.site.8, 35, 97, 132
349741.6.peg.1416.site.9, 1, 95, 96
349741.6.peg.1416.site.10, 31, 97, 128
349741.6.peg.1416.site.11, 55, 97, 152
349741.6.peg.1416.site.12, 61, 97, 158
349741.6.peg.1416.site.13, 55, 97, 152
349741.6.peg.1416.site.14, 1, 96, 97
349741.6.peg.1416.site.15, 5, 96, 101
349741.6.peg.1416.site.16, 2, 97, 99
349741.6.peg.1416.site.17, 1, 95, 96
349741.6.peg.1416.site.18, 48, 90, 138
349741.6.peg.1416.site.19, 1, 90, 91
349741.6.peg.1416.site.20, 48, 90, 138
349741.6.peg.1416.site.21, 6, 87, 93
349741.6.peg.1416.site.22, 42, 83, 125
349741.6.peg.1416.site.23, 83, 83, 166
349741.6.peg.1416.site.24, 14, 91, 105
349741.6.peg.1416.site.25, 58, 96, 154
349741.6.peg.1416.site.26, 8, 97, 105
349741.6.peg.1416.site.27, 59, 97, 156
349741.6.peg.1416.site.28, 3, 90, 93
349741.6.peg.1416.site.29, 2, 83, 85
349741.6.peg.1416.site.30, 47, 85, 132
349741.6.peg.1416.site.31, 50, 88, 138
349741.6.peg.1416.site.32, 18, 92, 110
349741.6.peg.1416.site.33, 9, 90, 99
349741.6.peg.1416.site.34, 81, 86, 167
349741.6.peg.1416.site.35, 20, 90, 110
349741.6.peg.1416.site.36, 51, 89, 140
349741.6.peg.1416.site.37, 2, 97, 99
349741.6.peg.1416.site.38, 2, 87, 89
349741.6.peg.1416.site.39, 2, 91, 93
349741.6.peg.1416.site.40, 19, 92, 111
349741.6.peg.1416.site.41, 3, 90, 93
349741.6.peg.1416.site.42, 54, 91, 145
349741.6.peg.1416.site.43, 18, 95, 113
349741.6.peg.1416.site.44, 28, 88, 116
349741.6.peg.1416.site.45, 4, 80, 84
349741.6.peg.1416.site.46, 4, 76, 80
349741.6.peg.1416.site.47, 9, 76, 85
349741.6.peg.1416.site.48, 15, 77, 92
349741.6.peg.1416.site.49, 3, 80, 83
349741.6.peg.1416.site.50, 18, 95, 113
349741.6.peg.1416.site.51, 15, 97, 112
349741.6.peg.1416.site.52, 33, 97, 130
349741.6.peg.1416.site.53, 35, 97, 132
349741.6.peg.1416.site.54, 35, 97, 132
349741.6.peg.1416.site.55, 2, 97, 99
349741.6.peg.1416.site.56, 14, 97, 111
349741.6.peg.1416.site.57, 21, 97, 118
349741.6.peg.1416.site.58, 1, 96, 97
349741.6.peg.1416.site.59, 20, 96, 116
349741.6.peg.1416.site.60, 2, 97, 99
349741.6.peg.1416.site.61, 35, 97, 132
349741.6.peg.1416.site.62, 2, 97, 99
349741.6.peg.1416.site.63, 20, 96, 116
349741.6.peg.1416.site.64, 95, 95, 190
349741.6.peg.1416.site.65, 35, 96, 131
349741.6.peg.1416.site.66, 17, 97, 114
349741.6.peg.1416.site.67, 19, 96, 115
349741.6.peg.1416.site.68, 36, 96, 132
349741.6.peg.1416.site.69, 18, 97, 115
349741.6.peg.1416.site.70, 7, 97, 104
349741.6.peg.1416.site.71, 1, 97, 98
349741.6.peg.1416.site.72, 2, 97, 99
349741.6.peg.1416.site.73, 18, 97, 115
349741.6.peg.1416.site.74, 16, 97, 113
349741.6.peg.1416.site.75, 12, 92, 104
349741.6.peg.1416.site.76, 33, 95, 128
349741.6.peg.1416.site.77, 1, 96, 97
349741.6.peg.1416.site.78, 34, 95, 129
349741.6.peg.1416.site.79, 17, 95, 112
349741.6.peg.1416.site.80, 0, 97, 97
349741.6.peg.1416.site.81, 32, 93, 125
349741.6.peg.1416.site.82, 8, 88, 96
349741.6.peg.1416.site.83, 5, 92, 97
349741.6.peg.1416.site.84, 13, 93, 106
349741.6.peg.1416.site.85, 34, 96, 130
349741.6.peg.1416.site.86, 2, 96, 98
349741.6.peg.1416.site.87, 36, 97, 133
349741.6.peg.1416.site.88, 5, 97, 102
349741.6.peg.1416.site.89, 7, 96, 103
349741.6.peg.1416.site.90, 57, 94, 151
349741.6.peg.1416.site.91, 46, 95, 141
349741.6.peg.1416.site.92, 10, 87, 97
349741.6.peg.1416.site.93, 7, 73, 80
349741.6.peg.1416.site.94, 19, 80, 99
349741.6.peg.1416.site.95, 1, 95, 96
349741.6.peg.1416.site.96, 5, 95, 100
349741.6.peg.1416.site.97, 25, 95, 120
349741.6.peg.1416.site.98, 21, 95, 116
349741.6.peg.1416.site.99, 51, 95, 146
349741.6.peg.1416.site.100, 8, 96, 104
349741.6.peg.1416.site.101, 10, 97, 107
349741.6.peg.1416.site.102, 1, 97, 98
349741.6.peg.1416.site.103, 35, 96, 131
349741.6.peg.1416.site.104, 16, 75, 91
349741.6.peg.1416.site.105, 8, 68, 76
349741.6.peg.1416.site.106, 23, 66, 89
349741.6.peg.1416.site.107, 64, 64, 128
349741.6.peg.1416.site.108, 2, 63, 65
349741.6.peg.1416.site.109, 5, 66, 71
349741.6.peg.1416.site.110, 9, 95, 104
349741.6.peg.1410.site.1, 1, 97, 98
349741.6.peg.1410.site.2, 5, 97, 102
349741.6.peg.1410.site.3, 21, 97, 118
349741.6.peg.1410.site.4, 50, 97, 147
349741.6.peg.1410.site.5, 41, 97, 138
349741.6.peg.1410.site.6, 2, 97, 99
349741.6.peg.1410.site.7, 8, 97, 105
349741.6.peg.1410.site.8, 0, 96, 96
349741.6.peg.1410.site.9, 2, 96, 98
349741.6.peg.1410.site.10, 67, 97, 164
349741.6.peg.1410.site.11, 79, 97, 176
349741.6.peg.1410.site.12, 3, 97, 100
349741.6.peg.1410.site.13, 2, 97, 99
349741.6.peg.1410.site.14, 85, 97, 182
349741.6.peg.1410.site.15, 36, 97, 133
349741.6.peg.1413.site.1, 6, 97, 103
349741.6.peg.1413.site.2, 2, 95, 97
349741.6.peg.1413.site.3, 6, 95, 101
349741.6.peg.1413.site.4, 4, 94, 98
349741.6.peg.1413.site.5, 3, 93, 96
349741.6.peg.1413.site.6, 2, 90, 92
349741.6.peg.1413.site.7, 46, 94, 140
349741.6.peg.1413.site.8, 4, 97, 101
349741.6.peg.1413.site.9, 60, 97, 157
349741.6.peg.1413.site.10, 4, 97, 101
349741.6.peg.1413.site.11, 2, 97, 99
349741.6.peg.1413.site.12, 2, 97, 99
349741.6.peg.1413.site.13, 1, 94, 95
349741.6.peg.1413.site.14, 4, 97, 101
349741.6.peg.1413.site.15, 4, 97, 101
349741.6.peg.1413.site.16, 5, 97, 102
349741.6.peg.1413.site.17, 4, 97, 101
349741.6.peg.1413.site.18, 51, 97, 148
349741.6.peg.1413.site.19, 4, 97, 101
349741.6.peg.1413.site.20, 4, 97, 101
349741.6.peg.1413.site.21, 2, 97, 99
349741.6.peg.1413.site.22, 4, 97, 101
349741.6.peg.1413.site.23, 56, 97, 153
349741.6.peg.1413.site.24, 1, 97, 98
349741.6.peg.1413.site.25, 4, 97, 101
349741.6.peg.1413.site.26, 52, 96, 148
349741.6.peg.1413.site.27, 4, 96, 100
349741.6.peg.1413.site.28, 6, 92, 98
349741.6.peg.1412.site.1, 10, 97, 107
349741.6.peg.1412.site.2, 7, 97, 104
349741.6.peg.1412.site.3, 4, 97, 101
349741.6.peg.1412.site.4, 5, 97, 102
349741.6.peg.1412.site.5, 61, 97, 158
349741.6.peg.1412.site.6, 4, 97, 101
349741.6.peg.1412.site.7, 7, 97, 104
349741.6.peg.1412.site.8, 1, 96, 97
349741.6.peg.1412.site.9, 2, 95, 97
349741.6.peg.1412.site.10, 1, 93, 94
349741.6.peg.1412.site.11, 92, 96, 188
349741.6.peg.1412.site.12, 3, 96, 99
349741.6.peg.1412.site.13, 3, 96, 99
349741.6.peg.1412.site.14, 3, 96, 99
349741.6.peg.1412.site.15, 36, 93, 129
349741.6.peg.1412.site.16, 2, 93, 95
349741.6.peg.1412.site.17, 39, 92, 131
349741.6.peg.1412.site.18, 1, 94, 95
349741.6.peg.1412.site.19, 29, 94, 123
349741.6.peg.1412.site.20, 1, 94, 95
349741.6.peg.1412.site.21, 4, 94, 98
349741.6.peg.1412.site.22, 1, 94, 95
349741.6.peg.1412.site.23, 7, 93, 100
349741.6.peg.1412.site.24, 3, 93, 96
349741.6.peg.1412.site.25, 40, 93, 133
349741.6.peg.1412.site.26, 1, 94, 95
349741.6.peg.1412.site.27, 0, 94, 94
349741.6.peg.1412.site.28, 38, 93, 131
349741.6.peg.1412.site.29, 2, 93, 95
349741.6.peg.1412.site.30, 3, 93, 96
349741.6.peg.1412.site.31, 44, 95, 139
349741.6.peg.1412.site.32, 5, 96, 101
349741.6.peg.1412.site.33, 1, 92, 93
349741.6.peg.1412.site.34, 1, 92, 93
349741.6.peg.1412.site.35, 2, 92, 94
349741.6.peg.1412.site.36, 1, 94, 95
349741.6.peg.1412.site.37, 1, 94, 95
349741.6.peg.1412.site.38, 1, 94, 95
349741.6.peg.1412.site.39, 1, 94, 95
349741.6.peg.1412.site.40, 1, 94, 95
349741.6.peg.1412.site.41, 91, 92, 183
349741.6.peg.1412.site.42, 7, 96, 103
349741.6.peg.1412.site.43, 2, 94, 96
349741.6.peg.1412.site.44, 4, 95, 99
349741.6.peg.1412.site.45, 1, 94, 95
349741.6.peg.1412.site.46, 39, 95, 134
349741.6.peg.1412.site.47, 2, 95, 97
349741.6.peg.1412.site.48, 38, 96, 134
349741.6.peg.273.site.1, 8, 97, 105
349741.6.peg.273.site.2, 6, 97, 103
349741.6.peg.273.site.3, 1, 97, 98
349741.6.peg.273.site.4, 2, 97, 99
349741.6.peg.273.site.5, 23, 97, 120
349741.6.peg.273.site.6, 6, 97, 103
349741.6.peg.272.site.1, 4, 87, 91
349741.6.peg.272.site.2, 18, 90, 108
349741.6.peg.272.site.3, 1, 96, 97
349741.6.peg.272.site.4, 21, 97, 118
349741.6.peg.272.site.5, 21, 96, 117
349741.6.peg.272.site.6, 20, 96, 116
349741.6.peg.272.site.7, 24, 96, 120
349741.6.peg.272.site.8, 19, 96, 115
349741.6.peg.272.site.9, 21, 97, 118
349741.6.peg.272.site.10, 1, 97, 98
349741.6.peg.272.site.11, 16, 97, 113
349741.6.peg.272.site.12, 21, 97, 118
349741.6.peg.272.site.13, 19, 95, 114
349741.6.peg.272.site.14, 37, 97, 134
349741.6.peg.272.site.15, 21, 97, 118
349741.6.peg.272.site.16, 1, 97, 98
349741.6.peg.272.site.17, 21, 97, 118
349741.6.peg.272.site.18, 19, 97, 116
349741.6.peg.272.site.19, 35, 97, 132
349741.6.peg.272.site.20, 2, 97, 99
349741.6.peg.272.site.21, 1, 97, 98
349741.6.peg.272.site.22, 22, 97, 119
349741.6.peg.270.site.1, 0, 95, 95
349741.6.peg.270.site.2, 10, 96, 106
349741.6.peg.270.site.3, 2, 96, 98
349741.6.peg.277.site.1, 27, 97, 124
349741.6.peg.277.site.2, 24, 97, 121
349741.6.peg.277.site.3, 7, 97, 104
349741.6.peg.277.site.4, 25, 97, 122
349741.6.peg.277.site.5, 1, 97, 98
349741.6.peg.277.site.6, 2, 97, 99
349741.6.peg.277.site.7, 1, 97, 98
349741.6.peg.277.site.8, 2, 97, 99
349741.6.peg.277.site.9, 27, 97, 124
349741.6.peg.277.site.10, 23, 97, 120
349741.6.peg.277.site.11, 1, 97, 98
349741.6.peg.277.site.12, 2, 93, 95
349741.6.peg.277.site.13, 2, 92, 94
349741.6.peg.277.site.14, 27, 97, 124
349741.6.peg.277.site.15, 1, 97, 98
349741.6.peg.277.site.16, 27, 97, 124
349741.6.peg.277.site.17, 32, 97, 129
349741.6.peg.277.site.18, 2, 97, 99
349741.6.peg.277.site.19, 27, 97, 124
349741.6.peg.277.site.20, 2, 97, 99
349741.6.peg.277.site.21, 5, 97, 102
349741.6.peg.277.site.22, 1, 97, 98
349741.6.peg.277.site.23, 27, 96, 123
349741.6.peg.277.site.24, 27, 96, 123
349741.6.peg.277.site.25, 26, 97, 123
349741.6.peg.277.site.26, 1, 97, 98
349741.6.peg.277.site.27, 3, 97, 100
349741.6.peg.277.site.28, 27, 97, 124
349741.6.peg.276.site.1, 36, 97, 133
349741.6.peg.276.site.2, 6, 97, 103
349741.6.peg.276.site.3, 34, 97, 131
349741.6.peg.276.site.4, 4, 97, 101
349741.6.peg.275.site.1, 2, 97, 99
349741.6.peg.275.site.2, 83, 97, 180
349741.6.peg.275.site.3, 2, 97, 99
349741.6.peg.274.site.1, 3, 97, 100
349741.6.peg.274.site.2, 29, 97, 126
349741.6.peg.274.site.3, 96, 97, 193
349741.6.peg.274.site.4, 97, 97, 194
349741.6.peg.274.site.5, 23, 97, 120
349741.6.peg.274.site.6, 25, 97, 122
349741.6.peg.274.site.7, 7, 97, 104
349741.6.peg.274.site.8, 30, 97, 127
349741.6.peg.274.site.9, 3, 97, 100
349741.6.peg.274.site.10, 2, 97, 99
349741.6.peg.274.site.11, 2, 96, 98
349741.6.peg.274.site.12, 40, 97, 137
349741.6.peg.274.site.13, 53, 97, 150
349741.6.peg.274.site.14, 28, 95, 123
349741.6.peg.274.site.15, 1, 97, 98
349741.6.peg.274.site.16, 29, 97, 126
349741.6.peg.274.site.17, 2, 97, 99
349741.6.peg.274.site.18, 2, 97, 99
349741.6.peg.274.site.19, 26, 97, 123
349741.6.peg.274.site.20, 1, 97, 98
349741.6.peg.274.site.21, 1, 97, 98
349741.6.peg.274.site.22, 2, 97, 99
349741.6.peg.274.site.23, 27, 97, 124
349741.6.peg.274.site.24, 45, 97, 142
349741.6.peg.677.site.1, 1, 97, 98
349741.6.peg.677.site.2, 7, 97, 104
349741.6.peg.677.site.3, 52, 97, 149
349741.6.peg.677.site.4, 42, 97, 139
349741.6.peg.677.site.5, 1, 97, 98
349741.6.peg.677.site.6, 59, 97, 156
349741.6.peg.677.site.7, 9, 97, 106
349741.6.peg.677.site.8, 5, 97, 102
349741.6.peg.677.site.9, 5, 97, 102
349741.6.peg.677.site.10, 5, 97, 102
349741.6.peg.677.site.11, 53, 95, 148
349741.6.peg.677.site.12, 67, 96, 163
349741.6.peg.677.site.13, 5, 97, 102
349741.6.peg.677.site.14, 20, 97, 117
349741.6.peg.677.site.15, 11, 97, 108
349741.6.peg.676.site.1, 1, 97, 98
349741.6.peg.676.site.2, 9, 96, 105
349741.6.peg.676.site.3, 5, 96, 101
349741.6.peg.676.site.4, 7, 93, 100
349741.6.peg.676.site.5, 65, 92, 157
349741.6.peg.676.site.6, 35, 89, 124
349741.6.peg.676.site.7, 60, 92, 152
349741.6.peg.676.site.8, 27, 93, 120
349741.6.peg.676.site.9, 1, 91, 92
349741.6.peg.676.site.10, 8, 90, 98
349741.6.peg.676.site.11, 75, 95, 170
349741.6.peg.676.site.12, 75, 95, 170
349741.6.peg.676.site.13, 9, 95, 104
349741.6.peg.676.site.14, 81, 96, 177
349741.6.peg.676.site.15, 5, 96, 101
349741.6.peg.676.site.16, 67, 97, 164
349741.6.peg.676.site.17, 9, 97, 106
349741.6.peg.676.site.18, 5, 96, 101
349741.6.peg.676.site.19, 66, 96, 162
349741.6.peg.676.site.20, 14, 96, 110
349741.6.peg.676.site.21, 27, 96, 123
349741.6.peg.676.site.22, 66, 96, 162
349741.6.peg.676.site.23, 0, 97, 97
349741.6.peg.676.site.24, 6, 97, 103
349741.6.peg.676.site.25, 66, 96, 162
349741.6.peg.676.site.26, 31, 97, 128
349741.6.peg.676.site.27, 1, 97, 98
349741.6.peg.676.site.28, 67, 97, 164
349741.6.peg.676.site.29, 54, 96, 150
349741.6.peg.675.site.1, 9, 97, 106
349741.6.peg.675.site.2, 6, 97, 103
349741.6.peg.675.site.3, 5, 97, 102
349741.6.peg.675.site.4, 67, 97, 164
349741.6.peg.675.site.5, 97, 97, 194
349741.6.peg.675.site.6, 9, 97, 106
349741.6.peg.675.site.7, 3, 97, 100
349741.6.peg.675.site.8, 9, 97, 106
349741.6.peg.675.site.9, 9, 97, 106
349741.6.peg.675.site.10, 5, 97, 102
349741.6.peg.675.site.11, 10, 96, 106
349741.6.peg.675.site.12, 9, 97, 106
349741.6.peg.675.site.13, 0, 97, 97
349741.6.peg.675.site.14, 9, 96, 105
349741.6.peg.675.site.15, 9, 97, 106
349741.6.peg.675.site.16, 9, 97, 106
349741.6.peg.675.site.17, 9, 96, 105
349741.6.peg.675.site.18, 9, 97, 106
349741.6.peg.675.site.19, 1, 97, 98
349741.6.peg.675.site.20, 9, 97, 106
349741.6.peg.673.site.1, 6, 97, 103
349741.6.peg.673.site.2, 1, 97, 98
349741.6.peg.673.site.3, 55, 97, 152
349741.6.peg.673.site.4, 87, 97, 184
349741.6.peg.673.site.5, 15, 97, 112
349741.6.peg.673.site.6, 1, 97, 98
349741.6.peg.673.site.7, 1, 97, 98
349741.6.peg.673.site.8, 82, 97, 179
349741.6.peg.673.site.9, 2, 97, 99
349741.6.peg.673.site.10, 62, 97, 159
349741.6.peg.673.site.11, 69, 97, 166
349741.6.peg.673.site.12, 2, 97, 99
349741.6.peg.673.site.13, 0, 97, 97
349741.6.peg.673.site.14, 81, 97, 178
349741.6.peg.673.site.15, 2, 97, 99
349741.6.peg.673.site.16, 1, 95, 96
349741.6.peg.673.site.17, 5, 95, 100
349741.6.peg.673.site.18, 27, 95, 122
349741.6.peg.673.site.19, 49, 95, 144
349741.6.peg.673.site.20, 4, 95, 99
349741.6.peg.673.site.21, 9, 95, 104
349741.6.peg.673.site.22, 5, 95, 100
349741.6.peg.673.site.23, 32, 96, 128
349741.6.peg.673.site.24, 8, 97, 105
349741.6.peg.673.site.25, 62, 97, 159
349741.6.peg.673.site.26, 44, 97, 141
349741.6.peg.673.site.27, 0, 97, 97
349741.6.peg.673.site.28, 97, 97, 194
349741.6.peg.672.site.1, 84, 95, 179
349741.6.peg.672.site.2, 3, 97, 100
349741.6.peg.672.site.3, 24, 91, 115
349741.6.peg.672.site.4, 23, 90, 113
349741.6.peg.672.site.5, 83, 94, 177
349741.6.peg.672.site.6, 9, 96, 105
349741.6.peg.672.site.7, 44, 95, 139
349741.6.peg.672.site.8, 3, 95, 98
349741.6.peg.672.site.9, 8, 94, 102
349741.6.peg.672.site.10, 53, 96, 149
349741.6.peg.672.site.11, 1, 94, 95
349741.6.peg.672.site.12, 59, 94, 153
349741.6.peg.672.site.13, 1, 95, 96
349741.6.peg.672.site.14, 0, 93, 93
349741.6.peg.672.site.15, 4, 91, 95
349741.6.peg.672.site.16, 8, 94, 102
349741.6.peg.672.site.17, 2, 95, 97
349741.6.peg.672.site.18, 1, 96, 97
349741.6.peg.672.site.19, 58, 95, 153
349741.6.peg.672.site.20, 1, 96, 97
349741.6.peg.672.site.21, 66, 96, 162
349741.6.peg.672.site.22, 2, 96, 98
349741.6.peg.672.site.23, 2, 96, 98
349741.6.peg.672.site.24, 59, 91, 150
349741.6.peg.672.site.25, 4, 91, 95
349741.6.peg.672.site.26, 0, 89, 89
349741.6.peg.672.site.27, 0, 96, 96
349741.6.peg.672.site.28, 12, 96, 108
349741.6.peg.672.site.29, 1, 96, 97
349741.6.peg.672.site.30, 10, 97, 107
349741.6.peg.672.site.31, 3, 97, 100
349741.6.peg.671.site.1, 1, 97, 98
349741.6.peg.671.site.2, 79, 97, 176
349741.6.peg.671.site.3, 11, 96, 107
349741.6.peg.671.site.4, 13, 96, 109
349741.6.peg.671.site.5, 10, 97, 107
349741.6.peg.671.site.6, 46, 97, 143
349741.6.peg.671.site.7, 50, 96, 146
349741.6.peg.671.site.8, 2, 97, 99
349741.6.peg.671.site.9, 1, 97, 98
349741.6.peg.671.site.10, 11, 97, 108
349741.6.peg.671.site.11, 4, 96, 100
349741.6.peg.671.site.12, 1, 97, 98
349741.6.peg.671.site.13, 1, 96, 97
349741.6.peg.671.site.14, 4, 96, 100
349741.6.peg.670.site.1, 61, 97, 158
349741.6.peg.679.site.1, 2, 97, 99
349741.6.peg.679.site.2, 68, 96, 164
349741.6.peg.679.site.3, 32, 96, 128
349741.6.peg.679.site.4, 1, 97, 98
349741.6.peg.679.site.5, 3, 97, 100
349741.6.peg.679.site.6, 74, 97, 171
349741.6.peg.679.site.7, 5, 97, 102
349741.6.peg.679.site.8, 67, 96, 163
349741.6.peg.679.site.9, 96, 97, 193
349741.6.peg.679.site.10, 8, 97, 105
349741.6.peg.679.site.11, 8, 97, 105
349741.6.peg.679.site.12, 66, 97, 163
349741.6.peg.679.site.13, 5, 97, 102
349741.6.peg.679.site.14, 5, 97, 102
349741.6.peg.679.site.15, 61, 97, 158
349741.6.peg.679.site.16, 2, 97, 99
349741.6.peg.679.site.17, 0, 97, 97
349741.6.peg.679.site.18, 2, 97, 99
349741.6.peg.679.site.19, 83, 97, 180
349741.6.peg.679.site.20, 80, 97, 177
349741.6.peg.679.site.21, 75, 97, 172
349741.6.peg.679.site.22, 60, 97, 157
349741.6.peg.679.site.23, 2, 97, 99
349741.6.peg.679.site.24, 44, 97, 141
349741.6.peg.679.site.25, 2, 97, 99
349741.6.peg.679.site.26, 88, 97, 185
349741.6.peg.679.site.27, 63, 96, 159
349741.6.peg.679.site.28, 59, 97, 156
349741.6.peg.679.site.29, 11, 97, 108
349741.6.peg.679.site.30, 5, 97, 102
349741.6.peg.679.site.31, 4, 97, 101
349741.6.peg.679.site.32, 2, 96, 98
349741.6.peg.679.site.33, 35, 97, 132
349741.6.peg.679.site.34, 2, 95, 97
349741.6.peg.679.site.35, 55, 77, 132
349741.6.peg.678.site.1, 8, 95, 103
349741.6.peg.678.site.2, 0, 97, 97
349741.6.peg.678.site.3, 41, 97, 138
349741.6.peg.678.site.4, 5, 97, 102
349741.6.peg.678.site.5, 84, 97, 181
349741.6.peg.678.site.6, 19, 96, 115
349741.6.peg.678.site.7, 5, 96, 101
349741.6.peg.678.site.8, 66, 96, 162
349741.6.peg.678.site.9, 5, 97, 102
349741.6.peg.678.site.10, 22, 97, 119
349741.6.peg.678.site.11, 81, 97, 178
349741.6.peg.678.site.12, 1, 97, 98
349741.6.peg.678.site.13, 1, 97, 98
349741.6.peg.678.site.14, 8, 97, 105
349741.6.peg.678.site.15, 2, 95, 97
349741.6.peg.2280.site.1, 6, 43, 49
349741.6.peg.2280.site.2, 42, 67, 109
349741.6.peg.2280.site.3, 3, 53, 56
349741.6.peg.2280.site.4, 13, 49, 62
349741.6.peg.2280.site.5, 2, 45, 47
349741.6.peg.2280.site.6, 28, 45, 73
349741.6.peg.2280.site.7, 36, 44, 80
349741.6.peg.2280.site.8, 4, 51, 55
349741.6.peg.2280.site.9, 13, 50, 63
349741.6.peg.2280.site.10, 17, 50, 67
349741.6.peg.2280.site.11, 10, 51, 61
349741.6.peg.2280.site.12, 35, 51, 86
349741.6.peg.2280.site.13, 12, 51, 63
349741.6.peg.2280.site.14, 34, 49, 83
349741.6.peg.2280.site.15, 33, 47, 80
349741.6.peg.2280.site.16, 2, 44, 46
349741.6.peg.2280.site.17, 28, 41, 69
349741.6.peg.2280.site.18, 12, 43, 55
349741.6.peg.2280.site.19, 2, 45, 47
349741.6.peg.2280.site.20, 2, 50, 52
349741.6.peg.2280.site.21, 27, 54, 81
349741.6.peg.2280.site.22, 5, 50, 55
349741.6.peg.2280.site.23, 40, 56, 96
349741.6.peg.2280.site.24, 33, 56, 89
349741.6.peg.2280.site.25, 50, 65, 115
349741.6.peg.2280.site.26, 12, 79, 91
349741.6.peg.2280.site.27, 69, 80, 149
349741.6.peg.2280.site.28, 41, 84, 125
349741.6.peg.2280.site.29, 16, 89, 105
349741.6.peg.2280.site.30, 37, 88, 125
349741.6.peg.2280.site.31, 78, 94, 172
349741.6.peg.2280.site.32, 43, 94, 137
349741.6.peg.2280.site.33, 18, 95, 113
349741.6.peg.2280.site.34, 50, 89, 139
349741.6.peg.2280.site.35, 16, 93, 109
349741.6.peg.2280.site.36, 51, 82, 133
349741.6.peg.2280.site.37, 42, 58, 100
349741.6.peg.2280.site.38, 13, 48, 61
349741.6.peg.2280.site.39, 7, 46, 53
349741.6.peg.2280.site.40, 33, 48, 81
349741.6.peg.2280.site.41, 35, 51, 86
349741.6.peg.2280.site.42, 35, 76, 111
349741.6.peg.2280.site.43, 2, 85, 87
349741.6.peg.2280.site.44, 68, 84, 152
349741.6.peg.2280.site.45, 2, 89, 91
349741.6.peg.2280.site.46, 2, 90, 92
349741.6.peg.2280.site.47, 1, 91, 92
349741.6.peg.2280.site.48, 89, 91, 180
349741.6.peg.2280.site.49, 22, 90, 112
349741.6.peg.2280.site.50, 27, 79, 106
349741.6.peg.2280.site.51, 25, 78, 103
349741.6.peg.2280.site.52, 47, 82, 129
349741.6.peg.2280.site.53, 30, 68, 98
349741.6.peg.2280.site.54, 20, 58, 78
349741.6.peg.2280.site.55, 13, 49, 62
349741.6.peg.2280.site.56, 4, 60, 64
349741.6.peg.2280.site.57, 8, 65, 73
349741.6.peg.2280.site.58, 2, 70, 72
349741.6.peg.2280.site.59, 18, 71, 89
349741.6.peg.2280.site.60, 44, 82, 126
349741.6.peg.2280.site.61, 2, 79, 81
349741.6.peg.2280.site.62, 8, 76, 84
349741.6.peg.2280.site.63, 12, 82, 94
349741.6.peg.2280.site.64, 2, 91, 93
349741.6.peg.2280.site.65, 23, 91, 114
349741.6.peg.2280.site.66, 55, 90, 145
349741.6.peg.2280.site.67, 34, 92, 126
349741.6.peg.2280.site.68, 33, 93, 126
349741.6.peg.2280.site.69, 0, 85, 85
349741.6.peg.2280.site.70, 36, 97, 133
349741.6.peg.2280.site.71, 6, 96, 102
349741.6.peg.2280.site.72, 32, 95, 127
349741.6.peg.2280.site.73, 6, 96, 102
349741.6.peg.2280.site.74, 54, 96, 150
349741.6.peg.2280.site.75, 32, 95, 127
349741.6.peg.2280.site.76, 2, 89, 91
349741.6.peg.2280.site.77, 50, 91, 141
349741.6.peg.2280.site.78, 75, 85, 160
349741.6.peg.2280.site.79, 21, 84, 105
349741.6.peg.2280.site.80, 26, 89, 115
349741.6.peg.2280.site.81, 0, 97, 97
349741.6.peg.2280.site.82, 33, 97, 130
349741.6.peg.2280.site.83, 11, 97, 108
349741.6.peg.2280.site.84, 16, 97, 113
349741.6.peg.2280.site.85, 14, 97, 111
349741.6.peg.2280.site.86, 33, 97, 130
349741.6.peg.2280.site.87, 1, 97, 98
349741.6.peg.2280.site.88, 8, 96, 104
349741.6.peg.2280.site.89, 8, 89, 97
349741.6.peg.2280.site.90, 1, 79, 80
349741.6.peg.2280.site.91, 75, 79, 154
349741.6.peg.2280.site.92, 2, 77, 79
349741.6.peg.2280.site.93, 13, 72, 85
349741.6.peg.2280.site.94, 15, 74, 89
349741.6.peg.2280.site.95, 56, 74, 130
349741.6.peg.2280.site.96, 3, 88, 91
349741.6.peg.2280.site.97, 36, 91, 127
349741.6.peg.2280.site.98, 67, 93, 160
349741.6.peg.2280.site.99, 11, 95, 106
349741.6.peg.2280.site.100, 66, 96, 162
349741.6.peg.2280.site.101, 65, 95, 160
349741.6.peg.2280.site.102, 2, 96, 98
349741.6.peg.2280.site.103, 33, 96, 129
349741.6.peg.2280.site.104, 11, 97, 108
349741.6.peg.2280.site.105, 1, 96, 97
349741.6.peg.2280.site.106, 2, 93, 95
349741.6.peg.2280.site.107, 6, 91, 97
349741.6.peg.2280.site.108, 1, 89, 90
349741.6.peg.2280.site.109, 20, 81, 101
349741.6.peg.2280.site.110, 7, 81, 88
349741.6.peg.2280.site.111, 77, 79, 156
349741.6.peg.2280.site.112, 48, 80, 128
349741.6.peg.2280.site.113, 17, 84, 101
349741.6.peg.2280.site.114, 10, 92, 102
349741.6.peg.2280.site.115, 62, 92, 154
349741.6.peg.2280.site.116, 29, 90, 119
349741.6.peg.2280.site.117, 0, 94, 94
349741.6.peg.2280.site.118, 58, 97, 155
349741.6.peg.419.site.1, 44, 96, 140
349741.6.peg.419.site.2, 12, 14, 26
349741.6.peg.419.site.3, 8, 92, 100
349741.6.peg.418.site.1, 96, 97, 193
349741.6.peg.418.site.2, 76, 97, 173
349741.6.peg.418.site.3, 1, 96, 97
349741.6.peg.418.site.4, 77, 93, 170
349741.6.peg.418.site.5, 87, 88, 175
349741.6.peg.418.site.6, 66, 81, 147
349741.6.peg.418.site.7, 79, 94, 173
349741.6.peg.418.site.8, 5, 96, 101
349741.6.peg.418.site.9, 81, 97, 178
349741.6.peg.418.site.10, 7, 96, 103
349741.6.peg.418.site.11, 5, 96, 101
349741.6.peg.418.site.12, 7, 97, 104
349741.6.peg.418.site.13, 5, 97, 102
349741.6.peg.418.site.14, 81, 97, 178
349741.6.peg.418.site.15, 80, 96, 176
349741.6.peg.418.site.16, 96, 97, 193
349741.6.peg.418.site.17, 38, 97, 135
349741.6.peg.418.site.18, 5, 97, 102
349741.6.peg.418.site.19, 81, 95, 176
349741.6.peg.418.site.20, 78, 93, 171
349741.6.peg.418.site.21, 2, 97, 99
349741.6.peg.418.site.22, 28, 77, 105
349741.6.peg.418.site.23, 62, 76, 138
349741.6.peg.418.site.24, 5, 96, 101
349741.6.peg.418.site.25, 5, 96, 101
349741.6.peg.418.site.26, 26, 95, 121
349741.6.peg.418.site.27, 55, 95, 150
349741.6.peg.418.site.28, 13, 96, 109
349741.6.peg.418.site.29, 86, 96, 182
349741.6.peg.418.site.30, 48, 88, 136
349741.6.peg.418.site.31, 21, 82, 103
349741.6.peg.418.site.32, 13, 85, 98
349741.6.peg.418.site.33, 60, 84, 144
349741.6.peg.418.site.34, 14, 91, 105
349741.6.peg.418.site.35, 8, 94, 102
349741.6.peg.418.site.36, 35, 95, 130
349741.6.peg.418.site.37, 2, 95, 97
349741.6.peg.418.site.38, 22, 97, 119
349741.6.peg.418.site.39, 8, 97, 105
349741.6.peg.418.site.40, 21, 96, 117
349741.6.peg.418.site.41, 1, 97, 98
349741.6.peg.418.site.42, 24, 97, 121
349741.6.peg.418.site.43, 24, 97, 121
349741.6.peg.418.site.44, 10, 97, 107
349741.6.peg.418.site.45, 48, 89, 137
349741.6.peg.417.site.1, 58, 97, 155
349741.6.peg.417.site.2, 82, 97, 179
349741.6.peg.417.site.3, 1, 97, 98
349741.6.peg.417.site.4, 42, 97, 139
349741.6.peg.417.site.5, 75, 97, 172
349741.6.peg.417.site.6, 6, 97, 103
349741.6.peg.417.site.7, 1, 96, 97
349741.6.peg.417.site.8, 1, 97, 98
349741.6.peg.417.site.9, 81, 97, 178
349741.6.peg.417.site.10, 2, 87, 89
349741.6.peg.417.site.11, 19, 85, 104
349741.6.peg.417.site.12, 2, 89, 91
349741.6.peg.417.site.13, 83, 97, 180
349741.6.peg.417.site.14, 7, 97, 104
349741.6.peg.417.site.15, 82, 97, 179
349741.6.peg.417.site.16, 3, 97, 100
349741.6.peg.417.site.17, 14, 97, 111
349741.6.peg.417.site.18, 53, 97, 150
349741.6.peg.417.site.19, 45, 97, 142
349741.6.peg.417.site.20, 13, 97, 110
349741.6.peg.417.site.21, 69, 97, 166
349741.6.peg.417.site.22, 95, 97, 192
349741.6.peg.417.site.23, 0, 97, 97
349741.6.peg.416.site.1, 83, 96, 179
349741.6.peg.416.site.2, 12, 96, 108
349741.6.peg.416.site.3, 25, 90, 115
349741.6.peg.416.site.4, 71, 95, 166
349741.6.peg.416.site.5, 73, 97, 170
349741.6.peg.416.site.6, 66, 96, 162
349741.6.peg.416.site.7, 38, 96, 134
349741.6.peg.416.site.8, 43, 96, 139
349741.6.peg.416.site.9, 7, 94, 101
349741.6.peg.416.site.10, 57, 93, 150
349741.6.peg.416.site.11, 71, 94, 165
349741.6.peg.416.site.12, 73, 97, 170
349741.6.peg.416.site.13, 7, 96, 103
349741.6.peg.416.site.14, 22, 95, 117
349741.6.peg.416.site.15, 1, 94, 95
349741.6.peg.416.site.16, 56, 91, 147
349741.6.peg.416.site.17, 52, 86, 138
349741.6.peg.416.site.18, 21, 89, 110
349741.6.peg.416.site.19, 2, 91, 93
349741.6.peg.415.site.1, 49, 94, 143
349741.6.peg.415.site.2, 87, 88, 175
349741.6.peg.415.site.3, 4, 89, 93
349741.6.peg.415.site.4, 9, 92, 101
349741.6.peg.415.site.5, 79, 93, 172
349741.6.peg.415.site.6, 64, 96, 160
349741.6.peg.415.site.7, 80, 92, 172
349741.6.peg.415.site.8, 79, 93, 172
349741.6.peg.415.site.9, 91, 95, 186
349741.6.peg.415.site.10, 94, 96, 190
349741.6.peg.415.site.11, 0, 97, 97
349741.6.peg.415.site.12, 0, 97, 97
349741.6.peg.415.site.13, 51, 97, 148
349741.6.peg.415.site.14, 19, 97, 116
349741.6.peg.415.site.15, 81, 97, 178
349741.6.peg.415.site.16, 96, 97, 193
349741.6.peg.415.site.17, 24, 97, 121
349741.6.peg.415.site.18, 12, 97, 109
349741.6.peg.415.site.19, 73, 96, 169
349741.6.peg.415.site.20, 80, 96, 176
349741.6.peg.415.site.21, 72, 88, 160
349741.6.peg.415.site.22, 61, 77, 138
349741.6.peg.415.site.23, 57, 73, 130
349741.6.peg.415.site.24, 62, 75, 137
349741.6.peg.415.site.25, 26, 41, 67
349741.6.peg.415.site.26, 21, 36, 57
349741.6.peg.415.site.27, 16, 18, 34
349741.6.peg.415.site.28, 3, 16, 19
349741.6.peg.415.site.29, 1, 15, 16
349741.6.peg.415.site.30, 14, 28, 42
349741.6.peg.414.site.1, 79, 96, 175
349741.6.peg.414.site.2, 2, 90, 92
349741.6.peg.414.site.3, 63, 80, 143
349741.6.peg.414.site.4, 75, 94, 169
349741.6.peg.414.site.5, 2, 95, 97
349741.6.peg.414.site.6, 63, 81, 144
349741.6.peg.414.site.7, 16, 17, 33
349741.6.peg.414.site.8, 4, 20, 24
349741.6.peg.414.site.9, 65, 91, 156
349741.6.peg.414.site.10, 9, 96, 105
349741.6.peg.414.site.11, 7, 95, 102
349741.6.peg.414.site.12, 16, 35, 51
349741.6.peg.414.site.13, 1, 37, 38
349741.6.peg.414.site.14, 18, 36, 54
349741.6.peg.414.site.15, 17, 34, 51
349741.6.peg.414.site.16, 24, 42, 66
349741.6.peg.414.site.17, 1, 48, 49
349741.6.peg.414.site.18, 4, 63, 67
349741.6.peg.414.site.19, 1, 93, 94
349741.6.peg.414.site.20, 72, 91, 163
349741.6.peg.414.site.21, 53, 70, 123
349741.6.peg.414.site.22, 2, 70, 72
349741.6.peg.414.site.23, 51, 66, 117
349741.6.peg.414.site.24, 2, 65, 67
349741.6.peg.414.site.25, 50, 67, 117
349741.6.peg.414.site.26, 57, 71, 128
349741.6.peg.414.site.27, 70, 87, 157
349741.6.peg.413.site.1, 2, 94, 96
349741.6.peg.413.site.2, 30, 94, 124
349741.6.peg.413.site.3, 0, 97, 97
349741.6.peg.413.site.4, 80, 96, 176
349741.6.peg.411.site.1, 1, 95, 96
349741.6.peg.411.site.2, 1, 95, 96
349741.6.peg.411.site.3, 1, 94, 95
349741.6.peg.411.site.4, 11, 94, 105
349741.6.peg.411.site.5, 70, 96, 166
349741.6.peg.411.site.6, 1, 90, 91
349741.6.peg.411.site.7, 22, 96, 118
349741.6.peg.411.site.8, 12, 97, 109
349741.6.peg.411.site.9, 1, 97, 98
349741.6.peg.411.site.10, 11, 97, 108
349741.6.peg.411.site.11, 10, 96, 106
349741.6.peg.411.site.12, 76, 92, 168
349741.6.peg.411.site.13, 0, 91, 91
349741.6.peg.411.site.14, 80, 90, 170
349741.6.peg.411.site.15, 1, 88, 89
349741.6.peg.411.site.16, 75, 90, 165
349741.6.peg.411.site.17, 27, 92, 119
349741.6.peg.411.site.18, 3, 86, 89
349741.6.peg.411.site.19, 3, 93, 96
349741.6.peg.411.site.20, 1, 97, 98
349741.6.peg.411.site.21, 10, 97, 107
349741.6.peg.411.site.22, 11, 97, 108
349741.6.peg.411.site.23, 1, 97, 98
349741.6.peg.411.site.24, 92, 96, 188
349741.6.peg.411.site.25, 12, 97, 109
349741.6.peg.411.site.26, 12, 97, 109
349741.6.peg.411.site.27, 9, 97, 106
349741.6.peg.411.site.28, 3, 97, 100
349741.6.peg.411.site.29, 26, 97, 123
349741.6.peg.411.site.30, 28, 97, 125
349741.6.peg.411.site.31, 26, 95, 121
349741.6.peg.411.site.32, 8, 95, 103
349741.6.peg.411.site.33, 2, 95, 97
349741.6.peg.411.site.34, 26, 94, 120
349741.6.peg.411.site.35, 24, 94, 118
349741.6.peg.411.site.36, 96, 96, 192
349741.6.peg.411.site.37, 5, 96, 101
349741.6.peg.411.site.38, 19, 93, 112
349741.6.peg.411.site.39, 12, 94, 106
349741.6.peg.411.site.40, 1, 95, 96
349741.6.peg.411.site.41, 62, 86, 148
349741.6.peg.411.site.42, 88, 90, 178
349741.6.peg.411.site.43, 88, 90, 178
349741.6.peg.411.site.44, 79, 89, 168
349741.6.peg.411.site.45, 71, 94, 165
349741.6.peg.411.site.46, 81, 92, 173
349741.6.peg.411.site.47, 4, 96, 100
349741.6.peg.411.site.48, 8, 97, 105
349741.6.peg.411.site.49, 89, 96, 185
349741.6.peg.411.site.50, 28, 97, 125
349741.6.peg.411.site.51, 0, 97, 97
349741.6.peg.411.site.52, 8, 97, 105
349741.6.peg.411.site.53, 74, 97, 171
349741.6.peg.411.site.54, 81, 96, 177
349741.6.peg.411.site.55, 15, 96, 111
349741.6.peg.411.site.56, 7, 95, 102
349741.6.peg.411.site.57, 0, 96, 96
349741.6.peg.411.site.58, 1, 96, 97
349741.6.peg.411.site.59, 19, 96, 115
349741.6.peg.411.site.60, 40, 97, 137
349741.6.peg.411.site.61, 1, 97, 98
349741.6.peg.411.site.62, 1, 97, 98
349741.6.peg.411.site.63, 72, 97, 169
349741.6.peg.411.site.64, 78, 97, 175
349741.6.peg.411.site.65, 2, 97, 99
349741.6.peg.411.site.66, 1, 97, 98
349741.6.peg.411.site.67, 40, 96, 136
349741.6.peg.411.site.68, 2, 97, 99
349741.6.peg.411.site.69, 15, 96, 111
349741.6.peg.411.site.70, 0, 97, 97
349741.6.peg.411.site.71, 82, 97, 179
349741.6.peg.411.site.72, 66, 97, 163
349741.6.peg.411.site.73, 97, 97, 194
349741.6.peg.411.site.74, 79, 97, 176
349741.6.peg.411.site.75, 79, 97, 176
349741.6.peg.411.site.76, 33, 97, 130
349741.6.peg.411.site.77, 50, 96, 146
349741.6.peg.411.site.78, 32, 96, 128
349741.6.peg.411.site.79, 10, 96, 106
349741.6.peg.411.site.80, 33, 97, 130
349741.6.peg.411.site.81, 79, 97, 176
349741.6.peg.411.site.82, 10, 97, 107
349741.6.peg.411.site.83, 79, 96, 175
349741.6.peg.411.site.84, 79, 97, 176
349741.6.peg.411.site.85, 0, 96, 96
349741.6.peg.411.site.86, 33, 97, 130
349741.6.peg.411.site.87, 5, 97, 102
349741.6.peg.411.site.88, 13, 97, 110
349741.6.peg.411.site.89, 35, 97, 132
349741.6.peg.411.site.90, 81, 97, 178
349741.6.peg.410.site.1, 8, 95, 103
349741.6.peg.410.site.2, 0, 93, 93
349741.6.peg.410.site.3, 1, 95, 96
349741.6.peg.410.site.4, 1, 91, 92
349741.6.peg.410.site.5, 0, 93, 93
349741.6.peg.2218.site.1, 2, 89, 91
349741.6.peg.2218.site.2, 1, 81, 82
349741.6.peg.2218.site.3, 2, 81, 83
349741.6.peg.2218.site.4, 1, 80, 81
349741.6.peg.2218.site.5, 31, 81, 112
349741.6.peg.2218.site.6, 1, 82, 83
349741.6.peg.2218.site.7, 3, 83, 86
349741.6.peg.2218.site.8, 1, 82, 83
349741.6.peg.2218.site.9, 2, 89, 91
349741.6.peg.2218.site.10, 3, 92, 95
349741.6.peg.2218.site.11, 5, 94, 99
349741.6.peg.2218.site.12, 7, 94, 101
349741.6.peg.2218.site.13, 10, 97, 107
349741.6.peg.2218.site.14, 15, 96, 111
349741.6.peg.2218.site.15, 6, 96, 102
349741.6.peg.2218.site.16, 7, 96, 103
349741.6.peg.2218.site.17, 61, 97, 158
349741.6.peg.2218.site.18, 7, 97, 104
349741.6.peg.2218.site.19, 5, 96, 101
349741.6.peg.2218.site.20, 7, 97, 104
349741.6.peg.2218.site.21, 2, 97, 99
349741.6.peg.2218.site.22, 7, 97, 104
349741.6.peg.2218.site.23, 18, 96, 114
349741.6.peg.2218.site.24, 26, 97, 123
349741.6.peg.2218.site.25, 0, 97, 97
349741.6.peg.2218.site.26, 12, 95, 107
349741.6.peg.2218.site.27, 55, 96, 151
349741.6.peg.2218.site.28, 3, 93, 96
349741.6.peg.2218.site.29, 7, 91, 98
349741.6.peg.2218.site.30, 19, 91, 110
349741.6.peg.2218.site.31, 2, 96, 98
349741.6.peg.2218.site.32, 7, 97, 104
349741.6.peg.2218.site.33, 9, 96, 105
349741.6.peg.2218.site.34, 14, 97, 111
349741.6.peg.2218.site.35, 14, 97, 111
349741.6.peg.2218.site.36, 7, 97, 104
349741.6.peg.2218.site.37, 7, 97, 104
349741.6.peg.2218.site.38, 2, 91, 93
349741.6.peg.2218.site.39, 3, 93, 96
349741.6.peg.2218.site.40, 2, 95, 97
349741.6.peg.2218.site.41, 5, 95, 100
349741.6.peg.2218.site.42, 6, 95, 101
349741.6.peg.2218.site.43, 1, 96, 97
349741.6.peg.2218.site.44, 7, 97, 104
349741.6.peg.2218.site.45, 6, 96, 102
349741.6.peg.2218.site.46, 7, 96, 103
349741.6.peg.2218.site.47, 0, 96, 96
349741.6.peg.2218.site.48, 20, 93, 113
349741.6.peg.2218.site.49, 3, 94, 97
349741.6.peg.2218.site.50, 15, 88, 103
349741.6.peg.2218.site.51, 1, 88, 89
349741.6.peg.2216.site.1, 1, 97, 98
349741.6.peg.2216.site.2, 4, 97, 101
349741.6.peg.2216.site.3, 4, 97, 101
349741.6.peg.2216.site.4, 1, 97, 98
349741.6.peg.2216.site.5, 1, 97, 98
349741.6.peg.2216.site.6, 54, 94, 148
349741.6.peg.2216.site.7, 1, 94, 95
349741.6.peg.2216.site.8, 58, 77, 135
349741.6.peg.2216.site.9, 4, 88, 92
349741.6.peg.2216.site.10, 44, 89, 133
349741.6.peg.2216.site.11, 1, 91, 92
349741.6.peg.2216.site.12, 0, 88, 88
349741.6.peg.2216.site.13, 2, 76, 78
349741.6.peg.2216.site.14, 4, 49, 53
349741.6.peg.2216.site.15, 0, 46, 46
349741.6.peg.2216.site.16, 2, 49, 51
349741.6.peg.2216.site.17, 1, 67, 68
349741.6.peg.2216.site.18, 1, 85, 86
349741.6.peg.2216.site.19, 1, 95, 96
349741.6.peg.2216.site.20, 2, 96, 98
349741.6.peg.2216.site.21, 1, 95, 96
349741.6.peg.2216.site.22, 3, 97, 100
349741.6.peg.2216.site.23, 1, 96, 97
349741.6.peg.2216.site.24, 2, 97, 99
349741.6.peg.2216.site.25, 2, 96, 98
349741.6.peg.2216.site.26, 2, 96, 98
349741.6.peg.2216.site.27, 73, 95, 168
349741.6.peg.2216.site.28, 1, 96, 97
349741.6.peg.2216.site.29, 1, 96, 97
349741.6.peg.2216.site.30, 3, 95, 98
349741.6.peg.2216.site.31, 9, 96, 105
349741.6.peg.2216.site.32, 2, 96, 98
349741.6.peg.2216.site.33, 3, 96, 99
349741.6.peg.2216.site.34, 34, 96, 130
349741.6.peg.2216.site.35, 4, 95, 99
349741.6.peg.2216.site.36, 6, 97, 103
349741.6.peg.2216.site.37, 2, 97, 99
349741.6.peg.2216.site.38, 1, 97, 98
349741.6.peg.2216.site.39, 1, 96, 97
349741.6.peg.2216.site.40, 1, 97, 98
349741.6.peg.2216.site.41, 2, 97, 99
349741.6.peg.2216.site.42, 51, 97, 148
349741.6.peg.2216.site.43, 3, 95, 98
349741.6.peg.2216.site.44, 32, 95, 127
349741.6.peg.2216.site.45, 2, 96, 98
349741.6.peg.2216.site.46, 8, 96, 104
349741.6.peg.2216.site.47, 74, 96, 170
349741.6.peg.2216.site.48, 1, 97, 98
349741.6.peg.2216.site.49, 6, 96, 102
349741.6.peg.2216.site.50, 5, 95, 100
349741.6.peg.2216.site.51, 2, 95, 97
349741.6.peg.2216.site.52, 8, 95, 103
349741.6.peg.2216.site.53, 8, 94, 102
349741.6.peg.2216.site.54, 8, 94, 102
349741.6.peg.2216.site.55, 16, 93, 109
349741.6.peg.2216.site.56, 8, 93, 101
349741.6.peg.2216.site.57, 3, 95, 98
349741.6.peg.2216.site.58, 8, 95, 103
349741.6.peg.2216.site.59, 45, 96, 141
349741.6.peg.2216.site.60, 9, 97, 106
349741.6.peg.2216.site.61, 66, 96, 162
349741.6.peg.2216.site.62, 25, 96, 121
349741.6.peg.2216.site.63, 20, 96, 116
349741.6.peg.2216.site.64, 1, 96, 97
349741.6.peg.2216.site.65, 2, 96, 98
349741.6.peg.2216.site.66, 0, 95, 95
349741.6.peg.2216.site.67, 15, 96, 111
349741.6.peg.2216.site.68, 31, 96, 127
349741.6.peg.2216.site.69, 13, 95, 108
349741.6.peg.2216.site.70, 1, 95, 96
349741.6.peg.2216.site.71, 13, 94, 107
349741.6.peg.2216.site.72, 20, 95, 115
349741.6.peg.2216.site.73, 12, 94, 106
349741.6.peg.2216.site.74, 5, 95, 100
349741.6.peg.2216.site.75, 13, 87, 100
349741.6.peg.2216.site.76, 13, 88, 101
349741.6.peg.2216.site.77, 5, 79, 84
349741.6.peg.2216.site.78, 2, 76, 78
349741.6.peg.2216.site.79, 0, 84, 84
349741.6.peg.2216.site.80, 5, 76, 81
349741.6.peg.2216.site.81, 10, 74, 84
349741.6.peg.2216.site.82, 9, 72, 81
349741.6.peg.2216.site.83, 45, 70, 115
349741.6.peg.2216.site.84, 2, 78, 80
349741.6.peg.2216.site.85, 21, 82, 103
349741.6.peg.2216.site.86, 12, 83, 95
349741.6.peg.2216.site.87, 13, 88, 101
349741.6.peg.2216.site.88, 29, 85, 114
349741.6.peg.2216.site.89, 8, 77, 85
349741.6.peg.2216.site.90, 9, 67, 76
349741.6.peg.2216.site.91, 0, 66, 66
349741.6.peg.2216.site.92, 7, 67, 74
349741.6.peg.2216.site.93, 19, 69, 88
349741.6.peg.2216.site.94, 1, 78, 79
349741.6.peg.2216.site.95, 1, 72, 73
349741.6.peg.2216.site.96, 31, 85, 116
349741.6.peg.2217.site.1, 17, 97, 114
349741.6.peg.2217.site.2, 5, 97, 102
349741.6.peg.2217.site.3, 16, 95, 111
349741.6.peg.2217.site.4, 5, 96, 101
349741.6.peg.2217.site.5, 11, 90, 101
349741.6.peg.2217.site.6, 15, 91, 106
349741.6.peg.2217.site.7, 12, 92, 104
349741.6.peg.2217.site.8, 11, 91, 102
349741.6.peg.2217.site.9, 2, 95, 97
349741.6.peg.2217.site.10, 2, 95, 97
349741.6.peg.2217.site.11, 15, 95, 110
349741.6.peg.2217.site.12, 15, 95, 110
349741.6.peg.2217.site.13, 16, 96, 112
349741.6.peg.2217.site.14, 16, 96, 112
349741.6.peg.2217.site.15, 0, 97, 97
349741.6.peg.2217.site.16, 16, 96, 112
349741.6.peg.2217.site.17, 25, 97, 122
349741.6.peg.2217.site.18, 1, 97, 98
349741.6.peg.2217.site.19, 17, 97, 114
349741.6.peg.2217.site.20, 17, 97, 114
349741.6.peg.2217.site.21, 12, 97, 109
349741.6.peg.2217.site.22, 22, 97, 119
349741.6.peg.2217.site.23, 16, 97, 113
349741.6.peg.2217.site.24, 17, 97, 114
349741.6.peg.2217.site.25, 17, 97, 114
349741.6.peg.2217.site.26, 17, 97, 114
349741.6.peg.2217.site.27, 7, 97, 104
349741.6.peg.2217.site.28, 17, 97, 114
349741.6.peg.2215.site.1, 30, 95, 125
349741.6.peg.2215.site.2, 10, 97, 107
349741.6.peg.2215.site.3, 33, 97, 130
349741.6.peg.2215.site.4, 25, 97, 122
349741.6.peg.2215.site.5, 1, 96, 97
349741.6.peg.2215.site.6, 9, 86, 95
349741.6.peg.2215.site.7, 5, 80, 85
349741.6.peg.2215.site.8, 6, 79, 85
349741.6.peg.2215.site.9, 12, 97, 109
349741.6.peg.2215.site.10, 20, 93, 113
349741.6.peg.2215.site.11, 7, 92, 99
349741.6.peg.2215.site.12, 6, 90, 96
349741.6.peg.2215.site.13, 2, 87, 89
349741.6.peg.2215.site.14, 2, 86, 88
349741.6.peg.2215.site.15, 8, 93, 101
349741.6.peg.2215.site.16, 2, 96, 98
349741.6.peg.2215.site.17, 11, 96, 107
349741.6.peg.2215.site.18, 13, 96, 109
349741.6.peg.2215.site.19, 10, 97, 107
349741.6.peg.2215.site.20, 9, 96, 105
349741.6.peg.2215.site.21, 16, 97, 113
349741.6.peg.2215.site.22, 11, 96, 107
349741.6.peg.2215.site.23, 17, 87, 104
349741.6.peg.2215.site.24, 16, 90, 106
349741.6.peg.2215.site.25, 7, 92, 99
349741.6.peg.2215.site.26, 7, 92, 99
349741.6.peg.2215.site.27, 1, 94, 95
349741.6.peg.2215.site.28, 5, 94, 99
349741.6.peg.2215.site.29, 2, 93, 95
349741.6.peg.2215.site.30, 13, 95, 108
349741.6.peg.2215.site.31, 14, 95, 109
349741.6.peg.2215.site.32, 12, 96, 108
349741.6.peg.2215.site.33, 1, 83, 84
349741.6.peg.2215.site.34, 2, 81, 83
349741.6.peg.2215.site.35, 2, 83, 85
349741.6.peg.2215.site.36, 0, 94, 94
349741.6.peg.2215.site.37, 7, 91, 98
349741.6.peg.2215.site.38, 19, 91, 110
349741.6.peg.2215.site.39, 2, 93, 95
349741.6.peg.2215.site.40, 2, 94, 96
349741.6.peg.2215.site.41, 59, 95, 154
349741.6.peg.2215.site.42, 7, 95, 102
349741.6.peg.2213.site.1, 19, 95, 114
349741.6.peg.2213.site.2, 3, 96, 99
349741.6.peg.2213.site.3, 20, 97, 117
349741.6.peg.2213.site.4, 23, 97, 120
349741.6.peg.2213.site.5, 0, 97, 97
349741.6.peg.2213.site.6, 9, 97, 106
349741.6.peg.2213.site.7, 2, 97, 99
349741.6.peg.2213.site.8, 15, 95, 110
349741.6.peg.2213.site.9, 23, 97, 120
349741.6.peg.2213.site.10, 20, 96, 116
349741.6.peg.2213.site.11, 34, 96, 130
349741.6.peg.2213.site.12, 34, 97, 131
349741.6.peg.2213.site.13, 12, 97, 109
349741.6.peg.2213.site.14, 12, 95, 107
349741.6.peg.2213.site.15, 36, 96, 132
349741.6.peg.2213.site.16, 25, 96, 121
349741.6.peg.2213.site.17, 19, 95, 114
349741.6.peg.2213.site.18, 0, 96, 96
349741.6.peg.2213.site.19, 16, 96, 112
349741.6.peg.2213.site.20, 9, 95, 104
349741.6.peg.2213.site.21, 13, 95, 108
349741.6.peg.2213.site.22, 14, 96, 110
349741.6.peg.2213.site.23, 14, 97, 111
349741.6.peg.2213.site.24, 14, 97, 111
349741.6.peg.2213.site.25, 35, 96, 131
349741.6.peg.2213.site.26, 14, 96, 110
349741.6.peg.2213.site.27, 19, 96, 115
349741.6.peg.2213.site.28, 12, 95, 107
349741.6.peg.2213.site.29, 86, 95, 181
349741.6.peg.2213.site.30, 12, 95, 107
349741.6.peg.2213.site.31, 10, 93, 103
349741.6.peg.2213.site.32, 23, 93, 116
349741.6.peg.2213.site.33, 1, 93, 94
349741.6.peg.2213.site.34, 84, 93, 177
349741.6.peg.2213.site.35, 77, 93, 170
349741.6.peg.2213.site.36, 16, 93, 109
349741.6.peg.2213.site.37, 1, 93, 94
349741.6.peg.2213.site.38, 34, 96, 130
349741.6.peg.2213.site.39, 0, 96, 96
349741.6.peg.2213.site.40, 14, 96, 110
349741.6.peg.2213.site.41, 1, 96, 97
349741.6.peg.2213.site.42, 66, 95, 161
349741.6.peg.2213.site.43, 13, 95, 108
349741.6.peg.2213.site.44, 1, 95, 96
349741.6.peg.2213.site.45, 8, 84, 92
349741.6.peg.2213.site.46, 18, 77, 95
349741.6.peg.2213.site.47, 19, 78, 97
349741.6.peg.2213.site.48, 22, 80, 102
349741.6.peg.2213.site.49, 19, 85, 104
349741.6.peg.2213.site.50, 29, 87, 116
349741.6.peg.2213.site.51, 14, 96, 110
349741.6.peg.2213.site.52, 14, 97, 111
349741.6.peg.2213.site.53, 0, 97, 97
349741.6.peg.2213.site.54, 4, 96, 100
349741.6.peg.2213.site.55, 2, 97, 99
349741.6.peg.2210.site.1, 20, 96, 116
349741.6.peg.2210.site.2, 0, 96, 96
349741.6.peg.2210.site.3, 2, 97, 99
349741.6.peg.2210.site.4, 1, 97, 98
349741.6.peg.2210.site.5, 3, 97, 100
349741.6.peg.2210.site.6, 1, 97, 98
349741.6.peg.2210.site.7, 23, 97, 120
349741.6.peg.2210.site.8, 1, 92, 93
349741.6.peg.2210.site.9, 3, 97, 100
349741.6.peg.2210.site.10, 15, 95, 110
349741.6.peg.2210.site.11, 7, 96, 103
349741.6.peg.2210.site.12, 1, 96, 97
349741.6.peg.2210.site.13, 88, 96, 184
349741.6.peg.2210.site.14, 2, 97, 99
349741.6.peg.2210.site.15, 90, 97, 187
349741.6.peg.2210.site.16, 2, 96, 98
349741.6.peg.2210.site.17, 1, 97, 98
349741.6.peg.2210.site.18, 45, 97, 142
349741.6.peg.2210.site.19, 43, 97, 140
349741.6.peg.2210.site.20, 4, 96, 100
349741.6.peg.2210.site.21, 4, 95, 99
349741.6.peg.2210.site.22, 71, 94, 165
349741.6.peg.2210.site.23, 19, 96, 115
349741.6.peg.2210.site.24, 3, 97, 100
349741.6.peg.303.site.1, 1, 97, 98
349741.6.peg.303.site.2, 5, 97, 102
349741.6.peg.303.site.3, 1, 97, 98
349741.6.peg.303.site.4, 92, 97, 189
349741.6.peg.303.site.5, 0, 96, 96
349741.6.peg.303.site.6, 0, 97, 97
349741.6.peg.303.site.7, 0, 96, 96
349741.6.peg.302.site.1, 2, 96, 98
349741.6.peg.302.site.2, 17, 97, 114
349741.6.peg.301.site.1, 15, 97, 112
349741.6.peg.301.site.2, 0, 97, 97
349741.6.peg.301.site.3, 2, 97, 99
349741.6.peg.301.site.4, 44, 97, 141
349741.6.peg.301.site.5, 60, 97, 157
349741.6.peg.301.site.6, 2, 97, 99
349741.6.peg.301.site.7, 2, 97, 99
349741.6.peg.300.site.1, 0, 97, 97
349741.6.peg.307.site.1, 0, 97, 97
349741.6.peg.307.site.2, 12, 96, 108
349741.6.peg.307.site.3, 94, 96, 190
349741.6.peg.307.site.4, 4, 96, 100
349741.6.peg.307.site.5, 83, 96, 179
349741.6.peg.307.site.6, 11, 96, 107
349741.6.peg.305.site.1, 7, 97, 104
349741.6.peg.305.site.2, 49, 97, 146
349741.6.peg.305.site.3, 14, 97, 111
349741.6.peg.305.site.4, 12, 95, 107
349741.6.peg.305.site.5, 2, 95, 97
349741.6.peg.305.site.6, 10, 93, 103
349741.6.peg.305.site.7, 13, 96, 109
349741.6.peg.305.site.8, 14, 97, 111
349741.6.peg.305.site.9, 14, 97, 111
349741.6.peg.305.site.10, 14, 97, 111
349741.6.peg.305.site.11, 21, 97, 118
349741.6.peg.305.site.12, 21, 97, 118
349741.6.peg.305.site.13, 7, 97, 104
349741.6.peg.305.site.14, 14, 96, 110
349741.6.peg.305.site.15, 7, 96, 103
349741.6.peg.305.site.16, 14, 96, 110
349741.6.peg.305.site.17, 14, 92, 106
349741.6.peg.305.site.18, 14, 97, 111
349741.6.peg.305.site.19, 0, 95, 95
349741.6.peg.305.site.20, 21, 97, 118
349741.6.peg.305.site.21, 0, 91, 91
349741.6.peg.305.site.22, 7, 83, 90
349741.6.peg.305.site.23, 1, 96, 97
349741.6.peg.304.site.1, 3, 84, 87
349741.6.peg.304.site.2, 90, 90, 180
349741.6.peg.304.site.3, 1, 83, 84
349741.6.peg.304.site.4, 67, 92, 159
349741.6.peg.304.site.5, 1, 97, 98
349741.6.peg.304.site.6, 16, 97, 113
349741.6.peg.304.site.7, 1, 97, 98
349741.6.peg.304.site.8, 28, 95, 123
349741.6.peg.304.site.9, 15, 95, 110
349741.6.peg.304.site.10, 14, 94, 108
349741.6.peg.304.site.11, 8, 89, 97
349741.6.peg.304.site.12, 90, 94, 184
349741.6.peg.304.site.13, 14, 95, 109
349741.6.peg.304.site.14, 1, 96, 97
349741.6.peg.304.site.15, 16, 97, 113
349741.6.peg.304.site.16, 1, 97, 98
349741.6.peg.304.site.17, 4, 97, 101
349741.6.peg.304.site.18, 13, 96, 109
349741.6.peg.304.site.19, 14, 97, 111
349741.6.peg.304.site.20, 14, 97, 111
349741.6.peg.304.site.21, 14, 97, 111
349741.6.peg.304.site.22, 14, 97, 111
349741.6.peg.304.site.23, 7, 97, 104
349741.6.peg.304.site.24, 14, 97, 111
349741.6.peg.304.site.25, 14, 97, 111
349741.6.peg.304.site.26, 14, 96, 110
349741.6.peg.304.site.27, 2, 97, 99
349741.6.peg.304.site.28, 14, 97, 111
349741.6.peg.304.site.29, 21, 97, 118
349741.6.peg.304.site.30, 23, 97, 120
349741.6.peg.304.site.31, 14, 97, 111
349741.6.peg.304.site.32, 1, 97, 98
349741.6.peg.304.site.33, 21, 97, 118
349741.6.peg.304.site.34, 14, 97, 111
349741.6.peg.304.site.35, 14, 97, 111
349741.6.peg.304.site.36, 14, 97, 111
349741.6.peg.304.site.37, 4, 87, 91
349741.6.peg.304.site.38, 2, 88, 90
349741.6.peg.309.site.1, 11, 93, 104
349741.6.peg.309.site.2, 11, 94, 105
349741.6.peg.309.site.3, 13, 95, 108
349741.6.peg.309.site.4, 1, 92, 93
349741.6.peg.309.site.5, 3, 95, 98
349741.6.peg.309.site.6, 48, 95, 143
349741.6.peg.309.site.7, 0, 97, 97
349741.6.peg.309.site.8, 75, 95, 170
349741.6.peg.309.site.9, 1, 97, 98
349741.6.peg.309.site.10, 74, 97, 171
349741.6.peg.309.site.11, 5, 97, 102
349741.6.peg.309.site.12, 78, 97, 175
349741.6.peg.309.site.13, 4, 97, 101
349741.6.peg.309.site.14, 7, 97, 104
349741.6.peg.309.site.15, 3, 97, 100
349741.6.peg.309.site.16, 76, 97, 173
349741.6.peg.309.site.17, 2, 97, 99
349741.6.peg.308.site.1, 11, 97, 108
349741.6.peg.308.site.2, 0, 97, 97
349741.6.peg.308.site.3, 0, 97, 97
349741.6.peg.308.site.4, 13, 97, 110
349741.6.peg.2272.site.1, 4, 97, 101
349741.6.peg.2272.site.2, 9, 96, 105
349741.6.peg.2272.site.3, 18, 97, 115
349741.6.peg.2272.site.4, 27, 96, 123
349741.6.peg.2272.site.5, 27, 97, 124
349741.6.peg.2272.site.6, 2, 97, 99
349741.6.peg.2272.site.7, 40, 95, 135
349741.6.peg.2272.site.8, 59, 96, 155
349741.6.peg.2272.site.9, 2, 97, 99
349741.6.peg.2272.site.10, 85, 97, 182
349741.6.peg.2272.site.11, 60, 96, 156
349741.6.peg.2272.site.12, 96, 96, 192
349741.6.peg.2272.site.13, 60, 97, 157
349741.6.peg.2272.site.14, 3, 97, 100
349741.6.peg.2272.site.15, 56, 96, 152
349741.6.peg.2272.site.16, 18, 94, 112
349741.6.peg.2272.site.17, 67, 89, 156
349741.6.peg.2272.site.18, 5, 94, 99
349741.6.peg.2272.site.19, 1, 94, 95
349741.6.peg.2272.site.20, 10, 94, 104
349741.6.peg.2272.site.21, 16, 94, 110
349741.6.peg.2272.site.22, 43, 95, 138
349741.6.peg.2272.site.23, 9, 90, 99
349741.6.peg.2272.site.24, 2, 83, 85
349741.6.peg.2273.site.1, 0, 95, 95
349741.6.peg.2273.site.2, 9, 94, 103
349741.6.peg.2273.site.3, 5, 92, 97
349741.6.peg.2273.site.4, 0, 96, 96
349741.6.peg.2273.site.5, 0, 96, 96
349741.6.peg.2273.site.6, 2, 96, 98
349741.6.peg.2273.site.7, 18, 96, 114
349741.6.peg.2273.site.8, 2, 96, 98
349741.6.peg.2273.site.9, 7, 97, 104
349741.6.peg.2273.site.10, 16, 97, 113
349741.6.peg.2273.site.11, 91, 96, 187
349741.6.peg.2273.site.12, 41, 94, 135
349741.6.peg.2273.site.13, 1, 88, 89
349741.6.peg.2273.site.14, 1, 87, 88
349741.6.peg.2274.site.1, 23, 97, 120
349741.6.peg.2274.site.2, 13, 96, 109
349741.6.peg.2274.site.3, 10, 96, 106
349741.6.peg.2274.site.4, 1, 97, 98
349741.6.peg.2274.site.5, 62, 97, 159
349741.6.peg.2274.site.6, 14, 96, 110
349741.6.peg.2274.site.7, 14, 97, 111
349741.6.peg.2274.site.8, 77, 96, 173
349741.6.peg.2274.site.9, 3, 97, 100
349741.6.peg.2274.site.10, 1, 97, 98
349741.6.peg.2274.site.11, 13, 97, 110
349741.6.peg.2274.site.12, 49, 97, 146
349741.6.peg.2274.site.13, 51, 97, 148
349741.6.peg.2274.site.14, 77, 97, 174
349741.6.peg.2274.site.15, 14, 97, 111
349741.6.peg.2274.site.16, 1, 97, 98
349741.6.peg.2274.site.17, 27, 97, 124
349741.6.peg.2274.site.18, 14, 97, 111
349741.6.peg.2274.site.19, 14, 97, 111
349741.6.peg.2274.site.20, 50, 97, 147
349741.6.peg.2274.site.21, 27, 97, 124
349741.6.peg.2274.site.22, 42, 97, 139
349741.6.peg.2274.site.23, 14, 97, 111
349741.6.peg.2274.site.24, 0, 97, 97
349741.6.peg.2274.site.25, 7, 97, 104
349741.6.peg.2274.site.26, 1, 97, 98
349741.6.peg.2274.site.27, 15, 97, 112
349741.6.peg.2274.site.28, 97, 97, 194
349741.6.peg.2274.site.29, 54, 97, 151
349741.6.peg.2274.site.30, 14, 97, 111
349741.6.peg.2275.site.1, 2, 97, 99
349741.6.peg.2275.site.2, 67, 97, 164
349741.6.peg.2275.site.3, 95, 97, 192
349741.6.peg.2275.site.4, 1, 97, 98
349741.6.peg.2275.site.5, 11, 96, 107
349741.6.peg.2275.site.6, 14, 96, 110
349741.6.peg.2275.site.7, 11, 94, 105
349741.6.peg.2275.site.8, 3, 96, 99
349741.6.peg.2275.site.9, 17, 96, 113
349741.6.peg.2275.site.10, 24, 96, 120
349741.6.peg.2275.site.11, 91, 95, 186
349741.6.peg.2275.site.12, 41, 95, 136
349741.6.peg.2275.site.13, 94, 94, 188
349741.6.peg.2275.site.14, 40, 92, 132
349741.6.peg.2275.site.15, 2, 94, 96
349741.6.peg.2275.site.16, 1, 90, 91
349741.6.peg.2275.site.17, 10, 94, 104
349741.6.peg.1639.site.1, 3, 97, 100
349741.6.peg.1639.site.2, 72, 97, 169
349741.6.peg.1639.site.3, 0, 97, 97
349741.6.peg.1639.site.4, 2, 97, 99
349741.6.peg.1639.site.5, 3, 96, 99
349741.6.peg.1639.site.6, 84, 97, 181
349741.6.peg.1639.site.7, 72, 97, 169
349741.6.peg.1639.site.8, 5, 97, 102
349741.6.peg.1639.site.9, 2, 97, 99
349741.6.peg.1639.site.10, 65, 97, 162
349741.6.peg.1639.site.11, 40, 97, 137
349741.6.peg.1639.site.12, 3, 97, 100
349741.6.peg.1639.site.13, 69, 97, 166
349741.6.peg.1639.site.14, 78, 97, 175
349741.6.peg.1639.site.15, 66, 97, 163
349741.6.peg.1639.site.16, 22, 97, 119
349741.6.peg.1639.site.17, 95, 97, 192
349741.6.peg.1639.site.18, 78, 97, 175
349741.6.peg.1638.site.1, 80, 96, 176
349741.6.peg.1638.site.2, 69, 97, 166
349741.6.peg.1638.site.3, 0, 94, 94
349741.6.peg.1638.site.4, 63, 85, 148
349741.6.peg.1638.site.5, 3, 83, 86
349741.6.peg.1638.site.6, 62, 93, 155
349741.6.peg.1638.site.7, 52, 94, 146
349741.6.peg.1638.site.8, 5, 87, 92
349741.6.peg.1638.site.9, 6, 97, 103
349741.6.peg.1638.site.10, 0, 94, 94
349741.6.peg.1638.site.11, 96, 96, 192
349741.6.peg.1638.site.12, 61, 97, 158
349741.6.peg.1638.site.13, 3, 97, 100
349741.6.peg.1638.site.14, 1, 97, 98
349741.6.peg.1635.site.1, 7, 94, 101
349741.6.peg.1635.site.2, 5, 97, 102
349741.6.peg.1635.site.3, 1, 97, 98
349741.6.peg.1635.site.4, 43, 97, 140
349741.6.peg.1635.site.5, 93, 97, 190
349741.6.peg.1635.site.6, 95, 97, 192
349741.6.peg.1635.site.7, 3, 97, 100
349741.6.peg.1635.site.8, 3, 97, 100
349741.6.peg.1635.site.9, 20, 96, 116
349741.6.peg.1635.site.10, 16, 97, 113
349741.6.peg.1635.site.11, 73, 97, 170
349741.6.peg.1635.site.12, 69, 97, 166
349741.6.peg.1635.site.13, 16, 97, 113
349741.6.peg.1635.site.14, 34, 97, 131
349741.6.peg.1635.site.15, 5, 96, 101
349741.6.peg.1635.site.16, 4, 97, 101
349741.6.peg.1635.site.17, 1, 97, 98
349741.6.peg.1635.site.18, 71, 97, 168
349741.6.peg.1635.site.19, 3, 97, 100
349741.6.peg.1635.site.20, 33, 97, 130
349741.6.peg.1635.site.21, 78, 97, 175
349741.6.peg.1635.site.22, 71, 97, 168
349741.6.peg.1635.site.23, 3, 97, 100
349741.6.peg.1635.site.24, 3, 97, 100
349741.6.peg.1635.site.25, 3, 97, 100
349741.6.peg.1635.site.26, 75, 97, 172
349741.6.peg.1635.site.27, 2, 96, 98
349741.6.peg.1635.site.28, 3, 97, 100
349741.6.peg.1635.site.29, 3, 97, 100
349741.6.peg.1635.site.30, 70, 97, 167
349741.6.peg.1635.site.31, 1, 97, 98
349741.6.peg.1635.site.32, 80, 97, 177
349741.6.peg.1634.site.1, 0, 97, 97
349741.6.peg.1634.site.2, 12, 97, 109
349741.6.peg.1634.site.3, 12, 97, 109
349741.6.peg.1634.site.4, 12, 97, 109
349741.6.peg.1634.site.5, 15, 97, 112
349741.6.peg.1634.site.6, 12, 97, 109
349741.6.peg.1634.site.7, 12, 97, 109
349741.6.peg.1634.site.8, 13, 97, 110
349741.6.peg.1634.site.9, 3, 97, 100
349741.6.peg.1634.site.10, 19, 97, 116
349741.6.peg.1634.site.11, 9, 94, 103
349741.6.peg.1634.site.12, 0, 95, 95
349741.6.peg.1634.site.13, 12, 97, 109
349741.6.peg.1634.site.14, 2, 97, 99
349741.6.peg.1634.site.15, 2, 97, 99
349741.6.peg.1634.site.16, 12, 97, 109
349741.6.peg.1634.site.17, 7, 97, 104
349741.6.peg.1634.site.18, 0, 96, 96
349741.6.peg.1634.site.19, 7, 97, 104
349741.6.peg.1634.site.20, 7, 97, 104
349741.6.peg.1634.site.21, 7, 96, 103
349741.6.peg.1634.site.22, 11, 94, 105
349741.6.peg.1634.site.23, 7, 96, 103
349741.6.peg.1634.site.24, 37, 97, 134
349741.6.peg.1634.site.25, 0, 95, 95
349741.6.peg.1634.site.26, 43, 97, 140
349741.6.peg.1634.site.27, 2, 96, 98
349741.6.peg.1637.site.1, 34, 97, 131
349741.6.peg.1637.site.2, 4, 95, 99
349741.6.peg.1637.site.3, 95, 97, 192
349741.6.peg.1637.site.4, 37, 97, 134
349741.6.peg.1637.site.5, 34, 97, 131
349741.6.peg.1637.site.6, 45, 97, 142
349741.6.peg.1637.site.7, 1, 97, 98
349741.6.peg.1637.site.8, 33, 95, 128
349741.6.peg.1637.site.9, 0, 97, 97
349741.6.peg.1637.site.10, 51, 97, 148
349741.6.peg.1637.site.11, 76, 95, 171
349741.6.peg.1637.site.12, 35, 94, 129
349741.6.peg.1637.site.13, 71, 95, 166
349741.6.peg.1637.site.14, 75, 97, 172
349741.6.peg.1637.site.15, 2, 97, 99
349741.6.peg.1637.site.16, 27, 97, 124
349741.6.peg.1636.site.1, 69, 96, 165
349741.6.peg.1636.site.2, 5, 97, 102
349741.6.peg.1636.site.3, 0, 97, 97
349741.6.peg.1636.site.4, 23, 97, 120
349741.6.peg.1636.site.5, 2, 97, 99
349741.6.peg.1636.site.6, 2, 96, 98
349741.6.peg.1636.site.7, 2, 95, 97
349741.6.peg.1636.site.8, 28, 97, 125
349741.6.peg.1636.site.9, 3, 97, 100
349741.6.peg.1630.site.1, 6, 96, 102
349741.6.peg.1630.site.2, 16, 96, 112
349741.6.peg.1630.site.3, 13, 96, 109
349741.6.peg.1630.site.4, 10, 97, 107
349741.6.peg.1630.site.5, 2, 97, 99
349741.6.peg.1630.site.6, 2, 84, 86
349741.6.peg.1630.site.7, 9, 97, 106
349741.6.peg.1633.site.1, 0, 97, 97
349741.6.peg.1633.site.2, 3, 96, 99
349741.6.peg.1633.site.3, 7, 97, 104
349741.6.peg.1632.site.1, 8, 97, 105
349741.6.peg.1632.site.2, 6, 97, 103
349741.6.peg.1632.site.3, 1, 97, 98
349741.6.peg.1632.site.4, 5, 97, 102
349741.6.peg.1632.site.5, 30, 97, 127
349741.6.peg.1632.site.6, 7, 97, 104
349741.6.peg.1632.site.7, 5, 96, 101
349741.6.peg.1632.site.8, 19, 97, 116
349741.6.peg.1632.site.9, 7, 97, 104
349741.6.peg.1632.site.10, 7, 97, 104
349741.6.peg.1632.site.11, 7, 97, 104
349741.6.peg.1632.site.12, 6, 96, 102
349741.6.peg.1632.site.13, 5, 96, 101
349741.6.peg.1632.site.14, 5, 96, 101
349741.6.peg.1632.site.15, 13, 95, 108
349741.6.peg.1632.site.16, 5, 90, 95
349741.6.peg.1632.site.17, 10, 88, 98
349741.6.peg.1632.site.18, 7, 97, 104
349741.6.peg.1632.site.19, 30, 97, 127
349741.6.peg.1632.site.20, 12, 97, 109
349741.6.peg.1632.site.21, 2, 97, 99
349741.6.peg.1632.site.22, 7, 95, 102
349741.6.peg.1632.site.23, 7, 95, 102
349741.6.peg.1632.site.24, 14, 96, 110
349741.6.peg.1632.site.25, 1, 97, 98
349741.6.peg.1632.site.26, 14, 97, 111
349741.6.peg.1632.site.27, 7, 97, 104
349741.6.peg.1632.site.28, 12, 97, 109
349741.6.peg.1632.site.29, 2, 97, 99
349741.6.peg.1632.site.30, 3, 97, 100
349741.6.peg.1632.site.31, 7, 97, 104
349741.6.peg.1632.site.32, 0, 97, 97
349741.6.peg.1632.site.33, 7, 96, 103
349741.6.peg.899.site.1, 29, 67, 96
349741.6.peg.899.site.2, 2, 68, 70
349741.6.peg.899.site.3, 3, 68, 71
349741.6.peg.899.site.4, 3, 68, 71
349741.6.peg.899.site.5, 27, 67, 94
349741.6.peg.899.site.6, 4, 66, 70
349741.6.peg.899.site.7, 10, 67, 77
349741.6.peg.899.site.8, 0, 65, 65
349741.6.peg.899.site.9, 6, 68, 74
349741.6.peg.899.site.10, 19, 84, 103
349741.6.peg.899.site.11, 1, 87, 88
349741.6.peg.899.site.12, 29, 88, 117
349741.6.peg.899.site.13, 20, 85, 105
349741.6.peg.899.site.14, 2, 87, 89
349741.6.peg.899.site.15, 4, 82, 86
349741.6.peg.899.site.16, 17, 74, 91
349741.6.peg.899.site.17, 32, 73, 105
349741.6.peg.899.site.18, 10, 70, 80
349741.6.peg.899.site.19, 32, 70, 102
349741.6.peg.899.site.20, 81, 81, 162
349741.6.peg.899.site.21, 44, 85, 129
349741.6.peg.899.site.22, 1, 82, 83
349741.6.peg.899.site.23, 32, 82, 114
349741.6.peg.899.site.24, 15, 87, 102
349741.6.peg.899.site.25, 62, 93, 155
349741.6.peg.899.site.26, 56, 97, 153
349741.6.peg.899.site.27, 2, 97, 99
349741.6.peg.899.site.28, 24, 97, 121
349741.6.peg.899.site.29, 31, 97, 128
349741.6.peg.899.site.30, 63, 97, 160
349741.6.peg.899.site.31, 22, 97, 119
349741.6.peg.899.site.32, 6, 97, 103
349741.6.peg.899.site.33, 31, 96, 127
349741.6.peg.899.site.34, 1, 97, 98
349741.6.peg.899.site.35, 62, 96, 158
349741.6.peg.899.site.36, 24, 97, 121
349741.6.peg.899.site.37, 8, 97, 105
349741.6.peg.899.site.38, 30, 97, 127
349741.6.peg.899.site.39, 2, 97, 99
349741.6.peg.899.site.40, 20, 85, 105
349741.6.peg.899.site.41, 12, 75, 87
349741.6.peg.899.site.42, 2, 65, 67
349741.6.peg.899.site.43, 27, 60, 87
349741.6.peg.899.site.44, 11, 49, 60
349741.6.peg.899.site.45, 5, 50, 55
349741.6.peg.899.site.46, 9, 42, 51
349741.6.peg.899.site.47, 21, 42, 63
349741.6.peg.899.site.48, 2, 44, 46
349741.6.peg.899.site.49, 11, 46, 57
349741.6.peg.899.site.50, 3, 64, 67
349741.6.peg.899.site.51, 45, 65, 110
349741.6.peg.899.site.52, 4, 61, 65
349741.6.peg.899.site.53, 2, 40, 42
349741.6.peg.899.site.54, 2, 40, 42
349741.6.peg.893.site.1, 1, 95, 96
349741.6.peg.893.site.2, 21, 91, 112
349741.6.peg.893.site.3, 20, 93, 113
349741.6.peg.893.site.4, 22, 94, 116
349741.6.peg.893.site.5, 42, 95, 137
349741.6.peg.893.site.6, 2, 95, 97
349741.6.peg.893.site.7, 21, 95, 116
349741.6.peg.893.site.8, 2, 95, 97
349741.6.peg.893.site.9, 16, 90, 106
349741.6.peg.893.site.10, 10, 84, 94
349741.6.peg.893.site.11, 6, 79, 85
349741.6.peg.893.site.12, 0, 75, 75
349741.6.peg.893.site.13, 1, 75, 76
349741.6.peg.893.site.14, 63, 75, 138
349741.6.peg.893.site.15, 3, 77, 80
349741.6.peg.893.site.16, 13, 92, 105
349741.6.peg.893.site.17, 22, 95, 117
349741.6.peg.893.site.18, 21, 96, 117
349741.6.peg.893.site.19, 1, 95, 96
349741.6.peg.893.site.20, 1, 96, 97
349741.6.peg.893.site.21, 1, 96, 97
349741.6.peg.893.site.22, 1, 96, 97
349741.6.peg.893.site.23, 2, 96, 98
349741.6.peg.893.site.24, 2, 90, 92
349741.6.peg.893.site.25, 25, 87, 112
349741.6.peg.893.site.26, 24, 95, 119
349741.6.peg.893.site.27, 84, 97, 181
349741.6.peg.890.site.1, 0, 95, 95
349741.6.peg.897.site.1, 0, 94, 94
349741.6.peg.897.site.2, 6, 94, 100
349741.6.peg.897.site.3, 23, 95, 118
349741.6.peg.897.site.4, 4, 92, 96
349741.6.peg.897.site.5, 20, 94, 114
349741.6.peg.897.site.6, 2, 97, 99
349741.6.peg.897.site.7, 8, 97, 105
349741.6.peg.897.site.8, 46, 96, 142
349741.6.peg.897.site.9, 3, 65, 68
349741.6.peg.897.site.10, 48, 68, 116
349741.6.peg.897.site.11, 48, 69, 117
349741.6.peg.897.site.12, 65, 86, 151
349741.6.peg.897.site.13, 1, 80, 81
349741.6.peg.897.site.14, 5, 41, 46
349741.6.peg.897.site.15, 25, 35, 60
349741.6.peg.897.site.16, 8, 39, 47
349741.6.peg.897.site.17, 18, 53, 71
349741.6.peg.897.site.18, 39, 96, 135
349741.6.peg.897.site.19, 22, 80, 102
349741.6.peg.897.site.20, 20, 77, 97
349741.6.peg.897.site.21, 39, 97, 136
349741.6.peg.897.site.22, 62, 97, 159
349741.6.peg.897.site.23, 62, 97, 159
349741.6.peg.897.site.24, 68, 97, 165
349741.6.peg.897.site.25, 60, 95, 155
349741.6.peg.897.site.26, 2, 91, 93
349741.6.peg.897.site.27, 54, 88, 142
349741.6.peg.897.site.28, 29, 92, 121
349741.6.peg.897.site.29, 24, 88, 112
349741.6.peg.897.site.30, 30, 88, 118
349741.6.peg.897.site.31, 7, 85, 92
349741.6.peg.897.site.32, 50, 84, 134
349741.6.peg.897.site.33, 46, 81, 127
349741.6.peg.897.site.34, 32, 81, 113
349741.6.peg.897.site.35, 46, 86, 132
349741.6.peg.897.site.36, 14, 97, 111
349741.6.peg.897.site.37, 55, 96, 151
349741.6.peg.897.site.38, 1, 96, 97
349741.6.peg.897.site.39, 31, 96, 127
349741.6.peg.897.site.40, 32, 97, 129
349741.6.peg.897.site.41, 16, 97, 113
349741.6.peg.896.site.1, 3, 49, 52
349741.6.peg.896.site.2, 4, 50, 54
349741.6.peg.896.site.3, 7, 62, 69
349741.6.peg.896.site.4, 20, 74, 94
349741.6.peg.896.site.5, 13, 82, 95
349741.6.peg.896.site.6, 2, 87, 89
349741.6.peg.896.site.7, 9, 86, 95
349741.6.peg.896.site.8, 2, 87, 89
349741.6.peg.896.site.9, 0, 89, 89
349741.6.peg.896.site.10, 2, 89, 91
349741.6.peg.896.site.11, 7, 80, 87
349741.6.peg.896.site.12, 3, 80, 83
349741.6.peg.896.site.13, 28, 81, 109
349741.6.peg.896.site.14, 4, 82, 86
349741.6.peg.896.site.15, 2, 80, 82
349741.6.peg.896.site.16, 50, 85, 135
349741.6.peg.896.site.17, 8, 90, 98
349741.6.peg.896.site.18, 55, 90, 145
349741.6.peg.896.site.19, 12, 92, 104
349741.6.peg.896.site.20, 78, 95, 173
349741.6.peg.896.site.21, 6, 94, 100
349741.6.peg.896.site.22, 68, 92, 160
349741.6.peg.896.site.23, 42, 93, 135
349741.6.peg.896.site.24, 0, 91, 91
349741.6.peg.895.site.1, 2, 97, 99
349741.6.peg.895.site.2, 21, 97, 118
349741.6.peg.895.site.3, 2, 97, 99
349741.6.peg.895.site.4, 29, 97, 126
349741.6.peg.895.site.5, 0, 97, 97
349741.6.peg.895.site.6, 1, 75, 76
349741.6.peg.895.site.7, 6, 75, 81
349741.6.peg.895.site.8, 5, 75, 80
349741.6.peg.895.site.9, 24, 68, 92
349741.6.peg.895.site.10, 9, 77, 86
349741.6.peg.895.site.11, 34, 77, 111
349741.6.peg.895.site.12, 31, 77, 108
349741.6.peg.895.site.13, 4, 72, 76
349741.6.peg.895.site.14, 3, 71, 74
349741.6.peg.895.site.15, 1, 67, 68
349741.6.peg.895.site.16, 2, 69, 71
349741.6.peg.895.site.17, 2, 71, 73
349741.6.peg.895.site.18, 3, 72, 75
349741.6.peg.895.site.19, 3, 68, 71
349741.6.peg.895.site.20, 2, 70, 72
349741.6.peg.895.site.21, 2, 66, 68
349741.6.peg.895.site.22, 34, 69, 103
349741.6.peg.895.site.23, 11, 72, 83
349741.6.peg.895.site.24, 64, 93, 157
349741.6.peg.895.site.25, 31, 93, 124
349741.6.peg.895.site.26, 25, 93, 118
349741.6.peg.895.site.27, 50, 92, 142
349741.6.peg.895.site.28, 26, 92, 118
349741.6.peg.895.site.29, 14, 96, 110
349741.6.peg.895.site.30, 24, 91, 115
349741.6.peg.895.site.31, 78, 88, 166
349741.6.peg.895.site.32, 24, 93, 117
349741.6.peg.895.site.33, 16, 93, 109
349741.6.peg.895.site.34, 32, 88, 120
349741.6.peg.895.site.35, 10, 78, 88
349741.6.peg.895.site.36, 15, 76, 91
349741.6.peg.895.site.37, 5, 74, 79
349741.6.peg.895.site.38, 5, 70, 75
349741.6.peg.895.site.39, 12, 73, 85
349741.6.peg.895.site.40, 22, 71, 93
349741.6.peg.895.site.41, 4, 70, 74
349741.6.peg.895.site.42, 10, 67, 77
349741.6.peg.895.site.43, 1, 63, 64
349741.6.peg.895.site.44, 24, 65, 89
349741.6.peg.895.site.45, 6, 65, 71
349741.6.peg.895.site.46, 14, 75, 89
349741.6.peg.895.site.47, 29, 78, 107
349741.6.peg.895.site.48, 3, 80, 83
349741.6.peg.895.site.49, 2, 70, 72
349741.6.peg.895.site.50, 3, 58, 61
349741.6.peg.894.site.1, 10, 97, 107
349741.6.peg.894.site.2, 21, 97, 118
349741.6.peg.894.site.3, 2, 97, 99
349741.6.peg.894.site.4, 28, 97, 125
349741.6.peg.894.site.5, 2, 97, 99
349741.6.peg.894.site.6, 2, 97, 99
349741.6.peg.894.site.7, 2, 97, 99
349741.6.peg.1741.site.1, 79, 97, 176
349741.6.peg.1741.site.2, 26, 47, 73
349741.6.peg.1741.site.3, 14, 77, 91
349741.6.peg.1741.site.4, 49, 85, 134
349741.6.peg.1741.site.5, 68, 89, 157
349741.6.peg.1741.site.6, 2, 94, 96
349741.6.peg.1741.site.7, 10, 92, 102
349741.6.peg.1741.site.8, 72, 92, 164
349741.6.peg.1741.site.9, 1, 90, 91
349741.6.peg.1741.site.10, 22, 77, 99
349741.6.peg.1741.site.11, 33, 66, 99
349741.6.peg.1741.site.12, 38, 59, 97
349741.6.peg.1741.site.13, 5, 61, 66
349741.6.peg.1741.site.14, 65, 68, 133
349741.6.peg.1741.site.15, 52, 73, 125
349741.6.peg.1741.site.16, 14, 90, 104
349741.6.peg.1741.site.17, 56, 96, 152
349741.6.peg.1741.site.18, 73, 94, 167
349741.6.peg.1741.site.19, 75, 93, 168
349741.6.peg.1741.site.20, 51, 95, 146
349741.6.peg.1741.site.21, 56, 96, 152
349741.6.peg.1741.site.22, 22, 96, 118
349741.6.peg.1741.site.23, 7, 96, 103
349741.6.peg.1741.site.24, 63, 96, 159
349741.6.peg.1741.site.25, 1, 95, 96
349741.6.peg.1741.site.26, 48, 78, 126
349741.6.peg.1741.site.27, 1, 80, 81
349741.6.peg.1741.site.28, 1, 85, 86
349741.6.peg.1741.site.29, 4, 95, 99
349741.6.peg.1741.site.30, 70, 91, 161
349741.6.peg.1741.site.31, 50, 87, 137
349741.6.peg.1741.site.32, 70, 88, 158
349741.6.peg.1741.site.33, 26, 86, 112
349741.6.peg.1741.site.34, 16, 90, 106
349741.6.peg.1741.site.35, 56, 95, 151
349741.6.peg.1741.site.36, 21, 95, 116
349741.6.peg.1741.site.37, 19, 97, 116
349741.6.peg.1741.site.38, 7, 97, 104
349741.6.peg.1741.site.39, 79, 97, 176
349741.6.peg.1741.site.40, 22, 97, 119
349741.6.peg.1741.site.41, 5, 97, 102
349741.6.peg.1741.site.42, 57, 97, 154
349741.6.peg.1741.site.43, 22, 97, 119
349741.6.peg.1741.site.44, 12, 96, 108
349741.6.peg.1741.site.45, 57, 91, 148
349741.6.peg.1741.site.46, 69, 90, 159
349741.6.peg.1741.site.47, 76, 89, 165
349741.6.peg.1741.site.48, 6, 89, 95
349741.6.peg.1741.site.49, 48, 88, 136
349741.6.peg.1741.site.50, 85, 85, 170
349741.6.peg.1741.site.51, 21, 95, 116
349741.6.peg.1741.site.52, 2, 97, 99
349741.6.peg.1741.site.53, 79, 97, 176
349741.6.peg.1741.site.54, 2, 97, 99
349741.6.peg.1740.site.1, 14, 97, 111
349741.6.peg.1740.site.2, 90, 97, 187
349741.6.peg.1740.site.3, 93, 93, 186
349741.6.peg.1740.site.4, 65, 85, 150
349741.6.peg.1740.site.5, 2, 83, 85
349741.6.peg.1740.site.6, 24, 93, 117
349741.6.peg.1740.site.7, 11, 95, 106
349741.6.peg.1740.site.8, 57, 89, 146
349741.6.peg.1740.site.9, 2, 92, 94
349741.6.peg.1740.site.10, 39, 96, 135
349741.6.peg.1740.site.11, 39, 96, 135
349741.6.peg.1740.site.12, 16, 97, 113
349741.6.peg.1740.site.13, 0, 95, 95
349741.6.peg.1740.site.14, 37, 93, 130
349741.6.peg.1740.site.15, 71, 89, 160
349741.6.peg.1740.site.16, 9, 53, 62
349741.6.peg.1740.site.17, 2, 29, 31
349741.6.peg.1740.site.18, 5, 23, 28
349741.6.peg.1740.site.19, 1, 22, 23
349741.6.peg.1740.site.20, 6, 24, 30
349741.6.peg.1740.site.21, 23, 41, 64
349741.6.peg.1740.site.22, 26, 44, 70
349741.6.peg.1740.site.23, 64, 82, 146
349741.6.peg.1740.site.24, 96, 97, 193
349741.6.peg.1740.site.25, 3, 97, 100
349741.6.peg.1740.site.26, 60, 97, 157
349741.6.peg.1740.site.27, 78, 96, 174
349741.6.peg.1740.site.28, 57, 94, 151
349741.6.peg.1740.site.29, 73, 79, 152
349741.6.peg.1740.site.30, 31, 65, 96
349741.6.peg.1740.site.31, 3, 66, 69
349741.6.peg.1740.site.32, 3, 63, 66
349741.6.peg.1740.site.33, 17, 39, 56
349741.6.peg.1740.site.34, 30, 30, 60
349741.6.peg.1740.site.35, 2, 33, 35
349741.6.peg.1740.site.36, 14, 47, 61
349741.6.peg.1740.site.37, 29, 65, 94
349741.6.peg.1740.site.38, 47, 96, 143
349741.6.peg.1740.site.39, 19, 97, 116
349741.6.peg.1740.site.40, 22, 87, 109
349741.6.peg.1740.site.41, 4, 86, 90
349741.6.peg.1740.site.42, 63, 81, 144
349741.6.peg.1740.site.43, 5, 82, 87
349741.6.peg.1740.site.44, 61, 79, 140
349741.6.peg.1740.site.45, 61, 78, 139
349741.6.peg.1740.site.46, 2, 82, 84
349741.6.peg.1740.site.47, 49, 78, 127
349741.6.peg.1740.site.48, 38, 74, 112
349741.6.peg.1740.site.49, 47, 76, 123
349741.6.peg.1740.site.50, 57, 94, 151
349741.6.peg.1740.site.51, 32, 94, 126
349741.6.peg.1740.site.52, 58, 95, 153
349741.6.peg.1740.site.53, 10, 87, 97
349741.6.peg.1740.site.54, 12, 86, 98
349741.6.peg.1740.site.55, 6, 84, 90
349741.6.peg.1740.site.56, 68, 86, 154
349741.6.peg.1740.site.57, 70, 86, 156
349741.6.peg.1740.site.58, 76, 93, 169
349741.6.peg.1743.site.1, 55, 96, 151
349741.6.peg.1743.site.2, 6, 92, 98
349741.6.peg.1743.site.3, 28, 65, 93
349741.6.peg.1743.site.4, 20, 58, 78
349741.6.peg.1743.site.5, 29, 62, 91
349741.6.peg.1743.site.6, 40, 78, 118
349741.6.peg.1743.site.7, 57, 95, 152
349741.6.peg.1743.site.8, 58, 96, 154
349741.6.peg.1743.site.9, 9, 95, 104
349741.6.peg.1743.site.10, 59, 96, 155
349741.6.peg.1743.site.11, 55, 95, 150
349741.6.peg.1743.site.12, 1, 95, 96
349741.6.peg.1743.site.13, 54, 97, 151
349741.6.peg.1743.site.14, 1, 92, 93
349741.6.peg.1743.site.15, 50, 92, 142
349741.6.peg.1743.site.16, 2, 94, 96
349741.6.peg.1743.site.17, 54, 95, 149
349741.6.peg.1743.site.18, 78, 95, 173
349741.6.peg.1743.site.19, 91, 94, 185
349741.6.peg.1743.site.20, 2, 96, 98
349741.6.peg.1743.site.21, 10, 96, 106
349741.6.peg.1743.site.22, 48, 94, 142
349741.6.peg.1743.site.23, 53, 94, 147
349741.6.peg.1742.site.1, 97, 97, 194
349741.6.peg.1742.site.2, 55, 95, 150
349741.6.peg.1742.site.3, 6, 93, 99
349741.6.peg.1742.site.4, 1, 92, 93
349741.6.peg.1742.site.5, 4, 86, 90
349741.6.peg.1742.site.6, 2, 88, 90
349741.6.peg.1742.site.7, 51, 91, 142
349741.6.peg.1742.site.8, 51, 91, 142
349741.6.peg.1742.site.9, 1, 86, 87
349741.6.peg.1742.site.10, 49, 71, 120
349741.6.peg.1742.site.11, 2, 70, 72
349741.6.peg.1742.site.12, 49, 76, 125
349741.6.peg.1742.site.13, 38, 73, 111
349741.6.peg.1742.site.14, 55, 92, 147
349741.6.peg.1742.site.15, 55, 97, 152
349741.6.peg.1742.site.16, 77, 94, 171
349741.6.peg.1742.site.17, 54, 96, 150
349741.6.peg.1742.site.18, 1, 96, 97
349741.6.peg.1742.site.19, 11, 92, 103
349741.6.peg.1742.site.20, 52, 93, 145
349741.6.peg.1742.site.21, 28, 46, 74
349741.6.peg.1742.site.22, 5, 44, 49
349741.6.peg.1742.site.23, 35, 53, 88
349741.6.peg.1742.site.24, 5, 69, 74
349741.6.peg.1742.site.25, 2, 89, 91
349741.6.peg.1742.site.26, 44, 84, 128
349741.6.peg.1742.site.27, 87, 91, 178
349741.6.peg.1742.site.28, 50, 89, 139
349741.6.peg.1742.site.29, 2, 92, 94
349741.6.peg.1742.site.30, 24, 88, 112
349741.6.peg.1742.site.31, 1, 97, 98
349741.6.peg.1742.site.32, 78, 96, 174
349741.6.peg.1742.site.33, 79, 97, 176
349741.6.peg.1745.site.1, 28, 57, 85
349741.6.peg.1745.site.2, 42, 95, 137
349741.6.peg.1745.site.3, 70, 80, 150
349741.6.peg.1745.site.4, 14, 62, 76
349741.6.peg.1745.site.5, 8, 61, 69
349741.6.peg.1745.site.6, 68, 97, 165
349741.6.peg.1745.site.7, 24, 97, 121
349741.6.peg.1745.site.8, 6, 97, 103
349741.6.peg.1745.site.9, 10, 92, 102
349741.6.peg.1745.site.10, 34, 92, 126
349741.6.peg.1745.site.11, 66, 84, 150
349741.6.peg.1745.site.12, 43, 86, 129
349741.6.peg.1745.site.13, 25, 88, 113
349741.6.peg.1745.site.14, 10, 92, 102
349741.6.peg.1745.site.15, 29, 95, 124
349741.6.peg.1745.site.16, 25, 95, 120
349741.6.peg.1745.site.17, 64, 95, 159
349741.6.peg.1745.site.18, 40, 96, 136
349741.6.peg.1745.site.19, 1, 87, 88
349741.6.peg.1745.site.20, 2, 87, 89
349741.6.peg.1744.site.1, 16, 97, 113
349741.6.peg.1744.site.2, 2, 95, 97
349741.6.peg.1744.site.3, 47, 88, 135
349741.6.peg.1744.site.4, 56, 97, 153
349741.6.peg.1744.site.5, 23, 92, 115
349741.6.peg.1744.site.6, 10, 51, 61
349741.6.peg.1744.site.7, 33, 62, 95
349741.6.peg.1744.site.8, 54, 72, 126
349741.6.peg.1744.site.9, 2, 95, 97
349741.6.peg.1744.site.10, 51, 94, 145
349741.6.peg.1744.site.11, 3, 94, 97
349741.6.peg.1744.site.12, 48, 96, 144
349741.6.peg.1744.site.13, 51, 93, 144
349741.6.peg.1744.site.14, 4, 82, 86
349741.6.peg.1744.site.15, 5, 89, 94
349741.6.peg.1744.site.16, 68, 97, 165
349741.6.peg.1744.site.17, 65, 94, 159
349741.6.peg.1744.site.18, 91, 94, 185
349741.6.peg.1744.site.19, 64, 93, 157
349741.6.peg.1744.site.20, 10, 95, 105
349741.6.peg.1744.site.21, 0, 93, 93
349741.6.peg.1744.site.22, 1, 93, 94
349741.6.peg.1744.site.23, 73, 89, 162
349741.6.peg.1744.site.24, 30, 86, 116
349741.6.peg.1744.site.25, 70, 87, 157
349741.6.peg.1744.site.26, 60, 82, 142
349741.6.peg.1744.site.27, 29, 82, 111
349741.6.peg.1744.site.28, 36, 83, 119
349741.6.peg.1744.site.29, 4, 69, 73
349741.6.peg.1744.site.30, 3, 59, 62
349741.6.peg.1744.site.31, 42, 59, 101
349741.6.peg.1744.site.32, 44, 61, 105
349741.6.peg.1744.site.33, 43, 60, 103
349741.6.peg.1744.site.34, 37, 87, 124
349741.6.peg.1744.site.35, 14, 73, 87
349741.6.peg.1744.site.36, 16, 71, 87
349741.6.peg.1744.site.37, 48, 66, 114
349741.6.peg.1744.site.38, 4, 66, 70
349741.6.peg.1744.site.39, 34, 78, 112
349741.6.peg.1744.site.40, 42, 95, 137
349741.6.peg.1744.site.41, 42, 95, 137
349741.6.peg.1744.site.42, 78, 93, 171
349741.6.peg.1744.site.43, 2, 55, 57
349741.6.peg.2449.site.1, 2, 97, 99
349741.6.peg.2449.site.2, 16, 97, 113
349741.6.peg.2449.site.3, 1, 97, 98
349741.6.peg.2449.site.4, 1, 94, 95
349741.6.peg.2449.site.5, 1, 95, 96
349741.6.peg.2449.site.6, 1, 97, 98
349741.6.peg.2448.site.1, 2, 97, 99
349741.6.peg.2448.site.2, 4, 95, 99
349741.6.peg.2448.site.3, 1, 96, 97
349741.6.peg.2448.site.4, 2, 96, 98
349741.6.peg.2448.site.5, 85, 89, 174
349741.6.peg.1749.site.1, 81, 90, 171
349741.6.peg.1749.site.2, 8, 97, 105
349741.6.peg.1749.site.3, 1, 97, 98
349741.6.peg.1749.site.4, 0, 96, 96
349741.6.peg.1749.site.5, 5, 97, 102
349741.6.peg.1749.site.6, 0, 96, 96
349741.6.peg.1749.site.7, 81, 97, 178
349741.6.peg.1749.site.8, 81, 97, 178
349741.6.peg.1749.site.9, 80, 96, 176
349741.6.peg.1749.site.10, 7, 96, 103
349741.6.peg.1749.site.11, 2, 96, 98
349741.6.peg.1749.site.12, 24, 97, 121
349741.6.peg.1749.site.13, 78, 94, 172
349741.6.peg.1749.site.14, 81, 94, 175
349741.6.peg.1749.site.15, 2, 95, 97
349741.6.peg.1749.site.16, 77, 93, 170
349741.6.peg.1749.site.17, 11, 96, 107
349741.6.peg.1749.site.18, 81, 97, 178
349741.6.peg.1749.site.19, 91, 96, 187
349741.6.peg.1749.site.20, 53, 97, 150
349741.6.peg.1749.site.21, 2, 96, 98
349741.6.peg.1749.site.22, 59, 75, 134
349741.6.peg.1749.site.23, 41, 57, 98
349741.6.peg.1749.site.24, 54, 57, 111
349741.6.peg.1749.site.25, 63, 79, 142
349741.6.peg.1749.site.26, 46, 62, 108
349741.6.peg.1749.site.27, 31, 47, 78
349741.6.peg.1749.site.28, 2, 43, 45
349741.6.peg.1749.site.29, 1, 39, 40
349741.6.peg.1749.site.30, 19, 35, 54
349741.6.peg.1749.site.31, 35, 51, 86
349741.6.peg.1749.site.32, 49, 65, 114
349741.6.peg.1749.site.33, 4, 96, 100
349741.6.peg.1748.site.1, 1, 97, 98
349741.6.peg.1748.site.2, 88, 97, 185
349741.6.peg.2444.site.1, 70, 96, 166
349741.6.peg.2444.site.2, 70, 96, 166
349741.6.peg.2444.site.3, 70, 96, 166
349741.6.peg.2444.site.4, 97, 97, 194
349741.6.peg.2444.site.5, 0, 95, 95
349741.6.peg.2444.site.6, 50, 94, 144
349741.6.peg.2443.site.1, 17, 97, 114
349741.6.peg.2443.site.2, 2, 97, 99
349741.6.peg.2443.site.3, 1, 96, 97
349741.6.peg.2443.site.4, 2, 95, 97
349741.6.peg.2443.site.5, 4, 95, 99
349741.6.peg.2443.site.6, 45, 95, 140
349741.6.peg.2443.site.7, 5, 96, 101
349741.6.peg.2443.site.8, 71, 95, 166
349741.6.peg.2443.site.9, 17, 96, 113
349741.6.peg.2443.site.10, 66, 93, 159
349741.6.peg.2443.site.11, 9, 95, 104
349741.6.peg.2443.site.12, 17, 93, 110
349741.6.peg.2443.site.13, 16, 95, 111
349741.6.peg.2443.site.14, 50, 97, 147
349741.6.peg.2443.site.15, 1, 97, 98
349741.6.peg.2443.site.16, 2, 97, 99
349741.6.peg.2443.site.17, 3, 97, 100
349741.6.peg.2443.site.18, 17, 97, 114
349741.6.peg.2442.site.1, 3, 95, 98
349741.6.peg.2442.site.2, 95, 95, 190
349741.6.peg.2442.site.3, 10, 94, 104
349741.6.peg.2442.site.4, 48, 95, 143
349741.6.peg.2442.site.5, 4, 93, 97
349741.6.peg.2442.site.6, 17, 96, 113
349741.6.peg.2442.site.7, 17, 97, 114
349741.6.peg.2442.site.8, 10, 95, 105
349741.6.peg.2442.site.9, 17, 97, 114
349741.6.peg.2441.site.1, 2, 97, 99
349741.6.peg.2441.site.2, 3, 97, 100
349741.6.peg.2441.site.3, 47, 92, 139
349741.6.peg.2441.site.4, 2, 96, 98
349741.6.peg.2441.site.5, 9, 93, 102
349741.6.peg.2441.site.6, 14, 90, 104
349741.6.peg.2441.site.7, 19, 92, 111
349741.6.peg.2441.site.8, 19, 95, 114
349741.6.peg.2441.site.9, 0, 93, 93
349741.6.peg.2440.site.1, 3, 97, 100
349741.6.peg.2440.site.2, 29, 95, 124
349741.6.peg.2440.site.3, 2, 95, 97
349741.6.peg.2440.site.4, 17, 96, 113
349741.6.peg.2440.site.5, 16, 94, 110
349741.6.peg.2440.site.6, 17, 96, 113
349741.6.peg.2440.site.7, 17, 96, 113
349741.6.peg.2440.site.8, 17, 97, 114
349741.6.peg.2440.site.9, 17, 94, 111
349741.6.peg.2440.site.10, 17, 97, 114
349741.6.peg.2440.site.11, 18, 97, 115
349741.6.peg.2440.site.12, 1, 96, 97
349741.6.peg.2440.site.13, 72, 97, 169
349741.6.peg.2440.site.14, 0, 97, 97
349741.6.peg.2440.site.15, 4, 96, 100
349741.6.peg.2440.site.16, 2, 96, 98
349741.6.peg.1248.site.1, 2, 96, 98
349741.6.peg.1248.site.2, 4, 97, 101
349741.6.peg.1248.site.3, 0, 97, 97
349741.6.peg.1248.site.4, 4, 97, 101
349741.6.peg.1248.site.5, 20, 97, 117
349741.6.peg.1248.site.6, 5, 97, 102
349741.6.peg.1248.site.7, 20, 97, 117
349741.6.peg.1248.site.8, 3, 97, 100
349741.6.peg.1248.site.9, 63, 97, 160
349741.6.peg.1248.site.10, 20, 97, 117
349741.6.peg.1248.site.11, 25, 97, 122
349741.6.peg.1248.site.12, 32, 97, 129
349741.6.peg.1248.site.13, 63, 97, 160
349741.6.peg.1248.site.14, 5, 97, 102
349741.6.peg.1248.site.15, 81, 97, 178
349741.6.peg.1248.site.16, 61, 97, 158
349741.6.peg.1248.site.17, 3, 96, 99
349741.6.peg.1248.site.18, 80, 96, 176
349741.6.peg.1248.site.19, 3, 96, 99
349741.6.peg.1248.site.20, 80, 96, 176
349741.6.peg.1248.site.21, 12, 96, 108
349741.6.peg.1248.site.22, 1, 97, 98
349741.6.peg.1248.site.23, 41, 96, 137
349741.6.peg.1248.site.24, 3, 97, 100
349741.6.peg.1248.site.25, 22, 97, 119
349741.6.peg.1248.site.26, 39, 97, 136
349741.6.peg.1248.site.27, 2, 97, 99
349741.6.peg.1248.site.28, 39, 97, 136
349741.6.peg.1248.site.29, 83, 97, 180
349741.6.peg.1249.site.1, 87, 94, 181
349741.6.peg.1249.site.2, 93, 97, 190
349741.6.peg.1249.site.3, 3, 97, 100
349741.6.peg.1249.site.4, 1, 97, 98
349741.6.peg.1249.site.5, 80, 96, 176
349741.6.peg.1249.site.6, 1, 96, 97
349741.6.peg.1249.site.7, 66, 93, 159
349741.6.peg.1249.site.8, 5, 94, 99
349741.6.peg.1246.site.1, 0, 97, 97
349741.6.peg.1246.site.2, 0, 97, 97
349741.6.peg.1246.site.3, 0, 97, 97
349741.6.peg.1246.site.4, 42, 97, 139
349741.6.peg.1246.site.5, 7, 97, 104
349741.6.peg.1246.site.6, 2, 97, 99
349741.6.peg.1246.site.7, 28, 97, 125
349741.6.peg.1246.site.8, 61, 96, 157
349741.6.peg.1246.site.9, 42, 97, 139
349741.6.peg.1246.site.10, 62, 97, 159
349741.6.peg.1246.site.11, 50, 97, 147
349741.6.peg.1246.site.12, 18, 97, 115
349741.6.peg.1246.site.13, 23, 97, 120
349741.6.peg.1246.site.14, 7, 97, 104
349741.6.peg.1246.site.15, 7, 97, 104
349741.6.peg.1246.site.16, 2, 97, 99
349741.6.peg.1247.site.1, 20, 97, 117
349741.6.peg.1247.site.2, 81, 91, 172
349741.6.peg.1247.site.3, 63, 67, 130
349741.6.peg.1247.site.4, 2, 97, 99
349741.6.peg.1247.site.5, 7, 97, 104
349741.6.peg.1247.site.6, 2, 97, 99
349741.6.peg.1247.site.7, 7, 97, 104
349741.6.peg.1247.site.8, 94, 97, 191
349741.6.peg.1247.site.9, 23, 96, 119
349741.6.peg.1247.site.10, 23, 97, 120
349741.6.peg.1247.site.11, 25, 97, 122
349741.6.peg.1247.site.12, 94, 97, 191
349741.6.peg.1247.site.13, 23, 97, 120
349741.6.peg.1247.site.14, 2, 97, 99
349741.6.peg.1247.site.15, 3, 97, 100
349741.6.peg.1247.site.16, 1, 97, 98
349741.6.peg.1247.site.17, 97, 97, 194
349741.6.peg.1247.site.18, 4, 96, 100
349741.6.peg.1247.site.19, 97, 97, 194
349741.6.peg.1240.site.1, 2, 96, 98
349741.6.peg.1240.site.2, 0, 97, 97
349741.6.peg.1240.site.3, 97, 97, 194
349741.6.peg.1240.site.4, 0, 97, 97
349741.6.peg.1240.site.5, 0, 97, 97
349741.6.peg.1240.site.6, 3, 97, 100
349741.6.peg.1240.site.7, 82, 97, 179
349741.6.peg.1240.site.8, 1, 97, 98
349741.6.peg.1240.site.9, 2, 97, 99
349741.6.peg.1241.site.1, 3, 97, 100
349741.6.peg.1241.site.2, 1, 96, 97
349741.6.peg.1241.site.3, 3, 97, 100
349741.6.peg.1241.site.4, 84, 97, 181
349741.6.peg.1241.site.5, 0, 97, 97
349741.6.peg.1241.site.6, 89, 95, 184
349741.6.peg.1241.site.7, 1, 87, 88
349741.6.peg.1241.site.8, 1, 97, 98
349741.6.peg.1241.site.9, 85, 97, 182
349741.6.peg.1241.site.10, 1, 96, 97
349741.6.peg.1241.site.11, 92, 97, 189
349741.6.peg.1241.site.12, 3, 97, 100
349741.6.peg.1241.site.13, 92, 97, 189
349741.6.peg.1241.site.14, 1, 97, 98
349741.6.peg.1241.site.15, 1, 97, 98
349741.6.peg.1241.site.16, 96, 97, 193
349741.6.peg.1241.site.17, 84, 97, 181
349741.6.peg.1241.site.18, 18, 97, 115
349741.6.peg.1241.site.19, 4, 96, 100
349741.6.peg.1241.site.20, 96, 97, 193
349741.6.peg.1241.site.21, 1, 97, 98
349741.6.peg.1241.site.22, 88, 97, 185
349741.6.peg.1242.site.1, 87, 96, 183
349741.6.peg.1242.site.2, 0, 96, 96
349741.6.peg.1242.site.3, 1, 97, 98
349741.6.peg.1242.site.4, 1, 97, 98
349741.6.peg.1242.site.5, 0, 95, 95
349741.6.peg.1242.site.6, 1, 97, 98
349741.6.peg.1242.site.7, 1, 95, 96
349741.6.peg.1242.site.8, 0, 97, 97
349741.6.peg.1242.site.9, 84, 97, 181
349741.6.peg.1242.site.10, 20, 96, 116
349741.6.peg.1242.site.11, 1, 97, 98
349741.6.peg.1242.site.12, 0, 96, 96
349741.6.peg.1242.site.13, 0, 96, 96
349741.6.peg.1242.site.14, 0, 95, 95
349741.6.peg.1243.site.1, 0, 95, 95
349741.6.peg.1243.site.2, 0, 97, 97
349741.6.peg.1330.site.1, 1, 97, 98
349741.6.peg.1330.site.2, 94, 97, 191
349741.6.peg.1330.site.3, 12, 96, 108
349741.6.peg.1330.site.4, 0, 96, 96
349741.6.peg.1330.site.5, 63, 97, 160
349741.6.peg.1330.site.6, 5, 96, 101
349741.6.peg.1330.site.7, 94, 97, 191
349741.6.peg.1330.site.8, 9, 97, 106
349741.6.peg.1330.site.9, 2, 97, 99
349741.6.peg.1331.site.1, 71, 97, 168
349741.6.peg.1331.site.2, 12, 97, 109
349741.6.peg.1331.site.3, 50, 96, 146
349741.6.peg.1331.site.4, 61, 97, 158
349741.6.peg.1331.site.5, 30, 97, 127
349741.6.peg.1331.site.6, 4, 97, 101
349741.6.peg.1331.site.7, 59, 97, 156
349741.6.peg.1331.site.8, 2, 96, 98
349741.6.peg.1331.site.9, 1, 96, 97
349741.6.peg.1331.site.10, 2, 96, 98
349741.6.peg.1331.site.11, 37, 97, 134
349741.6.peg.1331.site.12, 39, 97, 136
349741.6.peg.1331.site.13, 2, 97, 99
349741.6.peg.1331.site.14, 41, 93, 134
349741.6.peg.1331.site.15, 45, 97, 142
349741.6.peg.1332.site.1, 2, 97, 99
349741.6.peg.1332.site.2, 0, 97, 97
349741.6.peg.1333.site.1, 2, 96, 98
349741.6.peg.1333.site.2, 29, 96, 125
349741.6.peg.1333.site.3, 1, 95, 96
349741.6.peg.1333.site.4, 0, 96, 96
349741.6.peg.1333.site.5, 3, 97, 100
349741.6.peg.1333.site.6, 39, 96, 135
349741.6.peg.1333.site.7, 2, 97, 99
349741.6.peg.1333.site.8, 33, 97, 130
349741.6.peg.1334.site.1, 41, 97, 138
349741.6.peg.1334.site.2, 1, 97, 98
349741.6.peg.1334.site.3, 1, 97, 98
349741.6.peg.1337.site.1, 1, 19, 20
349741.6.peg.1337.site.2, 18, 48, 66
349741.6.peg.1337.site.3, 49, 79, 128
349741.6.peg.1337.site.4, 91, 95, 186
349741.6.peg.1337.site.5, 20, 97, 117
349741.6.peg.1337.site.6, 2, 96, 98
349741.6.peg.1337.site.7, 78, 96, 174
349741.6.peg.1337.site.8, 90, 96, 186
349741.6.peg.1337.site.9, 16, 97, 113
349741.6.peg.1337.site.10, 2, 96, 98
349741.6.peg.1337.site.11, 86, 97, 183
349741.6.peg.1337.site.12, 86, 97, 183
349741.6.peg.1337.site.13, 8, 97, 105
349741.6.peg.1337.site.14, 2, 97, 99
349741.6.peg.1337.site.15, 71, 97, 168
349741.6.peg.1337.site.16, 3, 97, 100
349741.6.peg.1337.site.17, 4, 97, 101
349741.6.peg.1337.site.18, 68, 97, 165
349741.6.peg.1338.site.1, 2, 97, 99
349741.6.peg.1338.site.2, 0, 97, 97
349741.6.peg.1338.site.3, 12, 97, 109
349741.6.peg.1338.site.4, 8, 96, 104
349741.6.peg.1338.site.5, 93, 94, 187
349741.6.peg.1338.site.6, 7, 95, 102
349741.6.peg.1338.site.7, 7, 90, 97
349741.6.peg.1338.site.8, 2, 91, 93
349741.6.peg.1338.site.9, 8, 90, 98
349741.6.peg.1338.site.10, 1, 92, 93
349741.6.peg.1338.site.11, 2, 97, 99
349741.6.peg.1338.site.12, 2, 97, 99
349741.6.peg.1338.site.13, 0, 97, 97
349741.6.peg.1338.site.14, 8, 97, 105
349741.6.peg.1338.site.15, 2, 93, 95
349741.6.peg.1339.site.1, 5, 22, 27
349741.6.peg.1339.site.2, 20, 26, 46
349741.6.peg.1339.site.3, 67, 87, 154
349741.6.peg.1339.site.4, 76, 96, 172
349741.6.peg.1339.site.5, 86, 97, 183
349741.6.peg.1339.site.6, 39, 97, 136
349741.6.peg.1339.site.7, 2, 97, 99
349741.6.peg.1339.site.8, 40, 96, 136
349741.6.peg.1339.site.9, 88, 96, 184
349741.6.peg.1339.site.10, 2, 96, 98
349741.6.peg.1339.site.11, 2, 96, 98
349741.6.peg.1339.site.12, 2, 94, 96
349741.6.peg.1339.site.13, 75, 93, 168
349741.6.peg.1339.site.14, 4, 20, 24
349741.6.peg.1421.site.1, 8, 97, 105
349741.6.peg.1421.site.2, 26, 97, 123
349741.6.peg.1421.site.3, 21, 92, 113
349741.6.peg.1421.site.4, 25, 94, 119
349741.6.peg.1421.site.5, 21, 92, 113
349741.6.peg.1421.site.6, 26, 97, 123
349741.6.peg.1421.site.7, 52, 97, 149
349741.6.peg.1421.site.8, 26, 97, 123
349741.6.peg.1421.site.9, 52, 97, 149
349741.6.peg.1421.site.10, 52, 97, 149
349741.6.peg.1421.site.11, 21, 97, 118
349741.6.peg.1421.site.12, 52, 97, 149
349741.6.peg.1421.site.13, 26, 97, 123
349741.6.peg.1421.site.14, 26, 97, 123
349741.6.peg.1421.site.15, 26, 97, 123
349741.6.peg.1421.site.16, 26, 96, 122
349741.6.peg.1421.site.17, 52, 97, 149
349741.6.peg.1421.site.18, 26, 97, 123
349741.6.peg.1421.site.19, 52, 97, 149
349741.6.peg.1421.site.20, 5, 97, 102
349741.6.peg.1421.site.21, 21, 97, 118
349741.6.peg.1421.site.22, 42, 97, 139
349741.6.peg.1421.site.23, 31, 97, 128
349741.6.peg.1421.site.24, 31, 97, 128
349741.6.peg.1421.site.25, 10, 96, 106
349741.6.peg.1421.site.26, 19, 95, 114
349741.6.peg.1421.site.27, 19, 95, 114
349741.6.peg.1421.site.28, 3, 91, 94
349741.6.peg.1421.site.29, 2, 78, 80
349741.6.peg.1421.site.30, 9, 85, 94
349741.6.peg.1421.site.31, 28, 90, 118
349741.6.peg.1421.site.32, 21, 97, 118
349741.6.peg.1421.site.33, 0, 97, 97
349741.6.peg.1421.site.34, 20, 96, 116
349741.6.peg.1421.site.35, 19, 95, 114
349741.6.peg.1421.site.36, 5, 83, 88
349741.6.peg.1421.site.37, 3, 83, 86
349741.6.peg.1421.site.38, 4, 81, 85
349741.6.peg.1421.site.39, 8, 85, 93
349741.6.peg.1421.site.40, 15, 90, 105
349741.6.peg.1421.site.41, 5, 97, 102
349741.6.peg.1421.site.42, 19, 97, 116
349741.6.peg.1421.site.43, 19, 97, 116
349741.6.peg.1421.site.44, 3, 97, 100
349741.6.peg.1421.site.45, 24, 97, 121
349741.6.peg.1421.site.46, 19, 97, 116
349741.6.peg.1421.site.47, 6, 97, 103
349741.6.peg.1421.site.48, 62, 97, 159
349741.6.peg.1421.site.49, 19, 97, 116
349741.6.peg.1421.site.50, 19, 97, 116
349741.6.peg.1421.site.51, 1, 97, 98
349741.6.peg.1421.site.52, 12, 90, 102
349741.6.peg.1421.site.53, 2, 81, 83
349741.6.peg.1421.site.54, 77, 80, 157
349741.6.peg.1421.site.55, 4, 82, 86
349741.6.peg.1421.site.56, 4, 82, 86
349741.6.peg.1421.site.57, 12, 90, 102
349741.6.peg.1421.site.58, 19, 94, 113
349741.6.peg.1421.site.59, 17, 87, 104
349741.6.peg.1421.site.60, 0, 74, 74
349741.6.peg.1421.site.61, 1, 62, 63
349741.6.peg.1421.site.62, 2, 97, 99
349741.6.peg.1421.site.63, 2, 97, 99
349741.6.peg.1421.site.64, 0, 97, 97
349741.6.peg.6.site.1, 0, 96, 96
349741.6.peg.6.site.2, 54, 97, 151
349741.6.peg.6.site.3, 51, 96, 147
349741.6.peg.6.site.4, 52, 97, 149
349741.6.peg.6.site.5, 87, 97, 184
349741.6.peg.6.site.6, 65, 95, 160
349741.6.peg.6.site.7, 63, 93, 156
349741.6.peg.6.site.8, 42, 73, 115
349741.6.peg.6.site.9, 27, 62, 89
349741.6.peg.6.site.10, 2, 37, 39
349741.6.peg.6.site.11, 5, 35, 40
349741.6.peg.6.site.12, 5, 35, 40
349741.6.peg.6.site.13, 8, 38, 46
349741.6.peg.6.site.14, 34, 69, 103
349741.6.peg.6.site.15, 5, 95, 100
349741.6.peg.6.site.16, 63, 95, 158
349741.6.peg.6.site.17, 2, 96, 98
349741.6.peg.6.site.18, 65, 95, 160
349741.6.peg.6.site.19, 67, 97, 164
349741.6.peg.6.site.20, 12, 97, 109
349741.6.peg.6.site.21, 35, 97, 132
349741.6.peg.6.site.22, 10, 97, 107
349741.6.peg.6.site.23, 72, 94, 166
349741.6.peg.6.site.24, 63, 86, 149
349741.6.peg.6.site.25, 46, 80, 126
349741.6.peg.7.site.1, 22, 66, 88
349741.6.peg.7.site.2, 68, 75, 143
349741.6.peg.7.site.3, 1, 83, 84
349741.6.peg.7.site.4, 1, 86, 87
349741.6.peg.7.site.5, 66, 95, 161
349741.6.peg.7.site.6, 57, 97, 154
349741.6.peg.7.site.7, 5, 97, 102
349741.6.peg.7.site.8, 9, 97, 106
349741.6.peg.7.site.9, 3, 97, 100
349741.6.peg.7.site.10, 5, 97, 102
349741.6.peg.7.site.11, 14, 97, 111
349741.6.peg.7.site.12, 57, 97, 154
349741.6.peg.7.site.13, 8, 97, 105
349741.6.peg.7.site.14, 0, 97, 97
349741.6.peg.7.site.15, 5, 97, 102
349741.6.peg.7.site.16, 57, 97, 154
349741.6.peg.7.site.17, 7, 97, 104
349741.6.peg.7.site.18, 4, 97, 101
349741.6.peg.7.site.19, 6, 97, 103
349741.6.peg.7.site.20, 72, 97, 169
349741.6.peg.7.site.21, 62, 97, 159
349741.6.peg.7.site.22, 73, 97, 170
349741.6.peg.7.site.23, 6, 97, 103
349741.6.peg.7.site.24, 2, 97, 99
349741.6.peg.7.site.25, 5, 97, 102
349741.6.peg.7.site.26, 61, 97, 158
349741.6.peg.7.site.27, 5, 97, 102
349741.6.peg.7.site.28, 54, 95, 149
349741.6.peg.7.site.29, 86, 94, 180
349741.6.peg.7.site.30, 2, 94, 96
349741.6.peg.7.site.31, 70, 94, 164
349741.6.peg.7.site.32, 3, 94, 97
349741.6.peg.7.site.33, 66, 97, 163
349741.6.peg.7.site.34, 1, 97, 98
349741.6.peg.7.site.35, 5, 97, 102
349741.6.peg.7.site.36, 5, 97, 102
349741.6.peg.7.site.37, 57, 88, 145
349741.6.peg.7.site.38, 55, 86, 141
349741.6.peg.7.site.39, 50, 81, 131
349741.6.peg.7.site.40, 54, 85, 139
349741.6.peg.7.site.41, 64, 95, 159
349741.6.peg.7.site.42, 5, 97, 102
349741.6.peg.7.site.43, 66, 97, 163
349741.6.peg.7.site.44, 64, 97, 161
349741.6.peg.7.site.45, 61, 97, 158
349741.6.peg.7.site.46, 61, 97, 158
349741.6.peg.7.site.47, 66, 97, 163
349741.6.peg.7.site.48, 7, 97, 104
349741.6.peg.7.site.49, 62, 97, 159
349741.6.peg.7.site.50, 3, 97, 100
349741.6.peg.7.site.51, 88, 94, 182
349741.6.peg.7.site.52, 59, 96, 155
349741.6.peg.7.site.53, 59, 97, 156
349741.6.peg.7.site.54, 66, 97, 163
349741.6.peg.7.site.55, 60, 96, 156
349741.6.peg.7.site.56, 7, 96, 103
349741.6.peg.7.site.57, 42, 97, 139
349741.6.peg.4.site.1, 2, 96, 98
349741.6.peg.4.site.2, 2, 97, 99
349741.6.peg.4.site.3, 87, 97, 184
349741.6.peg.4.site.4, 7, 94, 101
349741.6.peg.4.site.5, 91, 91, 182
349741.6.peg.4.site.6, 1, 72, 73
349741.6.peg.4.site.7, 2, 64, 66
349741.6.peg.4.site.8, 1, 44, 45
349741.6.peg.4.site.9, 25, 47, 72
349741.6.peg.4.site.10, 2, 45, 47
349741.6.peg.4.site.11, 9, 43, 52
349741.6.peg.4.site.12, 12, 32, 44
349741.6.peg.4.site.13, 10, 26, 36
349741.6.peg.4.site.14, 5, 29, 34
349741.6.peg.4.site.15, 7, 29, 36
349741.6.peg.4.site.16, 3, 26, 29
349741.6.peg.4.site.17, 42, 58, 100
349741.6.peg.4.site.18, 75, 81, 156
349741.6.peg.4.site.19, 0, 91, 91
349741.6.peg.4.site.20, 92, 94, 186
349741.6.peg.4.site.21, 71, 96, 167
349741.6.peg.4.site.22, 81, 97, 178
349741.6.peg.4.site.23, 1, 97, 98
349741.6.peg.4.site.24, 72, 97, 169
349741.6.peg.4.site.25, 74, 97, 171
349741.6.peg.4.site.26, 7, 97, 104
349741.6.peg.4.site.27, 71, 96, 167
349741.6.peg.4.site.28, 66, 91, 157
349741.6.peg.4.site.29, 7, 91, 98
349741.6.peg.4.site.30, 77, 93, 170
349741.6.peg.4.site.31, 66, 91, 157
349741.6.peg.4.site.32, 1, 97, 98
349741.6.peg.4.site.33, 2, 97, 99
349741.6.peg.4.site.34, 71, 96, 167
349741.6.peg.4.site.35, 2, 95, 97
349741.6.peg.4.site.36, 86, 95, 181
349741.6.peg.4.site.37, 1, 94, 95
349741.6.peg.4.site.38, 73, 94, 167
349741.6.peg.4.site.39, 66, 95, 161
349741.6.peg.4.site.40, 2, 94, 96
349741.6.peg.4.site.41, 1, 96, 97
349741.6.peg.4.site.42, 7, 97, 104
349741.6.peg.4.site.43, 7, 97, 104
349741.6.peg.4.site.44, 1, 97, 98
349741.6.peg.4.site.45, 11, 96, 107
349741.6.peg.4.site.46, 87, 96, 183
349741.6.peg.4.site.47, 0, 97, 97
349741.6.peg.4.site.48, 9, 95, 104
349741.6.peg.4.site.49, 12, 96, 108
349741.6.peg.4.site.50, 5, 94, 99
349741.6.peg.4.site.51, 7, 95, 102
349741.6.peg.4.site.52, 7, 96, 103
349741.6.peg.4.site.53, 62, 92, 154
349741.6.peg.4.site.54, 9, 93, 102
349741.6.peg.4.site.55, 48, 78, 126
349741.6.peg.5.site.1, 2, 97, 99
349741.6.peg.5.site.2, 0, 96, 96
349741.6.peg.5.site.3, 74, 96, 170
349741.6.peg.5.site.4, 12, 97, 109
349741.6.peg.5.site.5, 12, 97, 109
349741.6.peg.5.site.6, 0, 97, 97
349741.6.peg.5.site.7, 1, 97, 98
349741.6.peg.5.site.8, 62, 97, 159
349741.6.peg.5.site.9, 62, 97, 159
349741.6.peg.5.site.10, 62, 97, 159
349741.6.peg.5.site.11, 2, 97, 99
349741.6.peg.5.site.12, 64, 97, 161
349741.6.peg.5.site.13, 10, 97, 107
349741.6.peg.5.site.14, 74, 97, 171
349741.6.peg.5.site.15, 62, 97, 159
349741.6.peg.5.site.16, 64, 97, 161
349741.6.peg.5.site.17, 7, 97, 104
349741.6.peg.5.site.18, 3, 96, 99
349741.6.peg.5.site.19, 73, 96, 169
349741.6.peg.5.site.20, 0, 96, 96
349741.6.peg.5.site.21, 63, 95, 158
349741.6.peg.5.site.22, 2, 86, 88
349741.6.peg.3.site.1, 2, 32, 34
349741.6.peg.3.site.2, 12, 28, 40
349741.6.peg.3.site.3, 45, 68, 113
349741.6.peg.3.site.4, 7, 92, 99
349741.6.peg.3.site.5, 22, 45, 67
349741.6.peg.3.site.6, 7, 28, 35
349741.6.peg.3.site.7, 7, 27, 34
349741.6.peg.3.site.8, 15, 39, 54
349741.6.peg.3.site.9, 58, 64, 122
349741.6.peg.3.site.10, 1, 81, 82
349741.6.peg.3.site.11, 71, 87, 158
349741.6.peg.3.site.12, 2, 93, 95
349741.6.peg.3.site.13, 68, 91, 159
349741.6.peg.3.site.14, 57, 80, 137
349741.6.peg.3.site.15, 8, 77, 85
349741.6.peg.3.site.16, 47, 70, 117
349741.6.peg.3.site.17, 60, 83, 143
349741.6.peg.3.site.18, 65, 88, 153
349741.6.peg.3.site.19, 1, 87, 88
349741.6.peg.8.site.1, 64, 95, 159
349741.6.peg.8.site.2, 17, 48, 65
349741.6.peg.8.site.3, 11, 42, 53
349741.6.peg.8.site.4, 23, 49, 72
349741.6.peg.8.site.5, 52, 94, 146
349741.6.peg.8.site.6, 55, 97, 152
349741.6.peg.8.site.7, 56, 97, 153
349741.6.peg.8.site.8, 1, 95, 96
349741.6.peg.8.site.9, 53, 95, 148
349741.6.peg.8.site.10, 1, 42, 43
349741.6.peg.8.site.11, 1, 43, 44
349741.6.peg.8.site.12, 13, 50, 63
349741.6.peg.8.site.13, 14, 53, 67
349741.6.peg.8.site.14, 35, 77, 112
349741.6.peg.8.site.15, 10, 71, 81
349741.6.peg.8.site.16, 48, 90, 138
349741.6.peg.8.site.17, 55, 97, 152
349741.6.peg.8.site.18, 55, 97, 152
349741.6.peg.8.site.19, 7, 97, 104
349741.6.peg.8.site.20, 59, 96, 155
349741.6.peg.8.site.21, 61, 97, 158
349741.6.peg.8.site.22, 50, 97, 147
349741.6.peg.8.site.23, 6, 95, 101
349741.6.peg.8.site.24, 83, 92, 175
349741.6.peg.8.site.25, 11, 92, 103
349741.6.peg.8.site.26, 7, 64, 71
349741.6.peg.8.site.27, 19, 49, 68
349741.6.peg.8.site.28, 28, 49, 77
349741.6.peg.8.site.29, 2, 65, 67
349741.6.peg.8.site.30, 29, 70, 99
349741.6.peg.8.site.31, 30, 72, 102
349741.6.peg.8.site.32, 1, 74, 75
349741.6.peg.8.site.33, 1, 85, 86
349741.6.peg.8.site.34, 5, 85, 90
349741.6.peg.8.site.35, 34, 80, 114
349741.6.peg.8.site.36, 1, 74, 75
349741.6.peg.8.site.37, 36, 67, 103
349741.6.peg.8.site.38, 26, 57, 83
349741.6.peg.8.site.39, 18, 60, 78
349741.6.peg.8.site.40, 31, 78, 109
349741.6.peg.8.site.41, 16, 79, 95
349741.6.peg.8.site.42, 35, 82, 117
349741.6.peg.8.site.43, 4, 94, 98
349741.6.peg.8.site.44, 37, 92, 129
349741.6.peg.8.site.45, 2, 93, 95
349741.6.peg.8.site.46, 38, 93, 131
349741.6.peg.8.site.47, 11, 95, 106
349741.6.peg.8.site.48, 49, 93, 142
349741.6.peg.8.site.49, 42, 97, 139
349741.6.peg.8.site.50, 16, 97, 113
349741.6.peg.8.site.51, 1, 97, 98
349741.6.peg.8.site.52, 37, 96, 133
349741.6.peg.8.site.53, 37, 96, 133
349741.6.peg.8.site.54, 1, 97, 98
349741.6.peg.8.site.55, 36, 96, 132
349741.6.peg.8.site.56, 20, 90, 110
349741.6.peg.8.site.57, 9, 69, 78
349741.6.peg.8.site.58, 17, 61, 78
349741.6.peg.8.site.59, 17, 60, 77
349741.6.peg.8.site.60, 26, 69, 95
349741.6.peg.8.site.61, 44, 87, 131
349741.6.peg.8.site.62, 7, 87, 94
349741.6.peg.8.site.63, 39, 81, 120
349741.6.peg.8.site.64, 45, 89, 134
349741.6.peg.8.site.65, 1, 94, 95
349741.6.peg.8.site.66, 1, 94, 95
349741.6.peg.8.site.67, 40, 94, 134
349741.6.peg.8.site.68, 39, 97, 136
349741.6.peg.8.site.69, 10, 97, 107
349741.6.peg.8.site.70, 10, 96, 106
349741.6.peg.8.site.71, 54, 95, 149
349741.6.peg.8.site.72, 50, 94, 144
349741.6.peg.8.site.73, 40, 94, 134
349741.6.peg.8.site.74, 10, 93, 103
349741.6.peg.8.site.75, 44, 94, 138
349741.6.peg.8.site.76, 0, 95, 95
349741.6.peg.8.site.77, 13, 95, 108
349741.6.peg.8.site.78, 12, 97, 109
349741.6.peg.8.site.79, 36, 97, 133
349741.6.peg.8.site.80, 1, 97, 98
349741.6.peg.8.site.81, 1, 70, 71
349741.6.peg.8.site.82, 4, 64, 68
349741.6.peg.8.site.83, 10, 97, 107
349741.6.peg.8.site.84, 46, 97, 143
349741.6.peg.8.site.85, 11, 97, 108
349741.6.peg.8.site.86, 10, 97, 107
349741.6.peg.8.site.87, 35, 96, 131
349741.6.peg.8.site.88, 9, 95, 104
349741.6.peg.9.site.1, 7, 97, 104
349741.6.peg.9.site.2, 47, 97, 144
349741.6.peg.9.site.3, 11, 97, 108
349741.6.peg.9.site.4, 1, 97, 98
349741.6.peg.9.site.5, 35, 94, 129
349741.6.peg.9.site.6, 47, 97, 144
349741.6.peg.9.site.7, 47, 97, 144
349741.6.peg.9.site.8, 11, 97, 108
349741.6.peg.9.site.9, 1, 97, 98
349741.6.peg.9.site.10, 1, 97, 98
349741.6.peg.9.site.11, 1, 97, 98
349741.6.peg.9.site.12, 6, 95, 101
349741.6.peg.9.site.13, 0, 96, 96
349741.6.peg.9.site.14, 19, 95, 114
349741.6.peg.9.site.15, 1, 96, 97
349741.6.peg.9.site.16, 2, 94, 96
349741.6.peg.9.site.17, 5, 89, 94
349741.6.peg.9.site.18, 5, 92, 97
349741.6.peg.9.site.19, 3, 95, 98
349741.6.peg.9.site.20, 6, 95, 101
349741.6.peg.9.site.21, 0, 95, 95
349741.6.peg.9.site.22, 6, 94, 100
349741.6.peg.9.site.23, 11, 94, 105
349741.6.peg.9.site.24, 40, 94, 134
349741.6.peg.9.site.25, 15, 97, 112
349741.6.peg.9.site.26, 47, 96, 143
349741.6.peg.9.site.27, 31, 96, 127
349741.6.peg.9.site.28, 6, 96, 102
349741.6.peg.2049.site.1, 2, 63, 65
349741.6.peg.2049.site.2, 23, 64, 87
349741.6.peg.2049.site.3, 16, 67, 83
349741.6.peg.2049.site.4, 4, 67, 71
349741.6.peg.2049.site.5, 6, 66, 72
349741.6.peg.2049.site.6, 2, 82, 84
349741.6.peg.2049.site.7, 1, 83, 84
349741.6.peg.2049.site.8, 7, 83, 90
349741.6.peg.2049.site.9, 40, 79, 119
349741.6.peg.2049.site.10, 45, 84, 129
349741.6.peg.2049.site.11, 37, 88, 125
349741.6.peg.2049.site.12, 4, 94, 98
349741.6.peg.2049.site.13, 20, 96, 116
349741.6.peg.2049.site.14, 1, 97, 98
349741.6.peg.2049.site.15, 0, 95, 95
349741.6.peg.2049.site.16, 25, 92, 117
349741.6.peg.2049.site.17, 23, 90, 113
349741.6.peg.2049.site.18, 1, 91, 92
349741.6.peg.2049.site.19, 24, 91, 115
349741.6.peg.2049.site.20, 26, 87, 113
349741.6.peg.2049.site.21, 26, 88, 114
349741.6.peg.2049.site.22, 17, 84, 101
349741.6.peg.2049.site.23, 10, 67, 77
349741.6.peg.2049.site.24, 7, 66, 73
349741.6.peg.2049.site.25, 4, 68, 72
349741.6.peg.2049.site.26, 64, 86, 150
349741.6.peg.2049.site.27, 8, 94, 102
349741.6.peg.2049.site.28, 5, 94, 99
349741.6.peg.2049.site.29, 7, 97, 104
349741.6.peg.2049.site.30, 1, 95, 96
349741.6.peg.2049.site.31, 7, 95, 102
349741.6.peg.2049.site.32, 7, 93, 100
349741.6.peg.2049.site.33, 37, 87, 124
349741.6.peg.2049.site.34, 7, 90, 97
349741.6.peg.2049.site.35, 7, 96, 103
349741.6.peg.2049.site.36, 5, 97, 102
349741.6.peg.2049.site.37, 7, 97, 104
349741.6.peg.2049.site.38, 14, 97, 111
349741.6.peg.2048.site.1, 17, 90, 107
349741.6.peg.2048.site.2, 15, 89, 104
349741.6.peg.2048.site.3, 16, 89, 105
349741.6.peg.2048.site.4, 1, 83, 84
349741.6.peg.2048.site.5, 1, 81, 82
349741.6.peg.2048.site.6, 74, 87, 161
349741.6.peg.2048.site.7, 14, 87, 101
349741.6.peg.2048.site.8, 17, 90, 107
349741.6.peg.2048.site.9, 9, 93, 102
349741.6.peg.2048.site.10, 8, 95, 103
349741.6.peg.2048.site.11, 14, 95, 109
349741.6.peg.2048.site.12, 16, 95, 111
349741.6.peg.2048.site.13, 0, 96, 96
349741.6.peg.2048.site.14, 25, 96, 121
349741.6.peg.2048.site.15, 13, 95, 108
349741.6.peg.2048.site.16, 24, 97, 121
349741.6.peg.2048.site.17, 16, 97, 113
349741.6.peg.2048.site.18, 86, 97, 183
349741.6.peg.2048.site.19, 2, 97, 99
349741.6.peg.2048.site.20, 6, 91, 97
349741.6.peg.2048.site.21, 24, 96, 120
349741.6.peg.2048.site.22, 17, 97, 114
349741.6.peg.2048.site.23, 6, 95, 101
349741.6.peg.2048.site.24, 6, 92, 98
349741.6.peg.2048.site.25, 64, 89, 153
349741.6.peg.2048.site.26, 8, 89, 97
349741.6.peg.2048.site.27, 9, 88, 97
349741.6.peg.2048.site.28, 32, 90, 122
349741.6.peg.2048.site.29, 31, 88, 119
349741.6.peg.2048.site.30, 10, 92, 102
349741.6.peg.2048.site.31, 7, 94, 101
349741.6.peg.2048.site.32, 7, 92, 99
349741.6.peg.2048.site.33, 24, 91, 115
349741.6.peg.2048.site.34, 32, 92, 124
349741.6.peg.2048.site.35, 27, 94, 121
349741.6.peg.2048.site.36, 25, 92, 117
349741.6.peg.2048.site.37, 19, 94, 113
349741.6.peg.2048.site.38, 7, 92, 99
349741.6.peg.2048.site.39, 34, 85, 119
349741.6.peg.2048.site.40, 15, 82, 97
349741.6.peg.2048.site.41, 21, 80, 101
349741.6.peg.2048.site.42, 13, 64, 77
349741.6.peg.2048.site.43, 11, 62, 73
349741.6.peg.2041.site.1, 3, 97, 100
349741.6.peg.2041.site.2, 3, 97, 100
349741.6.peg.2047.site.1, 6, 77, 83
349741.6.peg.2047.site.2, 41, 90, 131
349741.6.peg.2047.site.3, 19, 90, 109
349741.6.peg.2047.site.4, 0, 90, 90
349741.6.peg.2047.site.5, 12, 93, 105
349741.6.peg.2047.site.6, 13, 91, 104
349741.6.peg.2047.site.7, 4, 89, 93
349741.6.peg.2047.site.8, 5, 92, 97
349741.6.peg.2047.site.9, 18, 94, 112
349741.6.peg.2047.site.10, 9, 95, 104
349741.6.peg.2047.site.11, 7, 95, 102
349741.6.peg.2047.site.12, 16, 96, 112
349741.6.peg.2047.site.13, 0, 96, 96
349741.6.peg.2047.site.14, 3, 94, 97
349741.6.peg.2047.site.15, 29, 94, 123
349741.6.peg.2047.site.16, 20, 94, 114
349741.6.peg.2047.site.17, 18, 92, 110
349741.6.peg.2047.site.18, 10, 81, 91
349741.6.peg.2047.site.19, 0, 85, 85
349741.6.peg.2047.site.20, 0, 92, 92
349741.6.peg.2047.site.21, 0, 93, 93
349741.6.peg.2047.site.22, 15, 92, 107
349741.6.peg.2047.site.23, 5, 78, 83
349741.6.peg.2046.site.1, 2, 95, 97
349741.6.peg.2046.site.2, 19, 93, 112
349741.6.peg.2046.site.3, 2, 97, 99
349741.6.peg.2046.site.4, 2, 97, 99
349741.6.peg.2046.site.5, 3, 96, 99
349741.6.peg.2046.site.6, 2, 95, 97
349741.6.peg.2046.site.7, 8, 82, 90
349741.6.peg.2046.site.8, 7, 82, 89
349741.6.peg.2046.site.9, 3, 80, 83
349741.6.peg.2046.site.10, 1, 88, 89
349741.6.peg.2046.site.11, 21, 96, 117
349741.6.peg.2046.site.12, 3, 97, 100
349741.6.peg.2046.site.13, 0, 96, 96
349741.6.peg.2046.site.14, 18, 97, 115
349741.6.peg.2046.site.15, 7, 97, 104
349741.6.peg.2046.site.16, 0, 95, 95
349741.6.peg.2046.site.17, 4, 93, 97
349741.6.peg.2046.site.18, 20, 89, 109
349741.6.peg.2046.site.19, 4, 90, 94
349741.6.peg.2046.site.20, 90, 90, 180
349741.6.peg.2046.site.21, 1, 91, 92
349741.6.peg.2046.site.22, 1, 91, 92
349741.6.peg.2046.site.23, 3, 93, 96
349741.6.peg.2046.site.24, 4, 94, 98
349741.6.peg.2046.site.25, 6, 93, 99
349741.6.peg.2046.site.26, 1, 91, 92
349741.6.peg.2046.site.27, 0, 87, 87
349741.6.peg.2046.site.28, 1, 87, 88
349741.6.peg.2046.site.29, 1, 88, 89
349741.6.peg.2046.site.30, 75, 90, 165
349741.6.peg.2045.site.1, 1, 97, 98
349741.6.peg.2045.site.2, 14, 86, 100
349741.6.peg.2045.site.3, 37, 86, 123
349741.6.peg.2045.site.4, 1, 88, 89
349741.6.peg.2045.site.5, 19, 90, 109
349741.6.peg.2045.site.6, 19, 90, 109
349741.6.peg.2045.site.7, 33, 96, 129
349741.6.peg.2045.site.8, 33, 97, 130
349741.6.peg.2045.site.9, 36, 97, 133
349741.6.peg.2045.site.10, 9, 97, 106
349741.6.peg.2045.site.11, 95, 95, 190
349741.6.peg.2045.site.12, 32, 96, 128
349741.6.peg.2045.site.13, 33, 97, 130
349741.6.peg.2045.site.14, 3, 95, 98
349741.6.peg.2045.site.15, 33, 96, 129
349741.6.peg.2045.site.16, 33, 96, 129
349741.6.peg.2045.site.17, 29, 96, 125
349741.6.peg.2045.site.18, 33, 97, 130
349741.6.peg.2045.site.19, 3, 96, 99
349741.6.peg.2045.site.20, 1, 96, 97
349741.6.peg.2045.site.21, 3, 95, 98
349741.6.peg.2045.site.22, 29, 97, 126
349741.6.peg.2045.site.23, 3, 97, 100
349741.6.peg.2045.site.24, 10, 97, 107
349741.6.peg.2045.site.25, 47, 97, 144
349741.6.peg.2045.site.26, 47, 97, 144
349741.6.peg.2045.site.27, 91, 97, 188
349741.6.peg.2045.site.28, 50, 96, 146
349741.6.peg.2045.site.29, 9, 96, 105
349741.6.peg.2045.site.30, 25, 93, 118
349741.6.peg.2045.site.31, 1, 91, 92
349741.6.peg.2045.site.32, 18, 86, 104
349741.6.peg.2045.site.33, 1, 90, 91
349741.6.peg.2045.site.34, 0, 88, 88
349741.6.peg.2045.site.35, 21, 89, 110
349741.6.peg.2045.site.36, 21, 89, 110
349741.6.peg.2045.site.37, 1, 91, 92
349741.6.peg.2045.site.38, 45, 91, 136
349741.6.peg.2045.site.39, 51, 82, 133
349741.6.peg.2045.site.40, 33, 79, 112
349741.6.peg.2045.site.41, 15, 71, 86
349741.6.peg.2045.site.42, 10, 66, 76
349741.6.peg.2045.site.43, 52, 72, 124
349741.6.peg.2045.site.44, 6, 75, 81
349741.6.peg.2045.site.45, 5, 76, 81
349741.6.peg.2045.site.46, 1, 69, 70
349741.6.peg.2045.site.47, 44, 67, 111
349741.6.peg.2044.site.1, 43, 96, 139
349741.6.peg.2044.site.2, 1, 92, 93
349741.6.peg.2044.site.3, 1, 92, 93
349741.6.peg.2044.site.4, 40, 92, 132
349741.6.peg.2044.site.5, 35, 92, 127
349741.6.peg.2044.site.6, 8, 92, 100
349741.6.peg.2044.site.7, 1, 97, 98
349741.6.peg.2044.site.8, 36, 97, 133
349741.6.peg.2044.site.9, 41, 97, 138
349741.6.peg.2044.site.10, 36, 97, 133
349741.6.peg.2044.site.11, 7, 97, 104
349741.6.peg.2044.site.12, 3, 97, 100
349741.6.peg.2044.site.13, 0, 97, 97
349741.6.peg.2044.site.14, 1, 97, 98
349741.6.peg.2044.site.15, 48, 97, 145
349741.6.peg.2044.site.16, 1, 95, 96
349741.6.peg.2044.site.17, 47, 96, 143
349741.6.peg.1406.site.1, 1, 97, 98
349741.6.peg.1406.site.2, 1, 97, 98
349741.6.peg.1406.site.3, 72, 97, 169
349741.6.peg.1406.site.4, 81, 97, 178
349741.6.peg.1406.site.5, 2, 97, 99
349741.6.peg.1406.site.6, 2, 97, 99
349741.6.peg.1406.site.7, 23, 96, 119
349741.6.peg.1406.site.8, 5, 97, 102
349741.6.peg.1406.site.9, 72, 97, 169
349741.6.peg.1406.site.10, 62, 97, 159
349741.6.peg.1406.site.11, 2, 68, 70
349741.6.peg.1406.site.12, 71, 95, 166
349741.6.peg.1406.site.13, 81, 97, 178
349741.6.peg.1406.site.14, 60, 97, 157
349741.6.peg.1406.site.15, 72, 97, 169
349741.6.peg.1406.site.16, 67, 97, 164
349741.6.peg.1406.site.17, 74, 97, 171
349741.6.peg.1406.site.18, 2, 97, 99
349741.6.peg.1406.site.19, 2, 97, 99
349741.6.peg.1406.site.20, 3, 97, 100
349741.6.peg.1406.site.21, 72, 97, 169
349741.6.peg.1406.site.22, 21, 97, 118
349741.6.peg.1406.site.23, 11, 95, 106
349741.6.peg.1406.site.24, 94, 96, 190
349741.6.peg.1406.site.25, 1, 97, 98
349741.6.peg.1406.site.26, 72, 97, 169
349741.6.peg.1406.site.27, 71, 96, 167
349741.6.peg.1406.site.28, 24, 97, 121
349741.6.peg.1406.site.29, 70, 95, 165
349741.6.peg.1406.site.30, 2, 97, 99
349741.6.peg.1406.site.31, 72, 97, 169
349741.6.peg.1406.site.32, 76, 97, 173
349741.6.peg.1406.site.33, 0, 97, 97
349741.6.peg.1406.site.34, 9, 97, 106
349741.6.peg.1407.site.1, 2, 97, 99
349741.6.peg.1407.site.2, 5, 97, 102
349741.6.peg.1407.site.3, 97, 97, 194
349741.6.peg.1407.site.4, 1, 97, 98
349741.6.peg.1407.site.5, 0, 97, 97
349741.6.peg.1407.site.6, 97, 97, 194
349741.6.peg.1407.site.7, 72, 97, 169
349741.6.peg.1407.site.8, 37, 97, 134
349741.6.peg.1407.site.9, 64, 97, 161
349741.6.peg.1407.site.10, 5, 97, 102
349741.6.peg.1407.site.11, 28, 97, 125
349741.6.peg.1407.site.12, 11, 96, 107
349741.6.peg.1407.site.13, 89, 97, 186
349741.6.peg.1407.site.14, 3, 97, 100
349741.6.peg.1407.site.15, 95, 97, 192
349741.6.peg.1404.site.1, 66, 97, 163
349741.6.peg.1404.site.2, 0, 97, 97
349741.6.peg.1404.site.3, 42, 97, 139
349741.6.peg.1404.site.4, 53, 97, 150
349741.6.peg.1404.site.5, 1, 97, 98
349741.6.peg.1404.site.6, 0, 97, 97
349741.6.peg.1404.site.7, 72, 97, 169
349741.6.peg.1405.site.1, 62, 97, 159
349741.6.peg.1405.site.2, 55, 97, 152
349741.6.peg.1405.site.3, 54, 97, 151
349741.6.peg.1405.site.4, 54, 97, 151
349741.6.peg.1405.site.5, 62, 97, 159
349741.6.peg.1405.site.6, 1, 97, 98
349741.6.peg.1405.site.7, 53, 97, 150
349741.6.peg.1405.site.8, 16, 97, 113
349741.6.peg.1405.site.9, 16, 97, 113
349741.6.peg.1405.site.10, 65, 97, 162
349741.6.peg.1405.site.11, 5, 97, 102
349741.6.peg.1405.site.12, 1, 97, 98
349741.6.peg.1405.site.13, 4, 97, 101
349741.6.peg.1405.site.14, 2, 97, 99
349741.6.peg.1405.site.15, 83, 97, 180
349741.6.peg.1405.site.16, 75, 97, 172
349741.6.peg.1405.site.17, 1, 97, 98
349741.6.peg.1405.site.18, 82, 97, 179
349741.6.peg.1405.site.19, 82, 97, 179
349741.6.peg.1405.site.20, 80, 97, 177
349741.6.peg.1405.site.21, 19, 97, 116
349741.6.peg.1405.site.22, 67, 97, 164
349741.6.peg.1405.site.23, 67, 97, 164
349741.6.peg.1405.site.24, 67, 97, 164
349741.6.peg.1405.site.25, 59, 97, 156
349741.6.peg.1405.site.26, 76, 97, 173
349741.6.peg.1405.site.27, 67, 97, 164
349741.6.peg.1405.site.28, 67, 97, 164
349741.6.peg.1405.site.29, 67, 97, 164
349741.6.peg.1405.site.30, 2, 97, 99
349741.6.peg.1405.site.31, 76, 97, 173
349741.6.peg.1405.site.32, 67, 97, 164
349741.6.peg.1405.site.33, 74, 97, 171
349741.6.peg.1405.site.34, 1, 97, 98
349741.6.peg.1405.site.35, 58, 97, 155
349741.6.peg.1405.site.36, 0, 97, 97
349741.6.peg.1405.site.37, 4, 96, 100
349741.6.peg.1405.site.38, 3, 97, 100
349741.6.peg.1405.site.39, 5, 97, 102
349741.6.peg.1405.site.40, 65, 97, 162
349741.6.peg.1405.site.41, 85, 97, 182
349741.6.peg.1405.site.42, 71, 97, 168
349741.6.peg.1405.site.43, 72, 97, 169
349741.6.peg.798.site.1, 45, 95, 140
349741.6.peg.799.site.1, 95, 95, 190
349741.6.peg.799.site.2, 45, 95, 140
349741.6.peg.799.site.3, 2, 95, 97
349741.6.peg.799.site.4, 4, 97, 101
349741.6.peg.799.site.5, 95, 97, 192
349741.6.peg.799.site.6, 2, 97, 99
349741.6.peg.799.site.7, 53, 97, 150
349741.6.peg.799.site.8, 3, 97, 100
349741.6.peg.799.site.9, 45, 96, 141
349741.6.peg.799.site.10, 95, 97, 192
349741.6.peg.799.site.11, 1, 97, 98
349741.6.peg.799.site.12, 45, 97, 142
349741.6.peg.799.site.13, 0, 97, 97
349741.6.peg.799.site.14, 2, 97, 99
349741.6.peg.799.site.15, 5, 97, 102
349741.6.peg.799.site.16, 1, 97, 98
349741.6.peg.799.site.17, 2, 97, 99
349741.6.peg.799.site.18, 2, 97, 99
349741.6.peg.799.site.19, 2, 97, 99
349741.6.peg.799.site.20, 0, 97, 97
349741.6.peg.248.site.1, 2, 96, 98
349741.6.peg.248.site.2, 5, 96, 101
349741.6.peg.248.site.3, 2, 96, 98
349741.6.peg.248.site.4, 1, 96, 97
349741.6.peg.248.site.5, 64, 97, 161
349741.6.peg.248.site.6, 2, 97, 99
349741.6.peg.248.site.7, 2, 97, 99
349741.6.peg.248.site.8, 64, 97, 161
349741.6.peg.248.site.9, 38, 97, 135
349741.6.peg.248.site.10, 0, 97, 97
349741.6.peg.248.site.11, 4, 97, 101
349741.6.peg.248.site.12, 2, 97, 99
349741.6.peg.248.site.13, 2, 97, 99
349741.6.peg.248.site.14, 49, 97, 146
349741.6.peg.248.site.15, 0, 97, 97
349741.6.peg.248.site.16, 2, 97, 99
349741.6.peg.248.site.17, 10, 97, 107
349741.6.peg.248.site.18, 1, 96, 97
349741.6.peg.248.site.19, 1, 96, 97
349741.6.peg.248.site.20, 55, 95, 150
349741.6.peg.248.site.21, 2, 97, 99
349741.6.peg.248.site.22, 1, 95, 96
349741.6.peg.248.site.23, 5, 97, 102
349741.6.peg.248.site.24, 11, 97, 108
349741.6.peg.248.site.25, 2, 96, 98
349741.6.peg.248.site.26, 2, 97, 99
349741.6.peg.248.site.27, 14, 97, 111
349741.6.peg.248.site.28, 3, 96, 99
349741.6.peg.248.site.29, 5, 97, 102
349741.6.peg.248.site.30, 2, 97, 99
349741.6.peg.248.site.31, 2, 97, 99
349741.6.peg.248.site.32, 0, 97, 97
349741.6.peg.248.site.33, 3, 97, 100
349741.6.peg.248.site.34, 10, 97, 107
349741.6.peg.248.site.35, 2, 97, 99
349741.6.peg.248.site.36, 2, 97, 99
349741.6.peg.248.site.37, 2, 97, 99
349741.6.peg.249.site.1, 4, 97, 101
349741.6.peg.249.site.2, 2, 97, 99
349741.6.peg.249.site.3, 2, 97, 99
349741.6.peg.249.site.4, 8, 97, 105
349741.6.peg.249.site.5, 15, 96, 111
349741.6.peg.249.site.6, 1, 96, 97
349741.6.peg.249.site.7, 4, 96, 100
349741.6.peg.249.site.8, 1, 95, 96
349741.6.peg.249.site.9, 1, 96, 97
349741.6.peg.249.site.10, 1, 96, 97
349741.6.peg.249.site.11, 1, 93, 94
349741.6.peg.249.site.12, 43, 94, 137
349741.6.peg.249.site.13, 2, 97, 99
349741.6.peg.249.site.14, 7, 97, 104
349741.6.peg.249.site.15, 2, 96, 98
349741.6.peg.249.site.16, 5, 96, 101
349741.6.peg.249.site.17, 2, 97, 99
349741.6.peg.249.site.18, 28, 97, 125
349741.6.peg.249.site.19, 61, 97, 158
349741.6.peg.249.site.20, 40, 97, 137
349741.6.peg.249.site.21, 1, 97, 98
349741.6.peg.249.site.22, 2, 96, 98
349741.6.peg.249.site.23, 2, 96, 98
349741.6.peg.249.site.24, 14, 96, 110
349741.6.peg.249.site.25, 86, 93, 179
349741.6.peg.249.site.26, 47, 94, 141
349741.6.peg.249.site.27, 49, 93, 142
349741.6.peg.249.site.28, 52, 97, 149
349741.6.peg.249.site.29, 2, 97, 99
349741.6.peg.249.site.30, 1, 95, 96
349741.6.peg.249.site.31, 0, 95, 95
349741.6.peg.249.site.32, 2, 95, 97
349741.6.peg.249.site.33, 52, 97, 149
349741.6.peg.249.site.34, 14, 97, 111
349741.6.peg.249.site.35, 3, 95, 98
349741.6.peg.249.site.36, 2, 96, 98
349741.6.peg.249.site.37, 96, 97, 193
349741.6.peg.249.site.38, 95, 97, 192
349741.6.peg.249.site.39, 2, 96, 98
349741.6.peg.249.site.40, 8, 97, 105
349741.6.peg.249.site.41, 48, 93, 141
349741.6.peg.249.site.42, 4, 95, 99
349741.6.peg.249.site.43, 14, 97, 111
349741.6.peg.249.site.44, 1, 97, 98
349741.6.peg.249.site.45, 57, 96, 153
349741.6.peg.249.site.46, 5, 97, 102
349741.6.peg.249.site.47, 2, 97, 99
349741.6.peg.249.site.48, 1, 97, 98
349741.6.peg.249.site.49, 2, 97, 99
349741.6.peg.249.site.50, 1, 96, 97
349741.6.peg.249.site.51, 50, 97, 147
349741.6.peg.249.site.52, 76, 97, 173
349741.6.peg.249.site.53, 1, 96, 97
349741.6.peg.249.site.54, 2, 96, 98
349741.6.peg.249.site.55, 50, 93, 143
349741.6.peg.249.site.56, 2, 95, 97
349741.6.peg.249.site.57, 7, 96, 103
349741.6.peg.249.site.58, 2, 96, 98
349741.6.peg.249.site.59, 5, 97, 102
349741.6.peg.249.site.60, 3, 97, 100
349741.6.peg.249.site.61, 13, 96, 109
349741.6.peg.249.site.62, 11, 94, 105
349741.6.peg.794.site.1, 7, 97, 104
349741.6.peg.794.site.2, 10, 97, 107
349741.6.peg.794.site.3, 3, 94, 97
349741.6.peg.794.site.4, 0, 97, 97
349741.6.peg.794.site.5, 9, 97, 106
349741.6.peg.794.site.6, 7, 97, 104
349741.6.peg.794.site.7, 5, 97, 102
349741.6.peg.794.site.8, 2, 97, 99
349741.6.peg.794.site.9, 1, 97, 98
349741.6.peg.794.site.10, 7, 97, 104
349741.6.peg.794.site.11, 2, 97, 99
349741.6.peg.794.site.12, 25, 97, 122
349741.6.peg.794.site.13, 18, 97, 115
349741.6.peg.794.site.14, 93, 95, 188
349741.6.peg.795.site.1, 18, 97, 115
349741.6.peg.795.site.2, 1, 97, 98
349741.6.peg.795.site.3, 1, 95, 96
349741.6.peg.795.site.4, 1, 97, 98
349741.6.peg.795.site.5, 10, 97, 107
349741.6.peg.795.site.6, 14, 97, 111
349741.6.peg.795.site.7, 97, 97, 194
349741.6.peg.795.site.8, 2, 97, 99
349741.6.peg.795.site.9, 1, 97, 98
349741.6.peg.795.site.10, 50, 97, 147
349741.6.peg.244.site.1, 26, 97, 123
349741.6.peg.244.site.2, 11, 97, 108
349741.6.peg.244.site.3, 2, 97, 99
349741.6.peg.244.site.4, 79, 94, 173
349741.6.peg.244.site.5, 1, 96, 97
349741.6.peg.244.site.6, 6, 97, 103
349741.6.peg.244.site.7, 43, 96, 139
349741.6.peg.244.site.8, 43, 96, 139
349741.6.peg.244.site.9, 12, 96, 108
349741.6.peg.244.site.10, 1, 97, 98
349741.6.peg.244.site.11, 65, 97, 162
349741.6.peg.244.site.12, 8, 97, 105
349741.6.peg.244.site.13, 6, 97, 103
349741.6.peg.244.site.14, 7, 96, 103
349741.6.peg.244.site.15, 51, 97, 148
349741.6.peg.244.site.16, 49, 97, 146
349741.6.peg.244.site.17, 49, 97, 146
349741.6.peg.244.site.18, 49, 97, 146
349741.6.peg.244.site.19, 30, 97, 127
349741.6.peg.244.site.20, 2, 97, 99
349741.6.peg.244.site.21, 22, 70, 92
349741.6.peg.244.site.22, 12, 60, 72
349741.6.peg.244.site.23, 35, 82, 117
349741.6.peg.244.site.24, 42, 90, 132
349741.6.peg.244.site.25, 74, 96, 170
349741.6.peg.242.site.1, 28, 97, 125
349741.6.peg.242.site.2, 2, 97, 99
349741.6.peg.242.site.3, 38, 97, 135
349741.6.peg.242.site.4, 76, 96, 172
349741.6.peg.242.site.5, 35, 95, 130
349741.6.peg.242.site.6, 26, 95, 121
349741.6.peg.242.site.7, 7, 96, 103
349741.6.peg.242.site.8, 1, 96, 97
349741.6.peg.242.site.9, 24, 95, 119
349741.6.peg.242.site.10, 26, 93, 119
349741.6.peg.242.site.11, 10, 78, 88
349741.6.peg.242.site.12, 2, 75, 77
349741.6.peg.242.site.13, 14, 71, 85
349741.6.peg.242.site.14, 22, 86, 108
349741.6.peg.242.site.15, 13, 81, 94
349741.6.peg.242.site.16, 59, 74, 133
349741.6.peg.243.site.1, 12, 77, 89
349741.6.peg.243.site.2, 21, 92, 113
349741.6.peg.243.site.3, 8, 79, 87
349741.6.peg.243.site.4, 10, 81, 91
349741.6.peg.243.site.5, 19, 90, 109
349741.6.peg.243.site.6, 20, 91, 111
349741.6.peg.243.site.7, 20, 97, 117
349741.6.peg.243.site.8, 27, 96, 123
349741.6.peg.243.site.9, 26, 97, 123
349741.6.peg.243.site.10, 26, 97, 123
349741.6.peg.243.site.11, 4, 96, 100
349741.6.peg.243.site.12, 4, 96, 100
349741.6.peg.243.site.13, 1, 96, 97
349741.6.peg.243.site.14, 2, 96, 98
349741.6.peg.243.site.15, 2, 96, 98
349741.6.peg.243.site.16, 2, 97, 99
349741.6.peg.243.site.17, 3, 97, 100
349741.6.peg.243.site.18, 2, 97, 99
349741.6.peg.243.site.19, 68, 97, 165
349741.6.peg.243.site.20, 2, 97, 99
349741.6.peg.243.site.21, 22, 97, 119
349741.6.peg.243.site.22, 4, 97, 101
349741.6.peg.243.site.23, 2, 97, 99
349741.6.peg.243.site.24, 3, 97, 100
349741.6.peg.243.site.25, 2, 96, 98
349741.6.peg.243.site.26, 2, 96, 98
349741.6.peg.243.site.27, 11, 97, 108
349741.6.peg.243.site.28, 9, 97, 106
349741.6.peg.243.site.29, 24, 97, 121
349741.6.peg.243.site.30, 5, 97, 102
349741.6.peg.243.site.31, 68, 97, 165
349741.6.peg.792.site.1, 0, 96, 96
349741.6.peg.792.site.2, 2, 97, 99
349741.6.peg.792.site.3, 22, 97, 119
349741.6.peg.792.site.4, 0, 97, 97
349741.6.peg.792.site.5, 10, 97, 107
349741.6.peg.241.site.1, 6, 97, 103
349741.6.peg.241.site.2, 29, 96, 125
349741.6.peg.241.site.3, 95, 96, 191
349741.6.peg.241.site.4, 21, 96, 117
349741.6.peg.241.site.5, 0, 96, 96
349741.6.peg.241.site.6, 5, 96, 101
349741.6.peg.241.site.7, 1, 97, 98
349741.6.peg.241.site.8, 20, 96, 116
349741.6.peg.241.site.9, 8, 96, 104
349741.6.peg.241.site.10, 3, 97, 100
349741.6.peg.241.site.11, 0, 96, 96
349741.6.peg.241.site.12, 28, 96, 124
349741.6.peg.241.site.13, 0, 96, 96
349741.6.peg.241.site.14, 20, 95, 115
349741.6.peg.241.site.15, 41, 96, 137
349741.6.peg.241.site.16, 59, 96, 155
349741.6.peg.241.site.17, 2, 96, 98
349741.6.peg.241.site.18, 5, 95, 100
349741.6.peg.241.site.19, 5, 97, 102
349741.6.peg.241.site.20, 6, 96, 102
349741.6.peg.241.site.21, 4, 97, 101
349741.6.peg.241.site.22, 17, 93, 110
349741.6.peg.241.site.23, 1, 92, 93
349741.6.peg.241.site.24, 94, 95, 189
349741.6.peg.241.site.25, 28, 97, 125
349741.6.peg.241.site.26, 2, 97, 99
349741.6.peg.649.site.1, 28, 97, 125
349741.6.peg.649.site.2, 21, 97, 118
349741.6.peg.649.site.3, 29, 94, 123
349741.6.peg.649.site.4, 0, 96, 96
349741.6.peg.649.site.5, 32, 97, 129
349741.6.peg.649.site.6, 49, 97, 146
349741.6.peg.649.site.7, 5, 97, 102
349741.6.peg.649.site.8, 55, 97, 152
349741.6.peg.649.site.9, 1, 94, 95
349741.6.peg.649.site.10, 92, 92, 184
349741.6.peg.649.site.11, 44, 92, 136
349741.6.peg.649.site.12, 1, 92, 93
349741.6.peg.649.site.13, 2, 93, 95
349741.6.peg.649.site.14, 0, 94, 94
349741.6.peg.649.site.15, 4, 96, 100
349741.6.peg.649.site.16, 41, 93, 134
349741.6.peg.649.site.17, 48, 96, 144
349741.6.peg.649.site.18, 47, 97, 144
349741.6.peg.649.site.19, 5, 97, 102
349741.6.peg.2199.site.1, 3, 85, 88
349741.6.peg.2199.site.2, 3, 85, 88
349741.6.peg.2199.site.3, 10, 83, 93
349741.6.peg.2199.site.4, 11, 81, 92
349741.6.peg.2199.site.5, 4, 83, 87
349741.6.peg.2199.site.6, 67, 83, 150
349741.6.peg.2199.site.7, 1, 83, 84
349741.6.peg.2199.site.8, 1, 84, 85
349741.6.peg.2199.site.9, 73, 86, 159
349741.6.peg.2199.site.10, 4, 88, 92
349741.6.peg.2199.site.11, 1, 93, 94
349741.6.peg.2199.site.12, 54, 88, 142
349741.6.peg.2199.site.13, 4, 86, 90
349741.6.peg.2199.site.14, 2, 83, 85
349741.6.peg.2199.site.15, 1, 82, 83
349741.6.peg.2199.site.16, 11, 85, 96
349741.6.peg.2199.site.17, 11, 93, 104
349741.6.peg.2199.site.18, 2, 95, 97
349741.6.peg.2199.site.19, 59, 96, 155
349741.6.peg.2199.site.20, 44, 92, 136
349741.6.peg.2199.site.21, 10, 90, 100
349741.6.peg.2199.site.22, 2, 84, 86
349741.6.peg.2199.site.23, 2, 84, 86
349741.6.peg.2199.site.24, 4, 84, 88
349741.6.peg.2199.site.25, 78, 96, 174
349741.6.peg.2199.site.26, 3, 97, 100
349741.6.peg.2198.site.1, 6, 97, 103
349741.6.peg.2198.site.2, 75, 95, 170
349741.6.peg.2198.site.3, 5, 96, 101
349741.6.peg.2198.site.4, 0, 92, 92
349741.6.peg.2198.site.5, 1, 91, 92
349741.6.peg.2198.site.6, 75, 91, 166
349741.6.peg.2198.site.7, 75, 91, 166
349741.6.peg.2198.site.8, 4, 91, 95
349741.6.peg.2198.site.9, 3, 93, 96
349741.6.peg.2198.site.10, 3, 93, 96
349741.6.peg.2198.site.11, 2, 95, 97
349741.6.peg.2198.site.12, 1, 95, 96
349741.6.peg.2198.site.13, 5, 96, 101
349741.6.peg.2198.site.14, 4, 95, 99
349741.6.peg.2198.site.15, 1, 84, 85
349741.6.peg.2198.site.16, 67, 81, 148
349741.6.peg.2198.site.17, 1, 79, 80
349741.6.peg.2198.site.18, 6, 97, 103
349741.6.peg.2198.site.19, 74, 96, 170
349741.6.peg.2198.site.20, 6, 97, 103
349741.6.peg.2198.site.21, 6, 96, 102
349741.6.peg.2198.site.22, 15, 97, 112
349741.6.peg.2198.site.23, 15, 97, 112
349741.6.peg.642.site.1, 56, 91, 147
349741.6.peg.642.site.2, 48, 91, 139
349741.6.peg.642.site.3, 3, 92, 95
349741.6.peg.642.site.4, 2, 92, 94
349741.6.peg.642.site.5, 1, 92, 93
349741.6.peg.642.site.6, 7, 92, 99
349741.6.peg.642.site.7, 49, 92, 141
349741.6.peg.642.site.8, 4, 92, 96
349741.6.peg.642.site.9, 7, 92, 99
349741.6.peg.642.site.10, 3, 92, 95
349741.6.peg.642.site.11, 51, 92, 143
349741.6.peg.643.site.1, 15, 96, 111
349741.6.peg.643.site.2, 5, 96, 101
349741.6.peg.643.site.3, 54, 91, 145
349741.6.peg.643.site.4, 42, 90, 132
349741.6.peg.643.site.5, 5, 86, 91
349741.6.peg.643.site.6, 2, 89, 91
349741.6.peg.643.site.7, 58, 88, 146
349741.6.peg.643.site.8, 2, 97, 99
349741.6.peg.643.site.9, 48, 97, 145
349741.6.peg.643.site.10, 10, 97, 107
349741.6.peg.643.site.11, 4, 97, 101
349741.6.peg.643.site.12, 6, 97, 103
349741.6.peg.643.site.13, 11, 97, 108
349741.6.peg.643.site.14, 57, 96, 153
349741.6.peg.643.site.15, 2, 92, 94
349741.6.peg.643.site.16, 91, 91, 182
349741.6.peg.643.site.17, 52, 94, 146
349741.6.peg.643.site.18, 51, 92, 143
349741.6.peg.643.site.19, 48, 97, 145
349741.6.peg.643.site.20, 5, 97, 102
349741.6.peg.2197.site.1, 6, 96, 102
349741.6.peg.2197.site.2, 74, 96, 170
349741.6.peg.2197.site.3, 74, 97, 171
349741.6.peg.2197.site.4, 6, 97, 103
349741.6.peg.2197.site.5, 1, 97, 98
349741.6.peg.2197.site.6, 0, 97, 97
349741.6.peg.2197.site.7, 2, 97, 99
349741.6.peg.2197.site.8, 2, 93, 95
349741.6.peg.2197.site.9, 1, 92, 93
349741.6.peg.2197.site.10, 5, 95, 100
349741.6.peg.2197.site.11, 6, 97, 103
349741.6.peg.2197.site.12, 6, 97, 103
349741.6.peg.2197.site.13, 75, 97, 172
349741.6.peg.2197.site.14, 75, 97, 172
349741.6.peg.2197.site.15, 2, 95, 97
349741.6.peg.2197.site.16, 6, 97, 103
349741.6.peg.2196.site.1, 7, 96, 103
349741.6.peg.2196.site.2, 1, 97, 98
349741.6.peg.2196.site.3, 3, 97, 100
349741.6.peg.2196.site.4, 81, 97, 178
349741.6.peg.2196.site.5, 81, 97, 178
349741.6.peg.2196.site.6, 91, 97, 188
349741.6.peg.2196.site.7, 91, 97, 188
349741.6.peg.2196.site.8, 90, 96, 186
349741.6.peg.2196.site.9, 89, 97, 186
349741.6.peg.2196.site.10, 1, 97, 98
349741.6.peg.2196.site.11, 25, 95, 120
349741.6.peg.2196.site.12, 1, 92, 93
349741.6.peg.2196.site.13, 2, 93, 95
349741.6.peg.2196.site.14, 2, 93, 95
349741.6.peg.2196.site.15, 8, 96, 104
349741.6.peg.2196.site.16, 5, 96, 101
349741.6.peg.2196.site.17, 8, 97, 105
349741.6.peg.2196.site.18, 83, 97, 180
349741.6.peg.2196.site.19, 5, 92, 97
349741.6.peg.2196.site.20, 7, 92, 99
349741.6.peg.2196.site.21, 5, 96, 101
349741.6.peg.2196.site.22, 5, 96, 101
349741.6.peg.2196.site.23, 74, 96, 170
349741.6.peg.2196.site.24, 6, 97, 103
349741.6.peg.2196.site.25, 1, 92, 93
349741.6.peg.2196.site.26, 91, 91, 182
349741.6.peg.2196.site.27, 75, 93, 168
349741.6.peg.2196.site.28, 3, 93, 96
349741.6.peg.2196.site.29, 4, 94, 98
349741.6.peg.646.site.1, 49, 97, 146
349741.6.peg.646.site.2, 5, 97, 102
349741.6.peg.646.site.3, 12, 97, 109
349741.6.peg.646.site.4, 3, 97, 100
349741.6.peg.646.site.5, 2, 97, 99
349741.6.peg.646.site.6, 13, 97, 110
349741.6.peg.646.site.7, 3, 97, 100
349741.6.peg.646.site.8, 34, 97, 131
349741.6.peg.646.site.9, 21, 97, 118
349741.6.peg.646.site.10, 37, 97, 134
349741.6.peg.646.site.11, 5, 97, 102
349741.6.peg.646.site.12, 26, 97, 123
349741.6.peg.646.site.13, 44, 97, 141
349741.6.peg.646.site.14, 34, 97, 131
349741.6.peg.646.site.15, 43, 96, 139
349741.6.peg.646.site.16, 4, 97, 101
349741.6.peg.646.site.17, 5, 96, 101
349741.6.peg.646.site.18, 41, 94, 135
349741.6.peg.646.site.19, 36, 94, 130
349741.6.peg.646.site.20, 1, 94, 95
349741.6.peg.646.site.21, 42, 95, 137
349741.6.peg.646.site.22, 5, 94, 99
349741.6.peg.646.site.23, 42, 95, 137
349741.6.peg.647.site.1, 11, 97, 108
349741.6.peg.647.site.2, 50, 97, 147
349741.6.peg.647.site.3, 50, 97, 147
349741.6.peg.647.site.4, 7, 97, 104
349741.6.peg.647.site.5, 50, 97, 147
349741.6.peg.647.site.6, 6, 97, 103
349741.6.peg.647.site.7, 57, 97, 154
349741.6.peg.644.site.1, 6, 97, 103
349741.6.peg.644.site.2, 48, 97, 145
349741.6.peg.644.site.3, 6, 97, 103
349741.6.peg.644.site.4, 4, 97, 101
349741.6.peg.644.site.5, 2, 97, 99
349741.6.peg.644.site.6, 42, 96, 138
349741.6.peg.644.site.7, 1, 95, 96
349741.6.peg.644.site.8, 2, 95, 97
349741.6.peg.644.site.9, 2, 90, 92
349741.6.peg.644.site.10, 3, 85, 88
349741.6.peg.644.site.11, 45, 85, 130
349741.6.peg.644.site.12, 2, 90, 92
349741.6.peg.644.site.13, 1, 92, 93
349741.6.peg.644.site.14, 48, 97, 145
349741.6.peg.644.site.15, 6, 97, 103
349741.6.peg.644.site.16, 5, 96, 101
349741.6.peg.644.site.17, 2, 93, 95
349741.6.peg.644.site.18, 48, 85, 133
349741.6.peg.644.site.19, 49, 85, 134
349741.6.peg.644.site.20, 4, 93, 97
349741.6.peg.644.site.21, 47, 90, 137
349741.6.peg.644.site.22, 4, 92, 96
349741.6.peg.644.site.23, 49, 91, 140
349741.6.peg.2223.site.1, 34, 97, 131
349741.6.peg.2223.site.2, 3, 97, 100
349741.6.peg.2223.site.3, 17, 97, 114
349741.6.peg.2223.site.4, 34, 97, 131
349741.6.peg.2223.site.5, 0, 97, 97
349741.6.peg.2223.site.6, 3, 97, 100
349741.6.peg.2223.site.7, 14, 96, 110
349741.6.peg.2223.site.8, 25, 96, 121
349741.6.peg.2223.site.9, 6, 96, 102
349741.6.peg.2223.site.10, 39, 96, 135
349741.6.peg.2223.site.11, 39, 96, 135
349741.6.peg.2223.site.12, 39, 96, 135
349741.6.peg.2223.site.13, 38, 95, 133
349741.6.peg.2223.site.14, 38, 95, 133
349741.6.peg.2223.site.15, 41, 96, 137
349741.6.peg.2223.site.16, 42, 97, 139
349741.6.peg.2223.site.17, 0, 93, 93
349741.6.peg.2223.site.18, 10, 93, 103
349741.6.peg.2223.site.19, 7, 92, 99
349741.6.peg.2223.site.20, 22, 97, 119
349741.6.peg.2223.site.21, 4, 94, 98
349741.6.peg.2223.site.22, 4, 92, 96
349741.6.peg.2223.site.23, 5, 93, 98
349741.6.peg.2223.site.24, 7, 93, 100
349741.6.peg.2222.site.1, 1, 89, 90
349741.6.peg.2222.site.2, 15, 92, 107
349741.6.peg.2222.site.3, 5, 96, 101
349741.6.peg.2222.site.4, 4, 95, 99
349741.6.peg.2222.site.5, 55, 94, 149
349741.6.peg.2222.site.6, 5, 92, 97
349741.6.peg.2222.site.7, 1, 91, 92
349741.6.peg.2222.site.8, 55, 89, 144
349741.6.peg.2222.site.9, 10, 90, 100
349741.6.peg.2222.site.10, 53, 88, 141
349741.6.peg.2222.site.11, 7, 88, 95
349741.6.peg.2222.site.12, 19, 80, 99
349741.6.peg.2222.site.13, 21, 74, 95
349741.6.peg.2222.site.14, 28, 74, 102
349741.6.peg.2222.site.15, 1, 97, 98
349741.6.peg.2222.site.16, 6, 97, 103
349741.6.peg.2221.site.1, 28, 95, 123
349741.6.peg.2221.site.2, 29, 96, 125
349741.6.peg.2221.site.3, 33, 97, 130
349741.6.peg.2221.site.4, 21, 97, 118
349741.6.peg.2221.site.5, 30, 96, 126
349741.6.peg.2221.site.6, 49, 95, 144
349741.6.peg.2221.site.7, 20, 95, 115
349741.6.peg.2221.site.8, 19, 93, 112
349741.6.peg.2221.site.9, 23, 83, 106
349741.6.peg.2221.site.10, 26, 83, 109
349741.6.peg.2221.site.11, 1, 82, 83
349741.6.peg.2221.site.12, 14, 74, 88
349741.6.peg.2221.site.13, 6, 85, 91
349741.6.peg.2221.site.14, 6, 90, 96
349741.6.peg.2221.site.15, 5, 88, 93
349741.6.peg.2221.site.16, 28, 82, 110
349741.6.peg.2221.site.17, 30, 94, 124
349741.6.peg.2221.site.18, 2, 93, 95
349741.6.peg.2221.site.19, 27, 94, 121
349741.6.peg.2221.site.20, 39, 95, 134
349741.6.peg.2221.site.21, 33, 91, 124
349741.6.peg.2221.site.22, 6, 91, 97
349741.6.peg.2221.site.23, 36, 94, 130
349741.6.peg.2221.site.24, 23, 96, 119
349741.6.peg.2221.site.25, 0, 97, 97
349741.6.peg.2221.site.26, 22, 96, 118
349741.6.peg.2221.site.27, 71, 97, 168
349741.6.peg.2221.site.28, 30, 96, 126
349741.6.peg.2221.site.29, 30, 97, 127
349741.6.peg.2221.site.30, 6, 97, 103
349741.6.peg.2221.site.31, 7, 97, 104
349741.6.peg.2221.site.32, 31, 97, 128
349741.6.peg.2221.site.33, 6, 97, 103
349741.6.peg.2221.site.34, 70, 95, 165
349741.6.peg.2221.site.35, 43, 96, 139
349741.6.peg.2221.site.36, 7, 47, 54
349741.6.peg.2220.site.1, 21, 97, 118
349741.6.peg.2220.site.2, 1, 97, 98
349741.6.peg.2220.site.3, 21, 97, 118
349741.6.peg.2220.site.4, 72, 96, 168
349741.6.peg.2220.site.5, 2, 97, 99
349741.6.peg.2220.site.6, 1, 92, 93
349741.6.peg.2220.site.7, 17, 93, 110
349741.6.peg.2220.site.8, 15, 91, 106
349741.6.peg.2220.site.9, 16, 92, 108
349741.6.peg.2220.site.10, 19, 94, 113
349741.6.peg.2220.site.11, 17, 93, 110
349741.6.peg.2220.site.12, 17, 92, 109
349741.6.peg.2220.site.13, 11, 91, 102
349741.6.peg.2220.site.14, 10, 93, 103
349741.6.peg.2220.site.15, 2, 96, 98
349741.6.peg.2220.site.16, 66, 97, 163
349741.6.peg.2220.site.17, 1, 96, 97
349741.6.peg.2220.site.18, 21, 97, 118
349741.6.peg.2220.site.19, 21, 97, 118
349741.6.peg.2220.site.20, 26, 97, 123
349741.6.peg.2220.site.21, 21, 97, 118
349741.6.peg.2220.site.22, 2, 96, 98
349741.6.peg.2220.site.23, 21, 96, 117
349741.6.peg.2220.site.24, 19, 95, 114
349741.6.peg.2220.site.25, 9, 95, 104
349741.6.peg.2220.site.26, 21, 97, 118
349741.6.peg.2220.site.27, 29, 96, 125
349741.6.peg.2220.site.28, 34, 94, 128
349741.6.peg.2220.site.29, 21, 97, 118
349741.6.peg.2227.site.1, 64, 97, 161
349741.6.peg.2227.site.2, 1, 97, 98
349741.6.peg.2227.site.3, 32, 97, 129
349741.6.peg.2227.site.4, 97, 97, 194
349741.6.peg.2227.site.5, 2, 93, 95
349741.6.peg.2227.site.6, 3, 96, 99
349741.6.peg.2227.site.7, 39, 97, 136
349741.6.peg.2227.site.8, 32, 97, 129
349741.6.peg.2227.site.9, 2, 97, 99
349741.6.peg.2227.site.10, 32, 97, 129
349741.6.peg.2227.site.11, 32, 97, 129
349741.6.peg.2227.site.12, 23, 88, 111
349741.6.peg.2227.site.13, 2, 64, 66
349741.6.peg.2226.site.1, 13, 46, 59
349741.6.peg.2226.site.2, 4, 37, 41
349741.6.peg.2226.site.3, 9, 41, 50
349741.6.peg.2226.site.4, 41, 43, 84
349741.6.peg.2226.site.5, 12, 45, 57
349741.6.peg.2226.site.6, 37, 53, 90
349741.6.peg.2226.site.7, 27, 92, 119
349741.6.peg.2226.site.8, 1, 88, 89
349741.6.peg.2226.site.9, 47, 79, 126
349741.6.peg.2226.site.10, 33, 66, 99
349741.6.peg.2226.site.11, 13, 61, 74
349741.6.peg.2226.site.12, 41, 69, 110
349741.6.peg.2226.site.13, 41, 74, 115
349741.6.peg.2226.site.14, 10, 84, 94
349741.6.peg.2226.site.15, 49, 82, 131
349741.6.peg.2226.site.16, 16, 81, 97
349741.6.peg.2226.site.17, 23, 88, 111
349741.6.peg.2226.site.18, 41, 67, 108
349741.6.peg.2226.site.19, 17, 95, 112
349741.6.peg.2226.site.20, 64, 97, 161
349741.6.peg.2226.site.21, 95, 95, 190
349741.6.peg.2226.site.22, 10, 97, 107
349741.6.peg.2226.site.23, 28, 92, 120
349741.6.peg.2225.site.1, 4, 27, 31
349741.6.peg.2225.site.2, 23, 46, 69
349741.6.peg.2225.site.3, 21, 73, 94
349741.6.peg.2225.site.4, 52, 97, 149
349741.6.peg.2225.site.5, 31, 95, 126
349741.6.peg.2225.site.6, 9, 96, 105
349741.6.peg.2225.site.7, 9, 96, 105
349741.6.peg.2225.site.8, 1, 97, 98
349741.6.peg.2225.site.9, 10, 97, 107
349741.6.peg.2225.site.10, 23, 97, 120
349741.6.peg.2225.site.11, 10, 96, 106
349741.6.peg.2225.site.12, 9, 94, 103
349741.6.peg.2225.site.13, 1, 92, 93
349741.6.peg.2225.site.14, 4, 90, 94
349741.6.peg.2225.site.15, 3, 89, 92
349741.6.peg.2225.site.16, 56, 89, 145
349741.6.peg.2225.site.17, 4, 88, 92
349741.6.peg.2225.site.18, 10, 88, 98
349741.6.peg.2225.site.19, 49, 93, 142
349741.6.peg.2225.site.20, 2, 89, 91
349741.6.peg.2225.site.21, 3, 90, 93
349741.6.peg.2225.site.22, 8, 92, 100
349741.6.peg.2225.site.23, 6, 92, 98
349741.6.peg.2225.site.24, 0, 97, 97
349741.6.peg.2225.site.25, 2, 96, 98
349741.6.peg.2225.site.26, 9, 96, 105
349741.6.peg.2225.site.27, 4, 90, 94
349741.6.peg.2225.site.28, 2, 90, 92
349741.6.peg.2225.site.29, 67, 94, 161
349741.6.peg.2225.site.30, 1, 97, 98
349741.6.peg.2225.site.31, 6, 92, 98
349741.6.peg.2225.site.32, 30, 93, 123
349741.6.peg.2225.site.33, 5, 90, 95
349741.6.peg.2225.site.34, 14, 77, 91
349741.6.peg.2225.site.35, 12, 77, 89
349741.6.peg.2225.site.36, 8, 95, 103
349741.6.peg.2225.site.37, 1, 96, 97
349741.6.peg.2225.site.38, 42, 94, 136
349741.6.peg.2225.site.39, 10, 95, 105
349741.6.peg.2225.site.40, 0, 97, 97
349741.6.peg.2225.site.41, 7, 97, 104
349741.6.peg.2225.site.42, 3, 97, 100
349741.6.peg.2224.site.1, 36, 97, 133
349741.6.peg.2224.site.2, 1, 97, 98
349741.6.peg.2224.site.3, 42, 97, 139
349741.6.peg.2224.site.4, 4, 97, 101
349741.6.peg.2224.site.5, 7, 97, 104
349741.6.peg.2224.site.6, 9, 95, 104
349741.6.peg.2224.site.7, 9, 95, 104
349741.6.peg.2224.site.8, 10, 96, 106
349741.6.peg.2224.site.9, 10, 96, 106
349741.6.peg.2224.site.10, 13, 97, 110
349741.6.peg.2224.site.11, 1, 97, 98
349741.6.peg.2224.site.12, 10, 97, 107
349741.6.peg.2224.site.13, 69, 93, 162
349741.6.peg.2224.site.14, 48, 85, 133
349741.6.peg.2224.site.15, 1, 84, 85
349741.6.peg.2224.site.16, 41, 85, 126
349741.6.peg.2224.site.17, 7, 86, 93
349741.6.peg.2224.site.18, 7, 86, 93
349741.6.peg.2224.site.19, 0, 86, 86
349741.6.peg.2224.site.20, 41, 86, 127
349741.6.peg.2224.site.21, 5, 90, 95
349741.6.peg.2224.site.22, 8, 93, 101
349741.6.peg.2224.site.23, 10, 97, 107
349741.6.peg.2224.site.24, 8, 97, 105
349741.6.peg.2224.site.25, 1, 96, 97
349741.6.peg.2224.site.26, 7, 93, 100
349741.6.peg.2229.site.1, 9, 65, 74
349741.6.peg.2229.site.2, 32, 62, 94
349741.6.peg.2229.site.3, 38, 81, 119
349741.6.peg.2229.site.4, 40, 83, 123
349741.6.peg.2229.site.5, 1, 96, 97
349741.6.peg.2229.site.6, 22, 96, 118
349741.6.peg.2229.site.7, 23, 97, 120
349741.6.peg.2229.site.8, 43, 87, 130
349741.6.peg.2229.site.9, 12, 86, 98
349741.6.peg.2229.site.10, 9, 92, 101
349741.6.peg.2229.site.11, 0, 93, 93
349741.6.peg.2229.site.12, 15, 94, 109
349741.6.peg.2229.site.13, 15, 97, 112
349741.6.peg.2229.site.14, 9, 97, 106
349741.6.peg.337.site.1, 7, 96, 103
349741.6.peg.337.site.2, 80, 97, 177
349741.6.peg.337.site.3, 14, 97, 111
349741.6.peg.337.site.4, 14, 97, 111
349741.6.peg.337.site.5, 14, 97, 111
349741.6.peg.337.site.6, 82, 97, 179
349741.6.peg.337.site.7, 2, 96, 98
349741.6.peg.337.site.8, 14, 97, 111
349741.6.peg.337.site.9, 14, 97, 111
349741.6.peg.337.site.10, 12, 97, 109
349741.6.peg.337.site.11, 12, 97, 109
349741.6.peg.337.site.12, 12, 97, 109
349741.6.peg.337.site.13, 0, 97, 97
349741.6.peg.337.site.14, 12, 97, 109
349741.6.peg.337.site.15, 12, 97, 109
349741.6.peg.337.site.16, 11, 96, 107
349741.6.peg.337.site.17, 10, 95, 105
349741.6.peg.337.site.18, 1, 95, 96
349741.6.peg.337.site.19, 1, 97, 98
349741.6.peg.337.site.20, 7, 95, 102
349741.6.peg.337.site.21, 12, 97, 109
349741.6.peg.337.site.22, 93, 97, 190
349741.6.peg.337.site.23, 3, 97, 100
349741.6.peg.337.site.24, 2, 97, 99
349741.6.peg.337.site.25, 12, 97, 109
349741.6.peg.337.site.26, 12, 97, 109
349741.6.peg.337.site.27, 12, 97, 109
349741.6.peg.337.site.28, 12, 97, 109
349741.6.peg.337.site.29, 12, 97, 109
349741.6.peg.337.site.30, 2, 97, 99
349741.6.peg.337.site.31, 12, 97, 109
349741.6.peg.337.site.32, 12, 97, 109
349741.6.peg.337.site.33, 3, 97, 100
349741.6.peg.337.site.34, 12, 97, 109
349741.6.peg.337.site.35, 12, 97, 109
349741.6.peg.337.site.36, 6, 97, 103
349741.6.peg.337.site.37, 12, 97, 109
349741.6.peg.337.site.38, 1, 97, 98
349741.6.peg.337.site.39, 10, 97, 107
349741.6.peg.337.site.40, 12, 97, 109
349741.6.peg.337.site.41, 1, 97, 98
349741.6.peg.337.site.42, 44, 97, 141
349741.6.peg.337.site.43, 12, 96, 108
349741.6.peg.337.site.44, 19, 97, 116
349741.6.peg.337.site.45, 7, 97, 104
349741.6.peg.337.site.46, 8, 97, 105
349741.6.peg.337.site.47, 19, 97, 116
349741.6.peg.337.site.48, 18, 96, 114
349741.6.peg.337.site.49, 7, 97, 104
349741.6.peg.337.site.50, 2, 97, 99
349741.6.peg.337.site.51, 3, 97, 100
349741.6.peg.337.site.52, 16, 91, 107
349741.6.peg.337.site.53, 15, 91, 106
349741.6.peg.337.site.54, 13, 91, 104
349741.6.peg.337.site.55, 15, 93, 108
349741.6.peg.337.site.56, 15, 93, 108
349741.6.peg.337.site.57, 15, 93, 108
349741.6.peg.337.site.58, 0, 93, 93
349741.6.peg.337.site.59, 14, 91, 105
349741.6.peg.337.site.60, 13, 90, 103
349741.6.peg.337.site.61, 23, 89, 112
349741.6.peg.337.site.62, 0, 92, 92
349741.6.peg.337.site.63, 18, 96, 114
349741.6.peg.337.site.64, 18, 96, 114
349741.6.peg.337.site.65, 17, 97, 114
349741.6.peg.337.site.66, 5, 92, 97
349741.6.peg.337.site.67, 2, 83, 85
349741.6.peg.337.site.68, 5, 80, 85
349741.6.peg.337.site.69, 80, 81, 161
349741.6.peg.337.site.70, 1, 81, 82
349741.6.peg.337.site.71, 7, 86, 93
349741.6.peg.337.site.72, 5, 85, 90
349741.6.peg.337.site.73, 18, 96, 114
349741.6.peg.337.site.74, 58, 97, 155
349741.6.peg.337.site.75, 24, 97, 121
349741.6.peg.337.site.76, 5, 96, 101
349741.6.peg.334.site.1, 36, 97, 133
349741.6.peg.334.site.2, 7, 97, 104
349741.6.peg.334.site.3, 3, 94, 97
349741.6.peg.334.site.4, 12, 97, 109
349741.6.peg.334.site.5, 7, 97, 104
349741.6.peg.334.site.6, 85, 97, 182
349741.6.peg.334.site.7, 2, 97, 99
349741.6.peg.334.site.8, 49, 97, 146
349741.6.peg.334.site.9, 2, 97, 99
349741.6.peg.334.site.10, 0, 96, 96
349741.6.peg.334.site.11, 7, 96, 103
349741.6.peg.334.site.12, 5, 93, 98
349741.6.peg.335.site.1, 20, 95, 115
349741.6.peg.335.site.2, 14, 97, 111
349741.6.peg.332.site.1, 44, 97, 141
349741.6.peg.332.site.2, 21, 97, 118
349741.6.peg.332.site.3, 38, 97, 135
349741.6.peg.332.site.4, 12, 96, 108
349741.6.peg.332.site.5, 4, 97, 101
349741.6.peg.332.site.6, 21, 96, 117
349741.6.peg.332.site.7, 0, 96, 96
349741.6.peg.332.site.8, 12, 96, 108
349741.6.peg.332.site.9, 12, 97, 109
349741.6.peg.332.site.10, 21, 97, 118
349741.6.peg.332.site.11, 0, 94, 94
349741.6.peg.332.site.12, 2, 97, 99
349741.6.peg.332.site.13, 7, 93, 100
349741.6.peg.332.site.14, 37, 96, 133
349741.6.peg.332.site.15, 7, 96, 103
349741.6.peg.332.site.16, 12, 96, 108
349741.6.peg.333.site.1, 19, 97, 116
349741.6.peg.330.site.1, 3, 97, 100
349741.6.peg.330.site.2, 21, 97, 118
349741.6.peg.330.site.3, 2, 94, 96
349741.6.peg.330.site.4, 0, 90, 90
349741.6.peg.330.site.5, 22, 85, 107
349741.6.peg.330.site.6, 21, 95, 116
349741.6.peg.330.site.7, 2, 97, 99
349741.6.peg.330.site.8, 1, 97, 98
349741.6.peg.331.site.1, 2, 97, 99
349741.6.peg.331.site.2, 7, 97, 104
349741.6.peg.331.site.3, 0, 96, 96
349741.6.peg.331.site.4, 1, 97, 98
349741.6.peg.331.site.5, 21, 97, 118
349741.6.peg.331.site.6, 21, 96, 117
349741.6.peg.331.site.7, 38, 97, 135
349741.6.peg.331.site.8, 7, 97, 104
349741.6.peg.331.site.9, 3, 97, 100
349741.6.peg.331.site.10, 21, 97, 118
349741.6.peg.331.site.11, 10, 97, 107
349741.6.peg.331.site.12, 0, 96, 96
349741.6.peg.338.site.1, 3, 97, 100
349741.6.peg.338.site.2, 1, 97, 98
349741.6.peg.338.site.3, 19, 94, 113
349741.6.peg.338.site.4, 3, 97, 100
349741.6.peg.338.site.5, 19, 97, 116
349741.6.peg.338.site.6, 58, 91, 149
349741.6.peg.338.site.7, 13, 88, 101
349741.6.peg.338.site.8, 7, 85, 92
349741.6.peg.338.site.9, 3, 79, 82
349741.6.peg.338.site.10, 8, 86, 94
349741.6.peg.338.site.11, 3, 96, 99
349741.6.peg.338.site.12, 24, 97, 121
349741.6.peg.338.site.13, 96, 97, 193
349741.6.peg.338.site.14, 2, 97, 99
349741.6.peg.338.site.15, 12, 97, 109
349741.6.peg.338.site.16, 56, 97, 153
349741.6.peg.338.site.17, 12, 97, 109
349741.6.peg.338.site.18, 3, 97, 100
349741.6.peg.338.site.19, 11, 96, 107
349741.6.peg.338.site.20, 2, 97, 99
349741.6.peg.338.site.21, 1, 97, 98
349741.6.peg.338.site.22, 1, 88, 89
349741.6.peg.338.site.23, 3, 86, 89
349741.6.peg.338.site.24, 1, 86, 87
349741.6.peg.422.site.1, 5, 96, 101
349741.6.peg.422.site.2, 2, 92, 94
349741.6.peg.422.site.3, 58, 92, 150
349741.6.peg.422.site.4, 65, 92, 157
349741.6.peg.422.site.5, 6, 96, 102
349741.6.peg.422.site.6, 0, 96, 96
349741.6.peg.422.site.7, 33, 97, 130
349741.6.peg.422.site.8, 7, 97, 104
349741.6.peg.422.site.9, 7, 97, 104
349741.6.peg.423.site.1, 2, 97, 99
349741.6.peg.423.site.2, 2, 97, 99
349741.6.peg.423.site.3, 48, 97, 145
349741.6.peg.423.site.4, 72, 97, 169
349741.6.peg.423.site.5, 15, 97, 112
349741.6.peg.423.site.6, 5, 97, 102
349741.6.peg.423.site.7, 24, 97, 121
349741.6.peg.423.site.8, 7, 97, 104
349741.6.peg.423.site.9, 0, 97, 97
349741.6.peg.423.site.10, 27, 97, 124
349741.6.peg.423.site.11, 2, 97, 99
349741.6.peg.423.site.12, 59, 97, 156
349741.6.peg.423.site.13, 7, 97, 104
349741.6.peg.423.site.14, 71, 97, 168
349741.6.peg.423.site.15, 7, 97, 104
349741.6.peg.423.site.16, 59, 97, 156
349741.6.peg.423.site.17, 59, 97, 156
349741.6.peg.423.site.18, 7, 97, 104
349741.6.peg.423.site.19, 6, 97, 103
349741.6.peg.423.site.20, 6, 96, 102
349741.6.peg.423.site.21, 0, 97, 97
349741.6.peg.423.site.22, 2, 96, 98
349741.6.peg.423.site.23, 33, 97, 130
349741.6.peg.423.site.24, 1, 96, 97
349741.6.peg.423.site.25, 3, 97, 100
349741.6.peg.423.site.26, 1, 97, 98
349741.6.peg.423.site.27, 86, 97, 183
349741.6.peg.423.site.28, 1, 96, 97
349741.6.peg.420.site.1, 1, 97, 98
349741.6.peg.420.site.2, 96, 97, 193
349741.6.peg.420.site.3, 2, 97, 99
349741.6.peg.420.site.4, 32, 97, 129
349741.6.peg.420.site.5, 0, 97, 97
349741.6.peg.420.site.6, 6, 97, 103
349741.6.peg.420.site.7, 22, 97, 119
349741.6.peg.420.site.8, 25, 97, 122
349741.6.peg.420.site.9, 96, 97, 193
349741.6.peg.420.site.10, 95, 97, 192
349741.6.peg.420.site.11, 0, 96, 96
349741.6.peg.420.site.12, 7, 55, 62
349741.6.peg.420.site.13, 0, 50, 50
349741.6.peg.421.site.1, 1, 97, 98
349741.6.peg.421.site.2, 8, 97, 105
349741.6.peg.421.site.3, 45, 97, 142
349741.6.peg.421.site.4, 4, 96, 100
349741.6.peg.421.site.5, 45, 96, 141
349741.6.peg.421.site.6, 7, 97, 104
349741.6.peg.421.site.7, 23, 91, 114
349741.6.peg.421.site.8, 23, 89, 112
349741.6.peg.421.site.9, 1, 91, 92
349741.6.peg.421.site.10, 83, 96, 179
349741.6.peg.421.site.11, 47, 96, 143
349741.6.peg.421.site.12, 2, 96, 98
349741.6.peg.421.site.13, 0, 96, 96
349741.6.peg.421.site.14, 7, 97, 104
349741.6.peg.421.site.15, 49, 97, 146
349741.6.peg.421.site.16, 2, 97, 99
349741.6.peg.421.site.17, 44, 97, 141
349741.6.peg.421.site.18, 17, 97, 114
349741.6.peg.421.site.19, 93, 96, 189
349741.6.peg.421.site.20, 3, 97, 100
349741.6.peg.421.site.21, 41, 97, 138
349741.6.peg.421.site.22, 2, 97, 99
349741.6.peg.421.site.23, 7, 97, 104
349741.6.peg.421.site.24, 40, 97, 137
349741.6.peg.421.site.25, 41, 97, 138
349741.6.peg.421.site.26, 38, 97, 135
349741.6.peg.421.site.27, 2, 97, 99
349741.6.peg.421.site.28, 2, 96, 98
349741.6.peg.421.site.29, 93, 96, 189
349741.6.peg.421.site.30, 39, 97, 136
349741.6.peg.421.site.31, 7, 97, 104
349741.6.peg.421.site.32, 22, 97, 119
349741.6.peg.421.site.33, 93, 97, 190
349741.6.peg.421.site.34, 70, 91, 161
349741.6.peg.421.site.35, 24, 83, 107
349741.6.peg.421.site.36, 83, 88, 171
349741.6.peg.421.site.37, 90, 93, 183
349741.6.peg.421.site.38, 36, 91, 127
349741.6.peg.426.site.1, 6, 96, 102
349741.6.peg.426.site.2, 0, 96, 96
349741.6.peg.426.site.3, 6, 97, 103
349741.6.peg.426.site.4, 6, 96, 102
349741.6.peg.426.site.5, 59, 97, 156
349741.6.peg.426.site.6, 4, 97, 101
349741.6.peg.427.site.1, 8, 97, 105
349741.6.peg.427.site.2, 3, 97, 100
349741.6.peg.427.site.3, 1, 96, 97
349741.6.peg.427.site.4, 10, 97, 107
349741.6.peg.427.site.5, 6, 97, 103
349741.6.peg.427.site.6, 4, 97, 101
349741.6.peg.427.site.7, 37, 97, 134
349741.6.peg.427.site.8, 4, 97, 101
349741.6.peg.427.site.9, 4, 97, 101
349741.6.peg.427.site.10, 2, 97, 99
349741.6.peg.427.site.11, 13, 96, 109
349741.6.peg.427.site.12, 0, 96, 96
349741.6.peg.427.site.13, 6, 95, 101
349741.6.peg.427.site.14, 4, 97, 101
349741.6.peg.427.site.15, 4, 97, 101
349741.6.peg.427.site.16, 4, 97, 101
349741.6.peg.427.site.17, 7, 97, 104
349741.6.peg.427.site.18, 11, 97, 108
349741.6.peg.427.site.19, 2, 97, 99
349741.6.peg.427.site.20, 7, 97, 104
349741.6.peg.427.site.21, 4, 97, 101
349741.6.peg.427.site.22, 4, 97, 101
349741.6.peg.427.site.23, 4, 96, 100
349741.6.peg.427.site.24, 4, 97, 101
349741.6.peg.427.site.25, 96, 97, 193
349741.6.peg.427.site.26, 1, 97, 98
349741.6.peg.427.site.27, 5, 97, 102
349741.6.peg.427.site.28, 7, 97, 104
349741.6.peg.427.site.29, 3, 93, 96
349741.6.peg.427.site.30, 13, 95, 108
349741.6.peg.427.site.31, 0, 97, 97
349741.6.peg.427.site.32, 5, 97, 102
349741.6.peg.427.site.33, 8, 97, 105
349741.6.peg.427.site.34, 5, 97, 102
349741.6.peg.427.site.35, 52, 97, 149
349741.6.peg.427.site.36, 24, 95, 119
349741.6.peg.427.site.37, 55, 97, 152
349741.6.peg.427.site.38, 5, 97, 102
349741.6.peg.427.site.39, 3, 97, 100
349741.6.peg.427.site.40, 4, 97, 101
349741.6.peg.427.site.41, 2, 97, 99
349741.6.peg.427.site.42, 7, 97, 104
349741.6.peg.427.site.43, 54, 96, 150
349741.6.peg.427.site.44, 4, 97, 101
349741.6.peg.427.site.45, 4, 97, 101
349741.6.peg.427.site.46, 9, 97, 106
349741.6.peg.427.site.47, 16, 97, 113
349741.6.peg.427.site.48, 9, 97, 106
349741.6.peg.427.site.49, 7, 97, 104
349741.6.peg.427.site.50, 29, 97, 126
349741.6.peg.427.site.51, 0, 97, 97
349741.6.peg.427.site.52, 42, 97, 139
349741.6.peg.427.site.53, 4, 97, 101
349741.6.peg.427.site.54, 9, 97, 106
349741.6.peg.427.site.55, 30, 97, 127
349741.6.peg.427.site.56, 9, 97, 106
349741.6.peg.427.site.57, 96, 97, 193
349741.6.peg.427.site.58, 9, 97, 106
349741.6.peg.427.site.59, 0, 97, 97
349741.6.peg.427.site.60, 7, 96, 103
349741.6.peg.427.site.61, 0, 97, 97
349741.6.peg.427.site.62, 5, 97, 102
349741.6.peg.427.site.63, 9, 97, 106
349741.6.peg.427.site.64, 85, 97, 182
349741.6.peg.424.site.1, 13, 97, 110
349741.6.peg.425.site.1, 2, 97, 99
349741.6.peg.425.site.2, 1, 97, 98
349741.6.peg.425.site.3, 11, 97, 108
349741.6.peg.425.site.4, 10, 97, 107
349741.6.peg.425.site.5, 2, 96, 98
349741.6.peg.425.site.6, 7, 97, 104
349741.6.peg.425.site.7, 0, 97, 97
349741.6.peg.425.site.8, 53, 97, 150
349741.6.peg.425.site.9, 97, 97, 194
349741.6.peg.425.site.10, 6, 97, 103
349741.6.peg.428.site.1, 8, 97, 105
349741.6.peg.428.site.2, 9, 97, 106
349741.6.peg.428.site.3, 2, 97, 99
349741.6.peg.428.site.4, 96, 97, 193
349741.6.peg.428.site.5, 7, 96, 103
349741.6.peg.428.site.6, 9, 96, 105
349741.6.peg.428.site.7, 9, 97, 106
349741.6.peg.428.site.8, 0, 96, 96
349741.6.peg.428.site.9, 20, 97, 117
349741.6.peg.428.site.10, 0, 97, 97
349741.6.peg.428.site.11, 96, 97, 193
349741.6.peg.428.site.12, 18, 96, 114
349741.6.peg.428.site.13, 0, 96, 96
349741.6.peg.428.site.14, 74, 97, 171
349741.6.peg.428.site.15, 2, 97, 99
349741.6.peg.428.site.16, 96, 97, 193
349741.6.peg.428.site.17, 20, 97, 117
349741.6.peg.428.site.18, 20, 97, 117
349741.6.peg.428.site.19, 27, 97, 124
349741.6.peg.428.site.20, 51, 97, 148
349741.6.peg.428.site.21, 2, 97, 99
349741.6.peg.428.site.22, 2, 97, 99
349741.6.peg.428.site.23, 7, 97, 104
349741.6.peg.428.site.24, 1, 97, 98
349741.6.peg.428.site.25, 43, 96, 139
349741.6.peg.429.site.1, 4, 97, 101
349741.6.peg.429.site.2, 4, 96, 100
349741.6.peg.429.site.3, 2, 97, 99
349741.6.peg.429.site.4, 2, 96, 98
349741.6.peg.429.site.5, 7, 97, 104
349741.6.peg.429.site.6, 12, 97, 109
349741.6.peg.429.site.7, 17, 97, 114
349741.6.peg.1628.site.1, 18, 97, 115
349741.6.peg.1628.site.2, 0, 97, 97
349741.6.peg.1628.site.3, 2, 97, 99
349741.6.peg.1628.site.4, 2, 96, 98
349741.6.peg.1628.site.5, 37, 97, 134
349741.6.peg.1628.site.6, 79, 97, 176
349741.6.peg.1628.site.7, 2, 97, 99
349741.6.peg.1628.site.8, 17, 97, 114
349741.6.peg.1628.site.9, 2, 97, 99
349741.6.peg.1628.site.10, 0, 97, 97
349741.6.peg.1628.site.11, 14, 97, 111
349741.6.peg.1627.site.1, 2, 96, 98
349741.6.peg.1627.site.2, 2, 97, 99
349741.6.peg.1627.site.3, 5, 97, 102
349741.6.peg.1627.site.4, 0, 95, 95
349741.6.peg.1627.site.5, 2, 97, 99
349741.6.peg.1627.site.6, 0, 97, 97
349741.6.peg.1627.site.7, 36, 96, 132
349741.6.peg.1627.site.8, 17, 97, 114
349741.6.peg.1624.site.1, 1, 95, 96
349741.6.peg.1624.site.2, 62, 94, 156
349741.6.peg.1624.site.3, 0, 94, 94
349741.6.peg.1624.site.4, 0, 95, 95
349741.6.peg.1622.site.1, 0, 97, 97
349741.6.peg.1622.site.2, 3, 97, 100
349741.6.peg.1622.site.3, 2, 97, 99
349741.6.peg.1622.site.4, 3, 97, 100
349741.6.peg.1622.site.5, 2, 96, 98
349741.6.peg.1622.site.6, 0, 97, 97
349741.6.peg.1622.site.7, 3, 97, 100
349741.6.peg.1622.site.8, 1, 97, 98
349741.6.peg.1622.site.9, 0, 97, 97
349741.6.peg.1622.site.10, 26, 96, 122
349741.6.peg.1622.site.11, 1, 96, 97
349741.6.peg.1622.site.12, 2, 96, 98
349741.6.peg.1622.site.13, 8, 97, 105
349741.6.peg.1622.site.14, 10, 97, 107
349741.6.peg.1621.site.1, 7, 97, 104
349741.6.peg.1621.site.2, 0, 96, 96
349741.6.peg.2452.site.1, 0, 96, 96
349741.6.peg.2452.site.2, 3, 97, 100
349741.6.peg.2455.site.1, 9, 95, 104
349741.6.peg.2455.site.2, 14, 97, 111
349741.6.peg.2455.site.3, 5, 97, 102
349741.6.peg.2455.site.4, 12, 96, 108
349741.6.peg.2455.site.5, 14, 96, 110
349741.6.peg.2455.site.6, 10, 95, 105
349741.6.peg.2455.site.7, 34, 94, 128
349741.6.peg.2455.site.8, 57, 93, 150
349741.6.peg.2455.site.9, 1, 95, 96
349741.6.peg.2455.site.10, 16, 96, 112
349741.6.peg.2455.site.11, 2, 96, 98
349741.6.peg.2455.site.12, 0, 97, 97
349741.6.peg.2455.site.13, 24, 97, 121
349741.6.peg.2455.site.14, 51, 96, 147
349741.6.peg.2455.site.15, 16, 89, 105
349741.6.peg.2455.site.16, 5, 78, 83
349741.6.peg.2455.site.17, 1, 74, 75
349741.6.peg.2455.site.18, 1, 73, 74
349741.6.peg.2455.site.19, 0, 75, 75
349741.6.peg.2455.site.20, 6, 78, 84
349741.6.peg.2455.site.21, 1, 81, 82
349741.6.peg.2455.site.22, 67, 82, 149
349741.6.peg.2455.site.23, 15, 93, 108
349741.6.peg.2455.site.24, 84, 91, 175
349741.6.peg.2455.site.25, 14, 91, 105
349741.6.peg.2455.site.26, 2, 95, 97
349741.6.peg.2455.site.27, 20, 94, 114
349741.6.peg.2455.site.28, 17, 96, 113
349741.6.peg.2455.site.29, 4, 97, 101
349741.6.peg.2455.site.30, 16, 95, 111
349741.6.peg.2455.site.31, 24, 96, 120
349741.6.peg.2455.site.32, 24, 96, 120
349741.6.peg.2455.site.33, 23, 95, 118
349741.6.peg.2455.site.34, 23, 95, 118
349741.6.peg.2455.site.35, 19, 95, 114
349741.6.peg.2455.site.36, 19, 89, 108
349741.6.peg.2455.site.37, 1, 86, 87
349741.6.peg.2455.site.38, 16, 78, 94
349741.6.peg.2455.site.39, 16, 69, 85
349741.6.peg.2455.site.40, 0, 96, 96
349741.6.peg.2455.site.41, 10, 81, 91
349741.6.peg.2455.site.42, 2, 76, 78
349741.6.peg.2458.site.1, 2, 97, 99
349741.6.peg.2458.site.2, 58, 96, 154
349741.6.peg.2458.site.3, 60, 96, 156
349741.6.peg.2458.site.4, 6, 96, 102
349741.6.peg.2458.site.5, 68, 96, 164
349741.6.peg.2458.site.6, 6, 97, 103
349741.6.peg.2458.site.7, 65, 97, 162
349741.6.peg.2458.site.8, 91, 97, 188
349741.6.peg.2458.site.9, 27, 97, 124
349741.6.peg.2458.site.10, 64, 95, 159
349741.6.peg.2458.site.11, 0, 95, 95
349741.6.peg.2458.site.12, 65, 97, 162
349741.6.peg.2458.site.13, 5, 93, 98
349741.6.peg.2459.site.1, 60, 92, 152
349741.6.peg.2459.site.2, 1, 94, 95
349741.6.peg.2459.site.3, 19, 97, 116
349741.6.peg.2459.site.4, 65, 97, 162
349741.6.peg.2459.site.5, 64, 96, 160
349741.6.peg.2459.site.6, 91, 96, 187
349741.6.peg.2459.site.7, 4, 96, 100
349741.6.peg.2459.site.8, 2, 97, 99
349741.6.peg.2459.site.9, 89, 97, 186
349741.6.peg.2459.site.10, 75, 97, 172
349741.6.peg.2459.site.11, 0, 97, 97
349741.6.peg.2459.site.12, 4, 96, 100
349741.6.peg.2459.site.13, 18, 38, 56
349741.6.peg.2459.site.14, 5, 32, 37
349741.6.peg.2459.site.15, 11, 32, 43
349741.6.peg.2459.site.16, 11, 43, 54
349741.6.peg.2459.site.17, 42, 72, 114
349741.6.peg.2459.site.18, 62, 94, 156
349741.6.peg.2459.site.19, 87, 90, 177
349741.6.peg.2459.site.20, 72, 86, 158
349741.6.peg.2459.site.21, 39, 71, 110
349741.6.peg.687.site.1, 2, 8, 10
349741.6.peg.687.site.2, 2, 8, 10
349741.6.peg.687.site.3, 2, 48, 50
349741.6.peg.687.site.4, 35, 54, 89
349741.6.peg.687.site.5, 55, 59, 114
349741.6.peg.687.site.6, 11, 76, 87
349741.6.peg.687.site.7, 0, 95, 95
349741.6.peg.687.site.8, 11, 97, 108
349741.6.peg.687.site.9, 1, 97, 98
349741.6.peg.1752.site.1, 2, 46, 48
349741.6.peg.1752.site.2, 29, 49, 78
349741.6.peg.1752.site.3, 3, 45, 48
349741.6.peg.1752.site.4, 1, 49, 50
349741.6.peg.1752.site.5, 15, 39, 54
349741.6.peg.1752.site.6, 26, 55, 81
349741.6.peg.1752.site.7, 71, 97, 168
349741.6.peg.1752.site.8, 71, 97, 168
349741.6.peg.1752.site.9, 7, 97, 104
349741.6.peg.1752.site.10, 1, 97, 98
349741.6.peg.1752.site.11, 71, 96, 167
349741.6.peg.1752.site.12, 7, 96, 103
349741.6.peg.1752.site.13, 3, 96, 99
349741.6.peg.1752.site.14, 6, 97, 103
349741.6.peg.1752.site.15, 23, 97, 120
349741.6.peg.1752.site.16, 5, 95, 100
349741.6.peg.1752.site.17, 56, 82, 138
349741.6.peg.1752.site.18, 25, 50, 75
349741.6.peg.1752.site.19, 20, 46, 66
349741.6.peg.1752.site.20, 2, 52, 54
349741.6.peg.1752.site.21, 10, 51, 61
349741.6.peg.1752.site.22, 11, 11, 22
349741.6.peg.1752.site.23, 6, 18, 24
349741.6.peg.1752.site.24, 30, 30, 60
349741.6.peg.1752.site.25, 7, 59, 66
349741.6.peg.1752.site.26, 2, 63, 65
349741.6.peg.1752.site.27, 5, 74, 79
349741.6.peg.1752.site.28, 2, 92, 94
349741.6.peg.1752.site.29, 72, 88, 160
349741.6.peg.1753.site.1, 74, 90, 164
349741.6.peg.1753.site.2, 79, 95, 174
349741.6.peg.1753.site.3, 97, 97, 194
349741.6.peg.1753.site.4, 81, 97, 178
349741.6.peg.1753.site.5, 86, 97, 183
349741.6.peg.1753.site.6, 81, 97, 178
349741.6.peg.1753.site.7, 1, 97, 98
349741.6.peg.1753.site.8, 78, 93, 171
349741.6.peg.1753.site.9, 1, 95, 96
349741.6.peg.1753.site.10, 2, 97, 99
349741.6.peg.1753.site.11, 0, 97, 97
349741.6.peg.1753.site.12, 3, 96, 99
349741.6.peg.1753.site.13, 80, 96, 176
349741.6.peg.1753.site.14, 96, 96, 192
349741.6.peg.1753.site.15, 96, 96, 192
349741.6.peg.1753.site.16, 93, 96, 189
349741.6.peg.1753.site.17, 89, 96, 185
349741.6.peg.1753.site.18, 7, 89, 96
349741.6.peg.1753.site.19, 79, 90, 169
349741.6.peg.1753.site.20, 23, 89, 112
349741.6.peg.1753.site.21, 0, 84, 84
349741.6.peg.1753.site.22, 1, 96, 97
349741.6.peg.1753.site.23, 81, 97, 178
349741.6.peg.1753.site.24, 0, 96, 96
349741.6.peg.1753.site.25, 0, 97, 97
349741.6.peg.1753.site.26, 80, 96, 176
349741.6.peg.1753.site.27, 8, 97, 105
349741.6.peg.1753.site.28, 1, 97, 98
349741.6.peg.1753.site.29, 17, 97, 114
349741.6.peg.1753.site.30, 1, 97, 98
349741.6.peg.1753.site.31, 81, 97, 178
349741.6.peg.1753.site.32, 81, 97, 178
349741.6.peg.1753.site.33, 81, 97, 178
349741.6.peg.1753.site.34, 2, 91, 93
349741.6.peg.1753.site.35, 2, 91, 93
349741.6.peg.1751.site.1, 10, 97, 107
349741.6.peg.1751.site.2, 8, 96, 104
349741.6.peg.1751.site.3, 1, 97, 98
349741.6.peg.1751.site.4, 0, 95, 95
349741.6.peg.1751.site.5, 5, 93, 98
349741.6.peg.1751.site.6, 4, 94, 98
349741.6.peg.1751.site.7, 3, 97, 100
349741.6.peg.1751.site.8, 6, 95, 101
349741.6.peg.1751.site.9, 3, 96, 99
349741.6.peg.1751.site.10, 4, 97, 101
349741.6.peg.1751.site.11, 96, 97, 193
349741.6.peg.1751.site.12, 81, 97, 178
349741.6.peg.1751.site.13, 3, 97, 100
349741.6.peg.1751.site.14, 12, 96, 108
349741.6.peg.1751.site.15, 4, 94, 98
349741.6.peg.1751.site.16, 66, 94, 160
349741.6.peg.1751.site.17, 2, 93, 95
349741.6.peg.1751.site.18, 93, 94, 187
349741.6.peg.1751.site.19, 1, 92, 93
349741.6.peg.1751.site.20, 0, 96, 96
349741.6.peg.1751.site.21, 14, 95, 109
349741.6.peg.1751.site.22, 96, 97, 193
349741.6.peg.1751.site.23, 12, 97, 109
349741.6.peg.1751.site.24, 81, 97, 178
349741.6.peg.1751.site.25, 81, 97, 178
349741.6.peg.1751.site.26, 82, 95, 177
349741.6.peg.1751.site.27, 80, 96, 176
349741.6.peg.1751.site.28, 15, 96, 111
349741.6.peg.1751.site.29, 64, 92, 156
349741.6.peg.1751.site.30, 33, 61, 94
349741.6.peg.1751.site.31, 1, 41, 42
349741.6.peg.1751.site.32, 24, 40, 64
349741.6.peg.1751.site.33, 9, 37, 46
349741.6.peg.1751.site.34, 9, 49, 58
349741.6.peg.1751.site.35, 58, 74, 132
349741.6.peg.1751.site.36, 75, 91, 166
349741.6.peg.1751.site.37, 91, 91, 182
349741.6.peg.1751.site.38, 12, 95, 107
349741.6.peg.1751.site.39, 16, 96, 112
349741.6.peg.1751.site.40, 0, 93, 93
349741.6.peg.1751.site.41, 6, 95, 101
349741.6.peg.1751.site.42, 1, 93, 94
349741.6.peg.1751.site.43, 47, 70, 117
349741.6.peg.1751.site.44, 49, 73, 122
349741.6.peg.1751.site.45, 3, 27, 30
349741.6.peg.1751.site.46, 3, 27, 30
349741.6.peg.1751.site.47, 2, 26, 28
349741.6.peg.1751.site.48, 12, 24, 36
349741.6.peg.1751.site.49, 4, 25, 29
349741.6.peg.1751.site.50, 8, 24, 32
349741.6.peg.1751.site.51, 15, 27, 42
349741.6.peg.1751.site.52, 3, 25, 28
349741.6.peg.1751.site.53, 15, 32, 47
349741.6.peg.1751.site.54, 24, 48, 72
349741.6.peg.1751.site.55, 31, 55, 86
349741.6.peg.1751.site.56, 3, 92, 95
349741.6.peg.1751.site.57, 4, 94, 98
349741.6.peg.1751.site.58, 70, 94, 164
349741.6.peg.1751.site.59, 68, 93, 161
349741.6.peg.1751.site.60, 72, 96, 168
349741.6.peg.1751.site.61, 5, 91, 96
349741.6.peg.1751.site.62, 57, 83, 140
349741.6.peg.1751.site.63, 2, 44, 46
349741.6.peg.1751.site.64, 7, 33, 40
349741.6.peg.1751.site.65, 4, 30, 34
349741.6.peg.1756.site.1, 3, 16, 19
349741.6.peg.1756.site.2, 6, 22, 28
349741.6.peg.1756.site.3, 20, 36, 56
349741.6.peg.1756.site.4, 7, 76, 83
349741.6.peg.1756.site.5, 8, 97, 105
349741.6.peg.1756.site.6, 69, 80, 149
349741.6.peg.1756.site.7, 8, 87, 95
349741.6.peg.1756.site.8, 8, 90, 98
349741.6.peg.1756.site.9, 76, 92, 168
349741.6.peg.1756.site.10, 81, 97, 178
349741.6.peg.1756.site.11, 73, 97, 170
349741.6.peg.1756.site.12, 2, 97, 99
349741.6.peg.1756.site.13, 72, 96, 168
349741.6.peg.1756.site.14, 93, 96, 189
349741.6.peg.1756.site.15, 8, 94, 102
349741.6.peg.1756.site.16, 49, 73, 122
349741.6.peg.1756.site.17, 62, 86, 148
349741.6.peg.1756.site.18, 61, 85, 146
349741.6.peg.1756.site.19, 72, 96, 168
349741.6.peg.1756.site.20, 81, 97, 178
349741.6.peg.1757.site.1, 0, 97, 97
349741.6.peg.1757.site.2, 73, 97, 170
349741.6.peg.1757.site.3, 0, 97, 97
349741.6.peg.1757.site.4, 8, 97, 105
349741.6.peg.1757.site.5, 73, 97, 170
349741.6.peg.1757.site.6, 8, 96, 104
349741.6.peg.1757.site.7, 80, 96, 176
349741.6.peg.1757.site.8, 97, 97, 194
349741.6.peg.1757.site.9, 72, 96, 168
349741.6.peg.1757.site.10, 81, 93, 174
349741.6.peg.1757.site.11, 72, 92, 164
349741.6.peg.1757.site.12, 78, 89, 167
349741.6.peg.1757.site.13, 73, 88, 161
349741.6.peg.1757.site.14, 46, 69, 115
349741.6.peg.1757.site.15, 48, 72, 120
349741.6.peg.1757.site.16, 72, 96, 168
349741.6.peg.1757.site.17, 8, 95, 103
349741.6.peg.1757.site.18, 71, 91, 162
349741.6.peg.1757.site.19, 2, 91, 93
349741.6.peg.1757.site.20, 7, 23, 30
349741.6.peg.1757.site.21, 5, 21, 26
349741.6.peg.1757.site.22, 3, 64, 67
349741.6.peg.1757.site.23, 64, 80, 144
349741.6.peg.1757.site.24, 67, 83, 150
349741.6.peg.1757.site.25, 54, 70, 124
349741.6.peg.1757.site.26, 21, 37, 58
349741.6.peg.1757.site.27, 5, 21, 26
349741.6.peg.1757.site.28, 15, 31, 46
349741.6.peg.1757.site.29, 70, 86, 156
349741.6.peg.1757.site.30, 76, 92, 168
349741.6.peg.1757.site.31, 81, 97, 178
349741.6.peg.1757.site.32, 15, 96, 111
349741.6.peg.1757.site.33, 78, 94, 172
349741.6.peg.1757.site.34, 1, 92, 93
349741.6.peg.1757.site.35, 2, 29, 31
349741.6.peg.1757.site.36, 5, 21, 26
349741.6.peg.1757.site.37, 3, 16, 19
349741.6.peg.1757.site.38, 62, 78, 140
349741.6.peg.1757.site.39, 65, 79, 144
349741.6.peg.1757.site.40, 2, 69, 71
349741.6.peg.1757.site.41, 79, 95, 174
349741.6.peg.1757.site.42, 2, 97, 99
349741.6.peg.1757.site.43, 4, 97, 101
349741.6.peg.1757.site.44, 80, 96, 176
349741.6.peg.1757.site.45, 81, 97, 178
349741.6.peg.1757.site.46, 79, 95, 174
349741.6.peg.1757.site.47, 2, 96, 98
349741.6.peg.1757.site.48, 13, 96, 109
349741.6.peg.1757.site.49, 75, 91, 166
349741.6.peg.1757.site.50, 3, 38, 41
349741.6.peg.1757.site.51, 7, 23, 30
349741.6.peg.1758.site.1, 8, 67, 75
349741.6.peg.1758.site.2, 2, 94, 96
349741.6.peg.1758.site.3, 68, 84, 152
349741.6.peg.1758.site.4, 2, 90, 92
349741.6.peg.1758.site.5, 66, 82, 148
349741.6.peg.1758.site.6, 54, 70, 124
349741.6.peg.1758.site.7, 2, 18, 20
349741.6.peg.1758.site.8, 4, 80, 84
349741.6.peg.1758.site.9, 74, 90, 164
349741.6.peg.1758.site.10, 4, 90, 94
349741.6.peg.1758.site.11, 78, 94, 172
349741.6.peg.1758.site.12, 81, 97, 178
349741.6.peg.1758.site.13, 2, 97, 99
349741.6.peg.1758.site.14, 1, 95, 96
349741.6.peg.1758.site.15, 1, 96, 97
349741.6.peg.1758.site.16, 90, 97, 187
349741.6.peg.1758.site.17, 2, 97, 99
349741.6.peg.1758.site.18, 17, 97, 114
349741.6.peg.1758.site.19, 94, 96, 190
349741.6.peg.1758.site.20, 90, 97, 187
349741.6.peg.1758.site.21, 3, 97, 100
349741.6.peg.1758.site.22, 97, 97, 194
349741.6.peg.1758.site.23, 2, 97, 99
349741.6.peg.1758.site.24, 86, 96, 182
349741.6.peg.526.site.1, 1, 97, 98
349741.6.peg.526.site.2, 81, 97, 178
349741.6.peg.526.site.3, 80, 96, 176
349741.6.peg.526.site.4, 95, 97, 192
349741.6.peg.526.site.5, 12, 97, 109
349741.6.peg.526.site.6, 37, 96, 133
349741.6.peg.526.site.7, 21, 97, 118
349741.6.peg.526.site.8, 21, 95, 116
349741.6.peg.526.site.9, 2, 97, 99
349741.6.peg.526.site.10, 43, 97, 140
349741.6.peg.526.site.11, 42, 96, 138
349741.6.peg.526.site.12, 40, 95, 135
349741.6.peg.526.site.13, 5, 97, 102
349741.6.peg.526.site.14, 7, 97, 104
349741.6.peg.526.site.15, 7, 97, 104
349741.6.peg.526.site.16, 50, 97, 147
349741.6.peg.526.site.17, 50, 97, 147
349741.6.peg.526.site.18, 49, 97, 146
349741.6.peg.526.site.19, 52, 97, 149
349741.6.peg.526.site.20, 20, 97, 117
349741.6.peg.526.site.21, 22, 97, 119
349741.6.peg.526.site.22, 20, 97, 117
349741.6.peg.526.site.23, 2, 97, 99
349741.6.peg.1696.site.1, 6, 95, 101
349741.6.peg.1696.site.2, 33, 96, 129
349741.6.peg.1696.site.3, 6, 95, 101
349741.6.peg.1696.site.4, 27, 97, 124
349741.6.peg.1696.site.5, 4, 95, 99
349741.6.peg.1696.site.6, 1, 97, 98
349741.6.peg.1696.site.7, 43, 97, 140
349741.6.peg.932.site.1, 24, 45, 69
349741.6.peg.932.site.2, 14, 74, 88
349741.6.peg.932.site.3, 43, 85, 128
349741.6.peg.932.site.4, 1, 90, 91
349741.6.peg.932.site.5, 10, 97, 107
349741.6.peg.932.site.6, 2, 97, 99
349741.6.peg.932.site.7, 5, 97, 102
349741.6.peg.932.site.8, 2, 97, 99
349741.6.peg.932.site.9, 2, 97, 99
349741.6.peg.932.site.10, 2, 97, 99
349741.6.peg.932.site.11, 97, 97, 194
349741.6.peg.932.site.12, 1, 97, 98
349741.6.peg.932.site.13, 14, 97, 111
349741.6.peg.932.site.14, 12, 95, 107
349741.6.peg.932.site.15, 12, 95, 107
349741.6.peg.932.site.16, 2, 85, 87
349741.6.peg.932.site.17, 3, 83, 86
349741.6.peg.932.site.18, 9, 84, 93
349741.6.peg.932.site.19, 17, 93, 110
349741.6.peg.932.site.20, 13, 93, 106
349741.6.peg.933.site.1, 13, 93, 106
349741.6.peg.933.site.2, 17, 97, 114
349741.6.peg.933.site.3, 17, 97, 114
349741.6.peg.933.site.4, 12, 95, 107
349741.6.peg.933.site.5, 0, 95, 95
349741.6.peg.934.site.1, 13, 97, 110
349741.6.peg.934.site.2, 17, 97, 114
349741.6.peg.934.site.3, 2, 97, 99
349741.6.peg.934.site.4, 17, 97, 114
349741.6.peg.934.site.5, 17, 97, 114
349741.6.peg.934.site.6, 17, 97, 114
349741.6.peg.934.site.7, 20, 97, 117
349741.6.peg.934.site.8, 17, 96, 113
349741.6.peg.934.site.9, 27, 97, 124
349741.6.peg.934.site.10, 53, 95, 148
349741.6.peg.934.site.11, 8, 93, 101
349741.6.peg.934.site.12, 1, 96, 97
349741.6.peg.934.site.13, 16, 95, 111
349741.6.peg.934.site.14, 0, 97, 97
349741.6.peg.934.site.15, 0, 95, 95
349741.6.peg.934.site.16, 27, 97, 124
349741.6.peg.934.site.17, 41, 97, 138
349741.6.peg.1695.site.1, 3, 93, 96
349741.6.peg.1695.site.2, 1, 94, 95
349741.6.peg.1695.site.3, 6, 94, 100
349741.6.peg.1695.site.4, 7, 87, 94
349741.6.peg.1695.site.5, 1, 88, 89
349741.6.peg.1695.site.6, 26, 93, 119
349741.6.peg.1695.site.7, 2, 94, 96
349741.6.peg.1695.site.8, 84, 97, 181
349741.6.peg.936.site.1, 2, 97, 99
349741.6.peg.936.site.2, 5, 97, 102
349741.6.peg.936.site.3, 1, 97, 98
349741.6.peg.936.site.4, 3, 96, 99
349741.6.peg.936.site.5, 22, 97, 119
349741.6.peg.936.site.6, 1, 97, 98
349741.6.peg.936.site.7, 14, 97, 111
349741.6.peg.936.site.8, 0, 97, 97
349741.6.peg.936.site.9, 0, 97, 97
349741.6.peg.936.site.10, 88, 97, 185
349741.6.peg.936.site.11, 4, 97, 101
349741.6.peg.936.site.12, 3, 96, 99
349741.6.peg.936.site.13, 3, 97, 100
349741.6.peg.936.site.14, 3, 96, 99
349741.6.peg.936.site.15, 59, 97, 156
349741.6.peg.936.site.16, 0, 97, 97
349741.6.peg.936.site.17, 1, 97, 98
349741.6.peg.936.site.18, 27, 96, 123
349741.6.peg.936.site.19, 2, 97, 99
349741.6.peg.936.site.20, 1, 97, 98
349741.6.peg.936.site.21, 7, 97, 104
349741.6.peg.936.site.22, 2, 97, 99
349741.6.peg.936.site.23, 6, 97, 103
349741.6.peg.936.site.24, 3, 97, 100
349741.6.peg.936.site.25, 52, 97, 149
349741.6.peg.936.site.26, 2, 96, 98
349741.6.peg.936.site.27, 22, 97, 119
349741.6.peg.936.site.28, 1, 97, 98
349741.6.peg.936.site.29, 2, 97, 99
349741.6.peg.936.site.30, 0, 97, 97
349741.6.peg.936.site.31, 67, 97, 164
349741.6.peg.936.site.32, 1, 94, 95
349741.6.peg.936.site.33, 62, 97, 159
349741.6.peg.936.site.34, 7, 97, 104
349741.6.peg.936.site.35, 3, 97, 100
349741.6.peg.936.site.36, 4, 97, 101
349741.6.peg.936.site.37, 1, 96, 97
349741.6.peg.936.site.38, 10, 97, 107
349741.6.peg.936.site.39, 10, 97, 107
349741.6.peg.936.site.40, 38, 97, 135
349741.6.peg.936.site.41, 54, 97, 151
349741.6.peg.937.site.1, 43, 97, 140
349741.6.peg.938.site.1, 5, 97, 102
349741.6.peg.938.site.2, 3, 96, 99
349741.6.peg.938.site.3, 2, 96, 98
349741.6.peg.938.site.4, 0, 97, 97
349741.6.peg.938.site.5, 41, 97, 138
349741.6.peg.938.site.6, 0, 97, 97
349741.6.peg.939.site.1, 1, 95, 96
349741.6.peg.689.site.1, 71, 87, 158
349741.6.peg.689.site.2, 2, 90, 92
349741.6.peg.689.site.3, 2, 94, 96
349741.6.peg.689.site.4, 56, 95, 151
349741.6.peg.689.site.5, 17, 96, 113
349741.6.peg.689.site.6, 3, 96, 99
349741.6.peg.689.site.7, 1, 94, 95
349741.6.peg.689.site.8, 3, 85, 88
349741.6.peg.689.site.9, 2, 83, 85
349741.6.peg.689.site.10, 1, 83, 84
349741.6.peg.689.site.11, 1, 81, 82
349741.6.peg.689.site.12, 8, 82, 90
349741.6.peg.689.site.13, 3, 85, 88
349741.6.peg.689.site.14, 8, 90, 98
349741.6.peg.689.site.15, 12, 93, 105
349741.6.peg.689.site.16, 16, 95, 111
349741.6.peg.689.site.17, 55, 90, 145
349741.6.peg.689.site.18, 9, 91, 100
349741.6.peg.689.site.19, 27, 89, 116
349741.6.peg.689.site.20, 1, 90, 91
349741.6.peg.689.site.21, 8, 90, 98
349741.6.peg.689.site.22, 47, 88, 135
349741.6.peg.689.site.23, 27, 89, 116
349741.6.peg.689.site.24, 0, 96, 96
349741.6.peg.689.site.25, 22, 96, 118
349741.6.peg.689.site.26, 1, 93, 94
349741.6.peg.689.site.27, 12, 89, 101
349741.6.peg.689.site.28, 48, 84, 132
349741.6.peg.689.site.29, 52, 77, 129
349741.6.peg.689.site.30, 5, 82, 87
349741.6.peg.689.site.31, 12, 92, 104
349741.6.peg.689.site.32, 1, 94, 95
349741.6.peg.689.site.33, 12, 96, 108
349741.6.peg.689.site.34, 71, 96, 167
349741.6.peg.1344.site.1, 80, 96, 176
349741.6.peg.1344.site.2, 52, 68, 120
349741.6.peg.1344.site.3, 88, 89, 177
349741.6.peg.1344.site.4, 9, 93, 102
349741.6.peg.1346.site.1, 7, 97, 104
349741.6.peg.1346.site.2, 46, 96, 142
349741.6.peg.1346.site.3, 0, 97, 97
349741.6.peg.1346.site.4, 0, 97, 97
349741.6.peg.1346.site.5, 36, 97, 133
349741.6.peg.1346.site.6, 46, 96, 142
349741.6.peg.1346.site.7, 13, 96, 109
349741.6.peg.1346.site.8, 14, 97, 111
349741.6.peg.1346.site.9, 46, 96, 142
349741.6.peg.1346.site.10, 1, 97, 98
349741.6.peg.1346.site.11, 18, 96, 114
349741.6.peg.1346.site.12, 43, 97, 140
349741.6.peg.1346.site.13, 9, 97, 106
349741.6.peg.1346.site.14, 14, 97, 111
349741.6.peg.1346.site.15, 26, 95, 121
349741.6.peg.1346.site.16, 49, 97, 146
349741.6.peg.1346.site.17, 14, 97, 111
349741.6.peg.1346.site.18, 0, 97, 97
349741.6.peg.1346.site.19, 13, 96, 109
349741.6.peg.1346.site.20, 28, 97, 125
349741.6.peg.1346.site.21, 14, 97, 111
349741.6.peg.1346.site.22, 14, 97, 111
349741.6.peg.1346.site.23, 14, 97, 111
349741.6.peg.1346.site.24, 28, 97, 125
349741.6.peg.1346.site.25, 34, 97, 131
349741.6.peg.1346.site.26, 2, 97, 99
349741.6.peg.1346.site.27, 14, 97, 111
349741.6.peg.1346.site.28, 45, 97, 142
349741.6.peg.1346.site.29, 27, 94, 121
349741.6.peg.1346.site.30, 7, 97, 104
349741.6.peg.1346.site.31, 69, 97, 166
349741.6.peg.1346.site.32, 28, 97, 125
349741.6.peg.1340.site.1, 16, 36, 52
349741.6.peg.1340.site.2, 9, 58, 67
349741.6.peg.1340.site.3, 16, 65, 81
349741.6.peg.1340.site.4, 51, 70, 121
349741.6.peg.1340.site.5, 16, 22, 38
349741.6.peg.1340.site.6, 8, 27, 35
349741.6.peg.1340.site.7, 75, 80, 155
349741.6.peg.1340.site.8, 73, 93, 166
349741.6.peg.1340.site.9, 78, 97, 175
349741.6.peg.1340.site.10, 2, 97, 99
349741.6.peg.1340.site.11, 40, 97, 137
349741.6.peg.1340.site.12, 2, 96, 98
349741.6.peg.1340.site.13, 1, 97, 98
349741.6.peg.1340.site.14, 41, 97, 138
349741.6.peg.1340.site.15, 48, 96, 144
349741.6.peg.1340.site.16, 2, 96, 98
349741.6.peg.1340.site.17, 25, 97, 122
349741.6.peg.1340.site.18, 92, 97, 189
349741.6.peg.1340.site.19, 4, 97, 101
349741.6.peg.1340.site.20, 4, 97, 101
349741.6.peg.1340.site.21, 4, 97, 101
349741.6.peg.1340.site.22, 2, 97, 99
349741.6.peg.1340.site.23, 48, 97, 145
349741.6.peg.1340.site.24, 30, 97, 127
349741.6.peg.1340.site.25, 2, 97, 99
349741.6.peg.1340.site.26, 5, 97, 102
349741.6.peg.1340.site.27, 2, 97, 99
349741.6.peg.1340.site.28, 83, 97, 180
349741.6.peg.1340.site.29, 1, 97, 98
349741.6.peg.1340.site.30, 1, 95, 96
349741.6.peg.1340.site.31, 27, 77, 104
349741.6.peg.1343.site.1, 9, 64, 73
349741.6.peg.1343.site.2, 7, 62, 69
349741.6.peg.1343.site.3, 0, 61, 61
349741.6.peg.1343.site.4, 5, 62, 67
349741.6.peg.1343.site.5, 0, 49, 49
349741.6.peg.1343.site.6, 3, 57, 60
349741.6.peg.1343.site.7, 9, 97, 106
349741.6.peg.1343.site.8, 39, 97, 136
349741.6.peg.1343.site.9, 48, 97, 145
349741.6.peg.1343.site.10, 48, 97, 145
349741.6.peg.1343.site.11, 48, 97, 145
349741.6.peg.1343.site.12, 48, 97, 145
349741.6.peg.1343.site.13, 4, 97, 101
349741.6.peg.1343.site.14, 48, 97, 145
349741.6.peg.1343.site.15, 9, 97, 106
349741.6.peg.1343.site.16, 4, 92, 96
349741.6.peg.1343.site.17, 2, 90, 92
349741.6.peg.1343.site.18, 64, 93, 157
349741.6.peg.1343.site.19, 55, 94, 149
349741.6.peg.1343.site.20, 7, 94, 101
349741.6.peg.1343.site.21, 62, 94, 156
349741.6.peg.1343.site.22, 7, 97, 104
349741.6.peg.1343.site.23, 2, 97, 99
349741.6.peg.1343.site.24, 9, 97, 106
349741.6.peg.1343.site.25, 9, 97, 106
349741.6.peg.1343.site.26, 9, 97, 106
349741.6.peg.1343.site.27, 9, 97, 106
349741.6.peg.1343.site.28, 74, 97, 171
349741.6.peg.1343.site.29, 65, 96, 161
349741.6.peg.1343.site.30, 16, 95, 111
349741.6.peg.1343.site.31, 9, 97, 106
349741.6.peg.1343.site.32, 2, 97, 99
349741.6.peg.1343.site.33, 48, 97, 145
349741.6.peg.1343.site.34, 39, 97, 136
349741.6.peg.1343.site.35, 0, 97, 97
349741.6.peg.1343.site.36, 29, 97, 126
349741.6.peg.1343.site.37, 52, 97, 149
349741.6.peg.1343.site.38, 2, 90, 92
349741.6.peg.1342.site.1, 1, 97, 98
349741.6.peg.1342.site.2, 1, 97, 98
349741.6.peg.1342.site.3, 4, 97, 101
349741.6.peg.1342.site.4, 2, 97, 99
349741.6.peg.1342.site.5, 43, 97, 140
349741.6.peg.1342.site.6, 33, 97, 130
349741.6.peg.1342.site.7, 2, 97, 99
349741.6.peg.1342.site.8, 1, 97, 98
349741.6.peg.1342.site.9, 59, 97, 156
349741.6.peg.1342.site.10, 2, 97, 99
349741.6.peg.1342.site.11, 4, 96, 100
349741.6.peg.1342.site.12, 50, 97, 147
349741.6.peg.1342.site.13, 0, 97, 97
349741.6.peg.1342.site.14, 51, 97, 148
349741.6.peg.1342.site.15, 3, 97, 100
349741.6.peg.1342.site.16, 8, 97, 105
349741.6.peg.1342.site.17, 5, 97, 102
349741.6.peg.1342.site.18, 50, 97, 147
349741.6.peg.1342.site.19, 7, 97, 104
349741.6.peg.1342.site.20, 7, 95, 102
349741.6.peg.1342.site.21, 97, 97, 194
349741.6.peg.1342.site.22, 3, 97, 100
349741.6.peg.1342.site.23, 2, 97, 99
349741.6.peg.1342.site.24, 1, 97, 98
349741.6.peg.1342.site.25, 48, 97, 145
349741.6.peg.1342.site.26, 67, 97, 164
349741.6.peg.1342.site.27, 39, 95, 134
349741.6.peg.1342.site.28, 40, 96, 136
349741.6.peg.1342.site.29, 1, 94, 95
349741.6.peg.1342.site.30, 43, 95, 138
349741.6.peg.1342.site.31, 49, 96, 145
349741.6.peg.1342.site.32, 9, 96, 105
349741.6.peg.1342.site.33, 2, 96, 98
349741.6.peg.1342.site.34, 41, 97, 138
349741.6.peg.1349.site.1, 5, 97, 102
349741.6.peg.1349.site.2, 1, 88, 89
349741.6.peg.1349.site.3, 17, 85, 102
349741.6.peg.1349.site.4, 1, 76, 77
349741.6.peg.1349.site.5, 62, 69, 131
349741.6.peg.1349.site.6, 1, 67, 68
349741.6.peg.1349.site.7, 27, 66, 93
349741.6.peg.1349.site.8, 7, 65, 72
349741.6.peg.1349.site.9, 0, 84, 84
349741.6.peg.633.site.1, 95, 96, 191
349741.6.peg.633.site.2, 2, 97, 99
349741.6.peg.633.site.3, 3, 97, 100
349741.6.peg.633.site.4, 79, 95, 174
349741.6.peg.633.site.5, 8, 96, 104
349741.6.peg.633.site.6, 3, 97, 100
349741.6.peg.633.site.7, 23, 97, 120
349741.6.peg.633.site.8, 3, 96, 99
349741.6.peg.633.site.9, 8, 96, 104
349741.6.peg.633.site.10, 8, 97, 105
349741.6.peg.633.site.11, 73, 97, 170
349741.6.peg.633.site.12, 5, 97, 102
349741.6.peg.633.site.13, 84, 97, 181
349741.6.peg.633.site.14, 0, 97, 97
349741.6.peg.633.site.15, 3, 97, 100
349741.6.peg.633.site.16, 1, 97, 98
349741.6.peg.633.site.17, 4, 97, 101
349741.6.peg.633.site.18, 81, 97, 178
349741.6.peg.633.site.19, 81, 97, 178
349741.6.peg.633.site.20, 3, 97, 100
349741.6.peg.633.site.21, 2, 97, 99
349741.6.peg.633.site.22, 75, 84, 159
349741.6.peg.633.site.23, 10, 11, 21
349741.6.peg.632.site.1, 45, 96, 141
349741.6.peg.632.site.2, 45, 91, 136
349741.6.peg.632.site.3, 4, 92, 96
349741.6.peg.632.site.4, 1, 94, 95
349741.6.peg.1188.site.1, 2, 95, 97
349741.6.peg.1188.site.2, 90, 96, 186
349741.6.peg.1188.site.3, 2, 97, 99
349741.6.peg.1188.site.4, 17, 95, 112
349741.6.peg.1188.site.5, 3, 97, 100
349741.6.peg.1188.site.6, 1, 97, 98
349741.6.peg.1188.site.7, 1, 97, 98
349741.6.peg.1188.site.8, 60, 97, 157
349741.6.peg.1188.site.9, 1, 96, 97
349741.6.peg.1188.site.10, 1, 97, 98
349741.6.peg.1188.site.11, 1, 95, 96
349741.6.peg.1188.site.12, 1, 97, 98
349741.6.peg.1188.site.13, 36, 97, 133
349741.6.peg.1188.site.14, 3, 97, 100
349741.6.peg.1188.site.15, 2, 97, 99
349741.6.peg.1188.site.16, 2, 97, 99
349741.6.peg.1188.site.17, 58, 97, 155
349741.6.peg.1188.site.18, 96, 96, 192
349741.6.peg.1188.site.19, 3, 97, 100
349741.6.peg.1188.site.20, 1, 95, 96
349741.6.peg.1188.site.21, 23, 96, 119
349741.6.peg.1188.site.22, 96, 97, 193
349741.6.peg.1188.site.23, 7, 97, 104
349741.6.peg.1188.site.24, 2, 97, 99
349741.6.peg.1188.site.25, 10, 97, 107
349741.6.peg.1188.site.26, 2, 97, 99
349741.6.peg.637.site.1, 1, 97, 98
349741.6.peg.637.site.2, 30, 97, 127
349741.6.peg.637.site.3, 0, 97, 97
349741.6.peg.637.site.4, 9, 96, 105
349741.6.peg.637.site.5, 56, 97, 153
349741.6.peg.637.site.6, 42, 95, 137
349741.6.peg.637.site.7, 1, 95, 96
349741.6.peg.637.site.8, 2, 96, 98
349741.6.peg.637.site.9, 47, 95, 142
349741.6.peg.637.site.10, 6, 96, 102
349741.6.peg.637.site.11, 44, 96, 140
349741.6.peg.637.site.12, 1, 97, 98
349741.6.peg.637.site.13, 6, 97, 103
349741.6.peg.637.site.14, 6, 97, 103
349741.6.peg.637.site.15, 5, 97, 102
349741.6.peg.637.site.16, 64, 96, 160
349741.6.peg.637.site.17, 51, 96, 147
349741.6.peg.637.site.18, 3, 97, 100
349741.6.peg.637.site.19, 67, 97, 164
349741.6.peg.637.site.20, 2, 97, 99
349741.6.peg.637.site.21, 2, 97, 99
349741.6.peg.637.site.22, 27, 96, 123
349741.6.peg.637.site.23, 6, 97, 103
349741.6.peg.637.site.24, 0, 97, 97
349741.6.peg.637.site.25, 40, 97, 137
349741.6.peg.637.site.26, 6, 97, 103
349741.6.peg.637.site.27, 5, 97, 102
349741.6.peg.637.site.28, 5, 97, 102
349741.6.peg.637.site.29, 1, 92, 93
349741.6.peg.635.site.1, 5, 97, 102
349741.6.peg.635.site.2, 27, 96, 123
349741.6.peg.635.site.3, 5, 96, 101
349741.6.peg.635.site.4, 5, 97, 102
349741.6.peg.635.site.5, 8, 97, 105
349741.6.peg.635.site.6, 75, 94, 169
349741.6.peg.635.site.7, 3, 95, 98
349741.6.peg.635.site.8, 16, 92, 108
349741.6.peg.635.site.9, 27, 94, 121
349741.6.peg.635.site.10, 5, 95, 100
349741.6.peg.635.site.11, 5, 95, 100
349741.6.peg.635.site.12, 73, 94, 167
349741.6.peg.635.site.13, 81, 97, 178
349741.6.peg.635.site.14, 30, 93, 123
349741.6.peg.635.site.15, 80, 94, 174
349741.6.peg.635.site.16, 1, 92, 93
349741.6.peg.635.site.17, 4, 93, 97
349741.6.peg.635.site.18, 1, 91, 92
349741.6.peg.635.site.19, 75, 90, 165
349741.6.peg.635.site.20, 12, 91, 103
349741.6.peg.635.site.21, 60, 81, 141
349741.6.peg.635.site.22, 72, 88, 160
349741.6.peg.635.site.23, 2, 87, 89
349741.6.peg.635.site.24, 3, 89, 92
349741.6.peg.635.site.25, 2, 96, 98
349741.6.peg.635.site.26, 3, 96, 99
349741.6.peg.635.site.27, 5, 96, 101
349741.6.peg.635.site.28, 71, 94, 165
349741.6.peg.635.site.29, 56, 95, 151
349741.6.peg.635.site.30, 8, 97, 105
349741.6.peg.635.site.31, 51, 97, 148
349741.6.peg.635.site.32, 2, 97, 99
349741.6.peg.635.site.33, 2, 97, 99
349741.6.peg.635.site.34, 5, 97, 102
349741.6.peg.635.site.35, 5, 97, 102
349741.6.peg.635.site.36, 30, 97, 127
349741.6.peg.635.site.37, 5, 97, 102
349741.6.peg.635.site.38, 5, 97, 102
349741.6.peg.634.site.1, 76, 92, 168
349741.6.peg.634.site.2, 2, 92, 94
349741.6.peg.634.site.3, 76, 93, 169
349741.6.peg.634.site.4, 84, 92, 176
349741.6.peg.1294.site.1, 2, 29, 31
349741.6.peg.1294.site.2, 2, 30, 32
349741.6.peg.1294.site.3, 12, 30, 42
349741.6.peg.1294.site.4, 17, 32, 49
349741.6.peg.1294.site.5, 1, 35, 36
349741.6.peg.1294.site.6, 1, 32, 33
349741.6.peg.1294.site.7, 2, 35, 37
349741.6.peg.1294.site.8, 5, 35, 40
349741.6.peg.1294.site.9, 16, 41, 57
349741.6.peg.1294.site.10, 23, 42, 65
349741.6.peg.1294.site.11, 3, 42, 45
349741.6.peg.1294.site.12, 3, 40, 43
349741.6.peg.1294.site.13, 8, 37, 45
349741.6.peg.1294.site.14, 5, 34, 39
349741.6.peg.1294.site.15, 32, 52, 84
349741.6.peg.1294.site.16, 43, 60, 103
349741.6.peg.1294.site.17, 1, 80, 81
349741.6.peg.1294.site.18, 2, 81, 83
349741.6.peg.1294.site.19, 34, 71, 105
349741.6.peg.1294.site.20, 1, 74, 75
349741.6.peg.1294.site.21, 5, 78, 83
349741.6.peg.1294.site.22, 79, 80, 159
349741.6.peg.1294.site.23, 1, 80, 81
349741.6.peg.1294.site.24, 28, 75, 103
349741.6.peg.1294.site.25, 1, 79, 80
349741.6.peg.1294.site.26, 84, 88, 172
349741.6.peg.1294.site.27, 1, 93, 94
349741.6.peg.1294.site.28, 5, 58, 63
349741.6.peg.1294.site.29, 28, 57, 85
349741.6.peg.1294.site.30, 7, 56, 63
349741.6.peg.1294.site.31, 1, 65, 66
349741.6.peg.1294.site.32, 2, 78, 80
349741.6.peg.1294.site.33, 30, 75, 105
349741.6.peg.1294.site.34, 3, 80, 83
349741.6.peg.1294.site.35, 46, 94, 140
349741.6.peg.1294.site.36, 33, 96, 129
349741.6.peg.1294.site.37, 12, 92, 104
349741.6.peg.1294.site.38, 53, 89, 142
349741.6.peg.1294.site.39, 56, 90, 146
349741.6.peg.1294.site.40, 55, 89, 144
349741.6.peg.1294.site.41, 42, 90, 132
349741.6.peg.1294.site.42, 41, 90, 131
349741.6.peg.1294.site.43, 31, 92, 123
349741.6.peg.1294.site.44, 1, 92, 93
349741.6.peg.1294.site.45, 0, 89, 89
349741.6.peg.1294.site.46, 2, 84, 86
349741.6.peg.1294.site.47, 39, 67, 106
349741.6.peg.1294.site.48, 8, 42, 50
349741.6.peg.1294.site.49, 10, 44, 54
349741.6.peg.1294.site.50, 2, 35, 37
349741.6.peg.1294.site.51, 4, 38, 42
349741.6.peg.1294.site.52, 2, 87, 89
349741.6.peg.1294.site.53, 2, 92, 94
349741.6.peg.1294.site.54, 25, 90, 115
349741.6.peg.1294.site.55, 38, 79, 117
349741.6.peg.1294.site.56, 44, 85, 129
349741.6.peg.1294.site.57, 63, 90, 153
349741.6.peg.1294.site.58, 4, 96, 100
349741.6.peg.1294.site.59, 1, 96, 97
349741.6.peg.1294.site.60, 2, 96, 98
349741.6.peg.1294.site.61, 1, 96, 97
349741.6.peg.1294.site.62, 96, 96, 192
349741.6.peg.1294.site.63, 1, 93, 94
349741.6.peg.1294.site.64, 40, 70, 110
349741.6.peg.1294.site.65, 35, 71, 106
349741.6.peg.1294.site.66, 19, 91, 110
349741.6.peg.1294.site.67, 68, 91, 159
349741.6.peg.1294.site.68, 33, 91, 124
349741.6.peg.1294.site.69, 63, 91, 154
349741.6.peg.1294.site.70, 8, 94, 102
349741.6.peg.1294.site.71, 1, 94, 95
349741.6.peg.1294.site.72, 35, 95, 130
349741.6.peg.1294.site.73, 2, 95, 97
349741.6.peg.1294.site.74, 14, 95, 109
349741.6.peg.1294.site.75, 7, 95, 102
349741.6.peg.1294.site.76, 6, 93, 99
349741.6.peg.1294.site.77, 27, 93, 120
349741.6.peg.1294.site.78, 4, 90, 94
349741.6.peg.1294.site.79, 14, 71, 85
349741.6.peg.1294.site.80, 5, 52, 57
349741.6.peg.1294.site.81, 34, 58, 92
349741.6.peg.1294.site.82, 63, 92, 155
349741.6.peg.1294.site.83, 2, 65, 67
349741.6.peg.1294.site.84, 8, 33, 41
349741.6.peg.1294.site.85, 1, 29, 30
349741.6.peg.1294.site.86, 1, 23, 24
349741.6.peg.1294.site.87, 30, 46, 76
349741.6.peg.1294.site.88, 1, 89, 90
349741.6.peg.1294.site.89, 7, 89, 96
349741.6.peg.1294.site.90, 58, 91, 149
349741.6.peg.1294.site.91, 3, 89, 92
349741.6.peg.1294.site.92, 78, 93, 171
349741.6.peg.1294.site.93, 71, 96, 167
349741.6.peg.1294.site.94, 0, 97, 97
349741.6.peg.1294.site.95, 58, 95, 153
349741.6.peg.1294.site.96, 9, 94, 103
349741.6.peg.1294.site.97, 5, 91, 96
349741.6.peg.1294.site.98, 1, 79, 80
349741.6.peg.1294.site.99, 25, 74, 99
349741.6.peg.1294.site.100, 3, 94, 97
349741.6.peg.1294.site.101, 3, 91, 94
349741.6.peg.1294.site.102, 86, 88, 174
349741.6.peg.1294.site.103, 53, 79, 132
349741.6.peg.1294.site.104, 68, 75, 143
349741.6.peg.1294.site.105, 25, 50, 75
349741.6.peg.1294.site.106, 10, 26, 36
349741.6.peg.1294.site.107, 16, 30, 46
349741.6.peg.1294.site.108, 1, 31, 32
349741.6.peg.1294.site.109, 3, 31, 34
349741.6.peg.1294.site.110, 8, 72, 80
349741.6.peg.1294.site.111, 62, 87, 149
349741.6.peg.1294.site.112, 3, 86, 89
349741.6.peg.1294.site.113, 3, 89, 92
349741.6.peg.1294.site.114, 3, 57, 60
349741.6.peg.1294.site.115, 27, 64, 91
349741.6.peg.1294.site.116, 16, 92, 108
349741.6.peg.1294.site.117, 3, 97, 100
349741.6.peg.1294.site.118, 70, 97, 167
349741.6.peg.1294.site.119, 3, 97, 100
349741.6.peg.1294.site.120, 0, 88, 88
349741.6.peg.1294.site.121, 17, 69, 86
349741.6.peg.1294.site.122, 6, 58, 64
349741.6.peg.1294.site.123, 10, 54, 64
349741.6.peg.1294.site.124, 10, 52, 62
349741.6.peg.1294.site.125, 49, 53, 102
349741.6.peg.1294.site.126, 11, 62, 73
349741.6.peg.1294.site.127, 0, 68, 68
349741.6.peg.1294.site.128, 1, 82, 83
349741.6.peg.1294.site.129, 1, 82, 83
349741.6.peg.1294.site.130, 3, 84, 87
349741.6.peg.1294.site.131, 11, 77, 88
349741.6.peg.1294.site.132, 3, 88, 91
349741.6.peg.1294.site.133, 0, 87, 87
349741.6.peg.1294.site.134, 0, 87, 87
349741.6.peg.1294.site.135, 4, 89, 93
349741.6.peg.1294.site.136, 9, 89, 98
349741.6.peg.1294.site.137, 1, 90, 91
349741.6.peg.1294.site.138, 5, 78, 83
349741.6.peg.1294.site.139, 4, 65, 69
349741.6.peg.1294.site.140, 1, 12, 13
349741.6.peg.1294.site.141, 8, 9, 17
349741.6.peg.1294.site.142, 3, 4, 7
349741.6.peg.1294.site.143, 2, 4, 6
349741.6.peg.1294.site.144, 3, 4, 7
349741.6.peg.1294.site.145, 6, 6, 12
349741.6.peg.1294.site.146, 10, 13, 23
349741.6.peg.1294.site.147, 7, 14, 21
349741.6.peg.1294.site.148, 27, 30, 57
349741.6.peg.1294.site.149, 2, 77, 79
349741.6.peg.1294.site.150, 15, 88, 103
349741.6.peg.1294.site.151, 5, 90, 95
349741.6.peg.1294.site.152, 19, 90, 109
349741.6.peg.1294.site.153, 5, 90, 95
349741.6.peg.1294.site.154, 17, 92, 109
349741.6.peg.1294.site.155, 3, 85, 88
349741.6.peg.1294.site.156, 60, 70, 130
349741.6.peg.1294.site.157, 2, 60, 62
349741.6.peg.1294.site.158, 1, 60, 61
349741.6.peg.1294.site.159, 0, 68, 68
349741.6.peg.1294.site.160, 90, 92, 182
349741.6.peg.1294.site.161, 3, 92, 95
349741.6.peg.1294.site.162, 2, 95, 97
349741.6.peg.1294.site.163, 23, 82, 105
349741.6.peg.1294.site.164, 94, 94, 188
349741.6.peg.1294.site.165, 48, 91, 139
349741.6.peg.1294.site.166, 78, 78, 156
349741.6.peg.1294.site.167, 0, 59, 59
349741.6.peg.1294.site.168, 43, 51, 94
349741.6.peg.1294.site.169, 4, 46, 50
349741.6.peg.1294.site.170, 1, 45, 46
349741.6.peg.1294.site.171, 1, 43, 44
349741.6.peg.1294.site.172, 43, 50, 93
349741.6.peg.1294.site.173, 14, 59, 73
349741.6.peg.1294.site.174, 26, 51, 77
349741.6.peg.1294.site.175, 0, 53, 53
349741.6.peg.1294.site.176, 21, 55, 76
349741.6.peg.1294.site.177, 0, 51, 51
349741.6.peg.1294.site.178, 35, 51, 86
349741.6.peg.1294.site.179, 2, 49, 51
349741.6.peg.1294.site.180, 0, 50, 50
349741.6.peg.1294.site.181, 4, 55, 59
349741.6.peg.1294.site.182, 1, 56, 57
349741.6.peg.1294.site.183, 0, 60, 60
349741.6.peg.1294.site.184, 0, 78, 78
349741.6.peg.1294.site.185, 57, 67, 124
349741.6.peg.1294.site.186, 3, 83, 86
349741.6.peg.1294.site.187, 8, 62, 70
349741.6.peg.1294.site.188, 0, 77, 77
349741.6.peg.1294.site.189, 0, 76, 76
349741.6.peg.1294.site.190, 0, 59, 59
349741.6.peg.1294.site.191, 1, 54, 55
349741.6.peg.1294.site.192, 31, 46, 77
349741.6.peg.1294.site.193, 16, 54, 70
349741.6.peg.1294.site.194, 42, 49, 91
349741.6.peg.1294.site.195, 32, 50, 82
349741.6.peg.1294.site.196, 0, 68, 68
349741.6.peg.1294.site.197, 18, 58, 76
349741.6.peg.1294.site.198, 26, 63, 89
349741.6.peg.1294.site.199, 0, 75, 75
349741.6.peg.1294.site.200, 4, 52, 56
349741.6.peg.1294.site.201, 0, 65, 65
349741.6.peg.1294.site.202, 0, 72, 72
349741.6.peg.1294.site.203, 0, 70, 70
349741.6.peg.1294.site.204, 1, 71, 72
349741.6.peg.1294.site.205, 13, 53, 66
349741.6.peg.1294.site.206, 34, 50, 84
349741.6.peg.1294.site.207, 24, 52, 76
349741.6.peg.1294.site.208, 20, 52, 72
349741.6.peg.1294.site.209, 33, 64, 97
349741.6.peg.1294.site.210, 47, 70, 117
349741.6.peg.1294.site.211, 0, 55, 55
349741.6.peg.1294.site.212, 37, 51, 88
349741.6.peg.1294.site.213, 2, 46, 48
349741.6.peg.1294.site.214, 0, 48, 48
349741.6.peg.1294.site.215, 30, 46, 76
349741.6.peg.1294.site.216, 0, 62, 62
349741.6.peg.1294.site.217, 0, 74, 74
349741.6.peg.1294.site.218, 0, 75, 75
349741.6.peg.1294.site.219, 0, 77, 77
349741.6.peg.1294.site.220, 1, 60, 61
349741.6.peg.1294.site.221, 1, 77, 78
349741.6.peg.1294.site.222, 2, 85, 87
349741.6.peg.1294.site.223, 0, 73, 73
349741.6.peg.1294.site.224, 1, 69, 70
349741.6.peg.1294.site.225, 3, 62, 65
349741.6.peg.1294.site.226, 0, 32, 32
349741.6.peg.1294.site.227, 0, 43, 43
349741.6.peg.1294.site.228, 10, 34, 44
349741.6.peg.1294.site.229, 0, 56, 56
349741.6.peg.1294.site.230, 0, 55, 55
349741.6.peg.1294.site.231, 2, 54, 56
349741.6.peg.1294.site.232, 25, 43, 68
349741.6.peg.1294.site.233, 0, 72, 72
349741.6.peg.1294.site.234, 47, 66, 113
349741.6.peg.1294.site.235, 0, 82, 82
349741.6.peg.1294.site.236, 20, 41, 61
349741.6.peg.1294.site.237, 9, 20, 29
349741.6.peg.1294.site.238, 2, 21, 23
349741.6.peg.1294.site.239, 2, 21, 23
349741.6.peg.1294.site.240, 0, 28, 28
349741.6.peg.1294.site.241, 2, 25, 27
349741.6.peg.1294.site.242, 0, 19, 19
349741.6.peg.1294.site.243, 4, 14, 18
349741.6.peg.1294.site.244, 4, 12, 16
349741.6.peg.1294.site.245, 4, 6, 10
349741.6.peg.1294.site.246, 4, 6, 10
349741.6.peg.1294.site.247, 1, 25, 26
349741.6.peg.1294.site.248, 21, 24, 45
349741.6.peg.1294.site.249, 24, 24, 48
349741.6.peg.1293.site.1, 39, 97, 136
349741.6.peg.1293.site.2, 4, 97, 101
349741.6.peg.1293.site.3, 0, 97, 97
349741.6.peg.1293.site.4, 77, 97, 174
349741.6.peg.1293.site.5, 4, 97, 101
349741.6.peg.1293.site.6, 6, 97, 103
349741.6.peg.1293.site.7, 27, 97, 124
349741.6.peg.1293.site.8, 1, 97, 98
349741.6.peg.1293.site.9, 23, 95, 118
349741.6.peg.1293.site.10, 1, 97, 98
349741.6.peg.1293.site.11, 3, 97, 100
349741.6.peg.1293.site.12, 1, 97, 98
349741.6.peg.1293.site.13, 1, 96, 97
349741.6.peg.1293.site.14, 68, 96, 164
349741.6.peg.1293.site.15, 1, 96, 97
349741.6.peg.1293.site.16, 13, 96, 109
349741.6.peg.1293.site.17, 73, 95, 168
349741.6.peg.1293.site.18, 22, 96, 118
349741.6.peg.1293.site.19, 3, 94, 97
349741.6.peg.1293.site.20, 91, 94, 185
349741.6.peg.1293.site.21, 1, 96, 97
349741.6.peg.1293.site.22, 15, 96, 111
349741.6.peg.1293.site.23, 2, 96, 98
349741.6.peg.1293.site.24, 4, 96, 100
349741.6.peg.1293.site.25, 10, 91, 101
349741.6.peg.1293.site.26, 2, 94, 96
349741.6.peg.1293.site.27, 1, 94, 95
349741.6.peg.1293.site.28, 9, 97, 106
349741.6.peg.1293.site.29, 10, 97, 107
349741.6.peg.1293.site.30, 68, 97, 165
349741.6.peg.1293.site.31, 3, 97, 100
349741.6.peg.1293.site.32, 4, 94, 98
349741.6.peg.1293.site.33, 9, 94, 103
349741.6.peg.1293.site.34, 1, 90, 91
349741.6.peg.1293.site.35, 2, 91, 93
349741.6.peg.1293.site.36, 1, 89, 90
349741.6.peg.1293.site.37, 46, 84, 130
349741.6.peg.1293.site.38, 17, 89, 106
349741.6.peg.1293.site.39, 7, 81, 88
349741.6.peg.1293.site.40, 6, 93, 99
349741.6.peg.1293.site.41, 9, 96, 105
349741.6.peg.1293.site.42, 3, 95, 98
349741.6.peg.1293.site.43, 5, 96, 101
349741.6.peg.1293.site.44, 3, 95, 98
349741.6.peg.1293.site.45, 5, 93, 98
349741.6.peg.1293.site.46, 11, 83, 94
349741.6.peg.1293.site.47, 6, 88, 94
349741.6.peg.1293.site.48, 4, 88, 92
349741.6.peg.1292.site.1, 1, 97, 98
349741.6.peg.1292.site.2, 0, 97, 97
349741.6.peg.1292.site.3, 1, 95, 96
349741.6.peg.1292.site.4, 1, 96, 97
349741.6.peg.1292.site.5, 27, 93, 120
349741.6.peg.1292.site.6, 1, 91, 92
349741.6.peg.1292.site.7, 3, 95, 98
349741.6.peg.1292.site.8, 3, 97, 100
349741.6.peg.1292.site.9, 85, 97, 182
349741.6.peg.1292.site.10, 1, 96, 97
349741.6.peg.1292.site.11, 1, 95, 96
349741.6.peg.1292.site.12, 2, 95, 97
349741.6.peg.1292.site.13, 1, 95, 96
349741.6.peg.1292.site.14, 1, 96, 97
349741.6.peg.1292.site.15, 1, 96, 97
349741.6.peg.1292.site.16, 4, 96, 100
349741.6.peg.1292.site.17, 4, 96, 100
349741.6.peg.1292.site.18, 1, 96, 97
349741.6.peg.1292.site.19, 25, 97, 122
349741.6.peg.1292.site.20, 4, 97, 101
349741.6.peg.1292.site.21, 4, 96, 100
349741.6.peg.1291.site.1, 1, 96, 97
349741.6.peg.1291.site.2, 96, 96, 192
349741.6.peg.1291.site.3, 63, 95, 158
349741.6.peg.1291.site.4, 96, 96, 192
349741.6.peg.1291.site.5, 7, 96, 103
349741.6.peg.1291.site.6, 0, 96, 96
349741.6.peg.1291.site.7, 25, 96, 121
349741.6.peg.1291.site.8, 94, 97, 191
349741.6.peg.1291.site.9, 1, 97, 98
349741.6.peg.1291.site.10, 8, 96, 104
349741.6.peg.1291.site.11, 1, 97, 98
349741.6.peg.1291.site.12, 7, 97, 104
349741.6.peg.1291.site.13, 1, 97, 98
349741.6.peg.1291.site.14, 1, 97, 98
349741.6.peg.1291.site.15, 57, 97, 154
349741.6.peg.1291.site.16, 1, 97, 98
349741.6.peg.1291.site.17, 1, 96, 97
349741.6.peg.1291.site.18, 39, 95, 134
349741.6.peg.1291.site.19, 94, 94, 188
349741.6.peg.1291.site.20, 2, 94, 96
349741.6.peg.1291.site.21, 1, 94, 95
349741.6.peg.1291.site.22, 27, 95, 122
349741.6.peg.1989.site.1, 10, 97, 107
349741.6.peg.1989.site.2, 91, 97, 188
349741.6.peg.1989.site.3, 9, 97, 106
349741.6.peg.1989.site.4, 89, 95, 184
349741.6.peg.1989.site.5, 8, 96, 104
349741.6.peg.1988.site.1, 75, 91, 166
349741.6.peg.1988.site.2, 80, 96, 176
349741.6.peg.1988.site.3, 8, 96, 104
349741.6.peg.1988.site.4, 3, 96, 99
349741.6.peg.1988.site.5, 2, 94, 96
349741.6.peg.1988.site.6, 1, 97, 98
349741.6.peg.1988.site.7, 89, 97, 186
349741.6.peg.1988.site.8, 86, 92, 178
349741.6.peg.1988.site.9, 85, 91, 176
349741.6.peg.1988.site.10, 85, 92, 177
349741.6.peg.1988.site.11, 1, 95, 96
349741.6.peg.1982.site.1, 22, 82, 104
349741.6.peg.1982.site.2, 3, 63, 66
349741.6.peg.1982.site.3, 3, 63, 66
349741.6.peg.1982.site.4, 4, 64, 68
349741.6.peg.1982.site.5, 29, 89, 118
349741.6.peg.1982.site.6, 34, 94, 128
349741.6.peg.1982.site.7, 97, 97, 194
349741.6.peg.1982.site.8, 2, 97, 99
349741.6.peg.1982.site.9, 26, 96, 122
349741.6.peg.1982.site.10, 18, 97, 115
349741.6.peg.1982.site.11, 2, 96, 98
349741.6.peg.1982.site.12, 37, 97, 134
349741.6.peg.1982.site.13, 37, 95, 132
349741.6.peg.1982.site.14, 16, 97, 113
349741.6.peg.1982.site.15, 16, 97, 113
349741.6.peg.1982.site.16, 2, 97, 99
349741.6.peg.1982.site.17, 8, 89, 97
349741.6.peg.1982.site.18, 14, 80, 94
349741.6.peg.1982.site.19, 7, 73, 80
349741.6.peg.1982.site.20, 9, 75, 84
349741.6.peg.1982.site.21, 9, 76, 85
349741.6.peg.1982.site.22, 4, 75, 79
349741.6.peg.1982.site.23, 1, 66, 67
349741.6.peg.1982.site.24, 20, 66, 86
349741.6.peg.1982.site.25, 8, 66, 74
349741.6.peg.1982.site.26, 39, 66, 105
349741.6.peg.1982.site.27, 39, 66, 105
349741.6.peg.1982.site.28, 42, 66, 108
349741.6.peg.1982.site.29, 1, 66, 67
349741.6.peg.1982.site.30, 22, 70, 92
349741.6.peg.1982.site.31, 18, 71, 89
349741.6.peg.1982.site.32, 14, 82, 96
349741.6.peg.1982.site.33, 17, 86, 103
349741.6.peg.1982.site.34, 37, 92, 129
349741.6.peg.1982.site.35, 29, 93, 122
349741.6.peg.1982.site.36, 92, 97, 189
349741.6.peg.1982.site.37, 30, 77, 107
349741.6.peg.1982.site.38, 6, 66, 72
349741.6.peg.1982.site.39, 25, 61, 86
349741.6.peg.1981.site.1, 11, 54, 65
349741.6.peg.1981.site.2, 0, 57, 57
349741.6.peg.1981.site.3, 37, 79, 116
349741.6.peg.1981.site.4, 10, 94, 104
349741.6.peg.1981.site.5, 11, 96, 107
349741.6.peg.1981.site.6, 33, 96, 129
349741.6.peg.1981.site.7, 11, 96, 107
349741.6.peg.1981.site.8, 54, 96, 150
349741.6.peg.1981.site.9, 53, 95, 148
349741.6.peg.1981.site.10, 1, 95, 96
349741.6.peg.1981.site.11, 36, 93, 129
349741.6.peg.1981.site.12, 63, 94, 157
349741.6.peg.1981.site.13, 58, 94, 152
349741.6.peg.1981.site.14, 89, 96, 185
349741.6.peg.1981.site.15, 7, 95, 102
349741.6.peg.1981.site.16, 36, 97, 133
349741.6.peg.1981.site.17, 2, 97, 99
349741.6.peg.1981.site.18, 23, 97, 120
349741.6.peg.1981.site.19, 5, 96, 101
349741.6.peg.1981.site.20, 60, 97, 157
349741.6.peg.1981.site.21, 9, 96, 105
349741.6.peg.1981.site.22, 59, 96, 155
349741.6.peg.1981.site.23, 3, 95, 98
349741.6.peg.1981.site.24, 5, 90, 95
349741.6.peg.1981.site.25, 1, 83, 84
349741.6.peg.1981.site.26, 58, 84, 142
349741.6.peg.1981.site.27, 55, 88, 143
349741.6.peg.1981.site.28, 7, 91, 98
349741.6.peg.1981.site.29, 6, 97, 103
349741.6.peg.1981.site.30, 3, 97, 100
349741.6.peg.1981.site.31, 28, 96, 124
349741.6.peg.1981.site.32, 1, 96, 97
349741.6.peg.1981.site.33, 58, 96, 154
349741.6.peg.1981.site.34, 29, 93, 122
349741.6.peg.1981.site.35, 21, 94, 115
349741.6.peg.1981.site.36, 37, 96, 133
349741.6.peg.1987.site.1, 3, 33, 36
349741.6.peg.1987.site.2, 17, 66, 83
349741.6.peg.1987.site.3, 36, 93, 129
349741.6.peg.1987.site.4, 67, 93, 160
349741.6.peg.1987.site.5, 36, 93, 129
349741.6.peg.1987.site.6, 62, 89, 151
349741.6.peg.1987.site.7, 38, 94, 132
349741.6.peg.1987.site.8, 9, 96, 105
349741.6.peg.1987.site.9, 40, 96, 136
349741.6.peg.1987.site.10, 13, 96, 109
349741.6.peg.1987.site.11, 24, 97, 121
349741.6.peg.1987.site.12, 2, 96, 98
349741.6.peg.1987.site.13, 43, 96, 139
349741.6.peg.1987.site.14, 5, 97, 102
349741.6.peg.1987.site.15, 40, 97, 137
349741.6.peg.1987.site.16, 9, 92, 101
349741.6.peg.1987.site.17, 54, 96, 150
349741.6.peg.1987.site.18, 5, 97, 102
349741.6.peg.1987.site.19, 5, 97, 102
349741.6.peg.1987.site.20, 47, 97, 144
349741.6.peg.1987.site.21, 13, 96, 109
349741.6.peg.1987.site.22, 38, 97, 135
349741.6.peg.1987.site.23, 38, 97, 135
349741.6.peg.1987.site.24, 13, 97, 110
349741.6.peg.1987.site.25, 0, 97, 97
349741.6.peg.1987.site.26, 1, 97, 98
349741.6.peg.1987.site.27, 9, 97, 106
349741.6.peg.1987.site.28, 1, 97, 98
349741.6.peg.1987.site.29, 38, 97, 135
349741.6.peg.1987.site.30, 2, 97, 99
349741.6.peg.1987.site.31, 15, 96, 111
349741.6.peg.1987.site.32, 68, 96, 164
349741.6.peg.1987.site.33, 90, 96, 186
349741.6.peg.1987.site.34, 42, 97, 139
349741.6.peg.1987.site.35, 9, 97, 106
349741.6.peg.1987.site.36, 10, 97, 107
349741.6.peg.1987.site.37, 2, 96, 98
349741.6.peg.1987.site.38, 13, 97, 110
349741.6.peg.1987.site.39, 2, 95, 97
349741.6.peg.1987.site.40, 52, 93, 145
349741.6.peg.1987.site.41, 8, 96, 104
349741.6.peg.1987.site.42, 91, 97, 188
349741.6.peg.1987.site.43, 68, 97, 165
349741.6.peg.1987.site.44, 9, 97, 106
349741.6.peg.1987.site.45, 68, 97, 165
349741.6.peg.1987.site.46, 5, 97, 102
349741.6.peg.1987.site.47, 27, 97, 124
349741.6.peg.1987.site.48, 39, 95, 134
349741.6.peg.1987.site.49, 0, 96, 96
349741.6.peg.1987.site.50, 1, 97, 98
349741.6.peg.1987.site.51, 9, 97, 106
349741.6.peg.1987.site.52, 27, 97, 124
349741.6.peg.1987.site.53, 31, 97, 128
349741.6.peg.1987.site.54, 1, 96, 97
349741.6.peg.1987.site.55, 0, 97, 97
349741.6.peg.1987.site.56, 12, 96, 108
349741.6.peg.1987.site.57, 1, 95, 96
349741.6.peg.1987.site.58, 1, 96, 97
349741.6.peg.1987.site.59, 2, 97, 99
349741.6.peg.1987.site.60, 89, 97, 186
349741.6.peg.1987.site.61, 8, 97, 105
349741.6.peg.1987.site.62, 1, 96, 97
349741.6.peg.1987.site.63, 13, 96, 109
349741.6.peg.1987.site.64, 36, 97, 133
349741.6.peg.1987.site.65, 81, 96, 177
349741.6.peg.1987.site.66, 1, 94, 95
349741.6.peg.1987.site.67, 76, 90, 166
349741.6.peg.1987.site.68, 1, 92, 93
349741.6.peg.1987.site.69, 1, 81, 82
349741.6.peg.1986.site.1, 5, 86, 91
349741.6.peg.1986.site.2, 2, 76, 78
349741.6.peg.1986.site.3, 54, 65, 119
349741.6.peg.1986.site.4, 1, 65, 66
349741.6.peg.1986.site.5, 5, 70, 75
349741.6.peg.1986.site.6, 0, 72, 72
349741.6.peg.1986.site.7, 31, 72, 103
349741.6.peg.1986.site.8, 26, 84, 110
349741.6.peg.1986.site.9, 10, 88, 98
349741.6.peg.1986.site.10, 10, 90, 100
349741.6.peg.1986.site.11, 54, 90, 144
349741.6.peg.1986.site.12, 95, 96, 191
349741.6.peg.1986.site.13, 38, 96, 134
349741.6.peg.1986.site.14, 1, 96, 97
349741.6.peg.1986.site.15, 2, 97, 99
349741.6.peg.1986.site.16, 1, 97, 98
349741.6.peg.1986.site.17, 5, 97, 102
349741.6.peg.1986.site.18, 37, 97, 134
349741.6.peg.1986.site.19, 19, 97, 116
349741.6.peg.1986.site.20, 0, 96, 96
349741.6.peg.1986.site.21, 90, 97, 187
349741.6.peg.1986.site.22, 5, 93, 98
349741.6.peg.1986.site.23, 10, 90, 100
349741.6.peg.1986.site.24, 20, 92, 112
349741.6.peg.1986.site.25, 23, 95, 118
349741.6.peg.1986.site.26, 50, 95, 145
349741.6.peg.1986.site.27, 39, 97, 136
349741.6.peg.1986.site.28, 5, 97, 102
349741.6.peg.1986.site.29, 4, 95, 99
349741.6.peg.1986.site.30, 2, 96, 98
349741.6.peg.1986.site.31, 1, 97, 98
349741.6.peg.1986.site.32, 37, 96, 133
349741.6.peg.1986.site.33, 67, 68, 135
349741.6.peg.1986.site.34, 52, 57, 109
349741.6.peg.1986.site.35, 4, 55, 59
349741.6.peg.1986.site.36, 3, 77, 80
349741.6.peg.1986.site.37, 31, 91, 122
349741.6.peg.1986.site.38, 11, 94, 105
349741.6.peg.1986.site.39, 12, 93, 105
349741.6.peg.1986.site.40, 13, 92, 105
349741.6.peg.1986.site.41, 7, 53, 60
349741.6.peg.1986.site.42, 8, 42, 50
349741.6.peg.1986.site.43, 6, 40, 46
349741.6.peg.1984.site.1, 8, 56, 64
349741.6.peg.1984.site.2, 5, 97, 102
349741.6.peg.1984.site.3, 1, 97, 98
349741.6.peg.1984.site.4, 7, 97, 104
349741.6.peg.1984.site.5, 1, 97, 98
349741.6.peg.1984.site.6, 71, 97, 168
349741.6.peg.1984.site.7, 65, 97, 162
349741.6.peg.1984.site.8, 64, 97, 161
349741.6.peg.1984.site.9, 3, 97, 100
349741.6.peg.1984.site.10, 68, 97, 165
349741.6.peg.1984.site.11, 1, 97, 98
349741.6.peg.1984.site.12, 1, 97, 98
349741.6.peg.1984.site.13, 1, 97, 98
349741.6.peg.1984.site.14, 97, 97, 194
349741.6.peg.1984.site.15, 67, 97, 164
349741.6.peg.1984.site.16, 83, 97, 180
349741.6.peg.1984.site.17, 67, 94, 161
349741.6.peg.1984.site.18, 67, 97, 164
349741.6.peg.1984.site.19, 0, 96, 96
349741.6.peg.1984.site.20, 97, 97, 194
349741.6.peg.1984.site.21, 3, 97, 100
349741.6.peg.1984.site.22, 0, 96, 96
349741.6.peg.1984.site.23, 10, 97, 107
349741.6.peg.1984.site.24, 3, 95, 98
349741.6.peg.1984.site.25, 15, 97, 112
349741.6.peg.1984.site.26, 5, 93, 98
349741.6.peg.1984.site.27, 31, 89, 120
349741.6.peg.1984.site.28, 26, 60, 86
349741.6.peg.1984.site.29, 26, 60, 86
349741.6.peg.1984.site.30, 1, 60, 61
349741.6.peg.1984.site.31, 26, 59, 85
349741.6.peg.1984.site.32, 24, 60, 84
349741.6.peg.1984.site.33, 0, 59, 59
349741.6.peg.1984.site.34, 1, 58, 59
349741.6.peg.1984.site.35, 8, 58, 66
349741.6.peg.1984.site.36, 7, 58, 65
349741.6.peg.1984.site.37, 14, 57, 71
349741.6.peg.1984.site.38, 9, 56, 65
349741.6.peg.1961.site.1, 1, 54, 55
349741.6.peg.1961.site.2, 1, 70, 71
349741.6.peg.1961.site.3, 27, 90, 117
349741.6.peg.1961.site.4, 4, 95, 99
349741.6.peg.1961.site.5, 30, 93, 123
349741.6.peg.1961.site.6, 53, 96, 149
349741.6.peg.1961.site.7, 6, 97, 103
349741.6.peg.1961.site.8, 3, 93, 96
349741.6.peg.1961.site.9, 2, 92, 94
349741.6.peg.1961.site.10, 1, 86, 87
349741.6.peg.1961.site.11, 45, 97, 142
349741.6.peg.1961.site.12, 5, 96, 101
349741.6.peg.1961.site.13, 5, 96, 101
349741.6.peg.1961.site.14, 38, 94, 132
349741.6.peg.1960.site.1, 25, 97, 122
349741.6.peg.1960.site.2, 24, 96, 120
349741.6.peg.1960.site.3, 24, 96, 120
349741.6.peg.1960.site.4, 21, 89, 110
349741.6.peg.1960.site.5, 53, 90, 143
349741.6.peg.1960.site.6, 25, 96, 121
349741.6.peg.1960.site.7, 10, 93, 103
349741.6.peg.1960.site.8, 2, 91, 93
349741.6.peg.1960.site.9, 54, 93, 147
349741.6.peg.1960.site.10, 8, 81, 89
349741.6.peg.1960.site.11, 4, 75, 79
349741.6.peg.1960.site.12, 3, 73, 76
349741.6.peg.1960.site.13, 3, 73, 76
349741.6.peg.1960.site.14, 1, 82, 83
349741.6.peg.1960.site.15, 19, 89, 108
349741.6.peg.1960.site.16, 21, 91, 112
349741.6.peg.1960.site.17, 19, 90, 109
349741.6.peg.1960.site.18, 24, 96, 120
349741.6.peg.1960.site.19, 1, 97, 98
349741.6.peg.1960.site.20, 25, 97, 122
349741.6.peg.1963.site.1, 6, 97, 103
349741.6.peg.1963.site.2, 6, 97, 103
349741.6.peg.1963.site.3, 1, 94, 95
349741.6.peg.1963.site.4, 81, 95, 176
349741.6.peg.1963.site.5, 1, 97, 98
349741.6.peg.1963.site.6, 2, 97, 99
349741.6.peg.1963.site.7, 17, 97, 114
349741.6.peg.1963.site.8, 3, 96, 99
349741.6.peg.1963.site.9, 15, 90, 105
349741.6.peg.1963.site.10, 92, 94, 186
349741.6.peg.1963.site.11, 6, 97, 103
349741.6.peg.1963.site.12, 24, 96, 120
349741.6.peg.1963.site.13, 2, 97, 99
349741.6.peg.1963.site.14, 1, 97, 98
349741.6.peg.1963.site.15, 1, 97, 98
349741.6.peg.1963.site.16, 94, 96, 190
349741.6.peg.1963.site.17, 16, 83, 99
349741.6.peg.1963.site.18, 5, 49, 54
349741.6.peg.1963.site.19, 1, 45, 46
349741.6.peg.1963.site.20, 2, 44, 46
349741.6.peg.1963.site.21, 27, 71, 98
349741.6.peg.1963.site.22, 53, 97, 150
349741.6.peg.1963.site.23, 95, 97, 192
349741.6.peg.1963.site.24, 11, 97, 108
349741.6.peg.1963.site.25, 51, 96, 147
349741.6.peg.1963.site.26, 2, 96, 98
349741.6.peg.1963.site.27, 17, 96, 113
349741.6.peg.1963.site.28, 53, 96, 149
349741.6.peg.1963.site.29, 0, 96, 96
349741.6.peg.1963.site.30, 3, 96, 99
349741.6.peg.1963.site.31, 1, 94, 95
349741.6.peg.1963.site.32, 59, 93, 152
349741.6.peg.1963.site.33, 0, 85, 85
349741.6.peg.1962.site.1, 6, 96, 102
349741.6.peg.1962.site.2, 6, 96, 102
349741.6.peg.1962.site.3, 40, 96, 136
349741.6.peg.1962.site.4, 5, 96, 101
349741.6.peg.1962.site.5, 15, 96, 111
349741.6.peg.1962.site.6, 5, 95, 100
349741.6.peg.1962.site.7, 3, 93, 96
349741.6.peg.1962.site.8, 28, 89, 117
349741.6.peg.1962.site.9, 72, 97, 169
349741.6.peg.1962.site.10, 6, 97, 103
349741.6.peg.1962.site.11, 92, 95, 187
349741.6.peg.1962.site.12, 1, 92, 93
349741.6.peg.1962.site.13, 39, 95, 134
349741.6.peg.1962.site.14, 6, 96, 102
349741.6.peg.1962.site.15, 35, 97, 132
349741.6.peg.1962.site.16, 0, 97, 97
349741.6.peg.1962.site.17, 19, 95, 114
349741.6.peg.1962.site.18, 6, 95, 101
349741.6.peg.1962.site.19, 6, 96, 102
349741.6.peg.1962.site.20, 6, 97, 103
349741.6.peg.1962.site.21, 46, 97, 143
349741.6.peg.1962.site.22, 6, 97, 103
349741.6.peg.1962.site.23, 28, 97, 125
349741.6.peg.1962.site.24, 62, 97, 159
349741.6.peg.1962.site.25, 3, 97, 100
349741.6.peg.1962.site.26, 6, 97, 103
349741.6.peg.1962.site.27, 75, 97, 172
349741.6.peg.1964.site.1, 45, 94, 139
349741.6.peg.1966.site.1, 1, 96, 97
349741.6.peg.1966.site.2, 60, 97, 157
349741.6.peg.1966.site.3, 9, 97, 106
349741.6.peg.1966.site.4, 2, 97, 99
349741.6.peg.1966.site.5, 6, 97, 103
349741.6.peg.1966.site.6, 24, 97, 121
349741.6.peg.1966.site.7, 8, 97, 105
349741.6.peg.1966.site.8, 29, 97, 126
349741.6.peg.1966.site.9, 8, 97, 105
349741.6.peg.1966.site.10, 18, 97, 115
349741.6.peg.1966.site.11, 82, 94, 176
349741.6.peg.1966.site.12, 4, 96, 100
349741.6.peg.1966.site.13, 45, 91, 136
349741.6.peg.1966.site.14, 42, 92, 134
349741.6.peg.1966.site.15, 4, 94, 98
349741.6.peg.1969.site.1, 10, 47, 57
349741.6.peg.1969.site.2, 18, 67, 85
349741.6.peg.1969.site.3, 1, 78, 79
349741.6.peg.1969.site.4, 56, 81, 137
349741.6.peg.1969.site.5, 1, 85, 86
349741.6.peg.1969.site.6, 2, 85, 87
349741.6.peg.1969.site.7, 56, 85, 141
349741.6.peg.1969.site.8, 85, 86, 171
349741.6.peg.1969.site.9, 12, 90, 102
349741.6.peg.1969.site.10, 45, 90, 135
349741.6.peg.1969.site.11, 16, 90, 106
349741.6.peg.1969.site.12, 1, 90, 91
349741.6.peg.1969.site.13, 36, 63, 99
349741.6.peg.1969.site.14, 47, 56, 103
349741.6.peg.1969.site.15, 2, 23, 25
349741.6.peg.1969.site.16, 1, 23, 24
349741.6.peg.1969.site.17, 1, 23, 24
349741.6.peg.1969.site.18, 1, 23, 24
349741.6.peg.1969.site.19, 8, 89, 97
349741.6.peg.1969.site.20, 17, 90, 107
349741.6.peg.1969.site.21, 69, 90, 159
349741.6.peg.1969.site.22, 58, 84, 142
349741.6.peg.1969.site.23, 2, 87, 89
349741.6.peg.1969.site.24, 5, 92, 97
349741.6.peg.1969.site.25, 2, 84, 86
349741.6.peg.1969.site.26, 68, 92, 160
349741.6.peg.1969.site.27, 66, 90, 156
349741.6.peg.1969.site.28, 82, 92, 174
349741.6.peg.1969.site.29, 16, 92, 108
349741.6.peg.1969.site.30, 17, 97, 114
349741.6.peg.1969.site.31, 2, 97, 99
349741.6.peg.1969.site.32, 73, 97, 170
349741.6.peg.1969.site.33, 72, 96, 168
349741.6.peg.1969.site.34, 9, 96, 105
349741.6.peg.1969.site.35, 67, 97, 164
349741.6.peg.1969.site.36, 14, 97, 111
349741.6.peg.1969.site.37, 67, 97, 164
349741.6.peg.1969.site.38, 15, 96, 111
349741.6.peg.1969.site.39, 82, 95, 177
349741.6.peg.1969.site.40, 2, 93, 95
349741.6.peg.1969.site.41, 2, 94, 96
349741.6.peg.1969.site.42, 0, 93, 93
349741.6.peg.1969.site.43, 2, 90, 92
349741.6.peg.1969.site.44, 2, 92, 94
349741.6.peg.1969.site.45, 62, 90, 152
349741.6.peg.2058.site.1, 3, 73, 76
349741.6.peg.2058.site.2, 27, 74, 101
349741.6.peg.2058.site.3, 2, 90, 92
349741.6.peg.2058.site.4, 42, 90, 132
349741.6.peg.2058.site.5, 3, 96, 99
349741.6.peg.2058.site.6, 7, 97, 104
349741.6.peg.2058.site.7, 5, 97, 102
349741.6.peg.2058.site.8, 7, 97, 104
349741.6.peg.2058.site.9, 7, 97, 104
349741.6.peg.2058.site.10, 7, 97, 104
349741.6.peg.2058.site.11, 7, 97, 104
349741.6.peg.2058.site.12, 7, 97, 104
349741.6.peg.2059.site.1, 2, 90, 92
349741.6.peg.2059.site.2, 41, 90, 131
349741.6.peg.2059.site.3, 2, 93, 95
349741.6.peg.2059.site.4, 41, 96, 137
349741.6.peg.2059.site.5, 7, 97, 104
349741.6.peg.2059.site.6, 42, 90, 132
349741.6.peg.2059.site.7, 19, 89, 108
349741.6.peg.2059.site.8, 42, 90, 132
349741.6.peg.2059.site.9, 2, 90, 92
349741.6.peg.2059.site.10, 6, 96, 102
349741.6.peg.2059.site.11, 32, 97, 129
349741.6.peg.2059.site.12, 10, 95, 105
349741.6.peg.2054.site.1, 0, 56, 56
349741.6.peg.2054.site.2, 7, 55, 62
349741.6.peg.2054.site.3, 7, 61, 68
349741.6.peg.2054.site.4, 34, 89, 123
349741.6.peg.2054.site.5, 46, 94, 140
349741.6.peg.2054.site.6, 18, 66, 84
349741.6.peg.2054.site.7, 5, 52, 57
349741.6.peg.2054.site.8, 37, 89, 126
349741.6.peg.2054.site.9, 7, 93, 100
349741.6.peg.2054.site.10, 46, 94, 140
349741.6.peg.2054.site.11, 46, 94, 140
349741.6.peg.2054.site.12, 39, 94, 133
349741.6.peg.2054.site.13, 1, 90, 91
349741.6.peg.2054.site.14, 3, 90, 93
349741.6.peg.2054.site.15, 45, 93, 138
349741.6.peg.2054.site.16, 7, 94, 101
349741.6.peg.2054.site.17, 5, 92, 97
349741.6.peg.2054.site.18, 32, 91, 123
349741.6.peg.2054.site.19, 2, 90, 92
349741.6.peg.2054.site.20, 41, 43, 84
349741.6.peg.2054.site.21, 40, 42, 82
349741.6.peg.2050.site.1, 4, 97, 101
349741.6.peg.2050.site.2, 2, 91, 93
349741.6.peg.2050.site.3, 81, 91, 172
349741.6.peg.2050.site.4, 47, 90, 137
349741.6.peg.2050.site.5, 10, 90, 100
349741.6.peg.2050.site.6, 13, 93, 106
349741.6.peg.2050.site.7, 39, 94, 133
349741.6.peg.2050.site.8, 41, 88, 129
349741.6.peg.2050.site.9, 2, 90, 92
349741.6.peg.2050.site.10, 10, 89, 99
349741.6.peg.2050.site.11, 4, 88, 92
349741.6.peg.2050.site.12, 1, 96, 97
349741.6.peg.2050.site.13, 3, 96, 99
349741.6.peg.2050.site.14, 4, 97, 101
349741.6.peg.2050.site.15, 0, 97, 97
349741.6.peg.2050.site.16, 7, 94, 101
349741.6.peg.2050.site.17, 1, 95, 96
349741.6.peg.2050.site.18, 2, 97, 99
349741.6.peg.2050.site.19, 2, 94, 96
349741.6.peg.2050.site.20, 10, 94, 104
349741.6.peg.2050.site.21, 7, 88, 95
349741.6.peg.2050.site.22, 0, 90, 90
349741.6.peg.2050.site.23, 10, 93, 103
349741.6.peg.2050.site.24, 7, 96, 103
349741.6.peg.2050.site.25, 7, 97, 104
349741.6.peg.2050.site.26, 4, 96, 100
349741.6.peg.2050.site.27, 7, 97, 104
349741.6.peg.2050.site.28, 6, 95, 101
349741.6.peg.2052.site.1, 2, 92, 94
349741.6.peg.2052.site.2, 45, 93, 138
349741.6.peg.2052.site.3, 2, 95, 97
349741.6.peg.2052.site.4, 47, 95, 142
349741.6.peg.2052.site.5, 35, 97, 132
349741.6.peg.2052.site.6, 10, 96, 106
349741.6.peg.2052.site.7, 2, 90, 92
349741.6.peg.2052.site.8, 0, 91, 91
349741.6.peg.2052.site.9, 39, 91, 130
349741.6.peg.2052.site.10, 45, 92, 137
349741.6.peg.2052.site.11, 6, 96, 102
349741.6.peg.2052.site.12, 6, 95, 101
349741.6.peg.2052.site.13, 31, 95, 126
349741.6.peg.2052.site.14, 7, 96, 103
349741.6.peg.2052.site.15, 42, 97, 139
349741.6.peg.2053.site.1, 7, 97, 104
349741.6.peg.2053.site.2, 48, 96, 144
349741.6.peg.2053.site.3, 7, 96, 103
349741.6.peg.2053.site.4, 7, 95, 102
349741.6.peg.2053.site.5, 20, 65, 85
349741.6.peg.2053.site.6, 1, 54, 55
349741.6.peg.2053.site.7, 3, 53, 56
349741.6.peg.2053.site.8, 9, 57, 66
349741.6.peg.2053.site.9, 2, 72, 74
349741.6.peg.2053.site.10, 37, 74, 111
349741.6.peg.2053.site.11, 40, 68, 108
349741.6.peg.1439.site.1, 2, 95, 97
349741.6.peg.1439.site.2, 7, 96, 103
349741.6.peg.1439.site.3, 35, 95, 130
349741.6.peg.1439.site.4, 0, 97, 97
349741.6.peg.1439.site.5, 2, 96, 98
349741.6.peg.1439.site.6, 24, 92, 116
349741.6.peg.1439.site.7, 6, 90, 96
349741.6.peg.1439.site.8, 6, 93, 99
349741.6.peg.1439.site.9, 87, 92, 179
349741.6.peg.1439.site.10, 6, 92, 98
349741.6.peg.1439.site.11, 7, 97, 104
349741.6.peg.1439.site.12, 1, 95, 96
349741.6.peg.1439.site.13, 7, 95, 102
349741.6.peg.1439.site.14, 19, 97, 116
349741.6.peg.1439.site.15, 19, 96, 115
349741.6.peg.1439.site.16, 2, 95, 97
349741.6.peg.1439.site.17, 6, 95, 101
349741.6.peg.1439.site.18, 7, 64, 71
349741.6.peg.1439.site.19, 25, 68, 93
349741.6.peg.1439.site.20, 6, 73, 79
349741.6.peg.1439.site.21, 2, 71, 73
349741.6.peg.1439.site.22, 1, 97, 98
349741.6.peg.1439.site.23, 35, 97, 132
349741.6.peg.1439.site.24, 2, 97, 99
349741.6.peg.1439.site.25, 7, 84, 91
349741.6.peg.1439.site.26, 12, 97, 109
349741.6.peg.1439.site.27, 97, 97, 194
349741.6.peg.1439.site.28, 96, 97, 193
349741.6.peg.1439.site.29, 11, 97, 108
349741.6.peg.1439.site.30, 36, 97, 133
349741.6.peg.1439.site.31, 1, 97, 98
349741.6.peg.1439.site.32, 1, 95, 96
349741.6.peg.1439.site.33, 1, 97, 98
349741.6.peg.1439.site.34, 7, 95, 102
349741.6.peg.1439.site.35, 7, 96, 103
349741.6.peg.1439.site.36, 2, 94, 96
349741.6.peg.1439.site.37, 6, 95, 101
349741.6.peg.1439.site.38, 37, 91, 128
349741.6.peg.1439.site.39, 38, 92, 130
349741.6.peg.1439.site.40, 1, 90, 91
349741.6.peg.1439.site.41, 2, 90, 92
349741.6.peg.1439.site.42, 4, 93, 97
349741.6.peg.1439.site.43, 3, 92, 95
349741.6.peg.1439.site.44, 6, 95, 101
349741.6.peg.1439.site.45, 6, 96, 102
349741.6.peg.1439.site.46, 31, 96, 127
349741.6.peg.1439.site.47, 6, 95, 101
349741.6.peg.1439.site.48, 6, 94, 100
349741.6.peg.1438.site.1, 2, 95, 97
349741.6.peg.1438.site.2, 6, 97, 103
349741.6.peg.1438.site.3, 2, 97, 99
349741.6.peg.1438.site.4, 7, 97, 104
349741.6.peg.1438.site.5, 1, 97, 98
349741.6.peg.1438.site.6, 92, 97, 189
349741.6.peg.1438.site.7, 9, 94, 103
349741.6.peg.1438.site.8, 12, 90, 102
349741.6.peg.1438.site.9, 9, 94, 103
349741.6.peg.1438.site.10, 56, 97, 153
349741.6.peg.1438.site.11, 0, 97, 97
349741.6.peg.1438.site.12, 7, 97, 104
349741.6.peg.1438.site.13, 8, 95, 103
349741.6.peg.1438.site.14, 6, 96, 102
349741.6.peg.789.site.1, 6, 97, 103
349741.6.peg.789.site.2, 11, 97, 108
349741.6.peg.789.site.3, 1, 97, 98
349741.6.peg.789.site.4, 53, 97, 150
349741.6.peg.789.site.5, 9, 97, 106
349741.6.peg.789.site.6, 7, 97, 104
349741.6.peg.789.site.7, 2, 96, 98
349741.6.peg.789.site.8, 2, 96, 98
349741.6.peg.789.site.9, 80, 97, 177
349741.6.peg.789.site.10, 13, 97, 110
349741.6.peg.789.site.11, 4, 97, 101
349741.6.peg.789.site.12, 2, 97, 99
349741.6.peg.789.site.13, 4, 97, 101
349741.6.peg.789.site.14, 0, 92, 92
349741.6.peg.789.site.15, 4, 84, 88
349741.6.peg.789.site.16, 1, 96, 97
349741.6.peg.789.site.17, 2, 97, 99
349741.6.peg.788.site.1, 0, 97, 97
349741.6.peg.788.site.2, 20, 97, 117
349741.6.peg.788.site.3, 7, 97, 104
349741.6.peg.788.site.4, 2, 96, 98
349741.6.peg.788.site.5, 1, 97, 98
349741.6.peg.788.site.6, 36, 97, 133
349741.6.peg.788.site.7, 28, 97, 125
349741.6.peg.788.site.8, 1, 96, 97
349741.6.peg.788.site.9, 13, 97, 110
349741.6.peg.788.site.10, 2, 95, 97
349741.6.peg.788.site.11, 2, 97, 99
349741.6.peg.788.site.12, 61, 97, 158
349741.6.peg.788.site.13, 10, 91, 101
349741.6.peg.788.site.14, 4, 97, 101
349741.6.peg.788.site.15, 2, 97, 99
349741.6.peg.788.site.16, 1, 97, 98
349741.6.peg.788.site.17, 2, 97, 99
349741.6.peg.788.site.18, 0, 96, 96
349741.6.peg.788.site.19, 0, 97, 97
349741.6.peg.1433.site.1, 0, 97, 97
349741.6.peg.1433.site.2, 7, 97, 104
349741.6.peg.1433.site.3, 6, 96, 102
349741.6.peg.1433.site.4, 2, 97, 99
349741.6.peg.1433.site.5, 7, 97, 104
349741.6.peg.1433.site.6, 6, 97, 103
349741.6.peg.1433.site.7, 0, 96, 96
349741.6.peg.1433.site.8, 7, 97, 104
349741.6.peg.1433.site.9, 95, 96, 191
349741.6.peg.1433.site.10, 7, 96, 103
349741.6.peg.1433.site.11, 7, 97, 104
349741.6.peg.1433.site.12, 7, 97, 104
349741.6.peg.1433.site.13, 76, 96, 172
349741.6.peg.1433.site.14, 13, 97, 110
349741.6.peg.1433.site.15, 13, 97, 110
349741.6.peg.1433.site.16, 7, 97, 104
349741.6.peg.1433.site.17, 7, 95, 102
349741.6.peg.1433.site.18, 84, 93, 177
349741.6.peg.1433.site.19, 7, 95, 102
349741.6.peg.1433.site.20, 7, 97, 104
349741.6.peg.1433.site.21, 3, 97, 100
349741.6.peg.1433.site.22, 0, 97, 97
349741.6.peg.1433.site.23, 19, 96, 115
349741.6.peg.1433.site.24, 7, 96, 103
349741.6.peg.1433.site.25, 55, 96, 151
349741.6.peg.1432.site.1, 0, 91, 91
349741.6.peg.1432.site.2, 1, 91, 92
349741.6.peg.1432.site.3, 7, 97, 104
349741.6.peg.1432.site.4, 49, 97, 146
349741.6.peg.1432.site.5, 7, 97, 104
349741.6.peg.1432.site.6, 89, 97, 186
349741.6.peg.1432.site.7, 7, 96, 103
349741.6.peg.1432.site.8, 3, 96, 99
349741.6.peg.1432.site.9, 3, 96, 99
349741.6.peg.1432.site.10, 15, 97, 112
349741.6.peg.1432.site.11, 7, 96, 103
349741.6.peg.1432.site.12, 7, 97, 104
349741.6.peg.1432.site.13, 13, 97, 110
349741.6.peg.1432.site.14, 7, 97, 104
349741.6.peg.1432.site.15, 13, 97, 110
349741.6.peg.1432.site.16, 7, 97, 104
349741.6.peg.1432.site.17, 3, 97, 100
349741.6.peg.1432.site.18, 21, 97, 118
349741.6.peg.1432.site.19, 20, 95, 115
349741.6.peg.1432.site.20, 88, 95, 183
349741.6.peg.1432.site.21, 7, 95, 102
349741.6.peg.1432.site.22, 15, 96, 111
349741.6.peg.1432.site.23, 7, 97, 104
349741.6.peg.1432.site.24, 96, 97, 193
349741.6.peg.1432.site.25, 7, 97, 104
349741.6.peg.1432.site.26, 20, 97, 117
349741.6.peg.1431.site.1, 7, 97, 104
349741.6.peg.1431.site.2, 7, 97, 104
349741.6.peg.1431.site.3, 13, 96, 109
349741.6.peg.1431.site.4, 13, 97, 110
349741.6.peg.1431.site.5, 11, 97, 108
349741.6.peg.1431.site.6, 2, 95, 97
349741.6.peg.1431.site.7, 20, 95, 115
349741.6.peg.1431.site.8, 4, 91, 95
349741.6.peg.1431.site.9, 6, 96, 102
349741.6.peg.1431.site.10, 22, 97, 119
349741.6.peg.1431.site.11, 2, 96, 98
349741.6.peg.1431.site.12, 7, 96, 103
349741.6.peg.1431.site.13, 7, 96, 103
349741.6.peg.1431.site.14, 7, 97, 104
349741.6.peg.1431.site.15, 7, 97, 104
349741.6.peg.1431.site.16, 49, 97, 146
349741.6.peg.1431.site.17, 7, 97, 104
349741.6.peg.1431.site.18, 0, 96, 96
349741.6.peg.1431.site.19, 62, 97, 159
349741.6.peg.1431.site.20, 2, 97, 99
349741.6.peg.1431.site.21, 7, 97, 104
349741.6.peg.1431.site.22, 7, 97, 104
349741.6.peg.1431.site.23, 15, 97, 112
349741.6.peg.1431.site.24, 3, 93, 96
349741.6.peg.1430.site.1, 65, 74, 139
349741.6.peg.1430.site.2, 4, 79, 83
349741.6.peg.1430.site.3, 3, 81, 84
349741.6.peg.1430.site.4, 5, 80, 85
349741.6.peg.1430.site.5, 3, 79, 82
349741.6.peg.1430.site.6, 15, 92, 107
349741.6.peg.1430.site.7, 3, 96, 99
349741.6.peg.1430.site.8, 13, 93, 106
349741.6.peg.1430.site.9, 70, 93, 163
349741.6.peg.1430.site.10, 2, 92, 94
349741.6.peg.1430.site.11, 2, 93, 95
349741.6.peg.1430.site.12, 2, 91, 93
349741.6.peg.1430.site.13, 53, 93, 146
349741.6.peg.1430.site.14, 12, 93, 105
349741.6.peg.1430.site.15, 3, 91, 94
349741.6.peg.1430.site.16, 5, 80, 85
349741.6.peg.1430.site.17, 2, 76, 78
349741.6.peg.1430.site.18, 2, 76, 78
349741.6.peg.1430.site.19, 68, 77, 145
349741.6.peg.1430.site.20, 67, 76, 143
349741.6.peg.1430.site.21, 47, 72, 119
349741.6.peg.1430.site.22, 4, 77, 81
349741.6.peg.1430.site.23, 3, 78, 81
349741.6.peg.1430.site.24, 10, 80, 90
349741.6.peg.1430.site.25, 4, 82, 86
349741.6.peg.1430.site.26, 79, 83, 162
349741.6.peg.1430.site.27, 5, 88, 93
349741.6.peg.1430.site.28, 2, 97, 99
349741.6.peg.1430.site.29, 13, 97, 110
349741.6.peg.1430.site.30, 7, 97, 104
349741.6.peg.1430.site.31, 7, 97, 104
349741.6.peg.783.site.1, 8, 97, 105
349741.6.peg.783.site.2, 19, 97, 116
349741.6.peg.783.site.3, 38, 97, 135
349741.6.peg.783.site.4, 3, 97, 100
349741.6.peg.783.site.5, 8, 97, 105
349741.6.peg.783.site.6, 97, 97, 194
349741.6.peg.783.site.7, 3, 97, 100
349741.6.peg.783.site.8, 37, 96, 133
349741.6.peg.783.site.9, 44, 97, 141
349741.6.peg.783.site.10, 48, 97, 145
349741.6.peg.782.site.1, 0, 75, 75
349741.6.peg.782.site.2, 16, 75, 91
349741.6.peg.782.site.3, 23, 82, 105
349741.6.peg.782.site.4, 20, 89, 109
349741.6.peg.782.site.5, 21, 90, 111
349741.6.peg.782.site.6, 1, 91, 92
349741.6.peg.782.site.7, 91, 92, 183
349741.6.peg.782.site.8, 26, 94, 120
349741.6.peg.782.site.9, 2, 82, 84
349741.6.peg.782.site.10, 14, 95, 109
349741.6.peg.782.site.11, 27, 96, 123
349741.6.peg.782.site.12, 1, 97, 98
349741.6.peg.782.site.13, 1, 97, 98
349741.6.peg.782.site.14, 5, 97, 102
349741.6.peg.782.site.15, 8, 97, 105
349741.6.peg.782.site.16, 28, 97, 125
349741.6.peg.782.site.17, 2, 97, 99
349741.6.peg.782.site.18, 13, 96, 109
349741.6.peg.782.site.19, 28, 97, 125
349741.6.peg.782.site.20, 1, 97, 98
349741.6.peg.782.site.21, 28, 97, 125
349741.6.peg.782.site.22, 14, 97, 111
349741.6.peg.782.site.23, 28, 97, 125
349741.6.peg.782.site.24, 8, 97, 105
349741.6.peg.782.site.25, 2, 97, 99
349741.6.peg.782.site.26, 10, 97, 107
349741.6.peg.782.site.27, 28, 96, 124
349741.6.peg.782.site.28, 8, 97, 105
349741.6.peg.782.site.29, 28, 96, 124
349741.6.peg.1434.site.1, 87, 97, 184
349741.6.peg.1434.site.2, 7, 97, 104
349741.6.peg.1434.site.3, 7, 97, 104
349741.6.peg.1434.site.4, 7, 97, 104
349741.6.peg.1434.site.5, 7, 97, 104
349741.6.peg.1434.site.6, 8, 97, 105
349741.6.peg.1434.site.7, 8, 97, 105
349741.6.peg.1434.site.8, 8, 97, 105
349741.6.peg.1434.site.9, 8, 97, 105
349741.6.peg.1434.site.10, 15, 97, 112
349741.6.peg.1434.site.11, 4, 97, 101
349741.6.peg.1434.site.12, 8, 97, 105
349741.6.peg.1434.site.13, 0, 97, 97
349741.6.peg.1434.site.14, 7, 97, 104
349741.6.peg.1434.site.15, 8, 97, 105
349741.6.peg.1434.site.16, 15, 97, 112
349741.6.peg.1434.site.17, 7, 97, 104
349741.6.peg.1434.site.18, 7, 96, 103
349741.6.peg.1434.site.19, 15, 97, 112
349741.6.peg.1434.site.20, 8, 97, 105
349741.6.peg.1434.site.21, 5, 94, 99
349741.6.peg.1434.site.22, 2, 91, 93
349741.6.peg.1434.site.23, 8, 97, 105
349741.6.peg.1434.site.24, 0, 97, 97
349741.6.peg.1434.site.25, 16, 97, 113
349741.6.peg.1434.site.26, 2, 96, 98
349741.6.peg.1434.site.27, 72, 95, 167
349741.6.peg.1434.site.28, 17, 92, 109
349741.6.peg.1434.site.29, 3, 92, 95
349741.6.peg.1434.site.30, 91, 92, 183
349741.6.peg.1434.site.31, 93, 95, 188
349741.6.peg.1434.site.32, 2, 97, 99
349741.6.peg.1434.site.33, 25, 97, 122
349741.6.peg.1434.site.34, 8, 97, 105
349741.6.peg.1434.site.35, 8, 97, 105
349741.6.peg.1434.site.36, 2, 97, 99
349741.6.peg.1434.site.37, 8, 97, 105
349741.6.peg.2188.site.1, 14, 81, 95
349741.6.peg.2188.site.2, 56, 78, 134
349741.6.peg.2188.site.3, 19, 85, 104
349741.6.peg.2188.site.4, 27, 86, 113
349741.6.peg.2188.site.5, 6, 88, 94
349741.6.peg.2188.site.6, 0, 94, 94
349741.6.peg.2188.site.7, 11, 94, 105
349741.6.peg.2188.site.8, 36, 93, 129
349741.6.peg.2188.site.9, 5, 94, 99
349741.6.peg.2188.site.10, 4, 95, 99
349741.6.peg.2188.site.11, 3, 93, 96
349741.6.peg.2188.site.12, 22, 88, 110
349741.6.peg.2188.site.13, 8, 87, 95
349741.6.peg.2188.site.14, 29, 86, 115
349741.6.peg.2188.site.15, 2, 87, 89
349741.6.peg.2188.site.16, 2, 73, 75
349741.6.peg.2188.site.17, 4, 63, 67
349741.6.peg.2188.site.18, 8, 59, 67
349741.6.peg.2188.site.19, 6, 59, 65
349741.6.peg.2188.site.20, 15, 57, 72
349741.6.peg.2188.site.21, 15, 58, 73
349741.6.peg.2188.site.22, 3, 46, 49
349741.6.peg.2188.site.23, 16, 51, 67
349741.6.peg.2188.site.24, 15, 58, 73
349741.6.peg.2188.site.25, 6, 81, 87
349741.6.peg.2188.site.26, 4, 83, 87
349741.6.peg.2188.site.27, 6, 79, 85
349741.6.peg.2188.site.28, 40, 76, 116
349741.6.peg.2188.site.29, 18, 54, 72
349741.6.peg.2188.site.30, 20, 56, 76
349741.6.peg.2188.site.31, 2, 77, 79
349741.6.peg.2188.site.32, 3, 87, 90
349741.6.peg.2188.site.33, 54, 90, 144
349741.6.peg.2188.site.34, 58, 94, 152
349741.6.peg.2188.site.35, 12, 96, 108
349741.6.peg.2188.site.36, 4, 97, 101
349741.6.peg.2188.site.37, 20, 92, 112
349741.6.peg.2188.site.38, 17, 28, 45
349741.6.peg.2188.site.39, 1, 28, 29
349741.6.peg.2188.site.40, 1, 28, 29
349741.6.peg.2188.site.41, 2, 40, 42
349741.6.peg.2188.site.42, 5, 40, 45
349741.6.peg.2188.site.43, 19, 39, 58
349741.6.peg.2188.site.44, 4, 39, 43
349741.6.peg.2188.site.45, 2, 38, 40
349741.6.peg.2188.site.46, 5, 41, 46
349741.6.peg.2188.site.47, 4, 40, 44
349741.6.peg.2188.site.48, 3, 41, 44
349741.6.peg.2188.site.49, 5, 44, 49
349741.6.peg.2188.site.50, 4, 47, 51
349741.6.peg.2188.site.51, 24, 46, 70
349741.6.peg.2188.site.52, 4, 52, 56
349741.6.peg.2188.site.53, 20, 70, 90
349741.6.peg.2188.site.54, 73, 85, 158
349741.6.peg.2188.site.55, 16, 96, 112
349741.6.peg.2188.site.56, 1, 96, 97
349741.6.peg.2188.site.57, 6, 94, 100
349741.6.peg.2188.site.58, 3, 57, 60
349741.6.peg.2188.site.59, 2, 56, 58
349741.6.peg.2188.site.60, 3, 58, 61
349741.6.peg.2188.site.61, 8, 66, 74
349741.6.peg.2188.site.62, 2, 70, 72
349741.6.peg.2188.site.63, 1, 76, 77
349741.6.peg.2188.site.64, 16, 74, 90
349741.6.peg.2188.site.65, 74, 83, 157
349741.6.peg.2188.site.66, 2, 83, 85
349741.6.peg.2188.site.67, 24, 86, 110
349741.6.peg.2188.site.68, 2, 94, 96
349741.6.peg.2188.site.69, 1, 95, 96
349741.6.peg.2188.site.70, 2, 97, 99
349741.6.peg.655.site.1, 32, 96, 128
349741.6.peg.655.site.2, 7, 96, 103
349741.6.peg.655.site.3, 2, 96, 98
349741.6.peg.655.site.4, 9, 97, 106
349741.6.peg.654.site.1, 40, 97, 137
349741.6.peg.654.site.2, 92, 97, 189
349741.6.peg.657.site.1, 1, 97, 98
349741.6.peg.657.site.2, 2, 97, 99
349741.6.peg.657.site.3, 2, 97, 99
349741.6.peg.657.site.4, 5, 97, 102
349741.6.peg.657.site.5, 76, 97, 173
349741.6.peg.657.site.6, 79, 94, 173
349741.6.peg.657.site.7, 69, 92, 161
349741.6.peg.657.site.8, 68, 95, 163
349741.6.peg.657.site.9, 68, 97, 165
349741.6.peg.657.site.10, 1, 92, 93
349741.6.peg.657.site.11, 2, 92, 94
349741.6.peg.657.site.12, 1, 92, 93
349741.6.peg.651.site.1, 79, 97, 176
349741.6.peg.651.site.2, 25, 97, 122
349741.6.peg.651.site.3, 1, 97, 98
349741.6.peg.651.site.4, 84, 97, 181
349741.6.peg.651.site.5, 12, 97, 109
349741.6.peg.651.site.6, 86, 97, 183
349741.6.peg.651.site.7, 8, 97, 105
349741.6.peg.651.site.8, 3, 97, 100
349741.6.peg.651.site.9, 83, 97, 180
349741.6.peg.651.site.10, 79, 97, 176
349741.6.peg.651.site.11, 4, 97, 101
349741.6.peg.651.site.12, 79, 97, 176
349741.6.peg.651.site.13, 5, 97, 102
349741.6.peg.651.site.14, 84, 97, 181
349741.6.peg.651.site.15, 2, 96, 98
349741.6.peg.651.site.16, 12, 97, 109
349741.6.peg.651.site.17, 1, 95, 96
349741.6.peg.651.site.18, 51, 96, 147
349741.6.peg.651.site.19, 92, 97, 189
349741.6.peg.651.site.20, 73, 97, 170
349741.6.peg.651.site.21, 7, 97, 104
349741.6.peg.651.site.22, 8, 97, 105
349741.6.peg.651.site.23, 86, 97, 183
349741.6.peg.651.site.24, 81, 97, 178
349741.6.peg.651.site.25, 1, 97, 98
349741.6.peg.651.site.26, 51, 97, 148
349741.6.peg.651.site.27, 86, 97, 183
349741.6.peg.651.site.28, 66, 96, 162
349741.6.peg.651.site.29, 85, 96, 181
349741.6.peg.651.site.30, 88, 97, 185
349741.6.peg.651.site.31, 93, 97, 190
349741.6.peg.651.site.32, 81, 97, 178
349741.6.peg.651.site.33, 6, 97, 103
349741.6.peg.651.site.34, 30, 97, 127
349741.6.peg.651.site.35, 1, 96, 97
349741.6.peg.651.site.36, 81, 97, 178
349741.6.peg.651.site.37, 81, 97, 178
349741.6.peg.651.site.38, 83, 96, 179
349741.6.peg.651.site.39, 75, 97, 172
349741.6.peg.651.site.40, 82, 97, 179
349741.6.peg.651.site.41, 1, 97, 98
349741.6.peg.651.site.42, 0, 96, 96
349741.6.peg.651.site.43, 7, 95, 102
349741.6.peg.651.site.44, 19, 52, 71
349741.6.peg.651.site.45, 7, 23, 30
349741.6.peg.651.site.46, 12, 19, 31
349741.6.peg.651.site.47, 2, 18, 20
349741.6.peg.651.site.48, 12, 28, 40
349741.6.peg.651.site.49, 1, 68, 69
349741.6.peg.651.site.50, 53, 69, 122
349741.6.peg.651.site.51, 61, 77, 138
349741.6.peg.651.site.52, 62, 78, 140
349741.6.peg.651.site.53, 73, 89, 162
349741.6.peg.651.site.54, 75, 97, 172
349741.6.peg.651.site.55, 2, 95, 97
349741.6.peg.651.site.56, 78, 94, 172
349741.6.peg.651.site.57, 76, 92, 168
349741.6.peg.651.site.58, 78, 92, 170
349741.6.peg.651.site.59, 14, 95, 109
349741.6.peg.651.site.60, 97, 97, 194
349741.6.peg.651.site.61, 75, 97, 172
349741.6.peg.651.site.62, 75, 97, 172
349741.6.peg.651.site.63, 2, 97, 99
349741.6.peg.651.site.64, 81, 97, 178
349741.6.peg.651.site.65, 81, 97, 178
349741.6.peg.651.site.66, 6, 97, 103
349741.6.peg.651.site.67, 38, 96, 134
349741.6.peg.651.site.68, 42, 97, 139
349741.6.peg.651.site.69, 0, 97, 97
349741.6.peg.651.site.70, 30, 97, 127
349741.6.peg.651.site.71, 95, 97, 192
349741.6.peg.651.site.72, 24, 97, 121
349741.6.peg.651.site.73, 5, 97, 102
349741.6.peg.651.site.74, 45, 97, 142
349741.6.peg.651.site.75, 45, 97, 142
349741.6.peg.651.site.76, 0, 97, 97
349741.6.peg.651.site.77, 51, 97, 148
349741.6.peg.651.site.78, 96, 97, 193
349741.6.peg.651.site.79, 45, 97, 142
349741.6.peg.651.site.80, 35, 97, 132
349741.6.peg.651.site.81, 8, 97, 105
349741.6.peg.651.site.82, 95, 97, 192
349741.6.peg.651.site.83, 4, 97, 101
349741.6.peg.651.site.84, 1, 96, 97
349741.6.peg.651.site.85, 47, 97, 144
349741.6.peg.651.site.86, 45, 96, 141
349741.6.peg.651.site.87, 47, 96, 143
349741.6.peg.651.site.88, 45, 96, 141
349741.6.peg.651.site.89, 7, 97, 104
349741.6.peg.651.site.90, 45, 97, 142
349741.6.peg.651.site.91, 79, 96, 175
349741.6.peg.651.site.92, 35, 97, 132
349741.6.peg.651.site.93, 32, 97, 129
349741.6.peg.650.site.1, 3, 97, 100
349741.6.peg.650.site.2, 95, 97, 192
349741.6.peg.650.site.3, 8, 96, 104
349741.6.peg.650.site.4, 43, 96, 139
349741.6.peg.650.site.5, 5, 96, 101
349741.6.peg.650.site.6, 43, 96, 139
349741.6.peg.650.site.7, 2, 86, 88
349741.6.peg.650.site.8, 35, 83, 118
349741.6.peg.650.site.9, 28, 81, 109
349741.6.peg.650.site.10, 34, 80, 114
349741.6.peg.650.site.11, 24, 77, 101
349741.6.peg.650.site.12, 1, 93, 94
349741.6.peg.650.site.13, 46, 94, 140
349741.6.peg.650.site.14, 2, 95, 97
349741.6.peg.650.site.15, 49, 96, 145
349741.6.peg.650.site.16, 2, 97, 99
349741.6.peg.650.site.17, 38, 96, 134
349741.6.peg.650.site.18, 5, 97, 102
349741.6.peg.650.site.19, 10, 97, 107
349741.6.peg.650.site.20, 37, 97, 134
349741.6.peg.650.site.21, 6, 96, 102
349741.6.peg.650.site.22, 1, 97, 98
349741.6.peg.650.site.23, 6, 91, 97
349741.6.peg.650.site.24, 37, 92, 129
349741.6.peg.650.site.25, 1, 93, 94
349741.6.peg.650.site.26, 5, 97, 102
349741.6.peg.650.site.27, 1, 97, 98
349741.6.peg.650.site.28, 5, 97, 102
349741.6.peg.650.site.29, 42, 97, 139
349741.6.peg.650.site.30, 42, 97, 139
349741.6.peg.650.site.31, 1, 97, 98
349741.6.peg.650.site.32, 28, 96, 124
349741.6.peg.650.site.33, 5, 97, 102
349741.6.peg.650.site.34, 5, 97, 102
349741.6.peg.650.site.35, 41, 92, 133
349741.6.peg.650.site.36, 28, 93, 121
349741.6.peg.650.site.37, 21, 87, 108
349741.6.peg.650.site.38, 57, 61, 118
349741.6.peg.2181.site.1, 12, 22, 34
349741.6.peg.2181.site.2, 12, 89, 101
349741.6.peg.2181.site.3, 1, 88, 89
349741.6.peg.2181.site.4, 14, 97, 111
349741.6.peg.2181.site.5, 10, 32, 42
349741.6.peg.2181.site.6, 3, 20, 23
349741.6.peg.2181.site.7, 12, 17, 29
349741.6.peg.2235.site.1, 4, 63, 67
349741.6.peg.2235.site.2, 2, 54, 56
349741.6.peg.2235.site.3, 0, 63, 63
349741.6.peg.2235.site.4, 2, 62, 64
349741.6.peg.2235.site.5, 4, 63, 67
349741.6.peg.2235.site.6, 2, 66, 68
349741.6.peg.2235.site.7, 16, 75, 91
349741.6.peg.2235.site.8, 21, 85, 106
349741.6.peg.2235.site.9, 10, 77, 87
349741.6.peg.2235.site.10, 15, 74, 89
349741.6.peg.2235.site.11, 11, 70, 81
349741.6.peg.2235.site.12, 1, 67, 68
349741.6.peg.2235.site.13, 9, 68, 77
349741.6.peg.2235.site.14, 7, 65, 72
349741.6.peg.2235.site.15, 0, 95, 95
349741.6.peg.2235.site.16, 34, 93, 127
349741.6.peg.2235.site.17, 0, 94, 94
349741.6.peg.2235.site.18, 1, 93, 94
349741.6.peg.2235.site.19, 0, 90, 90
349741.6.peg.2235.site.20, 2, 90, 92
349741.6.peg.2235.site.21, 12, 64, 76
349741.6.peg.2235.site.22, 3, 49, 52
349741.6.peg.2235.site.23, 2, 53, 55
349741.6.peg.2235.site.24, 1, 51, 52
349741.6.peg.2231.site.1, 6, 52, 58
349741.6.peg.2231.site.2, 24, 97, 121
349741.6.peg.2231.site.3, 22, 96, 118
349741.6.peg.2231.site.4, 22, 96, 118
349741.6.peg.2231.site.5, 32, 97, 129
349741.6.peg.2231.site.6, 33, 97, 130
349741.6.peg.2231.site.7, 16, 97, 113
349741.6.peg.2231.site.8, 23, 97, 120
349741.6.peg.2231.site.9, 23, 97, 120
349741.6.peg.2231.site.10, 7, 77, 84
349741.6.peg.2231.site.11, 16, 96, 112
349741.6.peg.2231.site.12, 45, 97, 142
349741.6.peg.2231.site.13, 45, 97, 142
349741.6.peg.2231.site.14, 7, 97, 104
349741.6.peg.2231.site.15, 45, 97, 142
349741.6.peg.2231.site.16, 23, 97, 120
349741.6.peg.2231.site.17, 32, 97, 129
349741.6.peg.2231.site.18, 4, 96, 100
349741.6.peg.2231.site.19, 15, 97, 112
349741.6.peg.2231.site.20, 23, 97, 120
349741.6.peg.2231.site.21, 7, 96, 103
349741.6.peg.2231.site.22, 14, 70, 84
349741.6.peg.2231.site.23, 35, 78, 113
349741.6.peg.2231.site.24, 4, 79, 83
349741.6.peg.2231.site.25, 11, 89, 100
349741.6.peg.2231.site.26, 4, 97, 101
349741.6.peg.2231.site.27, 62, 97, 159
349741.6.peg.2231.site.28, 14, 97, 111
349741.6.peg.2231.site.29, 11, 96, 107
349741.6.peg.2231.site.30, 5, 95, 100
349741.6.peg.2231.site.31, 0, 87, 87
349741.6.peg.2231.site.32, 12, 77, 89
349741.6.peg.2231.site.33, 5, 66, 71
349741.6.peg.2231.site.34, 12, 64, 76
349741.6.peg.2231.site.35, 5, 66, 71
349741.6.peg.2231.site.36, 5, 66, 71
349741.6.peg.2231.site.37, 2, 67, 69
349741.6.peg.2231.site.38, 13, 78, 91
349741.6.peg.2231.site.39, 3, 83, 86
349741.6.peg.2231.site.40, 2, 61, 63
349741.6.peg.2231.site.41, 14, 61, 75
349741.6.peg.2231.site.42, 2, 67, 69
349741.6.peg.2231.site.43, 4, 65, 69
349741.6.peg.2231.site.44, 13, 75, 88
349741.6.peg.2231.site.45, 14, 80, 94
349741.6.peg.2231.site.46, 7, 66, 73
349741.6.peg.2231.site.47, 48, 64, 112
349741.6.peg.2231.site.48, 45, 57, 102
349741.6.peg.1509.site.1, 7, 97, 104
349741.6.peg.1509.site.2, 36, 96, 132
349741.6.peg.1509.site.3, 94, 97, 191
349741.6.peg.1509.site.4, 2, 95, 97
349741.6.peg.1509.site.5, 1, 95, 96
349741.6.peg.1509.site.6, 1, 97, 98
349741.6.peg.1509.site.7, 12, 97, 109
349741.6.peg.1509.site.8, 1, 97, 98
349741.6.peg.1509.site.9, 3, 97, 100
349741.6.peg.1509.site.10, 1, 97, 98
349741.6.peg.1509.site.11, 1, 97, 98
349741.6.peg.1509.site.12, 13, 97, 110
349741.6.peg.1509.site.13, 66, 97, 163
349741.6.peg.1509.site.14, 1, 96, 97
349741.6.peg.1509.site.15, 1, 96, 97
349741.6.peg.1509.site.16, 63, 96, 159
349741.6.peg.1509.site.17, 63, 97, 160
349741.6.peg.1509.site.18, 1, 97, 98
349741.6.peg.1509.site.19, 0, 97, 97
349741.6.peg.1509.site.20, 1, 97, 98
349741.6.peg.1509.site.21, 1, 97, 98
349741.6.peg.1509.site.22, 3, 96, 99
349741.6.peg.1509.site.23, 1, 96, 97
349741.6.peg.1509.site.24, 33, 97, 130
349741.6.peg.1509.site.25, 4, 97, 101
349741.6.peg.1509.site.26, 74, 95, 169
349741.6.peg.1509.site.27, 62, 94, 156
349741.6.peg.1509.site.28, 4, 70, 74
349741.6.peg.1507.site.1, 0, 97, 97
349741.6.peg.1507.site.2, 1, 97, 98
349741.6.peg.1507.site.3, 2, 97, 99
349741.6.peg.1507.site.4, 44, 97, 141
349741.6.peg.1507.site.5, 3, 97, 100
349741.6.peg.1507.site.6, 11, 97, 108
349741.6.peg.1507.site.7, 0, 97, 97
349741.6.peg.1507.site.8, 3, 97, 100
349741.6.peg.1507.site.9, 3, 97, 100
349741.6.peg.1507.site.10, 1, 96, 97
349741.6.peg.1507.site.11, 48, 97, 145
349741.6.peg.1507.site.12, 91, 95, 186
349741.6.peg.1507.site.13, 5, 96, 101
349741.6.peg.1507.site.14, 39, 97, 136
349741.6.peg.1507.site.15, 42, 97, 139
349741.6.peg.1506.site.1, 1, 96, 97
349741.6.peg.1506.site.2, 2, 96, 98
349741.6.peg.1506.site.3, 2, 95, 97
349741.6.peg.1506.site.4, 82, 94, 176
349741.6.peg.1506.site.5, 2, 95, 97
349741.6.peg.1506.site.6, 44, 95, 139
349741.6.peg.1506.site.7, 5, 95, 100
349741.6.peg.1506.site.8, 10, 93, 103
349741.6.peg.1506.site.9, 41, 91, 132
349741.6.peg.1506.site.10, 1, 95, 96
349741.6.peg.1503.site.1, 33, 94, 127
349741.6.peg.1503.site.2, 46, 92, 138
349741.6.peg.1503.site.3, 32, 92, 124
349741.6.peg.1503.site.4, 36, 91, 127
349741.6.peg.1503.site.5, 41, 86, 127
349741.6.peg.1503.site.6, 36, 93, 129
349741.6.peg.1503.site.7, 34, 93, 127
349741.6.peg.1503.site.8, 2, 81, 83
349741.6.peg.1503.site.9, 1, 89, 90
349741.6.peg.1503.site.10, 2, 97, 99
349741.6.peg.1503.site.11, 1, 97, 98
349741.6.peg.1502.site.1, 1, 97, 98
349741.6.peg.1502.site.2, 2, 96, 98
349741.6.peg.1502.site.3, 0, 88, 88
349741.6.peg.1502.site.4, 85, 85, 170
349741.6.peg.1501.site.1, 15, 92, 107
349741.6.peg.1501.site.2, 35, 93, 128
349741.6.peg.1501.site.3, 9, 48, 57
349741.6.peg.1500.site.1, 2, 64, 66
349741.6.peg.1500.site.2, 8, 65, 73
349741.6.peg.1500.site.3, 8, 65, 73
349741.6.peg.1500.site.4, 11, 70, 81
349741.6.peg.1500.site.5, 14, 74, 88
349741.6.peg.1500.site.6, 0, 95, 95
349741.6.peg.1500.site.7, 32, 96, 128
349741.6.peg.1500.site.8, 33, 95, 128
349741.6.peg.1500.site.9, 34, 96, 130
349741.6.peg.1500.site.10, 28, 90, 118
349741.6.peg.1500.site.11, 46, 95, 141
349741.6.peg.1500.site.12, 31, 93, 124
349741.6.peg.1500.site.13, 5, 67, 72
349741.6.peg.1500.site.14, 20, 69, 89
349741.6.peg.1500.site.15, 48, 55, 103
349741.6.peg.1500.site.16, 2, 61, 63
349741.6.peg.1500.site.17, 1, 60, 61
349741.6.peg.1500.site.18, 2, 62, 64
349741.6.peg.1500.site.19, 55, 62, 117
349741.6.peg.1500.site.20, 10, 62, 72
349741.6.peg.1500.site.21, 46, 65, 111
349741.6.peg.1500.site.22, 2, 65, 67
349741.6.peg.1500.site.23, 41, 62, 103
349741.6.peg.1500.site.24, 60, 60, 120
349741.6.peg.1500.site.25, 1, 53, 54
349741.6.peg.1500.site.26, 3, 56, 59
349741.6.peg.1500.site.27, 8, 67, 75
349741.6.peg.1500.site.28, 11, 72, 83
349741.6.peg.1500.site.29, 46, 78, 124
349741.6.peg.1500.site.30, 15, 78, 93
349741.6.peg.1500.site.31, 21, 84, 105
349741.6.peg.1500.site.32, 2, 83, 85
349741.6.peg.1500.site.33, 18, 81, 99
349741.6.peg.1500.site.34, 17, 79, 96
349741.6.peg.1500.site.35, 0, 96, 96
349741.6.peg.1500.site.36, 1, 96, 97
349741.6.peg.1500.site.37, 1, 97, 98
349741.6.peg.1500.site.38, 34, 96, 130
349741.6.peg.1500.site.39, 34, 96, 130
349741.6.peg.1500.site.40, 33, 93, 126
349741.6.peg.1500.site.41, 2, 95, 97
349741.6.peg.1500.site.42, 2, 90, 92
349741.6.peg.1500.site.43, 25, 40, 65
349741.6.peg.1500.site.44, 5, 46, 51
349741.6.peg.1500.site.45, 23, 36, 59
349741.6.peg.1500.site.46, 23, 35, 58
349741.6.peg.1500.site.47, 4, 47, 51
349741.6.peg.1500.site.48, 7, 51, 58
349741.6.peg.1500.site.49, 8, 59, 67
349741.6.peg.1500.site.50, 8, 69, 77
349741.6.peg.1500.site.51, 60, 76, 136
349741.6.peg.1500.site.52, 27, 90, 117
349741.6.peg.251.site.1, 3, 93, 96
349741.6.peg.251.site.2, 1, 95, 96
349741.6.peg.251.site.3, 1, 94, 95
349741.6.peg.251.site.4, 1, 94, 95
349741.6.peg.251.site.5, 1, 93, 94
349741.6.peg.251.site.6, 16, 92, 108
349741.6.peg.251.site.7, 92, 92, 184
349741.6.peg.251.site.8, 16, 96, 112
349741.6.peg.251.site.9, 0, 95, 95
349741.6.peg.251.site.10, 16, 96, 112
349741.6.peg.251.site.11, 20, 91, 111
349741.6.peg.251.site.12, 5, 79, 84
349741.6.peg.251.site.13, 4, 69, 73
349741.6.peg.251.site.14, 36, 69, 105
349741.6.peg.251.site.15, 1, 69, 70
349741.6.peg.251.site.16, 13, 69, 82
349741.6.peg.251.site.17, 3, 69, 72
349741.6.peg.251.site.18, 1, 69, 70
349741.6.peg.251.site.19, 3, 71, 74
349741.6.peg.251.site.20, 2, 71, 73
349741.6.peg.251.site.21, 2, 71, 73
349741.6.peg.251.site.22, 48, 71, 119
349741.6.peg.251.site.23, 10, 71, 81
349741.6.peg.251.site.24, 0, 71, 71
349741.6.peg.251.site.25, 3, 71, 74
349741.6.peg.251.site.26, 70, 70, 140
349741.6.peg.251.site.27, 2, 71, 73
349741.6.peg.251.site.28, 3, 71, 74
349741.6.peg.251.site.29, 32, 73, 105
349741.6.peg.251.site.30, 49, 92, 141
349741.6.peg.251.site.31, 74, 97, 171
349741.6.peg.251.site.32, 9, 97, 106
349741.6.peg.251.site.33, 2, 97, 99
349741.6.peg.251.site.34, 2, 97, 99
349741.6.peg.251.site.35, 7, 97, 104
349741.6.peg.251.site.36, 97, 97, 194
349741.6.peg.251.site.37, 69, 97, 166
349741.6.peg.251.site.38, 6, 94, 100
349741.6.peg.251.site.39, 2, 94, 96
349741.6.peg.251.site.40, 4, 93, 97
349741.6.peg.251.site.41, 4, 93, 97
349741.6.peg.251.site.42, 3, 91, 94
349741.6.peg.251.site.43, 4, 93, 97
349741.6.peg.251.site.44, 20, 95, 115
349741.6.peg.251.site.45, 2, 95, 97
349741.6.peg.251.site.46, 7, 95, 102
349741.6.peg.251.site.47, 1, 96, 97
349741.6.peg.251.site.48, 89, 96, 185
349741.6.peg.251.site.49, 14, 97, 111
349741.6.peg.251.site.50, 2, 97, 99
349741.6.peg.251.site.51, 2, 96, 98
349741.6.peg.251.site.52, 1, 96, 97
349741.6.peg.251.site.53, 2, 96, 98
349741.6.peg.251.site.54, 15, 92, 107
349741.6.peg.251.site.55, 34, 96, 130
349741.6.peg.251.site.56, 95, 97, 192
349741.6.peg.251.site.57, 18, 97, 115
349741.6.peg.251.site.58, 2, 96, 98
349741.6.peg.251.site.59, 1, 97, 98
349741.6.peg.251.site.60, 7, 97, 104
349741.6.peg.251.site.61, 2, 95, 97
349741.6.peg.251.site.62, 1, 96, 97
349741.6.peg.251.site.63, 22, 96, 118
349741.6.peg.251.site.64, 7, 96, 103
349741.6.peg.251.site.65, 5, 91, 96
349741.6.peg.251.site.66, 12, 93, 105
349741.6.peg.251.site.67, 5, 93, 98
349741.6.peg.251.site.68, 1, 94, 95
349741.6.peg.251.site.69, 96, 96, 192
349741.6.peg.251.site.70, 22, 97, 119
349741.6.peg.251.site.71, 97, 97, 194
349741.6.peg.251.site.72, 7, 97, 104
349741.6.peg.251.site.73, 7, 97, 104
349741.6.peg.251.site.74, 2, 97, 99
349741.6.peg.251.site.75, 15, 97, 112
349741.6.peg.251.site.76, 7, 97, 104
349741.6.peg.251.site.77, 44, 97, 141
349741.6.peg.251.site.78, 16, 97, 113
349741.6.peg.251.site.79, 7, 97, 104
349741.6.peg.251.site.80, 1, 97, 98
349741.6.peg.251.site.81, 25, 97, 122
349741.6.peg.251.site.82, 9, 97, 106
349741.6.peg.251.site.83, 2, 97, 99
349741.6.peg.251.site.84, 15, 97, 112
349741.6.peg.251.site.85, 7, 97, 104
349741.6.peg.251.site.86, 9, 96, 105
349741.6.peg.251.site.87, 23, 95, 118
349741.6.peg.251.site.88, 22, 95, 117
349741.6.peg.251.site.89, 21, 96, 117
349741.6.peg.251.site.90, 19, 95, 114
349741.6.peg.251.site.91, 17, 96, 113
349741.6.peg.251.site.92, 5, 95, 100
349741.6.peg.251.site.93, 19, 94, 113
349741.6.peg.251.site.94, 2, 96, 98
349741.6.peg.251.site.95, 1, 97, 98
349741.6.peg.251.site.96, 7, 97, 104
349741.6.peg.251.site.97, 42, 97, 139
349741.6.peg.251.site.98, 9, 97, 106
349741.6.peg.251.site.99, 9, 97, 106
349741.6.peg.251.site.100, 9, 97, 106
349741.6.peg.251.site.101, 2, 97, 99
349741.6.peg.251.site.102, 7, 97, 104
349741.6.peg.251.site.103, 5, 92, 97
349741.6.peg.251.site.104, 21, 88, 109
349741.6.peg.251.site.105, 13, 87, 100
349741.6.peg.252.site.1, 6, 88, 94
349741.6.peg.252.site.2, 56, 88, 144
349741.6.peg.252.site.3, 5, 93, 98
349741.6.peg.252.site.4, 1, 95, 96
349741.6.peg.252.site.5, 17, 84, 101
349741.6.peg.252.site.6, 44, 77, 121
349741.6.peg.252.site.7, 44, 77, 121
349741.6.peg.252.site.8, 3, 88, 91
349741.6.peg.252.site.9, 2, 90, 92
349741.6.peg.252.site.10, 5, 93, 98
349741.6.peg.252.site.11, 6, 91, 97
349741.6.peg.252.site.12, 6, 93, 99
349741.6.peg.252.site.13, 26, 95, 121
349741.6.peg.252.site.14, 6, 95, 101
349741.6.peg.255.site.1, 92, 97, 189
349741.6.peg.255.site.2, 7, 97, 104
349741.6.peg.255.site.3, 1, 97, 98
349741.6.peg.255.site.4, 6, 97, 103
349741.6.peg.255.site.5, 5, 97, 102
349741.6.peg.255.site.6, 8, 97, 105
349741.6.peg.255.site.7, 4, 97, 101
349741.6.peg.255.site.8, 4, 97, 101
349741.6.peg.255.site.9, 96, 97, 193
349741.6.peg.255.site.10, 96, 97, 193
349741.6.peg.255.site.11, 7, 95, 102
349741.6.peg.255.site.12, 79, 95, 174
349741.6.peg.255.site.13, 78, 94, 172
349741.6.peg.255.site.14, 80, 96, 176
349741.6.peg.255.site.15, 87, 96, 183
349741.6.peg.255.site.16, 3, 96, 99
349741.6.peg.255.site.17, 12, 96, 108
349741.6.peg.255.site.18, 12, 96, 108
349741.6.peg.255.site.19, 2, 94, 96
349741.6.peg.255.site.20, 73, 89, 162
349741.6.peg.255.site.21, 11, 34, 45
349741.6.peg.255.site.22, 5, 22, 27
349741.6.peg.255.site.23, 3, 19, 22
349741.6.peg.255.site.24, 2, 19, 21
349741.6.peg.255.site.25, 2, 18, 20
349741.6.peg.255.site.26, 2, 18, 20
349741.6.peg.255.site.27, 3, 21, 24
349741.6.peg.255.site.28, 30, 31, 61
349741.6.peg.255.site.29, 71, 89, 160
349741.6.peg.255.site.30, 69, 96, 165
349741.6.peg.255.site.31, 5, 97, 102
349741.6.peg.255.site.32, 4, 97, 101
349741.6.peg.255.site.33, 10, 97, 107
349741.6.peg.255.site.34, 77, 97, 174
349741.6.peg.255.site.35, 7, 97, 104
349741.6.peg.255.site.36, 8, 97, 105
349741.6.peg.255.site.37, 1, 97, 98
349741.6.peg.255.site.38, 1, 97, 98
349741.6.peg.255.site.39, 77, 97, 174
349741.6.peg.255.site.40, 8, 97, 105
349741.6.peg.255.site.41, 9, 97, 106
349741.6.peg.255.site.42, 17, 97, 114
349741.6.peg.255.site.43, 74, 97, 171
349741.6.peg.255.site.44, 61, 97, 158
349741.6.peg.255.site.45, 32, 97, 129
349741.6.peg.255.site.46, 4, 97, 101
349741.6.peg.255.site.47, 77, 97, 174
349741.6.peg.255.site.48, 77, 97, 174
349741.6.peg.255.site.49, 12, 96, 108
349741.6.peg.255.site.50, 1, 96, 97
349741.6.peg.255.site.51, 1, 97, 98
349741.6.peg.255.site.52, 5, 95, 100
349741.6.peg.255.site.53, 3, 91, 94
349741.6.peg.255.site.54, 71, 91, 162
349741.6.peg.255.site.55, 13, 90, 103
349741.6.peg.255.site.56, 2, 91, 93
349741.6.peg.255.site.57, 1, 91, 92
349741.6.peg.255.site.58, 9, 92, 101
349741.6.peg.255.site.59, 77, 97, 174
349741.6.peg.255.site.60, 1, 97, 98
349741.6.peg.255.site.61, 94, 96, 190
349741.6.peg.255.site.62, 2, 97, 99
349741.6.peg.255.site.63, 2, 97, 99
349741.6.peg.255.site.64, 68, 97, 165
349741.6.peg.255.site.65, 6, 97, 103
349741.6.peg.255.site.66, 2, 97, 99
349741.6.peg.255.site.67, 79, 97, 176
349741.6.peg.255.site.68, 54, 97, 151
349741.6.peg.255.site.69, 70, 97, 167
349741.6.peg.255.site.70, 77, 97, 174
349741.6.peg.255.site.71, 7, 97, 104
349741.6.peg.255.site.72, 0, 96, 96
349741.6.peg.255.site.73, 4, 94, 98
349741.6.peg.255.site.74, 6, 97, 103
349741.6.peg.255.site.75, 7, 97, 104
349741.6.peg.255.site.76, 91, 96, 187
349741.6.peg.255.site.77, 77, 97, 174
349741.6.peg.255.site.78, 7, 96, 103
349741.6.peg.255.site.79, 12, 96, 108
349741.6.peg.255.site.80, 88, 96, 184
349741.6.peg.255.site.81, 7, 96, 103
349741.6.peg.255.site.82, 1, 97, 98
349741.6.peg.255.site.83, 6, 96, 102
349741.6.peg.255.site.84, 5, 95, 100
349741.6.peg.255.site.85, 5, 95, 100
349741.6.peg.255.site.86, 16, 95, 111
349741.6.peg.255.site.87, 7, 97, 104
349741.6.peg.255.site.88, 4, 94, 98
349741.6.peg.255.site.89, 0, 97, 97
349741.6.peg.255.site.90, 0, 97, 97
349741.6.peg.255.site.91, 7, 97, 104
349741.6.peg.255.site.92, 25, 96, 121
349741.6.peg.255.site.93, 57, 96, 153
349741.6.peg.255.site.94, 48, 92, 140
349741.6.peg.255.site.95, 53, 97, 150
349741.6.peg.255.site.96, 5, 97, 102
349741.6.peg.255.site.97, 48, 97, 145
349741.6.peg.255.site.98, 2, 97, 99
349741.6.peg.255.site.99, 51, 97, 148
349741.6.peg.255.site.100, 14, 97, 111
349741.6.peg.255.site.101, 4, 97, 101
349741.6.peg.255.site.102, 22, 96, 118
349741.6.peg.255.site.103, 12, 97, 109
349741.6.peg.255.site.104, 0, 96, 96
349741.6.peg.255.site.105, 5, 94, 99
349741.6.peg.255.site.106, 49, 92, 141
349741.6.peg.255.site.107, 22, 94, 116
349741.6.peg.255.site.108, 9, 95, 104
349741.6.peg.255.site.109, 9, 92, 101
349741.6.peg.255.site.110, 4, 94, 98
349741.6.peg.255.site.111, 57, 78, 135
349741.6.peg.255.site.112, 4, 76, 80
349741.6.peg.255.site.113, 17, 37, 54
349741.6.peg.255.site.114, 15, 24, 39
349741.6.peg.254.site.1, 24, 46, 70
349741.6.peg.254.site.2, 4, 51, 55
349741.6.peg.254.site.3, 26, 46, 72
349741.6.peg.254.site.4, 1, 86, 87
349741.6.peg.254.site.5, 60, 88, 148
349741.6.peg.254.site.6, 60, 91, 151
349741.6.peg.254.site.7, 1, 92, 93
349741.6.peg.254.site.8, 7, 96, 103
349741.6.peg.254.site.9, 2, 96, 98
349741.6.peg.254.site.10, 8, 97, 105
349741.6.peg.254.site.11, 1, 97, 98
349741.6.peg.254.site.12, 79, 96, 175
349741.6.peg.254.site.13, 1, 96, 97
349741.6.peg.254.site.14, 5, 93, 98
349741.6.peg.254.site.15, 75, 92, 167
349741.6.peg.254.site.16, 1, 90, 91
349741.6.peg.254.site.17, 70, 87, 157
349741.6.peg.254.site.18, 27, 44, 71
349741.6.peg.254.site.19, 41, 44, 85
349741.6.peg.254.site.20, 37, 41, 78
349741.6.peg.254.site.21, 28, 45, 73
349741.6.peg.254.site.22, 47, 64, 111
349741.6.peg.254.site.23, 59, 76, 135
349741.6.peg.254.site.24, 3, 82, 85
349741.6.peg.254.site.25, 5, 96, 101
349741.6.peg.254.site.26, 0, 97, 97
349741.6.peg.254.site.27, 1, 97, 98
349741.6.peg.254.site.28, 80, 97, 177
349741.6.peg.254.site.29, 7, 97, 104
349741.6.peg.254.site.30, 7, 97, 104
349741.6.peg.254.site.31, 10, 97, 107
349741.6.peg.254.site.32, 1, 97, 98
349741.6.peg.254.site.33, 8, 97, 105
349741.6.peg.254.site.34, 1, 97, 98
349741.6.peg.254.site.35, 0, 97, 97
349741.6.peg.254.site.36, 7, 97, 104
349741.6.peg.254.site.37, 1, 96, 97
349741.6.peg.254.site.38, 7, 96, 103
349741.6.peg.254.site.39, 7, 95, 102
349741.6.peg.254.site.40, 70, 87, 157
349741.6.peg.254.site.41, 89, 95, 184
349741.6.peg.254.site.42, 1, 97, 98
349741.6.peg.254.site.43, 1, 97, 98
349741.6.peg.254.site.44, 8, 97, 105
349741.6.peg.254.site.45, 1, 97, 98
349741.6.peg.254.site.46, 1, 95, 96
349741.6.peg.256.site.1, 70, 96, 166
349741.6.peg.256.site.2, 5, 97, 102
349741.6.peg.256.site.3, 77, 97, 174
349741.6.peg.256.site.4, 5, 97, 102
349741.6.peg.256.site.5, 5, 97, 102
349741.6.peg.256.site.6, 70, 97, 167
349741.6.peg.256.site.7, 44, 97, 141
349741.6.peg.256.site.8, 10, 97, 107
349741.6.peg.256.site.9, 3, 97, 100
349741.6.peg.256.site.10, 5, 97, 102
349741.6.peg.256.site.11, 15, 97, 112
349741.6.peg.256.site.12, 1, 97, 98
349741.6.peg.256.site.13, 10, 97, 107
349741.6.peg.256.site.14, 30, 95, 125
349741.6.peg.256.site.15, 23, 95, 118
349741.6.peg.256.site.16, 38, 95, 133
349741.6.peg.256.site.17, 29, 89, 118
349741.6.peg.256.site.18, 13, 82, 95
349741.6.peg.256.site.19, 19, 83, 102
349741.6.peg.256.site.20, 6, 73, 79
349741.6.peg.256.site.21, 44, 64, 108
349741.6.peg.256.site.22, 44, 64, 108
349741.6.peg.256.site.23, 32, 82, 114
349741.6.peg.256.site.24, 5, 88, 93
349741.6.peg.256.site.25, 18, 84, 102
349741.6.peg.256.site.26, 1, 34, 35
349741.6.peg.256.site.27, 4, 24, 28
349741.6.peg.256.site.28, 3, 20, 23
349741.6.peg.256.site.29, 7, 25, 32
349741.6.peg.256.site.30, 67, 81, 148
349741.6.peg.256.site.31, 1, 93, 94
349741.6.peg.256.site.32, 52, 97, 149
349741.6.peg.256.site.33, 70, 89, 159
349741.6.peg.256.site.34, 25, 92, 117
349741.6.peg.256.site.35, 18, 82, 100
349741.6.peg.256.site.36, 48, 77, 125
349741.6.peg.256.site.37, 68, 72, 140
349741.6.peg.256.site.38, 55, 73, 128
349741.6.peg.256.site.39, 4, 79, 83
349741.6.peg.256.site.40, 15, 90, 105
349741.6.peg.256.site.41, 19, 94, 113
349741.6.peg.256.site.42, 17, 97, 114
349741.6.peg.256.site.43, 74, 97, 171
349741.6.peg.256.site.44, 55, 95, 150
349741.6.peg.256.site.45, 21, 94, 115
349741.6.peg.256.site.46, 57, 97, 154
349741.6.peg.256.site.47, 23, 97, 120
349741.6.peg.256.site.48, 22, 97, 119
349741.6.peg.256.site.49, 79, 97, 176
349741.6.peg.256.site.50, 2, 97, 99
349741.6.peg.256.site.51, 1, 97, 98
349741.6.peg.256.site.52, 22, 97, 119
349741.6.peg.256.site.53, 28, 95, 123
349741.6.peg.256.site.54, 29, 92, 121
349741.6.peg.256.site.55, 91, 94, 185
349741.6.peg.256.site.56, 10, 94, 104
349741.6.peg.256.site.57, 27, 94, 121
349741.6.peg.256.site.58, 21, 96, 117
349741.6.peg.256.site.59, 2, 96, 98
349741.6.peg.256.site.60, 8, 97, 105
349741.6.peg.1613.site.1, 6, 97, 103
349741.6.peg.1613.site.2, 0, 97, 97
349741.6.peg.1613.site.3, 5, 97, 102
349741.6.peg.1613.site.4, 6, 97, 103
349741.6.peg.1613.site.5, 3, 97, 100
349741.6.peg.1613.site.6, 87, 96, 183
349741.6.peg.1613.site.7, 14, 97, 111
349741.6.peg.1613.site.8, 1, 97, 98
349741.6.peg.1613.site.9, 82, 97, 179
349741.6.peg.1613.site.10, 58, 97, 155
349741.6.peg.1613.site.11, 78, 97, 175
349741.6.peg.1613.site.12, 9, 97, 106
349741.6.peg.1613.site.13, 6, 97, 103
349741.6.peg.1613.site.14, 7, 96, 103
349741.6.peg.1613.site.15, 7, 95, 102
349741.6.peg.1613.site.16, 3, 92, 95
349741.6.peg.1613.site.17, 11, 97, 108
349741.6.peg.1613.site.18, 2, 97, 99
349741.6.peg.1613.site.19, 6, 97, 103
349741.6.peg.1613.site.20, 6, 97, 103
349741.6.peg.1613.site.21, 87, 97, 184
349741.6.peg.1613.site.22, 19, 97, 116
349741.6.peg.1613.site.23, 0, 97, 97
349741.6.peg.1613.site.24, 6, 96, 102
349741.6.peg.1612.site.1, 6, 96, 102
349741.6.peg.1612.site.2, 6, 96, 102
349741.6.peg.1612.site.3, 58, 81, 139
349741.6.peg.1612.site.4, 4, 85, 89
349741.6.peg.1612.site.5, 53, 94, 147
349741.6.peg.1612.site.6, 6, 96, 102
349741.6.peg.1612.site.7, 1, 97, 98
349741.6.peg.1612.site.8, 6, 97, 103
349741.6.peg.1612.site.9, 65, 97, 162
349741.6.peg.1612.site.10, 6, 97, 103
349741.6.peg.1612.site.11, 2, 97, 99
349741.6.peg.1612.site.12, 92, 97, 189
349741.6.peg.1612.site.13, 6, 96, 102
349741.6.peg.1612.site.14, 10, 97, 107
349741.6.peg.1612.site.15, 6, 97, 103
349741.6.peg.1612.site.16, 6, 96, 102
349741.6.peg.1612.site.17, 80, 97, 177
349741.6.peg.1612.site.18, 6, 97, 103
349741.6.peg.1612.site.19, 1, 96, 97
349741.6.peg.1612.site.20, 1, 96, 97
349741.6.peg.1612.site.21, 6, 96, 102
349741.6.peg.1612.site.22, 6, 97, 103
349741.6.peg.1612.site.23, 16, 97, 113
349741.6.peg.1612.site.24, 3, 97, 100
349741.6.peg.1612.site.25, 1, 97, 98
349741.6.peg.1612.site.26, 91, 97, 188
349741.6.peg.1612.site.27, 0, 97, 97
349741.6.peg.1612.site.28, 89, 97, 186
349741.6.peg.1612.site.29, 2, 97, 99
349741.6.peg.1612.site.30, 94, 96, 190
349741.6.peg.1612.site.31, 15, 97, 112
349741.6.peg.1612.site.32, 3, 97, 100
349741.6.peg.1612.site.33, 3, 97, 100
349741.6.peg.1612.site.34, 14, 97, 111
349741.6.peg.1612.site.35, 5, 96, 101
349741.6.peg.1612.site.36, 87, 97, 184
349741.6.peg.1612.site.37, 13, 96, 109
349741.6.peg.1612.site.38, 8, 97, 105
349741.6.peg.1612.site.39, 15, 97, 112
349741.6.peg.1612.site.40, 95, 97, 192
349741.6.peg.1612.site.41, 0, 95, 95
349741.6.peg.1612.site.42, 6, 97, 103
349741.6.peg.1612.site.43, 6, 97, 103
349741.6.peg.1612.site.44, 95, 97, 192
349741.6.peg.1612.site.45, 8, 97, 105
349741.6.peg.1612.site.46, 2, 96, 98
349741.6.peg.1612.site.47, 85, 96, 181
349741.6.peg.1612.site.48, 6, 97, 103
349741.6.peg.1612.site.49, 79, 96, 175
349741.6.peg.1612.site.50, 74, 97, 171
349741.6.peg.1617.site.1, 1, 95, 96
349741.6.peg.1617.site.2, 1, 96, 97
349741.6.peg.1617.site.3, 63, 97, 160
349741.6.peg.1617.site.4, 2, 96, 98
349741.6.peg.1617.site.5, 1, 96, 97
349741.6.peg.1617.site.6, 0, 95, 95
349741.6.peg.1617.site.7, 2, 97, 99
349741.6.peg.1617.site.8, 1, 97, 98
349741.6.peg.1617.site.9, 1, 97, 98
349741.6.peg.1617.site.10, 2, 97, 99
349741.6.peg.1617.site.11, 34, 97, 131
349741.6.peg.1617.site.12, 4, 97, 101
349741.6.peg.1617.site.13, 6, 96, 102
349741.6.peg.1617.site.14, 19, 92, 111
349741.6.peg.1617.site.15, 19, 88, 107
349741.6.peg.1617.site.16, 2, 95, 97
349741.6.peg.1617.site.17, 19, 97, 116
349741.6.peg.1617.site.18, 21, 96, 117
349741.6.peg.1617.site.19, 20, 96, 116
349741.6.peg.1617.site.20, 18, 95, 113
349741.6.peg.1149.site.1, 25, 97, 122
349741.6.peg.1149.site.2, 2, 97, 99
349741.6.peg.1149.site.3, 32, 97, 129
349741.6.peg.1149.site.4, 1, 97, 98
349741.6.peg.1149.site.5, 1, 97, 98
349741.6.peg.1149.site.6, 4, 97, 101
349741.6.peg.1149.site.7, 2, 97, 99
349741.6.peg.1149.site.8, 2, 97, 99
349741.6.peg.1149.site.9, 32, 96, 128
349741.6.peg.1149.site.10, 27, 97, 124
349741.6.peg.1615.site.1, 54, 97, 151
349741.6.peg.1615.site.2, 1, 97, 98
349741.6.peg.1615.site.3, 3, 97, 100
349741.6.peg.1615.site.4, 3, 96, 99
349741.6.peg.1615.site.5, 1, 97, 98
349741.6.peg.1615.site.6, 46, 95, 141
349741.6.peg.1615.site.7, 3, 97, 100
349741.6.peg.1615.site.8, 8, 95, 103
349741.6.peg.1615.site.9, 3, 94, 97
349741.6.peg.1615.site.10, 2, 94, 96
349741.6.peg.1615.site.11, 3, 95, 98
349741.6.peg.1615.site.12, 3, 94, 97
349741.6.peg.1615.site.13, 3, 96, 99
349741.6.peg.1615.site.14, 3, 96, 99
349741.6.peg.1615.site.15, 2, 96, 98
349741.6.peg.1615.site.16, 2, 95, 97
349741.6.peg.1615.site.17, 13, 95, 108
349741.6.peg.1615.site.18, 1, 97, 98
349741.6.peg.1615.site.19, 50, 96, 146
349741.6.peg.1615.site.20, 3, 96, 99
349741.6.peg.1615.site.21, 4, 95, 99
349741.6.peg.1615.site.22, 3, 95, 98
349741.6.peg.1615.site.23, 3, 96, 99
349741.6.peg.1615.site.24, 3, 96, 99
349741.6.peg.1615.site.25, 2, 94, 96
349741.6.peg.1615.site.26, 2, 95, 97
349741.6.peg.1615.site.27, 2, 94, 96
349741.6.peg.1615.site.28, 0, 95, 95
349741.6.peg.1615.site.29, 68, 95, 163
349741.6.peg.1615.site.30, 8, 94, 102
349741.6.peg.1615.site.31, 0, 97, 97
349741.6.peg.1615.site.32, 86, 97, 183
349741.6.peg.1615.site.33, 1, 97, 98
349741.6.peg.1615.site.34, 3, 97, 100
349741.6.peg.1615.site.35, 17, 97, 114
349741.6.peg.1615.site.36, 87, 97, 184
349741.6.peg.1614.site.1, 6, 96, 102
349741.6.peg.1614.site.2, 7, 95, 102
349741.6.peg.1614.site.3, 0, 96, 96
349741.6.peg.1614.site.4, 7, 94, 101
349741.6.peg.1614.site.5, 6, 95, 101
349741.6.peg.1614.site.6, 8, 96, 104
349741.6.peg.1614.site.7, 4, 95, 99
349741.6.peg.1614.site.8, 4, 96, 100
349741.6.peg.1614.site.9, 7, 95, 102
349741.6.peg.1614.site.10, 94, 95, 189
349741.6.peg.1614.site.11, 3, 95, 98
349741.6.peg.1614.site.12, 6, 95, 101
349741.6.peg.1614.site.13, 3, 94, 97
349741.6.peg.1614.site.14, 6, 94, 100
349741.6.peg.1614.site.15, 1, 94, 95
349741.6.peg.1614.site.16, 5, 95, 100
349741.6.peg.1614.site.17, 2, 97, 99
349741.6.peg.1614.site.18, 7, 97, 104
349741.6.peg.1614.site.19, 8, 97, 105
349741.6.peg.1614.site.20, 7, 97, 104
349741.6.peg.1614.site.21, 7, 97, 104
349741.6.peg.1614.site.22, 77, 97, 174
349741.6.peg.1614.site.23, 69, 97, 166
349741.6.peg.1614.site.24, 1, 97, 98
349741.6.peg.1614.site.25, 3, 97, 100
349741.6.peg.1614.site.26, 4, 97, 101
349741.6.peg.1614.site.27, 88, 97, 185
349741.6.peg.1614.site.28, 1, 96, 97
349741.6.peg.1614.site.29, 19, 95, 114
349741.6.peg.1614.site.30, 80, 96, 176
349741.6.peg.1614.site.31, 10, 97, 107
349741.6.peg.1614.site.32, 7, 95, 102
349741.6.peg.1614.site.33, 7, 95, 102
349741.6.peg.1614.site.34, 1, 95, 96
349741.6.peg.1614.site.35, 25, 97, 122
349741.6.peg.1614.site.36, 38, 97, 135
349741.6.peg.1614.site.37, 25, 97, 122
349741.6.peg.1614.site.38, 25, 97, 122
349741.6.peg.1614.site.39, 0, 97, 97
349741.6.peg.1614.site.40, 14, 97, 111
349741.6.peg.1614.site.41, 7, 97, 104
349741.6.peg.1614.site.42, 0, 97, 97
349741.6.peg.1614.site.43, 23, 97, 120
349741.6.peg.1614.site.44, 3, 96, 99
349741.6.peg.1614.site.45, 6, 97, 103
349741.6.peg.1614.site.46, 3, 97, 100
349741.6.peg.1614.site.47, 91, 97, 188
349741.6.peg.1614.site.48, 89, 95, 184
349741.6.peg.1614.site.49, 6, 96, 102
349741.6.peg.1614.site.50, 6, 97, 103
349741.6.peg.1614.site.51, 6, 93, 99
349741.6.peg.1614.site.52, 6, 90, 96
349741.6.peg.1614.site.53, 8, 96, 104
349741.6.peg.1614.site.54, 8, 91, 99
349741.6.peg.1614.site.55, 2, 85, 87
349741.6.peg.1614.site.56, 2, 85, 87
349741.6.peg.1614.site.57, 0, 95, 95
349741.6.peg.1614.site.58, 4, 96, 100
349741.6.peg.1614.site.59, 3, 96, 99
349741.6.peg.1614.site.60, 17, 96, 113
349741.6.peg.1614.site.61, 1, 95, 96
349741.6.peg.1614.site.62, 1, 95, 96
349741.6.peg.1614.site.63, 1, 93, 94
349741.6.peg.1614.site.64, 1, 95, 96
349741.6.peg.1614.site.65, 2, 94, 96
349741.6.peg.1614.site.66, 1, 94, 95
349741.6.peg.1614.site.67, 0, 94, 94
349741.6.peg.1614.site.68, 2, 94, 96
349741.6.peg.1614.site.69, 1, 94, 95
349741.6.peg.1614.site.70, 3, 94, 97
349741.6.peg.1614.site.71, 1, 93, 94
349741.6.peg.1614.site.72, 0, 85, 85
349741.6.peg.1614.site.73, 2, 88, 90
349741.6.peg.1614.site.74, 5, 92, 97
349741.6.peg.1614.site.75, 0, 91, 91
349741.6.peg.1614.site.76, 0, 87, 87
349741.6.peg.1614.site.77, 1, 94, 95
349741.6.peg.1614.site.78, 34, 97, 131
349741.6.peg.1619.site.1, 8, 97, 105
349741.6.peg.1619.site.2, 25, 97, 122
349741.6.peg.1619.site.3, 15, 97, 112
349741.6.peg.1619.site.4, 23, 97, 120
349741.6.peg.1619.site.5, 16, 96, 112
349741.6.peg.1619.site.6, 59, 96, 155
349741.6.peg.1619.site.7, 47, 97, 144
349741.6.peg.1619.site.8, 8, 97, 105
349741.6.peg.1619.site.9, 16, 97, 113
349741.6.peg.1619.site.10, 23, 97, 120
349741.6.peg.1618.site.1, 78, 97, 175
349741.6.peg.1618.site.2, 5, 97, 102
349741.6.peg.1618.site.3, 16, 97, 113
349741.6.peg.1618.site.4, 11, 97, 108
349741.6.peg.1618.site.5, 14, 97, 111
349741.6.peg.1618.site.6, 16, 97, 113
349741.6.peg.1618.site.7, 1, 97, 98
349741.6.peg.1618.site.8, 3, 97, 100
349741.6.peg.1618.site.9, 10, 97, 107
349741.6.peg.1618.site.10, 1, 95, 96
349741.6.peg.1618.site.11, 17, 96, 113
349741.6.peg.1618.site.12, 15, 97, 112
349741.6.peg.1618.site.13, 0, 97, 97
349741.6.peg.1618.site.14, 2, 97, 99
349741.6.peg.1618.site.15, 0, 97, 97
349741.6.peg.1618.site.16, 2, 97, 99
349741.6.peg.1618.site.17, 57, 97, 154
349741.6.peg.329.site.1, 21, 97, 118
349741.6.peg.329.site.2, 21, 97, 118
349741.6.peg.329.site.3, 2, 96, 98
349741.6.peg.329.site.4, 21, 97, 118
349741.6.peg.329.site.5, 2, 97, 99
349741.6.peg.329.site.6, 26, 96, 122
349741.6.peg.329.site.7, 18, 93, 111
349741.6.peg.329.site.8, 2, 96, 98
349741.6.peg.329.site.9, 21, 97, 118
349741.6.peg.329.site.10, 19, 93, 112
349741.6.peg.329.site.11, 20, 95, 115
349741.6.peg.329.site.12, 21, 97, 118
349741.6.peg.1147.site.1, 2, 96, 98
349741.6.peg.1147.site.2, 19, 97, 116
349741.6.peg.1147.site.3, 3, 97, 100
349741.6.peg.1147.site.4, 22, 97, 119
349741.6.peg.1147.site.5, 3, 97, 100
349741.6.peg.1147.site.6, 3, 97, 100
349741.6.peg.1147.site.7, 17, 97, 114
349741.6.peg.1147.site.8, 1, 97, 98
349741.6.peg.1147.site.9, 1, 97, 98
349741.6.peg.1147.site.10, 29, 97, 126
349741.6.peg.1147.site.11, 29, 97, 126
349741.6.peg.1146.site.1, 67, 97, 164
349741.6.peg.1146.site.2, 35, 97, 132
349741.6.peg.1146.site.3, 21, 97, 118
349741.6.peg.1146.site.4, 21, 97, 118
349741.6.peg.1146.site.5, 19, 97, 116
349741.6.peg.1146.site.6, 21, 96, 117
349741.6.peg.1146.site.7, 0, 96, 96
349741.6.peg.1146.site.8, 8, 97, 105
349741.6.peg.1146.site.9, 7, 97, 104
349741.6.peg.1146.site.10, 21, 97, 118
349741.6.peg.1146.site.11, 3, 97, 100
349741.6.peg.1146.site.12, 0, 96, 96
349741.6.peg.1146.site.13, 3, 97, 100
349741.6.peg.1146.site.14, 19, 97, 116
349741.6.peg.320.site.1, 1, 97, 98
349741.6.peg.320.site.2, 73, 97, 170
349741.6.peg.320.site.3, 4, 97, 101
349741.6.peg.320.site.4, 1, 97, 98
349741.6.peg.320.site.5, 74, 97, 171
349741.6.peg.320.site.6, 81, 97, 178
349741.6.peg.320.site.7, 70, 97, 167
349741.6.peg.320.site.8, 0, 97, 97
349741.6.peg.320.site.9, 7, 97, 104
349741.6.peg.320.site.10, 96, 96, 192
349741.6.peg.320.site.11, 7, 97, 104
349741.6.peg.320.site.12, 1, 97, 98
349741.6.peg.320.site.13, 12, 97, 109
349741.6.peg.320.site.14, 97, 97, 194
349741.6.peg.323.site.1, 7, 97, 104
349741.6.peg.323.site.2, 6, 91, 97
349741.6.peg.323.site.3, 74, 97, 171
349741.6.peg.323.site.4, 74, 97, 171
349741.6.peg.323.site.5, 0, 96, 96
349741.6.peg.323.site.6, 1, 97, 98
349741.6.peg.323.site.7, 0, 96, 96
349741.6.peg.323.site.8, 4, 97, 101
349741.6.peg.323.site.9, 67, 96, 163
349741.6.peg.323.site.10, 73, 96, 169
349741.6.peg.323.site.11, 73, 96, 169
349741.6.peg.323.site.12, 73, 96, 169
349741.6.peg.323.site.13, 24, 47, 71
349741.6.peg.323.site.14, 3, 50, 53
349741.6.peg.323.site.15, 2, 97, 99
349741.6.peg.323.site.16, 2, 97, 99
349741.6.peg.323.site.17, 75, 97, 172
349741.6.peg.322.site.1, 2, 97, 99
349741.6.peg.322.site.2, 3, 97, 100
349741.6.peg.322.site.3, 12, 97, 109
349741.6.peg.322.site.4, 10, 93, 103
349741.6.peg.322.site.5, 1, 92, 93
349741.6.peg.322.site.6, 4, 90, 94
349741.6.peg.322.site.7, 3, 93, 96
349741.6.peg.322.site.8, 0, 93, 93
349741.6.peg.322.site.9, 71, 94, 165
349741.6.peg.325.site.1, 21, 97, 118
349741.6.peg.325.site.2, 1, 97, 98
349741.6.peg.325.site.3, 74, 97, 171
349741.6.peg.325.site.4, 3, 97, 100
349741.6.peg.325.site.5, 69, 97, 166
349741.6.peg.325.site.6, 4, 97, 101
349741.6.peg.325.site.7, 45, 97, 142
349741.6.peg.325.site.8, 68, 97, 165
349741.6.peg.325.site.9, 2, 97, 99
349741.6.peg.325.site.10, 3, 96, 99
349741.6.peg.325.site.11, 1, 97, 98
349741.6.peg.327.site.1, 2, 97, 99
349741.6.peg.327.site.2, 21, 96, 117
349741.6.peg.327.site.3, 21, 97, 118
349741.6.peg.327.site.4, 21, 97, 118
349741.6.peg.327.site.5, 7, 97, 104
349741.6.peg.327.site.6, 7, 97, 104
349741.6.peg.327.site.7, 21, 97, 118
349741.6.peg.327.site.8, 23, 97, 120
349741.6.peg.434.site.1, 24, 97, 121
349741.6.peg.434.site.2, 5, 97, 102
349741.6.peg.434.site.3, 1, 97, 98
349741.6.peg.434.site.4, 97, 97, 194
349741.6.peg.434.site.5, 28, 97, 125
349741.6.peg.434.site.6, 1, 97, 98
349741.6.peg.434.site.7, 26, 97, 123
349741.6.peg.434.site.8, 32, 97, 129
349741.6.peg.434.site.9, 26, 97, 123
349741.6.peg.434.site.10, 2, 97, 99
349741.6.peg.434.site.11, 0, 96, 96
349741.6.peg.434.site.12, 31, 97, 128
349741.6.peg.434.site.13, 26, 97, 123
349741.6.peg.434.site.14, 24, 97, 121
349741.6.peg.434.site.15, 4, 96, 100
349741.6.peg.434.site.16, 38, 97, 135
349741.6.peg.434.site.17, 26, 97, 123
349741.6.peg.434.site.18, 4, 97, 101
349741.6.peg.434.site.19, 26, 97, 123
349741.6.peg.434.site.20, 26, 96, 122
349741.6.peg.436.site.1, 51, 97, 148
349741.6.peg.436.site.2, 37, 96, 133
349741.6.peg.436.site.3, 1, 96, 97
349741.6.peg.436.site.4, 3, 96, 99
349741.6.peg.436.site.5, 38, 97, 135
349741.6.peg.436.site.6, 1, 97, 98
349741.6.peg.436.site.7, 43, 97, 140
349741.6.peg.436.site.8, 1, 97, 98
349741.6.peg.436.site.9, 41, 97, 138
349741.6.peg.436.site.10, 6, 97, 103
349741.6.peg.436.site.11, 2, 97, 99
349741.6.peg.436.site.12, 38, 97, 135
349741.6.peg.436.site.13, 3, 96, 99
349741.6.peg.436.site.14, 44, 97, 141
349741.6.peg.436.site.15, 38, 97, 135
349741.6.peg.436.site.16, 8, 96, 104
349741.6.peg.436.site.17, 0, 96, 96
349741.6.peg.436.site.18, 6, 97, 103
349741.6.peg.436.site.19, 5, 84, 89
349741.6.peg.436.site.20, 7, 95, 102
349741.6.peg.436.site.21, 38, 97, 135
349741.6.peg.436.site.22, 5, 97, 102
349741.6.peg.436.site.23, 38, 97, 135
349741.6.peg.436.site.24, 2, 97, 99
349741.6.peg.436.site.25, 38, 97, 135
349741.6.peg.436.site.26, 2, 97, 99
349741.6.peg.436.site.27, 2, 97, 99
349741.6.peg.436.site.28, 38, 97, 135
349741.6.peg.436.site.29, 38, 97, 135
349741.6.peg.436.site.30, 38, 97, 135
349741.6.peg.436.site.31, 30, 97, 127
349741.6.peg.436.site.32, 0, 96, 96
349741.6.peg.436.site.33, 1, 97, 98
349741.6.peg.436.site.34, 6, 97, 103
349741.6.peg.436.site.35, 2, 97, 99
349741.6.peg.436.site.36, 39, 97, 136
349741.6.peg.436.site.37, 94, 97, 191
349741.6.peg.436.site.38, 1, 94, 95
349741.6.peg.436.site.39, 43, 97, 140
349741.6.peg.436.site.40, 43, 97, 140
349741.6.peg.431.site.1, 22, 96, 118
349741.6.peg.431.site.2, 13, 97, 110
349741.6.peg.431.site.3, 22, 97, 119
349741.6.peg.431.site.4, 2, 97, 99
349741.6.peg.431.site.5, 2, 97, 99
349741.6.peg.431.site.6, 5, 97, 102
349741.6.peg.431.site.7, 12, 97, 109
349741.6.peg.431.site.8, 22, 96, 118
349741.6.peg.431.site.9, 35, 96, 131
349741.6.peg.431.site.10, 22, 97, 119
349741.6.peg.431.site.11, 89, 97, 186
349741.6.peg.431.site.12, 1, 97, 98
349741.6.peg.430.site.1, 21, 97, 118
349741.6.peg.430.site.2, 65, 97, 162
349741.6.peg.430.site.3, 2, 97, 99
349741.6.peg.430.site.4, 1, 97, 98
349741.6.peg.430.site.5, 2, 97, 99
349741.6.peg.433.site.1, 24, 97, 121
349741.6.peg.433.site.2, 0, 97, 97
349741.6.peg.433.site.3, 97, 97, 194
349741.6.peg.433.site.4, 24, 97, 121
349741.6.peg.433.site.5, 24, 97, 121
349741.6.peg.433.site.6, 23, 96, 119
349741.6.peg.433.site.7, 24, 97, 121
349741.6.peg.433.site.8, 24, 97, 121
349741.6.peg.433.site.9, 24, 97, 121
349741.6.peg.433.site.10, 94, 97, 191
349741.6.peg.433.site.11, 70, 97, 167
349741.6.peg.433.site.12, 94, 97, 191
349741.6.peg.433.site.13, 94, 97, 191
349741.6.peg.433.site.14, 1, 95, 96
349741.6.peg.433.site.15, 84, 96, 180
349741.6.peg.433.site.16, 38, 96, 134
349741.6.peg.433.site.17, 0, 96, 96
349741.6.peg.433.site.18, 6, 97, 103
349741.6.peg.433.site.19, 55, 97, 152
349741.6.peg.432.site.1, 4, 97, 101
349741.6.peg.432.site.2, 9, 95, 104
349741.6.peg.432.site.3, 3, 94, 97
349741.6.peg.432.site.4, 2, 95, 97
349741.6.peg.432.site.5, 0, 97, 97
349741.6.peg.432.site.6, 21, 96, 117
349741.6.peg.432.site.7, 4, 97, 101
349741.6.peg.432.site.8, 0, 96, 96
349741.6.peg.432.site.9, 22, 97, 119
349741.6.peg.432.site.10, 22, 97, 119
349741.6.peg.432.site.11, 1, 92, 93
349741.6.peg.432.site.12, 14, 97, 111
349741.6.peg.432.site.13, 22, 97, 119
349741.6.peg.432.site.14, 35, 97, 132
349741.6.peg.432.site.15, 6, 97, 103
349741.6.peg.432.site.16, 17, 97, 114
349741.6.peg.432.site.17, 0, 96, 96
349741.6.peg.432.site.18, 22, 97, 119
349741.6.peg.432.site.19, 22, 97, 119
349741.6.peg.432.site.20, 96, 97, 193
349741.6.peg.432.site.21, 22, 97, 119
349741.6.peg.432.site.22, 61, 97, 158
349741.6.peg.432.site.23, 22, 97, 119
349741.6.peg.432.site.24, 22, 97, 119
349741.6.peg.432.site.25, 22, 97, 119
349741.6.peg.432.site.26, 22, 97, 119
349741.6.peg.432.site.27, 22, 97, 119
349741.6.peg.432.site.28, 22, 97, 119
349741.6.peg.432.site.29, 3, 97, 100
349741.6.peg.432.site.30, 29, 97, 126
349741.6.peg.432.site.31, 1, 97, 98
349741.6.peg.432.site.32, 29, 97, 126
349741.6.peg.432.site.33, 29, 97, 126
349741.6.peg.432.site.34, 29, 97, 126
349741.6.peg.439.site.1, 2, 96, 98
349741.6.peg.439.site.2, 1, 96, 97
349741.6.peg.439.site.3, 12, 96, 108
349741.6.peg.439.site.4, 2, 97, 99
349741.6.peg.439.site.5, 9, 97, 106
349741.6.peg.439.site.6, 1, 96, 97
349741.6.peg.439.site.7, 13, 97, 110
349741.6.peg.439.site.8, 7, 97, 104
349741.6.peg.439.site.9, 7, 97, 104
349741.6.peg.438.site.1, 0, 96, 96
349741.6.peg.438.site.2, 0, 97, 97
349741.6.peg.438.site.3, 7, 97, 104
349741.6.peg.438.site.4, 2, 97, 99
349741.6.peg.438.site.5, 2, 94, 96
349741.6.peg.438.site.6, 2, 97, 99
349741.6.peg.438.site.7, 8, 97, 105
349741.6.peg.438.site.8, 7, 97, 104
349741.6.peg.2114.site.1, 9, 90, 99
349741.6.peg.2114.site.2, 3, 91, 94
349741.6.peg.2114.site.3, 37, 92, 129
349741.6.peg.2114.site.4, 2, 94, 96
349741.6.peg.2114.site.5, 15, 96, 111
349741.6.peg.2114.site.6, 7, 96, 103
349741.6.peg.2114.site.7, 21, 97, 118
349741.6.peg.2114.site.8, 7, 97, 104
349741.6.peg.2114.site.9, 18, 97, 115
349741.6.peg.2114.site.10, 0, 97, 97
349741.6.peg.2114.site.11, 66, 97, 163
349741.6.peg.2114.site.12, 4, 97, 101
349741.6.peg.2114.site.13, 1, 97, 98
349741.6.peg.2114.site.14, 18, 97, 115
349741.6.peg.2114.site.15, 1, 97, 98
349741.6.peg.2114.site.16, 18, 97, 115
349741.6.peg.2114.site.17, 1, 97, 98
349741.6.peg.2114.site.18, 82, 86, 168
349741.6.peg.2424.site.1, 2, 96, 98
349741.6.peg.2424.site.2, 82, 95, 177
349741.6.peg.2421.site.1, 88, 88, 176
349741.6.peg.2421.site.2, 3, 88, 91
349741.6.peg.2421.site.3, 69, 85, 154
349741.6.peg.2421.site.4, 46, 53, 99
349741.6.peg.2421.site.5, 12, 22, 34
349741.6.peg.2421.site.6, 6, 19, 25
349741.6.peg.2421.site.7, 5, 14, 19
349741.6.peg.2421.site.8, 6, 16, 22
349741.6.peg.2421.site.9, 1, 85, 86
349741.6.peg.2421.site.10, 3, 86, 89
349741.6.peg.2421.site.11, 1, 95, 96
349741.6.peg.2421.site.12, 94, 94, 188
349741.6.peg.2421.site.13, 79, 93, 172
349741.6.peg.2421.site.14, 1, 94, 95
349741.6.peg.2421.site.15, 10, 97, 107
349741.6.peg.2421.site.16, 3, 96, 99
349741.6.peg.2421.site.17, 3, 97, 100
349741.6.peg.2421.site.18, 94, 97, 191
349741.6.peg.2421.site.19, 3, 96, 99
349741.6.peg.2421.site.20, 77, 96, 173
349741.6.peg.2421.site.21, 2, 96, 98
349741.6.peg.2421.site.22, 37, 96, 133
349741.6.peg.2421.site.23, 1, 96, 97
349741.6.peg.2421.site.24, 73, 97, 170
349741.6.peg.2421.site.25, 9, 95, 104
349741.6.peg.2421.site.26, 16, 95, 111
349741.6.peg.2421.site.27, 13, 97, 110
349741.6.peg.2421.site.28, 3, 97, 100
349741.6.peg.2421.site.29, 77, 93, 170
349741.6.peg.2421.site.30, 17, 74, 91
349741.6.peg.2421.site.31, 1, 70, 71
349741.6.peg.2421.site.32, 6, 69, 75
349741.6.peg.2421.site.33, 0, 93, 93
349741.6.peg.2421.site.34, 0, 72, 72
349741.6.peg.2421.site.35, 0, 97, 97
349741.6.peg.2421.site.36, 1, 94, 95
349741.6.peg.2420.site.1, 2, 96, 98
349741.6.peg.2420.site.2, 3, 97, 100
349741.6.peg.2420.site.3, 10, 97, 107
349741.6.peg.2420.site.4, 1, 97, 98
349741.6.peg.2420.site.5, 0, 96, 96
349741.6.peg.2420.site.6, 0, 97, 97
349741.6.peg.2420.site.7, 3, 97, 100
349741.6.peg.2420.site.8, 1, 97, 98
349741.6.peg.2420.site.9, 1, 97, 98
349741.6.peg.2420.site.10, 1, 97, 98
349741.6.peg.2420.site.11, 81, 97, 178
349741.6.peg.2420.site.12, 1, 97, 98
349741.6.peg.2420.site.13, 0, 97, 97
349741.6.peg.2420.site.14, 1, 97, 98
349741.6.peg.2420.site.15, 1, 94, 95
349741.6.peg.2420.site.16, 8, 94, 102
349741.6.peg.2420.site.17, 43, 91, 134
349741.6.peg.2420.site.18, 1, 90, 91
349741.6.peg.2420.site.19, 1, 90, 91
349741.6.peg.2420.site.20, 7, 96, 103
349741.6.peg.2420.site.21, 8, 95, 103
349741.6.peg.2420.site.22, 22, 91, 113
349741.6.peg.2420.site.23, 22, 90, 112
349741.6.peg.2420.site.24, 54, 92, 146
349741.6.peg.2420.site.25, 5, 92, 97
349741.6.peg.2420.site.26, 0, 94, 94
349741.6.peg.2420.site.27, 11, 95, 106
349741.6.peg.2420.site.28, 10, 94, 104
349741.6.peg.2420.site.29, 78, 94, 172
349741.6.peg.2420.site.30, 4, 95, 99
349741.6.peg.2420.site.31, 0, 97, 97
349741.6.peg.2420.site.32, 97, 97, 194
349741.6.peg.2420.site.33, 81, 97, 178
349741.6.peg.2420.site.34, 86, 96, 182
349741.6.peg.2420.site.35, 23, 95, 118
349741.6.peg.2420.site.36, 1, 97, 98
349741.6.peg.2420.site.37, 81, 97, 178
349741.6.peg.2420.site.38, 24, 97, 121
349741.6.peg.2420.site.39, 36, 95, 131
349741.6.peg.2420.site.40, 1, 97, 98
349741.6.peg.2420.site.41, 81, 97, 178
349741.6.peg.2420.site.42, 81, 97, 178
349741.6.peg.2420.site.43, 92, 97, 189
349741.6.peg.2420.site.44, 4, 97, 101
349741.6.peg.2420.site.45, 2, 95, 97
349741.6.peg.2420.site.46, 70, 95, 165
349741.6.peg.2420.site.47, 9, 96, 105
349741.6.peg.2420.site.48, 5, 85, 90
349741.6.peg.2420.site.49, 5, 82, 87
349741.6.peg.2420.site.50, 3, 90, 93
349741.6.peg.2420.site.51, 1, 92, 93
349741.6.peg.2420.site.52, 80, 96, 176
349741.6.peg.2420.site.53, 70, 94, 164
349741.6.peg.2420.site.54, 6, 76, 82
349741.6.peg.2420.site.55, 72, 77, 149
349741.6.peg.2420.site.56, 10, 70, 80
349741.6.peg.2420.site.57, 55, 74, 129
349741.6.peg.2420.site.58, 3, 84, 87
349741.6.peg.2420.site.59, 87, 87, 174
349741.6.peg.2420.site.60, 3, 93, 96
349741.6.peg.2420.site.61, 2, 91, 93
349741.6.peg.2420.site.62, 3, 93, 96
349741.6.peg.2420.site.63, 87, 90, 177
349741.6.peg.2420.site.64, 87, 90, 177
349741.6.peg.2420.site.65, 3, 91, 94
349741.6.peg.2420.site.66, 71, 83, 154
349741.6.peg.2420.site.67, 3, 77, 80
349741.6.peg.2420.site.68, 3, 90, 93
349741.6.peg.2420.site.69, 8, 93, 101
349741.6.peg.2420.site.70, 3, 93, 96
349741.6.peg.2420.site.71, 9, 97, 106
349741.6.peg.2420.site.72, 75, 97, 172
349741.6.peg.2420.site.73, 72, 97, 169
349741.6.peg.2420.site.74, 12, 95, 107
349741.6.peg.2420.site.75, 1, 92, 93
349741.6.peg.2420.site.76, 53, 76, 129
349741.6.peg.2420.site.77, 37, 48, 85
349741.6.peg.2420.site.78, 11, 18, 29
349741.6.peg.2420.site.79, 1, 62, 63
349741.6.peg.2420.site.80, 66, 82, 148
349741.6.peg.2420.site.81, 36, 88, 124
349741.6.peg.2420.site.82, 4, 88, 92
349741.6.peg.2420.site.83, 72, 88, 160
349741.6.peg.2420.site.84, 75, 88, 163
349741.6.peg.2420.site.85, 5, 88, 93
349741.6.peg.2420.site.86, 1, 87, 88
349741.6.peg.2420.site.87, 72, 88, 160
349741.6.peg.2420.site.88, 72, 88, 160
349741.6.peg.2420.site.89, 5, 88, 93
349741.6.peg.2420.site.90, 71, 88, 159
349741.6.peg.2420.site.91, 0, 87, 87
349741.6.peg.2420.site.92, 4, 86, 90
349741.6.peg.2420.site.93, 4, 86, 90
349741.6.peg.2423.site.1, 33, 92, 125
349741.6.peg.2423.site.2, 34, 93, 127
349741.6.peg.2423.site.3, 33, 92, 125
349741.6.peg.2423.site.4, 2, 96, 98
349741.6.peg.2423.site.5, 1, 95, 96
349741.6.peg.2423.site.6, 1, 95, 96
349741.6.peg.2423.site.7, 73, 97, 170
349741.6.peg.2423.site.8, 4, 95, 99
349741.6.peg.2423.site.9, 67, 95, 162
349741.6.peg.2423.site.10, 59, 96, 155
349741.6.peg.2423.site.11, 60, 94, 154
349741.6.peg.2423.site.12, 68, 96, 164
349741.6.peg.2423.site.13, 1, 96, 97
349741.6.peg.2423.site.14, 66, 95, 161
349741.6.peg.2423.site.15, 69, 97, 166
349741.6.peg.2423.site.16, 80, 96, 176
349741.6.peg.2423.site.17, 16, 96, 112
349741.6.peg.2423.site.18, 2, 97, 99
349741.6.peg.2423.site.19, 1, 97, 98
349741.6.peg.2423.site.20, 2, 97, 99
349741.6.peg.2423.site.21, 69, 97, 166
349741.6.peg.2423.site.22, 96, 97, 193
349741.6.peg.2423.site.23, 81, 97, 178
349741.6.peg.2423.site.24, 7, 97, 104
349741.6.peg.2423.site.25, 81, 97, 178
349741.6.peg.2423.site.26, 3, 97, 100
349741.6.peg.2423.site.27, 97, 97, 194
349741.6.peg.2423.site.28, 89, 96, 185
349741.6.peg.2423.site.29, 80, 96, 176
349741.6.peg.2423.site.30, 80, 96, 176
349741.6.peg.2423.site.31, 75, 97, 172
349741.6.peg.2423.site.32, 79, 97, 176
349741.6.peg.2423.site.33, 11, 96, 107
349741.6.peg.2423.site.34, 0, 97, 97
349741.6.peg.2422.site.1, 0, 97, 97
349741.6.peg.2422.site.2, 1, 96, 97
349741.6.peg.2422.site.3, 4, 95, 99
349741.6.peg.2422.site.4, 8, 95, 103
349741.6.peg.2422.site.5, 2, 95, 97
349741.6.peg.2422.site.6, 18, 95, 113
349741.6.peg.2422.site.7, 91, 94, 185
349741.6.peg.2422.site.8, 2, 89, 91
349741.6.peg.2422.site.9, 1, 95, 96
349741.6.peg.2422.site.10, 1, 95, 96
349741.6.peg.2422.site.11, 2, 95, 97
349741.6.peg.2422.site.12, 2, 95, 97
349741.6.peg.2422.site.13, 92, 94, 186
349741.6.peg.2422.site.14, 4, 94, 98
349741.6.peg.2429.site.1, 3, 97, 100
349741.6.peg.2429.site.2, 1, 96, 97
349741.6.peg.2429.site.3, 93, 97, 190
349741.6.peg.2429.site.4, 2, 96, 98
349741.6.peg.2429.site.5, 3, 97, 100
349741.6.peg.2429.site.6, 3, 95, 98
349741.6.peg.2429.site.7, 0, 93, 93
349741.6.peg.2429.site.8, 4, 93, 97
349741.6.peg.2429.site.9, 19, 94, 113
349741.6.peg.2429.site.10, 3, 81, 84
349741.6.peg.2429.site.11, 2, 78, 80
349741.6.peg.2429.site.12, 2, 91, 93
349741.6.peg.2429.site.13, 3, 96, 99
349741.6.peg.2429.site.14, 3, 89, 92
349741.6.peg.2429.site.15, 3, 97, 100
349741.6.peg.2429.site.16, 2, 97, 99
349741.6.peg.2429.site.17, 3, 97, 100
349741.6.peg.2428.site.1, 5, 97, 102
349741.6.peg.2428.site.2, 5, 97, 102
349741.6.peg.2428.site.3, 5, 97, 102
349741.6.peg.2428.site.4, 0, 97, 97
349741.6.peg.2428.site.5, 5, 97, 102
349741.6.peg.2428.site.6, 6, 95, 101
349741.6.peg.2428.site.7, 2, 96, 98
349741.6.peg.2428.site.8, 2, 94, 96
349741.6.peg.2428.site.9, 1, 93, 94
349741.6.peg.2428.site.10, 6, 95, 101
349741.6.peg.2428.site.11, 5, 96, 101
349741.6.peg.2428.site.12, 5, 97, 102
349741.6.peg.2428.site.13, 0, 97, 97
349741.6.peg.2428.site.14, 5, 96, 101
349741.6.peg.2428.site.15, 1, 94, 95
349741.6.peg.2428.site.16, 5, 92, 97
349741.6.peg.2428.site.17, 6, 92, 98
349741.6.peg.2428.site.18, 6, 96, 102
349741.6.peg.2428.site.19, 1, 94, 95
349741.6.peg.1408.site.1, 3, 97, 100
349741.6.peg.1408.site.2, 69, 96, 165
349741.6.peg.1408.site.3, 2, 96, 98
349741.6.peg.1408.site.4, 80, 95, 175
349741.6.peg.1408.site.5, 92, 95, 187
349741.6.peg.1408.site.6, 3, 94, 97
349741.6.peg.1408.site.7, 30, 93, 123
349741.6.peg.1408.site.8, 36, 95, 131
349741.6.peg.1408.site.9, 5, 95, 100
349741.6.peg.1408.site.10, 68, 95, 163
349741.6.peg.1408.site.11, 2, 97, 99
349741.6.peg.1408.site.12, 63, 96, 159
349741.6.peg.1408.site.13, 63, 96, 159
349741.6.peg.1408.site.14, 63, 96, 159
349741.6.peg.1408.site.15, 5, 97, 102
349741.6.peg.1408.site.16, 71, 96, 167
349741.6.peg.1408.site.17, 74, 95, 169
349741.6.peg.1408.site.18, 75, 94, 169
349741.6.peg.1408.site.19, 3, 94, 97
349741.6.peg.1408.site.20, 79, 95, 174
349741.6.peg.1408.site.21, 27, 96, 123
349741.6.peg.1408.site.22, 78, 97, 175
349741.6.peg.1408.site.23, 55, 97, 152
349741.6.peg.1766.site.1, 12, 96, 108
349741.6.peg.1766.site.2, 3, 95, 98
349741.6.peg.1766.site.3, 12, 97, 109
349741.6.peg.1766.site.4, 2, 97, 99
349741.6.peg.1766.site.5, 12, 97, 109
349741.6.peg.1766.site.6, 10, 96, 106
349741.6.peg.1766.site.7, 12, 97, 109
349741.6.peg.1766.site.8, 12, 96, 108
349741.6.peg.1766.site.9, 8, 96, 104
349741.6.peg.1766.site.10, 12, 96, 108
349741.6.peg.1766.site.11, 12, 96, 108
349741.6.peg.1766.site.12, 20, 97, 117
349741.6.peg.1766.site.13, 3, 97, 100
349741.6.peg.1766.site.14, 10, 97, 107
349741.6.peg.1766.site.15, 2, 97, 99
349741.6.peg.1766.site.16, 20, 97, 117
349741.6.peg.1766.site.17, 3, 97, 100
349741.6.peg.1766.site.18, 2, 97, 99
349741.6.peg.1766.site.19, 34, 97, 131
349741.6.peg.1766.site.20, 2, 97, 99
349741.6.peg.1766.site.21, 12, 97, 109
349741.6.peg.1766.site.22, 12, 96, 108
349741.6.peg.1766.site.23, 0, 97, 97
349741.6.peg.1766.site.24, 19, 97, 116
349741.6.peg.1766.site.25, 12, 97, 109
349741.6.peg.1766.site.26, 2, 97, 99
349741.6.peg.1766.site.27, 20, 97, 117
349741.6.peg.1766.site.28, 12, 97, 109
349741.6.peg.1766.site.29, 70, 97, 167
349741.6.peg.1766.site.30, 19, 97, 116
349741.6.peg.1766.site.31, 12, 97, 109
349741.6.peg.1766.site.32, 17, 97, 114
349741.6.peg.1766.site.33, 12, 96, 108
349741.6.peg.1766.site.34, 3, 96, 99
349741.6.peg.1766.site.35, 95, 96, 191
349741.6.peg.1766.site.36, 22, 97, 119
349741.6.peg.1766.site.37, 7, 97, 104
349741.6.peg.1766.site.38, 70, 97, 167
349741.6.peg.1765.site.1, 5, 96, 101
349741.6.peg.1765.site.2, 2, 97, 99
349741.6.peg.1765.site.3, 12, 97, 109
349741.6.peg.1765.site.4, 16, 97, 113
349741.6.peg.1765.site.5, 3, 97, 100
349741.6.peg.1765.site.6, 12, 97, 109
349741.6.peg.1765.site.7, 17, 97, 114
349741.6.peg.1765.site.8, 12, 97, 109
349741.6.peg.1764.site.1, 3, 97, 100
349741.6.peg.1764.site.2, 2, 95, 97
349741.6.peg.1764.site.3, 0, 95, 95
349741.6.peg.1764.site.4, 2, 94, 96
349741.6.peg.1764.site.5, 1, 97, 98
349741.6.peg.1764.site.6, 15, 95, 110
349741.6.peg.1764.site.7, 15, 95, 110
349741.6.peg.1764.site.8, 3, 80, 83
349741.6.peg.1764.site.9, 6, 86, 92
349741.6.peg.1764.site.10, 7, 87, 94
349741.6.peg.1764.site.11, 10, 90, 100
349741.6.peg.1764.site.12, 2, 94, 96
349741.6.peg.1764.site.13, 22, 93, 115
349741.6.peg.1764.site.14, 14, 94, 108
349741.6.peg.1764.site.15, 13, 93, 106
349741.6.peg.1764.site.16, 13, 93, 106
349741.6.peg.1764.site.17, 10, 90, 100
349741.6.peg.1764.site.18, 9, 89, 98
349741.6.peg.1764.site.19, 9, 89, 98
349741.6.peg.1764.site.20, 9, 89, 98
349741.6.peg.1764.site.21, 12, 92, 104
349741.6.peg.1764.site.22, 2, 94, 96
349741.6.peg.1764.site.23, 19, 94, 113
349741.6.peg.1764.site.24, 2, 95, 97
349741.6.peg.1764.site.25, 5, 97, 102
349741.6.peg.1764.site.26, 44, 87, 131
349741.6.peg.1764.site.27, 44, 87, 131
349741.6.peg.1764.site.28, 9, 52, 61
349741.6.peg.1764.site.29, 8, 51, 59
349741.6.peg.1764.site.30, 27, 44, 71
349741.6.peg.1763.site.1, 0, 96, 96
349741.6.peg.1763.site.2, 1, 97, 98
349741.6.peg.1763.site.3, 3, 97, 100
349741.6.peg.1763.site.4, 3, 97, 100
349741.6.peg.1763.site.5, 86, 97, 183
349741.6.peg.1763.site.6, 1, 97, 98
349741.6.peg.1763.site.7, 93, 97, 190
349741.6.peg.1763.site.8, 1, 97, 98
349741.6.peg.1762.site.1, 2, 96, 98
349741.6.peg.1761.site.1, 7, 97, 104
349741.6.peg.1761.site.2, 8, 97, 105
349741.6.peg.1761.site.3, 8, 97, 105
349741.6.peg.1761.site.4, 81, 97, 178
349741.6.peg.1761.site.5, 1, 96, 97
349741.6.peg.1761.site.6, 3, 97, 100
349741.6.peg.1761.site.7, 3, 97, 100
349741.6.peg.1761.site.8, 1, 97, 98
349741.6.peg.1761.site.9, 1, 97, 98
349741.6.peg.1760.site.1, 0, 92, 92
349741.6.peg.1760.site.2, 0, 96, 96
349741.6.peg.1769.site.1, 92, 97, 189
349741.6.peg.1769.site.2, 12, 97, 109
349741.6.peg.1769.site.3, 2, 97, 99
349741.6.peg.1769.site.4, 15, 97, 112
349741.6.peg.1769.site.5, 20, 97, 117
349741.6.peg.1769.site.6, 89, 91, 180
349741.6.peg.1769.site.7, 18, 90, 108
349741.6.peg.1769.site.8, 61, 97, 158
349741.6.peg.1769.site.9, 7, 95, 102
349741.6.peg.1769.site.10, 62, 97, 159
349741.6.peg.1769.site.11, 21, 97, 118
349741.6.peg.1769.site.12, 21, 97, 118
349741.6.peg.1769.site.13, 2, 97, 99
349741.6.peg.1769.site.14, 20, 97, 117
349741.6.peg.1769.site.15, 2, 97, 99
349741.6.peg.1769.site.16, 0, 97, 97
349741.6.peg.1769.site.17, 8, 97, 105
349741.6.peg.1769.site.18, 2, 97, 99
349741.6.peg.1769.site.19, 20, 97, 117
349741.6.peg.1769.site.20, 79, 80, 159
349741.6.peg.1769.site.21, 1, 71, 72
349741.6.peg.1769.site.22, 50, 53, 103
349741.6.peg.1769.site.23, 27, 93, 120
349741.6.peg.1769.site.24, 4, 97, 101
349741.6.peg.1769.site.25, 58, 97, 155
349741.6.peg.1769.site.26, 2, 97, 99
349741.6.peg.1769.site.27, 96, 97, 193
349741.6.peg.1769.site.28, 38, 97, 135
349741.6.peg.1769.site.29, 9, 97, 106
349741.6.peg.1769.site.30, 58, 96, 154
349741.6.peg.1769.site.31, 60, 97, 157
349741.6.peg.1769.site.32, 57, 96, 153
349741.6.peg.1769.site.33, 24, 97, 121
349741.6.peg.1769.site.34, 8, 97, 105
349741.6.peg.1769.site.35, 9, 97, 106
349741.6.peg.1769.site.36, 38, 97, 135
349741.6.peg.1769.site.37, 7, 97, 104
349741.6.peg.1769.site.38, 58, 97, 155
349741.6.peg.1769.site.39, 53, 91, 144
349741.6.peg.1769.site.40, 3, 90, 93
349741.6.peg.1769.site.41, 55, 94, 149
349741.6.peg.1769.site.42, 2, 97, 99
349741.6.peg.1769.site.43, 5, 97, 102
349741.6.peg.1769.site.44, 2, 97, 99
349741.6.peg.1409.site.1, 8, 97, 105
349741.6.peg.1409.site.2, 6, 97, 103
349741.6.peg.1409.site.3, 2, 97, 99
349741.6.peg.1409.site.4, 13, 97, 110
349741.6.peg.1409.site.5, 90, 96, 186
349741.6.peg.1409.site.6, 95, 97, 192
349741.6.peg.1409.site.7, 2, 97, 99
349741.6.peg.1409.site.8, 74, 96, 170
349741.6.peg.1409.site.9, 5, 96, 101
349741.6.peg.1409.site.10, 70, 97, 167
349741.6.peg.1409.site.11, 1, 97, 98
349741.6.peg.1409.site.12, 21, 97, 118
349741.6.peg.1409.site.13, 70, 97, 167
349741.6.peg.1409.site.14, 5, 97, 102
349741.6.peg.1409.site.15, 5, 97, 102
349741.6.peg.1409.site.16, 7, 97, 104
349741.6.peg.1409.site.17, 3, 97, 100
349741.6.peg.1409.site.18, 2, 97, 99
349741.6.peg.923.site.1, 2, 97, 99
349741.6.peg.923.site.2, 7, 97, 104
349741.6.peg.923.site.3, 5, 97, 102
349741.6.peg.923.site.4, 5, 97, 102
349741.6.peg.923.site.5, 7, 97, 104
349741.6.peg.923.site.6, 15, 97, 112
349741.6.peg.923.site.7, 68, 97, 165
349741.6.peg.923.site.8, 2, 97, 99
349741.6.peg.923.site.9, 8, 97, 105
349741.6.peg.923.site.10, 8, 97, 105
349741.6.peg.923.site.11, 68, 97, 165
349741.6.peg.923.site.12, 51, 97, 148
349741.6.peg.923.site.13, 9, 97, 106
349741.6.peg.923.site.14, 7, 96, 103
349741.6.peg.923.site.15, 69, 97, 166
349741.6.peg.923.site.16, 88, 97, 185
349741.6.peg.923.site.17, 22, 96, 118
349741.6.peg.923.site.18, 82, 96, 178
349741.6.peg.923.site.19, 96, 97, 193
349741.6.peg.923.site.20, 11, 96, 107
349741.6.peg.923.site.21, 3, 97, 100
349741.6.peg.923.site.22, 1, 97, 98
349741.6.peg.923.site.23, 94, 97, 191
349741.6.peg.923.site.24, 1, 97, 98
349741.6.peg.923.site.25, 6, 97, 103
349741.6.peg.923.site.26, 2, 97, 99
349741.6.peg.923.site.27, 1, 97, 98
349741.6.peg.923.site.28, 81, 97, 178
349741.6.peg.923.site.29, 81, 97, 178
349741.6.peg.923.site.30, 94, 97, 191
349741.6.peg.923.site.31, 1, 97, 98
349741.6.peg.922.site.1, 9, 97, 106
349741.6.peg.922.site.2, 1, 97, 98
349741.6.peg.922.site.3, 7, 96, 103
349741.6.peg.922.site.4, 5, 97, 102
349741.6.peg.922.site.5, 86, 97, 183
349741.6.peg.922.site.6, 1, 97, 98
349741.6.peg.922.site.7, 7, 97, 104
349741.6.peg.922.site.8, 75, 96, 171
349741.6.peg.922.site.9, 13, 96, 109
349741.6.peg.922.site.10, 20, 97, 117
349741.6.peg.922.site.11, 96, 97, 193
349741.6.peg.922.site.12, 0, 97, 97
349741.6.peg.922.site.13, 1, 96, 97
349741.6.peg.922.site.14, 0, 95, 95
349741.6.peg.922.site.15, 43, 96, 139
349741.6.peg.922.site.16, 64, 97, 161
349741.6.peg.922.site.17, 0, 97, 97
349741.6.peg.922.site.18, 7, 97, 104
349741.6.peg.922.site.19, 10, 97, 107
349741.6.peg.921.site.1, 2, 97, 99
349741.6.peg.921.site.2, 2, 97, 99
349741.6.peg.921.site.3, 6, 97, 103
349741.6.peg.921.site.4, 13, 97, 110
349741.6.peg.921.site.5, 74, 97, 171
349741.6.peg.921.site.6, 8, 97, 105
349741.6.peg.921.site.7, 10, 97, 107
349741.6.peg.921.site.8, 5, 97, 102
349741.6.peg.921.site.9, 2, 97, 99
349741.6.peg.921.site.10, 7, 97, 104
349741.6.peg.921.site.11, 9, 97, 106
349741.6.peg.921.site.12, 8, 97, 105
349741.6.peg.921.site.13, 1, 96, 97
349741.6.peg.921.site.14, 45, 97, 142
349741.6.peg.921.site.15, 25, 96, 121
349741.6.peg.921.site.16, 2, 97, 99
349741.6.peg.921.site.17, 2, 97, 99
349741.6.peg.921.site.18, 2, 97, 99
349741.6.peg.921.site.19, 1, 97, 98
349741.6.peg.921.site.20, 5, 97, 102
349741.6.peg.921.site.21, 0, 97, 97
349741.6.peg.921.site.22, 2, 97, 99
349741.6.peg.921.site.23, 76, 97, 173
349741.6.peg.921.site.24, 2, 96, 98
349741.6.peg.921.site.25, 1, 96, 97
349741.6.peg.921.site.26, 5, 96, 101
349741.6.peg.921.site.27, 5, 95, 100
349741.6.peg.921.site.28, 5, 95, 100
349741.6.peg.921.site.29, 1, 95, 96
349741.6.peg.921.site.30, 6, 96, 102
349741.6.peg.921.site.31, 7, 97, 104
349741.6.peg.921.site.32, 10, 97, 107
349741.6.peg.921.site.33, 5, 97, 102
349741.6.peg.921.site.34, 5, 97, 102
349741.6.peg.921.site.35, 2, 97, 99
349741.6.peg.921.site.36, 7, 97, 104
349741.6.peg.921.site.37, 2, 97, 99
349741.6.peg.921.site.38, 2, 97, 99
349741.6.peg.920.site.1, 2, 97, 99
349741.6.peg.920.site.2, 44, 97, 141
349741.6.peg.924.site.1, 22, 95, 117
349741.6.peg.924.site.2, 10, 96, 106
349741.6.peg.924.site.3, 0, 96, 96
349741.6.peg.924.site.4, 4, 97, 101
349741.6.peg.924.site.5, 1, 94, 95
349741.6.peg.924.site.6, 5, 96, 101
349741.6.peg.924.site.7, 79, 96, 175
349741.6.peg.924.site.8, 79, 96, 175
349741.6.peg.924.site.9, 96, 97, 193
349741.6.peg.924.site.10, 1, 97, 98
349741.6.peg.924.site.11, 18, 97, 115
349741.6.peg.924.site.12, 1, 97, 98
349741.6.peg.924.site.13, 18, 97, 115
349741.6.peg.924.site.14, 18, 97, 115
349741.6.peg.924.site.15, 18, 96, 114
349741.6.peg.924.site.16, 3, 96, 99
349741.6.peg.924.site.17, 10, 97, 107
349741.6.peg.924.site.18, 3, 96, 99
349741.6.peg.924.site.19, 3, 96, 99
349741.6.peg.924.site.20, 96, 97, 193
349741.6.peg.924.site.21, 18, 97, 115
349741.6.peg.924.site.22, 1, 97, 98
349741.6.peg.924.site.23, 11, 97, 108
349741.6.peg.924.site.24, 82, 97, 179
349741.6.peg.924.site.25, 11, 96, 107
349741.6.peg.924.site.26, 11, 96, 107
349741.6.peg.924.site.27, 5, 97, 102
349741.6.peg.924.site.28, 0, 96, 96
349741.6.peg.1356.site.1, 24, 91, 115
349741.6.peg.1356.site.2, 24, 91, 115
349741.6.peg.1356.site.3, 21, 87, 108
349741.6.peg.1356.site.4, 29, 97, 126
349741.6.peg.1356.site.5, 5, 97, 102
349741.6.peg.1356.site.6, 29, 97, 126
349741.6.peg.1356.site.7, 89, 96, 185
349741.6.peg.1356.site.8, 29, 97, 126
349741.6.peg.1356.site.9, 43, 97, 140
349741.6.peg.1356.site.10, 29, 97, 126
349741.6.peg.1356.site.11, 1, 97, 98
349741.6.peg.1356.site.12, 29, 97, 126
349741.6.peg.1356.site.13, 28, 95, 123
349741.6.peg.1357.site.1, 1, 88, 89
349741.6.peg.1357.site.2, 8, 95, 103
349741.6.peg.1357.site.3, 9, 96, 105
349741.6.peg.1357.site.4, 5, 97, 102
349741.6.peg.1357.site.5, 85, 96, 181
349741.6.peg.1357.site.6, 9, 95, 104
349741.6.peg.1357.site.7, 8, 86, 94
349741.6.peg.1357.site.8, 7, 84, 91
349741.6.peg.1357.site.9, 7, 86, 93
349741.6.peg.1357.site.10, 7, 89, 96
349741.6.peg.1357.site.11, 10, 97, 107
349741.6.peg.1357.site.12, 78, 97, 175
349741.6.peg.1357.site.13, 10, 97, 107
349741.6.peg.1357.site.14, 10, 97, 107
349741.6.peg.1357.site.15, 0, 96, 96
349741.6.peg.1357.site.16, 10, 97, 107
349741.6.peg.1357.site.17, 4, 97, 101
349741.6.peg.1357.site.18, 9, 95, 104
349741.6.peg.1357.site.19, 8, 95, 103
349741.6.peg.1357.site.20, 2, 89, 91
349741.6.peg.1357.site.21, 3, 88, 91
349741.6.peg.1357.site.22, 1, 88, 89
349741.6.peg.1357.site.23, 9, 96, 105
349741.6.peg.1357.site.24, 21, 97, 118
349741.6.peg.1357.site.25, 12, 97, 109
349741.6.peg.1357.site.26, 10, 97, 107
349741.6.peg.1357.site.27, 2, 97, 99
349741.6.peg.1357.site.28, 2, 97, 99
349741.6.peg.1357.site.29, 2, 96, 98
349741.6.peg.1357.site.30, 10, 96, 106
349741.6.peg.1357.site.31, 2, 97, 99
349741.6.peg.1357.site.32, 2, 97, 99
349741.6.peg.1357.site.33, 12, 97, 109
349741.6.peg.1357.site.34, 3, 97, 100
349741.6.peg.1357.site.35, 2, 97, 99
349741.6.peg.1357.site.36, 0, 97, 97
349741.6.peg.1357.site.37, 20, 97, 117
349741.6.peg.1357.site.38, 40, 97, 137
349741.6.peg.1357.site.39, 20, 97, 117
349741.6.peg.1357.site.40, 20, 97, 117
349741.6.peg.1357.site.41, 22, 97, 119
349741.6.peg.1357.site.42, 23, 97, 120
349741.6.peg.1357.site.43, 55, 97, 152
349741.6.peg.1357.site.44, 0, 96, 96
349741.6.peg.1357.site.45, 12, 97, 109
349741.6.peg.1357.site.46, 4, 97, 101
349741.6.peg.1357.site.47, 12, 97, 109
349741.6.peg.1357.site.48, 0, 97, 97
349741.6.peg.1357.site.49, 2, 97, 99
349741.6.peg.1357.site.50, 6, 97, 103
349741.6.peg.1357.site.51, 20, 97, 117
349741.6.peg.1354.site.1, 33, 97, 130
349741.6.peg.1354.site.2, 77, 97, 174
349741.6.peg.1354.site.3, 44, 97, 141
349741.6.peg.1354.site.4, 7, 97, 104
349741.6.peg.1354.site.5, 77, 97, 174
349741.6.peg.1354.site.6, 1, 97, 98
349741.6.peg.1354.site.7, 76, 96, 172
349741.6.peg.1354.site.8, 43, 96, 139
349741.6.peg.1354.site.9, 72, 92, 164
349741.6.peg.1354.site.10, 75, 93, 168
349741.6.peg.1354.site.11, 41, 94, 135
349741.6.peg.1354.site.12, 43, 96, 139
349741.6.peg.1354.site.13, 72, 96, 168
349741.6.peg.1354.site.14, 9, 97, 106
349741.6.peg.1354.site.15, 8, 97, 105
349741.6.peg.1354.site.16, 44, 97, 141
349741.6.peg.1354.site.17, 44, 97, 141
349741.6.peg.1354.site.18, 3, 97, 100
349741.6.peg.1354.site.19, 38, 96, 134
349741.6.peg.1354.site.20, 1, 97, 98
349741.6.peg.1354.site.21, 7, 96, 103
349741.6.peg.1354.site.22, 84, 97, 181
349741.6.peg.1354.site.23, 73, 97, 170
349741.6.peg.1354.site.24, 84, 96, 180
349741.6.peg.1354.site.25, 0, 97, 97
349741.6.peg.1354.site.26, 65, 96, 161
349741.6.peg.1354.site.27, 70, 97, 167
349741.6.peg.1354.site.28, 17, 96, 113
349741.6.peg.1354.site.29, 9, 97, 106
349741.6.peg.1354.site.30, 2, 97, 99
349741.6.peg.1354.site.31, 8, 97, 105
349741.6.peg.1354.site.32, 3, 97, 100
349741.6.peg.1354.site.33, 9, 97, 106
349741.6.peg.1354.site.34, 64, 97, 161
349741.6.peg.1354.site.35, 9, 97, 106
349741.6.peg.1354.site.36, 7, 95, 102
349741.6.peg.1354.site.37, 88, 93, 181
349741.6.peg.1354.site.38, 10, 97, 107
349741.6.peg.1354.site.39, 4, 96, 100
349741.6.peg.1354.site.40, 2, 96, 98
349741.6.peg.1354.site.41, 12, 97, 109
349741.6.peg.1354.site.42, 70, 97, 167
349741.6.peg.1354.site.43, 8, 97, 105
349741.6.peg.1354.site.44, 29, 97, 126
349741.6.peg.1354.site.45, 86, 96, 182
349741.6.peg.1354.site.46, 22, 97, 119
349741.6.peg.1354.site.47, 6, 97, 103
349741.6.peg.1354.site.48, 73, 97, 170
349741.6.peg.1354.site.49, 3, 97, 100
349741.6.peg.1354.site.50, 9, 97, 106
349741.6.peg.1354.site.51, 9, 97, 106
349741.6.peg.1354.site.52, 64, 97, 161
349741.6.peg.1354.site.53, 64, 97, 161
349741.6.peg.1354.site.54, 10, 97, 107
349741.6.peg.1354.site.55, 10, 97, 107
349741.6.peg.1354.site.56, 11, 97, 108
349741.6.peg.1354.site.57, 3, 97, 100
349741.6.peg.1354.site.58, 73, 97, 170
349741.6.peg.1354.site.59, 0, 97, 97
349741.6.peg.1354.site.60, 63, 96, 159
349741.6.peg.1354.site.61, 62, 86, 148
349741.6.peg.1354.site.62, 60, 84, 144
349741.6.peg.1354.site.63, 60, 84, 144
349741.6.peg.1354.site.64, 58, 91, 149
349741.6.peg.1354.site.65, 9, 96, 105
349741.6.peg.1354.site.66, 27, 97, 124
349741.6.peg.1355.site.1, 8, 97, 105
349741.6.peg.1355.site.2, 6, 96, 102
349741.6.peg.1355.site.3, 65, 96, 161
349741.6.peg.1355.site.4, 4, 84, 88
349741.6.peg.1355.site.5, 56, 80, 136
349741.6.peg.1355.site.6, 4, 83, 87
349741.6.peg.1355.site.7, 2, 87, 89
349741.6.peg.1355.site.8, 41, 96, 137
349741.6.peg.1355.site.9, 80, 96, 176
349741.6.peg.1355.site.10, 8, 97, 105
349741.6.peg.1355.site.11, 83, 95, 178
349741.6.peg.1355.site.12, 70, 85, 155
349741.6.peg.1355.site.13, 22, 85, 107
349741.6.peg.1355.site.14, 40, 86, 126
349741.6.peg.1355.site.15, 18, 85, 103
349741.6.peg.1355.site.16, 25, 90, 115
349741.6.peg.1355.site.17, 1, 91, 92
349741.6.peg.1355.site.18, 7, 86, 93
349741.6.peg.1355.site.19, 47, 71, 118
349741.6.peg.1355.site.20, 34, 58, 92
349741.6.peg.1355.site.21, 13, 37, 50
349741.6.peg.1355.site.22, 9, 33, 42
349741.6.peg.1355.site.23, 7, 31, 38
349741.6.peg.1355.site.24, 9, 32, 41
349741.6.peg.1355.site.25, 64, 93, 157
349741.6.peg.1355.site.26, 5, 93, 98
349741.6.peg.1355.site.27, 6, 94, 100
349741.6.peg.1355.site.28, 96, 96, 192
349741.6.peg.1355.site.29, 66, 96, 162
349741.6.peg.1355.site.30, 28, 96, 124
349741.6.peg.1355.site.31, 20, 78, 98
349741.6.peg.1355.site.32, 0, 83, 83
349741.6.peg.1355.site.33, 28, 95, 123
349741.6.peg.1355.site.34, 29, 97, 126
349741.6.peg.1355.site.35, 2, 96, 98
349741.6.peg.1355.site.36, 3, 97, 100
349741.6.peg.1355.site.37, 2, 97, 99
349741.6.peg.1352.site.1, 33, 95, 128
349741.6.peg.1352.site.2, 77, 97, 174
349741.6.peg.1352.site.3, 8, 97, 105
349741.6.peg.1352.site.4, 77, 97, 174
349741.6.peg.1352.site.5, 68, 96, 164
349741.6.peg.1352.site.6, 44, 97, 141
349741.6.peg.1352.site.7, 43, 96, 139
349741.6.peg.1352.site.8, 1, 95, 96
349741.6.peg.1352.site.9, 52, 97, 149
349741.6.peg.1352.site.10, 77, 97, 174
349741.6.peg.1352.site.11, 76, 96, 172
349741.6.peg.1352.site.12, 33, 96, 129
349741.6.peg.1352.site.13, 76, 96, 172
349741.6.peg.1352.site.14, 6, 96, 102
349741.6.peg.1352.site.15, 3, 96, 99
349741.6.peg.1352.site.16, 73, 93, 166
349741.6.peg.1352.site.17, 27, 84, 111
349741.6.peg.1352.site.18, 41, 85, 126
349741.6.peg.1352.site.19, 66, 86, 152
349741.6.peg.1352.site.20, 41, 74, 115
349741.6.peg.1352.site.21, 34, 87, 121
349741.6.peg.1352.site.22, 68, 88, 156
349741.6.peg.1352.site.23, 4, 88, 92
349741.6.peg.1352.site.24, 33, 97, 130
349741.6.peg.1352.site.25, 3, 97, 100
349741.6.peg.1352.site.26, 44, 97, 141
349741.6.peg.1352.site.27, 43, 94, 137
349741.6.peg.1352.site.28, 70, 90, 160
349741.6.peg.1352.site.29, 20, 82, 102
349741.6.peg.1352.site.30, 67, 87, 154
349741.6.peg.1352.site.31, 42, 85, 127
349741.6.peg.1352.site.32, 1, 96, 97
349741.6.peg.1352.site.33, 33, 95, 128
349741.6.peg.1352.site.34, 83, 95, 178
349741.6.peg.1352.site.35, 42, 94, 136
349741.6.peg.1352.site.36, 69, 89, 158
349741.6.peg.1352.site.37, 2, 54, 56
349741.6.peg.1352.site.38, 35, 54, 89
349741.6.peg.1352.site.39, 37, 56, 93
349741.6.peg.1353.site.1, 3, 24, 27
349741.6.peg.1353.site.2, 4, 24, 28
349741.6.peg.1353.site.3, 9, 29, 38
349741.6.peg.1353.site.4, 12, 32, 44
349741.6.peg.1353.site.5, 2, 43, 45
349741.6.peg.1353.site.6, 78, 79, 157
349741.6.peg.1353.site.7, 1, 72, 73
349741.6.peg.1353.site.8, 0, 63, 63
349741.6.peg.1353.site.9, 3, 46, 49
349741.6.peg.1353.site.10, 1, 37, 38
349741.6.peg.1353.site.11, 14, 34, 48
349741.6.peg.1353.site.12, 1, 36, 37
349741.6.peg.1353.site.13, 1, 58, 59
349741.6.peg.1353.site.14, 26, 46, 72
349741.6.peg.1353.site.15, 3, 57, 60
349741.6.peg.1353.site.16, 16, 32, 48
349741.6.peg.1353.site.17, 1, 31, 32
349741.6.peg.1353.site.18, 3, 25, 28
349741.6.peg.1353.site.19, 8, 27, 35
349741.6.peg.1353.site.20, 2, 29, 31
349741.6.peg.1353.site.21, 4, 33, 37
349741.6.peg.1353.site.22, 2, 36, 38
349741.6.peg.1353.site.23, 4, 52, 56
349741.6.peg.1353.site.24, 33, 53, 86
349741.6.peg.1353.site.25, 42, 54, 96
349741.6.peg.1353.site.26, 4, 61, 65
349741.6.peg.1353.site.27, 2, 62, 64
349741.6.peg.1353.site.28, 47, 67, 114
349741.6.peg.1353.site.29, 2, 91, 93
349741.6.peg.1353.site.30, 1, 91, 92
349741.6.peg.1353.site.31, 0, 89, 89
349741.6.peg.1353.site.32, 69, 89, 158
349741.6.peg.1353.site.33, 40, 90, 130
349741.6.peg.1353.site.34, 6, 83, 89
349741.6.peg.1350.site.1, 7, 97, 104
349741.6.peg.1350.site.2, 7, 96, 103
349741.6.peg.1350.site.3, 27, 96, 123
349741.6.peg.1350.site.4, 6, 89, 95
349741.6.peg.1350.site.5, 18, 80, 98
349741.6.peg.1350.site.6, 1, 77, 78
349741.6.peg.1350.site.7, 7, 74, 81
349741.6.peg.1350.site.8, 5, 82, 87
349741.6.peg.1350.site.9, 2, 84, 86
349741.6.peg.1350.site.10, 1, 86, 87
349741.6.peg.1350.site.11, 21, 90, 111
349741.6.peg.1350.site.12, 6, 94, 100
349741.6.peg.1350.site.13, 7, 95, 102
349741.6.peg.1350.site.14, 26, 96, 122
349741.6.peg.1350.site.15, 7, 96, 103
349741.6.peg.1350.site.16, 1, 97, 98
349741.6.peg.1350.site.17, 61, 97, 158
349741.6.peg.1350.site.18, 33, 97, 130
349741.6.peg.1350.site.19, 36, 97, 133
349741.6.peg.1350.site.20, 7, 96, 103
349741.6.peg.1350.site.21, 75, 95, 170
349741.6.peg.1350.site.22, 91, 96, 187
349741.6.peg.1350.site.23, 42, 96, 138
349741.6.peg.1350.site.24, 7, 97, 104
349741.6.peg.1350.site.25, 43, 97, 140
349741.6.peg.1350.site.26, 7, 97, 104
349741.6.peg.1350.site.27, 54, 75, 129
349741.6.peg.1350.site.28, 68, 89, 157
349741.6.peg.1350.site.29, 74, 90, 164
349741.6.peg.1350.site.30, 57, 78, 135
349741.6.peg.1351.site.1, 5, 97, 102
349741.6.peg.1351.site.2, 48, 97, 145
349741.6.peg.1351.site.3, 48, 97, 145
349741.6.peg.1351.site.4, 1, 97, 98
349741.6.peg.1351.site.5, 1, 96, 97
349741.6.peg.1351.site.6, 47, 96, 143
349741.6.peg.1351.site.7, 34, 78, 112
349741.6.peg.1351.site.8, 6, 53, 59
349741.6.peg.1351.site.9, 4, 51, 55
349741.6.peg.1351.site.10, 11, 50, 61
349741.6.peg.1351.site.11, 6, 53, 59
349741.6.peg.1351.site.12, 8, 55, 63
349741.6.peg.1351.site.13, 14, 55, 69
349741.6.peg.1351.site.14, 40, 85, 125
349741.6.peg.1351.site.15, 7, 92, 99
349741.6.peg.1351.site.16, 2, 97, 99
349741.6.peg.1351.site.17, 4, 96, 100
349741.6.peg.1351.site.18, 5, 97, 102
349741.6.peg.1351.site.19, 48, 97, 145
349741.6.peg.1358.site.1, 1, 97, 98
349741.6.peg.1358.site.2, 2, 97, 99
349741.6.peg.1358.site.3, 23, 96, 119
349741.6.peg.1358.site.4, 65, 96, 161
349741.6.peg.1358.site.5, 23, 96, 119
349741.6.peg.1358.site.6, 23, 96, 119
349741.6.peg.1358.site.7, 13, 95, 108
349741.6.peg.1358.site.8, 2, 97, 99
349741.6.peg.1358.site.9, 23, 97, 120
349741.6.peg.1358.site.10, 47, 97, 144
349741.6.peg.1358.site.11, 12, 96, 108
349741.6.peg.1358.site.12, 14, 96, 110
349741.6.peg.1358.site.13, 43, 95, 138
349741.6.peg.1358.site.14, 17, 90, 107
349741.6.peg.1358.site.15, 27, 95, 122
349741.6.peg.1358.site.16, 12, 97, 109
349741.6.peg.1358.site.17, 13, 96, 109
349741.6.peg.1358.site.18, 13, 96, 109
349741.6.peg.1358.site.19, 15, 96, 111
349741.6.peg.1358.site.20, 0, 95, 95
349741.6.peg.1358.site.21, 1, 95, 96
349741.6.peg.1358.site.22, 23, 95, 118
349741.6.peg.1358.site.23, 1, 94, 95
349741.6.peg.1358.site.24, 21, 93, 114
349741.6.peg.1358.site.25, 10, 95, 105
349741.6.peg.1358.site.26, 21, 93, 114
349741.6.peg.1358.site.27, 89, 94, 183
349741.6.peg.1358.site.28, 21, 94, 115
349741.6.peg.1358.site.29, 1, 95, 96
349741.6.peg.1358.site.30, 23, 94, 117
349741.6.peg.1359.site.1, 1, 97, 98
349741.6.peg.1359.site.2, 1, 97, 98
349741.6.peg.1359.site.3, 1, 86, 87
349741.6.peg.1359.site.4, 76, 86, 162
349741.6.peg.1359.site.5, 5, 86, 91
349741.6.peg.1359.site.6, 5, 85, 90
349741.6.peg.1359.site.7, 5, 93, 98
349741.6.peg.1359.site.8, 0, 93, 93
349741.6.peg.1359.site.9, 12, 93, 105
349741.6.peg.1359.site.10, 84, 95, 179
349741.6.peg.1359.site.11, 3, 96, 99
349741.6.peg.1359.site.12, 1, 96, 97
349741.6.peg.1359.site.13, 14, 97, 111
349741.6.peg.1359.site.14, 14, 97, 111
349741.6.peg.1359.site.15, 11, 97, 108
349741.6.peg.1359.site.16, 2, 97, 99
349741.6.peg.1359.site.17, 10, 97, 107
349741.6.peg.1359.site.18, 10, 97, 107
349741.6.peg.1359.site.19, 73, 97, 170
349741.6.peg.1359.site.20, 4, 97, 101
349741.6.peg.1359.site.21, 13, 96, 109
349741.6.peg.1359.site.22, 1, 96, 97
349741.6.peg.1359.site.23, 70, 97, 167
349741.6.peg.1359.site.24, 5, 97, 102
349741.6.peg.1359.site.25, 8, 97, 105
349741.6.peg.1359.site.26, 1, 97, 98
349741.6.peg.1359.site.27, 3, 96, 99
349741.6.peg.1194.site.1, 17, 97, 114
349741.6.peg.1194.site.2, 3, 96, 99
349741.6.peg.1194.site.3, 77, 97, 174
349741.6.peg.1194.site.4, 1, 97, 98
349741.6.peg.1194.site.5, 21, 97, 118
349741.6.peg.1194.site.6, 1, 97, 98
349741.6.peg.1194.site.7, 2, 97, 99
349741.6.peg.1194.site.8, 81, 97, 178
349741.6.peg.1194.site.9, 77, 97, 174
349741.6.peg.1194.site.10, 1, 97, 98
349741.6.peg.1194.site.11, 1, 97, 98
349741.6.peg.1194.site.12, 9, 97, 106
349741.6.peg.1194.site.13, 1, 96, 97
349741.6.peg.1194.site.14, 0, 97, 97
349741.6.peg.1194.site.15, 2, 97, 99
349741.6.peg.1194.site.16, 1, 97, 98
349741.6.peg.1194.site.17, 85, 97, 182
349741.6.peg.1195.site.1, 9, 97, 106
349741.6.peg.1195.site.2, 54, 97, 151
349741.6.peg.1195.site.3, 52, 97, 149
349741.6.peg.1195.site.4, 2, 97, 99
349741.6.peg.1195.site.5, 3, 97, 100
349741.6.peg.1195.site.6, 3, 97, 100
349741.6.peg.1195.site.7, 3, 97, 100
349741.6.peg.1195.site.8, 16, 72, 88
349741.6.peg.1195.site.9, 12, 71, 83
349741.6.peg.1196.site.1, 57, 84, 141
349741.6.peg.1196.site.2, 5, 85, 90
349741.6.peg.1196.site.3, 57, 87, 144
349741.6.peg.1196.site.4, 61, 94, 155
349741.6.peg.1196.site.5, 78, 95, 173
349741.6.peg.1196.site.6, 64, 95, 159
349741.6.peg.1197.site.1, 1, 95, 96
349741.6.peg.1197.site.2, 1, 97, 98
349741.6.peg.1197.site.3, 0, 97, 97
349741.6.peg.1197.site.4, 0, 97, 97
349741.6.peg.1197.site.5, 2, 97, 99
349741.6.peg.1190.site.1, 2, 97, 99
349741.6.peg.1190.site.2, 0, 97, 97
349741.6.peg.1190.site.3, 21, 97, 118
349741.6.peg.1190.site.4, 11, 97, 108
349741.6.peg.1190.site.5, 1, 97, 98
349741.6.peg.1190.site.6, 21, 97, 118
349741.6.peg.1190.site.7, 21, 97, 118
349741.6.peg.1190.site.8, 91, 94, 185
349741.6.peg.1190.site.9, 0, 91, 91
349741.6.peg.1190.site.10, 0, 97, 97
349741.6.peg.1190.site.11, 93, 97, 190
349741.6.peg.1190.site.12, 74, 97, 171
349741.6.peg.1192.site.1, 1, 97, 98
349741.6.peg.1192.site.2, 10, 97, 107
349741.6.peg.1192.site.3, 12, 97, 109
349741.6.peg.1192.site.4, 9, 97, 106
349741.6.peg.1192.site.5, 1, 96, 97
349741.6.peg.1192.site.6, 3, 97, 100
349741.6.peg.1192.site.7, 1, 95, 96
349741.6.peg.1192.site.8, 3, 97, 100
349741.6.peg.1192.site.9, 5, 97, 102
349741.6.peg.1192.site.10, 1, 97, 98
349741.6.peg.1192.site.11, 1, 97, 98
349741.6.peg.1192.site.12, 71, 97, 168
349741.6.peg.1192.site.13, 15, 97, 112
349741.6.peg.1192.site.14, 1, 96, 97
349741.6.peg.1192.site.15, 43, 96, 139
349741.6.peg.1192.site.16, 0, 96, 96
349741.6.peg.1192.site.17, 6, 97, 103
349741.6.peg.1192.site.18, 1, 97, 98
349741.6.peg.1192.site.19, 44, 97, 141
349741.6.peg.1192.site.20, 1, 97, 98
349741.6.peg.1192.site.21, 38, 97, 135
349741.6.peg.1192.site.22, 13, 97, 110
349741.6.peg.1192.site.23, 2, 97, 99
349741.6.peg.1192.site.24, 2, 97, 99
349741.6.peg.1192.site.25, 97, 97, 194
349741.6.peg.1192.site.26, 2, 97, 99
349741.6.peg.1192.site.27, 0, 97, 97
349741.6.peg.1192.site.28, 10, 97, 107
349741.6.peg.1192.site.29, 1, 97, 98
349741.6.peg.1192.site.30, 0, 93, 93
349741.6.peg.1192.site.31, 0, 97, 97
349741.6.peg.1192.site.32, 3, 97, 100
349741.6.peg.1192.site.33, 0, 97, 97
349741.6.peg.1192.site.34, 1, 97, 98
349741.6.peg.1192.site.35, 14, 97, 111
349741.6.peg.1192.site.36, 2, 97, 99
349741.6.peg.1192.site.37, 2, 97, 99
349741.6.peg.1192.site.38, 5, 97, 102
349741.6.peg.1192.site.39, 2, 95, 97
349741.6.peg.1193.site.1, 43, 96, 139
349741.6.peg.1193.site.2, 3, 97, 100
349741.6.peg.1193.site.3, 2, 97, 99
349741.6.peg.1193.site.4, 7, 97, 104
349741.6.peg.1193.site.5, 65, 97, 162
349741.6.peg.1193.site.6, 12, 97, 109
349741.6.peg.1193.site.7, 55, 97, 152
349741.6.peg.1193.site.8, 57, 97, 154
349741.6.peg.1193.site.9, 2, 96, 98
349741.6.peg.1193.site.10, 55, 97, 152
349741.6.peg.1193.site.11, 85, 97, 182
349741.6.peg.1193.site.12, 23, 97, 120
349741.6.peg.1193.site.13, 54, 97, 151
349741.6.peg.1193.site.14, 2, 97, 99
349741.6.peg.1193.site.15, 2, 97, 99
349741.6.peg.1193.site.16, 72, 96, 168
349741.6.peg.1193.site.17, 58, 97, 155
349741.6.peg.1193.site.18, 57, 92, 149
349741.6.peg.1198.site.1, 6, 96, 102
349741.6.peg.1198.site.2, 2, 97, 99
349741.6.peg.1198.site.3, 55, 97, 152
349741.6.peg.1198.site.4, 63, 97, 160
349741.6.peg.1198.site.5, 70, 97, 167
349741.6.peg.1198.site.6, 1, 97, 98
349741.6.peg.1198.site.7, 71, 97, 168
349741.6.peg.1198.site.8, 2, 96, 98
349741.6.peg.1198.site.9, 1, 97, 98
349741.6.peg.1198.site.10, 56, 97, 153
349741.6.peg.1198.site.11, 70, 97, 167
349741.6.peg.1198.site.12, 74, 97, 171
349741.6.peg.1198.site.13, 75, 97, 172
349741.6.peg.1198.site.14, 7, 97, 104
349741.6.peg.1198.site.15, 2, 97, 99
349741.6.peg.1198.site.16, 2, 97, 99
349741.6.peg.1198.site.17, 75, 97, 172
349741.6.peg.1198.site.18, 0, 96, 96
349741.6.peg.1198.site.19, 3, 97, 100
349741.6.peg.1198.site.20, 95, 97, 192
349741.6.peg.1198.site.21, 2, 97, 99
349741.6.peg.1198.site.22, 89, 97, 186
349741.6.peg.1198.site.23, 6, 96, 102
349741.6.peg.1198.site.24, 97, 97, 194
349741.6.peg.1198.site.25, 2, 97, 99
349741.6.peg.1198.site.26, 1, 97, 98
349741.6.peg.1198.site.27, 3, 96, 99
349741.6.peg.1198.site.28, 91, 97, 188
349741.6.peg.1198.site.29, 88, 96, 184
349741.6.peg.1198.site.30, 10, 97, 107
349741.6.peg.1198.site.31, 1, 97, 98
349741.6.peg.1198.site.32, 94, 97, 191
349741.6.peg.1198.site.33, 1, 97, 98
349741.6.peg.1198.site.34, 23, 97, 120
349741.6.peg.1199.site.1, 2, 97, 99
349741.6.peg.1199.site.2, 95, 97, 192
349741.6.peg.1199.site.3, 58, 97, 155
349741.6.peg.1199.site.4, 71, 97, 168
349741.6.peg.1199.site.5, 94, 97, 191
349741.6.peg.1199.site.6, 23, 97, 120
349741.6.peg.1199.site.7, 20, 97, 117
349741.6.peg.1199.site.8, 20, 97, 117
349741.6.peg.1199.site.9, 66, 97, 163
349741.6.peg.1199.site.10, 2, 97, 99
349741.6.peg.1199.site.11, 4, 97, 101
349741.6.peg.1199.site.12, 0, 97, 97
349741.6.peg.1199.site.13, 65, 97, 162
349741.6.peg.1199.site.14, 1, 96, 97
349741.6.peg.1199.site.15, 62, 97, 159
349741.6.peg.1199.site.16, 20, 97, 117
349741.6.peg.1199.site.17, 20, 96, 116
349741.6.peg.1199.site.18, 20, 97, 117
349741.6.peg.1199.site.19, 27, 97, 124
349741.6.peg.1199.site.20, 20, 96, 116
349741.6.peg.1199.site.21, 20, 97, 117
349741.6.peg.1199.site.22, 20, 97, 117
349741.6.peg.1199.site.23, 28, 97, 125
349741.6.peg.1199.site.24, 0, 97, 97
349741.6.peg.1199.site.25, 2, 97, 99
349741.6.peg.1199.site.26, 30, 97, 127
349741.6.peg.1199.site.27, 23, 95, 118
349741.6.peg.1199.site.28, 23, 97, 120
349741.6.peg.1199.site.29, 97, 97, 194
349741.6.peg.1199.site.30, 44, 96, 140
349741.6.peg.1288.site.1, 23, 97, 120
349741.6.peg.1288.site.2, 8, 97, 105
349741.6.peg.1288.site.3, 23, 96, 119
349741.6.peg.1288.site.4, 18, 86, 104
349741.6.peg.1288.site.5, 0, 89, 89
349741.6.peg.1288.site.6, 17, 49, 66
349741.6.peg.1288.site.7, 5, 94, 99
349741.6.peg.1288.site.8, 14, 66, 80
349741.6.peg.1288.site.9, 0, 86, 86
349741.6.peg.1288.site.10, 0, 94, 94
349741.6.peg.1288.site.11, 42, 63, 105
349741.6.peg.1288.site.12, 1, 91, 92
349741.6.peg.1288.site.13, 0, 93, 93
349741.6.peg.1288.site.14, 70, 92, 162
349741.6.peg.1288.site.15, 1, 97, 98
349741.6.peg.1288.site.16, 19, 80, 99
349741.6.peg.1288.site.17, 20, 73, 93
349741.6.peg.1288.site.18, 0, 73, 73
349741.6.peg.1288.site.19, 3, 75, 78
349741.6.peg.1288.site.20, 14, 94, 108
349741.6.peg.1288.site.21, 22, 94, 116
349741.6.peg.1288.site.22, 10, 95, 105
349741.6.peg.1289.site.1, 36, 95, 131
349741.6.peg.1289.site.2, 3, 97, 100
349741.6.peg.1289.site.3, 15, 95, 110
349741.6.peg.1289.site.4, 12, 97, 109
349741.6.peg.1289.site.5, 12, 97, 109
349741.6.peg.1289.site.6, 24, 92, 116
349741.6.peg.1289.site.7, 5, 87, 92
349741.6.peg.1289.site.8, 4, 86, 90
349741.6.peg.1289.site.9, 4, 86, 90
349741.6.peg.1289.site.10, 0, 86, 86
349741.6.peg.1289.site.11, 12, 94, 106
349741.6.peg.1289.site.12, 21, 95, 116
349741.6.peg.1289.site.13, 15, 97, 112
349741.6.peg.1289.site.14, 34, 97, 131
349741.6.peg.1289.site.15, 77, 94, 171
349741.6.peg.1289.site.16, 3, 96, 99
349741.6.peg.1289.site.17, 9, 97, 106
349741.6.peg.1289.site.18, 4, 97, 101
349741.6.peg.1289.site.19, 3, 97, 100
349741.6.peg.1289.site.20, 4, 97, 101
349741.6.peg.1289.site.21, 4, 97, 101
349741.6.peg.1289.site.22, 4, 97, 101
349741.6.peg.1289.site.23, 23, 97, 120
349741.6.peg.1280.site.1, 5, 97, 102
349741.6.peg.1280.site.2, 2, 97, 99
349741.6.peg.1280.site.3, 1, 97, 98
349741.6.peg.1280.site.4, 23, 96, 119
349741.6.peg.1280.site.5, 11, 97, 108
349741.6.peg.1280.site.6, 10, 97, 107
349741.6.peg.1280.site.7, 3, 97, 100
349741.6.peg.1280.site.8, 20, 96, 116
349741.6.peg.1280.site.9, 6, 97, 103
349741.6.peg.1280.site.10, 1, 97, 98
349741.6.peg.1280.site.11, 12, 97, 109
349741.6.peg.1280.site.12, 11, 97, 108
349741.6.peg.1280.site.13, 97, 97, 194
349741.6.peg.1280.site.14, 1, 97, 98
349741.6.peg.1280.site.15, 13, 97, 110
349741.6.peg.1280.site.16, 87, 97, 184
349741.6.peg.1280.site.17, 0, 97, 97
349741.6.peg.1281.site.1, 0, 97, 97
349741.6.peg.1281.site.2, 81, 96, 177
349741.6.peg.1281.site.3, 1, 97, 98
349741.6.peg.1281.site.4, 87, 97, 184
349741.6.peg.1281.site.5, 1, 97, 98
349741.6.peg.1281.site.6, 1, 97, 98
349741.6.peg.1281.site.7, 1, 85, 86
349741.6.peg.1281.site.8, 2, 80, 82
349741.6.peg.1281.site.9, 22, 79, 101
349741.6.peg.1281.site.10, 0, 88, 88
349741.6.peg.1281.site.11, 5, 97, 102
349741.6.peg.1281.site.12, 36, 97, 133
349741.6.peg.1281.site.13, 0, 97, 97
349741.6.peg.1281.site.14, 52, 97, 149
349741.6.peg.1281.site.15, 1, 97, 98
349741.6.peg.1281.site.16, 37, 97, 134
349741.6.peg.1281.site.17, 1, 97, 98
349741.6.peg.1281.site.18, 2, 97, 99
349741.6.peg.1281.site.19, 0, 97, 97
349741.6.peg.1281.site.20, 2, 97, 99
349741.6.peg.1281.site.21, 7, 97, 104
349741.6.peg.1281.site.22, 3, 97, 100
349741.6.peg.1281.site.23, 3, 97, 100
349741.6.peg.1282.site.1, 0, 97, 97
349741.6.peg.1283.site.1, 22, 97, 119
349741.6.peg.1283.site.2, 41, 97, 138
349741.6.peg.1284.site.1, 0, 97, 97
349741.6.peg.1284.site.2, 1, 97, 98
349741.6.peg.1284.site.3, 0, 96, 96
349741.6.peg.1284.site.4, 1, 97, 98
349741.6.peg.1285.site.1, 11, 95, 106
349741.6.peg.1286.site.1, 0, 97, 97
349741.6.peg.1286.site.2, 40, 96, 136
349741.6.peg.1286.site.3, 9, 95, 104
349741.6.peg.1286.site.4, 1, 97, 98
349741.6.peg.1286.site.5, 1, 97, 98
349741.6.peg.1286.site.6, 1, 95, 96
349741.6.peg.1286.site.7, 1, 94, 95
349741.6.peg.1286.site.8, 1, 96, 97
349741.6.peg.1286.site.9, 14, 96, 110
349741.6.peg.1286.site.10, 1, 96, 97
349741.6.peg.1286.site.11, 1, 97, 98
349741.6.peg.1286.site.12, 1, 95, 96
349741.6.peg.1286.site.13, 2, 96, 98
349741.6.peg.1286.site.14, 1, 97, 98
349741.6.peg.1286.site.15, 19, 97, 116
349741.6.peg.1286.site.16, 7, 97, 104
349741.6.peg.1286.site.17, 15, 97, 112
349741.6.peg.1286.site.18, 9, 97, 106
349741.6.peg.1287.site.1, 1, 86, 87
349741.6.peg.1287.site.2, 6, 96, 102
349741.6.peg.1287.site.3, 71, 97, 168
349741.6.peg.1287.site.4, 11, 97, 108
349741.6.peg.1287.site.5, 6, 96, 102
349741.6.peg.1287.site.6, 2, 96, 98
349741.6.peg.1287.site.7, 1, 96, 97
349741.6.peg.1287.site.8, 16, 97, 113
349741.6.peg.1287.site.9, 8, 97, 105
349741.6.peg.1287.site.10, 37, 97, 134
349741.6.peg.1287.site.11, 14, 97, 111
349741.6.peg.1287.site.12, 26, 97, 123
349741.6.peg.1287.site.13, 29, 97, 126
349741.6.peg.1287.site.14, 1, 97, 98
349741.6.peg.1287.site.15, 15, 97, 112
349741.6.peg.1287.site.16, 14, 97, 111
349741.6.peg.1287.site.17, 14, 97, 111
349741.6.peg.1287.site.18, 85, 97, 182
349741.6.peg.1287.site.19, 32, 97, 129
349741.6.peg.1287.site.20, 3, 97, 100
349741.6.peg.1287.site.21, 2, 97, 99
349741.6.peg.1287.site.22, 2, 97, 99
349741.6.peg.1287.site.23, 97, 97, 194
349741.6.peg.1287.site.24, 15, 96, 111
349741.6.peg.1287.site.25, 0, 97, 97
349741.6.peg.1998.site.1, 2, 96, 98
349741.6.peg.1998.site.2, 3, 97, 100
349741.6.peg.1998.site.3, 7, 97, 104
349741.6.peg.1998.site.4, 11, 97, 108
349741.6.peg.1998.site.5, 11, 97, 108
349741.6.peg.1998.site.6, 7, 97, 104
349741.6.peg.1998.site.7, 97, 97, 194
349741.6.peg.1998.site.8, 4, 93, 97
349741.6.peg.1998.site.9, 18, 91, 109
349741.6.peg.1998.site.10, 2, 93, 95
349741.6.peg.1998.site.11, 32, 96, 128
349741.6.peg.1998.site.12, 46, 97, 143
349741.6.peg.1998.site.13, 3, 97, 100
349741.6.peg.1998.site.14, 1, 96, 97
349741.6.peg.1999.site.1, 2, 97, 99
349741.6.peg.1999.site.2, 21, 97, 118
349741.6.peg.1999.site.3, 0, 97, 97
349741.6.peg.1999.site.4, 13, 97, 110
349741.6.peg.1999.site.5, 7, 97, 104
349741.6.peg.1999.site.6, 2, 95, 97
349741.6.peg.1999.site.7, 11, 85, 96
349741.6.peg.1999.site.8, 4, 13, 17
349741.6.peg.1997.site.1, 36, 97, 133
349741.6.peg.1997.site.2, 19, 96, 115
349741.6.peg.1997.site.3, 1, 97, 98
349741.6.peg.1997.site.4, 84, 96, 180
349741.6.peg.1997.site.5, 3, 97, 100
349741.6.peg.1997.site.6, 1, 97, 98
349741.6.peg.1997.site.7, 53, 97, 150
349741.6.peg.1997.site.8, 1, 97, 98
349741.6.peg.1997.site.9, 18, 97, 115
349741.6.peg.1997.site.10, 10, 96, 106
349741.6.peg.1997.site.11, 6, 96, 102
349741.6.peg.1997.site.12, 32, 97, 129
349741.6.peg.1997.site.13, 97, 97, 194
349741.6.peg.1997.site.14, 8, 97, 105
349741.6.peg.1997.site.15, 1, 96, 97
349741.6.peg.1997.site.16, 0, 96, 96
349741.6.peg.1997.site.17, 94, 96, 190
349741.6.peg.1997.site.18, 0, 97, 97
349741.6.peg.1997.site.19, 1, 97, 98
349741.6.peg.1997.site.20, 81, 97, 178
349741.6.peg.1997.site.21, 4, 97, 101
349741.6.peg.1997.site.22, 94, 97, 191
349741.6.peg.1997.site.23, 5, 97, 102
349741.6.peg.1997.site.24, 2, 97, 99
349741.6.peg.1997.site.25, 2, 97, 99
349741.6.peg.1997.site.26, 6, 97, 103
349741.6.peg.1990.site.1, 12, 96, 108
349741.6.peg.1990.site.2, 1, 96, 97
349741.6.peg.1990.site.3, 9, 97, 106
349741.6.peg.1990.site.4, 10, 97, 107
349741.6.peg.1990.site.5, 10, 97, 107
349741.6.peg.1990.site.6, 2, 97, 99
349741.6.peg.1990.site.7, 11, 97, 108
349741.6.peg.1990.site.8, 12, 97, 109
349741.6.peg.1990.site.9, 2, 97, 99
349741.6.peg.1990.site.10, 39, 97, 136
349741.6.peg.1990.site.11, 2, 97, 99
349741.6.peg.1990.site.12, 1, 97, 98
349741.6.peg.1990.site.13, 11, 97, 108
349741.6.peg.1990.site.14, 2, 97, 99
349741.6.peg.1990.site.15, 87, 97, 184
349741.6.peg.1990.site.16, 44, 97, 141
349741.6.peg.1990.site.17, 11, 97, 108
349741.6.peg.1990.site.18, 8, 96, 104
349741.6.peg.1990.site.19, 8, 94, 102
349741.6.peg.1990.site.20, 5, 91, 96
349741.6.peg.1990.site.21, 13, 90, 103
349741.6.peg.1990.site.22, 5, 91, 96
349741.6.peg.1990.site.23, 10, 96, 106
349741.6.peg.1990.site.24, 10, 96, 106
349741.6.peg.1990.site.25, 12, 96, 108
349741.6.peg.1990.site.26, 11, 97, 108
349741.6.peg.1990.site.27, 7, 96, 103
349741.6.peg.1990.site.28, 1, 96, 97
349741.6.peg.1990.site.29, 2, 97, 99
349741.6.peg.1990.site.30, 1, 97, 98
349741.6.peg.1990.site.31, 2, 94, 96
349741.6.peg.1991.site.1, 9, 91, 100
349741.6.peg.1991.site.2, 0, 97, 97
349741.6.peg.1991.site.3, 1, 97, 98
349741.6.peg.1991.site.4, 2, 97, 99
349741.6.peg.1991.site.5, 1, 95, 96
349741.6.peg.1991.site.6, 96, 96, 192
349741.6.peg.1991.site.7, 89, 97, 186
349741.6.peg.1991.site.8, 78, 96, 174
349741.6.peg.1991.site.9, 2, 96, 98
349741.6.peg.1991.site.10, 8, 97, 105
349741.6.peg.1991.site.11, 18, 97, 115
349741.6.peg.1991.site.12, 2, 97, 99
349741.6.peg.1991.site.13, 6, 97, 103
349741.6.peg.1991.site.14, 79, 97, 176
349741.6.peg.1991.site.15, 1, 97, 98
349741.6.peg.1991.site.16, 3, 97, 100
349741.6.peg.1991.site.17, 79, 97, 176
349741.6.peg.1991.site.18, 6, 97, 103
349741.6.peg.1991.site.19, 81, 97, 178
349741.6.peg.1991.site.20, 2, 97, 99
349741.6.peg.1991.site.21, 1, 97, 98
349741.6.peg.1991.site.22, 48, 97, 145
349741.6.peg.1991.site.23, 97, 97, 194
349741.6.peg.1991.site.24, 1, 97, 98
349741.6.peg.1991.site.25, 2, 97, 99
349741.6.peg.1991.site.26, 2, 97, 99
349741.6.peg.1991.site.27, 0, 97, 97
349741.6.peg.1991.site.28, 2, 97, 99
349741.6.peg.1991.site.29, 7, 97, 104
349741.6.peg.1991.site.30, 29, 97, 126
349741.6.peg.1991.site.31, 89, 97, 186
349741.6.peg.1991.site.32, 2, 97, 99
349741.6.peg.1991.site.33, 2, 97, 99
349741.6.peg.1991.site.34, 55, 97, 152
349741.6.peg.1991.site.35, 16, 97, 113
349741.6.peg.1991.site.36, 2, 97, 99
349741.6.peg.1991.site.37, 1, 94, 95
349741.6.peg.1991.site.38, 93, 93, 186
349741.6.peg.1991.site.39, 5, 97, 102
349741.6.peg.1991.site.40, 79, 97, 176
349741.6.peg.1991.site.41, 2, 96, 98
349741.6.peg.1991.site.42, 4, 97, 101
349741.6.peg.1991.site.43, 93, 93, 186
349741.6.peg.1991.site.44, 19, 37, 56
349741.6.peg.1992.site.1, 91, 91, 182
349741.6.peg.1992.site.2, 1, 91, 92
349741.6.peg.1992.site.3, 74, 94, 168
349741.6.peg.1992.site.4, 7, 97, 104
349741.6.peg.1992.site.5, 87, 97, 184
349741.6.peg.1992.site.6, 1, 94, 95
349741.6.peg.1992.site.7, 1, 96, 97
349741.6.peg.1992.site.8, 0, 97, 97
349741.6.peg.1992.site.9, 5, 97, 102
349741.6.peg.1992.site.10, 4, 97, 101
349741.6.peg.1992.site.11, 3, 97, 100
349741.6.peg.1992.site.12, 2, 97, 99
349741.6.peg.1992.site.13, 1, 97, 98
349741.6.peg.1992.site.14, 7, 97, 104
349741.6.peg.1992.site.15, 79, 94, 173
349741.6.peg.1992.site.16, 78, 92, 170
349741.6.peg.1992.site.17, 8, 92, 100
349741.6.peg.1992.site.18, 27, 91, 118
349741.6.peg.1992.site.19, 79, 93, 172
349741.6.peg.1992.site.20, 91, 91, 182
349741.6.peg.1992.site.21, 83, 89, 172
349741.6.peg.1992.site.22, 90, 90, 180
349741.6.peg.1992.site.23, 68, 84, 152
349741.6.peg.1992.site.24, 3, 94, 97
349741.6.peg.1992.site.25, 3, 97, 100
349741.6.peg.1992.site.26, 28, 97, 125
349741.6.peg.1992.site.27, 3, 96, 99
349741.6.peg.1992.site.28, 1, 96, 97
349741.6.peg.1992.site.29, 2, 94, 96
349741.6.peg.1992.site.30, 78, 94, 172
349741.6.peg.1992.site.31, 79, 95, 174
349741.6.peg.1992.site.32, 80, 96, 176
349741.6.peg.1992.site.33, 1, 96, 97
349741.6.peg.1992.site.34, 28, 97, 125
349741.6.peg.1992.site.35, 81, 97, 178
349741.6.peg.1992.site.36, 28, 97, 125
349741.6.peg.1992.site.37, 4, 97, 101
349741.6.peg.1992.site.38, 87, 97, 184
349741.6.peg.1992.site.39, 0, 96, 96
349741.6.peg.1992.site.40, 28, 97, 125
349741.6.peg.1992.site.41, 7, 97, 104
349741.6.peg.1992.site.42, 6, 97, 103
349741.6.peg.1992.site.43, 7, 97, 104
349741.6.peg.1992.site.44, 96, 97, 193
349741.6.peg.1992.site.45, 0, 97, 97
349741.6.peg.1992.site.46, 66, 97, 163
349741.6.peg.1992.site.47, 3, 96, 99
349741.6.peg.1992.site.48, 87, 96, 183
349741.6.peg.1992.site.49, 0, 96, 96
349741.6.peg.1992.site.50, 1, 97, 98
349741.6.peg.1973.site.1, 76, 97, 173
349741.6.peg.1973.site.2, 5, 97, 102
349741.6.peg.1973.site.3, 10, 88, 98
349741.6.peg.1973.site.4, 23, 71, 94
349741.6.peg.1970.site.1, 53, 82, 135
349741.6.peg.1970.site.2, 10, 83, 93
349741.6.peg.1970.site.3, 25, 91, 116
349741.6.peg.1970.site.4, 1, 94, 95
349741.6.peg.1970.site.5, 5, 92, 97
349741.6.peg.1970.site.6, 41, 88, 129
349741.6.peg.1970.site.7, 74, 86, 160
349741.6.peg.1970.site.8, 9, 76, 85
349741.6.peg.1970.site.9, 1, 72, 73
349741.6.peg.1970.site.10, 23, 71, 94
349741.6.peg.1970.site.11, 2, 76, 78
349741.6.peg.1970.site.12, 33, 86, 119
349741.6.peg.1970.site.13, 3, 87, 90
349741.6.peg.1970.site.14, 10, 85, 95
349741.6.peg.1970.site.15, 10, 89, 99
349741.6.peg.1970.site.16, 83, 97, 180
349741.6.peg.1970.site.17, 94, 97, 191
349741.6.peg.1970.site.18, 1, 97, 98
349741.6.peg.1970.site.19, 80, 96, 176
349741.6.peg.1970.site.20, 65, 97, 162
349741.6.peg.1970.site.21, 1, 97, 98
349741.6.peg.1970.site.22, 77, 95, 172
349741.6.peg.1970.site.23, 2, 95, 97
349741.6.peg.1970.site.24, 71, 86, 157
349741.6.peg.1970.site.25, 74, 86, 160
349741.6.peg.1970.site.26, 0, 85, 85
349741.6.peg.1970.site.27, 1, 94, 95
349741.6.peg.1970.site.28, 1, 91, 92
349741.6.peg.1970.site.29, 1, 86, 87
349741.6.peg.1970.site.30, 56, 72, 128
349741.6.peg.1970.site.31, 35, 51, 86
349741.6.peg.1970.site.32, 32, 47, 79
349741.6.peg.1970.site.33, 28, 44, 72
349741.6.peg.1970.site.34, 1, 62, 63
349741.6.peg.1970.site.35, 42, 58, 100
349741.6.peg.1970.site.36, 6, 26, 32
349741.6.peg.1970.site.37, 3, 17, 20
349741.6.peg.1970.site.38, 11, 23, 34
349741.6.peg.1970.site.39, 25, 37, 62
349741.6.peg.1970.site.40, 43, 64, 107
349741.6.peg.1970.site.41, 27, 43, 70
349741.6.peg.1970.site.42, 21, 37, 58
349741.6.peg.1970.site.43, 7, 24, 31
349741.6.peg.1976.site.1, 15, 85, 100
349741.6.peg.1976.site.2, 3, 89, 92
349741.6.peg.1976.site.3, 40, 68, 108
349741.6.peg.1976.site.4, 1, 47, 48
349741.6.peg.1976.site.5, 30, 65, 95
349741.6.peg.1976.site.6, 37, 80, 117
349741.6.peg.1976.site.7, 1, 80, 81
349741.6.peg.1976.site.8, 2, 82, 84
349741.6.peg.1976.site.9, 70, 81, 151
349741.6.peg.1976.site.10, 50, 95, 145
349741.6.peg.1976.site.11, 11, 95, 106
349741.6.peg.1976.site.12, 49, 91, 140
349741.6.peg.1976.site.13, 2, 93, 95
349741.6.peg.1976.site.14, 11, 93, 104
349741.6.peg.1976.site.15, 74, 94, 168
349741.6.peg.1976.site.16, 20, 94, 114
349741.6.peg.1976.site.17, 2, 97, 99
349741.6.peg.1977.site.1, 3, 95, 98
349741.6.peg.1977.site.2, 3, 95, 98
349741.6.peg.1977.site.3, 49, 95, 144
349741.6.peg.1977.site.4, 13, 97, 110
349741.6.peg.1977.site.5, 13, 97, 110
349741.6.peg.1977.site.6, 40, 95, 135
349741.6.peg.1977.site.7, 4, 97, 101
349741.6.peg.1977.site.8, 37, 96, 133
349741.6.peg.1977.site.9, 1, 96, 97
349741.6.peg.1977.site.10, 8, 96, 104
349741.6.peg.1977.site.11, 31, 96, 127
349741.6.peg.1977.site.12, 4, 95, 99
349741.6.peg.1977.site.13, 42, 93, 135
349741.6.peg.1977.site.14, 19, 92, 111
349741.6.peg.1977.site.15, 3, 93, 96
349741.6.peg.1977.site.16, 82, 84, 166
349741.6.peg.1977.site.17, 1, 87, 88
349741.6.peg.1977.site.18, 84, 89, 173
349741.6.peg.1977.site.19, 16, 92, 108
349741.6.peg.1977.site.20, 41, 94, 135
349741.6.peg.1977.site.21, 22, 80, 102
349741.6.peg.1977.site.22, 1, 83, 84
349741.6.peg.1977.site.23, 7, 90, 97
349741.6.peg.1977.site.24, 2, 87, 89
349741.6.peg.1977.site.25, 64, 90, 154
349741.6.peg.1977.site.26, 28, 89, 117
349741.6.peg.1977.site.27, 26, 88, 114
349741.6.peg.1977.site.28, 4, 92, 96
349741.6.peg.1977.site.29, 5, 91, 96
349741.6.peg.1977.site.30, 13, 94, 107
349741.6.peg.1975.site.1, 9, 91, 100
349741.6.peg.1975.site.2, 4, 94, 98
349741.6.peg.1975.site.3, 6, 96, 102
349741.6.peg.1975.site.4, 2, 94, 96
349741.6.peg.1975.site.5, 10, 96, 106
349741.6.peg.1975.site.6, 67, 97, 164
349741.6.peg.1975.site.7, 2, 95, 97
349741.6.peg.1975.site.8, 2, 93, 95
349741.6.peg.1975.site.9, 58, 90, 148
349741.6.peg.1975.site.10, 74, 94, 168
349741.6.peg.1975.site.11, 5, 95, 100
349741.6.peg.1975.site.12, 4, 95, 99
349741.6.peg.1975.site.13, 73, 93, 166
349741.6.peg.1975.site.14, 3, 94, 97
349741.6.peg.1975.site.15, 80, 92, 172
349741.6.peg.1975.site.16, 58, 93, 151
349741.6.peg.1975.site.17, 10, 96, 106
349741.6.peg.1975.site.18, 72, 92, 164
349741.6.peg.1975.site.19, 1, 90, 91
349741.6.peg.1975.site.20, 56, 91, 147
349741.6.peg.1975.site.21, 4, 96, 100
349741.6.peg.1975.site.22, 67, 96, 163
349741.6.peg.1975.site.23, 75, 87, 162
349741.6.peg.1975.site.24, 2, 70, 72
349741.6.peg.1975.site.25, 3, 44, 47
349741.6.peg.1975.site.26, 3, 40, 43
349741.6.peg.1975.site.27, 3, 34, 37
349741.6.peg.1975.site.28, 3, 38, 41
349741.6.peg.1975.site.29, 2, 57, 59
349741.6.peg.1975.site.30, 2, 96, 98
349741.6.peg.1975.site.31, 62, 96, 158
349741.6.peg.1975.site.32, 2, 97, 99
349741.6.peg.1975.site.33, 2, 97, 99
349741.6.peg.1975.site.34, 1, 96, 97
349741.6.peg.1975.site.35, 33, 97, 130
349741.6.peg.1975.site.36, 33, 96, 129
349741.6.peg.1975.site.37, 17, 97, 114
349741.6.peg.1975.site.38, 9, 96, 105
349741.6.peg.1975.site.39, 1, 96, 97
349741.6.peg.1975.site.40, 2, 97, 99
349741.6.peg.1979.site.1, 2, 94, 96
349741.6.peg.1979.site.2, 1, 96, 97
349741.6.peg.1979.site.3, 58, 97, 155
349741.6.peg.1979.site.4, 0, 97, 97
349741.6.peg.1979.site.5, 57, 97, 154
349741.6.peg.1979.site.6, 2, 97, 99
349741.6.peg.1979.site.7, 2, 97, 99
349741.6.peg.1979.site.8, 11, 97, 108
349741.6.peg.1979.site.9, 2, 97, 99
349741.6.peg.1979.site.10, 20, 97, 117
349741.6.peg.1979.site.11, 58, 97, 155
349741.6.peg.1979.site.12, 85, 96, 181
349741.6.peg.1979.site.13, 36, 73, 109
349741.6.peg.1979.site.14, 6, 50, 56
349741.6.peg.1979.site.15, 6, 41, 47
349741.6.peg.1979.site.16, 4, 38, 42
349741.6.peg.1979.site.17, 1, 32, 33
349741.6.peg.1312.site.1, 1, 96, 97
349741.6.peg.1312.site.2, 7, 95, 102
349741.6.peg.1312.site.3, 64, 96, 160
349741.6.peg.1312.site.4, 8, 96, 104
349741.6.peg.1312.site.5, 2, 96, 98
349741.6.peg.1312.site.6, 0, 96, 96
349741.6.peg.1312.site.7, 0, 96, 96
349741.6.peg.1313.site.1, 7, 95, 102
349741.6.peg.1313.site.2, 3, 96, 99
349741.6.peg.1313.site.3, 2, 95, 97
349741.6.peg.1313.site.4, 2, 96, 98
349741.6.peg.1313.site.5, 7, 96, 103
349741.6.peg.1313.site.6, 2, 96, 98
349741.6.peg.1313.site.7, 1, 96, 97
349741.6.peg.1313.site.8, 1, 96, 97
349741.6.peg.1313.site.9, 10, 95, 105
349741.6.peg.1313.site.10, 4, 96, 100
349741.6.peg.1313.site.11, 40, 96, 136
349741.6.peg.1313.site.12, 92, 96, 188
349741.6.peg.1313.site.13, 2, 96, 98
349741.6.peg.1313.site.14, 3, 96, 99
349741.6.peg.1313.site.15, 91, 96, 187
349741.6.peg.1313.site.16, 20, 96, 116
349741.6.peg.1313.site.17, 2, 96, 98
349741.6.peg.1313.site.18, 18, 96, 114
349741.6.peg.1313.site.19, 8, 96, 104
349741.6.peg.1313.site.20, 7, 94, 101
349741.6.peg.1313.site.21, 2, 90, 92
349741.6.peg.1313.site.22, 2, 96, 98
349741.6.peg.1313.site.23, 7, 96, 103
349741.6.peg.1313.site.24, 3, 96, 99
349741.6.peg.1313.site.25, 0, 96, 96
349741.6.peg.1313.site.26, 7, 95, 102
349741.6.peg.1313.site.27, 2, 96, 98
349741.6.peg.1313.site.28, 2, 96, 98
349741.6.peg.1313.site.29, 7, 96, 103
349741.6.peg.1313.site.30, 7, 96, 103
349741.6.peg.1313.site.31, 4, 96, 100
349741.6.peg.1313.site.32, 10, 96, 106
349741.6.peg.1313.site.33, 2, 96, 98
349741.6.peg.1313.site.34, 4, 96, 100
349741.6.peg.1313.site.35, 1, 96, 97
349741.6.peg.1313.site.36, 1, 96, 97
349741.6.peg.1313.site.37, 15, 96, 111
349741.6.peg.1313.site.38, 1, 96, 97
349741.6.peg.1310.site.1, 0, 97, 97
349741.6.peg.1310.site.2, 66, 97, 163
349741.6.peg.1310.site.3, 5, 96, 101
349741.6.peg.1311.site.1, 1, 97, 98
349741.6.peg.1311.site.2, 1, 97, 98
349741.6.peg.1311.site.3, 3, 96, 99
349741.6.peg.1311.site.4, 12, 97, 109
349741.6.peg.1311.site.5, 88, 97, 185
349741.6.peg.1311.site.6, 1, 97, 98
349741.6.peg.1311.site.7, 6, 97, 103
349741.6.peg.1311.site.8, 3, 97, 100
349741.6.peg.1311.site.9, 2, 97, 99
349741.6.peg.1311.site.10, 79, 96, 175
349741.6.peg.1311.site.11, 10, 95, 105
349741.6.peg.1311.site.12, 0, 96, 96
349741.6.peg.1311.site.13, 13, 97, 110
349741.6.peg.1311.site.14, 2, 91, 93
349741.6.peg.1311.site.15, 6, 90, 96
349741.6.peg.1311.site.16, 2, 96, 98
349741.6.peg.1316.site.1, 2, 97, 99
349741.6.peg.1316.site.2, 66, 96, 162
349741.6.peg.1316.site.3, 32, 97, 129
349741.6.peg.1317.site.1, 4, 97, 101
349741.6.peg.1317.site.2, 4, 97, 101
349741.6.peg.1317.site.3, 4, 97, 101
349741.6.peg.1317.site.4, 15, 96, 111
349741.6.peg.1402.site.1, 3, 88, 91
349741.6.peg.1402.site.2, 7, 92, 99
349741.6.peg.1402.site.3, 11, 95, 106
349741.6.peg.1402.site.4, 4, 95, 99
349741.6.peg.1402.site.5, 13, 97, 110
349741.6.peg.1402.site.6, 58, 97, 155
349741.6.peg.1402.site.7, 58, 97, 155
349741.6.peg.1402.site.8, 81, 97, 178
349741.6.peg.1402.site.9, 3, 97, 100
349741.6.peg.1402.site.10, 2, 97, 99
349741.6.peg.1402.site.11, 12, 97, 109
349741.6.peg.1402.site.12, 7, 97, 104
349741.6.peg.1402.site.13, 13, 97, 110
349741.6.peg.1402.site.14, 12, 97, 109
349741.6.peg.1402.site.15, 77, 97, 174
349741.6.peg.1402.site.16, 2, 97, 99
349741.6.peg.1402.site.17, 65, 96, 161
349741.6.peg.1402.site.18, 73, 95, 168
349741.6.peg.1402.site.19, 2, 88, 90
349741.6.peg.1402.site.20, 66, 88, 154
349741.6.peg.1402.site.21, 2, 88, 90
349741.6.peg.1402.site.22, 0, 88, 88
349741.6.peg.1402.site.23, 67, 89, 156
349741.6.peg.1402.site.24, 1, 94, 95
349741.6.peg.1402.site.25, 58, 90, 148
349741.6.peg.1402.site.26, 68, 90, 158
349741.6.peg.1402.site.27, 76, 95, 171
349741.6.peg.1402.site.28, 8, 94, 102
349741.6.peg.1402.site.29, 45, 95, 140
349741.6.peg.1402.site.30, 75, 97, 172
349741.6.peg.1402.site.31, 2, 97, 99
349741.6.peg.1402.site.32, 74, 97, 171
349741.6.peg.1402.site.33, 96, 96, 192
349741.6.peg.1402.site.34, 2, 97, 99
349741.6.peg.1402.site.35, 79, 97, 176
349741.6.peg.1402.site.36, 23, 97, 120
349741.6.peg.1402.site.37, 79, 97, 176
349741.6.peg.1402.site.38, 3, 97, 100
349741.6.peg.1402.site.39, 0, 97, 97
349741.6.peg.1402.site.40, 79, 97, 176
349741.6.peg.1402.site.41, 1, 97, 98
349741.6.peg.1315.site.1, 2, 96, 98
349741.6.peg.1315.site.2, 0, 96, 96
349741.6.peg.1315.site.3, 22, 97, 119
349741.6.peg.1315.site.4, 2, 97, 99
349741.6.peg.1403.site.1, 74, 97, 171
349741.6.peg.1403.site.2, 81, 97, 178
349741.6.peg.1403.site.3, 69, 97, 166
349741.6.peg.1403.site.4, 64, 81, 145
349741.6.peg.1403.site.5, 58, 77, 135
349741.6.peg.1403.site.6, 78, 97, 175
349741.6.peg.1403.site.7, 78, 97, 175
349741.6.peg.1403.site.8, 2, 97, 99
349741.6.peg.1403.site.9, 1, 97, 98
349741.6.peg.1403.site.10, 78, 97, 175
349741.6.peg.1403.site.11, 78, 97, 175
349741.6.peg.1403.site.12, 62, 94, 156
349741.6.peg.1403.site.13, 5, 78, 83
349741.6.peg.1403.site.14, 67, 85, 152
349741.6.peg.1403.site.15, 50, 96, 146
349741.6.peg.1403.site.16, 78, 97, 175
349741.6.peg.1403.site.17, 1, 97, 98
349741.6.peg.1403.site.18, 1, 97, 98
349741.6.peg.1400.site.1, 4, 97, 101
349741.6.peg.1400.site.2, 9, 97, 106
349741.6.peg.1400.site.3, 1, 97, 98
349741.6.peg.1400.site.4, 1, 96, 97
349741.6.peg.1400.site.5, 12, 97, 109
349741.6.peg.1400.site.6, 42, 97, 139
349741.6.peg.1400.site.7, 54, 97, 151
349741.6.peg.1400.site.8, 12, 97, 109
349741.6.peg.1400.site.9, 1, 97, 98
349741.6.peg.1400.site.10, 26, 97, 123
349741.6.peg.1400.site.11, 91, 97, 188
349741.6.peg.1400.site.12, 12, 96, 108
349741.6.peg.1400.site.13, 1, 96, 97
349741.6.peg.1401.site.1, 14, 64, 78
349741.6.peg.1401.site.2, 53, 76, 129
349741.6.peg.1401.site.3, 61, 85, 146
349741.6.peg.1401.site.4, 4, 86, 90
349741.6.peg.1401.site.5, 1, 86, 87
349741.6.peg.1401.site.6, 1, 85, 86
349741.6.peg.1401.site.7, 1, 86, 87
349741.6.peg.1401.site.8, 52, 75, 127
349741.6.peg.1401.site.9, 33, 68, 101
349741.6.peg.1401.site.10, 49, 72, 121
349741.6.peg.1401.site.11, 55, 84, 139
349741.6.peg.1401.site.12, 6, 86, 92
349741.6.peg.1401.site.13, 24, 95, 119
349741.6.peg.1401.site.14, 2, 97, 99
349741.6.peg.1401.site.15, 80, 96, 176
349741.6.peg.1401.site.16, 25, 97, 122
349741.6.peg.1401.site.17, 4, 97, 101
349741.6.peg.1401.site.18, 2, 97, 99
349741.6.peg.246.site.1, 3, 97, 100
349741.6.peg.246.site.2, 2, 95, 97
349741.6.peg.246.site.3, 49, 95, 144
349741.6.peg.246.site.4, 1, 94, 95
349741.6.peg.246.site.5, 3, 92, 95
349741.6.peg.246.site.6, 5, 93, 98
349741.6.peg.246.site.7, 1, 92, 93
349741.6.peg.246.site.8, 3, 93, 96
349741.6.peg.246.site.9, 63, 90, 153
349741.6.peg.246.site.10, 2, 96, 98
349741.6.peg.246.site.11, 92, 95, 187
349741.6.peg.246.site.12, 1, 94, 95
349741.6.peg.246.site.13, 1, 96, 97
349741.6.peg.246.site.14, 3, 96, 99
349741.6.peg.246.site.15, 1, 96, 97
349741.6.peg.246.site.16, 16, 94, 110
349741.6.peg.246.site.17, 7, 95, 102
349741.6.peg.246.site.18, 4, 95, 99
349741.6.peg.246.site.19, 83, 94, 177
349741.6.peg.246.site.20, 19, 93, 112
349741.6.peg.246.site.21, 42, 96, 138
349741.6.peg.246.site.22, 43, 96, 139
349741.6.peg.1425.site.1, 10, 97, 107
349741.6.peg.1425.site.2, 1, 94, 95
349741.6.peg.1425.site.3, 1, 95, 96
349741.6.peg.1425.site.4, 1, 94, 95
349741.6.peg.1425.site.5, 4, 96, 100
349741.6.peg.1425.site.6, 2, 95, 97
349741.6.peg.1425.site.7, 3, 97, 100
349741.6.peg.1425.site.8, 3, 97, 100
349741.6.peg.1425.site.9, 3, 97, 100
349741.6.peg.1425.site.10, 92, 97, 189
349741.6.peg.1425.site.11, 89, 97, 186
349741.6.peg.1425.site.12, 3, 97, 100
349741.6.peg.1425.site.13, 3, 97, 100
349741.6.peg.1425.site.14, 4, 97, 101
349741.6.peg.1425.site.15, 4, 97, 101
349741.6.peg.1425.site.16, 2, 97, 99
349741.6.peg.1425.site.17, 0, 97, 97
349741.6.peg.1425.site.18, 45, 97, 142
349741.6.peg.1425.site.19, 1, 97, 98
349741.6.peg.1425.site.20, 47, 97, 144
349741.6.peg.1425.site.21, 46, 95, 141
349741.6.peg.1425.site.22, 1, 96, 97
349741.6.peg.1425.site.23, 2, 97, 99
349741.6.peg.1425.site.24, 7, 95, 102
349741.6.peg.1425.site.25, 2, 96, 98
349741.6.peg.1425.site.26, 45, 96, 141
349741.6.peg.1425.site.27, 2, 97, 99
349741.6.peg.1425.site.28, 79, 97, 176
349741.6.peg.1425.site.29, 2, 97, 99
349741.6.peg.1425.site.30, 45, 97, 142
349741.6.peg.1425.site.31, 2, 97, 99
349741.6.peg.1425.site.32, 0, 97, 97
349741.6.peg.1425.site.33, 77, 97, 174
349741.6.peg.1425.site.34, 39, 96, 135
349741.6.peg.1425.site.35, 3, 97, 100
349741.6.peg.1425.site.36, 1, 95, 96
349741.6.peg.1425.site.37, 30, 95, 125
349741.6.peg.1425.site.38, 1, 96, 97
349741.6.peg.1425.site.39, 48, 96, 144
349741.6.peg.1425.site.40, 2, 95, 97
349741.6.peg.1425.site.41, 1, 93, 94
349741.6.peg.1425.site.42, 47, 93, 140
349741.6.peg.1425.site.43, 45, 94, 139
349741.6.peg.1425.site.44, 1, 96, 97
349741.6.peg.1425.site.45, 3, 97, 100
349741.6.peg.1425.site.46, 3, 97, 100
349741.6.peg.1425.site.47, 3, 97, 100
349741.6.peg.1425.site.48, 30, 97, 127
349741.6.peg.1425.site.49, 49, 95, 144
349741.6.peg.1426.site.1, 73, 73, 146
349741.6.peg.1426.site.2, 3, 37, 40
349741.6.peg.1426.site.3, 20, 36, 56
349741.6.peg.1420.site.1, 65, 96, 161
349741.6.peg.1420.site.2, 37, 93, 130
349741.6.peg.1420.site.3, 4, 94, 98
349741.6.peg.1420.site.4, 80, 87, 167
349741.6.peg.1420.site.5, 9, 90, 99
349741.6.peg.1420.site.6, 46, 92, 138
349741.6.peg.1420.site.7, 37, 93, 130
349741.6.peg.1420.site.8, 44, 94, 138
349741.6.peg.1420.site.9, 59, 95, 154
349741.6.peg.1420.site.10, 49, 96, 145
349741.6.peg.1420.site.11, 49, 96, 145
349741.6.peg.1420.site.12, 48, 95, 143
349741.6.peg.1420.site.13, 36, 95, 131
349741.6.peg.1420.site.14, 38, 82, 120
349741.6.peg.1420.site.15, 34, 92, 126
349741.6.peg.1420.site.16, 1, 94, 95
349741.6.peg.1420.site.17, 42, 89, 131
349741.6.peg.1420.site.18, 2, 90, 92
349741.6.peg.1420.site.19, 1, 97, 98
349741.6.peg.1420.site.20, 5, 96, 101
349741.6.peg.1420.site.21, 47, 94, 141
349741.6.peg.1420.site.22, 49, 96, 145
349741.6.peg.1420.site.23, 2, 96, 98
349741.6.peg.1420.site.24, 40, 96, 136
349741.6.peg.1420.site.25, 50, 97, 147
349741.6.peg.1420.site.26, 49, 96, 145
349741.6.peg.1420.site.27, 9, 97, 106
349741.6.peg.1420.site.28, 5, 97, 102
349741.6.peg.1420.site.29, 56, 97, 153
349741.6.peg.1420.site.30, 41, 96, 137
349741.6.peg.1420.site.31, 9, 96, 105
349741.6.peg.1420.site.32, 90, 94, 184
349741.6.peg.1420.site.33, 6, 93, 99
349741.6.peg.1420.site.34, 35, 90, 125
349741.6.peg.1420.site.35, 39, 95, 134
349741.6.peg.1420.site.36, 48, 94, 142
349741.6.peg.1420.site.37, 46, 94, 140
349741.6.peg.1420.site.38, 47, 93, 140
349741.6.peg.1420.site.39, 44, 96, 140
349741.6.peg.1420.site.40, 4, 96, 100
349741.6.peg.1420.site.41, 41, 97, 138
349741.6.peg.1420.site.42, 50, 97, 147
349741.6.peg.1420.site.43, 50, 97, 147
349741.6.peg.1420.site.44, 31, 97, 128
349741.6.peg.1420.site.45, 32, 95, 127
349741.6.peg.1420.site.46, 32, 95, 127
349741.6.peg.1420.site.47, 2, 95, 97
349741.6.peg.1420.site.48, 94, 94, 188
349741.6.peg.1420.site.49, 50, 96, 146
349741.6.peg.1420.site.50, 32, 96, 128
349741.6.peg.1420.site.51, 8, 95, 103
349741.6.peg.1420.site.52, 31, 94, 125
349741.6.peg.1420.site.53, 10, 95, 105
349741.6.peg.1420.site.54, 19, 96, 115
349741.6.peg.1420.site.55, 19, 95, 114
349741.6.peg.1420.site.56, 33, 95, 128
349741.6.peg.1420.site.57, 46, 94, 140
349741.6.peg.1420.site.58, 76, 97, 173
349741.6.peg.1420.site.59, 1, 97, 98
349741.6.peg.1420.site.60, 66, 95, 161
349741.6.peg.1420.site.61, 67, 95, 162
349741.6.peg.1420.site.62, 47, 96, 143
349741.6.peg.1420.site.63, 3, 88, 91
349741.6.peg.1420.site.64, 42, 87, 129
349741.6.peg.1420.site.65, 5, 87, 92
349741.6.peg.1420.site.66, 30, 94, 124
349741.6.peg.1420.site.67, 30, 94, 124
349741.6.peg.1420.site.68, 6, 93, 99
349741.6.peg.1420.site.69, 8, 95, 103
349741.6.peg.1420.site.70, 32, 92, 124
349741.6.peg.1420.site.71, 3, 89, 92
349741.6.peg.1420.site.72, 5, 39, 44
349741.6.peg.1420.site.73, 5, 39, 44
349741.6.peg.1420.site.74, 22, 36, 58
349741.6.peg.1420.site.75, 2, 38, 40
349741.6.peg.1420.site.76, 12, 80, 92
349741.6.peg.1420.site.77, 31, 87, 118
349741.6.peg.1420.site.78, 38, 88, 126
349741.6.peg.1420.site.79, 40, 90, 130
349741.6.peg.1420.site.80, 31, 92, 123
349741.6.peg.1420.site.81, 32, 92, 124
349741.6.peg.1420.site.82, 2, 94, 96
349741.6.peg.1420.site.83, 31, 95, 126
349741.6.peg.1420.site.84, 2, 97, 99
349741.6.peg.1420.site.85, 3, 97, 100
349741.6.peg.1420.site.86, 77, 96, 173
349741.6.peg.1420.site.87, 47, 97, 144
349741.6.peg.1420.site.88, 37, 97, 134
349741.6.peg.1420.site.89, 0, 97, 97
349741.6.peg.1420.site.90, 30, 96, 126
349741.6.peg.1420.site.91, 78, 97, 175
349741.6.peg.1420.site.92, 2, 97, 99
349741.6.peg.1420.site.93, 5, 96, 101
349741.6.peg.1420.site.94, 2, 96, 98
349741.6.peg.1420.site.95, 7, 97, 104
349741.6.peg.1420.site.96, 8, 95, 103
349741.6.peg.1420.site.97, 7, 97, 104
349741.6.peg.1420.site.98, 39, 89, 128
349741.6.peg.1420.site.99, 13, 86, 99
349741.6.peg.1420.site.100, 77, 83, 160
349741.6.peg.1420.site.101, 29, 79, 108
349741.6.peg.1420.site.102, 47, 97, 144
349741.6.peg.1420.site.103, 47, 97, 144
349741.6.peg.1420.site.104, 40, 97, 137
349741.6.peg.1420.site.105, 7, 97, 104
349741.6.peg.1420.site.106, 47, 97, 144
349741.6.peg.1420.site.107, 31, 97, 128
349741.6.peg.1420.site.108, 89, 97, 186
349741.6.peg.1420.site.109, 47, 97, 144
349741.6.peg.1420.site.110, 71, 97, 168
349741.6.peg.1420.site.111, 0, 97, 97
349741.6.peg.1420.site.112, 30, 96, 126
349741.6.peg.1420.site.113, 47, 97, 144
349741.6.peg.1420.site.114, 8, 95, 103
349741.6.peg.1420.site.115, 31, 96, 127
349741.6.peg.1420.site.116, 47, 97, 144
349741.6.peg.1420.site.117, 78, 97, 175
349741.6.peg.1420.site.118, 57, 96, 153
349741.6.peg.1420.site.119, 45, 97, 142
349741.6.peg.1420.site.120, 5, 97, 102
349741.6.peg.1420.site.121, 4, 97, 101
349741.6.peg.1420.site.122, 4, 97, 101
349741.6.peg.1420.site.123, 77, 96, 173
349741.6.peg.1420.site.124, 39, 95, 134
349741.6.peg.1420.site.125, 85, 94, 179
349741.6.peg.1420.site.126, 46, 89, 135
349741.6.peg.1420.site.127, 5, 88, 93
349741.6.peg.1420.site.128, 5, 89, 94
349741.6.peg.1420.site.129, 43, 90, 133
349741.6.peg.1420.site.130, 29, 92, 121
349741.6.peg.1420.site.131, 29, 92, 121
349741.6.peg.1420.site.132, 6, 93, 99
349741.6.peg.1420.site.133, 5, 94, 99
349741.6.peg.1420.site.134, 5, 93, 98
349741.6.peg.1420.site.135, 31, 95, 126
349741.6.peg.1420.site.136, 5, 95, 100
349741.6.peg.1420.site.137, 6, 94, 100
349741.6.peg.1420.site.138, 6, 94, 100
349741.6.peg.1420.site.139, 31, 92, 123
349741.6.peg.1420.site.140, 1, 93, 94
349741.6.peg.1420.site.141, 5, 97, 102
349741.6.peg.1420.site.142, 31, 97, 128
349741.6.peg.1420.site.143, 3, 97, 100
349741.6.peg.1420.site.144, 2, 97, 99
349741.6.peg.1420.site.145, 29, 97, 126
349741.6.peg.1420.site.146, 78, 97, 175
349741.6.peg.1420.site.147, 0, 96, 96
349741.6.peg.1420.site.148, 50, 96, 146
349741.6.peg.1420.site.149, 78, 97, 175
349741.6.peg.1420.site.150, 26, 93, 119
349741.6.peg.1420.site.151, 1, 95, 96
349741.6.peg.1420.site.152, 28, 94, 122
349741.6.peg.1420.site.153, 29, 76, 105
349741.6.peg.1420.site.154, 27, 74, 101
349741.6.peg.1420.site.155, 27, 75, 102
349741.6.peg.1420.site.156, 26, 73, 99
349741.6.peg.1420.site.157, 53, 69, 122
349741.6.peg.1420.site.158, 3, 77, 80
349741.6.peg.1420.site.159, 73, 92, 165
349741.6.peg.1420.site.160, 1, 95, 96
349741.6.peg.1420.site.161, 49, 95, 144
349741.6.peg.1420.site.162, 0, 93, 93
349741.6.peg.1420.site.163, 30, 94, 124
349741.6.peg.1420.site.164, 76, 95, 171
349741.6.peg.1420.site.165, 27, 96, 123
349741.6.peg.1420.site.166, 28, 97, 125
349741.6.peg.1420.site.167, 8, 97, 105
349741.6.peg.796.site.1, 2, 97, 99
349741.6.peg.796.site.2, 60, 97, 157
349741.6.peg.796.site.3, 14, 97, 111
349741.6.peg.796.site.4, 1, 97, 98
349741.6.peg.796.site.5, 18, 97, 115
349741.6.peg.1422.site.1, 9, 94, 103
349741.6.peg.1422.site.2, 8, 93, 101
349741.6.peg.1422.site.3, 1, 94, 95
349741.6.peg.1422.site.4, 4, 93, 97
349741.6.peg.1422.site.5, 66, 83, 149
349741.6.peg.1422.site.6, 69, 85, 154
349741.6.peg.1422.site.7, 84, 90, 174
349741.6.peg.1422.site.8, 7, 95, 102
349741.6.peg.1422.site.9, 14, 95, 109
349741.6.peg.1422.site.10, 72, 97, 169
349741.6.peg.1423.site.1, 77, 95, 172
349741.6.peg.1423.site.2, 4, 94, 98
349741.6.peg.1423.site.3, 5, 95, 100
349741.6.peg.1423.site.4, 4, 94, 98
349741.6.peg.1423.site.5, 7, 97, 104
349741.6.peg.1423.site.6, 7, 97, 104
349741.6.peg.1423.site.7, 7, 97, 104
349741.6.peg.791.site.1, 2, 16, 18
349741.6.peg.791.site.2, 1, 16, 17
349741.6.peg.791.site.3, 7, 15, 22
349741.6.peg.791.site.4, 3, 12, 15
349741.6.peg.791.site.5, 8, 12, 20
349741.6.peg.791.site.6, 8, 91, 99
349741.6.peg.791.site.7, 3, 97, 100
349741.6.peg.791.site.8, 2, 97, 99
349741.6.peg.791.site.9, 65, 65, 130
349741.6.peg.791.site.10, 7, 93, 100
349741.6.peg.791.site.11, 1, 96, 97
349741.6.peg.791.site.12, 5, 97, 102
349741.6.peg.791.site.13, 5, 97, 102
349741.6.peg.791.site.14, 12, 97, 109
349741.6.peg.791.site.15, 12, 97, 109
349741.6.peg.791.site.16, 55, 94, 149
349741.6.peg.791.site.17, 5, 97, 102
349741.6.peg.240.site.1, 3, 95, 98
349741.6.peg.240.site.2, 90, 93, 183
349741.6.peg.240.site.3, 6, 92, 98
349741.6.peg.240.site.4, 74, 91, 165
349741.6.peg.240.site.5, 1, 92, 93
349741.6.peg.240.site.6, 2, 91, 93
349741.6.peg.240.site.7, 74, 91, 165
349741.6.peg.240.site.8, 2, 93, 95
349741.6.peg.240.site.9, 3, 95, 98
349741.6.peg.240.site.10, 1, 93, 94
349741.6.peg.240.site.11, 0, 94, 94
349741.6.peg.240.site.12, 40, 96, 136
349741.6.peg.240.site.13, 2, 96, 98
349741.6.peg.240.site.14, 2, 95, 97
349741.6.peg.240.site.15, 15, 96, 111
349741.6.peg.240.site.16, 1, 96, 97
349741.6.peg.240.site.17, 2, 95, 97
349741.6.peg.240.site.18, 60, 94, 154
349741.6.peg.240.site.19, 2, 93, 95
349741.6.peg.240.site.20, 2, 94, 96
349741.6.peg.240.site.21, 16, 93, 109
349741.6.peg.240.site.22, 2, 94, 96
349741.6.peg.240.site.23, 52, 95, 147
349741.6.peg.793.site.1, 5, 97, 102
349741.6.peg.793.site.2, 1, 97, 98
349741.6.peg.793.site.3, 0, 97, 97
349741.6.peg.793.site.4, 1, 97, 98
349741.6.peg.793.site.5, 1, 97, 98
349741.6.peg.793.site.6, 0, 96, 96
349741.6.peg.138.site.1, 90, 94, 184
349741.6.peg.138.site.2, 2, 92, 94
349741.6.peg.138.site.3, 2, 90, 92
349741.6.peg.138.site.4, 1, 97, 98
349741.6.peg.138.site.5, 21, 97, 118
349741.6.peg.138.site.6, 21, 96, 117
349741.6.peg.138.site.7, 6, 96, 102
349741.6.peg.138.site.8, 42, 97, 139
349741.6.peg.138.site.9, 2, 97, 99
349741.6.peg.138.site.10, 1, 97, 98
349741.6.peg.138.site.11, 11, 97, 108
349741.6.peg.138.site.12, 40, 97, 137
349741.6.peg.138.site.13, 40, 96, 136
349741.6.peg.138.site.14, 1, 95, 96
349741.6.peg.138.site.15, 0, 97, 97
349741.6.peg.138.site.16, 1, 97, 98
349741.6.peg.138.site.17, 52, 97, 149
349741.6.peg.138.site.18, 2, 97, 99
349741.6.peg.138.site.19, 2, 97, 99
349741.6.peg.138.site.20, 1, 94, 95
349741.6.peg.138.site.21, 36, 95, 131
349741.6.peg.138.site.22, 2, 95, 97
349741.6.peg.138.site.23, 2, 97, 99
349741.6.peg.139.site.1, 2, 96, 98
349741.6.peg.139.site.2, 2, 97, 99
349741.6.peg.139.site.3, 2, 97, 99
349741.6.peg.139.site.4, 54, 97, 151
349741.6.peg.139.site.5, 2, 97, 99
349741.6.peg.1513.site.1, 31, 96, 127
349741.6.peg.1513.site.2, 0, 96, 96
349741.6.peg.1513.site.3, 63, 96, 159
349741.6.peg.1513.site.4, 29, 96, 125
349741.6.peg.1513.site.5, 52, 96, 148
349741.6.peg.1513.site.6, 34, 96, 130
349741.6.peg.1513.site.7, 1, 97, 98
349741.6.peg.1513.site.8, 65, 73, 138
349741.6.peg.1513.site.9, 1, 59, 60
349741.6.peg.1513.site.10, 3, 61, 64
349741.6.peg.1513.site.11, 6, 64, 70
349741.6.peg.1513.site.12, 17, 97, 114
349741.6.peg.1513.site.13, 48, 91, 139
349741.6.peg.1513.site.14, 47, 91, 138
349741.6.peg.1513.site.15, 1, 90, 91
349741.6.peg.1513.site.16, 21, 65, 86
349741.6.peg.1513.site.17, 16, 60, 76
349741.6.peg.1513.site.18, 37, 80, 117
349741.6.peg.1513.site.19, 33, 82, 115
349741.6.peg.1513.site.20, 1, 83, 84
349741.6.peg.1513.site.21, 0, 83, 83
349741.6.peg.130.site.1, 2, 5, 7
349741.6.peg.130.site.2, 0, 11, 11
349741.6.peg.130.site.3, 2, 10, 12
349741.6.peg.130.site.4, 41, 90, 131
349741.6.peg.130.site.5, 12, 91, 103
349741.6.peg.130.site.6, 5, 97, 102
349741.6.peg.130.site.7, 96, 97, 193
349741.6.peg.130.site.8, 2, 97, 99
349741.6.peg.130.site.9, 13, 97, 110
349741.6.peg.130.site.10, 36, 97, 133
349741.6.peg.130.site.11, 5, 97, 102
349741.6.peg.130.site.12, 2, 97, 99
349741.6.peg.130.site.13, 20, 97, 117
349741.6.peg.130.site.14, 2, 97, 99
349741.6.peg.130.site.15, 12, 97, 109
349741.6.peg.130.site.16, 2, 97, 99
349741.6.peg.130.site.17, 2, 97, 99
349741.6.peg.130.site.18, 22, 96, 118
349741.6.peg.130.site.19, 1, 94, 95
349741.6.peg.130.site.20, 1, 96, 97
349741.6.peg.130.site.21, 2, 95, 97
349741.6.peg.130.site.22, 10, 91, 101
349741.6.peg.130.site.23, 45, 87, 132
349741.6.peg.130.site.24, 9, 82, 91
349741.6.peg.130.site.25, 24, 69, 93
349741.6.peg.130.site.26, 2, 97, 99
349741.6.peg.131.site.1, 2, 87, 89
349741.6.peg.131.site.2, 3, 88, 91
349741.6.peg.131.site.3, 93, 96, 189
349741.6.peg.131.site.4, 0, 95, 95
349741.6.peg.131.site.5, 18, 97, 115
349741.6.peg.131.site.6, 2, 96, 98
349741.6.peg.131.site.7, 12, 97, 109
349741.6.peg.131.site.8, 11, 96, 107
349741.6.peg.131.site.9, 25, 97, 122
349741.6.peg.131.site.10, 25, 97, 122
349741.6.peg.131.site.11, 4, 97, 101
349741.6.peg.131.site.12, 2, 97, 99
349741.6.peg.131.site.13, 8, 97, 105
349741.6.peg.131.site.14, 4, 96, 100
349741.6.peg.131.site.15, 6, 92, 98
349741.6.peg.131.site.16, 2, 96, 98
349741.6.peg.131.site.17, 5, 94, 99
349741.6.peg.131.site.18, 8, 96, 104
349741.6.peg.131.site.19, 5, 97, 102
349741.6.peg.131.site.20, 0, 97, 97
349741.6.peg.131.site.21, 22, 94, 116
349741.6.peg.131.site.22, 8, 96, 104
349741.6.peg.131.site.23, 8, 95, 103
349741.6.peg.131.site.24, 10, 94, 104
349741.6.peg.131.site.25, 8, 97, 105
349741.6.peg.131.site.26, 25, 97, 122
349741.6.peg.131.site.27, 16, 94, 110
349741.6.peg.131.site.28, 4, 97, 101
349741.6.peg.131.site.29, 8, 96, 104
349741.6.peg.131.site.30, 16, 97, 113
349741.6.peg.131.site.31, 56, 97, 153
349741.6.peg.131.site.32, 14, 96, 110
349741.6.peg.131.site.33, 4, 97, 101
349741.6.peg.131.site.34, 19, 97, 116
349741.6.peg.131.site.35, 6, 97, 103
349741.6.peg.131.site.36, 4, 95, 99
349741.6.peg.131.site.37, 8, 95, 103
349741.6.peg.131.site.38, 3, 93, 96
349741.6.peg.131.site.39, 1, 96, 97
349741.6.peg.131.site.40, 14, 95, 109
349741.6.peg.131.site.41, 2, 96, 98
349741.6.peg.131.site.42, 3, 96, 99
349741.6.peg.131.site.43, 6, 97, 103
349741.6.peg.131.site.44, 8, 97, 105
349741.6.peg.132.site.1, 1, 97, 98
349741.6.peg.132.site.2, 0, 97, 97
349741.6.peg.132.site.3, 9, 96, 105
349741.6.peg.132.site.4, 7, 96, 103
349741.6.peg.132.site.5, 2, 96, 98
349741.6.peg.132.site.6, 97, 97, 194
349741.6.peg.132.site.7, 10, 95, 105
349741.6.peg.132.site.8, 8, 95, 103
349741.6.peg.132.site.9, 2, 97, 99
349741.6.peg.132.site.10, 53, 96, 149
349741.6.peg.132.site.11, 23, 96, 119
349741.6.peg.132.site.12, 13, 97, 110
349741.6.peg.132.site.13, 7, 96, 103
349741.6.peg.132.site.14, 45, 96, 141
349741.6.peg.132.site.15, 15, 97, 112
349741.6.peg.132.site.16, 10, 97, 107
349741.6.peg.132.site.17, 7, 97, 104
349741.6.peg.132.site.18, 53, 97, 150
349741.6.peg.132.site.19, 10, 97, 107
349741.6.peg.132.site.20, 10, 97, 107
349741.6.peg.132.site.21, 10, 97, 107
349741.6.peg.132.site.22, 7, 97, 104
349741.6.peg.132.site.23, 10, 97, 107
349741.6.peg.132.site.24, 11, 96, 107
349741.6.peg.133.site.1, 51, 96, 147
349741.6.peg.133.site.2, 96, 96, 192
349741.6.peg.133.site.3, 1, 96, 97
349741.6.peg.133.site.4, 86, 96, 182
349741.6.peg.133.site.5, 10, 97, 107
349741.6.peg.133.site.6, 10, 97, 107
349741.6.peg.133.site.7, 10, 97, 107
349741.6.peg.133.site.8, 2, 97, 99
349741.6.peg.133.site.9, 12, 97, 109
349741.6.peg.133.site.10, 12, 97, 109
349741.6.peg.133.site.11, 12, 97, 109
349741.6.peg.134.site.1, 3, 97, 100
349741.6.peg.134.site.2, 14, 94, 108
349741.6.peg.134.site.3, 5, 95, 100
349741.6.peg.134.site.4, 59, 92, 151
349741.6.peg.134.site.5, 13, 91, 104
349741.6.peg.134.site.6, 3, 95, 98
349741.6.peg.134.site.7, 8, 96, 104
349741.6.peg.134.site.8, 34, 96, 130
349741.6.peg.134.site.9, 3, 97, 100
349741.6.peg.134.site.10, 1, 97, 98
349741.6.peg.688.site.1, 62, 97, 159
349741.6.peg.688.site.2, 8, 97, 105
349741.6.peg.688.site.3, 0, 96, 96
349741.6.peg.688.site.4, 3, 96, 99
349741.6.peg.688.site.5, 3, 97, 100
349741.6.peg.688.site.6, 22, 97, 119
349741.6.peg.688.site.7, 97, 97, 194
349741.6.peg.688.site.8, 12, 97, 109
349741.6.peg.688.site.9, 96, 96, 192
349741.6.peg.688.site.10, 74, 97, 171
349741.6.peg.688.site.11, 1, 97, 98
349741.6.peg.688.site.12, 58, 97, 155
349741.6.peg.688.site.13, 15, 97, 112
349741.6.peg.688.site.14, 2, 96, 98
349741.6.peg.688.site.15, 12, 94, 106
349741.6.peg.688.site.16, 3, 94, 97
349741.6.peg.688.site.17, 1, 93, 94
349741.6.peg.688.site.18, 3, 92, 95
349741.6.peg.688.site.19, 92, 92, 184
349741.6.peg.688.site.20, 62, 85, 147
349741.6.peg.137.site.1, 2, 87, 89
349741.6.peg.137.site.2, 1, 87, 88
349741.6.peg.137.site.3, 1, 93, 94
349741.6.peg.137.site.4, 1, 92, 93
349741.6.peg.137.site.5, 4, 94, 98
349741.6.peg.137.site.6, 2, 93, 95
349741.6.peg.137.site.7, 2, 95, 97
349741.6.peg.137.site.8, 2, 97, 99
349741.6.peg.137.site.9, 2, 97, 99
349741.6.peg.137.site.10, 3, 97, 100
349741.6.peg.137.site.11, 0, 97, 97
349741.6.peg.137.site.12, 3, 97, 100
349741.6.peg.137.site.13, 2, 97, 99
349741.6.peg.137.site.14, 2, 95, 97
349741.6.peg.137.site.15, 2, 97, 99
349741.6.peg.137.site.16, 2, 97, 99
349741.6.peg.137.site.17, 21, 94, 115
349741.6.peg.137.site.18, 3, 96, 99
349741.6.peg.137.site.19, 15, 88, 103
349741.6.peg.137.site.20, 3, 94, 97
349741.6.peg.137.site.21, 2, 94, 96
349741.6.peg.137.site.22, 3, 95, 98
349741.6.peg.137.site.23, 2, 95, 97
349741.6.peg.137.site.24, 15, 96, 111
349741.6.peg.137.site.25, 2, 94, 96
349741.6.peg.137.site.26, 1, 81, 82
349741.6.peg.137.site.27, 1, 79, 80
349741.6.peg.137.site.28, 3, 74, 77
349741.6.peg.137.site.29, 0, 86, 86
349741.6.peg.137.site.30, 95, 97, 192
349741.6.peg.137.site.31, 2, 97, 99
349741.6.peg.137.site.32, 96, 96, 192
349741.6.peg.137.site.33, 5, 96, 101
349741.6.peg.137.site.34, 3, 97, 100
349741.6.peg.137.site.35, 0, 97, 97
349741.6.peg.137.site.36, 3, 96, 99
349741.6.peg.137.site.37, 2, 97, 99
349741.6.peg.137.site.38, 4, 91, 95
349741.6.peg.137.site.39, 1, 92, 93
349741.6.peg.137.site.40, 1, 94, 95
349741.6.peg.137.site.41, 1, 95, 96
349741.6.peg.137.site.42, 1, 96, 97
349741.6.peg.137.site.43, 11, 86, 97
349741.6.peg.137.site.44, 11, 83, 94
349741.6.peg.137.site.45, 13, 95, 108
349741.6.peg.137.site.46, 2, 95, 97
349741.6.peg.137.site.47, 2, 93, 95
349741.6.peg.225.site.1, 6, 97, 103
349741.6.peg.225.site.2, 3, 96, 99
349741.6.peg.225.site.3, 13, 97, 110
349741.6.peg.225.site.4, 6, 96, 102
349741.6.peg.225.site.5, 2, 97, 99
349741.6.peg.225.site.6, 6, 97, 103
349741.6.peg.225.site.7, 2, 97, 99
349741.6.peg.225.site.8, 6, 97, 103
349741.6.peg.225.site.9, 87, 97, 184
349741.6.peg.225.site.10, 52, 97, 149
349741.6.peg.225.site.11, 71, 97, 168
349741.6.peg.225.site.12, 16, 95, 111
349741.6.peg.225.site.13, 6, 97, 103
349741.6.peg.225.site.14, 6, 97, 103
349741.6.peg.225.site.15, 16, 97, 113
349741.6.peg.226.site.1, 0, 96, 96
349741.6.peg.226.site.2, 7, 96, 103
349741.6.peg.226.site.3, 25, 95, 120
349741.6.peg.226.site.4, 3, 94, 97
349741.6.peg.226.site.5, 63, 94, 157
349741.6.peg.226.site.6, 6, 96, 102
349741.6.peg.226.site.7, 6, 96, 102
349741.6.peg.226.site.8, 57, 95, 152
349741.6.peg.226.site.9, 6, 94, 100
349741.6.peg.226.site.10, 2, 96, 98
349741.6.peg.226.site.11, 16, 97, 113
349741.6.peg.226.site.12, 6, 97, 103
349741.6.peg.226.site.13, 1, 97, 98
349741.6.peg.226.site.14, 0, 96, 96
349741.6.peg.226.site.15, 81, 97, 178
349741.6.peg.226.site.16, 1, 96, 97
349741.6.peg.226.site.17, 6, 95, 101
349741.6.peg.226.site.18, 1, 95, 96
349741.6.peg.226.site.19, 2, 94, 96
349741.6.peg.226.site.20, 90, 93, 183
349741.6.peg.226.site.21, 6, 93, 99
349741.6.peg.226.site.22, 6, 95, 101
349741.6.peg.226.site.23, 2, 97, 99
349741.6.peg.226.site.24, 15, 97, 112
349741.6.peg.226.site.25, 83, 97, 180
349741.6.peg.226.site.26, 2, 96, 98
349741.6.peg.226.site.27, 72, 96, 168
349741.6.peg.226.site.28, 78, 95, 173
349741.6.peg.226.site.29, 5, 77, 82
349741.6.peg.226.site.30, 4, 86, 90
349741.6.peg.226.site.31, 82, 85, 167
349741.6.peg.226.site.32, 6, 88, 94
349741.6.peg.226.site.33, 6, 92, 98
349741.6.peg.226.site.34, 1, 92, 93
349741.6.peg.226.site.35, 2, 94, 96
349741.6.peg.226.site.36, 79, 96, 175
349741.6.peg.226.site.37, 6, 97, 103
349741.6.peg.226.site.38, 2, 97, 99
349741.6.peg.226.site.39, 2, 97, 99
349741.6.peg.226.site.40, 2, 97, 99
349741.6.peg.227.site.1, 1, 97, 98
349741.6.peg.227.site.2, 13, 97, 110
349741.6.peg.227.site.3, 59, 97, 156
349741.6.peg.227.site.4, 1, 97, 98
349741.6.peg.227.site.5, 1, 97, 98
349741.6.peg.227.site.6, 6, 97, 103
349741.6.peg.227.site.7, 72, 97, 169
349741.6.peg.227.site.8, 11, 96, 107
349741.6.peg.227.site.9, 8, 90, 98
349741.6.peg.227.site.10, 76, 79, 155
349741.6.peg.227.site.11, 1, 95, 96
349741.6.peg.227.site.12, 73, 96, 169
349741.6.peg.227.site.13, 0, 94, 94
349741.6.peg.227.site.14, 4, 97, 101
349741.6.peg.227.site.15, 0, 96, 96
349741.6.peg.227.site.16, 87, 97, 184
349741.6.peg.227.site.17, 0, 97, 97
349741.6.peg.227.site.18, 3, 96, 99
349741.6.peg.227.site.19, 12, 97, 109
349741.6.peg.227.site.20, 3, 97, 100
349741.6.peg.227.site.21, 93, 97, 190
349741.6.peg.227.site.22, 72, 97, 169
349741.6.peg.227.site.23, 1, 97, 98
349741.6.peg.227.site.24, 2, 85, 87
349741.6.peg.227.site.25, 26, 51, 77
349741.6.peg.227.site.26, 1, 25, 26
349741.6.peg.227.site.27, 3, 25, 28
349741.6.peg.227.site.28, 72, 97, 169
349741.6.peg.227.site.29, 46, 97, 143
349741.6.peg.227.site.30, 87, 97, 184
349741.6.peg.227.site.31, 2, 97, 99
349741.6.peg.227.site.32, 94, 97, 191
349741.6.peg.227.site.33, 2, 97, 99
349741.6.peg.227.site.34, 80, 97, 177
349741.6.peg.227.site.35, 47, 97, 144
349741.6.peg.227.site.36, 8, 97, 105
349741.6.peg.227.site.37, 1, 97, 98
349741.6.peg.227.site.38, 3, 96, 99
349741.6.peg.220.site.1, 51, 86, 137
349741.6.peg.220.site.2, 42, 84, 126
349741.6.peg.220.site.3, 0, 86, 86
349741.6.peg.220.site.4, 40, 81, 121
349741.6.peg.220.site.5, 42, 83, 125
349741.6.peg.220.site.6, 1, 88, 89
349741.6.peg.220.site.7, 6, 88, 94
349741.6.peg.220.site.8, 1, 87, 88
349741.6.peg.220.site.9, 46, 86, 132
349741.6.peg.220.site.10, 46, 88, 134
349741.6.peg.220.site.11, 45, 87, 132
349741.6.peg.220.site.12, 46, 87, 133
349741.6.peg.220.site.13, 43, 84, 127
349741.6.peg.220.site.14, 39, 87, 126
349741.6.peg.220.site.15, 38, 76, 114
349741.6.peg.220.site.16, 44, 84, 128
349741.6.peg.220.site.17, 46, 88, 134
349741.6.peg.220.site.18, 6, 88, 94
349741.6.peg.220.site.19, 5, 88, 93
349741.6.peg.220.site.20, 2, 88, 90
349741.6.peg.220.site.21, 6, 97, 103
349741.6.peg.220.site.22, 4, 97, 101
349741.6.peg.220.site.23, 4, 97, 101
349741.6.peg.220.site.24, 2, 97, 99
349741.6.peg.220.site.25, 6, 97, 103
349741.6.peg.220.site.26, 1, 95, 96
349741.6.peg.221.site.1, 93, 94, 187
349741.6.peg.221.site.2, 1, 84, 85
349741.6.peg.221.site.3, 34, 85, 119
349741.6.peg.221.site.4, 37, 88, 125
349741.6.peg.221.site.5, 85, 92, 177
349741.6.peg.221.site.6, 1, 92, 93
349741.6.peg.221.site.7, 1, 91, 92
349741.6.peg.221.site.8, 1, 90, 91
349741.6.peg.221.site.9, 14, 76, 90
349741.6.peg.221.site.10, 39, 74, 113
349741.6.peg.221.site.11, 4, 67, 71
349741.6.peg.221.site.12, 11, 65, 76
349741.6.peg.221.site.13, 6, 87, 93
349741.6.peg.221.site.14, 4, 93, 97
349741.6.peg.221.site.15, 2, 93, 95
349741.6.peg.221.site.16, 11, 90, 101
349741.6.peg.221.site.17, 2, 73, 75
349741.6.peg.221.site.18, 24, 74, 98
349741.6.peg.221.site.19, 1, 68, 69
349741.6.peg.221.site.20, 29, 73, 102
349741.6.peg.221.site.21, 52, 87, 139
349741.6.peg.221.site.22, 4, 91, 95
349741.6.peg.221.site.23, 41, 92, 133
349741.6.peg.221.site.24, 4, 93, 97
349741.6.peg.221.site.25, 32, 94, 126
349741.6.peg.221.site.26, 0, 93, 93
349741.6.peg.221.site.27, 21, 90, 111
349741.6.peg.221.site.28, 0, 55, 55
349741.6.peg.221.site.29, 5, 56, 61
349741.6.peg.221.site.30, 2, 51, 53
349741.6.peg.221.site.31, 3, 52, 55
349741.6.peg.221.site.32, 8, 52, 60
349741.6.peg.221.site.33, 50, 51, 101
349741.6.peg.221.site.34, 6, 49, 55
349741.6.peg.221.site.35, 2, 45, 47
349741.6.peg.221.site.36, 32, 76, 108
349741.6.peg.221.site.37, 2, 82, 84
349741.6.peg.221.site.38, 6, 78, 84
349741.6.peg.221.site.39, 6, 79, 85
349741.6.peg.221.site.40, 1, 72, 73
349741.6.peg.221.site.41, 31, 60, 91
349741.6.peg.222.site.1, 0, 90, 90
349741.6.peg.222.site.2, 7, 95, 102
349741.6.peg.222.site.3, 19, 97, 116
349741.6.peg.222.site.4, 50, 97, 147
349741.6.peg.222.site.5, 50, 97, 147
349741.6.peg.222.site.6, 2, 97, 99
349741.6.peg.222.site.7, 5, 97, 102
349741.6.peg.222.site.8, 10, 96, 106
349741.6.peg.222.site.9, 9, 95, 104
349741.6.peg.222.site.10, 36, 90, 126
349741.6.peg.222.site.11, 43, 90, 133
349741.6.peg.222.site.12, 49, 96, 145
349741.6.peg.222.site.13, 2, 96, 98
349741.6.peg.222.site.14, 8, 97, 105
349741.6.peg.222.site.15, 1, 97, 98
349741.6.peg.222.site.16, 50, 97, 147
349741.6.peg.222.site.17, 50, 97, 147
349741.6.peg.222.site.18, 3, 97, 100
349741.6.peg.222.site.19, 1, 97, 98
349741.6.peg.222.site.20, 1, 97, 98
349741.6.peg.222.site.21, 50, 97, 147
349741.6.peg.222.site.22, 50, 97, 147
349741.6.peg.222.site.23, 33, 97, 130
349741.6.peg.222.site.24, 43, 97, 140
349741.6.peg.222.site.25, 49, 96, 145
349741.6.peg.222.site.26, 5, 97, 102
349741.6.peg.222.site.27, 5, 97, 102
349741.6.peg.222.site.28, 1, 97, 98
349741.6.peg.222.site.29, 50, 97, 147
349741.6.peg.222.site.30, 1, 97, 98
349741.6.peg.222.site.31, 4, 96, 100
349741.6.peg.222.site.32, 67, 84, 151
349741.6.peg.222.site.33, 24, 75, 99
349741.6.peg.222.site.34, 39, 56, 95
349741.6.peg.222.site.35, 10, 27, 37
349741.6.peg.222.site.36, 10, 27, 37
349741.6.peg.222.site.37, 18, 35, 53
349741.6.peg.222.site.38, 46, 63, 109
349741.6.peg.222.site.39, 4, 97, 101
349741.6.peg.222.site.40, 7, 97, 104
349741.6.peg.222.site.41, 5, 96, 101
349741.6.peg.222.site.42, 79, 96, 175
349741.6.peg.222.site.43, 3, 95, 98
349741.6.peg.222.site.44, 4, 94, 98
349741.6.peg.222.site.45, 80, 97, 177
349741.6.peg.222.site.46, 2, 97, 99
349741.6.peg.222.site.47, 79, 97, 176
349741.6.peg.222.site.48, 1, 97, 98
349741.6.peg.222.site.49, 72, 89, 161
349741.6.peg.222.site.50, 71, 88, 159
349741.6.peg.222.site.51, 2, 89, 91
349741.6.peg.222.site.52, 72, 89, 161
349741.6.peg.222.site.53, 12, 96, 108
349741.6.peg.222.site.54, 80, 97, 177
349741.6.peg.222.site.55, 68, 97, 165
349741.6.peg.222.site.56, 9, 97, 106
349741.6.peg.222.site.57, 6, 96, 102
349741.6.peg.222.site.58, 5, 97, 102
349741.6.peg.222.site.59, 6, 97, 103
349741.6.peg.222.site.60, 1, 97, 98
349741.6.peg.222.site.61, 8, 96, 104
349741.6.peg.222.site.62, 60, 96, 156
349741.6.peg.222.site.63, 4, 97, 101
349741.6.peg.222.site.64, 6, 97, 103
349741.6.peg.222.site.65, 77, 94, 171
349741.6.peg.222.site.66, 80, 97, 177
349741.6.peg.222.site.67, 1, 97, 98
349741.6.peg.222.site.68, 94, 96, 190
349741.6.peg.222.site.69, 4, 96, 100
349741.6.peg.222.site.70, 81, 94, 175
349741.6.peg.222.site.71, 76, 93, 169
349741.6.peg.222.site.72, 1, 91, 92
349741.6.peg.222.site.73, 81, 95, 176
349741.6.peg.222.site.74, 80, 97, 177
349741.6.peg.222.site.75, 2, 96, 98
349741.6.peg.222.site.76, 52, 96, 148
349741.6.peg.222.site.77, 65, 97, 162
349741.6.peg.222.site.78, 65, 94, 159
349741.6.peg.222.site.79, 2, 93, 95
349741.6.peg.222.site.80, 2, 93, 95
349741.6.peg.222.site.81, 66, 92, 158
349741.6.peg.222.site.82, 68, 94, 162
349741.6.peg.222.site.83, 63, 85, 148
349741.6.peg.222.site.84, 58, 83, 141
349741.6.peg.222.site.85, 23, 78, 101
349741.6.peg.222.site.86, 75, 75, 150
349741.6.peg.222.site.87, 3, 65, 68
349741.6.peg.222.site.88, 2, 64, 66
349741.6.peg.222.site.89, 3, 57, 60
349741.6.peg.222.site.90, 1, 70, 71
349741.6.peg.222.site.91, 78, 82, 160
349741.6.peg.223.site.1, 2, 97, 99
349741.6.peg.223.site.2, 68, 93, 161
349741.6.peg.223.site.3, 5, 95, 100
349741.6.peg.223.site.4, 5, 95, 100
349741.6.peg.223.site.5, 67, 93, 160
349741.6.peg.223.site.6, 62, 82, 144
349741.6.peg.223.site.7, 79, 96, 175
349741.6.peg.223.site.8, 2, 97, 99
349741.6.peg.223.site.9, 6, 97, 103
349741.6.peg.223.site.10, 0, 97, 97
349741.6.peg.223.site.11, 71, 97, 168
349741.6.peg.223.site.12, 5, 95, 100
349741.6.peg.223.site.13, 94, 96, 190
349741.6.peg.223.site.14, 71, 97, 168
349741.6.peg.223.site.15, 1, 96, 97
349741.6.peg.223.site.16, 6, 97, 103
349741.6.peg.223.site.17, 5, 97, 102
349741.6.peg.223.site.18, 2, 97, 99
349741.6.peg.223.site.19, 14, 97, 111
349741.6.peg.2086.site.1, 1, 97, 98
349741.6.peg.2086.site.2, 1, 96, 97
349741.6.peg.2086.site.3, 21, 96, 117
349741.6.peg.2086.site.4, 14, 96, 110
349741.6.peg.2086.site.5, 4, 97, 101
349741.6.peg.2086.site.6, 14, 97, 111
349741.6.peg.2086.site.7, 1, 97, 98
349741.6.peg.2086.site.8, 55, 97, 152
349741.6.peg.2086.site.9, 1, 96, 97
349741.6.peg.2086.site.10, 12, 97, 109
349741.6.peg.2086.site.11, 0, 96, 96
349741.6.peg.2085.site.1, 55, 81, 136
349741.6.peg.2085.site.2, 3, 84, 87
349741.6.peg.2085.site.3, 1, 84, 85
349741.6.peg.2085.site.4, 3, 84, 87
349741.6.peg.2085.site.5, 1, 81, 82
349741.6.peg.2085.site.6, 10, 81, 91
349741.6.peg.2085.site.7, 2, 83, 85
349741.6.peg.2085.site.8, 3, 84, 87
349741.6.peg.2085.site.9, 12, 88, 100
349741.6.peg.2085.site.10, 16, 97, 113
349741.6.peg.2085.site.11, 17, 97, 114
349741.6.peg.2085.site.12, 0, 95, 95
349741.6.peg.2085.site.13, 9, 96, 105
349741.6.peg.2085.site.14, 0, 97, 97
349741.6.peg.2085.site.15, 26, 94, 120
349741.6.peg.2085.site.16, 15, 94, 109
349741.6.peg.2085.site.17, 2, 83, 85
349741.6.peg.2085.site.18, 81, 81, 162
349741.6.peg.2085.site.19, 23, 81, 104
349741.6.peg.2085.site.20, 22, 97, 119
349741.6.peg.2085.site.21, 16, 96, 112
349741.6.peg.2085.site.22, 2, 97, 99
349741.6.peg.2085.site.23, 81, 97, 178
349741.6.peg.2085.site.24, 12, 92, 104
349741.6.peg.2085.site.25, 86, 86, 172
349741.6.peg.2085.site.26, 1, 79, 80
349741.6.peg.2085.site.27, 8, 80, 88
349741.6.peg.2085.site.28, 5, 84, 89
349741.6.peg.2085.site.29, 3, 84, 87
349741.6.peg.2085.site.30, 4, 85, 89
349741.6.peg.2085.site.31, 2, 84, 86
349741.6.peg.2085.site.32, 2, 85, 87
349741.6.peg.2085.site.33, 13, 94, 107
349741.6.peg.2085.site.34, 13, 94, 107
349741.6.peg.2085.site.35, 12, 95, 107
349741.6.peg.2085.site.36, 4, 96, 100
349741.6.peg.2085.site.37, 14, 97, 111
349741.6.peg.2085.site.38, 1, 97, 98
349741.6.peg.2085.site.39, 1, 87, 88
349741.6.peg.2085.site.40, 1, 89, 90
349741.6.peg.2084.site.1, 0, 88, 88
349741.6.peg.2084.site.2, 7, 88, 95
349741.6.peg.2084.site.3, 16, 97, 113
349741.6.peg.2084.site.4, 13, 94, 107
349741.6.peg.2084.site.5, 13, 94, 107
349741.6.peg.2084.site.6, 8, 89, 97
349741.6.peg.2084.site.7, 3, 84, 87
349741.6.peg.2083.site.1, 3, 97, 100
349741.6.peg.2083.site.2, 19, 97, 116
349741.6.peg.2083.site.3, 11, 97, 108
349741.6.peg.2083.site.4, 9, 97, 106
349741.6.peg.2083.site.5, 20, 97, 117
349741.6.peg.2083.site.6, 64, 97, 161
349741.6.peg.2083.site.7, 64, 97, 161
349741.6.peg.2083.site.8, 64, 97, 161
349741.6.peg.2083.site.9, 2, 97, 99
349741.6.peg.2083.site.10, 7, 96, 103
349741.6.peg.2083.site.11, 7, 96, 103
349741.6.peg.2083.site.12, 2, 97, 99
349741.6.peg.2083.site.13, 9, 97, 106
349741.6.peg.2083.site.14, 15, 97, 112
349741.6.peg.2083.site.15, 0, 96, 96
349741.6.peg.2083.site.16, 7, 97, 104
349741.6.peg.2083.site.17, 2, 97, 99
349741.6.peg.2083.site.18, 18, 97, 115
349741.6.peg.2083.site.19, 0, 97, 97
349741.6.peg.2083.site.20, 0, 97, 97
349741.6.peg.2083.site.21, 7, 97, 104
349741.6.peg.2083.site.22, 2, 97, 99
349741.6.peg.2083.site.23, 66, 97, 163
349741.6.peg.2083.site.24, 20, 97, 117
349741.6.peg.2083.site.25, 8, 96, 104
349741.6.peg.2083.site.26, 2, 97, 99
349741.6.peg.2083.site.27, 9, 97, 106
349741.6.peg.2083.site.28, 1, 97, 98
349741.6.peg.2083.site.29, 9, 97, 106
349741.6.peg.2083.site.30, 2, 97, 99
349741.6.peg.2083.site.31, 84, 97, 181
349741.6.peg.2083.site.32, 2, 97, 99
349741.6.peg.2083.site.33, 9, 97, 106
349741.6.peg.2083.site.34, 9, 97, 106
349741.6.peg.2083.site.35, 2, 97, 99
349741.6.peg.2080.site.1, 5, 66, 71
349741.6.peg.2080.site.2, 3, 89, 92
349741.6.peg.2080.site.3, 50, 96, 146
349741.6.peg.2080.site.4, 1, 97, 98
349741.6.peg.2080.site.5, 51, 97, 148
349741.6.peg.2080.site.6, 76, 97, 173
349741.6.peg.2080.site.7, 16, 97, 113
349741.6.peg.2080.site.8, 49, 96, 145
349741.6.peg.2080.site.9, 16, 97, 113
349741.6.peg.2080.site.10, 49, 92, 141
349741.6.peg.2080.site.11, 29, 96, 125
349741.6.peg.2080.site.12, 41, 94, 135
349741.6.peg.2080.site.13, 8, 94, 102
349741.6.peg.2080.site.14, 0, 94, 94
349741.6.peg.2080.site.15, 40, 95, 135
349741.6.peg.2080.site.16, 50, 94, 144
349741.6.peg.2080.site.17, 96, 96, 192
349741.6.peg.2080.site.18, 2, 95, 97
349741.6.peg.2080.site.19, 50, 95, 145
349741.6.peg.2080.site.20, 2, 94, 96
349741.6.peg.2080.site.21, 22, 96, 118
349741.6.peg.2080.site.22, 2, 97, 99
349741.6.peg.2080.site.23, 20, 97, 117
349741.6.peg.2080.site.24, 49, 97, 146
349741.6.peg.2080.site.25, 49, 97, 146
349741.6.peg.2080.site.26, 49, 97, 146
349741.6.peg.2080.site.27, 3, 96, 99
349741.6.peg.2080.site.28, 3, 95, 98
349741.6.peg.2080.site.29, 3, 97, 100
349741.6.peg.2080.site.30, 45, 96, 141
349741.6.peg.2080.site.31, 4, 96, 100
349741.6.peg.2080.site.32, 30, 97, 127
349741.6.peg.2080.site.33, 49, 97, 146
349741.6.peg.2080.site.34, 29, 97, 126
349741.6.peg.2080.site.35, 21, 97, 118
349741.6.peg.2080.site.36, 1, 96, 97
349741.6.peg.2089.site.1, 7, 97, 104
349741.6.peg.2089.site.2, 47, 94, 141
349741.6.peg.2089.site.3, 74, 88, 162
349741.6.peg.2089.site.4, 14, 74, 88
349741.6.peg.2089.site.5, 7, 54, 61
349741.6.peg.2089.site.6, 11, 58, 69
349741.6.peg.2089.site.7, 46, 93, 139
349741.6.peg.2089.site.8, 14, 96, 110
349741.6.peg.2089.site.9, 11, 94, 105
349741.6.peg.2089.site.10, 8, 91, 99
349741.6.peg.2089.site.11, 9, 92, 101
349741.6.peg.2089.site.12, 5, 89, 94
349741.6.peg.2089.site.13, 8, 90, 98
349741.6.peg.2089.site.14, 4, 97, 101
349741.6.peg.2089.site.15, 7, 97, 104
349741.6.peg.2089.site.16, 25, 96, 121
349741.6.peg.2089.site.17, 1, 96, 97
349741.6.peg.2089.site.18, 29, 96, 125
349741.6.peg.2089.site.19, 9, 96, 105
349741.6.peg.2089.site.20, 85, 96, 181
349741.6.peg.2089.site.21, 2, 96, 98
349741.6.peg.2089.site.22, 13, 92, 105
349741.6.peg.2089.site.23, 1, 93, 94
349741.6.peg.2089.site.24, 81, 92, 173
349741.6.peg.2089.site.25, 15, 94, 109
349741.6.peg.2089.site.26, 2, 96, 98
349741.6.peg.2089.site.27, 14, 97, 111
349741.6.peg.2089.site.28, 14, 95, 109
349741.6.peg.2089.site.29, 3, 97, 100
349741.6.peg.2089.site.30, 1, 97, 98
349741.6.peg.2089.site.31, 37, 97, 134
349741.6.peg.2089.site.32, 13, 96, 109
349741.6.peg.2089.site.33, 14, 97, 111
349741.6.peg.2089.site.34, 7, 97, 104
349741.6.peg.2089.site.35, 1, 97, 98
349741.6.peg.2089.site.36, 37, 97, 134
349741.6.peg.2089.site.37, 37, 97, 134
349741.6.peg.2089.site.38, 59, 97, 156
349741.6.peg.2089.site.39, 37, 97, 134
349741.6.peg.2089.site.40, 16, 97, 113
349741.6.peg.2089.site.41, 13, 96, 109
349741.6.peg.2089.site.42, 52, 94, 146
349741.6.peg.2089.site.43, 2, 96, 98
349741.6.peg.2088.site.1, 85, 97, 182
349741.6.peg.2088.site.2, 14, 97, 111
349741.6.peg.2088.site.3, 53, 97, 150
349741.6.peg.2088.site.4, 63, 97, 160
349741.6.peg.1607.site.1, 2, 96, 98
349741.6.peg.1607.site.2, 2, 96, 98
349741.6.peg.1607.site.3, 2, 97, 99
349741.6.peg.1607.site.4, 45, 97, 142
349741.6.peg.1607.site.5, 15, 97, 112
349741.6.peg.1607.site.6, 2, 97, 99
349741.6.peg.1607.site.7, 5, 88, 93
349741.6.peg.1607.site.8, 11, 96, 107
349741.6.peg.1607.site.9, 2, 97, 99
349741.6.peg.1607.site.10, 74, 97, 171
349741.6.peg.1607.site.11, 9, 97, 106
349741.6.peg.1607.site.12, 0, 96, 96
349741.6.peg.1607.site.13, 9, 97, 106
349741.6.peg.1607.site.14, 9, 97, 106
349741.6.peg.1607.site.15, 26, 97, 123
349741.6.peg.1607.site.16, 7, 97, 104
349741.6.peg.1607.site.17, 2, 97, 99
349741.6.peg.1607.site.18, 17, 94, 111
349741.6.peg.1607.site.19, 7, 95, 102
349741.6.peg.1607.site.20, 20, 94, 114
349741.6.peg.1607.site.21, 18, 60, 78
349741.6.peg.1607.site.22, 7, 52, 59
349741.6.peg.1600.site.1, 2, 97, 99
349741.6.peg.1600.site.2, 17, 97, 114
349741.6.peg.1600.site.3, 73, 95, 168
349741.6.peg.1600.site.4, 75, 97, 172
349741.6.peg.1600.site.5, 7, 97, 104
349741.6.peg.1600.site.6, 71, 97, 168
349741.6.peg.1600.site.7, 1, 95, 96
349741.6.peg.1600.site.8, 2, 93, 95
349741.6.peg.1600.site.9, 0, 94, 94
349741.6.peg.1600.site.10, 4, 92, 96
349741.6.peg.1602.site.1, 2, 97, 99
349741.6.peg.1602.site.2, 2, 97, 99
349741.6.peg.1602.site.3, 20, 95, 115
349741.6.peg.1602.site.4, 14, 93, 107
349741.6.peg.1602.site.5, 2, 94, 96
349741.6.peg.1602.site.6, 5, 88, 93
349741.6.peg.1602.site.7, 2, 91, 93
349741.6.peg.1602.site.8, 13, 90, 103
349741.6.peg.1602.site.9, 0, 93, 93
349741.6.peg.1602.site.10, 7, 97, 104
349741.6.peg.1603.site.1, 0, 95, 95
349741.6.peg.1603.site.2, 22, 95, 117
349741.6.peg.1603.site.3, 3, 95, 98
349741.6.peg.1603.site.4, 0, 96, 96
349741.6.peg.1603.site.5, 10, 96, 106
349741.6.peg.1603.site.6, 2, 97, 99
349741.6.peg.1603.site.7, 9, 97, 106
349741.6.peg.1603.site.8, 15, 97, 112
349741.6.peg.1603.site.9, 2, 96, 98
349741.6.peg.1603.site.10, 22, 97, 119
349741.6.peg.1603.site.11, 97, 97, 194
349741.6.peg.1603.site.12, 17, 92, 109
349741.6.peg.1608.site.1, 1, 69, 70
349741.6.peg.1608.site.2, 43, 91, 134
349741.6.peg.1608.site.3, 2, 94, 96
349741.6.peg.1608.site.4, 8, 95, 103
349741.6.peg.1608.site.5, 6, 96, 102
349741.6.peg.1608.site.6, 4, 96, 100
349741.6.peg.1608.site.7, 3, 96, 99
349741.6.peg.1608.site.8, 11, 96, 107
349741.6.peg.1608.site.9, 71, 97, 168
349741.6.peg.1608.site.10, 2, 97, 99
349741.6.peg.1608.site.11, 3, 97, 100
349741.6.peg.1608.site.12, 8, 97, 105
349741.6.peg.1608.site.13, 46, 97, 143
349741.6.peg.1608.site.14, 48, 97, 145
349741.6.peg.1608.site.15, 36, 97, 133
349741.6.peg.1608.site.16, 26, 95, 121
349741.6.peg.1608.site.17, 28, 86, 114
349741.6.peg.1608.site.18, 2, 87, 89
349741.6.peg.1608.site.19, 31, 81, 112
349741.6.peg.1608.site.20, 0, 95, 95
349741.6.peg.1608.site.21, 16, 96, 112
349741.6.peg.1608.site.22, 59, 85, 144
349741.6.peg.1608.site.23, 3, 31, 34
349741.6.peg.1608.site.24, 1, 29, 30
349741.6.peg.1608.site.25, 8, 35, 43
349741.6.peg.1608.site.26, 15, 43, 58
349741.6.peg.1608.site.27, 47, 73, 120
349741.6.peg.1608.site.28, 40, 70, 110
349741.6.peg.1608.site.29, 15, 75, 90
349741.6.peg.1608.site.30, 7, 79, 86
349741.6.peg.1608.site.31, 7, 73, 80
349741.6.peg.1608.site.32, 36, 36, 72
349741.6.peg.1608.site.33, 36, 36, 72
349741.6.peg.1608.site.34, 13, 36, 49
349741.6.peg.1608.site.35, 23, 36, 59
349741.6.peg.1608.site.36, 24, 35, 59
349741.6.peg.1608.site.37, 1, 36, 37
349741.6.peg.1608.site.38, 2, 36, 38
349741.6.peg.1608.site.39, 14, 36, 50
349741.6.peg.1608.site.40, 10, 36, 46
349741.6.peg.1608.site.41, 8, 36, 44
349741.6.peg.1608.site.42, 15, 36, 51
349741.6.peg.1608.site.43, 0, 36, 36
349741.6.peg.1608.site.44, 14, 36, 50
349741.6.peg.1608.site.45, 6, 36, 42
349741.6.peg.1608.site.46, 2, 36, 38
349741.6.peg.1608.site.47, 2, 36, 38
349741.6.peg.1608.site.48, 14, 36, 50
349741.6.peg.1608.site.49, 14, 36, 50
349741.6.peg.1608.site.50, 1, 36, 37
349741.6.peg.1608.site.51, 1, 36, 37
349741.6.peg.1608.site.52, 14, 36, 50
349741.6.peg.1608.site.53, 2, 35, 37
349741.6.peg.1608.site.54, 16, 36, 52
349741.6.peg.1608.site.55, 1, 36, 37
349741.6.peg.358.site.1, 46, 96, 142
349741.6.peg.358.site.2, 96, 96, 192
349741.6.peg.358.site.3, 9, 96, 105
349741.6.peg.358.site.4, 8, 96, 104
349741.6.peg.358.site.5, 0, 97, 97
349741.6.peg.358.site.6, 1, 97, 98
349741.6.peg.358.site.7, 40, 97, 137
349741.6.peg.358.site.8, 1, 97, 98
349741.6.peg.358.site.9, 1, 96, 97
349741.6.peg.358.site.10, 1, 97, 98
349741.6.peg.358.site.11, 7, 96, 103
349741.6.peg.358.site.12, 33, 96, 129
349741.6.peg.358.site.13, 0, 96, 96
349741.6.peg.358.site.14, 8, 97, 105
349741.6.peg.358.site.15, 96, 96, 192
349741.6.peg.358.site.16, 8, 97, 105
349741.6.peg.358.site.17, 8, 96, 104
349741.6.peg.358.site.18, 8, 97, 105
349741.6.peg.358.site.19, 39, 97, 136
349741.6.peg.358.site.20, 8, 97, 105
349741.6.peg.358.site.21, 1, 97, 98
349741.6.peg.358.site.22, 8, 97, 105
349741.6.peg.358.site.23, 8, 97, 105
349741.6.peg.358.site.24, 25, 96, 121
349741.6.peg.358.site.25, 1, 96, 97
349741.6.peg.358.site.26, 7, 96, 103
349741.6.peg.358.site.27, 1, 87, 88
349741.6.peg.358.site.28, 24, 86, 110
349741.6.peg.358.site.29, 84, 87, 171
349741.6.peg.358.site.30, 1, 89, 90
349741.6.peg.358.site.31, 1, 90, 91
349741.6.peg.358.site.32, 3, 94, 97
349741.6.peg.358.site.33, 6, 94, 100
349741.6.peg.358.site.34, 6, 95, 101
349741.6.peg.358.site.35, 26, 89, 115
349741.6.peg.358.site.36, 23, 89, 112
349741.6.peg.358.site.37, 27, 87, 114
349741.6.peg.358.site.38, 25, 89, 114
349741.6.peg.358.site.39, 2, 91, 93
349741.6.peg.358.site.40, 0, 94, 94
349741.6.peg.358.site.41, 5, 97, 102
349741.6.peg.358.site.42, 8, 97, 105
349741.6.peg.358.site.43, 33, 97, 130
349741.6.peg.359.site.1, 3, 97, 100
349741.6.peg.359.site.2, 28, 97, 125
349741.6.peg.359.site.3, 5, 94, 99
349741.6.peg.359.site.4, 3, 92, 95
349741.6.peg.359.site.5, 3, 92, 95
349741.6.peg.359.site.6, 3, 90, 93
349741.6.peg.359.site.7, 24, 91, 115
349741.6.peg.359.site.8, 26, 89, 115
349741.6.peg.359.site.9, 54, 88, 142
349741.6.peg.357.site.1, 7, 96, 103
349741.6.peg.357.site.2, 24, 94, 118
349741.6.peg.357.site.3, 28, 94, 122
349741.6.peg.2436.site.1, 95, 95, 190
349741.6.peg.2436.site.2, 19, 89, 108
349741.6.peg.2436.site.3, 0, 84, 84
349741.6.peg.2436.site.4, 0, 90, 90
349741.6.peg.2436.site.5, 5, 95, 100
349741.6.peg.2436.site.6, 5, 95, 100
349741.6.peg.2436.site.7, 0, 95, 95
349741.6.peg.2436.site.8, 33, 95, 128
349741.6.peg.2436.site.9, 16, 95, 111
349741.6.peg.2436.site.10, 0, 95, 95
349741.6.peg.2436.site.11, 18, 95, 113
349741.6.peg.2436.site.12, 0, 94, 94
349741.6.peg.2436.site.13, 22, 95, 117
349741.6.peg.2436.site.14, 22, 95, 117
349741.6.peg.2436.site.15, 22, 95, 117
349741.6.peg.2437.site.1, 3, 95, 98
349741.6.peg.2437.site.2, 3, 95, 98
349741.6.peg.2437.site.3, 1, 95, 96
349741.6.peg.2437.site.4, 1, 96, 97
349741.6.peg.2437.site.5, 1, 97, 98
349741.6.peg.2437.site.6, 7, 97, 104
349741.6.peg.2437.site.7, 7, 97, 104
349741.6.peg.2437.site.8, 4, 97, 101
349741.6.peg.2437.site.9, 3, 97, 100
349741.6.peg.2437.site.10, 2, 97, 99
349741.6.peg.2437.site.11, 1, 94, 95
349741.6.peg.2437.site.12, 1, 93, 94
349741.6.peg.2437.site.13, 2, 94, 96
349741.6.peg.2437.site.14, 1, 94, 95
349741.6.peg.2437.site.15, 2, 97, 99
349741.6.peg.2437.site.16, 0, 96, 96
349741.6.peg.2437.site.17, 4, 97, 101
349741.6.peg.2437.site.18, 4, 96, 100
349741.6.peg.2437.site.19, 4, 97, 101
349741.6.peg.2437.site.20, 8, 97, 105
349741.6.peg.2437.site.21, 18, 97, 115
349741.6.peg.2437.site.22, 4, 97, 101
349741.6.peg.2437.site.23, 4, 97, 101
349741.6.peg.2437.site.24, 4, 97, 101
349741.6.peg.2437.site.25, 91, 97, 188
349741.6.peg.2437.site.26, 4, 97, 101
349741.6.peg.2437.site.27, 61, 94, 155
349741.6.peg.2437.site.28, 4, 97, 101
349741.6.peg.2437.site.29, 3, 94, 97
349741.6.peg.2437.site.30, 7, 92, 99
349741.6.peg.2437.site.31, 7, 91, 98
349741.6.peg.2437.site.32, 9, 90, 99
349741.6.peg.2437.site.33, 2, 91, 93
349741.6.peg.2437.site.34, 2, 89, 91
349741.6.peg.2437.site.35, 7, 85, 92
349741.6.peg.2437.site.36, 3, 81, 84
349741.6.peg.2437.site.37, 3, 84, 87
349741.6.peg.2437.site.38, 1, 82, 83
349741.6.peg.2437.site.39, 5, 84, 89
349741.6.peg.2437.site.40, 10, 91, 101
349741.6.peg.2437.site.41, 1, 92, 93
349741.6.peg.2437.site.42, 11, 92, 103
349741.6.peg.2437.site.43, 1, 91, 92
349741.6.peg.2437.site.44, 8, 91, 99
349741.6.peg.2437.site.45, 78, 97, 175
349741.6.peg.2437.site.46, 9, 96, 105
349741.6.peg.2437.site.47, 64, 97, 161
349741.6.peg.2437.site.48, 12, 97, 109
349741.6.peg.2432.site.1, 97, 97, 194
349741.6.peg.2432.site.2, 1, 96, 97
349741.6.peg.2432.site.3, 1, 96, 97
349741.6.peg.2432.site.4, 7, 95, 102
349741.6.peg.2432.site.5, 9, 93, 102
349741.6.peg.2432.site.6, 2, 94, 96
349741.6.peg.2432.site.7, 80, 92, 172
349741.6.peg.2432.site.8, 85, 90, 175
349741.6.peg.2432.site.9, 80, 94, 174
349741.6.peg.2432.site.10, 5, 91, 96
349741.6.peg.2432.site.11, 91, 96, 187
349741.6.peg.2432.site.12, 1, 97, 98
349741.6.peg.2432.site.13, 2, 97, 99
349741.6.peg.2432.site.14, 85, 97, 182
349741.6.peg.2432.site.15, 88, 97, 185
349741.6.peg.2432.site.16, 40, 96, 136
349741.6.peg.2432.site.17, 89, 97, 186
349741.6.peg.2432.site.18, 85, 97, 182
349741.6.peg.2432.site.19, 12, 97, 109
349741.6.peg.2432.site.20, 9, 97, 106
349741.6.peg.2432.site.21, 2, 97, 99
349741.6.peg.2432.site.22, 70, 97, 167
349741.6.peg.2432.site.23, 3, 97, 100
349741.6.peg.2432.site.24, 67, 97, 164
349741.6.peg.2433.site.1, 11, 97, 108
349741.6.peg.2433.site.2, 5, 97, 102
349741.6.peg.2433.site.3, 86, 97, 183
349741.6.peg.2433.site.4, 76, 97, 173
349741.6.peg.2433.site.5, 3, 96, 99
349741.6.peg.2433.site.6, 9, 97, 106
349741.6.peg.2433.site.7, 59, 96, 155
349741.6.peg.2433.site.8, 7, 97, 104
349741.6.peg.2433.site.9, 16, 97, 113
349741.6.peg.2433.site.10, 9, 97, 106
349741.6.peg.2433.site.11, 5, 97, 102
349741.6.peg.2433.site.12, 9, 96, 105
349741.6.peg.2433.site.13, 11, 94, 105
349741.6.peg.2433.site.14, 7, 95, 102
349741.6.peg.2433.site.15, 7, 95, 102
349741.6.peg.2433.site.16, 3, 95, 98
349741.6.peg.2433.site.17, 7, 94, 101
349741.6.peg.2433.site.18, 0, 96, 96
349741.6.peg.2433.site.19, 10, 97, 107
349741.6.peg.2433.site.20, 13, 97, 110
349741.6.peg.2433.site.21, 12, 96, 108
349741.6.peg.2433.site.22, 29, 96, 125
349741.6.peg.2433.site.23, 13, 97, 110
349741.6.peg.2433.site.24, 13, 96, 109
349741.6.peg.2433.site.25, 15, 97, 112
349741.6.peg.2433.site.26, 0, 97, 97
349741.6.peg.2430.site.1, 1, 96, 97
349741.6.peg.2430.site.2, 1, 96, 97
349741.6.peg.2430.site.3, 1, 91, 92
349741.6.peg.2430.site.4, 7, 95, 102
349741.6.peg.2430.site.5, 1, 96, 97
349741.6.peg.2430.site.6, 1, 96, 97
349741.6.peg.2430.site.7, 1, 96, 97
349741.6.peg.2430.site.8, 6, 96, 102
349741.6.peg.2430.site.9, 1, 96, 97
349741.6.peg.2430.site.10, 1, 96, 97
349741.6.peg.2430.site.11, 0, 97, 97
349741.6.peg.2430.site.12, 1, 97, 98
349741.6.peg.2430.site.13, 1, 97, 98
349741.6.peg.2431.site.1, 17, 97, 114
349741.6.peg.2431.site.2, 0, 96, 96
349741.6.peg.2431.site.3, 1, 97, 98
349741.6.peg.2431.site.4, 12, 93, 105
349741.6.peg.2431.site.5, 1, 97, 98
349741.6.peg.2431.site.6, 6, 97, 103
349741.6.peg.2431.site.7, 0, 96, 96
349741.6.peg.2431.site.8, 1, 96, 97
349741.6.peg.2431.site.9, 13, 96, 109
349741.6.peg.2431.site.10, 1, 95, 96
349741.6.peg.2431.site.11, 1, 96, 97
349741.6.peg.2431.site.12, 10, 96, 106
349741.6.peg.2431.site.13, 8, 97, 105
349741.6.peg.2431.site.14, 15, 97, 112
349741.6.peg.2431.site.15, 0, 97, 97
349741.6.peg.2431.site.16, 82, 97, 179
349741.6.peg.2431.site.17, 1, 97, 98
349741.6.peg.2431.site.18, 1, 97, 98
349741.6.peg.2431.site.19, 2, 97, 99
349741.6.peg.2431.site.20, 1, 96, 97
349741.6.peg.2431.site.21, 2, 97, 99
349741.6.peg.2431.site.22, 1, 97, 98
349741.6.peg.2431.site.23, 97, 97, 194
349741.6.peg.2431.site.24, 85, 97, 182
349741.6.peg.2431.site.25, 1, 95, 96
349741.6.peg.2431.site.26, 0, 95, 95
349741.6.peg.2431.site.27, 94, 94, 188
349741.6.peg.2431.site.28, 1, 96, 97
349741.6.peg.2431.site.29, 96, 96, 192
349741.6.peg.2431.site.30, 1, 97, 98
349741.6.peg.2431.site.31, 77, 96, 173
349741.6.peg.2431.site.32, 0, 95, 95
349741.6.peg.2431.site.33, 13, 97, 110
349741.6.peg.2431.site.34, 11, 96, 107
349741.6.peg.2431.site.35, 1, 97, 98
349741.6.peg.2431.site.36, 77, 96, 173
349741.6.peg.2431.site.37, 97, 97, 194
349741.6.peg.2431.site.38, 2, 97, 99
349741.6.peg.2431.site.39, 95, 95, 190
349741.6.peg.2431.site.40, 94, 94, 188
349741.6.peg.2431.site.41, 1, 96, 97
349741.6.peg.2431.site.42, 53, 97, 150
349741.6.peg.2431.site.43, 95, 97, 192
349741.6.peg.2431.site.44, 82, 97, 179
349741.6.peg.2431.site.45, 1, 96, 97
349741.6.peg.2431.site.46, 16, 91, 107
349741.6.peg.2431.site.47, 1, 97, 98
349741.6.peg.2431.site.48, 3, 96, 99
349741.6.peg.2431.site.49, 82, 93, 175
349741.6.peg.2431.site.50, 1, 95, 96
349741.6.peg.2431.site.51, 91, 92, 183
349741.6.peg.2431.site.52, 82, 83, 165
349741.6.peg.2431.site.53, 70, 71, 141
349741.6.peg.2431.site.54, 93, 93, 186
349741.6.peg.2431.site.55, 5, 95, 100
349741.6.peg.2431.site.56, 94, 95, 189
349741.6.peg.2431.site.57, 7, 97, 104
349741.6.peg.2431.site.58, 93, 93, 186
349741.6.peg.2431.site.59, 91, 91, 182
349741.6.peg.2431.site.60, 90, 90, 180
349741.6.peg.2431.site.61, 95, 95, 190
349741.6.peg.2438.site.1, 11, 94, 105
349741.6.peg.2438.site.2, 28, 96, 124
349741.6.peg.2438.site.3, 11, 96, 107
349741.6.peg.2438.site.4, 2, 95, 97
349741.6.peg.2438.site.5, 11, 96, 107
349741.6.peg.2438.site.6, 7, 92, 99
349741.6.peg.2438.site.7, 12, 97, 109
349741.6.peg.2438.site.8, 10, 96, 106
349741.6.peg.2438.site.9, 12, 97, 109
349741.6.peg.2438.site.10, 3, 97, 100
349741.6.peg.2438.site.11, 11, 96, 107
349741.6.peg.2438.site.12, 2, 97, 99
349741.6.peg.2438.site.13, 10, 95, 105
349741.6.peg.2438.site.14, 72, 87, 159
349741.6.peg.2438.site.15, 67, 88, 155
349741.6.peg.2438.site.16, 62, 88, 150
349741.6.peg.2438.site.17, 1, 88, 89
349741.6.peg.2438.site.18, 75, 88, 163
349741.6.peg.2438.site.19, 1, 88, 89
349741.6.peg.2438.site.20, 4, 91, 95
349741.6.peg.2438.site.21, 56, 92, 148
349741.6.peg.2438.site.22, 15, 92, 107
349741.6.peg.2438.site.23, 1, 93, 94
349741.6.peg.2438.site.24, 11, 91, 102
349741.6.peg.2438.site.25, 18, 92, 110
349741.6.peg.2438.site.26, 13, 96, 109
349741.6.peg.2438.site.27, 11, 96, 107
349741.6.peg.2438.site.28, 0, 94, 94
349741.6.peg.2438.site.29, 11, 93, 104
349741.6.peg.2438.site.30, 11, 93, 104
349741.6.peg.2438.site.31, 10, 86, 96
349741.6.peg.2438.site.32, 10, 89, 99
349741.6.peg.2438.site.33, 6, 96, 102
349741.6.peg.2438.site.34, 60, 96, 156
349741.6.peg.2438.site.35, 0, 96, 96
349741.6.peg.2195.site.1, 5, 87, 92
349741.6.peg.2195.site.2, 4, 87, 91
349741.6.peg.2195.site.3, 1, 88, 89
349741.6.peg.2195.site.4, 73, 86, 159
349741.6.peg.2195.site.5, 6, 93, 99
349741.6.peg.2195.site.6, 4, 80, 84
349741.6.peg.2195.site.7, 83, 88, 171
349741.6.peg.2195.site.8, 4, 88, 92
349741.6.peg.2195.site.9, 32, 88, 120
349741.6.peg.2195.site.10, 4, 87, 91
349741.6.peg.2195.site.11, 4, 86, 90
349741.6.peg.2195.site.12, 9, 84, 93
349741.6.peg.2195.site.13, 81, 87, 168
349741.6.peg.2195.site.14, 5, 88, 93
349741.6.peg.2195.site.15, 12, 79, 91
349741.6.peg.2195.site.16, 0, 83, 83
349741.6.peg.2194.site.1, 74, 93, 167
349741.6.peg.2194.site.2, 2, 93, 95
349741.6.peg.2194.site.3, 32, 94, 126
349741.6.peg.2194.site.4, 75, 91, 166
349741.6.peg.2194.site.5, 3, 93, 96
349741.6.peg.2194.site.6, 78, 94, 172
349741.6.peg.2194.site.7, 4, 91, 95
349741.6.peg.2194.site.8, 66, 92, 158
349741.6.peg.2194.site.9, 1, 91, 92
349741.6.peg.2194.site.10, 74, 90, 164
349741.6.peg.2194.site.11, 74, 90, 164
349741.6.peg.2194.site.12, 74, 90, 164
349741.6.peg.2194.site.13, 74, 90, 164
349741.6.peg.2194.site.14, 0, 64, 64
349741.6.peg.2194.site.15, 0, 78, 78
349741.6.peg.2194.site.16, 3, 92, 95
349741.6.peg.2194.site.17, 7, 97, 104
349741.6.peg.2194.site.18, 7, 97, 104
349741.6.peg.2194.site.19, 1, 89, 90
349741.6.peg.2194.site.20, 77, 90, 167
349741.6.peg.2194.site.21, 85, 90, 175
349741.6.peg.2194.site.22, 4, 89, 93
349741.6.peg.2194.site.23, 10, 90, 100
349741.6.peg.2194.site.24, 1, 89, 90
349741.6.peg.2194.site.25, 2, 90, 92
349741.6.peg.2194.site.26, 69, 94, 163
349741.6.peg.2194.site.27, 84, 93, 177
349741.6.peg.2194.site.28, 2, 90, 92
349741.6.peg.2194.site.29, 74, 90, 164
349741.6.peg.2194.site.30, 2, 92, 94
349741.6.peg.2194.site.31, 74, 91, 165
349741.6.peg.2194.site.32, 76, 92, 168
349741.6.peg.2194.site.33, 2, 92, 94
349741.6.peg.2194.site.34, 1, 91, 92
349741.6.peg.2194.site.35, 81, 90, 171
349741.6.peg.2194.site.36, 74, 90, 164
349741.6.peg.2194.site.37, 74, 90, 164
349741.6.peg.2194.site.38, 87, 89, 176
349741.6.peg.2194.site.39, 20, 90, 110
349741.6.peg.2194.site.40, 2, 90, 92
349741.6.peg.2194.site.41, 73, 89, 162
349741.6.peg.2194.site.42, 76, 90, 166
349741.6.peg.2194.site.43, 75, 91, 166
349741.6.peg.2194.site.44, 1, 91, 92
349741.6.peg.2194.site.45, 4, 88, 92
349741.6.peg.2194.site.46, 70, 86, 156
349741.6.peg.2194.site.47, 2, 88, 90
349741.6.peg.2194.site.48, 5, 91, 96
349741.6.peg.2194.site.49, 9, 88, 97
349741.6.peg.2194.site.50, 20, 87, 107
349741.6.peg.2194.site.51, 1, 86, 87
349741.6.peg.2194.site.52, 7, 89, 96
349741.6.peg.2194.site.53, 5, 85, 90
349741.6.peg.2194.site.54, 64, 86, 150
349741.6.peg.2194.site.55, 5, 85, 90
349741.6.peg.2194.site.56, 4, 82, 86
349741.6.peg.2194.site.57, 3, 80, 83
349741.6.peg.2194.site.58, 60, 78, 138
349741.6.peg.2194.site.59, 33, 74, 107
349741.6.peg.2194.site.60, 1, 63, 64
349741.6.peg.2194.site.61, 3, 19, 22
349741.6.peg.2194.site.62, 3, 35, 38
349741.6.peg.2194.site.63, 31, 48, 79
349741.6.peg.2190.site.1, 11, 95, 106
349741.6.peg.2190.site.2, 4, 94, 98
349741.6.peg.2190.site.3, 11, 93, 104
349741.6.peg.2190.site.4, 11, 95, 106
349741.6.peg.2190.site.5, 53, 97, 150
349741.6.peg.2190.site.6, 11, 91, 102
349741.6.peg.2190.site.7, 1, 91, 92
349741.6.peg.2190.site.8, 12, 96, 108
349741.6.peg.2190.site.9, 16, 96, 112
349741.6.peg.2190.site.10, 16, 96, 112
349741.6.peg.2190.site.11, 23, 96, 119
349741.6.peg.2190.site.12, 22, 97, 119
349741.6.peg.2190.site.13, 12, 97, 109
349741.6.peg.2190.site.14, 72, 96, 168
349741.6.peg.2190.site.15, 10, 94, 104
349741.6.peg.2190.site.16, 4, 88, 92
349741.6.peg.1778.site.1, 16, 76, 92
349741.6.peg.1778.site.2, 2, 76, 78
349741.6.peg.1778.site.3, 2, 82, 84
349741.6.peg.1778.site.4, 16, 80, 96
349741.6.peg.1778.site.5, 62, 67, 129
349741.6.peg.1778.site.6, 7, 70, 77
349741.6.peg.1778.site.7, 10, 73, 83
349741.6.peg.1778.site.8, 21, 84, 105
349741.6.peg.1778.site.9, 21, 97, 118
349741.6.peg.1778.site.10, 16, 97, 113
349741.6.peg.1778.site.11, 24, 97, 121
349741.6.peg.1778.site.12, 16, 97, 113
349741.6.peg.1778.site.13, 34, 97, 131
349741.6.peg.1778.site.14, 16, 96, 112
349741.6.peg.1778.site.15, 16, 97, 113
349741.6.peg.1778.site.16, 17, 96, 113
349741.6.peg.1778.site.17, 30, 95, 125
349741.6.peg.1778.site.18, 63, 95, 158
349741.6.peg.1778.site.19, 29, 94, 123
349741.6.peg.1778.site.20, 3, 80, 83
349741.6.peg.1778.site.21, 5, 84, 89
349741.6.peg.1778.site.22, 68, 87, 155
349741.6.peg.1778.site.23, 0, 85, 85
349741.6.peg.1778.site.24, 11, 84, 95
349741.6.peg.1778.site.25, 15, 79, 94
349741.6.peg.1778.site.26, 3, 79, 82
349741.6.peg.1778.site.27, 5, 71, 76
349741.6.peg.1778.site.28, 3, 67, 70
349741.6.peg.1778.site.29, 2, 67, 69
349741.6.peg.1778.site.30, 73, 90, 163
349741.6.peg.1778.site.31, 0, 91, 91
349741.6.peg.1778.site.32, 15, 92, 107
349741.6.peg.1778.site.33, 17, 96, 113
349741.6.peg.1778.site.34, 7, 96, 103
349741.6.peg.1778.site.35, 0, 96, 96
349741.6.peg.1770.site.1, 20, 97, 117
349741.6.peg.1770.site.2, 59, 97, 156
349741.6.peg.1770.site.3, 1, 97, 98
349741.6.peg.1770.site.4, 59, 97, 156
349741.6.peg.1770.site.5, 58, 96, 154
349741.6.peg.1770.site.6, 55, 92, 147
349741.6.peg.1770.site.7, 2, 91, 93
349741.6.peg.1770.site.8, 54, 89, 143
349741.6.peg.1770.site.9, 2, 93, 95
349741.6.peg.1770.site.10, 55, 92, 147
349741.6.peg.1770.site.11, 56, 93, 149
349741.6.peg.1770.site.12, 2, 95, 97
349741.6.peg.1770.site.13, 4, 97, 101
349741.6.peg.1770.site.14, 68, 97, 165
349741.6.peg.1770.site.15, 59, 97, 156
349741.6.peg.1770.site.16, 5, 96, 101
349741.6.peg.1770.site.17, 13, 96, 109
349741.6.peg.1770.site.18, 57, 95, 152
349741.6.peg.1770.site.19, 58, 96, 154
349741.6.peg.1770.site.20, 57, 87, 144
349741.6.peg.1770.site.21, 5, 82, 87
349741.6.peg.1770.site.22, 65, 82, 147
349741.6.peg.1770.site.23, 1, 57, 58
349741.6.peg.1770.site.24, 1, 41, 42
349741.6.peg.1770.site.25, 11, 39, 50
349741.6.peg.1770.site.26, 2, 29, 31
349741.6.peg.1770.site.27, 1, 31, 32
349741.6.peg.1770.site.28, 1, 32, 33
349741.6.peg.1770.site.29, 1, 35, 36
349741.6.peg.1770.site.30, 6, 36, 42
349741.6.peg.1770.site.31, 1, 33, 34
349741.6.peg.1770.site.32, 2, 39, 41
349741.6.peg.1770.site.33, 18, 48, 66
349741.6.peg.1770.site.34, 17, 94, 111
349741.6.peg.1770.site.35, 64, 94, 158
349741.6.peg.1770.site.36, 66, 79, 145
349741.6.peg.1770.site.37, 37, 67, 104
349741.6.peg.1770.site.38, 12, 41, 53
349741.6.peg.1770.site.39, 8, 38, 46
349741.6.peg.1770.site.40, 2, 32, 34
349741.6.peg.1770.site.41, 2, 40, 42
349741.6.peg.1770.site.42, 2, 41, 43
349741.6.peg.1770.site.43, 2, 94, 96
349741.6.peg.1770.site.44, 62, 91, 153
349741.6.peg.1770.site.45, 59, 89, 148
349741.6.peg.1770.site.46, 55, 85, 140
349741.6.peg.1770.site.47, 57, 87, 144
349741.6.peg.1770.site.48, 86, 89, 175
349741.6.peg.1770.site.49, 33, 63, 96
349741.6.peg.1770.site.50, 1, 62, 63
349741.6.peg.1770.site.51, 2, 61, 63
349741.6.peg.1770.site.52, 11, 41, 52
349741.6.peg.1770.site.53, 6, 35, 41
349741.6.peg.1772.site.1, 12, 30, 42
349741.6.peg.1772.site.2, 13, 30, 43
349741.6.peg.1772.site.3, 3, 30, 33
349741.6.peg.1772.site.4, 1, 19, 20
349741.6.peg.1772.site.5, 1, 18, 19
349741.6.peg.1772.site.6, 5, 95, 100
349741.6.peg.1772.site.7, 8, 97, 105
349741.6.peg.1772.site.8, 10, 97, 107
349741.6.peg.1772.site.9, 80, 97, 177
349741.6.peg.1772.site.10, 7, 97, 104
349741.6.peg.1772.site.11, 18, 91, 109
349741.6.peg.1772.site.12, 8, 92, 100
349741.6.peg.1772.site.13, 2, 95, 97
349741.6.peg.1772.site.14, 4, 93, 97
349741.6.peg.1772.site.15, 5, 94, 99
349741.6.peg.1772.site.16, 5, 94, 99
349741.6.peg.1772.site.17, 2, 94, 96
349741.6.peg.1772.site.18, 44, 83, 127
349741.6.peg.1772.site.19, 29, 46, 75
349741.6.peg.1772.site.20, 3, 32, 35
349741.6.peg.1772.site.21, 2, 87, 89
349741.6.peg.1772.site.22, 46, 63, 109
349741.6.peg.1772.site.23, 2, 49, 51
349741.6.peg.1772.site.24, 2, 93, 95
349741.6.peg.1772.site.25, 7, 96, 103
349741.6.peg.1772.site.26, 0, 96, 96
349741.6.peg.1772.site.27, 2, 96, 98
349741.6.peg.1772.site.28, 2, 96, 98
349741.6.peg.1772.site.29, 39, 93, 132
349741.6.peg.1772.site.30, 26, 93, 119
349741.6.peg.1772.site.31, 2, 81, 83
349741.6.peg.1772.site.32, 9, 32, 41
349741.6.peg.1772.site.33, 8, 48, 56
349741.6.peg.1772.site.34, 82, 89, 171
349741.6.peg.1772.site.35, 60, 77, 137
349741.6.peg.1772.site.36, 8, 96, 104
349741.6.peg.1772.site.37, 79, 96, 175
349741.6.peg.1772.site.38, 38, 96, 134
349741.6.peg.1772.site.39, 50, 95, 145
349741.6.peg.1772.site.40, 7, 91, 98
349741.6.peg.1772.site.41, 35, 86, 121
349741.6.peg.1772.site.42, 80, 97, 177
349741.6.peg.1772.site.43, 3, 96, 99
349741.6.peg.1772.site.44, 81, 97, 178
349741.6.peg.1772.site.45, 87, 97, 184
349741.6.peg.1772.site.46, 74, 96, 170
349741.6.peg.1772.site.47, 78, 95, 173
349741.6.peg.1772.site.48, 7, 96, 103
349741.6.peg.1772.site.49, 22, 97, 119
349741.6.peg.1772.site.50, 74, 96, 170
349741.6.peg.1772.site.51, 70, 86, 156
349741.6.peg.1772.site.52, 8, 78, 86
349741.6.peg.1772.site.53, 19, 39, 58
349741.6.peg.1772.site.54, 10, 24, 34
349741.6.peg.1772.site.55, 53, 70, 123
349741.6.peg.1772.site.56, 2, 93, 95
349741.6.peg.1772.site.57, 91, 93, 184
349741.6.peg.1772.site.58, 78, 95, 173
349741.6.peg.1772.site.59, 78, 95, 173
349741.6.peg.1772.site.60, 80, 97, 177
349741.6.peg.1772.site.61, 26, 97, 123
349741.6.peg.1772.site.62, 94, 96, 190
349741.6.peg.1772.site.63, 2, 96, 98
349741.6.peg.1772.site.64, 4, 97, 101
349741.6.peg.1772.site.65, 3, 97, 100
349741.6.peg.1772.site.66, 72, 97, 169
349741.6.peg.1772.site.67, 2, 97, 99
349741.6.peg.1772.site.68, 36, 53, 89
349741.6.peg.1772.site.69, 24, 44, 68
349741.6.peg.1772.site.70, 30, 43, 73
349741.6.peg.1772.site.71, 66, 83, 149
349741.6.peg.1772.site.72, 8, 76, 84
349741.6.peg.1772.site.73, 54, 71, 125
349741.6.peg.1772.site.74, 67, 71, 138
349741.6.peg.1772.site.75, 62, 79, 141
349741.6.peg.1772.site.76, 72, 82, 154
349741.6.peg.1772.site.77, 19, 81, 100
349741.6.peg.1772.site.78, 2, 89, 91
349741.6.peg.1772.site.79, 33, 49, 82
349741.6.peg.1772.site.80, 29, 46, 75
349741.6.peg.1772.site.81, 7, 37, 44
349741.6.peg.1772.site.82, 12, 26, 38
349741.6.peg.1772.site.83, 9, 27, 36
349741.6.peg.1772.site.84, 12, 51, 63
349741.6.peg.1772.site.85, 10, 80, 90
349741.6.peg.1772.site.86, 53, 89, 142
349741.6.peg.1772.site.87, 1, 95, 96
349741.6.peg.1772.site.88, 81, 96, 177
349741.6.peg.1772.site.89, 2, 94, 96
349741.6.peg.1772.site.90, 13, 88, 101
349741.6.peg.1772.site.91, 57, 95, 152
349741.6.peg.1772.site.92, 4, 97, 101
349741.6.peg.1772.site.93, 2, 97, 99
349741.6.peg.1772.site.94, 82, 97, 179
349741.6.peg.1772.site.95, 81, 96, 177
349741.6.peg.1772.site.96, 32, 90, 122
349741.6.peg.1772.site.97, 8, 90, 98
349741.6.peg.1772.site.98, 24, 82, 106
349741.6.peg.1772.site.99, 43, 76, 119
349741.6.peg.1772.site.100, 11, 69, 80
349741.6.peg.1772.site.101, 3, 76, 79
349741.6.peg.1772.site.102, 2, 82, 84
349741.6.peg.1772.site.103, 33, 93, 126
349741.6.peg.1772.site.104, 23, 96, 119
349741.6.peg.1772.site.105, 3, 95, 98
349741.6.peg.1772.site.106, 4, 96, 100
349741.6.peg.1772.site.107, 38, 95, 133
349741.6.peg.1772.site.108, 0, 97, 97
349741.6.peg.1773.site.1, 92, 96, 188
349741.6.peg.1773.site.2, 74, 97, 171
349741.6.peg.1773.site.3, 34, 49, 83
349741.6.peg.1773.site.4, 27, 42, 69
349741.6.peg.1773.site.5, 19, 34, 53
349741.6.peg.1773.site.6, 39, 54, 93
349741.6.peg.1773.site.7, 2, 63, 65
349741.6.peg.1773.site.8, 9, 29, 38
349741.6.peg.1773.site.9, 2, 22, 24
349741.6.peg.1773.site.10, 4, 23, 27
349741.6.peg.1773.site.11, 50, 64, 114
349741.6.peg.1773.site.12, 2, 87, 89
349741.6.peg.1773.site.13, 66, 87, 153
349741.6.peg.1773.site.14, 31, 92, 123
349741.6.peg.1773.site.15, 5, 90, 95
349741.6.peg.1773.site.16, 9, 90, 99
349741.6.peg.1773.site.17, 46, 88, 134
349741.6.peg.1773.site.18, 3, 90, 93
349741.6.peg.1773.site.19, 2, 90, 92
349741.6.peg.1773.site.20, 57, 89, 146
349741.6.peg.1773.site.21, 2, 89, 91
349741.6.peg.1773.site.22, 44, 91, 135
349741.6.peg.1773.site.23, 45, 90, 135
349741.6.peg.1773.site.24, 17, 87, 104
349741.6.peg.1773.site.25, 67, 82, 149
349741.6.peg.1773.site.26, 51, 74, 125
349741.6.peg.1773.site.27, 3, 48, 51
349741.6.peg.1773.site.28, 3, 46, 49
349741.6.peg.1773.site.29, 5, 34, 39
349741.6.peg.1773.site.30, 12, 33, 45
349741.6.peg.1773.site.31, 6, 61, 67
349741.6.peg.1773.site.32, 5, 58, 63
349741.6.peg.1773.site.33, 3, 90, 93
349741.6.peg.1773.site.34, 11, 92, 103
349741.6.peg.1773.site.35, 2, 94, 96
349741.6.peg.1773.site.36, 8, 88, 96
349741.6.peg.1773.site.37, 42, 86, 128
349741.6.peg.1773.site.38, 29, 84, 113
349741.6.peg.1773.site.39, 33, 84, 117
349741.6.peg.1773.site.40, 68, 81, 149
349741.6.peg.1773.site.41, 74, 96, 170
349741.6.peg.1773.site.42, 7, 96, 103
349741.6.peg.1773.site.43, 8, 97, 105
349741.6.peg.1773.site.44, 41, 97, 138
349741.6.peg.1773.site.45, 7, 96, 103
349741.6.peg.1773.site.46, 52, 94, 146
349741.6.peg.1773.site.47, 3, 93, 96
349741.6.peg.1773.site.48, 4, 93, 97
349741.6.peg.1773.site.49, 6, 91, 97
349741.6.peg.1773.site.50, 89, 91, 180
349741.6.peg.1773.site.51, 2, 92, 94
349741.6.peg.1773.site.52, 45, 91, 136
349741.6.peg.1773.site.53, 20, 89, 109
349741.6.peg.1773.site.54, 1, 90, 91
349741.6.peg.1773.site.55, 77, 92, 169
349741.6.peg.1773.site.56, 13, 93, 106
349741.6.peg.1773.site.57, 7, 96, 103
349741.6.peg.1773.site.58, 90, 95, 185
349741.6.peg.1773.site.59, 2, 96, 98
349741.6.peg.1773.site.60, 2, 97, 99
349741.6.peg.1773.site.61, 72, 96, 168
349741.6.peg.1773.site.62, 5, 24, 29
349741.6.peg.1773.site.63, 2, 20, 22
349741.6.peg.1773.site.64, 2, 37, 39
349741.6.peg.1773.site.65, 14, 74, 88
349741.6.peg.1773.site.66, 2, 75, 77
349741.6.peg.1773.site.67, 64, 80, 144
349741.6.peg.1773.site.68, 11, 86, 97
349741.6.peg.1773.site.69, 2, 89, 91
349741.6.peg.1773.site.70, 32, 92, 124
349741.6.peg.1773.site.71, 12, 95, 107
349741.6.peg.1773.site.72, 92, 94, 186
349741.6.peg.1773.site.73, 1, 93, 94
349741.6.peg.1773.site.74, 7, 95, 102
349741.6.peg.1773.site.75, 2, 89, 91
349741.6.peg.1773.site.76, 26, 87, 113
349741.6.peg.1773.site.77, 1, 80, 81
349741.6.peg.1773.site.78, 2, 73, 75
349741.6.peg.1773.site.79, 43, 59, 102
349741.6.peg.1773.site.80, 8, 51, 59
349741.6.peg.1773.site.81, 1, 16, 17
349741.6.peg.1773.site.82, 4, 15, 19
349741.6.peg.1773.site.83, 2, 16, 18
349741.6.peg.1773.site.84, 2, 22, 24
349741.6.peg.1773.site.85, 4, 36, 40
349741.6.peg.1773.site.86, 2, 49, 51
349741.6.peg.1773.site.87, 3, 89, 92
349741.6.peg.1773.site.88, 1, 92, 93
349741.6.peg.1773.site.89, 11, 91, 102
349741.6.peg.1773.site.90, 55, 94, 149
349741.6.peg.1773.site.91, 17, 77, 94
349741.6.peg.1773.site.92, 0, 73, 73
349741.6.peg.1773.site.93, 6, 43, 49
349741.6.peg.1773.site.94, 4, 42, 46
349741.6.peg.1773.site.95, 23, 46, 69
349741.6.peg.1773.site.96, 3, 82, 85
349741.6.peg.1773.site.97, 66, 72, 138
349741.6.peg.1773.site.98, 12, 61, 73
349741.6.peg.1773.site.99, 30, 57, 87
349741.6.peg.1773.site.100, 46, 59, 105
349741.6.peg.1773.site.101, 2, 85, 87
349741.6.peg.1773.site.102, 81, 87, 168
349741.6.peg.1773.site.103, 23, 87, 110
349741.6.peg.1773.site.104, 70, 85, 155
349741.6.peg.1773.site.105, 13, 86, 99
349741.6.peg.1775.site.1, 36, 86, 122
349741.6.peg.1775.site.2, 43, 94, 137
349741.6.peg.1775.site.3, 95, 95, 190
349741.6.peg.1775.site.4, 2, 97, 99
349741.6.peg.1775.site.5, 64, 97, 161
349741.6.peg.1775.site.6, 72, 97, 169
349741.6.peg.1775.site.7, 2, 96, 98
349741.6.peg.1775.site.8, 5, 95, 100
349741.6.peg.1775.site.9, 76, 94, 170
349741.6.peg.1775.site.10, 37, 75, 112
349741.6.peg.1775.site.11, 12, 73, 85
349741.6.peg.1775.site.12, 65, 73, 138
349741.6.peg.1775.site.13, 13, 72, 85
349741.6.peg.1775.site.14, 13, 81, 94
349741.6.peg.1775.site.15, 36, 85, 121
349741.6.peg.1775.site.16, 17, 91, 108
349741.6.peg.1775.site.17, 10, 92, 102
349741.6.peg.1775.site.18, 23, 93, 116
349741.6.peg.1775.site.19, 33, 97, 130
349741.6.peg.1775.site.20, 81, 96, 177
349741.6.peg.1775.site.21, 10, 97, 107
349741.6.peg.1775.site.22, 86, 89, 175
349741.6.peg.1775.site.23, 66, 74, 140
349741.6.peg.1775.site.24, 7, 86, 93
349741.6.peg.1775.site.25, 4, 84, 88
349741.6.peg.1775.site.26, 2, 90, 92
349741.6.peg.1775.site.27, 21, 87, 108
349741.6.peg.1775.site.28, 28, 93, 121
349741.6.peg.1775.site.29, 26, 92, 118
349741.6.peg.1775.site.30, 52, 95, 147
349741.6.peg.1775.site.31, 3, 96, 99
349741.6.peg.1775.site.32, 23, 96, 119
349741.6.peg.1775.site.33, 22, 95, 117
349741.6.peg.1775.site.34, 12, 83, 95
349741.6.peg.1775.site.35, 7, 80, 87
349741.6.peg.1775.site.36, 31, 62, 93
349741.6.peg.1775.site.37, 1, 60, 61
349741.6.peg.1775.site.38, 18, 60, 78
349741.6.peg.1775.site.39, 9, 82, 91
349741.6.peg.1775.site.40, 1, 87, 88
349741.6.peg.1775.site.41, 9, 93, 102
349741.6.peg.1775.site.42, 89, 95, 184
349741.6.peg.1775.site.43, 6, 96, 102
349741.6.peg.1776.site.1, 2, 95, 97
349741.6.peg.1776.site.2, 2, 97, 99
349741.6.peg.1776.site.3, 2, 97, 99
349741.6.peg.1776.site.4, 25, 97, 122
349741.6.peg.1776.site.5, 37, 93, 130
349741.6.peg.1776.site.6, 2, 92, 94
349741.6.peg.1776.site.7, 2, 92, 94
349741.6.peg.1776.site.8, 20, 97, 117
349741.6.peg.1776.site.9, 5, 97, 102
349741.6.peg.1776.site.10, 80, 97, 177
349741.6.peg.1776.site.11, 79, 96, 175
349741.6.peg.1776.site.12, 9, 96, 105
349741.6.peg.1776.site.13, 6, 87, 93
349741.6.peg.1776.site.14, 3, 81, 84
349741.6.peg.1776.site.15, 45, 62, 107
349741.6.peg.1776.site.16, 43, 59, 102
349741.6.peg.1776.site.17, 11, 28, 39
349741.6.peg.1776.site.18, 2, 22, 24
349741.6.peg.1776.site.19, 5, 22, 27
349741.6.peg.1776.site.20, 2, 29, 31
349741.6.peg.1776.site.21, 14, 32, 46
349741.6.peg.1776.site.22, 62, 62, 124
349741.6.peg.1776.site.23, 47, 64, 111
349741.6.peg.1776.site.24, 5, 76, 81
349741.6.peg.1776.site.25, 5, 91, 96
349741.6.peg.1776.site.26, 7, 40, 47
349741.6.peg.1776.site.27, 38, 40, 78
349741.6.peg.1776.site.28, 49, 64, 113
349741.6.peg.1776.site.29, 2, 70, 72
349741.6.peg.1776.site.30, 0, 95, 95
349741.6.peg.1776.site.31, 41, 95, 136
349741.6.peg.1776.site.32, 31, 84, 115
349741.6.peg.1776.site.33, 8, 78, 86
349741.6.peg.1776.site.34, 22, 74, 96
349741.6.peg.1776.site.35, 0, 69, 69
349741.6.peg.1776.site.36, 2, 69, 71
349741.6.peg.1776.site.37, 2, 68, 70
349741.6.peg.1776.site.38, 2, 52, 54
349741.6.peg.1776.site.39, 34, 49, 83
349741.6.peg.1776.site.40, 4, 51, 55
349741.6.peg.1776.site.41, 9, 54, 63
349741.6.peg.1776.site.42, 32, 54, 86
349741.6.peg.1776.site.43, 2, 60, 62
349741.6.peg.1776.site.44, 64, 64, 128
349741.6.peg.1776.site.45, 7, 65, 72
349741.6.peg.1776.site.46, 1, 61, 62
349741.6.peg.1776.site.47, 1, 61, 62
349741.6.peg.1776.site.48, 2, 80, 82
349741.6.peg.1776.site.49, 29, 89, 118
349741.6.peg.1776.site.50, 45, 90, 135
349741.6.peg.1776.site.51, 35, 95, 130
349741.6.peg.1776.site.52, 35, 95, 130
349741.6.peg.1776.site.53, 11, 96, 107
349741.6.peg.1776.site.54, 1, 96, 97
349741.6.peg.1776.site.55, 9, 68, 77
349741.6.peg.1776.site.56, 37, 66, 103
349741.6.peg.1776.site.57, 16, 95, 111
349741.6.peg.1776.site.58, 50, 97, 147
349741.6.peg.1776.site.59, 37, 97, 134
349741.6.peg.1776.site.60, 2, 91, 93
349741.6.peg.1776.site.61, 1, 89, 90
349741.6.peg.1776.site.62, 37, 90, 127
349741.6.peg.1776.site.63, 37, 90, 127
349741.6.peg.1776.site.64, 42, 71, 113
349741.6.peg.1776.site.65, 2, 59, 61
349741.6.peg.1776.site.66, 32, 60, 92
349741.6.peg.1776.site.67, 5, 65, 70
349741.6.peg.1776.site.68, 61, 61, 122
349741.6.peg.1776.site.69, 2, 62, 64
349741.6.peg.1776.site.70, 63, 63, 126
349741.6.peg.1776.site.71, 2, 64, 66
349741.6.peg.1776.site.72, 2, 62, 64
349741.6.peg.1776.site.73, 1, 60, 61
349741.6.peg.1776.site.74, 10, 60, 70
349741.6.peg.1776.site.75, 2, 60, 62
349741.6.peg.1776.site.76, 12, 79, 91
349741.6.peg.1776.site.77, 24, 79, 103
349741.6.peg.1776.site.78, 2, 82, 84
349741.6.peg.1776.site.79, 1, 85, 86
349741.6.peg.1776.site.80, 6, 86, 92
349741.6.peg.1776.site.81, 25, 85, 110
349741.6.peg.1776.site.82, 33, 92, 125
349741.6.peg.1776.site.83, 45, 96, 141
349741.6.peg.1776.site.84, 42, 93, 135
349741.6.peg.1776.site.85, 1, 92, 93
349741.6.peg.1776.site.86, 2, 93, 95
349741.6.peg.1776.site.87, 15, 68, 83
349741.6.peg.1776.site.88, 47, 81, 128
349741.6.peg.1776.site.89, 13, 82, 95
349741.6.peg.1776.site.90, 35, 86, 121
349741.6.peg.1776.site.91, 17, 85, 102
349741.6.peg.1776.site.92, 1, 85, 86
349741.6.peg.1776.site.93, 39, 90, 129
349741.6.peg.1776.site.94, 2, 95, 97
349741.6.peg.1776.site.95, 20, 90, 110
349741.6.peg.1776.site.96, 21, 95, 116
349741.6.peg.1776.site.97, 1, 91, 92
349741.6.peg.1776.site.98, 4, 91, 95
349741.6.peg.1776.site.99, 8, 84, 92
349741.6.peg.1776.site.100, 3, 50, 53
349741.6.peg.1776.site.101, 14, 50, 64
349741.6.peg.1776.site.102, 2, 68, 70
349741.6.peg.1776.site.103, 19, 70, 89
349741.6.peg.1776.site.104, 31, 82, 113
349741.6.peg.1776.site.105, 3, 88, 91
349741.6.peg.1776.site.106, 5, 97, 102
349741.6.peg.1776.site.107, 1, 93, 94
349741.6.peg.1776.site.108, 72, 93, 165
349741.6.peg.1776.site.109, 42, 93, 135
349741.6.peg.1776.site.110, 1, 93, 94
349741.6.peg.1776.site.111, 1, 93, 94
349741.6.peg.1776.site.112, 17, 92, 109
349741.6.peg.1776.site.113, 17, 92, 109
349741.6.peg.1776.site.114, 45, 96, 141
349741.6.peg.1776.site.115, 50, 97, 147
349741.6.peg.1776.site.116, 5, 97, 102
349741.6.peg.1776.site.117, 6, 97, 103
349741.6.peg.1776.site.118, 0, 97, 97
349741.6.peg.1776.site.119, 12, 97, 109
349741.6.peg.1776.site.120, 1, 78, 79
349741.6.peg.1776.site.121, 2, 55, 57
349741.6.peg.1776.site.122, 32, 83, 115
349741.6.peg.1776.site.123, 0, 91, 91
349741.6.peg.1776.site.124, 13, 93, 106
349741.6.peg.1776.site.125, 19, 94, 113
349741.6.peg.1776.site.126, 34, 96, 130
349741.6.peg.1776.site.127, 8, 97, 105
349741.6.peg.1776.site.128, 5, 97, 102
349741.6.peg.1776.site.129, 34, 93, 127
349741.6.peg.1776.site.130, 8, 83, 91
349741.6.peg.1776.site.131, 23, 80, 103
349741.6.peg.1776.site.132, 0, 72, 72
349741.6.peg.1776.site.133, 12, 69, 81
349741.6.peg.1776.site.134, 6, 61, 67
349741.6.peg.1776.site.135, 2, 58, 60
349741.6.peg.1776.site.136, 3, 57, 60
349741.6.peg.1776.site.137, 2, 58, 60
349741.6.peg.1776.site.138, 3, 58, 61
349741.6.peg.1776.site.139, 14, 58, 72
349741.6.peg.1776.site.140, 2, 57, 59
349741.6.peg.1776.site.141, 55, 57, 112
349741.6.peg.1776.site.142, 2, 57, 59
349741.6.peg.1776.site.143, 2, 56, 58
349741.6.peg.1776.site.144, 9, 58, 67
349741.6.peg.1776.site.145, 1, 58, 59
349741.6.peg.1776.site.146, 7, 64, 71
349741.6.peg.1776.site.147, 2, 64, 66
349741.6.peg.1776.site.148, 38, 64, 102
349741.6.peg.1776.site.149, 4, 64, 68
349741.6.peg.1776.site.150, 1, 65, 66
349741.6.peg.1776.site.151, 2, 65, 67
349741.6.peg.1776.site.152, 2, 70, 72
349741.6.peg.1776.site.153, 14, 78, 92
349741.6.peg.1776.site.154, 33, 97, 130
349741.6.peg.1776.site.155, 2, 96, 98
349741.6.peg.1776.site.156, 22, 86, 108
349741.6.peg.1776.site.157, 19, 83, 102
349741.6.peg.1776.site.158, 68, 68, 136
349741.6.peg.1776.site.159, 2, 64, 66
349741.6.peg.1776.site.160, 64, 64, 128
349741.6.peg.1776.site.161, 12, 76, 88
349741.6.peg.1776.site.162, 2, 79, 81
349741.6.peg.1776.site.163, 15, 79, 94
349741.6.peg.1776.site.164, 14, 78, 92
349741.6.peg.1776.site.165, 9, 72, 81
349741.6.peg.1776.site.166, 5, 74, 79
349741.6.peg.1776.site.167, 4, 67, 71
349741.6.peg.1776.site.168, 13, 76, 89
349741.6.peg.1776.site.169, 1, 97, 98
349741.6.peg.1776.site.170, 18, 82, 100
349741.6.peg.1776.site.171, 7, 71, 78
349741.6.peg.1776.site.172, 1, 64, 65
349741.6.peg.1776.site.173, 2, 65, 67
349741.6.peg.1776.site.174, 7, 70, 77
349741.6.peg.1776.site.175, 2, 73, 75
349741.6.peg.1776.site.176, 13, 74, 87
349741.6.peg.916.site.1, 61, 97, 158
349741.6.peg.916.site.2, 7, 97, 104
349741.6.peg.916.site.3, 59, 97, 156
349741.6.peg.916.site.4, 2, 95, 97
349741.6.peg.916.site.5, 8, 97, 105
349741.6.peg.916.site.6, 1, 97, 98
349741.6.peg.916.site.7, 1, 97, 98
349741.6.peg.916.site.8, 2, 97, 99
349741.6.peg.916.site.9, 6, 97, 103
349741.6.peg.916.site.10, 2, 96, 98
349741.6.peg.916.site.11, 1, 97, 98
349741.6.peg.916.site.12, 6, 97, 103
349741.6.peg.916.site.13, 6, 97, 103
349741.6.peg.916.site.14, 6, 97, 103
349741.6.peg.916.site.15, 11, 97, 108
349741.6.peg.916.site.16, 68, 97, 165
349741.6.peg.916.site.17, 6, 97, 103
349741.6.peg.916.site.18, 2, 97, 99
349741.6.peg.916.site.19, 2, 97, 99
349741.6.peg.916.site.20, 12, 96, 108
349741.6.peg.916.site.21, 30, 96, 126
349741.6.peg.916.site.22, 0, 97, 97
349741.6.peg.916.site.23, 3, 96, 99
349741.6.peg.916.site.24, 30, 96, 126
349741.6.peg.916.site.25, 65, 95, 160
349741.6.peg.916.site.26, 3, 96, 99
349741.6.peg.916.site.27, 39, 96, 135
349741.6.peg.916.site.28, 11, 95, 106
349741.6.peg.916.site.29, 2, 95, 97
349741.6.peg.916.site.30, 22, 96, 118
349741.6.peg.916.site.31, 44, 96, 140
349741.6.peg.916.site.32, 27, 97, 124
349741.6.peg.916.site.33, 36, 97, 133
349741.6.peg.916.site.34, 29, 97, 126
349741.6.peg.916.site.35, 10, 97, 107
349741.6.peg.916.site.36, 2, 97, 99
349741.6.peg.917.site.1, 5, 97, 102
349741.6.peg.917.site.2, 44, 97, 141
349741.6.peg.917.site.3, 0, 97, 97
349741.6.peg.917.site.4, 36, 97, 133
349741.6.peg.917.site.5, 0, 96, 96
349741.6.peg.917.site.6, 8, 97, 105
349741.6.peg.917.site.7, 19, 97, 116
349741.6.peg.917.site.8, 38, 97, 135
349741.6.peg.917.site.9, 44, 97, 141
349741.6.peg.917.site.10, 17, 97, 114
349741.6.peg.917.site.11, 8, 97, 105
349741.6.peg.917.site.12, 6, 97, 103
349741.6.peg.917.site.13, 66, 96, 162
349741.6.peg.917.site.14, 69, 96, 165
349741.6.peg.917.site.15, 43, 97, 140
349741.6.peg.917.site.16, 14, 97, 111
349741.6.peg.914.site.1, 51, 97, 148
349741.6.peg.914.site.2, 0, 97, 97
349741.6.peg.914.site.3, 44, 97, 141
349741.6.peg.914.site.4, 35, 95, 130
349741.6.peg.914.site.5, 1, 97, 98
349741.6.peg.914.site.6, 16, 97, 113
349741.6.peg.912.site.1, 7, 97, 104
349741.6.peg.912.site.2, 39, 97, 136
349741.6.peg.912.site.3, 34, 95, 129
349741.6.peg.913.site.1, 27, 97, 124
349741.6.peg.913.site.2, 2, 97, 99
349741.6.peg.913.site.3, 56, 97, 153
349741.6.peg.913.site.4, 7, 97, 104
349741.6.peg.913.site.5, 7, 97, 104
349741.6.peg.913.site.6, 7, 97, 104
349741.6.peg.913.site.7, 12, 97, 109
349741.6.peg.913.site.8, 14, 97, 111
349741.6.peg.913.site.9, 2, 97, 99
349741.6.peg.913.site.10, 55, 96, 151
349741.6.peg.913.site.11, 14, 97, 111
349741.6.peg.913.site.12, 2, 97, 99
349741.6.peg.913.site.13, 2, 97, 99
349741.6.peg.913.site.14, 25, 97, 122
349741.6.peg.913.site.15, 61, 97, 158
349741.6.peg.913.site.16, 3, 97, 100
349741.6.peg.913.site.17, 7, 97, 104
349741.6.peg.913.site.18, 50, 97, 147
349741.6.peg.913.site.19, 2, 96, 98
349741.6.peg.913.site.20, 2, 96, 98
349741.6.peg.913.site.21, 0, 97, 97
349741.6.peg.913.site.22, 13, 96, 109
349741.6.peg.913.site.23, 2, 97, 99
349741.6.peg.913.site.24, 4, 96, 100
349741.6.peg.913.site.25, 0, 97, 97
349741.6.peg.913.site.26, 1, 93, 94
349741.6.peg.913.site.27, 1, 97, 98
349741.6.peg.913.site.28, 1, 97, 98
349741.6.peg.913.site.29, 1, 97, 98
349741.6.peg.913.site.30, 16, 97, 113
349741.6.peg.913.site.31, 40, 97, 137
349741.6.peg.913.site.32, 11, 97, 108
349741.6.peg.913.site.33, 9, 97, 106
349741.6.peg.913.site.34, 96, 97, 193
349741.6.peg.913.site.35, 8, 97, 105
349741.6.peg.913.site.36, 15, 97, 112
349741.6.peg.913.site.37, 36, 97, 133
349741.6.peg.913.site.38, 3, 97, 100
349741.6.peg.913.site.39, 46, 97, 143
349741.6.peg.913.site.40, 36, 97, 133
349741.6.peg.913.site.41, 3, 97, 100
349741.6.peg.911.site.1, 7, 94, 101
349741.6.peg.911.site.2, 5, 94, 99
349741.6.peg.911.site.3, 7, 94, 101
349741.6.peg.911.site.4, 7, 94, 101
349741.6.peg.911.site.5, 7, 92, 99
349741.6.peg.911.site.6, 10, 94, 104
349741.6.peg.911.site.7, 65, 97, 162
349741.6.peg.918.site.1, 2, 97, 99
349741.6.peg.918.site.2, 60, 97, 157
349741.6.peg.918.site.3, 41, 97, 138
349741.6.peg.918.site.4, 36, 97, 133
349741.6.peg.918.site.5, 19, 97, 116
349741.6.peg.918.site.6, 6, 97, 103
349741.6.peg.918.site.7, 7, 97, 104
349741.6.peg.918.site.8, 10, 96, 106
349741.6.peg.918.site.9, 40, 97, 137
349741.6.peg.918.site.10, 7, 97, 104
349741.6.peg.918.site.11, 67, 97, 164
349741.6.peg.918.site.12, 1, 97, 98
349741.6.peg.918.site.13, 39, 97, 136
349741.6.peg.918.site.14, 8, 97, 105
349741.6.peg.918.site.15, 0, 97, 97
349741.6.peg.918.site.16, 3, 97, 100
349741.6.peg.918.site.17, 78, 97, 175
349741.6.peg.918.site.18, 2, 97, 99
349741.6.peg.918.site.19, 1, 97, 98
349741.6.peg.918.site.20, 10, 97, 107
349741.6.peg.918.site.21, 24, 97, 121
349741.6.peg.918.site.22, 5, 97, 102
349741.6.peg.918.site.23, 40, 97, 137
349741.6.peg.918.site.24, 3, 96, 99
349741.6.peg.918.site.25, 52, 97, 149
349741.6.peg.918.site.26, 7, 97, 104
349741.6.peg.918.site.27, 55, 97, 152
349741.6.peg.918.site.28, 3, 97, 100
349741.6.peg.918.site.29, 3, 97, 100
349741.6.peg.918.site.30, 7, 96, 103
349741.6.peg.918.site.31, 0, 96, 96
349741.6.peg.918.site.32, 39, 97, 136
349741.6.peg.918.site.33, 6, 97, 103
349741.6.peg.918.site.34, 1, 97, 98
349741.6.peg.918.site.35, 21, 94, 115
349741.6.peg.918.site.36, 1, 95, 96
349741.6.peg.918.site.37, 3, 96, 99
349741.6.peg.918.site.38, 23, 96, 119
349741.6.peg.918.site.39, 1, 96, 97
349741.6.peg.918.site.40, 3, 97, 100
349741.6.peg.918.site.41, 4, 97, 101
349741.6.peg.918.site.42, 40, 97, 137
349741.6.peg.918.site.43, 1, 97, 98
349741.6.peg.918.site.44, 39, 96, 135
349741.6.peg.918.site.45, 6, 96, 102
349741.6.peg.918.site.46, 2, 95, 97
349741.6.peg.918.site.47, 1, 96, 97
349741.6.peg.918.site.48, 1, 97, 98
349741.6.peg.918.site.49, 1, 96, 97
349741.6.peg.918.site.50, 62, 95, 157
349741.6.peg.918.site.51, 1, 96, 97
349741.6.peg.918.site.52, 2, 96, 98
349741.6.peg.918.site.53, 17, 95, 112
349741.6.peg.918.site.54, 12, 94, 106
349741.6.peg.918.site.55, 1, 97, 98
349741.6.peg.918.site.56, 58, 97, 155
349741.6.peg.918.site.57, 27, 97, 124
349741.6.peg.918.site.58, 1, 97, 98
349741.6.peg.918.site.59, 28, 96, 124
349741.6.peg.918.site.60, 1, 95, 96
349741.6.peg.918.site.61, 3, 95, 98
349741.6.peg.918.site.62, 5, 95, 100
349741.6.peg.918.site.63, 2, 95, 97
349741.6.peg.918.site.64, 1, 91, 92
349741.6.peg.918.site.65, 29, 86, 115
349741.6.peg.918.site.66, 1, 90, 91
349741.6.peg.918.site.67, 35, 94, 129
349741.6.peg.918.site.68, 1, 95, 96
349741.6.peg.918.site.69, 1, 96, 97
349741.6.peg.918.site.70, 1, 96, 97
349741.6.peg.918.site.71, 5, 97, 102
349741.6.peg.918.site.72, 1, 97, 98
349741.6.peg.918.site.73, 4, 97, 101
349741.6.peg.918.site.74, 5, 97, 102
349741.6.peg.918.site.75, 11, 97, 108
349741.6.peg.918.site.76, 1, 97, 98
349741.6.peg.918.site.77, 1, 97, 98
349741.6.peg.918.site.78, 20, 96, 116
349741.6.peg.918.site.79, 36, 95, 131
349741.6.peg.918.site.80, 36, 96, 132
349741.6.peg.918.site.81, 36, 97, 133
349741.6.peg.918.site.82, 1, 96, 97
349741.6.peg.918.site.83, 36, 97, 133
349741.6.peg.918.site.84, 63, 97, 160
349741.6.peg.918.site.85, 1, 97, 98
349741.6.peg.918.site.86, 1, 97, 98
349741.6.peg.918.site.87, 1, 97, 98
349741.6.peg.918.site.88, 2, 95, 97
349741.6.peg.918.site.89, 1, 97, 98
349741.6.peg.918.site.90, 0, 96, 96
349741.6.peg.919.site.1, 4, 96, 100
349741.6.peg.919.site.2, 3, 97, 100
349741.6.peg.919.site.3, 1, 97, 98
349741.6.peg.919.site.4, 1, 97, 98
349741.6.peg.919.site.5, 1, 97, 98
349741.6.peg.919.site.6, 5, 97, 102
349741.6.peg.919.site.7, 5, 97, 102
349741.6.peg.919.site.8, 1, 97, 98
349741.6.peg.1368.site.1, 31, 97, 128
349741.6.peg.1368.site.2, 31, 97, 128
349741.6.peg.1368.site.3, 17, 97, 114
349741.6.peg.1368.site.4, 5, 96, 101
349741.6.peg.1368.site.5, 31, 97, 128
349741.6.peg.1368.site.6, 14, 96, 110
349741.6.peg.1368.site.7, 3, 97, 100
349741.6.peg.1368.site.8, 31, 97, 128
349741.6.peg.1368.site.9, 31, 96, 127
349741.6.peg.1368.site.10, 2, 97, 99
349741.6.peg.1368.site.11, 14, 97, 111
349741.6.peg.1368.site.12, 17, 97, 114
349741.6.peg.1368.site.13, 1, 95, 96
349741.6.peg.1368.site.14, 1, 97, 98
349741.6.peg.1368.site.15, 8, 97, 105
349741.6.peg.1368.site.16, 1, 97, 98
349741.6.peg.1368.site.17, 12, 97, 109
349741.6.peg.1368.site.18, 29, 97, 126
349741.6.peg.1368.site.19, 1, 97, 98
349741.6.peg.1368.site.20, 1, 96, 97
349741.6.peg.1368.site.21, 28, 96, 124
349741.6.peg.1368.site.22, 0, 97, 97
349741.6.peg.1368.site.23, 1, 96, 97
349741.6.peg.1368.site.24, 53, 97, 150
349741.6.peg.1368.site.25, 5, 97, 102
349741.6.peg.1368.site.26, 1, 97, 98
349741.6.peg.1368.site.27, 1, 97, 98
349741.6.peg.1368.site.28, 1, 96, 97
349741.6.peg.1368.site.29, 1, 97, 98
349741.6.peg.1368.site.30, 31, 97, 128
349741.6.peg.1368.site.31, 1, 97, 98
349741.6.peg.1368.site.32, 1, 96, 97
349741.6.peg.1368.site.33, 10, 97, 107
349741.6.peg.1368.site.34, 1, 97, 98
349741.6.peg.1368.site.35, 3, 97, 100
349741.6.peg.1368.site.36, 23, 97, 120
349741.6.peg.1368.site.37, 9, 97, 106
349741.6.peg.1368.site.38, 20, 97, 117
349741.6.peg.1368.site.39, 1, 96, 97
349741.6.peg.1368.site.40, 10, 96, 106
349741.6.peg.1368.site.41, 1, 97, 98
349741.6.peg.1368.site.42, 95, 96, 191
349741.6.peg.1368.site.43, 21, 95, 116
349741.6.peg.1368.site.44, 29, 95, 124
349741.6.peg.1368.site.45, 1, 96, 97
349741.6.peg.1368.site.46, 6, 95, 101
349741.6.peg.1368.site.47, 19, 96, 115
349741.6.peg.1368.site.48, 18, 95, 113
349741.6.peg.1368.site.49, 10, 96, 106
349741.6.peg.1368.site.50, 1, 96, 97
349741.6.peg.1368.site.51, 29, 96, 125
349741.6.peg.1368.site.52, 9, 96, 105
349741.6.peg.1368.site.53, 19, 95, 114
349741.6.peg.1368.site.54, 10, 95, 105
349741.6.peg.1368.site.55, 50, 95, 145
349741.6.peg.1368.site.56, 21, 95, 116
349741.6.peg.1368.site.57, 21, 95, 116
349741.6.peg.1368.site.58, 62, 93, 155
349741.6.peg.1368.site.59, 1, 96, 97
349741.6.peg.1368.site.60, 1, 95, 96
349741.6.peg.1368.site.61, 10, 96, 106
349741.6.peg.1368.site.62, 21, 97, 118
349741.6.peg.1360.site.1, 1, 93, 94
349741.6.peg.1360.site.2, 1, 93, 94
349741.6.peg.1360.site.3, 2, 94, 96
349741.6.peg.1360.site.4, 3, 90, 93
349741.6.peg.1360.site.5, 2, 88, 90
349741.6.peg.1360.site.6, 74, 87, 161
349741.6.peg.1360.site.7, 3, 86, 89
349741.6.peg.1360.site.8, 0, 85, 85
349741.6.peg.1360.site.9, 1, 94, 95
349741.6.peg.1360.site.10, 9, 95, 104
349741.6.peg.1360.site.11, 0, 94, 94
349741.6.peg.1360.site.12, 13, 95, 108
349741.6.peg.1360.site.13, 2, 95, 97
349741.6.peg.1360.site.14, 8, 94, 102
349741.6.peg.1360.site.15, 10, 97, 107
349741.6.peg.1360.site.16, 1, 96, 97
349741.6.peg.1360.site.17, 9, 97, 106
349741.6.peg.1360.site.18, 10, 97, 107
349741.6.peg.1360.site.19, 1, 94, 95
349741.6.peg.1360.site.20, 11, 91, 102
349741.6.peg.1360.site.21, 33, 89, 122
349741.6.peg.1360.site.22, 10, 93, 103
349741.6.peg.1360.site.23, 5, 95, 100
349741.6.peg.1360.site.24, 8, 91, 99
349741.6.peg.1360.site.25, 1, 89, 90
349741.6.peg.1360.site.26, 4, 88, 92
349741.6.peg.1360.site.27, 1, 84, 85
349741.6.peg.1360.site.28, 36, 81, 117
349741.6.peg.1360.site.29, 2, 81, 83
349741.6.peg.1360.site.30, 2, 79, 81
349741.6.peg.1360.site.31, 1, 79, 80
349741.6.peg.1360.site.32, 12, 79, 91
349741.6.peg.1360.site.33, 40, 82, 122
349741.6.peg.1360.site.34, 1, 83, 84
349741.6.peg.1360.site.35, 81, 83, 164
349741.6.peg.1360.site.36, 1, 82, 83
349741.6.peg.1360.site.37, 42, 77, 119
349741.6.peg.1360.site.38, 1, 83, 84
349741.6.peg.1360.site.39, 1, 84, 85
349741.6.peg.1360.site.40, 1, 84, 85
349741.6.peg.1360.site.41, 1, 86, 87
349741.6.peg.1360.site.42, 5, 92, 97
349741.6.peg.1360.site.43, 7, 89, 96
349741.6.peg.1360.site.44, 2, 83, 85
349741.6.peg.1365.site.1, 4, 86, 90
349741.6.peg.1365.site.2, 12, 94, 106
349741.6.peg.1365.site.3, 1, 94, 95
349741.6.peg.1365.site.4, 11, 94, 105
349741.6.peg.1365.site.5, 94, 95, 189
349741.6.peg.1365.site.6, 11, 96, 107
349741.6.peg.1365.site.7, 12, 97, 109
349741.6.peg.1365.site.8, 14, 97, 111
349741.6.peg.1365.site.9, 5, 90, 95
349741.6.peg.1365.site.10, 17, 85, 102
349741.6.peg.1365.site.11, 2, 86, 88
349741.6.peg.1365.site.12, 4, 85, 89
349741.6.peg.1365.site.13, 2, 85, 87
349741.6.peg.1365.site.14, 11, 95, 106
349741.6.peg.1365.site.15, 6, 97, 103
349741.6.peg.1365.site.16, 14, 97, 111
349741.6.peg.1365.site.17, 4, 97, 101
349741.6.peg.1365.site.18, 1, 97, 98
349741.6.peg.1365.site.19, 96, 96, 192
349741.6.peg.1365.site.20, 16, 97, 113
349741.6.peg.1365.site.21, 20, 96, 116
349741.6.peg.1365.site.22, 9, 92, 101
349741.6.peg.1365.site.23, 9, 90, 99
349741.6.peg.1365.site.24, 87, 90, 177
349741.6.peg.1365.site.25, 3, 89, 92
349741.6.peg.1365.site.26, 6, 89, 95
349741.6.peg.1365.site.27, 9, 89, 98
349741.6.peg.1365.site.28, 16, 94, 110
349741.6.peg.1365.site.29, 16, 96, 112
349741.6.peg.1365.site.30, 1, 97, 98
349741.6.peg.1364.site.1, 6, 93, 99
349741.6.peg.1364.site.2, 1, 94, 95
349741.6.peg.1364.site.3, 1, 94, 95
349741.6.peg.1364.site.4, 5, 89, 94
349741.6.peg.1364.site.5, 84, 85, 169
349741.6.peg.1364.site.6, 2, 85, 87
349741.6.peg.1364.site.7, 2, 84, 86
349741.6.peg.1364.site.8, 1, 83, 84
349741.6.peg.1364.site.9, 50, 83, 133
349741.6.peg.1364.site.10, 51, 82, 133
349741.6.peg.1364.site.11, 2, 81, 83
349741.6.peg.1364.site.12, 1, 82, 83
349741.6.peg.1364.site.13, 1, 77, 78
349741.6.peg.214.site.1, 1, 95, 96
349741.6.peg.214.site.2, 1, 97, 98
349741.6.peg.214.site.3, 2, 96, 98
349741.6.peg.214.site.4, 3, 96, 99
349741.6.peg.214.site.5, 42, 51, 93
349741.6.peg.214.site.6, 10, 26, 36
349741.6.peg.214.site.7, 72, 88, 160
349741.6.peg.214.site.8, 3, 96, 99
349741.6.peg.214.site.9, 1, 97, 98
349741.6.peg.214.site.10, 4, 97, 101
349741.6.peg.214.site.11, 6, 96, 102
349741.6.peg.214.site.12, 75, 97, 172
349741.6.peg.214.site.13, 7, 97, 104
349741.6.peg.214.site.14, 3, 97, 100
349741.6.peg.214.site.15, 77, 97, 174
349741.6.peg.214.site.16, 3, 97, 100
349741.6.peg.214.site.17, 1, 94, 95
349741.6.peg.214.site.18, 10, 91, 101
349741.6.peg.214.site.19, 3, 92, 95
349741.6.peg.214.site.20, 0, 89, 89
349741.6.peg.214.site.21, 11, 91, 102
349741.6.peg.214.site.22, 0, 91, 91
349741.6.peg.1161.site.1, 20, 95, 115
349741.6.peg.1161.site.2, 60, 94, 154
349741.6.peg.1161.site.3, 77, 93, 170
349741.6.peg.1161.site.4, 27, 56, 83
349741.6.peg.1161.site.5, 8, 37, 45
349741.6.peg.1161.site.6, 1, 39, 40
349741.6.peg.1161.site.7, 3, 41, 44
349741.6.peg.1161.site.8, 2, 93, 95
349741.6.peg.1161.site.9, 54, 90, 144
349741.6.peg.1161.site.10, 76, 94, 170
349741.6.peg.1161.site.11, 8, 96, 104
349741.6.peg.1161.site.12, 8, 97, 105
349741.6.peg.1161.site.13, 60, 97, 157
349741.6.peg.1161.site.14, 68, 97, 165
349741.6.peg.1161.site.15, 8, 97, 105
349741.6.peg.1161.site.16, 0, 97, 97
349741.6.peg.1161.site.17, 8, 96, 104
349741.6.peg.1161.site.18, 90, 91, 181
349741.6.peg.1162.site.1, 53, 95, 148
349741.6.peg.1162.site.2, 2, 96, 98
349741.6.peg.1162.site.3, 58, 97, 155
349741.6.peg.1162.site.4, 6, 97, 103
349741.6.peg.1162.site.5, 58, 97, 155
349741.6.peg.1162.site.6, 58, 97, 155
349741.6.peg.1162.site.7, 7, 97, 104
349741.6.peg.1162.site.8, 8, 97, 105
349741.6.peg.1162.site.9, 1, 97, 98
349741.6.peg.1162.site.10, 4, 97, 101
349741.6.peg.1162.site.11, 4, 97, 101
349741.6.peg.1162.site.12, 1, 97, 98
349741.6.peg.1162.site.13, 6, 96, 102
349741.6.peg.1162.site.14, 58, 97, 155
349741.6.peg.1162.site.15, 66, 97, 163
349741.6.peg.1162.site.16, 8, 97, 105
349741.6.peg.1162.site.17, 20, 97, 117
349741.6.peg.1162.site.18, 58, 97, 155
349741.6.peg.1162.site.19, 69, 97, 166
349741.6.peg.1162.site.20, 1, 97, 98
349741.6.peg.1162.site.21, 8, 97, 105
349741.6.peg.1162.site.22, 8, 96, 104
349741.6.peg.1162.site.23, 7, 96, 103
349741.6.peg.1162.site.24, 1, 90, 91
349741.6.peg.1162.site.25, 66, 97, 163
349741.6.peg.1162.site.26, 2, 96, 98
349741.6.peg.1162.site.27, 54, 97, 151
349741.6.peg.1162.site.28, 12, 97, 109
349741.6.peg.1162.site.29, 54, 97, 151
349741.6.peg.1162.site.30, 54, 97, 151
349741.6.peg.1162.site.31, 12, 96, 108
349741.6.peg.1162.site.32, 66, 97, 163
349741.6.peg.1162.site.33, 3, 97, 100
349741.6.peg.1162.site.34, 66, 97, 163
349741.6.peg.1162.site.35, 58, 96, 154
349741.6.peg.1162.site.36, 5, 97, 102
349741.6.peg.1162.site.37, 3, 97, 100
349741.6.peg.1162.site.38, 54, 94, 148
349741.6.peg.1162.site.39, 63, 94, 157
349741.6.peg.1162.site.40, 8, 93, 101
349741.6.peg.1162.site.41, 3, 65, 68
349741.6.peg.1162.site.42, 39, 70, 109
349741.6.peg.1162.site.43, 2, 70, 72
349741.6.peg.1162.site.44, 63, 94, 157
349741.6.peg.1162.site.45, 15, 97, 112
349741.6.peg.1162.site.46, 40, 97, 137
349741.6.peg.1162.site.47, 57, 96, 153
349741.6.peg.1162.site.48, 9, 95, 104
349741.6.peg.1162.site.49, 29, 97, 126
349741.6.peg.1162.site.50, 23, 97, 120
349741.6.peg.1162.site.51, 14, 93, 107
349741.6.peg.1162.site.52, 55, 92, 147
349741.6.peg.1162.site.53, 4, 56, 60
349741.6.peg.1947.site.1, 71, 97, 168
349741.6.peg.1947.site.2, 6, 97, 103
349741.6.peg.1947.site.3, 1, 97, 98
349741.6.peg.1947.site.4, 56, 97, 153
349741.6.peg.1947.site.5, 56, 97, 153
349741.6.peg.1947.site.6, 17, 97, 114
349741.6.peg.1947.site.7, 50, 97, 147
349741.6.peg.1947.site.8, 2, 96, 98
349741.6.peg.1947.site.9, 24, 95, 119
349741.6.peg.1947.site.10, 1, 95, 96
349741.6.peg.1947.site.11, 95, 95, 190
349741.6.peg.1947.site.12, 2, 97, 99
349741.6.peg.1947.site.13, 52, 97, 149
349741.6.peg.1947.site.14, 1, 96, 97
349741.6.peg.1947.site.15, 1, 96, 97
349741.6.peg.1947.site.16, 2, 96, 98
349741.6.peg.1947.site.17, 0, 96, 96
349741.6.peg.1947.site.18, 49, 97, 146
349741.6.peg.1947.site.19, 49, 97, 146
349741.6.peg.1947.site.20, 17, 96, 113
349741.6.peg.1947.site.21, 2, 97, 99
349741.6.peg.1947.site.22, 2, 97, 99
349741.6.peg.1947.site.23, 2, 95, 97
349741.6.peg.1947.site.24, 2, 97, 99
349741.6.peg.1947.site.25, 60, 96, 156
349741.6.peg.1947.site.26, 1, 96, 97
349741.6.peg.1947.site.27, 93, 96, 189
349741.6.peg.1947.site.28, 1, 95, 96
349741.6.peg.1947.site.29, 2, 95, 97
349741.6.peg.1947.site.30, 3, 95, 98
349741.6.peg.1947.site.31, 13, 94, 107
349741.6.peg.1947.site.32, 61, 96, 157
349741.6.peg.1947.site.33, 21, 97, 118
349741.6.peg.1947.site.34, 21, 96, 117
349741.6.peg.1947.site.35, 1, 94, 95
349741.6.peg.1947.site.36, 58, 93, 151
349741.6.peg.1947.site.37, 2, 93, 95
349741.6.peg.1947.site.38, 3, 84, 87
349741.6.peg.1947.site.39, 1, 77, 78
349741.6.peg.1947.site.40, 14, 81, 95
349741.6.peg.1947.site.41, 1, 92, 93
349741.6.peg.1947.site.42, 2, 95, 97
349741.6.peg.1947.site.43, 16, 97, 113
349741.6.peg.1947.site.44, 60, 96, 156
349741.6.peg.1947.site.45, 1, 95, 96
349741.6.peg.1947.site.46, 1, 96, 97
349741.6.peg.1947.site.47, 62, 95, 157
349741.6.peg.1947.site.48, 1, 96, 97
349741.6.peg.1947.site.49, 0, 96, 96
349741.6.peg.1947.site.50, 2, 97, 99
349741.6.peg.1947.site.51, 2, 97, 99
349741.6.peg.1946.site.1, 27, 72, 99
349741.6.peg.1946.site.2, 9, 56, 65
349741.6.peg.1946.site.3, 49, 96, 145
349741.6.peg.1946.site.4, 0, 93, 93
349741.6.peg.1946.site.5, 61, 93, 154
349741.6.peg.1946.site.6, 0, 95, 95
349741.6.peg.1946.site.7, 62, 92, 154
349741.6.peg.1946.site.8, 52, 94, 146
349741.6.peg.1946.site.9, 2, 95, 97
349741.6.peg.1946.site.10, 34, 68, 102
349741.6.peg.1946.site.11, 1, 51, 52
349741.6.peg.1946.site.12, 13, 49, 62
349741.6.peg.1946.site.13, 7, 42, 49
349741.6.peg.1946.site.14, 11, 42, 53
349741.6.peg.1946.site.15, 19, 54, 73
349741.6.peg.1946.site.16, 48, 82, 130
349741.6.peg.1946.site.17, 1, 97, 98
349741.6.peg.1946.site.18, 3, 97, 100
349741.6.peg.1946.site.19, 62, 96, 158
349741.6.peg.1944.site.1, 86, 96, 182
349741.6.peg.1942.site.1, 6, 97, 103
349741.6.peg.1942.site.2, 14, 97, 111
349741.6.peg.1942.site.3, 97, 97, 194
349741.6.peg.1942.site.4, 10, 97, 107
349741.6.peg.1942.site.5, 80, 97, 177
349741.6.peg.1942.site.6, 9, 97, 106
349741.6.peg.1942.site.7, 9, 95, 104
349741.6.peg.1942.site.8, 79, 96, 175
349741.6.peg.1942.site.9, 4, 97, 101
349741.6.peg.1942.site.10, 96, 96, 192
349741.6.peg.1942.site.11, 92, 93, 185
349741.6.peg.1942.site.12, 75, 92, 167
349741.6.peg.1942.site.13, 73, 90, 163
349741.6.peg.1942.site.14, 49, 66, 115
349741.6.peg.1942.site.15, 17, 34, 51
349741.6.peg.1942.site.16, 8, 25, 33
349741.6.peg.1942.site.17, 8, 25, 33
349741.6.peg.1942.site.18, 17, 17, 34
349741.6.peg.1942.site.19, 2, 19, 21
349741.6.peg.1942.site.20, 3, 21, 24
349741.6.peg.1942.site.21, 18, 35, 53
349741.6.peg.1942.site.22, 15, 32, 47
349741.6.peg.1942.site.23, 17, 34, 51
349741.6.peg.1942.site.24, 30, 47, 77
349741.6.peg.1942.site.25, 28, 45, 73
349741.6.peg.1941.site.1, 27, 27, 54
349741.6.peg.1941.site.2, 4, 21, 25
349741.6.peg.1941.site.3, 9, 95, 104
349741.6.peg.1941.site.4, 3, 94, 97
349741.6.peg.1941.site.5, 93, 93, 186
349741.6.peg.1941.site.6, 17, 97, 114
349741.6.peg.1941.site.7, 7, 97, 104
349741.6.peg.1941.site.8, 80, 97, 177
349741.6.peg.1941.site.9, 68, 97, 165
349741.6.peg.1949.site.1, 30, 97, 127
349741.6.peg.1948.site.1, 2, 95, 97
349741.6.peg.1948.site.2, 77, 95, 172
349741.6.peg.1948.site.3, 2, 97, 99
349741.6.peg.1948.site.4, 2, 96, 98
349741.6.peg.1948.site.5, 2, 97, 99
349741.6.peg.1948.site.6, 13, 97, 110
349741.6.peg.1948.site.7, 2, 97, 99
349741.6.peg.1948.site.8, 2, 97, 99
349741.6.peg.1948.site.9, 1, 96, 97
349741.6.peg.1948.site.10, 2, 97, 99
349741.6.peg.1948.site.11, 16, 97, 113
349741.6.peg.1948.site.12, 2, 97, 99
349741.6.peg.1948.site.13, 4, 97, 101
349741.6.peg.1948.site.14, 13, 97, 110
349741.6.peg.1948.site.15, 10, 97, 107
349741.6.peg.1948.site.16, 5, 97, 102
349741.6.peg.1948.site.17, 58, 95, 153
349741.6.peg.1948.site.18, 1, 93, 94
349741.6.peg.1948.site.19, 1, 93, 94
349741.6.peg.1948.site.20, 55, 92, 147
349741.6.peg.1948.site.21, 60, 93, 153
349741.6.peg.1948.site.22, 0, 93, 93
349741.6.peg.1948.site.23, 4, 94, 98
349741.6.peg.1948.site.24, 17, 96, 113
349741.6.peg.1948.site.25, 57, 96, 153
349741.6.peg.1948.site.26, 35, 95, 130
349741.6.peg.1948.site.27, 17, 96, 113
349741.6.peg.1948.site.28, 0, 95, 95
349741.6.peg.1948.site.29, 4, 94, 98
349741.6.peg.1948.site.30, 23, 94, 117
349741.6.peg.1948.site.31, 3, 85, 88
349741.6.peg.1948.site.32, 16, 87, 103
349741.6.peg.1948.site.33, 16, 87, 103
349741.6.peg.1948.site.34, 61, 92, 153
349741.6.peg.1948.site.35, 18, 97, 115
349741.6.peg.1948.site.36, 5, 97, 102
349741.6.peg.1948.site.37, 18, 97, 115
349741.6.peg.1948.site.38, 40, 97, 137
349741.6.peg.1948.site.39, 18, 97, 115
349741.6.peg.1948.site.40, 61, 97, 158
349741.6.peg.1948.site.41, 1, 96, 97
349741.6.peg.1948.site.42, 18, 96, 114
349741.6.peg.1948.site.43, 0, 95, 95
349741.6.peg.1948.site.44, 54, 95, 149
349741.6.peg.1948.site.45, 16, 95, 111
349741.6.peg.1948.site.46, 1, 96, 97
349741.6.peg.1948.site.47, 30, 94, 124
349741.6.peg.1948.site.48, 1, 96, 97
349741.6.peg.1948.site.49, 31, 95, 126
349741.6.peg.1381.site.1, 64, 96, 160
349741.6.peg.1381.site.2, 2, 96, 98
349741.6.peg.1380.site.1, 2, 97, 99
349741.6.peg.1380.site.2, 5, 97, 102
349741.6.peg.1380.site.3, 2, 96, 98
349741.6.peg.1380.site.4, 49, 97, 146
349741.6.peg.1380.site.5, 2, 97, 99
349741.6.peg.1380.site.6, 97, 97, 194
349741.6.peg.1380.site.7, 49, 97, 146
349741.6.peg.1380.site.8, 1, 96, 97
349741.6.peg.1380.site.9, 7, 97, 104
349741.6.peg.1380.site.10, 49, 97, 146
349741.6.peg.1380.site.11, 3, 97, 100
349741.6.peg.1380.site.12, 49, 96, 145
349741.6.peg.1380.site.13, 97, 97, 194
349741.6.peg.1380.site.14, 46, 94, 140
349741.6.peg.1380.site.15, 93, 93, 186
349741.6.peg.1380.site.16, 47, 95, 142
349741.6.peg.1380.site.17, 47, 95, 142
349741.6.peg.1380.site.18, 7, 95, 102
349741.6.peg.1380.site.19, 48, 94, 142
349741.6.peg.1380.site.20, 79, 79, 158
349741.6.peg.1380.site.21, 2, 50, 52
349741.6.peg.1380.site.22, 35, 48, 83
349741.6.peg.1380.site.23, 43, 49, 92
349741.6.peg.1380.site.24, 2, 50, 52
349741.6.peg.1380.site.25, 3, 51, 54
349741.6.peg.1380.site.26, 15, 63, 78
349741.6.peg.1383.site.1, 2, 97, 99
349741.6.peg.1383.site.2, 1, 97, 98
349741.6.peg.1383.site.3, 1, 97, 98
349741.6.peg.1383.site.4, 8, 97, 105
349741.6.peg.1383.site.5, 1, 97, 98
349741.6.peg.1383.site.6, 92, 97, 189
349741.6.peg.1383.site.7, 1, 97, 98
349741.6.peg.1383.site.8, 87, 96, 183
349741.6.peg.1382.site.1, 2, 97, 99
349741.6.peg.1382.site.2, 6, 97, 103
349741.6.peg.1382.site.3, 39, 97, 136
349741.6.peg.1382.site.4, 2, 97, 99
349741.6.peg.1382.site.5, 2, 97, 99
349741.6.peg.1382.site.6, 2, 97, 99
349741.6.peg.1382.site.7, 2, 97, 99
349741.6.peg.1382.site.8, 5, 97, 102
349741.6.peg.1382.site.9, 3, 96, 99
349741.6.peg.1382.site.10, 3, 97, 100
349741.6.peg.1382.site.11, 8, 96, 104
349741.6.peg.1382.site.12, 2, 95, 97
349741.6.peg.1382.site.13, 2, 97, 99
349741.6.peg.1382.site.14, 56, 97, 153
349741.6.peg.1382.site.15, 2, 97, 99
349741.6.peg.1382.site.16, 2, 97, 99
349741.6.peg.1382.site.17, 2, 97, 99
349741.6.peg.1382.site.18, 1, 97, 98
349741.6.peg.1385.site.1, 97, 97, 194
349741.6.peg.1385.site.2, 2, 97, 99
349741.6.peg.1385.site.3, 12, 97, 109
349741.6.peg.1385.site.4, 1, 97, 98
349741.6.peg.1385.site.5, 3, 97, 100
349741.6.peg.1385.site.6, 15, 97, 112
349741.6.peg.1385.site.7, 3, 97, 100
349741.6.peg.1385.site.8, 22, 96, 118
349741.6.peg.1385.site.9, 4, 97, 101
349741.6.peg.1385.site.10, 0, 97, 97
349741.6.peg.1385.site.11, 0, 97, 97
349741.6.peg.1385.site.12, 42, 97, 139
349741.6.peg.1385.site.13, 2, 97, 99
349741.6.peg.1385.site.14, 97, 97, 194
349741.6.peg.1385.site.15, 2, 97, 99
349741.6.peg.1385.site.16, 38, 97, 135
349741.6.peg.1385.site.17, 2, 97, 99
349741.6.peg.1385.site.18, 45, 97, 142
349741.6.peg.1385.site.19, 2, 97, 99
349741.6.peg.1385.site.20, 33, 97, 130
349741.6.peg.1385.site.21, 33, 97, 130
349741.6.peg.1385.site.22, 44, 97, 141
349741.6.peg.1385.site.23, 1, 96, 97
349741.6.peg.1385.site.24, 36, 97, 133
349741.6.peg.1385.site.25, 2, 97, 99
349741.6.peg.1385.site.26, 42, 97, 139
349741.6.peg.1384.site.1, 7, 96, 103
349741.6.peg.1384.site.2, 96, 97, 193
349741.6.peg.1384.site.3, 11, 96, 107
349741.6.peg.1384.site.4, 4, 96, 100
349741.6.peg.1384.site.5, 0, 94, 94
349741.6.peg.1384.site.6, 5, 97, 102
349741.6.peg.1384.site.7, 0, 97, 97
349741.6.peg.1384.site.8, 1, 92, 93
349741.6.peg.1384.site.9, 82, 97, 179
349741.6.peg.1384.site.10, 82, 97, 179
349741.6.peg.1384.site.11, 97, 97, 194
349741.6.peg.1384.site.12, 96, 97, 193
349741.6.peg.1384.site.13, 9, 96, 105
349741.6.peg.1384.site.14, 73, 93, 166
349741.6.peg.1384.site.15, 2, 96, 98
349741.6.peg.1384.site.16, 90, 96, 186
349741.6.peg.1384.site.17, 5, 96, 101
349741.6.peg.1384.site.18, 86, 96, 182
349741.6.peg.1384.site.19, 5, 96, 101
349741.6.peg.1384.site.20, 5, 96, 101
349741.6.peg.1384.site.21, 29, 95, 124
349741.6.peg.1384.site.22, 3, 96, 99
349741.6.peg.1384.site.23, 3, 96, 99
349741.6.peg.1384.site.24, 0, 96, 96
349741.6.peg.1384.site.25, 5, 96, 101
349741.6.peg.1384.site.26, 3, 96, 99
349741.6.peg.1384.site.27, 1, 96, 97
349741.6.peg.1384.site.28, 1, 97, 98
349741.6.peg.1384.site.29, 2, 96, 98
349741.6.peg.1384.site.30, 1, 97, 98
349741.6.peg.1384.site.31, 2, 97, 99
349741.6.peg.1384.site.32, 1, 96, 97
349741.6.peg.1384.site.33, 12, 95, 107
349741.6.peg.1384.site.34, 5, 96, 101
349741.6.peg.1384.site.35, 96, 97, 193
349741.6.peg.1384.site.36, 1, 97, 98
349741.6.peg.1384.site.37, 1, 97, 98
349741.6.peg.1384.site.38, 1, 97, 98
349741.6.peg.1384.site.39, 1, 96, 97
349741.6.peg.1384.site.40, 1, 96, 97
349741.6.peg.1387.site.1, 17, 97, 114
349741.6.peg.1387.site.2, 2, 97, 99
349741.6.peg.1387.site.3, 0, 95, 95
349741.6.peg.1387.site.4, 0, 97, 97
349741.6.peg.1386.site.1, 2, 96, 98
349741.6.peg.1386.site.2, 43, 97, 140
349741.6.peg.1386.site.3, 5, 97, 102
349741.6.peg.1386.site.4, 8, 97, 105
349741.6.peg.1386.site.5, 8, 97, 105
349741.6.peg.1386.site.6, 31, 97, 128
349741.6.peg.1386.site.7, 1, 90, 91
349741.6.peg.1386.site.8, 39, 90, 129
349741.6.peg.1386.site.9, 18, 90, 108
349741.6.peg.1386.site.10, 1, 90, 91
349741.6.peg.1386.site.11, 3, 91, 94
349741.6.peg.1386.site.12, 3, 92, 95
349741.6.peg.1386.site.13, 6, 95, 101
349741.6.peg.1386.site.14, 20, 95, 115
349741.6.peg.1386.site.15, 5, 94, 99
349741.6.peg.1386.site.16, 8, 97, 105
349741.6.peg.1386.site.17, 50, 97, 147
349741.6.peg.1386.site.18, 8, 97, 105
349741.6.peg.1386.site.19, 26, 97, 123
349741.6.peg.1386.site.20, 2, 96, 98
349741.6.peg.1386.site.21, 18, 96, 114
349741.6.peg.1386.site.22, 6, 95, 101
349741.6.peg.1386.site.23, 6, 95, 101
349741.6.peg.1386.site.24, 5, 94, 99
349741.6.peg.1386.site.25, 2, 91, 93
349741.6.peg.1386.site.26, 4, 93, 97
349741.6.peg.1386.site.27, 7, 96, 103
349741.6.peg.1386.site.28, 8, 97, 105
349741.6.peg.1386.site.29, 18, 97, 115
349741.6.peg.1389.site.1, 0, 97, 97
349741.6.peg.1389.site.2, 30, 97, 127
349741.6.peg.1389.site.3, 8, 96, 104
349741.6.peg.1389.site.4, 59, 95, 154
349741.6.peg.1389.site.5, 0, 97, 97
349741.6.peg.1389.site.6, 83, 97, 180
349741.6.peg.1389.site.7, 12, 97, 109
349741.6.peg.1389.site.8, 66, 97, 163
349741.6.peg.1389.site.9, 15, 97, 112
349741.6.peg.1389.site.10, 75, 90, 165
349741.6.peg.1389.site.11, 84, 91, 175
349741.6.peg.1389.site.12, 65, 95, 160
349741.6.peg.1389.site.13, 55, 96, 151
349741.6.peg.1389.site.14, 48, 97, 145
349741.6.peg.1389.site.15, 43, 97, 140
349741.6.peg.1389.site.16, 58, 97, 155
349741.6.peg.1389.site.17, 58, 97, 155
349741.6.peg.1389.site.18, 58, 97, 155
349741.6.peg.1389.site.19, 0, 97, 97
349741.6.peg.1388.site.1, 34, 97, 131
349741.6.peg.1388.site.2, 52, 90, 142
349741.6.peg.1388.site.3, 48, 86, 134
349741.6.peg.1388.site.4, 49, 87, 136
349741.6.peg.1388.site.5, 2, 89, 91
349741.6.peg.1388.site.6, 34, 89, 123
349741.6.peg.1388.site.7, 0, 97, 97
349741.6.peg.1388.site.8, 4, 97, 101
349741.6.peg.1388.site.9, 2, 97, 99
349741.6.peg.1388.site.10, 5, 97, 102
349741.6.peg.1388.site.11, 2, 97, 99
349741.6.peg.1388.site.12, 17, 97, 114
349741.6.peg.1388.site.13, 8, 97, 105
349741.6.peg.1388.site.14, 5, 97, 102
349741.6.peg.1388.site.15, 7, 97, 104
349741.6.peg.1388.site.16, 70, 97, 167
349741.6.peg.1388.site.17, 17, 97, 114
349741.6.peg.1388.site.18, 2, 97, 99
349741.6.peg.1388.site.19, 5, 97, 102
349741.6.peg.2347.site.1, 1, 96, 97
349741.6.peg.2347.site.2, 8, 96, 104
349741.6.peg.2347.site.3, 9, 94, 103
349741.6.peg.2347.site.4, 64, 95, 159
349741.6.peg.2347.site.5, 79, 95, 174
349741.6.peg.2347.site.6, 71, 95, 166
349741.6.peg.2347.site.7, 1, 96, 97
349741.6.peg.2347.site.8, 46, 69, 115
349741.6.peg.2347.site.9, 6, 29, 35
349741.6.peg.2347.site.10, 2, 24, 26
349741.6.peg.2347.site.11, 6, 27, 33
349741.6.peg.2347.site.12, 13, 29, 42
349741.6.peg.2347.site.13, 9, 41, 50
349741.6.peg.2347.site.14, 69, 87, 156
349741.6.peg.2347.site.15, 88, 91, 179
349741.6.peg.2347.site.16, 77, 95, 172
349741.6.peg.2347.site.17, 78, 96, 174
349741.6.peg.2347.site.18, 2, 97, 99
349741.6.peg.2347.site.19, 1, 96, 97
349741.6.peg.2347.site.20, 77, 95, 172
349741.6.peg.2347.site.21, 77, 95, 172
349741.6.peg.2347.site.22, 2, 97, 99
349741.6.peg.2347.site.23, 78, 96, 174
349741.6.peg.2347.site.24, 0, 97, 97
349741.6.peg.2347.site.25, 2, 96, 98
349741.6.peg.2347.site.26, 2, 97, 99
349741.6.peg.2347.site.27, 10, 97, 107
349741.6.peg.699.site.1, 34, 96, 130
349741.6.peg.699.site.2, 23, 97, 120
349741.6.peg.699.site.3, 8, 96, 104
349741.6.peg.699.site.4, 11, 95, 106
349741.6.peg.699.site.5, 47, 96, 143
349741.6.peg.699.site.6, 7, 92, 99
349741.6.peg.699.site.7, 46, 97, 143
349741.6.peg.699.site.8, 97, 97, 194
349741.6.peg.699.site.9, 86, 97, 183
349741.6.peg.699.site.10, 2, 94, 96
349741.6.peg.699.site.11, 12, 93, 105
349741.6.peg.699.site.12, 12, 92, 104
349741.6.peg.699.site.13, 1, 84, 85
349741.6.peg.699.site.14, 10, 93, 103
349741.6.peg.699.site.15, 11, 96, 107
349741.6.peg.699.site.16, 1, 97, 98
349741.6.peg.699.site.17, 27, 96, 123
349741.6.peg.1564.site.1, 0, 91, 91
349741.6.peg.1564.site.2, 7, 94, 101
349741.6.peg.1564.site.3, 9, 90, 99
349741.6.peg.1564.site.4, 56, 97, 153
349741.6.peg.1564.site.5, 1, 97, 98
349741.6.peg.1564.site.6, 1, 97, 98
349741.6.peg.1564.site.7, 2, 97, 99
349741.6.peg.1564.site.8, 1, 96, 97
349741.6.peg.1564.site.9, 47, 96, 143
349741.6.peg.1564.site.10, 75, 90, 165
349741.6.peg.1564.site.11, 1, 92, 93
349741.6.peg.1564.site.12, 3, 95, 98
349741.6.peg.1564.site.13, 1, 95, 96
349741.6.peg.1564.site.14, 2, 95, 97
349741.6.peg.1564.site.15, 1, 94, 95
349741.6.peg.1564.site.16, 7, 96, 103
349741.6.peg.1564.site.17, 1, 97, 98
349741.6.peg.1564.site.18, 2, 97, 99
349741.6.peg.1564.site.19, 1, 97, 98
349741.6.peg.1564.site.20, 1, 95, 96
349741.6.peg.1567.site.1, 1, 96, 97
349741.6.peg.1567.site.2, 3, 93, 96
349741.6.peg.1567.site.3, 2, 94, 96
349741.6.peg.1567.site.4, 5, 90, 95
349741.6.peg.1567.site.5, 3, 96, 99
349741.6.peg.1567.site.6, 79, 97, 176
349741.6.peg.1567.site.7, 3, 97, 100
349741.6.peg.1567.site.8, 90, 96, 186
349741.6.peg.1567.site.9, 1, 97, 98
349741.6.peg.1567.site.10, 23, 97, 120
349741.6.peg.1567.site.11, 1, 97, 98
349741.6.peg.1567.site.12, 9, 97, 106
349741.6.peg.1567.site.13, 0, 97, 97
349741.6.peg.1567.site.14, 1, 91, 92
349741.6.peg.1567.site.15, 1, 88, 89
349741.6.peg.1567.site.16, 31, 97, 128
349741.6.peg.1567.site.17, 1, 96, 97
349741.6.peg.1567.site.18, 1, 97, 98
349741.6.peg.1567.site.19, 5, 96, 101
349741.6.peg.1567.site.20, 1, 97, 98
349741.6.peg.1566.site.1, 1, 95, 96
349741.6.peg.1566.site.2, 25, 95, 120
349741.6.peg.1566.site.3, 2, 95, 97
349741.6.peg.1566.site.4, 2, 95, 97
349741.6.peg.1566.site.5, 1, 95, 96
349741.6.peg.1566.site.6, 94, 96, 190
349741.6.peg.1566.site.7, 2, 97, 99
349741.6.peg.1566.site.8, 2, 97, 99
349741.6.peg.1566.site.9, 1, 96, 97
349741.6.peg.1566.site.10, 19, 95, 114
349741.6.peg.1566.site.11, 96, 96, 192
349741.6.peg.1566.site.12, 1, 96, 97
349741.6.peg.1566.site.13, 63, 97, 160
349741.6.peg.1566.site.14, 2, 97, 99
349741.6.peg.1566.site.15, 8, 97, 105
349741.6.peg.1566.site.16, 1, 95, 96
349741.6.peg.1566.site.17, 0, 92, 92
349741.6.peg.1566.site.18, 94, 94, 188
349741.6.peg.1566.site.19, 0, 96, 96
349741.6.peg.1566.site.20, 1, 96, 97
349741.6.peg.1566.site.21, 1, 96, 97
349741.6.peg.1566.site.22, 4, 96, 100
349741.6.peg.1566.site.23, 0, 96, 96
349741.6.peg.1566.site.24, 1, 95, 96
349741.6.peg.1566.site.25, 5, 96, 101
349741.6.peg.1566.site.26, 0, 96, 96
349741.6.peg.1566.site.27, 76, 96, 172
349741.6.peg.1561.site.1, 7, 97, 104
349741.6.peg.1561.site.2, 7, 97, 104
349741.6.peg.1561.site.3, 5, 97, 102
349741.6.peg.1561.site.4, 1, 97, 98
349741.6.peg.1561.site.5, 95, 95, 190
349741.6.peg.1561.site.6, 6, 93, 99
349741.6.peg.1561.site.7, 30, 97, 127
349741.6.peg.1561.site.8, 2, 91, 93
349741.6.peg.1561.site.9, 1, 97, 98
349741.6.peg.1561.site.10, 1, 96, 97
349741.6.peg.1561.site.11, 1, 96, 97
349741.6.peg.1561.site.12, 1, 96, 97
349741.6.peg.1561.site.13, 9, 96, 105
349741.6.peg.1561.site.14, 13, 91, 104
349741.6.peg.1561.site.15, 24, 92, 116
349741.6.peg.1561.site.16, 6, 92, 98
349741.6.peg.1561.site.17, 20, 87, 107
349741.6.peg.1561.site.18, 25, 96, 121
349741.6.peg.1561.site.19, 2, 96, 98
349741.6.peg.1561.site.20, 22, 94, 116
349741.6.peg.1561.site.21, 1, 95, 96
349741.6.peg.1561.site.22, 26, 94, 120
349741.6.peg.1561.site.23, 2, 94, 96
349741.6.peg.1561.site.24, 15, 95, 110
349741.6.peg.1561.site.25, 4, 93, 97
349741.6.peg.1561.site.26, 12, 96, 108
349741.6.peg.1561.site.27, 1, 97, 98
349741.6.peg.1561.site.28, 0, 96, 96
349741.6.peg.1561.site.29, 7, 96, 103
349741.6.peg.1561.site.30, 2, 96, 98
349741.6.peg.1561.site.31, 95, 96, 191
349741.6.peg.1561.site.32, 4, 96, 100
349741.6.peg.1561.site.33, 13, 96, 109
349741.6.peg.1561.site.34, 7, 96, 103
349741.6.peg.1561.site.35, 7, 96, 103
349741.6.peg.1561.site.36, 2, 97, 99
349741.6.peg.1561.site.37, 11, 97, 108
349741.6.peg.1561.site.38, 1, 96, 97
349741.6.peg.1561.site.39, 56, 95, 151
349741.6.peg.1561.site.40, 56, 93, 149
349741.6.peg.1561.site.41, 7, 95, 102
349741.6.peg.1561.site.42, 3, 89, 92
349741.6.peg.1561.site.43, 58, 88, 146
349741.6.peg.1561.site.44, 88, 88, 176
349741.6.peg.1561.site.45, 27, 88, 115
349741.6.peg.1561.site.46, 2, 90, 92
349741.6.peg.1561.site.47, 1, 87, 88
349741.6.peg.1561.site.48, 2, 88, 90
349741.6.peg.1561.site.49, 1, 88, 89
349741.6.peg.1561.site.50, 2, 87, 89
349741.6.peg.1561.site.51, 1, 90, 91
349741.6.peg.1561.site.52, 88, 88, 176
349741.6.peg.1561.site.53, 3, 86, 89
349741.6.peg.1561.site.54, 57, 96, 153
349741.6.peg.1561.site.55, 11, 96, 107
349741.6.peg.1561.site.56, 4, 95, 99
349741.6.peg.1561.site.57, 1, 92, 93
349741.6.peg.1561.site.58, 65, 90, 155
349741.6.peg.1561.site.59, 30, 87, 117
349741.6.peg.1561.site.60, 1, 90, 91
349741.6.peg.1560.site.1, 95, 97, 192
349741.6.peg.1560.site.2, 1, 97, 98
349741.6.peg.1560.site.3, 2, 93, 95
349741.6.peg.1560.site.4, 2, 94, 96
349741.6.peg.1560.site.5, 69, 94, 163
349741.6.peg.1560.site.6, 8, 89, 97
349741.6.peg.1560.site.7, 66, 96, 162
349741.6.peg.1560.site.8, 5, 96, 101
349741.6.peg.1560.site.9, 0, 96, 96
349741.6.peg.1560.site.10, 24, 97, 121
349741.6.peg.1560.site.11, 24, 95, 119
349741.6.peg.1560.site.12, 34, 94, 128
349741.6.peg.1560.site.13, 5, 95, 100
349741.6.peg.1560.site.14, 10, 94, 104
349741.6.peg.1560.site.15, 0, 94, 94
349741.6.peg.1560.site.16, 10, 94, 104
349741.6.peg.1560.site.17, 33, 90, 123
349741.6.peg.1560.site.18, 3, 92, 95
349741.6.peg.1560.site.19, 10, 92, 102
349741.6.peg.1560.site.20, 5, 96, 101
349741.6.peg.1560.site.21, 11, 97, 108
349741.6.peg.1563.site.1, 93, 95, 188
349741.6.peg.1563.site.2, 1, 97, 98
349741.6.peg.1563.site.3, 1, 97, 98
349741.6.peg.1563.site.4, 1, 96, 97
349741.6.peg.1563.site.5, 1, 97, 98
349741.6.peg.1563.site.6, 6, 97, 103
349741.6.peg.1563.site.7, 2, 97, 99
349741.6.peg.1563.site.8, 6, 97, 103
349741.6.peg.1563.site.9, 1, 97, 98
349741.6.peg.1563.site.10, 63, 97, 160
349741.6.peg.1563.site.11, 2, 97, 99
349741.6.peg.1563.site.12, 1, 97, 98
349741.6.peg.1563.site.13, 1, 97, 98
349741.6.peg.1563.site.14, 3, 96, 99
349741.6.peg.1563.site.15, 2, 95, 97
349741.6.peg.1563.site.16, 5, 95, 100
349741.6.peg.1563.site.17, 21, 94, 115
349741.6.peg.1563.site.18, 7, 96, 103
349741.6.peg.1563.site.19, 5, 96, 101
349741.6.peg.1563.site.20, 1, 97, 98
349741.6.peg.1563.site.21, 1, 96, 97
349741.6.peg.1563.site.22, 87, 91, 178
349741.6.peg.1563.site.23, 96, 96, 192
349741.6.peg.1563.site.24, 1, 97, 98
349741.6.peg.1563.site.25, 2, 97, 99
349741.6.peg.1563.site.26, 1, 97, 98
349741.6.peg.1563.site.27, 60, 97, 157
349741.6.peg.1563.site.28, 1, 97, 98
349741.6.peg.1563.site.29, 5, 97, 102
349741.6.peg.1563.site.30, 1, 97, 98
349741.6.peg.1563.site.31, 1, 97, 98
349741.6.peg.1563.site.32, 1, 97, 98
349741.6.peg.1563.site.33, 15, 97, 112
349741.6.peg.1563.site.34, 11, 97, 108
349741.6.peg.1563.site.35, 1, 97, 98
349741.6.peg.1563.site.36, 20, 97, 117
349741.6.peg.1563.site.37, 18, 97, 115
349741.6.peg.1563.site.38, 3, 97, 100
349741.6.peg.1563.site.39, 1, 96, 97
349741.6.peg.1563.site.40, 1, 94, 95
349741.6.peg.1563.site.41, 1, 96, 97
349741.6.peg.1563.site.42, 7, 95, 102
349741.6.peg.1563.site.43, 2, 96, 98
349741.6.peg.1563.site.44, 2, 97, 99
349741.6.peg.1563.site.45, 1, 95, 96
349741.6.peg.1563.site.46, 2, 96, 98
349741.6.peg.1563.site.47, 15, 96, 111
349741.6.peg.1563.site.48, 2, 97, 99
349741.6.peg.691.site.1, 3, 93, 96
349741.6.peg.691.site.2, 1, 94, 95
349741.6.peg.691.site.3, 4, 92, 96
349741.6.peg.691.site.4, 7, 89, 96
349741.6.peg.691.site.5, 11, 93, 104
349741.6.peg.691.site.6, 5, 87, 92
349741.6.peg.691.site.7, 5, 90, 95
349741.6.peg.691.site.8, 7, 92, 99
349741.6.peg.691.site.9, 7, 91, 98
349741.6.peg.691.site.10, 10, 97, 107
349741.6.peg.691.site.11, 10, 96, 106
349741.6.peg.691.site.12, 1, 97, 98
349741.6.peg.691.site.13, 10, 97, 107
349741.6.peg.691.site.14, 10, 97, 107
349741.6.peg.691.site.15, 11, 95, 106
349741.6.peg.691.site.16, 10, 96, 106
349741.6.peg.691.site.17, 22, 96, 118
349741.6.peg.691.site.18, 1, 95, 96
349741.6.peg.691.site.19, 1, 95, 96
349741.6.peg.691.site.20, 58, 95, 153
349741.6.peg.691.site.21, 1, 96, 97
349741.6.peg.691.site.22, 54, 95, 149
349741.6.peg.691.site.23, 73, 97, 170
349741.6.peg.691.site.24, 4, 96, 100
349741.6.peg.690.site.1, 21, 97, 118
349741.6.peg.690.site.2, 1, 97, 98
349741.6.peg.690.site.3, 1, 97, 98
349741.6.peg.690.site.4, 12, 97, 109
349741.6.peg.690.site.5, 59, 97, 156
349741.6.peg.690.site.6, 69, 97, 166
349741.6.peg.690.site.7, 11, 96, 107
349741.6.peg.690.site.8, 1, 97, 98
349741.6.peg.690.site.9, 3, 94, 97
349741.6.peg.690.site.10, 9, 96, 105
349741.6.peg.690.site.11, 8, 96, 104
349741.6.peg.690.site.12, 19, 95, 114
349741.6.peg.690.site.13, 1, 95, 96
349741.6.peg.690.site.14, 65, 93, 158
349741.6.peg.690.site.15, 62, 86, 148
349741.6.peg.690.site.16, 67, 86, 153
349741.6.peg.690.site.17, 15, 85, 100
349741.6.peg.690.site.18, 1, 79, 80
349741.6.peg.690.site.19, 2, 74, 76
349741.6.peg.690.site.20, 85, 85, 170
349741.6.peg.690.site.21, 23, 93, 116
349741.6.peg.693.site.1, 3, 96, 99
349741.6.peg.693.site.2, 44, 97, 141
349741.6.peg.693.site.3, 46, 97, 143
349741.6.peg.693.site.4, 51, 97, 148
349741.6.peg.693.site.5, 3, 97, 100
349741.6.peg.693.site.6, 5, 97, 102
349741.6.peg.693.site.7, 2, 97, 99
349741.6.peg.693.site.8, 1, 97, 98
349741.6.peg.693.site.9, 45, 97, 142
349741.6.peg.693.site.10, 3, 97, 100
349741.6.peg.693.site.11, 52, 97, 149
349741.6.peg.693.site.12, 51, 97, 148
349741.6.peg.693.site.13, 53, 97, 150
349741.6.peg.693.site.14, 57, 97, 154
349741.6.peg.693.site.15, 0, 97, 97
349741.6.peg.693.site.16, 55, 97, 152
349741.6.peg.693.site.17, 50, 96, 146
349741.6.peg.693.site.18, 50, 96, 146
349741.6.peg.693.site.19, 3, 96, 99
349741.6.peg.693.site.20, 3, 96, 99
349741.6.peg.693.site.21, 3, 96, 99
349741.6.peg.693.site.22, 31, 97, 128
349741.6.peg.693.site.23, 53, 97, 150
349741.6.peg.693.site.24, 12, 97, 109
349741.6.peg.693.site.25, 52, 95, 147
349741.6.peg.693.site.26, 30, 97, 127
349741.6.peg.693.site.27, 9, 95, 104
349741.6.peg.693.site.28, 2, 90, 92
349741.6.peg.693.site.29, 6, 92, 98
349741.6.peg.120.site.1, 2, 97, 99
349741.6.peg.120.site.2, 15, 97, 112
349741.6.peg.120.site.3, 29, 97, 126
349741.6.peg.120.site.4, 7, 97, 104
349741.6.peg.120.site.5, 61, 97, 158
349741.6.peg.120.site.6, 3, 97, 100
349741.6.peg.120.site.7, 5, 97, 102
349741.6.peg.120.site.8, 67, 97, 164
349741.6.peg.120.site.9, 1, 97, 98
349741.6.peg.120.site.10, 4, 96, 100
349741.6.peg.120.site.11, 55, 96, 151
349741.6.peg.120.site.12, 61, 97, 158
349741.6.peg.120.site.13, 4, 97, 101
349741.6.peg.120.site.14, 32, 97, 129
349741.6.peg.120.site.15, 2, 97, 99
349741.6.peg.120.site.16, 57, 96, 153
349741.6.peg.120.site.17, 7, 97, 104
349741.6.peg.120.site.18, 44, 97, 141
349741.6.peg.120.site.19, 44, 97, 141
349741.6.peg.120.site.20, 44, 97, 141
349741.6.peg.120.site.21, 44, 97, 141
349741.6.peg.120.site.22, 16, 97, 113
349741.6.peg.120.site.23, 44, 97, 141
349741.6.peg.120.site.24, 1, 96, 97
349741.6.peg.120.site.25, 0, 92, 92
349741.6.peg.120.site.26, 1, 87, 88
349741.6.peg.120.site.27, 16, 73, 89
349741.6.peg.120.site.28, 22, 66, 88
349741.6.peg.120.site.29, 9, 53, 62
349741.6.peg.120.site.30, 2, 45, 47
349741.6.peg.120.site.31, 1, 42, 43
349741.6.peg.120.site.32, 1, 43, 44
349741.6.peg.1569.site.1, 3, 97, 100
349741.6.peg.1569.site.2, 1, 95, 96
349741.6.peg.1569.site.3, 7, 95, 102
349741.6.peg.1569.site.4, 1, 80, 81
349741.6.peg.1569.site.5, 2, 97, 99
349741.6.peg.1569.site.6, 1, 97, 98
349741.6.peg.1569.site.7, 1, 97, 98
349741.6.peg.1569.site.8, 3, 97, 100
349741.6.peg.1569.site.9, 1, 97, 98
349741.6.peg.1569.site.10, 1, 96, 97
349741.6.peg.1569.site.11, 4, 97, 101
349741.6.peg.1569.site.12, 2, 97, 99
349741.6.peg.1569.site.13, 3, 96, 99
349741.6.peg.1569.site.14, 3, 97, 100
349741.6.peg.1569.site.15, 2, 97, 99
349741.6.peg.1569.site.16, 14, 97, 111
349741.6.peg.1569.site.17, 2, 97, 99
349741.6.peg.1569.site.18, 3, 97, 100
349741.6.peg.694.site.1, 3, 96, 99
349741.6.peg.694.site.2, 6, 96, 102
349741.6.peg.694.site.3, 9, 96, 105
349741.6.peg.694.site.4, 9, 96, 105
349741.6.peg.694.site.5, 2, 96, 98
349741.6.peg.694.site.6, 3, 97, 100
349741.6.peg.694.site.7, 2, 94, 96
349741.6.peg.694.site.8, 2, 95, 97
349741.6.peg.694.site.9, 52, 92, 144
349741.6.peg.694.site.10, 6, 94, 100
349741.6.peg.694.site.11, 13, 97, 110
349741.6.peg.694.site.12, 3, 96, 99
349741.6.peg.694.site.13, 1, 96, 97
349741.6.peg.125.site.1, 43, 96, 139
349741.6.peg.125.site.2, 2, 96, 98
349741.6.peg.125.site.3, 1, 97, 98
349741.6.peg.125.site.4, 33, 97, 130
349741.6.peg.125.site.5, 3, 84, 87
349741.6.peg.125.site.6, 3, 84, 87
349741.6.peg.125.site.7, 5, 84, 89
349741.6.peg.125.site.8, 27, 87, 114
349741.6.peg.125.site.9, 7, 92, 99
349741.6.peg.125.site.10, 6, 95, 101
349741.6.peg.125.site.11, 6, 94, 100
349741.6.peg.125.site.12, 43, 93, 136
349741.6.peg.125.site.13, 3, 97, 100
349741.6.peg.125.site.14, 6, 97, 103
349741.6.peg.125.site.15, 2, 97, 99
349741.6.peg.125.site.16, 6, 97, 103
349741.6.peg.125.site.17, 4, 97, 101
349741.6.peg.125.site.18, 81, 97, 178
349741.6.peg.125.site.19, 4, 97, 101
349741.6.peg.125.site.20, 4, 97, 101
349741.6.peg.125.site.21, 6, 97, 103
349741.6.peg.125.site.22, 81, 91, 172
349741.6.peg.125.site.23, 6, 96, 102
349741.6.peg.125.site.24, 43, 97, 140
349741.6.peg.125.site.25, 0, 97, 97
349741.6.peg.125.site.26, 6, 96, 102
349741.6.peg.125.site.27, 10, 96, 106
349741.6.peg.125.site.28, 2, 97, 99
349741.6.peg.125.site.29, 4, 97, 101
349741.6.peg.124.site.1, 3, 95, 98
349741.6.peg.124.site.2, 2, 95, 97
349741.6.peg.124.site.3, 37, 95, 132
349741.6.peg.124.site.4, 35, 92, 127
349741.6.peg.124.site.5, 44, 93, 137
349741.6.peg.124.site.6, 42, 94, 136
349741.6.peg.124.site.7, 44, 96, 140
349741.6.peg.124.site.8, 9, 97, 106
349741.6.peg.124.site.9, 7, 97, 104
349741.6.peg.124.site.10, 7, 97, 104
349741.6.peg.124.site.11, 2, 93, 95
349741.6.peg.124.site.12, 7, 95, 102
349741.6.peg.124.site.13, 2, 96, 98
349741.6.peg.124.site.14, 53, 96, 149
349741.6.peg.124.site.15, 21, 97, 118
349741.6.peg.124.site.16, 2, 95, 97
349741.6.peg.124.site.17, 2, 96, 98
349741.6.peg.124.site.18, 3, 96, 99
349741.6.peg.124.site.19, 51, 96, 147
349741.6.peg.124.site.20, 7, 97, 104
349741.6.peg.124.site.21, 2, 97, 99
349741.6.peg.124.site.22, 1, 97, 98
349741.6.peg.124.site.23, 7, 97, 104
349741.6.peg.124.site.24, 4, 93, 97
349741.6.peg.124.site.25, 1, 88, 89
349741.6.peg.234.site.1, 2, 97, 99
349741.6.peg.234.site.2, 2, 76, 78
349741.6.peg.234.site.3, 91, 92, 183
349741.6.peg.234.site.4, 95, 95, 190
349741.6.peg.234.site.5, 22, 94, 116
349741.6.peg.234.site.6, 58, 95, 153
349741.6.peg.234.site.7, 31, 91, 122
349741.6.peg.234.site.8, 0, 92, 92
349741.6.peg.234.site.9, 20, 91, 111
349741.6.peg.234.site.10, 33, 92, 125
349741.6.peg.234.site.11, 6, 89, 95
349741.6.peg.234.site.12, 6, 90, 96
349741.6.peg.234.site.13, 41, 93, 134
349741.6.peg.234.site.14, 2, 97, 99
349741.6.peg.234.site.15, 2, 97, 99
349741.6.peg.234.site.16, 1, 97, 98
349741.6.peg.234.site.17, 2, 97, 99
349741.6.peg.234.site.18, 38, 95, 133
349741.6.peg.234.site.19, 12, 97, 109
349741.6.peg.234.site.20, 0, 96, 96
349741.6.peg.234.site.21, 3, 97, 100
349741.6.peg.234.site.22, 37, 97, 134
349741.6.peg.234.site.23, 0, 97, 97
349741.6.peg.234.site.24, 82, 93, 175
349741.6.peg.234.site.25, 1, 96, 97
349741.6.peg.234.site.26, 0, 96, 96
349741.6.peg.234.site.27, 0, 97, 97
349741.6.peg.234.site.28, 1, 97, 98
349741.6.peg.234.site.29, 2, 97, 99
349741.6.peg.234.site.30, 97, 97, 194
349741.6.peg.234.site.31, 10, 97, 107
349741.6.peg.234.site.32, 43, 97, 140
349741.6.peg.231.site.1, 1, 97, 98
349741.6.peg.231.site.2, 87, 96, 183
349741.6.peg.231.site.3, 2, 96, 98
349741.6.peg.231.site.4, 82, 97, 179
349741.6.peg.231.site.5, 4, 97, 101
349741.6.peg.231.site.6, 4, 97, 101
349741.6.peg.231.site.7, 77, 94, 171
349741.6.peg.231.site.8, 8, 97, 105
349741.6.peg.231.site.9, 2, 97, 99
349741.6.peg.231.site.10, 97, 97, 194
349741.6.peg.231.site.11, 75, 97, 172
349741.6.peg.231.site.12, 0, 97, 97
349741.6.peg.231.site.13, 1, 97, 98
349741.6.peg.231.site.14, 1, 97, 98
349741.6.peg.231.site.15, 69, 97, 166
349741.6.peg.231.site.16, 97, 97, 194
349741.6.peg.231.site.17, 2, 97, 99
349741.6.peg.231.site.18, 79, 97, 176
349741.6.peg.231.site.19, 0, 96, 96
349741.6.peg.231.site.20, 1, 96, 97
349741.6.peg.231.site.21, 2, 94, 96
349741.6.peg.231.site.22, 2, 97, 99
349741.6.peg.231.site.23, 24, 96, 120
349741.6.peg.231.site.24, 96, 97, 193
349741.6.peg.231.site.25, 69, 96, 165
349741.6.peg.231.site.26, 69, 97, 166
349741.6.peg.231.site.27, 96, 97, 193
349741.6.peg.231.site.28, 1, 97, 98
349741.6.peg.231.site.29, 43, 97, 140
349741.6.peg.231.site.30, 38, 92, 130
349741.6.peg.231.site.31, 41, 94, 135
349741.6.peg.231.site.32, 10, 93, 103
349741.6.peg.231.site.33, 1, 86, 87
349741.6.peg.239.site.1, 43, 97, 140
349741.6.peg.239.site.2, 44, 97, 141
349741.6.peg.239.site.3, 0, 97, 97
349741.6.peg.239.site.4, 3, 89, 92
349741.6.peg.239.site.5, 72, 86, 158
349741.6.peg.239.site.6, 34, 51, 85
349741.6.peg.239.site.7, 6, 23, 29
349741.6.peg.239.site.8, 4, 21, 25
349741.6.peg.239.site.9, 1, 18, 19
349741.6.peg.239.site.10, 4, 91, 95
349741.6.peg.239.site.11, 73, 85, 158
349741.6.peg.239.site.12, 14, 66, 80
349741.6.peg.239.site.13, 31, 62, 93
349741.6.peg.239.site.14, 5, 60, 65
349741.6.peg.239.site.15, 17, 48, 65
349741.6.peg.239.site.16, 4, 44, 48
349741.6.peg.239.site.17, 35, 87, 122
349741.6.peg.239.site.18, 75, 91, 166
349741.6.peg.239.site.19, 16, 33, 49
349741.6.peg.239.site.20, 16, 33, 49
349741.6.peg.239.site.21, 27, 43, 70
349741.6.peg.239.site.22, 75, 86, 161
349741.6.peg.239.site.23, 0, 97, 97
349741.6.peg.239.site.24, 76, 92, 168
349741.6.peg.239.site.25, 70, 86, 156
349741.6.peg.239.site.26, 2, 84, 86
349741.6.peg.239.site.27, 60, 75, 135
349741.6.peg.239.site.28, 2, 76, 78
349741.6.peg.239.site.29, 36, 53, 89
349741.6.peg.239.site.30, 18, 35, 53
349741.6.peg.239.site.31, 24, 41, 65
349741.6.peg.239.site.32, 58, 58, 116
349741.6.peg.239.site.33, 36, 60, 96
349741.6.peg.239.site.34, 81, 93, 174
349741.6.peg.239.site.35, 4, 97, 101
349741.6.peg.239.site.36, 0, 97, 97
349741.6.peg.239.site.37, 1, 97, 98
349741.6.peg.239.site.38, 0, 97, 97
349741.6.peg.239.site.39, 80, 97, 177
349741.6.peg.239.site.40, 80, 97, 177
349741.6.peg.239.site.41, 80, 97, 177
349741.6.peg.239.site.42, 2, 97, 99
349741.6.peg.239.site.43, 78, 95, 173
349741.6.peg.239.site.44, 73, 90, 163
349741.6.peg.239.site.45, 8, 27, 35
349741.6.peg.239.site.46, 4, 21, 25
349741.6.peg.239.site.47, 60, 77, 137
349741.6.peg.239.site.48, 1, 88, 89
349741.6.peg.239.site.49, 53, 90, 143
349741.6.peg.239.site.50, 2, 92, 94
349741.6.peg.239.site.51, 90, 97, 187
349741.6.peg.239.site.52, 5, 96, 101
349741.6.peg.2098.site.1, 0, 90, 90
349741.6.peg.2098.site.2, 2, 88, 90
349741.6.peg.2098.site.3, 1, 88, 89
349741.6.peg.2098.site.4, 59, 89, 148
349741.6.peg.2098.site.5, 1, 89, 90
349741.6.peg.2098.site.6, 13, 89, 102
349741.6.peg.2098.site.7, 2, 88, 90
349741.6.peg.2098.site.8, 2, 89, 91
349741.6.peg.2098.site.9, 1, 90, 91
349741.6.peg.2098.site.10, 4, 93, 97
349741.6.peg.2098.site.11, 6, 95, 101
349741.6.peg.2098.site.12, 97, 97, 194
349741.6.peg.2098.site.13, 3, 92, 95
349741.6.peg.2098.site.14, 0, 90, 90
349741.6.peg.2098.site.15, 1, 90, 91
349741.6.peg.2098.site.16, 2, 91, 93
349741.6.peg.2098.site.17, 1, 91, 92
349741.6.peg.2098.site.18, 2, 91, 93
349741.6.peg.2091.site.1, 37, 97, 134
349741.6.peg.2091.site.2, 33, 93, 126
349741.6.peg.2091.site.3, 17, 62, 79
349741.6.peg.2091.site.4, 19, 59, 78
349741.6.peg.2091.site.5, 1, 58, 59
349741.6.peg.2091.site.6, 16, 59, 75
349741.6.peg.2091.site.7, 15, 57, 72
349741.6.peg.2091.site.8, 2, 60, 62
349741.6.peg.2091.site.9, 60, 60, 120
349741.6.peg.2091.site.10, 32, 61, 93
349741.6.peg.2091.site.11, 3, 63, 66
349741.6.peg.2091.site.12, 5, 64, 69
349741.6.peg.2091.site.13, 1, 71, 72
349741.6.peg.2091.site.14, 10, 70, 80
349741.6.peg.2091.site.15, 25, 84, 109
349741.6.peg.2091.site.16, 33, 92, 125
349741.6.peg.2091.site.17, 34, 93, 127
349741.6.peg.2091.site.18, 1, 96, 97
349741.6.peg.2091.site.19, 37, 97, 134
349741.6.peg.2091.site.20, 3, 97, 100
349741.6.peg.2091.site.21, 58, 97, 155
349741.6.peg.2091.site.22, 0, 97, 97
349741.6.peg.2091.site.23, 18, 97, 115
349741.6.peg.2091.site.24, 3, 96, 99
349741.6.peg.2091.site.25, 28, 97, 125
349741.6.peg.2091.site.26, 28, 97, 125
349741.6.peg.2091.site.27, 1, 97, 98
349741.6.peg.2091.site.28, 22, 96, 118
349741.6.peg.2091.site.29, 1, 97, 98
349741.6.peg.2091.site.30, 0, 97, 97
349741.6.peg.2091.site.31, 15, 95, 110
349741.6.peg.2091.site.32, 15, 97, 112
349741.6.peg.2091.site.33, 0, 97, 97
349741.6.peg.2091.site.34, 1, 97, 98
349741.6.peg.2091.site.35, 79, 95, 174
349741.6.peg.2091.site.36, 11, 97, 108
349741.6.peg.2091.site.37, 1, 97, 98
349741.6.peg.2091.site.38, 19, 97, 116
349741.6.peg.2091.site.39, 58, 97, 155
349741.6.peg.2091.site.40, 12, 95, 107
349741.6.peg.2091.site.41, 1, 95, 96
349741.6.peg.2092.site.1, 33, 96, 129
349741.6.peg.2092.site.2, 9, 97, 106
349741.6.peg.2092.site.3, 0, 95, 95
349741.6.peg.2092.site.4, 22, 96, 118
349741.6.peg.2092.site.5, 2, 93, 95
349741.6.peg.2092.site.6, 38, 94, 132
349741.6.peg.2092.site.7, 53, 94, 147
349741.6.peg.2092.site.8, 28, 94, 122
349741.6.peg.2093.site.1, 7, 95, 102
349741.6.peg.2093.site.2, 31, 95, 126
349741.6.peg.2093.site.3, 1, 95, 96
349741.6.peg.2093.site.4, 37, 95, 132
349741.6.peg.2093.site.5, 53, 94, 147
349741.6.peg.2093.site.6, 16, 95, 111
349741.6.peg.2093.site.7, 75, 93, 168
349741.6.peg.2093.site.8, 18, 96, 114
349741.6.peg.2093.site.9, 40, 97, 137
349741.6.peg.2093.site.10, 1, 97, 98
349741.6.peg.2093.site.11, 14, 90, 104
349741.6.peg.2095.site.1, 8, 77, 85
349741.6.peg.2095.site.2, 4, 73, 77
349741.6.peg.2095.site.3, 4, 78, 82
349741.6.peg.2095.site.4, 17, 93, 110
349741.6.peg.2095.site.5, 3, 82, 85
349741.6.peg.2095.site.6, 79, 89, 168
349741.6.peg.2095.site.7, 1, 93, 94
349741.6.peg.2095.site.8, 1, 97, 98
349741.6.peg.2095.site.9, 1, 97, 98
349741.6.peg.2097.site.1, 1, 97, 98
349741.6.peg.2097.site.2, 8, 97, 105
349741.6.peg.2097.site.3, 8, 85, 93
349741.6.peg.2402.site.1, 10, 97, 107
349741.6.peg.2402.site.2, 2, 97, 99
349741.6.peg.2402.site.3, 4, 96, 100
349741.6.peg.2402.site.4, 1, 96, 97
349741.6.peg.2402.site.5, 35, 96, 131
349741.6.peg.2402.site.6, 4, 97, 101
349741.6.peg.2402.site.7, 90, 94, 184
349741.6.peg.2402.site.8, 6, 97, 103
349741.6.peg.2402.site.9, 2, 97, 99
349741.6.peg.2402.site.10, 42, 97, 139
349741.6.peg.2402.site.11, 31, 96, 127
349741.6.peg.2402.site.12, 41, 95, 136
349741.6.peg.2402.site.13, 0, 95, 95
349741.6.peg.2402.site.14, 89, 95, 184
349741.6.peg.2402.site.15, 2, 97, 99
349741.6.peg.2402.site.16, 28, 97, 125
349741.6.peg.2402.site.17, 21, 97, 118
349741.6.peg.2402.site.18, 55, 97, 152
349741.6.peg.2402.site.19, 7, 96, 103
349741.6.peg.2402.site.20, 4, 96, 100
349741.6.peg.2402.site.21, 3, 96, 99
349741.6.peg.2402.site.22, 25, 96, 121
349741.6.peg.2402.site.23, 63, 96, 159
349741.6.peg.2402.site.24, 1, 96, 97
349741.6.peg.2402.site.25, 54, 96, 150
349741.6.peg.2402.site.26, 2, 97, 99
349741.6.peg.2402.site.27, 63, 97, 160
349741.6.peg.2402.site.28, 42, 97, 139
349741.6.peg.2402.site.29, 4, 96, 100
349741.6.peg.2401.site.1, 79, 82, 161
349741.6.peg.2401.site.2, 28, 83, 111
349741.6.peg.2401.site.3, 2, 83, 85
349741.6.peg.2401.site.4, 43, 83, 126
349741.6.peg.2401.site.5, 3, 83, 86
349741.6.peg.2401.site.6, 3, 82, 85
349741.6.peg.2401.site.7, 3, 83, 86
349741.6.peg.2401.site.8, 2, 82, 84
349741.6.peg.2401.site.9, 46, 83, 129
349741.6.peg.2401.site.10, 42, 82, 124
349741.6.peg.2401.site.11, 2, 83, 85
349741.6.peg.2401.site.12, 46, 83, 129
349741.6.peg.2401.site.13, 1, 83, 84
349741.6.peg.2401.site.14, 96, 97, 193
349741.6.peg.2401.site.15, 45, 96, 141
349741.6.peg.2401.site.16, 1, 96, 97
349741.6.peg.2401.site.17, 16, 96, 112
349741.6.peg.2401.site.18, 4, 97, 101
349741.6.peg.2401.site.19, 45, 96, 141
349741.6.peg.2401.site.20, 32, 93, 125
349741.6.peg.2401.site.21, 59, 94, 153
349741.6.peg.2401.site.22, 50, 96, 146
349741.6.peg.2401.site.23, 30, 97, 127
349741.6.peg.2407.site.1, 56, 95, 151
349741.6.peg.2407.site.2, 10, 95, 105
349741.6.peg.2407.site.3, 1, 96, 97
349741.6.peg.2407.site.4, 26, 76, 102
349741.6.peg.2407.site.5, 41, 70, 111
349741.6.peg.2407.site.6, 21, 66, 87
349741.6.peg.2407.site.7, 23, 65, 88
349741.6.peg.2407.site.8, 38, 63, 101
349741.6.peg.2407.site.9, 47, 74, 121
349741.6.peg.2407.site.10, 30, 87, 117
349741.6.peg.2407.site.11, 3, 91, 94
349741.6.peg.2407.site.12, 60, 95, 155
349741.6.peg.2407.site.13, 93, 95, 188
349741.6.peg.2407.site.14, 1, 92, 93
349741.6.peg.2407.site.15, 5, 84, 89
349741.6.peg.2407.site.16, 24, 77, 101
349741.6.peg.2407.site.17, 23, 78, 101
349741.6.peg.2407.site.18, 45, 72, 117
349741.6.peg.2407.site.19, 2, 69, 71
349741.6.peg.2407.site.20, 46, 75, 121
349741.6.peg.2407.site.21, 49, 79, 128
349741.6.peg.2407.site.22, 49, 78, 127
349741.6.peg.2407.site.23, 1, 85, 86
349741.6.peg.2407.site.24, 42, 88, 130
349741.6.peg.2407.site.25, 30, 90, 120
349741.6.peg.2407.site.26, 29, 90, 119
349741.6.peg.2407.site.27, 3, 83, 86
349741.6.peg.2407.site.28, 1, 78, 79
349741.6.peg.2407.site.29, 15, 44, 59
349741.6.peg.2407.site.30, 11, 44, 55
349741.6.peg.2407.site.31, 57, 90, 147
349741.6.peg.2407.site.32, 61, 94, 155
349741.6.peg.2407.site.33, 11, 97, 108
349741.6.peg.2407.site.34, 1, 97, 98
349741.6.peg.2407.site.35, 74, 96, 170
349741.6.peg.2407.site.36, 80, 81, 161
349741.6.peg.2407.site.37, 47, 81, 128
349741.6.peg.2407.site.38, 1, 53, 54
349741.6.peg.2407.site.39, 1, 65, 66
349741.6.peg.2407.site.40, 29, 63, 92
349741.6.peg.2407.site.41, 29, 62, 91
349741.6.peg.2407.site.42, 41, 75, 116
349741.6.peg.2407.site.43, 3, 76, 79
349741.6.peg.2407.site.44, 42, 74, 116
349741.6.peg.2407.site.45, 26, 54, 80
349741.6.peg.2407.site.46, 3, 50, 53
349741.6.peg.2407.site.47, 3, 37, 40
349741.6.peg.2407.site.48, 1, 35, 36
349741.6.peg.2407.site.49, 1, 35, 36
349741.6.peg.2407.site.50, 5, 39, 44
349741.6.peg.2407.site.51, 69, 96, 165
349741.6.peg.2407.site.52, 4, 96, 100
349741.6.peg.2407.site.53, 71, 93, 164
349741.6.peg.2407.site.54, 6, 25, 31
349741.6.peg.2404.site.1, 90, 97, 187
349741.6.peg.2404.site.2, 2, 97, 99
349741.6.peg.2404.site.3, 9, 97, 106
349741.6.peg.2404.site.4, 1, 97, 98
349741.6.peg.2404.site.5, 85, 97, 182
349741.6.peg.2404.site.6, 36, 96, 132
349741.6.peg.2404.site.7, 58, 97, 155
349741.6.peg.2404.site.8, 3, 97, 100
349741.6.peg.2404.site.9, 1, 97, 98
349741.6.peg.2404.site.10, 1, 96, 97
349741.6.peg.2404.site.11, 4, 95, 99
349741.6.peg.2404.site.12, 8, 96, 104
349741.6.peg.2404.site.13, 4, 97, 101
349741.6.peg.2404.site.14, 6, 95, 101
349741.6.peg.2404.site.15, 0, 97, 97
349741.6.peg.2404.site.16, 67, 96, 163
349741.6.peg.2404.site.17, 5, 97, 102
349741.6.peg.2404.site.18, 4, 94, 98
349741.6.peg.2404.site.19, 4, 92, 96
349741.6.peg.2404.site.20, 8, 89, 97
349741.6.peg.2404.site.21, 55, 82, 137
349741.6.peg.2404.site.22, 1, 69, 70
349741.6.peg.2404.site.23, 1, 63, 64
349741.6.peg.2404.site.24, 55, 55, 110
349741.6.peg.2404.site.25, 27, 54, 81
349741.6.peg.2404.site.26, 66, 93, 159
349741.6.peg.2404.site.27, 78, 94, 172
349741.6.peg.2404.site.28, 67, 95, 162
349741.6.peg.2404.site.29, 3, 94, 97
349741.6.peg.1708.site.1, 19, 92, 111
349741.6.peg.1708.site.2, 7, 92, 99
349741.6.peg.1708.site.3, 19, 90, 109
349741.6.peg.1708.site.4, 1, 91, 92
349741.6.peg.1708.site.5, 17, 81, 98
349741.6.peg.1708.site.6, 16, 66, 82
349741.6.peg.1708.site.7, 13, 74, 87
349741.6.peg.1708.site.8, 0, 78, 78
349741.6.peg.1708.site.9, 2, 78, 80
349741.6.peg.1708.site.10, 5, 82, 87
349741.6.peg.1708.site.11, 2, 79, 81
349741.6.peg.1708.site.12, 1, 79, 80
349741.6.peg.1708.site.13, 19, 96, 115
349741.6.peg.1708.site.14, 19, 96, 115
349741.6.peg.1708.site.15, 0, 97, 97
349741.6.peg.1708.site.16, 0, 97, 97
349741.6.peg.1705.site.1, 7, 97, 104
349741.6.peg.1705.site.2, 7, 97, 104
349741.6.peg.1705.site.3, 31, 97, 128
349741.6.peg.1705.site.4, 10, 97, 107
349741.6.peg.1705.site.5, 75, 97, 172
349741.6.peg.1705.site.6, 82, 97, 179
349741.6.peg.1705.site.7, 10, 91, 101
349741.6.peg.1705.site.8, 10, 91, 101
349741.6.peg.1705.site.9, 10, 96, 106
349741.6.peg.1705.site.10, 3, 91, 94
349741.6.peg.1705.site.11, 50, 94, 144
349741.6.peg.1705.site.12, 21, 96, 117
349741.6.peg.1705.site.13, 23, 97, 120
349741.6.peg.1705.site.14, 29, 85, 114
349741.6.peg.1705.site.15, 10, 86, 96
349741.6.peg.1705.site.16, 58, 85, 143
349741.6.peg.1705.site.17, 57, 82, 139
349741.6.peg.1704.site.1, 10, 96, 106
349741.6.peg.1704.site.2, 3, 96, 99
349741.6.peg.1704.site.3, 37, 97, 134
349741.6.peg.1704.site.4, 24, 97, 121
349741.6.peg.1704.site.5, 33, 97, 130
349741.6.peg.1704.site.6, 3, 97, 100
349741.6.peg.1704.site.7, 10, 97, 107
349741.6.peg.1704.site.8, 10, 97, 107
349741.6.peg.1704.site.9, 10, 97, 107
349741.6.peg.1704.site.10, 3, 97, 100
349741.6.peg.1704.site.11, 41, 97, 138
349741.6.peg.1704.site.12, 97, 97, 194
349741.6.peg.1707.site.1, 72, 97, 169
349741.6.peg.1707.site.2, 2, 97, 99
349741.6.peg.1707.site.3, 0, 96, 96
349741.6.peg.1707.site.4, 22, 97, 119
349741.6.peg.1707.site.5, 20, 97, 117
349741.6.peg.1707.site.6, 9, 97, 106
349741.6.peg.1707.site.7, 10, 96, 106
349741.6.peg.1707.site.8, 20, 97, 117
349741.6.peg.1707.site.9, 56, 97, 153
349741.6.peg.1707.site.10, 64, 97, 161
349741.6.peg.1707.site.11, 59, 97, 156
349741.6.peg.1707.site.12, 20, 97, 117
349741.6.peg.1707.site.13, 9, 97, 106
349741.6.peg.1707.site.14, 2, 97, 99
349741.6.peg.1707.site.15, 2, 97, 99
349741.6.peg.1707.site.16, 22, 97, 119
349741.6.peg.1707.site.17, 20, 97, 117
349741.6.peg.1707.site.18, 42, 97, 139
349741.6.peg.1707.site.19, 44, 97, 141
349741.6.peg.1707.site.20, 20, 97, 117
349741.6.peg.1707.site.21, 27, 97, 124
349741.6.peg.1707.site.22, 10, 97, 107
349741.6.peg.1707.site.23, 1, 97, 98
349741.6.peg.1707.site.24, 2, 97, 99
349741.6.peg.1707.site.25, 10, 97, 107
349741.6.peg.1707.site.26, 3, 97, 100
349741.6.peg.1707.site.27, 20, 97, 117
349741.6.peg.1707.site.28, 10, 97, 107
349741.6.peg.1707.site.29, 27, 97, 124
349741.6.peg.1707.site.30, 10, 97, 107
349741.6.peg.1707.site.31, 29, 97, 126
349741.6.peg.1707.site.32, 5, 97, 102
349741.6.peg.1707.site.33, 1, 97, 98
349741.6.peg.1707.site.34, 29, 97, 126
349741.6.peg.1707.site.35, 30, 97, 127
349741.6.peg.1701.site.1, 0, 97, 97
349741.6.peg.1701.site.2, 0, 97, 97
349741.6.peg.1701.site.3, 2, 96, 98
349741.6.peg.1701.site.4, 5, 97, 102
349741.6.peg.1701.site.5, 3, 97, 100
349741.6.peg.1701.site.6, 96, 96, 192
349741.6.peg.1701.site.7, 49, 97, 146
349741.6.peg.1701.site.8, 1, 95, 96
349741.6.peg.1701.site.9, 77, 95, 172
349741.6.peg.1701.site.10, 44, 96, 140
349741.6.peg.1700.site.1, 77, 97, 174
349741.6.peg.1700.site.2, 22, 97, 119
349741.6.peg.1700.site.3, 37, 97, 134
349741.6.peg.1700.site.4, 0, 97, 97
349741.6.peg.1700.site.5, 1, 97, 98
349741.6.peg.1700.site.6, 37, 97, 134
349741.6.peg.1700.site.7, 55, 97, 152
349741.6.peg.1700.site.8, 1, 97, 98
349741.6.peg.1700.site.9, 2, 97, 99
349741.6.peg.1700.site.10, 22, 97, 119
349741.6.peg.1700.site.11, 24, 97, 121
349741.6.peg.1703.site.1, 58, 94, 152
349741.6.peg.1703.site.2, 2, 95, 97
349741.6.peg.1703.site.3, 25, 95, 120
349741.6.peg.1703.site.4, 14, 97, 111
349741.6.peg.1703.site.5, 5, 96, 101
349741.6.peg.1703.site.6, 14, 96, 110
349741.6.peg.1703.site.7, 1, 97, 98
349741.6.peg.1703.site.8, 4, 97, 101
349741.6.peg.1703.site.9, 0, 96, 96
349741.6.peg.1703.site.10, 24, 97, 121
349741.6.peg.1703.site.11, 1, 97, 98
349741.6.peg.1703.site.12, 3, 97, 100
349741.6.peg.1702.site.1, 0, 96, 96
349741.6.peg.1702.site.2, 2, 96, 98
349741.6.peg.1702.site.3, 6, 96, 102
349741.6.peg.909.site.1, 2, 96, 98
349741.6.peg.909.site.2, 2, 96, 98
349741.6.peg.909.site.3, 4, 97, 101
349741.6.peg.909.site.4, 19, 97, 116
349741.6.peg.909.site.5, 25, 97, 122
349741.6.peg.909.site.6, 6, 97, 103
349741.6.peg.909.site.7, 2, 96, 98
349741.6.peg.909.site.8, 2, 97, 99
349741.6.peg.909.site.9, 27, 97, 124
349741.6.peg.909.site.10, 3, 97, 100
349741.6.peg.909.site.11, 0, 97, 97
349741.6.peg.909.site.12, 55, 97, 152
349741.6.peg.909.site.13, 26, 94, 120
349741.6.peg.909.site.14, 1, 97, 98
349741.6.peg.909.site.15, 12, 97, 109
349741.6.peg.909.site.16, 7, 97, 104
349741.6.peg.909.site.17, 6, 97, 103
349741.6.peg.909.site.18, 2, 97, 99
349741.6.peg.909.site.19, 29, 96, 125
349741.6.peg.909.site.20, 0, 96, 96
349741.6.peg.909.site.21, 2, 96, 98
349741.6.peg.909.site.22, 25, 97, 122
349741.6.peg.909.site.23, 3, 96, 99
349741.6.peg.909.site.24, 1, 96, 97
349741.6.peg.909.site.25, 3, 96, 99
349741.6.peg.909.site.26, 72, 96, 168
349741.6.peg.909.site.27, 72, 96, 168
349741.6.peg.909.site.28, 7, 97, 104
349741.6.peg.909.site.29, 73, 97, 170
349741.6.peg.909.site.30, 7, 97, 104
349741.6.peg.909.site.31, 1, 97, 98
349741.6.peg.909.site.32, 7, 97, 104
349741.6.peg.909.site.33, 4, 96, 100
349741.6.peg.909.site.34, 2, 97, 99
349741.6.peg.909.site.35, 5, 97, 102
349741.6.peg.909.site.36, 2, 96, 98
349741.6.peg.909.site.37, 1, 97, 98
349741.6.peg.909.site.38, 45, 97, 142
349741.6.peg.909.site.39, 15, 97, 112
349741.6.peg.909.site.40, 3, 97, 100
349741.6.peg.909.site.41, 2, 97, 99
349741.6.peg.909.site.42, 5, 97, 102
349741.6.peg.909.site.43, 2, 97, 99
349741.6.peg.909.site.44, 80, 97, 177
349741.6.peg.909.site.45, 7, 97, 104
349741.6.peg.909.site.46, 5, 96, 101
349741.6.peg.909.site.47, 1, 96, 97
349741.6.peg.909.site.48, 96, 96, 192
349741.6.peg.909.site.49, 73, 97, 170
349741.6.peg.909.site.50, 0, 97, 97
349741.6.peg.909.site.51, 15, 97, 112
349741.6.peg.909.site.52, 65, 97, 162
349741.6.peg.909.site.53, 1, 97, 98
349741.6.peg.909.site.54, 2, 94, 96
349741.6.peg.909.site.55, 1, 93, 94
349741.6.peg.909.site.56, 93, 93, 186
349741.6.peg.909.site.57, 93, 93, 186
349741.6.peg.909.site.58, 78, 97, 175
349741.6.peg.909.site.59, 5, 96, 101
349741.6.peg.909.site.60, 0, 97, 97
349741.6.peg.909.site.61, 2, 97, 99
349741.6.peg.909.site.62, 1, 96, 97
349741.6.peg.909.site.63, 3, 97, 100
349741.6.peg.909.site.64, 1, 97, 98
349741.6.peg.909.site.65, 2, 97, 99
349741.6.peg.909.site.66, 14, 96, 110
349741.6.peg.909.site.67, 2, 96, 98
349741.6.peg.909.site.68, 2, 97, 99
349741.6.peg.1010.site.1, 9, 95, 104
349741.6.peg.1010.site.2, 9, 95, 104
349741.6.peg.1010.site.3, 1, 96, 97
349741.6.peg.1010.site.4, 4, 97, 101
349741.6.peg.1010.site.5, 10, 97, 107
349741.6.peg.1010.site.6, 11, 97, 108
349741.6.peg.1010.site.7, 1, 93, 94
349741.6.peg.1010.site.8, 1, 96, 97
349741.6.peg.1010.site.9, 0, 93, 93
349741.6.peg.1010.site.10, 3, 92, 95
349741.6.peg.1010.site.11, 2, 85, 87
349741.6.peg.1010.site.12, 90, 95, 185
349741.6.peg.1010.site.13, 11, 96, 107
349741.6.peg.1010.site.14, 41, 96, 137
349741.6.peg.1010.site.15, 2, 97, 99
349741.6.peg.1010.site.16, 11, 97, 108
349741.6.peg.1010.site.17, 10, 97, 107
349741.6.peg.1010.site.18, 11, 96, 107
349741.6.peg.1010.site.19, 51, 94, 145
349741.6.peg.1010.site.20, 11, 96, 107
349741.6.peg.1010.site.21, 0, 92, 92
349741.6.peg.1010.site.22, 7, 86, 93
349741.6.peg.1010.site.23, 2, 89, 91
349741.6.peg.1010.site.24, 3, 89, 92
349741.6.peg.1010.site.25, 73, 89, 162
349741.6.peg.1010.site.26, 83, 89, 172
349741.6.peg.1010.site.27, 7, 88, 95
349741.6.peg.1010.site.28, 69, 82, 151
349741.6.peg.1010.site.29, 60, 81, 141
349741.6.peg.1010.site.30, 60, 81, 141
349741.6.peg.1010.site.31, 4, 82, 86
349741.6.peg.1010.site.32, 69, 81, 150
349741.6.peg.1010.site.33, 1, 93, 94
349741.6.peg.1010.site.34, 2, 93, 95
349741.6.peg.1010.site.35, 2, 94, 96
349741.6.peg.1010.site.36, 10, 94, 104
349741.6.peg.1010.site.37, 0, 95, 95
349741.6.peg.1016.site.1, 4, 96, 100
349741.6.peg.1016.site.2, 4, 97, 101
349741.6.peg.1016.site.3, 38, 97, 135
349741.6.peg.1016.site.4, 2, 97, 99
349741.6.peg.1016.site.5, 2, 95, 97
349741.6.peg.1016.site.6, 43, 96, 139
349741.6.peg.1016.site.7, 10, 97, 107
349741.6.peg.1016.site.8, 6, 97, 103
349741.6.peg.1016.site.9, 4, 96, 100
349741.6.peg.1016.site.10, 2, 96, 98
349741.6.peg.1016.site.11, 2, 96, 98
349741.6.peg.1016.site.12, 38, 96, 134
349741.6.peg.1016.site.13, 44, 97, 141
349741.6.peg.1016.site.14, 4, 97, 101
349741.6.peg.1016.site.15, 0, 97, 97
349741.6.peg.1016.site.16, 2, 97, 99
349741.6.peg.1016.site.17, 1, 96, 97
349741.6.peg.1016.site.18, 40, 96, 136
349741.6.peg.1019.site.1, 0, 95, 95
349741.6.peg.1019.site.2, 1, 96, 97
349741.6.peg.1019.site.3, 2, 94, 96
349741.6.peg.1019.site.4, 6, 96, 102
349741.6.peg.1019.site.5, 1, 97, 98
349741.6.peg.1019.site.6, 3, 97, 100
349741.6.peg.1019.site.7, 87, 97, 184
349741.6.peg.1019.site.8, 28, 97, 125
349741.6.peg.1019.site.9, 88, 97, 185
349741.6.peg.1019.site.10, 1, 97, 98
349741.6.peg.1019.site.11, 23, 97, 120
349741.6.peg.1019.site.12, 49, 97, 146
349741.6.peg.900.site.1, 8, 96, 104
349741.6.peg.900.site.2, 4, 97, 101
349741.6.peg.900.site.3, 60, 97, 157
349741.6.peg.900.site.4, 25, 96, 121
349741.6.peg.900.site.5, 32, 97, 129
349741.6.peg.900.site.6, 83, 95, 178
349741.6.peg.900.site.7, 20, 91, 111
349741.6.peg.900.site.8, 18, 91, 109
349741.6.peg.900.site.9, 20, 92, 112
349741.6.peg.900.site.10, 2, 93, 95
349741.6.peg.900.site.11, 7, 89, 96
349741.6.peg.900.site.12, 41, 89, 130
349741.6.peg.900.site.13, 8, 78, 86
349741.6.peg.900.site.14, 37, 74, 111
349741.6.peg.900.site.15, 37, 74, 111
349741.6.peg.900.site.16, 33, 65, 98
349741.6.peg.900.site.17, 27, 59, 86
349741.6.peg.900.site.18, 24, 61, 85
349741.6.peg.900.site.19, 18, 55, 73
349741.6.peg.900.site.20, 18, 55, 73
349741.6.peg.900.site.21, 14, 51, 65
349741.6.peg.900.site.22, 11, 48, 59
349741.6.peg.900.site.23, 41, 64, 105
349741.6.peg.900.site.24, 14, 61, 75
349741.6.peg.900.site.25, 6, 64, 70
349741.6.peg.900.site.26, 0, 46, 46
349741.6.peg.900.site.27, 39, 76, 115
349741.6.peg.900.site.28, 19, 80, 99
349741.6.peg.900.site.29, 22, 92, 114
349741.6.peg.900.site.30, 56, 93, 149
349741.6.peg.900.site.31, 19, 89, 108
349741.6.peg.900.site.32, 24, 61, 85
349741.6.peg.900.site.33, 12, 47, 59
349741.6.peg.900.site.34, 7, 44, 51
349741.6.peg.900.site.35, 10, 55, 65
349741.6.peg.900.site.36, 20, 93, 113
349741.6.peg.900.site.37, 57, 93, 150
349741.6.peg.900.site.38, 41, 95, 136
349741.6.peg.900.site.39, 7, 96, 103
349741.6.peg.900.site.40, 60, 96, 156
349741.6.peg.900.site.41, 42, 97, 139
349741.6.peg.900.site.42, 42, 97, 139
349741.6.peg.900.site.43, 1, 97, 98
349741.6.peg.900.site.44, 42, 97, 139
349741.6.peg.900.site.45, 1, 97, 98
349741.6.peg.900.site.46, 3, 97, 100
349741.6.peg.900.site.47, 18, 97, 115
349741.6.peg.900.site.48, 0, 97, 97
349741.6.peg.900.site.49, 42, 97, 139
349741.6.peg.900.site.50, 0, 97, 97
349741.6.peg.903.site.1, 20, 79, 99
349741.6.peg.903.site.2, 21, 70, 91
349741.6.peg.903.site.3, 13, 68, 81
349741.6.peg.903.site.4, 14, 69, 83
349741.6.peg.903.site.5, 12, 82, 94
349741.6.peg.903.site.6, 63, 88, 151
349741.6.peg.903.site.7, 6, 79, 85
349741.6.peg.903.site.8, 9, 80, 89
349741.6.peg.903.site.9, 69, 78, 147
349741.6.peg.903.site.10, 0, 84, 84
349741.6.peg.903.site.11, 87, 89, 176
349741.6.peg.903.site.12, 2, 97, 99
349741.6.peg.903.site.13, 1, 96, 97
349741.6.peg.903.site.14, 1, 96, 97
349741.6.peg.903.site.15, 1, 95, 96
349741.6.peg.903.site.16, 13, 95, 108
349741.6.peg.903.site.17, 2, 97, 99
349741.6.peg.903.site.18, 8, 97, 105
349741.6.peg.903.site.19, 2, 97, 99
349741.6.peg.903.site.20, 2, 97, 99
349741.6.peg.903.site.21, 2, 97, 99
349741.6.peg.903.site.22, 13, 97, 110
349741.6.peg.903.site.23, 2, 97, 99
349741.6.peg.903.site.24, 2, 97, 99
349741.6.peg.903.site.25, 2, 93, 95
349741.6.peg.903.site.26, 14, 97, 111
349741.6.peg.903.site.27, 22, 97, 119
349741.6.peg.903.site.28, 30, 97, 127
349741.6.peg.903.site.29, 6, 97, 103
349741.6.peg.903.site.30, 2, 97, 99
349741.6.peg.905.site.1, 7, 97, 104
349741.6.peg.905.site.2, 25, 97, 122
349741.6.peg.904.site.1, 1, 97, 98
349741.6.peg.904.site.2, 1, 97, 98
349741.6.peg.904.site.3, 28, 97, 125
349741.6.peg.904.site.4, 1, 97, 98
349741.6.peg.904.site.5, 13, 97, 110
349741.6.peg.904.site.6, 1, 97, 98
349741.6.peg.904.site.7, 18, 96, 114
349741.6.peg.904.site.8, 14, 96, 110
349741.6.peg.904.site.9, 7, 96, 103
349741.6.peg.904.site.10, 6, 96, 102
349741.6.peg.904.site.11, 21, 97, 118
349741.6.peg.904.site.12, 1, 97, 98
349741.6.peg.907.site.1, 10, 97, 107
349741.6.peg.907.site.2, 19, 97, 116
349741.6.peg.907.site.3, 2, 97, 99
349741.6.peg.907.site.4, 25, 96, 121
349741.6.peg.907.site.5, 5, 97, 102
349741.6.peg.907.site.6, 0, 97, 97
349741.6.peg.907.site.7, 7, 97, 104
349741.6.peg.907.site.8, 24, 97, 121
349741.6.peg.907.site.9, 2, 97, 99
349741.6.peg.907.site.10, 94, 97, 191
349741.6.peg.907.site.11, 71, 97, 168
349741.6.peg.907.site.12, 9, 97, 106
349741.6.peg.907.site.13, 94, 97, 191
349741.6.peg.907.site.14, 3, 96, 99
349741.6.peg.907.site.15, 28, 97, 125
349741.6.peg.907.site.16, 7, 95, 102
349741.6.peg.907.site.17, 73, 97, 170
349741.6.peg.907.site.18, 4, 96, 100
349741.6.peg.907.site.19, 0, 97, 97
349741.6.peg.907.site.20, 4, 97, 101
349741.6.peg.907.site.21, 6, 97, 103
349741.6.peg.907.site.22, 2, 97, 99
349741.6.peg.907.site.23, 27, 97, 124
349741.6.peg.907.site.24, 4, 97, 101
349741.6.peg.907.site.25, 27, 97, 124
349741.6.peg.907.site.26, 3, 97, 100
349741.6.peg.907.site.27, 8, 97, 105
349741.6.peg.907.site.28, 2, 95, 97
349741.6.peg.907.site.29, 2, 96, 98
349741.6.peg.907.site.30, 9, 97, 106
349741.6.peg.907.site.31, 42, 97, 139
349741.6.peg.906.site.1, 2, 97, 99
349741.6.peg.906.site.2, 95, 97, 192
349741.6.peg.906.site.3, 7, 97, 104
349741.6.peg.906.site.4, 20, 97, 117
349741.6.peg.906.site.5, 90, 97, 187
349741.6.peg.906.site.6, 81, 97, 178
349741.6.peg.906.site.7, 95, 97, 192
349741.6.peg.906.site.8, 81, 97, 178
349741.6.peg.906.site.9, 91, 95, 186
349741.6.peg.906.site.10, 2, 96, 98
349741.6.peg.906.site.11, 69, 96, 165
349741.6.peg.906.site.12, 12, 97, 109
349741.6.peg.906.site.13, 12, 97, 109
349741.6.peg.906.site.14, 10, 96, 106
349741.6.peg.906.site.15, 11, 93, 104
349741.6.peg.906.site.16, 1, 95, 96
349741.6.peg.906.site.17, 0, 96, 96
349741.6.peg.1379.site.1, 32, 97, 129
349741.6.peg.1379.site.2, 52, 96, 148
349741.6.peg.1379.site.3, 2, 95, 97
349741.6.peg.1379.site.4, 8, 97, 105
349741.6.peg.1379.site.5, 8, 96, 104
349741.6.peg.1379.site.6, 2, 97, 99
349741.6.peg.1379.site.7, 8, 97, 105
349741.6.peg.1379.site.8, 49, 97, 146
349741.6.peg.1379.site.9, 51, 97, 148
349741.6.peg.1379.site.10, 2, 97, 99
349741.6.peg.1379.site.11, 3, 97, 100
349741.6.peg.1374.site.1, 2, 94, 96
349741.6.peg.1374.site.2, 55, 95, 150
349741.6.peg.1374.site.3, 6, 77, 83
349741.6.peg.1374.site.4, 1, 97, 98
349741.6.peg.1374.site.5, 23, 97, 120
349741.6.peg.1374.site.6, 11, 96, 107
349741.6.peg.1374.site.7, 6, 95, 101
349741.6.peg.1374.site.8, 6, 95, 101
349741.6.peg.1374.site.9, 4, 96, 100
349741.6.peg.1374.site.10, 7, 95, 102
349741.6.peg.1374.site.11, 7, 97, 104
349741.6.peg.1375.site.1, 11, 97, 108
349741.6.peg.1375.site.2, 7, 97, 104
349741.6.peg.1375.site.3, 9, 96, 105
349741.6.peg.1375.site.4, 95, 97, 192
349741.6.peg.1375.site.5, 7, 91, 98
349741.6.peg.1375.site.6, 16, 97, 113
349741.6.peg.1375.site.7, 6, 97, 103
349741.6.peg.1375.site.8, 7, 97, 104
349741.6.peg.1375.site.9, 7, 97, 104
349741.6.peg.1375.site.10, 11, 97, 108
349741.6.peg.1375.site.11, 95, 97, 192
349741.6.peg.1375.site.12, 12, 97, 109
349741.6.peg.1375.site.13, 7, 95, 102
349741.6.peg.1375.site.14, 23, 97, 120
349741.6.peg.1375.site.15, 5, 97, 102
349741.6.peg.1375.site.16, 7, 97, 104
349741.6.peg.1375.site.17, 14, 97, 111
349741.6.peg.1375.site.18, 20, 97, 117
349741.6.peg.1375.site.19, 11, 97, 108
349741.6.peg.1375.site.20, 7, 97, 104
349741.6.peg.1375.site.21, 11, 97, 108
349741.6.peg.1375.site.22, 11, 97, 108
349741.6.peg.1375.site.23, 14, 97, 111
349741.6.peg.1375.site.24, 14, 97, 111
349741.6.peg.1375.site.25, 4, 97, 101
349741.6.peg.1375.site.26, 14, 97, 111
349741.6.peg.1375.site.27, 16, 83, 99
349741.6.peg.1375.site.28, 14, 84, 98
349741.6.peg.1375.site.29, 67, 85, 152
349741.6.peg.1375.site.30, 77, 95, 172
349741.6.peg.1375.site.31, 14, 97, 111
349741.6.peg.1375.site.32, 55, 96, 151
349741.6.peg.1375.site.33, 43, 97, 140
349741.6.peg.1375.site.34, 7, 97, 104
349741.6.peg.1375.site.35, 1, 97, 98
349741.6.peg.1375.site.36, 7, 97, 104
349741.6.peg.1375.site.37, 7, 97, 104
349741.6.peg.1375.site.38, 11, 96, 107
349741.6.peg.1375.site.39, 33, 96, 129
349741.6.peg.1375.site.40, 14, 96, 110
349741.6.peg.1375.site.41, 4, 96, 100
349741.6.peg.1376.site.1, 11, 96, 107
349741.6.peg.1376.site.2, 11, 97, 108
349741.6.peg.1377.site.1, 97, 97, 194
349741.6.peg.1377.site.2, 9, 95, 104
349741.6.peg.1377.site.3, 2, 93, 95
349741.6.peg.1377.site.4, 1, 93, 94
349741.6.peg.1377.site.5, 11, 96, 107
349741.6.peg.1377.site.6, 97, 97, 194
349741.6.peg.1377.site.7, 10, 97, 107
349741.6.peg.1377.site.8, 10, 96, 106
349741.6.peg.1377.site.9, 3, 96, 99
349741.6.peg.1377.site.10, 10, 96, 106
349741.6.peg.1377.site.11, 1, 97, 98
349741.6.peg.1377.site.12, 5, 96, 101
349741.6.peg.1377.site.13, 44, 95, 139
349741.6.peg.1377.site.14, 11, 95, 106
349741.6.peg.1377.site.15, 6, 95, 101
349741.6.peg.1377.site.16, 11, 96, 107
349741.6.peg.1377.site.17, 93, 95, 188
349741.6.peg.1377.site.18, 93, 94, 187
349741.6.peg.1377.site.19, 1, 94, 95
349741.6.peg.1377.site.20, 1, 95, 96
349741.6.peg.1377.site.21, 5, 97, 102
349741.6.peg.1377.site.22, 95, 97, 192
349741.6.peg.1377.site.23, 10, 97, 107
349741.6.peg.1377.site.24, 10, 97, 107
349741.6.peg.1377.site.25, 2, 97, 99
349741.6.peg.1377.site.26, 44, 95, 139
349741.6.peg.1377.site.27, 8, 96, 104
349741.6.peg.1377.site.28, 66, 96, 162
349741.6.peg.1377.site.29, 16, 84, 100
349741.6.peg.1377.site.30, 6, 93, 99
349741.6.peg.1377.site.31, 5, 96, 101
349741.6.peg.1377.site.32, 8, 97, 105
349741.6.peg.1377.site.33, 44, 97, 141
349741.6.peg.1377.site.34, 2, 97, 99
349741.6.peg.1377.site.35, 44, 97, 141
349741.6.peg.1377.site.36, 44, 97, 141
349741.6.peg.1377.site.37, 12, 97, 109
349741.6.peg.1377.site.38, 97, 97, 194
349741.6.peg.1377.site.39, 44, 97, 141
349741.6.peg.1377.site.40, 94, 96, 190
349741.6.peg.1377.site.41, 2, 97, 99
349741.6.peg.1377.site.42, 14, 96, 110
349741.6.peg.1377.site.43, 0, 97, 97
349741.6.peg.1377.site.44, 5, 97, 102
349741.6.peg.1377.site.45, 56, 95, 151
349741.6.peg.1377.site.46, 56, 95, 151
349741.6.peg.1377.site.47, 2, 97, 99
349741.6.peg.1377.site.48, 57, 96, 153
349741.6.peg.1377.site.49, 56, 97, 153
349741.6.peg.1377.site.50, 50, 97, 147
349741.6.peg.1377.site.51, 32, 97, 129
349741.6.peg.1377.site.52, 4, 97, 101
349741.6.peg.1377.site.53, 36, 97, 133
349741.6.peg.1377.site.54, 2, 97, 99
349741.6.peg.1377.site.55, 90, 97, 187
349741.6.peg.1377.site.56, 25, 86, 111
349741.6.peg.1377.site.57, 32, 85, 117
349741.6.peg.1377.site.58, 86, 87, 173
349741.6.peg.1377.site.59, 2, 95, 97
349741.6.peg.1377.site.60, 4, 96, 100
349741.6.peg.1377.site.61, 47, 96, 143
349741.6.peg.1377.site.62, 7, 97, 104
349741.6.peg.1377.site.63, 4, 97, 101
349741.6.peg.1377.site.64, 1, 97, 98
349741.6.peg.1377.site.65, 0, 97, 97
349741.6.peg.1377.site.66, 6, 97, 103
349741.6.peg.1377.site.67, 5, 97, 102
349741.6.peg.1377.site.68, 35, 96, 131
349741.6.peg.1377.site.69, 43, 96, 139
349741.6.peg.1377.site.70, 42, 95, 137
349741.6.peg.1377.site.71, 36, 97, 133
349741.6.peg.1377.site.72, 41, 91, 132
349741.6.peg.1377.site.73, 86, 96, 182
349741.6.peg.1377.site.74, 95, 97, 192
349741.6.peg.1377.site.75, 95, 97, 192
349741.6.peg.1377.site.76, 42, 95, 137
349741.6.peg.1377.site.77, 1, 95, 96
349741.6.peg.1377.site.78, 2, 95, 97
349741.6.peg.1373.site.1, 16, 97, 113
349741.6.peg.1373.site.2, 2, 97, 99
349741.6.peg.1373.site.3, 6, 96, 102
349741.6.peg.1373.site.4, 7, 97, 104
349741.6.peg.1373.site.5, 7, 96, 103
349741.6.peg.1373.site.6, 2, 96, 98
349741.6.peg.1373.site.7, 1, 96, 97
349741.6.peg.1958.site.1, 50, 62, 112
349741.6.peg.1958.site.2, 24, 86, 110
349741.6.peg.1958.site.3, 54, 94, 148
349741.6.peg.1958.site.4, 51, 95, 146
349741.6.peg.1958.site.5, 23, 95, 118
349741.6.peg.1958.site.6, 94, 97, 191
349741.6.peg.1958.site.7, 3, 97, 100
349741.6.peg.1958.site.8, 43, 96, 139
349741.6.peg.1958.site.9, 62, 93, 155
349741.6.peg.1958.site.10, 31, 84, 115
349741.6.peg.1958.site.11, 34, 88, 122
349741.6.peg.1958.site.12, 65, 97, 162
349741.6.peg.1958.site.13, 23, 97, 120
349741.6.peg.1958.site.14, 41, 96, 137
349741.6.peg.1958.site.15, 64, 96, 160
349741.6.peg.1958.site.16, 41, 96, 137
349741.6.peg.1958.site.17, 41, 96, 137
349741.6.peg.1958.site.18, 1, 96, 97
349741.6.peg.1958.site.19, 42, 97, 139
349741.6.peg.1958.site.20, 4, 97, 101
349741.6.peg.1958.site.21, 21, 97, 118
349741.6.peg.1958.site.22, 23, 97, 120
349741.6.peg.1958.site.23, 32, 97, 129
349741.6.peg.1958.site.24, 63, 97, 160
349741.6.peg.1958.site.25, 18, 97, 115
349741.6.peg.1958.site.26, 7, 97, 104
349741.6.peg.1958.site.27, 23, 97, 120
349741.6.peg.1958.site.28, 42, 97, 139
349741.6.peg.1958.site.29, 9, 95, 104
349741.6.peg.1958.site.30, 1, 95, 96
349741.6.peg.1958.site.31, 21, 96, 117
349741.6.peg.1958.site.32, 10, 97, 107
349741.6.peg.1958.site.33, 45, 97, 142
349741.6.peg.1959.site.1, 0, 97, 97
349741.6.peg.1959.site.2, 14, 97, 111
349741.6.peg.1959.site.3, 14, 95, 109
349741.6.peg.1959.site.4, 2, 95, 97
349741.6.peg.1959.site.5, 12, 94, 106
349741.6.peg.1959.site.6, 14, 96, 110
349741.6.peg.1959.site.7, 14, 96, 110
349741.6.peg.1959.site.8, 4, 96, 100
349741.6.peg.1959.site.9, 14, 96, 110
349741.6.peg.1959.site.10, 14, 96, 110
349741.6.peg.1959.site.11, 13, 94, 107
349741.6.peg.1959.site.12, 12, 94, 106
349741.6.peg.1959.site.13, 17, 90, 107
349741.6.peg.1959.site.14, 7, 89, 96
349741.6.peg.1959.site.15, 4, 78, 82
349741.6.peg.1959.site.16, 17, 75, 92
349741.6.peg.1959.site.17, 14, 72, 86
349741.6.peg.1959.site.18, 14, 72, 86
349741.6.peg.1959.site.19, 9, 74, 83
349741.6.peg.1959.site.20, 41, 83, 124
349741.6.peg.1959.site.21, 24, 95, 119
349741.6.peg.1959.site.22, 4, 95, 99
349741.6.peg.1959.site.23, 10, 96, 106
349741.6.peg.1959.site.24, 10, 97, 107
349741.6.peg.1959.site.25, 6, 97, 103
349741.6.peg.1959.site.26, 4, 97, 101
349741.6.peg.1959.site.27, 3, 95, 98
349741.6.peg.1959.site.28, 59, 96, 155
349741.6.peg.1959.site.29, 3, 96, 99
349741.6.peg.1959.site.30, 40, 94, 134
349741.6.peg.1959.site.31, 27, 92, 119
349741.6.peg.1959.site.32, 60, 84, 144
349741.6.peg.1959.site.33, 2, 81, 83
349741.6.peg.1959.site.34, 1, 68, 69
349741.6.peg.1959.site.35, 12, 76, 88
349741.6.peg.1959.site.36, 25, 84, 109
349741.6.peg.1959.site.37, 1, 93, 94
349741.6.peg.1959.site.38, 23, 95, 118
349741.6.peg.1959.site.39, 23, 95, 118
349741.6.peg.1959.site.40, 24, 96, 120
349741.6.peg.1959.site.41, 25, 97, 122
349741.6.peg.1959.site.42, 29, 91, 120
349741.6.peg.1959.site.43, 21, 92, 113
349741.6.peg.1959.site.44, 22, 94, 116
349741.6.peg.1959.site.45, 26, 96, 122
349741.6.peg.1959.site.46, 33, 95, 128
349741.6.peg.1959.site.47, 24, 95, 119
349741.6.peg.1959.site.48, 24, 95, 119
349741.6.peg.1959.site.49, 13, 82, 95
349741.6.peg.1959.site.50, 37, 84, 121
349741.6.peg.1959.site.51, 3, 87, 90
349741.6.peg.1959.site.52, 19, 88, 107
349741.6.peg.1959.site.53, 30, 95, 125
349741.6.peg.1959.site.54, 41, 95, 136
349741.6.peg.1959.site.55, 25, 87, 112
349741.6.peg.1959.site.56, 8, 95, 103
349741.6.peg.1959.site.57, 25, 97, 122
349741.6.peg.1959.site.58, 3, 97, 100
349741.6.peg.1959.site.59, 32, 97, 129
349741.6.peg.1959.site.60, 57, 97, 154
349741.6.peg.1950.site.1, 1, 97, 98
349741.6.peg.1950.site.2, 21, 97, 118
349741.6.peg.1950.site.3, 3, 97, 100
349741.6.peg.1950.site.4, 1, 97, 98
349741.6.peg.1950.site.5, 53, 97, 150
349741.6.peg.1950.site.6, 6, 97, 103
349741.6.peg.1950.site.7, 50, 96, 146
349741.6.peg.1950.site.8, 24, 95, 119
349741.6.peg.1950.site.9, 64, 92, 156
349741.6.peg.1950.site.10, 2, 93, 95
349741.6.peg.1950.site.11, 2, 93, 95
349741.6.peg.1950.site.12, 26, 97, 123
349741.6.peg.1950.site.13, 33, 97, 130
349741.6.peg.1950.site.14, 28, 97, 125
349741.6.peg.1950.site.15, 44, 97, 141
349741.6.peg.1950.site.16, 46, 90, 136
349741.6.peg.1950.site.17, 2, 90, 92
349741.6.peg.1950.site.18, 24, 88, 112
349741.6.peg.1950.site.19, 47, 88, 135
349741.6.peg.1950.site.20, 47, 88, 135
349741.6.peg.1950.site.21, 49, 94, 143
349741.6.peg.1950.site.22, 2, 95, 97
349741.6.peg.1950.site.23, 21, 95, 116
349741.6.peg.1950.site.24, 21, 93, 114
349741.6.peg.1950.site.25, 48, 92, 140
349741.6.peg.1950.site.26, 49, 94, 143
349741.6.peg.1950.site.27, 43, 92, 135
349741.6.peg.1950.site.28, 3, 93, 96
349741.6.peg.1950.site.29, 10, 95, 105
349741.6.peg.1950.site.30, 1, 95, 96
349741.6.peg.1950.site.31, 23, 95, 118
349741.6.peg.1950.site.32, 2, 96, 98
349741.6.peg.1950.site.33, 2, 97, 99
349741.6.peg.1950.site.34, 41, 96, 137
349741.6.peg.1950.site.35, 0, 97, 97
349741.6.peg.1950.site.36, 0, 96, 96
349741.6.peg.1950.site.37, 16, 96, 112
349741.6.peg.1950.site.38, 23, 97, 120
349741.6.peg.1951.site.1, 7, 97, 104
349741.6.peg.1951.site.2, 51, 97, 148
349741.6.peg.1951.site.3, 1, 96, 97
349741.6.peg.1951.site.4, 44, 96, 140
349741.6.peg.1951.site.5, 45, 96, 141
349741.6.peg.1951.site.6, 1, 95, 96
349741.6.peg.1951.site.7, 0, 96, 96
349741.6.peg.1951.site.8, 26, 95, 121
349741.6.peg.1951.site.9, 0, 96, 96
349741.6.peg.1951.site.10, 24, 97, 121
349741.6.peg.1951.site.11, 5, 97, 102
349741.6.peg.1951.site.12, 1, 97, 98
349741.6.peg.1951.site.13, 0, 96, 96
349741.6.peg.1951.site.14, 1, 97, 98
349741.6.peg.1951.site.15, 1, 97, 98
349741.6.peg.1951.site.16, 93, 97, 190
349741.6.peg.1951.site.17, 46, 95, 141
349741.6.peg.1951.site.18, 0, 97, 97
349741.6.peg.1951.site.19, 47, 97, 144
349741.6.peg.1951.site.20, 54, 94, 148
349741.6.peg.1951.site.21, 45, 97, 142
349741.6.peg.1951.site.22, 49, 97, 146
349741.6.peg.1951.site.23, 70, 97, 167
349741.6.peg.1951.site.24, 3, 97, 100
349741.6.peg.1951.site.25, 47, 97, 144
349741.6.peg.1951.site.26, 49, 97, 146
349741.6.peg.1951.site.27, 15, 97, 112
349741.6.peg.1951.site.28, 6, 96, 102
349741.6.peg.1951.site.29, 45, 97, 142
349741.6.peg.1951.site.30, 47, 94, 141
349741.6.peg.1951.site.31, 52, 94, 146
349741.6.peg.1951.site.32, 4, 94, 98
349741.6.peg.1951.site.33, 1, 97, 98
349741.6.peg.1951.site.34, 2, 97, 99
349741.6.peg.1951.site.35, 48, 97, 145
349741.6.peg.1951.site.36, 0, 97, 97
349741.6.peg.1951.site.37, 17, 97, 114
349741.6.peg.1951.site.38, 17, 97, 114
349741.6.peg.1951.site.39, 48, 97, 145
349741.6.peg.1951.site.40, 21, 97, 118
349741.6.peg.1957.site.1, 13, 94, 107
349741.6.peg.1957.site.2, 0, 95, 95
349741.6.peg.1957.site.3, 24, 96, 120
349741.6.peg.1957.site.4, 24, 96, 120
349741.6.peg.1957.site.5, 32, 94, 126
349741.6.peg.1957.site.6, 31, 93, 124
349741.6.peg.1957.site.7, 9, 81, 90
349741.6.peg.1957.site.8, 45, 79, 124
349741.6.peg.1957.site.9, 2, 73, 75
349741.6.peg.1957.site.10, 7, 69, 76
349741.6.peg.1957.site.11, 9, 97, 106
349741.6.peg.1957.site.12, 34, 96, 130
349741.6.peg.1957.site.13, 24, 92, 116
349741.6.peg.1957.site.14, 20, 93, 113
349741.6.peg.1957.site.15, 14, 76, 90
349741.6.peg.1957.site.16, 2, 69, 71
349741.6.peg.1957.site.17, 35, 74, 109
349741.6.peg.1957.site.18, 31, 91, 122
349741.6.peg.1957.site.19, 21, 93, 114
349741.6.peg.1957.site.20, 35, 97, 132
349741.6.peg.1957.site.21, 35, 97, 132
349741.6.peg.1392.site.1, 2, 96, 98
349741.6.peg.1392.site.2, 8, 96, 104
349741.6.peg.1393.site.1, 10, 97, 107
349741.6.peg.1393.site.2, 8, 97, 105
349741.6.peg.1393.site.3, 96, 97, 193
349741.6.peg.1393.site.4, 72, 97, 169
349741.6.peg.1393.site.5, 2, 97, 99
349741.6.peg.1393.site.6, 12, 97, 109
349741.6.peg.1390.site.1, 73, 97, 170
349741.6.peg.1390.site.2, 3, 97, 100
349741.6.peg.1390.site.3, 30, 97, 127
349741.6.peg.1390.site.4, 15, 97, 112
349741.6.peg.1390.site.5, 50, 96, 146
349741.6.peg.1391.site.1, 51, 97, 148
349741.6.peg.1391.site.2, 1, 97, 98
349741.6.peg.1391.site.3, 5, 97, 102
349741.6.peg.1391.site.4, 2, 97, 99
349741.6.peg.1391.site.5, 51, 97, 148
349741.6.peg.1391.site.6, 30, 97, 127
349741.6.peg.1391.site.7, 51, 97, 148
349741.6.peg.1391.site.8, 80, 96, 176
349741.6.peg.1391.site.9, 0, 97, 97
349741.6.peg.1391.site.10, 33, 96, 129
349741.6.peg.1391.site.11, 7, 96, 103
349741.6.peg.1391.site.12, 3, 97, 100
349741.6.peg.1391.site.13, 21, 96, 117
349741.6.peg.1391.site.14, 2, 96, 98
349741.6.peg.1391.site.15, 58, 89, 147
349741.6.peg.1391.site.16, 44, 97, 141
349741.6.peg.1391.site.17, 2, 97, 99
349741.6.peg.1391.site.18, 97, 97, 194
349741.6.peg.1391.site.19, 3, 97, 100
349741.6.peg.1391.site.20, 51, 97, 148
349741.6.peg.1391.site.21, 72, 96, 168
349741.6.peg.1391.site.22, 1, 97, 98
349741.6.peg.1391.site.23, 48, 97, 145
349741.6.peg.1391.site.24, 0, 95, 95
349741.6.peg.1391.site.25, 19, 97, 116
349741.6.peg.1391.site.26, 0, 97, 97
349741.6.peg.1391.site.27, 2, 97, 99
349741.6.peg.1391.site.28, 74, 96, 170
349741.6.peg.1391.site.29, 94, 96, 190
349741.6.peg.1396.site.1, 32, 85, 117
349741.6.peg.1396.site.2, 22, 85, 107
349741.6.peg.1396.site.3, 9, 85, 94
349741.6.peg.1396.site.4, 51, 85, 136
349741.6.peg.1396.site.5, 42, 85, 127
349741.6.peg.1396.site.6, 51, 85, 136
349741.6.peg.1396.site.7, 0, 85, 85
349741.6.peg.1396.site.8, 2, 87, 89
349741.6.peg.1396.site.9, 1, 86, 87
349741.6.peg.1396.site.10, 1, 85, 86
349741.6.peg.1396.site.11, 2, 87, 89
349741.6.peg.1396.site.12, 3, 88, 91
349741.6.peg.1396.site.13, 7, 92, 99
349741.6.peg.1396.site.14, 12, 97, 109
349741.6.peg.1396.site.15, 12, 97, 109
349741.6.peg.1396.site.16, 54, 97, 151
349741.6.peg.1396.site.17, 10, 96, 106
349741.6.peg.1396.site.18, 8, 93, 101
349741.6.peg.1396.site.19, 8, 93, 101
349741.6.peg.1396.site.20, 9, 93, 102
349741.6.peg.1396.site.21, 59, 97, 156
349741.6.peg.1396.site.22, 12, 97, 109
349741.6.peg.1396.site.23, 12, 97, 109
349741.6.peg.1396.site.24, 12, 97, 109
349741.6.peg.1396.site.25, 12, 97, 109
349741.6.peg.1396.site.26, 61, 97, 158
349741.6.peg.1396.site.27, 42, 97, 139
349741.6.peg.1396.site.28, 12, 97, 109
349741.6.peg.1396.site.29, 13, 96, 109
349741.6.peg.1396.site.30, 58, 87, 145
349741.6.peg.1396.site.31, 4, 88, 92
349741.6.peg.1396.site.32, 4, 88, 92
349741.6.peg.1396.site.33, 83, 93, 176
349741.6.peg.1396.site.34, 0, 97, 97
349741.6.peg.1396.site.35, 1, 94, 95
349741.6.peg.1396.site.36, 13, 94, 107
349741.6.peg.1396.site.37, 13, 95, 108
349741.6.peg.1396.site.38, 85, 97, 182
349741.6.peg.1396.site.39, 2, 97, 99
349741.6.peg.1396.site.40, 10, 94, 104
349741.6.peg.1396.site.41, 59, 91, 150
349741.6.peg.1396.site.42, 2, 86, 88
349741.6.peg.1396.site.43, 3, 87, 90
349741.6.peg.1396.site.44, 3, 87, 90
349741.6.peg.1396.site.45, 6, 90, 96
349741.6.peg.1396.site.46, 1, 93, 94
349741.6.peg.1396.site.47, 5, 89, 94
349741.6.peg.1397.site.1, 9, 93, 102
349741.6.peg.1397.site.2, 13, 97, 110
349741.6.peg.1397.site.3, 12, 97, 109
349741.6.peg.1397.site.4, 50, 97, 147
349741.6.peg.1397.site.5, 8, 97, 105
349741.6.peg.1397.site.6, 50, 96, 146
349741.6.peg.1394.site.1, 95, 97, 192
349741.6.peg.1394.site.2, 2, 97, 99
349741.6.peg.1394.site.3, 31, 95, 126
349741.6.peg.1394.site.4, 29, 94, 123
349741.6.peg.1394.site.5, 1, 97, 98
349741.6.peg.1394.site.6, 2, 96, 98
349741.6.peg.1394.site.7, 43, 96, 139
349741.6.peg.1394.site.8, 2, 97, 99
349741.6.peg.1394.site.9, 3, 97, 100
349741.6.peg.1394.site.10, 1, 97, 98
349741.6.peg.1394.site.11, 2, 97, 99
349741.6.peg.2159.site.1, 1, 97, 98
349741.6.peg.2159.site.2, 3, 97, 100
349741.6.peg.2151.site.1, 60, 97, 157
349741.6.peg.2151.site.2, 2, 97, 99
349741.6.peg.2151.site.3, 13, 97, 110
349741.6.peg.2151.site.4, 52, 97, 149
349741.6.peg.2151.site.5, 45, 96, 141
349741.6.peg.2151.site.6, 2, 96, 98
349741.6.peg.2151.site.7, 68, 94, 162
349741.6.peg.2151.site.8, 12, 96, 108
349741.6.peg.2151.site.9, 45, 97, 142
349741.6.peg.2151.site.10, 4, 96, 100
349741.6.peg.2151.site.11, 1, 97, 98
349741.6.peg.2151.site.12, 47, 97, 144
349741.6.peg.2151.site.13, 47, 97, 144
349741.6.peg.2151.site.14, 2, 97, 99
349741.6.peg.2151.site.15, 8, 97, 105
349741.6.peg.2151.site.16, 48, 97, 145
349741.6.peg.2151.site.17, 52, 97, 149
349741.6.peg.2151.site.18, 1, 97, 98
349741.6.peg.2151.site.19, 5, 97, 102
349741.6.peg.2150.site.1, 35, 71, 106
349741.6.peg.2150.site.2, 0, 97, 97
349741.6.peg.2150.site.3, 2, 97, 99
349741.6.peg.2150.site.4, 60, 97, 157
349741.6.peg.2150.site.5, 50, 97, 147
349741.6.peg.2150.site.6, 50, 97, 147
349741.6.peg.2150.site.7, 1, 97, 98
349741.6.peg.2150.site.8, 77, 96, 173
349741.6.peg.2150.site.9, 10, 96, 106
349741.6.peg.2150.site.10, 49, 95, 144
349741.6.peg.2150.site.11, 49, 95, 144
349741.6.peg.2150.site.12, 3, 95, 98
349741.6.peg.2150.site.13, 50, 96, 146
349741.6.peg.2150.site.14, 8, 97, 105
349741.6.peg.2150.site.15, 1, 97, 98
349741.6.peg.2150.site.16, 52, 97, 149
349741.6.peg.2150.site.17, 18, 97, 115
349741.6.peg.2150.site.18, 76, 96, 172
349741.6.peg.2150.site.19, 46, 95, 141
349741.6.peg.2150.site.20, 7, 97, 104
349741.6.peg.2150.site.21, 76, 97, 173
349741.6.peg.2150.site.22, 45, 97, 142
349741.6.peg.2150.site.23, 5, 96, 101
349741.6.peg.2150.site.24, 5, 96, 101
349741.6.peg.2150.site.25, 79, 97, 176
349741.6.peg.2150.site.26, 2, 97, 99
349741.6.peg.2150.site.27, 50, 97, 147
349741.6.peg.2150.site.28, 2, 97, 99
349741.6.peg.2150.site.29, 2, 97, 99
349741.6.peg.2150.site.30, 52, 97, 149
349741.6.peg.2150.site.31, 4, 96, 100
349741.6.peg.2153.site.1, 1, 70, 71
349741.6.peg.2153.site.2, 13, 58, 71
349741.6.peg.2153.site.3, 14, 55, 69
349741.6.peg.2153.site.4, 14, 55, 69
349741.6.peg.2153.site.5, 51, 92, 143
349741.6.peg.2153.site.6, 2, 95, 97
349741.6.peg.2153.site.7, 1, 92, 93
349741.6.peg.2153.site.8, 55, 92, 147
349741.6.peg.2153.site.9, 37, 90, 127
349741.6.peg.2153.site.10, 41, 87, 128
349741.6.peg.2153.site.11, 6, 89, 95
349741.6.peg.2153.site.12, 46, 93, 139
349741.6.peg.2153.site.13, 0, 95, 95
349741.6.peg.2153.site.14, 3, 97, 100
349741.6.peg.2153.site.15, 1, 97, 98
349741.6.peg.2153.site.16, 1, 97, 98
349741.6.peg.2153.site.17, 4, 97, 101
349741.6.peg.2153.site.18, 47, 97, 144
349741.6.peg.2153.site.19, 47, 97, 144
349741.6.peg.2152.site.1, 48, 97, 145
349741.6.peg.2152.site.2, 2, 97, 99
349741.6.peg.2152.site.3, 18, 97, 115
349741.6.peg.2152.site.4, 48, 96, 144
349741.6.peg.2152.site.5, 5, 96, 101
349741.6.peg.2152.site.6, 48, 95, 143
349741.6.peg.2152.site.7, 68, 89, 157
349741.6.peg.2152.site.8, 40, 90, 130
349741.6.peg.2152.site.9, 46, 93, 139
349741.6.peg.2152.site.10, 3, 96, 99
349741.6.peg.2152.site.11, 0, 96, 96
349741.6.peg.2152.site.12, 73, 95, 168
349741.6.peg.2152.site.13, 6, 97, 103
349741.6.peg.2152.site.14, 1, 97, 98
349741.6.peg.2152.site.15, 0, 97, 97
349741.6.peg.2155.site.1, 4, 95, 99
349741.6.peg.2155.site.2, 16, 97, 113
349741.6.peg.2155.site.3, 56, 95, 151
349741.6.peg.2155.site.4, 15, 95, 110
349741.6.peg.2155.site.5, 55, 93, 148
349741.6.peg.2155.site.6, 18, 89, 107
349741.6.peg.2155.site.7, 6, 97, 103
349741.6.peg.2154.site.1, 45, 97, 142
349741.6.peg.2154.site.2, 97, 97, 194
349741.6.peg.2154.site.3, 96, 96, 192
349741.6.peg.2154.site.4, 2, 91, 93
349741.6.peg.2154.site.5, 44, 91, 135
349741.6.peg.2154.site.6, 49, 97, 146
349741.6.peg.2154.site.7, 2, 95, 97
349741.6.peg.2154.site.8, 18, 97, 115
349741.6.peg.2154.site.9, 3, 97, 100
349741.6.peg.2154.site.10, 0, 97, 97
349741.6.peg.2154.site.11, 19, 97, 116
349741.6.peg.2154.site.12, 55, 97, 152
349741.6.peg.2154.site.13, 7, 97, 104
349741.6.peg.2154.site.14, 7, 97, 104
349741.6.peg.2154.site.15, 1, 97, 98
349741.6.peg.2154.site.16, 1, 97, 98
349741.6.peg.2154.site.17, 1, 97, 98
349741.6.peg.2154.site.18, 1, 97, 98
349741.6.peg.2154.site.19, 1, 97, 98
349741.6.peg.2154.site.20, 1, 97, 98
349741.6.peg.2156.site.1, 2, 97, 99
349741.6.peg.2156.site.2, 41, 96, 137
349741.6.peg.2156.site.3, 1, 97, 98
349741.6.peg.2156.site.4, 60, 97, 157
349741.6.peg.2156.site.5, 97, 97, 194
349741.6.peg.2156.site.6, 1, 97, 98
349741.6.peg.2156.site.7, 23, 97, 120
349741.6.peg.2156.site.8, 1, 96, 97
349741.6.peg.2156.site.9, 1, 96, 97
349741.6.peg.2156.site.10, 9, 95, 104
349741.6.peg.2156.site.11, 84, 86, 170
349741.6.peg.2156.site.12, 1, 85, 86
349741.6.peg.2156.site.13, 64, 81, 145
349741.6.peg.2156.site.14, 0, 84, 84
349741.6.peg.2156.site.15, 30, 79, 109
349741.6.peg.2156.site.16, 38, 82, 120
349741.6.peg.2156.site.17, 90, 90, 180
349741.6.peg.2156.site.18, 2, 92, 94
349741.6.peg.2156.site.19, 8, 89, 97
349741.6.peg.2156.site.20, 11, 88, 99
349741.6.peg.2156.site.21, 2, 93, 95
349741.6.peg.2156.site.22, 2, 88, 90
349741.6.peg.2156.site.23, 12, 74, 86
349741.6.peg.2156.site.24, 37, 69, 106
349741.6.peg.2156.site.25, 56, 88, 144
349741.6.peg.2156.site.26, 3, 84, 87
349741.6.peg.2156.site.27, 89, 95, 184
349741.6.peg.2156.site.28, 3, 95, 98
349741.6.peg.2156.site.29, 59, 92, 151
349741.6.peg.2156.site.30, 3, 94, 97
349741.6.peg.2156.site.31, 64, 93, 157
349741.6.peg.2156.site.32, 1, 96, 97
349741.6.peg.2156.site.33, 0, 95, 95
349741.6.peg.2156.site.34, 63, 94, 157
349741.6.peg.2156.site.35, 96, 97, 193
349741.6.peg.2156.site.36, 0, 97, 97
349741.6.peg.2156.site.37, 65, 97, 162
349741.6.peg.1575.site.1, 27, 83, 110
349741.6.peg.1575.site.2, 20, 80, 100
349741.6.peg.1575.site.3, 4, 64, 68
349741.6.peg.1575.site.4, 6, 66, 72
349741.6.peg.1575.site.5, 25, 85, 110
349741.6.peg.1575.site.6, 34, 94, 128
349741.6.peg.1575.site.7, 29, 82, 111
349741.6.peg.1575.site.8, 12, 65, 77
349741.6.peg.1572.site.1, 78, 97, 175
349741.6.peg.1572.site.2, 3, 97, 100
349741.6.peg.1572.site.3, 30, 97, 127
349741.6.peg.1572.site.4, 40, 97, 137
349741.6.peg.1572.site.5, 1, 97, 98
349741.6.peg.1572.site.6, 6, 97, 103
349741.6.peg.1572.site.7, 86, 97, 183
349741.6.peg.118.site.1, 4, 97, 101
349741.6.peg.118.site.2, 64, 97, 161
349741.6.peg.118.site.3, 63, 97, 160
349741.6.peg.118.site.4, 2, 95, 97
349741.6.peg.118.site.5, 38, 92, 130
349741.6.peg.118.site.6, 3, 97, 100
349741.6.peg.118.site.7, 15, 96, 111
349741.6.peg.118.site.8, 1, 96, 97
349741.6.peg.118.site.9, 46, 94, 140
349741.6.peg.118.site.10, 42, 92, 134
349741.6.peg.118.site.11, 1, 92, 93
349741.6.peg.118.site.12, 5, 92, 97
349741.6.peg.118.site.13, 33, 88, 121
349741.6.peg.119.site.1, 48, 97, 145
349741.6.peg.119.site.2, 21, 97, 118
349741.6.peg.119.site.3, 38, 97, 135
349741.6.peg.119.site.4, 50, 97, 147
349741.6.peg.119.site.5, 46, 97, 143
349741.6.peg.116.site.1, 69, 97, 166
349741.6.peg.116.site.2, 1, 97, 98
349741.6.peg.116.site.3, 3, 97, 100
349741.6.peg.116.site.4, 95, 97, 192
349741.6.peg.116.site.5, 0, 97, 97
349741.6.peg.116.site.6, 72, 97, 169
349741.6.peg.116.site.7, 7, 97, 104
349741.6.peg.116.site.8, 4, 97, 101
349741.6.peg.116.site.9, 3, 97, 100
349741.6.peg.116.site.10, 3, 95, 98
349741.6.peg.116.site.11, 55, 92, 147
349741.6.peg.116.site.12, 62, 92, 154
349741.6.peg.116.site.13, 8, 92, 100
349741.6.peg.116.site.14, 56, 96, 152
349741.6.peg.116.site.15, 53, 92, 145
349741.6.peg.116.site.16, 49, 88, 137
349741.6.peg.116.site.17, 46, 85, 131
349741.6.peg.116.site.18, 57, 96, 153
349741.6.peg.116.site.19, 58, 91, 149
349741.6.peg.116.site.20, 64, 97, 161
349741.6.peg.117.site.1, 63, 96, 159
349741.6.peg.117.site.2, 18, 53, 71
349741.6.peg.117.site.3, 9, 44, 53
349741.6.peg.117.site.4, 0, 37, 37
349741.6.peg.117.site.5, 3, 38, 41
349741.6.peg.117.site.6, 11, 43, 54
349741.6.peg.117.site.7, 2, 55, 57
349741.6.peg.117.site.8, 63, 96, 159
349741.6.peg.117.site.9, 62, 95, 157
349741.6.peg.117.site.10, 5, 97, 102
349741.6.peg.117.site.11, 0, 97, 97
349741.6.peg.117.site.12, 60, 93, 153
349741.6.peg.117.site.13, 36, 94, 130
349741.6.peg.117.site.14, 32, 97, 129
349741.6.peg.117.site.15, 2, 96, 98
349741.6.peg.117.site.16, 0, 96, 96
349741.6.peg.117.site.17, 1, 96, 97
349741.6.peg.117.site.18, 17, 96, 113
349741.6.peg.117.site.19, 28, 97, 125
349741.6.peg.117.site.20, 67, 97, 164
349741.6.peg.117.site.21, 2, 96, 98
349741.6.peg.117.site.22, 92, 97, 189
349741.6.peg.117.site.23, 3, 97, 100
349741.6.peg.117.site.24, 4, 96, 100
349741.6.peg.117.site.25, 64, 97, 161
349741.6.peg.114.site.1, 93, 97, 190
349741.6.peg.114.site.2, 94, 96, 190
349741.6.peg.114.site.3, 78, 96, 174
349741.6.peg.114.site.4, 10, 96, 106
349741.6.peg.114.site.5, 0, 74, 74
349741.6.peg.114.site.6, 53, 71, 124
349741.6.peg.114.site.7, 53, 64, 117
349741.6.peg.114.site.8, 51, 61, 112
349741.6.peg.114.site.9, 1, 72, 73
349741.6.peg.114.site.10, 92, 97, 189
349741.6.peg.114.site.11, 2, 97, 99
349741.6.peg.115.site.1, 41, 97, 138
349741.6.peg.115.site.2, 71, 97, 168
349741.6.peg.115.site.3, 66, 97, 163
349741.6.peg.1578.site.1, 17, 97, 114
349741.6.peg.1578.site.2, 19, 97, 116
349741.6.peg.1578.site.3, 3, 96, 99
349741.6.peg.1578.site.4, 7, 97, 104
349741.6.peg.1578.site.5, 20, 97, 117
349741.6.peg.1578.site.6, 20, 94, 114
349741.6.peg.1578.site.7, 29, 95, 124
349741.6.peg.1578.site.8, 45, 95, 140
349741.6.peg.1578.site.9, 22, 96, 118
349741.6.peg.1578.site.10, 16, 96, 112
349741.6.peg.1578.site.11, 1, 94, 95
349741.6.peg.1578.site.12, 90, 95, 185
349741.6.peg.1578.site.13, 94, 97, 191
349741.6.peg.1578.site.14, 40, 97, 137
349741.6.peg.1578.site.15, 23, 97, 120
349741.6.peg.1578.site.16, 8, 97, 105
349741.6.peg.1578.site.17, 23, 97, 120
349741.6.peg.1578.site.18, 0, 97, 97
349741.6.peg.1578.site.19, 1, 97, 98
349741.6.peg.1578.site.20, 28, 97, 125
349741.6.peg.1578.site.21, 52, 97, 149
349741.6.peg.1578.site.22, 89, 96, 185
349741.6.peg.1578.site.23, 42, 97, 139
349741.6.peg.1578.site.24, 12, 97, 109
349741.6.peg.1578.site.25, 14, 97, 111
349741.6.peg.1578.site.26, 3, 97, 100
349741.6.peg.111.site.1, 9, 97, 106
349741.6.peg.111.site.2, 52, 97, 149
349741.6.peg.111.site.3, 14, 97, 111
349741.6.peg.111.site.4, 91, 97, 188
349741.6.peg.111.site.5, 74, 97, 171
349741.6.peg.111.site.6, 25, 96, 121
349741.6.peg.111.site.7, 78, 96, 174
349741.6.peg.111.site.8, 2, 97, 99
349741.6.peg.111.site.9, 2, 97, 99
349741.6.peg.111.site.10, 77, 97, 174
349741.6.peg.111.site.11, 0, 97, 97
349741.6.peg.111.site.12, 2, 96, 98
349741.6.peg.758.site.1, 9, 97, 106
349741.6.peg.758.site.2, 90, 96, 186
349741.6.peg.758.site.3, 59, 97, 156
349741.6.peg.758.site.4, 59, 97, 156
349741.6.peg.758.site.5, 2, 97, 99
349741.6.peg.758.site.6, 67, 97, 164
349741.6.peg.758.site.7, 51, 88, 139
349741.6.peg.758.site.8, 56, 92, 148
349741.6.peg.758.site.9, 52, 90, 142
349741.6.peg.758.site.10, 56, 94, 150
349741.6.peg.758.site.11, 55, 93, 148
349741.6.peg.758.site.12, 59, 97, 156
349741.6.peg.758.site.13, 53, 97, 150
349741.6.peg.758.site.14, 59, 97, 156
349741.6.peg.758.site.15, 2, 96, 98
349741.6.peg.758.site.16, 88, 94, 182
349741.6.peg.758.site.17, 2, 96, 98
349741.6.peg.758.site.18, 91, 97, 188
349741.6.peg.758.site.19, 1, 96, 97
349741.6.peg.758.site.20, 1, 97, 98
349741.6.peg.758.site.21, 58, 96, 154
349741.6.peg.758.site.22, 55, 97, 152
349741.6.peg.758.site.23, 59, 96, 155
349741.6.peg.758.site.24, 1, 97, 98
349741.6.peg.758.site.25, 3, 97, 100
349741.6.peg.758.site.26, 0, 97, 97
349741.6.peg.758.site.27, 1, 96, 97
349741.6.peg.758.site.28, 17, 97, 114
349741.6.peg.758.site.29, 59, 97, 156
349741.6.peg.758.site.30, 7, 97, 104
349741.6.peg.758.site.31, 59, 97, 156
349741.6.peg.758.site.32, 59, 97, 156
349741.6.peg.758.site.33, 59, 97, 156
349741.6.peg.758.site.34, 59, 97, 156
349741.6.peg.758.site.35, 59, 97, 156
349741.6.peg.758.site.36, 2, 97, 99
349741.6.peg.758.site.37, 75, 97, 172
349741.6.peg.758.site.38, 50, 97, 147
349741.6.peg.758.site.39, 59, 97, 156
349741.6.peg.758.site.40, 52, 96, 148
349741.6.peg.758.site.41, 34, 72, 106
349741.6.peg.758.site.42, 55, 97, 152
349741.6.peg.758.site.43, 56, 91, 147
349741.6.peg.758.site.44, 43, 76, 119
349741.6.peg.758.site.45, 4, 83, 87
349741.6.peg.758.site.46, 6, 82, 88
349741.6.peg.759.site.1, 55, 83, 138
349741.6.peg.759.site.2, 1, 95, 96
349741.6.peg.759.site.3, 1, 97, 98
349741.6.peg.759.site.4, 1, 97, 98
349741.6.peg.759.site.5, 61, 97, 158
349741.6.peg.759.site.6, 2, 97, 99
349741.6.peg.759.site.7, 36, 97, 133
349741.6.peg.759.site.8, 61, 97, 158
349741.6.peg.759.site.9, 3, 97, 100
349741.6.peg.759.site.10, 60, 96, 156
349741.6.peg.759.site.11, 61, 97, 158
349741.6.peg.759.site.12, 2, 97, 99
349741.6.peg.759.site.13, 14, 97, 111
349741.6.peg.759.site.14, 17, 97, 114
349741.6.peg.759.site.15, 19, 97, 116
349741.6.peg.759.site.16, 1, 97, 98
349741.6.peg.759.site.17, 59, 97, 156
349741.6.peg.759.site.18, 1, 97, 98
349741.6.peg.759.site.19, 57, 97, 154
349741.6.peg.759.site.20, 3, 97, 100
349741.6.peg.759.site.21, 57, 97, 154
349741.6.peg.759.site.22, 54, 94, 148
349741.6.peg.759.site.23, 23, 63, 86
349741.6.peg.759.site.24, 4, 47, 51
349741.6.peg.759.site.25, 9, 44, 53
349741.6.peg.759.site.26, 59, 91, 150
349741.6.peg.759.site.27, 1, 97, 98
349741.6.peg.759.site.28, 1, 96, 97
349741.6.peg.759.site.29, 57, 95, 152
349741.6.peg.759.site.30, 23, 90, 113
349741.6.peg.759.site.31, 46, 84, 130
349741.6.peg.759.site.32, 0, 78, 78
349741.6.peg.759.site.33, 14, 55, 69
349741.6.peg.759.site.34, 7, 48, 55
349741.6.peg.759.site.35, 1, 42, 43
349741.6.peg.759.site.36, 20, 53, 73
349741.6.peg.759.site.37, 50, 84, 134
349741.6.peg.759.site.38, 8, 96, 104
349741.6.peg.759.site.39, 52, 97, 149
349741.6.peg.759.site.40, 60, 97, 157
349741.6.peg.759.site.41, 53, 95, 148
349741.6.peg.759.site.42, 66, 96, 162
349741.6.peg.759.site.43, 2, 96, 98
349741.6.peg.759.site.44, 54, 97, 151
349741.6.peg.759.site.45, 8, 97, 105
349741.6.peg.759.site.46, 90, 97, 187
349741.6.peg.759.site.47, 2, 97, 99
349741.6.peg.759.site.48, 75, 97, 172
349741.6.peg.759.site.49, 6, 95, 101
349741.6.peg.208.site.1, 2, 95, 97
349741.6.peg.208.site.2, 9, 95, 104
349741.6.peg.208.site.3, 2, 89, 91
349741.6.peg.208.site.4, 2, 90, 92
349741.6.peg.208.site.5, 11, 89, 100
349741.6.peg.208.site.6, 75, 90, 165
349741.6.peg.208.site.7, 47, 92, 139
349741.6.peg.208.site.8, 43, 95, 138
349741.6.peg.208.site.9, 10, 97, 107
349741.6.peg.208.site.10, 2, 97, 99
349741.6.peg.208.site.11, 10, 97, 107
349741.6.peg.208.site.12, 2, 97, 99
349741.6.peg.208.site.13, 28, 96, 124
349741.6.peg.208.site.14, 8, 96, 104
349741.6.peg.208.site.15, 4, 96, 100
349741.6.peg.208.site.16, 10, 97, 107
349741.6.peg.208.site.17, 4, 97, 101
349741.6.peg.208.site.18, 0, 97, 97
349741.6.peg.208.site.19, 63, 97, 160
349741.6.peg.208.site.20, 5, 97, 102
349741.6.peg.208.site.21, 4, 97, 101
349741.6.peg.208.site.22, 49, 97, 146
349741.6.peg.208.site.23, 15, 96, 111
349741.6.peg.208.site.24, 22, 96, 118
349741.6.peg.208.site.25, 8, 97, 105
349741.6.peg.208.site.26, 66, 97, 163
349741.6.peg.208.site.27, 2, 97, 99
349741.6.peg.208.site.28, 10, 97, 107
349741.6.peg.208.site.29, 48, 97, 145
349741.6.peg.208.site.30, 1, 97, 98
349741.6.peg.208.site.31, 58, 97, 155
349741.6.peg.208.site.32, 10, 97, 107
349741.6.peg.208.site.33, 0, 97, 97
349741.6.peg.208.site.34, 14, 97, 111
349741.6.peg.208.site.35, 4, 97, 101
349741.6.peg.208.site.36, 10, 96, 106
349741.6.peg.208.site.37, 10, 97, 107
349741.6.peg.208.site.38, 4, 97, 101
349741.6.peg.208.site.39, 10, 96, 106
349741.6.peg.208.site.40, 11, 90, 101
349741.6.peg.209.site.1, 5, 61, 66
349741.6.peg.209.site.2, 1, 87, 88
349741.6.peg.209.site.3, 22, 90, 112
349741.6.peg.209.site.4, 16, 89, 105
349741.6.peg.209.site.5, 60, 92, 152
349741.6.peg.209.site.6, 5, 93, 98
349741.6.peg.209.site.7, 1, 92, 93
349741.6.peg.209.site.8, 6, 94, 100
349741.6.peg.209.site.9, 17, 94, 111
349741.6.peg.209.site.10, 24, 95, 119
349741.6.peg.209.site.11, 41, 95, 136
349741.6.peg.209.site.12, 56, 94, 150
349741.6.peg.209.site.13, 9, 96, 105
349741.6.peg.209.site.14, 25, 95, 120
349741.6.peg.209.site.15, 17, 97, 114
349741.6.peg.209.site.16, 1, 97, 98
349741.6.peg.209.site.17, 38, 96, 134
349741.6.peg.209.site.18, 39, 97, 136
349741.6.peg.209.site.19, 40, 96, 136
349741.6.peg.209.site.20, 2, 97, 99
349741.6.peg.209.site.21, 9, 97, 106
349741.6.peg.209.site.22, 42, 97, 139
349741.6.peg.209.site.23, 18, 97, 115
349741.6.peg.209.site.24, 10, 97, 107
349741.6.peg.209.site.25, 41, 96, 137
349741.6.peg.209.site.26, 3, 97, 100
349741.6.peg.209.site.27, 97, 97, 194
349741.6.peg.209.site.28, 78, 97, 175
349741.6.peg.209.site.29, 4, 97, 101
349741.6.peg.269.site.1, 3, 97, 100
349741.6.peg.269.site.2, 3, 97, 100
349741.6.peg.269.site.3, 2, 97, 99
349741.6.peg.269.site.4, 93, 97, 190
349741.6.peg.269.site.5, 1, 97, 98
349741.6.peg.269.site.6, 10, 97, 107
349741.6.peg.269.site.7, 10, 96, 106
349741.6.peg.269.site.8, 9, 78, 87
349741.6.peg.269.site.9, 2, 92, 94
349741.6.peg.269.site.10, 14, 90, 104
349741.6.peg.269.site.11, 0, 94, 94
349741.6.peg.269.site.12, 95, 95, 190
349741.6.peg.269.site.13, 86, 97, 183
349741.6.peg.269.site.14, 7, 97, 104
349741.6.peg.269.site.15, 10, 97, 107
349741.6.peg.269.site.16, 10, 96, 106
349741.6.peg.269.site.17, 10, 97, 107
349741.6.peg.269.site.18, 13, 97, 110
349741.6.peg.269.site.19, 0, 97, 97
349741.6.peg.269.site.20, 1, 97, 98
349741.6.peg.269.site.21, 1, 97, 98
349741.6.peg.269.site.22, 11, 97, 108
349741.6.peg.750.site.1, 2, 97, 99
349741.6.peg.750.site.2, 1, 96, 97
349741.6.peg.750.site.3, 20, 96, 116
349741.6.peg.750.site.4, 1, 97, 98
349741.6.peg.750.site.5, 2, 97, 99
349741.6.peg.750.site.6, 2, 97, 99
349741.6.peg.750.site.7, 1, 97, 98
349741.6.peg.750.site.8, 15, 97, 112
349741.6.peg.750.site.9, 79, 97, 176
349741.6.peg.750.site.10, 19, 97, 116
349741.6.peg.750.site.11, 8, 97, 105
349741.6.peg.750.site.12, 8, 97, 105
349741.6.peg.750.site.13, 16, 97, 113
349741.6.peg.750.site.14, 15, 97, 112
349741.6.peg.750.site.15, 71, 97, 168
349741.6.peg.752.site.1, 2, 97, 99
349741.6.peg.752.site.2, 44, 97, 141
349741.6.peg.752.site.3, 40, 97, 137
349741.6.peg.752.site.4, 40, 97, 137
349741.6.peg.752.site.5, 17, 97, 114
349741.6.peg.752.site.6, 47, 97, 144
349741.6.peg.752.site.7, 0, 97, 97
349741.6.peg.752.site.8, 43, 95, 138
349741.6.peg.752.site.9, 45, 97, 142
349741.6.peg.752.site.10, 44, 97, 141
349741.6.peg.752.site.11, 45, 94, 139
349741.6.peg.752.site.12, 16, 92, 108
349741.6.peg.752.site.13, 92, 92, 184
349741.6.peg.752.site.14, 12, 64, 76
349741.6.peg.752.site.15, 58, 62, 120
349741.6.peg.752.site.16, 0, 92, 92
349741.6.peg.752.site.17, 6, 93, 99
349741.6.peg.752.site.18, 45, 97, 142
349741.6.peg.752.site.19, 1, 97, 98
349741.6.peg.752.site.20, 45, 97, 142
349741.6.peg.752.site.21, 7, 97, 104
349741.6.peg.752.site.22, 1, 97, 98
349741.6.peg.752.site.23, 45, 97, 142
349741.6.peg.752.site.24, 19, 97, 116
349741.6.peg.752.site.25, 43, 96, 139
349741.6.peg.752.site.26, 43, 96, 139
349741.6.peg.752.site.27, 44, 96, 140
349741.6.peg.752.site.28, 1, 97, 98
349741.6.peg.752.site.29, 45, 97, 142
349741.6.peg.752.site.30, 1, 97, 98
349741.6.peg.752.site.31, 1, 97, 98
349741.6.peg.752.site.32, 83, 97, 180
349741.6.peg.752.site.33, 1, 97, 98
349741.6.peg.752.site.34, 1, 97, 98
349741.6.peg.752.site.35, 8, 97, 105
349741.6.peg.752.site.36, 7, 95, 102
349741.6.peg.752.site.37, 42, 95, 137
349741.6.peg.752.site.38, 41, 94, 135
349741.6.peg.752.site.39, 6, 94, 100
349741.6.peg.752.site.40, 39, 91, 130
349741.6.peg.753.site.1, 78, 96, 174
349741.6.peg.753.site.2, 1, 97, 98
349741.6.peg.753.site.3, 1, 95, 96
349741.6.peg.753.site.4, 1, 96, 97
349741.6.peg.753.site.5, 77, 96, 173
349741.6.peg.753.site.6, 8, 97, 105
349741.6.peg.753.site.7, 2, 96, 98
349741.6.peg.753.site.8, 76, 93, 169
349741.6.peg.753.site.9, 7, 96, 103
349741.6.peg.753.site.10, 52, 97, 149
349741.6.peg.753.site.11, 1, 97, 98
349741.6.peg.753.site.12, 97, 97, 194
349741.6.peg.753.site.13, 5, 97, 102
349741.6.peg.753.site.14, 1, 97, 98
349741.6.peg.753.site.15, 94, 97, 191
349741.6.peg.753.site.16, 4, 97, 101
349741.6.peg.753.site.17, 1, 97, 98
349741.6.peg.753.site.18, 1, 97, 98
349741.6.peg.753.site.19, 29, 97, 126
349741.6.peg.753.site.20, 1, 97, 98
349741.6.peg.753.site.21, 46, 83, 129
349741.6.peg.753.site.22, 9, 79, 88
349741.6.peg.206.site.1, 10, 97, 107
349741.6.peg.206.site.2, 16, 97, 113
349741.6.peg.206.site.3, 26, 97, 123
349741.6.peg.206.site.4, 6, 97, 103
349741.6.peg.206.site.5, 1, 97, 98
349741.6.peg.206.site.6, 6, 97, 103
349741.6.peg.206.site.7, 38, 97, 135
349741.6.peg.206.site.8, 6, 96, 102
349741.6.peg.206.site.9, 35, 97, 132
349741.6.peg.206.site.10, 25, 97, 122
349741.6.peg.206.site.11, 18, 96, 114
349741.6.peg.206.site.12, 63, 96, 159
349741.6.peg.206.site.13, 23, 93, 116
349741.6.peg.206.site.14, 27, 95, 122
349741.6.peg.206.site.15, 25, 93, 118
349741.6.peg.206.site.16, 16, 89, 105
349741.6.peg.206.site.17, 14, 87, 101
349741.6.peg.206.site.18, 1, 84, 85
349741.6.peg.206.site.19, 9, 89, 98
349741.6.peg.206.site.20, 7, 87, 94
349741.6.peg.207.site.1, 60, 90, 150
349741.6.peg.207.site.2, 19, 90, 109
349741.6.peg.207.site.3, 52, 88, 140
349741.6.peg.207.site.4, 10, 83, 93
349741.6.peg.207.site.5, 74, 84, 158
349741.6.peg.207.site.6, 43, 82, 125
349741.6.peg.207.site.7, 5, 87, 92
349741.6.peg.207.site.8, 22, 91, 113
349741.6.peg.207.site.9, 16, 87, 103
349741.6.peg.207.site.10, 58, 85, 143
349741.6.peg.207.site.11, 76, 84, 160
349741.6.peg.207.site.12, 5, 86, 91
349741.6.peg.207.site.13, 3, 95, 98
349741.6.peg.207.site.14, 37, 97, 134
349741.6.peg.207.site.15, 2, 97, 99
349741.6.peg.207.site.16, 1, 97, 98
349741.6.peg.207.site.17, 70, 97, 167
349741.6.peg.207.site.18, 1, 97, 98
349741.6.peg.207.site.19, 18, 97, 115
349741.6.peg.207.site.20, 2, 97, 99
349741.6.peg.207.site.21, 68, 97, 165
349741.6.peg.207.site.22, 15, 97, 112
349741.6.peg.207.site.23, 37, 97, 134
349741.6.peg.207.site.24, 2, 97, 99
349741.6.peg.207.site.25, 81, 97, 178
349741.6.peg.207.site.26, 6, 96, 102
349741.6.peg.207.site.27, 18, 93, 111
349741.6.peg.207.site.28, 16, 91, 107
349741.6.peg.207.site.29, 59, 90, 149
349741.6.peg.207.site.30, 2, 91, 93
349741.6.peg.207.site.31, 19, 91, 110
349741.6.peg.207.site.32, 1, 91, 92
349741.6.peg.207.site.33, 3, 93, 96
349741.6.peg.207.site.34, 7, 94, 101
349741.6.peg.207.site.35, 9, 97, 106
349741.6.peg.207.site.36, 12, 97, 109
349741.6.peg.207.site.37, 2, 97, 99
349741.6.peg.207.site.38, 58, 97, 155
349741.6.peg.207.site.39, 10, 94, 104
349741.6.peg.207.site.40, 10, 97, 107
349741.6.peg.207.site.41, 2, 97, 99
349741.6.peg.207.site.42, 58, 97, 155
349741.6.peg.207.site.43, 10, 97, 107
349741.6.peg.207.site.44, 97, 97, 194
349741.6.peg.207.site.45, 2, 97, 99
349741.6.peg.207.site.46, 18, 97, 115
349741.6.peg.207.site.47, 24, 97, 121
349741.6.peg.207.site.48, 1, 97, 98
349741.6.peg.207.site.49, 4, 96, 100
349741.6.peg.207.site.50, 2, 97, 99
349741.6.peg.207.site.51, 12, 96, 108
349741.6.peg.207.site.52, 60, 84, 144
349741.6.peg.207.site.53, 35, 74, 109
349741.6.peg.207.site.54, 2, 88, 90
349741.6.peg.207.site.55, 19, 93, 112
349741.6.peg.207.site.56, 2, 95, 97
349741.6.peg.207.site.57, 7, 95, 102
349741.6.peg.207.site.58, 4, 95, 99
349741.6.peg.207.site.59, 3, 93, 96
349741.6.peg.207.site.60, 1, 94, 95
349741.6.peg.207.site.61, 32, 94, 126
349741.6.peg.207.site.62, 1, 97, 98
349741.6.peg.207.site.63, 21, 97, 118
349741.6.peg.207.site.64, 42, 95, 137
349741.6.peg.207.site.65, 12, 97, 109
349741.6.peg.207.site.66, 41, 96, 137
349741.6.peg.207.site.67, 1, 97, 98
349741.6.peg.207.site.68, 96, 96, 192
349741.6.peg.207.site.69, 37, 95, 132
349741.6.peg.207.site.70, 20, 95, 115
349741.6.peg.207.site.71, 67, 95, 162
349741.6.peg.207.site.72, 2, 95, 97
349741.6.peg.207.site.73, 8, 90, 98
349741.6.peg.207.site.74, 83, 92, 175
349741.6.peg.207.site.75, 4, 94, 98
349741.6.peg.207.site.76, 13, 95, 108
349741.6.peg.207.site.77, 26, 97, 123
349741.6.peg.207.site.78, 8, 97, 105
349741.6.peg.207.site.79, 16, 97, 113
349741.6.peg.207.site.80, 97, 97, 194
349741.6.peg.207.site.81, 20, 97, 117
349741.6.peg.207.site.82, 33, 97, 130
349741.6.peg.207.site.83, 7, 96, 103
349741.6.peg.207.site.84, 43, 96, 139
349741.6.peg.207.site.85, 2, 97, 99
349741.6.peg.207.site.86, 2, 96, 98
349741.6.peg.207.site.87, 35, 96, 131
349741.6.peg.207.site.88, 7, 96, 103
349741.6.peg.207.site.89, 41, 96, 137
349741.6.peg.207.site.90, 10, 97, 107
349741.6.peg.207.site.91, 44, 97, 141
349741.6.peg.207.site.92, 10, 97, 107
349741.6.peg.207.site.93, 10, 97, 107
349741.6.peg.207.site.94, 16, 95, 111
349741.6.peg.207.site.95, 2, 94, 96
349741.6.peg.204.site.1, 1, 82, 83
349741.6.peg.204.site.2, 1, 76, 77
349741.6.peg.204.site.3, 8, 78, 86
349741.6.peg.204.site.4, 47, 81, 128
349741.6.peg.204.site.5, 25, 85, 110
349741.6.peg.204.site.6, 28, 89, 117
349741.6.peg.204.site.7, 35, 96, 131
349741.6.peg.204.site.8, 5, 97, 102
349741.6.peg.204.site.9, 62, 97, 159
349741.6.peg.204.site.10, 23, 97, 120
349741.6.peg.204.site.11, 35, 97, 132
349741.6.peg.204.site.12, 34, 96, 130
349741.6.peg.204.site.13, 1, 96, 97
349741.6.peg.204.site.14, 16, 78, 94
349741.6.peg.204.site.15, 9, 75, 84
349741.6.peg.204.site.16, 2, 71, 73
349741.6.peg.204.site.17, 48, 76, 124
349741.6.peg.204.site.18, 13, 78, 91
349741.6.peg.204.site.19, 16, 96, 112
349741.6.peg.204.site.20, 72, 97, 169
349741.6.peg.204.site.21, 0, 96, 96
349741.6.peg.204.site.22, 16, 94, 110
349741.6.peg.204.site.23, 56, 83, 139
349741.6.peg.204.site.24, 7, 81, 88
349741.6.peg.757.site.1, 20, 68, 88
349741.6.peg.757.site.2, 1, 48, 49
349741.6.peg.757.site.3, 12, 48, 60
349741.6.peg.757.site.4, 1, 48, 49
349741.6.peg.757.site.5, 4, 49, 53
349741.6.peg.757.site.6, 47, 65, 112
349741.6.peg.757.site.7, 12, 66, 78
349741.6.peg.757.site.8, 24, 69, 93
349741.6.peg.757.site.9, 36, 83, 119
349741.6.peg.757.site.10, 50, 97, 147
349741.6.peg.757.site.11, 4, 97, 101
349741.6.peg.757.site.12, 49, 96, 145
349741.6.peg.757.site.13, 1, 97, 98
349741.6.peg.757.site.14, 49, 97, 146
349741.6.peg.757.site.15, 50, 97, 147
349741.6.peg.757.site.16, 52, 97, 149
349741.6.peg.757.site.17, 59, 97, 156
349741.6.peg.757.site.18, 58, 97, 155
349741.6.peg.757.site.19, 56, 95, 151
349741.6.peg.757.site.20, 56, 95, 151
349741.6.peg.757.site.21, 57, 96, 153
349741.6.peg.757.site.22, 96, 96, 192
349741.6.peg.757.site.23, 58, 97, 155
349741.6.peg.757.site.24, 95, 96, 191
349741.6.peg.757.site.25, 58, 97, 155
349741.6.peg.757.site.26, 52, 91, 143
349741.6.peg.757.site.27, 29, 67, 96
349741.6.peg.757.site.28, 41, 79, 120
349741.6.peg.757.site.29, 54, 92, 146
349741.6.peg.757.site.30, 59, 97, 156
349741.6.peg.598.site.1, 2, 96, 98
349741.6.peg.598.site.2, 8, 95, 103
349741.6.peg.598.site.3, 8, 96, 104
349741.6.peg.598.site.4, 79, 95, 174
349741.6.peg.598.site.5, 5, 95, 100
349741.6.peg.598.site.6, 79, 95, 174
349741.6.peg.598.site.7, 79, 95, 174
349741.6.peg.598.site.8, 24, 96, 120
349741.6.peg.598.site.9, 46, 86, 132
349741.6.peg.598.site.10, 42, 82, 124
349741.6.peg.598.site.11, 44, 83, 127
349741.6.peg.598.site.12, 54, 94, 148
349741.6.peg.598.site.13, 1, 96, 97
349741.6.peg.598.site.14, 5, 95, 100
349741.6.peg.598.site.15, 8, 95, 103
349741.6.peg.598.site.16, 5, 95, 100
349741.6.peg.598.site.17, 5, 89, 94
349741.6.peg.598.site.18, 1, 94, 95
349741.6.peg.598.site.19, 5, 95, 100
349741.6.peg.598.site.20, 5, 97, 102
349741.6.peg.598.site.21, 5, 97, 102
349741.6.peg.598.site.22, 61, 96, 157
349741.6.peg.598.site.23, 76, 97, 173
349741.6.peg.598.site.24, 96, 97, 193
349741.6.peg.598.site.25, 0, 97, 97
349741.6.peg.598.site.26, 15, 97, 112
349741.6.peg.598.site.27, 2, 97, 99
349741.6.peg.598.site.28, 5, 97, 102
349741.6.peg.598.site.29, 5, 97, 102
349741.6.peg.598.site.30, 56, 97, 153
349741.6.peg.598.site.31, 7, 96, 103
349741.6.peg.598.site.32, 83, 97, 180
349741.6.peg.598.site.33, 73, 97, 170
349741.6.peg.598.site.34, 8, 97, 105
349741.6.peg.598.site.35, 8, 96, 104
349741.6.peg.598.site.36, 7, 96, 103
349741.6.peg.598.site.37, 7, 96, 103
349741.6.peg.598.site.38, 6, 95, 101
349741.6.peg.598.site.39, 44, 97, 141
349741.6.peg.598.site.40, 7, 96, 103
349741.6.peg.598.site.41, 48, 97, 145
349741.6.peg.598.site.42, 3, 97, 100
349741.6.peg.598.site.43, 44, 97, 141
349741.6.peg.598.site.44, 6, 97, 103
349741.6.peg.598.site.45, 19, 96, 115
349741.6.peg.598.site.46, 38, 96, 134
349741.6.peg.598.site.47, 3, 96, 99
349741.6.peg.598.site.48, 21, 96, 117
349741.6.peg.598.site.49, 1, 96, 97
349741.6.peg.598.site.50, 34, 97, 131
349741.6.peg.598.site.51, 34, 96, 130
349741.6.peg.598.site.52, 31, 93, 124
349741.6.peg.598.site.53, 3, 88, 91
349741.6.peg.598.site.54, 7, 70, 77
349741.6.peg.598.site.55, 1, 64, 65
349741.6.peg.598.site.56, 20, 85, 105
349741.6.peg.598.site.57, 32, 97, 129
349741.6.peg.598.site.58, 32, 97, 129
349741.6.peg.598.site.59, 32, 97, 129
349741.6.peg.598.site.60, 31, 95, 126
349741.6.peg.598.site.61, 1, 96, 97
349741.6.peg.598.site.62, 10, 70, 80
349741.6.peg.599.site.1, 47, 77, 124
349741.6.peg.599.site.2, 79, 84, 163
349741.6.peg.599.site.3, 2, 97, 99
349741.6.peg.599.site.4, 29, 97, 126
349741.6.peg.599.site.5, 10, 97, 107
349741.6.peg.599.site.6, 15, 97, 112
349741.6.peg.599.site.7, 10, 93, 103
349741.6.peg.599.site.8, 38, 93, 131
349741.6.peg.599.site.9, 10, 93, 103
349741.6.peg.599.site.10, 1, 93, 94
349741.6.peg.599.site.11, 16, 92, 108
349741.6.peg.599.site.12, 17, 93, 110
349741.6.peg.599.site.13, 15, 96, 111
349741.6.peg.599.site.14, 36, 96, 132
349741.6.peg.599.site.15, 44, 97, 141
349741.6.peg.599.site.16, 21, 97, 118
349741.6.peg.599.site.17, 5, 97, 102
349741.6.peg.599.site.18, 4, 97, 101
349741.6.peg.599.site.19, 0, 97, 97
349741.6.peg.599.site.20, 22, 97, 119
349741.6.peg.599.site.21, 1, 97, 98
349741.6.peg.599.site.22, 41, 97, 138
349741.6.peg.599.site.23, 92, 97, 189
349741.6.peg.599.site.24, 0, 97, 97
349741.6.peg.599.site.25, 52, 96, 148
349741.6.peg.599.site.26, 4, 97, 101
349741.6.peg.599.site.27, 52, 96, 148
349741.6.peg.599.site.28, 43, 85, 128
349741.6.peg.599.site.29, 57, 86, 143
349741.6.peg.599.site.30, 59, 93, 152
349741.6.peg.599.site.31, 2, 96, 98
349741.6.peg.599.site.32, 95, 96, 191
349741.6.peg.599.site.33, 96, 97, 193
349741.6.peg.599.site.34, 0, 97, 97
349741.6.peg.599.site.35, 5, 97, 102
349741.6.peg.599.site.36, 45, 97, 142
349741.6.peg.599.site.37, 0, 97, 97
349741.6.peg.599.site.38, 19, 97, 116
349741.6.peg.599.site.39, 17, 97, 114
349741.6.peg.599.site.40, 0, 97, 97
349741.6.peg.590.site.1, 4, 97, 101
349741.6.peg.590.site.2, 1, 97, 98
349741.6.peg.590.site.3, 5, 96, 101
349741.6.peg.590.site.4, 6, 96, 102
349741.6.peg.590.site.5, 51, 96, 147
349741.6.peg.590.site.6, 5, 96, 101
349741.6.peg.590.site.7, 5, 96, 101
349741.6.peg.590.site.8, 77, 96, 173
349741.6.peg.590.site.9, 5, 96, 101
349741.6.peg.590.site.10, 5, 96, 101
349741.6.peg.590.site.11, 2, 89, 91
349741.6.peg.590.site.12, 44, 89, 133
349741.6.peg.590.site.13, 45, 90, 135
349741.6.peg.590.site.14, 46, 91, 137
349741.6.peg.590.site.15, 2, 92, 94
349741.6.peg.590.site.16, 4, 92, 96
349741.6.peg.590.site.17, 49, 94, 143
349741.6.peg.590.site.18, 1, 94, 95
349741.6.peg.590.site.19, 91, 97, 188
349741.6.peg.590.site.20, 1, 94, 95
349741.6.peg.590.site.21, 5, 95, 100
349741.6.peg.590.site.22, 6, 95, 101
349741.6.peg.590.site.23, 45, 95, 140
349741.6.peg.590.site.24, 2, 95, 97
349741.6.peg.590.site.25, 49, 89, 138
349741.6.peg.590.site.26, 46, 88, 134
349741.6.peg.590.site.27, 6, 87, 93
349741.6.peg.590.site.28, 43, 89, 132
349741.6.peg.590.site.29, 48, 90, 138
349741.6.peg.590.site.30, 3, 91, 94
349741.6.peg.590.site.31, 44, 86, 130
349741.6.peg.590.site.32, 80, 82, 162
349741.6.peg.590.site.33, 20, 63, 83
349741.6.peg.590.site.34, 21, 64, 85
349741.6.peg.590.site.35, 58, 80, 138
349741.6.peg.590.site.36, 23, 77, 100
349741.6.peg.590.site.37, 6, 76, 82
349741.6.peg.590.site.38, 38, 86, 124
349741.6.peg.590.site.39, 30, 86, 116
349741.6.peg.591.site.1, 1, 91, 92
349741.6.peg.591.site.2, 5, 90, 95
349741.6.peg.591.site.3, 28, 70, 98
349741.6.peg.591.site.4, 78, 81, 159
349741.6.peg.591.site.5, 1, 96, 97
349741.6.peg.591.site.6, 1, 96, 97
349741.6.peg.591.site.7, 70, 96, 166
349741.6.peg.591.site.8, 1, 97, 98
349741.6.peg.591.site.9, 20, 97, 117
349741.6.peg.591.site.10, 9, 97, 106
349741.6.peg.591.site.11, 49, 97, 146
349741.6.peg.591.site.12, 39, 96, 135
349741.6.peg.591.site.13, 9, 96, 105
349741.6.peg.591.site.14, 48, 96, 144
349741.6.peg.591.site.15, 21, 79, 100
349741.6.peg.591.site.16, 3, 61, 64
349741.6.peg.591.site.17, 30, 59, 89
349741.6.peg.591.site.18, 23, 56, 79
349741.6.peg.591.site.19, 1, 58, 59
349741.6.peg.595.site.1, 7, 75, 82
349741.6.peg.595.site.2, 3, 73, 76
349741.6.peg.595.site.3, 1, 75, 76
349741.6.peg.595.site.4, 7, 75, 82
349741.6.peg.595.site.5, 39, 91, 130
349741.6.peg.595.site.6, 40, 86, 126
349741.6.peg.595.site.7, 20, 82, 102
349741.6.peg.595.site.8, 36, 72, 108
349741.6.peg.595.site.9, 53, 80, 133
349741.6.peg.595.site.10, 26, 95, 121
349741.6.peg.595.site.11, 3, 95, 98
349741.6.peg.595.site.12, 26, 95, 121
349741.6.peg.595.site.13, 27, 96, 123
349741.6.peg.595.site.14, 28, 97, 125
349741.6.peg.595.site.15, 28, 97, 125
349741.6.peg.595.site.16, 1, 96, 97
349741.6.peg.595.site.17, 1, 95, 96
349741.6.peg.595.site.18, 10, 95, 105
349741.6.peg.595.site.19, 3, 95, 98
349741.6.peg.595.site.20, 44, 95, 139
349741.6.peg.595.site.21, 6, 96, 102
349741.6.peg.595.site.22, 4, 94, 98
349741.6.peg.595.site.23, 3, 78, 81
349741.6.peg.2301.site.1, 7, 68, 75
349741.6.peg.2301.site.2, 12, 67, 79
349741.6.peg.2301.site.3, 2, 56, 58
349741.6.peg.2301.site.4, 50, 55, 105
349741.6.peg.2301.site.5, 16, 52, 68
349741.6.peg.2301.site.6, 2, 44, 46
349741.6.peg.2301.site.7, 7, 18, 25
349741.6.peg.2301.site.8, 1, 21, 22
349741.6.peg.2301.site.9, 3, 11, 14
349741.6.peg.2301.site.10, 52, 89, 141
349741.6.peg.2301.site.11, 20, 93, 113
349741.6.peg.2301.site.12, 56, 93, 149
349741.6.peg.2301.site.13, 11, 78, 89
349741.6.peg.2301.site.14, 2, 48, 50
349741.6.peg.2301.site.15, 20, 48, 68
349741.6.peg.2301.site.16, 0, 92, 92
349741.6.peg.2301.site.17, 6, 65, 71
349741.6.peg.2301.site.18, 6, 65, 71
349741.6.peg.2301.site.19, 9, 65, 74
349741.6.peg.2301.site.20, 1, 65, 66
349741.6.peg.2301.site.21, 1, 56, 57
349741.6.peg.2301.site.22, 2, 57, 59
349741.6.peg.2301.site.23, 0, 93, 93
349741.6.peg.2301.site.24, 2, 94, 96
349741.6.peg.2301.site.25, 2, 96, 98
349741.6.peg.2301.site.26, 0, 96, 96
349741.6.peg.2301.site.27, 2, 96, 98
349741.6.peg.2301.site.28, 0, 94, 94
349741.6.peg.2301.site.29, 0, 96, 96
349741.6.peg.571.site.1, 71, 97, 168
349741.6.peg.571.site.2, 2, 97, 99
349741.6.peg.571.site.3, 1, 97, 98
349741.6.peg.571.site.4, 71, 97, 168
349741.6.peg.571.site.5, 12, 97, 109
349741.6.peg.571.site.6, 71, 97, 168
349741.6.peg.571.site.7, 2, 97, 99
349741.6.peg.571.site.8, 71, 97, 168
349741.6.peg.571.site.9, 2, 97, 99
349741.6.peg.571.site.10, 42, 97, 139
349741.6.peg.571.site.11, 2, 97, 99
349741.6.peg.571.site.12, 69, 95, 164
349741.6.peg.571.site.13, 71, 97, 168
349741.6.peg.571.site.14, 2, 95, 97
349741.6.peg.571.site.15, 2, 95, 97
349741.6.peg.571.site.16, 1, 96, 97
349741.6.peg.571.site.17, 68, 96, 164
349741.6.peg.571.site.18, 70, 95, 165
349741.6.peg.571.site.19, 71, 96, 167
349741.6.peg.571.site.20, 4, 96, 100
349741.6.peg.571.site.21, 4, 96, 100
349741.6.peg.571.site.22, 4, 95, 99
349741.6.peg.571.site.23, 1, 96, 97
349741.6.peg.571.site.24, 4, 95, 99
349741.6.peg.571.site.25, 4, 97, 101
349741.6.peg.571.site.26, 0, 97, 97
349741.6.peg.571.site.27, 3, 97, 100
349741.6.peg.571.site.28, 71, 97, 168
349741.6.peg.571.site.29, 2, 97, 99
349741.6.peg.571.site.30, 71, 97, 168
349741.6.peg.571.site.31, 1, 97, 98
349741.6.peg.571.site.32, 70, 96, 166
349741.6.peg.571.site.33, 42, 93, 135
349741.6.peg.571.site.34, 9, 95, 104
349741.6.peg.571.site.35, 70, 96, 166
349741.6.peg.571.site.36, 2, 97, 99
349741.6.peg.571.site.37, 73, 97, 170
349741.6.peg.571.site.38, 71, 96, 167
349741.6.peg.571.site.39, 71, 95, 166
349741.6.peg.571.site.40, 3, 95, 98
349741.6.peg.571.site.41, 71, 96, 167
349741.6.peg.571.site.42, 70, 95, 165
349741.6.peg.571.site.43, 6, 90, 96
349741.6.peg.571.site.44, 3, 95, 98
349741.6.peg.571.site.45, 1, 97, 98
349741.6.peg.571.site.46, 7, 97, 104
349741.6.peg.571.site.47, 71, 97, 168
349741.6.peg.572.site.1, 1, 97, 98
349741.6.peg.572.site.2, 77, 97, 174
349741.6.peg.572.site.3, 71, 97, 168
349741.6.peg.572.site.4, 49, 97, 146
349741.6.peg.572.site.5, 72, 97, 169
349741.6.peg.572.site.6, 22, 96, 118
349741.6.peg.572.site.7, 63, 94, 157
349741.6.peg.572.site.8, 67, 93, 160
349741.6.peg.572.site.9, 63, 89, 152
349741.6.peg.572.site.10, 69, 95, 164
349741.6.peg.572.site.11, 71, 97, 168
349741.6.peg.572.site.12, 1, 97, 98
349741.6.peg.572.site.13, 71, 97, 168
349741.6.peg.572.site.14, 71, 97, 168
349741.6.peg.572.site.15, 71, 97, 168
349741.6.peg.572.site.16, 29, 97, 126
349741.6.peg.572.site.17, 29, 97, 126
349741.6.peg.572.site.18, 2, 97, 99
349741.6.peg.572.site.19, 30, 97, 127
349741.6.peg.572.site.20, 67, 92, 159
349741.6.peg.572.site.21, 42, 93, 135
349741.6.peg.572.site.22, 70, 95, 165
349741.6.peg.572.site.23, 3, 92, 95
349741.6.peg.572.site.24, 71, 97, 168
349741.6.peg.572.site.25, 1, 97, 98
349741.6.peg.572.site.26, 71, 97, 168
349741.6.peg.572.site.27, 65, 97, 162
349741.6.peg.572.site.28, 5, 97, 102
349741.6.peg.573.site.1, 71, 97, 168
349741.6.peg.573.site.2, 70, 97, 167
349741.6.peg.573.site.3, 2, 97, 99
349741.6.peg.573.site.4, 7, 97, 104
349741.6.peg.573.site.5, 2, 97, 99
349741.6.peg.573.site.6, 1, 96, 97
349741.6.peg.573.site.7, 71, 97, 168
349741.6.peg.573.site.8, 73, 97, 170
349741.6.peg.573.site.9, 71, 97, 168
349741.6.peg.573.site.10, 11, 97, 108
349741.6.peg.573.site.11, 36, 97, 133
349741.6.peg.573.site.12, 1, 92, 93
349741.6.peg.573.site.13, 4, 94, 98
349741.6.peg.573.site.14, 63, 89, 152
349741.6.peg.573.site.15, 2, 96, 98
349741.6.peg.573.site.16, 67, 91, 158
349741.6.peg.573.site.17, 13, 97, 110
349741.6.peg.573.site.18, 74, 97, 171
349741.6.peg.573.site.19, 73, 97, 170
349741.6.peg.573.site.20, 1, 97, 98
349741.6.peg.573.site.21, 1, 97, 98
349741.6.peg.573.site.22, 79, 92, 171
349741.6.peg.573.site.23, 1, 92, 93
349741.6.peg.573.site.24, 1, 97, 98
349741.6.peg.573.site.25, 5, 97, 102
349741.6.peg.573.site.26, 5, 97, 102
349741.6.peg.573.site.27, 0, 97, 97
349741.6.peg.573.site.28, 97, 97, 194
349741.6.peg.573.site.29, 2, 97, 99
349741.6.peg.573.site.30, 71, 97, 168
349741.6.peg.574.site.1, 73, 94, 167
349741.6.peg.574.site.2, 15, 90, 105
349741.6.peg.574.site.3, 2, 90, 92
349741.6.peg.574.site.4, 49, 91, 140
349741.6.peg.574.site.5, 22, 97, 119
349741.6.peg.574.site.6, 0, 94, 94
349741.6.peg.575.site.1, 97, 97, 194
349741.6.peg.575.site.2, 65, 96, 161
349741.6.peg.575.site.3, 65, 97, 162
349741.6.peg.575.site.4, 64, 96, 160
349741.6.peg.575.site.5, 71, 97, 168
349741.6.peg.575.site.6, 38, 70, 108
349741.6.peg.575.site.7, 69, 92, 161
349741.6.peg.575.site.8, 10, 97, 107
349741.6.peg.576.site.1, 64, 96, 160
349741.6.peg.576.site.2, 2, 97, 99
349741.6.peg.576.site.3, 62, 93, 155
349741.6.peg.576.site.4, 9, 90, 99
349741.6.peg.576.site.5, 8, 93, 101
349741.6.peg.576.site.6, 2, 94, 96
349741.6.peg.576.site.7, 1, 97, 98
349741.6.peg.577.site.1, 4, 42, 46
349741.6.peg.577.site.2, 8, 37, 45
349741.6.peg.577.site.3, 10, 39, 49
349741.6.peg.577.site.4, 13, 43, 56
349741.6.peg.577.site.5, 3, 41, 44
349741.6.peg.577.site.6, 1, 41, 42
349741.6.peg.577.site.7, 10, 40, 50
349741.6.peg.577.site.8, 28, 30, 58
349741.6.peg.577.site.9, 7, 30, 37
349741.6.peg.577.site.10, 5, 35, 40
349741.6.peg.577.site.11, 6, 36, 42
349741.6.peg.577.site.12, 1, 40, 41
349741.6.peg.577.site.13, 1, 45, 46
349741.6.peg.577.site.14, 20, 50, 70
349741.6.peg.577.site.15, 51, 81, 132
349741.6.peg.577.site.16, 64, 96, 160
349741.6.peg.577.site.17, 65, 97, 162
349741.6.peg.577.site.18, 9, 97, 106
349741.6.peg.577.site.19, 1, 97, 98
349741.6.peg.577.site.20, 66, 96, 162
349741.6.peg.577.site.21, 65, 95, 160
349741.6.peg.577.site.22, 73, 96, 169
349741.6.peg.577.site.23, 69, 91, 160
349741.6.peg.577.site.24, 59, 89, 148
349741.6.peg.577.site.25, 11, 96, 107
349741.6.peg.577.site.26, 66, 96, 162
349741.6.peg.577.site.27, 7, 97, 104
349741.6.peg.577.site.28, 67, 97, 164
349741.6.peg.577.site.29, 67, 97, 164
349741.6.peg.577.site.30, 67, 97, 164
349741.6.peg.577.site.31, 64, 94, 158
349741.6.peg.577.site.32, 1, 83, 84
349741.6.peg.577.site.33, 36, 66, 102
349741.6.peg.578.site.1, 17, 33, 50
349741.6.peg.578.site.2, 7, 31, 38
349741.6.peg.578.site.3, 9, 45, 54
349741.6.peg.578.site.4, 7, 53, 60
349741.6.peg.578.site.5, 30, 54, 84
349741.6.peg.578.site.6, 12, 29, 41
349741.6.peg.578.site.7, 2, 26, 28
349741.6.peg.578.site.8, 7, 24, 31
349741.6.peg.578.site.9, 5, 29, 34
349741.6.peg.578.site.10, 1, 32, 33
349741.6.peg.578.site.11, 2, 32, 34
349741.6.peg.578.site.12, 13, 30, 43
349741.6.peg.578.site.13, 16, 46, 62
349741.6.peg.578.site.14, 36, 66, 102
349741.6.peg.578.site.15, 80, 97, 177
349741.6.peg.578.site.16, 6, 97, 103
349741.6.peg.578.site.17, 3, 97, 100
349741.6.peg.578.site.18, 20, 96, 116
349741.6.peg.578.site.19, 7, 64, 71
349741.6.peg.578.site.20, 2, 59, 61
349741.6.peg.578.site.21, 6, 57, 63
349741.6.peg.578.site.22, 20, 57, 77
349741.6.peg.578.site.23, 17, 50, 67
349741.6.peg.578.site.24, 17, 33, 50
349741.6.peg.578.site.25, 3, 36, 39
349741.6.peg.578.site.26, 6, 37, 43
349741.6.peg.578.site.27, 6, 29, 35
349741.6.peg.578.site.28, 9, 32, 41
349741.6.peg.578.site.29, 33, 56, 89
349741.6.peg.578.site.30, 7, 61, 68
349741.6.peg.578.site.31, 71, 94, 165
349741.6.peg.578.site.32, 6, 88, 94
349741.6.peg.578.site.33, 37, 60, 97
349741.6.peg.578.site.34, 33, 56, 89
349741.6.peg.578.site.35, 21, 44, 65
349741.6.peg.578.site.36, 73, 95, 168
349741.6.peg.578.site.37, 74, 97, 171
349741.6.peg.578.site.38, 83, 97, 180
349741.6.peg.578.site.39, 5, 28, 33
349741.6.peg.578.site.40, 6, 27, 33
349741.6.peg.578.site.41, 6, 30, 36
349741.6.peg.578.site.42, 10, 33, 43
349741.6.peg.578.site.43, 79, 96, 175
349741.6.peg.578.site.44, 14, 97, 111
349741.6.peg.578.site.45, 72, 95, 167
349741.6.peg.578.site.46, 68, 91, 159
349741.6.peg.578.site.47, 9, 26, 35
349741.6.peg.578.site.48, 19, 23, 42
349741.6.peg.578.site.49, 2, 22, 24
349741.6.peg.578.site.50, 3, 26, 29
349741.6.peg.2370.site.1, 2, 80, 82
349741.6.peg.2370.site.2, 2, 79, 81
349741.6.peg.2370.site.3, 8, 87, 95
349741.6.peg.2370.site.4, 18, 97, 115
349741.6.peg.2370.site.5, 2, 97, 99
349741.6.peg.2370.site.6, 2, 96, 98
349741.6.peg.2370.site.7, 3, 97, 100
349741.6.peg.2370.site.8, 2, 97, 99
349741.6.peg.2370.site.9, 20, 97, 117
349741.6.peg.2370.site.10, 13, 97, 110
349741.6.peg.2370.site.11, 39, 97, 136
349741.6.peg.2370.site.12, 2, 97, 99
349741.6.peg.2370.site.13, 24, 97, 121
349741.6.peg.2370.site.14, 11, 97, 108
349741.6.peg.2370.site.15, 24, 97, 121
349741.6.peg.2370.site.16, 2, 97, 99
349741.6.peg.2370.site.17, 0, 97, 97
349741.6.peg.2370.site.18, 2, 97, 99
349741.6.peg.2370.site.19, 58, 97, 155
349741.6.peg.2370.site.20, 14, 97, 111
349741.6.peg.2370.site.21, 95, 97, 192
349741.6.peg.2370.site.22, 20, 97, 117
349741.6.peg.2370.site.23, 97, 97, 194
349741.6.peg.2370.site.24, 3, 97, 100
349741.6.peg.2370.site.25, 39, 97, 136
349741.6.peg.2370.site.26, 13, 97, 110
349741.6.peg.2370.site.27, 3, 97, 100
349741.6.peg.2370.site.28, 7, 97, 104
349741.6.peg.2370.site.29, 2, 94, 96
349741.6.peg.2370.site.30, 2, 97, 99
349741.6.peg.2370.site.31, 8, 96, 104
349741.6.peg.2370.site.32, 40, 97, 137
349741.6.peg.2370.site.33, 40, 97, 137
349741.6.peg.2370.site.34, 13, 96, 109
349741.6.peg.2370.site.35, 40, 96, 136
349741.6.peg.2370.site.36, 29, 97, 126
349741.6.peg.2370.site.37, 13, 97, 110
349741.6.peg.2370.site.38, 26, 95, 121
349741.6.peg.2370.site.39, 5, 97, 102
349741.6.peg.2370.site.40, 11, 95, 106
349741.6.peg.2370.site.41, 7, 91, 98
349741.6.peg.2370.site.42, 40, 92, 132
349741.6.peg.2370.site.43, 49, 94, 143
349741.6.peg.2370.site.44, 12, 96, 108
349741.6.peg.2370.site.45, 1, 97, 98
349741.6.peg.2370.site.46, 2, 95, 97
349741.6.peg.2370.site.47, 4, 87, 91
349741.6.peg.2370.site.48, 14, 89, 103
349741.6.peg.2370.site.49, 3, 87, 90
349741.6.peg.2370.site.50, 0, 88, 88
349741.6.peg.2370.site.51, 9, 95, 104
349741.6.peg.2370.site.52, 12, 96, 108
349741.6.peg.2370.site.53, 40, 97, 137
349741.6.peg.2370.site.54, 32, 96, 128
349741.6.peg.2370.site.55, 15, 96, 111
349741.6.peg.2370.site.56, 1, 84, 85
349741.6.peg.2370.site.57, 1, 77, 78
349741.6.peg.2370.site.58, 39, 61, 100
349741.6.peg.2370.site.59, 24, 63, 87
349741.6.peg.2370.site.60, 25, 64, 89
349741.6.peg.2370.site.61, 80, 92, 172
349741.6.peg.2370.site.62, 2, 97, 99
349741.6.peg.2370.site.63, 66, 96, 162
349741.6.peg.2370.site.64, 38, 68, 106
349741.6.peg.2370.site.65, 20, 50, 70
349741.6.peg.2373.site.1, 76, 96, 172
349741.6.peg.2373.site.2, 24, 97, 121
349741.6.peg.2373.site.3, 15, 97, 112
349741.6.peg.2373.site.4, 2, 97, 99
349741.6.peg.2373.site.5, 2, 97, 99
349741.6.peg.2373.site.6, 68, 96, 164
349741.6.peg.2373.site.7, 81, 96, 177
349741.6.peg.2373.site.8, 82, 95, 177
349741.6.peg.2373.site.9, 79, 94, 173
349741.6.peg.2373.site.10, 3, 97, 100
349741.6.peg.2373.site.11, 2, 96, 98
349741.6.peg.2373.site.12, 5, 97, 102
349741.6.peg.2373.site.13, 30, 97, 127
349741.6.peg.2373.site.14, 7, 97, 104
349741.6.peg.2372.site.1, 46, 72, 118
349741.6.peg.2372.site.2, 66, 74, 140
349741.6.peg.2372.site.3, 27, 94, 121
349741.6.peg.2372.site.4, 28, 95, 123
349741.6.peg.2372.site.5, 48, 93, 141
349741.6.peg.2372.site.6, 25, 95, 120
349741.6.peg.2372.site.7, 17, 97, 114
349741.6.peg.2372.site.8, 29, 96, 125
349741.6.peg.2372.site.9, 29, 95, 124
349741.6.peg.2372.site.10, 26, 90, 116
349741.6.peg.2372.site.11, 32, 86, 118
349741.6.peg.2372.site.12, 28, 83, 111
349741.6.peg.2372.site.13, 3, 84, 87
349741.6.peg.2372.site.14, 42, 86, 128
349741.6.peg.2372.site.15, 48, 94, 142
349741.6.peg.2372.site.16, 29, 96, 125
349741.6.peg.2372.site.17, 2, 97, 99
349741.6.peg.2372.site.18, 3, 97, 100
349741.6.peg.2372.site.19, 36, 95, 131
349741.6.peg.2372.site.20, 93, 93, 186
349741.6.peg.2372.site.21, 84, 86, 170
349741.6.peg.2372.site.22, 26, 86, 112
349741.6.peg.2372.site.23, 16, 76, 92
349741.6.peg.2372.site.24, 1, 58, 59
349741.6.peg.2372.site.25, 23, 45, 68
349741.6.peg.2372.site.26, 18, 49, 67
349741.6.peg.2372.site.27, 12, 44, 56
349741.6.peg.2372.site.28, 1, 65, 66
349741.6.peg.2372.site.29, 5, 69, 74
349741.6.peg.2372.site.30, 35, 71, 106
349741.6.peg.2372.site.31, 4, 77, 81
349741.6.peg.2372.site.32, 73, 75, 148
349741.6.peg.2372.site.33, 75, 76, 151
349741.6.peg.2372.site.34, 33, 92, 125
349741.6.peg.2372.site.35, 32, 91, 123
349741.6.peg.2372.site.36, 36, 91, 127
349741.6.peg.2372.site.37, 28, 85, 113
349741.6.peg.2372.site.38, 84, 84, 168
349741.6.peg.2372.site.39, 7, 76, 83
349741.6.peg.2372.site.40, 15, 74, 89
349741.6.peg.2372.site.41, 34, 80, 114
349741.6.peg.2372.site.42, 6, 67, 73
349741.6.peg.2372.site.43, 2, 62, 64
349741.6.peg.2372.site.44, 1, 60, 61
349741.6.peg.2372.site.45, 65, 65, 130
349741.6.peg.2372.site.46, 60, 76, 136
349741.6.peg.2372.site.47, 59, 95, 154
349741.6.peg.2372.site.48, 60, 95, 155
349741.6.peg.2372.site.49, 37, 97, 134
349741.6.peg.2372.site.50, 36, 96, 132
349741.6.peg.2372.site.51, 36, 96, 132
349741.6.peg.2372.site.52, 13, 96, 109
349741.6.peg.2372.site.53, 37, 97, 134
349741.6.peg.2372.site.54, 13, 97, 110
349741.6.peg.2372.site.55, 33, 93, 126
349741.6.peg.2372.site.56, 7, 89, 96
349741.6.peg.2372.site.57, 4, 65, 69
349741.6.peg.2372.site.58, 45, 60, 105
349741.6.peg.2372.site.59, 46, 61, 107
349741.6.peg.2372.site.60, 3, 69, 72
349741.6.peg.2372.site.61, 45, 70, 115
349741.6.peg.2372.site.62, 26, 72, 98
349741.6.peg.2372.site.63, 26, 66, 92
349741.6.peg.2372.site.64, 2, 49, 51
349741.6.peg.2372.site.65, 30, 44, 74
349741.6.peg.2372.site.66, 14, 34, 48
349741.6.peg.2372.site.67, 13, 32, 45
349741.6.peg.2372.site.68, 5, 27, 32
349741.6.peg.2372.site.69, 45, 95, 140
349741.6.peg.2372.site.70, 81, 96, 177
349741.6.peg.2372.site.71, 45, 97, 142
349741.6.peg.2372.site.72, 37, 97, 134
349741.6.peg.2372.site.73, 15, 97, 112
349741.6.peg.2372.site.74, 20, 97, 117
349741.6.peg.2372.site.75, 37, 97, 134
349741.6.peg.2372.site.76, 37, 96, 133
349741.6.peg.2372.site.77, 40, 97, 137
349741.6.peg.2372.site.78, 2, 97, 99
349741.6.peg.2372.site.79, 0, 96, 96
349741.6.peg.2372.site.80, 45, 97, 142
349741.6.peg.2372.site.81, 22, 95, 117
349741.6.peg.2372.site.82, 36, 96, 132
349741.6.peg.2372.site.83, 34, 94, 128
349741.6.peg.2372.site.84, 34, 94, 128
349741.6.peg.2372.site.85, 63, 78, 141
349741.6.peg.2372.site.86, 20, 67, 87
349741.6.peg.2372.site.87, 42, 60, 102
349741.6.peg.2372.site.88, 3, 63, 66
349741.6.peg.2372.site.89, 54, 69, 123
349741.6.peg.2372.site.90, 29, 89, 118
349741.6.peg.2372.site.91, 5, 65, 70
349741.6.peg.2372.site.92, 5, 63, 68
349741.6.peg.2372.site.93, 1, 62, 63
349741.6.peg.2372.site.94, 7, 61, 68
349741.6.peg.2372.site.95, 5, 73, 78
349741.6.peg.2372.site.96, 2, 75, 77
349741.6.peg.2372.site.97, 23, 82, 105
349741.6.peg.2375.site.1, 9, 97, 106
349741.6.peg.2375.site.2, 8, 97, 105
349741.6.peg.2375.site.3, 5, 97, 102
349741.6.peg.2375.site.4, 93, 97, 190
349741.6.peg.2375.site.5, 47, 97, 144
349741.6.peg.2375.site.6, 0, 96, 96
349741.6.peg.2375.site.7, 49, 97, 146
349741.6.peg.2375.site.8, 47, 97, 144
349741.6.peg.2377.site.1, 0, 96, 96
349741.6.peg.2377.site.2, 21, 92, 113
349741.6.peg.2377.site.3, 2, 93, 95
349741.6.peg.2377.site.4, 93, 95, 188
349741.6.peg.2377.site.5, 29, 96, 125
349741.6.peg.2377.site.6, 3, 97, 100
349741.6.peg.2377.site.7, 2, 97, 99
349741.6.peg.2377.site.8, 97, 97, 194
349741.6.peg.2377.site.9, 0, 90, 90
349741.6.peg.2377.site.10, 0, 88, 88
349741.6.peg.2377.site.11, 4, 95, 99
349741.6.peg.2377.site.12, 0, 92, 92
349741.6.peg.2377.site.13, 0, 97, 97
349741.6.peg.2377.site.14, 0, 97, 97
349741.6.peg.2377.site.15, 1, 97, 98
349741.6.peg.2377.site.16, 29, 97, 126
349741.6.peg.2377.site.17, 0, 97, 97
349741.6.peg.2377.site.18, 29, 97, 126
349741.6.peg.2377.site.19, 91, 97, 188
349741.6.peg.2377.site.20, 10, 97, 107
349741.6.peg.2377.site.21, 28, 96, 124
349741.6.peg.2377.site.22, 29, 97, 126
349741.6.peg.2377.site.23, 29, 97, 126
349741.6.peg.2377.site.24, 29, 97, 126
349741.6.peg.2377.site.25, 29, 97, 126
349741.6.peg.2377.site.26, 17, 97, 114
349741.6.peg.2377.site.27, 1, 97, 98
349741.6.peg.2377.site.28, 0, 93, 93
349741.6.peg.2377.site.29, 3, 97, 100
349741.6.peg.2377.site.30, 75, 97, 172
349741.6.peg.2377.site.31, 92, 97, 189
349741.6.peg.2377.site.32, 64, 95, 159
349741.6.peg.2377.site.33, 29, 96, 125
349741.6.peg.2377.site.34, 29, 95, 124
349741.6.peg.2377.site.35, 33, 89, 122
349741.6.peg.2377.site.36, 19, 89, 108
349741.6.peg.2377.site.37, 79, 92, 171
349741.6.peg.2377.site.38, 21, 93, 114
349741.6.peg.2377.site.39, 2, 95, 97
349741.6.peg.2377.site.40, 5, 90, 95
349741.6.peg.2377.site.41, 23, 91, 114
349741.6.peg.2377.site.42, 25, 86, 111
349741.6.peg.2377.site.43, 1, 71, 72
349741.6.peg.2377.site.44, 8, 65, 73
349741.6.peg.2377.site.45, 0, 55, 55
349741.6.peg.2377.site.46, 52, 52, 104
349741.6.peg.2377.site.47, 6, 6, 12
349741.6.peg.2377.site.48, 28, 29, 57
349741.6.peg.2377.site.49, 36, 36, 72
349741.6.peg.2377.site.50, 13, 79, 92
349741.6.peg.2377.site.51, 80, 80, 160
349741.6.peg.2376.site.1, 97, 97, 194
349741.6.peg.2376.site.2, 63, 96, 159
349741.6.peg.2376.site.3, 19, 86, 105
349741.6.peg.2376.site.4, 81, 81, 162
349741.6.peg.2376.site.5, 1, 78, 79
349741.6.peg.2376.site.6, 1, 95, 96
349741.6.peg.2376.site.7, 28, 96, 124
349741.6.peg.2376.site.8, 7, 96, 103
349741.6.peg.2376.site.9, 8, 97, 105
349741.6.peg.2376.site.10, 29, 97, 126
349741.6.peg.2376.site.11, 29, 97, 126
349741.6.peg.2376.site.12, 2, 97, 99
349741.6.peg.2376.site.13, 29, 97, 126
349741.6.peg.2376.site.14, 29, 97, 126
349741.6.peg.2376.site.15, 28, 97, 125
349741.6.peg.2376.site.16, 35, 97, 132
349741.6.peg.2379.site.1, 64, 97, 161
349741.6.peg.2379.site.2, 7, 97, 104
349741.6.peg.2379.site.3, 10, 97, 107
349741.6.peg.2379.site.4, 10, 97, 107
349741.6.peg.2379.site.5, 87, 97, 184
349741.6.peg.2379.site.6, 2, 92, 94
349741.6.peg.2379.site.7, 2, 92, 94
349741.6.peg.2379.site.8, 9, 92, 101
349741.6.peg.2379.site.9, 87, 97, 184
349741.6.peg.2379.site.10, 75, 97, 172
349741.6.peg.2379.site.11, 11, 97, 108
349741.6.peg.2379.site.12, 16, 97, 113
349741.6.peg.2379.site.13, 61, 92, 153
349741.6.peg.2379.site.14, 3, 93, 96
349741.6.peg.2379.site.15, 25, 93, 118
349741.6.peg.2379.site.16, 20, 89, 109
349741.6.peg.2379.site.17, 59, 78, 137
349741.6.peg.2379.site.18, 12, 81, 93
349741.6.peg.2379.site.19, 12, 79, 91
349741.6.peg.2379.site.20, 1, 81, 82
349741.6.peg.2418.site.1, 3, 97, 100
349741.6.peg.2418.site.2, 81, 97, 178
349741.6.peg.2418.site.3, 7, 97, 104
349741.6.peg.2418.site.4, 3, 97, 100
349741.6.peg.2418.site.5, 57, 97, 154
349741.6.peg.2418.site.6, 0, 97, 97
349741.6.peg.2418.site.7, 97, 97, 194
349741.6.peg.2418.site.8, 1, 97, 98
349741.6.peg.2418.site.9, 1, 95, 96
349741.6.peg.2418.site.10, 94, 96, 190
349741.6.peg.2418.site.11, 1, 97, 98
349741.6.peg.2418.site.12, 12, 96, 108
349741.6.peg.2418.site.13, 80, 96, 176
349741.6.peg.2415.site.1, 7, 24, 31
349741.6.peg.2415.site.2, 6, 24, 30
349741.6.peg.2415.site.3, 8, 23, 31
349741.6.peg.2415.site.4, 1, 54, 55
349741.6.peg.2415.site.5, 38, 64, 102
349741.6.peg.2415.site.6, 24, 96, 120
349741.6.peg.2415.site.7, 6, 97, 103
349741.6.peg.2415.site.8, 2, 97, 99
349741.6.peg.2415.site.9, 2, 90, 92
349741.6.peg.2415.site.10, 32, 59, 91
349741.6.peg.2415.site.11, 30, 57, 87
349741.6.peg.2415.site.12, 37, 38, 75
349741.6.peg.2415.site.13, 8, 35, 43
349741.6.peg.2415.site.14, 6, 33, 39
349741.6.peg.2415.site.15, 0, 33, 33
349741.6.peg.2415.site.16, 87, 94, 181
349741.6.peg.2415.site.17, 2, 96, 98
349741.6.peg.2415.site.18, 4, 96, 100
349741.6.peg.2415.site.19, 2, 83, 85
349741.6.peg.2415.site.20, 75, 82, 157
349741.6.peg.2415.site.21, 1, 83, 84
349741.6.peg.2415.site.22, 1, 97, 98
349741.6.peg.2415.site.23, 9, 96, 105
349741.6.peg.2415.site.24, 9, 97, 106
349741.6.peg.2415.site.25, 7, 95, 102
349741.6.peg.2415.site.26, 11, 85, 96
349741.6.peg.2415.site.27, 8, 87, 95
349741.6.peg.2415.site.28, 8, 71, 79
349741.6.peg.2415.site.29, 1, 60, 61
349741.6.peg.2415.site.30, 25, 46, 71
349741.6.peg.2415.site.31, 1, 35, 36
349741.6.peg.2415.site.32, 1, 29, 30
349741.6.peg.2415.site.33, 12, 29, 41
349741.6.peg.2415.site.34, 15, 17, 32
349741.6.peg.2416.site.1, 1, 90, 91
349741.6.peg.2416.site.2, 74, 90, 164
349741.6.peg.2416.site.3, 4, 90, 94
349741.6.peg.2416.site.4, 1, 93, 94
349741.6.peg.2416.site.5, 8, 95, 103
349741.6.peg.2416.site.6, 14, 30, 44
349741.6.peg.2416.site.7, 5, 30, 35
349741.6.peg.2416.site.8, 9, 88, 97
349741.6.peg.2416.site.9, 78, 94, 172
349741.6.peg.2416.site.10, 2, 94, 96
349741.6.peg.2416.site.11, 13, 96, 109
349741.6.peg.2416.site.12, 1, 96, 97
349741.6.peg.2416.site.13, 16, 97, 113
349741.6.peg.2416.site.14, 81, 97, 178
349741.6.peg.2416.site.15, 81, 97, 178
349741.6.peg.2416.site.16, 12, 97, 109
349741.6.peg.2416.site.17, 3, 96, 99
349741.6.peg.2416.site.18, 81, 96, 177
349741.6.peg.2416.site.19, 77, 92, 169
349741.6.peg.2416.site.20, 76, 92, 168
349741.6.peg.2416.site.21, 77, 93, 170
349741.6.peg.2416.site.22, 75, 91, 166
349741.6.peg.2416.site.23, 79, 95, 174
349741.6.peg.2416.site.24, 14, 95, 109
349741.6.peg.2416.site.25, 44, 87, 131
349741.6.peg.2416.site.26, 1, 74, 75
349741.6.peg.2416.site.27, 21, 75, 96
349741.6.peg.2416.site.28, 58, 72, 130
349741.6.peg.2416.site.29, 55, 70, 125
349741.6.peg.2416.site.30, 60, 76, 136
349741.6.peg.2416.site.31, 2, 93, 95
349741.6.peg.2416.site.32, 81, 95, 176
349741.6.peg.2416.site.33, 86, 89, 175
349741.6.peg.2416.site.34, 70, 86, 156
349741.6.peg.2416.site.35, 56, 72, 128
349741.6.peg.2417.site.1, 3, 88, 91
349741.6.peg.2417.site.2, 73, 89, 162
349741.6.peg.2417.site.3, 13, 85, 98
349741.6.peg.2417.site.4, 72, 88, 160
349741.6.peg.2417.site.5, 92, 94, 186
349741.6.peg.2417.site.6, 79, 95, 174
349741.6.peg.2417.site.7, 78, 94, 172
349741.6.peg.2417.site.8, 25, 94, 119
349741.6.peg.2417.site.9, 85, 88, 173
349741.6.peg.2417.site.10, 73, 76, 149
349741.6.peg.2417.site.11, 74, 90, 164
349741.6.peg.2417.site.12, 6, 97, 103
349741.6.peg.2417.site.13, 91, 97, 188
349741.6.peg.2417.site.14, 3, 97, 100
349741.6.peg.2417.site.15, 81, 97, 178
349741.6.peg.2417.site.16, 0, 97, 97
349741.6.peg.2417.site.17, 0, 97, 97
349741.6.peg.16.site.1, 30, 96, 126
349741.6.peg.16.site.2, 89, 97, 186
349741.6.peg.16.site.3, 61, 97, 158
349741.6.peg.16.site.4, 8, 96, 104
349741.6.peg.16.site.5, 1, 91, 92
349741.6.peg.16.site.6, 23, 96, 119
349741.6.peg.16.site.7, 24, 97, 121
349741.6.peg.16.site.8, 97, 97, 194
349741.6.peg.16.site.9, 69, 97, 166
349741.6.peg.16.site.10, 24, 97, 121
349741.6.peg.16.site.11, 8, 97, 105
349741.6.peg.16.site.12, 68, 96, 164
349741.6.peg.16.site.13, 59, 93, 152
349741.6.peg.16.site.14, 66, 94, 160
349741.6.peg.16.site.15, 4, 91, 95
349741.6.peg.16.site.16, 66, 90, 156
349741.6.peg.16.site.17, 8, 75, 83
349741.6.peg.16.site.18, 6, 76, 82
349741.6.peg.16.site.19, 4, 42, 46
349741.6.peg.16.site.20, 3, 31, 34
349741.6.peg.2412.site.1, 6, 36, 42
349741.6.peg.2412.site.2, 7, 34, 41
349741.6.peg.2412.site.3, 44, 67, 111
349741.6.peg.2412.site.4, 3, 71, 74
349741.6.peg.2412.site.5, 3, 93, 96
349741.6.peg.2412.site.6, 80, 95, 175
349741.6.peg.2412.site.7, 1, 95, 96
349741.6.peg.2412.site.8, 4, 95, 99
349741.6.peg.2412.site.9, 9, 93, 102
349741.6.peg.2412.site.10, 5, 95, 100
349741.6.peg.2412.site.11, 6, 72, 78
349741.6.peg.2412.site.12, 20, 36, 56
349741.6.peg.2412.site.13, 19, 40, 59
349741.6.peg.2412.site.14, 29, 40, 69
349741.6.peg.2412.site.15, 50, 95, 145
349741.6.peg.2412.site.16, 17, 94, 111
349741.6.peg.2412.site.17, 56, 72, 128
349741.6.peg.2412.site.18, 37, 62, 99
349741.6.peg.2412.site.19, 2, 40, 42
349741.6.peg.2412.site.20, 20, 28, 48
349741.6.peg.2412.site.21, 7, 24, 31
349741.6.peg.2412.site.22, 42, 58, 100
349741.6.peg.2412.site.23, 50, 58, 108
349741.6.peg.2412.site.24, 5, 54, 59
349741.6.peg.2412.site.25, 39, 55, 94
349741.6.peg.2412.site.26, 16, 32, 48
349741.6.peg.2412.site.27, 6, 24, 30
349741.6.peg.2412.site.28, 7, 18, 25
349741.6.peg.2412.site.29, 1, 17, 18
349741.6.peg.2412.site.30, 5, 16, 21
349741.6.peg.2412.site.31, 1, 16, 17
349741.6.peg.2412.site.32, 7, 15, 22
349741.6.peg.2412.site.33, 4, 15, 19
349741.6.peg.2412.site.34, 14, 14, 28
349741.6.peg.2412.site.35, 6, 14, 20
349741.6.peg.2412.site.36, 5, 15, 20
349741.6.peg.2412.site.37, 5, 17, 22
349741.6.peg.2412.site.38, 1, 16, 17
349741.6.peg.2412.site.39, 5, 18, 23
349741.6.peg.2412.site.40, 2, 18, 20
349741.6.peg.2412.site.41, 1, 17, 18
349741.6.peg.2412.site.42, 4, 20, 24
349741.6.peg.2412.site.43, 7, 23, 30
349741.6.peg.2412.site.44, 3, 50, 53
349741.6.peg.2412.site.45, 44, 60, 104
349741.6.peg.2412.site.46, 1, 61, 62
349741.6.peg.2412.site.47, 5, 21, 26
349741.6.peg.2412.site.48, 3, 19, 22
349741.6.peg.2412.site.49, 3, 14, 17
349741.6.peg.2412.site.50, 4, 14, 18
349741.6.peg.2412.site.51, 5, 14, 19
349741.6.peg.2412.site.52, 6, 14, 20
349741.6.peg.2412.site.53, 6, 14, 20
349741.6.peg.2412.site.54, 5, 23, 28
349741.6.peg.2412.site.55, 29, 45, 74
349741.6.peg.2412.site.56, 71, 87, 158
349741.6.peg.2412.site.57, 5, 89, 94
349741.6.peg.2413.site.1, 6, 14, 20
349741.6.peg.2413.site.2, 6, 14, 20
349741.6.peg.2413.site.3, 71, 90, 161
349741.6.peg.2413.site.4, 6, 88, 94
349741.6.peg.2413.site.5, 8, 63, 71
349741.6.peg.2413.site.6, 8, 24, 32
349741.6.peg.2413.site.7, 2, 17, 19
349741.6.peg.2413.site.8, 2, 8, 10
349741.6.peg.2413.site.9, 1, 11, 12
349741.6.peg.2413.site.10, 1, 13, 14
349741.6.peg.2413.site.11, 6, 14, 20
349741.6.peg.2413.site.12, 3, 14, 17
349741.6.peg.2413.site.13, 1, 8, 9
349741.6.peg.2413.site.14, 1, 9, 10
349741.6.peg.2413.site.15, 2, 9, 11
349741.6.peg.2413.site.16, 2, 9, 11
349741.6.peg.2413.site.17, 1, 10, 11
349741.6.peg.2413.site.18, 3, 26, 29
349741.6.peg.2413.site.19, 1, 23, 24
349741.6.peg.2413.site.20, 7, 23, 30
349741.6.peg.2413.site.21, 6, 22, 28
349741.6.peg.2413.site.22, 7, 23, 30
349741.6.peg.2413.site.23, 13, 30, 43
349741.6.peg.2413.site.24, 2, 78, 80
349741.6.peg.2413.site.25, 6, 73, 79
349741.6.peg.2413.site.26, 49, 66, 115
349741.6.peg.2413.site.27, 9, 26, 35
349741.6.peg.2413.site.28, 6, 23, 29
349741.6.peg.2413.site.29, 3, 27, 30
349741.6.peg.2413.site.30, 5, 36, 41
349741.6.peg.2413.site.31, 38, 55, 93
349741.6.peg.2413.site.32, 1, 65, 66
349741.6.peg.2413.site.33, 52, 59, 111
349741.6.peg.2413.site.34, 37, 47, 84
349741.6.peg.2413.site.35, 15, 18, 33
349741.6.peg.2413.site.36, 4, 21, 25
349741.6.peg.2413.site.37, 8, 21, 29
349741.6.peg.2413.site.38, 1, 22, 23
349741.6.peg.2413.site.39, 5, 20, 25
349741.6.peg.2413.site.40, 1, 22, 23
349741.6.peg.2413.site.41, 6, 21, 27
349741.6.peg.2413.site.42, 3, 19, 22
349741.6.peg.2413.site.43, 5, 19, 24
349741.6.peg.2413.site.44, 1, 18, 19
349741.6.peg.2413.site.45, 6, 17, 23
349741.6.peg.2413.site.46, 5, 17, 22
349741.6.peg.2413.site.47, 1, 16, 17
349741.6.peg.2413.site.48, 2, 16, 18
349741.6.peg.2413.site.49, 1, 17, 18
349741.6.peg.2413.site.50, 1, 17, 18
349741.6.peg.2413.site.51, 4, 16, 20
349741.6.peg.2413.site.52, 2, 16, 18
349741.6.peg.2413.site.53, 7, 16, 23
349741.6.peg.2413.site.54, 3, 16, 19
349741.6.peg.2413.site.55, 14, 30, 44
349741.6.peg.2413.site.56, 34, 49, 83
349741.6.peg.2413.site.57, 6, 56, 62
349741.6.peg.2413.site.58, 36, 51, 87
349741.6.peg.2413.site.59, 33, 50, 83
349741.6.peg.2413.site.60, 21, 38, 59
349741.6.peg.2413.site.61, 17, 34, 51
349741.6.peg.2413.site.62, 5, 21, 26
349741.6.peg.2413.site.63, 1, 23, 24
349741.6.peg.2413.site.64, 3, 20, 23
349741.6.peg.2413.site.65, 3, 19, 22
349741.6.peg.2413.site.66, 3, 17, 20
349741.6.peg.2413.site.67, 36, 49, 85
349741.6.peg.2413.site.68, 40, 54, 94
349741.6.peg.2413.site.69, 55, 62, 117
349741.6.peg.2413.site.70, 18, 86, 104
349741.6.peg.2413.site.71, 10, 83, 93
349741.6.peg.2413.site.72, 21, 85, 106
349741.6.peg.2413.site.73, 13, 73, 86
349741.6.peg.2413.site.74, 67, 78, 145
349741.6.peg.2413.site.75, 43, 88, 131
349741.6.peg.2413.site.76, 47, 90, 137
349741.6.peg.2413.site.77, 29, 46, 75
349741.6.peg.2413.site.78, 3, 37, 40
349741.6.peg.2413.site.79, 16, 33, 49
349741.6.peg.2413.site.80, 3, 32, 35
349741.6.peg.2413.site.81, 17, 29, 46
349741.6.peg.2413.site.82, 12, 40, 52
349741.6.peg.2413.site.83, 23, 52, 75
349741.6.peg.2413.site.84, 29, 73, 102
349741.6.peg.2413.site.85, 15, 84, 99
349741.6.peg.2413.site.86, 60, 90, 150
349741.6.peg.2413.site.87, 62, 91, 153
349741.6.peg.2413.site.88, 17, 95, 112
349741.6.peg.2413.site.89, 2, 84, 86
349741.6.peg.2413.site.90, 1, 55, 56
349741.6.peg.2413.site.91, 3, 33, 36
349741.6.peg.2413.site.92, 1, 31, 32
349741.6.peg.2413.site.93, 2, 31, 33
349741.6.peg.2413.site.94, 2, 42, 44
349741.6.peg.2413.site.95, 18, 47, 65
349741.6.peg.2413.site.96, 17, 56, 73
349741.6.peg.2413.site.97, 13, 80, 93
349741.6.peg.2413.site.98, 54, 84, 138
349741.6.peg.2413.site.99, 15, 73, 88
349741.6.peg.2413.site.100, 28, 73, 101
349741.6.peg.2413.site.101, 2, 61, 63
349741.6.peg.2413.site.102, 1, 31, 32
349741.6.peg.2413.site.103, 4, 30, 34
349741.6.peg.2413.site.104, 10, 31, 41
349741.6.peg.2413.site.105, 2, 41, 43
349741.6.peg.2413.site.106, 6, 44, 50
349741.6.peg.2413.site.107, 32, 61, 93
349741.6.peg.2413.site.108, 52, 81, 133
349741.6.peg.2413.site.109, 35, 65, 100
349741.6.peg.2413.site.110, 57, 68, 125
349741.6.peg.2413.site.111, 4, 73, 77
349741.6.peg.2413.site.112, 47, 72, 119
349741.6.peg.2413.site.113, 75, 76, 151
349741.6.peg.2413.site.114, 4, 93, 97
349741.6.peg.2413.site.115, 3, 94, 97
349741.6.peg.2413.site.116, 78, 95, 173
349741.6.peg.2413.site.117, 53, 95, 148
349741.6.peg.2413.site.118, 5, 96, 101
349741.6.peg.2413.site.119, 21, 96, 117
349741.6.peg.2413.site.120, 90, 91, 181
349741.6.peg.2413.site.121, 87, 88, 175
349741.6.peg.2413.site.122, 4, 76, 80
349741.6.peg.2413.site.123, 5, 63, 68
349741.6.peg.2413.site.124, 12, 37, 49
349741.6.peg.2413.site.125, 9, 34, 43
349741.6.peg.2413.site.126, 5, 30, 35
349741.6.peg.2413.site.127, 1, 25, 26
349741.6.peg.2413.site.128, 3, 28, 31
349741.6.peg.2413.site.129, 1, 58, 59
349741.6.peg.2413.site.130, 2, 27, 29
349741.6.peg.2413.site.131, 4, 27, 31
349741.6.peg.2413.site.132, 14, 29, 43
349741.6.peg.2413.site.133, 18, 35, 53
349741.6.peg.2413.site.134, 21, 47, 68
349741.6.peg.2413.site.135, 60, 85, 145
349741.6.peg.2413.site.136, 1, 87, 88
349741.6.peg.2413.site.137, 31, 56, 87
349741.6.peg.378.site.1, 60, 90, 150
349741.6.peg.378.site.2, 58, 89, 147
349741.6.peg.378.site.3, 93, 94, 187
349741.6.peg.378.site.4, 10, 91, 101
349741.6.peg.378.site.5, 54, 85, 139
349741.6.peg.378.site.6, 13, 44, 57
349741.6.peg.378.site.7, 33, 64, 97
349741.6.peg.378.site.8, 2, 93, 95
349741.6.peg.378.site.9, 58, 89, 147
349741.6.peg.378.site.10, 1, 88, 89
349741.6.peg.378.site.11, 55, 87, 142
349741.6.peg.378.site.12, 16, 90, 106
349741.6.peg.378.site.13, 6, 93, 99
349741.6.peg.378.site.14, 1, 94, 95
349741.6.peg.378.site.15, 92, 93, 185
349741.6.peg.378.site.16, 64, 95, 159
349741.6.peg.378.site.17, 65, 97, 162
349741.6.peg.378.site.18, 54, 97, 151
349741.6.peg.378.site.19, 4, 94, 98
349741.6.peg.378.site.20, 19, 92, 111
349741.6.peg.378.site.21, 1, 85, 86
349741.6.peg.378.site.22, 68, 84, 152
349741.6.peg.379.site.1, 8, 69, 77
349741.6.peg.379.site.2, 1, 52, 53
349741.6.peg.379.site.3, 1, 53, 54
349741.6.peg.379.site.4, 63, 68, 131
349741.6.peg.379.site.5, 52, 71, 123
349741.6.peg.379.site.6, 2, 69, 71
349741.6.peg.379.site.7, 1, 71, 72
349741.6.peg.379.site.8, 5, 73, 78
349741.6.peg.379.site.9, 2, 81, 83
349741.6.peg.379.site.10, 3, 96, 99
349741.6.peg.379.site.11, 7, 96, 103
349741.6.peg.379.site.12, 16, 95, 111
349741.6.peg.379.site.13, 17, 96, 113
349741.6.peg.379.site.14, 11, 96, 107
349741.6.peg.379.site.15, 37, 96, 133
349741.6.peg.379.site.16, 50, 96, 146
349741.6.peg.379.site.17, 46, 96, 142
349741.6.peg.379.site.18, 35, 96, 131
349741.6.peg.379.site.19, 7, 96, 103
349741.6.peg.379.site.20, 2, 96, 98
349741.6.peg.379.site.21, 1, 95, 96
349741.6.peg.379.site.22, 73, 81, 154
349741.6.peg.379.site.23, 38, 90, 128
349741.6.peg.379.site.24, 44, 97, 141
349741.6.peg.379.site.25, 1, 96, 97
349741.6.peg.379.site.26, 1, 97, 98
349741.6.peg.379.site.27, 44, 97, 141
349741.6.peg.379.site.28, 1, 97, 98
349741.6.peg.379.site.29, 1, 97, 98
349741.6.peg.379.site.30, 0, 97, 97
349741.6.peg.379.site.31, 44, 97, 141
349741.6.peg.379.site.32, 1, 96, 97
349741.6.peg.379.site.33, 34, 96, 130
349741.6.peg.379.site.34, 1, 97, 98
349741.6.peg.379.site.35, 1, 97, 98
349741.6.peg.379.site.36, 46, 97, 143
349741.6.peg.379.site.37, 1, 97, 98
349741.6.peg.379.site.38, 45, 96, 141
349741.6.peg.379.site.39, 6, 96, 102
349741.6.peg.379.site.40, 34, 97, 131
349741.6.peg.379.site.41, 12, 97, 109
349741.6.peg.379.site.42, 12, 96, 108
349741.6.peg.379.site.43, 28, 93, 121
349741.6.peg.379.site.44, 12, 95, 107
349741.6.peg.379.site.45, 1, 93, 94
349741.6.peg.379.site.46, 2, 95, 97
349741.6.peg.379.site.47, 34, 94, 128
349741.6.peg.379.site.48, 2, 90, 92
349741.6.peg.379.site.49, 11, 93, 104
349741.6.peg.379.site.50, 44, 93, 137
349741.6.peg.379.site.51, 2, 87, 89
349741.6.peg.379.site.52, 1, 86, 87
349741.6.peg.379.site.53, 2, 86, 88
349741.6.peg.379.site.54, 2, 94, 96
349741.6.peg.379.site.55, 86, 96, 182
349741.6.peg.379.site.56, 1, 94, 95
349741.6.peg.379.site.57, 4, 95, 99
349741.6.peg.379.site.58, 46, 96, 142
349741.6.peg.379.site.59, 2, 95, 97
349741.6.peg.379.site.60, 2, 95, 97
349741.6.peg.379.site.61, 4, 95, 99
349741.6.peg.379.site.62, 9, 94, 103
349741.6.peg.379.site.63, 3, 88, 91
349741.6.peg.379.site.64, 2, 94, 96
349741.6.peg.379.site.65, 34, 97, 131
349741.6.peg.379.site.66, 8, 97, 105
349741.6.peg.379.site.67, 32, 95, 127
349741.6.peg.379.site.68, 35, 97, 132
349741.6.peg.379.site.69, 11, 96, 107
349741.6.peg.379.site.70, 35, 95, 130
349741.6.peg.379.site.71, 47, 97, 144
349741.6.peg.379.site.72, 41, 96, 137
349741.6.peg.379.site.73, 49, 97, 146
349741.6.peg.379.site.74, 12, 97, 109
349741.6.peg.379.site.75, 5, 97, 102
349741.6.peg.379.site.76, 13, 97, 110
349741.6.peg.379.site.77, 12, 97, 109
349741.6.peg.379.site.78, 33, 97, 130
349741.6.peg.379.site.79, 14, 97, 111
349741.6.peg.379.site.80, 36, 97, 133
349741.6.peg.379.site.81, 11, 97, 108
349741.6.peg.379.site.82, 40, 95, 135
349741.6.peg.379.site.83, 6, 97, 103
349741.6.peg.379.site.84, 1, 95, 96
349741.6.peg.379.site.85, 25, 93, 118
349741.6.peg.379.site.86, 1, 88, 89
349741.6.peg.379.site.87, 0, 95, 95
349741.6.peg.379.site.88, 2, 94, 96
349741.6.peg.379.site.89, 40, 92, 132
349741.6.peg.379.site.90, 90, 90, 180
349741.6.peg.379.site.91, 2, 87, 89
349741.6.peg.1718.site.1, 60, 97, 157
349741.6.peg.1718.site.2, 59, 95, 154
349741.6.peg.1718.site.3, 64, 85, 149
349741.6.peg.1718.site.4, 2, 95, 97
349741.6.peg.1718.site.5, 1, 97, 98
349741.6.peg.1718.site.6, 60, 97, 157
349741.6.peg.1718.site.7, 60, 97, 157
349741.6.peg.1718.site.8, 13, 97, 110
349741.6.peg.1718.site.9, 60, 97, 157
349741.6.peg.1718.site.10, 34, 97, 131
349741.6.peg.1718.site.11, 2, 97, 99
349741.6.peg.1718.site.12, 60, 97, 157
349741.6.peg.1718.site.13, 9, 97, 106
349741.6.peg.1718.site.14, 8, 97, 105
349741.6.peg.1718.site.15, 58, 94, 152
349741.6.peg.1718.site.16, 60, 96, 156
349741.6.peg.1718.site.17, 36, 96, 132
349741.6.peg.1718.site.18, 2, 96, 98
349741.6.peg.1718.site.19, 31, 97, 128
349741.6.peg.1718.site.20, 60, 97, 157
349741.6.peg.1718.site.21, 1, 97, 98
349741.6.peg.1718.site.22, 9, 97, 106
349741.6.peg.1718.site.23, 0, 97, 97
349741.6.peg.1718.site.24, 80, 97, 177
349741.6.peg.1719.site.1, 2, 96, 98
349741.6.peg.1719.site.2, 2, 97, 99
349741.6.peg.1719.site.3, 23, 97, 120
349741.6.peg.1719.site.4, 3, 97, 100
349741.6.peg.1719.site.5, 64, 97, 161
349741.6.peg.1719.site.6, 1, 97, 98
349741.6.peg.1719.site.7, 38, 97, 135
349741.6.peg.1719.site.8, 9, 97, 106
349741.6.peg.1719.site.9, 10, 97, 107
349741.6.peg.1719.site.10, 14, 97, 111
349741.6.peg.1719.site.11, 2, 97, 99
349741.6.peg.1719.site.12, 0, 97, 97
349741.6.peg.1719.site.13, 0, 96, 96
349741.6.peg.1719.site.14, 12, 97, 109
349741.6.peg.1719.site.15, 96, 97, 193
349741.6.peg.1719.site.16, 4, 97, 101
349741.6.peg.1719.site.17, 64, 97, 161
349741.6.peg.1719.site.18, 61, 96, 157
349741.6.peg.1719.site.19, 93, 96, 189
349741.6.peg.1719.site.20, 9, 90, 99
349741.6.peg.1719.site.21, 13, 45, 58
349741.6.peg.1719.site.22, 4, 36, 40
349741.6.peg.1719.site.23, 3, 33, 36
349741.6.peg.1719.site.24, 3, 79, 82
349741.6.peg.1719.site.25, 23, 97, 120
349741.6.peg.1719.site.26, 10, 96, 106
349741.6.peg.1716.site.1, 12, 97, 109
349741.6.peg.1716.site.2, 11, 96, 107
349741.6.peg.1716.site.3, 30, 97, 127
349741.6.peg.1716.site.4, 12, 97, 109
349741.6.peg.1716.site.5, 1, 95, 96
349741.6.peg.1716.site.6, 22, 92, 114
349741.6.peg.1716.site.7, 29, 89, 118
349741.6.peg.1716.site.8, 8, 91, 99
349741.6.peg.1716.site.9, 9, 92, 101
349741.6.peg.1716.site.10, 90, 95, 185
349741.6.peg.1716.site.11, 7, 97, 104
349741.6.peg.1716.site.12, 35, 96, 131
349741.6.peg.1716.site.13, 44, 87, 131
349741.6.peg.1716.site.14, 31, 74, 105
349741.6.peg.1716.site.15, 74, 76, 150
349741.6.peg.1717.site.1, 36, 97, 133
349741.6.peg.1717.site.2, 1, 97, 98
349741.6.peg.1717.site.3, 2, 97, 99
349741.6.peg.1717.site.4, 3, 97, 100
349741.6.peg.1717.site.5, 97, 97, 194
349741.6.peg.1717.site.6, 1, 97, 98
349741.6.peg.1717.site.7, 36, 97, 133
349741.6.peg.1717.site.8, 34, 97, 131
349741.6.peg.1717.site.9, 51, 97, 148
349741.6.peg.1717.site.10, 1, 97, 98
349741.6.peg.1717.site.11, 53, 97, 150
349741.6.peg.1717.site.12, 2, 97, 99
349741.6.peg.1717.site.13, 34, 97, 131
349741.6.peg.1717.site.14, 11, 97, 108
349741.6.peg.1717.site.15, 2, 97, 99
349741.6.peg.1717.site.16, 0, 97, 97
349741.6.peg.1717.site.17, 55, 97, 152
349741.6.peg.1717.site.18, 77, 97, 174
349741.6.peg.1717.site.19, 34, 97, 131
349741.6.peg.1717.site.20, 2, 97, 99
349741.6.peg.1717.site.21, 34, 97, 131
349741.6.peg.1717.site.22, 22, 97, 119
349741.6.peg.1717.site.23, 1, 97, 98
349741.6.peg.1717.site.24, 26, 97, 123
349741.6.peg.1717.site.25, 26, 97, 123
349741.6.peg.1717.site.26, 53, 97, 150
349741.6.peg.1717.site.27, 20, 97, 117
349741.6.peg.1717.site.28, 5, 97, 102
349741.6.peg.1714.site.1, 0, 97, 97
349741.6.peg.1714.site.2, 0, 96, 96
349741.6.peg.1714.site.3, 22, 97, 119
349741.6.peg.1714.site.4, 18, 97, 115
349741.6.peg.1714.site.5, 34, 96, 130
349741.6.peg.1714.site.6, 8, 96, 104
349741.6.peg.1714.site.7, 13, 96, 109
349741.6.peg.1714.site.8, 8, 96, 104
349741.6.peg.1714.site.9, 9, 92, 101
349741.6.peg.1714.site.10, 9, 97, 106
349741.6.peg.1714.site.11, 88, 97, 185
349741.6.peg.1714.site.12, 26, 97, 123
349741.6.peg.1714.site.13, 4, 96, 100
349741.6.peg.1715.site.1, 11, 92, 103
349741.6.peg.217.site.1, 4, 94, 98
349741.6.peg.217.site.2, 1, 95, 96
349741.6.peg.217.site.3, 1, 92, 93
349741.6.peg.217.site.4, 41, 86, 127
349741.6.peg.217.site.5, 66, 66, 132
349741.6.peg.217.site.6, 37, 54, 91
349741.6.peg.1710.site.1, 13, 91, 104
349741.6.peg.1710.site.2, 17, 95, 112
349741.6.peg.1710.site.3, 19, 97, 116
349741.6.peg.1710.site.4, 0, 96, 96
349741.6.peg.1710.site.5, 21, 97, 118
349741.6.peg.1710.site.6, 0, 97, 97
349741.6.peg.1710.site.7, 7, 97, 104
349741.6.peg.1710.site.8, 1, 97, 98
349741.6.peg.1710.site.9, 1, 97, 98
349741.6.peg.1710.site.10, 2, 97, 99
349741.6.peg.1710.site.11, 16, 96, 112
349741.6.peg.1710.site.12, 2, 97, 99
349741.6.peg.1710.site.13, 13, 97, 110
349741.6.peg.1710.site.14, 65, 96, 161
349741.6.peg.1710.site.15, 9, 95, 104
349741.6.peg.1710.site.16, 85, 96, 181
349741.6.peg.1710.site.17, 64, 95, 159
349741.6.peg.1711.site.1, 10, 92, 102
349741.6.peg.1711.site.2, 10, 91, 101
349741.6.peg.1711.site.3, 1, 91, 92
349741.6.peg.1711.site.4, 4, 96, 100
349741.6.peg.1711.site.5, 3, 96, 99
349741.6.peg.1711.site.6, 10, 97, 107
349741.6.peg.1711.site.7, 71, 96, 167
349741.6.peg.1711.site.8, 10, 97, 107
349741.6.peg.1711.site.9, 10, 96, 106
349741.6.peg.1711.site.10, 14, 96, 110
349741.6.peg.1711.site.11, 2, 97, 99
349741.6.peg.1711.site.12, 7, 97, 104
349741.6.peg.1711.site.13, 54, 97, 151
349741.6.peg.216.site.1, 75, 95, 170
349741.6.peg.216.site.2, 4, 97, 101
349741.6.peg.216.site.3, 1, 97, 98
349741.6.peg.216.site.4, 3, 97, 100
349741.6.peg.216.site.5, 1, 97, 98
349741.6.peg.216.site.6, 1, 97, 98
349741.6.peg.216.site.7, 8, 97, 105
349741.6.peg.216.site.8, 33, 94, 127
349741.6.peg.216.site.9, 3, 92, 95
349741.6.peg.216.site.10, 54, 71, 125
349741.6.peg.216.site.11, 80, 97, 177
349741.6.peg.216.site.12, 80, 97, 177
349741.6.peg.216.site.13, 80, 97, 177
349741.6.peg.210.site.1, 4, 97, 101
349741.6.peg.210.site.2, 43, 97, 140
349741.6.peg.210.site.3, 1, 96, 97
349741.6.peg.210.site.4, 67, 97, 164
349741.6.peg.210.site.5, 16, 95, 111
349741.6.peg.210.site.6, 37, 95, 132
349741.6.peg.210.site.7, 69, 95, 164
349741.6.peg.210.site.8, 70, 96, 166
349741.6.peg.210.site.9, 17, 96, 113
349741.6.peg.210.site.10, 0, 96, 96
349741.6.peg.210.site.11, 17, 97, 114
349741.6.peg.210.site.12, 87, 97, 184
349741.6.peg.210.site.13, 1, 97, 98
349741.6.peg.210.site.14, 54, 95, 149
349741.6.peg.210.site.15, 17, 97, 114
349741.6.peg.210.site.16, 10, 97, 107
349741.6.peg.210.site.17, 16, 97, 113
349741.6.peg.212.site.1, 24, 36, 60
349741.6.peg.212.site.2, 3, 29, 32
349741.6.peg.212.site.3, 2, 28, 30
349741.6.peg.212.site.4, 61, 87, 148
349741.6.peg.212.site.5, 63, 89, 152
349741.6.peg.212.site.6, 72, 97, 169
349741.6.peg.212.site.7, 16, 95, 111
349741.6.peg.212.site.8, 93, 93, 186
349741.6.peg.212.site.9, 74, 89, 163
349741.6.peg.212.site.10, 64, 90, 154
349741.6.peg.212.site.11, 24, 24, 48
349741.6.peg.212.site.12, 24, 24, 48
349741.6.peg.212.site.13, 2, 24, 26
349741.6.peg.212.site.14, 3, 27, 30
349741.6.peg.212.site.15, 11, 35, 46
349741.6.peg.212.site.16, 56, 87, 143
349741.6.peg.1002.site.1, 2, 83, 85
349741.6.peg.1002.site.2, 8, 85, 93
349741.6.peg.1002.site.3, 8, 85, 93
349741.6.peg.1002.site.4, 0, 85, 85
349741.6.peg.1002.site.5, 2, 93, 95
349741.6.peg.1002.site.6, 7, 92, 99
349741.6.peg.1002.site.7, 7, 92, 99
349741.6.peg.1002.site.8, 7, 92, 99
349741.6.peg.1002.site.9, 7, 91, 98
349741.6.peg.1002.site.10, 7, 94, 101
349741.6.peg.1002.site.11, 0, 96, 96
349741.6.peg.1002.site.12, 18, 95, 113
349741.6.peg.1002.site.13, 9, 95, 104
349741.6.peg.1002.site.14, 11, 96, 107
349741.6.peg.1002.site.15, 8, 93, 101
349741.6.peg.1002.site.16, 2, 96, 98
349741.6.peg.1002.site.17, 83, 97, 180
349741.6.peg.1002.site.18, 5, 97, 102
349741.6.peg.1002.site.19, 12, 97, 109
349741.6.peg.1002.site.20, 2, 97, 99
349741.6.peg.1002.site.21, 53, 93, 146
349741.6.peg.1002.site.22, 2, 95, 97
349741.6.peg.1002.site.23, 81, 97, 178
349741.6.peg.1002.site.24, 10, 97, 107
349741.6.peg.1002.site.25, 40, 97, 137
349741.6.peg.1002.site.26, 4, 97, 101
349741.6.peg.1002.site.27, 10, 97, 107
349741.6.peg.1002.site.28, 2, 96, 98
349741.6.peg.1000.site.1, 2, 95, 97
349741.6.peg.1000.site.2, 8, 92, 100
349741.6.peg.1000.site.3, 2, 94, 96
349741.6.peg.1000.site.4, 6, 93, 99
349741.6.peg.1000.site.5, 2, 92, 94
349741.6.peg.1000.site.6, 2, 90, 92
349741.6.peg.1000.site.7, 4, 89, 93
349741.6.peg.1001.site.1, 3, 96, 99
349741.6.peg.1001.site.2, 14, 97, 111
349741.6.peg.1001.site.3, 2, 96, 98
349741.6.peg.1007.site.1, 47, 86, 133
349741.6.peg.1007.site.2, 50, 85, 135
349741.6.peg.1007.site.3, 1, 78, 79
349741.6.peg.1007.site.4, 1, 81, 82
349741.6.peg.1007.site.5, 1, 77, 78
349741.6.peg.1007.site.6, 42, 86, 128
349741.6.peg.1007.site.7, 1, 87, 88
349741.6.peg.1007.site.8, 25, 95, 120
349741.6.peg.1007.site.9, 1, 96, 97
349741.6.peg.1007.site.10, 1, 96, 97
349741.6.peg.1007.site.11, 11, 96, 107
349741.6.peg.1007.site.12, 2, 97, 99
349741.6.peg.1007.site.13, 1, 97, 98
349741.6.peg.1007.site.14, 10, 97, 107
349741.6.peg.1007.site.15, 11, 97, 108
349741.6.peg.1007.site.16, 11, 97, 108
349741.6.peg.1004.site.1, 2, 92, 94
349741.6.peg.1004.site.2, 8, 83, 91
349741.6.peg.1004.site.3, 4, 91, 95
349741.6.peg.1004.site.4, 7, 91, 98
349741.6.peg.1004.site.5, 6, 91, 97
349741.6.peg.1004.site.6, 3, 92, 95
349741.6.peg.1004.site.7, 1, 95, 96
349741.6.peg.1004.site.8, 10, 96, 106
349741.6.peg.1004.site.9, 1, 96, 97
349741.6.peg.1004.site.10, 1, 95, 96
349741.6.peg.1004.site.11, 9, 95, 104
349741.6.peg.1004.site.12, 9, 84, 93
349741.6.peg.1004.site.13, 1, 92, 93
349741.6.peg.1004.site.14, 2, 96, 98
349741.6.peg.1004.site.15, 3, 96, 99
349741.6.peg.1004.site.16, 2, 96, 98
349741.6.peg.1004.site.17, 1, 96, 97
349741.6.peg.1004.site.18, 66, 97, 163
349741.6.peg.1004.site.19, 82, 97, 179
349741.6.peg.1004.site.20, 0, 96, 96
349741.6.peg.1004.site.21, 50, 97, 147
349741.6.peg.1004.site.22, 2, 97, 99
349741.6.peg.1004.site.23, 2, 96, 98
349741.6.peg.1004.site.24, 12, 96, 108
349741.6.peg.1004.site.25, 2, 96, 98
349741.6.peg.1004.site.26, 3, 97, 100
349741.6.peg.1004.site.27, 12, 97, 109
349741.6.peg.1004.site.28, 2, 95, 97
349741.6.peg.1004.site.29, 12, 96, 108
349741.6.peg.1004.site.30, 28, 97, 125
349741.6.peg.1004.site.31, 84, 97, 181
349741.6.peg.1004.site.32, 6, 97, 103
349741.6.peg.1005.site.1, 6, 96, 102
349741.6.peg.1005.site.2, 1, 93, 94
349741.6.peg.1005.site.3, 2, 92, 94
349741.6.peg.1005.site.4, 13, 96, 109
349741.6.peg.1005.site.5, 29, 96, 125
349741.6.peg.1005.site.6, 1, 97, 98
349741.6.peg.1005.site.7, 2, 97, 99
349741.6.peg.1005.site.8, 9, 94, 103
349741.6.peg.1005.site.9, 10, 95, 105
349741.6.peg.1005.site.10, 2, 95, 97
349741.6.peg.1005.site.11, 2, 97, 99
349741.6.peg.1005.site.12, 1, 96, 97
349741.6.peg.1005.site.13, 87, 96, 183
349741.6.peg.1005.site.14, 2, 96, 98
349741.6.peg.1005.site.15, 13, 97, 110
349741.6.peg.1005.site.16, 42, 97, 139
349741.6.peg.1005.site.17, 9, 95, 104
349741.6.peg.1005.site.18, 7, 89, 96
349741.6.peg.1005.site.19, 1, 81, 82
349741.6.peg.1005.site.20, 48, 70, 118
349741.6.peg.1005.site.21, 2, 77, 79
349741.6.peg.1005.site.22, 2, 84, 86
349741.6.peg.1005.site.23, 2, 84, 86
349741.6.peg.1005.site.24, 6, 89, 95
349741.6.peg.1005.site.25, 9, 88, 97
349741.6.peg.1005.site.26, 8, 93, 101
349741.6.peg.1005.site.27, 1, 95, 96
349741.6.peg.1005.site.28, 2, 95, 97
349741.6.peg.1005.site.29, 6, 95, 101
349741.6.peg.1005.site.30, 12, 94, 106
349741.6.peg.1005.site.31, 9, 94, 103
349741.6.peg.1005.site.32, 7, 91, 98
349741.6.peg.1005.site.33, 10, 96, 106
349741.6.peg.1005.site.34, 2, 97, 99
349741.6.peg.1005.site.35, 11, 97, 108
349741.6.peg.1005.site.36, 13, 96, 109
349741.6.peg.1005.site.37, 21, 97, 118
349741.6.peg.1005.site.38, 2, 97, 99
349741.6.peg.974.site.1, 1, 97, 98
349741.6.peg.974.site.2, 1, 97, 98
349741.6.peg.974.site.3, 51, 96, 147
349741.6.peg.974.site.4, 52, 97, 149
349741.6.peg.974.site.5, 52, 97, 149
349741.6.peg.974.site.6, 1, 97, 98
349741.6.peg.974.site.7, 5, 97, 102
349741.6.peg.974.site.8, 52, 97, 149
349741.6.peg.974.site.9, 41, 97, 138
349741.6.peg.974.site.10, 25, 97, 122
349741.6.peg.974.site.11, 12, 97, 109
349741.6.peg.974.site.12, 94, 97, 191
349741.6.peg.974.site.13, 0, 97, 97
349741.6.peg.974.site.14, 3, 97, 100
349741.6.peg.974.site.15, 88, 97, 185
349741.6.peg.974.site.16, 0, 97, 97
349741.6.peg.974.site.17, 84, 97, 181
349741.6.peg.974.site.18, 52, 97, 149
349741.6.peg.974.site.19, 2, 97, 99
349741.6.peg.974.site.20, 44, 97, 141
349741.6.peg.974.site.21, 44, 97, 141
349741.6.peg.974.site.22, 4, 97, 101
349741.6.peg.974.site.23, 51, 97, 148
349741.6.peg.974.site.24, 97, 97, 194
349741.6.peg.974.site.25, 28, 97, 125
349741.6.peg.974.site.26, 3, 97, 100
349741.6.peg.974.site.27, 3, 97, 100
349741.6.peg.974.site.28, 39, 96, 135
349741.6.peg.974.site.29, 3, 97, 100
349741.6.peg.974.site.30, 17, 97, 114
349741.6.peg.974.site.31, 42, 97, 139
349741.6.peg.974.site.32, 5, 88, 93
349741.6.peg.974.site.33, 40, 84, 124
349741.6.peg.974.site.34, 0, 93, 93
349741.6.peg.975.site.1, 59, 95, 154
349741.6.peg.975.site.2, 0, 92, 92
349741.6.peg.975.site.3, 20, 81, 101
349741.6.peg.975.site.4, 21, 78, 99
349741.6.peg.975.site.5, 18, 75, 93
349741.6.peg.975.site.6, 7, 79, 86
349741.6.peg.975.site.7, 2, 78, 80
349741.6.peg.975.site.8, 40, 72, 112
349741.6.peg.975.site.9, 13, 70, 83
349741.6.peg.975.site.10, 6, 62, 68
349741.6.peg.975.site.11, 57, 59, 116
349741.6.peg.975.site.12, 3, 58, 61
349741.6.peg.975.site.13, 48, 57, 105
349741.6.peg.975.site.14, 8, 64, 72
349741.6.peg.975.site.15, 17, 77, 94
349741.6.peg.975.site.16, 35, 92, 127
349741.6.peg.975.site.17, 1, 95, 96
349741.6.peg.975.site.18, 0, 97, 97
349741.6.peg.975.site.19, 40, 96, 136
349741.6.peg.975.site.20, 40, 97, 137
349741.6.peg.975.site.21, 1, 97, 98
349741.6.peg.975.site.22, 5, 96, 101
349741.6.peg.975.site.23, 39, 96, 135
349741.6.peg.975.site.24, 39, 96, 135
349741.6.peg.975.site.25, 22, 96, 118
349741.6.peg.975.site.26, 22, 97, 119
349741.6.peg.975.site.27, 40, 97, 137
349741.6.peg.975.site.28, 40, 97, 137
349741.6.peg.975.site.29, 97, 97, 194
349741.6.peg.975.site.30, 54, 96, 150
349741.6.peg.975.site.31, 1, 97, 98
349741.6.peg.975.site.32, 1, 97, 98
349741.6.peg.975.site.33, 77, 97, 174
349741.6.peg.975.site.34, 40, 97, 137
349741.6.peg.975.site.35, 1, 97, 98
349741.6.peg.975.site.36, 2, 97, 99
349741.6.peg.975.site.37, 40, 97, 137
349741.6.peg.975.site.38, 1, 95, 96
349741.6.peg.975.site.39, 1, 94, 95
349741.6.peg.975.site.40, 24, 97, 121
349741.6.peg.975.site.41, 2, 97, 99
349741.6.peg.975.site.42, 97, 97, 194
349741.6.peg.975.site.43, 2, 97, 99
349741.6.peg.975.site.44, 0, 97, 97
349741.6.peg.975.site.45, 3, 97, 100
349741.6.peg.975.site.46, 2, 97, 99
349741.6.peg.975.site.47, 1, 97, 98
349741.6.peg.975.site.48, 0, 97, 97
349741.6.peg.975.site.49, 2, 96, 98
349741.6.peg.975.site.50, 1, 96, 97
349741.6.peg.975.site.51, 0, 97, 97
349741.6.peg.975.site.52, 2, 97, 99
349741.6.peg.976.site.1, 0, 97, 97
349741.6.peg.976.site.2, 32, 97, 129
349741.6.peg.976.site.3, 27, 92, 119
349741.6.peg.976.site.4, 25, 92, 117
349741.6.peg.976.site.5, 20, 84, 104
349741.6.peg.976.site.6, 24, 87, 111
349741.6.peg.976.site.7, 10, 89, 99
349741.6.peg.976.site.8, 38, 91, 129
349741.6.peg.976.site.9, 46, 97, 143
349741.6.peg.976.site.10, 32, 97, 129
349741.6.peg.976.site.11, 11, 97, 108
349741.6.peg.976.site.12, 1, 96, 97
349741.6.peg.976.site.13, 43, 96, 139
349741.6.peg.976.site.14, 30, 97, 127
349741.6.peg.976.site.15, 52, 97, 149
349741.6.peg.976.site.16, 34, 89, 123
349741.6.peg.976.site.17, 27, 94, 121
349741.6.peg.976.site.18, 39, 94, 133
349741.6.peg.976.site.19, 10, 96, 106
349741.6.peg.976.site.20, 30, 95, 125
349741.6.peg.976.site.21, 20, 96, 116
349741.6.peg.976.site.22, 42, 97, 139
349741.6.peg.976.site.23, 2, 97, 99
349741.6.peg.976.site.24, 42, 97, 139
349741.6.peg.976.site.25, 42, 97, 139
349741.6.peg.976.site.26, 11, 97, 108
349741.6.peg.976.site.27, 43, 97, 140
349741.6.peg.976.site.28, 42, 97, 139
349741.6.peg.970.site.1, 59, 61, 120
349741.6.peg.970.site.2, 51, 57, 108
349741.6.peg.970.site.3, 4, 74, 78
349741.6.peg.970.site.4, 11, 78, 89
349741.6.peg.970.site.5, 31, 81, 112
349741.6.peg.970.site.6, 2, 85, 87
349741.6.peg.970.site.7, 5, 90, 95
349741.6.peg.970.site.8, 74, 92, 166
349741.6.peg.970.site.9, 3, 94, 97
349741.6.peg.970.site.10, 2, 94, 96
349741.6.peg.970.site.11, 0, 93, 93
349741.6.peg.971.site.1, 2, 70, 72
349741.6.peg.971.site.2, 10, 73, 83
349741.6.peg.971.site.3, 56, 74, 130
349741.6.peg.971.site.4, 2, 87, 89
349741.6.peg.971.site.5, 65, 81, 146
349741.6.peg.971.site.6, 3, 97, 100
349741.6.peg.971.site.7, 88, 97, 185
349741.6.peg.971.site.8, 10, 97, 107
349741.6.peg.971.site.9, 2, 96, 98
349741.6.peg.971.site.10, 47, 96, 143
349741.6.peg.971.site.11, 73, 89, 162
349741.6.peg.971.site.12, 52, 68, 120
349741.6.peg.971.site.13, 1, 73, 74
349741.6.peg.971.site.14, 69, 85, 154
349741.6.peg.971.site.15, 85, 86, 171
349741.6.peg.971.site.16, 7, 96, 103
349741.6.peg.971.site.17, 5, 96, 101
349741.6.peg.971.site.18, 1, 97, 98
349741.6.peg.971.site.19, 7, 96, 103
349741.6.peg.971.site.20, 2, 95, 97
349741.6.peg.971.site.21, 0, 94, 94
349741.6.peg.971.site.22, 2, 96, 98
349741.6.peg.971.site.23, 61, 97, 158
349741.6.peg.971.site.24, 4, 88, 92
349741.6.peg.971.site.25, 68, 85, 153
349741.6.peg.971.site.26, 31, 46, 77
349741.6.peg.971.site.27, 3, 44, 47
349741.6.peg.971.site.28, 7, 63, 70
349741.6.peg.971.site.29, 54, 70, 124
349741.6.peg.971.site.30, 2, 71, 73
349741.6.peg.971.site.31, 3, 77, 80
349741.6.peg.971.site.32, 61, 77, 138
349741.6.peg.971.site.33, 79, 93, 172
349741.6.peg.971.site.34, 2, 97, 99
349741.6.peg.971.site.35, 80, 96, 176
349741.6.peg.971.site.36, 3, 90, 93
349741.6.peg.971.site.37, 1, 53, 54
349741.6.peg.971.site.38, 13, 29, 42
349741.6.peg.971.site.39, 12, 28, 40
349741.6.peg.971.site.40, 2, 26, 28
349741.6.peg.971.site.41, 3, 19, 22
349741.6.peg.971.site.42, 11, 27, 38
349741.6.peg.971.site.43, 56, 75, 131
349741.6.peg.971.site.44, 6, 93, 99
349741.6.peg.971.site.45, 17, 91, 108
349741.6.peg.971.site.46, 81, 97, 178
349741.6.peg.971.site.47, 81, 97, 178
349741.6.peg.971.site.48, 6, 96, 102
349741.6.peg.971.site.49, 4, 94, 98
349741.6.peg.971.site.50, 5, 95, 100
349741.6.peg.971.site.51, 34, 50, 84
349741.6.peg.971.site.52, 0, 45, 45
349741.6.peg.971.site.53, 2, 41, 43
349741.6.peg.971.site.54, 65, 81, 146
349741.6.peg.971.site.55, 71, 87, 158
349741.6.peg.971.site.56, 2, 96, 98
349741.6.peg.971.site.57, 1, 96, 97
349741.6.peg.971.site.58, 80, 95, 175
349741.6.peg.971.site.59, 1, 93, 94
349741.6.peg.971.site.60, 2, 90, 92
349741.6.peg.971.site.61, 89, 89, 178
349741.6.peg.971.site.62, 21, 83, 104
349741.6.peg.971.site.63, 15, 53, 68
349741.6.peg.971.site.64, 18, 35, 53
349741.6.peg.971.site.65, 15, 34, 49
349741.6.peg.971.site.66, 6, 29, 35
349741.6.peg.971.site.67, 15, 31, 46
349741.6.peg.971.site.68, 30, 46, 76
349741.6.peg.971.site.69, 15, 83, 98
349741.6.peg.971.site.70, 23, 93, 116
349741.6.peg.971.site.71, 26, 97, 123
349741.6.peg.971.site.72, 26, 97, 123
349741.6.peg.971.site.73, 26, 97, 123
349741.6.peg.971.site.74, 2, 97, 99
349741.6.peg.971.site.75, 5, 97, 102
349741.6.peg.971.site.76, 2, 97, 99
349741.6.peg.971.site.77, 17, 78, 95
349741.6.peg.971.site.78, 49, 49, 98
349741.6.peg.971.site.79, 1, 39, 40
349741.6.peg.971.site.80, 1, 39, 40
349741.6.peg.973.site.1, 18, 53, 71
349741.6.peg.973.site.2, 3, 96, 99
349741.6.peg.973.site.3, 28, 97, 125
349741.6.peg.973.site.4, 67, 97, 164
349741.6.peg.973.site.5, 41, 97, 138
349741.6.peg.973.site.6, 1, 97, 98
349741.6.peg.973.site.7, 2, 97, 99
349741.6.peg.973.site.8, 68, 97, 165
349741.6.peg.973.site.9, 13, 97, 110
349741.6.peg.973.site.10, 3, 97, 100
349741.6.peg.973.site.11, 4, 97, 101
349741.6.peg.973.site.12, 2, 97, 99
349741.6.peg.973.site.13, 61, 97, 158
349741.6.peg.973.site.14, 35, 97, 132
349741.6.peg.973.site.15, 58, 97, 155
349741.6.peg.800.site.1, 8, 97, 105
349741.6.peg.800.site.2, 2, 97, 99
349741.6.peg.800.site.3, 1, 97, 98
349741.6.peg.800.site.4, 5, 96, 101
349741.6.peg.800.site.5, 11, 97, 108
349741.6.peg.800.site.6, 13, 97, 110
349741.6.peg.800.site.7, 18, 97, 115
349741.6.peg.800.site.8, 9, 97, 106
349741.6.peg.800.site.9, 0, 97, 97
349741.6.peg.800.site.10, 64, 97, 161
349741.6.peg.800.site.11, 56, 97, 153
349741.6.peg.800.site.12, 16, 97, 113
349741.6.peg.800.site.13, 7, 97, 104
349741.6.peg.800.site.14, 14, 97, 111
349741.6.peg.800.site.15, 7, 97, 104
349741.6.peg.800.site.16, 69, 96, 165
349741.6.peg.800.site.17, 15, 97, 112
349741.6.peg.800.site.18, 2, 95, 97
349741.6.peg.800.site.19, 15, 97, 112
349741.6.peg.800.site.20, 15, 97, 112
349741.6.peg.800.site.21, 3, 96, 99
349741.6.peg.800.site.22, 3, 96, 99
349741.6.peg.800.site.23, 1, 97, 98
349741.6.peg.800.site.24, 10, 97, 107
349741.6.peg.800.site.25, 8, 96, 104
349741.6.peg.800.site.26, 2, 96, 98
349741.6.peg.800.site.27, 7, 96, 103
349741.6.peg.800.site.28, 27, 96, 123
349741.6.peg.800.site.29, 15, 96, 111
349741.6.peg.800.site.30, 15, 94, 109
349741.6.peg.800.site.31, 15, 96, 111
349741.6.peg.800.site.32, 37, 97, 134
349741.6.peg.800.site.33, 15, 97, 112
349741.6.peg.800.site.34, 2, 97, 99
349741.6.peg.800.site.35, 35, 97, 132
349741.6.peg.801.site.1, 38, 97, 135
349741.6.peg.801.site.2, 97, 97, 194
349741.6.peg.801.site.3, 16, 97, 113
349741.6.peg.801.site.4, 16, 96, 112
349741.6.peg.801.site.5, 16, 96, 112
349741.6.peg.801.site.6, 1, 97, 98
349741.6.peg.801.site.7, 1, 97, 98
349741.6.peg.801.site.8, 71, 97, 168
349741.6.peg.801.site.9, 59, 97, 156
349741.6.peg.801.site.10, 16, 97, 113
349741.6.peg.801.site.11, 19, 97, 116
349741.6.peg.801.site.12, 16, 96, 112
349741.6.peg.802.site.1, 16, 97, 113
349741.6.peg.802.site.2, 31, 97, 128
349741.6.peg.802.site.3, 3, 97, 100
349741.6.peg.802.site.4, 21, 97, 118
349741.6.peg.802.site.5, 3, 97, 100
349741.6.peg.802.site.6, 15, 97, 112
349741.6.peg.802.site.7, 3, 97, 100
349741.6.peg.802.site.8, 2, 97, 99
349741.6.peg.802.site.9, 18, 97, 115
349741.6.peg.802.site.10, 18, 97, 115
349741.6.peg.802.site.11, 18, 97, 115
349741.6.peg.803.site.1, 4, 83, 87
349741.6.peg.803.site.2, 12, 91, 103
349741.6.peg.803.site.3, 18, 97, 115
349741.6.peg.803.site.4, 97, 97, 194
349741.6.peg.803.site.5, 2, 97, 99
349741.6.peg.803.site.6, 17, 95, 112
349741.6.peg.803.site.7, 2, 94, 96
349741.6.peg.803.site.8, 2, 96, 98
349741.6.peg.803.site.9, 2, 96, 98
349741.6.peg.803.site.10, 2, 97, 99
349741.6.peg.803.site.11, 2, 97, 99
349741.6.peg.803.site.12, 2, 97, 99
349741.6.peg.803.site.13, 97, 97, 194
349741.6.peg.803.site.14, 38, 97, 135
349741.6.peg.803.site.15, 3, 97, 100
349741.6.peg.803.site.16, 2, 97, 99
349741.6.peg.803.site.17, 2, 97, 99
349741.6.peg.803.site.18, 10, 97, 107
349741.6.peg.803.site.19, 2, 97, 99
349741.6.peg.803.site.20, 1, 97, 98
349741.6.peg.803.site.21, 32, 97, 129
349741.6.peg.803.site.22, 48, 97, 145
349741.6.peg.803.site.23, 15, 96, 111
349741.6.peg.803.site.24, 5, 97, 102
349741.6.peg.803.site.25, 16, 97, 113
349741.6.peg.803.site.26, 15, 97, 112
349741.6.peg.803.site.27, 1, 97, 98
349741.6.peg.803.site.28, 19, 96, 115
349741.6.peg.803.site.29, 3, 96, 99
349741.6.peg.803.site.30, 16, 96, 112
349741.6.peg.803.site.31, 2, 86, 88
349741.6.peg.803.site.32, 0, 80, 80
349741.6.peg.803.site.33, 40, 79, 119
349741.6.peg.803.site.34, 23, 85, 108
349741.6.peg.803.site.35, 30, 93, 123
349741.6.peg.803.site.36, 4, 90, 94
349741.6.peg.803.site.37, 25, 97, 122
349741.6.peg.803.site.38, 1, 97, 98
349741.6.peg.803.site.39, 1, 97, 98
349741.6.peg.803.site.40, 2, 97, 99
349741.6.peg.803.site.41, 46, 97, 143
349741.6.peg.803.site.42, 24, 97, 121
349741.6.peg.803.site.43, 16, 97, 113
349741.6.peg.803.site.44, 2, 97, 99
349741.6.peg.803.site.45, 9, 97, 106
349741.6.peg.804.site.1, 14, 97, 111
349741.6.peg.804.site.2, 2, 97, 99
349741.6.peg.804.site.3, 9, 97, 106
349741.6.peg.804.site.4, 93, 97, 190
349741.6.peg.804.site.5, 4, 97, 101
349741.6.peg.804.site.6, 67, 97, 164
349741.6.peg.804.site.7, 19, 97, 116
349741.6.peg.804.site.8, 8, 97, 105
349741.6.peg.804.site.9, 4, 97, 101
349741.6.peg.804.site.10, 16, 97, 113
349741.6.peg.804.site.11, 16, 97, 113
349741.6.peg.804.site.12, 3, 97, 100
349741.6.peg.804.site.13, 14, 97, 111
349741.6.peg.804.site.14, 1, 97, 98
349741.6.peg.804.site.15, 1, 97, 98
349741.6.peg.804.site.16, 1, 97, 98
349741.6.peg.804.site.17, 15, 96, 111
349741.6.peg.805.site.1, 2, 97, 99
349741.6.peg.805.site.2, 4, 97, 101
349741.6.peg.805.site.3, 15, 97, 112
349741.6.peg.805.site.4, 2, 97, 99
349741.6.peg.805.site.5, 5, 97, 102
349741.6.peg.805.site.6, 2, 97, 99
349741.6.peg.805.site.7, 3, 97, 100
349741.6.peg.805.site.8, 13, 97, 110
349741.6.peg.805.site.9, 7, 97, 104
349741.6.peg.805.site.10, 30, 97, 127
349741.6.peg.805.site.11, 17, 96, 113
349741.6.peg.805.site.12, 16, 94, 110
349741.6.peg.805.site.13, 23, 96, 119
349741.6.peg.805.site.14, 0, 95, 95
349741.6.peg.805.site.15, 14, 94, 108
349741.6.peg.805.site.16, 14, 94, 108
349741.6.peg.805.site.17, 14, 94, 108
349741.6.peg.805.site.18, 17, 96, 113
349741.6.peg.805.site.19, 17, 97, 114
349741.6.peg.805.site.20, 17, 97, 114
349741.6.peg.805.site.21, 5, 97, 102
349741.6.peg.805.site.22, 0, 97, 97
349741.6.peg.805.site.23, 1, 97, 98
349741.6.peg.805.site.24, 97, 97, 194
349741.6.peg.805.site.25, 91, 97, 188
349741.6.peg.806.site.1, 11, 97, 108
349741.6.peg.806.site.2, 9, 97, 106
349741.6.peg.806.site.3, 23, 97, 120
349741.6.peg.806.site.4, 9, 97, 106
349741.6.peg.806.site.5, 7, 97, 104
349741.6.peg.806.site.6, 3, 97, 100
349741.6.peg.806.site.7, 7, 97, 104
349741.6.peg.806.site.8, 11, 97, 108
349741.6.peg.806.site.9, 1, 97, 98
349741.6.peg.806.site.10, 21, 97, 118
349741.6.peg.806.site.11, 7, 97, 104
349741.6.peg.806.site.12, 7, 97, 104
349741.6.peg.806.site.13, 7, 97, 104
349741.6.peg.806.site.14, 3, 97, 100
349741.6.peg.806.site.15, 2, 97, 99
349741.6.peg.806.site.16, 13, 96, 109
349741.6.peg.806.site.17, 1, 96, 97
349741.6.peg.806.site.18, 0, 96, 96
349741.6.peg.806.site.19, 2, 96, 98
349741.6.peg.806.site.20, 53, 96, 149
349741.6.peg.806.site.21, 3, 96, 99
349741.6.peg.806.site.22, 7, 97, 104
349741.6.peg.806.site.23, 97, 97, 194
349741.6.peg.806.site.24, 14, 97, 111
349741.6.peg.806.site.25, 14, 97, 111
349741.6.peg.806.site.26, 7, 96, 103
349741.6.peg.806.site.27, 0, 97, 97
349741.6.peg.806.site.28, 4, 97, 101
349741.6.peg.1148.site.1, 42, 97, 139
349741.6.peg.1148.site.2, 32, 97, 129
349741.6.peg.1148.site.3, 32, 97, 129
349741.6.peg.1148.site.4, 32, 97, 129
349741.6.peg.1148.site.5, 32, 97, 129
349741.6.peg.1148.site.6, 32, 97, 129
349741.6.peg.1148.site.7, 2, 97, 99
349741.6.peg.808.site.1, 26, 96, 122
349741.6.peg.808.site.2, 2, 96, 98
349741.6.peg.808.site.3, 45, 96, 141
349741.6.peg.808.site.4, 11, 82, 93
349741.6.peg.808.site.5, 7, 75, 82
349741.6.peg.808.site.6, 52, 90, 142
349741.6.peg.808.site.7, 21, 92, 113
349741.6.peg.808.site.8, 7, 97, 104
349741.6.peg.808.site.9, 25, 96, 121
349741.6.peg.808.site.10, 25, 89, 114
349741.6.peg.808.site.11, 7, 88, 95
349741.6.peg.808.site.12, 19, 90, 109
349741.6.peg.808.site.13, 19, 71, 90
349741.6.peg.808.site.14, 2, 71, 73
349741.6.peg.808.site.15, 64, 71, 135
349741.6.peg.809.site.1, 4, 75, 79
349741.6.peg.809.site.2, 22, 93, 115
349741.6.peg.809.site.3, 9, 95, 104
349741.6.peg.809.site.4, 8, 94, 102
349741.6.peg.809.site.5, 24, 95, 119
349741.6.peg.809.site.6, 25, 97, 122
349741.6.peg.809.site.7, 86, 97, 183
349741.6.peg.809.site.8, 24, 96, 120
349741.6.peg.809.site.9, 22, 94, 116
349741.6.peg.809.site.10, 2, 80, 82
349741.6.peg.809.site.11, 7, 78, 85
349741.6.peg.809.site.12, 6, 77, 83
349741.6.peg.809.site.13, 12, 83, 95
349741.6.peg.809.site.14, 2, 83, 85
349741.6.peg.809.site.15, 7, 84, 91
349741.6.peg.809.site.16, 7, 89, 96
349741.6.peg.809.site.17, 13, 96, 109
349741.6.peg.809.site.18, 14, 97, 111
349741.6.peg.809.site.19, 1, 97, 98
349741.6.peg.809.site.20, 0, 95, 95
349741.6.peg.1145.site.1, 3, 97, 100
349741.6.peg.1145.site.2, 3, 97, 100
349741.6.peg.1145.site.3, 8, 97, 105
349741.6.peg.1145.site.4, 8, 97, 105
349741.6.peg.1145.site.5, 3, 96, 99
349741.6.peg.1145.site.6, 14, 97, 111
349741.6.peg.1145.site.7, 19, 97, 116
349741.6.peg.1144.site.1, 1, 96, 97
349741.6.peg.1143.site.1, 58, 93, 151
349741.6.peg.1143.site.2, 28, 94, 122
349741.6.peg.1143.site.3, 61, 94, 155
349741.6.peg.1143.site.4, 2, 95, 97
349741.6.peg.1143.site.5, 60, 95, 155
349741.6.peg.1143.site.6, 2, 97, 99
349741.6.peg.1143.site.7, 61, 96, 157
349741.6.peg.1143.site.8, 7, 97, 104
349741.6.peg.1143.site.9, 65, 97, 162
349741.6.peg.1143.site.10, 0, 97, 97
349741.6.peg.1143.site.11, 65, 97, 162
349741.6.peg.1143.site.12, 25, 96, 121
349741.6.peg.1143.site.13, 25, 96, 121
349741.6.peg.1143.site.14, 65, 96, 161
349741.6.peg.1143.site.15, 90, 96, 186
349741.6.peg.1143.site.16, 2, 96, 98
349741.6.peg.1143.site.17, 7, 96, 103
349741.6.peg.1143.site.18, 2, 96, 98
349741.6.peg.1143.site.19, 0, 89, 89
349741.6.peg.1143.site.20, 1, 96, 97
349741.6.peg.1142.site.1, 4, 73, 77
349741.6.peg.1142.site.2, 5, 72, 77
349741.6.peg.1142.site.3, 1, 70, 71
349741.6.peg.1142.site.4, 5, 73, 78
349741.6.peg.1142.site.5, 28, 97, 125
349741.6.peg.1142.site.6, 14, 97, 111
349741.6.peg.1142.site.7, 28, 97, 125
349741.6.peg.1142.site.8, 65, 97, 162
349741.6.peg.1142.site.9, 33, 96, 129
349741.6.peg.1142.site.10, 14, 97, 111
349741.6.peg.1142.site.11, 29, 97, 126
349741.6.peg.1142.site.12, 0, 97, 97
349741.6.peg.1142.site.13, 0, 96, 96
349741.6.peg.1142.site.14, 32, 97, 129
349741.6.peg.1142.site.15, 1, 97, 98
349741.6.peg.1142.site.16, 62, 97, 159
349741.6.peg.1142.site.17, 16, 97, 113
349741.6.peg.1142.site.18, 33, 97, 130
349741.6.peg.1142.site.19, 0, 97, 97
349741.6.peg.1142.site.20, 2, 96, 98
349741.6.peg.1142.site.21, 28, 97, 125
349741.6.peg.1142.site.22, 16, 96, 112
349741.6.peg.1142.site.23, 27, 96, 123
349741.6.peg.1142.site.24, 24, 92, 116
349741.6.peg.1142.site.25, 2, 91, 93
349741.6.peg.1142.site.26, 2, 88, 90
349741.6.peg.1142.site.27, 13, 82, 95
349741.6.peg.1142.site.28, 9, 78, 87
349741.6.peg.1142.site.29, 8, 77, 85
349741.6.peg.1142.site.30, 2, 71, 73
349741.6.peg.1142.site.31, 2, 71, 73
349741.6.peg.1142.site.32, 3, 78, 81
349741.6.peg.1142.site.33, 19, 88, 107
349741.6.peg.1142.site.34, 28, 97, 125
349741.6.peg.1142.site.35, 1, 96, 97
349741.6.peg.1142.site.36, 19, 95, 114
349741.6.peg.1142.site.37, 12, 88, 100
349741.6.peg.1142.site.38, 31, 76, 107
349741.6.peg.1142.site.39, 4, 80, 84
349741.6.peg.1142.site.40, 9, 85, 94
349741.6.peg.1142.site.41, 11, 87, 98
349741.6.peg.1142.site.42, 2, 93, 95
349741.6.peg.1142.site.43, 32, 87, 119
349741.6.peg.1142.site.44, 3, 79, 82
349741.6.peg.1142.site.45, 2, 78, 80
349741.6.peg.1142.site.46, 73, 77, 150
349741.6.peg.1142.site.47, 5, 81, 86
349741.6.peg.1142.site.48, 9, 85, 94
349741.6.peg.1142.site.49, 5, 82, 87
349741.6.peg.1142.site.50, 2, 78, 80
349741.6.peg.1142.site.51, 5, 81, 86
349741.6.peg.1142.site.52, 5, 82, 87
349741.6.peg.1142.site.53, 77, 82, 159
349741.6.peg.1142.site.54, 75, 81, 156
349741.6.peg.1142.site.55, 2, 83, 85
349741.6.peg.1142.site.56, 2, 83, 85
349741.6.peg.1142.site.57, 5, 85, 90
349741.6.peg.1142.site.58, 2, 85, 87
349741.6.peg.1142.site.59, 3, 83, 86
349741.6.peg.1142.site.60, 2, 83, 85
349741.6.peg.1142.site.61, 31, 86, 117
349741.6.peg.1142.site.62, 32, 87, 119
349741.6.peg.1142.site.63, 1, 85, 86
349741.6.peg.1142.site.64, 24, 87, 111
349741.6.peg.1142.site.65, 0, 87, 87
349741.6.peg.1142.site.66, 2, 87, 89
349741.6.peg.1142.site.67, 2, 87, 89
349741.6.peg.1142.site.68, 2, 87, 89
349741.6.peg.1142.site.69, 5, 90, 95
349741.6.peg.1142.site.70, 2, 92, 94
349741.6.peg.1142.site.71, 11, 94, 105
349741.6.peg.1142.site.72, 1, 95, 96
349741.6.peg.1142.site.73, 3, 97, 100
349741.6.peg.1142.site.74, 1, 95, 96
349741.6.peg.1142.site.75, 0, 95, 95
349741.6.peg.1142.site.76, 0, 94, 94
349741.6.peg.1142.site.77, 28, 94, 122
349741.6.peg.1142.site.78, 1, 95, 96
349741.6.peg.1142.site.79, 2, 96, 98
349741.6.peg.1142.site.80, 2, 97, 99
349741.6.peg.1142.site.81, 1, 95, 96
349741.6.peg.1142.site.82, 3, 97, 100
349741.6.peg.1141.site.1, 65, 97, 162
349741.6.peg.1141.site.2, 28, 97, 125
349741.6.peg.1141.site.3, 27, 96, 123
349741.6.peg.1141.site.4, 3, 95, 98
349741.6.peg.1141.site.5, 5, 74, 79
349741.6.peg.1141.site.6, 5, 74, 79
349741.6.peg.1141.site.7, 10, 79, 89
349741.6.peg.1141.site.8, 24, 78, 102
349741.6.peg.1141.site.9, 11, 80, 91
349741.6.peg.1141.site.10, 15, 84, 99
349741.6.peg.1141.site.11, 0, 97, 97
349741.6.peg.1141.site.12, 64, 97, 161
349741.6.peg.1141.site.13, 67, 97, 164
349741.6.peg.1141.site.14, 28, 97, 125
349741.6.peg.1141.site.15, 28, 97, 125
349741.6.peg.1141.site.16, 7, 96, 103
349741.6.peg.1141.site.17, 28, 96, 124
349741.6.peg.1141.site.18, 28, 97, 125
349741.6.peg.1141.site.19, 28, 97, 125
349741.6.peg.1141.site.20, 5, 74, 79
349741.6.peg.1929.site.1, 4, 97, 101
349741.6.peg.1929.site.2, 7, 97, 104
349741.6.peg.1929.site.3, 7, 97, 104
349741.6.peg.1929.site.4, 7, 97, 104
349741.6.peg.1929.site.5, 1, 96, 97
349741.6.peg.1929.site.6, 7, 97, 104
349741.6.peg.1929.site.7, 1, 97, 98
349741.6.peg.1929.site.8, 1, 97, 98
349741.6.peg.1929.site.9, 86, 97, 183
349741.6.peg.1929.site.10, 12, 96, 108
349741.6.peg.1929.site.11, 94, 96, 190
349741.6.peg.1929.site.12, 7, 96, 103
349741.6.peg.1929.site.13, 7, 97, 104
349741.6.peg.1929.site.14, 7, 97, 104
349741.6.peg.1929.site.15, 10, 97, 107
349741.6.peg.1929.site.16, 8, 97, 105
349741.6.peg.1929.site.17, 2, 96, 98
349741.6.peg.1929.site.18, 1, 97, 98
349741.6.peg.1929.site.19, 95, 97, 192
349741.6.peg.1929.site.20, 6, 97, 103
349741.6.peg.1929.site.21, 6, 97, 103
349741.6.peg.1929.site.22, 3, 97, 100
349741.6.peg.1929.site.23, 6, 97, 103
349741.6.peg.1929.site.24, 2, 97, 99
349741.6.peg.1929.site.25, 2, 96, 98
349741.6.peg.1929.site.26, 2, 96, 98
349741.6.peg.1929.site.27, 97, 97, 194
349741.6.peg.1929.site.28, 6, 96, 102
349741.6.peg.1929.site.29, 20, 96, 116
349741.6.peg.1925.site.1, 1, 84, 85
349741.6.peg.1925.site.2, 1, 97, 98
349741.6.peg.1925.site.3, 1, 97, 98
349741.6.peg.1925.site.4, 37, 96, 133
349741.6.peg.1925.site.5, 3, 96, 99
349741.6.peg.1925.site.6, 38, 96, 134
349741.6.peg.1925.site.7, 1, 97, 98
349741.6.peg.1925.site.8, 26, 94, 120
349741.6.peg.1925.site.9, 6, 96, 102
349741.6.peg.1925.site.10, 1, 96, 97
349741.6.peg.1925.site.11, 2, 97, 99
349741.6.peg.1924.site.1, 16, 94, 110
349741.6.peg.1924.site.2, 2, 97, 99
349741.6.peg.1924.site.3, 19, 97, 116
349741.6.peg.1924.site.4, 0, 97, 97
349741.6.peg.1924.site.5, 18, 96, 114
349741.6.peg.1924.site.6, 0, 92, 92
349741.6.peg.1924.site.7, 11, 89, 100
349741.6.peg.1924.site.8, 18, 85, 103
349741.6.peg.1924.site.9, 3, 87, 90
349741.6.peg.1924.site.10, 1, 87, 88
349741.6.peg.1924.site.11, 18, 86, 104
349741.6.peg.1924.site.12, 9, 86, 95
349741.6.peg.1924.site.13, 1, 85, 86
349741.6.peg.1924.site.14, 30, 86, 116
349741.6.peg.1924.site.15, 2, 80, 82
349741.6.peg.1924.site.16, 1, 79, 80
349741.6.peg.1924.site.17, 2, 78, 80
349741.6.peg.1924.site.18, 1, 78, 79
349741.6.peg.1927.site.1, 6, 97, 103
349741.6.peg.1927.site.2, 76, 97, 173
349741.6.peg.1927.site.3, 76, 97, 173
349741.6.peg.1927.site.4, 1, 97, 98
349741.6.peg.1927.site.5, 5, 97, 102
349741.6.peg.1927.site.6, 1, 97, 98
349741.6.peg.1927.site.7, 96, 97, 193
349741.6.peg.1927.site.8, 90, 97, 187
349741.6.peg.1927.site.9, 18, 97, 115
349741.6.peg.1927.site.10, 0, 96, 96
349741.6.peg.1927.site.11, 93, 97, 190
349741.6.peg.1927.site.12, 3, 97, 100
349741.6.peg.1927.site.13, 1, 97, 98
349741.6.peg.1926.site.1, 3, 97, 100
349741.6.peg.1926.site.2, 5, 82, 87
349741.6.peg.1926.site.3, 61, 69, 130
349741.6.peg.1926.site.4, 0, 69, 69
349741.6.peg.1926.site.5, 8, 57, 65
349741.6.peg.1926.site.6, 0, 52, 52
349741.6.peg.1926.site.7, 4, 52, 56
349741.6.peg.1926.site.8, 85, 86, 171
349741.6.peg.1926.site.9, 3, 91, 94
349741.6.peg.1926.site.10, 5, 93, 98
349741.6.peg.1926.site.11, 94, 96, 190
349741.6.peg.1926.site.12, 7, 97, 104
349741.6.peg.1926.site.13, 1, 96, 97
349741.6.peg.1926.site.14, 1, 97, 98
349741.6.peg.1926.site.15, 6, 97, 103
349741.6.peg.1926.site.16, 3, 97, 100
349741.6.peg.1926.site.17, 5, 96, 101
349741.6.peg.1926.site.18, 95, 96, 191
349741.6.peg.1926.site.19, 1, 97, 98
349741.6.peg.1926.site.20, 87, 94, 181
349741.6.peg.1926.site.21, 85, 93, 178
349741.6.peg.1926.site.22, 89, 96, 185
349741.6.peg.1926.site.23, 2, 97, 99
349741.6.peg.1926.site.24, 2, 97, 99
349741.6.peg.1926.site.25, 3, 97, 100
349741.6.peg.1926.site.26, 6, 97, 103
349741.6.peg.1926.site.27, 2, 97, 99
349741.6.peg.1926.site.28, 3, 97, 100
349741.6.peg.1926.site.29, 0, 96, 96
349741.6.peg.1926.site.30, 91, 97, 188
349741.6.peg.1926.site.31, 89, 92, 181
349741.6.peg.1926.site.32, 3, 89, 92
349741.6.peg.1926.site.33, 1, 95, 96
349741.6.peg.1926.site.34, 3, 95, 98
349741.6.peg.1926.site.35, 6, 97, 103
349741.6.peg.1926.site.36, 2, 97, 99
349741.6.peg.1926.site.37, 3, 97, 100
349741.6.peg.1926.site.38, 6, 97, 103
349741.6.peg.1926.site.39, 1, 97, 98
349741.6.peg.1926.site.40, 6, 97, 103
349741.6.peg.1926.site.41, 6, 97, 103
349741.6.peg.1926.site.42, 2, 97, 99
349741.6.peg.1926.site.43, 1, 97, 98
349741.6.peg.1926.site.44, 6, 97, 103
349741.6.peg.1926.site.45, 2, 97, 99
349741.6.peg.1926.site.46, 0, 97, 97
349741.6.peg.1926.site.47, 1, 97, 98
349741.6.peg.1921.site.1, 11, 30, 41
349741.6.peg.1921.site.2, 16, 35, 51
349741.6.peg.1921.site.3, 32, 51, 83
349741.6.peg.1921.site.4, 35, 51, 86
349741.6.peg.1921.site.5, 65, 81, 146
349741.6.peg.1921.site.6, 2, 88, 90
349741.6.peg.1921.site.7, 3, 93, 96
349741.6.peg.1921.site.8, 77, 96, 173
349741.6.peg.1921.site.9, 3, 96, 99
349741.6.peg.1921.site.10, 61, 65, 126
349741.6.peg.1921.site.11, 56, 60, 116
349741.6.peg.1921.site.12, 41, 57, 98
349741.6.peg.1921.site.13, 5, 56, 61
349741.6.peg.1921.site.14, 62, 74, 136
349741.6.peg.1921.site.15, 75, 85, 160
349741.6.peg.1921.site.16, 72, 88, 160
349741.6.peg.1921.site.17, 4, 94, 98
349741.6.peg.1921.site.18, 79, 95, 174
349741.6.peg.1921.site.19, 79, 95, 174
349741.6.peg.1921.site.20, 86, 93, 179
349741.6.peg.1921.site.21, 10, 26, 36
349741.6.peg.1921.site.22, 21, 37, 58
349741.6.peg.1921.site.23, 4, 57, 61
349741.6.peg.1921.site.24, 6, 65, 71
349741.6.peg.1921.site.25, 56, 72, 128
349741.6.peg.1921.site.26, 73, 85, 158
349741.6.peg.1921.site.27, 89, 97, 186
349741.6.peg.1921.site.28, 62, 92, 154
349741.6.peg.1921.site.29, 64, 94, 158
349741.6.peg.1921.site.30, 14, 91, 105
349741.6.peg.1921.site.31, 17, 85, 102
349741.6.peg.1921.site.32, 65, 81, 146
349741.6.peg.1921.site.33, 62, 78, 140
349741.6.peg.1921.site.34, 6, 82, 88
349741.6.peg.1921.site.35, 65, 81, 146
349741.6.peg.1921.site.36, 16, 91, 107
349741.6.peg.1921.site.37, 89, 93, 182
349741.6.peg.1921.site.38, 81, 97, 178
349741.6.peg.1921.site.39, 81, 97, 178
349741.6.peg.1921.site.40, 81, 97, 178
349741.6.peg.1921.site.41, 81, 97, 178
349741.6.peg.1921.site.42, 66, 96, 162
349741.6.peg.1920.site.1, 45, 55, 100
349741.6.peg.1920.site.2, 1, 45, 46
349741.6.peg.1920.site.3, 3, 22, 25
349741.6.peg.1920.site.4, 9, 19, 28
349741.6.peg.1920.site.5, 4, 22, 26
349741.6.peg.1920.site.6, 3, 19, 22
349741.6.peg.1920.site.7, 3, 22, 25
349741.6.peg.1920.site.8, 4, 23, 27
349741.6.peg.1920.site.9, 2, 23, 25
349741.6.peg.1920.site.10, 3, 19, 22
349741.6.peg.1920.site.11, 3, 19, 22
349741.6.peg.1920.site.12, 5, 18, 23
349741.6.peg.1920.site.13, 3, 19, 22
349741.6.peg.1920.site.14, 2, 19, 21
349741.6.peg.1920.site.15, 1, 19, 20
349741.6.peg.1920.site.16, 11, 18, 29
349741.6.peg.1920.site.17, 1, 17, 18
349741.6.peg.1920.site.18, 15, 17, 32
349741.6.peg.1920.site.19, 16, 16, 32
349741.6.peg.1920.site.20, 5, 25, 30
349741.6.peg.1920.site.21, 13, 28, 41
349741.6.peg.1920.site.22, 15, 34, 49
349741.6.peg.1920.site.23, 35, 54, 89
349741.6.peg.1920.site.24, 81, 84, 165
349741.6.peg.1920.site.25, 2, 64, 66
349741.6.peg.1920.site.26, 37, 53, 90
349741.6.peg.1920.site.27, 3, 22, 25
349741.6.peg.1920.site.28, 5, 25, 30
349741.6.peg.1920.site.29, 2, 22, 24
349741.6.peg.1920.site.30, 2, 21, 23
349741.6.peg.1920.site.31, 1, 20, 21
349741.6.peg.1920.site.32, 1, 20, 21
349741.6.peg.1920.site.33, 6, 19, 25
349741.6.peg.1920.site.34, 1, 20, 21
349741.6.peg.1920.site.35, 2, 27, 29
349741.6.peg.1920.site.36, 20, 21, 41
349741.6.peg.1920.site.37, 5, 6, 11
349741.6.peg.1920.site.38, 2, 9, 11
349741.6.peg.1920.site.39, 8, 9, 17
349741.6.peg.1920.site.40, 6, 20, 26
349741.6.peg.1920.site.41, 2, 27, 29
349741.6.peg.1920.site.42, 1, 68, 69
349741.6.peg.1920.site.43, 46, 72, 118
349741.6.peg.1920.site.44, 35, 80, 115
349741.6.peg.1920.site.45, 2, 90, 92
349741.6.peg.1920.site.46, 12, 96, 108
349741.6.peg.1920.site.47, 4, 97, 101
349741.6.peg.1920.site.48, 31, 96, 127
349741.6.peg.1920.site.49, 0, 94, 94
349741.6.peg.1920.site.50, 49, 94, 143
349741.6.peg.1920.site.51, 9, 92, 101
349741.6.peg.1920.site.52, 72, 90, 162
349741.6.peg.1920.site.53, 2, 90, 92
349741.6.peg.1920.site.54, 2, 90, 92
349741.6.peg.1920.site.55, 1, 91, 92
349741.6.peg.1920.site.56, 58, 77, 135
349741.6.peg.1920.site.57, 38, 57, 95
349741.6.peg.1920.site.58, 46, 53, 99
349741.6.peg.1920.site.59, 3, 60, 63
349741.6.peg.1920.site.60, 38, 54, 92
349741.6.peg.1920.site.61, 33, 52, 85
349741.6.peg.1920.site.62, 35, 54, 89
349741.6.peg.1920.site.63, 47, 66, 113
349741.6.peg.1920.site.64, 3, 90, 93
349741.6.peg.1920.site.65, 80, 91, 171
349741.6.peg.1920.site.66, 11, 30, 41
349741.6.peg.1920.site.67, 12, 24, 36
349741.6.peg.1920.site.68, 13, 31, 44
349741.6.peg.1920.site.69, 73, 91, 164
349741.6.peg.1920.site.70, 81, 97, 178
349741.6.peg.1920.site.71, 3, 97, 100
349741.6.peg.1920.site.72, 78, 97, 175
349741.6.peg.1920.site.73, 76, 95, 171
349741.6.peg.1920.site.74, 3, 45, 48
349741.6.peg.1920.site.75, 22, 41, 63
349741.6.peg.1920.site.76, 21, 40, 61
349741.6.peg.1920.site.77, 4, 16, 20
349741.6.peg.1920.site.78, 5, 18, 23
349741.6.peg.1920.site.79, 4, 20, 24
349741.6.peg.1920.site.80, 2, 18, 20
349741.6.peg.1920.site.81, 5, 21, 26
349741.6.peg.1920.site.82, 14, 30, 44
349741.6.peg.1920.site.83, 12, 36, 48
349741.6.peg.1920.site.84, 7, 39, 46
349741.6.peg.1920.site.85, 13, 32, 45
349741.6.peg.1818.site.1, 85, 96, 181
349741.6.peg.1818.site.2, 87, 96, 183
349741.6.peg.1818.site.3, 59, 96, 155
349741.6.peg.1818.site.4, 28, 97, 125
349741.6.peg.1818.site.5, 88, 97, 185
349741.6.peg.1818.site.6, 79, 97, 176
349741.6.peg.1811.site.1, 20, 97, 117
349741.6.peg.1811.site.2, 37, 95, 132
349741.6.peg.1811.site.3, 1, 97, 98
349741.6.peg.1811.site.4, 36, 96, 132
349741.6.peg.1811.site.5, 45, 96, 141
349741.6.peg.1811.site.6, 45, 94, 139
349741.6.peg.1811.site.7, 0, 96, 96
349741.6.peg.1811.site.8, 8, 92, 100
349741.6.peg.1811.site.9, 18, 95, 113
349741.6.peg.1811.site.10, 18, 93, 111
349741.6.peg.1811.site.11, 3, 96, 99
349741.6.peg.1811.site.12, 7, 96, 103
349741.6.peg.1811.site.13, 3, 95, 98
349741.6.peg.1811.site.14, 5, 95, 100
349741.6.peg.1811.site.15, 20, 95, 115
349741.6.peg.1811.site.16, 31, 88, 119
349741.6.peg.1811.site.17, 31, 97, 128
349741.6.peg.1811.site.18, 33, 97, 130
349741.6.peg.1811.site.19, 33, 97, 130
349741.6.peg.1811.site.20, 24, 93, 117
349741.6.peg.1811.site.21, 2, 88, 90
349741.6.peg.1811.site.22, 33, 97, 130
349741.6.peg.1810.site.1, 65, 96, 161
349741.6.peg.1810.site.2, 66, 95, 161
349741.6.peg.1810.site.3, 88, 92, 180
349741.6.peg.1810.site.4, 38, 93, 131
349741.6.peg.1810.site.5, 6, 93, 99
349741.6.peg.1810.site.6, 41, 83, 124
349741.6.peg.1810.site.7, 44, 86, 130
349741.6.peg.1810.site.8, 50, 84, 134
349741.6.peg.1810.site.9, 2, 83, 85
349741.6.peg.1810.site.10, 46, 90, 136
349741.6.peg.1810.site.11, 46, 90, 136
349741.6.peg.1810.site.12, 45, 94, 139
349741.6.peg.1810.site.13, 51, 94, 145
349741.6.peg.1810.site.14, 54, 95, 149
349741.6.peg.1810.site.15, 15, 94, 109
349741.6.peg.1810.site.16, 5, 92, 97
349741.6.peg.1810.site.17, 2, 94, 96
349741.6.peg.1810.site.18, 1, 93, 94
349741.6.peg.1810.site.19, 53, 92, 145
349741.6.peg.1810.site.20, 4, 96, 100
349741.6.peg.1810.site.21, 5, 96, 101
349741.6.peg.1810.site.22, 14, 97, 111
349741.6.peg.1810.site.23, 1, 96, 97
349741.6.peg.1810.site.24, 30, 96, 126
349741.6.peg.1810.site.25, 4, 96, 100
349741.6.peg.1810.site.26, 48, 97, 145
349741.6.peg.1810.site.27, 48, 97, 145
349741.6.peg.1810.site.28, 3, 97, 100
349741.6.peg.1810.site.29, 0, 96, 96
349741.6.peg.1810.site.30, 0, 96, 96
349741.6.peg.1810.site.31, 65, 97, 162
349741.6.peg.1810.site.32, 4, 97, 101
349741.6.peg.1813.site.1, 54, 89, 143
349741.6.peg.1813.site.2, 55, 97, 152
349741.6.peg.1813.site.3, 48, 97, 145
349741.6.peg.1813.site.4, 13, 81, 94
349741.6.peg.1813.site.5, 63, 80, 143
349741.6.peg.1813.site.6, 12, 80, 92
349741.6.peg.1813.site.7, 29, 95, 124
349741.6.peg.1813.site.8, 92, 97, 189
349741.6.peg.1813.site.9, 2, 97, 99
349741.6.peg.1813.site.10, 95, 97, 192
349741.6.peg.1813.site.11, 44, 97, 141
349741.6.peg.1813.site.12, 1, 95, 96
349741.6.peg.1813.site.13, 37, 94, 131
349741.6.peg.1813.site.14, 1, 95, 96
349741.6.peg.1813.site.15, 46, 94, 140
349741.6.peg.1813.site.16, 46, 93, 139
349741.6.peg.1813.site.17, 10, 95, 105
349741.6.peg.1813.site.18, 49, 96, 145
349741.6.peg.1813.site.19, 2, 97, 99
349741.6.peg.1813.site.20, 8, 97, 105
349741.6.peg.1813.site.21, 7, 95, 102
349741.6.peg.1813.site.22, 37, 91, 128
349741.6.peg.1813.site.23, 40, 87, 127
349741.6.peg.1813.site.24, 93, 95, 188
349741.6.peg.1813.site.25, 35, 96, 131
349741.6.peg.1813.site.26, 5, 97, 102
349741.6.peg.1812.site.1, 3, 97, 100
349741.6.peg.1812.site.2, 3, 97, 100
349741.6.peg.1812.site.3, 35, 97, 132
349741.6.peg.1812.site.4, 33, 97, 130
349741.6.peg.1812.site.5, 37, 97, 134
349741.6.peg.1812.site.6, 30, 97, 127
349741.6.peg.1812.site.7, 3, 97, 100
349741.6.peg.1812.site.8, 33, 97, 130
349741.6.peg.1812.site.9, 93, 97, 190
349741.6.peg.1812.site.10, 2, 97, 99
349741.6.peg.1812.site.11, 83, 86, 169
349741.6.peg.1812.site.12, 28, 85, 113
349741.6.peg.1812.site.13, 2, 69, 71
349741.6.peg.1812.site.14, 0, 59, 59
349741.6.peg.1812.site.15, 14, 93, 107
349741.6.peg.1812.site.16, 49, 95, 144
349741.6.peg.1812.site.17, 36, 93, 129
349741.6.peg.1812.site.18, 1, 97, 98
349741.6.peg.1812.site.19, 49, 96, 145
349741.6.peg.1812.site.20, 49, 96, 145
349741.6.peg.1812.site.21, 49, 96, 145
349741.6.peg.1812.site.22, 49, 95, 144
349741.6.peg.1815.site.1, 47, 90, 137
349741.6.peg.1815.site.2, 10, 97, 107
349741.6.peg.1815.site.3, 25, 97, 122
349741.6.peg.1815.site.4, 8, 97, 105
349741.6.peg.1815.site.5, 95, 97, 192
349741.6.peg.1815.site.6, 9, 97, 106
349741.6.peg.1815.site.7, 93, 97, 190
349741.6.peg.1815.site.8, 1, 97, 98
349741.6.peg.1815.site.9, 5, 97, 102
349741.6.peg.1815.site.10, 43, 97, 140
349741.6.peg.1815.site.11, 37, 97, 134
349741.6.peg.1815.site.12, 1, 97, 98
349741.6.peg.1815.site.13, 46, 97, 143
349741.6.peg.1815.site.14, 45, 97, 142
349741.6.peg.1815.site.15, 22, 97, 119
349741.6.peg.1815.site.16, 22, 97, 119
349741.6.peg.1815.site.17, 88, 97, 185
349741.6.peg.1815.site.18, 1, 97, 98
349741.6.peg.1815.site.19, 90, 97, 187
349741.6.peg.1815.site.20, 4, 97, 101
349741.6.peg.1815.site.21, 5, 97, 102
349741.6.peg.1815.site.22, 1, 97, 98
349741.6.peg.1815.site.23, 46, 97, 143
349741.6.peg.1815.site.24, 86, 96, 182
349741.6.peg.1815.site.25, 7, 96, 103
349741.6.peg.1815.site.26, 1, 97, 98
349741.6.peg.1815.site.27, 0, 96, 96
349741.6.peg.1815.site.28, 42, 97, 139
349741.6.peg.1815.site.29, 43, 97, 140
349741.6.peg.1814.site.1, 37, 97, 134
349741.6.peg.1814.site.2, 28, 97, 125
349741.6.peg.1814.site.3, 41, 97, 138
349741.6.peg.1814.site.4, 85, 97, 182
349741.6.peg.1814.site.5, 3, 97, 100
349741.6.peg.1814.site.6, 41, 97, 138
349741.6.peg.1814.site.7, 2, 97, 99
349741.6.peg.1814.site.8, 5, 97, 102
349741.6.peg.1814.site.9, 30, 97, 127
349741.6.peg.1814.site.10, 39, 91, 130
349741.6.peg.1814.site.11, 35, 97, 132
349741.6.peg.1814.site.12, 2, 97, 99
349741.6.peg.1814.site.13, 5, 97, 102
349741.6.peg.1814.site.14, 2, 97, 99
349741.6.peg.1814.site.15, 6, 97, 103
349741.6.peg.1814.site.16, 6, 97, 103
349741.6.peg.1814.site.17, 47, 97, 144
349741.6.peg.1814.site.18, 6, 97, 103
349741.6.peg.1814.site.19, 45, 97, 142
349741.6.peg.1814.site.20, 11, 97, 108
349741.6.peg.1814.site.21, 11, 97, 108
349741.6.peg.1814.site.22, 30, 97, 127
349741.6.peg.1814.site.23, 35, 97, 132
349741.6.peg.1814.site.24, 2, 97, 99
349741.6.peg.1814.site.25, 35, 97, 132
349741.6.peg.1817.site.1, 21, 97, 118
349741.6.peg.1817.site.2, 9, 97, 106
349741.6.peg.1817.site.3, 95, 97, 192
349741.6.peg.1817.site.4, 0, 97, 97
349741.6.peg.1817.site.5, 18, 97, 115
349741.6.peg.1817.site.6, 18, 97, 115
349741.6.peg.1817.site.7, 2, 97, 99
349741.6.peg.1817.site.8, 20, 97, 117
349741.6.peg.1817.site.9, 66, 97, 163
349741.6.peg.1817.site.10, 18, 97, 115
349741.6.peg.1817.site.11, 18, 97, 115
349741.6.peg.1817.site.12, 18, 97, 115
349741.6.peg.1817.site.13, 35, 97, 132
349741.6.peg.1817.site.14, 21, 97, 118
349741.6.peg.1816.site.1, 1, 97, 98
349741.6.peg.1816.site.2, 44, 97, 141
349741.6.peg.1816.site.3, 43, 97, 140
349741.6.peg.1816.site.4, 1, 97, 98
349741.6.peg.1816.site.5, 15, 97, 112
349741.6.peg.1816.site.6, 2, 96, 98
349741.6.peg.1816.site.7, 20, 96, 116
349741.6.peg.1816.site.8, 3, 97, 100
349741.6.peg.1816.site.9, 92, 97, 189
349741.6.peg.1816.site.10, 22, 96, 118
349741.6.peg.1816.site.11, 1, 96, 97
349741.6.peg.1816.site.12, 3, 97, 100
349741.6.peg.1816.site.13, 72, 97, 169
349741.6.peg.1816.site.14, 9, 97, 106
349741.6.peg.1816.site.15, 10, 97, 107
349741.6.peg.1816.site.16, 28, 97, 125
349741.6.peg.1816.site.17, 30, 97, 127
349741.6.peg.1816.site.18, 34, 97, 131
349741.6.peg.1816.site.19, 34, 97, 131
349741.6.peg.1816.site.20, 34, 97, 131
349741.6.peg.1816.site.21, 92, 97, 189
349741.6.peg.1816.site.22, 2, 97, 99
349741.6.peg.1816.site.23, 6, 97, 103
349741.6.peg.1816.site.24, 18, 97, 115
349741.6.peg.1816.site.25, 54, 97, 151
349741.6.peg.1816.site.26, 18, 96, 114
349741.6.peg.1816.site.27, 18, 97, 115
349741.6.peg.1816.site.28, 11, 96, 107
349741.6.peg.409.site.1, 1, 64, 65
349741.6.peg.409.site.2, 0, 62, 62
349741.6.peg.409.site.3, 16, 85, 101
349741.6.peg.409.site.4, 9, 95, 104
349741.6.peg.409.site.5, 9, 95, 104
349741.6.peg.409.site.6, 11, 95, 106
349741.6.peg.409.site.7, 2, 94, 96
349741.6.peg.409.site.8, 2, 64, 66
349741.6.peg.409.site.9, 7, 70, 77
349741.6.peg.409.site.10, 25, 94, 119
349741.6.peg.403.site.1, 8, 95, 103
349741.6.peg.403.site.2, 13, 95, 108
349741.6.peg.403.site.3, 1, 97, 98
349741.6.peg.403.site.4, 4, 91, 95
349741.6.peg.403.site.5, 59, 87, 146
349741.6.peg.403.site.6, 83, 86, 169
349741.6.peg.403.site.7, 2, 74, 76
349741.6.peg.403.site.8, 66, 69, 135
349741.6.peg.403.site.9, 64, 68, 132
349741.6.peg.403.site.10, 2, 74, 76
349741.6.peg.403.site.11, 1, 76, 77
349741.6.peg.403.site.12, 3, 78, 81
349741.6.peg.403.site.13, 56, 78, 134
349741.6.peg.403.site.14, 56, 64, 120
349741.6.peg.403.site.15, 1, 66, 67
349741.6.peg.935.site.1, 26, 96, 122
349741.6.peg.935.site.2, 27, 97, 124
349741.6.peg.935.site.3, 27, 97, 124
349741.6.peg.935.site.4, 4, 97, 101
349741.6.peg.935.site.5, 9, 89, 98
349741.6.peg.935.site.6, 6, 86, 92
349741.6.peg.935.site.7, 54, 81, 135
349741.6.peg.935.site.8, 69, 83, 152
349741.6.peg.935.site.9, 1, 93, 94
349741.6.peg.935.site.10, 1, 93, 94
349741.6.peg.935.site.11, 9, 91, 100
349741.6.peg.935.site.12, 65, 90, 155
349741.6.peg.935.site.13, 1, 81, 82
349741.6.peg.935.site.14, 7, 87, 94
349741.6.peg.935.site.15, 10, 90, 100
349741.6.peg.935.site.16, 13, 93, 106
349741.6.peg.935.site.17, 8, 96, 104
349741.6.peg.935.site.18, 7, 95, 102
349741.6.peg.935.site.19, 17, 97, 114
349741.6.peg.935.site.20, 16, 87, 103
349741.6.peg.935.site.21, 0, 88, 88
349741.6.peg.935.site.22, 0, 87, 87
349741.6.peg.935.site.23, 1, 93, 94
349741.6.peg.935.site.24, 85, 97, 182
349741.6.peg.935.site.25, 93, 97, 190
349741.6.peg.935.site.26, 19, 96, 115
349741.6.peg.935.site.27, 8, 97, 105
349741.6.peg.935.site.28, 19, 96, 115
349741.6.peg.935.site.29, 79, 97, 176
349741.6.peg.2148.site.1, 12, 97, 109
349741.6.peg.2148.site.2, 7, 97, 104
349741.6.peg.2148.site.3, 0, 97, 97
349741.6.peg.2148.site.4, 48, 96, 144
349741.6.peg.2148.site.5, 6, 97, 103
349741.6.peg.2148.site.6, 19, 96, 115
349741.6.peg.2148.site.7, 6, 95, 101
349741.6.peg.2148.site.8, 8, 97, 105
349741.6.peg.2148.site.9, 2, 97, 99
349741.6.peg.2148.site.10, 6, 97, 103
349741.6.peg.2148.site.11, 6, 97, 103
349741.6.peg.2148.site.12, 13, 97, 110
349741.6.peg.2148.site.13, 6, 96, 102
349741.6.peg.2148.site.14, 6, 97, 103
349741.6.peg.2148.site.15, 1, 96, 97
349741.6.peg.2148.site.16, 4, 97, 101
349741.6.peg.2148.site.17, 3, 97, 100
349741.6.peg.2148.site.18, 0, 97, 97
349741.6.peg.2148.site.19, 8, 97, 105
349741.6.peg.2148.site.20, 6, 97, 103
349741.6.peg.2148.site.21, 1, 97, 98
349741.6.peg.2148.site.22, 1, 92, 93
349741.6.peg.2148.site.23, 10, 91, 101
349741.6.peg.2148.site.24, 3, 94, 97
349741.6.peg.2148.site.25, 77, 94, 171
349741.6.peg.2148.site.26, 2, 94, 96
349741.6.peg.2148.site.27, 1, 92, 93
349741.6.peg.2148.site.28, 1, 92, 93
349741.6.peg.2148.site.29, 1, 92, 93
349741.6.peg.2148.site.30, 0, 91, 91
349741.6.peg.2148.site.31, 5, 94, 99
349741.6.peg.2148.site.32, 6, 96, 102
349741.6.peg.2148.site.33, 6, 95, 101
349741.6.peg.2148.site.34, 38, 96, 134
349741.6.peg.2148.site.35, 4, 95, 99
349741.6.peg.2148.site.36, 4, 95, 99
349741.6.peg.2148.site.37, 3, 94, 97
349741.6.peg.2148.site.38, 6, 97, 103
349741.6.peg.2148.site.39, 31, 97, 128
349741.6.peg.2148.site.40, 2, 97, 99
349741.6.peg.2148.site.41, 31, 97, 128
349741.6.peg.2148.site.42, 34, 97, 131
349741.6.peg.2148.site.43, 1, 95, 96
349741.6.peg.2148.site.44, 4, 96, 100
349741.6.peg.2148.site.45, 2, 68, 70
349741.6.peg.2148.site.46, 15, 66, 81
349741.6.peg.2148.site.47, 2, 65, 67
349741.6.peg.2148.site.48, 8, 65, 73
349741.6.peg.2148.site.49, 18, 65, 83
349741.6.peg.2148.site.50, 4, 63, 67
349741.6.peg.2148.site.51, 13, 55, 68
349741.6.peg.2148.site.52, 2, 49, 51
349741.6.peg.2148.site.53, 4, 47, 51
349741.6.peg.2148.site.54, 3, 47, 50
349741.6.peg.2148.site.55, 2, 47, 49
349741.6.peg.2148.site.56, 4, 47, 51
349741.6.peg.2148.site.57, 1, 47, 48
349741.6.peg.2148.site.58, 30, 47, 77
349741.6.peg.2148.site.59, 27, 47, 74
349741.6.peg.2148.site.60, 27, 47, 74
349741.6.peg.2148.site.61, 4, 47, 51
349741.6.peg.2148.site.62, 2, 47, 49
349741.6.peg.2148.site.63, 16, 39, 55
349741.6.peg.2148.site.64, 8, 48, 56
349741.6.peg.2148.site.65, 9, 49, 58
349741.6.peg.2148.site.66, 3, 61, 64
349741.6.peg.2148.site.67, 16, 80, 96
349741.6.peg.2142.site.1, 5, 88, 93
349741.6.peg.2142.site.2, 19, 93, 112
349741.6.peg.2142.site.3, 68, 92, 160
349741.6.peg.2142.site.4, 45, 95, 140
349741.6.peg.2142.site.5, 36, 97, 133
349741.6.peg.2140.site.1, 15, 90, 105
349741.6.peg.2140.site.2, 18, 93, 111
349741.6.peg.2140.site.3, 2, 96, 98
349741.6.peg.2140.site.4, 11, 95, 106
349741.6.peg.2140.site.5, 5, 93, 98
349741.6.peg.2140.site.6, 5, 96, 101
349741.6.peg.2140.site.7, 15, 97, 112
349741.6.peg.2140.site.8, 11, 97, 108
349741.6.peg.2140.site.9, 11, 96, 107
349741.6.peg.2140.site.10, 54, 97, 151
349741.6.peg.2140.site.11, 14, 97, 111
349741.6.peg.2140.site.12, 1, 96, 97
349741.6.peg.2140.site.13, 2, 95, 97
349741.6.peg.2140.site.14, 2, 95, 97
349741.6.peg.2140.site.15, 67, 97, 164
349741.6.peg.2140.site.16, 5, 97, 102
349741.6.peg.2140.site.17, 96, 96, 192
349741.6.peg.2140.site.18, 3, 67, 70
349741.6.peg.2141.site.1, 3, 87, 90
349741.6.peg.2141.site.2, 55, 87, 142
349741.6.peg.2141.site.3, 77, 97, 174
349741.6.peg.2141.site.4, 0, 95, 95
349741.6.peg.2141.site.5, 5, 97, 102
349741.6.peg.2141.site.6, 7, 97, 104
349741.6.peg.2141.site.7, 15, 97, 112
349741.6.peg.2141.site.8, 0, 97, 97
349741.6.peg.2141.site.9, 2, 97, 99
349741.6.peg.2141.site.10, 15, 96, 111
349741.6.peg.2141.site.11, 23, 97, 120
349741.6.peg.2141.site.12, 87, 92, 179
349741.6.peg.2141.site.13, 64, 89, 153
349741.6.peg.2141.site.14, 5, 88, 93
349741.6.peg.2141.site.15, 2, 90, 92
349741.6.peg.2146.site.1, 14, 97, 111
349741.6.peg.2146.site.2, 3, 97, 100
349741.6.peg.2146.site.3, 3, 97, 100
349741.6.peg.2146.site.4, 93, 97, 190
349741.6.peg.2146.site.5, 4, 96, 100
349741.6.peg.2146.site.6, 18, 95, 113
349741.6.peg.2146.site.7, 11, 96, 107
349741.6.peg.2146.site.8, 3, 94, 97
349741.6.peg.2146.site.9, 3, 95, 98
349741.6.peg.2146.site.10, 3, 94, 97
349741.6.peg.2146.site.11, 4, 96, 100
349741.6.peg.2146.site.12, 17, 97, 114
349741.6.peg.2146.site.13, 47, 97, 144
349741.6.peg.2146.site.14, 3, 96, 99
349741.6.peg.2146.site.15, 0, 97, 97
349741.6.peg.2146.site.16, 8, 97, 105
349741.6.peg.2147.site.1, 3, 97, 100
349741.6.peg.2147.site.2, 58, 97, 155
349741.6.peg.2147.site.3, 2, 97, 99
349741.6.peg.2144.site.1, 20, 97, 117
349741.6.peg.2144.site.2, 29, 97, 126
349741.6.peg.2144.site.3, 1, 97, 98
349741.6.peg.2144.site.4, 36, 97, 133
349741.6.peg.2144.site.5, 3, 95, 98
349741.6.peg.2144.site.6, 3, 94, 97
349741.6.peg.2144.site.7, 42, 94, 136
349741.6.peg.2144.site.8, 15, 96, 111
349741.6.peg.2144.site.9, 11, 96, 107
349741.6.peg.2144.site.10, 6, 96, 102
349741.6.peg.2144.site.11, 2, 96, 98
349741.6.peg.2144.site.12, 11, 96, 107
349741.6.peg.2144.site.13, 11, 97, 108
349741.6.peg.2144.site.14, 4, 97, 101
349741.6.peg.2144.site.15, 79, 97, 176
349741.6.peg.2144.site.16, 28, 96, 124
349741.6.peg.2144.site.17, 13, 95, 108
349741.6.peg.2144.site.18, 0, 97, 97
349741.6.peg.2144.site.19, 8, 97, 105
349741.6.peg.2144.site.20, 3, 96, 99
349741.6.peg.2144.site.21, 8, 96, 104
349741.6.peg.2145.site.1, 8, 97, 105
349741.6.peg.2145.site.2, 49, 96, 145
349741.6.peg.2145.site.3, 1, 96, 97
349741.6.peg.2145.site.4, 12, 97, 109
349741.6.peg.2145.site.5, 18, 97, 115
349741.6.peg.2145.site.6, 3, 94, 97
349741.6.peg.2145.site.7, 12, 97, 109
349741.6.peg.2145.site.8, 0, 97, 97
349741.6.peg.2145.site.9, 1, 97, 98
349741.6.peg.14.site.1, 11, 88, 99
349741.6.peg.14.site.2, 31, 90, 121
349741.6.peg.14.site.3, 34, 72, 106
349741.6.peg.14.site.4, 12, 81, 93
349741.6.peg.14.site.5, 12, 61, 73
349741.6.peg.14.site.6, 49, 81, 130
349741.6.peg.14.site.7, 60, 96, 156
349741.6.peg.14.site.8, 57, 94, 151
349741.6.peg.14.site.9, 6, 88, 94
349741.6.peg.14.site.10, 48, 85, 133
349741.6.peg.14.site.11, 58, 74, 132
349741.6.peg.14.site.12, 42, 87, 129
349741.6.peg.14.site.13, 2, 83, 85
349741.6.peg.14.site.14, 30, 77, 107
349741.6.peg.14.site.15, 15, 79, 94
349741.6.peg.14.site.16, 29, 77, 106
349741.6.peg.14.site.17, 36, 77, 113
349741.6.peg.14.site.18, 6, 77, 83
349741.6.peg.14.site.19, 1, 90, 91
349741.6.peg.14.site.20, 2, 89, 91
349741.6.peg.14.site.21, 47, 87, 134
349741.6.peg.14.site.22, 2, 85, 87
349741.6.peg.14.site.23, 6, 86, 92
349741.6.peg.14.site.24, 73, 84, 157
349741.6.peg.14.site.25, 46, 77, 123
349741.6.peg.14.site.26, 2, 97, 99
349741.6.peg.14.site.27, 33, 96, 129
349741.6.peg.14.site.28, 1, 95, 96
349741.6.peg.14.site.29, 21, 95, 116
349741.6.peg.14.site.30, 27, 88, 115
349741.6.peg.14.site.31, 12, 85, 97
349741.6.peg.14.site.32, 25, 81, 106
349741.6.peg.14.site.33, 2, 86, 88
349741.6.peg.14.site.34, 26, 84, 110
349741.6.peg.14.site.35, 55, 87, 142
349741.6.peg.14.site.36, 2, 87, 89
349741.6.peg.14.site.37, 50, 85, 135
349741.6.peg.14.site.38, 81, 84, 165
349741.6.peg.14.site.39, 21, 82, 103
349741.6.peg.14.site.40, 18, 78, 96
349741.6.peg.14.site.41, 27, 64, 91
349741.6.peg.14.site.42, 27, 74, 101
349741.6.peg.14.site.43, 3, 97, 100
349741.6.peg.14.site.44, 14, 96, 110
349741.6.peg.14.site.45, 53, 96, 149
349741.6.peg.14.site.46, 10, 96, 106
349741.6.peg.14.site.47, 57, 92, 149
349741.6.peg.14.site.48, 9, 94, 103
349741.6.peg.14.site.49, 10, 53, 63
349741.6.peg.14.site.50, 4, 57, 61
349741.6.peg.14.site.51, 19, 53, 72
349741.6.peg.14.site.52, 18, 52, 70
349741.6.peg.14.site.53, 27, 71, 98
349741.6.peg.14.site.54, 18, 89, 107
349741.6.peg.14.site.55, 47, 94, 141
349741.6.peg.14.site.56, 52, 94, 146
349741.6.peg.14.site.57, 43, 96, 139
349741.6.peg.14.site.58, 2, 97, 99
349741.6.peg.14.site.59, 17, 96, 113
349741.6.peg.14.site.60, 0, 97, 97
349741.6.peg.14.site.61, 8, 97, 105
349741.6.peg.14.site.62, 8, 96, 104
349741.6.peg.14.site.63, 1, 97, 98
349741.6.peg.14.site.64, 10, 97, 107
349741.6.peg.14.site.65, 64, 97, 161
349741.6.peg.14.site.66, 18, 97, 115
349741.6.peg.14.site.67, 13, 82, 95
349741.6.peg.14.site.68, 4, 66, 70
349741.6.peg.14.site.69, 1, 53, 54
349741.6.peg.14.site.70, 3, 38, 41
349741.6.peg.14.site.71, 1, 38, 39
349741.6.peg.14.site.72, 2, 40, 42
349741.6.peg.14.site.73, 11, 47, 58
349741.6.peg.14.site.74, 17, 55, 72
349741.6.peg.14.site.75, 24, 62, 86
349741.6.peg.14.site.76, 5, 83, 88
349741.6.peg.14.site.77, 3, 85, 88
349741.6.peg.14.site.78, 21, 81, 102
349741.6.peg.14.site.79, 5, 83, 88
349741.6.peg.14.site.80, 6, 85, 91
349741.6.peg.14.site.81, 14, 92, 106
349741.6.peg.14.site.82, 0, 94, 94
349741.6.peg.14.site.83, 36, 84, 120
349741.6.peg.749.site.1, 60, 96, 156
349741.6.peg.749.site.2, 2, 97, 99
349741.6.peg.749.site.3, 1, 97, 98
349741.6.peg.749.site.4, 3, 97, 100
349741.6.peg.749.site.5, 24, 97, 121
349741.6.peg.749.site.6, 20, 97, 117
349741.6.peg.749.site.7, 20, 97, 117
349741.6.peg.749.site.8, 8, 97, 105
349741.6.peg.749.site.9, 7, 97, 104
349741.6.peg.749.site.10, 2, 97, 99
349741.6.peg.749.site.11, 18, 97, 115
349741.6.peg.749.site.12, 18, 97, 115
349741.6.peg.749.site.13, 20, 97, 117
349741.6.peg.748.site.1, 9, 97, 106
349741.6.peg.748.site.2, 20, 97, 117
349741.6.peg.748.site.3, 20, 97, 117
349741.6.peg.748.site.4, 2, 97, 99
349741.6.peg.748.site.5, 20, 97, 117
349741.6.peg.748.site.6, 20, 97, 117
349741.6.peg.748.site.7, 1, 97, 98
349741.6.peg.748.site.8, 2, 96, 98
349741.6.peg.748.site.9, 2, 79, 81
349741.6.peg.748.site.10, 3, 96, 99
349741.6.peg.748.site.11, 5, 96, 101
349741.6.peg.748.site.12, 20, 97, 117
349741.6.peg.748.site.13, 20, 96, 116
349741.6.peg.748.site.14, 20, 97, 117
349741.6.peg.748.site.15, 34, 97, 131
349741.6.peg.748.site.16, 3, 97, 100
349741.6.peg.748.site.17, 3, 97, 100
349741.6.peg.748.site.18, 28, 97, 125
349741.6.peg.748.site.19, 23, 96, 119
349741.6.peg.748.site.20, 1, 95, 96
349741.6.peg.748.site.21, 2, 95, 97
349741.6.peg.748.site.22, 61, 96, 157
349741.6.peg.748.site.23, 19, 96, 115
349741.6.peg.748.site.24, 20, 96, 116
349741.6.peg.748.site.25, 20, 97, 117
349741.6.peg.218.site.1, 4, 96, 100
349741.6.peg.218.site.2, 72, 89, 161
349741.6.peg.218.site.3, 1, 95, 96
349741.6.peg.218.site.4, 4, 94, 98
349741.6.peg.218.site.5, 1, 97, 98
349741.6.peg.218.site.6, 0, 97, 97
349741.6.peg.218.site.7, 2, 97, 99
349741.6.peg.218.site.8, 1, 95, 96
349741.6.peg.218.site.9, 2, 96, 98
349741.6.peg.218.site.10, 86, 97, 183
349741.6.peg.218.site.11, 2, 97, 99
349741.6.peg.218.site.12, 9, 97, 106
349741.6.peg.218.site.13, 80, 96, 176
349741.6.peg.218.site.14, 96, 97, 193
349741.6.peg.218.site.15, 97, 97, 194
349741.6.peg.218.site.16, 1, 95, 96
349741.6.peg.218.site.17, 2, 96, 98
349741.6.peg.218.site.18, 26, 95, 121
349741.6.peg.218.site.19, 48, 91, 139
349741.6.peg.218.site.20, 0, 92, 92
349741.6.peg.218.site.21, 9, 84, 93
349741.6.peg.218.site.22, 2, 83, 85
349741.6.peg.218.site.23, 39, 82, 121
349741.6.peg.218.site.24, 2, 88, 90
349741.6.peg.218.site.25, 46, 96, 142
349741.6.peg.218.site.26, 2, 97, 99
349741.6.peg.218.site.27, 47, 97, 144
349741.6.peg.218.site.28, 13, 96, 109
349741.6.peg.218.site.29, 61, 96, 157
349741.6.peg.218.site.30, 1, 97, 98
349741.6.peg.218.site.31, 47, 97, 144
349741.6.peg.218.site.32, 2, 97, 99
349741.6.peg.218.site.33, 0, 97, 97
349741.6.peg.218.site.34, 7, 97, 104
349741.6.peg.218.site.35, 47, 96, 143
349741.6.peg.218.site.36, 44, 94, 138
349741.6.peg.218.site.37, 2, 96, 98
349741.6.peg.218.site.38, 47, 97, 144
349741.6.peg.218.site.39, 47, 96, 143
349741.6.peg.218.site.40, 45, 95, 140
349741.6.peg.218.site.41, 5, 92, 97
349741.6.peg.218.site.42, 5, 85, 90
349741.6.peg.218.site.43, 30, 77, 107
349741.6.peg.218.site.44, 41, 91, 132
349741.6.peg.218.site.45, 44, 94, 138
349741.6.peg.218.site.46, 1, 95, 96
349741.6.peg.218.site.47, 7, 78, 85
349741.6.peg.218.site.48, 10, 61, 71
349741.6.peg.218.site.49, 1, 65, 66
349741.6.peg.218.site.50, 18, 68, 86
349741.6.peg.218.site.51, 9, 69, 78
349741.6.peg.218.site.52, 89, 97, 186
349741.6.peg.218.site.53, 11, 97, 108
349741.6.peg.218.site.54, 57, 97, 154
349741.6.peg.218.site.55, 46, 97, 143
349741.6.peg.218.site.56, 46, 97, 143
349741.6.peg.218.site.57, 32, 83, 115
349741.6.peg.218.site.58, 80, 88, 168
349741.6.peg.218.site.59, 2, 87, 89
349741.6.peg.218.site.60, 33, 83, 116
349741.6.peg.218.site.61, 38, 86, 124
349741.6.peg.218.site.62, 45, 94, 139
349741.6.peg.12.site.1, 1, 97, 98
349741.6.peg.12.site.2, 38, 96, 134
349741.6.peg.12.site.3, 36, 97, 133
349741.6.peg.12.site.4, 33, 96, 129
349741.6.peg.12.site.5, 2, 97, 99
349741.6.peg.12.site.6, 3, 97, 100
349741.6.peg.12.site.7, 2, 97, 99
349741.6.peg.12.site.8, 4, 97, 101
349741.6.peg.12.site.9, 40, 97, 137
349741.6.peg.12.site.10, 39, 96, 135
349741.6.peg.12.site.11, 7, 97, 104
349741.6.peg.12.site.12, 40, 97, 137
349741.6.peg.12.site.13, 74, 96, 170
349741.6.peg.12.site.14, 40, 96, 136
349741.6.peg.12.site.15, 7, 97, 104
349741.6.peg.12.site.16, 74, 97, 171
349741.6.peg.12.site.17, 32, 97, 129
349741.6.peg.12.site.18, 34, 97, 131
349741.6.peg.12.site.19, 39, 97, 136
349741.6.peg.12.site.20, 39, 97, 136
349741.6.peg.12.site.21, 39, 97, 136
349741.6.peg.12.site.22, 3, 90, 93
349741.6.peg.12.site.23, 38, 90, 128
349741.6.peg.12.site.24, 40, 92, 132
349741.6.peg.12.site.25, 5, 92, 97
349741.6.peg.12.site.26, 2, 93, 95
349741.6.peg.12.site.27, 1, 94, 95
349741.6.peg.12.site.28, 37, 95, 132
349741.6.peg.12.site.29, 39, 97, 136
349741.6.peg.12.site.30, 3, 95, 98
349741.6.peg.13.site.1, 1, 72, 73
349741.6.peg.13.site.2, 7, 70, 77
349741.6.peg.13.site.3, 15, 69, 84
349741.6.peg.13.site.4, 15, 67, 82
349741.6.peg.13.site.5, 2, 59, 61
349741.6.peg.13.site.6, 1, 55, 56
349741.6.peg.13.site.7, 47, 50, 97
349741.6.peg.13.site.8, 2, 56, 58
349741.6.peg.13.site.9, 9, 48, 57
349741.6.peg.13.site.10, 4, 56, 60
349741.6.peg.13.site.11, 37, 96, 133
349741.6.peg.13.site.12, 7, 97, 104
349741.6.peg.13.site.13, 39, 96, 135
349741.6.peg.13.site.14, 39, 97, 136
349741.6.peg.13.site.15, 96, 97, 193
349741.6.peg.13.site.16, 39, 97, 136
349741.6.peg.13.site.17, 2, 97, 99
349741.6.peg.13.site.18, 1, 97, 98
349741.6.peg.13.site.19, 92, 96, 188
349741.6.peg.13.site.20, 39, 97, 136
349741.6.peg.13.site.21, 38, 96, 134
349741.6.peg.13.site.22, 46, 96, 142
349741.6.peg.13.site.23, 7, 96, 103
349741.6.peg.13.site.24, 42, 97, 139
349741.6.peg.13.site.25, 2, 97, 99
349741.6.peg.13.site.26, 39, 96, 135
349741.6.peg.13.site.27, 7, 95, 102
349741.6.peg.13.site.28, 40, 97, 137
349741.6.peg.13.site.29, 37, 93, 130
349741.6.peg.13.site.30, 40, 96, 136
349741.6.peg.13.site.31, 3, 96, 99
349741.6.peg.13.site.32, 40, 96, 136
349741.6.peg.13.site.33, 39, 97, 136
349741.6.peg.13.site.34, 40, 97, 137
349741.6.peg.13.site.35, 3, 97, 100
349741.6.peg.13.site.36, 50, 97, 147
349741.6.peg.13.site.37, 42, 89, 131
349741.6.peg.13.site.38, 16, 63, 79
349741.6.peg.13.site.39, 2, 30, 32
349741.6.peg.13.site.40, 1, 33, 34
349741.6.peg.13.site.41, 1, 44, 45
349741.6.peg.13.site.42, 73, 75, 148
349741.6.peg.13.site.43, 1, 90, 91
349741.6.peg.13.site.44, 55, 93, 148
349741.6.peg.13.site.45, 56, 94, 150
349741.6.peg.743.site.1, 4, 97, 101
349741.6.peg.743.site.2, 43, 97, 140
349741.6.peg.743.site.3, 1, 93, 94
349741.6.peg.743.site.4, 35, 97, 132
349741.6.peg.743.site.5, 0, 97, 97
349741.6.peg.743.site.6, 1, 94, 95
349741.6.peg.743.site.7, 84, 91, 175
349741.6.peg.743.site.8, 1, 89, 90
349741.6.peg.743.site.9, 7, 90, 97
349741.6.peg.743.site.10, 3, 96, 99
349741.6.peg.743.site.11, 15, 97, 112
349741.6.peg.743.site.12, 37, 97, 134
349741.6.peg.743.site.13, 37, 96, 133
349741.6.peg.743.site.14, 1, 97, 98
349741.6.peg.743.site.15, 84, 97, 181
349741.6.peg.743.site.16, 32, 93, 125
349741.6.peg.743.site.17, 81, 94, 175
349741.6.peg.743.site.18, 36, 94, 130
349741.6.peg.743.site.19, 3, 96, 99
349741.6.peg.743.site.20, 35, 97, 132
349741.6.peg.743.site.21, 37, 96, 133
349741.6.peg.743.site.22, 4, 97, 101
349741.6.peg.743.site.23, 3, 97, 100
349741.6.peg.743.site.24, 10, 96, 106
349741.6.peg.743.site.25, 37, 87, 124
349741.6.peg.743.site.26, 82, 86, 168
349741.6.peg.743.site.27, 29, 83, 112
349741.6.peg.743.site.28, 2, 83, 85
349741.6.peg.743.site.29, 30, 83, 113
349741.6.peg.743.site.30, 4, 83, 87
349741.6.peg.743.site.31, 4, 91, 95
349741.6.peg.743.site.32, 4, 89, 93
349741.6.peg.743.site.33, 1, 87, 88
349741.6.peg.743.site.34, 10, 92, 102
349741.6.peg.743.site.35, 1, 93, 94
349741.6.peg.743.site.36, 3, 96, 99
349741.6.peg.743.site.37, 3, 96, 99
349741.6.peg.743.site.38, 1, 96, 97
349741.6.peg.743.site.39, 8, 95, 103
349741.6.peg.743.site.40, 1, 82, 83
349741.6.peg.743.site.41, 14, 85, 99
349741.6.peg.743.site.42, 2, 89, 91
349741.6.peg.743.site.43, 30, 90, 120
349741.6.peg.743.site.44, 3, 94, 97
349741.6.peg.743.site.45, 7, 95, 102
349741.6.peg.743.site.46, 12, 94, 106
349741.6.peg.743.site.47, 48, 94, 142
349741.6.peg.743.site.48, 81, 94, 175
349741.6.peg.743.site.49, 78, 93, 171
349741.6.peg.743.site.50, 1, 94, 95
349741.6.peg.743.site.51, 23, 69, 92
349741.6.peg.743.site.52, 20, 66, 86
349741.6.peg.743.site.53, 15, 66, 81
349741.6.peg.743.site.54, 4, 75, 79
349741.6.peg.743.site.55, 4, 80, 84
349741.6.peg.743.site.56, 4, 81, 85
349741.6.peg.743.site.57, 3, 84, 87
349741.6.peg.743.site.58, 77, 91, 168
349741.6.peg.743.site.59, 45, 92, 137
349741.6.peg.743.site.60, 48, 95, 143
349741.6.peg.743.site.61, 13, 97, 110
349741.6.peg.742.site.1, 19, 38, 57
349741.6.peg.742.site.2, 29, 48, 77
349741.6.peg.742.site.3, 63, 80, 143
349741.6.peg.742.site.4, 2, 86, 88
349741.6.peg.742.site.5, 23, 81, 104
349741.6.peg.742.site.6, 71, 79, 150
349741.6.peg.742.site.7, 2, 87, 89
349741.6.peg.742.site.8, 77, 94, 171
349741.6.peg.742.site.9, 79, 96, 175
349741.6.peg.742.site.10, 78, 95, 173
349741.6.peg.742.site.11, 1, 97, 98
349741.6.peg.742.site.12, 1, 97, 98
349741.6.peg.742.site.13, 29, 97, 126
349741.6.peg.742.site.14, 90, 97, 187
349741.6.peg.742.site.15, 80, 97, 177
349741.6.peg.742.site.16, 51, 97, 148
349741.6.peg.742.site.17, 8, 97, 105
349741.6.peg.742.site.18, 79, 96, 175
349741.6.peg.742.site.19, 6, 96, 102
349741.6.peg.742.site.20, 1, 94, 95
349741.6.peg.742.site.21, 94, 94, 188
349741.6.peg.742.site.22, 29, 85, 114
349741.6.peg.742.site.23, 72, 89, 161
349741.6.peg.742.site.24, 1, 92, 93
349741.6.peg.742.site.25, 74, 91, 165
349741.6.peg.742.site.26, 19, 93, 112
349741.6.peg.742.site.27, 8, 94, 102
349741.6.peg.742.site.28, 79, 96, 175
349741.6.peg.742.site.29, 78, 95, 173
349741.6.peg.742.site.30, 43, 97, 140
349741.6.peg.742.site.31, 37, 97, 134
349741.6.peg.741.site.1, 22, 97, 119
349741.6.peg.741.site.2, 70, 97, 167
349741.6.peg.741.site.3, 3, 89, 92
349741.6.peg.741.site.4, 1, 86, 87
349741.6.peg.741.site.5, 9, 93, 102
349741.6.peg.741.site.6, 1, 93, 94
349741.6.peg.741.site.7, 8, 95, 103
349741.6.peg.741.site.8, 86, 95, 181
349741.6.peg.741.site.9, 17, 95, 112
349741.6.peg.741.site.10, 67, 92, 159
349741.6.peg.741.site.11, 2, 89, 91
349741.6.peg.741.site.12, 57, 91, 148
349741.6.peg.741.site.13, 6, 96, 102
349741.6.peg.741.site.14, 3, 97, 100
349741.6.peg.741.site.15, 3, 96, 99
349741.6.peg.741.site.16, 3, 97, 100
349741.6.peg.741.site.17, 8, 95, 103
349741.6.peg.741.site.18, 30, 97, 127
349741.6.peg.741.site.19, 71, 97, 168
349741.6.peg.741.site.20, 71, 97, 168
349741.6.peg.741.site.21, 2, 97, 99
349741.6.peg.741.site.22, 16, 97, 113
349741.6.peg.741.site.23, 73, 97, 170
349741.6.peg.741.site.24, 4, 97, 101
349741.6.peg.741.site.25, 2, 97, 99
349741.6.peg.741.site.26, 3, 96, 99
349741.6.peg.741.site.27, 2, 96, 98
349741.6.peg.741.site.28, 10, 92, 102
349741.6.peg.741.site.29, 1, 81, 82
349741.6.peg.741.site.30, 40, 64, 104
349741.6.peg.741.site.31, 23, 66, 89
349741.6.peg.741.site.32, 21, 64, 85
349741.6.peg.741.site.33, 8, 33, 41
349741.6.peg.741.site.34, 2, 72, 74
349741.6.peg.741.site.35, 2, 94, 96
349741.6.peg.741.site.36, 7, 93, 100
349741.6.peg.741.site.37, 12, 27, 39
349741.6.peg.741.site.38, 2, 21, 23
349741.6.peg.741.site.39, 1, 20, 21
349741.6.peg.741.site.40, 9, 28, 37
349741.6.peg.741.site.41, 7, 50, 57
349741.6.peg.741.site.42, 20, 77, 97
349741.6.peg.741.site.43, 54, 73, 127
349741.6.peg.741.site.44, 59, 78, 137
349741.6.peg.741.site.45, 59, 78, 137
349741.6.peg.740.site.1, 1, 97, 98
349741.6.peg.740.site.2, 67, 97, 164
349741.6.peg.740.site.3, 43, 94, 137
349741.6.peg.740.site.4, 23, 94, 117
349741.6.peg.740.site.5, 47, 93, 140
349741.6.peg.740.site.6, 21, 93, 114
349741.6.peg.740.site.7, 1, 95, 96
349741.6.peg.740.site.8, 23, 93, 116
349741.6.peg.740.site.9, 1, 97, 98
349741.6.peg.740.site.10, 56, 97, 153
349741.6.peg.740.site.11, 85, 97, 182
349741.6.peg.740.site.12, 67, 96, 163
349741.6.peg.740.site.13, 1, 97, 98
349741.6.peg.740.site.14, 47, 97, 144
349741.6.peg.740.site.15, 37, 97, 134
349741.6.peg.740.site.16, 0, 97, 97
349741.6.peg.740.site.17, 1, 97, 98
349741.6.peg.740.site.18, 1, 97, 98
349741.6.peg.740.site.19, 2, 97, 99
349741.6.peg.740.site.20, 66, 97, 163
349741.6.peg.740.site.21, 1, 97, 98
349741.6.peg.740.site.22, 74, 97, 171
349741.6.peg.740.site.23, 2, 96, 98
349741.6.peg.740.site.24, 15, 97, 112
349741.6.peg.740.site.25, 93, 97, 190
349741.6.peg.740.site.26, 4, 97, 101
349741.6.peg.740.site.27, 1, 97, 98
349741.6.peg.740.site.28, 1, 96, 97
349741.6.peg.740.site.29, 0, 97, 97
349741.6.peg.740.site.30, 1, 97, 98
349741.6.peg.740.site.31, 3, 96, 99
349741.6.peg.740.site.32, 3, 96, 99
349741.6.peg.740.site.33, 1, 95, 96
349741.6.peg.740.site.34, 1, 97, 98
349741.6.peg.740.site.35, 1, 97, 98
349741.6.peg.740.site.36, 2, 97, 99
349741.6.peg.740.site.37, 67, 97, 164
349741.6.peg.740.site.38, 1, 97, 98
349741.6.peg.740.site.39, 9, 95, 104
349741.6.peg.740.site.40, 1, 97, 98
349741.6.peg.740.site.41, 2, 97, 99
349741.6.peg.740.site.42, 1, 95, 96
349741.6.peg.740.site.43, 2, 92, 94
349741.6.peg.740.site.44, 13, 90, 103
349741.6.peg.740.site.45, 49, 79, 128
349741.6.peg.740.site.46, 1, 83, 84
349741.6.peg.740.site.47, 59, 78, 137
349741.6.peg.740.site.48, 0, 84, 84
349741.6.peg.740.site.49, 55, 85, 140
349741.6.peg.740.site.50, 2, 92, 94
349741.6.peg.740.site.51, 43, 89, 132
349741.6.peg.740.site.52, 13, 87, 100
349741.6.peg.740.site.53, 1, 77, 78
349741.6.peg.740.site.54, 16, 74, 90
349741.6.peg.740.site.55, 2, 77, 79
349741.6.peg.740.site.56, 1, 79, 80
349741.6.peg.740.site.57, 7, 82, 89
349741.6.peg.740.site.58, 7, 81, 88
349741.6.peg.740.site.59, 5, 96, 101
349741.6.peg.747.site.1, 0, 97, 97
349741.6.peg.747.site.2, 33, 96, 129
349741.6.peg.747.site.3, 23, 96, 119
349741.6.peg.747.site.4, 5, 96, 101
349741.6.peg.747.site.5, 23, 97, 120
349741.6.peg.747.site.6, 97, 97, 194
349741.6.peg.747.site.7, 37, 97, 134
349741.6.peg.747.site.8, 7, 97, 104
349741.6.peg.747.site.9, 10, 96, 106
349741.6.peg.747.site.10, 4, 95, 99
349741.6.peg.747.site.11, 4, 96, 100
349741.6.peg.747.site.12, 0, 96, 96
349741.6.peg.747.site.13, 1, 97, 98
349741.6.peg.747.site.14, 0, 96, 96
349741.6.peg.747.site.15, 21, 97, 118
349741.6.peg.747.site.16, 7, 97, 104
349741.6.peg.747.site.17, 38, 97, 135
349741.6.peg.747.site.18, 21, 97, 118
349741.6.peg.747.site.19, 3, 97, 100
349741.6.peg.747.site.20, 45, 97, 142
349741.6.peg.747.site.21, 21, 97, 118
349741.6.peg.747.site.22, 16, 97, 113
349741.6.peg.747.site.23, 76, 97, 173
349741.6.peg.747.site.24, 38, 97, 135
349741.6.peg.747.site.25, 94, 94, 188
349741.6.peg.747.site.26, 20, 94, 114
349741.6.peg.747.site.27, 19, 95, 114
349741.6.peg.747.site.28, 19, 95, 114
349741.6.peg.747.site.29, 7, 97, 104
349741.6.peg.747.site.30, 3, 96, 99
349741.6.peg.747.site.31, 0, 96, 96
349741.6.peg.747.site.32, 2, 97, 99
349741.6.peg.746.site.1, 7, 85, 92
349741.6.peg.746.site.2, 14, 96, 110
349741.6.peg.746.site.3, 13, 95, 108
349741.6.peg.746.site.4, 4, 97, 101
349741.6.peg.746.site.5, 21, 97, 118
349741.6.peg.746.site.6, 21, 97, 118
349741.6.peg.746.site.7, 21, 97, 118
349741.6.peg.746.site.8, 9, 93, 102
349741.6.peg.746.site.9, 9, 85, 94
349741.6.peg.746.site.10, 21, 96, 117
349741.6.peg.746.site.11, 1, 97, 98
349741.6.peg.746.site.12, 2, 97, 99
349741.6.peg.746.site.13, 0, 97, 97
349741.6.peg.746.site.14, 1, 97, 98
349741.6.peg.746.site.15, 1, 97, 98
349741.6.peg.746.site.16, 39, 97, 136
349741.6.peg.746.site.17, 1, 97, 98
349741.6.peg.746.site.18, 7, 97, 104
349741.6.peg.746.site.19, 2, 97, 99
349741.6.peg.746.site.20, 39, 96, 135
349741.6.peg.746.site.21, 13, 97, 110
349741.6.peg.746.site.22, 6, 95, 101
349741.6.peg.746.site.23, 21, 96, 117
349741.6.peg.746.site.24, 6, 96, 102
349741.6.peg.746.site.25, 7, 96, 103
349741.6.peg.746.site.26, 1, 96, 97
349741.6.peg.746.site.27, 5, 96, 101
349741.6.peg.746.site.28, 2, 97, 99
349741.6.peg.746.site.29, 2, 97, 99
349741.6.peg.746.site.30, 2, 97, 99
349741.6.peg.746.site.31, 2, 97, 99
349741.6.peg.746.site.32, 2, 97, 99
349741.6.peg.746.site.33, 15, 97, 112
349741.6.peg.213.site.1, 23, 97, 120
349741.6.peg.213.site.2, 37, 97, 134
349741.6.peg.213.site.3, 65, 97, 162
349741.6.peg.213.site.4, 41, 97, 138
349741.6.peg.213.site.5, 40, 97, 137
349741.6.peg.213.site.6, 35, 97, 132
349741.6.peg.213.site.7, 31, 97, 128
349741.6.peg.213.site.8, 26, 95, 121
349741.6.peg.213.site.9, 27, 96, 123
349741.6.peg.213.site.10, 48, 95, 143
349741.6.peg.213.site.11, 62, 95, 157
349741.6.peg.213.site.12, 2, 97, 99
349741.6.peg.213.site.13, 28, 97, 125
349741.6.peg.213.site.14, 1, 97, 98
349741.6.peg.213.site.15, 64, 97, 161
349741.6.peg.213.site.16, 36, 96, 132
349741.6.peg.213.site.17, 25, 94, 119
349741.6.peg.213.site.18, 88, 88, 176
349741.6.peg.213.site.19, 5, 67, 72
349741.6.peg.213.site.20, 9, 71, 80
349741.6.peg.213.site.21, 48, 68, 116
349741.6.peg.213.site.22, 1, 62, 63
349741.6.peg.213.site.23, 1, 46, 47
349741.6.peg.213.site.24, 5, 58, 63
349741.6.peg.213.site.25, 13, 61, 74
349741.6.peg.213.site.26, 16, 72, 88
349741.6.peg.213.site.27, 24, 84, 108
349741.6.peg.213.site.28, 34, 95, 129
349741.6.peg.213.site.29, 30, 91, 121
349741.6.peg.213.site.30, 53, 87, 140
349741.6.peg.213.site.31, 3, 66, 69
349741.6.peg.213.site.32, 10, 44, 54
349741.6.peg.213.site.33, 0, 95, 95
349741.6.peg.213.site.34, 10, 95, 105
349741.6.peg.213.site.35, 6, 96, 102
349741.6.peg.213.site.36, 33, 97, 130
349741.6.peg.213.site.37, 32, 97, 129
349741.6.peg.213.site.38, 48, 97, 145
349741.6.peg.213.site.39, 47, 95, 142
349741.6.peg.213.site.40, 9, 96, 105
349741.6.peg.213.site.41, 37, 97, 134
349741.6.peg.213.site.42, 1, 97, 98
349741.6.peg.213.site.43, 45, 97, 142
349741.6.peg.213.site.44, 1, 97, 98
349741.6.peg.213.site.45, 1, 97, 98
349741.6.peg.213.site.46, 1, 97, 98
349741.6.peg.213.site.47, 7, 97, 104
349741.6.peg.213.site.48, 4, 97, 101
349741.6.peg.213.site.49, 8, 97, 105
349741.6.peg.213.site.50, 67, 97, 164
349741.6.peg.744.site.1, 13, 95, 108
349741.6.peg.744.site.2, 35, 95, 130
349741.6.peg.744.site.3, 13, 95, 108
349741.6.peg.744.site.4, 2, 94, 96
349741.6.peg.744.site.5, 35, 94, 129
349741.6.peg.744.site.6, 5, 92, 97
349741.6.peg.744.site.7, 20, 94, 114
349741.6.peg.744.site.8, 8, 95, 103
349741.6.peg.744.site.9, 10, 58, 68
349741.6.peg.744.site.10, 2, 42, 44
349741.6.peg.744.site.11, 2, 38, 40
349741.6.peg.744.site.12, 2, 35, 37
349741.6.peg.744.site.13, 1, 34, 35
349741.6.peg.744.site.14, 2, 37, 39
349741.6.peg.744.site.15, 3, 33, 36
349741.6.peg.744.site.16, 12, 37, 49
349741.6.peg.744.site.17, 10, 35, 45
349741.6.peg.744.site.18, 12, 34, 46
349741.6.peg.744.site.19, 26, 55, 81
349741.6.peg.744.site.20, 6, 56, 62
349741.6.peg.744.site.21, 16, 63, 79
349741.6.peg.744.site.22, 38, 82, 120
349741.6.peg.744.site.23, 38, 84, 122
349741.6.peg.744.site.24, 1, 94, 95
349741.6.peg.744.site.25, 37, 95, 132
349741.6.peg.744.site.26, 1, 95, 96
349741.6.peg.744.site.27, 4, 94, 98
349741.6.peg.744.site.28, 2, 95, 97
349741.6.peg.744.site.29, 10, 94, 104
349741.6.peg.744.site.30, 10, 94, 104
349741.6.peg.744.site.31, 81, 87, 168
349741.6.peg.744.site.32, 3, 87, 90
349741.6.peg.744.site.33, 2, 86, 88
349741.6.peg.744.site.34, 2, 86, 88
349741.6.peg.744.site.35, 2, 86, 88
349741.6.peg.744.site.36, 16, 86, 102
349741.6.peg.744.site.37, 6, 95, 101
349741.6.peg.744.site.38, 1, 96, 97
349741.6.peg.744.site.39, 12, 96, 108
349741.6.peg.744.site.40, 55, 97, 152
349741.6.peg.744.site.41, 12, 97, 109
349741.6.peg.744.site.42, 70, 97, 167
349741.6.peg.589.site.1, 2, 80, 82
349741.6.peg.589.site.2, 3, 86, 89
349741.6.peg.589.site.3, 3, 92, 95
349741.6.peg.589.site.4, 6, 91, 97
349741.6.peg.589.site.5, 3, 88, 91
349741.6.peg.589.site.6, 53, 62, 115
349741.6.peg.589.site.7, 4, 94, 98
349741.6.peg.589.site.8, 6, 94, 100
349741.6.peg.589.site.9, 2, 95, 97
349741.6.peg.589.site.10, 69, 95, 164
349741.6.peg.589.site.11, 5, 95, 100
349741.6.peg.589.site.12, 5, 95, 100
349741.6.peg.589.site.13, 2, 94, 96
349741.6.peg.589.site.14, 5, 95, 100
349741.6.peg.589.site.15, 5, 94, 99
349741.6.peg.589.site.16, 5, 93, 98
349741.6.peg.589.site.17, 5, 95, 100
349741.6.peg.589.site.18, 1, 91, 92
349741.6.peg.589.site.19, 1, 92, 93
349741.6.peg.589.site.20, 2, 92, 94
349741.6.peg.589.site.21, 70, 95, 165
349741.6.peg.589.site.22, 1, 96, 97
349741.6.peg.589.site.23, 5, 96, 101
349741.6.peg.589.site.24, 7, 95, 102
349741.6.peg.589.site.25, 4, 94, 98
349741.6.peg.589.site.26, 31, 88, 119
349741.6.peg.589.site.27, 26, 80, 106
349741.6.peg.585.site.1, 10, 17, 27
349741.6.peg.585.site.2, 6, 22, 28
349741.6.peg.585.site.3, 28, 35, 63
349741.6.peg.585.site.4, 58, 72, 130
349741.6.peg.585.site.5, 2, 94, 96
349741.6.peg.585.site.6, 80, 90, 170
349741.6.peg.585.site.7, 80, 89, 169
349741.6.peg.585.site.8, 38, 46, 84
349741.6.peg.585.site.9, 61, 70, 131
349741.6.peg.585.site.10, 68, 76, 144
349741.6.peg.585.site.11, 80, 87, 167
349741.6.peg.585.site.12, 3, 89, 92
349741.6.peg.585.site.13, 25, 34, 59
349741.6.peg.585.site.14, 37, 40, 77
349741.6.peg.585.site.15, 53, 56, 109
349741.6.peg.585.site.16, 79, 88, 167
349741.6.peg.585.site.17, 33, 94, 127
349741.6.peg.584.site.1, 1, 15, 16
349741.6.peg.584.site.2, 2, 15, 17
349741.6.peg.584.site.3, 7, 22, 29
349741.6.peg.584.site.4, 23, 39, 62
349741.6.peg.584.site.5, 0, 87, 87
349741.6.peg.584.site.6, 8, 94, 102
349741.6.peg.584.site.7, 73, 88, 161
349741.6.peg.584.site.8, 2, 83, 85
349741.6.peg.584.site.9, 4, 87, 91
349741.6.peg.584.site.10, 1, 87, 88
349741.6.peg.584.site.11, 2, 90, 92
349741.6.peg.584.site.12, 5, 90, 95
349741.6.peg.584.site.13, 4, 90, 94
349741.6.peg.584.site.14, 3, 94, 97
349741.6.peg.584.site.15, 1, 93, 94
349741.6.peg.584.site.16, 1, 86, 87
349741.6.peg.584.site.17, 2, 86, 88
349741.6.peg.584.site.18, 2, 86, 88
349741.6.peg.584.site.19, 47, 86, 133
349741.6.peg.584.site.20, 3, 89, 92
349741.6.peg.584.site.21, 5, 91, 96
349741.6.peg.584.site.22, 8, 93, 101
349741.6.peg.584.site.23, 8, 94, 102
349741.6.peg.584.site.24, 77, 93, 170
349741.6.peg.584.site.25, 2, 94, 96
349741.6.peg.584.site.26, 12, 94, 106
349741.6.peg.584.site.27, 8, 94, 102
349741.6.peg.584.site.28, 4, 89, 93
349741.6.peg.584.site.29, 1, 86, 87
349741.6.peg.584.site.30, 70, 86, 156
349741.6.peg.584.site.31, 67, 83, 150
349741.6.peg.584.site.32, 1, 80, 81
349741.6.peg.584.site.33, 1, 83, 84
349741.6.peg.584.site.34, 3, 85, 88
349741.6.peg.584.site.35, 2, 89, 91
349741.6.peg.584.site.36, 51, 66, 117
349741.6.peg.584.site.37, 43, 58, 101
349741.6.peg.584.site.38, 2, 87, 89
349741.6.peg.584.site.39, 8, 91, 99
349741.6.peg.584.site.40, 62, 63, 125
349741.6.peg.584.site.41, 22, 32, 54
349741.6.peg.584.site.42, 1, 18, 19
349741.6.peg.584.site.43, 6, 22, 28
349741.6.peg.584.site.44, 2, 71, 73
349741.6.peg.584.site.45, 66, 82, 148
349741.6.peg.584.site.46, 3, 82, 85
349741.6.peg.584.site.47, 47, 65, 112
349741.6.peg.584.site.48, 3, 63, 66
349741.6.peg.587.site.1, 1, 97, 98
349741.6.peg.587.site.2, 78, 94, 172
349741.6.peg.587.site.3, 2, 95, 97
349741.6.peg.587.site.4, 40, 93, 133
349741.6.peg.587.site.5, 26, 94, 120
349741.6.peg.587.site.6, 75, 91, 166
349741.6.peg.587.site.7, 67, 83, 150
349741.6.peg.587.site.8, 75, 91, 166
349741.6.peg.587.site.9, 74, 90, 164
349741.6.peg.587.site.10, 8, 95, 103
349741.6.peg.587.site.11, 3, 95, 98
349741.6.peg.587.site.12, 6, 95, 101
349741.6.peg.587.site.13, 6, 95, 101
349741.6.peg.587.site.14, 79, 94, 173
349741.6.peg.587.site.15, 3, 96, 99
349741.6.peg.587.site.16, 77, 97, 174
349741.6.peg.587.site.17, 9, 96, 105
349741.6.peg.587.site.18, 75, 96, 171
349741.6.peg.587.site.19, 45, 95, 140
349741.6.peg.587.site.20, 0, 95, 95
349741.6.peg.587.site.21, 15, 96, 111
349741.6.peg.587.site.22, 2, 96, 98
349741.6.peg.586.site.1, 78, 93, 171
349741.6.peg.586.site.2, 78, 94, 172
349741.6.peg.586.site.3, 60, 82, 142
349741.6.peg.586.site.4, 58, 71, 129
349741.6.peg.586.site.5, 2, 66, 68
349741.6.peg.586.site.6, 44, 57, 101
349741.6.peg.586.site.7, 47, 62, 109
349741.6.peg.586.site.8, 73, 88, 161
349741.6.peg.586.site.9, 76, 92, 168
349741.6.peg.586.site.10, 80, 96, 176
349741.6.peg.586.site.11, 75, 96, 171
349741.6.peg.586.site.12, 6, 94, 100
349741.6.peg.586.site.13, 79, 95, 174
349741.6.peg.586.site.14, 80, 97, 177
349741.6.peg.580.site.1, 1, 24, 25
349741.6.peg.580.site.2, 7, 35, 42
349741.6.peg.580.site.3, 23, 36, 59
349741.6.peg.580.site.4, 2, 36, 38
349741.6.peg.580.site.5, 25, 36, 61
349741.6.peg.580.site.6, 19, 36, 55
349741.6.peg.580.site.7, 1, 36, 37
349741.6.peg.580.site.8, 10, 44, 54
349741.6.peg.580.site.9, 49, 73, 122
349741.6.peg.580.site.10, 10, 81, 91
349741.6.peg.580.site.11, 1, 86, 87
349741.6.peg.580.site.12, 81, 89, 170
349741.6.peg.580.site.13, 78, 93, 171
349741.6.peg.580.site.14, 74, 90, 164
349741.6.peg.580.site.15, 56, 91, 147
349741.6.peg.580.site.16, 66, 77, 143
349741.6.peg.580.site.17, 77, 80, 157
349741.6.peg.580.site.18, 1, 80, 81
349741.6.peg.580.site.19, 10, 88, 98
349741.6.peg.580.site.20, 1, 92, 93
349741.6.peg.580.site.21, 7, 95, 102
349741.6.peg.580.site.22, 72, 88, 160
349741.6.peg.580.site.23, 45, 73, 118
349741.6.peg.580.site.24, 32, 63, 95
349741.6.peg.580.site.25, 1, 82, 83
349741.6.peg.580.site.26, 1, 87, 88
349741.6.peg.580.site.27, 58, 93, 151
349741.6.peg.580.site.28, 79, 92, 171
349741.6.peg.580.site.29, 66, 92, 158
349741.6.peg.580.site.30, 1, 94, 95
349741.6.peg.580.site.31, 43, 93, 136
349741.6.peg.580.site.32, 77, 93, 170
349741.6.peg.580.site.33, 78, 94, 172
349741.6.peg.580.site.34, 2, 96, 98
349741.6.peg.580.site.35, 1, 97, 98
349741.6.peg.580.site.36, 2, 97, 99
349741.6.peg.580.site.37, 1, 97, 98
349741.6.peg.580.site.38, 6, 96, 102
349741.6.peg.580.site.39, 1, 96, 97
349741.6.peg.580.site.40, 34, 95, 129
349741.6.peg.580.site.41, 35, 96, 131
349741.6.peg.580.site.42, 45, 96, 141
349741.6.peg.580.site.43, 44, 95, 139
349741.6.peg.580.site.44, 27, 95, 122
349741.6.peg.580.site.45, 80, 96, 176
349741.6.peg.580.site.46, 2, 96, 98
349741.6.peg.580.site.47, 80, 96, 176
349741.6.peg.580.site.48, 1, 96, 97
349741.6.peg.580.site.49, 2, 94, 96
349741.6.peg.580.site.50, 78, 94, 172
349741.6.peg.580.site.51, 1, 97, 98
349741.6.peg.580.site.52, 1, 97, 98
349741.6.peg.580.site.53, 1, 97, 98
349741.6.peg.580.site.54, 80, 96, 176
349741.6.peg.580.site.55, 80, 96, 176
349741.6.peg.580.site.56, 96, 96, 192
349741.6.peg.580.site.57, 4, 96, 100
349741.6.peg.580.site.58, 80, 96, 176
349741.6.peg.580.site.59, 0, 96, 96
349741.6.peg.580.site.60, 80, 96, 176
349741.6.peg.580.site.61, 2, 96, 98
349741.6.peg.580.site.62, 5, 95, 100
349741.6.peg.580.site.63, 10, 96, 106
349741.6.peg.580.site.64, 67, 96, 163
349741.6.peg.580.site.65, 6, 96, 102
349741.6.peg.580.site.66, 76, 95, 171
349741.6.peg.580.site.67, 3, 95, 98
349741.6.peg.580.site.68, 2, 89, 91
349741.6.peg.580.site.69, 70, 86, 156
349741.6.peg.580.site.70, 52, 68, 120
349741.6.peg.580.site.71, 27, 43, 70
349741.6.peg.580.site.72, 11, 26, 37
349741.6.peg.580.site.73, 31, 47, 78
349741.6.peg.580.site.74, 30, 45, 75
349741.6.peg.580.site.75, 3, 31, 34
349741.6.peg.580.site.76, 7, 21, 28
349741.6.peg.580.site.77, 5, 20, 25
349741.6.peg.580.site.78, 2, 15, 17
349741.6.peg.580.site.79, 2, 15, 17
349741.6.peg.580.site.80, 3, 14, 17
349741.6.peg.580.site.81, 5, 18, 23
349741.6.peg.580.site.82, 9, 24, 33
349741.6.peg.580.site.83, 82, 82, 164
349741.6.peg.580.site.84, 10, 94, 104
349741.6.peg.580.site.85, 79, 95, 174
349741.6.peg.580.site.86, 1, 95, 96
349741.6.peg.2367.site.1, 4, 94, 98
349741.6.peg.2367.site.2, 7, 96, 103
349741.6.peg.2367.site.3, 13, 96, 109
349741.6.peg.2367.site.4, 31, 95, 126
349741.6.peg.2367.site.5, 32, 96, 128
349741.6.peg.2367.site.6, 74, 97, 171
349741.6.peg.2367.site.7, 36, 97, 133
349741.6.peg.2367.site.8, 0, 95, 95
349741.6.peg.2367.site.9, 1, 96, 97
349741.6.peg.2367.site.10, 4, 97, 101
349741.6.peg.2367.site.11, 37, 97, 134
349741.6.peg.2367.site.12, 37, 96, 133
349741.6.peg.2367.site.13, 37, 96, 133
349741.6.peg.2367.site.14, 1, 97, 98
349741.6.peg.2367.site.15, 37, 97, 134
349741.6.peg.2367.site.16, 33, 97, 130
349741.6.peg.2367.site.17, 40, 96, 136
349741.6.peg.2367.site.18, 39, 92, 131
349741.6.peg.2367.site.19, 32, 95, 127
349741.6.peg.563.site.1, 79, 96, 175
349741.6.peg.563.site.2, 1, 97, 98
349741.6.peg.563.site.3, 80, 97, 177
349741.6.peg.563.site.4, 2, 97, 99
349741.6.peg.563.site.5, 0, 97, 97
349741.6.peg.563.site.6, 6, 97, 103
349741.6.peg.563.site.7, 3, 96, 99
349741.6.peg.563.site.8, 2, 97, 99
349741.6.peg.563.site.9, 80, 97, 177
349741.6.peg.563.site.10, 4, 97, 101
349741.6.peg.563.site.11, 1, 95, 96
349741.6.peg.563.site.12, 11, 96, 107
349741.6.peg.562.site.1, 3, 97, 100
349741.6.peg.562.site.2, 11, 97, 108
349741.6.peg.562.site.3, 82, 97, 179
349741.6.peg.562.site.4, 0, 97, 97
349741.6.peg.562.site.5, 88, 97, 185
349741.6.peg.562.site.6, 80, 97, 177
349741.6.peg.562.site.7, 85, 97, 182
349741.6.peg.561.site.1, 1, 17, 18
349741.6.peg.561.site.2, 76, 78, 154
349741.6.peg.561.site.3, 80, 97, 177
349741.6.peg.561.site.4, 80, 97, 177
349741.6.peg.561.site.5, 80, 97, 177
349741.6.peg.561.site.6, 3, 97, 100
349741.6.peg.561.site.7, 7, 97, 104
349741.6.peg.561.site.8, 1, 97, 98
349741.6.peg.561.site.9, 3, 96, 99
349741.6.peg.561.site.10, 3, 97, 100
349741.6.peg.561.site.11, 83, 97, 180
349741.6.peg.561.site.12, 4, 97, 101
349741.6.peg.561.site.13, 10, 97, 107
349741.6.peg.561.site.14, 1, 97, 98
349741.6.peg.561.site.15, 0, 97, 97
349741.6.peg.561.site.16, 1, 97, 98
349741.6.peg.561.site.17, 2, 97, 99
349741.6.peg.561.site.18, 8, 97, 105
349741.6.peg.561.site.19, 83, 97, 180
349741.6.peg.561.site.20, 8, 97, 105
349741.6.peg.561.site.21, 80, 97, 177
349741.6.peg.561.site.22, 74, 97, 171
349741.6.peg.561.site.23, 2, 97, 99
349741.6.peg.561.site.24, 80, 97, 177
349741.6.peg.561.site.25, 2, 97, 99
349741.6.peg.561.site.26, 71, 97, 168
349741.6.peg.567.site.1, 2, 85, 87
349741.6.peg.567.site.2, 61, 78, 139
349741.6.peg.567.site.3, 3, 64, 67
349741.6.peg.567.site.4, 4, 65, 69
349741.6.peg.567.site.5, 4, 65, 69
349741.6.peg.567.site.6, 41, 68, 109
349741.6.peg.567.site.7, 51, 68, 119
349741.6.peg.567.site.8, 33, 94, 127
349741.6.peg.567.site.9, 79, 96, 175
349741.6.peg.567.site.10, 36, 92, 128
349741.6.peg.567.site.11, 5, 66, 71
349741.6.peg.567.site.12, 1, 61, 62
349741.6.peg.567.site.13, 44, 61, 105
349741.6.peg.567.site.14, 3, 64, 67
349741.6.peg.567.site.15, 8, 69, 77
349741.6.peg.567.site.16, 3, 97, 100
349741.6.peg.567.site.17, 16, 97, 113
349741.6.peg.567.site.18, 80, 97, 177
349741.6.peg.567.site.19, 33, 94, 127
349741.6.peg.567.site.20, 2, 91, 93
349741.6.peg.567.site.21, 57, 92, 149
349741.6.peg.567.site.22, 14, 93, 107
349741.6.peg.567.site.23, 2, 94, 96
349741.6.peg.567.site.24, 15, 84, 99
349741.6.peg.567.site.25, 12, 77, 89
349741.6.peg.567.site.26, 24, 85, 109
349741.6.peg.567.site.27, 32, 88, 120
349741.6.peg.567.site.28, 16, 69, 85
349741.6.peg.567.site.29, 9, 43, 52
349741.6.peg.566.site.1, 14, 80, 94
349741.6.peg.566.site.2, 1, 84, 85
349741.6.peg.566.site.3, 16, 82, 98
349741.6.peg.566.site.4, 91, 93, 184
349741.6.peg.566.site.5, 4, 97, 101
349741.6.peg.566.site.6, 36, 97, 133
349741.6.peg.566.site.7, 19, 97, 116
349741.6.peg.566.site.8, 32, 93, 125
349741.6.peg.566.site.9, 5, 83, 88
349741.6.peg.566.site.10, 46, 79, 125
349741.6.peg.566.site.11, 27, 88, 115
349741.6.peg.566.site.12, 38, 91, 129
349741.6.peg.566.site.13, 33, 94, 127
349741.6.peg.566.site.14, 35, 95, 130
349741.6.peg.566.site.15, 1, 97, 98
349741.6.peg.566.site.16, 2, 97, 99
349741.6.peg.566.site.17, 36, 97, 133
349741.6.peg.566.site.18, 36, 97, 133
349741.6.peg.566.site.19, 1, 95, 96
349741.6.peg.566.site.20, 44, 97, 141
349741.6.peg.566.site.21, 39, 88, 127
349741.6.peg.566.site.22, 77, 83, 160
349741.6.peg.566.site.23, 35, 93, 128
349741.6.peg.566.site.24, 39, 91, 130
349741.6.peg.566.site.25, 8, 94, 102
349741.6.peg.566.site.26, 79, 96, 175
349741.6.peg.566.site.27, 3, 95, 98
349741.6.peg.566.site.28, 23, 95, 118
349741.6.peg.566.site.29, 80, 97, 177
349741.6.peg.566.site.30, 4, 96, 100
349741.6.peg.566.site.31, 2, 97, 99
349741.6.peg.566.site.32, 36, 97, 133
349741.6.peg.566.site.33, 72, 79, 151
349741.6.peg.565.site.1, 20, 94, 114
349741.6.peg.565.site.2, 0, 85, 85
349741.6.peg.565.site.3, 74, 76, 150
349741.6.peg.565.site.4, 2, 76, 78
349741.6.peg.565.site.5, 14, 86, 100
349741.6.peg.565.site.6, 16, 88, 104
349741.6.peg.565.site.7, 21, 93, 114
349741.6.peg.565.site.8, 0, 96, 96
349741.6.peg.565.site.9, 24, 96, 120
349741.6.peg.565.site.10, 1, 96, 97
349741.6.peg.565.site.11, 25, 97, 122
349741.6.peg.565.site.12, 49, 91, 140
349741.6.peg.565.site.13, 39, 82, 121
349741.6.peg.565.site.14, 28, 73, 101
349741.6.peg.564.site.1, 3, 97, 100
349741.6.peg.564.site.2, 95, 96, 191
349741.6.peg.564.site.3, 14, 97, 111
349741.6.peg.564.site.4, 1, 97, 98
349741.6.peg.564.site.5, 3, 97, 100
349741.6.peg.564.site.6, 2, 97, 99
349741.6.peg.564.site.7, 80, 97, 177
349741.6.peg.564.site.8, 8, 97, 105
349741.6.peg.564.site.9, 97, 97, 194
349741.6.peg.564.site.10, 97, 97, 194
349741.6.peg.564.site.11, 2, 97, 99
349741.6.peg.564.site.12, 80, 97, 177
349741.6.peg.564.site.13, 1, 97, 98
349741.6.peg.564.site.14, 57, 97, 154
349741.6.peg.564.site.15, 1, 97, 98
349741.6.peg.564.site.16, 22, 94, 116
349741.6.peg.564.site.17, 22, 94, 116
349741.6.peg.564.site.18, 22, 94, 116
349741.6.peg.564.site.19, 1, 94, 95
349741.6.peg.564.site.20, 9, 96, 105
349741.6.peg.564.site.21, 88, 97, 185
349741.6.peg.564.site.22, 9, 96, 105
349741.6.peg.569.site.1, 1, 97, 98
349741.6.peg.569.site.2, 6, 97, 103
349741.6.peg.569.site.3, 71, 97, 168
349741.6.peg.569.site.4, 1, 94, 95
349741.6.peg.569.site.5, 51, 94, 145
349741.6.peg.569.site.6, 2, 97, 99
349741.6.peg.569.site.7, 77, 96, 173
349741.6.peg.569.site.8, 6, 97, 103
349741.6.peg.569.site.9, 1, 97, 98
349741.6.peg.569.site.10, 72, 97, 169
349741.6.peg.569.site.11, 7, 97, 104
349741.6.peg.569.site.12, 1, 97, 98
349741.6.peg.569.site.13, 81, 97, 178
349741.6.peg.569.site.14, 71, 97, 168
349741.6.peg.569.site.15, 50, 97, 147
349741.6.peg.569.site.16, 4, 97, 101
349741.6.peg.569.site.17, 97, 97, 194
349741.6.peg.569.site.18, 70, 96, 166
349741.6.peg.568.site.1, 14, 31, 45
349741.6.peg.568.site.2, 13, 30, 43
349741.6.peg.568.site.3, 12, 29, 41
349741.6.peg.568.site.4, 2, 61, 63
349741.6.peg.568.site.5, 0, 64, 64
349741.6.peg.568.site.6, 80, 97, 177
349741.6.peg.568.site.7, 72, 95, 167
349741.6.peg.568.site.8, 45, 95, 140
349741.6.peg.568.site.9, 75, 94, 169
349741.6.peg.568.site.10, 2, 78, 80
349741.6.peg.568.site.11, 40, 73, 113
349741.6.peg.568.site.12, 27, 94, 121
349741.6.peg.568.site.13, 0, 95, 95
349741.6.peg.568.site.14, 2, 93, 95
349741.6.peg.101.site.1, 2, 75, 77
349741.6.peg.101.site.2, 2, 72, 74
349741.6.peg.101.site.3, 5, 73, 78
349741.6.peg.101.site.4, 68, 83, 151
349741.6.peg.101.site.5, 2, 86, 88
349741.6.peg.101.site.6, 17, 94, 111
349741.6.peg.101.site.7, 0, 95, 95
349741.6.peg.101.site.8, 93, 94, 187
349741.6.peg.101.site.9, 15, 95, 110
349741.6.peg.101.site.10, 18, 95, 113
349741.6.peg.101.site.11, 30, 90, 120
349741.6.peg.101.site.12, 30, 90, 120
349741.6.peg.101.site.13, 5, 7, 12
349741.6.peg.101.site.14, 5, 7, 12
349741.6.peg.101.site.15, 13, 15, 28
349741.6.peg.101.site.16, 12, 54, 66
349741.6.peg.101.site.17, 21, 94, 115
349741.6.peg.101.site.18, 3, 96, 99
349741.6.peg.101.site.19, 9, 97, 106
349741.6.peg.101.site.20, 93, 95, 188
349741.6.peg.101.site.21, 2, 79, 81
349741.6.peg.101.site.22, 18, 40, 58
349741.6.peg.101.site.23, 7, 29, 36
349741.6.peg.101.site.24, 4, 26, 30
349741.6.peg.101.site.25, 1, 23, 24
349741.6.peg.101.site.26, 1, 23, 24
349741.6.peg.101.site.27, 8, 34, 42
349741.6.peg.101.site.28, 0, 95, 95
349741.6.peg.101.site.29, 0, 94, 94
349741.6.peg.101.site.30, 9, 96, 105
349741.6.peg.101.site.31, 74, 76, 150
349741.6.peg.101.site.32, 3, 9, 12
349741.6.peg.101.site.33, 4, 6, 10
349741.6.peg.101.site.34, 2, 6, 8
349741.6.peg.101.site.35, 1, 13, 14
349741.6.peg.101.site.36, 62, 70, 132
349741.6.peg.101.site.37, 22, 78, 100
349741.6.peg.101.site.38, 0, 95, 95
349741.6.peg.101.site.39, 0, 90, 90
349741.6.peg.101.site.40, 0, 90, 90
349741.6.peg.101.site.41, 20, 76, 96
349741.6.peg.101.site.42, 2, 75, 77
349741.6.peg.101.site.43, 1, 62, 63
349741.6.peg.103.site.1, 2, 94, 96
349741.6.peg.103.site.2, 21, 97, 118
349741.6.peg.104.site.1, 0, 95, 95
349741.6.peg.104.site.2, 95, 97, 192
349741.6.peg.104.site.3, 94, 96, 190
349741.6.peg.104.site.4, 14, 94, 108
349741.6.peg.104.site.5, 3, 96, 99
349741.6.peg.104.site.6, 3, 97, 100
349741.6.peg.104.site.7, 3, 95, 98
349741.6.peg.104.site.8, 2, 87, 89
349741.6.peg.104.site.9, 87, 89, 176
349741.6.peg.104.site.10, 0, 86, 86
349741.6.peg.104.site.11, 2, 83, 85
349741.6.peg.104.site.12, 71, 83, 154
349741.6.peg.104.site.13, 89, 96, 185
349741.6.peg.104.site.14, 92, 94, 186
349741.6.peg.104.site.15, 3, 97, 100
349741.6.peg.104.site.16, 81, 97, 178
349741.6.peg.104.site.17, 3, 97, 100
349741.6.peg.104.site.18, 2, 97, 99
349741.6.peg.104.site.19, 4, 97, 101
349741.6.peg.104.site.20, 1, 97, 98
349741.6.peg.104.site.21, 94, 97, 191
349741.6.peg.107.site.1, 45, 97, 142
349741.6.peg.107.site.2, 45, 97, 142
349741.6.peg.107.site.3, 55, 97, 152
349741.6.peg.107.site.4, 25, 97, 122
349741.6.peg.107.site.5, 25, 97, 122
349741.6.peg.107.site.6, 25, 97, 122
349741.6.peg.107.site.7, 23, 97, 120
349741.6.peg.106.site.1, 4, 91, 95
349741.6.peg.106.site.2, 89, 94, 183
349741.6.peg.106.site.3, 3, 91, 94
349741.6.peg.106.site.4, 2, 92, 94
349741.6.peg.106.site.5, 29, 95, 124
349741.6.peg.106.site.6, 1, 96, 97
349741.6.peg.106.site.7, 92, 95, 187
349741.6.peg.106.site.8, 1, 97, 98
349741.6.peg.106.site.9, 27, 97, 124
349741.6.peg.106.site.10, 50, 97, 147
349741.6.peg.106.site.11, 50, 97, 147
349741.6.peg.106.site.12, 1, 97, 98
349741.6.peg.106.site.13, 2, 97, 99
349741.6.peg.106.site.14, 29, 97, 126
349741.6.peg.106.site.15, 49, 97, 146
349741.6.peg.106.site.16, 0, 96, 96
349741.6.peg.106.site.17, 2, 96, 98
349741.6.peg.106.site.18, 80, 94, 174
349741.6.peg.106.site.19, 2, 95, 97
349741.6.peg.106.site.20, 2, 96, 98
349741.6.peg.106.site.21, 8, 95, 103
349741.6.peg.106.site.22, 1, 97, 98
349741.6.peg.106.site.23, 1, 97, 98
349741.6.peg.106.site.24, 7, 97, 104
349741.6.peg.106.site.25, 2, 97, 99
349741.6.peg.106.site.26, 96, 97, 193
349741.6.peg.106.site.27, 58, 97, 155
349741.6.peg.106.site.28, 83, 97, 180
349741.6.peg.106.site.29, 3, 96, 99
349741.6.peg.106.site.30, 18, 89, 107
349741.6.peg.106.site.31, 83, 96, 179
349741.6.peg.106.site.32, 1, 96, 97
349741.6.peg.106.site.33, 1, 94, 95
349741.6.peg.106.site.34, 53, 88, 141
349741.6.peg.106.site.35, 3, 92, 95
349741.6.peg.106.site.36, 70, 83, 153
349741.6.peg.106.site.37, 39, 71, 110
349741.6.peg.106.site.38, 7, 82, 89
349741.6.peg.106.site.39, 77, 91, 168
349741.6.peg.106.site.40, 60, 95, 155
349741.6.peg.106.site.41, 69, 97, 166
349741.6.peg.106.site.42, 62, 97, 159
349741.6.peg.106.site.43, 60, 97, 157
349741.6.peg.106.site.44, 96, 96, 192
349741.6.peg.106.site.45, 11, 91, 102
349741.6.peg.106.site.46, 58, 90, 148
349741.6.peg.109.site.1, 54, 96, 150
349741.6.peg.109.site.2, 46, 88, 134
349741.6.peg.109.site.3, 10, 85, 95
349741.6.peg.109.site.4, 2, 86, 88
349741.6.peg.109.site.5, 95, 97, 192
349741.6.peg.109.site.6, 2, 97, 99
349741.6.peg.109.site.7, 79, 97, 176
349741.6.peg.109.site.8, 3, 96, 99
349741.6.peg.109.site.9, 55, 97, 152
349741.6.peg.109.site.10, 1, 95, 96
349741.6.peg.109.site.11, 2, 92, 94
349741.6.peg.109.site.12, 2, 96, 98
349741.6.peg.109.site.13, 80, 95, 175
349741.6.peg.109.site.14, 52, 95, 147
349741.6.peg.109.site.15, 0, 96, 96
349741.6.peg.109.site.16, 1, 95, 96
349741.6.peg.109.site.17, 0, 97, 97
349741.6.peg.109.site.18, 67, 96, 163
349741.6.peg.109.site.19, 22, 96, 118
349741.6.peg.109.site.20, 21, 95, 116
349741.6.peg.109.site.21, 55, 97, 152
349741.6.peg.109.site.22, 47, 86, 133
349741.6.peg.109.site.23, 88, 90, 178
349741.6.peg.109.site.24, 3, 97, 100
349741.6.peg.109.site.25, 8, 97, 105
349741.6.peg.109.site.26, 51, 97, 148
349741.6.peg.109.site.27, 3, 97, 100
349741.6.peg.109.site.28, 95, 97, 192
349741.6.peg.109.site.29, 51, 97, 148
349741.6.peg.109.site.30, 30, 97, 127
349741.6.peg.108.site.1, 33, 95, 128
349741.6.peg.108.site.2, 23, 88, 111
349741.6.peg.108.site.3, 2, 89, 91
349741.6.peg.108.site.4, 3, 83, 86
349741.6.peg.108.site.5, 2, 72, 74
349741.6.peg.108.site.6, 12, 72, 84
349741.6.peg.108.site.7, 2, 75, 77
349741.6.peg.108.site.8, 19, 79, 98
349741.6.peg.108.site.9, 34, 94, 128
349741.6.peg.108.site.10, 28, 95, 123
349741.6.peg.108.site.11, 34, 94, 128
349741.6.peg.108.site.12, 22, 81, 103
349741.6.peg.108.site.13, 17, 77, 94
349741.6.peg.108.site.14, 46, 82, 128
349741.6.peg.108.site.15, 28, 88, 116
349741.6.peg.108.site.16, 96, 96, 192
349741.6.peg.108.site.17, 37, 97, 134
349741.6.peg.108.site.18, 24, 96, 120
349741.6.peg.108.site.19, 93, 95, 188
349741.6.peg.108.site.20, 21, 96, 117
349741.6.peg.108.site.21, 58, 97, 155
349741.6.peg.108.site.22, 0, 97, 97
349741.6.peg.108.site.23, 2, 90, 92
349741.6.peg.108.site.24, 2, 79, 81
349741.6.peg.108.site.25, 2, 70, 72
349741.6.peg.108.site.26, 44, 63, 107
349741.6.peg.108.site.27, 18, 60, 78
349741.6.peg.108.site.28, 21, 97, 118
349741.6.peg.108.site.29, 1, 97, 98
349741.6.peg.2362.site.1, 90, 96, 186
349741.6.peg.2362.site.2, 43, 97, 140
349741.6.peg.2362.site.3, 11, 97, 108
349741.6.peg.2362.site.4, 43, 97, 140
349741.6.peg.2362.site.5, 93, 97, 190
349741.6.peg.2362.site.6, 3, 97, 100
349741.6.peg.2362.site.7, 12, 97, 109
349741.6.peg.2362.site.8, 43, 97, 140
349741.6.peg.2362.site.9, 2, 97, 99
349741.6.peg.2362.site.10, 0, 97, 97
349741.6.peg.2363.site.1, 92, 96, 188
349741.6.peg.2363.site.2, 26, 96, 122
349741.6.peg.2363.site.3, 1, 96, 97
349741.6.peg.2363.site.4, 91, 95, 186
349741.6.peg.2363.site.5, 51, 96, 147
349741.6.peg.2363.site.6, 31, 97, 128
349741.6.peg.2363.site.7, 2, 97, 99
349741.6.peg.2363.site.8, 42, 96, 138
349741.6.peg.2363.site.9, 45, 96, 141
349741.6.peg.2363.site.10, 32, 74, 106
349741.6.peg.2363.site.11, 25, 68, 93
349741.6.peg.2361.site.1, 10, 97, 107
349741.6.peg.2361.site.2, 2, 96, 98
349741.6.peg.2361.site.3, 2, 96, 98
349741.6.peg.2361.site.4, 91, 95, 186
349741.6.peg.2361.site.5, 4, 93, 97
349741.6.peg.2361.site.6, 18, 97, 115
349741.6.peg.2361.site.7, 22, 97, 119
349741.6.peg.2361.site.8, 1, 97, 98
349741.6.peg.2361.site.9, 23, 97, 120
349741.6.peg.2361.site.10, 2, 97, 99
349741.6.peg.2361.site.11, 12, 97, 109
349741.6.peg.2361.site.12, 24, 97, 121
349741.6.peg.2361.site.13, 31, 96, 127
349741.6.peg.2361.site.14, 31, 96, 127
349741.6.peg.2361.site.15, 18, 96, 114
349741.6.peg.1498.site.1, 37, 97, 134
349741.6.peg.1498.site.2, 36, 97, 133
349741.6.peg.1498.site.3, 39, 97, 136
349741.6.peg.1498.site.4, 3, 96, 99
349741.6.peg.1498.site.5, 3, 93, 96
349741.6.peg.1498.site.6, 82, 92, 174
349741.6.peg.1498.site.7, 33, 93, 126
349741.6.peg.1498.site.8, 32, 93, 125
349741.6.peg.1498.site.9, 35, 94, 129
349741.6.peg.1498.site.10, 2, 97, 99
349741.6.peg.1498.site.11, 1, 97, 98
349741.6.peg.1498.site.12, 34, 97, 131
349741.6.peg.1498.site.13, 32, 95, 127
349741.6.peg.1498.site.14, 27, 90, 117
349741.6.peg.1498.site.15, 2, 82, 84
349741.6.peg.1498.site.16, 2, 94, 96
349741.6.peg.1498.site.17, 1, 95, 96
349741.6.peg.1498.site.18, 10, 97, 107
349741.6.peg.1498.site.19, 4, 95, 99
349741.6.peg.1498.site.20, 16, 96, 112
349741.6.peg.1498.site.21, 10, 89, 99
349741.6.peg.1498.site.22, 8, 87, 95
349741.6.peg.1498.site.23, 71, 78, 149
349741.6.peg.1498.site.24, 5, 78, 83
349741.6.peg.1498.site.25, 3, 82, 85
349741.6.peg.1498.site.26, 18, 97, 115
349741.6.peg.1498.site.27, 0, 97, 97
349741.6.peg.1498.site.28, 19, 96, 115
349741.6.peg.1498.site.29, 2, 97, 99
349741.6.peg.1498.site.30, 2, 97, 99
349741.6.peg.1498.site.31, 16, 91, 107
349741.6.peg.1498.site.32, 2, 91, 93
349741.6.peg.1498.site.33, 63, 95, 158
349741.6.peg.1498.site.34, 25, 97, 122
349741.6.peg.1498.site.35, 63, 96, 159
349741.6.peg.1498.site.36, 30, 97, 127
349741.6.peg.1498.site.37, 59, 97, 156
349741.6.peg.1498.site.38, 2, 97, 99
349741.6.peg.1498.site.39, 59, 97, 156
349741.6.peg.1498.site.40, 5, 97, 102
349741.6.peg.1498.site.41, 1, 97, 98
349741.6.peg.1498.site.42, 70, 97, 167
349741.6.peg.1498.site.43, 18, 97, 115
349741.6.peg.1498.site.44, 1, 97, 98
349741.6.peg.1498.site.45, 27, 96, 123
349741.6.peg.1498.site.46, 18, 97, 115
349741.6.peg.1498.site.47, 16, 95, 111
349741.6.peg.1498.site.48, 86, 95, 181
349741.6.peg.1498.site.49, 5, 95, 100
349741.6.peg.1498.site.50, 33, 95, 128
349741.6.peg.1498.site.51, 31, 93, 124
349741.6.peg.1498.site.52, 21, 83, 104
349741.6.peg.2364.site.1, 6, 83, 89
349741.6.peg.2364.site.2, 1, 93, 94
349741.6.peg.2364.site.3, 9, 97, 106
349741.6.peg.2364.site.4, 71, 94, 165
349741.6.peg.2364.site.5, 4, 91, 95
349741.6.peg.2364.site.6, 13, 90, 103
349741.6.peg.2364.site.7, 1, 90, 91
349741.6.peg.2364.site.8, 5, 97, 102
349741.6.peg.2364.site.9, 51, 97, 148
349741.6.peg.2364.site.10, 93, 97, 190
349741.6.peg.2364.site.11, 5, 97, 102
349741.6.peg.2364.site.12, 9, 96, 105
349741.6.peg.2364.site.13, 93, 97, 190
349741.6.peg.2364.site.14, 3, 97, 100
349741.6.peg.2364.site.15, 9, 97, 106
349741.6.peg.2364.site.16, 9, 97, 106
349741.6.peg.2364.site.17, 63, 97, 160
349741.6.peg.2364.site.18, 9, 97, 106
349741.6.peg.2364.site.19, 7, 97, 104
349741.6.peg.2364.site.20, 2, 97, 99
349741.6.peg.2364.site.21, 8, 96, 104
349741.6.peg.2364.site.22, 2, 94, 96
349741.6.peg.2364.site.23, 4, 96, 100
349741.6.peg.2364.site.24, 1, 96, 97
349741.6.peg.2364.site.25, 88, 97, 185
349741.6.peg.2364.site.26, 2, 96, 98
349741.6.peg.2364.site.27, 88, 96, 184
349741.6.peg.2364.site.28, 2, 96, 98
349741.6.peg.2364.site.29, 5, 93, 98
349741.6.peg.2364.site.30, 3, 88, 91
349741.6.peg.2364.site.31, 85, 88, 173
349741.6.peg.2364.site.32, 2, 88, 90
349741.6.peg.2364.site.33, 2, 89, 91
349741.6.peg.2364.site.34, 5, 93, 98
349741.6.peg.2364.site.35, 1, 96, 97
349741.6.peg.2364.site.36, 8, 95, 103
349741.6.peg.2364.site.37, 92, 95, 187
349741.6.peg.2364.site.38, 2, 81, 83
349741.6.peg.2364.site.39, 1, 78, 79
349741.6.peg.2364.site.40, 2, 80, 82
349741.6.peg.1495.site.1, 2, 96, 98
349741.6.peg.1495.site.2, 13, 97, 110
349741.6.peg.1495.site.3, 2, 97, 99
349741.6.peg.1495.site.4, 93, 97, 190
349741.6.peg.1495.site.5, 68, 97, 165
349741.6.peg.1495.site.6, 15, 96, 111
349741.6.peg.1495.site.7, 2, 97, 99
349741.6.peg.1495.site.8, 81, 97, 178
349741.6.peg.1495.site.9, 3, 97, 100
349741.6.peg.1495.site.10, 40, 97, 137
349741.6.peg.1495.site.11, 41, 97, 138
349741.6.peg.1495.site.12, 41, 94, 135
349741.6.peg.1495.site.13, 15, 89, 104
349741.6.peg.1495.site.14, 72, 88, 160
349741.6.peg.1495.site.15, 37, 97, 134
349741.6.peg.2368.site.1, 18, 97, 115
349741.6.peg.2368.site.2, 2, 97, 99
349741.6.peg.2368.site.3, 39, 95, 134
349741.6.peg.2368.site.4, 17, 93, 110
349741.6.peg.2368.site.5, 34, 90, 124
349741.6.peg.2368.site.6, 5, 95, 100
349741.6.peg.2368.site.7, 17, 95, 112
349741.6.peg.2368.site.8, 6, 88, 94
349741.6.peg.2368.site.9, 39, 84, 123
349741.6.peg.2368.site.10, 3, 82, 85
349741.6.peg.2368.site.11, 5, 83, 88
349741.6.peg.2368.site.12, 1, 95, 96
349741.6.peg.2368.site.13, 96, 96, 192
349741.6.peg.1491.site.1, 0, 88, 88
349741.6.peg.1491.site.2, 69, 88, 157
349741.6.peg.1491.site.3, 6, 74, 80
349741.6.peg.1491.site.4, 53, 66, 119
349741.6.peg.1491.site.5, 38, 57, 95
349741.6.peg.1491.site.6, 37, 56, 93
349741.6.peg.1491.site.7, 35, 54, 89
349741.6.peg.1491.site.8, 1, 55, 56
349741.6.peg.1491.site.9, 0, 70, 70
