site, alts, refs, total
908612.3.peg.1798.site.1, 34, 177, 211
908612.3.peg.1798.site.2, 2, 179, 181
908612.3.peg.1798.site.3, 21, 177, 198
908612.3.peg.1798.site.4, 4, 180, 184
908612.3.peg.1798.site.5, 38, 178, 216
908612.3.peg.1798.site.6, 39, 177, 216
908612.3.peg.1798.site.7, 36, 176, 212
908612.3.peg.1798.site.8, 32, 159, 191
908612.3.peg.1249.site.1, 8, 163, 171
908612.3.peg.1249.site.2, 14, 169, 183
908612.3.peg.1249.site.3, 167, 176, 343
908612.3.peg.1249.site.4, 7, 176, 183
908612.3.peg.1248.site.1, 76, 109, 185
908612.3.peg.1248.site.2, 94, 172, 266
908612.3.peg.1248.site.3, 10, 176, 186
908612.3.peg.1248.site.4, 45, 173, 218
908612.3.peg.1248.site.5, 0, 176, 176
908612.3.peg.1248.site.6, 10, 178, 188
908612.3.peg.1248.site.7, 0, 179, 179
908612.3.peg.1248.site.8, 142, 177, 319
908612.3.peg.1248.site.9, 45, 176, 221
908612.3.peg.1248.site.10, 1, 179, 180
908612.3.peg.1248.site.11, 0, 172, 172
908612.3.peg.1248.site.12, 3, 172, 175
908612.3.peg.1248.site.13, 121, 173, 294
908612.3.peg.1248.site.14, 92, 171, 263
908612.3.peg.1248.site.15, 9, 178, 187
908612.3.peg.1248.site.16, 94, 173, 267
908612.3.peg.1248.site.17, 0, 178, 178
908612.3.peg.1248.site.18, 142, 176, 318
908612.3.peg.1248.site.19, 21, 174, 195
908612.3.peg.1248.site.20, 136, 169, 305
908612.3.peg.1248.site.21, 33, 164, 197
908612.3.peg.1248.site.22, 3, 151, 154
908612.3.peg.1248.site.23, 3, 157, 160
908612.3.peg.1248.site.24, 7, 159, 166
908612.3.peg.1248.site.25, 2, 155, 157
908612.3.peg.1248.site.26, 75, 141, 216
908612.3.peg.1248.site.27, 85, 152, 237
908612.3.peg.1248.site.28, 1, 154, 155
908612.3.peg.1248.site.29, 0, 161, 161
908612.3.peg.1248.site.30, 101, 156, 257
908612.3.peg.1248.site.31, 106, 160, 266
908612.3.peg.1248.site.32, 4, 155, 159
908612.3.peg.1248.site.33, 117, 153, 270
908612.3.peg.1248.site.34, 0, 146, 146
908612.3.peg.1248.site.35, 117, 150, 267
908612.3.peg.1248.site.36, 85, 150, 235
908612.3.peg.1248.site.37, 125, 156, 281
908612.3.peg.1248.site.38, 6, 153, 159
908612.3.peg.1248.site.39, 19, 154, 173
908612.3.peg.1795.site.1, 11, 177, 188
908612.3.peg.1795.site.2, 78, 179, 257
908612.3.peg.1795.site.3, 1, 180, 181
908612.3.peg.1795.site.4, 65, 178, 243
908612.3.peg.1795.site.5, 25, 178, 203
908612.3.peg.1795.site.6, 3, 178, 181
908612.3.peg.1795.site.7, 17, 178, 195
908612.3.peg.1795.site.8, 1, 180, 181
908612.3.peg.1795.site.9, 81, 172, 253
908612.3.peg.1795.site.10, 1, 180, 181
908612.3.peg.1795.site.11, 4, 180, 184
908612.3.peg.1795.site.12, 97, 176, 273
908612.3.peg.1795.site.13, 4, 177, 181
908612.3.peg.1795.site.14, 63, 173, 236
908612.3.peg.1795.site.15, 4, 177, 181
908612.3.peg.1795.site.16, 26, 176, 202
908612.3.peg.1795.site.17, 27, 173, 200
908612.3.peg.1795.site.18, 1, 175, 176
908612.3.peg.1795.site.19, 8, 173, 181
908612.3.peg.1795.site.20, 1, 173, 174
908612.3.peg.1795.site.21, 21, 168, 189
908612.3.peg.1795.site.22, 6, 171, 177
908612.3.peg.1795.site.23, 31, 171, 202
908612.3.peg.1795.site.24, 12, 174, 186
908612.3.peg.1795.site.25, 27, 161, 188
908612.3.peg.1246.site.1, 2, 179, 181
908612.3.peg.1246.site.2, 0, 180, 180
908612.3.peg.1246.site.3, 56, 175, 231
908612.3.peg.1246.site.4, 52, 174, 226
908612.3.peg.1246.site.5, 1, 180, 181
908612.3.peg.1246.site.6, 1, 178, 179
908612.3.peg.1246.site.7, 24, 178, 202
908612.3.peg.1246.site.8, 4, 176, 180
908612.3.peg.1246.site.9, 4, 178, 182
908612.3.peg.1246.site.10, 139, 175, 314
908612.3.peg.1246.site.11, 2, 180, 182
908612.3.peg.1246.site.12, 0, 180, 180
908612.3.peg.1246.site.13, 18, 177, 195
908612.3.peg.1246.site.14, 0, 179, 179
908612.3.peg.1246.site.15, 2, 180, 182
908612.3.peg.1246.site.16, 10, 180, 190
908612.3.peg.1246.site.17, 0, 180, 180
908612.3.peg.1246.site.18, 0, 176, 176
908612.3.peg.1246.site.19, 14, 171, 185
908612.3.peg.1246.site.20, 1, 168, 169
908612.3.peg.1246.site.21, 0, 169, 169
908612.3.peg.1246.site.22, 0, 172, 172
908612.3.peg.1246.site.23, 0, 171, 171
908612.3.peg.1246.site.24, 3, 162, 165
908612.3.peg.1246.site.25, 67, 174, 241
908612.3.peg.1246.site.26, 11, 178, 189
908612.3.peg.1246.site.27, 1, 177, 178
908612.3.peg.1246.site.28, 1, 178, 179
908612.3.peg.1246.site.29, 2, 180, 182
908612.3.peg.1246.site.30, 4, 180, 184
908612.3.peg.1246.site.31, 4, 179, 183
908612.3.peg.1246.site.32, 121, 177, 298
908612.3.peg.1246.site.33, 119, 179, 298
908612.3.peg.1246.site.34, 5, 180, 185
908612.3.peg.1246.site.35, 114, 176, 290
908612.3.peg.1246.site.36, 3, 179, 182
908612.3.peg.1246.site.37, 0, 178, 178
908612.3.peg.1246.site.38, 4, 178, 182
908612.3.peg.1246.site.39, 2, 177, 179
908612.3.peg.1246.site.40, 2, 148, 150
908612.3.peg.1246.site.41, 90, 143, 233
908612.3.peg.1246.site.42, 79, 130, 209
908612.3.peg.1246.site.43, 142, 161, 303
908612.3.peg.1246.site.44, 0, 174, 174
908612.3.peg.1246.site.45, 3, 172, 175
908612.3.peg.1246.site.46, 100, 169, 269
908612.3.peg.1246.site.47, 2, 173, 175
908612.3.peg.1246.site.48, 114, 169, 283
908612.3.peg.1246.site.49, 116, 167, 283
908612.3.peg.1246.site.50, 0, 168, 168
908612.3.peg.1246.site.51, 17, 165, 182
908612.3.peg.1246.site.52, 0, 169, 169
908612.3.peg.1246.site.53, 0, 172, 172
908612.3.peg.1246.site.54, 1, 145, 146
908612.3.peg.1246.site.55, 0, 129, 129
908612.3.peg.1246.site.56, 0, 129, 129
908612.3.peg.1246.site.57, 5, 173, 178
908612.3.peg.1246.site.58, 0, 177, 177
908612.3.peg.1246.site.59, 0, 180, 180
908612.3.peg.1246.site.60, 21, 177, 198
908612.3.peg.1246.site.61, 0, 178, 178
908612.3.peg.1246.site.62, 0, 177, 177
908612.3.peg.1246.site.63, 4, 180, 184
908612.3.peg.1246.site.64, 0, 180, 180
908612.3.peg.1246.site.65, 0, 180, 180
908612.3.peg.1245.site.1, 112, 173, 285
908612.3.peg.1245.site.2, 10, 180, 190
908612.3.peg.1245.site.3, 27, 171, 198
908612.3.peg.1245.site.4, 18, 168, 186
908612.3.peg.1245.site.5, 1, 172, 173
908612.3.peg.1245.site.6, 6, 172, 178
908612.3.peg.1245.site.7, 2, 173, 175
908612.3.peg.1245.site.8, 43, 173, 216
908612.3.peg.1245.site.9, 0, 156, 156
908612.3.peg.1245.site.10, 1, 174, 175
908612.3.peg.1245.site.11, 0, 178, 178
908612.3.peg.1245.site.12, 0, 180, 180
908612.3.peg.1245.site.13, 14, 179, 193
908612.3.peg.1245.site.14, 0, 179, 179
908612.3.peg.1245.site.15, 2, 180, 182
908612.3.peg.1245.site.16, 5, 179, 184
908612.3.peg.1245.site.17, 0, 180, 180
908612.3.peg.1245.site.18, 20, 179, 199
908612.3.peg.1244.site.1, 4, 180, 184
908612.3.peg.1244.site.2, 91, 174, 265
908612.3.peg.1244.site.3, 57, 175, 232
908612.3.peg.1244.site.4, 0, 177, 177
908612.3.peg.1244.site.5, 8, 179, 187
908612.3.peg.1244.site.6, 22, 177, 199
908612.3.peg.1244.site.7, 28, 176, 204
908612.3.peg.1244.site.8, 17, 177, 194
908612.3.peg.1244.site.9, 4, 177, 181
908612.3.peg.1244.site.10, 17, 179, 196
908612.3.peg.1244.site.11, 2, 179, 181
908612.3.peg.1244.site.12, 5, 179, 184
908612.3.peg.1244.site.13, 7, 179, 186
908612.3.peg.1244.site.14, 5, 180, 185
908612.3.peg.1244.site.15, 57, 178, 235
908612.3.peg.1244.site.16, 1, 180, 181
908612.3.peg.1244.site.17, 14, 180, 194
908612.3.peg.1244.site.18, 5, 176, 181
908612.3.peg.1244.site.19, 1, 175, 176
908612.3.peg.1244.site.20, 7, 178, 185
908612.3.peg.1244.site.21, 56, 177, 233
908612.3.peg.1244.site.22, 25, 173, 198
908612.3.peg.1244.site.23, 37, 172, 209
908612.3.peg.1244.site.24, 3, 180, 183
908612.3.peg.1244.site.25, 5, 180, 185
908612.3.peg.1243.site.1, 37, 172, 209
908612.3.peg.1243.site.2, 0, 176, 176
908612.3.peg.1243.site.3, 5, 174, 179
908612.3.peg.1243.site.4, 4, 177, 181
908612.3.peg.1243.site.5, 16, 177, 193
908612.3.peg.1243.site.6, 3, 178, 181
908612.3.peg.1243.site.7, 0, 179, 179
908612.3.peg.1243.site.8, 3, 179, 182
908612.3.peg.1243.site.9, 0, 179, 179
908612.3.peg.1243.site.10, 51, 178, 229
908612.3.peg.1243.site.11, 59, 178, 237
908612.3.peg.1243.site.12, 7, 180, 187
908612.3.peg.1243.site.13, 8, 180, 188
908612.3.peg.1243.site.14, 3, 179, 182
908612.3.peg.1243.site.15, 7, 178, 185
908612.3.peg.1243.site.16, 5, 180, 185
908612.3.peg.1242.site.1, 1, 180, 181
908612.3.peg.1242.site.2, 77, 177, 254
908612.3.peg.1242.site.3, 75, 175, 250
908612.3.peg.1242.site.4, 2, 180, 182
908612.3.peg.1793.site.1, 4, 177, 181
908612.3.peg.1793.site.2, 0, 178, 178
908612.3.peg.1793.site.3, 114, 171, 285
908612.3.peg.1793.site.4, 40, 170, 210
908612.3.peg.1793.site.5, 133, 172, 305
908612.3.peg.1793.site.6, 55, 171, 226
908612.3.peg.1793.site.7, 4, 176, 180
908612.3.peg.1793.site.8, 2, 178, 180
908612.3.peg.1793.site.9, 6, 178, 184
908612.3.peg.1793.site.10, 4, 179, 183
908612.3.peg.1793.site.11, 121, 174, 295
908612.3.peg.1793.site.12, 22, 178, 200
908612.3.peg.1793.site.13, 82, 173, 255
908612.3.peg.1793.site.14, 80, 173, 253
908612.3.peg.1793.site.15, 6, 179, 185
908612.3.peg.1793.site.16, 4, 172, 176
908612.3.peg.1793.site.17, 4, 176, 180
908612.3.peg.1793.site.18, 114, 169, 283
908612.3.peg.1793.site.19, 106, 169, 275
908612.3.peg.1793.site.20, 7, 172, 179
908612.3.peg.1793.site.21, 45, 152, 197
908612.3.peg.1793.site.22, 53, 156, 209
908612.3.peg.1793.site.23, 8, 156, 164
908612.3.peg.1793.site.24, 51, 157, 208
908612.3.peg.1793.site.25, 11, 179, 190
908612.3.peg.1793.site.26, 1, 179, 180
908612.3.peg.1793.site.27, 4, 179, 183
908612.3.peg.1793.site.28, 30, 173, 203
908612.3.peg.1793.site.29, 53, 172, 225
908612.3.peg.1793.site.30, 0, 177, 177
908612.3.peg.1793.site.31, 70, 175, 245
908612.3.peg.1792.site.1, 4, 178, 182
908612.3.peg.1792.site.2, 7, 179, 186
908612.3.peg.1792.site.3, 1, 179, 180
908612.3.peg.1792.site.4, 6, 180, 186
908612.3.peg.1792.site.5, 0, 179, 179
908612.3.peg.1792.site.6, 71, 168, 239
908612.3.peg.1792.site.7, 2, 173, 175
908612.3.peg.1792.site.8, 83, 170, 253
908612.3.peg.1792.site.9, 86, 173, 259
908612.3.peg.1792.site.10, 85, 171, 256
908612.3.peg.1792.site.11, 86, 173, 259
908612.3.peg.1792.site.12, 1, 176, 177
908612.3.peg.1792.site.13, 94, 175, 269
908612.3.peg.1792.site.14, 6, 180, 186
908612.3.peg.1792.site.15, 6, 179, 185
908612.3.peg.1792.site.16, 86, 174, 260
908612.3.peg.1792.site.17, 80, 177, 257
908612.3.peg.1792.site.18, 6, 180, 186
908612.3.peg.1792.site.19, 3, 180, 183
908612.3.peg.1792.site.20, 6, 179, 185
908612.3.peg.1792.site.21, 12, 179, 191
908612.3.peg.1792.site.22, 5, 177, 182
908612.3.peg.1792.site.23, 5, 177, 182
908612.3.peg.1649.site.1, 118, 179, 297
908612.3.peg.1649.site.2, 13, 172, 185
908612.3.peg.1649.site.3, 1, 167, 168
908612.3.peg.1649.site.4, 5, 170, 175
908612.3.peg.1649.site.5, 116, 171, 287
908612.3.peg.1649.site.6, 0, 176, 176
908612.3.peg.1649.site.7, 0, 177, 177
908612.3.peg.1643.site.1, 15, 171, 186
908612.3.peg.1643.site.2, 179, 179, 358
908612.3.peg.1643.site.3, 135, 156, 291
908612.3.peg.1643.site.4, 66, 87, 153
908612.3.peg.1643.site.5, 8, 29, 37
908612.3.peg.1643.site.6, 1, 22, 23
908612.3.peg.1643.site.7, 3, 26, 29
908612.3.peg.1643.site.8, 3, 34, 37
908612.3.peg.1643.site.9, 14, 35, 49
908612.3.peg.1643.site.10, 8, 36, 44
908612.3.peg.1643.site.11, 6, 33, 39
908612.3.peg.1643.site.12, 11, 36, 47
908612.3.peg.1643.site.13, 8, 33, 41
908612.3.peg.1643.site.14, 2, 27, 29
908612.3.peg.1643.site.15, 24, 53, 77
908612.3.peg.1643.site.16, 9, 108, 117
908612.3.peg.1643.site.17, 8, 179, 187
908612.3.peg.1643.site.18, 22, 174, 196
908612.3.peg.1643.site.19, 22, 174, 196
908612.3.peg.1643.site.20, 25, 176, 201
908612.3.peg.1643.site.21, 25, 176, 201
908612.3.peg.1643.site.22, 17, 177, 194
908612.3.peg.1643.site.23, 7, 179, 186
908612.3.peg.1643.site.24, 1, 180, 181
908612.3.peg.1643.site.25, 2, 179, 181
908612.3.peg.1643.site.26, 0, 177, 177
908612.3.peg.1643.site.27, 6, 179, 185
908612.3.peg.1643.site.28, 151, 175, 326
908612.3.peg.1643.site.29, 30, 176, 206
908612.3.peg.1643.site.30, 31, 176, 207
908612.3.peg.1643.site.31, 30, 174, 204
908612.3.peg.1643.site.32, 120, 177, 297
908612.3.peg.1643.site.33, 127, 172, 299
908612.3.peg.1643.site.34, 6, 177, 183
908612.3.peg.1643.site.35, 41, 163, 204
908612.3.peg.1643.site.36, 0, 145, 145
908612.3.peg.1643.site.37, 7, 131, 138
908612.3.peg.1643.site.38, 146, 159, 305
908612.3.peg.1643.site.39, 0, 176, 176
908612.3.peg.1643.site.40, 84, 169, 253
908612.3.peg.1643.site.41, 0, 178, 178
908612.3.peg.1643.site.42, 6, 177, 183
908612.3.peg.1643.site.43, 6, 178, 184
908612.3.peg.1643.site.44, 7, 179, 186
908612.3.peg.1643.site.45, 2, 176, 178
908612.3.peg.1643.site.46, 24, 175, 199
908612.3.peg.1643.site.47, 18, 177, 195
908612.3.peg.1643.site.48, 2, 179, 181
908612.3.peg.1643.site.49, 0, 179, 179
908612.3.peg.1643.site.50, 86, 172, 258
908612.3.peg.1643.site.51, 78, 172, 250
908612.3.peg.1643.site.52, 7, 180, 187
908612.3.peg.1643.site.53, 1, 180, 181
908612.3.peg.1643.site.54, 60, 175, 235
908612.3.peg.1643.site.55, 3, 174, 177
908612.3.peg.1643.site.56, 2, 172, 174
908612.3.peg.1643.site.57, 55, 163, 218
908612.3.peg.1643.site.58, 0, 152, 152
908612.3.peg.1643.site.59, 0, 168, 168
908612.3.peg.1641.site.1, 71, 124, 195
908612.3.peg.1641.site.2, 83, 134, 217
908612.3.peg.1641.site.3, 98, 168, 266
908612.3.peg.1641.site.4, 5, 175, 180
908612.3.peg.1641.site.5, 26, 178, 204
908612.3.peg.1641.site.6, 8, 180, 188
908612.3.peg.1641.site.7, 135, 178, 313
908612.3.peg.1641.site.8, 3, 179, 182
908612.3.peg.1641.site.9, 19, 179, 198
908612.3.peg.1641.site.10, 1, 180, 181
908612.3.peg.1641.site.11, 74, 174, 248
908612.3.peg.1641.site.12, 1, 179, 180
908612.3.peg.1641.site.13, 52, 177, 229
908612.3.peg.1641.site.14, 53, 177, 230
908612.3.peg.1641.site.15, 2, 180, 182
908612.3.peg.1641.site.16, 1, 180, 181
908612.3.peg.1641.site.17, 2, 178, 180
908612.3.peg.1641.site.18, 6, 180, 186
908612.3.peg.1641.site.19, 1, 179, 180
908612.3.peg.1641.site.20, 3, 180, 183
908612.3.peg.1641.site.21, 1, 180, 181
908612.3.peg.1641.site.22, 3, 179, 182
908612.3.peg.1641.site.23, 8, 178, 186
908612.3.peg.1641.site.24, 1, 145, 146
908612.3.peg.1641.site.25, 42, 175, 217
908612.3.peg.1641.site.26, 19, 175, 194
908612.3.peg.1641.site.27, 48, 177, 225
908612.3.peg.1641.site.28, 46, 177, 223
908612.3.peg.1647.site.1, 3, 178, 181
908612.3.peg.1647.site.2, 8, 178, 186
908612.3.peg.1647.site.3, 0, 179, 179
908612.3.peg.1647.site.4, 2, 180, 182
908612.3.peg.1647.site.5, 11, 180, 191
908612.3.peg.1647.site.6, 8, 180, 188
908612.3.peg.1647.site.7, 112, 177, 289
908612.3.peg.1647.site.8, 119, 171, 290
908612.3.peg.1647.site.9, 22, 171, 193
908612.3.peg.1647.site.10, 62, 174, 236
908612.3.peg.1647.site.11, 4, 180, 184
908612.3.peg.1647.site.12, 30, 177, 207
908612.3.peg.1647.site.13, 1, 178, 179
908612.3.peg.1647.site.14, 26, 175, 201
908612.3.peg.1647.site.15, 2, 179, 181
908612.3.peg.1647.site.16, 5, 179, 184
908612.3.peg.1646.site.1, 42, 173, 215
908612.3.peg.1646.site.2, 44, 174, 218
908612.3.peg.1646.site.3, 13, 178, 191
908612.3.peg.1646.site.4, 3, 178, 181
908612.3.peg.1646.site.5, 73, 174, 247
908612.3.peg.1646.site.6, 2, 180, 182
908612.3.peg.1646.site.7, 1, 180, 181
908612.3.peg.1646.site.8, 102, 178, 280
908612.3.peg.1646.site.9, 39, 178, 217
908612.3.peg.1645.site.1, 0, 180, 180
908612.3.peg.1645.site.2, 0, 180, 180
908612.3.peg.1645.site.3, 39, 178, 217
908612.3.peg.1645.site.4, 40, 179, 219
908612.3.peg.1645.site.5, 2, 179, 181
908612.3.peg.1644.site.1, 0, 178, 178
908612.3.peg.1644.site.2, 0, 175, 175
908612.3.peg.1644.site.3, 0, 175, 175
908612.3.peg.1644.site.4, 155, 179, 334
908612.3.peg.1644.site.5, 0, 179, 179
908612.3.peg.1644.site.6, 0, 179, 179
908612.3.peg.1644.site.7, 172, 178, 350
908612.3.peg.1644.site.8, 2, 178, 180
908612.3.peg.1644.site.9, 0, 164, 164
908612.3.peg.1644.site.10, 0, 177, 177
908612.3.peg.1644.site.11, 67, 178, 245
908612.3.peg.1644.site.12, 1, 179, 180
908612.3.peg.1644.site.13, 1, 180, 181
908612.3.peg.1644.site.14, 0, 180, 180
908612.3.peg.1644.site.15, 1, 180, 181
908612.3.peg.1644.site.16, 54, 177, 231
908612.3.peg.1644.site.17, 0, 176, 176
908612.3.peg.1644.site.18, 0, 179, 179
908612.3.peg.1644.site.19, 52, 171, 223
908612.3.peg.1644.site.20, 49, 164, 213
908612.3.peg.1644.site.21, 36, 150, 186
908612.3.peg.1644.site.22, 14, 175, 189
908612.3.peg.1644.site.23, 43, 176, 219
908612.3.peg.128.site.1, 65, 174, 239
908612.3.peg.128.site.2, 0, 179, 179
908612.3.peg.128.site.3, 1, 179, 180
908612.3.peg.128.site.4, 0, 179, 179
908612.3.peg.128.site.5, 17, 175, 192
908612.3.peg.128.site.6, 42, 155, 197
908612.3.peg.128.site.7, 9, 135, 144
908612.3.peg.128.site.8, 20, 170, 190
908612.3.peg.128.site.9, 5, 175, 180
908612.3.peg.128.site.10, 20, 180, 200
908612.3.peg.128.site.11, 6, 180, 186
908612.3.peg.128.site.12, 27, 174, 201
908612.3.peg.128.site.13, 39, 161, 200
908612.3.peg.128.site.14, 5, 144, 149
908612.3.peg.128.site.15, 30, 156, 186
908612.3.peg.128.site.16, 5, 167, 172
908612.3.peg.128.site.17, 7, 180, 187
908612.3.peg.128.site.18, 5, 180, 185
908612.3.peg.128.site.19, 11, 179, 190
908612.3.peg.128.site.20, 11, 180, 191
908612.3.peg.128.site.21, 6, 180, 186
908612.3.peg.128.site.22, 1, 180, 181
908612.3.peg.128.site.23, 43, 175, 218
908612.3.peg.128.site.24, 20, 177, 197
908612.3.peg.128.site.25, 1, 179, 180
908612.3.peg.128.site.26, 2, 179, 181
908612.3.peg.128.site.27, 8, 178, 186
908612.3.peg.128.site.28, 0, 180, 180
908612.3.peg.128.site.29, 3, 179, 182
908612.3.peg.128.site.30, 30, 178, 208
908612.3.peg.128.site.31, 2, 178, 180
908612.3.peg.128.site.32, 0, 173, 173
908612.3.peg.128.site.33, 3, 172, 175
908612.3.peg.128.site.34, 69, 165, 234
908612.3.peg.128.site.35, 9, 170, 179
908612.3.peg.128.site.36, 1, 169, 170
908612.3.peg.128.site.37, 0, 176, 176
908612.3.peg.128.site.38, 8, 180, 188
908612.3.peg.129.site.1, 76, 177, 253
908612.3.peg.129.site.2, 3, 174, 177
908612.3.peg.129.site.3, 0, 179, 179
908612.3.peg.129.site.4, 0, 176, 176
908612.3.peg.129.site.5, 58, 169, 227
908612.3.peg.129.site.6, 39, 175, 214
908612.3.peg.129.site.7, 24, 178, 202
908612.3.peg.126.site.1, 3, 179, 182
908612.3.peg.126.site.2, 1, 178, 179
908612.3.peg.126.site.3, 22, 179, 201
908612.3.peg.126.site.4, 27, 177, 204
908612.3.peg.126.site.5, 28, 177, 205
908612.3.peg.127.site.1, 8, 180, 188
908612.3.peg.127.site.2, 0, 180, 180
908612.3.peg.127.site.3, 0, 179, 179
908612.3.peg.127.site.4, 13, 178, 191
908612.3.peg.127.site.5, 14, 179, 193
908612.3.peg.127.site.6, 3, 179, 182
908612.3.peg.127.site.7, 2, 180, 182
908612.3.peg.127.site.8, 2, 180, 182
908612.3.peg.127.site.9, 1, 171, 172
908612.3.peg.127.site.10, 2, 170, 172
908612.3.peg.127.site.11, 8, 177, 185
908612.3.peg.127.site.12, 52, 155, 207
908612.3.peg.127.site.13, 2, 157, 159
908612.3.peg.127.site.14, 5, 179, 184
908612.3.peg.127.site.15, 16, 179, 195
908612.3.peg.127.site.16, 46, 177, 223
908612.3.peg.127.site.17, 0, 179, 179
908612.3.peg.124.site.1, 2, 180, 182
908612.3.peg.124.site.2, 0, 178, 178
908612.3.peg.124.site.3, 3, 152, 155
908612.3.peg.124.site.4, 7, 150, 157
908612.3.peg.124.site.5, 3, 158, 161
908612.3.peg.124.site.6, 1, 156, 157
908612.3.peg.124.site.7, 1, 169, 170
908612.3.peg.124.site.8, 4, 172, 176
908612.3.peg.124.site.9, 37, 176, 213
908612.3.peg.124.site.10, 1, 176, 177
908612.3.peg.124.site.11, 12, 178, 190
908612.3.peg.124.site.12, 3, 179, 182
908612.3.peg.124.site.13, 6, 179, 185
908612.3.peg.124.site.14, 5, 180, 185
908612.3.peg.124.site.15, 1, 180, 181
908612.3.peg.124.site.16, 11, 178, 189
908612.3.peg.124.site.17, 12, 179, 191
908612.3.peg.124.site.18, 6, 180, 186
908612.3.peg.124.site.19, 23, 180, 203
908612.3.peg.125.site.1, 9, 180, 189
908612.3.peg.125.site.2, 1, 177, 178
908612.3.peg.125.site.3, 31, 166, 197
908612.3.peg.125.site.4, 5, 180, 185
908612.3.peg.125.site.5, 0, 179, 179
908612.3.peg.125.site.6, 0, 178, 178
908612.3.peg.125.site.7, 4, 174, 178
908612.3.peg.125.site.8, 35, 177, 212
908612.3.peg.125.site.9, 9, 177, 186
908612.3.peg.125.site.10, 0, 180, 180
908612.3.peg.125.site.11, 1, 180, 181
908612.3.peg.125.site.12, 9, 176, 185
908612.3.peg.125.site.13, 42, 166, 208
908612.3.peg.125.site.14, 84, 159, 243
908612.3.peg.125.site.15, 1, 162, 163
908612.3.peg.125.site.16, 2, 172, 174
908612.3.peg.125.site.17, 13, 174, 187
908612.3.peg.125.site.18, 9, 172, 181
908612.3.peg.125.site.19, 7, 176, 183
908612.3.peg.125.site.20, 7, 174, 181
908612.3.peg.125.site.21, 7, 170, 177
908612.3.peg.125.site.22, 7, 175, 182
908612.3.peg.125.site.23, 4, 180, 184
908612.3.peg.125.site.24, 12, 178, 190
908612.3.peg.125.site.25, 0, 180, 180
908612.3.peg.125.site.26, 5, 180, 185
908612.3.peg.125.site.27, 34, 177, 211
908612.3.peg.122.site.1, 1, 172, 173
908612.3.peg.122.site.2, 8, 167, 175
908612.3.peg.122.site.3, 87, 162, 249
908612.3.peg.122.site.4, 0, 179, 179
908612.3.peg.123.site.1, 49, 176, 225
908612.3.peg.123.site.2, 49, 175, 224
908612.3.peg.123.site.3, 2, 171, 173
908612.3.peg.123.site.4, 102, 162, 264
908612.3.peg.123.site.5, 87, 169, 256
908612.3.peg.123.site.6, 0, 178, 178
908612.3.peg.123.site.7, 0, 180, 180
908612.3.peg.123.site.8, 0, 166, 166
908612.3.peg.123.site.9, 134, 168, 302
908612.3.peg.123.site.10, 39, 173, 212
908612.3.peg.123.site.11, 29, 174, 203
908612.3.peg.123.site.12, 107, 175, 282
908612.3.peg.123.site.13, 3, 177, 180
908612.3.peg.123.site.14, 0, 177, 177
908612.3.peg.123.site.15, 1, 177, 178
908612.3.peg.123.site.16, 2, 179, 181
908612.3.peg.123.site.17, 16, 178, 194
908612.3.peg.123.site.18, 112, 172, 284
908612.3.peg.123.site.19, 0, 178, 178
908612.3.peg.123.site.20, 2, 178, 180
908612.3.peg.123.site.21, 2, 180, 182
908612.3.peg.123.site.22, 2, 180, 182
908612.3.peg.123.site.23, 1, 179, 180
908612.3.peg.123.site.24, 11, 179, 190
908612.3.peg.123.site.25, 1, 179, 180
908612.3.peg.123.site.26, 1, 179, 180
908612.3.peg.123.site.27, 2, 178, 180
908612.3.peg.123.site.28, 0, 161, 161
908612.3.peg.123.site.29, 43, 163, 206
908612.3.peg.123.site.30, 0, 164, 164
908612.3.peg.123.site.31, 53, 166, 219
908612.3.peg.123.site.32, 0, 178, 178
908612.3.peg.123.site.33, 0, 179, 179
908612.3.peg.123.site.34, 49, 178, 227
908612.3.peg.123.site.35, 2, 180, 182
908612.3.peg.123.site.36, 5, 180, 185
908612.3.peg.123.site.37, 54, 179, 233
908612.3.peg.123.site.38, 3, 179, 182
908612.3.peg.123.site.39, 0, 179, 179
908612.3.peg.123.site.40, 90, 180, 270
908612.3.peg.120.site.1, 59, 176, 235
908612.3.peg.120.site.2, 3, 180, 183
908612.3.peg.120.site.3, 38, 178, 216
908612.3.peg.120.site.4, 2, 180, 182
908612.3.peg.120.site.5, 47, 178, 225
908612.3.peg.120.site.6, 51, 178, 229
908612.3.peg.120.site.7, 121, 173, 294
908612.3.peg.120.site.8, 1, 179, 180
908612.3.peg.120.site.9, 3, 179, 182
908612.3.peg.120.site.10, 1, 175, 176
908612.3.peg.120.site.11, 0, 172, 172
908612.3.peg.120.site.12, 30, 176, 206
908612.3.peg.120.site.13, 30, 175, 205
908612.3.peg.120.site.14, 1, 179, 180
908612.3.peg.120.site.15, 5, 178, 183
908612.3.peg.120.site.16, 28, 167, 195
908612.3.peg.120.site.17, 42, 172, 214
908612.3.peg.120.site.18, 0, 176, 176
908612.3.peg.120.site.19, 7, 179, 186
908612.3.peg.120.site.20, 40, 179, 219
908612.3.peg.120.site.21, 2, 180, 182
908612.3.peg.120.site.22, 20, 177, 197
908612.3.peg.120.site.23, 32, 177, 209
908612.3.peg.120.site.24, 1, 179, 180
908612.3.peg.120.site.25, 19, 177, 196
908612.3.peg.120.site.26, 2, 178, 180
908612.3.peg.120.site.27, 17, 179, 196
908612.3.peg.120.site.28, 3, 178, 181
908612.3.peg.120.site.29, 6, 179, 185
908612.3.peg.120.site.30, 1, 180, 181
908612.3.peg.120.site.31, 1, 179, 180
908612.3.peg.120.site.32, 0, 176, 176
908612.3.peg.120.site.33, 28, 177, 205
908612.3.peg.120.site.34, 15, 175, 190
908612.3.peg.120.site.35, 0, 179, 179
908612.3.peg.120.site.36, 55, 176, 231
908612.3.peg.120.site.37, 4, 178, 182
908612.3.peg.120.site.38, 44, 176, 220
908612.3.peg.121.site.1, 2, 180, 182
908612.3.peg.121.site.2, 2, 178, 180
908612.3.peg.121.site.3, 34, 179, 213
908612.3.peg.121.site.4, 53, 176, 229
908612.3.peg.121.site.5, 2, 179, 181
908612.3.peg.121.site.6, 0, 178, 178
908612.3.peg.121.site.7, 51, 178, 229
908612.3.peg.121.site.8, 2, 180, 182
908612.3.peg.121.site.9, 47, 177, 224
908612.3.peg.121.site.10, 4, 177, 181
908612.3.peg.121.site.11, 3, 179, 182
908612.3.peg.121.site.12, 4, 180, 184
908612.3.peg.121.site.13, 3, 170, 173
908612.3.peg.121.site.14, 0, 171, 171
908612.3.peg.121.site.15, 15, 176, 191
908612.3.peg.121.site.16, 2, 179, 181
908612.3.peg.121.site.17, 0, 179, 179
908612.3.peg.121.site.18, 0, 177, 177
908612.3.peg.121.site.19, 19, 176, 195
908612.3.peg.121.site.20, 0, 174, 174
908612.3.peg.121.site.21, 3, 174, 177
908612.3.peg.121.site.22, 143, 174, 317
908612.3.peg.121.site.23, 3, 171, 174
908612.3.peg.121.site.24, 38, 165, 203
908612.3.peg.121.site.25, 0, 160, 160
908612.3.peg.121.site.26, 0, 169, 169
908612.3.peg.121.site.27, 35, 172, 207
908612.3.peg.121.site.28, 54, 176, 230
908612.3.peg.121.site.29, 39, 171, 210
908612.3.peg.121.site.30, 6, 180, 186
908612.3.peg.121.site.31, 7, 172, 179
908612.3.peg.121.site.32, 3, 175, 178
908612.3.peg.121.site.33, 153, 175, 328
908612.3.peg.121.site.34, 60, 174, 234
908612.3.peg.2819.site.1, 0, 178, 178
908612.3.peg.2819.site.2, 0, 179, 179
908612.3.peg.2819.site.3, 28, 178, 206
908612.3.peg.2819.site.4, 63, 172, 235
908612.3.peg.2819.site.5, 0, 180, 180
908612.3.peg.2819.site.6, 20, 178, 198
908612.3.peg.2819.site.7, 6, 180, 186
908612.3.peg.2819.site.8, 0, 177, 177
908612.3.peg.2819.site.9, 29, 178, 207
908612.3.peg.2819.site.10, 17, 168, 185
908612.3.peg.2819.site.11, 58, 170, 228
908612.3.peg.2819.site.12, 119, 143, 262
908612.3.peg.2819.site.13, 1, 81, 82
908612.3.peg.2819.site.14, 12, 39, 51
908612.3.peg.2819.site.15, 1, 139, 140
908612.3.peg.2819.site.16, 134, 138, 272
908612.3.peg.2819.site.17, 0, 137, 137
908612.3.peg.2819.site.18, 87, 136, 223
908612.3.peg.2819.site.19, 0, 151, 151
908612.3.peg.2819.site.20, 28, 149, 177
908612.3.peg.2819.site.21, 15, 158, 173
908612.3.peg.2819.site.22, 120, 152, 272
908612.3.peg.2819.site.23, 161, 163, 324
908612.3.peg.2819.site.24, 30, 161, 191
908612.3.peg.2819.site.25, 4, 166, 170
908612.3.peg.2819.site.26, 101, 153, 254
908612.3.peg.2819.site.27, 150, 160, 310
908612.3.peg.2819.site.28, 141, 147, 288
908612.3.peg.2819.site.29, 3, 161, 164
908612.3.peg.2819.site.30, 14, 158, 172
908612.3.peg.2819.site.31, 101, 163, 264
908612.3.peg.2819.site.32, 0, 172, 172
908612.3.peg.2819.site.33, 5, 143, 148
908612.3.peg.2819.site.34, 2, 140, 142
908612.3.peg.2819.site.35, 14, 124, 138
908612.3.peg.2819.site.36, 98, 126, 224
908612.3.peg.2819.site.37, 0, 155, 155
908612.3.peg.2819.site.38, 3, 169, 172
908612.3.peg.2819.site.39, 105, 168, 273
908612.3.peg.2819.site.40, 96, 168, 264
908612.3.peg.2819.site.41, 0, 174, 174
908612.3.peg.1331.site.1, 2, 180, 182
908612.3.peg.1331.site.2, 0, 180, 180
908612.3.peg.1331.site.3, 7, 178, 185
908612.3.peg.1331.site.4, 1, 174, 175
908612.3.peg.1331.site.5, 44, 167, 211
908612.3.peg.1331.site.6, 52, 163, 215
908612.3.peg.1331.site.7, 57, 166, 223
908612.3.peg.1331.site.8, 63, 171, 234
908612.3.peg.1331.site.9, 64, 173, 237
908612.3.peg.1331.site.10, 34, 177, 211
908612.3.peg.1331.site.11, 34, 177, 211
908612.3.peg.1330.site.1, 6, 175, 181
908612.3.peg.1330.site.2, 150, 180, 330
908612.3.peg.1330.site.3, 0, 179, 179
908612.3.peg.1330.site.4, 0, 177, 177
908612.3.peg.1330.site.5, 0, 177, 177
908612.3.peg.1330.site.6, 12, 179, 191
908612.3.peg.1330.site.7, 12, 179, 191
908612.3.peg.1330.site.8, 6, 178, 184
908612.3.peg.1330.site.9, 149, 178, 327
908612.3.peg.1330.site.10, 39, 175, 214
908612.3.peg.1330.site.11, 0, 176, 176
908612.3.peg.1330.site.12, 0, 177, 177
908612.3.peg.1330.site.13, 1, 178, 179
908612.3.peg.1330.site.14, 103, 174, 277
908612.3.peg.1330.site.15, 103, 174, 277
908612.3.peg.1330.site.16, 2, 179, 181
908612.3.peg.1330.site.17, 1, 180, 181
908612.3.peg.1330.site.18, 5, 180, 185
908612.3.peg.1330.site.19, 0, 179, 179
908612.3.peg.1330.site.20, 0, 179, 179
908612.3.peg.1330.site.21, 30, 179, 209
908612.3.peg.1330.site.22, 1, 177, 178
908612.3.peg.1330.site.23, 0, 177, 177
908612.3.peg.1330.site.24, 1, 170, 171
908612.3.peg.1330.site.25, 35, 178, 213
908612.3.peg.1330.site.26, 0, 179, 179
908612.3.peg.1330.site.27, 0, 180, 180
908612.3.peg.1330.site.28, 1, 180, 181
908612.3.peg.1330.site.29, 13, 180, 193
908612.3.peg.1330.site.30, 2, 177, 179
908612.3.peg.1330.site.31, 31, 176, 207
908612.3.peg.1330.site.32, 1, 177, 178
908612.3.peg.1330.site.33, 6, 177, 183
908612.3.peg.1330.site.34, 0, 180, 180
908612.3.peg.1330.site.35, 69, 175, 244
908612.3.peg.1330.site.36, 3, 169, 172
908612.3.peg.1330.site.37, 31, 124, 155
908612.3.peg.1330.site.38, 99, 163, 262
908612.3.peg.1330.site.39, 0, 177, 177
908612.3.peg.1423.site.1, 3, 176, 179
908612.3.peg.1423.site.2, 1, 179, 180
908612.3.peg.1423.site.3, 0, 180, 180
908612.3.peg.1423.site.4, 6, 173, 179
908612.3.peg.1423.site.5, 0, 180, 180
908612.3.peg.1423.site.6, 4, 178, 182
908612.3.peg.1423.site.7, 3, 180, 183
908612.3.peg.1423.site.8, 3, 180, 183
908612.3.peg.1423.site.9, 6, 179, 185
908612.3.peg.1423.site.10, 0, 179, 179
908612.3.peg.1423.site.11, 0, 180, 180
908612.3.peg.1423.site.12, 2, 177, 179
908612.3.peg.1423.site.13, 3, 180, 183
908612.3.peg.1423.site.14, 0, 180, 180
908612.3.peg.1422.site.1, 2, 178, 180
908612.3.peg.1422.site.2, 26, 179, 205
908612.3.peg.1422.site.3, 3, 180, 183
908612.3.peg.1422.site.4, 13, 179, 192
908612.3.peg.1422.site.5, 98, 177, 275
908612.3.peg.1422.site.6, 0, 178, 178
908612.3.peg.1422.site.7, 23, 179, 202
908612.3.peg.1422.site.8, 1, 179, 180
908612.3.peg.1422.site.9, 3, 176, 179
908612.3.peg.1422.site.10, 2, 176, 178
908612.3.peg.1421.site.1, 57, 172, 229
908612.3.peg.1420.site.1, 0, 180, 180
908612.3.peg.1420.site.2, 1, 180, 181
908612.3.peg.1420.site.3, 8, 179, 187
908612.3.peg.1420.site.4, 8, 179, 187
908612.3.peg.1420.site.5, 4, 179, 183
908612.3.peg.1420.site.6, 3, 180, 183
908612.3.peg.1420.site.7, 3, 179, 182
908612.3.peg.1420.site.8, 9, 179, 188
908612.3.peg.1420.site.9, 6, 180, 186
908612.3.peg.1420.site.10, 5, 180, 185
908612.3.peg.1420.site.11, 50, 177, 227
908612.3.peg.1420.site.12, 2, 179, 181
908612.3.peg.1420.site.13, 3, 179, 182
908612.3.peg.1420.site.14, 3, 179, 182
908612.3.peg.1420.site.15, 25, 164, 189
908612.3.peg.1420.site.16, 8, 180, 188
908612.3.peg.1420.site.17, 5, 180, 185
908612.3.peg.1420.site.18, 0, 180, 180
908612.3.peg.1420.site.19, 0, 180, 180
908612.3.peg.1420.site.20, 22, 179, 201
908612.3.peg.1420.site.21, 0, 180, 180
908612.3.peg.1420.site.22, 0, 180, 180
908612.3.peg.1420.site.23, 3, 179, 182
908612.3.peg.1427.site.1, 7, 167, 174
908612.3.peg.1427.site.2, 6, 179, 185
908612.3.peg.1426.site.1, 24, 156, 180
908612.3.peg.1426.site.2, 110, 164, 274
908612.3.peg.1426.site.3, 114, 169, 283
908612.3.peg.1426.site.4, 32, 170, 202
908612.3.peg.1426.site.5, 45, 174, 219
908612.3.peg.1426.site.6, 47, 177, 224
908612.3.peg.1426.site.7, 33, 178, 211
908612.3.peg.1426.site.8, 49, 165, 214
908612.3.peg.1426.site.9, 1, 172, 173
908612.3.peg.1426.site.10, 14, 179, 193
908612.3.peg.1426.site.11, 0, 179, 179
908612.3.peg.1426.site.12, 49, 175, 224
908612.3.peg.1426.site.13, 0, 180, 180
908612.3.peg.1426.site.14, 35, 176, 211
908612.3.peg.1426.site.15, 2, 180, 182
908612.3.peg.1426.site.16, 62, 175, 237
908612.3.peg.1426.site.17, 13, 177, 190
908612.3.peg.1426.site.18, 84, 172, 256
908612.3.peg.1426.site.19, 85, 173, 258
908612.3.peg.1426.site.20, 2, 180, 182
908612.3.peg.1426.site.21, 0, 180, 180
908612.3.peg.1426.site.22, 9, 180, 189
908612.3.peg.1426.site.23, 49, 175, 224
908612.3.peg.1425.site.1, 6, 180, 186
908612.3.peg.1425.site.2, 89, 180, 269
908612.3.peg.1425.site.3, 1, 180, 181
908612.3.peg.1425.site.4, 95, 178, 273
908612.3.peg.1425.site.5, 1, 179, 180
908612.3.peg.1425.site.6, 5, 179, 184
908612.3.peg.1425.site.7, 0, 175, 175
908612.3.peg.1425.site.8, 0, 180, 180
908612.3.peg.1425.site.9, 7, 179, 186
908612.3.peg.1425.site.10, 61, 177, 238
908612.3.peg.1425.site.11, 4, 180, 184
908612.3.peg.1425.site.12, 0, 159, 159
908612.3.peg.1425.site.13, 1, 165, 166
908612.3.peg.1425.site.14, 17, 163, 180
908612.3.peg.1425.site.15, 0, 171, 171
908612.3.peg.1425.site.16, 57, 168, 225
908612.3.peg.1425.site.17, 131, 174, 305
908612.3.peg.1425.site.18, 40, 178, 218
908612.3.peg.1425.site.19, 108, 175, 283
908612.3.peg.1425.site.20, 43, 178, 221
908612.3.peg.1425.site.21, 2, 178, 180
908612.3.peg.1425.site.22, 40, 175, 215
908612.3.peg.1425.site.23, 135, 174, 309
908612.3.peg.1425.site.24, 47, 172, 219
908612.3.peg.1425.site.25, 114, 172, 286
908612.3.peg.1425.site.26, 55, 179, 234
908612.3.peg.1425.site.27, 2, 180, 182
908612.3.peg.1425.site.28, 7, 179, 186
908612.3.peg.1425.site.29, 2, 179, 181
908612.3.peg.1425.site.30, 13, 177, 190
908612.3.peg.1425.site.31, 54, 170, 224
908612.3.peg.1425.site.32, 61, 171, 232
908612.3.peg.1425.site.33, 3, 178, 181
908612.3.peg.1425.site.34, 40, 175, 215
908612.3.peg.1425.site.35, 1, 179, 180
908612.3.peg.1425.site.36, 0, 178, 178
908612.3.peg.1425.site.37, 110, 173, 283
908612.3.peg.1425.site.38, 98, 176, 274
908612.3.peg.1425.site.39, 9, 177, 186
908612.3.peg.1425.site.40, 1, 153, 154
908612.3.peg.1425.site.41, 59, 172, 231
908612.3.peg.1425.site.42, 0, 175, 175
908612.3.peg.1425.site.43, 11, 178, 189
908612.3.peg.1425.site.44, 23, 177, 200
908612.3.peg.1425.site.45, 23, 168, 191
908612.3.peg.1425.site.46, 9, 170, 179
908612.3.peg.1425.site.47, 0, 176, 176
908612.3.peg.1425.site.48, 38, 170, 208
908612.3.peg.1425.site.49, 2, 179, 181
908612.3.peg.1425.site.50, 7, 177, 184
908612.3.peg.1425.site.51, 0, 178, 178
908612.3.peg.1425.site.52, 32, 178, 210
908612.3.peg.1425.site.53, 6, 179, 185
908612.3.peg.1425.site.54, 1, 180, 181
908612.3.peg.1425.site.55, 6, 179, 185
908612.3.peg.1425.site.56, 5, 176, 181
908612.3.peg.1425.site.57, 11, 175, 186
908612.3.peg.1425.site.58, 2, 177, 179
908612.3.peg.1425.site.59, 50, 176, 226
908612.3.peg.1425.site.60, 4, 180, 184
908612.3.peg.1424.site.1, 0, 148, 148
908612.3.peg.1424.site.2, 3, 166, 169
908612.3.peg.1424.site.3, 86, 159, 245
908612.3.peg.1424.site.4, 2, 179, 181
908612.3.peg.1424.site.5, 2, 180, 182
908612.3.peg.1424.site.6, 8, 166, 174
908612.3.peg.1424.site.7, 0, 173, 173
908612.3.peg.1424.site.8, 3, 173, 176
908612.3.peg.1424.site.9, 3, 168, 171
908612.3.peg.1424.site.10, 3, 168, 171
908612.3.peg.1424.site.11, 4, 170, 174
908612.3.peg.1424.site.12, 2, 166, 168
908612.3.peg.1424.site.13, 2, 168, 170
908612.3.peg.1424.site.14, 2, 168, 170
908612.3.peg.1424.site.15, 69, 168, 237
908612.3.peg.1424.site.16, 19, 174, 193
908612.3.peg.1424.site.17, 1, 167, 168
908612.3.peg.1424.site.18, 54, 163, 217
908612.3.peg.1424.site.19, 12, 165, 177
908612.3.peg.1424.site.20, 75, 161, 236
908612.3.peg.1424.site.21, 64, 156, 220
908612.3.peg.1424.site.22, 52, 162, 214
908612.3.peg.1424.site.23, 62, 153, 215
908612.3.peg.1424.site.24, 2, 146, 148
908612.3.peg.1424.site.25, 1, 145, 146
908612.3.peg.1424.site.26, 0, 133, 133
908612.3.peg.1424.site.27, 2, 145, 147
908612.3.peg.1424.site.28, 0, 170, 170
908612.3.peg.1424.site.29, 80, 174, 254
908612.3.peg.1424.site.30, 2, 173, 175
908612.3.peg.1424.site.31, 6, 175, 181
908612.3.peg.1424.site.32, 6, 176, 182
908612.3.peg.1424.site.33, 8, 175, 183
908612.3.peg.1424.site.34, 0, 177, 177
908612.3.peg.1424.site.35, 2, 177, 179
908612.3.peg.1424.site.36, 5, 178, 183
908612.3.peg.1429.site.1, 3, 175, 178
908612.3.peg.1429.site.2, 88, 164, 252
908612.3.peg.1429.site.3, 0, 166, 166
908612.3.peg.1429.site.4, 80, 158, 238
908612.3.peg.1429.site.5, 28, 155, 183
908612.3.peg.1429.site.6, 72, 149, 221
908612.3.peg.1429.site.7, 30, 146, 176
908612.3.peg.1429.site.8, 1, 157, 158
908612.3.peg.1429.site.9, 42, 161, 203
908612.3.peg.1429.site.10, 78, 165, 243
908612.3.peg.1429.site.11, 6, 173, 179
908612.3.peg.1429.site.12, 3, 180, 183
908612.3.peg.1429.site.13, 5, 180, 185
908612.3.peg.1429.site.14, 6, 178, 184
908612.3.peg.1429.site.15, 2, 179, 181
908612.3.peg.1429.site.16, 1, 180, 181
908612.3.peg.1429.site.17, 2, 179, 181
908612.3.peg.1429.site.18, 27, 178, 205
908612.3.peg.1428.site.1, 1, 178, 179
908612.3.peg.1428.site.2, 0, 179, 179
908612.3.peg.1428.site.3, 41, 178, 219
908612.3.peg.1428.site.4, 47, 176, 223
908612.3.peg.2219.site.1, 76, 176, 252
908612.3.peg.2219.site.2, 3, 178, 181
908612.3.peg.2219.site.3, 125, 177, 302
908612.3.peg.2219.site.4, 3, 179, 182
908612.3.peg.2219.site.5, 4, 179, 183
908612.3.peg.2219.site.6, 4, 179, 183
908612.3.peg.2219.site.7, 0, 179, 179
908612.3.peg.2219.site.8, 0, 178, 178
908612.3.peg.2219.site.9, 12, 175, 187
908612.3.peg.2219.site.10, 0, 169, 169
908612.3.peg.2219.site.11, 3, 172, 175
908612.3.peg.2219.site.12, 11, 178, 189
908612.3.peg.2219.site.13, 2, 167, 169
908612.3.peg.2219.site.14, 114, 172, 286
908612.3.peg.2219.site.15, 4, 175, 179
908612.3.peg.2219.site.16, 127, 167, 294
908612.3.peg.2219.site.17, 3, 170, 173
908612.3.peg.2219.site.18, 1, 170, 171
908612.3.peg.2219.site.19, 1, 167, 168
908612.3.peg.2219.site.20, 1, 169, 170
908612.3.peg.2219.site.21, 9, 179, 188
908612.3.peg.2219.site.22, 47, 179, 226
908612.3.peg.2219.site.23, 24, 177, 201
908612.3.peg.2219.site.24, 11, 177, 188
908612.3.peg.2219.site.25, 0, 180, 180
908612.3.peg.2219.site.26, 2, 179, 181
908612.3.peg.2219.site.27, 0, 164, 164
908612.3.peg.2219.site.28, 0, 131, 131
908612.3.peg.2219.site.29, 3, 146, 149
908612.3.peg.2219.site.30, 4, 129, 133
908612.3.peg.2219.site.31, 4, 129, 133
908612.3.peg.2219.site.32, 1, 141, 142
908612.3.peg.2219.site.33, 11, 148, 159
908612.3.peg.2219.site.34, 47, 172, 219
908612.3.peg.2219.site.35, 5, 180, 185
908612.3.peg.2219.site.36, 125, 176, 301
908612.3.peg.2219.site.37, 60, 176, 236
908612.3.peg.2219.site.38, 4, 180, 184
908612.3.peg.2219.site.39, 0, 179, 179
908612.3.peg.2219.site.40, 14, 177, 191
908612.3.peg.2219.site.41, 0, 179, 179
908612.3.peg.2219.site.42, 0, 179, 179
908612.3.peg.2219.site.43, 9, 179, 188
908612.3.peg.2218.site.1, 138, 179, 317
908612.3.peg.2218.site.2, 137, 178, 315
908612.3.peg.2218.site.3, 2, 180, 182
908612.3.peg.2218.site.4, 1, 180, 181
908612.3.peg.2218.site.5, 1, 180, 181
908612.3.peg.2218.site.6, 120, 176, 296
908612.3.peg.2218.site.7, 2, 180, 182
908612.3.peg.2218.site.8, 2, 179, 181
908612.3.peg.2218.site.9, 2, 179, 181
908612.3.peg.2211.site.1, 1, 158, 159
908612.3.peg.2211.site.2, 23, 155, 178
908612.3.peg.2211.site.3, 3, 167, 170
908612.3.peg.2211.site.4, 2, 177, 179
908612.3.peg.2211.site.5, 19, 176, 195
908612.3.peg.2211.site.6, 65, 174, 239
908612.3.peg.2211.site.7, 46, 171, 217
908612.3.peg.2211.site.8, 31, 147, 178
908612.3.peg.2211.site.9, 57, 141, 198
908612.3.peg.2211.site.10, 16, 149, 165
908612.3.peg.2211.site.11, 8, 153, 161
908612.3.peg.2211.site.12, 9, 137, 146
908612.3.peg.2211.site.13, 3, 140, 143
908612.3.peg.2211.site.14, 1, 153, 154
908612.3.peg.2211.site.15, 2, 163, 165
908612.3.peg.2211.site.16, 9, 159, 168
908612.3.peg.2211.site.17, 18, 163, 181
908612.3.peg.2211.site.18, 27, 161, 188
908612.3.peg.2211.site.19, 17, 175, 192
908612.3.peg.2211.site.20, 134, 178, 312
908612.3.peg.2211.site.21, 0, 178, 178
908612.3.peg.2211.site.22, 15, 176, 191
908612.3.peg.2211.site.23, 8, 176, 184
908612.3.peg.2211.site.24, 1, 179, 180
908612.3.peg.2211.site.25, 68, 177, 245
908612.3.peg.2210.site.1, 3, 180, 183
908612.3.peg.2210.site.2, 11, 179, 190
908612.3.peg.2210.site.3, 26, 176, 202
908612.3.peg.2210.site.4, 4, 172, 176
908612.3.peg.2210.site.5, 0, 179, 179
908612.3.peg.2210.site.6, 0, 177, 177
908612.3.peg.2210.site.7, 0, 175, 175
908612.3.peg.2210.site.8, 14, 178, 192
908612.3.peg.2210.site.9, 0, 179, 179
908612.3.peg.2210.site.10, 0, 178, 178
908612.3.peg.2210.site.11, 0, 177, 177
908612.3.peg.2210.site.12, 92, 175, 267
908612.3.peg.2210.site.13, 2, 179, 181
908612.3.peg.2210.site.14, 1, 178, 179
908612.3.peg.2210.site.15, 3, 174, 177
908612.3.peg.2210.site.16, 6, 175, 181
908612.3.peg.2210.site.17, 31, 172, 203
908612.3.peg.2210.site.18, 1, 132, 133
908612.3.peg.2210.site.19, 3, 123, 126
908612.3.peg.2210.site.20, 24, 123, 147
908612.3.peg.2210.site.21, 25, 124, 149
908612.3.peg.2210.site.22, 27, 134, 161
908612.3.peg.2210.site.23, 28, 142, 170
908612.3.peg.2210.site.24, 1, 151, 152
908612.3.peg.2210.site.25, 90, 130, 220
908612.3.peg.2210.site.26, 0, 128, 128
908612.3.peg.2210.site.27, 7, 133, 140
908612.3.peg.2210.site.28, 0, 144, 144
908612.3.peg.2210.site.29, 2, 136, 138
908612.3.peg.2210.site.30, 15, 142, 157
908612.3.peg.2210.site.31, 0, 153, 153
908612.3.peg.2210.site.32, 23, 155, 178
908612.3.peg.2210.site.33, 33, 166, 199
908612.3.peg.2210.site.34, 108, 172, 280
908612.3.peg.2210.site.35, 21, 176, 197
908612.3.peg.2210.site.36, 0, 178, 178
908612.3.peg.2213.site.1, 41, 164, 205
908612.3.peg.2213.site.2, 43, 176, 219
908612.3.peg.2213.site.3, 9, 180, 189
908612.3.peg.2213.site.4, 6, 180, 186
908612.3.peg.2213.site.5, 13, 179, 192
908612.3.peg.2213.site.6, 3, 180, 183
908612.3.peg.2213.site.7, 0, 180, 180
908612.3.peg.2213.site.8, 24, 176, 200
908612.3.peg.2213.site.9, 8, 179, 187
908612.3.peg.2212.site.1, 3, 174, 177
908612.3.peg.2212.site.2, 1, 170, 171
908612.3.peg.2212.site.3, 21, 171, 192
908612.3.peg.2212.site.4, 6, 174, 180
908612.3.peg.2212.site.5, 87, 168, 255
908612.3.peg.2212.site.6, 42, 175, 217
908612.3.peg.2212.site.7, 3, 176, 179
908612.3.peg.2212.site.8, 1, 160, 161
908612.3.peg.2212.site.9, 60, 151, 211
908612.3.peg.2212.site.10, 9, 152, 161
908612.3.peg.2212.site.11, 1, 129, 130
908612.3.peg.2212.site.12, 0, 142, 142
908612.3.peg.2212.site.13, 29, 131, 160
908612.3.peg.2212.site.14, 108, 145, 253
908612.3.peg.2212.site.15, 12, 134, 146
908612.3.peg.2212.site.16, 12, 122, 134
908612.3.peg.2212.site.17, 73, 111, 184
908612.3.peg.2212.site.18, 1, 111, 112
908612.3.peg.2212.site.19, 2, 110, 112
908612.3.peg.2212.site.20, 2, 106, 108
908612.3.peg.2212.site.21, 3, 107, 110
908612.3.peg.2212.site.22, 5, 105, 110
908612.3.peg.2212.site.23, 11, 107, 118
908612.3.peg.2212.site.24, 32, 126, 158
908612.3.peg.2212.site.25, 5, 152, 157
908612.3.peg.2212.site.26, 41, 164, 205
908612.3.peg.2212.site.27, 2, 179, 181
908612.3.peg.2212.site.28, 71, 175, 246
908612.3.peg.2212.site.29, 119, 175, 294
908612.3.peg.2212.site.30, 2, 180, 182
908612.3.peg.2212.site.31, 3, 180, 183
908612.3.peg.2214.site.1, 0, 180, 180
908612.3.peg.2214.site.2, 4, 180, 184
908612.3.peg.2214.site.3, 68, 174, 242
908612.3.peg.2214.site.4, 0, 180, 180
908612.3.peg.2214.site.5, 0, 180, 180
908612.3.peg.2214.site.6, 5, 179, 184
908612.3.peg.2214.site.7, 11, 178, 189
908612.3.peg.2214.site.8, 94, 176, 270
908612.3.peg.2217.site.1, 2, 180, 182
908612.3.peg.2217.site.2, 5, 178, 183
908612.3.peg.2217.site.3, 3, 179, 182
908612.3.peg.2217.site.4, 32, 177, 209
908612.3.peg.2217.site.5, 0, 179, 179
908612.3.peg.2217.site.6, 10, 178, 188
908612.3.peg.2217.site.7, 0, 178, 178
908612.3.peg.2217.site.8, 0, 178, 178
908612.3.peg.2217.site.9, 22, 177, 199
908612.3.peg.2217.site.10, 3, 180, 183
908612.3.peg.2217.site.11, 29, 174, 203
908612.3.peg.2217.site.12, 18, 172, 190
908612.3.peg.2217.site.13, 2, 170, 172
908612.3.peg.2217.site.14, 5, 156, 161
908612.3.peg.2217.site.15, 135, 174, 309
908612.3.peg.2217.site.16, 1, 180, 181
908612.3.peg.2217.site.17, 67, 175, 242
908612.3.peg.2217.site.18, 4, 180, 184
908612.3.peg.2217.site.19, 11, 180, 191
908612.3.peg.2217.site.20, 4, 179, 183
908612.3.peg.2217.site.21, 13, 180, 193
908612.3.peg.2217.site.22, 18, 177, 195
908612.3.peg.2217.site.23, 3, 179, 182
908612.3.peg.2217.site.24, 3, 179, 182
908612.3.peg.2217.site.25, 3, 178, 181
908612.3.peg.2217.site.26, 101, 175, 276
908612.3.peg.2217.site.27, 137, 173, 310
908612.3.peg.2217.site.28, 1, 161, 162
908612.3.peg.2217.site.29, 0, 178, 178
908612.3.peg.2217.site.30, 126, 169, 295
908612.3.peg.2216.site.1, 10, 180, 190
908612.3.peg.2216.site.2, 0, 179, 179
908612.3.peg.2216.site.3, 108, 177, 285
908612.3.peg.2216.site.4, 1, 179, 180
908612.3.peg.2216.site.5, 3, 179, 182
908612.3.peg.2216.site.6, 3, 180, 183
908612.3.peg.2505.site.1, 115, 139, 254
908612.3.peg.2505.site.2, 8, 148, 156
908612.3.peg.2505.site.3, 0, 164, 164
908612.3.peg.2505.site.4, 28, 166, 194
908612.3.peg.2505.site.5, 61, 171, 232
908612.3.peg.2505.site.6, 29, 165, 194
908612.3.peg.2505.site.7, 62, 169, 231
908612.3.peg.2505.site.8, 26, 165, 191
908612.3.peg.2505.site.9, 114, 167, 281
908612.3.peg.2505.site.10, 112, 165, 277
908612.3.peg.2505.site.11, 27, 167, 194
908612.3.peg.2505.site.12, 0, 140, 140
908612.3.peg.2505.site.13, 6, 145, 151
908612.3.peg.2505.site.14, 64, 157, 221
908612.3.peg.2504.site.1, 2, 180, 182
908612.3.peg.2504.site.2, 26, 179, 205
908612.3.peg.2504.site.3, 26, 179, 205
908612.3.peg.2504.site.4, 16, 172, 188
908612.3.peg.2504.site.5, 13, 169, 182
908612.3.peg.2504.site.6, 10, 166, 176
908612.3.peg.2504.site.7, 14, 163, 177
908612.3.peg.2504.site.8, 3, 159, 162
908612.3.peg.2504.site.9, 3, 154, 157
908612.3.peg.2504.site.10, 3, 130, 133
908612.3.peg.2504.site.11, 39, 167, 206
908612.3.peg.2504.site.12, 26, 175, 201
908612.3.peg.2504.site.13, 65, 175, 240
908612.3.peg.2504.site.14, 38, 178, 216
908612.3.peg.2504.site.15, 57, 176, 233
908612.3.peg.2504.site.16, 38, 177, 215
908612.3.peg.2504.site.17, 2, 162, 164
908612.3.peg.2504.site.18, 10, 152, 162
908612.3.peg.2504.site.19, 0, 147, 147
908612.3.peg.2504.site.20, 0, 179, 179
908612.3.peg.2504.site.21, 30, 174, 204
908612.3.peg.2504.site.22, 30, 175, 205
908612.3.peg.2504.site.23, 3, 178, 181
908612.3.peg.2504.site.24, 1, 180, 181
908612.3.peg.2504.site.25, 32, 177, 209
908612.3.peg.2504.site.26, 32, 177, 209
908612.3.peg.2504.site.27, 41, 178, 219
908612.3.peg.2504.site.28, 35, 176, 211
908612.3.peg.2504.site.29, 0, 180, 180
908612.3.peg.2504.site.30, 0, 180, 180
908612.3.peg.2504.site.31, 6, 180, 186
908612.3.peg.2504.site.32, 3, 180, 183
908612.3.peg.2504.site.33, 37, 177, 214
908612.3.peg.2504.site.34, 0, 180, 180
908612.3.peg.2504.site.35, 2, 174, 176
908612.3.peg.2504.site.36, 5, 150, 155
908612.3.peg.2504.site.37, 17, 159, 176
908612.3.peg.2504.site.38, 68, 164, 232
908612.3.peg.2504.site.39, 0, 175, 175
908612.3.peg.2504.site.40, 30, 172, 202
908612.3.peg.2504.site.41, 7, 159, 166
908612.3.peg.2504.site.42, 4, 143, 147
908612.3.peg.2504.site.43, 17, 158, 175
908612.3.peg.2506.site.1, 1, 180, 181
908612.3.peg.2506.site.2, 11, 180, 191
908612.3.peg.2506.site.3, 69, 174, 243
908612.3.peg.2506.site.4, 74, 174, 248
908612.3.peg.2506.site.5, 1, 178, 179
908612.3.peg.2506.site.6, 41, 179, 220
908612.3.peg.2506.site.7, 58, 174, 232
908612.3.peg.2506.site.8, 5, 174, 179
908612.3.peg.2506.site.9, 5, 174, 179
908612.3.peg.2506.site.10, 72, 174, 246
908612.3.peg.2506.site.11, 6, 179, 185
908612.3.peg.2506.site.12, 6, 175, 181
908612.3.peg.2506.site.13, 4, 177, 181
908612.3.peg.2506.site.14, 5, 165, 170
908612.3.peg.2506.site.15, 84, 170, 254
908612.3.peg.2506.site.16, 61, 164, 225
908612.3.peg.2506.site.17, 23, 177, 200
908612.3.peg.2506.site.18, 2, 180, 182
908612.3.peg.2506.site.19, 1, 180, 181
908612.3.peg.2506.site.20, 13, 179, 192
908612.3.peg.2506.site.21, 2, 179, 181
908612.3.peg.2506.site.22, 1, 180, 181
908612.3.peg.2506.site.23, 4, 180, 184
908612.3.peg.2506.site.24, 8, 178, 186
908612.3.peg.2506.site.25, 0, 174, 174
908612.3.peg.2506.site.26, 4, 175, 179
908612.3.peg.2506.site.27, 4, 180, 184
908612.3.peg.2506.site.28, 0, 180, 180
908612.3.peg.2506.site.29, 0, 177, 177
908612.3.peg.2506.site.30, 0, 164, 164
908612.3.peg.2506.site.31, 2, 180, 182
908612.3.peg.2506.site.32, 17, 175, 192
908612.3.peg.2506.site.33, 2, 175, 177
908612.3.peg.2506.site.34, 26, 173, 199
908612.3.peg.2506.site.35, 49, 178, 227
908612.3.peg.2506.site.36, 7, 178, 185
908612.3.peg.2506.site.37, 84, 174, 258
908612.3.peg.2506.site.38, 84, 174, 258
908612.3.peg.2506.site.39, 11, 174, 185
908612.3.peg.2506.site.40, 1, 180, 181
908612.3.peg.2506.site.41, 12, 177, 189
908612.3.peg.2506.site.42, 48, 175, 223
908612.3.peg.2506.site.43, 27, 178, 205
908612.3.peg.2501.site.1, 15, 164, 179
908612.3.peg.2501.site.2, 19, 168, 187
908612.3.peg.2501.site.3, 21, 170, 191
908612.3.peg.2501.site.4, 25, 174, 199
908612.3.peg.2501.site.5, 24, 177, 201
908612.3.peg.2501.site.6, 44, 175, 219
908612.3.peg.2501.site.7, 0, 170, 170
908612.3.peg.2501.site.8, 16, 166, 182
908612.3.peg.2501.site.9, 20, 168, 188
908612.3.peg.2501.site.10, 26, 176, 202
908612.3.peg.2501.site.11, 27, 177, 204
908612.3.peg.2501.site.12, 80, 177, 257
908612.3.peg.2501.site.13, 7, 179, 186
908612.3.peg.2501.site.14, 86, 175, 261
908612.3.peg.2501.site.15, 86, 176, 262
908612.3.peg.2501.site.16, 138, 177, 315
908612.3.peg.2501.site.17, 2, 179, 181
908612.3.peg.2501.site.18, 138, 177, 315
908612.3.peg.2501.site.19, 136, 178, 314
908612.3.peg.2501.site.20, 136, 177, 313
908612.3.peg.2501.site.21, 9, 179, 188
908612.3.peg.2501.site.22, 40, 178, 218
908612.3.peg.2501.site.23, 9, 180, 189
908612.3.peg.2501.site.24, 80, 179, 259
908612.3.peg.2501.site.25, 2, 176, 178
908612.3.peg.2501.site.26, 3, 179, 182
908612.3.peg.2501.site.27, 0, 180, 180
908612.3.peg.2501.site.28, 2, 179, 181
908612.3.peg.2501.site.29, 0, 179, 179
908612.3.peg.2501.site.30, 2, 180, 182
908612.3.peg.2501.site.31, 0, 180, 180
908612.3.peg.2501.site.32, 6, 180, 186
908612.3.peg.2501.site.33, 4, 178, 182
908612.3.peg.2501.site.34, 0, 180, 180
908612.3.peg.2501.site.35, 59, 176, 235
908612.3.peg.2501.site.36, 11, 178, 189
908612.3.peg.2501.site.37, 27, 175, 202
908612.3.peg.2501.site.38, 40, 173, 213
908612.3.peg.2501.site.39, 30, 175, 205
908612.3.peg.2501.site.40, 0, 177, 177
908612.3.peg.2501.site.41, 2, 176, 178
908612.3.peg.2501.site.42, 25, 176, 201
908612.3.peg.2501.site.43, 32, 177, 209
908612.3.peg.2501.site.44, 2, 180, 182
908612.3.peg.2501.site.45, 2, 180, 182
908612.3.peg.2501.site.46, 70, 173, 243
908612.3.peg.2501.site.47, 66, 174, 240
908612.3.peg.2501.site.48, 33, 172, 205
908612.3.peg.2501.site.49, 31, 177, 208
908612.3.peg.2501.site.50, 31, 177, 208
908612.3.peg.2501.site.51, 33, 175, 208
908612.3.peg.2500.site.1, 97, 172, 269
908612.3.peg.2500.site.2, 48, 169, 217
908612.3.peg.2500.site.3, 4, 169, 173
908612.3.peg.2500.site.4, 2, 176, 178
908612.3.peg.2500.site.5, 0, 180, 180
908612.3.peg.2500.site.6, 0, 178, 178
908612.3.peg.2500.site.7, 52, 175, 227
908612.3.peg.2500.site.8, 45, 178, 223
908612.3.peg.2500.site.9, 0, 180, 180
908612.3.peg.2500.site.10, 113, 176, 289
908612.3.peg.2500.site.11, 1, 177, 178
908612.3.peg.2500.site.12, 49, 179, 228
908612.3.peg.2500.site.13, 4, 178, 182
908612.3.peg.2500.site.14, 96, 168, 264
908612.3.peg.2500.site.15, 41, 164, 205
908612.3.peg.2500.site.16, 97, 155, 252
908612.3.peg.2500.site.17, 81, 155, 236
908612.3.peg.2500.site.18, 1, 152, 153
908612.3.peg.2500.site.19, 49, 174, 223
908612.3.peg.2500.site.20, 52, 177, 229
908612.3.peg.2500.site.21, 0, 180, 180
908612.3.peg.2500.site.22, 46, 177, 223
908612.3.peg.2500.site.23, 3, 179, 182
908612.3.peg.2500.site.24, 2, 178, 180
908612.3.peg.2500.site.25, 22, 178, 200
908612.3.peg.2500.site.26, 46, 176, 222
908612.3.peg.2500.site.27, 5, 178, 183
908612.3.peg.2500.site.28, 80, 174, 254
908612.3.peg.2500.site.29, 26, 178, 204
908612.3.peg.2500.site.30, 27, 178, 205
908612.3.peg.2500.site.31, 41, 178, 219
908612.3.peg.2500.site.32, 0, 179, 179
908612.3.peg.2500.site.33, 40, 177, 217
908612.3.peg.2500.site.34, 40, 177, 217
908612.3.peg.2500.site.35, 0, 179, 179
908612.3.peg.2500.site.36, 9, 173, 182
908612.3.peg.2503.site.1, 0, 173, 173
908612.3.peg.2503.site.2, 16, 177, 193
908612.3.peg.2503.site.3, 0, 179, 179
908612.3.peg.2503.site.4, 16, 179, 195
908612.3.peg.2503.site.5, 69, 176, 245
908612.3.peg.2503.site.6, 2, 178, 180
908612.3.peg.2503.site.7, 0, 179, 179
908612.3.peg.2503.site.8, 0, 180, 180
908612.3.peg.2503.site.9, 2, 179, 181
908612.3.peg.2503.site.10, 2, 180, 182
908612.3.peg.2503.site.11, 2, 180, 182
908612.3.peg.2503.site.12, 4, 178, 182
908612.3.peg.2503.site.13, 25, 177, 202
908612.3.peg.2503.site.14, 2, 175, 177
908612.3.peg.2503.site.15, 4, 170, 174
908612.3.peg.2503.site.16, 22, 161, 183
908612.3.peg.2503.site.17, 9, 180, 189
908612.3.peg.2503.site.18, 36, 176, 212
908612.3.peg.2503.site.19, 6, 180, 186
908612.3.peg.2503.site.20, 4, 178, 182
908612.3.peg.2503.site.21, 9, 178, 187
908612.3.peg.2503.site.22, 4, 179, 183
908612.3.peg.2503.site.23, 0, 178, 178
908612.3.peg.2503.site.24, 0, 179, 179
908612.3.peg.2503.site.25, 0, 178, 178
908612.3.peg.2503.site.26, 27, 178, 205
908612.3.peg.2503.site.27, 42, 178, 220
908612.3.peg.2503.site.28, 0, 179, 179
908612.3.peg.2503.site.29, 0, 180, 180
908612.3.peg.2503.site.30, 6, 180, 186
908612.3.peg.2503.site.31, 1, 177, 178
908612.3.peg.2503.site.32, 2, 178, 180
908612.3.peg.2503.site.33, 39, 173, 212
908612.3.peg.2503.site.34, 85, 176, 261
908612.3.peg.2503.site.35, 2, 174, 176
908612.3.peg.2503.site.36, 46, 172, 218
908612.3.peg.2503.site.37, 66, 177, 243
908612.3.peg.2503.site.38, 65, 175, 240
908612.3.peg.2503.site.39, 4, 180, 184
908612.3.peg.2503.site.40, 0, 176, 176
908612.3.peg.2503.site.41, 76, 162, 238
908612.3.peg.2503.site.42, 12, 151, 163
908612.3.peg.2503.site.43, 66, 144, 210
908612.3.peg.2503.site.44, 24, 154, 178
908612.3.peg.2503.site.45, 1, 159, 160
908612.3.peg.2503.site.46, 33, 169, 202
908612.3.peg.2503.site.47, 21, 166, 187
908612.3.peg.2503.site.48, 2, 164, 166
908612.3.peg.2503.site.49, 0, 153, 153
908612.3.peg.2503.site.50, 4, 152, 156
908612.3.peg.2503.site.51, 2, 149, 151
908612.3.peg.2503.site.52, 0, 145, 145
908612.3.peg.2503.site.53, 12, 156, 168
908612.3.peg.2503.site.54, 28, 172, 200
908612.3.peg.2503.site.55, 45, 174, 219
908612.3.peg.2503.site.56, 8, 177, 185
908612.3.peg.2503.site.57, 31, 177, 208
908612.3.peg.2503.site.58, 5, 179, 184
908612.3.peg.2503.site.59, 30, 175, 205
908612.3.peg.2503.site.60, 0, 173, 173
908612.3.peg.2503.site.61, 2, 176, 178
908612.3.peg.2503.site.62, 2, 171, 173
908612.3.peg.2503.site.63, 31, 172, 203
908612.3.peg.2503.site.64, 32, 174, 206
908612.3.peg.2503.site.65, 50, 170, 220
908612.3.peg.2503.site.66, 1, 168, 169
908612.3.peg.2503.site.67, 25, 179, 204
908612.3.peg.2503.site.68, 49, 171, 220
908612.3.peg.2503.site.69, 25, 168, 193
908612.3.peg.2503.site.70, 1, 178, 179
908612.3.peg.2502.site.1, 0, 179, 179
908612.3.peg.2502.site.2, 5, 180, 185
908612.3.peg.2502.site.3, 34, 175, 209
908612.3.peg.2502.site.4, 28, 179, 207
908612.3.peg.2502.site.5, 5, 180, 185
908612.3.peg.2502.site.6, 10, 178, 188
908612.3.peg.2502.site.7, 25, 179, 204
908612.3.peg.2502.site.8, 5, 180, 185
908612.3.peg.2509.site.1, 22, 179, 201
908612.3.peg.2509.site.2, 75, 178, 253
908612.3.peg.2509.site.3, 12, 178, 190
908612.3.peg.2509.site.4, 118, 174, 292
908612.3.peg.2509.site.5, 60, 174, 234
908612.3.peg.2509.site.6, 3, 179, 182
908612.3.peg.2509.site.7, 1, 177, 178
908612.3.peg.2509.site.8, 1, 176, 177
908612.3.peg.2509.site.9, 2, 176, 178
908612.3.peg.2509.site.10, 7, 179, 186
908612.3.peg.2509.site.11, 1, 178, 179
908612.3.peg.2509.site.12, 7, 179, 186
908612.3.peg.2509.site.13, 0, 179, 179
908612.3.peg.2509.site.14, 27, 164, 191
908612.3.peg.2509.site.15, 9, 171, 180
908612.3.peg.2509.site.16, 2, 175, 177
908612.3.peg.2509.site.17, 0, 177, 177
908612.3.peg.2509.site.18, 61, 175, 236
908612.3.peg.2509.site.19, 47, 177, 224
908612.3.peg.2509.site.20, 0, 180, 180
908612.3.peg.2509.site.21, 101, 178, 279
908612.3.peg.2509.site.22, 1, 178, 179
908612.3.peg.2509.site.23, 0, 179, 179
908612.3.peg.2509.site.24, 108, 160, 268
908612.3.peg.2509.site.25, 17, 173, 190
908612.3.peg.2509.site.26, 12, 173, 185
908612.3.peg.2509.site.27, 134, 176, 310
908612.3.peg.2509.site.28, 22, 179, 201
908612.3.peg.2509.site.29, 2, 180, 182
908612.3.peg.2509.site.30, 119, 177, 296
908612.3.peg.2509.site.31, 109, 177, 286
908612.3.peg.2509.site.32, 7, 179, 186
908612.3.peg.2509.site.33, 4, 178, 182
908612.3.peg.2509.site.34, 4, 179, 183
908612.3.peg.2509.site.35, 53, 178, 231
908612.3.peg.2509.site.36, 3, 180, 183
908612.3.peg.2509.site.37, 93, 179, 272
908612.3.peg.2509.site.38, 47, 176, 223
908612.3.peg.2509.site.39, 34, 174, 208
908612.3.peg.2509.site.40, 0, 180, 180
908612.3.peg.2509.site.41, 38, 178, 216
908612.3.peg.2509.site.42, 4, 180, 184
908612.3.peg.2509.site.43, 60, 177, 237
908612.3.peg.2509.site.44, 0, 180, 180
908612.3.peg.2509.site.45, 107, 173, 280
908612.3.peg.2509.site.46, 47, 173, 220
908612.3.peg.2509.site.47, 0, 179, 179
908612.3.peg.2508.site.1, 0, 178, 178
908612.3.peg.2508.site.2, 69, 178, 247
908612.3.peg.2508.site.3, 1, 179, 180
908612.3.peg.2508.site.4, 19, 178, 197
908612.3.peg.2508.site.5, 1, 180, 181
908612.3.peg.2508.site.6, 0, 180, 180
908612.3.peg.2508.site.7, 7, 179, 186
908612.3.peg.2508.site.8, 122, 177, 299
908612.3.peg.2508.site.9, 43, 177, 220
908612.3.peg.2609.site.1, 1, 180, 181
908612.3.peg.2609.site.2, 6, 142, 148
908612.3.peg.2329.site.1, 12, 171, 183
908612.3.peg.2329.site.2, 1, 172, 173
908612.3.peg.2329.site.3, 1, 167, 168
908612.3.peg.2329.site.4, 51, 164, 215
908612.3.peg.2329.site.5, 0, 166, 166
908612.3.peg.2329.site.6, 85, 159, 244
908612.3.peg.2329.site.7, 45, 158, 203
908612.3.peg.2329.site.8, 0, 163, 163
908612.3.peg.2329.site.9, 9, 158, 167
908612.3.peg.2329.site.10, 22, 163, 185
908612.3.peg.2329.site.11, 20, 162, 182
908612.3.peg.2329.site.12, 17, 159, 176
908612.3.peg.2329.site.13, 2, 160, 162
908612.3.peg.2329.site.14, 10, 137, 147
908612.3.peg.2329.site.15, 10, 135, 145
908612.3.peg.2329.site.16, 9, 121, 130
908612.3.peg.2329.site.17, 48, 96, 144
908612.3.peg.2329.site.18, 31, 76, 107
908612.3.peg.2329.site.19, 11, 105, 116
908612.3.peg.2329.site.20, 1, 105, 106
908612.3.peg.2329.site.21, 51, 103, 154
908612.3.peg.2329.site.22, 52, 106, 158
908612.3.peg.2329.site.23, 11, 84, 95
908612.3.peg.2329.site.24, 0, 68, 68
908612.3.peg.2329.site.25, 1, 66, 67
908612.3.peg.2329.site.26, 2, 73, 75
908612.3.peg.2329.site.27, 4, 83, 87
908612.3.peg.2329.site.28, 30, 95, 125
908612.3.peg.2329.site.29, 0, 97, 97
908612.3.peg.2329.site.30, 69, 137, 206
908612.3.peg.2329.site.31, 30, 142, 172
908612.3.peg.2329.site.32, 74, 136, 210
908612.3.peg.2329.site.33, 0, 146, 146
908612.3.peg.2329.site.34, 1, 143, 144
908612.3.peg.2329.site.35, 1, 157, 158
908612.3.peg.2329.site.36, 4, 79, 83
908612.3.peg.2329.site.37, 0, 151, 151
908612.3.peg.2329.site.38, 1, 172, 173
908612.3.peg.2329.site.39, 0, 174, 174
908612.3.peg.2329.site.40, 0, 176, 176
908612.3.peg.2329.site.41, 133, 170, 303
908612.3.peg.2329.site.42, 2, 163, 165
908612.3.peg.2329.site.43, 0, 175, 175
908612.3.peg.2329.site.44, 28, 166, 194
908612.3.peg.2329.site.45, 0, 173, 173
908612.3.peg.2329.site.46, 143, 164, 307
908612.3.peg.2329.site.47, 6, 179, 185
908612.3.peg.2329.site.48, 3, 180, 183
908612.3.peg.2328.site.1, 0, 147, 147
908612.3.peg.2328.site.2, 41, 178, 219
908612.3.peg.2328.site.3, 43, 179, 222
908612.3.peg.2328.site.4, 6, 180, 186
908612.3.peg.2328.site.5, 44, 179, 223
908612.3.peg.2325.site.1, 38, 180, 218
908612.3.peg.2325.site.2, 38, 180, 218
908612.3.peg.2325.site.3, 3, 175, 178
908612.3.peg.2325.site.4, 1, 141, 142
908612.3.peg.2325.site.5, 23, 144, 167
908612.3.peg.2325.site.6, 25, 133, 158
908612.3.peg.2325.site.7, 23, 142, 165
908612.3.peg.2325.site.8, 0, 141, 141
908612.3.peg.2325.site.9, 2, 180, 182
908612.3.peg.2324.site.1, 29, 167, 196
908612.3.peg.2324.site.2, 135, 173, 308
908612.3.peg.2324.site.3, 77, 173, 250
908612.3.peg.2324.site.4, 1, 172, 173
908612.3.peg.2324.site.5, 13, 164, 177
908612.3.peg.2324.site.6, 121, 178, 299
908612.3.peg.2324.site.7, 139, 180, 319
908612.3.peg.2324.site.8, 82, 179, 261
908612.3.peg.2324.site.9, 21, 179, 200
908612.3.peg.2324.site.10, 24, 178, 202
908612.3.peg.2324.site.11, 3, 179, 182
908612.3.peg.2324.site.12, 21, 176, 197
908612.3.peg.2324.site.13, 18, 177, 195
908612.3.peg.2324.site.14, 142, 179, 321
908612.3.peg.2324.site.15, 131, 180, 311
908612.3.peg.2324.site.16, 21, 177, 198
908612.3.peg.2324.site.17, 91, 177, 268
908612.3.peg.2324.site.18, 0, 179, 179
908612.3.peg.2324.site.19, 42, 174, 216
908612.3.peg.2324.site.20, 144, 178, 322
908612.3.peg.2324.site.21, 3, 179, 182
908612.3.peg.2324.site.22, 83, 176, 259
908612.3.peg.2324.site.23, 29, 166, 195
908612.3.peg.2324.site.24, 1, 172, 173
908612.3.peg.2324.site.25, 6, 179, 185
908612.3.peg.2324.site.26, 139, 179, 318
908612.3.peg.2324.site.27, 2, 178, 180
908612.3.peg.2324.site.28, 17, 179, 196
908612.3.peg.2324.site.29, 0, 175, 175
908612.3.peg.2324.site.30, 1, 179, 180
908612.3.peg.2324.site.31, 140, 180, 320
908612.3.peg.2324.site.32, 0, 180, 180
908612.3.peg.2324.site.33, 108, 179, 287
908612.3.peg.2324.site.34, 41, 178, 219
908612.3.peg.2324.site.35, 99, 178, 277
908612.3.peg.2324.site.36, 0, 179, 179
908612.3.peg.2327.site.1, 2, 178, 180
908612.3.peg.2327.site.2, 7, 179, 186
908612.3.peg.2327.site.3, 27, 177, 204
908612.3.peg.2327.site.4, 94, 172, 266
908612.3.peg.2327.site.5, 5, 176, 181
908612.3.peg.2327.site.6, 0, 131, 131
908612.3.peg.2327.site.7, 61, 73, 134
908612.3.peg.2327.site.8, 0, 109, 109
908612.3.peg.2327.site.9, 11, 115, 126
908612.3.peg.2327.site.10, 107, 120, 227
908612.3.peg.2327.site.11, 27, 121, 148
908612.3.peg.2327.site.12, 13, 156, 169
908612.3.peg.2327.site.13, 113, 139, 252
908612.3.peg.2327.site.14, 67, 158, 225
908612.3.peg.2327.site.15, 21, 175, 196
908612.3.peg.2327.site.16, 24, 179, 203
908612.3.peg.2327.site.17, 0, 180, 180
908612.3.peg.2327.site.18, 0, 179, 179
908612.3.peg.2327.site.19, 32, 178, 210
908612.3.peg.2327.site.20, 5, 180, 185
908612.3.peg.2327.site.21, 2, 180, 182
908612.3.peg.2327.site.22, 0, 180, 180
908612.3.peg.2327.site.23, 14, 155, 169
908612.3.peg.2327.site.24, 117, 157, 274
908612.3.peg.2327.site.25, 22, 161, 183
908612.3.peg.2327.site.26, 2, 128, 130
908612.3.peg.2327.site.27, 1, 122, 123
908612.3.peg.2327.site.28, 73, 116, 189
908612.3.peg.2327.site.29, 37, 132, 169
908612.3.peg.2327.site.30, 71, 148, 219
908612.3.peg.2327.site.31, 22, 92, 114
908612.3.peg.2327.site.32, 45, 88, 133
908612.3.peg.2327.site.33, 4, 108, 112
908612.3.peg.2327.site.34, 43, 115, 158
908612.3.peg.2327.site.35, 68, 140, 208
908612.3.peg.2327.site.36, 28, 157, 185
908612.3.peg.2327.site.37, 43, 142, 185
908612.3.peg.2327.site.38, 42, 143, 185
908612.3.peg.2327.site.39, 107, 148, 255
908612.3.peg.2326.site.1, 16, 179, 195
908612.3.peg.2326.site.2, 0, 180, 180
908612.3.peg.2326.site.3, 1, 180, 181
908612.3.peg.2326.site.4, 0, 179, 179
908612.3.peg.2326.site.5, 14, 179, 193
908612.3.peg.2323.site.1, 0, 123, 123
908612.3.peg.2323.site.2, 2, 127, 129
908612.3.peg.2323.site.3, 1, 166, 167
908612.3.peg.2323.site.4, 51, 178, 229
908612.3.peg.2323.site.5, 0, 180, 180
908612.3.peg.2323.site.6, 5, 179, 184
908612.3.peg.2323.site.7, 5, 179, 184
908612.3.peg.2323.site.8, 26, 177, 203
908612.3.peg.2323.site.9, 33, 178, 211
908612.3.peg.2323.site.10, 6, 176, 182
908612.3.peg.2323.site.11, 17, 176, 193
908612.3.peg.2323.site.12, 1, 179, 180
908612.3.peg.2323.site.13, 6, 179, 185
908612.3.peg.2323.site.14, 0, 179, 179
908612.3.peg.1930.site.1, 44, 176, 220
908612.3.peg.1930.site.2, 1, 180, 181
908612.3.peg.1930.site.3, 6, 180, 186
908612.3.peg.1930.site.4, 1, 179, 180
908612.3.peg.1930.site.5, 0, 178, 178
908612.3.peg.1930.site.6, 7, 179, 186
908612.3.peg.1930.site.7, 0, 180, 180
908612.3.peg.1930.site.8, 1, 179, 180
908612.3.peg.1930.site.9, 66, 175, 241
908612.3.peg.1930.site.10, 1, 178, 179
908612.3.peg.1930.site.11, 0, 179, 179
908612.3.peg.1930.site.12, 0, 179, 179
908612.3.peg.1930.site.13, 0, 177, 177
908612.3.peg.1930.site.14, 1, 180, 181
908612.3.peg.1930.site.15, 1, 179, 180
908612.3.peg.1930.site.16, 52, 177, 229
908612.3.peg.1930.site.17, 6, 176, 182
908612.3.peg.1930.site.18, 1, 178, 179
908612.3.peg.1930.site.19, 0, 178, 178
908612.3.peg.1930.site.20, 86, 178, 264
908612.3.peg.1930.site.21, 37, 175, 212
908612.3.peg.1930.site.22, 1, 178, 179
908612.3.peg.1930.site.23, 13, 177, 190
908612.3.peg.1930.site.24, 52, 178, 230
908612.3.peg.1930.site.25, 1, 180, 181
908612.3.peg.1930.site.26, 0, 178, 178
908612.3.peg.1930.site.27, 12, 179, 191
908612.3.peg.1930.site.28, 0, 179, 179
908612.3.peg.1930.site.29, 0, 179, 179
908612.3.peg.1930.site.30, 0, 178, 178
908612.3.peg.1930.site.31, 1, 178, 179
908612.3.peg.1930.site.32, 7, 176, 183
908612.3.peg.1930.site.33, 55, 177, 232
908612.3.peg.1930.site.34, 6, 179, 185
908612.3.peg.1930.site.35, 9, 177, 186
908612.3.peg.1930.site.36, 25, 178, 203
908612.3.peg.1930.site.37, 1, 174, 175
908612.3.peg.1930.site.38, 30, 177, 207
908612.3.peg.1930.site.39, 3, 180, 183
908612.3.peg.1930.site.40, 1, 180, 181
908612.3.peg.1930.site.41, 5, 180, 185
908612.3.peg.1930.site.42, 1, 180, 181
908612.3.peg.1930.site.43, 3, 180, 183
908612.3.peg.1930.site.44, 1, 180, 181
908612.3.peg.1930.site.45, 19, 180, 199
908612.3.peg.1930.site.46, 27, 179, 206
908612.3.peg.1930.site.47, 1, 180, 181
908612.3.peg.1930.site.48, 1, 180, 181
908612.3.peg.1930.site.49, 0, 174, 174
908612.3.peg.1930.site.50, 0, 164, 164
908612.3.peg.1930.site.51, 0, 178, 178
908612.3.peg.1930.site.52, 27, 178, 205
908612.3.peg.1930.site.53, 28, 179, 207
908612.3.peg.1930.site.54, 0, 179, 179
908612.3.peg.1930.site.55, 34, 177, 211
908612.3.peg.1930.site.56, 0, 180, 180
908612.3.peg.1930.site.57, 64, 178, 242
908612.3.peg.1930.site.58, 64, 179, 243
908612.3.peg.1930.site.59, 2, 178, 180
908612.3.peg.1930.site.60, 71, 180, 251
908612.3.peg.1930.site.61, 1, 180, 181
908612.3.peg.1930.site.62, 72, 179, 251
908612.3.peg.1930.site.63, 2, 180, 182
908612.3.peg.1930.site.64, 79, 176, 255
908612.3.peg.1930.site.65, 1, 180, 181
908612.3.peg.1930.site.66, 1, 180, 181
908612.3.peg.1930.site.67, 27, 176, 203
908612.3.peg.1930.site.68, 78, 180, 258
908612.3.peg.1935.site.1, 31, 180, 211
908612.3.peg.1935.site.2, 0, 180, 180
908612.3.peg.1935.site.3, 155, 178, 333
908612.3.peg.1935.site.4, 4, 178, 182
908612.3.peg.1935.site.5, 46, 177, 223
908612.3.peg.1935.site.6, 0, 180, 180
908612.3.peg.1935.site.7, 14, 179, 193
908612.3.peg.1935.site.8, 2, 180, 182
908612.3.peg.1935.site.9, 0, 180, 180
908612.3.peg.1935.site.10, 110, 176, 286
908612.3.peg.1935.site.11, 0, 179, 179
908612.3.peg.1935.site.12, 16, 178, 194
908612.3.peg.1935.site.13, 34, 175, 209
908612.3.peg.1935.site.14, 77, 176, 253
908612.3.peg.1935.site.15, 84, 172, 256
908612.3.peg.1935.site.16, 76, 173, 249
908612.3.peg.1935.site.17, 0, 176, 176
908612.3.peg.1935.site.18, 0, 180, 180
908612.3.peg.1935.site.19, 99, 174, 273
908612.3.peg.1935.site.20, 100, 176, 276
908612.3.peg.1934.site.1, 30, 179, 209
908612.3.peg.1934.site.2, 1, 176, 177
908612.3.peg.1934.site.3, 53, 167, 220
908612.3.peg.1934.site.4, 0, 173, 173
908612.3.peg.1934.site.5, 51, 167, 218
908612.3.peg.1934.site.6, 0, 177, 177
908612.3.peg.1934.site.7, 36, 175, 211
908612.3.peg.1934.site.8, 2, 177, 179
908612.3.peg.1934.site.9, 113, 173, 286
908612.3.peg.1934.site.10, 30, 174, 204
908612.3.peg.1934.site.11, 0, 177, 177
908612.3.peg.1934.site.12, 112, 174, 286
908612.3.peg.1934.site.13, 42, 176, 218
908612.3.peg.1934.site.14, 2, 176, 178
908612.3.peg.1934.site.15, 0, 171, 171
908612.3.peg.1934.site.16, 42, 163, 205
908612.3.peg.1934.site.17, 3, 173, 176
908612.3.peg.1934.site.18, 10, 174, 184
908612.3.peg.1934.site.19, 6, 172, 178
908612.3.peg.1934.site.20, 6, 170, 176
908612.3.peg.1934.site.21, 1, 175, 176
908612.3.peg.1934.site.22, 106, 176, 282
908612.3.peg.1934.site.23, 106, 177, 283
908612.3.peg.1934.site.24, 0, 179, 179
908612.3.peg.1937.site.1, 147, 172, 319
908612.3.peg.1937.site.2, 0, 175, 175
908612.3.peg.1937.site.3, 68, 172, 240
908612.3.peg.1937.site.4, 138, 173, 311
908612.3.peg.1937.site.5, 53, 170, 223
908612.3.peg.1937.site.6, 0, 176, 176
908612.3.peg.1937.site.7, 0, 179, 179
908612.3.peg.1937.site.8, 0, 176, 176
908612.3.peg.1937.site.9, 99, 172, 271
908612.3.peg.1937.site.10, 2, 176, 178
908612.3.peg.1937.site.11, 3, 176, 179
908612.3.peg.1937.site.12, 135, 159, 294
908612.3.peg.1937.site.13, 0, 101, 101
908612.3.peg.1937.site.14, 28, 88, 116
908612.3.peg.1937.site.15, 13, 98, 111
908612.3.peg.1937.site.16, 3, 159, 162
908612.3.peg.1937.site.17, 3, 173, 176
908612.3.peg.1937.site.18, 113, 173, 286
908612.3.peg.1937.site.19, 0, 176, 176
908612.3.peg.1937.site.20, 1, 173, 174
908612.3.peg.1937.site.21, 35, 156, 191
908612.3.peg.1937.site.22, 0, 171, 171
908612.3.peg.1937.site.23, 0, 175, 175
908612.3.peg.1937.site.24, 3, 179, 182
908612.3.peg.1937.site.25, 2, 179, 181
908612.3.peg.1936.site.1, 0, 179, 179
908612.3.peg.1936.site.2, 4, 180, 184
908612.3.peg.1936.site.3, 0, 180, 180
908612.3.peg.1936.site.4, 151, 175, 326
908612.3.peg.1936.site.5, 41, 176, 217
908612.3.peg.1936.site.6, 5, 177, 182
908612.3.peg.1936.site.7, 42, 180, 222
908612.3.peg.1936.site.8, 1, 180, 181
908612.3.peg.1936.site.9, 1, 178, 179
908612.3.peg.1936.site.10, 8, 174, 182
908612.3.peg.1936.site.11, 5, 176, 181
908612.3.peg.1936.site.12, 135, 170, 305
908612.3.peg.1936.site.13, 7, 171, 178
908612.3.peg.1936.site.14, 141, 172, 313
908612.3.peg.1936.site.15, 141, 171, 312
908612.3.peg.1936.site.16, 2, 176, 178
908612.3.peg.1936.site.17, 6, 180, 186
908612.3.peg.1936.site.18, 2, 180, 182
908612.3.peg.1936.site.19, 148, 179, 327
908612.3.peg.1936.site.20, 1, 177, 178
908612.3.peg.1936.site.21, 2, 180, 182
908612.3.peg.1936.site.22, 147, 174, 321
908612.3.peg.1936.site.23, 1, 174, 175
908612.3.peg.1936.site.24, 10, 163, 173
908612.3.peg.1936.site.25, 79, 176, 255
908612.3.peg.1936.site.26, 4, 179, 183
908612.3.peg.1936.site.27, 0, 175, 175
908612.3.peg.1936.site.28, 5, 176, 181
908612.3.peg.1936.site.29, 0, 179, 179
908612.3.peg.1936.site.30, 96, 178, 274
908612.3.peg.1936.site.31, 7, 179, 186
908612.3.peg.1936.site.32, 8, 179, 187
908612.3.peg.1936.site.33, 0, 180, 180
908612.3.peg.1936.site.34, 99, 176, 275
908612.3.peg.1936.site.35, 0, 179, 179
908612.3.peg.1936.site.36, 1, 179, 180
908612.3.peg.1936.site.37, 38, 178, 216
908612.3.peg.1939.site.1, 19, 176, 195
908612.3.peg.1939.site.2, 48, 176, 224
908612.3.peg.1939.site.3, 48, 175, 223
908612.3.peg.1939.site.4, 0, 179, 179
908612.3.peg.1939.site.5, 0, 179, 179
908612.3.peg.1939.site.6, 6, 179, 185
908612.3.peg.1939.site.7, 3, 179, 182
908612.3.peg.1938.site.1, 11, 180, 191
908612.3.peg.1938.site.2, 5, 180, 185
908612.3.peg.1938.site.3, 2, 180, 182
908612.3.peg.1938.site.4, 5, 179, 184
908612.3.peg.1938.site.5, 16, 179, 195
908612.3.peg.1938.site.6, 72, 177, 249
908612.3.peg.1938.site.7, 0, 179, 179
908612.3.peg.1938.site.8, 4, 179, 183
908612.3.peg.1938.site.9, 10, 179, 189
908612.3.peg.1938.site.10, 98, 175, 273
908612.3.peg.1938.site.11, 13, 176, 189
908612.3.peg.1938.site.12, 40, 173, 213
908612.3.peg.1938.site.13, 114, 171, 285
908612.3.peg.1938.site.14, 5, 176, 181
908612.3.peg.1938.site.15, 6, 175, 181
908612.3.peg.1938.site.16, 57, 172, 229
908612.3.peg.1938.site.17, 0, 175, 175
908612.3.peg.1938.site.18, 0, 171, 171
908612.3.peg.1938.site.19, 21, 163, 184
908612.3.peg.1938.site.20, 24, 171, 195
908612.3.peg.1938.site.21, 1, 172, 173
908612.3.peg.1938.site.22, 1, 161, 162
908612.3.peg.1938.site.23, 99, 159, 258
908612.3.peg.1938.site.24, 0, 166, 166
908612.3.peg.1938.site.25, 1, 174, 175
908612.3.peg.1938.site.26, 1, 172, 173
908612.3.peg.1938.site.27, 8, 173, 181
908612.3.peg.1938.site.28, 7, 171, 178
908612.3.peg.1938.site.29, 12, 173, 185
908612.3.peg.1938.site.30, 14, 166, 180
908612.3.peg.1938.site.31, 0, 179, 179
908612.3.peg.1938.site.32, 3, 175, 178
908612.3.peg.1938.site.33, 60, 149, 209
908612.3.peg.1938.site.34, 82, 145, 227
908612.3.peg.1938.site.35, 71, 135, 206
908612.3.peg.1938.site.36, 82, 144, 226
908612.3.peg.1938.site.37, 3, 175, 178
908612.3.peg.1938.site.38, 1, 172, 173
908612.3.peg.1938.site.39, 4, 173, 177
908612.3.peg.1938.site.40, 170, 170, 340
908612.3.peg.1938.site.41, 6, 173, 179
908612.3.peg.1938.site.42, 1, 178, 179
908612.3.peg.1938.site.43, 1, 179, 180
908612.3.peg.1938.site.44, 2, 177, 179
908612.3.peg.1938.site.45, 0, 179, 179
908612.3.peg.1938.site.46, 29, 148, 177
908612.3.peg.1938.site.47, 25, 147, 172
908612.3.peg.1938.site.48, 3, 150, 153
908612.3.peg.1938.site.49, 1, 180, 181
908612.3.peg.1938.site.50, 30, 174, 204
908612.3.peg.1938.site.51, 3, 180, 183
908612.3.peg.1938.site.52, 3, 180, 183
908612.3.peg.1938.site.53, 1, 179, 180
908612.3.peg.1938.site.54, 2, 179, 181
908612.3.peg.1938.site.55, 0, 179, 179
908612.3.peg.2031.site.1, 2, 180, 182
908612.3.peg.2031.site.2, 1, 180, 181
908612.3.peg.2031.site.3, 1, 173, 174
908612.3.peg.2031.site.4, 1, 178, 179
908612.3.peg.2031.site.5, 6, 177, 183
908612.3.peg.2031.site.6, 16, 180, 196
908612.3.peg.2031.site.7, 0, 179, 179
908612.3.peg.2031.site.8, 1, 177, 178
908612.3.peg.2031.site.9, 65, 176, 241
908612.3.peg.2031.site.10, 26, 177, 203
908612.3.peg.2031.site.11, 26, 177, 203
908612.3.peg.2031.site.12, 0, 156, 156
908612.3.peg.2031.site.13, 0, 163, 163
908612.3.peg.2031.site.14, 0, 161, 161
908612.3.peg.2031.site.15, 0, 168, 168
908612.3.peg.2031.site.16, 0, 177, 177
908612.3.peg.2031.site.17, 5, 177, 182
908612.3.peg.2031.site.18, 24, 172, 196
908612.3.peg.2031.site.19, 3, 178, 181
908612.3.peg.2031.site.20, 122, 173, 295
908612.3.peg.2031.site.21, 114, 172, 286
908612.3.peg.2031.site.22, 3, 178, 181
908612.3.peg.2031.site.23, 152, 180, 332
908612.3.peg.2031.site.24, 1, 180, 181
908612.3.peg.2031.site.25, 121, 178, 299
908612.3.peg.2031.site.26, 2, 180, 182
908612.3.peg.2031.site.27, 0, 180, 180
908612.3.peg.2031.site.28, 0, 180, 180
908612.3.peg.2031.site.29, 3, 180, 183
908612.3.peg.2031.site.30, 42, 176, 218
908612.3.peg.2031.site.31, 1, 180, 181
908612.3.peg.2030.site.1, 24, 179, 203
908612.3.peg.2030.site.2, 3, 174, 177
908612.3.peg.2030.site.3, 1, 176, 177
908612.3.peg.2030.site.4, 140, 177, 317
908612.3.peg.2030.site.5, 0, 178, 178
908612.3.peg.2030.site.6, 0, 178, 178
908612.3.peg.2030.site.7, 0, 177, 177
908612.3.peg.2030.site.8, 1, 178, 179
908612.3.peg.2030.site.9, 9, 180, 189
908612.3.peg.2030.site.10, 5, 180, 185
908612.3.peg.2030.site.11, 13, 180, 193
908612.3.peg.2030.site.12, 2, 180, 182
908612.3.peg.2030.site.13, 106, 177, 283
908612.3.peg.2030.site.14, 2, 180, 182
908612.3.peg.2030.site.15, 1, 180, 181
908612.3.peg.2030.site.16, 1, 179, 180
908612.3.peg.2030.site.17, 158, 178, 336
908612.3.peg.2030.site.18, 1, 177, 178
908612.3.peg.2030.site.19, 4, 176, 180
908612.3.peg.2030.site.20, 8, 180, 188
908612.3.peg.2030.site.21, 9, 178, 187
908612.3.peg.2030.site.22, 29, 178, 207
908612.3.peg.2030.site.23, 28, 176, 204
908612.3.peg.2030.site.24, 45, 177, 222
908612.3.peg.2030.site.25, 0, 177, 177
908612.3.peg.2030.site.26, 27, 172, 199
908612.3.peg.2030.site.27, 1, 156, 157
908612.3.peg.2030.site.28, 15, 165, 180
908612.3.peg.2030.site.29, 12, 178, 190
908612.3.peg.2030.site.30, 85, 177, 262
908612.3.peg.2030.site.31, 46, 167, 213
908612.3.peg.2030.site.32, 1, 169, 170
908612.3.peg.2033.site.1, 0, 179, 179
908612.3.peg.2033.site.2, 83, 175, 258
908612.3.peg.2033.site.3, 8, 163, 171
908612.3.peg.2033.site.4, 1, 180, 181
908612.3.peg.2033.site.5, 104, 176, 280
908612.3.peg.2033.site.6, 1, 172, 173
908612.3.peg.2033.site.7, 40, 174, 214
908612.3.peg.2033.site.8, 2, 177, 179
908612.3.peg.2033.site.9, 44, 165, 209
908612.3.peg.2033.site.10, 54, 163, 217
908612.3.peg.2033.site.11, 100, 174, 274
908612.3.peg.2033.site.12, 1, 179, 180
908612.3.peg.2033.site.13, 13, 180, 193
908612.3.peg.2033.site.14, 171, 180, 351
908612.3.peg.2033.site.15, 0, 180, 180
908612.3.peg.2033.site.16, 99, 172, 271
908612.3.peg.2033.site.17, 0, 150, 150
908612.3.peg.2033.site.18, 0, 174, 174
908612.3.peg.2033.site.19, 1, 176, 177
908612.3.peg.2033.site.20, 3, 179, 182
908612.3.peg.2033.site.21, 1, 180, 181
908612.3.peg.2033.site.22, 6, 178, 184
908612.3.peg.2033.site.23, 85, 176, 261
908612.3.peg.2033.site.24, 164, 179, 343
908612.3.peg.2033.site.25, 7, 180, 187
908612.3.peg.2033.site.26, 26, 180, 206
908612.3.peg.2033.site.27, 1, 180, 181
908612.3.peg.2033.site.28, 2, 179, 181
908612.3.peg.2033.site.29, 3, 180, 183
908612.3.peg.2033.site.30, 4, 178, 182
908612.3.peg.2033.site.31, 0, 179, 179
908612.3.peg.2033.site.32, 0, 179, 179
908612.3.peg.2032.site.1, 1, 179, 180
908612.3.peg.2032.site.2, 2, 180, 182
908612.3.peg.2032.site.3, 172, 180, 352
908612.3.peg.2032.site.4, 0, 180, 180
908612.3.peg.2032.site.5, 81, 174, 255
908612.3.peg.2032.site.6, 64, 178, 242
908612.3.peg.2032.site.7, 59, 173, 232
908612.3.peg.2032.site.8, 81, 175, 256
908612.3.peg.2032.site.9, 1, 180, 181
908612.3.peg.2032.site.10, 0, 180, 180
908612.3.peg.2032.site.11, 17, 177, 194
908612.3.peg.2035.site.1, 6, 179, 185
908612.3.peg.2035.site.2, 3, 180, 183
908612.3.peg.2035.site.3, 83, 178, 261
908612.3.peg.2035.site.4, 2, 179, 181
908612.3.peg.2035.site.5, 59, 176, 235
908612.3.peg.2035.site.6, 18, 179, 197
908612.3.peg.2035.site.7, 0, 180, 180
908612.3.peg.2035.site.8, 3, 180, 183
908612.3.peg.2035.site.9, 1, 180, 181
908612.3.peg.2035.site.10, 8, 179, 187
908612.3.peg.2035.site.11, 3, 180, 183
908612.3.peg.2035.site.12, 0, 179, 179
908612.3.peg.2035.site.13, 39, 178, 217
908612.3.peg.2035.site.14, 0, 180, 180
908612.3.peg.2035.site.15, 0, 179, 179
908612.3.peg.2035.site.16, 9, 180, 189
908612.3.peg.2035.site.17, 0, 178, 178
908612.3.peg.2035.site.18, 2, 179, 181
908612.3.peg.2035.site.19, 0, 180, 180
908612.3.peg.2035.site.20, 31, 178, 209
908612.3.peg.2034.site.1, 0, 179, 179
908612.3.peg.2034.site.2, 1, 178, 179
908612.3.peg.2034.site.3, 6, 177, 183
908612.3.peg.2034.site.4, 50, 172, 222
908612.3.peg.2034.site.5, 1, 176, 177
908612.3.peg.2034.site.6, 60, 172, 232
908612.3.peg.2034.site.7, 3, 179, 182
908612.3.peg.2034.site.8, 28, 172, 200
908612.3.peg.2034.site.9, 5, 178, 183
908612.3.peg.2034.site.10, 99, 172, 271
908612.3.peg.2034.site.11, 5, 172, 177
908612.3.peg.2034.site.12, 2, 174, 176
908612.3.peg.2034.site.13, 32, 169, 201
908612.3.peg.2034.site.14, 2, 173, 175
908612.3.peg.2034.site.15, 0, 175, 175
908612.3.peg.2034.site.16, 6, 177, 183
908612.3.peg.2034.site.17, 0, 179, 179
908612.3.peg.2034.site.18, 169, 179, 348
908612.3.peg.2034.site.19, 1, 179, 180
908612.3.peg.2034.site.20, 6, 178, 184
908612.3.peg.2034.site.21, 75, 177, 252
908612.3.peg.2034.site.22, 8, 179, 187
908612.3.peg.2034.site.23, 12, 177, 189
908612.3.peg.2034.site.24, 14, 171, 185
908612.3.peg.2034.site.25, 100, 167, 267
908612.3.peg.2034.site.26, 60, 179, 239
908612.3.peg.2034.site.27, 1, 179, 180
908612.3.peg.2034.site.28, 0, 180, 180
908612.3.peg.2037.site.1, 7, 176, 183
908612.3.peg.2037.site.2, 156, 174, 330
908612.3.peg.2037.site.3, 3, 175, 178
908612.3.peg.2037.site.4, 105, 163, 268
908612.3.peg.2037.site.5, 3, 169, 172
908612.3.peg.2037.site.6, 19, 176, 195
908612.3.peg.2037.site.7, 121, 174, 295
908612.3.peg.2037.site.8, 19, 177, 196
908612.3.peg.2037.site.9, 0, 178, 178
908612.3.peg.2037.site.10, 26, 177, 203
908612.3.peg.2037.site.11, 102, 179, 281
908612.3.peg.2037.site.12, 74, 178, 252
908612.3.peg.2037.site.13, 104, 179, 283
908612.3.peg.2037.site.14, 105, 180, 285
908612.3.peg.2037.site.15, 0, 179, 179
908612.3.peg.2037.site.16, 24, 175, 199
908612.3.peg.2037.site.17, 4, 175, 179
908612.3.peg.2037.site.18, 76, 172, 248
908612.3.peg.2037.site.19, 84, 174, 258
908612.3.peg.2037.site.20, 2, 179, 181
908612.3.peg.2037.site.21, 110, 179, 289
908612.3.peg.2037.site.22, 0, 178, 178
908612.3.peg.2037.site.23, 4, 180, 184
908612.3.peg.2037.site.24, 10, 169, 179
908612.3.peg.2037.site.25, 9, 163, 172
908612.3.peg.2036.site.1, 123, 177, 300
908612.3.peg.2036.site.2, 1, 178, 179
908612.3.peg.2036.site.3, 3, 179, 182
908612.3.peg.2036.site.4, 41, 175, 216
908612.3.peg.2036.site.5, 42, 176, 218
908612.3.peg.2036.site.6, 0, 177, 177
908612.3.peg.2036.site.7, 151, 162, 313
908612.3.peg.2036.site.8, 4, 158, 162
908612.3.peg.2036.site.9, 3, 173, 176
908612.3.peg.2036.site.10, 3, 178, 181
908612.3.peg.2036.site.11, 20, 176, 196
908612.3.peg.2036.site.12, 119, 168, 287
908612.3.peg.2036.site.13, 2, 177, 179
908612.3.peg.2036.site.14, 5, 177, 182
908612.3.peg.2036.site.15, 7, 178, 185
908612.3.peg.2036.site.16, 2, 180, 182
908612.3.peg.2036.site.17, 81, 176, 257
908612.3.peg.2036.site.18, 2, 175, 177
908612.3.peg.2036.site.19, 26, 174, 200
908612.3.peg.2036.site.20, 166, 177, 343
908612.3.peg.2036.site.21, 1, 179, 180
908612.3.peg.2036.site.22, 3, 178, 181
908612.3.peg.2036.site.23, 3, 179, 182
908612.3.peg.2036.site.24, 4, 179, 183
908612.3.peg.2038.site.1, 19, 168, 187
908612.3.peg.2038.site.2, 32, 179, 211
908612.3.peg.2038.site.3, 2, 177, 179
908612.3.peg.2038.site.4, 51, 174, 225
908612.3.peg.2038.site.5, 19, 178, 197
908612.3.peg.2038.site.6, 0, 179, 179
908612.3.peg.614.site.1, 93, 172, 265
908612.3.peg.615.site.1, 112, 170, 282
908612.3.peg.615.site.2, 152, 178, 330
908612.3.peg.615.site.3, 8, 179, 187
908612.3.peg.615.site.4, 0, 180, 180
908612.3.peg.615.site.5, 118, 178, 296
908612.3.peg.615.site.6, 25, 178, 203
908612.3.peg.615.site.7, 26, 178, 204
908612.3.peg.615.site.8, 91, 171, 262
908612.3.peg.615.site.9, 4, 176, 180
908612.3.peg.615.site.10, 2, 179, 181
908612.3.peg.615.site.11, 1, 180, 181
908612.3.peg.615.site.12, 1, 179, 180
908612.3.peg.615.site.13, 5, 177, 182
908612.3.peg.615.site.14, 4, 177, 181
908612.3.peg.615.site.15, 16, 176, 192
908612.3.peg.615.site.16, 101, 176, 277
908612.3.peg.615.site.17, 3, 134, 137
908612.3.peg.615.site.18, 0, 137, 137
908612.3.peg.615.site.19, 86, 166, 252
908612.3.peg.615.site.20, 0, 169, 169
908612.3.peg.615.site.21, 4, 168, 172
908612.3.peg.615.site.22, 0, 178, 178
908612.3.peg.615.site.23, 9, 176, 185
908612.3.peg.615.site.24, 6, 180, 186
908612.3.peg.615.site.25, 3, 180, 183
908612.3.peg.615.site.26, 3, 180, 183
908612.3.peg.615.site.27, 4, 180, 184
908612.3.peg.615.site.28, 2, 179, 181
908612.3.peg.615.site.29, 0, 179, 179
908612.3.peg.615.site.30, 6, 178, 184
908612.3.peg.615.site.31, 113, 178, 291
908612.3.peg.615.site.32, 2, 179, 181
908612.3.peg.615.site.33, 1, 180, 181
908612.3.peg.615.site.34, 2, 180, 182
908612.3.peg.615.site.35, 0, 178, 178
908612.3.peg.617.site.1, 72, 166, 238
908612.3.peg.617.site.2, 17, 167, 184
908612.3.peg.617.site.3, 122, 168, 290
908612.3.peg.617.site.4, 0, 180, 180
908612.3.peg.617.site.5, 0, 180, 180
908612.3.peg.610.site.1, 2, 161, 163
908612.3.peg.610.site.2, 12, 164, 176
908612.3.peg.610.site.3, 0, 153, 153
908612.3.peg.610.site.4, 0, 157, 157
908612.3.peg.610.site.5, 13, 172, 185
908612.3.peg.610.site.6, 28, 166, 194
908612.3.peg.610.site.7, 7, 179, 186
908612.3.peg.610.site.8, 7, 180, 187
908612.3.peg.610.site.9, 2, 180, 182
908612.3.peg.611.site.1, 32, 179, 211
908612.3.peg.611.site.2, 52, 175, 227
908612.3.peg.611.site.3, 3, 180, 183
908612.3.peg.611.site.4, 2, 180, 182
908612.3.peg.611.site.5, 18, 180, 198
908612.3.peg.611.site.6, 1, 180, 181
908612.3.peg.611.site.7, 50, 175, 225
908612.3.peg.611.site.8, 0, 180, 180
908612.3.peg.611.site.9, 2, 180, 182
908612.3.peg.611.site.10, 2, 180, 182
908612.3.peg.611.site.11, 2, 180, 182
908612.3.peg.611.site.12, 0, 179, 179
908612.3.peg.611.site.13, 4, 180, 184
908612.3.peg.611.site.14, 13, 179, 192
908612.3.peg.611.site.15, 0, 180, 180
908612.3.peg.611.site.16, 1, 180, 181
908612.3.peg.611.site.17, 28, 179, 207
908612.3.peg.611.site.18, 0, 179, 179
908612.3.peg.611.site.19, 27, 178, 205
908612.3.peg.611.site.20, 4, 179, 183
908612.3.peg.611.site.21, 0, 180, 180
908612.3.peg.613.site.1, 0, 180, 180
908612.3.peg.613.site.2, 5, 180, 185
908612.3.peg.613.site.3, 2, 180, 182
908612.3.peg.613.site.4, 122, 176, 298
908612.3.peg.613.site.5, 131, 178, 309
908612.3.peg.613.site.6, 7, 180, 187
908612.3.peg.613.site.7, 2, 179, 181
908612.3.peg.613.site.8, 33, 178, 211
908612.3.peg.613.site.9, 7, 179, 186
908612.3.peg.613.site.10, 28, 176, 204
908612.3.peg.613.site.11, 30, 177, 207
908612.3.peg.613.site.12, 2, 178, 180
908612.3.peg.613.site.13, 0, 179, 179
908612.3.peg.613.site.14, 6, 180, 186
908612.3.peg.613.site.15, 6, 180, 186
908612.3.peg.613.site.16, 10, 178, 188
908612.3.peg.613.site.17, 139, 178, 317
908612.3.peg.613.site.18, 130, 178, 308
908612.3.peg.613.site.19, 7, 180, 187
908612.3.peg.613.site.20, 6, 180, 186
908612.3.peg.613.site.21, 0, 180, 180
908612.3.peg.613.site.22, 1, 180, 181
908612.3.peg.613.site.23, 0, 179, 179
908612.3.peg.613.site.24, 0, 180, 180
908612.3.peg.613.site.25, 5, 180, 185
908612.3.peg.613.site.26, 95, 177, 272
908612.3.peg.613.site.27, 15, 180, 195
908612.3.peg.613.site.28, 0, 180, 180
908612.3.peg.613.site.29, 1, 177, 178
908612.3.peg.613.site.30, 0, 179, 179
908612.3.peg.613.site.31, 1, 180, 181
908612.3.peg.613.site.32, 3, 174, 177
908612.3.peg.613.site.33, 106, 170, 276
908612.3.peg.613.site.34, 2, 177, 179
908612.3.peg.613.site.35, 0, 180, 180
908612.3.peg.613.site.36, 0, 177, 177
908612.3.peg.613.site.37, 117, 177, 294
908612.3.peg.613.site.38, 116, 176, 292
908612.3.peg.613.site.39, 0, 178, 178
908612.3.peg.618.site.1, 1, 168, 169
908612.3.peg.618.site.2, 26, 167, 193
908612.3.peg.618.site.3, 113, 162, 275
908612.3.peg.618.site.4, 17, 171, 188
908612.3.peg.618.site.5, 123, 175, 298
908612.3.peg.618.site.6, 9, 179, 188
908612.3.peg.618.site.7, 0, 178, 178
908612.3.peg.618.site.8, 4, 173, 177
908612.3.peg.618.site.9, 1, 160, 161
908612.3.peg.618.site.10, 2, 167, 169
908612.3.peg.618.site.11, 156, 173, 329
908612.3.peg.618.site.12, 6, 178, 184
908612.3.peg.618.site.13, 2, 176, 178
908612.3.peg.618.site.14, 99, 169, 268
908612.3.peg.618.site.15, 137, 173, 310
908612.3.peg.618.site.16, 21, 173, 194
908612.3.peg.618.site.17, 1, 173, 174
908612.3.peg.618.site.18, 1, 171, 172
908612.3.peg.618.site.19, 23, 178, 201
908612.3.peg.619.site.1, 130, 177, 307
908612.3.peg.619.site.2, 150, 173, 323
908612.3.peg.619.site.3, 157, 170, 327
908612.3.peg.619.site.4, 1, 172, 173
908612.3.peg.619.site.5, 0, 177, 177
908612.3.peg.619.site.6, 7, 179, 186
908612.3.peg.619.site.7, 2, 179, 181
908612.3.peg.619.site.8, 20, 180, 200
908612.3.peg.619.site.9, 1, 178, 179
908612.3.peg.619.site.10, 21, 174, 195
908612.3.peg.619.site.11, 4, 180, 184
908612.3.peg.619.site.12, 24, 179, 203
908612.3.peg.619.site.13, 7, 179, 186
908612.3.peg.619.site.14, 11, 180, 191
908612.3.peg.619.site.15, 5, 180, 185
908612.3.peg.619.site.16, 24, 179, 203
908612.3.peg.619.site.17, 26, 180, 206
908612.3.peg.619.site.18, 0, 180, 180
908612.3.peg.619.site.19, 23, 179, 202
908612.3.peg.619.site.20, 21, 176, 197
908612.3.peg.720.site.1, 28, 104, 132
908612.3.peg.720.site.2, 4, 111, 115
908612.3.peg.720.site.3, 2, 134, 136
908612.3.peg.720.site.4, 2, 137, 139
908612.3.peg.720.site.5, 80, 159, 239
908612.3.peg.720.site.6, 6, 163, 169
908612.3.peg.720.site.7, 0, 168, 168
908612.3.peg.720.site.8, 5, 161, 166
908612.3.peg.720.site.9, 2, 159, 161
908612.3.peg.720.site.10, 52, 155, 207
908612.3.peg.720.site.11, 7, 156, 163
908612.3.peg.720.site.12, 0, 154, 154
908612.3.peg.720.site.13, 19, 154, 173
908612.3.peg.720.site.14, 6, 157, 163
908612.3.peg.720.site.15, 66, 156, 222
908612.3.peg.720.site.16, 0, 175, 175
908612.3.peg.720.site.17, 13, 171, 184
908612.3.peg.720.site.18, 11, 174, 185
908612.3.peg.720.site.19, 2, 176, 178
908612.3.peg.720.site.20, 6, 177, 183
908612.3.peg.720.site.21, 2, 177, 179
908612.3.peg.720.site.22, 5, 178, 183
908612.3.peg.720.site.23, 3, 180, 183
908612.3.peg.720.site.24, 7, 176, 183
908612.3.peg.720.site.25, 2, 175, 177
908612.3.peg.720.site.26, 76, 177, 253
908612.3.peg.720.site.27, 2, 179, 181
908612.3.peg.720.site.28, 3, 180, 183
908612.3.peg.720.site.29, 2, 180, 182
908612.3.peg.720.site.30, 2, 180, 182
908612.3.peg.721.site.1, 84, 177, 261
908612.3.peg.721.site.2, 67, 154, 221
908612.3.peg.721.site.3, 2, 168, 170
908612.3.peg.721.site.4, 78, 163, 241
908612.3.peg.721.site.5, 76, 166, 242
908612.3.peg.721.site.6, 4, 177, 181
908612.3.peg.721.site.7, 11, 176, 187
908612.3.peg.721.site.8, 86, 173, 259
908612.3.peg.721.site.9, 7, 173, 180
908612.3.peg.721.site.10, 3, 179, 182
908612.3.peg.721.site.11, 2, 176, 178
908612.3.peg.721.site.12, 4, 145, 149
908612.3.peg.721.site.13, 4, 135, 139
908612.3.peg.721.site.14, 0, 132, 132
908612.3.peg.721.site.15, 6, 132, 138
908612.3.peg.721.site.16, 13, 135, 148
908612.3.peg.721.site.17, 2, 177, 179
908612.3.peg.721.site.18, 1, 167, 168
908612.3.peg.721.site.19, 2, 168, 170
908612.3.peg.721.site.20, 1, 173, 174
908612.3.peg.721.site.21, 32, 170, 202
908612.3.peg.721.site.22, 78, 166, 244
908612.3.peg.721.site.23, 2, 178, 180
908612.3.peg.721.site.24, 2, 175, 177
908612.3.peg.721.site.25, 0, 177, 177
908612.3.peg.721.site.26, 43, 176, 219
908612.3.peg.721.site.27, 2, 180, 182
908612.3.peg.721.site.28, 11, 179, 190
908612.3.peg.721.site.29, 37, 173, 210
908612.3.peg.721.site.30, 13, 174, 187
908612.3.peg.721.site.31, 2, 177, 179
908612.3.peg.721.site.32, 0, 180, 180
908612.3.peg.721.site.33, 3, 179, 182
908612.3.peg.721.site.34, 1, 177, 178
908612.3.peg.721.site.35, 2, 173, 175
908612.3.peg.723.site.1, 2, 180, 182
908612.3.peg.723.site.2, 0, 180, 180
908612.3.peg.723.site.3, 2, 180, 182
908612.3.peg.723.site.4, 2, 179, 181
908612.3.peg.723.site.5, 0, 180, 180
908612.3.peg.723.site.6, 8, 178, 186
908612.3.peg.723.site.7, 1, 180, 181
908612.3.peg.723.site.8, 3, 178, 181
908612.3.peg.723.site.9, 2, 178, 180
908612.3.peg.723.site.10, 2, 175, 177
908612.3.peg.723.site.11, 47, 172, 219
908612.3.peg.723.site.12, 47, 168, 215
908612.3.peg.723.site.13, 8, 172, 180
908612.3.peg.723.site.14, 2, 180, 182
908612.3.peg.723.site.15, 16, 178, 194
908612.3.peg.723.site.16, 2, 180, 182
908612.3.peg.723.site.17, 0, 179, 179
908612.3.peg.723.site.18, 2, 175, 177
908612.3.peg.723.site.19, 14, 175, 189
908612.3.peg.723.site.20, 14, 178, 192
908612.3.peg.723.site.21, 2, 179, 181
908612.3.peg.723.site.22, 1, 176, 177
908612.3.peg.723.site.23, 3, 147, 150
908612.3.peg.723.site.24, 5, 146, 151
908612.3.peg.723.site.25, 106, 171, 277
908612.3.peg.723.site.26, 33, 177, 210
908612.3.peg.723.site.27, 2, 177, 179
908612.3.peg.723.site.28, 1, 179, 180
908612.3.peg.723.site.29, 24, 176, 200
908612.3.peg.723.site.30, 2, 176, 178
908612.3.peg.723.site.31, 1, 177, 178
908612.3.peg.723.site.32, 1, 175, 176
908612.3.peg.723.site.33, 3, 177, 180
908612.3.peg.723.site.34, 1, 179, 180
908612.3.peg.725.site.1, 0, 178, 178
908612.3.peg.725.site.2, 83, 172, 255
908612.3.peg.725.site.3, 0, 179, 179
908612.3.peg.725.site.4, 13, 179, 192
908612.3.peg.725.site.5, 0, 177, 177
908612.3.peg.725.site.6, 1, 177, 178
908612.3.peg.725.site.7, 0, 180, 180
908612.3.peg.725.site.8, 1, 180, 181
908612.3.peg.725.site.9, 4, 178, 182
908612.3.peg.725.site.10, 2, 179, 181
908612.3.peg.725.site.11, 1, 179, 180
908612.3.peg.725.site.12, 112, 146, 258
908612.3.peg.725.site.13, 42, 176, 218
908612.3.peg.725.site.14, 133, 178, 311
908612.3.peg.725.site.15, 40, 176, 216
908612.3.peg.725.site.16, 0, 180, 180
908612.3.peg.725.site.17, 2, 179, 181
908612.3.peg.725.site.18, 9, 175, 184
908612.3.peg.725.site.19, 0, 171, 171
908612.3.peg.725.site.20, 148, 174, 322
908612.3.peg.725.site.21, 2, 178, 180
908612.3.peg.725.site.22, 2, 176, 178
908612.3.peg.725.site.23, 1, 177, 178
908612.3.peg.725.site.24, 1, 178, 179
908612.3.peg.725.site.25, 2, 178, 180
908612.3.peg.725.site.26, 2, 179, 181
908612.3.peg.725.site.27, 6, 177, 183
908612.3.peg.725.site.28, 148, 177, 325
908612.3.peg.725.site.29, 2, 179, 181
908612.3.peg.725.site.30, 27, 178, 205
908612.3.peg.725.site.31, 8, 180, 188
908612.3.peg.726.site.1, 148, 175, 323
908612.3.peg.726.site.2, 2, 177, 179
908612.3.peg.726.site.3, 2, 178, 180
908612.3.peg.726.site.4, 90, 172, 262
908612.3.peg.726.site.5, 9, 180, 189
908612.3.peg.726.site.6, 65, 176, 241
908612.3.peg.726.site.7, 0, 178, 178
908612.3.peg.726.site.8, 1, 178, 179
908612.3.peg.726.site.9, 1, 177, 178
908612.3.peg.726.site.10, 1, 177, 178
908612.3.peg.726.site.11, 1, 176, 177
908612.3.peg.726.site.12, 7, 179, 186
908612.3.peg.726.site.13, 0, 180, 180
908612.3.peg.727.site.1, 0, 180, 180
908612.3.peg.727.site.2, 2, 179, 181
908612.3.peg.727.site.3, 9, 179, 188
908612.3.peg.727.site.4, 5, 178, 183
908612.3.peg.727.site.5, 11, 175, 186
908612.3.peg.727.site.6, 1, 167, 168
908612.3.peg.727.site.7, 2, 180, 182
908612.3.peg.727.site.8, 1, 179, 180
908612.3.peg.727.site.9, 18, 179, 197
908612.3.peg.727.site.10, 0, 178, 178
908612.3.peg.727.site.11, 2, 179, 181
908612.3.peg.727.site.12, 68, 176, 244
908612.3.peg.727.site.13, 24, 176, 200
908612.3.peg.727.site.14, 43, 175, 218
908612.3.peg.727.site.15, 41, 173, 214
908612.3.peg.727.site.16, 2, 179, 181
908612.3.peg.727.site.17, 1, 180, 181
908612.3.peg.727.site.18, 3, 178, 181
908612.3.peg.727.site.19, 10, 170, 180
908612.3.peg.727.site.20, 10, 170, 180
908612.3.peg.2831.site.1, 121, 165, 286
908612.3.peg.2831.site.2, 1, 157, 158
908612.3.peg.2831.site.3, 0, 140, 140
908612.3.peg.2831.site.4, 35, 176, 211
908612.3.peg.2831.site.5, 0, 179, 179
908612.3.peg.2831.site.6, 0, 178, 178
908612.3.peg.2831.site.7, 1, 174, 175
908612.3.peg.2831.site.8, 0, 158, 158
908612.3.peg.2831.site.9, 0, 150, 150
908612.3.peg.2831.site.10, 10, 178, 188
908612.3.peg.2830.site.1, 2, 179, 181
908612.3.peg.2830.site.2, 1, 178, 179
908612.3.peg.2830.site.3, 3, 178, 181
908612.3.peg.2830.site.4, 3, 180, 183
908612.3.peg.2830.site.5, 1, 179, 180
908612.3.peg.2830.site.6, 43, 175, 218
908612.3.peg.2830.site.7, 4, 178, 182
908612.3.peg.2830.site.8, 35, 167, 202
908612.3.peg.2830.site.9, 0, 132, 132
908612.3.peg.2830.site.10, 3, 134, 137
908612.3.peg.2830.site.11, 14, 134, 148
908612.3.peg.2830.site.12, 25, 133, 158
908612.3.peg.2830.site.13, 9, 144, 153
908612.3.peg.2830.site.14, 26, 176, 202
908612.3.peg.2830.site.15, 27, 178, 205
908612.3.peg.2830.site.16, 3, 179, 182
908612.3.peg.2830.site.17, 36, 177, 213
908612.3.peg.2830.site.18, 42, 178, 220
908612.3.peg.2830.site.19, 104, 173, 277
908612.3.peg.2830.site.20, 110, 175, 285
908612.3.peg.2830.site.21, 0, 179, 179
908612.3.peg.2830.site.22, 5, 177, 182
908612.3.peg.2830.site.23, 5, 176, 181
908612.3.peg.2830.site.24, 1, 176, 177
908612.3.peg.2830.site.25, 0, 177, 177
908612.3.peg.2830.site.26, 67, 173, 240
908612.3.peg.2830.site.27, 58, 176, 234
908612.3.peg.2830.site.28, 66, 176, 242
908612.3.peg.2830.site.29, 5, 177, 182
908612.3.peg.2830.site.30, 61, 168, 229
908612.3.peg.2830.site.31, 118, 166, 284
908612.3.peg.2830.site.32, 3, 179, 182
908612.3.peg.2830.site.33, 42, 169, 211
908612.3.peg.2830.site.34, 3, 135, 138
908612.3.peg.2830.site.35, 25, 115, 140
908612.3.peg.2830.site.36, 2, 120, 122
908612.3.peg.2830.site.37, 53, 126, 179
908612.3.peg.2832.site.1, 3, 178, 181
908612.3.peg.2832.site.2, 1, 178, 179
908612.3.peg.2832.site.3, 6, 179, 185
908612.3.peg.2832.site.4, 0, 179, 179
908612.3.peg.2832.site.5, 47, 178, 225
908612.3.peg.2832.site.6, 6, 180, 186
908612.3.peg.2832.site.7, 2, 180, 182
908612.3.peg.2832.site.8, 0, 180, 180
908612.3.peg.2832.site.9, 40, 178, 218
908612.3.peg.2832.site.10, 58, 167, 225
908612.3.peg.2832.site.11, 19, 175, 194
908612.3.peg.2832.site.12, 2, 178, 180
908612.3.peg.2832.site.13, 0, 180, 180
908612.3.peg.2832.site.14, 0, 179, 179
908612.3.peg.2832.site.15, 0, 179, 179
908612.3.peg.2832.site.16, 10, 179, 189
908612.3.peg.2832.site.17, 1, 177, 178
908612.3.peg.2832.site.18, 15, 177, 192
908612.3.peg.2832.site.19, 75, 177, 252
908612.3.peg.2832.site.20, 61, 177, 238
908612.3.peg.2832.site.21, 52, 177, 229
908612.3.peg.2832.site.22, 3, 180, 183
908612.3.peg.2832.site.23, 1, 177, 178
908612.3.peg.2832.site.24, 1, 178, 179
908612.3.peg.2832.site.25, 11, 177, 188
908612.3.peg.2832.site.26, 38, 178, 216
908612.3.peg.2832.site.27, 26, 176, 202
908612.3.peg.2832.site.28, 24, 174, 198
908612.3.peg.2832.site.29, 62, 170, 232
908612.3.peg.2832.site.30, 0, 176, 176
908612.3.peg.2832.site.31, 116, 174, 290
908612.3.peg.2835.site.1, 13, 180, 193
908612.3.peg.2835.site.2, 165, 175, 340
908612.3.peg.2835.site.3, 110, 177, 287
908612.3.peg.2835.site.4, 8, 179, 187
908612.3.peg.2835.site.5, 57, 176, 233
908612.3.peg.2835.site.6, 0, 179, 179
908612.3.peg.2835.site.7, 88, 176, 264
908612.3.peg.2835.site.8, 4, 178, 182
908612.3.peg.2835.site.9, 39, 175, 214
908612.3.peg.2835.site.10, 94, 170, 264
908612.3.peg.2835.site.11, 0, 180, 180
908612.3.peg.2835.site.12, 6, 179, 185
908612.3.peg.2835.site.13, 58, 176, 234
908612.3.peg.2835.site.14, 6, 173, 179
908612.3.peg.2835.site.15, 137, 172, 309
908612.3.peg.2835.site.16, 46, 169, 215
908612.3.peg.2834.site.1, 61, 171, 232
908612.3.peg.2834.site.2, 11, 140, 151
908612.3.peg.2834.site.3, 44, 124, 168
908612.3.peg.2834.site.4, 1, 83, 84
908612.3.peg.2834.site.5, 59, 140, 199
908612.3.peg.2834.site.6, 75, 172, 247
908612.3.peg.2834.site.7, 38, 173, 211
908612.3.peg.2834.site.8, 126, 177, 303
908612.3.peg.2834.site.9, 90, 175, 265
908612.3.peg.2834.site.10, 3, 179, 182
908612.3.peg.2834.site.11, 2, 180, 182
908612.3.peg.2834.site.12, 1, 177, 178
908612.3.peg.2834.site.13, 173, 178, 351
908612.3.peg.2834.site.14, 53, 171, 224
908612.3.peg.2834.site.15, 95, 169, 264
908612.3.peg.2834.site.16, 28, 165, 193
908612.3.peg.2834.site.17, 3, 178, 181
908612.3.peg.2834.site.18, 0, 180, 180
908612.3.peg.2834.site.19, 19, 177, 196
908612.3.peg.1247.site.1, 57, 175, 232
908612.3.peg.1247.site.2, 25, 179, 204
908612.3.peg.1247.site.3, 5, 180, 185
908612.3.peg.1247.site.4, 22, 178, 200
908612.3.peg.1247.site.5, 0, 178, 178
908612.3.peg.1247.site.6, 0, 179, 179
908612.3.peg.1247.site.7, 1, 180, 181
908612.3.peg.1247.site.8, 0, 179, 179
908612.3.peg.1247.site.9, 0, 178, 178
908612.3.peg.1247.site.10, 4, 178, 182
908612.3.peg.1247.site.11, 30, 178, 208
908612.3.peg.1247.site.12, 3, 180, 183
908612.3.peg.1247.site.13, 0, 179, 179
908612.3.peg.1247.site.14, 0, 179, 179
908612.3.peg.2837.site.1, 2, 177, 179
908612.3.peg.2837.site.2, 2, 179, 181
908612.3.peg.2837.site.3, 0, 179, 179
908612.3.peg.2837.site.4, 0, 174, 174
908612.3.peg.2837.site.5, 0, 179, 179
908612.3.peg.2837.site.6, 7, 180, 187
908612.3.peg.2837.site.7, 0, 180, 180
908612.3.peg.2837.site.8, 8, 180, 188
908612.3.peg.1794.site.1, 7, 172, 179
908612.3.peg.1794.site.2, 23, 174, 197
908612.3.peg.1794.site.3, 25, 176, 201
908612.3.peg.1794.site.4, 0, 179, 179
908612.3.peg.1794.site.5, 1, 179, 180
908612.3.peg.1794.site.6, 0, 180, 180
908612.3.peg.1794.site.7, 0, 177, 177
908612.3.peg.1794.site.8, 5, 173, 178
908612.3.peg.1794.site.9, 21, 170, 191
908612.3.peg.1794.site.10, 24, 175, 199
908612.3.peg.1794.site.11, 0, 177, 177
908612.3.peg.1794.site.12, 2, 180, 182
908612.3.peg.1794.site.13, 24, 177, 201
908612.3.peg.1794.site.14, 16, 178, 194
908612.3.peg.1794.site.15, 134, 177, 311
908612.3.peg.1794.site.16, 25, 178, 203
908612.3.peg.1794.site.17, 24, 177, 201
908612.3.peg.1794.site.18, 1, 178, 179
908612.3.peg.1794.site.19, 23, 174, 197
908612.3.peg.1794.site.20, 80, 174, 254
908612.3.peg.1794.site.21, 2, 179, 181
908612.3.peg.1794.site.22, 9, 180, 189
908612.3.peg.1794.site.23, 0, 179, 179
908612.3.peg.1794.site.24, 5, 176, 181
908612.3.peg.1794.site.25, 5, 179, 184
908612.3.peg.1794.site.26, 0, 179, 179
908612.3.peg.1794.site.27, 0, 179, 179
908612.3.peg.1794.site.28, 0, 178, 178
908612.3.peg.1794.site.29, 0, 179, 179
908612.3.peg.1794.site.30, 66, 173, 239
908612.3.peg.1794.site.31, 16, 175, 191
908612.3.peg.1794.site.32, 1, 178, 179
908612.3.peg.1794.site.33, 1, 179, 180
908612.3.peg.1794.site.34, 30, 175, 205
908612.3.peg.1794.site.35, 26, 178, 204
908612.3.peg.1794.site.36, 8, 177, 185
908612.3.peg.1794.site.37, 5, 177, 182
908612.3.peg.1794.site.38, 52, 174, 226
908612.3.peg.1794.site.39, 42, 157, 199
908612.3.peg.1794.site.40, 39, 155, 194
908612.3.peg.1794.site.41, 3, 149, 152
908612.3.peg.1794.site.42, 2, 146, 148
908612.3.peg.1794.site.43, 2, 146, 148
908612.3.peg.1794.site.44, 28, 175, 203
908612.3.peg.1794.site.45, 3, 178, 181
908612.3.peg.1794.site.46, 3, 179, 182
908612.3.peg.1794.site.47, 80, 176, 256
908612.3.peg.1794.site.48, 2, 179, 181
908612.3.peg.1794.site.49, 3, 179, 182
908612.3.peg.1794.site.50, 5, 180, 185
908612.3.peg.2836.site.1, 2, 179, 181
908612.3.peg.2836.site.2, 36, 163, 199
908612.3.peg.2836.site.3, 33, 160, 193
908612.3.peg.2836.site.4, 34, 170, 204
908612.3.peg.2836.site.5, 125, 178, 303
908612.3.peg.2836.site.6, 3, 180, 183
908612.3.peg.2836.site.7, 70, 174, 244
908612.3.peg.2836.site.8, 0, 180, 180
908612.3.peg.2836.site.9, 14, 180, 194
908612.3.peg.2836.site.10, 4, 179, 183
908612.3.peg.2836.site.11, 0, 177, 177
908612.3.peg.2836.site.12, 1, 177, 178
908612.3.peg.2836.site.13, 4, 82, 86
908612.3.peg.2836.site.14, 3, 158, 161
908612.3.peg.2836.site.15, 45, 156, 201
908612.3.peg.2836.site.16, 3, 174, 177
908612.3.peg.2836.site.17, 18, 169, 187
908612.3.peg.2836.site.18, 4, 165, 169
908612.3.peg.2836.site.19, 1, 170, 171
908612.3.peg.2836.site.20, 6, 169, 175
908612.3.peg.2836.site.21, 32, 179, 211
908612.3.peg.2836.site.22, 45, 178, 223
908612.3.peg.2836.site.23, 6, 180, 186
908612.3.peg.2836.site.24, 19, 180, 199
908612.3.peg.2836.site.25, 4, 179, 183
908612.3.peg.2836.site.26, 23, 177, 200
908612.3.peg.2836.site.27, 3, 178, 181
908612.3.peg.2836.site.28, 17, 180, 197
908612.3.peg.2836.site.29, 39, 175, 214
908612.3.peg.2836.site.30, 8, 178, 186
908612.3.peg.1797.site.1, 5, 179, 184
908612.3.peg.1797.site.2, 1, 180, 181
908612.3.peg.1797.site.3, 28, 176, 204
908612.3.peg.1797.site.4, 3, 180, 183
908612.3.peg.1797.site.5, 72, 179, 251
908612.3.peg.1797.site.6, 70, 178, 248
908612.3.peg.1797.site.7, 67, 178, 245
908612.3.peg.1797.site.8, 6, 180, 186
908612.3.peg.1797.site.9, 3, 177, 180
908612.3.peg.1797.site.10, 1, 180, 181
908612.3.peg.1791.site.1, 28, 179, 207
908612.3.peg.1791.site.2, 28, 180, 208
908612.3.peg.1791.site.3, 13, 177, 190
908612.3.peg.1791.site.4, 28, 178, 206
908612.3.peg.1791.site.5, 23, 178, 201
908612.3.peg.1791.site.6, 0, 177, 177
908612.3.peg.1791.site.7, 61, 174, 235
908612.3.peg.1791.site.8, 1, 179, 180
908612.3.peg.1791.site.9, 19, 178, 197
908612.3.peg.1791.site.10, 48, 175, 223
908612.3.peg.1791.site.11, 1, 179, 180
908612.3.peg.1791.site.12, 34, 174, 208
908612.3.peg.1791.site.13, 14, 174, 188
908612.3.peg.1791.site.14, 8, 174, 182
908612.3.peg.1791.site.15, 18, 169, 187
908612.3.peg.1791.site.16, 39, 159, 198
908612.3.peg.1791.site.17, 17, 160, 177
908612.3.peg.1791.site.18, 6, 165, 171
908612.3.peg.1791.site.19, 17, 166, 183
908612.3.peg.1791.site.20, 5, 166, 171
908612.3.peg.1791.site.21, 33, 160, 193
908612.3.peg.1791.site.22, 5, 169, 174
908612.3.peg.1791.site.23, 9, 166, 175
908612.3.peg.1791.site.24, 1, 161, 162
908612.3.peg.1791.site.25, 0, 173, 173
908612.3.peg.1791.site.26, 5, 166, 171
908612.3.peg.1791.site.27, 5, 147, 152
908612.3.peg.1791.site.28, 12, 161, 173
908612.3.peg.1791.site.29, 6, 165, 171
908612.3.peg.1791.site.30, 5, 172, 177
908612.3.peg.1791.site.31, 6, 174, 180
908612.3.peg.1791.site.32, 3, 175, 178
908612.3.peg.1791.site.33, 8, 173, 181
908612.3.peg.1791.site.34, 25, 110, 135
908612.3.peg.1791.site.35, 2, 116, 118
908612.3.peg.1791.site.36, 1, 86, 87
908612.3.peg.1791.site.37, 3, 156, 159
908612.3.peg.1791.site.38, 137, 172, 309
908612.3.peg.438.site.1, 6, 152, 158
908612.3.peg.438.site.2, 0, 137, 137
908612.3.peg.438.site.3, 0, 131, 131
908612.3.peg.438.site.4, 27, 171, 198
908612.3.peg.438.site.5, 26, 177, 203
908612.3.peg.438.site.6, 0, 177, 177
908612.3.peg.438.site.7, 0, 175, 175
908612.3.peg.438.site.8, 0, 179, 179
908612.3.peg.438.site.9, 30, 178, 208
908612.3.peg.438.site.10, 25, 178, 203
908612.3.peg.438.site.11, 18, 162, 180
908612.3.peg.1241.site.1, 52, 175, 227
908612.3.peg.1241.site.2, 0, 179, 179
908612.3.peg.1241.site.3, 1, 180, 181
908612.3.peg.1241.site.4, 2, 176, 178
908612.3.peg.1241.site.5, 104, 173, 277
908612.3.peg.1241.site.6, 132, 179, 311
908612.3.peg.1241.site.7, 1, 179, 180
908612.3.peg.434.site.1, 27, 180, 207
908612.3.peg.434.site.2, 4, 179, 183
908612.3.peg.434.site.3, 78, 175, 253
908612.3.peg.434.site.4, 25, 177, 202
908612.3.peg.434.site.5, 12, 178, 190
908612.3.peg.434.site.6, 0, 180, 180
908612.3.peg.434.site.7, 31, 176, 207
908612.3.peg.434.site.8, 8, 178, 186
908612.3.peg.434.site.9, 23, 176, 199
908612.3.peg.434.site.10, 23, 177, 200
908612.3.peg.434.site.11, 0, 179, 179
908612.3.peg.434.site.12, 24, 179, 203
908612.3.peg.434.site.13, 3, 180, 183
908612.3.peg.435.site.1, 2, 180, 182
908612.3.peg.436.site.1, 6, 180, 186
908612.3.peg.436.site.2, 133, 179, 312
908612.3.peg.436.site.3, 0, 178, 178
908612.3.peg.436.site.4, 0, 180, 180
908612.3.peg.436.site.5, 3, 178, 181
908612.3.peg.436.site.6, 1, 179, 180
908612.3.peg.436.site.7, 136, 177, 313
908612.3.peg.436.site.8, 2, 179, 181
908612.3.peg.436.site.9, 124, 174, 298
908612.3.peg.436.site.10, 4, 174, 178
908612.3.peg.436.site.11, 0, 177, 177
908612.3.peg.436.site.12, 109, 167, 276
908612.3.peg.436.site.13, 10, 175, 185
908612.3.peg.436.site.14, 2, 180, 182
908612.3.peg.436.site.15, 59, 175, 234
908612.3.peg.436.site.16, 55, 173, 228
908612.3.peg.436.site.17, 107, 173, 280
908612.3.peg.436.site.18, 18, 175, 193
908612.3.peg.436.site.19, 2, 178, 180
908612.3.peg.436.site.20, 71, 173, 244
908612.3.peg.436.site.21, 3, 180, 183
908612.3.peg.436.site.22, 0, 180, 180
908612.3.peg.436.site.23, 2, 179, 181
908612.3.peg.437.site.1, 22, 173, 195
908612.3.peg.437.site.2, 31, 176, 207
908612.3.peg.437.site.3, 1, 178, 179
908612.3.peg.437.site.4, 0, 179, 179
908612.3.peg.437.site.5, 2, 177, 179
908612.3.peg.437.site.6, 19, 177, 196
908612.3.peg.430.site.1, 35, 175, 210
908612.3.peg.430.site.2, 36, 176, 212
908612.3.peg.430.site.3, 34, 171, 205
908612.3.peg.430.site.4, 7, 178, 185
908612.3.peg.430.site.5, 12, 154, 166
908612.3.peg.430.site.6, 2, 143, 145
908612.3.peg.430.site.7, 2, 144, 146
908612.3.peg.430.site.8, 0, 178, 178
908612.3.peg.430.site.9, 125, 177, 302
908612.3.peg.430.site.10, 2, 179, 181
908612.3.peg.430.site.11, 0, 180, 180
908612.3.peg.430.site.12, 40, 179, 219
908612.3.peg.430.site.13, 29, 179, 208
908612.3.peg.430.site.14, 50, 176, 226
908612.3.peg.430.site.15, 2, 180, 182
908612.3.peg.430.site.16, 0, 179, 179
908612.3.peg.430.site.17, 87, 175, 262
908612.3.peg.430.site.18, 55, 179, 234
908612.3.peg.430.site.19, 1, 180, 181
908612.3.peg.430.site.20, 10, 180, 190
908612.3.peg.431.site.1, 56, 173, 229
908612.3.peg.431.site.2, 0, 178, 178
908612.3.peg.431.site.3, 128, 177, 305
908612.3.peg.431.site.4, 31, 174, 205
908612.3.peg.431.site.5, 20, 176, 196
908612.3.peg.431.site.6, 50, 177, 227
908612.3.peg.431.site.7, 51, 177, 228
908612.3.peg.431.site.8, 10, 178, 188
908612.3.peg.431.site.9, 60, 177, 237
908612.3.peg.431.site.10, 6, 180, 186
908612.3.peg.431.site.11, 11, 177, 188
908612.3.peg.431.site.12, 40, 175, 215
908612.3.peg.431.site.13, 130, 175, 305
908612.3.peg.431.site.14, 119, 176, 295
908612.3.peg.431.site.15, 118, 175, 293
908612.3.peg.431.site.16, 116, 174, 290
908612.3.peg.431.site.17, 0, 175, 175
908612.3.peg.431.site.18, 21, 180, 201
908612.3.peg.431.site.19, 2, 178, 180
908612.3.peg.431.site.20, 0, 180, 180
908612.3.peg.431.site.21, 2, 180, 182
908612.3.peg.431.site.22, 44, 178, 222
908612.3.peg.431.site.23, 65, 178, 243
908612.3.peg.431.site.24, 22, 177, 199
908612.3.peg.431.site.25, 16, 179, 195
908612.3.peg.431.site.26, 0, 180, 180
908612.3.peg.431.site.27, 24, 178, 202
908612.3.peg.431.site.28, 20, 179, 199
908612.3.peg.431.site.29, 16, 180, 196
908612.3.peg.431.site.30, 0, 179, 179
908612.3.peg.431.site.31, 1, 180, 181
908612.3.peg.431.site.32, 0, 179, 179
908612.3.peg.431.site.33, 89, 178, 267
908612.3.peg.431.site.34, 0, 162, 162
908612.3.peg.431.site.35, 0, 178, 178
908612.3.peg.431.site.36, 4, 179, 183
908612.3.peg.431.site.37, 57, 178, 235
908612.3.peg.431.site.38, 0, 179, 179
908612.3.peg.431.site.39, 1, 180, 181
908612.3.peg.431.site.40, 3, 180, 183
908612.3.peg.431.site.41, 4, 175, 179
908612.3.peg.432.site.1, 118, 178, 296
908612.3.peg.432.site.2, 3, 178, 181
908612.3.peg.432.site.3, 4, 180, 184
908612.3.peg.432.site.4, 0, 179, 179
908612.3.peg.432.site.5, 6, 180, 186
908612.3.peg.432.site.6, 69, 179, 248
908612.3.peg.432.site.7, 73, 176, 249
908612.3.peg.432.site.8, 19, 175, 194
908612.3.peg.432.site.9, 10, 179, 189
908612.3.peg.432.site.10, 0, 178, 178
908612.3.peg.432.site.11, 4, 180, 184
908612.3.peg.432.site.12, 13, 178, 191
908612.3.peg.2912.site.1, 11, 179, 190
908612.3.peg.2912.site.2, 3, 180, 183
908612.3.peg.2912.site.3, 30, 167, 197
908612.3.peg.2912.site.4, 74, 175, 249
908612.3.peg.2912.site.5, 16, 168, 184
908612.3.peg.2912.site.6, 1, 155, 156
908612.3.peg.2912.site.7, 31, 134, 165
908612.3.peg.2912.site.8, 123, 148, 271
908612.3.peg.2912.site.9, 1, 153, 154
908612.3.peg.2912.site.10, 40, 150, 190
908612.3.peg.2912.site.11, 42, 152, 194
908612.3.peg.2912.site.12, 125, 153, 278
908612.3.peg.2912.site.13, 76, 150, 226
908612.3.peg.2912.site.14, 5, 152, 157
908612.3.peg.2912.site.15, 124, 156, 280
908612.3.peg.2912.site.16, 2, 168, 170
908612.3.peg.2912.site.17, 42, 170, 212
908612.3.peg.2912.site.18, 0, 173, 173
908612.3.peg.2912.site.19, 20, 169, 189
908612.3.peg.2912.site.20, 0, 163, 163
908612.3.peg.2912.site.21, 4, 164, 168
908612.3.peg.2912.site.22, 18, 161, 179
908612.3.peg.2912.site.23, 3, 165, 168
908612.3.peg.2912.site.24, 11, 147, 158
908612.3.peg.2912.site.25, 6, 152, 158
908612.3.peg.2912.site.26, 1, 149, 150
908612.3.peg.2912.site.27, 91, 116, 207
908612.3.peg.2912.site.28, 8, 123, 131
908612.3.peg.2912.site.29, 8, 119, 127
908612.3.peg.2912.site.30, 57, 100, 157
908612.3.peg.2912.site.31, 63, 99, 162
908612.3.peg.2912.site.32, 0, 118, 118
908612.3.peg.2912.site.33, 9, 115, 124
908612.3.peg.2912.site.34, 7, 111, 118
908612.3.peg.2912.site.35, 5, 121, 126
908612.3.peg.2912.site.36, 2, 126, 128
908612.3.peg.2912.site.37, 24, 164, 188
908612.3.peg.2912.site.38, 11, 179, 190
908612.3.peg.2912.site.39, 9, 179, 188
908612.3.peg.2912.site.40, 14, 179, 193
908612.3.peg.2912.site.41, 1, 180, 181
908612.3.peg.2912.site.42, 0, 180, 180
908612.3.peg.2912.site.43, 2, 178, 180
908612.3.peg.2912.site.44, 97, 176, 273
908612.3.peg.2912.site.45, 92, 172, 264
908612.3.peg.2912.site.46, 1, 179, 180
908612.3.peg.2912.site.47, 35, 177, 212
908612.3.peg.2912.site.48, 11, 179, 190
908612.3.peg.2912.site.49, 1, 180, 181
908612.3.peg.2912.site.50, 15, 178, 193
908612.3.peg.2912.site.51, 2, 178, 180
908612.3.peg.2912.site.52, 5, 162, 167
908612.3.peg.2912.site.53, 22, 160, 182
908612.3.peg.2912.site.54, 35, 144, 179
908612.3.peg.2912.site.55, 0, 159, 159
908612.3.peg.2912.site.56, 10, 175, 185
908612.3.peg.2912.site.57, 17, 177, 194
908612.3.peg.2913.site.1, 0, 180, 180
908612.3.peg.2913.site.2, 5, 180, 185
908612.3.peg.2913.site.3, 7, 180, 187
908612.3.peg.2913.site.4, 144, 178, 322
908612.3.peg.2913.site.5, 9, 178, 187
908612.3.peg.2913.site.6, 13, 172, 185
908612.3.peg.540.site.1, 28, 177, 205
908612.3.peg.540.site.2, 50, 177, 227
908612.3.peg.540.site.3, 1, 180, 181
908612.3.peg.540.site.4, 169, 177, 346
908612.3.peg.540.site.5, 16, 180, 196
908612.3.peg.540.site.6, 3, 179, 182
908612.3.peg.540.site.7, 54, 179, 233
908612.3.peg.540.site.8, 8, 179, 187
908612.3.peg.540.site.9, 3, 178, 181
908612.3.peg.540.site.10, 4, 177, 181
908612.3.peg.540.site.11, 86, 177, 263
908612.3.peg.540.site.12, 3, 179, 182
908612.3.peg.540.site.13, 10, 178, 188
908612.3.peg.540.site.14, 26, 179, 205
908612.3.peg.540.site.15, 0, 179, 179
908612.3.peg.540.site.16, 5, 179, 184
908612.3.peg.540.site.17, 0, 177, 177
908612.3.peg.540.site.18, 0, 179, 179
908612.3.peg.540.site.19, 2, 180, 182
908612.3.peg.540.site.20, 39, 177, 216
908612.3.peg.540.site.21, 10, 179, 189
908612.3.peg.540.site.22, 0, 179, 179
908612.3.peg.540.site.23, 0, 179, 179
908612.3.peg.541.site.1, 4, 171, 175
908612.3.peg.541.site.2, 2, 150, 152
908612.3.peg.541.site.3, 0, 126, 126
908612.3.peg.541.site.4, 0, 115, 115
908612.3.peg.541.site.5, 1, 121, 122
908612.3.peg.541.site.6, 2, 118, 120
908612.3.peg.541.site.7, 5, 80, 85
908612.3.peg.541.site.8, 0, 64, 64
908612.3.peg.541.site.9, 0, 61, 61
908612.3.peg.541.site.10, 22, 57, 79
908612.3.peg.541.site.11, 14, 71, 85
908612.3.peg.541.site.12, 0, 76, 76
908612.3.peg.541.site.13, 0, 82, 82
908612.3.peg.541.site.14, 0, 90, 90
908612.3.peg.541.site.15, 0, 120, 120
908612.3.peg.541.site.16, 0, 136, 136
908612.3.peg.541.site.17, 0, 130, 130
908612.3.peg.541.site.18, 4, 127, 131
908612.3.peg.541.site.19, 2, 115, 117
908612.3.peg.541.site.20, 0, 124, 124
908612.3.peg.541.site.21, 0, 137, 137
908612.3.peg.541.site.22, 5, 138, 143
908612.3.peg.541.site.23, 0, 151, 151
908612.3.peg.541.site.24, 0, 151, 151
908612.3.peg.541.site.25, 0, 149, 149
908612.3.peg.541.site.26, 72, 139, 211
908612.3.peg.541.site.27, 0, 144, 144
908612.3.peg.541.site.28, 0, 146, 146
908612.3.peg.541.site.29, 5, 151, 156
908612.3.peg.541.site.30, 5, 153, 158
908612.3.peg.541.site.31, 5, 141, 146
908612.3.peg.541.site.32, 0, 141, 141
908612.3.peg.541.site.33, 0, 144, 144
908612.3.peg.541.site.34, 0, 139, 139
908612.3.peg.541.site.35, 0, 137, 137
908612.3.peg.541.site.36, 1, 102, 103
908612.3.peg.541.site.37, 18, 104, 122
908612.3.peg.541.site.38, 0, 110, 110
908612.3.peg.541.site.39, 0, 129, 129
908612.3.peg.541.site.40, 1, 141, 142
908612.3.peg.542.site.1, 4, 169, 173
908612.3.peg.542.site.2, 2, 173, 175
908612.3.peg.542.site.3, 1, 175, 176
908612.3.peg.542.site.4, 4, 171, 175
908612.3.peg.542.site.5, 71, 174, 245
908612.3.peg.542.site.6, 6, 179, 185
908612.3.peg.542.site.7, 5, 178, 183
908612.3.peg.542.site.8, 0, 177, 177
908612.3.peg.542.site.9, 4, 177, 181
908612.3.peg.542.site.10, 5, 176, 181
908612.3.peg.542.site.11, 7, 178, 185
908612.3.peg.542.site.12, 0, 178, 178
908612.3.peg.542.site.13, 9, 175, 184
908612.3.peg.542.site.14, 6, 176, 182
908612.3.peg.542.site.15, 16, 169, 185
908612.3.peg.542.site.16, 36, 164, 200
908612.3.peg.542.site.17, 113, 178, 291
908612.3.peg.543.site.1, 0, 179, 179
908612.3.peg.543.site.2, 3, 179, 182
908612.3.peg.543.site.3, 1, 180, 181
908612.3.peg.543.site.4, 25, 179, 204
908612.3.peg.543.site.5, 19, 174, 193
908612.3.peg.543.site.6, 0, 172, 172
908612.3.peg.543.site.7, 29, 165, 194
908612.3.peg.545.site.1, 3, 164, 167
908612.3.peg.545.site.2, 76, 158, 234
908612.3.peg.545.site.3, 103, 158, 261
908612.3.peg.545.site.4, 10, 150, 160
908612.3.peg.545.site.5, 24, 141, 165
908612.3.peg.545.site.6, 26, 148, 174
908612.3.peg.545.site.7, 1, 152, 153
908612.3.peg.545.site.8, 38, 143, 181
908612.3.peg.545.site.9, 13, 106, 119
908612.3.peg.545.site.10, 12, 107, 119
908612.3.peg.545.site.11, 10, 126, 136
908612.3.peg.545.site.12, 1, 162, 163
908612.3.peg.545.site.13, 15, 158, 173
908612.3.peg.545.site.14, 24, 153, 177
908612.3.peg.545.site.15, 136, 154, 290
908612.3.peg.545.site.16, 0, 175, 175
908612.3.peg.545.site.17, 0, 177, 177
908612.3.peg.545.site.18, 1, 180, 181
908612.3.peg.545.site.19, 70, 175, 245
908612.3.peg.545.site.20, 70, 174, 244
908612.3.peg.545.site.21, 0, 178, 178
908612.3.peg.545.site.22, 2, 173, 175
908612.3.peg.545.site.23, 52, 170, 222
908612.3.peg.545.site.24, 2, 177, 179
908612.3.peg.545.site.25, 3, 175, 178
908612.3.peg.545.site.26, 7, 179, 186
908612.3.peg.545.site.27, 49, 174, 223
908612.3.peg.545.site.28, 65, 107, 172
908612.3.peg.545.site.29, 63, 104, 167
908612.3.peg.545.site.30, 41, 77, 118
908612.3.peg.545.site.31, 64, 167, 231
908612.3.peg.545.site.32, 6, 173, 179
908612.3.peg.545.site.33, 2, 177, 179
908612.3.peg.545.site.34, 38, 171, 209
908612.3.peg.545.site.35, 2, 177, 179
908612.3.peg.545.site.36, 2, 172, 174
908612.3.peg.545.site.37, 32, 162, 194
908612.3.peg.545.site.38, 8, 175, 183
908612.3.peg.545.site.39, 11, 178, 189
908612.3.peg.545.site.40, 4, 180, 184
908612.3.peg.545.site.41, 5, 179, 184
908612.3.peg.545.site.42, 35, 178, 213
908612.3.peg.545.site.43, 2, 180, 182
908612.3.peg.545.site.44, 29, 134, 163
908612.3.peg.545.site.45, 1, 178, 179
908612.3.peg.545.site.46, 22, 177, 199
908612.3.peg.545.site.47, 0, 179, 179
908612.3.peg.545.site.48, 42, 176, 218
908612.3.peg.545.site.49, 78, 175, 253
908612.3.peg.545.site.50, 103, 175, 278
908612.3.peg.545.site.51, 1, 178, 179
908612.3.peg.545.site.52, 59, 175, 234
908612.3.peg.545.site.53, 0, 179, 179
908612.3.peg.545.site.54, 49, 177, 226
908612.3.peg.545.site.55, 3, 180, 183
908612.3.peg.545.site.56, 3, 178, 181
908612.3.peg.545.site.57, 3, 177, 180
908612.3.peg.545.site.58, 79, 152, 231
908612.3.peg.545.site.59, 0, 104, 104
908612.3.peg.545.site.60, 0, 103, 103
908612.3.peg.545.site.61, 82, 168, 250
908612.3.peg.545.site.62, 57, 176, 233
908612.3.peg.545.site.63, 29, 174, 203
908612.3.peg.545.site.64, 0, 149, 149
908612.3.peg.546.site.1, 9, 131, 140
908612.3.peg.546.site.2, 3, 179, 182
908612.3.peg.546.site.3, 40, 178, 218
908612.3.peg.546.site.4, 33, 179, 212
908612.3.peg.546.site.5, 15, 179, 194
908612.3.peg.546.site.6, 18, 177, 195
908612.3.peg.546.site.7, 1, 180, 181
908612.3.peg.546.site.8, 16, 179, 195
908612.3.peg.546.site.9, 77, 175, 252
908612.3.peg.546.site.10, 40, 179, 219
908612.3.peg.546.site.11, 69, 166, 235
908612.3.peg.546.site.12, 4, 171, 175
908612.3.peg.546.site.13, 2, 172, 174
908612.3.peg.546.site.14, 29, 165, 194
908612.3.peg.546.site.15, 36, 168, 204
908612.3.peg.546.site.16, 83, 172, 255
908612.3.peg.546.site.17, 4, 163, 167
908612.3.peg.546.site.18, 3, 159, 162
908612.3.peg.546.site.19, 3, 155, 158
908612.3.peg.546.site.20, 82, 157, 239
908612.3.peg.546.site.21, 2, 156, 158
908612.3.peg.546.site.22, 1, 163, 164
908612.3.peg.546.site.23, 5, 162, 167
908612.3.peg.546.site.24, 62, 144, 206
908612.3.peg.546.site.25, 2, 159, 161
908612.3.peg.546.site.26, 1, 176, 177
908612.3.peg.546.site.27, 15, 168, 183
908612.3.peg.546.site.28, 7, 155, 162
908612.3.peg.546.site.29, 7, 152, 159
908612.3.peg.546.site.30, 92, 148, 240
908612.3.peg.546.site.31, 1, 144, 145
908612.3.peg.546.site.32, 14, 156, 170
908612.3.peg.546.site.33, 13, 153, 166
908612.3.peg.546.site.34, 7, 176, 183
908612.3.peg.546.site.35, 40, 151, 191
908612.3.peg.546.site.36, 74, 143, 217
908612.3.peg.547.site.1, 31, 164, 195
908612.3.peg.547.site.2, 0, 177, 177
908612.3.peg.547.site.3, 1, 172, 173
908612.3.peg.547.site.4, 33, 171, 204
908612.3.peg.547.site.5, 13, 167, 180
908612.3.peg.547.site.6, 3, 169, 172
908612.3.peg.547.site.7, 50, 170, 220
908612.3.peg.547.site.8, 75, 156, 231
908612.3.peg.547.site.9, 81, 161, 242
908612.3.peg.547.site.10, 65, 176, 241
908612.3.peg.547.site.11, 7, 178, 185
908612.3.peg.547.site.12, 9, 178, 187
908612.3.peg.547.site.13, 1, 178, 179
908612.3.peg.547.site.14, 0, 177, 177
908612.3.peg.547.site.15, 5, 169, 174
908612.3.peg.547.site.16, 6, 178, 184
908612.3.peg.547.site.17, 3, 177, 180
908612.3.peg.547.site.18, 90, 175, 265
908612.3.peg.547.site.19, 14, 177, 191
908612.3.peg.547.site.20, 5, 179, 184
908612.3.peg.547.site.21, 6, 177, 183
908612.3.peg.547.site.22, 4, 175, 179
908612.3.peg.547.site.23, 0, 172, 172
908612.3.peg.547.site.24, 76, 176, 252
908612.3.peg.547.site.25, 0, 177, 177
908612.3.peg.547.site.26, 0, 180, 180
908612.3.peg.547.site.27, 6, 175, 181
908612.3.peg.547.site.28, 134, 177, 311
908612.3.peg.547.site.29, 6, 179, 185
908612.3.peg.547.site.30, 1, 177, 178
908612.3.peg.547.site.31, 2, 175, 177
908612.3.peg.547.site.32, 3, 176, 179
908612.3.peg.547.site.33, 39, 173, 212
908612.3.peg.547.site.34, 29, 176, 205
908612.3.peg.547.site.35, 9, 177, 186
908612.3.peg.547.site.36, 47, 177, 224
908612.3.peg.547.site.37, 48, 175, 223
908612.3.peg.547.site.38, 0, 180, 180
908612.3.peg.547.site.39, 0, 180, 180
908612.3.peg.547.site.40, 78, 179, 257
908612.3.peg.547.site.41, 0, 177, 177
908612.3.peg.547.site.42, 8, 175, 183
908612.3.peg.547.site.43, 0, 173, 173
908612.3.peg.547.site.44, 0, 177, 177
908612.3.peg.547.site.45, 0, 176, 176
908612.3.peg.547.site.46, 5, 173, 178
908612.3.peg.547.site.47, 12, 166, 178
908612.3.peg.547.site.48, 35, 177, 212
908612.3.peg.547.site.49, 3, 179, 182
908612.3.peg.547.site.50, 6, 180, 186
908612.3.peg.547.site.51, 0, 180, 180
908612.3.peg.547.site.52, 23, 177, 200
908612.3.peg.547.site.53, 0, 177, 177
908612.3.peg.547.site.54, 3, 177, 180
908612.3.peg.547.site.55, 8, 177, 185
908612.3.peg.547.site.56, 46, 175, 221
908612.3.peg.547.site.57, 41, 175, 216
908612.3.peg.547.site.58, 1, 179, 180
908612.3.peg.547.site.59, 42, 174, 216
908612.3.peg.547.site.60, 4, 179, 183
908612.3.peg.547.site.61, 3, 178, 181
908612.3.peg.547.site.62, 46, 169, 215
908612.3.peg.547.site.63, 28, 167, 195
908612.3.peg.547.site.64, 1, 174, 175
908612.3.peg.547.site.65, 26, 172, 198
908612.3.peg.547.site.66, 6, 174, 180
908612.3.peg.547.site.67, 29, 171, 200
908612.3.peg.547.site.68, 0, 176, 176
908612.3.peg.547.site.69, 1, 180, 181
908612.3.peg.547.site.70, 33, 177, 210
908612.3.peg.547.site.71, 177, 178, 355
908612.3.peg.547.site.72, 0, 178, 178
908612.3.peg.547.site.73, 0, 180, 180
908612.3.peg.547.site.74, 0, 178, 178
908612.3.peg.547.site.75, 135, 173, 308
908612.3.peg.547.site.76, 8, 174, 182
908612.3.peg.547.site.77, 1, 174, 175
908612.3.peg.547.site.78, 2, 178, 180
908612.3.peg.547.site.79, 144, 175, 319
908612.3.peg.547.site.80, 1, 176, 177
908612.3.peg.548.site.1, 6, 168, 174
908612.3.peg.548.site.2, 148, 169, 317
908612.3.peg.548.site.3, 16, 164, 180
908612.3.peg.548.site.4, 127, 164, 291
908612.3.peg.548.site.5, 2, 173, 175
908612.3.peg.548.site.6, 49, 170, 219
908612.3.peg.548.site.7, 92, 153, 245
908612.3.peg.548.site.8, 37, 150, 187
908612.3.peg.548.site.9, 6, 178, 184
908612.3.peg.548.site.10, 166, 176, 342
908612.3.peg.548.site.11, 20, 177, 197
908612.3.peg.548.site.12, 2, 178, 180
908612.3.peg.548.site.13, 0, 176, 176
908612.3.peg.548.site.14, 4, 177, 181
908612.3.peg.548.site.15, 0, 175, 175
908612.3.peg.548.site.16, 179, 179, 358
908612.3.peg.548.site.17, 19, 179, 198
908612.3.peg.548.site.18, 7, 176, 183
908612.3.peg.548.site.19, 3, 176, 179
908612.3.peg.548.site.20, 0, 177, 177
908612.3.peg.548.site.21, 0, 178, 178
908612.3.peg.548.site.22, 0, 180, 180
908612.3.peg.548.site.23, 7, 180, 187
908612.3.peg.548.site.24, 2, 177, 179
908612.3.peg.548.site.25, 105, 170, 275
908612.3.peg.548.site.26, 148, 173, 321
908612.3.peg.548.site.27, 53, 176, 229
908612.3.peg.548.site.28, 7, 172, 179
908612.3.peg.549.site.1, 0, 180, 180
908612.3.peg.549.site.2, 0, 179, 179
908612.3.peg.549.site.3, 6, 176, 182
908612.3.peg.549.site.4, 6, 180, 186
908612.3.peg.1788.site.1, 17, 180, 197
908612.3.peg.1788.site.2, 155, 179, 334
908612.3.peg.1788.site.3, 6, 179, 185
908612.3.peg.1788.site.4, 0, 179, 179
908612.3.peg.1788.site.5, 27, 180, 207
908612.3.peg.1788.site.6, 12, 179, 191
908612.3.peg.1788.site.7, 33, 178, 211
908612.3.peg.1788.site.8, 41, 179, 220
908612.3.peg.1788.site.9, 1, 179, 180
908612.3.peg.1788.site.10, 34, 176, 210
908612.3.peg.1788.site.11, 6, 176, 182
908612.3.peg.1788.site.12, 129, 176, 305
908612.3.peg.1788.site.13, 2, 178, 180
908612.3.peg.1788.site.14, 1, 180, 181
908612.3.peg.1789.site.1, 40, 178, 218
908612.3.peg.1789.site.2, 28, 174, 202
908612.3.peg.1789.site.3, 1, 158, 159
908612.3.peg.1789.site.4, 0, 179, 179
908612.3.peg.1789.site.5, 19, 180, 199
908612.3.peg.1789.site.6, 105, 178, 283
908612.3.peg.1789.site.7, 81, 177, 258
908612.3.peg.1789.site.8, 1, 179, 180
908612.3.peg.1789.site.9, 1, 180, 181
908612.3.peg.1789.site.10, 1, 180, 181
908612.3.peg.1789.site.11, 105, 176, 281
908612.3.peg.1789.site.12, 5, 177, 182
908612.3.peg.1789.site.13, 10, 176, 186
908612.3.peg.1789.site.14, 106, 172, 278
908612.3.peg.1789.site.15, 16, 179, 195
908612.3.peg.1789.site.16, 0, 180, 180
908612.3.peg.1789.site.17, 10, 179, 189
908612.3.peg.1789.site.18, 6, 177, 183
908612.3.peg.1789.site.19, 1, 177, 178
908612.3.peg.1789.site.20, 1, 176, 177
908612.3.peg.1789.site.21, 0, 177, 177
908612.3.peg.1789.site.22, 2, 179, 181
908612.3.peg.1789.site.23, 0, 179, 179
908612.3.peg.1789.site.24, 3, 179, 182
908612.3.peg.1789.site.25, 0, 179, 179
908612.3.peg.1789.site.26, 74, 177, 251
908612.3.peg.1789.site.27, 1, 178, 179
908612.3.peg.1789.site.28, 7, 177, 184
908612.3.peg.1789.site.29, 1, 179, 180
908612.3.peg.1789.site.30, 11, 174, 185
908612.3.peg.1789.site.31, 0, 168, 168
908612.3.peg.1789.site.32, 5, 168, 173
908612.3.peg.1789.site.33, 69, 159, 228
908612.3.peg.1789.site.34, 8, 163, 171
908612.3.peg.1789.site.35, 1, 177, 178
908612.3.peg.1789.site.36, 0, 177, 177
908612.3.peg.1789.site.37, 59, 178, 237
908612.3.peg.1789.site.38, 10, 180, 190
908612.3.peg.1789.site.39, 0, 179, 179
908612.3.peg.1789.site.40, 4, 179, 183
908612.3.peg.1789.site.41, 2, 180, 182
908612.3.peg.1789.site.42, 21, 178, 199
908612.3.peg.1789.site.43, 23, 180, 203
908612.3.peg.1789.site.44, 2, 179, 181
908612.3.peg.1789.site.45, 1, 178, 179
908612.3.peg.1789.site.46, 81, 178, 259
908612.3.peg.1789.site.47, 0, 180, 180
908612.3.peg.1789.site.48, 41, 179, 220
908612.3.peg.1789.site.49, 9, 180, 189
908612.3.peg.1789.site.50, 1, 180, 181
908612.3.peg.1789.site.51, 0, 180, 180
908612.3.peg.1789.site.52, 3, 180, 183
908612.3.peg.1789.site.53, 141, 178, 319
908612.3.peg.1786.site.1, 4, 179, 183
908612.3.peg.1786.site.2, 1, 178, 179
908612.3.peg.1786.site.3, 3, 177, 180
908612.3.peg.1786.site.4, 90, 170, 260
908612.3.peg.1786.site.5, 9, 176, 185
908612.3.peg.1786.site.6, 1, 173, 174
908612.3.peg.1786.site.7, 118, 177, 295
908612.3.peg.1786.site.8, 1, 171, 172
908612.3.peg.1786.site.9, 19, 166, 185
908612.3.peg.1786.site.10, 8, 176, 184
908612.3.peg.1786.site.11, 0, 176, 176
908612.3.peg.1786.site.12, 54, 174, 228
908612.3.peg.1786.site.13, 33, 172, 205
908612.3.peg.1786.site.14, 25, 175, 200
908612.3.peg.1786.site.15, 51, 173, 224
908612.3.peg.1786.site.16, 24, 177, 201
908612.3.peg.1786.site.17, 119, 175, 294
908612.3.peg.1786.site.18, 9, 178, 187
908612.3.peg.1786.site.19, 98, 176, 274
908612.3.peg.1786.site.20, 9, 178, 187
908612.3.peg.1786.site.21, 99, 176, 275
908612.3.peg.1786.site.22, 151, 176, 327
908612.3.peg.1786.site.23, 1, 175, 176
908612.3.peg.1786.site.24, 2, 177, 179
908612.3.peg.1786.site.25, 0, 176, 176
908612.3.peg.1786.site.26, 0, 176, 176
908612.3.peg.1786.site.27, 4, 176, 180
908612.3.peg.1786.site.28, 0, 175, 175
908612.3.peg.1786.site.29, 6, 169, 175
908612.3.peg.1786.site.30, 9, 168, 177
908612.3.peg.1786.site.31, 3, 179, 182
908612.3.peg.1786.site.32, 3, 179, 182
908612.3.peg.1786.site.33, 3, 178, 181
908612.3.peg.1786.site.34, 0, 179, 179
908612.3.peg.1786.site.35, 13, 173, 186
908612.3.peg.1786.site.36, 0, 179, 179
908612.3.peg.1787.site.1, 14, 179, 193
908612.3.peg.1787.site.2, 0, 180, 180
908612.3.peg.1787.site.3, 13, 177, 190
908612.3.peg.1787.site.4, 9, 171, 180
908612.3.peg.1787.site.5, 128, 176, 304
908612.3.peg.1787.site.6, 1, 179, 180
908612.3.peg.1787.site.7, 0, 179, 179
908612.3.peg.1787.site.8, 43, 178, 221
908612.3.peg.1787.site.9, 1, 179, 180
908612.3.peg.1787.site.10, 23, 180, 203
908612.3.peg.1787.site.11, 0, 179, 179
908612.3.peg.1787.site.12, 1, 180, 181
908612.3.peg.1787.site.13, 3, 180, 183
908612.3.peg.1787.site.14, 23, 180, 203
908612.3.peg.1787.site.15, 1, 180, 181
908612.3.peg.1787.site.16, 1, 179, 180
908612.3.peg.1787.site.17, 17, 170, 187
908612.3.peg.1787.site.18, 35, 177, 212
908612.3.peg.1787.site.19, 0, 168, 168
908612.3.peg.1787.site.20, 0, 167, 167
908612.3.peg.1787.site.21, 1, 150, 151
908612.3.peg.1787.site.22, 0, 106, 106
908612.3.peg.1787.site.23, 11, 116, 127
908612.3.peg.1787.site.24, 7, 130, 137
908612.3.peg.1787.site.25, 1, 129, 130
908612.3.peg.1787.site.26, 1, 126, 127
908612.3.peg.1787.site.27, 0, 127, 127
908612.3.peg.1787.site.28, 106, 130, 236
908612.3.peg.1787.site.29, 5, 138, 143
908612.3.peg.1787.site.30, 9, 128, 137
908612.3.peg.1784.site.1, 5, 176, 181
908612.3.peg.1784.site.2, 11, 175, 186
908612.3.peg.1784.site.3, 115, 174, 289
908612.3.peg.1784.site.4, 7, 178, 185
908612.3.peg.1784.site.5, 1, 180, 181
908612.3.peg.1784.site.6, 27, 176, 203
908612.3.peg.1784.site.7, 23, 175, 198
908612.3.peg.1784.site.8, 12, 179, 191
908612.3.peg.1784.site.9, 35, 178, 213
908612.3.peg.1784.site.10, 1, 179, 180
908612.3.peg.1784.site.11, 104, 177, 281
908612.3.peg.1785.site.1, 45, 161, 206
908612.3.peg.1785.site.2, 62, 176, 238
908612.3.peg.1785.site.3, 0, 180, 180
908612.3.peg.1785.site.4, 58, 176, 234
908612.3.peg.1785.site.5, 1, 180, 181
908612.3.peg.1785.site.6, 52, 178, 230
908612.3.peg.1785.site.7, 51, 170, 221
908612.3.peg.1785.site.8, 105, 163, 268
908612.3.peg.1785.site.9, 102, 155, 257
908612.3.peg.1785.site.10, 7, 173, 180
908612.3.peg.1785.site.11, 28, 173, 201
908612.3.peg.1785.site.12, 4, 178, 182
908612.3.peg.1785.site.13, 16, 177, 193
908612.3.peg.1785.site.14, 0, 177, 177
908612.3.peg.1785.site.15, 3, 178, 181
908612.3.peg.1785.site.16, 91, 177, 268
908612.3.peg.1785.site.17, 90, 176, 266
908612.3.peg.1785.site.18, 0, 179, 179
908612.3.peg.1785.site.19, 17, 178, 195
908612.3.peg.1785.site.20, 26, 175, 201
908612.3.peg.1785.site.21, 90, 174, 264
908612.3.peg.1785.site.22, 4, 177, 181
908612.3.peg.1785.site.23, 0, 175, 175
908612.3.peg.1785.site.24, 1, 179, 180
908612.3.peg.1785.site.25, 4, 180, 184
908612.3.peg.1785.site.26, 0, 178, 178
908612.3.peg.1783.site.1, 148, 177, 325
908612.3.peg.1783.site.2, 117, 176, 293
908612.3.peg.1783.site.3, 4, 177, 181
908612.3.peg.1783.site.4, 117, 177, 294
908612.3.peg.1783.site.5, 3, 180, 183
908612.3.peg.1783.site.6, 148, 178, 326
908612.3.peg.1783.site.7, 5, 179, 184
908612.3.peg.1783.site.8, 0, 180, 180
908612.3.peg.1783.site.9, 26, 178, 204
908612.3.peg.1783.site.10, 15, 178, 193
908612.3.peg.1783.site.11, 8, 178, 186
908612.3.peg.1783.site.12, 0, 178, 178
908612.3.peg.1783.site.13, 116, 175, 291
908612.3.peg.1783.site.14, 29, 177, 206
908612.3.peg.1783.site.15, 30, 179, 209
908612.3.peg.1783.site.16, 2, 179, 181
908612.3.peg.1783.site.17, 25, 174, 199
908612.3.peg.1783.site.18, 28, 176, 204
908612.3.peg.1783.site.19, 0, 176, 176
908612.3.peg.1783.site.20, 6, 176, 182
908612.3.peg.1783.site.21, 0, 177, 177
908612.3.peg.1783.site.22, 148, 177, 325
908612.3.peg.1783.site.23, 31, 177, 208
908612.3.peg.1783.site.24, 2, 179, 181
908612.3.peg.1783.site.25, 2, 172, 174
908612.3.peg.1783.site.26, 11, 171, 182
908612.3.peg.1783.site.27, 0, 177, 177
908612.3.peg.1783.site.28, 0, 179, 179
908612.3.peg.1783.site.29, 34, 177, 211
908612.3.peg.1783.site.30, 0, 179, 179
908612.3.peg.1783.site.31, 0, 179, 179
908612.3.peg.1783.site.32, 0, 178, 178
908612.3.peg.1783.site.33, 0, 179, 179
908612.3.peg.1783.site.34, 49, 174, 223
908612.3.peg.1780.site.1, 64, 145, 209
908612.3.peg.1780.site.2, 2, 152, 154
908612.3.peg.1780.site.3, 79, 154, 233
908612.3.peg.1780.site.4, 9, 159, 168
908612.3.peg.1780.site.5, 78, 160, 238
908612.3.peg.1780.site.6, 8, 157, 165
908612.3.peg.1780.site.7, 6, 152, 158
908612.3.peg.1780.site.8, 7, 151, 158
908612.3.peg.1780.site.9, 9, 149, 158
908612.3.peg.1780.site.10, 0, 159, 159
908612.3.peg.1780.site.11, 0, 164, 164
908612.3.peg.1780.site.12, 18, 167, 185
908612.3.peg.1780.site.13, 4, 176, 180
908612.3.peg.1780.site.14, 1, 178, 179
908612.3.peg.1781.site.1, 26, 176, 202
908612.3.peg.1781.site.2, 5, 177, 182
908612.3.peg.1781.site.3, 1, 179, 180
908612.3.peg.1781.site.4, 16, 180, 196
908612.3.peg.1781.site.5, 19, 178, 197
908612.3.peg.1781.site.6, 24, 178, 202
908612.3.peg.1781.site.7, 31, 172, 203
908612.3.peg.1781.site.8, 107, 177, 284
908612.3.peg.1781.site.9, 3, 180, 183
908612.3.peg.1781.site.10, 14, 178, 192
908612.3.peg.1781.site.11, 18, 179, 197
908612.3.peg.1781.site.12, 1, 180, 181
908612.3.peg.1658.site.1, 1, 180, 181
908612.3.peg.1658.site.2, 6, 180, 186
908612.3.peg.1658.site.3, 4, 180, 184
908612.3.peg.1658.site.4, 3, 180, 183
908612.3.peg.1658.site.5, 6, 179, 185
908612.3.peg.1658.site.6, 15, 177, 192
908612.3.peg.1658.site.7, 0, 180, 180
908612.3.peg.1658.site.8, 29, 174, 203
908612.3.peg.1658.site.9, 0, 176, 176
908612.3.peg.1659.site.1, 4, 168, 172
908612.3.peg.1659.site.2, 59, 168, 227
908612.3.peg.1659.site.3, 6, 168, 174
908612.3.peg.1659.site.4, 0, 178, 178
908612.3.peg.1659.site.5, 2, 174, 176
908612.3.peg.1659.site.6, 2, 172, 174
908612.3.peg.1659.site.7, 2, 155, 157
908612.3.peg.1659.site.8, 68, 170, 238
908612.3.peg.1659.site.9, 46, 175, 221
908612.3.peg.1659.site.10, 1, 180, 181
908612.3.peg.1659.site.11, 13, 175, 188
908612.3.peg.1654.site.1, 0, 180, 180
908612.3.peg.1654.site.2, 66, 174, 240
908612.3.peg.1654.site.3, 41, 178, 219
908612.3.peg.1654.site.4, 1, 173, 174
908612.3.peg.1654.site.5, 87, 171, 258
908612.3.peg.1654.site.6, 2, 176, 178
908612.3.peg.1654.site.7, 62, 162, 224
908612.3.peg.1654.site.8, 41, 154, 195
908612.3.peg.1654.site.9, 1, 154, 155
908612.3.peg.1654.site.10, 22, 145, 167
908612.3.peg.1654.site.11, 3, 179, 182
908612.3.peg.1654.site.12, 21, 178, 199
908612.3.peg.1654.site.13, 7, 179, 186
908612.3.peg.1655.site.1, 55, 177, 232
908612.3.peg.1655.site.2, 5, 179, 184
908612.3.peg.1655.site.3, 26, 179, 205
908612.3.peg.1655.site.4, 51, 176, 227
908612.3.peg.1655.site.5, 30, 177, 207
908612.3.peg.1655.site.6, 29, 178, 207
908612.3.peg.1655.site.7, 4, 177, 181
908612.3.peg.1655.site.8, 0, 180, 180
908612.3.peg.1655.site.9, 18, 180, 198
908612.3.peg.1655.site.10, 2, 179, 181
908612.3.peg.1655.site.11, 1, 180, 181
908612.3.peg.1655.site.12, 27, 177, 204
908612.3.peg.1655.site.13, 5, 180, 185
908612.3.peg.1655.site.14, 4, 179, 183
908612.3.peg.1655.site.15, 59, 177, 236
908612.3.peg.1655.site.16, 5, 179, 184
908612.3.peg.1655.site.17, 2, 180, 182
908612.3.peg.1655.site.18, 3, 178, 181
908612.3.peg.1655.site.19, 26, 175, 201
908612.3.peg.1655.site.20, 16, 178, 194
908612.3.peg.1655.site.21, 3, 178, 181
908612.3.peg.1655.site.22, 35, 177, 212
908612.3.peg.1655.site.23, 44, 177, 221
908612.3.peg.1655.site.24, 8, 179, 187
908612.3.peg.1656.site.1, 2, 178, 180
908612.3.peg.1656.site.2, 0, 180, 180
908612.3.peg.1656.site.3, 3, 179, 182
908612.3.peg.1656.site.4, 0, 178, 178
908612.3.peg.1656.site.5, 2, 180, 182
908612.3.peg.1656.site.6, 8, 178, 186
908612.3.peg.1656.site.7, 2, 180, 182
908612.3.peg.1656.site.8, 5, 180, 185
908612.3.peg.1657.site.1, 2, 180, 182
908612.3.peg.1657.site.2, 0, 175, 175
908612.3.peg.1657.site.3, 0, 172, 172
908612.3.peg.1657.site.4, 4, 179, 183
908612.3.peg.1657.site.5, 2, 176, 178
908612.3.peg.1657.site.6, 2, 176, 178
908612.3.peg.1657.site.7, 16, 178, 194
908612.3.peg.1657.site.8, 3, 179, 182
908612.3.peg.1657.site.9, 1, 180, 181
908612.3.peg.1657.site.10, 24, 176, 200
908612.3.peg.1657.site.11, 24, 175, 199
908612.3.peg.1657.site.12, 27, 178, 205
908612.3.peg.1657.site.13, 25, 176, 201
908612.3.peg.1657.site.14, 1, 180, 181
908612.3.peg.1657.site.15, 46, 171, 217
908612.3.peg.1657.site.16, 7, 176, 183
908612.3.peg.1657.site.17, 31, 173, 204
908612.3.peg.1657.site.18, 26, 172, 198
908612.3.peg.1657.site.19, 24, 169, 193
908612.3.peg.1657.site.20, 15, 177, 192
908612.3.peg.1657.site.21, 37, 168, 205
908612.3.peg.1657.site.22, 1, 178, 179
908612.3.peg.1657.site.23, 77, 174, 251
908612.3.peg.1657.site.24, 2, 178, 180
908612.3.peg.1650.site.1, 102, 176, 278
908612.3.peg.1650.site.2, 1, 180, 181
908612.3.peg.1650.site.3, 1, 180, 181
908612.3.peg.1650.site.4, 7, 177, 184
908612.3.peg.1650.site.5, 141, 180, 321
908612.3.peg.1650.site.6, 10, 178, 188
908612.3.peg.1650.site.7, 1, 179, 180
908612.3.peg.1650.site.8, 0, 170, 170
908612.3.peg.1650.site.9, 1, 174, 175
908612.3.peg.1651.site.1, 0, 177, 177
908612.3.peg.1651.site.2, 7, 179, 186
908612.3.peg.1651.site.3, 1, 180, 181
908612.3.peg.1651.site.4, 77, 176, 253
908612.3.peg.1651.site.5, 1, 180, 181
908612.3.peg.1651.site.6, 76, 176, 252
908612.3.peg.1651.site.7, 0, 180, 180
908612.3.peg.1651.site.8, 76, 173, 249
908612.3.peg.1651.site.9, 1, 178, 179
908612.3.peg.1651.site.10, 4, 180, 184
908612.3.peg.1651.site.11, 3, 180, 183
908612.3.peg.1651.site.12, 0, 179, 179
908612.3.peg.1651.site.13, 140, 176, 316
908612.3.peg.1651.site.14, 0, 179, 179
908612.3.peg.1652.site.1, 1, 175, 176
908612.3.peg.1652.site.2, 18, 170, 188
908612.3.peg.1652.site.3, 8, 174, 182
908612.3.peg.1652.site.4, 2, 172, 174
908612.3.peg.1652.site.5, 120, 165, 285
908612.3.peg.1652.site.6, 115, 161, 276
908612.3.peg.1652.site.7, 119, 165, 284
908612.3.peg.1652.site.8, 17, 162, 179
908612.3.peg.1652.site.9, 66, 172, 238
908612.3.peg.1652.site.10, 6, 180, 186
908612.3.peg.1652.site.11, 1, 178, 179
908612.3.peg.1652.site.12, 10, 178, 188
908612.3.peg.1652.site.13, 45, 163, 208
908612.3.peg.1652.site.14, 10, 150, 160
908612.3.peg.1652.site.15, 4, 178, 182
908612.3.peg.1652.site.16, 0, 174, 174
908612.3.peg.1652.site.17, 63, 177, 240
908612.3.peg.1652.site.18, 15, 180, 195
908612.3.peg.1652.site.19, 13, 179, 192
908612.3.peg.1652.site.20, 0, 180, 180
908612.3.peg.1652.site.21, 46, 178, 224
908612.3.peg.1652.site.22, 2, 180, 182
908612.3.peg.1652.site.23, 2, 179, 181
908612.3.peg.1653.site.1, 19, 140, 159
908612.3.peg.1653.site.2, 2, 178, 180
908612.3.peg.131.site.1, 113, 178, 291
908612.3.peg.131.site.2, 0, 177, 177
908612.3.peg.131.site.3, 62, 173, 235
908612.3.peg.131.site.4, 51, 174, 225
908612.3.peg.131.site.5, 43, 168, 211
908612.3.peg.131.site.6, 74, 165, 239
908612.3.peg.131.site.7, 11, 173, 184
908612.3.peg.131.site.8, 2, 177, 179
908612.3.peg.131.site.9, 65, 174, 239
908612.3.peg.131.site.10, 0, 177, 177
908612.3.peg.131.site.11, 35, 174, 209
908612.3.peg.131.site.12, 35, 176, 211
908612.3.peg.131.site.13, 0, 178, 178
908612.3.peg.131.site.14, 1, 178, 179
908612.3.peg.131.site.15, 32, 178, 210
908612.3.peg.131.site.16, 2, 178, 180
908612.3.peg.131.site.17, 0, 164, 164
908612.3.peg.131.site.18, 0, 159, 159
908612.3.peg.131.site.19, 19, 135, 154
908612.3.peg.131.site.20, 3, 150, 153
908612.3.peg.131.site.21, 20, 157, 177
908612.3.peg.131.site.22, 73, 156, 229
908612.3.peg.131.site.23, 4, 178, 182
908612.3.peg.131.site.24, 25, 177, 202
908612.3.peg.131.site.25, 2, 178, 180
908612.3.peg.131.site.26, 56, 178, 234
908612.3.peg.131.site.27, 33, 177, 210
908612.3.peg.131.site.28, 73, 177, 250
908612.3.peg.131.site.29, 2, 179, 181
908612.3.peg.131.site.30, 89, 178, 267
908612.3.peg.131.site.31, 2, 180, 182
908612.3.peg.131.site.32, 93, 179, 272
908612.3.peg.131.site.33, 34, 175, 209
908612.3.peg.131.site.34, 68, 177, 245
908612.3.peg.131.site.35, 2, 167, 169
908612.3.peg.131.site.36, 0, 161, 161
908612.3.peg.131.site.37, 24, 157, 181
908612.3.peg.131.site.38, 51, 158, 209
908612.3.peg.131.site.39, 16, 161, 177
908612.3.peg.131.site.40, 24, 174, 198
908612.3.peg.131.site.41, 2, 177, 179
908612.3.peg.131.site.42, 40, 176, 216
908612.3.peg.131.site.43, 1, 175, 176
908612.3.peg.131.site.44, 70, 151, 221
908612.3.peg.131.site.45, 2, 149, 151
908612.3.peg.131.site.46, 74, 166, 240
908612.3.peg.131.site.47, 30, 170, 200
908612.3.peg.131.site.48, 0, 180, 180
908612.3.peg.131.site.49, 20, 177, 197
908612.3.peg.131.site.50, 0, 174, 174
908612.3.peg.131.site.51, 13, 170, 183
908612.3.peg.131.site.52, 90, 164, 254
908612.3.peg.131.site.53, 0, 175, 175
908612.3.peg.131.site.54, 13, 177, 190
908612.3.peg.131.site.55, 1, 174, 175
908612.3.peg.131.site.56, 50, 174, 224
908612.3.peg.131.site.57, 0, 180, 180
908612.3.peg.131.site.58, 15, 180, 195
908612.3.peg.131.site.59, 86, 176, 262
908612.3.peg.131.site.60, 1, 180, 181
908612.3.peg.130.site.1, 2, 179, 181
908612.3.peg.130.site.2, 0, 180, 180
908612.3.peg.130.site.3, 37, 179, 216
908612.3.peg.130.site.4, 5, 180, 185
908612.3.peg.130.site.5, 22, 177, 199
908612.3.peg.130.site.6, 0, 180, 180
908612.3.peg.130.site.7, 42, 175, 217
908612.3.peg.130.site.8, 1, 180, 181
908612.3.peg.130.site.9, 46, 173, 219
908612.3.peg.130.site.10, 5, 178, 183
908612.3.peg.133.site.1, 1, 168, 169
908612.3.peg.133.site.2, 1, 169, 170
908612.3.peg.133.site.3, 34, 164, 198
908612.3.peg.133.site.4, 2, 165, 167
908612.3.peg.133.site.5, 57, 154, 211
908612.3.peg.133.site.6, 0, 137, 137
908612.3.peg.133.site.7, 34, 163, 197
908612.3.peg.133.site.8, 1, 171, 172
908612.3.peg.133.site.9, 34, 157, 191
908612.3.peg.133.site.10, 1, 158, 159
908612.3.peg.133.site.11, 14, 147, 161
908612.3.peg.133.site.12, 14, 151, 165
908612.3.peg.133.site.13, 1, 170, 171
908612.3.peg.133.site.14, 15, 161, 176
908612.3.peg.133.site.15, 14, 161, 175
908612.3.peg.133.site.16, 13, 161, 174
908612.3.peg.133.site.17, 26, 173, 199
908612.3.peg.133.site.18, 15, 178, 193
908612.3.peg.133.site.19, 4, 178, 182
908612.3.peg.133.site.20, 4, 177, 181
908612.3.peg.133.site.21, 28, 174, 202
908612.3.peg.133.site.22, 50, 178, 228
908612.3.peg.133.site.23, 0, 176, 176
908612.3.peg.133.site.24, 0, 174, 174
908612.3.peg.133.site.25, 3, 172, 175
908612.3.peg.133.site.26, 3, 175, 178
908612.3.peg.133.site.27, 1, 173, 174
908612.3.peg.133.site.28, 20, 142, 162
908612.3.peg.133.site.29, 10, 137, 147
908612.3.peg.133.site.30, 1, 118, 119
908612.3.peg.133.site.31, 83, 132, 215
908612.3.peg.133.site.32, 2, 150, 152
908612.3.peg.133.site.33, 84, 152, 236
908612.3.peg.133.site.34, 28, 159, 187
908612.3.peg.133.site.35, 36, 160, 196
908612.3.peg.133.site.36, 64, 159, 223
908612.3.peg.133.site.37, 80, 141, 221
908612.3.peg.133.site.38, 0, 180, 180
908612.3.peg.133.site.39, 0, 180, 180
908612.3.peg.133.site.40, 17, 179, 196
908612.3.peg.133.site.41, 37, 177, 214
908612.3.peg.135.site.1, 12, 156, 168
908612.3.peg.135.site.2, 0, 162, 162
908612.3.peg.135.site.3, 44, 161, 205
908612.3.peg.135.site.4, 7, 176, 183
908612.3.peg.135.site.5, 168, 179, 347
908612.3.peg.135.site.6, 25, 178, 203
908612.3.peg.135.site.7, 4, 176, 180
908612.3.peg.135.site.8, 11, 172, 183
908612.3.peg.135.site.9, 9, 174, 183
908612.3.peg.135.site.10, 6, 176, 182
908612.3.peg.135.site.11, 2, 179, 181
908612.3.peg.135.site.12, 7, 175, 182
908612.3.peg.135.site.13, 3, 166, 169
908612.3.peg.135.site.14, 3, 157, 160
908612.3.peg.135.site.15, 23, 153, 176
908612.3.peg.135.site.16, 5, 152, 157
908612.3.peg.135.site.17, 14, 148, 162
908612.3.peg.135.site.18, 7, 152, 159
908612.3.peg.135.site.19, 3, 150, 153
908612.3.peg.135.site.20, 4, 171, 175
908612.3.peg.137.site.1, 0, 175, 175
908612.3.peg.137.site.2, 1, 176, 177
908612.3.peg.137.site.3, 6, 180, 186
908612.3.peg.137.site.4, 11, 180, 191
908612.3.peg.137.site.5, 3, 180, 183
908612.3.peg.137.site.6, 15, 179, 194
908612.3.peg.137.site.7, 2, 179, 181
908612.3.peg.137.site.8, 28, 176, 204
908612.3.peg.136.site.1, 3, 177, 180
908612.3.peg.136.site.2, 7, 179, 186
908612.3.peg.136.site.3, 30, 177, 207
908612.3.peg.136.site.4, 26, 179, 205
908612.3.peg.136.site.5, 1, 179, 180
908612.3.peg.136.site.6, 4, 179, 183
908612.3.peg.136.site.7, 11, 162, 173
908612.3.peg.136.site.8, 3, 178, 181
908612.3.peg.136.site.9, 3, 180, 183
908612.3.peg.139.site.1, 21, 176, 197
908612.3.peg.139.site.2, 0, 170, 170
908612.3.peg.139.site.3, 1, 163, 164
908612.3.peg.139.site.4, 2, 162, 164
908612.3.peg.139.site.5, 2, 162, 164
908612.3.peg.139.site.6, 2, 162, 164
908612.3.peg.139.site.7, 0, 174, 174
908612.3.peg.139.site.8, 1, 177, 178
908612.3.peg.139.site.9, 21, 177, 198
908612.3.peg.139.site.10, 1, 177, 178
908612.3.peg.139.site.11, 3, 178, 181
908612.3.peg.139.site.12, 130, 178, 308
908612.3.peg.139.site.13, 0, 176, 176
908612.3.peg.139.site.14, 3, 177, 180
908612.3.peg.139.site.15, 0, 179, 179
908612.3.peg.139.site.16, 2, 158, 160
908612.3.peg.139.site.17, 1, 161, 162
908612.3.peg.139.site.18, 14, 175, 189
908612.3.peg.139.site.19, 4, 180, 184
908612.3.peg.139.site.20, 2, 179, 181
908612.3.peg.139.site.21, 3, 180, 183
908612.3.peg.139.site.22, 1, 180, 181
908612.3.peg.139.site.23, 1, 178, 179
908612.3.peg.139.site.24, 4, 180, 184
908612.3.peg.139.site.25, 13, 179, 192
908612.3.peg.139.site.26, 9, 180, 189
908612.3.peg.139.site.27, 9, 180, 189
908612.3.peg.139.site.28, 0, 180, 180
908612.3.peg.139.site.29, 2, 180, 182
908612.3.peg.139.site.30, 0, 165, 165
908612.3.peg.138.site.1, 0, 172, 172
908612.3.peg.138.site.2, 16, 171, 187
908612.3.peg.138.site.3, 0, 168, 168
908612.3.peg.138.site.4, 6, 161, 167
908612.3.peg.138.site.5, 32, 162, 194
908612.3.peg.138.site.6, 1, 156, 157
908612.3.peg.138.site.7, 2, 158, 160
908612.3.peg.138.site.8, 4, 160, 164
908612.3.peg.138.site.9, 1, 180, 181
908612.3.peg.138.site.10, 1, 180, 181
908612.3.peg.138.site.11, 0, 161, 161
908612.3.peg.138.site.12, 34, 170, 204
908612.3.peg.138.site.13, 56, 178, 234
908612.3.peg.138.site.14, 3, 180, 183
908612.3.peg.138.site.15, 60, 177, 237
908612.3.peg.138.site.16, 24, 180, 204
908612.3.peg.138.site.17, 2, 178, 180
908612.3.peg.138.site.18, 58, 177, 235
908612.3.peg.138.site.19, 38, 175, 213
908612.3.peg.138.site.20, 6, 175, 181
908612.3.peg.138.site.21, 7, 179, 186
908612.3.peg.138.site.22, 7, 175, 182
908612.3.peg.138.site.23, 0, 178, 178
908612.3.peg.138.site.24, 13, 177, 190
908612.3.peg.138.site.25, 3, 173, 176
908612.3.peg.138.site.26, 0, 168, 168
908612.3.peg.138.site.27, 10, 170, 180
908612.3.peg.138.site.28, 10, 171, 181
908612.3.peg.2767.site.1, 2, 180, 182
908612.3.peg.2767.site.2, 102, 176, 278
908612.3.peg.2767.site.3, 1, 180, 181
908612.3.peg.2767.site.4, 132, 175, 307
908612.3.peg.2767.site.5, 2, 177, 179
908612.3.peg.2767.site.6, 0, 175, 175
908612.3.peg.2767.site.7, 1, 152, 153
908612.3.peg.2767.site.8, 0, 157, 157
908612.3.peg.2767.site.9, 3, 175, 178
908612.3.peg.2767.site.10, 3, 178, 181
908612.3.peg.2767.site.11, 112, 179, 291
908612.3.peg.2767.site.12, 109, 175, 284
908612.3.peg.2767.site.13, 10, 154, 164
908612.3.peg.2767.site.14, 14, 162, 176
908612.3.peg.2767.site.15, 2, 178, 180
908612.3.peg.2767.site.16, 1, 179, 180
908612.3.peg.2767.site.17, 0, 175, 175
908612.3.peg.2767.site.18, 0, 174, 174
908612.3.peg.2767.site.19, 27, 173, 200
908612.3.peg.2767.site.20, 3, 172, 175
908612.3.peg.2767.site.21, 11, 170, 181
908612.3.peg.2767.site.22, 10, 155, 165
908612.3.peg.2767.site.23, 3, 153, 156
908612.3.peg.2767.site.24, 2, 151, 153
908612.3.peg.2767.site.25, 5, 154, 159
908612.3.peg.2767.site.26, 1, 155, 156
908612.3.peg.2767.site.27, 28, 147, 175
908612.3.peg.2767.site.28, 2, 150, 152
908612.3.peg.2767.site.29, 0, 147, 147
908612.3.peg.2767.site.30, 0, 145, 145
908612.3.peg.2767.site.31, 26, 134, 160
908612.3.peg.2767.site.32, 0, 140, 140
908612.3.peg.2767.site.33, 7, 125, 132
908612.3.peg.2767.site.34, 0, 144, 144
908612.3.peg.2767.site.35, 14, 143, 157
908612.3.peg.2767.site.36, 2, 163, 165
908612.3.peg.2767.site.37, 4, 171, 175
908612.3.peg.2767.site.38, 33, 174, 207
908612.3.peg.1250.site.1, 17, 173, 190
908612.3.peg.1250.site.2, 93, 172, 265
908612.3.peg.1250.site.3, 18, 173, 191
908612.3.peg.1250.site.4, 0, 173, 173
908612.3.peg.1252.site.1, 8, 178, 186
908612.3.peg.1252.site.2, 0, 180, 180
908612.3.peg.1252.site.3, 40, 172, 212
908612.3.peg.1252.site.4, 16, 172, 188
908612.3.peg.1252.site.5, 74, 167, 241
908612.3.peg.1252.site.6, 6, 173, 179
908612.3.peg.1252.site.7, 87, 169, 256
908612.3.peg.1252.site.8, 34, 175, 209
908612.3.peg.1252.site.9, 4, 180, 184
908612.3.peg.1252.site.10, 1, 180, 181
908612.3.peg.1252.site.11, 9, 180, 189
908612.3.peg.1252.site.12, 8, 180, 188
908612.3.peg.1252.site.13, 31, 176, 207
908612.3.peg.1252.site.14, 7, 178, 185
908612.3.peg.1252.site.15, 0, 180, 180
908612.3.peg.1252.site.16, 3, 127, 130
908612.3.peg.1253.site.1, 11, 138, 149
908612.3.peg.1253.site.2, 44, 168, 212
908612.3.peg.1253.site.3, 53, 173, 226
908612.3.peg.1253.site.4, 3, 179, 182
908612.3.peg.1253.site.5, 0, 179, 179
908612.3.peg.1253.site.6, 1, 179, 180
908612.3.peg.1253.site.7, 92, 174, 266
908612.3.peg.1253.site.8, 10, 175, 185
908612.3.peg.1253.site.9, 0, 174, 174
908612.3.peg.1253.site.10, 3, 176, 179
908612.3.peg.1253.site.11, 56, 170, 226
908612.3.peg.1253.site.12, 6, 175, 181
908612.3.peg.1253.site.13, 1, 175, 176
908612.3.peg.1253.site.14, 53, 173, 226
908612.3.peg.1253.site.15, 46, 176, 222
908612.3.peg.1253.site.16, 13, 176, 189
908612.3.peg.1253.site.17, 1, 178, 179
908612.3.peg.1253.site.18, 1, 179, 180
908612.3.peg.1253.site.19, 105, 179, 284
908612.3.peg.1253.site.20, 1, 180, 181
908612.3.peg.1253.site.21, 52, 179, 231
908612.3.peg.1253.site.22, 91, 177, 268
908612.3.peg.1253.site.23, 4, 180, 184
908612.3.peg.1253.site.24, 0, 179, 179
908612.3.peg.1253.site.25, 36, 177, 213
908612.3.peg.1253.site.26, 18, 174, 192
908612.3.peg.1253.site.27, 81, 172, 253
908612.3.peg.1253.site.28, 81, 170, 251
908612.3.peg.1253.site.29, 3, 171, 174
908612.3.peg.1253.site.30, 34, 166, 200
908612.3.peg.1253.site.31, 17, 160, 177
908612.3.peg.1253.site.32, 66, 154, 220
908612.3.peg.1253.site.33, 17, 141, 158
908612.3.peg.1253.site.34, 34, 122, 156
908612.3.peg.1253.site.35, 4, 126, 130
908612.3.peg.1253.site.36, 19, 115, 134
908612.3.peg.1253.site.37, 2, 122, 124
908612.3.peg.1253.site.38, 40, 109, 149
908612.3.peg.1253.site.39, 76, 168, 244
908612.3.peg.1253.site.40, 98, 178, 276
908612.3.peg.1253.site.41, 12, 178, 190
908612.3.peg.1253.site.42, 4, 180, 184
908612.3.peg.1253.site.43, 66, 178, 244
908612.3.peg.1253.site.44, 7, 176, 183
908612.3.peg.1253.site.45, 67, 175, 242
908612.3.peg.1253.site.46, 0, 178, 178
908612.3.peg.1253.site.47, 0, 180, 180
908612.3.peg.1253.site.48, 0, 180, 180
908612.3.peg.1253.site.49, 4, 180, 184
908612.3.peg.1253.site.50, 0, 180, 180
908612.3.peg.1253.site.51, 1, 180, 181
908612.3.peg.1253.site.52, 0, 180, 180
908612.3.peg.1253.site.53, 0, 180, 180
908612.3.peg.1253.site.54, 0, 180, 180
908612.3.peg.1253.site.55, 88, 172, 260
908612.3.peg.1253.site.56, 0, 180, 180
908612.3.peg.1253.site.57, 0, 177, 177
908612.3.peg.1253.site.58, 0, 178, 178
908612.3.peg.1328.site.1, 23, 165, 188
908612.3.peg.1328.site.2, 157, 169, 326
908612.3.peg.1328.site.3, 74, 174, 248
908612.3.peg.1328.site.4, 5, 179, 184
908612.3.peg.1328.site.5, 77, 177, 254
908612.3.peg.1328.site.6, 101, 174, 275
908612.3.peg.1328.site.7, 1, 180, 181
908612.3.peg.1328.site.8, 156, 178, 334
908612.3.peg.1328.site.9, 1, 178, 179
908612.3.peg.1328.site.10, 2, 179, 181
908612.3.peg.1328.site.11, 69, 177, 246
908612.3.peg.1328.site.12, 69, 176, 245
908612.3.peg.1328.site.13, 0, 177, 177
908612.3.peg.1328.site.14, 36, 176, 212
908612.3.peg.1328.site.15, 0, 176, 176
908612.3.peg.1328.site.16, 34, 171, 205
908612.3.peg.1328.site.17, 2, 180, 182
908612.3.peg.1328.site.18, 130, 171, 301
908612.3.peg.1328.site.19, 6, 178, 184
908612.3.peg.1328.site.20, 42, 175, 217
908612.3.peg.1328.site.21, 20, 155, 175
908612.3.peg.1328.site.22, 9, 143, 152
908612.3.peg.1328.site.23, 11, 145, 156
908612.3.peg.1328.site.24, 0, 180, 180
908612.3.peg.1328.site.25, 59, 175, 234
908612.3.peg.1328.site.26, 0, 175, 175
908612.3.peg.1329.site.1, 0, 178, 178
908612.3.peg.1329.site.2, 0, 179, 179
908612.3.peg.1329.site.3, 0, 178, 178
908612.3.peg.1329.site.4, 1, 177, 178
908612.3.peg.1329.site.5, 1, 176, 177
908612.3.peg.1329.site.6, 112, 176, 288
908612.3.peg.1329.site.7, 1, 178, 179
908612.3.peg.1329.site.8, 46, 175, 221
908612.3.peg.1329.site.9, 0, 165, 165
908612.3.peg.1329.site.10, 1, 166, 167
908612.3.peg.1329.site.11, 34, 172, 206
908612.3.peg.1329.site.12, 68, 175, 243
908612.3.peg.1320.site.1, 3, 179, 182
908612.3.peg.1320.site.2, 80, 176, 256
908612.3.peg.1320.site.3, 0, 177, 177
908612.3.peg.1320.site.4, 90, 173, 263
908612.3.peg.1320.site.5, 34, 173, 207
908612.3.peg.1320.site.6, 88, 171, 259
908612.3.peg.1320.site.7, 83, 166, 249
908612.3.peg.1320.site.8, 47, 176, 223
908612.3.peg.1320.site.9, 50, 176, 226
908612.3.peg.1320.site.10, 0, 179, 179
908612.3.peg.1320.site.11, 0, 179, 179
908612.3.peg.1320.site.12, 3, 180, 183
908612.3.peg.1320.site.13, 101, 176, 277
908612.3.peg.1320.site.14, 0, 179, 179
908612.3.peg.1320.site.15, 6, 179, 185
908612.3.peg.1320.site.16, 129, 176, 305
908612.3.peg.1320.site.17, 51, 175, 226
908612.3.peg.1320.site.18, 35, 175, 210
908612.3.peg.1320.site.19, 3, 171, 174
908612.3.peg.1320.site.20, 2, 167, 169
908612.3.peg.1320.site.21, 124, 163, 287
908612.3.peg.1320.site.22, 30, 164, 194
908612.3.peg.1320.site.23, 1, 171, 172
908612.3.peg.1320.site.24, 11, 178, 189
908612.3.peg.1320.site.25, 24, 170, 194
908612.3.peg.1320.site.26, 0, 175, 175
908612.3.peg.1320.site.27, 1, 175, 176
908612.3.peg.1320.site.28, 22, 176, 198
908612.3.peg.1321.site.1, 8, 177, 185
908612.3.peg.1321.site.2, 3, 178, 181
908612.3.peg.1321.site.3, 19, 177, 196
908612.3.peg.1321.site.4, 146, 166, 312
908612.3.peg.1321.site.5, 12, 158, 170
908612.3.peg.1321.site.6, 76, 158, 234
908612.3.peg.1321.site.7, 65, 150, 215
908612.3.peg.1321.site.8, 0, 169, 169
908612.3.peg.1321.site.9, 3, 177, 180
908612.3.peg.1321.site.10, 1, 178, 179
908612.3.peg.1321.site.11, 29, 178, 207
908612.3.peg.1321.site.12, 65, 170, 235
908612.3.peg.1321.site.13, 6, 170, 176
908612.3.peg.1321.site.14, 1, 175, 176
908612.3.peg.1321.site.15, 50, 168, 218
908612.3.peg.1321.site.16, 6, 173, 179
908612.3.peg.1321.site.17, 58, 167, 225
908612.3.peg.1321.site.18, 83, 169, 252
908612.3.peg.1321.site.19, 121, 172, 293
908612.3.peg.1321.site.20, 1, 176, 177
908612.3.peg.1321.site.21, 2, 180, 182
908612.3.peg.1321.site.22, 56, 173, 229
908612.3.peg.1321.site.23, 9, 180, 189
908612.3.peg.1321.site.24, 0, 178, 178
908612.3.peg.1321.site.25, 81, 170, 251
908612.3.peg.1321.site.26, 0, 178, 178
908612.3.peg.1321.site.27, 0, 179, 179
908612.3.peg.1321.site.28, 1, 176, 177
908612.3.peg.1322.site.1, 2, 163, 165
908612.3.peg.1322.site.2, 4, 165, 169
908612.3.peg.1322.site.3, 70, 172, 242
908612.3.peg.1322.site.4, 114, 173, 287
908612.3.peg.1322.site.5, 19, 171, 190
908612.3.peg.1322.site.6, 1, 174, 175
908612.3.peg.1322.site.7, 4, 177, 181
908612.3.peg.1322.site.8, 5, 179, 184
908612.3.peg.1322.site.9, 8, 179, 187
908612.3.peg.1322.site.10, 3, 180, 183
908612.3.peg.1322.site.11, 9, 163, 172
908612.3.peg.1322.site.12, 0, 161, 161
908612.3.peg.1322.site.13, 0, 164, 164
908612.3.peg.1322.site.14, 78, 168, 246
908612.3.peg.1322.site.15, 86, 176, 262
908612.3.peg.1322.site.16, 11, 177, 188
908612.3.peg.1322.site.17, 2, 179, 181
908612.3.peg.1322.site.18, 83, 178, 261
908612.3.peg.1322.site.19, 2, 178, 180
908612.3.peg.1322.site.20, 3, 178, 181
908612.3.peg.1322.site.21, 2, 178, 180
908612.3.peg.1322.site.22, 91, 179, 270
908612.3.peg.1322.site.23, 107, 177, 284
908612.3.peg.1322.site.24, 0, 179, 179
908612.3.peg.1322.site.25, 3, 179, 182
908612.3.peg.1322.site.26, 21, 170, 191
908612.3.peg.1322.site.27, 25, 177, 202
908612.3.peg.1322.site.28, 29, 179, 208
908612.3.peg.1322.site.29, 21, 175, 196
908612.3.peg.1322.site.30, 0, 164, 164
908612.3.peg.1322.site.31, 2, 156, 158
908612.3.peg.1322.site.32, 28, 178, 206
908612.3.peg.1322.site.33, 7, 177, 184
908612.3.peg.1322.site.34, 33, 178, 211
908612.3.peg.1322.site.35, 0, 179, 179
908612.3.peg.1322.site.36, 6, 178, 184
908612.3.peg.1322.site.37, 45, 177, 222
908612.3.peg.1322.site.38, 2, 170, 172
908612.3.peg.1322.site.39, 15, 175, 190
908612.3.peg.1322.site.40, 1, 177, 178
908612.3.peg.1322.site.41, 2, 180, 182
908612.3.peg.1322.site.42, 40, 177, 217
908612.3.peg.1322.site.43, 36, 177, 213
908612.3.peg.1323.site.1, 6, 180, 186
908612.3.peg.1323.site.2, 46, 175, 221
908612.3.peg.1323.site.3, 11, 180, 191
908612.3.peg.1323.site.4, 0, 180, 180
908612.3.peg.1323.site.5, 0, 180, 180
908612.3.peg.1323.site.6, 1, 179, 180
908612.3.peg.1323.site.7, 27, 179, 206
908612.3.peg.1323.site.8, 0, 179, 179
908612.3.peg.1323.site.9, 1, 179, 180
908612.3.peg.1323.site.10, 6, 148, 154
908612.3.peg.1323.site.11, 116, 176, 292
908612.3.peg.1323.site.12, 8, 166, 174
908612.3.peg.1323.site.13, 127, 160, 287
908612.3.peg.1323.site.14, 127, 160, 287
908612.3.peg.1323.site.15, 107, 155, 262
908612.3.peg.1324.site.1, 0, 180, 180
908612.3.peg.1324.site.2, 24, 177, 201
908612.3.peg.1324.site.3, 0, 177, 177
908612.3.peg.1324.site.4, 22, 179, 201
908612.3.peg.1324.site.5, 1, 180, 181
908612.3.peg.1324.site.6, 29, 180, 209
908612.3.peg.1324.site.7, 21, 178, 199
908612.3.peg.1324.site.8, 0, 178, 178
908612.3.peg.1324.site.9, 127, 171, 298
908612.3.peg.1324.site.10, 2, 177, 179
908612.3.peg.1324.site.11, 1, 177, 178
908612.3.peg.1324.site.12, 0, 178, 178
908612.3.peg.1324.site.13, 0, 173, 173
908612.3.peg.1324.site.14, 131, 169, 300
908612.3.peg.1324.site.15, 159, 173, 332
908612.3.peg.1324.site.16, 0, 177, 177
908612.3.peg.1324.site.17, 2, 178, 180
908612.3.peg.1324.site.18, 1, 174, 175
908612.3.peg.1327.site.1, 12, 178, 190
908612.3.peg.1327.site.2, 90, 174, 264
908612.3.peg.1327.site.3, 2, 180, 182
908612.3.peg.1327.site.4, 54, 177, 231
908612.3.peg.1327.site.5, 54, 177, 231
908612.3.peg.1327.site.6, 53, 177, 230
908612.3.peg.1327.site.7, 9, 178, 187
908612.3.peg.1327.site.8, 38, 177, 215
908612.3.peg.1434.site.1, 0, 179, 179
908612.3.peg.1434.site.2, 0, 179, 179
908612.3.peg.1434.site.3, 19, 178, 197
908612.3.peg.1434.site.4, 0, 180, 180
908612.3.peg.1435.site.1, 75, 178, 253
908612.3.peg.1435.site.2, 38, 178, 216
908612.3.peg.1435.site.3, 3, 180, 183
908612.3.peg.1435.site.4, 2, 179, 181
908612.3.peg.1435.site.5, 0, 179, 179
908612.3.peg.1435.site.6, 1, 173, 174
908612.3.peg.1435.site.7, 1, 168, 169
908612.3.peg.1435.site.8, 31, 165, 196
908612.3.peg.1435.site.9, 97, 171, 268
908612.3.peg.1435.site.10, 60, 176, 236
908612.3.peg.1435.site.11, 70, 174, 244
908612.3.peg.1435.site.12, 67, 173, 240
908612.3.peg.1435.site.13, 2, 171, 173
908612.3.peg.1435.site.14, 0, 175, 175
908612.3.peg.1435.site.15, 41, 178, 219
908612.3.peg.1435.site.16, 0, 179, 179
908612.3.peg.1435.site.17, 28, 180, 208
908612.3.peg.1435.site.18, 50, 178, 228
908612.3.peg.1435.site.19, 0, 178, 178
908612.3.peg.1435.site.20, 130, 177, 307
908612.3.peg.1435.site.21, 38, 176, 214
908612.3.peg.1435.site.22, 36, 176, 212
908612.3.peg.1435.site.23, 0, 179, 179
908612.3.peg.1435.site.24, 121, 177, 298
908612.3.peg.1435.site.25, 109, 176, 285
908612.3.peg.1435.site.26, 23, 180, 203
908612.3.peg.1435.site.27, 121, 177, 298
908612.3.peg.1435.site.28, 7, 180, 187
908612.3.peg.1435.site.29, 2, 180, 182
908612.3.peg.1435.site.30, 0, 180, 180
908612.3.peg.1435.site.31, 22, 180, 202
908612.3.peg.1435.site.32, 1, 180, 181
908612.3.peg.1435.site.33, 0, 180, 180
908612.3.peg.1435.site.34, 35, 177, 212
908612.3.peg.1435.site.35, 59, 177, 236
908612.3.peg.1435.site.36, 13, 180, 193
908612.3.peg.1435.site.37, 9, 179, 188
908612.3.peg.1435.site.38, 0, 180, 180
908612.3.peg.1435.site.39, 0, 180, 180
908612.3.peg.1435.site.40, 4, 180, 184
908612.3.peg.1435.site.41, 10, 180, 190
908612.3.peg.1435.site.42, 18, 180, 198
908612.3.peg.1435.site.43, 85, 179, 264
908612.3.peg.1436.site.1, 4, 180, 184
908612.3.peg.1436.site.2, 1, 178, 179
908612.3.peg.1436.site.3, 13, 179, 192
908612.3.peg.1436.site.4, 2, 180, 182
908612.3.peg.1436.site.5, 9, 180, 189
908612.3.peg.1436.site.6, 8, 179, 187
908612.3.peg.1436.site.7, 0, 177, 177
908612.3.peg.1436.site.8, 23, 178, 201
908612.3.peg.1436.site.9, 1, 180, 181
908612.3.peg.1436.site.10, 35, 179, 214
908612.3.peg.1436.site.11, 3, 180, 183
908612.3.peg.1436.site.12, 63, 179, 242
908612.3.peg.1436.site.13, 37, 179, 216
908612.3.peg.1436.site.14, 19, 179, 198
908612.3.peg.1436.site.15, 3, 180, 183
908612.3.peg.1436.site.16, 18, 178, 196
908612.3.peg.1436.site.17, 31, 172, 203
908612.3.peg.1436.site.18, 4, 179, 183
908612.3.peg.1436.site.19, 16, 176, 192
908612.3.peg.1436.site.20, 0, 179, 179
908612.3.peg.1436.site.21, 33, 177, 210
908612.3.peg.1436.site.22, 3, 179, 182
908612.3.peg.1436.site.23, 3, 180, 183
908612.3.peg.1436.site.24, 0, 173, 173
908612.3.peg.1436.site.25, 0, 172, 172
908612.3.peg.1436.site.26, 2, 180, 182
908612.3.peg.1436.site.27, 1, 179, 180
908612.3.peg.1436.site.28, 1, 163, 164
908612.3.peg.1436.site.29, 0, 180, 180
908612.3.peg.1436.site.30, 13, 179, 192
908612.3.peg.1436.site.31, 59, 175, 234
908612.3.peg.1436.site.32, 14, 179, 193
908612.3.peg.1436.site.33, 21, 179, 200
908612.3.peg.1436.site.34, 131, 178, 309
908612.3.peg.1437.site.1, 0, 179, 179
908612.3.peg.1437.site.2, 96, 177, 273
908612.3.peg.1437.site.3, 0, 180, 180
908612.3.peg.1437.site.4, 28, 177, 205
908612.3.peg.1437.site.5, 9, 179, 188
908612.3.peg.1437.site.6, 6, 179, 185
908612.3.peg.1437.site.7, 0, 179, 179
908612.3.peg.1437.site.8, 4, 179, 183
908612.3.peg.1437.site.9, 1, 180, 181
908612.3.peg.1437.site.10, 6, 180, 186
908612.3.peg.1437.site.11, 22, 180, 202
908612.3.peg.1437.site.12, 39, 177, 216
908612.3.peg.1437.site.13, 44, 175, 219
908612.3.peg.1437.site.14, 8, 175, 183
908612.3.peg.1437.site.15, 83, 176, 259
908612.3.peg.1437.site.16, 28, 178, 206
908612.3.peg.1437.site.17, 14, 179, 193
908612.3.peg.1437.site.18, 1, 180, 181
908612.3.peg.1437.site.19, 15, 180, 195
908612.3.peg.1437.site.20, 55, 178, 233
908612.3.peg.1437.site.21, 21, 180, 201
908612.3.peg.1437.site.22, 6, 180, 186
908612.3.peg.1437.site.23, 0, 179, 179
908612.3.peg.1437.site.24, 2, 179, 181
908612.3.peg.1437.site.25, 93, 177, 270
908612.3.peg.1437.site.26, 14, 180, 194
908612.3.peg.1437.site.27, 0, 176, 176
908612.3.peg.1430.site.1, 2, 178, 180
908612.3.peg.1430.site.2, 0, 164, 164
908612.3.peg.1430.site.3, 0, 159, 159
908612.3.peg.1430.site.4, 0, 175, 175
908612.3.peg.1430.site.5, 26, 176, 202
908612.3.peg.1430.site.6, 31, 176, 207
908612.3.peg.1430.site.7, 152, 178, 330
908612.3.peg.1430.site.8, 30, 177, 207
908612.3.peg.1430.site.9, 15, 175, 190
908612.3.peg.1430.site.10, 0, 176, 176
908612.3.peg.1430.site.11, 48, 169, 217
908612.3.peg.1430.site.12, 46, 172, 218
908612.3.peg.1430.site.13, 1, 178, 179
908612.3.peg.1430.site.14, 148, 175, 323
908612.3.peg.1430.site.15, 102, 174, 276
908612.3.peg.1430.site.16, 109, 173, 282
908612.3.peg.1430.site.17, 3, 178, 181
908612.3.peg.1430.site.18, 100, 174, 274
908612.3.peg.1430.site.19, 106, 172, 278
908612.3.peg.1430.site.20, 147, 178, 325
908612.3.peg.1430.site.21, 2, 180, 182
908612.3.peg.1430.site.22, 8, 180, 188
908612.3.peg.1430.site.23, 92, 176, 268
908612.3.peg.1430.site.24, 121, 175, 296
908612.3.peg.1430.site.25, 2, 179, 181
908612.3.peg.1430.site.26, 0, 178, 178
908612.3.peg.1430.site.27, 2, 180, 182
908612.3.peg.1430.site.28, 95, 177, 272
908612.3.peg.1430.site.29, 4, 179, 183
908612.3.peg.1430.site.30, 12, 179, 191
908612.3.peg.1430.site.31, 114, 162, 276
908612.3.peg.1430.site.32, 1, 168, 169
908612.3.peg.1430.site.33, 2, 172, 174
908612.3.peg.1430.site.34, 1, 179, 180
908612.3.peg.1430.site.35, 4, 179, 183
908612.3.peg.1430.site.36, 22, 179, 201
908612.3.peg.1430.site.37, 1, 179, 180
908612.3.peg.1430.site.38, 2, 178, 180
908612.3.peg.1430.site.39, 7, 180, 187
908612.3.peg.1430.site.40, 1, 180, 181
908612.3.peg.1430.site.41, 14, 178, 192
908612.3.peg.1430.site.42, 34, 178, 212
908612.3.peg.1430.site.43, 75, 175, 250
908612.3.peg.1430.site.44, 119, 176, 295
908612.3.peg.1430.site.45, 0, 179, 179
908612.3.peg.1430.site.46, 2, 178, 180
908612.3.peg.1430.site.47, 2, 179, 181
908612.3.peg.1430.site.48, 11, 179, 190
908612.3.peg.1430.site.49, 55, 179, 234
908612.3.peg.1430.site.50, 11, 177, 188
908612.3.peg.1430.site.51, 0, 179, 179
908612.3.peg.1430.site.52, 5, 178, 183
908612.3.peg.1430.site.53, 4, 179, 183
908612.3.peg.1430.site.54, 1, 180, 181
908612.3.peg.1430.site.55, 1, 180, 181
908612.3.peg.1430.site.56, 0, 178, 178
908612.3.peg.1430.site.57, 8, 180, 188
908612.3.peg.1430.site.58, 2, 180, 182
908612.3.peg.1430.site.59, 25, 178, 203
908612.3.peg.1430.site.60, 2, 180, 182
908612.3.peg.1430.site.61, 5, 179, 184
908612.3.peg.1431.site.1, 0, 179, 179
908612.3.peg.1431.site.2, 0, 177, 177
908612.3.peg.1431.site.3, 1, 176, 177
908612.3.peg.1431.site.4, 8, 177, 185
908612.3.peg.1431.site.5, 2, 180, 182
908612.3.peg.1431.site.6, 42, 177, 219
908612.3.peg.1431.site.7, 19, 179, 198
908612.3.peg.1431.site.8, 5, 180, 185
908612.3.peg.1431.site.9, 11, 172, 183
908612.3.peg.1431.site.10, 17, 161, 178
908612.3.peg.1431.site.11, 0, 180, 180
908612.3.peg.1431.site.12, 0, 180, 180
908612.3.peg.1431.site.13, 0, 178, 178
908612.3.peg.1431.site.14, 94, 176, 270
908612.3.peg.1431.site.15, 0, 179, 179
908612.3.peg.1431.site.16, 0, 180, 180
908612.3.peg.1432.site.1, 51, 177, 228
908612.3.peg.1432.site.2, 0, 179, 179
908612.3.peg.1432.site.3, 2, 180, 182
908612.3.peg.1432.site.4, 1, 176, 177
908612.3.peg.1432.site.5, 96, 178, 274
908612.3.peg.1432.site.6, 13, 180, 193
908612.3.peg.1432.site.7, 9, 178, 187
908612.3.peg.1432.site.8, 2, 180, 182
908612.3.peg.1432.site.9, 89, 177, 266
908612.3.peg.1432.site.10, 94, 177, 271
908612.3.peg.1432.site.11, 8, 179, 187
908612.3.peg.1432.site.12, 54, 177, 231
908612.3.peg.1432.site.13, 8, 179, 187
908612.3.peg.1432.site.14, 0, 180, 180
908612.3.peg.1432.site.15, 37, 178, 215
908612.3.peg.1432.site.16, 11, 180, 191
908612.3.peg.1432.site.17, 3, 177, 180
908612.3.peg.1432.site.18, 23, 179, 202
908612.3.peg.1432.site.19, 35, 178, 213
908612.3.peg.1432.site.20, 8, 180, 188
908612.3.peg.1432.site.21, 60, 178, 238
908612.3.peg.1432.site.22, 1, 180, 181
908612.3.peg.1432.site.23, 49, 175, 224
908612.3.peg.1432.site.24, 4, 180, 184
908612.3.peg.1432.site.25, 0, 177, 177
908612.3.peg.1432.site.26, 38, 171, 209
908612.3.peg.1432.site.27, 1, 177, 178
908612.3.peg.1432.site.28, 4, 177, 181
908612.3.peg.1432.site.29, 0, 180, 180
908612.3.peg.1432.site.30, 8, 176, 184
908612.3.peg.1432.site.31, 57, 172, 229
908612.3.peg.1432.site.32, 0, 180, 180
908612.3.peg.1432.site.33, 45, 173, 218
908612.3.peg.1432.site.34, 3, 178, 181
908612.3.peg.1432.site.35, 5, 175, 180
908612.3.peg.1432.site.36, 2, 179, 181
908612.3.peg.1432.site.37, 1, 180, 181
908612.3.peg.1432.site.38, 2, 180, 182
908612.3.peg.1432.site.39, 30, 179, 209
908612.3.peg.1432.site.40, 44, 176, 220
908612.3.peg.1433.site.1, 0, 179, 179
908612.3.peg.1433.site.2, 0, 171, 171
908612.3.peg.1433.site.3, 2, 180, 182
908612.3.peg.1433.site.4, 2, 179, 181
908612.3.peg.1433.site.5, 0, 176, 176
908612.3.peg.1433.site.6, 108, 173, 281
908612.3.peg.1433.site.7, 56, 165, 221
908612.3.peg.1433.site.8, 0, 176, 176
908612.3.peg.1433.site.9, 25, 179, 204
908612.3.peg.1433.site.10, 25, 178, 203
908612.3.peg.1433.site.11, 12, 178, 190
908612.3.peg.1433.site.12, 42, 176, 218
908612.3.peg.1433.site.13, 36, 174, 210
908612.3.peg.1433.site.14, 14, 179, 193
908612.3.peg.1433.site.15, 3, 180, 183
908612.3.peg.1433.site.16, 1, 180, 181
908612.3.peg.1438.site.1, 1, 154, 155
908612.3.peg.1438.site.2, 0, 148, 148
908612.3.peg.1438.site.3, 39, 158, 197
908612.3.peg.1438.site.4, 6, 152, 158
908612.3.peg.1438.site.5, 7, 161, 168
908612.3.peg.1438.site.6, 0, 179, 179
908612.3.peg.1438.site.7, 90, 173, 263
908612.3.peg.1438.site.8, 140, 178, 318
908612.3.peg.1438.site.9, 3, 180, 183
908612.3.peg.1438.site.10, 34, 177, 211
908612.3.peg.1438.site.11, 51, 173, 224
908612.3.peg.1438.site.12, 15, 172, 187
908612.3.peg.1438.site.13, 1, 177, 178
908612.3.peg.1438.site.14, 109, 173, 282
908612.3.peg.1438.site.15, 21, 169, 190
908612.3.peg.1438.site.16, 4, 168, 172
908612.3.peg.1438.site.17, 39, 155, 194
908612.3.peg.1438.site.18, 7, 125, 132
908612.3.peg.1438.site.19, 4, 123, 127
908612.3.peg.1438.site.20, 24, 155, 179
908612.3.peg.1438.site.21, 58, 148, 206
908612.3.peg.1438.site.22, 24, 156, 180
908612.3.peg.1438.site.23, 25, 153, 178
908612.3.peg.1438.site.24, 0, 156, 156
908612.3.peg.1438.site.25, 1, 165, 166
908612.3.peg.1438.site.26, 32, 163, 195
908612.3.peg.1438.site.27, 43, 158, 201
908612.3.peg.1438.site.28, 6, 168, 174
908612.3.peg.1438.site.29, 2, 179, 181
908612.3.peg.1438.site.30, 111, 174, 285
908612.3.peg.1438.site.31, 1, 179, 180
908612.3.peg.1438.site.32, 46, 176, 222
908612.3.peg.1438.site.33, 47, 173, 220
908612.3.peg.1438.site.34, 95, 174, 269
908612.3.peg.1438.site.35, 0, 179, 179
908612.3.peg.1438.site.36, 31, 143, 174
908612.3.peg.1438.site.37, 58, 123, 181
908612.3.peg.1438.site.38, 26, 134, 160
908612.3.peg.1438.site.39, 56, 128, 184
908612.3.peg.1438.site.40, 6, 132, 138
908612.3.peg.1438.site.41, 54, 129, 183
908612.3.peg.1438.site.42, 4, 136, 140
908612.3.peg.1438.site.43, 22, 135, 157
908612.3.peg.1438.site.44, 76, 139, 215
908612.3.peg.1438.site.45, 1, 155, 156
908612.3.peg.1438.site.46, 21, 155, 176
908612.3.peg.1438.site.47, 37, 155, 192
908612.3.peg.1438.site.48, 0, 158, 158
908612.3.peg.1438.site.49, 40, 167, 207
908612.3.peg.1438.site.50, 40, 169, 209
908612.3.peg.1438.site.51, 0, 169, 169
908612.3.peg.1438.site.52, 76, 168, 244
908612.3.peg.1438.site.53, 16, 179, 195
908612.3.peg.1438.site.54, 1, 178, 179
908612.3.peg.1438.site.55, 1, 177, 178
908612.3.peg.1438.site.56, 18, 172, 190
908612.3.peg.1438.site.57, 2, 174, 176
908612.3.peg.1438.site.58, 9, 172, 181
908612.3.peg.1438.site.59, 0, 176, 176
908612.3.peg.1438.site.60, 39, 175, 214
908612.3.peg.1438.site.61, 33, 172, 205
908612.3.peg.1438.site.62, 0, 170, 170
908612.3.peg.1438.site.63, 29, 174, 203
908612.3.peg.1438.site.64, 1, 176, 177
908612.3.peg.1438.site.65, 0, 173, 173
908612.3.peg.1438.site.66, 0, 163, 163
908612.3.peg.1438.site.67, 1, 169, 170
908612.3.peg.1438.site.68, 1, 163, 164
908612.3.peg.1438.site.69, 13, 178, 191
908612.3.peg.1438.site.70, 37, 173, 210
908612.3.peg.1438.site.71, 23, 169, 192
908612.3.peg.1438.site.72, 2, 169, 171
908612.3.peg.1438.site.73, 12, 180, 192
908612.3.peg.1438.site.74, 7, 180, 187
908612.3.peg.1438.site.75, 47, 177, 224
908612.3.peg.1438.site.76, 29, 175, 204
908612.3.peg.1438.site.77, 3, 176, 179
908612.3.peg.1438.site.78, 38, 174, 212
908612.3.peg.1438.site.79, 1, 177, 178
908612.3.peg.1438.site.80, 18, 179, 197
908612.3.peg.1438.site.81, 113, 178, 291
908612.3.peg.1438.site.82, 0, 179, 179
908612.3.peg.1438.site.83, 2, 179, 181
908612.3.peg.1438.site.84, 9, 180, 189
908612.3.peg.1438.site.85, 0, 180, 180
908612.3.peg.1438.site.86, 21, 179, 200
908612.3.peg.1438.site.87, 42, 177, 219
908612.3.peg.1438.site.88, 38, 174, 212
908612.3.peg.1438.site.89, 0, 177, 177
908612.3.peg.1438.site.90, 0, 177, 177
908612.3.peg.1438.site.91, 0, 178, 178
908612.3.peg.1438.site.92, 78, 176, 254
908612.3.peg.1438.site.93, 0, 179, 179
908612.3.peg.1438.site.94, 3, 180, 183
908612.3.peg.1438.site.95, 4, 179, 183
908612.3.peg.1438.site.96, 6, 180, 186
908612.3.peg.1438.site.97, 3, 180, 183
908612.3.peg.1438.site.98, 0, 178, 178
908612.3.peg.1438.site.99, 3, 179, 182
908612.3.peg.1438.site.100, 7, 178, 185
908612.3.peg.1438.site.101, 5, 179, 184
908612.3.peg.1438.site.102, 16, 178, 194
908612.3.peg.1438.site.103, 0, 180, 180
908612.3.peg.1438.site.104, 2, 179, 181
908612.3.peg.1438.site.105, 3, 180, 183
908612.3.peg.1438.site.106, 4, 180, 184
908612.3.peg.1438.site.107, 119, 177, 296
908612.3.peg.1438.site.108, 0, 179, 179
908612.3.peg.1439.site.1, 0, 179, 179
908612.3.peg.1439.site.2, 37, 179, 216
908612.3.peg.1439.site.3, 3, 179, 182
908612.3.peg.2208.site.1, 0, 180, 180
908612.3.peg.2208.site.2, 0, 180, 180
908612.3.peg.2208.site.3, 3, 180, 183
908612.3.peg.2208.site.4, 67, 177, 244
908612.3.peg.2209.site.1, 1, 180, 181
908612.3.peg.2209.site.2, 12, 178, 190
908612.3.peg.2209.site.3, 6, 179, 185
908612.3.peg.2209.site.4, 84, 178, 262
908612.3.peg.2209.site.5, 46, 179, 225
908612.3.peg.2209.site.6, 47, 179, 226
908612.3.peg.2209.site.7, 108, 174, 282
908612.3.peg.2209.site.8, 1, 173, 174
908612.3.peg.2209.site.9, 98, 164, 262
908612.3.peg.2209.site.10, 117, 169, 286
908612.3.peg.2202.site.1, 3, 179, 182
908612.3.peg.2202.site.2, 0, 180, 180
908612.3.peg.2202.site.3, 6, 180, 186
908612.3.peg.2202.site.4, 35, 174, 209
908612.3.peg.2202.site.5, 35, 174, 209
908612.3.peg.2203.site.1, 0, 180, 180
908612.3.peg.2203.site.2, 38, 173, 211
908612.3.peg.2203.site.3, 38, 174, 212
908612.3.peg.2203.site.4, 36, 171, 207
908612.3.peg.2203.site.5, 2, 177, 179
908612.3.peg.2203.site.6, 26, 161, 187
908612.3.peg.2203.site.7, 9, 144, 153
908612.3.peg.2203.site.8, 6, 143, 149
908612.3.peg.2203.site.9, 29, 168, 197
908612.3.peg.2203.site.10, 19, 176, 195
908612.3.peg.2203.site.11, 3, 180, 183
908612.3.peg.2203.site.12, 5, 179, 184
908612.3.peg.2203.site.13, 5, 180, 185
908612.3.peg.2203.site.14, 27, 154, 181
908612.3.peg.2203.site.15, 8, 180, 188
908612.3.peg.2203.site.16, 3, 180, 183
908612.3.peg.2203.site.17, 3, 179, 182
908612.3.peg.2203.site.18, 1, 175, 176
908612.3.peg.2203.site.19, 3, 179, 182
908612.3.peg.2203.site.20, 3, 172, 175
908612.3.peg.2203.site.21, 1, 163, 164
908612.3.peg.2203.site.22, 129, 168, 297
908612.3.peg.2203.site.23, 0, 178, 178
908612.3.peg.2203.site.24, 137, 177, 314
908612.3.peg.2203.site.25, 3, 180, 183
908612.3.peg.2203.site.26, 2, 180, 182
908612.3.peg.2203.site.27, 137, 178, 315
908612.3.peg.2203.site.28, 141, 178, 319
908612.3.peg.2203.site.29, 0, 180, 180
908612.3.peg.2203.site.30, 142, 178, 320
908612.3.peg.2203.site.31, 16, 179, 195
908612.3.peg.2203.site.32, 4, 180, 184
908612.3.peg.2203.site.33, 30, 178, 208
908612.3.peg.2203.site.34, 26, 174, 200
908612.3.peg.2203.site.35, 25, 174, 199
908612.3.peg.2203.site.36, 1, 175, 176
908612.3.peg.2203.site.37, 31, 173, 204
908612.3.peg.2203.site.38, 168, 178, 346
908612.3.peg.2203.site.39, 0, 178, 178
908612.3.peg.2203.site.40, 0, 177, 177
908612.3.peg.2203.site.41, 3, 167, 170
908612.3.peg.2203.site.42, 3, 176, 179
908612.3.peg.2203.site.43, 171, 179, 350
908612.3.peg.2203.site.44, 1, 178, 179
908612.3.peg.2203.site.45, 4, 180, 184
908612.3.peg.2203.site.46, 0, 152, 152
908612.3.peg.2203.site.47, 110, 173, 283
908612.3.peg.2203.site.48, 9, 179, 188
908612.3.peg.2203.site.49, 37, 171, 208
908612.3.peg.2203.site.50, 2, 177, 179
908612.3.peg.2203.site.51, 2, 179, 181
908612.3.peg.2203.site.52, 108, 172, 280
908612.3.peg.2203.site.53, 114, 176, 290
908612.3.peg.2203.site.54, 5, 178, 183
908612.3.peg.2203.site.55, 4, 179, 183
908612.3.peg.2203.site.56, 0, 179, 179
908612.3.peg.2203.site.57, 4, 177, 181
908612.3.peg.2203.site.58, 115, 175, 290
908612.3.peg.2203.site.59, 0, 180, 180
908612.3.peg.2203.site.60, 117, 173, 290
908612.3.peg.2203.site.61, 2, 180, 182
908612.3.peg.2203.site.62, 130, 178, 308
908612.3.peg.2203.site.63, 13, 180, 193
908612.3.peg.2203.site.64, 131, 176, 307
908612.3.peg.2203.site.65, 3, 179, 182
908612.3.peg.2200.site.1, 7, 180, 187
908612.3.peg.2200.site.2, 0, 179, 179
908612.3.peg.2200.site.3, 35, 178, 213
908612.3.peg.2200.site.4, 35, 177, 212
908612.3.peg.2200.site.5, 0, 179, 179
908612.3.peg.2200.site.6, 23, 178, 201
908612.3.peg.2200.site.7, 23, 178, 201
908612.3.peg.2200.site.8, 23, 178, 201
908612.3.peg.2200.site.9, 23, 178, 201
908612.3.peg.2200.site.10, 0, 180, 180
908612.3.peg.2200.site.11, 0, 175, 175
908612.3.peg.2200.site.12, 2, 168, 170
908612.3.peg.2200.site.13, 1, 168, 169
908612.3.peg.2200.site.14, 0, 171, 171
908612.3.peg.2200.site.15, 1, 169, 170
908612.3.peg.2200.site.16, 2, 159, 161
908612.3.peg.2200.site.17, 8, 133, 141
908612.3.peg.2200.site.18, 3, 97, 100
908612.3.peg.2200.site.19, 5, 117, 122
908612.3.peg.2201.site.1, 6, 108, 114
908612.3.peg.2201.site.2, 105, 165, 270
908612.3.peg.2201.site.3, 10, 110, 120
908612.3.peg.2201.site.4, 5, 105, 110
908612.3.peg.2201.site.5, 2, 102, 104
908612.3.peg.2201.site.6, 4, 105, 109
908612.3.peg.2201.site.7, 0, 175, 175
908612.3.peg.2201.site.8, 3, 176, 179
908612.3.peg.2201.site.9, 32, 176, 208
908612.3.peg.2201.site.10, 3, 180, 183
908612.3.peg.2201.site.11, 3, 178, 181
908612.3.peg.2201.site.12, 7, 179, 186
908612.3.peg.2201.site.13, 3, 179, 182
908612.3.peg.2201.site.14, 36, 175, 211
908612.3.peg.2201.site.15, 3, 179, 182
908612.3.peg.2201.site.16, 3, 179, 182
908612.3.peg.2201.site.17, 3, 179, 182
908612.3.peg.2201.site.18, 3, 180, 183
908612.3.peg.2201.site.19, 6, 179, 185
908612.3.peg.2201.site.20, 7, 180, 187
908612.3.peg.2201.site.21, 0, 180, 180
908612.3.peg.2201.site.22, 0, 178, 178
908612.3.peg.2201.site.23, 3, 179, 182
908612.3.peg.2207.site.1, 27, 179, 206
908612.3.peg.2207.site.2, 130, 173, 303
908612.3.peg.2207.site.3, 4, 152, 156
908612.3.peg.2207.site.4, 6, 151, 157
908612.3.peg.2207.site.5, 6, 138, 144
908612.3.peg.2207.site.6, 139, 144, 283
908612.3.peg.2207.site.7, 17, 173, 190
908612.3.peg.2207.site.8, 2, 169, 171
908612.3.peg.2207.site.9, 2, 171, 173
908612.3.peg.2207.site.10, 7, 178, 185
908612.3.peg.2207.site.11, 4, 179, 183
908612.3.peg.2207.site.12, 177, 179, 356
908612.3.peg.2207.site.13, 156, 176, 332
908612.3.peg.2207.site.14, 3, 177, 180
908612.3.peg.2207.site.15, 2, 178, 180
908612.3.peg.2207.site.16, 21, 177, 198
908612.3.peg.2207.site.17, 21, 175, 196
908612.3.peg.2207.site.18, 28, 176, 204
908612.3.peg.2207.site.19, 21, 175, 196
908612.3.peg.2207.site.20, 0, 175, 175
908612.3.peg.2204.site.1, 118, 163, 281
908612.3.peg.2204.site.2, 126, 171, 297
908612.3.peg.2204.site.3, 3, 175, 178
908612.3.peg.2204.site.4, 145, 175, 320
908612.3.peg.2204.site.5, 3, 180, 183
908612.3.peg.2204.site.6, 1, 180, 181
908612.3.peg.2204.site.7, 1, 179, 180
908612.3.peg.2204.site.8, 15, 178, 193
908612.3.peg.2204.site.9, 3, 179, 182
908612.3.peg.2204.site.10, 0, 179, 179
908612.3.peg.2204.site.11, 168, 179, 347
908612.3.peg.2204.site.12, 7, 173, 180
908612.3.peg.2204.site.13, 1, 174, 175
908612.3.peg.2204.site.14, 1, 170, 171
908612.3.peg.2204.site.15, 16, 166, 182
908612.3.peg.2204.site.16, 161, 167, 328
908612.3.peg.2204.site.17, 14, 176, 190
908612.3.peg.2204.site.18, 0, 178, 178
908612.3.peg.2204.site.19, 114, 170, 284
908612.3.peg.2204.site.20, 110, 171, 281
908612.3.peg.2204.site.21, 12, 180, 192
908612.3.peg.2204.site.22, 0, 180, 180
908612.3.peg.2204.site.23, 137, 176, 313
908612.3.peg.2204.site.24, 19, 178, 197
908612.3.peg.2204.site.25, 0, 180, 180
908612.3.peg.2204.site.26, 1, 180, 181
908612.3.peg.2204.site.27, 0, 180, 180
908612.3.peg.2205.site.1, 4, 180, 184
908612.3.peg.2205.site.2, 125, 175, 300
908612.3.peg.2205.site.3, 174, 180, 354
908612.3.peg.2205.site.4, 153, 177, 330
908612.3.peg.2205.site.5, 176, 178, 354
908612.3.peg.2516.site.1, 4, 178, 182
908612.3.peg.2516.site.2, 5, 180, 185
908612.3.peg.2516.site.3, 0, 180, 180
908612.3.peg.2516.site.4, 23, 177, 200
908612.3.peg.2516.site.5, 0, 179, 179
908612.3.peg.2516.site.6, 31, 177, 208
908612.3.peg.2516.site.7, 1, 180, 181
908612.3.peg.2517.site.1, 3, 179, 182
908612.3.peg.2517.site.2, 1, 179, 180
908612.3.peg.2517.site.3, 22, 177, 199
908612.3.peg.2517.site.4, 0, 180, 180
908612.3.peg.2517.site.5, 0, 180, 180
908612.3.peg.2517.site.6, 0, 180, 180
908612.3.peg.2517.site.7, 5, 180, 185
908612.3.peg.2517.site.8, 6, 180, 186
908612.3.peg.2517.site.9, 0, 177, 177
908612.3.peg.2517.site.10, 32, 174, 206
908612.3.peg.2517.site.11, 0, 178, 178
908612.3.peg.2517.site.12, 15, 180, 195
908612.3.peg.2517.site.13, 4, 179, 183
908612.3.peg.2517.site.14, 4, 180, 184
908612.3.peg.2517.site.15, 5, 179, 184
908612.3.peg.2517.site.16, 8, 179, 187
908612.3.peg.2517.site.17, 2, 180, 182
908612.3.peg.2517.site.18, 95, 176, 271
908612.3.peg.2517.site.19, 5, 180, 185
908612.3.peg.2517.site.20, 23, 177, 200
908612.3.peg.2517.site.21, 22, 177, 199
908612.3.peg.2517.site.22, 76, 177, 253
908612.3.peg.2517.site.23, 3, 180, 183
908612.3.peg.2517.site.24, 5, 179, 184
908612.3.peg.2517.site.25, 6, 179, 185
908612.3.peg.2517.site.26, 1, 178, 179
908612.3.peg.2517.site.27, 0, 167, 167
908612.3.peg.2517.site.28, 2, 170, 172
908612.3.peg.2517.site.29, 118, 165, 283
908612.3.peg.2517.site.30, 63, 136, 199
908612.3.peg.2517.site.31, 2, 140, 142
908612.3.peg.2517.site.32, 39, 125, 164
908612.3.peg.2517.site.33, 5, 143, 148
908612.3.peg.2517.site.34, 33, 160, 193
908612.3.peg.2517.site.35, 4, 168, 172
908612.3.peg.2517.site.36, 41, 164, 205
908612.3.peg.2517.site.37, 0, 179, 179
908612.3.peg.2517.site.38, 2, 179, 181
908612.3.peg.2517.site.39, 3, 180, 183
908612.3.peg.2517.site.40, 3, 180, 183
908612.3.peg.2517.site.41, 13, 179, 192
908612.3.peg.2517.site.42, 7, 177, 184
908612.3.peg.2517.site.43, 3, 180, 183
908612.3.peg.2517.site.44, 29, 178, 207
908612.3.peg.2517.site.45, 5, 178, 183
908612.3.peg.2514.site.1, 0, 180, 180
908612.3.peg.2514.site.2, 82, 175, 257
908612.3.peg.2514.site.3, 45, 176, 221
908612.3.peg.2514.site.4, 45, 177, 222
908612.3.peg.2514.site.5, 38, 175, 213
908612.3.peg.2514.site.6, 0, 178, 178
908612.3.peg.2514.site.7, 0, 179, 179
908612.3.peg.2515.site.1, 85, 177, 262
908612.3.peg.2515.site.2, 52, 178, 230
908612.3.peg.2515.site.3, 0, 179, 179
908612.3.peg.2515.site.4, 3, 177, 180
908612.3.peg.2515.site.5, 93, 161, 254
908612.3.peg.2515.site.6, 6, 152, 158
908612.3.peg.2515.site.7, 6, 143, 149
908612.3.peg.2515.site.8, 0, 166, 166
908612.3.peg.2515.site.9, 50, 154, 204
908612.3.peg.2515.site.10, 27, 144, 171
908612.3.peg.2515.site.11, 48, 154, 202
908612.3.peg.2515.site.12, 129, 175, 304
908612.3.peg.2515.site.13, 47, 174, 221
908612.3.peg.2515.site.14, 36, 179, 215
908612.3.peg.2515.site.15, 0, 177, 177
908612.3.peg.2515.site.16, 9, 178, 187
908612.3.peg.2515.site.17, 0, 177, 177
908612.3.peg.2515.site.18, 1, 177, 178
908612.3.peg.2515.site.19, 7, 176, 183
908612.3.peg.2515.site.20, 3, 177, 180
908612.3.peg.2515.site.21, 47, 177, 224
908612.3.peg.2515.site.22, 145, 175, 320
908612.3.peg.2515.site.23, 29, 174, 203
908612.3.peg.2515.site.24, 0, 178, 178
908612.3.peg.2515.site.25, 0, 176, 176
908612.3.peg.2515.site.26, 5, 177, 182
908612.3.peg.2515.site.27, 10, 177, 187
908612.3.peg.2515.site.28, 22, 177, 199
908612.3.peg.2515.site.29, 0, 178, 178
908612.3.peg.2515.site.30, 10, 176, 186
908612.3.peg.2515.site.31, 2, 178, 180
908612.3.peg.2515.site.32, 15, 178, 193
908612.3.peg.2515.site.33, 1, 178, 179
908612.3.peg.2515.site.34, 1, 177, 178
908612.3.peg.2515.site.35, 0, 180, 180
908612.3.peg.2515.site.36, 3, 179, 182
908612.3.peg.2515.site.37, 46, 177, 223
908612.3.peg.2515.site.38, 6, 178, 184
908612.3.peg.2515.site.39, 3, 176, 179
908612.3.peg.2515.site.40, 1, 180, 181
908612.3.peg.2515.site.41, 8, 179, 187
908612.3.peg.2515.site.42, 7, 178, 185
908612.3.peg.2515.site.43, 3, 180, 183
908612.3.peg.2515.site.44, 1, 179, 180
908612.3.peg.2515.site.45, 24, 179, 203
908612.3.peg.2515.site.46, 0, 172, 172
908612.3.peg.2515.site.47, 48, 164, 212
908612.3.peg.2515.site.48, 3, 167, 170
908612.3.peg.2515.site.49, 3, 167, 170
908612.3.peg.2515.site.50, 44, 160, 204
908612.3.peg.2515.site.51, 6, 175, 181
908612.3.peg.2515.site.52, 2, 179, 181
908612.3.peg.2515.site.53, 57, 165, 222
908612.3.peg.2515.site.54, 21, 164, 185
908612.3.peg.2515.site.55, 1, 162, 163
908612.3.peg.2515.site.56, 32, 151, 183
908612.3.peg.2515.site.57, 32, 151, 183
908612.3.peg.2515.site.58, 3, 165, 168
908612.3.peg.2515.site.59, 63, 175, 238
908612.3.peg.2515.site.60, 55, 176, 231
908612.3.peg.2512.site.1, 2, 180, 182
908612.3.peg.2512.site.2, 40, 179, 219
908612.3.peg.2512.site.3, 0, 180, 180
908612.3.peg.2512.site.4, 1, 179, 180
908612.3.peg.2512.site.5, 5, 179, 184
908612.3.peg.2512.site.6, 2, 179, 181
908612.3.peg.2512.site.7, 5, 180, 185
908612.3.peg.2512.site.8, 4, 175, 179
908612.3.peg.2512.site.9, 0, 176, 176
908612.3.peg.2512.site.10, 0, 173, 173
908612.3.peg.2512.site.11, 1, 177, 178
908612.3.peg.2512.site.12, 2, 179, 181
908612.3.peg.2512.site.13, 3, 170, 173
908612.3.peg.2512.site.14, 4, 177, 181
908612.3.peg.2512.site.15, 139, 177, 316
908612.3.peg.2512.site.16, 13, 178, 191
908612.3.peg.2512.site.17, 52, 162, 214
908612.3.peg.2512.site.18, 15, 180, 195
908612.3.peg.2512.site.19, 0, 179, 179
908612.3.peg.2513.site.1, 2, 180, 182
908612.3.peg.2513.site.2, 11, 177, 188
908612.3.peg.2513.site.3, 1, 179, 180
908612.3.peg.2513.site.4, 3, 178, 181
908612.3.peg.2513.site.5, 0, 179, 179
908612.3.peg.2513.site.6, 1, 179, 180
908612.3.peg.2513.site.7, 0, 180, 180
908612.3.peg.2513.site.8, 84, 178, 262
908612.3.peg.2513.site.9, 50, 168, 218
908612.3.peg.2513.site.10, 11, 172, 183
908612.3.peg.2513.site.11, 1, 173, 174
908612.3.peg.2513.site.12, 0, 172, 172
908612.3.peg.2513.site.13, 1, 176, 177
908612.3.peg.2513.site.14, 37, 171, 208
908612.3.peg.2513.site.15, 35, 168, 203
908612.3.peg.2513.site.16, 11, 171, 182
908612.3.peg.2513.site.17, 41, 177, 218
908612.3.peg.2513.site.18, 2, 180, 182
908612.3.peg.2510.site.1, 4, 180, 184
908612.3.peg.2510.site.2, 1, 180, 181
908612.3.peg.2510.site.3, 0, 179, 179
908612.3.peg.2510.site.4, 9, 179, 188
908612.3.peg.2510.site.5, 7, 177, 184
908612.3.peg.2510.site.6, 1, 172, 173
908612.3.peg.2510.site.7, 37, 172, 209
908612.3.peg.2510.site.8, 4, 176, 180
908612.3.peg.2510.site.9, 127, 175, 302
908612.3.peg.2510.site.10, 16, 171, 187
908612.3.peg.2510.site.11, 18, 173, 191
908612.3.peg.2510.site.12, 19, 173, 192
908612.3.peg.2510.site.13, 0, 177, 177
908612.3.peg.2510.site.14, 134, 175, 309
908612.3.peg.2510.site.15, 0, 163, 163
908612.3.peg.2510.site.16, 4, 157, 161
908612.3.peg.2510.site.17, 0, 154, 154
908612.3.peg.2510.site.18, 2, 147, 149
908612.3.peg.2510.site.19, 0, 159, 159
908612.3.peg.2510.site.20, 4, 172, 176
908612.3.peg.2510.site.21, 0, 172, 172
908612.3.peg.2510.site.22, 5, 175, 180
908612.3.peg.2510.site.23, 0, 171, 171
908612.3.peg.2510.site.24, 69, 142, 211
908612.3.peg.2510.site.25, 2, 150, 152
908612.3.peg.2510.site.26, 40, 120, 160
908612.3.peg.2510.site.27, 8, 122, 130
908612.3.peg.2510.site.28, 4, 157, 161
908612.3.peg.2510.site.29, 3, 160, 163
908612.3.peg.2510.site.30, 0, 178, 178
908612.3.peg.2510.site.31, 1, 180, 181
908612.3.peg.2510.site.32, 2, 180, 182
908612.3.peg.2510.site.33, 1, 179, 180
908612.3.peg.2510.site.34, 50, 176, 226
908612.3.peg.2510.site.35, 20, 177, 197
908612.3.peg.2510.site.36, 50, 174, 224
908612.3.peg.2510.site.37, 11, 179, 190
908612.3.peg.2510.site.38, 33, 178, 211
908612.3.peg.2510.site.39, 51, 175, 226
908612.3.peg.2510.site.40, 46, 170, 216
908612.3.peg.2510.site.41, 52, 176, 228
908612.3.peg.2510.site.42, 76, 176, 252
908612.3.peg.2510.site.43, 0, 179, 179
908612.3.peg.2510.site.44, 7, 178, 185
908612.3.peg.2510.site.45, 2, 178, 180
908612.3.peg.2510.site.46, 11, 180, 191
908612.3.peg.2510.site.47, 18, 178, 196
908612.3.peg.2510.site.48, 0, 179, 179
908612.3.peg.2510.site.49, 2, 179, 181
908612.3.peg.2510.site.50, 0, 179, 179
908612.3.peg.2510.site.51, 18, 178, 196
908612.3.peg.2510.site.52, 37, 179, 216
908612.3.peg.2510.site.53, 27, 176, 203
908612.3.peg.2510.site.54, 28, 177, 205
908612.3.peg.2510.site.55, 24, 178, 202
908612.3.peg.2510.site.56, 0, 179, 179
908612.3.peg.2510.site.57, 0, 179, 179
908612.3.peg.2510.site.58, 2, 180, 182
908612.3.peg.2511.site.1, 0, 159, 159
908612.3.peg.2511.site.2, 1, 93, 94
908612.3.peg.2511.site.3, 7, 174, 181
908612.3.peg.2511.site.4, 0, 174, 174
908612.3.peg.2511.site.5, 5, 175, 180
908612.3.peg.2511.site.6, 5, 180, 185
908612.3.peg.2511.site.7, 1, 179, 180
908612.3.peg.2511.site.8, 17, 179, 196
908612.3.peg.2511.site.9, 17, 176, 193
908612.3.peg.2511.site.10, 0, 178, 178
908612.3.peg.2511.site.11, 1, 178, 179
908612.3.peg.2511.site.12, 6, 171, 177
908612.3.peg.2511.site.13, 56, 165, 221
908612.3.peg.2511.site.14, 2, 167, 169
908612.3.peg.2511.site.15, 67, 176, 243
908612.3.peg.2511.site.16, 1, 179, 180
908612.3.peg.2518.site.1, 3, 178, 181
908612.3.peg.2518.site.2, 3, 172, 175
908612.3.peg.2518.site.3, 1, 180, 181
908612.3.peg.2518.site.4, 4, 180, 184
908612.3.peg.2518.site.5, 6, 179, 185
908612.3.peg.2518.site.6, 0, 178, 178
908612.3.peg.2518.site.7, 0, 179, 179
908612.3.peg.2518.site.8, 24, 178, 202
908612.3.peg.2518.site.9, 4, 178, 182
908612.3.peg.2518.site.10, 22, 176, 198
908612.3.peg.2518.site.11, 39, 176, 215
908612.3.peg.2518.site.12, 20, 177, 197
908612.3.peg.2518.site.13, 0, 178, 178
908612.3.peg.2518.site.14, 0, 179, 179
908612.3.peg.2518.site.15, 7, 180, 187
908612.3.peg.2518.site.16, 0, 180, 180
908612.3.peg.2518.site.17, 28, 179, 207
908612.3.peg.2518.site.18, 0, 177, 177
908612.3.peg.2519.site.1, 2, 179, 181
908612.3.peg.2338.site.1, 54, 177, 231
908612.3.peg.2338.site.2, 54, 177, 231
908612.3.peg.2338.site.3, 3, 179, 182
908612.3.peg.2338.site.4, 0, 180, 180
908612.3.peg.2338.site.5, 0, 179, 179
908612.3.peg.2338.site.6, 4, 179, 183
908612.3.peg.2338.site.7, 0, 175, 175
908612.3.peg.2338.site.8, 143, 174, 317
908612.3.peg.2338.site.9, 1, 180, 181
908612.3.peg.2338.site.10, 114, 172, 286
908612.3.peg.2338.site.11, 2, 179, 181
908612.3.peg.2338.site.12, 78, 128, 206
908612.3.peg.2338.site.13, 1, 176, 177
908612.3.peg.2338.site.14, 2, 176, 178
908612.3.peg.2338.site.15, 115, 174, 289
908612.3.peg.2338.site.16, 117, 176, 293
908612.3.peg.2338.site.17, 0, 176, 176
908612.3.peg.2338.site.18, 2, 178, 180
908612.3.peg.2338.site.19, 122, 175, 297
908612.3.peg.2338.site.20, 0, 177, 177
908612.3.peg.2338.site.21, 4, 177, 181
908612.3.peg.2338.site.22, 2, 178, 180
908612.3.peg.2338.site.23, 0, 179, 179
908612.3.peg.2338.site.24, 0, 178, 178
908612.3.peg.2338.site.25, 27, 178, 205
908612.3.peg.2338.site.26, 2, 177, 179
908612.3.peg.2338.site.27, 114, 177, 291
908612.3.peg.2338.site.28, 33, 180, 213
908612.3.peg.2334.site.1, 1, 178, 179
908612.3.peg.2334.site.2, 2, 178, 180
908612.3.peg.2334.site.3, 40, 178, 218
908612.3.peg.2334.site.4, 1, 180, 181
908612.3.peg.2334.site.5, 4, 172, 176
908612.3.peg.2334.site.6, 25, 165, 190
908612.3.peg.2334.site.7, 1, 165, 166
908612.3.peg.2334.site.8, 22, 163, 185
908612.3.peg.2334.site.9, 2, 156, 158
908612.3.peg.2334.site.10, 3, 159, 162
908612.3.peg.2334.site.11, 14, 126, 140
908612.3.peg.2334.site.12, 17, 149, 166
908612.3.peg.2334.site.13, 8, 164, 172
908612.3.peg.2334.site.14, 25, 155, 180
908612.3.peg.2334.site.15, 2, 158, 160
908612.3.peg.2334.site.16, 7, 162, 169
908612.3.peg.2332.site.1, 2, 161, 163
908612.3.peg.2332.site.2, 20, 165, 185
908612.3.peg.2332.site.3, 7, 167, 174
908612.3.peg.2332.site.4, 53, 160, 213
908612.3.peg.2332.site.5, 1, 154, 155
908612.3.peg.2332.site.6, 2, 168, 170
908612.3.peg.2332.site.7, 0, 169, 169
908612.3.peg.2332.site.8, 13, 170, 183
908612.3.peg.2332.site.9, 16, 174, 190
908612.3.peg.2332.site.10, 11, 178, 189
908612.3.peg.2332.site.11, 1, 161, 162
908612.3.peg.2332.site.12, 0, 171, 171
908612.3.peg.2332.site.13, 4, 174, 178
908612.3.peg.2332.site.14, 2, 168, 170
908612.3.peg.2332.site.15, 12, 177, 189
908612.3.peg.2332.site.16, 1, 176, 177
908612.3.peg.2332.site.17, 157, 177, 334
908612.3.peg.2332.site.18, 35, 173, 208
908612.3.peg.2332.site.19, 11, 176, 187
908612.3.peg.2332.site.20, 10, 178, 188
908612.3.peg.2332.site.21, 33, 175, 208
908612.3.peg.2332.site.22, 11, 178, 189
908612.3.peg.2332.site.23, 7, 179, 186
908612.3.peg.2332.site.24, 0, 177, 177
908612.3.peg.2333.site.1, 143, 177, 320
908612.3.peg.2333.site.2, 2, 179, 181
908612.3.peg.2333.site.3, 12, 178, 190
908612.3.peg.2333.site.4, 125, 175, 300
908612.3.peg.2330.site.1, 12, 179, 191
908612.3.peg.2330.site.2, 3, 178, 181
908612.3.peg.2330.site.3, 92, 177, 269
908612.3.peg.2330.site.4, 102, 166, 268
908612.3.peg.2330.site.5, 0, 165, 165
908612.3.peg.2330.site.6, 0, 180, 180
908612.3.peg.2330.site.7, 20, 179, 199
908612.3.peg.2330.site.8, 0, 180, 180
908612.3.peg.2330.site.9, 4, 180, 184
908612.3.peg.2330.site.10, 0, 179, 179
908612.3.peg.2331.site.1, 3, 180, 183
908612.3.peg.2331.site.2, 1, 180, 181
908612.3.peg.2331.site.3, 1, 180, 181
908612.3.peg.2331.site.4, 5, 179, 184
908612.3.peg.2331.site.5, 1, 176, 177
908612.3.peg.2331.site.6, 2, 177, 179
908612.3.peg.2331.site.7, 3, 176, 179
908612.3.peg.2331.site.8, 1, 175, 176
908612.3.peg.2331.site.9, 2, 179, 181
908612.3.peg.2331.site.10, 1, 176, 177
908612.3.peg.2331.site.11, 11, 172, 183
908612.3.peg.2331.site.12, 2, 175, 177
908612.3.peg.2331.site.13, 0, 168, 168
908612.3.peg.2331.site.14, 5, 155, 160
908612.3.peg.2331.site.15, 159, 172, 331
908612.3.peg.2331.site.16, 8, 173, 181
908612.3.peg.2331.site.17, 4, 178, 182
908612.3.peg.2331.site.18, 0, 179, 179
908612.3.peg.2331.site.19, 1, 178, 179
908612.3.peg.2331.site.20, 0, 179, 179
908612.3.peg.2331.site.21, 0, 179, 179
908612.3.peg.2331.site.22, 0, 177, 177
908612.3.peg.2331.site.23, 0, 180, 180
908612.3.peg.2331.site.24, 80, 176, 256
908612.3.peg.2331.site.25, 2, 179, 181
908612.3.peg.2331.site.26, 1, 178, 179
908612.3.peg.2331.site.27, 1, 177, 178
908612.3.peg.2331.site.28, 1, 171, 172
908612.3.peg.2331.site.29, 2, 180, 182
908612.3.peg.2331.site.30, 1, 178, 179
908612.3.peg.2331.site.31, 2, 180, 182
908612.3.peg.1012.site.1, 2, 177, 179
908612.3.peg.1012.site.2, 0, 178, 178
908612.3.peg.1012.site.3, 4, 180, 184
908612.3.peg.1012.site.4, 0, 180, 180
908612.3.peg.1012.site.5, 0, 180, 180
908612.3.peg.1012.site.6, 1, 180, 181
908612.3.peg.1012.site.7, 9, 180, 189
908612.3.peg.1012.site.8, 12, 180, 192
908612.3.peg.1012.site.9, 3, 180, 183
908612.3.peg.1012.site.10, 23, 180, 203
908612.3.peg.1012.site.11, 3, 180, 183
908612.3.peg.1012.site.12, 78, 174, 252
908612.3.peg.1012.site.13, 10, 177, 187
908612.3.peg.1012.site.14, 9, 176, 185
908612.3.peg.1012.site.15, 20, 176, 196
908612.3.peg.1012.site.16, 3, 179, 182
908612.3.peg.1012.site.17, 103, 174, 277
908612.3.peg.1012.site.18, 8, 177, 185
908612.3.peg.1012.site.19, 0, 179, 179
908612.3.peg.1012.site.20, 80, 170, 250
908612.3.peg.1012.site.21, 8, 180, 188
908612.3.peg.1012.site.22, 1, 180, 181
908612.3.peg.1012.site.23, 9, 180, 189
908612.3.peg.1012.site.24, 86, 174, 260
908612.3.peg.1012.site.25, 1, 180, 181
908612.3.peg.1012.site.26, 37, 180, 217
908612.3.peg.1012.site.27, 93, 179, 272
908612.3.peg.1012.site.28, 2, 178, 180
908612.3.peg.1012.site.29, 1, 178, 179
908612.3.peg.1012.site.30, 27, 178, 205
908612.3.peg.1012.site.31, 4, 180, 184
908612.3.peg.1012.site.32, 2, 180, 182
908612.3.peg.1012.site.33, 2, 177, 179
908612.3.peg.1012.site.34, 1, 174, 175
908612.3.peg.1012.site.35, 27, 175, 202
908612.3.peg.1012.site.36, 0, 178, 178
908612.3.peg.1012.site.37, 142, 177, 319
908612.3.peg.1012.site.38, 144, 177, 321
908612.3.peg.1012.site.39, 57, 177, 234
908612.3.peg.1012.site.40, 2, 180, 182
908612.3.peg.1012.site.41, 9, 180, 189
908612.3.peg.1012.site.42, 3, 180, 183
908612.3.peg.1012.site.43, 83, 176, 259
908612.3.peg.1012.site.44, 7, 175, 182
908612.3.peg.1012.site.45, 137, 176, 313
908612.3.peg.1012.site.46, 0, 179, 179
908612.3.peg.1012.site.47, 2, 179, 181
908612.3.peg.1012.site.48, 143, 177, 320
908612.3.peg.1012.site.49, 142, 177, 319
908612.3.peg.1012.site.50, 10, 178, 188
908612.3.peg.1012.site.51, 4, 178, 182
908612.3.peg.1012.site.52, 1, 168, 169
908612.3.peg.1012.site.53, 1, 174, 175
908612.3.peg.1012.site.54, 144, 176, 320
908612.3.peg.1012.site.55, 0, 180, 180
908612.3.peg.1012.site.56, 105, 176, 281
908612.3.peg.1012.site.57, 107, 176, 283
908612.3.peg.1012.site.58, 129, 175, 304
908612.3.peg.1012.site.59, 0, 177, 177
908612.3.peg.1012.site.60, 122, 174, 296
908612.3.peg.1012.site.61, 4, 176, 180
908612.3.peg.1012.site.62, 37, 173, 210
908612.3.peg.1012.site.63, 103, 175, 278
908612.3.peg.1012.site.64, 67, 173, 240
908612.3.peg.1012.site.65, 100, 171, 271
908612.3.peg.1012.site.66, 12, 176, 188
908612.3.peg.1012.site.67, 4, 173, 177
908612.3.peg.1012.site.68, 1, 171, 172
908612.3.peg.1012.site.69, 2, 176, 178
908612.3.peg.1012.site.70, 3, 177, 180
908612.3.peg.1012.site.71, 10, 180, 190
908612.3.peg.1012.site.72, 6, 180, 186
908612.3.peg.1012.site.73, 2, 177, 179
908612.3.peg.1012.site.74, 66, 176, 242
908612.3.peg.1012.site.75, 138, 178, 316
908612.3.peg.1012.site.76, 4, 180, 184
908612.3.peg.1012.site.77, 120, 177, 297
908612.3.peg.1012.site.78, 3, 180, 183
908612.3.peg.1012.site.79, 105, 176, 281
908612.3.peg.1012.site.80, 6, 180, 186
908612.3.peg.1012.site.81, 7, 179, 186
908612.3.peg.1012.site.82, 24, 180, 204
908612.3.peg.1012.site.83, 18, 179, 197
908612.3.peg.1012.site.84, 104, 174, 278
908612.3.peg.1012.site.85, 7, 179, 186
908612.3.peg.1012.site.86, 46, 178, 224
908612.3.peg.1012.site.87, 0, 180, 180
908612.3.peg.1012.site.88, 77, 176, 253
908612.3.peg.1012.site.89, 8, 178, 186
908612.3.peg.1012.site.90, 0, 179, 179
908612.3.peg.1012.site.91, 4, 180, 184
908612.3.peg.1012.site.92, 1, 180, 181
908612.3.peg.1012.site.93, 2, 180, 182
908612.3.peg.1012.site.94, 88, 177, 265
908612.3.peg.1012.site.95, 0, 180, 180
908612.3.peg.1012.site.96, 0, 175, 175
908612.3.peg.1012.site.97, 9, 174, 183
908612.3.peg.1012.site.98, 3, 179, 182
908612.3.peg.1012.site.99, 3, 179, 182
908612.3.peg.1012.site.100, 5, 177, 182
908612.3.peg.1012.site.101, 3, 180, 183
908612.3.peg.1012.site.102, 4, 180, 184
908612.3.peg.1012.site.103, 3, 179, 182
908612.3.peg.1012.site.104, 42, 176, 218
908612.3.peg.1012.site.105, 50, 178, 228
908612.3.peg.1543.site.1, 58, 174, 232
908612.3.peg.1543.site.2, 32, 175, 207
908612.3.peg.1543.site.3, 89, 172, 261
908612.3.peg.1543.site.4, 29, 173, 202
908612.3.peg.1543.site.5, 88, 173, 261
908612.3.peg.1543.site.6, 89, 173, 262
908612.3.peg.1543.site.7, 69, 174, 243
908612.3.peg.1543.site.8, 2, 179, 181
908612.3.peg.1543.site.9, 89, 175, 264
908612.3.peg.1543.site.10, 90, 172, 262
908612.3.peg.1543.site.11, 9, 178, 187
908612.3.peg.1543.site.12, 12, 176, 188
908612.3.peg.1543.site.13, 19, 177, 196
908612.3.peg.1543.site.14, 87, 173, 260
908612.3.peg.1543.site.15, 2, 180, 182
908612.3.peg.1543.site.16, 94, 177, 271
908612.3.peg.1543.site.17, 71, 175, 246
908612.3.peg.1543.site.18, 91, 175, 266
908612.3.peg.1543.site.19, 80, 176, 256
908612.3.peg.1543.site.20, 20, 180, 200
908612.3.peg.1543.site.21, 32, 179, 211
908612.3.peg.1543.site.22, 49, 179, 228
908612.3.peg.1543.site.23, 0, 178, 178
908612.3.peg.1543.site.24, 1, 180, 181
908612.3.peg.1543.site.25, 45, 178, 223
908612.3.peg.1543.site.26, 0, 180, 180
908612.3.peg.1543.site.27, 0, 179, 179
908612.3.peg.1543.site.28, 1, 176, 177
908612.3.peg.1544.site.1, 7, 180, 187
908612.3.peg.1544.site.2, 1, 180, 181
908612.3.peg.1544.site.3, 2, 180, 182
908612.3.peg.1544.site.4, 0, 180, 180
908612.3.peg.1544.site.5, 28, 159, 187
908612.3.peg.1544.site.6, 25, 155, 180
908612.3.peg.1544.site.7, 7, 175, 182
908612.3.peg.1544.site.8, 0, 177, 177
908612.3.peg.1544.site.9, 27, 175, 202
908612.3.peg.1544.site.10, 11, 177, 188
908612.3.peg.1544.site.11, 29, 176, 205
908612.3.peg.1544.site.12, 30, 175, 205
908612.3.peg.1544.site.13, 8, 179, 187
908612.3.peg.1544.site.14, 9, 178, 187
908612.3.peg.1544.site.15, 3, 178, 181
908612.3.peg.1544.site.16, 0, 180, 180
908612.3.peg.1544.site.17, 0, 179, 179
908612.3.peg.1544.site.18, 26, 174, 200
908612.3.peg.1544.site.19, 1, 179, 180
908612.3.peg.1544.site.20, 26, 173, 199
908612.3.peg.1544.site.21, 25, 173, 198
908612.3.peg.1544.site.22, 11, 180, 191
908612.3.peg.1544.site.23, 1, 179, 180
908612.3.peg.1544.site.24, 13, 176, 189
908612.3.peg.1544.site.25, 4, 178, 182
908612.3.peg.1544.site.26, 4, 180, 184
908612.3.peg.1544.site.27, 32, 176, 208
908612.3.peg.1544.site.28, 8, 178, 186
908612.3.peg.1544.site.29, 6, 177, 183
908612.3.peg.1544.site.30, 3, 178, 181
908612.3.peg.1544.site.31, 32, 174, 206
908612.3.peg.1544.site.32, 1, 180, 181
908612.3.peg.1544.site.33, 33, 177, 210
908612.3.peg.1545.site.1, 0, 166, 166
908612.3.peg.1545.site.2, 105, 159, 264
908612.3.peg.1545.site.3, 140, 161, 301
908612.3.peg.1545.site.4, 2, 171, 173
908612.3.peg.1545.site.5, 4, 180, 184
908612.3.peg.1545.site.6, 12, 179, 191
908612.3.peg.1545.site.7, 4, 178, 182
908612.3.peg.1545.site.8, 1, 180, 181
908612.3.peg.1545.site.9, 58, 177, 235
908612.3.peg.1545.site.10, 8, 177, 185
908612.3.peg.1545.site.11, 2, 180, 182
908612.3.peg.1545.site.12, 80, 177, 257
908612.3.peg.1545.site.13, 14, 175, 189
908612.3.peg.1545.site.14, 0, 174, 174
908612.3.peg.1545.site.15, 0, 176, 176
908612.3.peg.1545.site.16, 0, 174, 174
908612.3.peg.1545.site.17, 0, 179, 179
908612.3.peg.1545.site.18, 115, 176, 291
908612.3.peg.1545.site.19, 0, 172, 172
908612.3.peg.1545.site.20, 13, 164, 177
908612.3.peg.1545.site.21, 4, 163, 167
908612.3.peg.1545.site.22, 2, 161, 163
908612.3.peg.1545.site.23, 5, 170, 175
908612.3.peg.1545.site.24, 1, 172, 173
908612.3.peg.1545.site.25, 109, 175, 284
908612.3.peg.1545.site.26, 8, 176, 184
908612.3.peg.1545.site.27, 1, 176, 177
908612.3.peg.1545.site.28, 0, 177, 177
908612.3.peg.1545.site.29, 5, 162, 167
908612.3.peg.1545.site.30, 2, 157, 159
908612.3.peg.1545.site.31, 0, 165, 165
908612.3.peg.1545.site.32, 2, 169, 171
908612.3.peg.1545.site.33, 39, 173, 212
908612.3.peg.1545.site.34, 13, 176, 189
908612.3.peg.1545.site.35, 2, 177, 179
908612.3.peg.1545.site.36, 17, 177, 194
908612.3.peg.1545.site.37, 2, 175, 177
908612.3.peg.1545.site.38, 1, 170, 171
908612.3.peg.1545.site.39, 8, 177, 185
908612.3.peg.1545.site.40, 111, 172, 283
908612.3.peg.1545.site.41, 0, 178, 178
908612.3.peg.1545.site.42, 27, 153, 180
908612.3.peg.1545.site.43, 1, 158, 159
908612.3.peg.1545.site.44, 95, 158, 253
908612.3.peg.1545.site.45, 0, 140, 140
908612.3.peg.1545.site.46, 5, 166, 171
908612.3.peg.1545.site.47, 0, 167, 167
908612.3.peg.1545.site.48, 1, 149, 150
908612.3.peg.1545.site.49, 0, 155, 155
908612.3.peg.1545.site.50, 5, 173, 178
908612.3.peg.1922.site.1, 26, 176, 202
908612.3.peg.1922.site.2, 100, 172, 272
908612.3.peg.1922.site.3, 0, 177, 177
908612.3.peg.1922.site.4, 0, 176, 176
908612.3.peg.1922.site.5, 2, 177, 179
908612.3.peg.1922.site.6, 21, 175, 196
908612.3.peg.1922.site.7, 2, 180, 182
908612.3.peg.1922.site.8, 33, 177, 210
908612.3.peg.1922.site.9, 33, 176, 209
908612.3.peg.1922.site.10, 6, 179, 185
908612.3.peg.1922.site.11, 0, 179, 179
908612.3.peg.1922.site.12, 76, 175, 251
908612.3.peg.1922.site.13, 1, 179, 180
908612.3.peg.1922.site.14, 0, 180, 180
908612.3.peg.1922.site.15, 98, 178, 276
908612.3.peg.1923.site.1, 31, 172, 203
908612.3.peg.1923.site.2, 84, 175, 259
908612.3.peg.1923.site.3, 108, 176, 284
908612.3.peg.1923.site.4, 1, 177, 178
908612.3.peg.1923.site.5, 114, 178, 292
908612.3.peg.1923.site.6, 19, 179, 198
908612.3.peg.1923.site.7, 3, 179, 182
908612.3.peg.1923.site.8, 46, 178, 224
908612.3.peg.1923.site.9, 2, 180, 182
908612.3.peg.1923.site.10, 2, 179, 181
908612.3.peg.1923.site.11, 28, 178, 206
908612.3.peg.1923.site.12, 1, 180, 181
908612.3.peg.1923.site.13, 3, 180, 183
908612.3.peg.1923.site.14, 3, 180, 183
908612.3.peg.1923.site.15, 160, 179, 339
908612.3.peg.1923.site.16, 0, 180, 180
908612.3.peg.1923.site.17, 0, 179, 179
908612.3.peg.1923.site.18, 0, 180, 180
908612.3.peg.1923.site.19, 5, 176, 181
908612.3.peg.1923.site.20, 30, 177, 207
908612.3.peg.1923.site.21, 1, 180, 181
908612.3.peg.1923.site.22, 24, 178, 202
908612.3.peg.1923.site.23, 1, 179, 180
908612.3.peg.1923.site.24, 15, 178, 193
908612.3.peg.1923.site.25, 1, 180, 181
908612.3.peg.1923.site.26, 97, 174, 271
908612.3.peg.1923.site.27, 2, 179, 181
908612.3.peg.1920.site.1, 96, 177, 273
908612.3.peg.1920.site.2, 0, 178, 178
908612.3.peg.1920.site.3, 0, 179, 179
908612.3.peg.1920.site.4, 0, 179, 179
908612.3.peg.1920.site.5, 0, 178, 178
908612.3.peg.1920.site.6, 0, 177, 177
908612.3.peg.1920.site.7, 152, 179, 331
908612.3.peg.1920.site.8, 7, 177, 184
908612.3.peg.1920.site.9, 0, 178, 178
908612.3.peg.1921.site.1, 99, 178, 277
908612.3.peg.1921.site.2, 1, 180, 181
908612.3.peg.1921.site.3, 5, 180, 185
908612.3.peg.1921.site.4, 0, 179, 179
908612.3.peg.1921.site.5, 153, 179, 332
908612.3.peg.1921.site.6, 14, 177, 191
908612.3.peg.1921.site.7, 15, 178, 193
908612.3.peg.1921.site.8, 1, 171, 172
908612.3.peg.1921.site.9, 100, 171, 271
908612.3.peg.1921.site.10, 2, 179, 181
908612.3.peg.1921.site.11, 0, 179, 179
908612.3.peg.1921.site.12, 0, 176, 176
908612.3.peg.1921.site.13, 39, 171, 210
908612.3.peg.1921.site.14, 0, 178, 178
908612.3.peg.1921.site.15, 0, 177, 177
908612.3.peg.1921.site.16, 1, 175, 176
908612.3.peg.1014.site.1, 6, 126, 132
908612.3.peg.1014.site.2, 10, 129, 139
908612.3.peg.1014.site.3, 4, 178, 182
908612.3.peg.1014.site.4, 19, 177, 196
908612.3.peg.1014.site.5, 11, 178, 189
908612.3.peg.1014.site.6, 0, 178, 178
908612.3.peg.1014.site.7, 19, 176, 195
908612.3.peg.1014.site.8, 1, 177, 178
908612.3.peg.1014.site.9, 1, 176, 177
908612.3.peg.1014.site.10, 50, 172, 222
908612.3.peg.1014.site.11, 51, 175, 226
908612.3.peg.1014.site.12, 4, 176, 180
908612.3.peg.1014.site.13, 54, 172, 226
908612.3.peg.1014.site.14, 1, 177, 178
908612.3.peg.1014.site.15, 4, 178, 182
908612.3.peg.1014.site.16, 1, 178, 179
908612.3.peg.1014.site.17, 6, 178, 184
908612.3.peg.1014.site.18, 2, 178, 180
908612.3.peg.1014.site.19, 0, 178, 178
908612.3.peg.1014.site.20, 8, 175, 183
908612.3.peg.1924.site.1, 20, 171, 191
908612.3.peg.1924.site.2, 31, 172, 203
908612.3.peg.1924.site.3, 21, 169, 190
908612.3.peg.1924.site.4, 103, 166, 269
908612.3.peg.1924.site.5, 21, 165, 186
908612.3.peg.1924.site.6, 3, 159, 162
908612.3.peg.1924.site.7, 5, 163, 168
908612.3.peg.1924.site.8, 23, 167, 190
908612.3.peg.1924.site.9, 0, 172, 172
908612.3.peg.1924.site.10, 2, 176, 178
908612.3.peg.1924.site.11, 27, 176, 203
908612.3.peg.1924.site.12, 26, 173, 199
908612.3.peg.1924.site.13, 27, 173, 200
908612.3.peg.1924.site.14, 26, 171, 197
908612.3.peg.1924.site.15, 80, 168, 248
908612.3.peg.1924.site.16, 2, 180, 182
908612.3.peg.1924.site.17, 3, 180, 183
908612.3.peg.1925.site.1, 7, 179, 186
908612.3.peg.1925.site.2, 1, 178, 179
908612.3.peg.1925.site.3, 2, 179, 181
908612.3.peg.1925.site.4, 70, 167, 237
908612.3.peg.1925.site.5, 7, 173, 180
908612.3.peg.1925.site.6, 2, 169, 171
908612.3.peg.1925.site.7, 160, 176, 336
908612.3.peg.1925.site.8, 3, 179, 182
908612.3.peg.1925.site.9, 30, 178, 208
908612.3.peg.1928.site.1, 0, 180, 180
908612.3.peg.1928.site.2, 17, 177, 194
908612.3.peg.1928.site.3, 180, 180, 360
908612.3.peg.1928.site.4, 5, 180, 185
908612.3.peg.1928.site.5, 2, 179, 181
908612.3.peg.1928.site.6, 0, 180, 180
908612.3.peg.1928.site.7, 166, 176, 342
908612.3.peg.1928.site.8, 10, 178, 188
908612.3.peg.1928.site.9, 5, 172, 177
908612.3.peg.1928.site.10, 6, 174, 180
908612.3.peg.1928.site.11, 7, 178, 185
908612.3.peg.1928.site.12, 122, 174, 296
908612.3.peg.1928.site.13, 167, 177, 344
908612.3.peg.1928.site.14, 125, 173, 298
908612.3.peg.1928.site.15, 116, 174, 290
908612.3.peg.1928.site.16, 5, 174, 179
908612.3.peg.1928.site.17, 0, 180, 180
908612.3.peg.1928.site.18, 8, 179, 187
908612.3.peg.1928.site.19, 2, 180, 182
908612.3.peg.1928.site.20, 42, 175, 217
908612.3.peg.1928.site.21, 3, 180, 183
908612.3.peg.1928.site.22, 159, 179, 338
908612.3.peg.1928.site.23, 0, 179, 179
908612.3.peg.1928.site.24, 14, 176, 190
908612.3.peg.1928.site.25, 82, 175, 257
908612.3.peg.1928.site.26, 21, 178, 199
908612.3.peg.1928.site.27, 28, 179, 207
908612.3.peg.1928.site.28, 0, 179, 179
908612.3.peg.1928.site.29, 46, 177, 223
908612.3.peg.1928.site.30, 3, 179, 182
908612.3.peg.1928.site.31, 8, 180, 188
908612.3.peg.1928.site.32, 73, 175, 248
908612.3.peg.1928.site.33, 46, 179, 225
908612.3.peg.1928.site.34, 0, 180, 180
908612.3.peg.1928.site.35, 1, 180, 181
908612.3.peg.1928.site.36, 47, 179, 226
908612.3.peg.1929.site.1, 4, 180, 184
908612.3.peg.1929.site.2, 6, 178, 184
908612.3.peg.1929.site.3, 149, 178, 327
908612.3.peg.1929.site.4, 150, 179, 329
908612.3.peg.1929.site.5, 1, 180, 181
908612.3.peg.1929.site.6, 8, 179, 187
908612.3.peg.1929.site.7, 0, 180, 180
908612.3.peg.1929.site.8, 11, 176, 187
908612.3.peg.1929.site.9, 7, 179, 186
908612.3.peg.1929.site.10, 1, 179, 180
908612.3.peg.1929.site.11, 0, 178, 178
908612.3.peg.1929.site.12, 11, 178, 189
908612.3.peg.1929.site.13, 2, 178, 180
908612.3.peg.1929.site.14, 97, 176, 273
908612.3.peg.1929.site.15, 43, 178, 221
908612.3.peg.1929.site.16, 3, 179, 182
908612.3.peg.1929.site.17, 3, 178, 181
908612.3.peg.1929.site.18, 3, 180, 183
908612.3.peg.1929.site.19, 36, 176, 212
908612.3.peg.1929.site.20, 68, 177, 245
908612.3.peg.1929.site.21, 0, 180, 180
908612.3.peg.1929.site.22, 2, 179, 181
908612.3.peg.1929.site.23, 1, 178, 179
908612.3.peg.1929.site.24, 79, 174, 253
908612.3.peg.1929.site.25, 2, 180, 182
908612.3.peg.1929.site.26, 0, 180, 180
908612.3.peg.1929.site.27, 18, 178, 196
908612.3.peg.1929.site.28, 2, 179, 181
908612.3.peg.1929.site.29, 33, 179, 212
908612.3.peg.1929.site.30, 33, 179, 212
908612.3.peg.1929.site.31, 0, 179, 179
908612.3.peg.1929.site.32, 2, 180, 182
908612.3.peg.1929.site.33, 37, 178, 215
908612.3.peg.1929.site.34, 4, 179, 183
908612.3.peg.1929.site.35, 2, 179, 181
908612.3.peg.1929.site.36, 24, 178, 202
908612.3.peg.1929.site.37, 1, 177, 178
908612.3.peg.1929.site.38, 1, 177, 178
908612.3.peg.1929.site.39, 11, 180, 191
908612.3.peg.1929.site.40, 5, 179, 184
908612.3.peg.2022.site.1, 0, 180, 180
908612.3.peg.2022.site.2, 4, 179, 183
908612.3.peg.2022.site.3, 84, 175, 259
908612.3.peg.2022.site.4, 158, 179, 337
908612.3.peg.2022.site.5, 0, 180, 180
908612.3.peg.2022.site.6, 2, 180, 182
908612.3.peg.2022.site.7, 40, 174, 214
908612.3.peg.2022.site.8, 159, 179, 338
908612.3.peg.2022.site.9, 142, 180, 322
908612.3.peg.2022.site.10, 155, 179, 334
908612.3.peg.2022.site.11, 5, 178, 183
908612.3.peg.2022.site.12, 0, 179, 179
908612.3.peg.2022.site.13, 26, 178, 204
908612.3.peg.2022.site.14, 11, 179, 190
908612.3.peg.2022.site.15, 13, 179, 192
908612.3.peg.2022.site.16, 1, 179, 180
908612.3.peg.2022.site.17, 0, 179, 179
908612.3.peg.2022.site.18, 95, 166, 261
908612.3.peg.2022.site.19, 62, 160, 222
908612.3.peg.2022.site.20, 66, 174, 240
908612.3.peg.2022.site.21, 6, 177, 183
908612.3.peg.2022.site.22, 15, 178, 193
908612.3.peg.2022.site.23, 6, 178, 184
908612.3.peg.2022.site.24, 0, 180, 180
908612.3.peg.2022.site.25, 2, 180, 182
908612.3.peg.2023.site.1, 5, 166, 171
908612.3.peg.2023.site.2, 35, 148, 183
908612.3.peg.2023.site.3, 2, 142, 144
908612.3.peg.2023.site.4, 25, 139, 164
908612.3.peg.2023.site.5, 77, 142, 219
908612.3.peg.2023.site.6, 79, 143, 222
908612.3.peg.2023.site.7, 123, 167, 290
908612.3.peg.2023.site.8, 2, 175, 177
908612.3.peg.2023.site.9, 2, 176, 178
908612.3.peg.2023.site.10, 0, 175, 175
908612.3.peg.2023.site.11, 124, 177, 301
908612.3.peg.2023.site.12, 50, 169, 219
908612.3.peg.2023.site.13, 70, 168, 238
908612.3.peg.2023.site.14, 3, 173, 176
908612.3.peg.2023.site.15, 21, 178, 199
908612.3.peg.2023.site.16, 3, 180, 183
908612.3.peg.2023.site.17, 8, 175, 183
908612.3.peg.2023.site.18, 26, 169, 195
908612.3.peg.2023.site.19, 6, 147, 153
908612.3.peg.2023.site.20, 6, 144, 150
908612.3.peg.2023.site.21, 11, 177, 188
908612.3.peg.2023.site.22, 9, 172, 181
908612.3.peg.2023.site.23, 7, 174, 181
908612.3.peg.2023.site.24, 1, 174, 175
908612.3.peg.2023.site.25, 1, 176, 177
908612.3.peg.2023.site.26, 2, 172, 174
908612.3.peg.2023.site.27, 0, 174, 174
908612.3.peg.2023.site.28, 52, 170, 222
908612.3.peg.2023.site.29, 54, 166, 220
908612.3.peg.2023.site.30, 33, 166, 199
908612.3.peg.2023.site.31, 4, 172, 176
908612.3.peg.2023.site.32, 2, 174, 176
908612.3.peg.2023.site.33, 5, 171, 176
908612.3.peg.2023.site.34, 4, 173, 177
908612.3.peg.2023.site.35, 1, 177, 178
908612.3.peg.2023.site.36, 2, 180, 182
908612.3.peg.2023.site.37, 0, 180, 180
908612.3.peg.2023.site.38, 0, 180, 180
908612.3.peg.2023.site.39, 80, 173, 253
908612.3.peg.2023.site.40, 4, 178, 182
908612.3.peg.2023.site.41, 58, 177, 235
908612.3.peg.2023.site.42, 118, 178, 296
908612.3.peg.2023.site.43, 0, 180, 180
908612.3.peg.2020.site.1, 3, 175, 178
908612.3.peg.2020.site.2, 91, 164, 255
908612.3.peg.2020.site.3, 57, 157, 214
908612.3.peg.2020.site.4, 105, 172, 277
908612.3.peg.2020.site.5, 85, 151, 236
908612.3.peg.2020.site.6, 6, 131, 137
908612.3.peg.2020.site.7, 0, 180, 180
908612.3.peg.2020.site.8, 6, 180, 186
908612.3.peg.2020.site.9, 3, 180, 183
908612.3.peg.2020.site.10, 28, 178, 206
908612.3.peg.2020.site.11, 6, 178, 184
908612.3.peg.2020.site.12, 53, 177, 230
908612.3.peg.2020.site.13, 2, 177, 179
908612.3.peg.2020.site.14, 6, 179, 185
908612.3.peg.2020.site.15, 62, 177, 239
908612.3.peg.2020.site.16, 0, 177, 177
908612.3.peg.2020.site.17, 0, 175, 175
908612.3.peg.2020.site.18, 2, 178, 180
908612.3.peg.2020.site.19, 2, 178, 180
908612.3.peg.2020.site.20, 0, 180, 180
908612.3.peg.2020.site.21, 58, 176, 234
908612.3.peg.2020.site.22, 119, 177, 296
908612.3.peg.2020.site.23, 9, 179, 188
908612.3.peg.2020.site.24, 3, 180, 183
908612.3.peg.2021.site.1, 37, 176, 213
908612.3.peg.2021.site.2, 3, 179, 182
908612.3.peg.2021.site.3, 33, 176, 209
908612.3.peg.2021.site.4, 0, 179, 179
908612.3.peg.2021.site.5, 1, 180, 181
908612.3.peg.2021.site.6, 5, 177, 182
908612.3.peg.2021.site.7, 0, 177, 177
908612.3.peg.2021.site.8, 0, 174, 174
908612.3.peg.2021.site.9, 11, 177, 188
908612.3.peg.2021.site.10, 47, 174, 221
908612.3.peg.2021.site.11, 5, 167, 172
908612.3.peg.2021.site.12, 83, 167, 250
908612.3.peg.2021.site.13, 4, 178, 182
908612.3.peg.2021.site.14, 98, 162, 260
908612.3.peg.2021.site.15, 6, 174, 180
908612.3.peg.2021.site.16, 97, 178, 275
908612.3.peg.2026.site.1, 75, 173, 248
908612.3.peg.2026.site.2, 13, 171, 184
908612.3.peg.2026.site.3, 0, 178, 178
908612.3.peg.2026.site.4, 38, 176, 214
908612.3.peg.2026.site.5, 5, 179, 184
908612.3.peg.2026.site.6, 38, 180, 218
908612.3.peg.2026.site.7, 1, 178, 179
908612.3.peg.2026.site.8, 1, 180, 181
908612.3.peg.2027.site.1, 30, 162, 192
908612.3.peg.2027.site.2, 0, 167, 167
908612.3.peg.2027.site.3, 1, 177, 178
908612.3.peg.2027.site.4, 1, 175, 176
908612.3.peg.2027.site.5, 5, 179, 184
908612.3.peg.2027.site.6, 2, 178, 180
908612.3.peg.2027.site.7, 4, 179, 183
908612.3.peg.2027.site.8, 2, 178, 180
908612.3.peg.2027.site.9, 3, 179, 182
908612.3.peg.2027.site.10, 26, 177, 203
908612.3.peg.2027.site.11, 26, 179, 205
908612.3.peg.2027.site.12, 7, 176, 183
908612.3.peg.2027.site.13, 5, 178, 183
908612.3.peg.2027.site.14, 6, 180, 186
908612.3.peg.2027.site.15, 31, 178, 209
908612.3.peg.2027.site.16, 0, 180, 180
908612.3.peg.2027.site.17, 7, 180, 187
908612.3.peg.2027.site.18, 158, 179, 337
908612.3.peg.2027.site.19, 3, 180, 183
908612.3.peg.2027.site.20, 29, 179, 208
908612.3.peg.2027.site.21, 0, 178, 178
908612.3.peg.2027.site.22, 118, 178, 296
908612.3.peg.2027.site.23, 2, 180, 182
908612.3.peg.2027.site.24, 26, 179, 205
908612.3.peg.2027.site.25, 26, 178, 204
908612.3.peg.2027.site.26, 3, 180, 183
908612.3.peg.2024.site.1, 15, 180, 195
908612.3.peg.2024.site.2, 1, 179, 180
908612.3.peg.2024.site.3, 5, 179, 184
908612.3.peg.2024.site.4, 38, 177, 215
908612.3.peg.2024.site.5, 48, 163, 211
908612.3.peg.2024.site.6, 0, 177, 177
908612.3.peg.2024.site.7, 27, 175, 202
908612.3.peg.2024.site.8, 8, 180, 188
908612.3.peg.2024.site.9, 6, 179, 185
908612.3.peg.2024.site.10, 35, 177, 212
908612.3.peg.2024.site.11, 44, 177, 221
908612.3.peg.2024.site.12, 30, 176, 206
908612.3.peg.2024.site.13, 4, 178, 182
908612.3.peg.2024.site.14, 35, 177, 212
908612.3.peg.2024.site.15, 6, 180, 186
908612.3.peg.2024.site.16, 18, 179, 197
908612.3.peg.2024.site.17, 128, 178, 306
908612.3.peg.2024.site.18, 0, 179, 179
908612.3.peg.2024.site.19, 6, 180, 186
908612.3.peg.2024.site.20, 39, 177, 216
908612.3.peg.2024.site.21, 20, 180, 200
908612.3.peg.2024.site.22, 49, 175, 224
908612.3.peg.2024.site.23, 3, 180, 183
908612.3.peg.2025.site.1, 0, 178, 178
908612.3.peg.2025.site.2, 0, 179, 179
908612.3.peg.2025.site.3, 9, 170, 179
908612.3.peg.2025.site.4, 17, 167, 184
908612.3.peg.2025.site.5, 1, 169, 170
908612.3.peg.2025.site.6, 3, 176, 179
908612.3.peg.2025.site.7, 0, 175, 175
908612.3.peg.2025.site.8, 4, 178, 182
908612.3.peg.2025.site.9, 24, 174, 198
908612.3.peg.2025.site.10, 2, 175, 177
908612.3.peg.2025.site.11, 25, 175, 200
908612.3.peg.2025.site.12, 29, 179, 208
908612.3.peg.2025.site.13, 2, 180, 182
908612.3.peg.2025.site.14, 18, 179, 197
908612.3.peg.2025.site.15, 20, 180, 200
908612.3.peg.2025.site.16, 26, 177, 203
908612.3.peg.2025.site.17, 2, 179, 181
908612.3.peg.2025.site.18, 0, 180, 180
908612.3.peg.2025.site.19, 2, 174, 176
908612.3.peg.2025.site.20, 3, 176, 179
908612.3.peg.2025.site.21, 3, 175, 178
908612.3.peg.2025.site.22, 24, 178, 202
908612.3.peg.2025.site.23, 5, 178, 183
908612.3.peg.2025.site.24, 47, 178, 225
908612.3.peg.2028.site.1, 3, 180, 183
908612.3.peg.2028.site.2, 0, 179, 179
908612.3.peg.2028.site.3, 8, 177, 185
908612.3.peg.2028.site.4, 21, 176, 197
908612.3.peg.2028.site.5, 121, 171, 292
908612.3.peg.2028.site.6, 2, 177, 179
908612.3.peg.2028.site.7, 1, 180, 181
908612.3.peg.2028.site.8, 31, 177, 208
908612.3.peg.2028.site.9, 48, 148, 196
908612.3.peg.2028.site.10, 108, 150, 258
908612.3.peg.2028.site.11, 46, 118, 164
908612.3.peg.2028.site.12, 3, 169, 172
908612.3.peg.2028.site.13, 8, 168, 176
908612.3.peg.2028.site.14, 148, 167, 315
908612.3.peg.2028.site.15, 10, 167, 177
908612.3.peg.2028.site.16, 6, 177, 183
908612.3.peg.2028.site.17, 4, 180, 184
908612.3.peg.2028.site.18, 95, 175, 270
908612.3.peg.2028.site.19, 2, 179, 181
908612.3.peg.2028.site.20, 24, 177, 201
908612.3.peg.2029.site.1, 14, 177, 191
908612.3.peg.2029.site.2, 2, 180, 182
908612.3.peg.2029.site.3, 0, 176, 176
908612.3.peg.2029.site.4, 154, 177, 331
908612.3.peg.2029.site.5, 6, 177, 183
908612.3.peg.2029.site.6, 55, 176, 231
908612.3.peg.2029.site.7, 8, 178, 186
908612.3.peg.2029.site.8, 1, 180, 181
908612.3.peg.2029.site.9, 23, 179, 202
908612.3.peg.2029.site.10, 24, 178, 202
908612.3.peg.2029.site.11, 3, 180, 183
908612.3.peg.607.site.1, 2, 179, 181
908612.3.peg.607.site.2, 2, 179, 181
908612.3.peg.607.site.3, 11, 180, 191
908612.3.peg.607.site.4, 0, 178, 178
908612.3.peg.607.site.5, 0, 179, 179
908612.3.peg.607.site.6, 0, 179, 179
908612.3.peg.607.site.7, 0, 177, 177
908612.3.peg.607.site.8, 0, 179, 179
908612.3.peg.607.site.9, 7, 179, 186
908612.3.peg.607.site.10, 0, 179, 179
908612.3.peg.607.site.11, 0, 179, 179
908612.3.peg.607.site.12, 6, 178, 184
908612.3.peg.607.site.13, 60, 176, 236
908612.3.peg.607.site.14, 11, 180, 191
908612.3.peg.607.site.15, 73, 177, 250
908612.3.peg.607.site.16, 26, 175, 201
908612.3.peg.607.site.17, 1, 178, 179
908612.3.peg.607.site.18, 0, 178, 178
908612.3.peg.607.site.19, 96, 178, 274
908612.3.peg.607.site.20, 1, 179, 180
908612.3.peg.607.site.21, 54, 178, 232
908612.3.peg.607.site.22, 3, 180, 183
908612.3.peg.607.site.23, 1, 180, 181
908612.3.peg.606.site.1, 0, 156, 156
908612.3.peg.606.site.2, 56, 178, 234
908612.3.peg.606.site.3, 15, 179, 194
908612.3.peg.606.site.4, 11, 176, 187
908612.3.peg.606.site.5, 0, 175, 175
908612.3.peg.606.site.6, 0, 174, 174
908612.3.peg.606.site.7, 0, 173, 173
908612.3.peg.606.site.8, 0, 175, 175
908612.3.peg.606.site.9, 50, 174, 224
908612.3.peg.606.site.10, 10, 174, 184
908612.3.peg.606.site.11, 81, 172, 253
908612.3.peg.606.site.12, 24, 176, 200
908612.3.peg.606.site.13, 8, 180, 188
908612.3.peg.606.site.14, 52, 177, 229
908612.3.peg.606.site.15, 50, 174, 224
908612.3.peg.606.site.16, 7, 175, 182
908612.3.peg.606.site.17, 0, 172, 172
908612.3.peg.606.site.18, 23, 146, 169
908612.3.peg.606.site.19, 2, 145, 147
908612.3.peg.606.site.20, 49, 169, 218
908612.3.peg.606.site.21, 49, 168, 217
908612.3.peg.606.site.22, 80, 174, 254
908612.3.peg.605.site.1, 12, 162, 174
908612.3.peg.605.site.2, 55, 177, 232
908612.3.peg.605.site.3, 4, 178, 182
908612.3.peg.605.site.4, 21, 179, 200
908612.3.peg.605.site.5, 140, 177, 317
908612.3.peg.605.site.6, 14, 178, 192
908612.3.peg.605.site.7, 0, 179, 179
908612.3.peg.605.site.8, 1, 179, 180
908612.3.peg.605.site.9, 2, 180, 182
908612.3.peg.605.site.10, 97, 177, 274
908612.3.peg.605.site.11, 0, 179, 179
908612.3.peg.605.site.12, 2, 179, 181
908612.3.peg.605.site.13, 114, 179, 293
908612.3.peg.605.site.14, 95, 177, 272
908612.3.peg.605.site.15, 4, 179, 183
908612.3.peg.605.site.16, 114, 177, 291
908612.3.peg.605.site.17, 115, 178, 293
908612.3.peg.605.site.18, 6, 179, 185
908612.3.peg.604.site.1, 29, 180, 209
908612.3.peg.604.site.2, 1, 180, 181
908612.3.peg.604.site.3, 2, 180, 182
908612.3.peg.604.site.4, 35, 180, 215
908612.3.peg.604.site.5, 6, 179, 185
908612.3.peg.604.site.6, 0, 180, 180
908612.3.peg.604.site.7, 1, 179, 180
908612.3.peg.604.site.8, 0, 180, 180
908612.3.peg.604.site.9, 2, 180, 182
908612.3.peg.604.site.10, 1, 180, 181
908612.3.peg.604.site.11, 5, 179, 184
908612.3.peg.604.site.12, 7, 180, 187
908612.3.peg.602.site.1, 0, 175, 175
908612.3.peg.602.site.2, 0, 174, 174
908612.3.peg.602.site.3, 2, 178, 180
908612.3.peg.602.site.4, 93, 179, 272
908612.3.peg.602.site.5, 2, 180, 182
908612.3.peg.602.site.6, 1, 180, 181
908612.3.peg.602.site.7, 8, 179, 187
908612.3.peg.602.site.8, 100, 179, 279
908612.3.peg.602.site.9, 41, 179, 220
908612.3.peg.602.site.10, 106, 179, 285
908612.3.peg.602.site.11, 60, 179, 239
908612.3.peg.602.site.12, 2, 179, 181
908612.3.peg.602.site.13, 54, 170, 224
908612.3.peg.602.site.14, 71, 160, 231
908612.3.peg.602.site.15, 2, 162, 164
908612.3.peg.602.site.16, 1, 171, 172
908612.3.peg.602.site.17, 6, 165, 171
908612.3.peg.602.site.18, 66, 151, 217
908612.3.peg.602.site.19, 0, 178, 178
908612.3.peg.602.site.20, 12, 180, 192
908612.3.peg.602.site.21, 86, 178, 264
908612.3.peg.602.site.22, 0, 180, 180
908612.3.peg.602.site.23, 88, 179, 267
908612.3.peg.602.site.24, 85, 178, 263
908612.3.peg.602.site.25, 85, 178, 263
908612.3.peg.602.site.26, 0, 180, 180
908612.3.peg.601.site.1, 0, 180, 180
908612.3.peg.601.site.2, 57, 174, 231
908612.3.peg.601.site.3, 56, 170, 226
908612.3.peg.601.site.4, 54, 172, 226
908612.3.peg.601.site.5, 3, 177, 180
908612.3.peg.601.site.6, 6, 180, 186
908612.3.peg.609.site.1, 30, 179, 209
908612.3.peg.609.site.2, 0, 158, 158
908612.3.peg.609.site.3, 7, 156, 163
908612.3.peg.609.site.4, 5, 153, 158
908612.3.peg.608.site.1, 11, 178, 189
908612.3.peg.608.site.2, 78, 179, 257
908612.3.peg.608.site.3, 2, 179, 181
908612.3.peg.608.site.4, 1, 180, 181
908612.3.peg.608.site.5, 7, 180, 187
908612.3.peg.608.site.6, 0, 180, 180
908612.3.peg.608.site.7, 0, 179, 179
908612.3.peg.608.site.8, 0, 180, 180
908612.3.peg.608.site.9, 0, 180, 180
908612.3.peg.608.site.10, 0, 180, 180
908612.3.peg.608.site.11, 0, 180, 180
908612.3.peg.608.site.12, 1, 179, 180
908612.3.peg.608.site.13, 0, 178, 178
908612.3.peg.608.site.14, 0, 180, 180
908612.3.peg.608.site.15, 1, 180, 181
908612.3.peg.608.site.16, 39, 179, 218
908612.3.peg.608.site.17, 6, 180, 186
908612.3.peg.608.site.18, 9, 177, 186
908612.3.peg.608.site.19, 7, 180, 187
908612.3.peg.608.site.20, 0, 180, 180
908612.3.peg.608.site.21, 45, 177, 222
908612.3.peg.608.site.22, 14, 179, 193
908612.3.peg.608.site.23, 41, 178, 219
908612.3.peg.608.site.24, 16, 180, 196
908612.3.peg.608.site.25, 10, 178, 188
908612.3.peg.608.site.26, 0, 179, 179
908612.3.peg.608.site.27, 15, 180, 195
908612.3.peg.608.site.28, 5, 180, 185
908612.3.peg.608.site.29, 1, 179, 180
908612.3.peg.608.site.30, 2, 170, 172
908612.3.peg.608.site.31, 8, 158, 166
908612.3.peg.608.site.32, 117, 171, 288
908612.3.peg.608.site.33, 0, 174, 174
908612.3.peg.608.site.34, 0, 177, 177
908612.3.peg.608.site.35, 13, 176, 189
908612.3.peg.608.site.36, 5, 178, 183
908612.3.peg.608.site.37, 5, 179, 184
908612.3.peg.608.site.38, 52, 175, 227
908612.3.peg.608.site.39, 0, 180, 180
908612.3.peg.608.site.40, 51, 175, 226
908612.3.peg.608.site.41, 7, 180, 187
908612.3.peg.608.site.42, 5, 179, 184
908612.3.peg.739.site.1, 95, 178, 273
908612.3.peg.739.site.2, 5, 180, 185
908612.3.peg.739.site.3, 1, 180, 181
908612.3.peg.739.site.4, 32, 177, 209
908612.3.peg.739.site.5, 5, 180, 185
908612.3.peg.739.site.6, 15, 178, 193
908612.3.peg.739.site.7, 21, 178, 199
908612.3.peg.739.site.8, 0, 179, 179
908612.3.peg.739.site.9, 2, 180, 182
908612.3.peg.739.site.10, 1, 180, 181
908612.3.peg.739.site.11, 0, 178, 178
908612.3.peg.739.site.12, 8, 176, 184
908612.3.peg.739.site.13, 51, 175, 226
908612.3.peg.739.site.14, 68, 176, 244
908612.3.peg.739.site.15, 2, 175, 177
908612.3.peg.739.site.16, 79, 171, 250
908612.3.peg.739.site.17, 1, 173, 174
908612.3.peg.738.site.1, 2, 177, 179
908612.3.peg.738.site.2, 0, 179, 179
908612.3.peg.738.site.3, 47, 174, 221
908612.3.peg.738.site.4, 2, 178, 180
908612.3.peg.738.site.5, 20, 177, 197
908612.3.peg.738.site.6, 12, 179, 191
908612.3.peg.738.site.7, 21, 176, 197
908612.3.peg.738.site.8, 55, 175, 230
908612.3.peg.738.site.9, 82, 178, 260
908612.3.peg.738.site.10, 1, 178, 179
908612.3.peg.738.site.11, 111, 175, 286
908612.3.peg.738.site.12, 7, 178, 185
908612.3.peg.738.site.13, 2, 179, 181
908612.3.peg.738.site.14, 77, 176, 253
908612.3.peg.738.site.15, 4, 180, 184
908612.3.peg.738.site.16, 0, 178, 178
908612.3.peg.738.site.17, 2, 148, 150
908612.3.peg.738.site.18, 1, 145, 146
908612.3.peg.738.site.19, 1, 169, 170
908612.3.peg.738.site.20, 111, 173, 284
908612.3.peg.738.site.21, 113, 176, 289
908612.3.peg.738.site.22, 58, 174, 232
908612.3.peg.738.site.23, 1, 174, 175
908612.3.peg.738.site.24, 23, 171, 194
908612.3.peg.738.site.25, 87, 174, 261
908612.3.peg.738.site.26, 7, 177, 184
908612.3.peg.738.site.27, 0, 178, 178
908612.3.peg.738.site.28, 2, 180, 182
908612.3.peg.738.site.29, 5, 180, 185
908612.3.peg.738.site.30, 120, 177, 297
908612.3.peg.738.site.31, 74, 175, 249
908612.3.peg.738.site.32, 67, 178, 245
908612.3.peg.738.site.33, 1, 179, 180
908612.3.peg.738.site.34, 2, 177, 179
908612.3.peg.738.site.35, 80, 177, 257
908612.3.peg.733.site.1, 0, 168, 168
908612.3.peg.733.site.2, 9, 107, 116
908612.3.peg.737.site.1, 14, 174, 188
908612.3.peg.737.site.2, 1, 173, 174
908612.3.peg.737.site.3, 1, 173, 174
908612.3.peg.737.site.4, 23, 172, 195
908612.3.peg.737.site.5, 67, 176, 243
908612.3.peg.737.site.6, 0, 179, 179
908612.3.peg.737.site.7, 1, 179, 180
908612.3.peg.737.site.8, 145, 179, 324
908612.3.peg.737.site.9, 0, 177, 177
908612.3.peg.737.site.10, 50, 174, 224
908612.3.peg.737.site.11, 0, 170, 170
908612.3.peg.737.site.12, 29, 161, 190
908612.3.peg.737.site.13, 28, 158, 186
908612.3.peg.737.site.14, 2, 174, 176
908612.3.peg.737.site.15, 2, 177, 179
908612.3.peg.737.site.16, 2, 179, 181
908612.3.peg.737.site.17, 2, 180, 182
908612.3.peg.737.site.18, 2, 180, 182
908612.3.peg.737.site.19, 147, 179, 326
908612.3.peg.737.site.20, 0, 179, 179
908612.3.peg.737.site.21, 2, 180, 182
908612.3.peg.737.site.22, 27, 180, 207
908612.3.peg.737.site.23, 2, 180, 182
908612.3.peg.737.site.24, 5, 180, 185
908612.3.peg.737.site.25, 82, 178, 260
908612.3.peg.736.site.1, 0, 178, 178
908612.3.peg.736.site.2, 95, 176, 271
908612.3.peg.736.site.3, 5, 180, 185
908612.3.peg.736.site.4, 76, 174, 250
908612.3.peg.736.site.5, 21, 176, 197
908612.3.peg.736.site.6, 17, 179, 196
908612.3.peg.736.site.7, 16, 177, 193
908612.3.peg.736.site.8, 9, 178, 187
908612.3.peg.736.site.9, 35, 178, 213
908612.3.peg.736.site.10, 16, 178, 194
908612.3.peg.736.site.11, 3, 177, 180
908612.3.peg.736.site.12, 1, 177, 178
908612.3.peg.736.site.13, 41, 178, 219
908612.3.peg.736.site.14, 71, 178, 249
908612.3.peg.736.site.15, 15, 169, 184
908612.3.peg.736.site.16, 31, 171, 202
908612.3.peg.736.site.17, 0, 176, 176
908612.3.peg.736.site.18, 128, 175, 303
908612.3.peg.736.site.19, 0, 178, 178
908612.3.peg.736.site.20, 7, 176, 183
908612.3.peg.736.site.21, 28, 178, 206
908612.3.peg.736.site.22, 6, 178, 184
908612.3.peg.736.site.23, 14, 177, 191
908612.3.peg.736.site.24, 14, 177, 191
908612.3.peg.736.site.25, 1, 178, 179
908612.3.peg.736.site.26, 4, 175, 179
908612.3.peg.736.site.27, 15, 171, 186
908612.3.peg.736.site.28, 46, 174, 220
908612.3.peg.736.site.29, 1, 177, 178
908612.3.peg.736.site.30, 18, 174, 192
908612.3.peg.736.site.31, 1, 178, 179
908612.3.peg.736.site.32, 0, 177, 177
908612.3.peg.735.site.1, 2, 179, 181
908612.3.peg.735.site.2, 5, 179, 184
908612.3.peg.735.site.3, 1, 180, 181
908612.3.peg.735.site.4, 5, 180, 185
908612.3.peg.735.site.5, 1, 180, 181
908612.3.peg.735.site.6, 0, 180, 180
908612.3.peg.735.site.7, 8, 179, 187
908612.3.peg.735.site.8, 2, 180, 182
908612.3.peg.735.site.9, 15, 179, 194
908612.3.peg.735.site.10, 90, 178, 268
908612.3.peg.735.site.11, 90, 178, 268
908612.3.peg.734.site.1, 75, 175, 250
908612.3.peg.734.site.2, 17, 173, 190
908612.3.peg.734.site.3, 2, 175, 177
908612.3.peg.734.site.4, 12, 175, 187
908612.3.peg.734.site.5, 51, 174, 225
908612.3.peg.734.site.6, 4, 177, 181
908612.3.peg.734.site.7, 2, 176, 178
908612.3.peg.734.site.8, 30, 175, 205
908612.3.peg.734.site.9, 6, 178, 184
908612.3.peg.734.site.10, 0, 177, 177
908612.3.peg.734.site.11, 2, 178, 180
908612.3.peg.734.site.12, 4, 178, 182
908612.3.peg.734.site.13, 29, 175, 204
908612.3.peg.734.site.14, 22, 175, 197
908612.3.peg.734.site.15, 6, 139, 145
908612.3.peg.429.site.1, 68, 174, 242
908612.3.peg.429.site.2, 29, 172, 201
908612.3.peg.429.site.3, 23, 175, 198
908612.3.peg.429.site.4, 45, 176, 221
908612.3.peg.429.site.5, 39, 176, 215
908612.3.peg.429.site.6, 2, 177, 179
908612.3.peg.429.site.7, 70, 173, 243
908612.3.peg.429.site.8, 2, 176, 178
908612.3.peg.429.site.9, 1, 147, 148
908612.3.peg.429.site.10, 0, 134, 134
908612.3.peg.429.site.11, 1, 122, 123
908612.3.peg.429.site.12, 0, 121, 121
908612.3.peg.428.site.1, 2, 179, 181
908612.3.peg.428.site.2, 34, 176, 210
908612.3.peg.428.site.3, 5, 179, 184
908612.3.peg.428.site.4, 0, 177, 177
908612.3.peg.428.site.5, 2, 179, 181
908612.3.peg.428.site.6, 1, 180, 181
908612.3.peg.428.site.7, 5, 180, 185
908612.3.peg.428.site.8, 2, 180, 182
908612.3.peg.427.site.1, 1, 179, 180
908612.3.peg.427.site.2, 3, 180, 183
908612.3.peg.427.site.3, 0, 180, 180
908612.3.peg.427.site.4, 0, 179, 179
908612.3.peg.427.site.5, 3, 176, 179
908612.3.peg.427.site.6, 1, 179, 180
908612.3.peg.427.site.7, 1, 180, 181
908612.3.peg.427.site.8, 29, 177, 206
908612.3.peg.427.site.9, 1, 180, 181
908612.3.peg.427.site.10, 0, 180, 180
908612.3.peg.427.site.11, 151, 177, 328
908612.3.peg.427.site.12, 0, 180, 180
908612.3.peg.427.site.13, 2, 180, 182
908612.3.peg.427.site.14, 115, 175, 290
908612.3.peg.427.site.15, 34, 177, 211
908612.3.peg.427.site.16, 0, 179, 179
908612.3.peg.427.site.17, 0, 180, 180
908612.3.peg.427.site.18, 23, 176, 199
908612.3.peg.427.site.19, 5, 153, 158
908612.3.peg.427.site.20, 11, 159, 170
908612.3.peg.427.site.21, 1, 179, 180
908612.3.peg.427.site.22, 120, 176, 296
908612.3.peg.427.site.23, 68, 177, 245
908612.3.peg.427.site.24, 7, 179, 186
908612.3.peg.427.site.25, 3, 180, 183
908612.3.peg.427.site.26, 66, 176, 242
908612.3.peg.427.site.27, 37, 175, 212
908612.3.peg.427.site.28, 15, 179, 194
908612.3.peg.427.site.29, 0, 177, 177
908612.3.peg.427.site.30, 115, 175, 290
908612.3.peg.427.site.31, 34, 171, 205
908612.3.peg.427.site.32, 2, 180, 182
908612.3.peg.427.site.33, 0, 179, 179
908612.3.peg.427.site.34, 76, 174, 250
908612.3.peg.427.site.35, 35, 174, 209
908612.3.peg.427.site.36, 3, 172, 175
908612.3.peg.427.site.37, 0, 176, 176
908612.3.peg.427.site.38, 0, 177, 177
908612.3.peg.427.site.39, 0, 180, 180
908612.3.peg.427.site.40, 0, 180, 180
908612.3.peg.427.site.41, 3, 179, 182
908612.3.peg.427.site.42, 2, 180, 182
908612.3.peg.427.site.43, 9, 178, 187
908612.3.peg.427.site.44, 3, 179, 182
908612.3.peg.427.site.45, 0, 178, 178
908612.3.peg.427.site.46, 8, 180, 188
908612.3.peg.427.site.47, 2, 180, 182
908612.3.peg.427.site.48, 75, 176, 251
908612.3.peg.427.site.49, 12, 179, 191
908612.3.peg.427.site.50, 12, 177, 189
908612.3.peg.427.site.51, 1, 180, 181
908612.3.peg.427.site.52, 24, 176, 200
908612.3.peg.427.site.53, 7, 180, 187
908612.3.peg.427.site.54, 31, 174, 205
908612.3.peg.427.site.55, 2, 178, 180
908612.3.peg.427.site.56, 5, 177, 182
908612.3.peg.426.site.1, 0, 177, 177
908612.3.peg.426.site.2, 9, 177, 186
908612.3.peg.426.site.3, 22, 175, 197
908612.3.peg.426.site.4, 142, 176, 318
908612.3.peg.426.site.5, 90, 172, 262
908612.3.peg.426.site.6, 2, 180, 182
908612.3.peg.426.site.7, 9, 180, 189
908612.3.peg.426.site.8, 109, 175, 284
908612.3.peg.426.site.9, 130, 174, 304
908612.3.peg.426.site.10, 2, 179, 181
908612.3.peg.426.site.11, 0, 177, 177
908612.3.peg.426.site.12, 0, 176, 176
908612.3.peg.426.site.13, 143, 178, 321
908612.3.peg.426.site.14, 0, 180, 180
908612.3.peg.426.site.15, 5, 179, 184
908612.3.peg.426.site.16, 0, 178, 178
908612.3.peg.425.site.1, 25, 175, 200
908612.3.peg.425.site.2, 45, 177, 222
908612.3.peg.425.site.3, 3, 178, 181
908612.3.peg.425.site.4, 48, 171, 219
908612.3.peg.425.site.5, 8, 176, 184
908612.3.peg.425.site.6, 24, 178, 202
908612.3.peg.425.site.7, 120, 175, 295
908612.3.peg.425.site.8, 9, 175, 184
908612.3.peg.425.site.9, 4, 166, 170
908612.3.peg.425.site.10, 18, 167, 185
908612.3.peg.425.site.11, 3, 173, 176
908612.3.peg.425.site.12, 133, 176, 309
908612.3.peg.425.site.13, 0, 180, 180
908612.3.peg.425.site.14, 0, 180, 180
908612.3.peg.424.site.1, 0, 180, 180
908612.3.peg.424.site.2, 2, 178, 180
908612.3.peg.424.site.3, 19, 179, 198
908612.3.peg.424.site.4, 4, 175, 179
908612.3.peg.424.site.5, 0, 158, 158
908612.3.peg.424.site.6, 1, 162, 163
908612.3.peg.424.site.7, 10, 168, 178
908612.3.peg.424.site.8, 54, 165, 219
908612.3.peg.424.site.9, 108, 165, 273
908612.3.peg.424.site.10, 48, 175, 223
908612.3.peg.424.site.11, 51, 175, 226
908612.3.peg.424.site.12, 1, 177, 178
908612.3.peg.424.site.13, 9, 175, 184
908612.3.peg.424.site.14, 4, 179, 183
908612.3.peg.424.site.15, 0, 176, 176
908612.3.peg.424.site.16, 1, 176, 177
908612.3.peg.423.site.1, 3, 179, 182
908612.3.peg.423.site.2, 69, 178, 247
908612.3.peg.423.site.3, 2, 180, 182
908612.3.peg.423.site.4, 74, 177, 251
908612.3.peg.423.site.5, 3, 180, 183
908612.3.peg.423.site.6, 1, 179, 180
908612.3.peg.423.site.7, 37, 175, 212
908612.3.peg.423.site.8, 60, 176, 236
908612.3.peg.423.site.9, 72, 177, 249
908612.3.peg.423.site.10, 15, 176, 191
908612.3.peg.423.site.11, 5, 168, 173
908612.3.peg.423.site.12, 0, 179, 179
908612.3.peg.423.site.13, 20, 177, 197
908612.3.peg.423.site.14, 0, 178, 178
908612.3.peg.423.site.15, 22, 176, 198
908612.3.peg.422.site.1, 2, 92, 94
908612.3.peg.422.site.2, 6, 97, 103
908612.3.peg.422.site.3, 1, 171, 172
908612.3.peg.422.site.4, 143, 178, 321
908612.3.peg.422.site.5, 75, 168, 243
908612.3.peg.422.site.6, 0, 174, 174
908612.3.peg.422.site.7, 77, 166, 243
908612.3.peg.422.site.8, 81, 166, 247
908612.3.peg.422.site.9, 0, 170, 170
908612.3.peg.422.site.10, 4, 180, 184
908612.3.peg.422.site.11, 0, 180, 180
908612.3.peg.422.site.12, 1, 179, 180
908612.3.peg.422.site.13, 67, 177, 244
908612.3.peg.422.site.14, 72, 180, 252
908612.3.peg.422.site.15, 0, 179, 179
908612.3.peg.422.site.16, 2, 176, 178
908612.3.peg.422.site.17, 87, 176, 263
908612.3.peg.422.site.18, 0, 178, 178
908612.3.peg.422.site.19, 3, 171, 174
908612.3.peg.422.site.20, 0, 141, 141
908612.3.peg.422.site.21, 0, 164, 164
908612.3.peg.422.site.22, 1, 166, 167
908612.3.peg.422.site.23, 8, 159, 167
908612.3.peg.422.site.24, 7, 168, 175
908612.3.peg.422.site.25, 2, 174, 176
908612.3.peg.422.site.26, 87, 173, 260
908612.3.peg.422.site.27, 4, 177, 181
908612.3.peg.421.site.1, 37, 178, 215
908612.3.peg.421.site.2, 16, 180, 196
908612.3.peg.421.site.3, 69, 178, 247
908612.3.peg.421.site.4, 11, 177, 188
908612.3.peg.421.site.5, 47, 173, 220
908612.3.peg.421.site.6, 4, 175, 179
908612.3.peg.421.site.7, 46, 178, 224
908612.3.peg.421.site.8, 43, 179, 222
908612.3.peg.421.site.9, 44, 177, 221
908612.3.peg.421.site.10, 2, 180, 182
908612.3.peg.421.site.11, 0, 179, 179
908612.3.peg.421.site.12, 2, 180, 182
908612.3.peg.421.site.13, 2, 178, 180
908612.3.peg.421.site.14, 2, 177, 179
908612.3.peg.421.site.15, 4, 180, 184
908612.3.peg.421.site.16, 0, 180, 180
908612.3.peg.421.site.17, 0, 180, 180
908612.3.peg.421.site.18, 11, 179, 190
908612.3.peg.421.site.19, 46, 141, 187
908612.3.peg.421.site.20, 4, 171, 175
908612.3.peg.421.site.21, 49, 175, 224
908612.3.peg.421.site.22, 0, 180, 180
908612.3.peg.421.site.23, 89, 175, 264
908612.3.peg.421.site.24, 60, 180, 240
908612.3.peg.421.site.25, 0, 178, 178
908612.3.peg.421.site.26, 21, 178, 199
908612.3.peg.421.site.27, 3, 180, 183
908612.3.peg.421.site.28, 1, 152, 153
908612.3.peg.420.site.1, 22, 170, 192
908612.3.peg.420.site.2, 11, 176, 187
908612.3.peg.420.site.3, 16, 179, 195
908612.3.peg.420.site.4, 0, 175, 175
908612.3.peg.420.site.5, 11, 176, 187
908612.3.peg.420.site.6, 121, 174, 295
908612.3.peg.420.site.7, 6, 175, 181
908612.3.peg.420.site.8, 4, 178, 182
908612.3.peg.420.site.9, 136, 177, 313
908612.3.peg.420.site.10, 148, 178, 326
908612.3.peg.420.site.11, 12, 178, 190
908612.3.peg.420.site.12, 10, 180, 190
908612.3.peg.420.site.13, 5, 179, 184
908612.3.peg.420.site.14, 10, 176, 186
908612.3.peg.420.site.15, 0, 174, 174
908612.3.peg.420.site.16, 41, 170, 211
908612.3.peg.420.site.17, 43, 167, 210
908612.3.peg.420.site.18, 68, 167, 235
908612.3.peg.420.site.19, 2, 172, 174
908612.3.peg.420.site.20, 25, 174, 199
908612.3.peg.420.site.21, 0, 178, 178
908612.3.peg.420.site.22, 0, 179, 179
908612.3.peg.420.site.23, 2, 179, 181
908612.3.peg.420.site.24, 1, 179, 180
908612.3.peg.553.site.1, 8, 179, 187
908612.3.peg.553.site.2, 8, 180, 188
908612.3.peg.553.site.3, 8, 178, 186
908612.3.peg.553.site.4, 80, 173, 253
908612.3.peg.553.site.5, 37, 176, 213
908612.3.peg.553.site.6, 16, 178, 194
908612.3.peg.553.site.7, 6, 178, 184
908612.3.peg.553.site.8, 1, 174, 175
908612.3.peg.553.site.9, 92, 172, 264
908612.3.peg.553.site.10, 90, 178, 268
908612.3.peg.552.site.1, 107, 178, 285
908612.3.peg.552.site.2, 22, 167, 189
908612.3.peg.552.site.3, 1, 165, 166
908612.3.peg.552.site.4, 17, 162, 179
908612.3.peg.552.site.5, 9, 165, 174
908612.3.peg.552.site.6, 8, 177, 185
908612.3.peg.551.site.1, 99, 175, 274
908612.3.peg.551.site.2, 37, 176, 213
908612.3.peg.551.site.3, 26, 177, 203
908612.3.peg.551.site.4, 58, 179, 237
908612.3.peg.551.site.5, 48, 179, 227
908612.3.peg.551.site.6, 63, 172, 235
908612.3.peg.551.site.7, 1, 177, 178
908612.3.peg.551.site.8, 56, 169, 225
908612.3.peg.551.site.9, 18, 165, 183
908612.3.peg.551.site.10, 1, 162, 163
908612.3.peg.551.site.11, 126, 159, 285
908612.3.peg.551.site.12, 48, 174, 222
908612.3.peg.551.site.13, 116, 176, 292
908612.3.peg.551.site.14, 3, 180, 183
908612.3.peg.551.site.15, 83, 176, 259
908612.3.peg.551.site.16, 21, 178, 199
908612.3.peg.551.site.17, 3, 180, 183
908612.3.peg.551.site.18, 7, 177, 184
908612.3.peg.551.site.19, 23, 179, 202
908612.3.peg.551.site.20, 15, 179, 194
908612.3.peg.550.site.1, 104, 174, 278
908612.3.peg.550.site.2, 101, 172, 273
908612.3.peg.550.site.3, 17, 154, 171
908612.3.peg.550.site.4, 28, 153, 181
908612.3.peg.550.site.5, 6, 176, 182
908612.3.peg.550.site.6, 6, 174, 180
908612.3.peg.550.site.7, 13, 180, 193
908612.3.peg.550.site.8, 38, 179, 217
908612.3.peg.550.site.9, 33, 177, 210
908612.3.peg.550.site.10, 2, 179, 181
908612.3.peg.550.site.11, 2, 178, 180
908612.3.peg.550.site.12, 0, 179, 179
908612.3.peg.550.site.13, 47, 171, 218
908612.3.peg.550.site.14, 0, 179, 179
908612.3.peg.550.site.15, 3, 178, 181
908612.3.peg.550.site.16, 2, 180, 182
908612.3.peg.550.site.17, 100, 179, 279
908612.3.peg.550.site.18, 99, 177, 276
908612.3.peg.550.site.19, 71, 174, 245
908612.3.peg.550.site.20, 63, 166, 229
908612.3.peg.550.site.21, 4, 160, 164
908612.3.peg.550.site.22, 82, 170, 252
908612.3.peg.550.site.23, 26, 179, 205
908612.3.peg.550.site.24, 94, 176, 270
908612.3.peg.550.site.25, 0, 180, 180
908612.3.peg.550.site.26, 0, 180, 180
908612.3.peg.550.site.27, 8, 180, 188
908612.3.peg.550.site.28, 0, 179, 179
908612.3.peg.550.site.29, 69, 179, 248
908612.3.peg.550.site.30, 0, 180, 180
908612.3.peg.557.site.1, 0, 177, 177
908612.3.peg.557.site.2, 4, 178, 182
908612.3.peg.557.site.3, 1, 178, 179
908612.3.peg.557.site.4, 0, 179, 179
908612.3.peg.557.site.5, 2, 176, 178
908612.3.peg.557.site.6, 0, 178, 178
908612.3.peg.557.site.7, 15, 178, 193
908612.3.peg.557.site.8, 3, 178, 181
908612.3.peg.557.site.9, 3, 178, 181
908612.3.peg.557.site.10, 37, 174, 211
908612.3.peg.557.site.11, 37, 175, 212
908612.3.peg.557.site.12, 37, 178, 215
908612.3.peg.557.site.13, 0, 179, 179
908612.3.peg.557.site.14, 30, 173, 203
908612.3.peg.557.site.15, 0, 177, 177
908612.3.peg.557.site.16, 39, 175, 214
908612.3.peg.557.site.17, 38, 176, 214
908612.3.peg.557.site.18, 1, 177, 178
908612.3.peg.557.site.19, 1, 167, 168
908612.3.peg.557.site.20, 1, 169, 170
908612.3.peg.557.site.21, 0, 168, 168
908612.3.peg.557.site.22, 10, 171, 181
908612.3.peg.555.site.1, 18, 179, 197
908612.3.peg.555.site.2, 2, 178, 180
908612.3.peg.555.site.3, 0, 173, 173
908612.3.peg.555.site.4, 0, 175, 175
908612.3.peg.555.site.5, 146, 167, 313
908612.3.peg.555.site.6, 5, 167, 172
908612.3.peg.555.site.7, 3, 169, 172
908612.3.peg.555.site.8, 2, 173, 175
908612.3.peg.555.site.9, 110, 166, 276
908612.3.peg.555.site.10, 94, 171, 265
908612.3.peg.555.site.11, 134, 164, 298
908612.3.peg.555.site.12, 1, 165, 166
908612.3.peg.555.site.13, 10, 179, 189
908612.3.peg.555.site.14, 114, 177, 291
908612.3.peg.555.site.15, 2, 172, 174
908612.3.peg.555.site.16, 1, 171, 172
908612.3.peg.555.site.17, 0, 177, 177
908612.3.peg.554.site.1, 0, 174, 174
908612.3.peg.554.site.2, 7, 163, 170
908612.3.peg.554.site.3, 24, 154, 178
908612.3.peg.554.site.4, 1, 144, 145
908612.3.peg.554.site.5, 31, 131, 162
908612.3.peg.554.site.6, 7, 122, 129
908612.3.peg.554.site.7, 44, 176, 220
908612.3.peg.559.site.1, 4, 180, 184
908612.3.peg.559.site.2, 0, 180, 180
908612.3.peg.559.site.3, 0, 180, 180
908612.3.peg.559.site.4, 0, 180, 180
908612.3.peg.559.site.5, 16, 178, 194
908612.3.peg.559.site.6, 0, 177, 177
908612.3.peg.559.site.7, 8, 176, 184
908612.3.peg.559.site.8, 0, 173, 173
908612.3.peg.559.site.9, 0, 175, 175
908612.3.peg.559.site.10, 8, 172, 180
908612.3.peg.559.site.11, 0, 175, 175
908612.3.peg.559.site.12, 22, 174, 196
908612.3.peg.559.site.13, 134, 172, 306
908612.3.peg.559.site.14, 167, 176, 343
908612.3.peg.559.site.15, 12, 176, 188
908612.3.peg.559.site.16, 130, 173, 303
908612.3.peg.559.site.17, 6, 177, 183
908612.3.peg.559.site.18, 148, 172, 320
908612.3.peg.559.site.19, 148, 172, 320
908612.3.peg.559.site.20, 3, 174, 177
908612.3.peg.559.site.21, 2, 177, 179
908612.3.peg.559.site.22, 0, 174, 174
908612.3.peg.559.site.23, 0, 178, 178
908612.3.peg.559.site.24, 1, 168, 169
908612.3.peg.559.site.25, 89, 136, 225
908612.3.peg.559.site.26, 0, 144, 144
908612.3.peg.559.site.27, 21, 159, 180
908612.3.peg.558.site.1, 2, 178, 180
908612.3.peg.558.site.2, 47, 171, 218
908612.3.peg.558.site.3, 2, 172, 174
908612.3.peg.558.site.4, 69, 168, 237
908612.3.peg.558.site.5, 1, 179, 180
908612.3.peg.558.site.6, 10, 180, 190
908612.3.peg.558.site.7, 2, 178, 180
908612.3.peg.558.site.8, 2, 180, 182
908612.3.peg.558.site.9, 173, 178, 351
908612.3.peg.558.site.10, 0, 179, 179
908612.3.peg.558.site.11, 0, 179, 179
908612.3.peg.558.site.12, 0, 177, 177
908612.3.peg.2250.site.1, 0, 156, 156
908612.3.peg.2250.site.2, 53, 141, 194
908612.3.peg.2250.site.3, 0, 178, 178
908612.3.peg.2250.site.4, 0, 180, 180
908612.3.peg.2250.site.5, 3, 180, 183
908612.3.peg.2250.site.6, 11, 166, 177
908612.3.peg.2250.site.7, 0, 178, 178
908612.3.peg.2250.site.8, 3, 180, 183
908612.3.peg.2250.site.9, 3, 180, 183
908612.3.peg.2250.site.10, 3, 180, 183
908612.3.peg.2250.site.11, 128, 176, 304
908612.3.peg.2250.site.12, 81, 174, 255
908612.3.peg.2250.site.13, 40, 175, 215
908612.3.peg.2250.site.14, 3, 175, 178
908612.3.peg.2250.site.15, 87, 172, 259
908612.3.peg.2250.site.16, 0, 170, 170
908612.3.peg.2250.site.17, 3, 173, 176
908612.3.peg.2250.site.18, 111, 168, 279
908612.3.peg.2250.site.19, 120, 160, 280
908612.3.peg.2250.site.20, 8, 173, 181
908612.3.peg.2250.site.21, 17, 169, 186
908612.3.peg.2250.site.22, 3, 173, 176
908612.3.peg.2250.site.23, 0, 166, 166
908612.3.peg.2250.site.24, 2, 174, 176
908612.3.peg.2250.site.25, 3, 176, 179
908612.3.peg.2250.site.26, 2, 170, 172
908612.3.peg.2250.site.27, 19, 170, 189
908612.3.peg.2250.site.28, 3, 174, 177
908612.3.peg.2250.site.29, 90, 171, 261
908612.3.peg.2250.site.30, 3, 161, 164
908612.3.peg.2250.site.31, 3, 159, 162
908612.3.peg.2250.site.32, 2, 157, 159
908612.3.peg.2250.site.33, 6, 168, 174
908612.3.peg.2250.site.34, 28, 159, 187
908612.3.peg.2250.site.35, 8, 175, 183
908612.3.peg.2250.site.36, 3, 178, 181
908612.3.peg.2250.site.37, 13, 176, 189
908612.3.peg.2250.site.38, 16, 178, 194
908612.3.peg.2250.site.39, 55, 165, 220
908612.3.peg.2250.site.40, 3, 170, 173
908612.3.peg.2250.site.41, 3, 168, 171
908612.3.peg.2250.site.42, 57, 167, 224
908612.3.peg.2250.site.43, 3, 176, 179
908612.3.peg.2250.site.44, 0, 178, 178
908612.3.peg.2250.site.45, 4, 177, 181
908612.3.peg.2250.site.46, 3, 180, 183
908612.3.peg.2250.site.47, 5, 179, 184
908612.3.peg.144.site.1, 0, 179, 179
908612.3.peg.144.site.2, 2, 179, 181
908612.3.peg.144.site.3, 97, 177, 274
908612.3.peg.144.site.4, 50, 176, 226
908612.3.peg.144.site.5, 45, 172, 217
908612.3.peg.144.site.6, 5, 180, 185
908612.3.peg.145.site.1, 0, 180, 180
908612.3.peg.145.site.2, 12, 179, 191
908612.3.peg.145.site.3, 1, 174, 175
908612.3.peg.145.site.4, 0, 171, 171
908612.3.peg.145.site.5, 32, 172, 204
908612.3.peg.145.site.6, 2, 172, 174
908612.3.peg.145.site.7, 134, 171, 305
908612.3.peg.145.site.8, 21, 180, 201
908612.3.peg.145.site.9, 2, 180, 182
908612.3.peg.145.site.10, 20, 179, 199
908612.3.peg.145.site.11, 16, 180, 196
908612.3.peg.145.site.12, 2, 180, 182
908612.3.peg.145.site.13, 7, 180, 187
908612.3.peg.145.site.14, 22, 177, 199
908612.3.peg.145.site.15, 111, 168, 279
908612.3.peg.145.site.16, 1, 179, 180
908612.3.peg.145.site.17, 4, 177, 181
908612.3.peg.145.site.18, 2, 159, 161
908612.3.peg.145.site.19, 2, 179, 181
908612.3.peg.145.site.20, 3, 180, 183
908612.3.peg.145.site.21, 34, 178, 212
908612.3.peg.145.site.22, 8, 179, 187
908612.3.peg.145.site.23, 43, 176, 219
908612.3.peg.145.site.24, 16, 180, 196
908612.3.peg.145.site.25, 29, 178, 207
908612.3.peg.145.site.26, 63, 174, 237
908612.3.peg.145.site.27, 7, 180, 187
908612.3.peg.145.site.28, 7, 180, 187
908612.3.peg.145.site.29, 7, 180, 187
908612.3.peg.145.site.30, 0, 180, 180
908612.3.peg.145.site.31, 143, 175, 318
908612.3.peg.146.site.1, 0, 175, 175
908612.3.peg.146.site.2, 124, 168, 292
908612.3.peg.146.site.3, 3, 174, 177
908612.3.peg.146.site.4, 5, 173, 178
908612.3.peg.146.site.5, 13, 172, 185
908612.3.peg.146.site.6, 2, 170, 172
908612.3.peg.146.site.7, 114, 165, 279
908612.3.peg.146.site.8, 116, 167, 283
908612.3.peg.146.site.9, 1, 145, 146
908612.3.peg.146.site.10, 82, 136, 218
908612.3.peg.146.site.11, 0, 149, 149
908612.3.peg.147.site.1, 9, 178, 187
908612.3.peg.147.site.2, 117, 173, 290
908612.3.peg.147.site.3, 9, 176, 185
908612.3.peg.147.site.4, 121, 165, 286
908612.3.peg.147.site.5, 4, 137, 141
908612.3.peg.147.site.6, 3, 139, 142
908612.3.peg.147.site.7, 1, 159, 160
908612.3.peg.147.site.8, 28, 169, 197
908612.3.peg.147.site.9, 14, 167, 181
908612.3.peg.147.site.10, 77, 127, 204
908612.3.peg.147.site.11, 68, 118, 186
908612.3.peg.147.site.12, 4, 120, 124
908612.3.peg.147.site.13, 16, 112, 128
908612.3.peg.147.site.14, 53, 111, 164
908612.3.peg.147.site.15, 62, 116, 178
908612.3.peg.147.site.16, 4, 179, 183
908612.3.peg.140.site.1, 3, 172, 175
908612.3.peg.140.site.2, 6, 175, 181
908612.3.peg.140.site.3, 3, 171, 174
908612.3.peg.140.site.4, 1, 165, 166
908612.3.peg.140.site.5, 83, 160, 243
908612.3.peg.140.site.6, 50, 158, 208
908612.3.peg.140.site.7, 69, 169, 238
908612.3.peg.140.site.8, 0, 172, 172
908612.3.peg.140.site.9, 61, 173, 234
908612.3.peg.140.site.10, 3, 178, 181
908612.3.peg.140.site.11, 51, 176, 227
908612.3.peg.140.site.12, 86, 176, 262
908612.3.peg.140.site.13, 2, 180, 182
908612.3.peg.140.site.14, 18, 179, 197
908612.3.peg.140.site.15, 6, 180, 186
908612.3.peg.140.site.16, 0, 180, 180
908612.3.peg.140.site.17, 2, 179, 181
908612.3.peg.140.site.18, 49, 177, 226
908612.3.peg.140.site.19, 1, 180, 181
908612.3.peg.140.site.20, 0, 180, 180
908612.3.peg.140.site.21, 29, 180, 209
908612.3.peg.140.site.22, 51, 179, 230
908612.3.peg.140.site.23, 98, 179, 277
908612.3.peg.140.site.24, 80, 175, 255
908612.3.peg.140.site.25, 130, 172, 302
908612.3.peg.140.site.26, 2, 179, 181
908612.3.peg.140.site.27, 79, 170, 249
908612.3.peg.140.site.28, 0, 176, 176
908612.3.peg.140.site.29, 165, 173, 338
908612.3.peg.140.site.30, 145, 176, 321
908612.3.peg.140.site.31, 5, 178, 183
908612.3.peg.140.site.32, 94, 172, 266
908612.3.peg.140.site.33, 3, 176, 179
908612.3.peg.140.site.34, 46, 179, 225
908612.3.peg.140.site.35, 3, 180, 183
908612.3.peg.140.site.36, 0, 179, 179
908612.3.peg.140.site.37, 45, 178, 223
908612.3.peg.140.site.38, 0, 177, 177
908612.3.peg.140.site.39, 1, 173, 174
908612.3.peg.140.site.40, 3, 175, 178
908612.3.peg.140.site.41, 26, 177, 203
908612.3.peg.140.site.42, 2, 168, 170
908612.3.peg.140.site.43, 0, 173, 173
908612.3.peg.140.site.44, 0, 173, 173
908612.3.peg.140.site.45, 119, 169, 288
908612.3.peg.140.site.46, 42, 173, 215
908612.3.peg.140.site.47, 78, 174, 252
908612.3.peg.140.site.48, 80, 174, 254
908612.3.peg.140.site.49, 29, 180, 209
908612.3.peg.141.site.1, 0, 180, 180
908612.3.peg.141.site.2, 2, 178, 180
908612.3.peg.141.site.3, 2, 168, 170
908612.3.peg.141.site.4, 1, 162, 163
908612.3.peg.141.site.5, 2, 165, 167
908612.3.peg.141.site.6, 35, 175, 210
908612.3.peg.141.site.7, 0, 178, 178
908612.3.peg.141.site.8, 2, 176, 178
908612.3.peg.141.site.9, 114, 169, 283
908612.3.peg.141.site.10, 1, 144, 145
908612.3.peg.141.site.11, 60, 146, 206
908612.3.peg.141.site.12, 62, 135, 197
908612.3.peg.141.site.13, 36, 141, 177
908612.3.peg.141.site.14, 16, 147, 163
908612.3.peg.141.site.15, 0, 149, 149
908612.3.peg.141.site.16, 2, 149, 151
908612.3.peg.141.site.17, 127, 147, 274
908612.3.peg.141.site.18, 1, 171, 172
908612.3.peg.141.site.19, 0, 175, 175
908612.3.peg.141.site.20, 12, 141, 153
908612.3.peg.141.site.21, 23, 130, 153
908612.3.peg.141.site.22, 22, 130, 152
908612.3.peg.141.site.23, 95, 131, 226
908612.3.peg.141.site.24, 96, 132, 228
908612.3.peg.141.site.25, 1, 180, 181
908612.3.peg.141.site.26, 2, 178, 180
908612.3.peg.141.site.27, 11, 177, 188
908612.3.peg.141.site.28, 125, 177, 302
908612.3.peg.141.site.29, 5, 179, 184
908612.3.peg.141.site.30, 93, 173, 266
908612.3.peg.141.site.31, 5, 178, 183
908612.3.peg.141.site.32, 146, 173, 319
908612.3.peg.141.site.33, 5, 176, 181
908612.3.peg.141.site.34, 2, 176, 178
908612.3.peg.141.site.35, 0, 176, 176
908612.3.peg.141.site.36, 2, 159, 161
908612.3.peg.141.site.37, 8, 172, 180
908612.3.peg.141.site.38, 2, 170, 172
908612.3.peg.141.site.39, 19, 171, 190
908612.3.peg.141.site.40, 1, 173, 174
908612.3.peg.141.site.41, 0, 163, 163
908612.3.peg.141.site.42, 2, 169, 171
908612.3.peg.141.site.43, 2, 169, 171
908612.3.peg.141.site.44, 2, 172, 174
908612.3.peg.141.site.45, 20, 178, 198
908612.3.peg.141.site.46, 3, 179, 182
908612.3.peg.141.site.47, 14, 178, 192
908612.3.peg.141.site.48, 62, 174, 236
908612.3.peg.141.site.49, 0, 178, 178
908612.3.peg.142.site.1, 4, 178, 182
908612.3.peg.142.site.2, 2, 176, 178
908612.3.peg.142.site.3, 4, 176, 180
908612.3.peg.142.site.4, 0, 176, 176
908612.3.peg.142.site.5, 7, 170, 177
908612.3.peg.142.site.6, 24, 170, 194
908612.3.peg.142.site.7, 1, 175, 176
908612.3.peg.142.site.8, 49, 169, 218
908612.3.peg.142.site.9, 3, 166, 169
908612.3.peg.142.site.10, 85, 159, 244
908612.3.peg.142.site.11, 3, 177, 180
908612.3.peg.142.site.12, 166, 178, 344
908612.3.peg.142.site.13, 111, 175, 286
908612.3.peg.142.site.14, 2, 180, 182
908612.3.peg.142.site.15, 0, 180, 180
908612.3.peg.142.site.16, 26, 177, 203
908612.3.peg.142.site.17, 2, 179, 181
908612.3.peg.142.site.18, 1, 179, 180
908612.3.peg.142.site.19, 3, 178, 181
908612.3.peg.142.site.20, 91, 171, 262
908612.3.peg.142.site.21, 4, 163, 167
908612.3.peg.142.site.22, 50, 162, 212
908612.3.peg.142.site.23, 40, 174, 214
908612.3.peg.142.site.24, 25, 175, 200
908612.3.peg.142.site.25, 7, 158, 165
908612.3.peg.142.site.26, 2, 154, 156
908612.3.peg.142.site.27, 23, 161, 184
908612.3.peg.142.site.28, 101, 170, 271
908612.3.peg.142.site.29, 1, 175, 176
908612.3.peg.142.site.30, 2, 167, 169
908612.3.peg.142.site.31, 46, 157, 203
908612.3.peg.142.site.32, 2, 160, 162
908612.3.peg.142.site.33, 4, 166, 170
908612.3.peg.142.site.34, 0, 177, 177
908612.3.peg.142.site.35, 100, 173, 273
908612.3.peg.142.site.36, 2, 176, 178
908612.3.peg.142.site.37, 2, 178, 180
908612.3.peg.142.site.38, 1, 179, 180
908612.3.peg.142.site.39, 2, 175, 177
908612.3.peg.142.site.40, 4, 163, 167
908612.3.peg.142.site.41, 16, 171, 187
908612.3.peg.142.site.42, 0, 171, 171
908612.3.peg.142.site.43, 58, 173, 231
908612.3.peg.142.site.44, 1, 180, 181
908612.3.peg.143.site.1, 6, 178, 184
908612.3.peg.143.site.2, 1, 132, 133
908612.3.peg.143.site.3, 12, 139, 151
908612.3.peg.143.site.4, 1, 137, 138
908612.3.peg.143.site.5, 1, 178, 179
908612.3.peg.143.site.6, 0, 178, 178
908612.3.peg.143.site.7, 1, 173, 174
908612.3.peg.143.site.8, 0, 142, 142
908612.3.peg.143.site.9, 16, 180, 196
908612.3.peg.143.site.10, 28, 173, 201
908612.3.peg.143.site.11, 28, 175, 203
908612.3.peg.143.site.12, 0, 178, 178
908612.3.peg.143.site.13, 2, 179, 181
908612.3.peg.143.site.14, 2, 180, 182
908612.3.peg.143.site.15, 89, 177, 266
908612.3.peg.143.site.16, 120, 178, 298
908612.3.peg.143.site.17, 2, 180, 182
908612.3.peg.143.site.18, 40, 169, 209
908612.3.peg.143.site.19, 44, 175, 219
908612.3.peg.143.site.20, 104, 176, 280
908612.3.peg.143.site.21, 104, 177, 281
908612.3.peg.143.site.22, 1, 180, 181
908612.3.peg.143.site.23, 1, 180, 181
908612.3.peg.143.site.24, 1, 180, 181
908612.3.peg.143.site.25, 102, 179, 281
908612.3.peg.143.site.26, 0, 180, 180
908612.3.peg.143.site.27, 1, 180, 181
908612.3.peg.143.site.28, 2, 180, 182
908612.3.peg.1534.site.1, 3, 179, 182
908612.3.peg.1534.site.2, 2, 179, 181
908612.3.peg.1534.site.3, 2, 180, 182
908612.3.peg.1534.site.4, 2, 179, 181
908612.3.peg.1534.site.5, 8, 180, 188
908612.3.peg.1534.site.6, 8, 180, 188
908612.3.peg.1534.site.7, 0, 180, 180
908612.3.peg.1534.site.8, 0, 180, 180
908612.3.peg.1534.site.9, 0, 180, 180
908612.3.peg.1534.site.10, 4, 179, 183
908612.3.peg.148.site.1, 19, 175, 194
908612.3.peg.148.site.2, 1, 171, 172
908612.3.peg.148.site.3, 3, 166, 169
908612.3.peg.148.site.4, 4, 151, 155
908612.3.peg.148.site.5, 3, 149, 152
908612.3.peg.148.site.6, 3, 150, 153
908612.3.peg.148.site.7, 4, 158, 162
908612.3.peg.148.site.8, 0, 160, 160
908612.3.peg.148.site.9, 4, 161, 165
908612.3.peg.148.site.10, 2, 168, 170
908612.3.peg.148.site.11, 2, 171, 173
908612.3.peg.148.site.12, 0, 165, 165
908612.3.peg.148.site.13, 14, 137, 151
908612.3.peg.148.site.14, 5, 152, 157
908612.3.peg.148.site.15, 2, 168, 170
908612.3.peg.148.site.16, 17, 178, 195
908612.3.peg.148.site.17, 0, 178, 178
908612.3.peg.148.site.18, 3, 180, 183
908612.3.peg.148.site.19, 141, 176, 317
908612.3.peg.148.site.20, 1, 180, 181
908612.3.peg.148.site.21, 99, 168, 267
908612.3.peg.148.site.22, 0, 176, 176
908612.3.peg.148.site.23, 2, 178, 180
908612.3.peg.148.site.24, 129, 175, 304
908612.3.peg.148.site.25, 3, 179, 182
908612.3.peg.148.site.26, 0, 178, 178
908612.3.peg.148.site.27, 130, 170, 300
908612.3.peg.148.site.28, 2, 177, 179
908612.3.peg.148.site.29, 138, 175, 313
908612.3.peg.148.site.30, 117, 173, 290
908612.3.peg.149.site.1, 0, 178, 178
908612.3.peg.149.site.2, 44, 178, 222
908612.3.peg.149.site.3, 0, 179, 179
908612.3.peg.149.site.4, 141, 175, 316
908612.3.peg.149.site.5, 0, 179, 179
908612.3.peg.149.site.6, 4, 177, 181
908612.3.peg.149.site.7, 0, 178, 178
908612.3.peg.149.site.8, 0, 178, 178
908612.3.peg.149.site.9, 0, 179, 179
908612.3.peg.149.site.10, 0, 180, 180
908612.3.peg.149.site.11, 2, 178, 180
908612.3.peg.149.site.12, 2, 176, 178
908612.3.peg.149.site.13, 48, 148, 196
908612.3.peg.149.site.14, 6, 156, 162
908612.3.peg.149.site.15, 9, 162, 171
908612.3.peg.149.site.16, 7, 158, 165
908612.3.peg.149.site.17, 0, 178, 178
908612.3.peg.1139.site.1, 0, 178, 178
908612.3.peg.1139.site.2, 0, 177, 177
908612.3.peg.1139.site.3, 57, 173, 230
908612.3.peg.1139.site.4, 27, 177, 204
908612.3.peg.1139.site.5, 57, 173, 230
908612.3.peg.1139.site.6, 0, 179, 179
908612.3.peg.1139.site.7, 0, 178, 178
908612.3.peg.1139.site.8, 8, 179, 187
908612.3.peg.1139.site.9, 86, 174, 260
908612.3.peg.1139.site.10, 60, 175, 235
908612.3.peg.1139.site.11, 73, 174, 247
908612.3.peg.1139.site.12, 1, 179, 180
908612.3.peg.1139.site.13, 16, 178, 194
908612.3.peg.1139.site.14, 57, 173, 230
908612.3.peg.1139.site.15, 30, 165, 195
908612.3.peg.1139.site.16, 49, 165, 214
908612.3.peg.1139.site.17, 46, 162, 208
908612.3.peg.1139.site.18, 2, 170, 172
908612.3.peg.1139.site.19, 1, 179, 180
908612.3.peg.1139.site.20, 0, 179, 179
908612.3.peg.1139.site.21, 70, 177, 247
908612.3.peg.1138.site.1, 0, 179, 179
908612.3.peg.1138.site.2, 99, 176, 275
908612.3.peg.1138.site.3, 30, 177, 207
908612.3.peg.1138.site.4, 1, 179, 180
908612.3.peg.1138.site.5, 55, 177, 232
908612.3.peg.1138.site.6, 0, 176, 176
908612.3.peg.1138.site.7, 1, 178, 179
908612.3.peg.1138.site.8, 0, 178, 178
908612.3.peg.1138.site.9, 26, 178, 204
908612.3.peg.1138.site.10, 1, 178, 179
908612.3.peg.1138.site.11, 1, 179, 180
908612.3.peg.1138.site.12, 39, 176, 215
908612.3.peg.1138.site.13, 0, 179, 179
908612.3.peg.1138.site.14, 0, 175, 175
908612.3.peg.1138.site.15, 0, 170, 170
908612.3.peg.1138.site.16, 75, 177, 252
908612.3.peg.1138.site.17, 58, 173, 231
908612.3.peg.1138.site.18, 0, 179, 179
908612.3.peg.1138.site.19, 2, 179, 181
908612.3.peg.1138.site.20, 6, 176, 182
908612.3.peg.1138.site.21, 5, 178, 183
908612.3.peg.1138.site.22, 3, 178, 181
908612.3.peg.1138.site.23, 3, 179, 182
908612.3.peg.1138.site.24, 55, 174, 229
908612.3.peg.1138.site.25, 0, 178, 178
908612.3.peg.1138.site.26, 22, 176, 198
908612.3.peg.1138.site.27, 0, 177, 177
908612.3.peg.1685.site.1, 0, 180, 180
908612.3.peg.1685.site.2, 32, 178, 210
908612.3.peg.1685.site.3, 4, 180, 184
908612.3.peg.1685.site.4, 0, 179, 179
908612.3.peg.1685.site.5, 5, 178, 183
908612.3.peg.1685.site.6, 2, 178, 180
908612.3.peg.1685.site.7, 2, 180, 182
908612.3.peg.1685.site.8, 0, 162, 162
908612.3.peg.1685.site.9, 33, 178, 211
908612.3.peg.1685.site.10, 8, 179, 187
908612.3.peg.1685.site.11, 5, 178, 183
908612.3.peg.1685.site.12, 7, 180, 187
908612.3.peg.1685.site.13, 0, 180, 180
908612.3.peg.1685.site.14, 34, 177, 211
908612.3.peg.1685.site.15, 2, 180, 182
908612.3.peg.1685.site.16, 36, 178, 214
908612.3.peg.1685.site.17, 11, 179, 190
908612.3.peg.1685.site.18, 0, 180, 180
908612.3.peg.1685.site.19, 11, 179, 190
908612.3.peg.1685.site.20, 32, 179, 211
908612.3.peg.1685.site.21, 0, 177, 177
908612.3.peg.1685.site.22, 2, 180, 182
908612.3.peg.1685.site.23, 2, 179, 181
908612.3.peg.1685.site.24, 1, 180, 181
908612.3.peg.1685.site.25, 0, 180, 180
908612.3.peg.1685.site.26, 16, 179, 195
908612.3.peg.1685.site.27, 34, 176, 210
908612.3.peg.1685.site.28, 5, 177, 182
908612.3.peg.1685.site.29, 0, 176, 176
908612.3.peg.1685.site.30, 2, 82, 84
908612.3.peg.1685.site.31, 3, 179, 182
908612.3.peg.1685.site.32, 25, 178, 203
908612.3.peg.1685.site.33, 3, 180, 183
908612.3.peg.1685.site.34, 129, 169, 298
908612.3.peg.1685.site.35, 2, 177, 179
908612.3.peg.1685.site.36, 25, 177, 202
908612.3.peg.1685.site.37, 3, 180, 183
908612.3.peg.1685.site.38, 0, 180, 180
908612.3.peg.1685.site.39, 6, 178, 184
908612.3.peg.1685.site.40, 20, 178, 198
908612.3.peg.1685.site.41, 12, 179, 191
908612.3.peg.1685.site.42, 0, 180, 180
908612.3.peg.1685.site.43, 37, 177, 214
908612.3.peg.1685.site.44, 3, 179, 182
908612.3.peg.1685.site.45, 37, 176, 213
908612.3.peg.1685.site.46, 2, 180, 182
908612.3.peg.1685.site.47, 5, 177, 182
908612.3.peg.1685.site.48, 1, 172, 173
908612.3.peg.1685.site.49, 33, 174, 207
908612.3.peg.1685.site.50, 58, 178, 236
908612.3.peg.1685.site.51, 1, 180, 181
908612.3.peg.1685.site.52, 2, 180, 182
908612.3.peg.1685.site.53, 131, 172, 303
908612.3.peg.1685.site.54, 54, 178, 232
908612.3.peg.1685.site.55, 0, 177, 177
908612.3.peg.1685.site.56, 70, 175, 245
908612.3.peg.1685.site.57, 70, 175, 245
908612.3.peg.1685.site.58, 73, 176, 249
908612.3.peg.1685.site.59, 16, 176, 192
908612.3.peg.1685.site.60, 100, 175, 275
908612.3.peg.1685.site.61, 2, 179, 181
908612.3.peg.1685.site.62, 1, 180, 181
908612.3.peg.1685.site.63, 140, 178, 318
908612.3.peg.1685.site.64, 0, 177, 177
908612.3.peg.1685.site.65, 84, 176, 260
908612.3.peg.1685.site.66, 1, 180, 181
908612.3.peg.1685.site.67, 0, 178, 178
908612.3.peg.1685.site.68, 0, 179, 179
908612.3.peg.1683.site.1, 63, 176, 239
908612.3.peg.1683.site.2, 52, 179, 231
908612.3.peg.1683.site.3, 1, 179, 180
908612.3.peg.1683.site.4, 4, 180, 184
908612.3.peg.1683.site.5, 26, 176, 202
908612.3.peg.1683.site.6, 11, 176, 187
908612.3.peg.1683.site.7, 37, 172, 209
908612.3.peg.1683.site.8, 4, 179, 183
908612.3.peg.1683.site.9, 3, 180, 183
908612.3.peg.1683.site.10, 1, 178, 179
908612.3.peg.1683.site.11, 138, 173, 311
908612.3.peg.1682.site.1, 0, 178, 178
908612.3.peg.1682.site.2, 3, 180, 183
908612.3.peg.1682.site.3, 87, 180, 267
908612.3.peg.1682.site.4, 3, 180, 183
908612.3.peg.1682.site.5, 3, 180, 183
908612.3.peg.1682.site.6, 9, 180, 189
908612.3.peg.1682.site.7, 3, 180, 183
908612.3.peg.1682.site.8, 3, 180, 183
908612.3.peg.1682.site.9, 2, 178, 180
908612.3.peg.1682.site.10, 1, 180, 181
908612.3.peg.1682.site.11, 54, 177, 231
908612.3.peg.1682.site.12, 54, 177, 231
908612.3.peg.1682.site.13, 0, 180, 180
908612.3.peg.1682.site.14, 0, 180, 180
908612.3.peg.1682.site.15, 0, 179, 179
908612.3.peg.1682.site.16, 1, 179, 180
908612.3.peg.1682.site.17, 116, 179, 295
908612.3.peg.1682.site.18, 4, 179, 183
908612.3.peg.1682.site.19, 42, 176, 218
908612.3.peg.1682.site.20, 0, 180, 180
908612.3.peg.1682.site.21, 1, 170, 171
908612.3.peg.1682.site.22, 0, 179, 179
908612.3.peg.1682.site.23, 93, 176, 269
908612.3.peg.1681.site.1, 0, 180, 180
908612.3.peg.1681.site.2, 14, 178, 192
908612.3.peg.1681.site.3, 10, 178, 188
908612.3.peg.1681.site.4, 14, 177, 191
908612.3.peg.1681.site.5, 49, 177, 226
908612.3.peg.1681.site.6, 0, 177, 177
908612.3.peg.1681.site.7, 0, 179, 179
908612.3.peg.1681.site.8, 47, 175, 222
908612.3.peg.1681.site.9, 48, 179, 227
908612.3.peg.1681.site.10, 2, 179, 181
908612.3.peg.1681.site.11, 38, 178, 216
908612.3.peg.1681.site.12, 0, 179, 179
908612.3.peg.1681.site.13, 11, 178, 189
908612.3.peg.1681.site.14, 3, 180, 183
908612.3.peg.1681.site.15, 4, 178, 182
908612.3.peg.1681.site.16, 0, 179, 179
908612.3.peg.1681.site.17, 57, 178, 235
908612.3.peg.1681.site.18, 1, 180, 181
908612.3.peg.1681.site.19, 12, 180, 192
908612.3.peg.1681.site.20, 5, 178, 183
908612.3.peg.1681.site.21, 8, 178, 186
908612.3.peg.1681.site.22, 0, 179, 179
908612.3.peg.1681.site.23, 3, 178, 181
908612.3.peg.1681.site.24, 29, 176, 205
908612.3.peg.1681.site.25, 134, 177, 311
908612.3.peg.1680.site.1, 86, 175, 261
908612.3.peg.1680.site.2, 107, 177, 284
908612.3.peg.1680.site.3, 1, 180, 181
908612.3.peg.1680.site.4, 1, 179, 180
908612.3.peg.1680.site.5, 74, 175, 249
908612.3.peg.1680.site.6, 178, 178, 356
908612.3.peg.1680.site.7, 2, 179, 181
908612.3.peg.1680.site.8, 1, 180, 181
908612.3.peg.1680.site.9, 37, 177, 214
908612.3.peg.1680.site.10, 3, 176, 179
908612.3.peg.1680.site.11, 21, 174, 195
908612.3.peg.1680.site.12, 0, 178, 178
908612.3.peg.1680.site.13, 0, 179, 179
908612.3.peg.1680.site.14, 0, 180, 180
908612.3.peg.1680.site.15, 48, 179, 227
908612.3.peg.1680.site.16, 8, 180, 188
908612.3.peg.1680.site.17, 3, 179, 182
908612.3.peg.1131.site.1, 174, 179, 353
908612.3.peg.1131.site.2, 72, 174, 246
908612.3.peg.1131.site.3, 58, 174, 232
908612.3.peg.1131.site.4, 10, 176, 186
908612.3.peg.1131.site.5, 67, 175, 242
908612.3.peg.1131.site.6, 7, 174, 181
908612.3.peg.1131.site.7, 7, 174, 181
908612.3.peg.1131.site.8, 9, 173, 182
908612.3.peg.1131.site.9, 0, 179, 179
908612.3.peg.1131.site.10, 52, 178, 230
908612.3.peg.1131.site.11, 2, 178, 180
908612.3.peg.1131.site.12, 0, 179, 179
908612.3.peg.1131.site.13, 2, 177, 179
908612.3.peg.1131.site.14, 39, 176, 215
908612.3.peg.1131.site.15, 15, 176, 191
908612.3.peg.1131.site.16, 0, 179, 179
908612.3.peg.1131.site.17, 25, 178, 203
908612.3.peg.1131.site.18, 42, 177, 219
908612.3.peg.1131.site.19, 3, 179, 182
908612.3.peg.1131.site.20, 76, 177, 253
908612.3.peg.1131.site.21, 2, 177, 179
908612.3.peg.1131.site.22, 1, 176, 177
908612.3.peg.1131.site.23, 0, 178, 178
908612.3.peg.1131.site.24, 64, 170, 234
908612.3.peg.1131.site.25, 41, 178, 219
908612.3.peg.1131.site.26, 119, 175, 294
908612.3.peg.1131.site.27, 155, 177, 332
908612.3.peg.1131.site.28, 1, 179, 180
908612.3.peg.1131.site.29, 0, 179, 179
908612.3.peg.1131.site.30, 3, 176, 179
908612.3.peg.1131.site.31, 119, 173, 292
908612.3.peg.1131.site.32, 5, 175, 180
908612.3.peg.1131.site.33, 2, 178, 180
908612.3.peg.1131.site.34, 116, 172, 288
908612.3.peg.1131.site.35, 116, 167, 283
908612.3.peg.1131.site.36, 2, 174, 176
908612.3.peg.1131.site.37, 6, 175, 181
908612.3.peg.1131.site.38, 7, 178, 185
908612.3.peg.1131.site.39, 162, 178, 340
908612.3.peg.1131.site.40, 131, 171, 302
908612.3.peg.1131.site.41, 2, 177, 179
908612.3.peg.1131.site.42, 5, 178, 183
908612.3.peg.1131.site.43, 5, 178, 183
908612.3.peg.1131.site.44, 0, 178, 178
908612.3.peg.1131.site.45, 5, 177, 182
908612.3.peg.1131.site.46, 12, 179, 191
908612.3.peg.1131.site.47, 0, 179, 179
908612.3.peg.1131.site.48, 6, 179, 185
908612.3.peg.1131.site.49, 3, 179, 182
908612.3.peg.1131.site.50, 11, 179, 190
908612.3.peg.1131.site.51, 0, 179, 179
908612.3.peg.1131.site.52, 1, 179, 180
908612.3.peg.1131.site.53, 0, 179, 179
908612.3.peg.1130.site.1, 6, 177, 183
908612.3.peg.1130.site.2, 0, 178, 178
908612.3.peg.1130.site.3, 2, 178, 180
908612.3.peg.1130.site.4, 143, 174, 317
908612.3.peg.1130.site.5, 62, 172, 234
908612.3.peg.1130.site.6, 3, 179, 182
908612.3.peg.1130.site.7, 20, 173, 193
908612.3.peg.1130.site.8, 6, 176, 182
908612.3.peg.1130.site.9, 0, 177, 177
908612.3.peg.1130.site.10, 1, 179, 180
908612.3.peg.1130.site.11, 7, 177, 184
908612.3.peg.1130.site.12, 89, 170, 259
908612.3.peg.1130.site.13, 4, 179, 183
908612.3.peg.1130.site.14, 137, 171, 308
908612.3.peg.1130.site.15, 137, 171, 308
908612.3.peg.1130.site.16, 137, 172, 309
908612.3.peg.1130.site.17, 157, 179, 336
908612.3.peg.1130.site.18, 21, 175, 196
908612.3.peg.1130.site.19, 34, 176, 210
908612.3.peg.1130.site.20, 1, 179, 180
908612.3.peg.1130.site.21, 120, 175, 295
908612.3.peg.1130.site.22, 2, 179, 181
908612.3.peg.1130.site.23, 104, 168, 272
908612.3.peg.1130.site.24, 54, 178, 232
908612.3.peg.1130.site.25, 4, 178, 182
908612.3.peg.1130.site.26, 60, 174, 234
908612.3.peg.1133.site.1, 0, 177, 177
908612.3.peg.1133.site.2, 9, 178, 187
908612.3.peg.1133.site.3, 0, 179, 179
908612.3.peg.1133.site.4, 0, 178, 178
908612.3.peg.1133.site.5, 1, 177, 178
908612.3.peg.1133.site.6, 2, 176, 178
908612.3.peg.1132.site.1, 84, 171, 255
908612.3.peg.1132.site.2, 164, 178, 342
908612.3.peg.1132.site.3, 80, 173, 253
908612.3.peg.1132.site.4, 175, 178, 353
908612.3.peg.1132.site.5, 6, 179, 185
908612.3.peg.1132.site.6, 89, 171, 260
908612.3.peg.1132.site.7, 0, 179, 179
908612.3.peg.1132.site.8, 0, 179, 179
908612.3.peg.1132.site.9, 3, 178, 181
908612.3.peg.1132.site.10, 1, 175, 176
908612.3.peg.1132.site.11, 16, 175, 191
908612.3.peg.1135.site.1, 1, 176, 177
908612.3.peg.1135.site.2, 12, 176, 188
908612.3.peg.1135.site.3, 23, 177, 200
908612.3.peg.1135.site.4, 24, 176, 200
908612.3.peg.1135.site.5, 23, 177, 200
908612.3.peg.1135.site.6, 27, 179, 206
908612.3.peg.1135.site.7, 0, 178, 178
908612.3.peg.1134.site.1, 0, 171, 171
908612.3.peg.1134.site.2, 2, 174, 176
908612.3.peg.1134.site.3, 0, 175, 175
908612.3.peg.1134.site.4, 2, 172, 174
908612.3.peg.1134.site.5, 24, 176, 200
908612.3.peg.1137.site.1, 0, 178, 178
908612.3.peg.1137.site.2, 0, 179, 179
908612.3.peg.1137.site.3, 2, 178, 180
908612.3.peg.1137.site.4, 7, 179, 186
908612.3.peg.1137.site.5, 2, 159, 161
908612.3.peg.1137.site.6, 1, 132, 133
908612.3.peg.1137.site.7, 2, 120, 122
908612.3.peg.1137.site.8, 0, 163, 163
908612.3.peg.1137.site.9, 3, 176, 179
908612.3.peg.1137.site.10, 1, 178, 179
908612.3.peg.1137.site.11, 66, 174, 240
908612.3.peg.1137.site.12, 3, 177, 180
908612.3.peg.1137.site.13, 0, 174, 174
908612.3.peg.1137.site.14, 60, 166, 226
908612.3.peg.1137.site.15, 3, 178, 181
908612.3.peg.1137.site.16, 7, 178, 185
908612.3.peg.1137.site.17, 104, 169, 273
908612.3.peg.1137.site.18, 61, 173, 234
908612.3.peg.1137.site.19, 58, 172, 230
908612.3.peg.1137.site.20, 0, 179, 179
908612.3.peg.1137.site.21, 36, 176, 212
908612.3.peg.1137.site.22, 37, 177, 214
908612.3.peg.1137.site.23, 0, 179, 179
908612.3.peg.1137.site.24, 0, 178, 178
908612.3.peg.1137.site.25, 46, 174, 220
908612.3.peg.1137.site.26, 1, 179, 180
908612.3.peg.1137.site.27, 2, 178, 180
908612.3.peg.1137.site.28, 0, 179, 179
908612.3.peg.1137.site.29, 0, 178, 178
908612.3.peg.1137.site.30, 13, 177, 190
908612.3.peg.1137.site.31, 4, 178, 182
908612.3.peg.1137.site.32, 5, 178, 183
908612.3.peg.1137.site.33, 53, 177, 230
908612.3.peg.1137.site.34, 51, 175, 226
908612.3.peg.1137.site.35, 83, 178, 261
908612.3.peg.1137.site.36, 30, 177, 207
908612.3.peg.1137.site.37, 0, 179, 179
908612.3.peg.1137.site.38, 29, 177, 206
908612.3.peg.1137.site.39, 0, 145, 145
908612.3.peg.1137.site.40, 2, 178, 180
908612.3.peg.1137.site.41, 0, 178, 178
908612.3.peg.1137.site.42, 3, 178, 181
908612.3.peg.1137.site.43, 86, 177, 263
908612.3.peg.1688.site.1, 0, 165, 165
908612.3.peg.1688.site.2, 23, 167, 190
908612.3.peg.1688.site.3, 25, 169, 194
908612.3.peg.1688.site.4, 0, 167, 167
908612.3.peg.1688.site.5, 20, 162, 182
908612.3.peg.1688.site.6, 43, 161, 204
908612.3.peg.1688.site.7, 31, 177, 208
908612.3.peg.1688.site.8, 58, 175, 233
908612.3.peg.1688.site.9, 2, 180, 182
908612.3.peg.1688.site.10, 0, 179, 179
908612.3.peg.1688.site.11, 30, 178, 208
908612.3.peg.1688.site.12, 1, 180, 181
908612.3.peg.1688.site.13, 5, 180, 185
908612.3.peg.1688.site.14, 7, 179, 186
908612.3.peg.1688.site.15, 98, 176, 274
908612.3.peg.1688.site.16, 56, 178, 234
908612.3.peg.1688.site.17, 0, 179, 179
908612.3.peg.1688.site.18, 44, 176, 220
908612.3.peg.1688.site.19, 20, 177, 197
908612.3.peg.1688.site.20, 47, 171, 218
908612.3.peg.1688.site.21, 19, 171, 190
908612.3.peg.1688.site.22, 21, 176, 197
908612.3.peg.1688.site.23, 0, 178, 178
908612.3.peg.1688.site.24, 65, 176, 241
908612.3.peg.1688.site.25, 0, 179, 179
908612.3.peg.1688.site.26, 22, 177, 199
908612.3.peg.1688.site.27, 19, 173, 192
908612.3.peg.1688.site.28, 46, 166, 212
908612.3.peg.1688.site.29, 69, 167, 236
908612.3.peg.1688.site.30, 70, 168, 238
908612.3.peg.1688.site.31, 18, 177, 195
908612.3.peg.1688.site.32, 20, 178, 198
908612.3.peg.1688.site.33, 19, 176, 195
908612.3.peg.1688.site.34, 0, 180, 180
908612.3.peg.1688.site.35, 21, 179, 200
908612.3.peg.1688.site.36, 146, 176, 322
908612.3.peg.1688.site.37, 58, 173, 231
908612.3.peg.1688.site.38, 0, 154, 154
908612.3.peg.1688.site.39, 0, 172, 172
908612.3.peg.1688.site.40, 13, 144, 157
908612.3.peg.1688.site.41, 1, 136, 137
908612.3.peg.1688.site.42, 5, 136, 141
908612.3.peg.1688.site.43, 55, 136, 191
908612.3.peg.1688.site.44, 0, 173, 173
908612.3.peg.1688.site.45, 2, 179, 181
908612.3.peg.1688.site.46, 50, 177, 227
908612.3.peg.1688.site.47, 42, 178, 220
908612.3.peg.1688.site.48, 93, 178, 271
908612.3.peg.1225.site.1, 15, 179, 194
908612.3.peg.1225.site.2, 5, 179, 184
908612.3.peg.1225.site.3, 50, 174, 224
908612.3.peg.1225.site.4, 104, 173, 277
908612.3.peg.1225.site.5, 121, 171, 292
908612.3.peg.1225.site.6, 42, 179, 221
908612.3.peg.1225.site.7, 97, 169, 266
908612.3.peg.1225.site.8, 15, 170, 185
908612.3.peg.1225.site.9, 15, 168, 183
908612.3.peg.1225.site.10, 96, 164, 260
908612.3.peg.1225.site.11, 77, 163, 240
908612.3.peg.1225.site.12, 3, 160, 163
908612.3.peg.1225.site.13, 5, 162, 167
908612.3.peg.1225.site.14, 0, 163, 163
908612.3.peg.1225.site.15, 22, 178, 200
908612.3.peg.1225.site.16, 0, 178, 178
908612.3.peg.1224.site.1, 11, 175, 186
908612.3.peg.1224.site.2, 34, 176, 210
908612.3.peg.1224.site.3, 9, 177, 186
908612.3.peg.1224.site.4, 3, 179, 182
908612.3.peg.1224.site.5, 67, 174, 241
908612.3.peg.1224.site.6, 6, 177, 183
908612.3.peg.1224.site.7, 6, 180, 186
908612.3.peg.1224.site.8, 0, 180, 180
908612.3.peg.1224.site.9, 1, 179, 180
908612.3.peg.1224.site.10, 2, 179, 181
908612.3.peg.1224.site.11, 46, 160, 206
908612.3.peg.1224.site.12, 42, 132, 174
908612.3.peg.1224.site.13, 49, 163, 212
908612.3.peg.1224.site.14, 53, 167, 220
908612.3.peg.1224.site.15, 92, 176, 268
908612.3.peg.1224.site.16, 55, 176, 231
908612.3.peg.1224.site.17, 62, 173, 235
908612.3.peg.1224.site.18, 3, 161, 164
908612.3.peg.1224.site.19, 113, 141, 254
908612.3.peg.1224.site.20, 2, 136, 138
908612.3.peg.1224.site.21, 31, 136, 167
908612.3.peg.1224.site.22, 38, 142, 180
908612.3.peg.1224.site.23, 26, 141, 167
908612.3.peg.1224.site.24, 41, 167, 208
908612.3.peg.1224.site.25, 42, 173, 215
908612.3.peg.1224.site.26, 5, 174, 179
908612.3.peg.1224.site.27, 117, 179, 296
908612.3.peg.1224.site.28, 29, 179, 208
908612.3.peg.1224.site.29, 29, 179, 208
908612.3.peg.1224.site.30, 24, 175, 199
908612.3.peg.1224.site.31, 3, 179, 182
908612.3.peg.1224.site.32, 18, 180, 198
908612.3.peg.1224.site.33, 18, 180, 198
908612.3.peg.1224.site.34, 2, 179, 181
908612.3.peg.1224.site.35, 0, 172, 172
908612.3.peg.1224.site.36, 13, 169, 182
908612.3.peg.1224.site.37, 1, 169, 170
908612.3.peg.1224.site.38, 2, 170, 172
908612.3.peg.1224.site.39, 5, 173, 178
908612.3.peg.1224.site.40, 1, 165, 166
908612.3.peg.1224.site.41, 75, 142, 217
908612.3.peg.1224.site.42, 1, 154, 155
908612.3.peg.1224.site.43, 0, 160, 160
908612.3.peg.1224.site.44, 110, 166, 276
908612.3.peg.1224.site.45, 1, 173, 174
908612.3.peg.1224.site.46, 112, 169, 281
908612.3.peg.1224.site.47, 2, 173, 175
908612.3.peg.1227.site.1, 0, 177, 177
908612.3.peg.1227.site.2, 16, 180, 196
908612.3.peg.1227.site.3, 150, 172, 322
908612.3.peg.1227.site.4, 0, 177, 177
908612.3.peg.1227.site.5, 146, 177, 323
908612.3.peg.1227.site.6, 0, 179, 179
908612.3.peg.1227.site.7, 2, 175, 177
908612.3.peg.1227.site.8, 13, 177, 190
908612.3.peg.1227.site.9, 141, 175, 316
908612.3.peg.1227.site.10, 12, 162, 174
908612.3.peg.1227.site.11, 8, 159, 167
908612.3.peg.1227.site.12, 4, 175, 179
908612.3.peg.1227.site.13, 30, 172, 202
908612.3.peg.1227.site.14, 0, 174, 174
908612.3.peg.1227.site.15, 0, 178, 178
908612.3.peg.1227.site.16, 2, 180, 182
908612.3.peg.1227.site.17, 1, 178, 179
908612.3.peg.1227.site.18, 26, 174, 200
908612.3.peg.1227.site.19, 27, 176, 203
908612.3.peg.1226.site.1, 0, 179, 179
908612.3.peg.1226.site.2, 1, 180, 181
908612.3.peg.1226.site.3, 0, 178, 178
908612.3.peg.1226.site.4, 49, 178, 227
908612.3.peg.1226.site.5, 34, 178, 212
908612.3.peg.1226.site.6, 2, 180, 182
908612.3.peg.1226.site.7, 49, 179, 228
908612.3.peg.1226.site.8, 1, 180, 181
908612.3.peg.1226.site.9, 3, 180, 183
908612.3.peg.1226.site.10, 129, 176, 305
908612.3.peg.1226.site.11, 80, 173, 253
908612.3.peg.1226.site.12, 2, 174, 176
908612.3.peg.1220.site.1, 61, 166, 227
908612.3.peg.1220.site.2, 23, 170, 193
908612.3.peg.1220.site.3, 93, 169, 262
908612.3.peg.1220.site.4, 4, 177, 181
908612.3.peg.1220.site.5, 40, 176, 216
908612.3.peg.1220.site.6, 4, 179, 183
908612.3.peg.1220.site.7, 124, 176, 300
908612.3.peg.1220.site.8, 24, 179, 203
908612.3.peg.1220.site.9, 54, 175, 229
908612.3.peg.1220.site.10, 95, 165, 260
908612.3.peg.1220.site.11, 82, 171, 253
908612.3.peg.1220.site.12, 32, 178, 210
908612.3.peg.1220.site.13, 8, 180, 188
908612.3.peg.1220.site.14, 4, 176, 180
908612.3.peg.1220.site.15, 4, 175, 179
908612.3.peg.1220.site.16, 5, 176, 181
908612.3.peg.1220.site.17, 75, 160, 235
908612.3.peg.1220.site.18, 38, 131, 169
908612.3.peg.1220.site.19, 72, 160, 232
908612.3.peg.1220.site.20, 13, 173, 186
908612.3.peg.1220.site.21, 126, 175, 301
908612.3.peg.1220.site.22, 2, 176, 178
908612.3.peg.1220.site.23, 64, 175, 239
908612.3.peg.1223.site.1, 67, 177, 244
908612.3.peg.1223.site.2, 13, 178, 191
908612.3.peg.1223.site.3, 118, 170, 288
908612.3.peg.1223.site.4, 102, 162, 264
908612.3.peg.1223.site.5, 3, 178, 181
908612.3.peg.1223.site.6, 110, 170, 280
908612.3.peg.1223.site.7, 50, 174, 224
908612.3.peg.1223.site.8, 6, 177, 183
908612.3.peg.1223.site.9, 81, 175, 256
908612.3.peg.1223.site.10, 119, 175, 294
908612.3.peg.1223.site.11, 136, 178, 314
908612.3.peg.1223.site.12, 2, 180, 182
908612.3.peg.1223.site.13, 4, 180, 184
908612.3.peg.1223.site.14, 6, 177, 183
908612.3.peg.1223.site.15, 6, 177, 183
908612.3.peg.1223.site.16, 6, 175, 181
908612.3.peg.1223.site.17, 23, 179, 202
908612.3.peg.1223.site.18, 3, 178, 181
908612.3.peg.1223.site.19, 38, 177, 215
908612.3.peg.1223.site.20, 2, 178, 180
908612.3.peg.1223.site.21, 81, 172, 253
908612.3.peg.1223.site.22, 74, 172, 246
908612.3.peg.1223.site.23, 2, 180, 182
908612.3.peg.1223.site.24, 48, 178, 226
908612.3.peg.1223.site.25, 148, 177, 325
908612.3.peg.1223.site.26, 34, 175, 209
908612.3.peg.1223.site.27, 1, 176, 177
908612.3.peg.1223.site.28, 100, 169, 269
908612.3.peg.1223.site.29, 152, 172, 324
908612.3.peg.1223.site.30, 3, 179, 182
908612.3.peg.1223.site.31, 156, 178, 334
908612.3.peg.1222.site.1, 0, 176, 176
908612.3.peg.1222.site.2, 6, 177, 183
908612.3.peg.1222.site.3, 4, 175, 179
908612.3.peg.1222.site.4, 123, 173, 296
908612.3.peg.1222.site.5, 1, 177, 178
908612.3.peg.1222.site.6, 0, 179, 179
908612.3.peg.1222.site.7, 33, 179, 212
908612.3.peg.1222.site.8, 1, 180, 181
908612.3.peg.1222.site.9, 32, 177, 209
908612.3.peg.1222.site.10, 137, 177, 314
908612.3.peg.1222.site.11, 0, 180, 180
908612.3.peg.1222.site.12, 104, 177, 281
908612.3.peg.1222.site.13, 120, 177, 297
908612.3.peg.1222.site.14, 13, 177, 190
908612.3.peg.1222.site.15, 0, 180, 180
908612.3.peg.1229.site.1, 2, 179, 181
908612.3.peg.1229.site.2, 2, 180, 182
908612.3.peg.1229.site.3, 2, 180, 182
908612.3.peg.1229.site.4, 2, 177, 179
908612.3.peg.1229.site.5, 2, 180, 182
908612.3.peg.1229.site.6, 27, 179, 206
908612.3.peg.1229.site.7, 54, 178, 232
908612.3.peg.1229.site.8, 6, 179, 185
908612.3.peg.1229.site.9, 42, 174, 216
908612.3.peg.1229.site.10, 33, 169, 202
908612.3.peg.1229.site.11, 39, 176, 215
908612.3.peg.1229.site.12, 0, 180, 180
908612.3.peg.1229.site.13, 0, 180, 180
908612.3.peg.1229.site.14, 5, 179, 184
908612.3.peg.1228.site.1, 2, 180, 182
908612.3.peg.1228.site.2, 17, 179, 196
908612.3.peg.1228.site.3, 47, 178, 225
908612.3.peg.1228.site.4, 0, 180, 180
908612.3.peg.1228.site.5, 76, 178, 254
908612.3.peg.1228.site.6, 2, 179, 181
908612.3.peg.1228.site.7, 73, 178, 251
908612.3.peg.1228.site.8, 3, 180, 183
908612.3.peg.1228.site.9, 15, 176, 191
908612.3.peg.1228.site.10, 80, 179, 259
908612.3.peg.1228.site.11, 37, 173, 210
908612.3.peg.1228.site.12, 18, 174, 192
908612.3.peg.1228.site.13, 98, 172, 270
908612.3.peg.1228.site.14, 11, 175, 186
908612.3.peg.1228.site.15, 3, 176, 179
908612.3.peg.1228.site.16, 2, 179, 181
908612.3.peg.1228.site.17, 2, 176, 178
908612.3.peg.1228.site.18, 2, 177, 179
908612.3.peg.1228.site.19, 2, 180, 182
908612.3.peg.1228.site.20, 0, 180, 180
908612.3.peg.1228.site.21, 12, 179, 191
908612.3.peg.1228.site.22, 0, 180, 180
908612.3.peg.1228.site.23, 22, 179, 201
908612.3.peg.1228.site.24, 2, 180, 182
908612.3.peg.1228.site.25, 4, 180, 184
908612.3.peg.1228.site.26, 2, 180, 182
908612.3.peg.1228.site.27, 0, 179, 179
908612.3.peg.1228.site.28, 4, 178, 182
908612.3.peg.1228.site.29, 5, 179, 184
908612.3.peg.1228.site.30, 2, 180, 182
908612.3.peg.1228.site.31, 2, 180, 182
908612.3.peg.1228.site.32, 2, 180, 182
908612.3.peg.1228.site.33, 4, 178, 182
908612.3.peg.1228.site.34, 50, 177, 227
908612.3.peg.1228.site.35, 162, 177, 339
908612.3.peg.380.site.1, 4, 173, 177
908612.3.peg.380.site.2, 81, 169, 250
908612.3.peg.380.site.3, 9, 173, 182
908612.3.peg.380.site.4, 72, 172, 244
908612.3.peg.380.site.5, 4, 173, 177
908612.3.peg.380.site.6, 4, 176, 180
908612.3.peg.380.site.7, 55, 174, 229
908612.3.peg.380.site.8, 2, 176, 178
908612.3.peg.380.site.9, 11, 175, 186
908612.3.peg.380.site.10, 18, 177, 195
908612.3.peg.380.site.11, 5, 179, 184
908612.3.peg.380.site.12, 25, 178, 203
908612.3.peg.380.site.13, 0, 177, 177
908612.3.peg.380.site.14, 0, 180, 180
908612.3.peg.380.site.15, 1, 180, 181
908612.3.peg.380.site.16, 87, 177, 264
908612.3.peg.380.site.17, 50, 178, 228
908612.3.peg.380.site.18, 100, 175, 275
908612.3.peg.380.site.19, 56, 173, 229
908612.3.peg.380.site.20, 0, 180, 180
908612.3.peg.380.site.21, 0, 180, 180
908612.3.peg.380.site.22, 58, 171, 229
908612.3.peg.380.site.23, 1, 180, 181
908612.3.peg.380.site.24, 149, 179, 328
908612.3.peg.380.site.25, 7, 178, 185
908612.3.peg.380.site.26, 0, 179, 179
908612.3.peg.380.site.27, 0, 180, 180
908612.3.peg.381.site.1, 1, 179, 180
908612.3.peg.381.site.2, 4, 157, 161
908612.3.peg.1359.site.1, 31, 176, 207
908612.3.peg.1359.site.2, 48, 155, 203
908612.3.peg.1359.site.3, 1, 162, 163
908612.3.peg.1359.site.4, 4, 159, 163
908612.3.peg.1359.site.5, 6, 173, 179
908612.3.peg.1359.site.6, 13, 169, 182
908612.3.peg.1359.site.7, 21, 173, 194
908612.3.peg.1359.site.8, 11, 179, 190
908612.3.peg.1359.site.9, 46, 176, 222
908612.3.peg.1359.site.10, 59, 174, 233
908612.3.peg.1359.site.11, 2, 179, 181
908612.3.peg.1359.site.12, 50, 178, 228
908612.3.peg.1359.site.13, 5, 180, 185
908612.3.peg.1359.site.14, 11, 174, 185
908612.3.peg.1359.site.15, 3, 178, 181
908612.3.peg.1358.site.1, 9, 177, 186
908612.3.peg.1358.site.2, 30, 176, 206
908612.3.peg.1358.site.3, 2, 177, 179
908612.3.peg.1358.site.4, 15, 178, 193
908612.3.peg.1358.site.5, 0, 179, 179
908612.3.peg.1358.site.6, 6, 178, 184
908612.3.peg.1358.site.7, 90, 176, 266
908612.3.peg.1355.site.1, 0, 172, 172
908612.3.peg.1355.site.2, 146, 172, 318
908612.3.peg.1355.site.3, 42, 169, 211
908612.3.peg.1355.site.4, 6, 178, 184
908612.3.peg.1355.site.5, 100, 173, 273
908612.3.peg.1355.site.6, 2, 180, 182
908612.3.peg.1355.site.7, 17, 180, 197
908612.3.peg.1355.site.8, 54, 175, 229
908612.3.peg.1355.site.9, 2, 179, 181
908612.3.peg.1355.site.10, 0, 176, 176
908612.3.peg.1355.site.11, 27, 175, 202
908612.3.peg.1355.site.12, 31, 179, 210
908612.3.peg.1355.site.13, 27, 177, 204
908612.3.peg.1355.site.14, 5, 174, 179
908612.3.peg.1355.site.15, 34, 176, 210
908612.3.peg.1355.site.16, 28, 178, 206
908612.3.peg.1355.site.17, 3, 180, 183
908612.3.peg.1355.site.18, 1, 180, 181
908612.3.peg.1355.site.19, 52, 177, 229
908612.3.peg.1355.site.20, 1, 180, 181
908612.3.peg.1355.site.21, 14, 178, 192
908612.3.peg.1355.site.22, 53, 174, 227
908612.3.peg.1355.site.23, 42, 179, 221
908612.3.peg.1355.site.24, 23, 179, 202
908612.3.peg.1355.site.25, 1, 180, 181
908612.3.peg.1355.site.26, 26, 179, 205
908612.3.peg.1355.site.27, 0, 180, 180
908612.3.peg.1355.site.28, 2, 180, 182
908612.3.peg.1355.site.29, 151, 179, 330
908612.3.peg.1354.site.1, 4, 178, 182
908612.3.peg.1354.site.2, 19, 178, 197
908612.3.peg.1354.site.3, 104, 173, 277
908612.3.peg.1354.site.4, 0, 177, 177
908612.3.peg.1354.site.5, 74, 166, 240
908612.3.peg.1354.site.6, 9, 165, 174
908612.3.peg.1354.site.7, 0, 163, 163
908612.3.peg.1354.site.8, 1, 161, 162
908612.3.peg.1354.site.9, 0, 167, 167
908612.3.peg.1354.site.10, 7, 169, 176
908612.3.peg.1354.site.11, 4, 176, 180
908612.3.peg.1357.site.1, 29, 179, 208
908612.3.peg.1357.site.2, 1, 180, 181
908612.3.peg.1357.site.3, 90, 178, 268
908612.3.peg.1357.site.4, 0, 172, 172
908612.3.peg.1357.site.5, 84, 172, 256
908612.3.peg.1357.site.6, 28, 167, 195
908612.3.peg.1357.site.7, 2, 172, 174
908612.3.peg.1357.site.8, 28, 177, 205
908612.3.peg.1357.site.9, 92, 178, 270
908612.3.peg.1357.site.10, 140, 178, 318
908612.3.peg.1357.site.11, 56, 177, 233
908612.3.peg.1357.site.12, 8, 180, 188
908612.3.peg.1357.site.13, 100, 177, 277
908612.3.peg.1357.site.14, 6, 179, 185
908612.3.peg.1357.site.15, 10, 178, 188
908612.3.peg.1357.site.16, 33, 177, 210
908612.3.peg.1356.site.1, 1, 162, 163
908612.3.peg.1356.site.2, 2, 110, 112
908612.3.peg.1356.site.3, 74, 98, 172
908612.3.peg.1356.site.4, 0, 103, 103
908612.3.peg.1356.site.5, 0, 86, 86
908612.3.peg.1356.site.6, 2, 96, 98
908612.3.peg.1356.site.7, 18, 114, 132
908612.3.peg.1356.site.8, 17, 157, 174
908612.3.peg.1356.site.9, 84, 163, 247
908612.3.peg.1356.site.10, 0, 174, 174
908612.3.peg.1356.site.11, 18, 169, 187
908612.3.peg.1356.site.12, 15, 178, 193
908612.3.peg.1356.site.13, 14, 177, 191
908612.3.peg.1356.site.14, 2, 179, 181
908612.3.peg.1356.site.15, 1, 179, 180
908612.3.peg.1356.site.16, 98, 176, 274
908612.3.peg.1356.site.17, 2, 174, 176
908612.3.peg.1356.site.18, 0, 175, 175
908612.3.peg.1356.site.19, 0, 178, 178
908612.3.peg.1356.site.20, 29, 177, 206
908612.3.peg.1356.site.21, 0, 180, 180
908612.3.peg.1356.site.22, 28, 177, 205
908612.3.peg.1356.site.23, 0, 179, 179
908612.3.peg.1356.site.24, 97, 176, 273
908612.3.peg.1356.site.25, 62, 175, 237
908612.3.peg.1356.site.26, 33, 179, 212
908612.3.peg.1356.site.27, 29, 179, 208
908612.3.peg.1351.site.1, 1, 177, 178
908612.3.peg.1351.site.2, 0, 177, 177
908612.3.peg.1351.site.3, 51, 173, 224
908612.3.peg.1351.site.4, 24, 176, 200
908612.3.peg.1350.site.1, 10, 178, 188
908612.3.peg.1350.site.2, 24, 176, 200
908612.3.peg.1350.site.3, 0, 180, 180
908612.3.peg.1350.site.4, 0, 180, 180
908612.3.peg.1350.site.5, 4, 180, 184
908612.3.peg.1353.site.1, 12, 178, 190
908612.3.peg.1353.site.2, 40, 179, 219
908612.3.peg.1353.site.3, 43, 169, 212
908612.3.peg.1353.site.4, 3, 151, 154
908612.3.peg.1353.site.5, 48, 144, 192
908612.3.peg.1353.site.6, 1, 161, 162
908612.3.peg.1353.site.7, 1, 160, 161
908612.3.peg.1353.site.8, 3, 179, 182
908612.3.peg.1352.site.1, 24, 176, 200
908612.3.peg.1352.site.2, 2, 180, 182
908612.3.peg.1352.site.3, 1, 180, 181
908612.3.peg.1352.site.4, 25, 177, 202
908612.3.peg.1352.site.5, 25, 178, 203
908612.3.peg.1352.site.6, 110, 177, 287
908612.3.peg.1352.site.7, 0, 179, 179
908612.3.peg.1352.site.8, 6, 179, 185
908612.3.peg.2233.site.1, 6, 179, 185
908612.3.peg.2233.site.2, 12, 179, 191
908612.3.peg.2233.site.3, 3, 179, 182
908612.3.peg.2233.site.4, 11, 176, 187
908612.3.peg.2233.site.5, 10, 178, 188
908612.3.peg.2233.site.6, 3, 177, 180
908612.3.peg.2233.site.7, 6, 177, 183
908612.3.peg.2233.site.8, 0, 176, 176
908612.3.peg.2233.site.9, 0, 178, 178
908612.3.peg.2233.site.10, 0, 173, 173
908612.3.peg.2233.site.11, 1, 178, 179
908612.3.peg.2233.site.12, 43, 167, 210
908612.3.peg.2233.site.13, 18, 168, 186
908612.3.peg.2233.site.14, 0, 177, 177
908612.3.peg.2233.site.15, 49, 171, 220
908612.3.peg.2233.site.16, 6, 159, 165
908612.3.peg.2233.site.17, 1, 160, 161
908612.3.peg.2233.site.18, 1, 156, 157
908612.3.peg.2233.site.19, 3, 156, 159
908612.3.peg.2233.site.20, 95, 171, 266
908612.3.peg.2233.site.21, 1, 174, 175
908612.3.peg.2233.site.22, 112, 174, 286
908612.3.peg.2233.site.23, 7, 179, 186
908612.3.peg.2233.site.24, 0, 180, 180
908612.3.peg.2233.site.25, 0, 180, 180
908612.3.peg.2233.site.26, 84, 168, 252
908612.3.peg.2233.site.27, 0, 178, 178
908612.3.peg.2233.site.28, 3, 180, 183
908612.3.peg.2232.site.1, 124, 175, 299
908612.3.peg.2232.site.2, 2, 179, 181
908612.3.peg.2232.site.3, 26, 177, 203
908612.3.peg.2232.site.4, 5, 179, 184
908612.3.peg.2232.site.5, 23, 180, 203
908612.3.peg.2232.site.6, 20, 180, 200
908612.3.peg.2232.site.7, 156, 179, 335
908612.3.peg.2231.site.1, 64, 177, 241
908612.3.peg.2231.site.2, 63, 179, 242
908612.3.peg.2231.site.3, 3, 180, 183
908612.3.peg.2231.site.4, 0, 180, 180
908612.3.peg.2231.site.5, 0, 180, 180
908612.3.peg.2231.site.6, 118, 176, 294
908612.3.peg.2231.site.7, 54, 175, 229
908612.3.peg.2231.site.8, 1, 166, 167
908612.3.peg.2231.site.9, 54, 165, 219
908612.3.peg.2231.site.10, 15, 125, 140
908612.3.peg.2231.site.11, 4, 117, 121
908612.3.peg.2231.site.12, 2, 133, 135
908612.3.peg.2230.site.1, 0, 179, 179
908612.3.peg.2230.site.2, 80, 173, 253
908612.3.peg.2230.site.3, 2, 177, 179
908612.3.peg.2230.site.4, 47, 172, 219
908612.3.peg.2230.site.5, 3, 172, 175
908612.3.peg.2230.site.6, 3, 171, 174
908612.3.peg.2839.site.1, 7, 180, 187
908612.3.peg.2839.site.2, 82, 176, 258
908612.3.peg.2839.site.3, 4, 179, 183
908612.3.peg.2839.site.4, 14, 178, 192
908612.3.peg.2839.site.5, 4, 178, 182
908612.3.peg.2839.site.6, 4, 179, 183
908612.3.peg.2839.site.7, 4, 179, 183
908612.3.peg.2839.site.8, 5, 172, 177
908612.3.peg.2839.site.9, 1, 168, 169
908612.3.peg.2839.site.10, 71, 166, 237
908612.3.peg.2839.site.11, 3, 165, 168
908612.3.peg.2839.site.12, 64, 145, 209
908612.3.peg.2839.site.13, 6, 156, 162
908612.3.peg.2839.site.14, 5, 159, 164
908612.3.peg.2839.site.15, 80, 160, 240
908612.3.peg.2839.site.16, 52, 165, 217
908612.3.peg.2839.site.17, 52, 168, 220
908612.3.peg.2839.site.18, 3, 167, 170
908612.3.peg.2839.site.19, 5, 166, 171
908612.3.peg.2839.site.20, 143, 175, 318
908612.3.peg.2839.site.21, 65, 173, 238
908612.3.peg.2839.site.22, 43, 175, 218
908612.3.peg.2839.site.23, 0, 174, 174
908612.3.peg.2838.site.1, 88, 177, 265
908612.3.peg.2838.site.2, 1, 179, 180
908612.3.peg.2838.site.3, 0, 179, 179
908612.3.peg.2838.site.4, 0, 174, 174
908612.3.peg.2838.site.5, 0, 171, 171
908612.3.peg.2838.site.6, 2, 166, 168
908612.3.peg.2838.site.7, 8, 167, 175
908612.3.peg.2838.site.8, 1, 168, 169
908612.3.peg.2838.site.9, 10, 171, 181
908612.3.peg.2838.site.10, 0, 179, 179
908612.3.peg.2838.site.11, 0, 179, 179
908612.3.peg.2838.site.12, 0, 180, 180
908612.3.peg.2838.site.13, 2, 178, 180
908612.3.peg.2838.site.14, 8, 177, 185
908612.3.peg.2838.site.15, 1, 179, 180
908612.3.peg.2838.site.16, 6, 180, 186
908612.3.peg.2838.site.17, 18, 179, 197
908612.3.peg.2838.site.18, 1, 180, 181
908612.3.peg.2838.site.19, 0, 180, 180
908612.3.peg.2838.site.20, 4, 180, 184
908612.3.peg.2838.site.21, 0, 175, 175
908612.3.peg.2838.site.22, 159, 172, 331
908612.3.peg.2838.site.23, 5, 171, 176
908612.3.peg.2838.site.24, 0, 170, 170
908612.3.peg.2838.site.25, 40, 165, 205
908612.3.peg.2838.site.26, 36, 173, 209
908612.3.peg.2838.site.27, 3, 177, 180
908612.3.peg.2838.site.28, 76, 176, 252
908612.3.peg.2838.site.29, 6, 180, 186
908612.3.peg.2838.site.30, 1, 180, 181
908612.3.peg.2529.site.1, 24, 175, 199
908612.3.peg.2529.site.2, 0, 177, 177
908612.3.peg.2529.site.3, 0, 180, 180
908612.3.peg.2529.site.4, 4, 179, 183
908612.3.peg.2529.site.5, 2, 180, 182
908612.3.peg.2528.site.1, 0, 179, 179
908612.3.peg.2528.site.2, 6, 179, 185
908612.3.peg.2528.site.3, 9, 177, 186
908612.3.peg.2528.site.4, 1, 176, 177
908612.3.peg.2528.site.5, 55, 173, 228
908612.3.peg.2528.site.6, 6, 177, 183
908612.3.peg.2528.site.7, 78, 175, 253
908612.3.peg.2528.site.8, 12, 176, 188
908612.3.peg.2528.site.9, 1, 178, 179
908612.3.peg.2528.site.10, 9, 179, 188
908612.3.peg.2528.site.11, 86, 174, 260
908612.3.peg.2528.site.12, 82, 172, 254
908612.3.peg.2528.site.13, 4, 179, 183
908612.3.peg.2528.site.14, 27, 178, 205
908612.3.peg.2528.site.15, 0, 180, 180
908612.3.peg.2528.site.16, 0, 180, 180
908612.3.peg.2528.site.17, 0, 174, 174
908612.3.peg.2528.site.18, 31, 169, 200
908612.3.peg.2528.site.19, 0, 167, 167
908612.3.peg.2528.site.20, 1, 166, 167
908612.3.peg.2528.site.21, 10, 168, 178
908612.3.peg.2528.site.22, 0, 172, 172
908612.3.peg.2528.site.23, 1, 175, 176
908612.3.peg.2528.site.24, 55, 176, 231
908612.3.peg.2528.site.25, 34, 176, 210
908612.3.peg.2528.site.26, 9, 179, 188
908612.3.peg.2528.site.27, 11, 177, 188
908612.3.peg.2528.site.28, 8, 173, 181
908612.3.peg.2528.site.29, 26, 178, 204
908612.3.peg.2528.site.30, 11, 180, 191
908612.3.peg.2528.site.31, 24, 178, 202
908612.3.peg.2528.site.32, 10, 180, 190
908612.3.peg.2528.site.33, 1, 180, 181
908612.3.peg.2528.site.34, 30, 179, 209
908612.3.peg.2528.site.35, 47, 177, 224
908612.3.peg.2528.site.36, 2, 178, 180
908612.3.peg.2528.site.37, 0, 178, 178
908612.3.peg.2528.site.38, 0, 178, 178
908612.3.peg.2523.site.1, 1, 180, 181
908612.3.peg.2523.site.2, 12, 180, 192
908612.3.peg.2523.site.3, 0, 173, 173
908612.3.peg.2523.site.4, 37, 179, 216
908612.3.peg.2523.site.5, 12, 177, 189
908612.3.peg.2523.site.6, 24, 179, 203
908612.3.peg.2523.site.7, 0, 180, 180
908612.3.peg.2523.site.8, 25, 180, 205
908612.3.peg.2523.site.9, 23, 177, 200
908612.3.peg.2523.site.10, 59, 175, 234
908612.3.peg.2523.site.11, 24, 179, 203
908612.3.peg.2523.site.12, 24, 178, 202
908612.3.peg.2523.site.13, 8, 177, 185
908612.3.peg.2523.site.14, 22, 171, 193
908612.3.peg.2523.site.15, 19, 176, 195
908612.3.peg.2523.site.16, 22, 177, 199
908612.3.peg.2523.site.17, 15, 177, 192
908612.3.peg.2523.site.18, 19, 175, 194
908612.3.peg.2523.site.19, 53, 172, 225
908612.3.peg.2523.site.20, 16, 179, 195
908612.3.peg.2523.site.21, 22, 172, 194
908612.3.peg.2523.site.22, 15, 168, 183
908612.3.peg.2523.site.23, 34, 152, 186
908612.3.peg.2523.site.24, 0, 154, 154
908612.3.peg.2523.site.25, 18, 152, 170
908612.3.peg.2523.site.26, 40, 156, 196
908612.3.peg.2523.site.27, 0, 170, 170
908612.3.peg.2523.site.28, 0, 176, 176
908612.3.peg.2523.site.29, 25, 176, 201
908612.3.peg.2523.site.30, 2, 173, 175
908612.3.peg.2523.site.31, 50, 174, 224
908612.3.peg.2523.site.32, 25, 175, 200
908612.3.peg.2523.site.33, 8, 173, 181
908612.3.peg.2523.site.34, 0, 180, 180
908612.3.peg.2523.site.35, 16, 179, 195
908612.3.peg.2523.site.36, 25, 177, 202
908612.3.peg.2523.site.37, 25, 175, 200
908612.3.peg.2523.site.38, 26, 178, 204
908612.3.peg.2523.site.39, 6, 178, 184
908612.3.peg.2523.site.40, 22, 174, 196
908612.3.peg.2523.site.41, 27, 180, 207
908612.3.peg.2523.site.42, 27, 178, 205
908612.3.peg.2523.site.43, 0, 180, 180
908612.3.peg.2523.site.44, 27, 180, 207
908612.3.peg.2523.site.45, 35, 179, 214
908612.3.peg.2523.site.46, 1, 179, 180
908612.3.peg.2523.site.47, 1, 178, 179
908612.3.peg.2523.site.48, 35, 163, 198
908612.3.peg.2523.site.49, 68, 108, 176
908612.3.peg.2523.site.50, 22, 178, 200
908612.3.peg.2522.site.1, 0, 177, 177
908612.3.peg.2522.site.2, 110, 174, 284
908612.3.peg.2522.site.3, 110, 175, 285
908612.3.peg.2522.site.4, 30, 176, 206
908612.3.peg.2522.site.5, 5, 180, 185
908612.3.peg.2522.site.6, 4, 180, 184
908612.3.peg.2522.site.7, 0, 180, 180
908612.3.peg.2522.site.8, 1, 179, 180
908612.3.peg.2522.site.9, 0, 178, 178
908612.3.peg.2522.site.10, 1, 179, 180
908612.3.peg.2833.site.1, 37, 175, 212
908612.3.peg.2833.site.2, 34, 175, 209
908612.3.peg.2833.site.3, 2, 176, 178
908612.3.peg.2833.site.4, 44, 179, 223
908612.3.peg.2833.site.5, 0, 180, 180
908612.3.peg.2833.site.6, 60, 177, 237
908612.3.peg.2833.site.7, 64, 177, 241
908612.3.peg.2833.site.8, 65, 174, 239
908612.3.peg.2833.site.9, 64, 173, 237
908612.3.peg.2833.site.10, 0, 179, 179
908612.3.peg.2833.site.11, 138, 175, 313
908612.3.peg.2520.site.1, 0, 180, 180
908612.3.peg.2520.site.2, 0, 180, 180
908612.3.peg.2520.site.3, 0, 179, 179
908612.3.peg.2520.site.4, 7, 180, 187
908612.3.peg.2520.site.5, 2, 179, 181
908612.3.peg.2520.site.6, 0, 179, 179
908612.3.peg.2520.site.7, 3, 173, 176
908612.3.peg.2520.site.8, 94, 175, 269
908612.3.peg.2520.site.9, 2, 178, 180
908612.3.peg.2520.site.10, 0, 180, 180
908612.3.peg.2520.site.11, 4, 179, 183
908612.3.peg.2520.site.12, 28, 177, 205
908612.3.peg.2520.site.13, 28, 177, 205
908612.3.peg.2520.site.14, 53, 172, 225
908612.3.peg.2520.site.15, 17, 176, 193
908612.3.peg.2520.site.16, 31, 175, 206
908612.3.peg.2520.site.17, 2, 178, 180
908612.3.peg.2520.site.18, 86, 175, 261
908612.3.peg.2520.site.19, 2, 177, 179
908612.3.peg.2520.site.20, 82, 175, 257
908612.3.peg.2520.site.21, 51, 170, 221
908612.3.peg.2520.site.22, 7, 179, 186
908612.3.peg.2520.site.23, 12, 180, 192
908612.3.peg.2520.site.24, 84, 176, 260
908612.3.peg.2520.site.25, 7, 180, 187
908612.3.peg.2520.site.26, 4, 173, 177
908612.3.peg.2527.site.1, 1, 175, 176
908612.3.peg.2527.site.2, 1, 174, 175
908612.3.peg.2527.site.3, 128, 172, 300
908612.3.peg.2527.site.4, 7, 172, 179
908612.3.peg.2527.site.5, 72, 174, 246
908612.3.peg.2527.site.6, 79, 173, 252
908612.3.peg.2527.site.7, 71, 174, 245
908612.3.peg.2527.site.8, 0, 175, 175
908612.3.peg.2526.site.1, 1, 172, 173
908612.3.peg.2526.site.2, 2, 179, 181
908612.3.peg.2526.site.3, 2, 173, 175
908612.3.peg.2526.site.4, 3, 180, 183
908612.3.peg.2526.site.5, 0, 179, 179
908612.3.peg.2526.site.6, 10, 180, 190
908612.3.peg.2526.site.7, 6, 180, 186
908612.3.peg.2526.site.8, 2, 179, 181
908612.3.peg.2526.site.9, 0, 179, 179
908612.3.peg.2526.site.10, 6, 178, 184
908612.3.peg.2526.site.11, 2, 180, 182
908612.3.peg.2526.site.12, 84, 174, 258
908612.3.peg.2526.site.13, 1, 175, 176
908612.3.peg.2526.site.14, 27, 174, 201
908612.3.peg.2526.site.15, 70, 174, 244
908612.3.peg.2526.site.16, 2, 179, 181
908612.3.peg.2526.site.17, 3, 180, 183
908612.3.peg.2526.site.18, 125, 178, 303
908612.3.peg.2526.site.19, 1, 180, 181
908612.3.peg.2526.site.20, 4, 179, 183
908612.3.peg.2525.site.1, 0, 180, 180
908612.3.peg.2525.site.2, 27, 176, 203
908612.3.peg.2525.site.3, 29, 176, 205
908612.3.peg.2525.site.4, 9, 178, 187
908612.3.peg.2525.site.5, 1, 178, 179
908612.3.peg.2525.site.6, 27, 178, 205
908612.3.peg.2525.site.7, 2, 179, 181
908612.3.peg.2525.site.8, 2, 180, 182
908612.3.peg.2525.site.9, 0, 179, 179
908612.3.peg.2525.site.10, 23, 178, 201
908612.3.peg.2525.site.11, 2, 180, 182
908612.3.peg.2525.site.12, 25, 178, 203
908612.3.peg.2525.site.13, 25, 177, 202
908612.3.peg.2525.site.14, 4, 178, 182
908612.3.peg.2525.site.15, 25, 175, 200
908612.3.peg.2525.site.16, 7, 160, 167
908612.3.peg.2525.site.17, 2, 153, 155
908612.3.peg.2524.site.1, 22, 179, 201
908612.3.peg.2524.site.2, 22, 179, 201
908612.3.peg.2524.site.3, 0, 178, 178
908612.3.peg.2524.site.4, 15, 173, 188
908612.3.peg.2524.site.5, 2, 171, 173
908612.3.peg.2524.site.6, 13, 169, 182
908612.3.peg.2524.site.7, 3, 157, 160
908612.3.peg.2524.site.8, 19, 176, 195
908612.3.peg.2524.site.9, 23, 180, 203
908612.3.peg.2524.site.10, 6, 180, 186
908612.3.peg.2524.site.11, 21, 178, 199
908612.3.peg.2524.site.12, 22, 178, 200
908612.3.peg.2524.site.13, 6, 180, 186
908612.3.peg.2524.site.14, 3, 180, 183
908612.3.peg.2524.site.15, 3, 168, 171
908612.3.peg.2524.site.16, 126, 168, 294
908612.3.peg.2524.site.17, 2, 171, 173
908612.3.peg.2524.site.18, 2, 167, 169
908612.3.peg.2524.site.19, 126, 169, 295
908612.3.peg.2524.site.20, 137, 178, 315
908612.3.peg.2524.site.21, 17, 178, 195
908612.3.peg.2524.site.22, 24, 178, 202
908612.3.peg.2303.site.1, 108, 167, 275
908612.3.peg.2303.site.2, 147, 162, 309
908612.3.peg.2303.site.3, 3, 170, 173
908612.3.peg.2303.site.4, 95, 157, 252
908612.3.peg.2303.site.5, 2, 174, 176
908612.3.peg.2303.site.6, 77, 172, 249
908612.3.peg.2303.site.7, 5, 177, 182
908612.3.peg.2303.site.8, 3, 177, 180
908612.3.peg.2303.site.9, 28, 177, 205
908612.3.peg.2301.site.1, 7, 180, 187
908612.3.peg.2301.site.2, 1, 178, 179
908612.3.peg.2301.site.3, 3, 179, 182
908612.3.peg.2301.site.4, 83, 171, 254
908612.3.peg.2301.site.5, 59, 172, 231
908612.3.peg.2301.site.6, 5, 179, 184
908612.3.peg.2301.site.7, 86, 174, 260
908612.3.peg.2301.site.8, 0, 162, 162
908612.3.peg.2301.site.9, 100, 148, 248
908612.3.peg.2301.site.10, 101, 149, 250
908612.3.peg.2301.site.11, 108, 155, 263
908612.3.peg.2301.site.12, 120, 168, 288
908612.3.peg.2301.site.13, 4, 174, 178
908612.3.peg.2301.site.14, 120, 171, 291
908612.3.peg.2301.site.15, 1, 173, 174
908612.3.peg.2301.site.16, 118, 168, 286
908612.3.peg.2301.site.17, 0, 175, 175
908612.3.peg.2301.site.18, 1, 174, 175
908612.3.peg.2301.site.19, 12, 172, 184
908612.3.peg.2301.site.20, 108, 156, 264
908612.3.peg.2301.site.21, 2, 166, 168
908612.3.peg.2301.site.22, 0, 158, 158
908612.3.peg.2301.site.23, 8, 150, 158
908612.3.peg.2301.site.24, 1, 132, 133
908612.3.peg.2301.site.25, 33, 90, 123
908612.3.peg.2300.site.1, 0, 179, 179
908612.3.peg.2300.site.2, 0, 178, 178
908612.3.peg.2300.site.3, 119, 169, 288
908612.3.peg.2300.site.4, 2, 173, 175
908612.3.peg.2300.site.5, 17, 166, 183
908612.3.peg.2300.site.6, 149, 175, 324
908612.3.peg.2300.site.7, 3, 180, 183
908612.3.peg.2300.site.8, 5, 180, 185
908612.3.peg.2300.site.9, 0, 180, 180
908612.3.peg.2300.site.10, 3, 177, 180
908612.3.peg.2300.site.11, 9, 180, 189
908612.3.peg.2300.site.12, 84, 178, 262
908612.3.peg.2306.site.1, 20, 178, 198
908612.3.peg.2306.site.2, 13, 175, 188
908612.3.peg.2306.site.3, 11, 176, 187
908612.3.peg.2306.site.4, 35, 177, 212
908612.3.peg.2306.site.5, 1, 172, 173
908612.3.peg.2306.site.6, 9, 176, 185
908612.3.peg.2306.site.7, 0, 179, 179
908612.3.peg.2306.site.8, 2, 178, 180
908612.3.peg.2306.site.9, 74, 174, 248
908612.3.peg.2306.site.10, 3, 170, 173
908612.3.peg.2306.site.11, 0, 175, 175
908612.3.peg.2306.site.12, 1, 177, 178
908612.3.peg.2306.site.13, 42, 175, 217
908612.3.peg.2306.site.14, 31, 176, 207
908612.3.peg.2306.site.15, 0, 180, 180
908612.3.peg.2306.site.16, 36, 179, 215
908612.3.peg.2306.site.17, 92, 163, 255
908612.3.peg.2306.site.18, 7, 177, 184
908612.3.peg.2306.site.19, 6, 177, 183
908612.3.peg.2306.site.20, 3, 179, 182
908612.3.peg.2306.site.21, 77, 179, 256
908612.3.peg.2306.site.22, 79, 179, 258
908612.3.peg.2306.site.23, 1, 180, 181
908612.3.peg.2306.site.24, 4, 179, 183
908612.3.peg.2306.site.25, 12, 176, 188
908612.3.peg.2306.site.26, 1, 180, 181
908612.3.peg.2306.site.27, 34, 173, 207
908612.3.peg.2304.site.1, 9, 179, 188
908612.3.peg.2304.site.2, 40, 178, 218
908612.3.peg.2304.site.3, 5, 180, 185
908612.3.peg.2304.site.4, 0, 179, 179
908612.3.peg.2309.site.1, 3, 180, 183
908612.3.peg.2309.site.2, 2, 179, 181
908612.3.peg.2309.site.3, 0, 180, 180
908612.3.peg.2309.site.4, 0, 179, 179
908612.3.peg.2309.site.5, 1, 179, 180
908612.3.peg.2309.site.6, 1, 179, 180
908612.3.peg.2309.site.7, 10, 180, 190
908612.3.peg.2309.site.8, 2, 179, 181
908612.3.peg.2309.site.9, 0, 179, 179
908612.3.peg.2309.site.10, 9, 180, 189
908612.3.peg.2309.site.11, 0, 180, 180
908612.3.peg.2309.site.12, 13, 178, 191
908612.3.peg.2309.site.13, 157, 179, 336
908612.3.peg.2309.site.14, 8, 176, 184
908612.3.peg.2309.site.15, 8, 176, 184
908612.3.peg.2309.site.16, 10, 175, 185
908612.3.peg.2309.site.17, 7, 175, 182
908612.3.peg.2309.site.18, 1, 177, 178
908612.3.peg.2309.site.19, 29, 136, 165
908612.3.peg.2309.site.20, 1, 137, 138
908612.3.peg.2309.site.21, 1, 155, 156
908612.3.peg.2309.site.22, 1, 161, 162
908612.3.peg.2309.site.23, 4, 175, 179
908612.3.peg.2309.site.24, 0, 175, 175
908612.3.peg.2309.site.25, 2, 178, 180
908612.3.peg.2309.site.26, 45, 175, 220
908612.3.peg.2309.site.27, 68, 175, 243
908612.3.peg.2309.site.28, 69, 175, 244
908612.3.peg.2309.site.29, 10, 180, 190
908612.3.peg.2308.site.1, 32, 156, 188
908612.3.peg.2308.site.2, 71, 155, 226
908612.3.peg.2308.site.3, 4, 179, 183
908612.3.peg.2308.site.4, 1, 178, 179
908612.3.peg.2308.site.5, 0, 178, 178
908612.3.peg.2308.site.6, 2, 178, 180
908612.3.peg.2308.site.7, 4, 180, 184
908612.3.peg.2308.site.8, 2, 180, 182
908612.3.peg.2308.site.9, 118, 179, 297
908612.3.peg.2308.site.10, 69, 179, 248
908612.3.peg.2308.site.11, 1, 180, 181
908612.3.peg.2308.site.12, 64, 177, 241
908612.3.peg.2308.site.13, 84, 177, 261
908612.3.peg.2308.site.14, 1, 179, 180
908612.3.peg.2308.site.15, 1, 180, 181
908612.3.peg.2308.site.16, 71, 177, 248
908612.3.peg.2308.site.17, 14, 177, 191
908612.3.peg.2308.site.18, 1, 166, 167
908612.3.peg.2308.site.19, 21, 171, 192
908612.3.peg.2308.site.20, 1, 179, 180
908612.3.peg.2308.site.21, 8, 178, 186
908612.3.peg.2308.site.22, 16, 176, 192
908612.3.peg.2308.site.23, 1, 179, 180
908612.3.peg.2308.site.24, 3, 176, 179
908612.3.peg.2308.site.25, 1, 175, 176
908612.3.peg.2308.site.26, 110, 172, 282
908612.3.peg.2308.site.27, 86, 168, 254
908612.3.peg.2308.site.28, 0, 176, 176
908612.3.peg.2308.site.29, 1, 177, 178
908612.3.peg.2308.site.30, 0, 177, 177
908612.3.peg.2308.site.31, 20, 178, 198
908612.3.peg.2308.site.32, 5, 180, 185
908612.3.peg.2308.site.33, 4, 180, 184
908612.3.peg.2308.site.34, 3, 170, 173
908612.3.peg.2308.site.35, 2, 169, 171
908612.3.peg.2308.site.36, 36, 170, 206
908612.3.peg.2308.site.37, 33, 176, 209
908612.3.peg.2308.site.38, 75, 174, 249
908612.3.peg.2308.site.39, 37, 174, 211
908612.3.peg.2308.site.40, 10, 180, 190
908612.3.peg.2308.site.41, 1, 179, 180
908612.3.peg.2308.site.42, 0, 179, 179
908612.3.peg.2308.site.43, 9, 178, 187
908612.3.peg.2308.site.44, 1, 179, 180
908612.3.peg.2788.site.1, 5, 179, 184
908612.3.peg.2788.site.2, 0, 179, 179
908612.3.peg.2788.site.3, 0, 178, 178
908612.3.peg.2788.site.4, 3, 179, 182
908612.3.peg.2788.site.5, 94, 175, 269
908612.3.peg.2788.site.6, 0, 176, 176
908612.3.peg.2788.site.7, 0, 179, 179
908612.3.peg.2788.site.8, 0, 180, 180
908612.3.peg.2788.site.9, 0, 177, 177
908612.3.peg.2788.site.10, 3, 178, 181
908612.3.peg.2788.site.11, 9, 179, 188
908612.3.peg.2788.site.12, 1, 179, 180
908612.3.peg.2788.site.13, 0, 178, 178
908612.3.peg.2788.site.14, 4, 173, 177
908612.3.peg.2788.site.15, 1, 178, 179
908612.3.peg.2788.site.16, 1, 180, 181
908612.3.peg.2788.site.17, 35, 177, 212
908612.3.peg.2788.site.18, 1, 180, 181
908612.3.peg.2788.site.19, 10, 180, 190
908612.3.peg.2788.site.20, 0, 179, 179
908612.3.peg.2788.site.21, 11, 177, 188
908612.3.peg.2788.site.22, 2, 178, 180
908612.3.peg.2788.site.23, 156, 177, 333
908612.3.peg.2788.site.24, 38, 177, 215
908612.3.peg.2788.site.25, 38, 177, 215
908612.3.peg.2788.site.26, 38, 177, 215
908612.3.peg.2788.site.27, 2, 180, 182
908612.3.peg.2788.site.28, 0, 180, 180
908612.3.peg.2788.site.29, 97, 174, 271
908612.3.peg.2788.site.30, 2, 180, 182
908612.3.peg.2788.site.31, 3, 180, 183
908612.3.peg.2788.site.32, 55, 177, 232
908612.3.peg.2788.site.33, 0, 178, 178
908612.3.peg.2788.site.34, 51, 172, 223
908612.3.peg.2788.site.35, 44, 177, 221
908612.3.peg.2788.site.36, 41, 180, 221
908612.3.peg.2788.site.37, 57, 172, 229
908612.3.peg.2788.site.38, 0, 141, 141
908612.3.peg.2788.site.39, 3, 180, 183
908612.3.peg.2788.site.40, 10, 179, 189
908612.3.peg.2788.site.41, 163, 178, 341
908612.3.peg.2787.site.1, 1, 180, 181
908612.3.peg.2787.site.2, 1, 180, 181
908612.3.peg.2787.site.3, 5, 178, 183
908612.3.peg.2787.site.4, 69, 173, 242
908612.3.peg.2787.site.5, 36, 172, 208
908612.3.peg.2787.site.6, 53, 134, 187
908612.3.peg.2787.site.7, 5, 127, 132
908612.3.peg.2787.site.8, 22, 153, 175
908612.3.peg.2787.site.9, 61, 154, 215
908612.3.peg.2787.site.10, 5, 173, 178
908612.3.peg.2787.site.11, 50, 175, 225
908612.3.peg.2787.site.12, 0, 179, 179
908612.3.peg.2787.site.13, 0, 179, 179
908612.3.peg.2787.site.14, 5, 180, 185
908612.3.peg.2787.site.15, 43, 177, 220
908612.3.peg.2787.site.16, 0, 178, 178
908612.3.peg.2787.site.17, 5, 176, 181
908612.3.peg.2787.site.18, 1, 179, 180
908612.3.peg.2787.site.19, 1, 176, 177
908612.3.peg.2787.site.20, 19, 178, 197
908612.3.peg.2787.site.21, 2, 180, 182
908612.3.peg.2787.site.22, 143, 177, 320
908612.3.peg.2787.site.23, 78, 164, 242
908612.3.peg.2787.site.24, 114, 166, 280
908612.3.peg.2787.site.25, 36, 176, 212
908612.3.peg.2787.site.26, 4, 170, 174
908612.3.peg.2787.site.27, 27, 176, 203
908612.3.peg.2787.site.28, 95, 178, 273
908612.3.peg.2787.site.29, 65, 177, 242
908612.3.peg.2787.site.30, 33, 178, 211
908612.3.peg.2787.site.31, 94, 179, 273
908612.3.peg.2787.site.32, 99, 178, 277
908612.3.peg.2787.site.33, 54, 175, 229
908612.3.peg.2787.site.34, 146, 177, 323
908612.3.peg.2787.site.35, 8, 178, 186
908612.3.peg.2787.site.36, 0, 180, 180
908612.3.peg.2787.site.37, 107, 178, 285
908612.3.peg.2787.site.38, 1, 180, 181
908612.3.peg.2787.site.39, 98, 176, 274
908612.3.peg.2787.site.40, 97, 175, 272
908612.3.peg.2785.site.1, 2, 179, 181
908612.3.peg.2785.site.2, 20, 180, 200
908612.3.peg.2785.site.3, 40, 180, 220
908612.3.peg.2785.site.4, 24, 180, 204
908612.3.peg.2785.site.5, 17, 179, 196
908612.3.peg.2785.site.6, 6, 180, 186
908612.3.peg.2785.site.7, 26, 178, 204
908612.3.peg.2785.site.8, 27, 180, 207
908612.3.peg.2785.site.9, 26, 176, 202
908612.3.peg.2785.site.10, 3, 179, 182
908612.3.peg.2785.site.11, 17, 178, 195
908612.3.peg.2785.site.12, 17, 177, 194
908612.3.peg.2785.site.13, 0, 178, 178
908612.3.peg.2785.site.14, 69, 166, 235
908612.3.peg.2785.site.15, 7, 154, 161
908612.3.peg.2785.site.16, 2, 160, 162
908612.3.peg.2785.site.17, 7, 163, 170
908612.3.peg.2785.site.18, 17, 178, 195
908612.3.peg.2785.site.19, 3, 180, 183
908612.3.peg.969.site.1, 8, 159, 167
908612.3.peg.969.site.2, 1, 155, 156
908612.3.peg.969.site.3, 0, 154, 154
908612.3.peg.969.site.4, 3, 156, 159
908612.3.peg.969.site.5, 4, 154, 158
908612.3.peg.969.site.6, 0, 157, 157
908612.3.peg.969.site.7, 0, 155, 155
908612.3.peg.969.site.8, 0, 155, 155
908612.3.peg.969.site.9, 82, 153, 235
908612.3.peg.969.site.10, 7, 159, 166
908612.3.peg.969.site.11, 7, 161, 168
908612.3.peg.969.site.12, 98, 152, 250
908612.3.peg.969.site.13, 6, 159, 165
908612.3.peg.969.site.14, 7, 160, 167
908612.3.peg.1917.site.1, 14, 169, 183
908612.3.peg.1917.site.2, 129, 168, 297
908612.3.peg.1916.site.1, 111, 162, 273
908612.3.peg.1916.site.2, 68, 117, 185
908612.3.peg.1916.site.3, 2, 89, 91
908612.3.peg.1916.site.4, 54, 110, 164
908612.3.peg.1916.site.5, 78, 129, 207
908612.3.peg.1916.site.6, 79, 135, 214
908612.3.peg.1916.site.7, 2, 149, 151
908612.3.peg.1916.site.8, 1, 166, 167
908612.3.peg.1916.site.9, 106, 156, 262
908612.3.peg.1916.site.10, 114, 168, 282
908612.3.peg.1916.site.11, 1, 160, 161
908612.3.peg.1916.site.12, 2, 145, 147
908612.3.peg.1916.site.13, 2, 155, 157
908612.3.peg.1915.site.1, 6, 177, 183
908612.3.peg.1915.site.2, 10, 177, 187
908612.3.peg.1915.site.3, 18, 177, 195
908612.3.peg.1915.site.4, 5, 178, 183
908612.3.peg.1915.site.5, 0, 179, 179
908612.3.peg.1915.site.6, 5, 179, 184
908612.3.peg.1915.site.7, 5, 177, 182
908612.3.peg.1915.site.8, 1, 171, 172
908612.3.peg.1915.site.9, 16, 176, 192
908612.3.peg.1915.site.10, 2, 179, 181
908612.3.peg.1915.site.11, 1, 180, 181
908612.3.peg.1915.site.12, 2, 179, 181
908612.3.peg.1915.site.13, 97, 175, 272
908612.3.peg.1915.site.14, 1, 180, 181
908612.3.peg.1915.site.15, 28, 179, 207
908612.3.peg.1915.site.16, 3, 180, 183
908612.3.peg.1915.site.17, 27, 178, 205
908612.3.peg.1914.site.1, 1, 179, 180
908612.3.peg.1914.site.2, 26, 173, 199
908612.3.peg.1914.site.3, 26, 173, 199
908612.3.peg.1914.site.4, 39, 178, 217
908612.3.peg.1914.site.5, 8, 177, 185
908612.3.peg.1914.site.6, 13, 177, 190
908612.3.peg.1914.site.7, 56, 171, 227
908612.3.peg.1914.site.8, 12, 174, 186
908612.3.peg.1914.site.9, 0, 178, 178
908612.3.peg.1914.site.10, 4, 179, 183
908612.3.peg.1914.site.11, 22, 176, 198
908612.3.peg.1914.site.12, 4, 180, 184
908612.3.peg.1914.site.13, 77, 178, 255
908612.3.peg.1914.site.14, 23, 170, 193
908612.3.peg.1914.site.15, 13, 174, 187
908612.3.peg.1914.site.16, 3, 179, 182
908612.3.peg.1914.site.17, 3, 177, 180
908612.3.peg.1914.site.18, 49, 177, 226
908612.3.peg.1914.site.19, 0, 179, 179
908612.3.peg.1914.site.20, 0, 179, 179
908612.3.peg.1914.site.21, 25, 177, 202
908612.3.peg.1914.site.22, 1, 180, 181
908612.3.peg.1914.site.23, 1, 180, 181
908612.3.peg.1914.site.24, 0, 179, 179
908612.3.peg.1913.site.1, 54, 177, 231
908612.3.peg.1913.site.2, 82, 173, 255
908612.3.peg.1913.site.3, 18, 177, 195
908612.3.peg.1913.site.4, 4, 159, 163
908612.3.peg.1913.site.5, 4, 173, 177
908612.3.peg.1913.site.6, 7, 174, 181
908612.3.peg.1913.site.7, 0, 179, 179
908612.3.peg.1913.site.8, 7, 179, 186
908612.3.peg.1913.site.9, 24, 177, 201
908612.3.peg.1913.site.10, 23, 178, 201
908612.3.peg.1913.site.11, 23, 177, 200
908612.3.peg.1913.site.12, 0, 179, 179
908612.3.peg.1913.site.13, 10, 172, 182
908612.3.peg.1913.site.14, 86, 170, 256
908612.3.peg.1913.site.15, 4, 177, 181
908612.3.peg.1913.site.16, 1, 179, 180
908612.3.peg.1912.site.1, 2, 179, 181
908612.3.peg.1912.site.2, 26, 177, 203
908612.3.peg.1912.site.3, 2, 173, 175
908612.3.peg.1912.site.4, 26, 170, 196
908612.3.peg.1912.site.5, 1, 173, 174
908612.3.peg.1912.site.6, 2, 168, 170
908612.3.peg.1912.site.7, 6, 137, 143
908612.3.peg.1912.site.8, 6, 142, 148
908612.3.peg.1912.site.9, 1, 145, 146
908612.3.peg.1912.site.10, 1, 145, 146
908612.3.peg.1912.site.11, 1, 161, 162
908612.3.peg.1912.site.12, 22, 167, 189
908612.3.peg.1912.site.13, 0, 175, 175
908612.3.peg.1912.site.14, 2, 180, 182
908612.3.peg.1912.site.15, 60, 178, 238
908612.3.peg.1912.site.16, 0, 180, 180
908612.3.peg.1911.site.1, 18, 82, 100
908612.3.peg.1911.site.2, 2, 115, 117
908612.3.peg.1911.site.3, 1, 179, 180
908612.3.peg.1911.site.4, 0, 179, 179
908612.3.peg.1911.site.5, 0, 179, 179
908612.3.peg.1911.site.6, 7, 180, 187
908612.3.peg.1911.site.7, 2, 178, 180
908612.3.peg.1911.site.8, 1, 178, 179
908612.3.peg.1911.site.9, 32, 176, 208
908612.3.peg.1911.site.10, 2, 180, 182
908612.3.peg.1911.site.11, 124, 178, 302
908612.3.peg.1911.site.12, 0, 178, 178
908612.3.peg.1910.site.1, 0, 155, 155
908612.3.peg.1910.site.2, 18, 157, 175
908612.3.peg.1910.site.3, 4, 149, 153
908612.3.peg.1910.site.4, 0, 153, 153
908612.3.peg.1910.site.5, 0, 47, 47
908612.3.peg.1910.site.6, 0, 53, 53
908612.3.peg.1910.site.7, 0, 62, 62
908612.3.peg.1910.site.8, 1, 179, 180
908612.3.peg.1910.site.9, 0, 180, 180
908612.3.peg.1910.site.10, 31, 158, 189
908612.3.peg.1910.site.11, 0, 147, 147
908612.3.peg.1910.site.12, 2, 178, 180
908612.3.peg.1910.site.13, 27, 176, 203
908612.3.peg.1910.site.14, 27, 176, 203
908612.3.peg.1910.site.15, 4, 179, 183
908612.3.peg.1910.site.16, 0, 172, 172
908612.3.peg.1910.site.17, 31, 173, 204
908612.3.peg.1910.site.18, 0, 173, 173
908612.3.peg.1910.site.19, 31, 172, 203
908612.3.peg.1910.site.20, 8, 157, 165
908612.3.peg.1919.site.1, 2, 176, 178
908612.3.peg.1919.site.2, 0, 173, 173
908612.3.peg.1919.site.3, 10, 170, 180
908612.3.peg.1919.site.4, 144, 176, 320
908612.3.peg.1919.site.5, 10, 177, 187
908612.3.peg.1918.site.1, 3, 173, 176
908612.3.peg.1918.site.2, 141, 172, 313
908612.3.peg.1918.site.3, 2, 176, 178
908612.3.peg.1918.site.4, 0, 179, 179
908612.3.peg.1918.site.5, 7, 180, 187
908612.3.peg.1918.site.6, 124, 177, 301
908612.3.peg.1918.site.7, 3, 180, 183
908612.3.peg.1918.site.8, 26, 178, 204
908612.3.peg.2017.site.1, 105, 176, 281
908612.3.peg.2017.site.2, 55, 172, 227
908612.3.peg.2017.site.3, 70, 176, 246
908612.3.peg.2017.site.4, 39, 174, 213
908612.3.peg.2017.site.5, 12, 178, 190
908612.3.peg.2017.site.6, 2, 180, 182
908612.3.peg.2017.site.7, 0, 178, 178
908612.3.peg.2017.site.8, 1, 178, 179
908612.3.peg.2017.site.9, 7, 179, 186
908612.3.peg.2017.site.10, 126, 176, 302
908612.3.peg.2017.site.11, 39, 176, 215
908612.3.peg.2017.site.12, 2, 180, 182
908612.3.peg.2017.site.13, 5, 180, 185
908612.3.peg.2017.site.14, 34, 180, 214
908612.3.peg.2017.site.15, 35, 180, 215
908612.3.peg.2017.site.16, 0, 176, 176
908612.3.peg.2017.site.17, 57, 173, 230
908612.3.peg.2017.site.18, 104, 177, 281
908612.3.peg.2017.site.19, 2, 179, 181
908612.3.peg.2017.site.20, 12, 178, 190
908612.3.peg.2017.site.21, 34, 176, 210
908612.3.peg.2017.site.22, 3, 179, 182
908612.3.peg.2017.site.23, 0, 179, 179
908612.3.peg.2017.site.24, 0, 178, 178
908612.3.peg.2017.site.25, 77, 163, 240
908612.3.peg.2017.site.26, 49, 170, 219
908612.3.peg.2017.site.27, 66, 176, 242
908612.3.peg.2017.site.28, 1, 180, 181
908612.3.peg.2017.site.29, 14, 178, 192
908612.3.peg.2017.site.30, 2, 180, 182
908612.3.peg.2017.site.31, 90, 173, 263
908612.3.peg.2017.site.32, 113, 172, 285
908612.3.peg.2017.site.33, 55, 176, 231
908612.3.peg.2017.site.34, 55, 177, 232
908612.3.peg.2017.site.35, 55, 177, 232
908612.3.peg.2017.site.36, 57, 176, 233
908612.3.peg.2017.site.37, 46, 162, 208
908612.3.peg.2017.site.38, 1, 165, 166
908612.3.peg.2017.site.39, 15, 177, 192
908612.3.peg.2017.site.40, 0, 170, 170
908612.3.peg.2017.site.41, 68, 153, 221
908612.3.peg.2017.site.42, 5, 149, 154
908612.3.peg.2017.site.43, 0, 178, 178
908612.3.peg.2017.site.44, 52, 176, 228
908612.3.peg.2017.site.45, 2, 174, 176
908612.3.peg.2017.site.46, 69, 135, 204
908612.3.peg.2017.site.47, 4, 161, 165
908612.3.peg.2017.site.48, 6, 150, 156
908612.3.peg.2017.site.49, 3, 145, 148
908612.3.peg.2017.site.50, 1, 146, 147
908612.3.peg.2017.site.51, 133, 176, 309
908612.3.peg.2017.site.52, 0, 178, 178
908612.3.peg.2017.site.53, 8, 151, 159
908612.3.peg.2017.site.54, 6, 146, 152
908612.3.peg.2017.site.55, 1, 149, 150
908612.3.peg.2017.site.56, 4, 148, 152
908612.3.peg.2017.site.57, 21, 164, 185
908612.3.peg.2017.site.58, 9, 171, 180
908612.3.peg.2016.site.1, 135, 168, 303
908612.3.peg.2016.site.2, 134, 166, 300
908612.3.peg.2016.site.3, 6, 131, 137
908612.3.peg.2016.site.4, 12, 46, 58
908612.3.peg.2016.site.5, 113, 143, 256
908612.3.peg.2016.site.6, 0, 171, 171
908612.3.peg.2016.site.7, 70, 175, 245
908612.3.peg.2016.site.8, 28, 176, 204
908612.3.peg.2016.site.9, 1, 172, 173
908612.3.peg.2016.site.10, 13, 162, 175
908612.3.peg.2016.site.11, 64, 173, 237
908612.3.peg.2016.site.12, 21, 168, 189
908612.3.peg.2016.site.13, 57, 163, 220
908612.3.peg.2016.site.14, 0, 164, 164
908612.3.peg.2015.site.1, 113, 171, 284
908612.3.peg.2015.site.2, 163, 166, 329
908612.3.peg.2015.site.3, 12, 149, 161
908612.3.peg.2015.site.4, 31, 171, 202
908612.3.peg.2015.site.5, 3, 173, 176
908612.3.peg.2015.site.6, 24, 170, 194
908612.3.peg.2015.site.7, 3, 180, 183
908612.3.peg.2015.site.8, 0, 178, 178
908612.3.peg.2015.site.9, 2, 180, 182
908612.3.peg.2015.site.10, 0, 180, 180
908612.3.peg.2015.site.11, 6, 179, 185
908612.3.peg.2015.site.12, 1, 179, 180
908612.3.peg.2015.site.13, 1, 179, 180
908612.3.peg.2015.site.14, 143, 174, 317
908612.3.peg.2015.site.15, 146, 177, 323
908612.3.peg.2015.site.16, 8, 180, 188
908612.3.peg.2015.site.17, 8, 178, 186
908612.3.peg.2015.site.18, 105, 174, 279
908612.3.peg.2015.site.19, 141, 165, 306
908612.3.peg.2015.site.20, 144, 164, 308
908612.3.peg.2015.site.21, 146, 177, 323
908612.3.peg.2015.site.22, 4, 178, 182
908612.3.peg.2015.site.23, 145, 176, 321
908612.3.peg.2015.site.24, 178, 179, 357
908612.3.peg.2015.site.25, 1, 177, 178
908612.3.peg.2015.site.26, 6, 178, 184
908612.3.peg.2015.site.27, 3, 179, 182
908612.3.peg.2015.site.28, 1, 179, 180
908612.3.peg.2015.site.29, 175, 180, 355
908612.3.peg.2015.site.30, 106, 177, 283
908612.3.peg.2014.site.1, 146, 175, 321
908612.3.peg.2014.site.2, 0, 179, 179
908612.3.peg.2014.site.3, 0, 180, 180
908612.3.peg.2014.site.4, 2, 180, 182
908612.3.peg.2014.site.5, 2, 180, 182
908612.3.peg.2014.site.6, 2, 176, 178
908612.3.peg.2014.site.7, 17, 179, 196
908612.3.peg.2014.site.8, 5, 180, 185
908612.3.peg.2014.site.9, 127, 175, 302
908612.3.peg.2014.site.10, 95, 177, 272
908612.3.peg.2014.site.11, 4, 180, 184
908612.3.peg.2014.site.12, 0, 180, 180
908612.3.peg.2014.site.13, 36, 178, 214
908612.3.peg.2014.site.14, 8, 179, 187
908612.3.peg.2014.site.15, 14, 179, 193
908612.3.peg.2014.site.16, 63, 176, 239
908612.3.peg.2014.site.17, 4, 177, 181
908612.3.peg.2014.site.18, 27, 169, 196
908612.3.peg.2014.site.19, 0, 178, 178
908612.3.peg.2014.site.20, 4, 177, 181
908612.3.peg.2014.site.21, 0, 175, 175
908612.3.peg.2014.site.22, 37, 174, 211
908612.3.peg.2014.site.23, 1, 175, 176
908612.3.peg.2014.site.24, 45, 175, 220
908612.3.peg.2014.site.25, 0, 179, 179
908612.3.peg.2014.site.26, 4, 179, 183
908612.3.peg.2014.site.27, 31, 179, 210
908612.3.peg.2014.site.28, 17, 180, 197
908612.3.peg.2014.site.29, 53, 179, 232
908612.3.peg.2014.site.30, 12, 179, 191
908612.3.peg.2014.site.31, 30, 177, 207
908612.3.peg.2014.site.32, 45, 175, 220
908612.3.peg.2014.site.33, 34, 178, 212
908612.3.peg.2014.site.34, 11, 176, 187
908612.3.peg.2014.site.35, 16, 177, 193
908612.3.peg.2014.site.36, 7, 179, 186
908612.3.peg.2014.site.37, 8, 180, 188
908612.3.peg.2014.site.38, 39, 178, 217
908612.3.peg.2014.site.39, 2, 180, 182
908612.3.peg.2014.site.40, 0, 180, 180
908612.3.peg.2014.site.41, 8, 179, 187
908612.3.peg.2014.site.42, 5, 179, 184
908612.3.peg.2014.site.43, 4, 178, 182
908612.3.peg.2014.site.44, 22, 174, 196
908612.3.peg.2014.site.45, 150, 174, 324
908612.3.peg.2014.site.46, 1, 178, 179
908612.3.peg.2013.site.1, 44, 177, 221
908612.3.peg.2013.site.2, 0, 180, 180
908612.3.peg.2013.site.3, 3, 180, 183
908612.3.peg.2013.site.4, 24, 178, 202
908612.3.peg.2013.site.5, 0, 178, 178
908612.3.peg.2013.site.6, 0, 179, 179
908612.3.peg.2013.site.7, 20, 168, 188
908612.3.peg.2013.site.8, 2, 179, 181
908612.3.peg.2013.site.9, 32, 177, 209
908612.3.peg.2013.site.10, 49, 161, 210
908612.3.peg.2013.site.11, 40, 164, 204
908612.3.peg.2013.site.12, 3, 166, 169
908612.3.peg.2013.site.13, 111, 162, 273
908612.3.peg.2013.site.14, 4, 177, 181
908612.3.peg.2013.site.15, 146, 176, 322
908612.3.peg.2013.site.16, 52, 178, 230
908612.3.peg.2013.site.17, 6, 178, 184
908612.3.peg.2013.site.18, 62, 170, 232
908612.3.peg.2013.site.19, 40, 145, 185
908612.3.peg.2013.site.20, 35, 140, 175
908612.3.peg.2013.site.21, 21, 125, 146
908612.3.peg.2013.site.22, 10, 118, 128
908612.3.peg.2013.site.23, 17, 118, 135
908612.3.peg.2013.site.24, 50, 128, 178
908612.3.peg.2013.site.25, 75, 153, 228
908612.3.peg.2012.site.1, 3, 176, 179
908612.3.peg.2012.site.2, 12, 177, 189
908612.3.peg.2012.site.3, 13, 176, 189
908612.3.peg.2012.site.4, 13, 178, 191
908612.3.peg.2012.site.5, 0, 180, 180
908612.3.peg.2012.site.6, 32, 177, 209
908612.3.peg.2012.site.7, 33, 178, 211
908612.3.peg.2012.site.8, 0, 179, 179
908612.3.peg.2012.site.9, 13, 180, 193
908612.3.peg.2012.site.10, 11, 178, 189
908612.3.peg.2012.site.11, 39, 174, 213
908612.3.peg.2012.site.12, 1, 179, 180
908612.3.peg.2011.site.1, 13, 179, 192
908612.3.peg.2011.site.2, 10, 179, 189
908612.3.peg.2011.site.3, 30, 173, 203
908612.3.peg.2011.site.4, 11, 172, 183
908612.3.peg.2011.site.5, 0, 178, 178
908612.3.peg.2011.site.6, 3, 179, 182
908612.3.peg.2011.site.7, 1, 177, 178
908612.3.peg.2011.site.8, 1, 180, 181
908612.3.peg.2011.site.9, 9, 177, 186
908612.3.peg.2011.site.10, 0, 178, 178
908612.3.peg.2011.site.11, 11, 174, 185
908612.3.peg.2011.site.12, 6, 160, 166
908612.3.peg.2011.site.13, 1, 162, 163
908612.3.peg.2011.site.14, 11, 167, 178
908612.3.peg.2011.site.15, 6, 177, 183
908612.3.peg.2011.site.16, 0, 178, 178
908612.3.peg.2011.site.17, 29, 178, 207
908612.3.peg.2011.site.18, 10, 178, 188
908612.3.peg.2011.site.19, 0, 179, 179
908612.3.peg.2011.site.20, 11, 178, 189
908612.3.peg.2011.site.21, 28, 179, 207
908612.3.peg.2011.site.22, 7, 178, 185
908612.3.peg.2011.site.23, 6, 179, 185
908612.3.peg.2010.site.1, 24, 177, 201
908612.3.peg.2010.site.2, 0, 180, 180
908612.3.peg.2010.site.3, 2, 180, 182
908612.3.peg.2010.site.4, 24, 177, 201
908612.3.peg.2010.site.5, 3, 180, 183
908612.3.peg.2010.site.6, 1, 179, 180
908612.3.peg.2010.site.7, 13, 179, 192
908612.3.peg.2010.site.8, 22, 179, 201
908612.3.peg.2010.site.9, 7, 178, 185
908612.3.peg.2010.site.10, 22, 178, 200
908612.3.peg.2010.site.11, 7, 180, 187
908612.3.peg.2010.site.12, 3, 180, 183
908612.3.peg.2010.site.13, 0, 178, 178
908612.3.peg.2010.site.14, 1, 178, 179
908612.3.peg.2010.site.15, 40, 179, 219
908612.3.peg.2010.site.16, 39, 177, 216
908612.3.peg.2010.site.17, 12, 179, 191
908612.3.peg.2010.site.18, 4, 180, 184
908612.3.peg.2010.site.19, 0, 179, 179
908612.3.peg.2010.site.20, 3, 180, 183
908612.3.peg.2010.site.21, 3, 180, 183
908612.3.peg.2010.site.22, 11, 180, 191
908612.3.peg.2010.site.23, 23, 179, 202
908612.3.peg.2019.site.1, 0, 180, 180
908612.3.peg.2018.site.1, 0, 177, 177
908612.3.peg.2018.site.2, 0, 179, 179
908612.3.peg.2018.site.3, 0, 178, 178
908612.3.peg.638.site.1, 2, 117, 119
908612.3.peg.638.site.2, 16, 128, 144
908612.3.peg.638.site.3, 122, 171, 293
908612.3.peg.638.site.4, 28, 178, 206
908612.3.peg.638.site.5, 0, 176, 176
908612.3.peg.639.site.1, 26, 176, 202
908612.3.peg.639.site.2, 0, 180, 180
908612.3.peg.639.site.3, 36, 176, 212
908612.3.peg.639.site.4, 7, 168, 175
908612.3.peg.639.site.5, 7, 147, 154
908612.3.peg.639.site.6, 2, 164, 166
908612.3.peg.639.site.7, 1, 162, 163
908612.3.peg.639.site.8, 0, 167, 167
908612.3.peg.639.site.9, 0, 167, 167
908612.3.peg.639.site.10, 89, 175, 264
908612.3.peg.639.site.11, 47, 175, 222
908612.3.peg.639.site.12, 102, 178, 280
908612.3.peg.639.site.13, 80, 179, 259
908612.3.peg.639.site.14, 1, 180, 181
908612.3.peg.639.site.15, 1, 180, 181
908612.3.peg.639.site.16, 2, 179, 181
908612.3.peg.639.site.17, 0, 180, 180
908612.3.peg.639.site.18, 77, 180, 257
908612.3.peg.639.site.19, 0, 180, 180
908612.3.peg.639.site.20, 136, 180, 316
908612.3.peg.639.site.21, 0, 180, 180
908612.3.peg.639.site.22, 2, 177, 179
908612.3.peg.639.site.23, 8, 176, 184
908612.3.peg.639.site.24, 11, 174, 185
908612.3.peg.639.site.25, 1, 178, 179
908612.3.peg.639.site.26, 4, 170, 174
908612.3.peg.639.site.27, 2, 174, 176
908612.3.peg.632.site.1, 0, 179, 179
908612.3.peg.632.site.2, 55, 171, 226
908612.3.peg.632.site.3, 0, 170, 170
908612.3.peg.632.site.4, 42, 173, 215
908612.3.peg.632.site.5, 2, 177, 179
908612.3.peg.632.site.6, 1, 178, 179
908612.3.peg.632.site.7, 2, 178, 180
908612.3.peg.632.site.8, 2, 178, 180
908612.3.peg.632.site.9, 48, 177, 225
908612.3.peg.632.site.10, 95, 179, 274
908612.3.peg.632.site.11, 98, 178, 276
908612.3.peg.632.site.12, 6, 166, 172
908612.3.peg.632.site.13, 66, 163, 229
908612.3.peg.632.site.14, 2, 168, 170
908612.3.peg.632.site.15, 76, 165, 241
908612.3.peg.632.site.16, 7, 173, 180
908612.3.peg.632.site.17, 29, 172, 201
908612.3.peg.632.site.18, 5, 177, 182
908612.3.peg.632.site.19, 39, 174, 213
908612.3.peg.632.site.20, 13, 179, 192
908612.3.peg.632.site.21, 83, 174, 257
908612.3.peg.632.site.22, 6, 179, 185
908612.3.peg.632.site.23, 1, 179, 180
908612.3.peg.632.site.24, 38, 172, 210
908612.3.peg.632.site.25, 35, 171, 206
908612.3.peg.632.site.26, 47, 171, 218
908612.3.peg.632.site.27, 1, 171, 172
908612.3.peg.632.site.28, 51, 176, 227
908612.3.peg.632.site.29, 4, 180, 184
908612.3.peg.632.site.30, 36, 177, 213
908612.3.peg.632.site.31, 0, 179, 179
908612.3.peg.632.site.32, 2, 179, 181
908612.3.peg.632.site.33, 10, 177, 187
908612.3.peg.632.site.34, 39, 172, 211
908612.3.peg.632.site.35, 6, 177, 183
908612.3.peg.632.site.36, 3, 152, 155
908612.3.peg.632.site.37, 2, 180, 182
908612.3.peg.633.site.1, 2, 178, 180
908612.3.peg.633.site.2, 66, 162, 228
908612.3.peg.633.site.3, 1, 162, 163
908612.3.peg.633.site.4, 4, 163, 167
908612.3.peg.633.site.5, 3, 171, 174
908612.3.peg.633.site.6, 8, 169, 177
908612.3.peg.633.site.7, 3, 173, 176
908612.3.peg.633.site.8, 7, 172, 179
908612.3.peg.633.site.9, 0, 175, 175
908612.3.peg.633.site.10, 0, 171, 171
908612.3.peg.633.site.11, 24, 161, 185
908612.3.peg.633.site.12, 99, 170, 269
908612.3.peg.633.site.13, 95, 174, 269
908612.3.peg.633.site.14, 3, 175, 178
908612.3.peg.633.site.15, 3, 176, 179
908612.3.peg.633.site.16, 57, 171, 228
908612.3.peg.633.site.17, 0, 172, 172
908612.3.peg.633.site.18, 28, 174, 202
908612.3.peg.633.site.19, 16, 175, 191
908612.3.peg.633.site.20, 5, 175, 180
908612.3.peg.633.site.21, 5, 170, 175
908612.3.peg.633.site.22, 5, 173, 178
908612.3.peg.630.site.1, 5, 180, 185
908612.3.peg.630.site.2, 96, 175, 271
908612.3.peg.630.site.3, 57, 177, 234
908612.3.peg.630.site.4, 4, 178, 182
908612.3.peg.630.site.5, 115, 147, 262
908612.3.peg.630.site.6, 0, 141, 141
908612.3.peg.630.site.7, 1, 145, 146
908612.3.peg.630.site.8, 2, 149, 151
908612.3.peg.630.site.9, 0, 165, 165
908612.3.peg.631.site.1, 2, 179, 181
908612.3.peg.631.site.2, 1, 180, 181
908612.3.peg.631.site.3, 9, 180, 189
908612.3.peg.631.site.4, 39, 137, 176
908612.3.peg.631.site.5, 0, 153, 153
908612.3.peg.631.site.6, 1, 164, 165
908612.3.peg.631.site.7, 0, 175, 175
908612.3.peg.631.site.8, 37, 174, 211
908612.3.peg.631.site.9, 78, 168, 246
908612.3.peg.631.site.10, 12, 169, 181
908612.3.peg.631.site.11, 5, 170, 175
908612.3.peg.631.site.12, 1, 171, 172
908612.3.peg.631.site.13, 6, 175, 181
908612.3.peg.631.site.14, 1, 174, 175
908612.3.peg.631.site.15, 8, 177, 185
908612.3.peg.631.site.16, 25, 172, 197
908612.3.peg.631.site.17, 38, 159, 197
908612.3.peg.631.site.18, 39, 172, 211
908612.3.peg.631.site.19, 16, 170, 186
908612.3.peg.631.site.20, 16, 166, 182
908612.3.peg.631.site.21, 6, 175, 181
908612.3.peg.631.site.22, 2, 176, 178
908612.3.peg.631.site.23, 128, 173, 301
908612.3.peg.631.site.24, 44, 175, 219
908612.3.peg.631.site.25, 62, 174, 236
908612.3.peg.631.site.26, 1, 174, 175
908612.3.peg.631.site.27, 15, 167, 182
908612.3.peg.631.site.28, 71, 155, 226
908612.3.peg.631.site.29, 1, 78, 79
908612.3.peg.631.site.30, 0, 71, 71
908612.3.peg.631.site.31, 0, 91, 91
908612.3.peg.631.site.32, 0, 109, 109
908612.3.peg.631.site.33, 34, 149, 183
908612.3.peg.631.site.34, 14, 159, 173
908612.3.peg.631.site.35, 8, 161, 169
908612.3.peg.631.site.36, 0, 165, 165
908612.3.peg.631.site.37, 87, 156, 243
908612.3.peg.631.site.38, 38, 158, 196
908612.3.peg.631.site.39, 3, 162, 165
908612.3.peg.631.site.40, 0, 164, 164
908612.3.peg.631.site.41, 91, 164, 255
908612.3.peg.636.site.1, 70, 180, 250
908612.3.peg.636.site.2, 0, 179, 179
908612.3.peg.636.site.3, 60, 178, 238
908612.3.peg.636.site.4, 73, 177, 250
908612.3.peg.636.site.5, 58, 178, 236
908612.3.peg.636.site.6, 0, 180, 180
908612.3.peg.636.site.7, 1, 180, 181
908612.3.peg.636.site.8, 10, 179, 189
908612.3.peg.636.site.9, 10, 177, 187
908612.3.peg.636.site.10, 0, 166, 166
908612.3.peg.636.site.11, 66, 133, 199
908612.3.peg.636.site.12, 25, 163, 188
908612.3.peg.636.site.13, 31, 159, 190
908612.3.peg.636.site.14, 6, 175, 181
908612.3.peg.636.site.15, 0, 175, 175
908612.3.peg.636.site.16, 1, 180, 181
908612.3.peg.636.site.17, 3, 179, 182
908612.3.peg.636.site.18, 3, 180, 183
908612.3.peg.636.site.19, 29, 180, 209
908612.3.peg.636.site.20, 0, 179, 179
908612.3.peg.636.site.21, 2, 179, 181
908612.3.peg.637.site.1, 37, 178, 215
908612.3.peg.637.site.2, 3, 178, 181
908612.3.peg.637.site.3, 38, 177, 215
908612.3.peg.637.site.4, 76, 158, 234
908612.3.peg.637.site.5, 1, 162, 163
908612.3.peg.637.site.6, 158, 177, 335
908612.3.peg.637.site.7, 0, 179, 179
908612.3.peg.637.site.8, 1, 133, 134
908612.3.peg.637.site.9, 85, 140, 225
908612.3.peg.637.site.10, 2, 150, 152
908612.3.peg.637.site.11, 0, 158, 158
908612.3.peg.634.site.1, 0, 177, 177
908612.3.peg.634.site.2, 4, 172, 176
908612.3.peg.634.site.3, 1, 174, 175
908612.3.peg.634.site.4, 48, 148, 196
908612.3.peg.634.site.5, 3, 173, 176
908612.3.peg.634.site.6, 54, 169, 223
908612.3.peg.634.site.7, 9, 179, 188
908612.3.peg.634.site.8, 3, 180, 183
908612.3.peg.634.site.9, 67, 176, 243
908612.3.peg.634.site.10, 4, 179, 183
908612.3.peg.634.site.11, 81, 176, 257
908612.3.peg.634.site.12, 120, 177, 297
908612.3.peg.634.site.13, 0, 175, 175
908612.3.peg.634.site.14, 116, 175, 291
908612.3.peg.634.site.15, 138, 175, 313
908612.3.peg.634.site.16, 80, 177, 257
908612.3.peg.634.site.17, 5, 176, 181
908612.3.peg.634.site.18, 44, 174, 218
908612.3.peg.634.site.19, 2, 178, 180
908612.3.peg.635.site.1, 3, 174, 177
908612.3.peg.635.site.2, 2, 179, 181
908612.3.peg.635.site.3, 2, 180, 182
908612.3.peg.635.site.4, 2, 179, 181
908612.3.peg.635.site.5, 0, 180, 180
908612.3.peg.635.site.6, 150, 176, 326
908612.3.peg.635.site.7, 1, 172, 173
908612.3.peg.635.site.8, 0, 170, 170
908612.3.peg.635.site.9, 0, 173, 173
908612.3.peg.635.site.10, 3, 179, 182
908612.3.peg.635.site.11, 3, 180, 183
908612.3.peg.635.site.12, 158, 178, 336
908612.3.peg.635.site.13, 5, 174, 179
908612.3.peg.635.site.14, 91, 175, 266
908612.3.peg.635.site.15, 2, 177, 179
908612.3.peg.2592.site.1, 0, 178, 178
908612.3.peg.2592.site.2, 1, 178, 179
908612.3.peg.2592.site.3, 0, 167, 167
908612.3.peg.2592.site.4, 1, 179, 180
908612.3.peg.2592.site.5, 20, 174, 194
908612.3.peg.2592.site.6, 2, 177, 179
908612.3.peg.2592.site.7, 15, 177, 192
908612.3.peg.2592.site.8, 15, 178, 193
908612.3.peg.2592.site.9, 2, 178, 180
908612.3.peg.2592.site.10, 132, 152, 284
908612.3.peg.2592.site.11, 2, 178, 180
908612.3.peg.2592.site.12, 98, 172, 270
908612.3.peg.2592.site.13, 1, 175, 176
908612.3.peg.2592.site.14, 1, 166, 167
908612.3.peg.2592.site.15, 3, 168, 171
908612.3.peg.2592.site.16, 3, 160, 163
908612.3.peg.2592.site.17, 117, 176, 293
908612.3.peg.2592.site.18, 0, 180, 180
908612.3.peg.2592.site.19, 16, 180, 196
908612.3.peg.2592.site.20, 2, 179, 181
908612.3.peg.2592.site.21, 114, 175, 289
908612.3.peg.2592.site.22, 24, 175, 199
908612.3.peg.2592.site.23, 3, 178, 181
908612.3.peg.2592.site.24, 54, 176, 230
908612.3.peg.2592.site.25, 7, 178, 185
908612.3.peg.2592.site.26, 2, 177, 179
908612.3.peg.2592.site.27, 0, 180, 180
908612.3.peg.2592.site.28, 7, 180, 187
908612.3.peg.2592.site.29, 3, 177, 180
908612.3.peg.2592.site.30, 2, 176, 178
908612.3.peg.2592.site.31, 38, 178, 216
908612.3.peg.2592.site.32, 10, 176, 186
908612.3.peg.2592.site.33, 38, 166, 204
908612.3.peg.2592.site.34, 42, 170, 212
908612.3.peg.2592.site.35, 27, 175, 202
908612.3.peg.700.site.1, 94, 157, 251
908612.3.peg.700.site.2, 96, 160, 256
908612.3.peg.700.site.3, 2, 166, 168
908612.3.peg.700.site.4, 20, 164, 184
908612.3.peg.700.site.5, 1, 166, 167
908612.3.peg.700.site.6, 2, 168, 170
908612.3.peg.700.site.7, 91, 165, 256
908612.3.peg.700.site.8, 2, 168, 170
908612.3.peg.700.site.9, 95, 163, 258
908612.3.peg.700.site.10, 7, 166, 173
908612.3.peg.700.site.11, 97, 161, 258
908612.3.peg.700.site.12, 3, 165, 168
908612.3.peg.700.site.13, 1, 166, 167
908612.3.peg.700.site.14, 96, 159, 255
908612.3.peg.700.site.15, 97, 160, 257
908612.3.peg.700.site.16, 1, 165, 166
908612.3.peg.700.site.17, 109, 167, 276
908612.3.peg.700.site.18, 1, 167, 168
908612.3.peg.700.site.19, 1, 167, 168
908612.3.peg.700.site.20, 1, 166, 167
908612.3.peg.700.site.21, 15, 164, 179
908612.3.peg.700.site.22, 20, 166, 186
908612.3.peg.700.site.23, 6, 166, 172
908612.3.peg.700.site.24, 95, 157, 252
908612.3.peg.700.site.25, 12, 77, 89
908612.3.peg.700.site.26, 10, 74, 84
908612.3.peg.700.site.27, 50, 109, 159
908612.3.peg.700.site.28, 65, 124, 189
908612.3.peg.700.site.29, 0, 165, 165
908612.3.peg.700.site.30, 4, 166, 170
908612.3.peg.700.site.31, 9, 165, 174
908612.3.peg.700.site.32, 70, 162, 232
908612.3.peg.700.site.33, 4, 117, 121
908612.3.peg.700.site.34, 65, 123, 188
908612.3.peg.700.site.35, 57, 116, 173
908612.3.peg.700.site.36, 94, 152, 246
908612.3.peg.700.site.37, 104, 163, 267
908612.3.peg.700.site.38, 11, 163, 174
908612.3.peg.700.site.39, 1, 167, 168
908612.3.peg.700.site.40, 1, 167, 168
908612.3.peg.700.site.41, 6, 166, 172
908612.3.peg.700.site.42, 74, 162, 236
908612.3.peg.700.site.43, 131, 162, 293
908612.3.peg.700.site.44, 6, 165, 171
908612.3.peg.700.site.45, 88, 148, 236
908612.3.peg.700.site.46, 83, 144, 227
908612.3.peg.2593.site.1, 1, 177, 178
908612.3.peg.2593.site.2, 20, 163, 183
908612.3.peg.2593.site.3, 37, 149, 186
908612.3.peg.2593.site.4, 12, 141, 153
908612.3.peg.2593.site.5, 0, 130, 130
908612.3.peg.2593.site.6, 63, 122, 185
908612.3.peg.2593.site.7, 2, 140, 142
908612.3.peg.2593.site.8, 69, 141, 210
908612.3.peg.2593.site.9, 4, 155, 159
908612.3.peg.2593.site.10, 0, 156, 156
908612.3.peg.2593.site.11, 8, 131, 139
908612.3.peg.2593.site.12, 28, 130, 158
908612.3.peg.2593.site.13, 61, 137, 198
908612.3.peg.2593.site.14, 1, 147, 148
908612.3.peg.2593.site.15, 66, 143, 209
908612.3.peg.2593.site.16, 68, 156, 224
908612.3.peg.2593.site.17, 1, 128, 129
908612.3.peg.2593.site.18, 3, 130, 133
908612.3.peg.2593.site.19, 57, 122, 179
908612.3.peg.2593.site.20, 25, 125, 150
908612.3.peg.2593.site.21, 46, 141, 187
908612.3.peg.2593.site.22, 6, 130, 136
908612.3.peg.2593.site.23, 28, 130, 158
908612.3.peg.2593.site.24, 25, 128, 153
908612.3.peg.2593.site.25, 18, 127, 145
908612.3.peg.2593.site.26, 1, 148, 149
908612.3.peg.412.site.1, 6, 175, 181
908612.3.peg.412.site.2, 126, 163, 289
908612.3.peg.412.site.3, 2, 177, 179
908612.3.peg.412.site.4, 128, 173, 301
908612.3.peg.412.site.5, 0, 177, 177
908612.3.peg.412.site.6, 2, 178, 180
908612.3.peg.412.site.7, 1, 179, 180
908612.3.peg.412.site.8, 1, 179, 180
908612.3.peg.412.site.9, 95, 176, 271
908612.3.peg.412.site.10, 68, 179, 247
908612.3.peg.412.site.11, 32, 178, 210
908612.3.peg.412.site.12, 33, 176, 209
908612.3.peg.412.site.13, 32, 175, 207
908612.3.peg.412.site.14, 5, 178, 183
908612.3.peg.412.site.15, 1, 180, 181
908612.3.peg.412.site.16, 0, 179, 179
908612.3.peg.1627.site.1, 64, 175, 239
908612.3.peg.1627.site.2, 1, 179, 180
908612.3.peg.1627.site.3, 1, 178, 179
908612.3.peg.1627.site.4, 10, 178, 188
908612.3.peg.1627.site.5, 9, 174, 183
908612.3.peg.1627.site.6, 1, 177, 178
908612.3.peg.410.site.1, 26, 179, 205
908612.3.peg.410.site.2, 28, 177, 205
908612.3.peg.410.site.3, 68, 172, 240
908612.3.peg.410.site.4, 5, 172, 177
908612.3.peg.410.site.5, 48, 171, 219
908612.3.peg.410.site.6, 87, 171, 258
908612.3.peg.410.site.7, 5, 178, 183
908612.3.peg.410.site.8, 20, 170, 190
908612.3.peg.410.site.9, 4, 175, 179
908612.3.peg.410.site.10, 0, 176, 176
908612.3.peg.410.site.11, 1, 173, 174
908612.3.peg.410.site.12, 80, 177, 257
908612.3.peg.410.site.13, 2, 176, 178
908612.3.peg.410.site.14, 125, 177, 302
908612.3.peg.410.site.15, 6, 176, 182
908612.3.peg.410.site.16, 77, 176, 253
908612.3.peg.411.site.1, 4, 173, 177
908612.3.peg.411.site.2, 29, 174, 203
908612.3.peg.411.site.3, 1, 176, 177
908612.3.peg.411.site.4, 83, 168, 251
908612.3.peg.411.site.5, 31, 171, 202
908612.3.peg.411.site.6, 7, 171, 178
908612.3.peg.411.site.7, 71, 175, 246
908612.3.peg.411.site.8, 6, 180, 186
908612.3.peg.411.site.9, 1, 180, 181
908612.3.peg.411.site.10, 4, 178, 182
908612.3.peg.411.site.11, 1, 178, 179
908612.3.peg.411.site.12, 8, 177, 185
908612.3.peg.411.site.13, 32, 176, 208
908612.3.peg.411.site.14, 0, 179, 179
908612.3.peg.416.site.1, 62, 176, 238
908612.3.peg.416.site.2, 2, 177, 179
908612.3.peg.416.site.3, 90, 177, 267
908612.3.peg.416.site.4, 2, 178, 180
908612.3.peg.416.site.5, 34, 177, 211
908612.3.peg.416.site.6, 8, 180, 188
908612.3.peg.416.site.7, 86, 179, 265
908612.3.peg.416.site.8, 0, 179, 179
908612.3.peg.416.site.9, 14, 180, 194
908612.3.peg.416.site.10, 31, 173, 204
908612.3.peg.416.site.11, 0, 176, 176
908612.3.peg.416.site.12, 4, 179, 183
908612.3.peg.416.site.13, 3, 180, 183
908612.3.peg.416.site.14, 2, 178, 180
908612.3.peg.417.site.1, 2, 180, 182
908612.3.peg.417.site.2, 1, 180, 181
908612.3.peg.417.site.3, 54, 178, 232
908612.3.peg.417.site.4, 2, 179, 181
908612.3.peg.417.site.5, 6, 179, 185
908612.3.peg.417.site.6, 2, 179, 181
908612.3.peg.417.site.7, 11, 179, 190
908612.3.peg.417.site.8, 64, 175, 239
908612.3.peg.414.site.1, 27, 177, 204
908612.3.peg.414.site.2, 0, 180, 180
908612.3.peg.414.site.3, 101, 177, 278
908612.3.peg.414.site.4, 11, 178, 189
908612.3.peg.414.site.5, 127, 176, 303
908612.3.peg.414.site.6, 32, 168, 200
908612.3.peg.414.site.7, 63, 129, 192
908612.3.peg.414.site.8, 58, 129, 187
908612.3.peg.414.site.9, 1, 135, 136
908612.3.peg.414.site.10, 62, 138, 200
908612.3.peg.414.site.11, 10, 167, 177
908612.3.peg.414.site.12, 35, 175, 210
908612.3.peg.414.site.13, 13, 102, 115
908612.3.peg.414.site.14, 2, 84, 86
908612.3.peg.414.site.15, 2, 137, 139
908612.3.peg.414.site.16, 10, 157, 167
908612.3.peg.414.site.17, 3, 173, 176
908612.3.peg.414.site.18, 22, 174, 196
908612.3.peg.414.site.19, 3, 179, 182
908612.3.peg.415.site.1, 7, 177, 184
908612.3.peg.415.site.2, 44, 175, 219
908612.3.peg.415.site.3, 0, 178, 178
908612.3.peg.415.site.4, 2, 178, 180
908612.3.peg.415.site.5, 0, 176, 176
908612.3.peg.415.site.6, 83, 175, 258
908612.3.peg.415.site.7, 2, 176, 178
908612.3.peg.415.site.8, 19, 178, 197
908612.3.peg.415.site.9, 13, 176, 189
908612.3.peg.415.site.10, 86, 168, 254
908612.3.peg.415.site.11, 3, 172, 175
908612.3.peg.415.site.12, 1, 144, 145
908612.3.peg.415.site.13, 13, 142, 155
908612.3.peg.415.site.14, 0, 163, 163
908612.3.peg.415.site.15, 0, 164, 164
908612.3.peg.415.site.16, 14, 163, 177
908612.3.peg.415.site.17, 20, 170, 190
908612.3.peg.415.site.18, 4, 173, 177
908612.3.peg.415.site.19, 22, 173, 195
908612.3.peg.415.site.20, 58, 175, 233
908612.3.peg.415.site.21, 30, 177, 207
908612.3.peg.415.site.22, 9, 179, 188
908612.3.peg.415.site.23, 9, 179, 188
908612.3.peg.415.site.24, 14, 178, 192
908612.3.peg.415.site.25, 1, 180, 181
908612.3.peg.1987.site.1, 59, 177, 236
908612.3.peg.1987.site.2, 2, 179, 181
908612.3.peg.1987.site.3, 75, 177, 252
908612.3.peg.1987.site.4, 132, 180, 312
908612.3.peg.1987.site.5, 3, 179, 182
908612.3.peg.1987.site.6, 15, 178, 193
908612.3.peg.1987.site.7, 0, 174, 174
908612.3.peg.1987.site.8, 65, 170, 235
908612.3.peg.1987.site.9, 0, 175, 175
908612.3.peg.1987.site.10, 17, 174, 191
908612.3.peg.1987.site.11, 0, 177, 177
908612.3.peg.1987.site.12, 14, 138, 152
908612.3.peg.1987.site.13, 3, 140, 143
908612.3.peg.1987.site.14, 0, 150, 150
908612.3.peg.1987.site.15, 4, 165, 169
908612.3.peg.1987.site.16, 1, 173, 174
908612.3.peg.1987.site.17, 0, 174, 174
908612.3.peg.1987.site.18, 139, 174, 313
908612.3.peg.1987.site.19, 18, 178, 196
908612.3.peg.1987.site.20, 0, 178, 178
908612.3.peg.1987.site.21, 39, 176, 215
908612.3.peg.1987.site.22, 2, 178, 180
908612.3.peg.1987.site.23, 2, 177, 179
908612.3.peg.1987.site.24, 126, 176, 302
908612.3.peg.1987.site.25, 24, 176, 200
908612.3.peg.1987.site.26, 2, 176, 178
908612.3.peg.1987.site.27, 90, 173, 263
908612.3.peg.1987.site.28, 0, 176, 176
908612.3.peg.1547.site.1, 9, 175, 184
908612.3.peg.1547.site.2, 0, 178, 178
908612.3.peg.1547.site.3, 26, 178, 204
908612.3.peg.418.site.1, 66, 174, 240
908612.3.peg.418.site.2, 2, 178, 180
908612.3.peg.418.site.3, 30, 179, 209
908612.3.peg.418.site.4, 29, 178, 207
908612.3.peg.418.site.5, 1, 180, 181
908612.3.peg.418.site.6, 12, 177, 189
908612.3.peg.418.site.7, 3, 179, 182
908612.3.peg.418.site.8, 1, 178, 179
908612.3.peg.419.site.1, 1, 180, 181
908612.3.peg.419.site.2, 6, 180, 186
908612.3.peg.419.site.3, 1, 180, 181
908612.3.peg.419.site.4, 2, 180, 182
908612.3.peg.419.site.5, 0, 180, 180
908612.3.peg.419.site.6, 139, 176, 315
908612.3.peg.419.site.7, 6, 180, 186
908612.3.peg.419.site.8, 7, 176, 183
908612.3.peg.419.site.9, 3, 179, 182
908612.3.peg.419.site.10, 12, 178, 190
908612.3.peg.419.site.11, 0, 173, 173
908612.3.peg.419.site.12, 3, 171, 174
908612.3.peg.2604.site.1, 25, 178, 203
908612.3.peg.2604.site.2, 8, 165, 173
908612.3.peg.2604.site.3, 36, 176, 212
908612.3.peg.2604.site.4, 0, 176, 176
908612.3.peg.2604.site.5, 1, 156, 157
908612.3.peg.2604.site.6, 7, 151, 158
908612.3.peg.2604.site.7, 6, 130, 136
908612.3.peg.2604.site.8, 17, 139, 156
908612.3.peg.2604.site.9, 17, 129, 146
908612.3.peg.2604.site.10, 138, 156, 294
908612.3.peg.2604.site.11, 0, 157, 157
908612.3.peg.2604.site.12, 2, 159, 161
908612.3.peg.2604.site.13, 2, 141, 143
908612.3.peg.2604.site.14, 0, 156, 156
908612.3.peg.2604.site.15, 111, 161, 272
908612.3.peg.2604.site.16, 16, 158, 174
908612.3.peg.2604.site.17, 28, 156, 184
908612.3.peg.2604.site.18, 5, 158, 163
908612.3.peg.2604.site.19, 0, 169, 169
908612.3.peg.2604.site.20, 6, 176, 182
908612.3.peg.2604.site.21, 2, 179, 181
908612.3.peg.2604.site.22, 2, 180, 182
908612.3.peg.2604.site.23, 7, 178, 185
908612.3.peg.2604.site.24, 2, 176, 178
908612.3.peg.2604.site.25, 34, 173, 207
908612.3.peg.2604.site.26, 10, 173, 183
908612.3.peg.2604.site.27, 6, 174, 180
908612.3.peg.2604.site.28, 1, 172, 173
908612.3.peg.2604.site.29, 0, 170, 170
908612.3.peg.2604.site.30, 0, 177, 177
908612.3.peg.2604.site.31, 18, 178, 196
908612.3.peg.2604.site.32, 116, 171, 287
908612.3.peg.2604.site.33, 5, 173, 178
908612.3.peg.2604.site.34, 1, 167, 168
908612.3.peg.2604.site.35, 3, 163, 166
908612.3.peg.2604.site.36, 34, 165, 199
908612.3.peg.2604.site.37, 1, 179, 180
908612.3.peg.2604.site.38, 4, 177, 181
908612.3.peg.2604.site.39, 4, 177, 181
908612.3.peg.2604.site.40, 1, 179, 180
908612.3.peg.1626.site.1, 47, 136, 183
908612.3.peg.1626.site.2, 40, 158, 198
908612.3.peg.1626.site.3, 49, 140, 189
908612.3.peg.1626.site.4, 0, 174, 174
908612.3.peg.1626.site.5, 8, 179, 187
908612.3.peg.1626.site.6, 98, 176, 274
908612.3.peg.1626.site.7, 137, 179, 316
908612.3.peg.1626.site.8, 0, 180, 180
908612.3.peg.2605.site.1, 27, 176, 203
908612.3.peg.2605.site.2, 45, 174, 219
908612.3.peg.2605.site.3, 57, 146, 203
908612.3.peg.2605.site.4, 22, 153, 175
908612.3.peg.2605.site.5, 34, 160, 194
908612.3.peg.2605.site.6, 16, 145, 161
908612.3.peg.2605.site.7, 23, 145, 168
908612.3.peg.2605.site.8, 6, 169, 175
908612.3.peg.2605.site.9, 138, 178, 316
908612.3.peg.2605.site.10, 57, 173, 230
908612.3.peg.2605.site.11, 58, 175, 233
908612.3.peg.2605.site.12, 36, 176, 212
908612.3.peg.2605.site.13, 7, 180, 187
908612.3.peg.2605.site.14, 14, 178, 192
908612.3.peg.2605.site.15, 125, 177, 302
908612.3.peg.2605.site.16, 0, 180, 180
908612.3.peg.2603.site.1, 49, 138, 187
908612.3.peg.2603.site.2, 48, 131, 179
908612.3.peg.2603.site.3, 1, 140, 141
908612.3.peg.2603.site.4, 4, 134, 138
908612.3.peg.2603.site.5, 6, 133, 139
908612.3.peg.2603.site.6, 0, 148, 148
908612.3.peg.2603.site.7, 1, 162, 163
908612.3.peg.2603.site.8, 19, 168, 187
908612.3.peg.2603.site.9, 3, 168, 171
908612.3.peg.2603.site.10, 2, 169, 171
908612.3.peg.2603.site.11, 2, 173, 175
908612.3.peg.2603.site.12, 1, 174, 175
908612.3.peg.2603.site.13, 72, 171, 243
908612.3.peg.2603.site.14, 6, 175, 181
908612.3.peg.2603.site.15, 54, 171, 225
908612.3.peg.2603.site.16, 6, 167, 173
908612.3.peg.2603.site.17, 0, 163, 163
908612.3.peg.2603.site.18, 88, 150, 238
908612.3.peg.2603.site.19, 24, 162, 186
908612.3.peg.2603.site.20, 115, 142, 257
908612.3.peg.2603.site.21, 2, 155, 157
908612.3.peg.2603.site.22, 3, 174, 177
908612.3.peg.2603.site.23, 0, 156, 156
908612.3.peg.2603.site.24, 20, 126, 146
908612.3.peg.2603.site.25, 85, 142, 227
908612.3.peg.2603.site.26, 97, 174, 271
908612.3.peg.2603.site.27, 37, 172, 209
908612.3.peg.2603.site.28, 6, 172, 178
908612.3.peg.2919.site.1, 99, 179, 278
908612.3.peg.2919.site.2, 95, 177, 272
908612.3.peg.2919.site.3, 6, 178, 184
908612.3.peg.2919.site.4, 84, 169, 253
908612.3.peg.2919.site.5, 79, 160, 239
908612.3.peg.2919.site.6, 4, 169, 173
908612.3.peg.2919.site.7, 2, 171, 173
908612.3.peg.2919.site.8, 10, 171, 181
908612.3.peg.2919.site.9, 10, 179, 189
908612.3.peg.2919.site.10, 10, 174, 184
908612.3.peg.2919.site.11, 10, 178, 188
908612.3.peg.567.site.1, 1, 176, 177
908612.3.peg.567.site.2, 1, 176, 177
908612.3.peg.567.site.3, 2, 174, 176
908612.3.peg.567.site.4, 0, 174, 174
908612.3.peg.567.site.5, 1, 174, 175
908612.3.peg.567.site.6, 42, 170, 212
908612.3.peg.567.site.7, 30, 170, 200
908612.3.peg.567.site.8, 0, 172, 172
908612.3.peg.567.site.9, 6, 169, 175
908612.3.peg.567.site.10, 20, 165, 185
908612.3.peg.567.site.11, 25, 159, 184
908612.3.peg.567.site.12, 0, 163, 163
908612.3.peg.567.site.13, 1, 158, 159
908612.3.peg.567.site.14, 5, 162, 167
908612.3.peg.567.site.15, 8, 160, 168
908612.3.peg.567.site.16, 8, 163, 171
908612.3.peg.567.site.17, 42, 163, 205
908612.3.peg.567.site.18, 11, 165, 176
908612.3.peg.567.site.19, 10, 171, 181
908612.3.peg.567.site.20, 12, 170, 182
908612.3.peg.567.site.21, 0, 173, 173
908612.3.peg.567.site.22, 0, 174, 174
908612.3.peg.567.site.23, 19, 174, 193
908612.3.peg.567.site.24, 14, 171, 185
908612.3.peg.567.site.25, 14, 161, 175
908612.3.peg.567.site.26, 21, 160, 181
908612.3.peg.567.site.27, 4, 174, 178
908612.3.peg.567.site.28, 32, 171, 203
908612.3.peg.567.site.29, 0, 172, 172
908612.3.peg.564.site.1, 1, 162, 163
908612.3.peg.564.site.2, 1, 161, 162
908612.3.peg.564.site.3, 26, 124, 150
908612.3.peg.564.site.4, 0, 139, 139
908612.3.peg.564.site.5, 10, 167, 177
908612.3.peg.564.site.6, 171, 176, 347
908612.3.peg.564.site.7, 2, 177, 179
908612.3.peg.564.site.8, 22, 175, 197
908612.3.peg.564.site.9, 124, 172, 296
908612.3.peg.564.site.10, 2, 169, 171
908612.3.peg.564.site.11, 5, 160, 165
908612.3.peg.564.site.12, 45, 115, 160
908612.3.peg.564.site.13, 24, 95, 119
908612.3.peg.564.site.14, 13, 84, 97
908612.3.peg.564.site.15, 25, 104, 129
908612.3.peg.564.site.16, 3, 115, 118
908612.3.peg.564.site.17, 134, 162, 296
908612.3.peg.564.site.18, 135, 142, 277
908612.3.peg.564.site.19, 1, 165, 166
908612.3.peg.564.site.20, 48, 176, 224
908612.3.peg.564.site.21, 104, 173, 277
908612.3.peg.564.site.22, 170, 176, 346
908612.3.peg.564.site.23, 65, 178, 243
908612.3.peg.564.site.24, 9, 177, 186
908612.3.peg.564.site.25, 2, 176, 178
908612.3.peg.564.site.26, 10, 176, 186
908612.3.peg.564.site.27, 65, 173, 238
908612.3.peg.564.site.28, 3, 172, 175
908612.3.peg.564.site.29, 2, 173, 175
908612.3.peg.564.site.30, 91, 169, 260
908612.3.peg.564.site.31, 6, 154, 160
908612.3.peg.564.site.32, 80, 146, 226
908612.3.peg.564.site.33, 13, 152, 165
908612.3.peg.564.site.34, 0, 141, 141
908612.3.peg.564.site.35, 97, 171, 268
908612.3.peg.565.site.1, 3, 176, 179
908612.3.peg.565.site.2, 85, 172, 257
908612.3.peg.565.site.3, 84, 172, 256
908612.3.peg.565.site.4, 64, 172, 236
908612.3.peg.565.site.5, 4, 176, 180
908612.3.peg.565.site.6, 7, 170, 177
908612.3.peg.565.site.7, 16, 167, 183
908612.3.peg.565.site.8, 1, 177, 178
908612.3.peg.565.site.9, 0, 175, 175
908612.3.peg.565.site.10, 2, 173, 175
908612.3.peg.565.site.11, 19, 172, 191
908612.3.peg.565.site.12, 20, 174, 194
908612.3.peg.565.site.13, 0, 174, 174
908612.3.peg.565.site.14, 0, 175, 175
908612.3.peg.565.site.15, 2, 155, 157
908612.3.peg.562.site.1, 119, 173, 292
908612.3.peg.562.site.2, 102, 175, 277
908612.3.peg.562.site.3, 44, 170, 214
908612.3.peg.562.site.4, 2, 168, 170
908612.3.peg.562.site.5, 55, 143, 198
908612.3.peg.562.site.6, 8, 173, 181
908612.3.peg.562.site.7, 58, 166, 224
908612.3.peg.562.site.8, 10, 169, 179
908612.3.peg.562.site.9, 2, 175, 177
908612.3.peg.562.site.10, 50, 172, 222
908612.3.peg.562.site.11, 1, 180, 181
908612.3.peg.562.site.12, 1, 180, 181
908612.3.peg.562.site.13, 10, 179, 189
908612.3.peg.562.site.14, 0, 180, 180
908612.3.peg.562.site.15, 45, 178, 223
908612.3.peg.562.site.16, 1, 178, 179
908612.3.peg.562.site.17, 0, 178, 178
908612.3.peg.562.site.18, 10, 177, 187
908612.3.peg.562.site.19, 7, 179, 186
908612.3.peg.562.site.20, 76, 172, 248
908612.3.peg.562.site.21, 3, 176, 179
908612.3.peg.562.site.22, 3, 179, 182
908612.3.peg.562.site.23, 1, 178, 179
908612.3.peg.562.site.24, 2, 180, 182
908612.3.peg.562.site.25, 135, 175, 310
908612.3.peg.562.site.26, 10, 170, 180
908612.3.peg.562.site.27, 1, 169, 170
908612.3.peg.562.site.28, 141, 163, 304
908612.3.peg.562.site.29, 6, 165, 171
908612.3.peg.562.site.30, 2, 167, 169
908612.3.peg.562.site.31, 51, 160, 211
908612.3.peg.562.site.32, 86, 162, 248
908612.3.peg.562.site.33, 86, 163, 249
908612.3.peg.562.site.34, 0, 172, 172
908612.3.peg.562.site.35, 4, 174, 178
908612.3.peg.562.site.36, 1, 174, 175
908612.3.peg.562.site.37, 0, 176, 176
908612.3.peg.562.site.38, 15, 172, 187
908612.3.peg.562.site.39, 4, 177, 181
908612.3.peg.562.site.40, 70, 152, 222
908612.3.peg.562.site.41, 94, 163, 257
908612.3.peg.562.site.42, 5, 177, 182
908612.3.peg.562.site.43, 14, 163, 177
908612.3.peg.562.site.44, 5, 72, 77
908612.3.peg.562.site.45, 0, 70, 70
908612.3.peg.562.site.46, 2, 68, 70
908612.3.peg.562.site.47, 19, 85, 104
908612.3.peg.562.site.48, 0, 157, 157
908612.3.peg.562.site.49, 162, 165, 327
908612.3.peg.562.site.50, 1, 157, 158
908612.3.peg.562.site.51, 0, 167, 167
908612.3.peg.562.site.52, 109, 174, 283
908612.3.peg.562.site.53, 0, 167, 167
908612.3.peg.562.site.54, 143, 167, 310
908612.3.peg.562.site.55, 174, 178, 352
908612.3.peg.562.site.56, 42, 174, 216
908612.3.peg.563.site.1, 40, 179, 219
908612.3.peg.563.site.2, 0, 179, 179
908612.3.peg.563.site.3, 116, 177, 293
908612.3.peg.563.site.4, 1, 160, 161
908612.3.peg.560.site.1, 1, 177, 178
908612.3.peg.560.site.2, 70, 156, 226
908612.3.peg.560.site.3, 6, 166, 172
908612.3.peg.560.site.4, 165, 169, 334
908612.3.peg.560.site.5, 0, 174, 174
908612.3.peg.560.site.6, 0, 179, 179
908612.3.peg.560.site.7, 3, 179, 182
908612.3.peg.560.site.8, 1, 180, 181
908612.3.peg.560.site.9, 1, 179, 180
908612.3.peg.561.site.1, 0, 177, 177
908612.3.peg.561.site.2, 2, 180, 182
908612.3.peg.561.site.3, 0, 178, 178
908612.3.peg.561.site.4, 9, 178, 187
908612.3.peg.561.site.5, 93, 177, 270
908612.3.peg.561.site.6, 2, 178, 180
908612.3.peg.561.site.7, 3, 179, 182
908612.3.peg.561.site.8, 26, 173, 199
908612.3.peg.561.site.9, 3, 172, 175
908612.3.peg.561.site.10, 25, 172, 197
908612.3.peg.561.site.11, 54, 172, 226
908612.3.peg.561.site.12, 2, 180, 182
908612.3.peg.561.site.13, 2, 178, 180
908612.3.peg.561.site.14, 2, 180, 182
908612.3.peg.561.site.15, 4, 180, 184
908612.3.peg.561.site.16, 72, 178, 250
908612.3.peg.561.site.17, 22, 176, 198
908612.3.peg.561.site.18, 2, 178, 180
908612.3.peg.561.site.19, 8, 179, 187
908612.3.peg.561.site.20, 2, 179, 181
908612.3.peg.561.site.21, 1, 179, 180
908612.3.peg.561.site.22, 2, 180, 182
908612.3.peg.561.site.23, 46, 176, 222
908612.3.peg.561.site.24, 9, 179, 188
908612.3.peg.561.site.25, 0, 179, 179
908612.3.peg.2910.site.1, 65, 174, 239
908612.3.peg.2910.site.2, 138, 173, 311
908612.3.peg.2910.site.3, 139, 175, 314
908612.3.peg.2910.site.4, 6, 180, 186
908612.3.peg.2910.site.5, 40, 177, 217
908612.3.peg.2910.site.6, 109, 178, 287
908612.3.peg.2910.site.7, 46, 179, 225
908612.3.peg.2910.site.8, 10, 180, 190
908612.3.peg.2910.site.9, 5, 179, 184
908612.3.peg.2910.site.10, 5, 177, 182
908612.3.peg.2910.site.11, 14, 178, 192
908612.3.peg.2910.site.12, 0, 180, 180
908612.3.peg.2910.site.13, 1, 180, 181
908612.3.peg.2910.site.14, 144, 180, 324
908612.3.peg.2910.site.15, 105, 178, 283
908612.3.peg.2910.site.16, 0, 180, 180
908612.3.peg.2910.site.17, 2, 180, 182
908612.3.peg.2910.site.18, 20, 180, 200
908612.3.peg.2910.site.19, 145, 177, 322
908612.3.peg.2910.site.20, 23, 179, 202
908612.3.peg.2910.site.21, 10, 176, 186
908612.3.peg.2910.site.22, 2, 174, 176
908612.3.peg.2910.site.23, 5, 173, 178
908612.3.peg.2910.site.24, 11, 163, 174
908612.3.peg.2910.site.25, 0, 164, 164
908612.3.peg.2910.site.26, 137, 159, 296
908612.3.peg.2910.site.27, 7, 163, 170
908612.3.peg.2910.site.28, 10, 180, 190
908612.3.peg.2910.site.29, 0, 180, 180
908612.3.peg.2910.site.30, 10, 180, 190
908612.3.peg.2910.site.31, 1, 180, 181
908612.3.peg.2910.site.32, 3, 180, 183
908612.3.peg.2910.site.33, 0, 179, 179
908612.3.peg.2910.site.34, 6, 179, 185
908612.3.peg.2910.site.35, 2, 179, 181
908612.3.peg.2910.site.36, 6, 179, 185
908612.3.peg.2910.site.37, 0, 180, 180
908612.3.peg.2910.site.38, 1, 176, 177
908612.3.peg.2910.site.39, 2, 180, 182
908612.3.peg.568.site.1, 8, 174, 182
908612.3.peg.568.site.2, 22, 174, 196
908612.3.peg.568.site.3, 12, 174, 186
908612.3.peg.568.site.4, 1, 174, 175
908612.3.peg.568.site.5, 11, 171, 182
908612.3.peg.568.site.6, 115, 167, 282
908612.3.peg.568.site.7, 10, 170, 180
908612.3.peg.568.site.8, 3, 170, 173
908612.3.peg.568.site.9, 107, 147, 254
908612.3.peg.568.site.10, 0, 174, 174
908612.3.peg.569.site.1, 0, 156, 156
908612.3.peg.569.site.2, 4, 158, 162
908612.3.peg.569.site.3, 12, 168, 180
908612.3.peg.569.site.4, 11, 172, 183
908612.3.peg.569.site.5, 2, 173, 175
908612.3.peg.569.site.6, 2, 168, 170
908612.3.peg.569.site.7, 7, 158, 165
908612.3.peg.569.site.8, 1, 158, 159
908612.3.peg.569.site.9, 0, 153, 153
908612.3.peg.569.site.10, 0, 153, 153
908612.3.peg.569.site.11, 0, 167, 167
908612.3.peg.569.site.12, 20, 169, 189
908612.3.peg.569.site.13, 4, 173, 177
908612.3.peg.569.site.14, 94, 160, 254
908612.3.peg.569.site.15, 0, 173, 173
908612.3.peg.569.site.16, 140, 170, 310
908612.3.peg.569.site.17, 3, 167, 170
908612.3.peg.569.site.18, 3, 170, 173
908612.3.peg.569.site.19, 2, 170, 172
908612.3.peg.569.site.20, 2, 173, 175
908612.3.peg.569.site.21, 134, 163, 297
908612.3.peg.569.site.22, 74, 168, 242
908612.3.peg.569.site.23, 11, 169, 180
908612.3.peg.569.site.24, 0, 174, 174
908612.3.peg.569.site.25, 6, 173, 179
908612.3.peg.569.site.26, 0, 171, 171
908612.3.peg.569.site.27, 13, 165, 178
908612.3.peg.569.site.28, 7, 165, 172
908612.3.peg.569.site.29, 2, 150, 152
908612.3.peg.569.site.30, 2, 151, 153
908612.3.peg.569.site.31, 39, 143, 182
908612.3.peg.569.site.32, 0, 140, 140
908612.3.peg.569.site.33, 6, 146, 152
908612.3.peg.569.site.34, 3, 152, 155
908612.3.peg.569.site.35, 9, 159, 168
908612.3.peg.569.site.36, 0, 161, 161
908612.3.peg.569.site.37, 1, 169, 170
908612.3.peg.569.site.38, 13, 165, 178
908612.3.peg.569.site.39, 58, 164, 222
908612.3.peg.569.site.40, 0, 172, 172
908612.3.peg.569.site.41, 2, 173, 175
908612.3.peg.569.site.42, 2, 168, 170
908612.3.peg.569.site.43, 22, 171, 193
908612.3.peg.569.site.44, 2, 170, 172
908612.3.peg.569.site.45, 7, 169, 176
908612.3.peg.569.site.46, 1, 168, 169
908612.3.peg.569.site.47, 142, 169, 311
908612.3.peg.569.site.48, 8, 168, 176
908612.3.peg.569.site.49, 4, 170, 174
908612.3.peg.569.site.50, 2, 169, 171
908612.3.peg.569.site.51, 1, 166, 167
908612.3.peg.569.site.52, 0, 162, 162
908612.3.peg.569.site.53, 3, 162, 165
908612.3.peg.569.site.54, 6, 166, 172
908612.3.peg.569.site.55, 0, 163, 163
908612.3.peg.569.site.56, 93, 166, 259
908612.3.peg.569.site.57, 6, 174, 180
908612.3.peg.569.site.58, 166, 174, 340
908612.3.peg.569.site.59, 3, 171, 174
908612.3.peg.569.site.60, 43, 168, 211
908612.3.peg.569.site.61, 3, 169, 172
908612.3.peg.569.site.62, 8, 172, 180
908612.3.peg.569.site.63, 45, 172, 217
908612.3.peg.569.site.64, 45, 171, 216
908612.3.peg.569.site.65, 41, 169, 210
908612.3.peg.569.site.66, 153, 170, 323
908612.3.peg.569.site.67, 153, 170, 323
908612.3.peg.569.site.68, 131, 168, 299
908612.3.peg.569.site.69, 52, 170, 222
908612.3.peg.569.site.70, 0, 174, 174
908612.3.peg.2911.site.1, 5, 180, 185
908612.3.peg.2911.site.2, 4, 177, 181
908612.3.peg.2911.site.3, 5, 178, 183
908612.3.peg.2911.site.4, 3, 174, 177
908612.3.peg.2911.site.5, 0, 171, 171
908612.3.peg.2911.site.6, 4, 166, 170
908612.3.peg.2911.site.7, 4, 169, 173
908612.3.peg.2911.site.8, 28, 180, 208
908612.3.peg.2911.site.9, 8, 179, 187
908612.3.peg.2911.site.10, 10, 176, 186
908612.3.peg.2911.site.11, 23, 177, 200
908612.3.peg.2911.site.12, 22, 180, 202
908612.3.peg.2911.site.13, 37, 178, 215
908612.3.peg.2911.site.14, 11, 180, 191
908612.3.peg.2911.site.15, 111, 176, 287
908612.3.peg.2911.site.16, 7, 176, 183
908612.3.peg.2911.site.17, 127, 161, 288
908612.3.peg.2911.site.18, 114, 153, 267
908612.3.peg.2911.site.19, 81, 168, 249
908612.3.peg.2911.site.20, 0, 175, 175
908612.3.peg.2911.site.21, 67, 178, 245
908612.3.peg.2911.site.22, 10, 179, 189
908612.3.peg.2911.site.23, 1, 175, 176
908612.3.peg.2911.site.24, 4, 179, 183
908612.3.peg.2911.site.25, 2, 178, 180
908612.3.peg.2911.site.26, 0, 180, 180
908612.3.peg.2911.site.27, 9, 180, 189
908612.3.peg.2911.site.28, 0, 179, 179
908612.3.peg.2911.site.29, 0, 180, 180
908612.3.peg.2911.site.30, 152, 175, 327
908612.3.peg.2911.site.31, 3, 178, 181
908612.3.peg.2911.site.32, 9, 176, 185
908612.3.peg.2911.site.33, 9, 174, 183
908612.3.peg.2911.site.34, 8, 175, 183
908612.3.peg.2911.site.35, 36, 174, 210
908612.3.peg.2911.site.36, 2, 177, 179
908612.3.peg.413.site.1, 1, 177, 178
908612.3.peg.413.site.2, 0, 177, 177
908612.3.peg.413.site.3, 7, 174, 181
908612.3.peg.413.site.4, 0, 177, 177
908612.3.peg.413.site.5, 6, 178, 184
908612.3.peg.413.site.6, 7, 180, 187
908612.3.peg.413.site.7, 91, 177, 268
908612.3.peg.413.site.8, 9, 180, 189
908612.3.peg.413.site.9, 1, 180, 181
908612.3.peg.413.site.10, 8, 180, 188
908612.3.peg.413.site.11, 11, 178, 189
908612.3.peg.413.site.12, 5, 168, 173
908612.3.peg.413.site.13, 2, 145, 147
908612.3.peg.413.site.14, 0, 149, 149
908612.3.peg.413.site.15, 1, 136, 137
908612.3.peg.413.site.16, 1, 149, 150
908612.3.peg.413.site.17, 3, 170, 173
908612.3.peg.413.site.18, 0, 177, 177
908612.3.peg.413.site.19, 128, 179, 307
908612.3.peg.413.site.20, 12, 178, 190
908612.3.peg.413.site.21, 1, 179, 180
908612.3.peg.413.site.22, 31, 175, 206
908612.3.peg.413.site.23, 0, 179, 179
908612.3.peg.413.site.24, 0, 180, 180
908612.3.peg.413.site.25, 25, 176, 201
908612.3.peg.156.site.1, 3, 168, 171
908612.3.peg.156.site.2, 0, 167, 167
908612.3.peg.156.site.3, 67, 176, 243
908612.3.peg.156.site.4, 1, 180, 181
908612.3.peg.156.site.5, 0, 180, 180
908612.3.peg.156.site.6, 27, 148, 175
908612.3.peg.155.site.1, 0, 175, 175
908612.3.peg.155.site.2, 0, 175, 175
908612.3.peg.155.site.3, 0, 177, 177
908612.3.peg.155.site.4, 19, 176, 195
908612.3.peg.154.site.1, 6, 180, 186
908612.3.peg.154.site.2, 6, 180, 186
908612.3.peg.154.site.3, 4, 180, 184
908612.3.peg.154.site.4, 0, 178, 178
908612.3.peg.154.site.5, 131, 177, 308
908612.3.peg.154.site.6, 2, 179, 181
908612.3.peg.154.site.7, 5, 176, 181
908612.3.peg.154.site.8, 139, 174, 313
908612.3.peg.154.site.9, 0, 176, 176
908612.3.peg.154.site.10, 0, 175, 175
908612.3.peg.154.site.11, 2, 177, 179
908612.3.peg.154.site.12, 0, 177, 177
908612.3.peg.154.site.13, 0, 177, 177
908612.3.peg.154.site.14, 0, 177, 177
908612.3.peg.154.site.15, 7, 177, 184
908612.3.peg.154.site.16, 2, 180, 182
908612.3.peg.154.site.17, 105, 177, 282
908612.3.peg.154.site.18, 1, 178, 179
908612.3.peg.154.site.19, 1, 180, 181
908612.3.peg.154.site.20, 1, 178, 179
908612.3.peg.154.site.21, 1, 178, 179
908612.3.peg.154.site.22, 3, 180, 183
908612.3.peg.154.site.23, 6, 179, 185
908612.3.peg.154.site.24, 121, 177, 298
908612.3.peg.154.site.25, 59, 177, 236
908612.3.peg.154.site.26, 4, 180, 184
908612.3.peg.154.site.27, 2, 177, 179
908612.3.peg.154.site.28, 13, 175, 188
908612.3.peg.153.site.1, 1, 176, 177
908612.3.peg.153.site.2, 38, 168, 206
908612.3.peg.153.site.3, 11, 173, 184
908612.3.peg.153.site.4, 10, 171, 181
908612.3.peg.153.site.5, 3, 174, 177
908612.3.peg.153.site.6, 31, 174, 205
908612.3.peg.153.site.7, 43, 176, 219
908612.3.peg.153.site.8, 2, 179, 181
908612.3.peg.153.site.9, 15, 178, 193
908612.3.peg.153.site.10, 0, 179, 179
908612.3.peg.153.site.11, 13, 176, 189
908612.3.peg.153.site.12, 12, 177, 189
908612.3.peg.153.site.13, 6, 180, 186
908612.3.peg.153.site.14, 2, 180, 182
908612.3.peg.153.site.15, 2, 178, 180
908612.3.peg.153.site.16, 43, 175, 218
908612.3.peg.153.site.17, 6, 177, 183
908612.3.peg.153.site.18, 21, 178, 199
908612.3.peg.153.site.19, 44, 177, 221
908612.3.peg.152.site.1, 21, 176, 197
908612.3.peg.152.site.2, 1, 177, 178
908612.3.peg.152.site.3, 20, 171, 191
908612.3.peg.152.site.4, 16, 165, 181
908612.3.peg.152.site.5, 2, 152, 154
908612.3.peg.152.site.6, 1, 153, 154
908612.3.peg.152.site.7, 0, 169, 169
908612.3.peg.152.site.8, 0, 178, 178
908612.3.peg.152.site.9, 1, 180, 181
908612.3.peg.152.site.10, 10, 179, 189
908612.3.peg.152.site.11, 1, 177, 178
908612.3.peg.152.site.12, 5, 170, 175
908612.3.peg.152.site.13, 3, 140, 143
908612.3.peg.152.site.14, 9, 170, 179
908612.3.peg.152.site.15, 8, 140, 148
908612.3.peg.152.site.16, 8, 169, 177
908612.3.peg.152.site.17, 8, 170, 178
908612.3.peg.152.site.18, 22, 171, 193
908612.3.peg.152.site.19, 22, 166, 188
908612.3.peg.152.site.20, 0, 177, 177
908612.3.peg.152.site.21, 5, 173, 178
908612.3.peg.152.site.22, 3, 175, 178
908612.3.peg.152.site.23, 5, 175, 180
908612.3.peg.152.site.24, 15, 171, 186
908612.3.peg.152.site.25, 2, 177, 179
908612.3.peg.152.site.26, 7, 176, 183
908612.3.peg.152.site.27, 1, 177, 178
908612.3.peg.152.site.28, 1, 177, 178
908612.3.peg.152.site.29, 1, 179, 180
908612.3.peg.152.site.30, 1, 177, 178
908612.3.peg.152.site.31, 4, 163, 167
908612.3.peg.152.site.32, 5, 171, 176
908612.3.peg.152.site.33, 1, 177, 178
908612.3.peg.152.site.34, 5, 178, 183
908612.3.peg.152.site.35, 0, 180, 180
908612.3.peg.152.site.36, 41, 178, 219
908612.3.peg.152.site.37, 0, 179, 179
908612.3.peg.152.site.38, 15, 175, 190
908612.3.peg.151.site.1, 0, 180, 180
908612.3.peg.151.site.2, 123, 177, 300
908612.3.peg.151.site.3, 128, 177, 305
908612.3.peg.151.site.4, 0, 179, 179
908612.3.peg.151.site.5, 125, 173, 298
908612.3.peg.151.site.6, 123, 171, 294
908612.3.peg.151.site.7, 121, 169, 290
908612.3.peg.151.site.8, 5, 170, 175
908612.3.peg.151.site.9, 4, 174, 178
908612.3.peg.151.site.10, 8, 174, 182
908612.3.peg.151.site.11, 89, 165, 254
908612.3.peg.151.site.12, 26, 166, 192
908612.3.peg.151.site.13, 25, 165, 190
908612.3.peg.151.site.14, 30, 158, 188
908612.3.peg.151.site.15, 122, 171, 293
908612.3.peg.151.site.16, 28, 170, 198
908612.3.peg.151.site.17, 1, 171, 172
908612.3.peg.151.site.18, 17, 173, 190
908612.3.peg.151.site.19, 90, 173, 263
908612.3.peg.151.site.20, 31, 172, 203
908612.3.peg.151.site.21, 33, 174, 207
908612.3.peg.151.site.22, 86, 173, 259
908612.3.peg.151.site.23, 1, 180, 181
908612.3.peg.151.site.24, 94, 160, 254
908612.3.peg.151.site.25, 7, 155, 162
908612.3.peg.151.site.26, 110, 159, 269
908612.3.peg.151.site.27, 1, 170, 171
908612.3.peg.151.site.28, 24, 170, 194
908612.3.peg.151.site.29, 0, 173, 173
908612.3.peg.151.site.30, 0, 176, 176
908612.3.peg.151.site.31, 2, 177, 179
908612.3.peg.151.site.32, 0, 179, 179
908612.3.peg.151.site.33, 135, 179, 314
908612.3.peg.151.site.34, 11, 180, 191
908612.3.peg.151.site.35, 1, 179, 180
908612.3.peg.151.site.36, 0, 177, 177
908612.3.peg.151.site.37, 0, 177, 177
908612.3.peg.151.site.38, 0, 174, 174
908612.3.peg.151.site.39, 1, 175, 176
908612.3.peg.151.site.40, 0, 168, 168
908612.3.peg.151.site.41, 34, 167, 201
908612.3.peg.151.site.42, 7, 160, 167
908612.3.peg.151.site.43, 5, 158, 163
908612.3.peg.151.site.44, 114, 156, 270
908612.3.peg.151.site.45, 3, 165, 168
908612.3.peg.151.site.46, 2, 170, 172
908612.3.peg.151.site.47, 15, 172, 187
908612.3.peg.151.site.48, 132, 174, 306
908612.3.peg.151.site.49, 5, 174, 179
908612.3.peg.151.site.50, 3, 174, 177
908612.3.peg.151.site.51, 5, 173, 178
908612.3.peg.151.site.52, 12, 177, 189
908612.3.peg.151.site.53, 10, 177, 187
908612.3.peg.151.site.54, 101, 177, 278
908612.3.peg.151.site.55, 2, 177, 179
908612.3.peg.151.site.56, 101, 176, 277
908612.3.peg.151.site.57, 5, 179, 184
908612.3.peg.151.site.58, 5, 179, 184
908612.3.peg.151.site.59, 1, 180, 181
908612.3.peg.151.site.60, 10, 179, 189
908612.3.peg.151.site.61, 2, 178, 180
908612.3.peg.151.site.62, 5, 179, 184
908612.3.peg.151.site.63, 3, 178, 181
908612.3.peg.151.site.64, 16, 171, 187
908612.3.peg.151.site.65, 15, 172, 187
908612.3.peg.151.site.66, 120, 177, 297
908612.3.peg.151.site.67, 5, 180, 185
908612.3.peg.151.site.68, 0, 179, 179
908612.3.peg.151.site.69, 2, 174, 176
908612.3.peg.151.site.70, 2, 174, 176
908612.3.peg.150.site.1, 10, 174, 184
908612.3.peg.150.site.2, 2, 167, 169
908612.3.peg.150.site.3, 0, 162, 162
908612.3.peg.150.site.4, 8, 161, 169
908612.3.peg.150.site.5, 13, 169, 182
908612.3.peg.150.site.6, 29, 174, 203
908612.3.peg.150.site.7, 12, 178, 190
908612.3.peg.150.site.8, 1, 179, 180
908612.3.peg.150.site.9, 140, 178, 318
908612.3.peg.150.site.10, 7, 152, 159
908612.3.peg.150.site.11, 2, 152, 154
908612.3.peg.150.site.12, 1, 163, 164
908612.3.peg.1128.site.1, 0, 173, 173
908612.3.peg.1128.site.2, 4, 169, 173
908612.3.peg.1128.site.3, 5, 155, 160
908612.3.peg.1128.site.4, 6, 157, 163
908612.3.peg.1128.site.5, 11, 161, 172
908612.3.peg.1128.site.6, 2, 178, 180
908612.3.peg.1128.site.7, 107, 172, 279
908612.3.peg.1128.site.8, 131, 174, 305
908612.3.peg.1128.site.9, 56, 176, 232
908612.3.peg.1128.site.10, 1, 179, 180
908612.3.peg.1128.site.11, 90, 174, 264
908612.3.peg.1128.site.12, 0, 179, 179
908612.3.peg.1128.site.13, 2, 179, 181
908612.3.peg.1128.site.14, 3, 177, 180
908612.3.peg.1128.site.15, 3, 178, 181
908612.3.peg.1128.site.16, 27, 174, 201
908612.3.peg.1128.site.17, 0, 179, 179
908612.3.peg.1128.site.18, 57, 174, 231
908612.3.peg.1128.site.19, 1, 179, 180
908612.3.peg.1128.site.20, 6, 176, 182
908612.3.peg.1128.site.21, 25, 174, 199
908612.3.peg.1128.site.22, 1, 172, 173
908612.3.peg.1128.site.23, 14, 174, 188
908612.3.peg.1128.site.24, 51, 175, 226
908612.3.peg.1128.site.25, 0, 179, 179
908612.3.peg.1128.site.26, 0, 179, 179
908612.3.peg.1128.site.27, 138, 177, 315
908612.3.peg.1128.site.28, 2, 178, 180
908612.3.peg.1128.site.29, 28, 174, 202
908612.3.peg.1129.site.1, 29, 174, 203
908612.3.peg.1129.site.2, 37, 174, 211
908612.3.peg.1129.site.3, 9, 176, 185
908612.3.peg.1129.site.4, 22, 177, 199
908612.3.peg.1129.site.5, 1, 178, 179
908612.3.peg.1129.site.6, 58, 173, 231
908612.3.peg.1129.site.7, 2, 177, 179
908612.3.peg.1129.site.8, 0, 178, 178
908612.3.peg.1129.site.9, 0, 177, 177
908612.3.peg.1129.site.10, 29, 176, 205
908612.3.peg.1129.site.11, 2, 178, 180
908612.3.peg.1129.site.12, 0, 177, 177
908612.3.peg.1129.site.13, 12, 176, 188
908612.3.peg.1129.site.14, 42, 175, 217
908612.3.peg.1129.site.15, 8, 177, 185
908612.3.peg.1129.site.16, 0, 178, 178
908612.3.peg.1129.site.17, 9, 178, 187
908612.3.peg.1129.site.18, 94, 172, 266
908612.3.peg.1129.site.19, 2, 167, 169
908612.3.peg.1129.site.20, 64, 167, 231
908612.3.peg.1129.site.21, 45, 172, 217
908612.3.peg.1129.site.22, 2, 178, 180
908612.3.peg.1129.site.23, 72, 175, 247
908612.3.peg.1129.site.24, 12, 178, 190
908612.3.peg.1690.site.1, 3, 180, 183
908612.3.peg.1690.site.2, 15, 179, 194
908612.3.peg.1690.site.3, 24, 177, 201
908612.3.peg.1690.site.4, 2, 180, 182
908612.3.peg.1690.site.5, 24, 178, 202
908612.3.peg.1690.site.6, 25, 177, 202
908612.3.peg.1690.site.7, 11, 179, 190
908612.3.peg.1690.site.8, 7, 179, 186
908612.3.peg.1690.site.9, 146, 178, 324
908612.3.peg.1690.site.10, 0, 179, 179
908612.3.peg.1690.site.11, 115, 178, 293
908612.3.peg.1690.site.12, 26, 179, 205
908612.3.peg.1690.site.13, 25, 177, 202
908612.3.peg.1690.site.14, 0, 179, 179
908612.3.peg.1690.site.15, 86, 175, 261
908612.3.peg.1690.site.16, 0, 178, 178
908612.3.peg.1690.site.17, 141, 174, 315
908612.3.peg.1690.site.18, 144, 178, 322
908612.3.peg.1690.site.19, 1, 177, 178
908612.3.peg.1690.site.20, 2, 176, 178
908612.3.peg.1690.site.21, 2, 144, 146
908612.3.peg.1690.site.22, 69, 174, 243
908612.3.peg.1690.site.23, 86, 173, 259
908612.3.peg.1690.site.24, 6, 95, 101
908612.3.peg.1690.site.25, 50, 135, 185
908612.3.peg.1690.site.26, 92, 168, 260
908612.3.peg.1690.site.27, 14, 179, 193
908612.3.peg.1690.site.28, 66, 179, 245
908612.3.peg.1690.site.29, 9, 177, 186
908612.3.peg.1690.site.30, 93, 174, 267
908612.3.peg.1690.site.31, 2, 178, 180
908612.3.peg.1690.site.32, 0, 180, 180
908612.3.peg.1690.site.33, 0, 168, 168
908612.3.peg.1690.site.34, 3, 174, 177
908612.3.peg.1690.site.35, 64, 176, 240
908612.3.peg.1690.site.36, 0, 176, 176
908612.3.peg.1690.site.37, 0, 177, 177
908612.3.peg.1690.site.38, 61, 176, 237
908612.3.peg.1690.site.39, 4, 175, 179
908612.3.peg.1690.site.40, 13, 174, 187
908612.3.peg.1690.site.41, 3, 180, 183
908612.3.peg.1690.site.42, 142, 177, 319
908612.3.peg.1690.site.43, 4, 178, 182
908612.3.peg.1690.site.44, 1, 178, 179
908612.3.peg.1690.site.45, 5, 180, 185
908612.3.peg.1690.site.46, 141, 177, 318
908612.3.peg.1690.site.47, 1, 178, 179
908612.3.peg.1690.site.48, 96, 175, 271
908612.3.peg.1690.site.49, 143, 178, 321
908612.3.peg.1690.site.50, 2, 180, 182
908612.3.peg.1690.site.51, 3, 179, 182
908612.3.peg.1691.site.1, 97, 133, 230
908612.3.peg.1691.site.2, 75, 131, 206
908612.3.peg.1691.site.3, 0, 180, 180
908612.3.peg.1691.site.4, 3, 177, 180
908612.3.peg.1691.site.5, 3, 180, 183
908612.3.peg.1691.site.6, 4, 180, 184
908612.3.peg.1691.site.7, 0, 180, 180
908612.3.peg.1691.site.8, 1, 179, 180
908612.3.peg.1691.site.9, 2, 180, 182
908612.3.peg.1692.site.1, 81, 175, 256
908612.3.peg.1692.site.2, 39, 175, 214
908612.3.peg.1692.site.3, 28, 154, 182
908612.3.peg.1692.site.4, 5, 164, 169
908612.3.peg.1692.site.5, 24, 169, 193
908612.3.peg.1692.site.6, 6, 174, 180
908612.3.peg.1692.site.7, 0, 174, 174
908612.3.peg.1692.site.8, 10, 175, 185
908612.3.peg.1692.site.9, 51, 176, 227
908612.3.peg.1692.site.10, 1, 180, 181
908612.3.peg.1692.site.11, 35, 175, 210
908612.3.peg.1692.site.12, 8, 179, 187
908612.3.peg.1692.site.13, 13, 177, 190
908612.3.peg.1692.site.14, 39, 170, 209
908612.3.peg.1692.site.15, 6, 173, 179
908612.3.peg.1692.site.16, 6, 139, 145
908612.3.peg.1692.site.17, 3, 144, 147
908612.3.peg.1692.site.18, 43, 146, 189
908612.3.peg.1692.site.19, 3, 141, 144
908612.3.peg.1692.site.20, 14, 155, 169
908612.3.peg.1692.site.21, 38, 146, 184
908612.3.peg.1692.site.22, 3, 163, 166
908612.3.peg.1692.site.23, 6, 162, 168
908612.3.peg.1692.site.24, 0, 154, 154
908612.3.peg.1692.site.25, 34, 154, 188
908612.3.peg.1692.site.26, 5, 127, 132
908612.3.peg.1692.site.27, 6, 136, 142
908612.3.peg.1692.site.28, 12, 135, 147
908612.3.peg.1692.site.29, 8, 136, 144
908612.3.peg.1692.site.30, 0, 175, 175
908612.3.peg.1692.site.31, 86, 175, 261
908612.3.peg.1692.site.32, 89, 175, 264
908612.3.peg.1692.site.33, 3, 179, 182
908612.3.peg.1692.site.34, 73, 177, 250
908612.3.peg.1692.site.35, 41, 177, 218
908612.3.peg.1692.site.36, 89, 175, 264
908612.3.peg.1692.site.37, 49, 177, 226
908612.3.peg.1692.site.38, 65, 175, 240
908612.3.peg.1692.site.39, 44, 173, 217
908612.3.peg.1692.site.40, 108, 175, 283
908612.3.peg.1692.site.41, 2, 178, 180
908612.3.peg.1692.site.42, 0, 179, 179
908612.3.peg.1692.site.43, 58, 179, 237
908612.3.peg.1693.site.1, 3, 179, 182
908612.3.peg.1693.site.2, 6, 168, 174
908612.3.peg.1693.site.3, 89, 154, 243
908612.3.peg.1693.site.4, 3, 170, 173
908612.3.peg.1693.site.5, 19, 177, 196
908612.3.peg.1693.site.6, 56, 174, 230
908612.3.peg.1693.site.7, 56, 175, 231
908612.3.peg.1693.site.8, 2, 178, 180
908612.3.peg.1693.site.9, 4, 180, 184
908612.3.peg.1693.site.10, 5, 178, 183
908612.3.peg.1693.site.11, 52, 167, 219
908612.3.peg.1693.site.12, 90, 159, 249
908612.3.peg.1693.site.13, 61, 177, 238
908612.3.peg.1693.site.14, 0, 180, 180
908612.3.peg.1693.site.15, 0, 180, 180
908612.3.peg.1693.site.16, 166, 178, 344
908612.3.peg.1693.site.17, 20, 178, 198
908612.3.peg.1693.site.18, 11, 176, 187
908612.3.peg.1693.site.19, 71, 176, 247
908612.3.peg.1693.site.20, 139, 175, 314
908612.3.peg.1693.site.21, 0, 178, 178
908612.3.peg.1693.site.22, 40, 178, 218
908612.3.peg.1693.site.23, 0, 180, 180
908612.3.peg.1693.site.24, 6, 178, 184
908612.3.peg.1693.site.25, 0, 176, 176
908612.3.peg.1693.site.26, 2, 180, 182
908612.3.peg.1693.site.27, 3, 179, 182
908612.3.peg.1693.site.28, 72, 175, 247
908612.3.peg.1693.site.29, 0, 178, 178
908612.3.peg.1694.site.1, 41, 179, 220
908612.3.peg.1694.site.2, 41, 179, 220
908612.3.peg.1694.site.3, 97, 177, 274
908612.3.peg.1694.site.4, 0, 177, 177
908612.3.peg.1694.site.5, 0, 176, 176
908612.3.peg.1694.site.6, 41, 173, 214
908612.3.peg.1694.site.7, 2, 178, 180
908612.3.peg.1694.site.8, 0, 179, 179
908612.3.peg.1694.site.9, 57, 171, 228
908612.3.peg.1694.site.10, 102, 176, 278
908612.3.peg.1694.site.11, 40, 177, 217
908612.3.peg.1694.site.12, 0, 180, 180
908612.3.peg.1695.site.1, 0, 180, 180
908612.3.peg.1695.site.2, 0, 177, 177
908612.3.peg.1695.site.3, 0, 174, 174
908612.3.peg.1695.site.4, 0, 178, 178
908612.3.peg.1695.site.5, 0, 179, 179
908612.3.peg.1695.site.6, 171, 180, 351
908612.3.peg.1695.site.7, 0, 176, 176
908612.3.peg.1695.site.8, 172, 179, 351
908612.3.peg.1695.site.9, 1, 174, 175
908612.3.peg.1695.site.10, 160, 179, 339
908612.3.peg.1695.site.11, 106, 172, 278
908612.3.peg.1695.site.12, 6, 174, 180
908612.3.peg.1695.site.13, 42, 169, 211
908612.3.peg.1695.site.14, 93, 156, 249
908612.3.peg.1695.site.15, 30, 154, 184
908612.3.peg.1695.site.16, 6, 158, 164
908612.3.peg.1695.site.17, 143, 167, 310
908612.3.peg.1695.site.18, 15, 174, 189
908612.3.peg.1695.site.19, 4, 177, 181
908612.3.peg.1695.site.20, 59, 174, 233
908612.3.peg.1695.site.21, 43, 174, 217
908612.3.peg.1695.site.22, 24, 176, 200
908612.3.peg.1695.site.23, 69, 174, 243
908612.3.peg.1695.site.24, 4, 178, 182
908612.3.peg.1695.site.25, 24, 175, 199
908612.3.peg.1695.site.26, 0, 178, 178
908612.3.peg.1695.site.27, 111, 176, 287
908612.3.peg.1695.site.28, 43, 178, 221
908612.3.peg.1695.site.29, 13, 161, 174
908612.3.peg.1695.site.30, 1, 178, 179
908612.3.peg.1695.site.31, 0, 179, 179
908612.3.peg.1695.site.32, 8, 179, 187
908612.3.peg.1695.site.33, 2, 179, 181
908612.3.peg.1695.site.34, 6, 180, 186
908612.3.peg.1695.site.35, 6, 179, 185
908612.3.peg.1695.site.36, 0, 180, 180
908612.3.peg.1695.site.37, 1, 180, 181
908612.3.peg.1695.site.38, 0, 176, 176
908612.3.peg.1695.site.39, 4, 178, 182
908612.3.peg.1234.site.1, 55, 177, 232
908612.3.peg.1234.site.2, 29, 176, 205
908612.3.peg.1234.site.3, 49, 177, 226
908612.3.peg.1234.site.4, 37, 174, 211
908612.3.peg.1234.site.5, 54, 174, 228
908612.3.peg.1234.site.6, 19, 176, 195
908612.3.peg.1234.site.7, 1, 179, 180
908612.3.peg.1234.site.8, 0, 180, 180
908612.3.peg.1234.site.9, 152, 179, 331
908612.3.peg.1234.site.10, 2, 180, 182
908612.3.peg.1234.site.11, 22, 180, 202
908612.3.peg.1234.site.12, 50, 177, 227
908612.3.peg.1234.site.13, 2, 179, 181
908612.3.peg.1234.site.14, 53, 175, 228
908612.3.peg.1234.site.15, 2, 180, 182
908612.3.peg.1234.site.16, 11, 179, 190
908612.3.peg.1234.site.17, 5, 179, 184
908612.3.peg.1234.site.18, 32, 180, 212
908612.3.peg.1234.site.19, 3, 179, 182
908612.3.peg.1234.site.20, 4, 179, 183
908612.3.peg.1234.site.21, 7, 180, 187
908612.3.peg.1234.site.22, 7, 179, 186
908612.3.peg.1234.site.23, 4, 177, 181
908612.3.peg.1234.site.24, 1, 178, 179
908612.3.peg.1234.site.25, 8, 176, 184
908612.3.peg.1234.site.26, 14, 180, 194
908612.3.peg.1234.site.27, 45, 176, 221
908612.3.peg.1234.site.28, 2, 180, 182
908612.3.peg.1234.site.29, 1, 180, 181
908612.3.peg.1234.site.30, 1, 179, 180
908612.3.peg.1234.site.31, 0, 179, 179
908612.3.peg.1234.site.32, 27, 165, 192
908612.3.peg.1234.site.33, 1, 169, 170
908612.3.peg.1234.site.34, 7, 159, 166
908612.3.peg.1234.site.35, 5, 162, 167
908612.3.peg.1234.site.36, 12, 165, 177
908612.3.peg.1234.site.37, 43, 170, 213
908612.3.peg.1234.site.38, 44, 172, 216
908612.3.peg.1234.site.39, 30, 173, 203
908612.3.peg.1234.site.40, 12, 177, 189
908612.3.peg.1234.site.41, 5, 180, 185
908612.3.peg.1234.site.42, 0, 180, 180
908612.3.peg.1234.site.43, 2, 180, 182
908612.3.peg.1234.site.44, 35, 179, 214
908612.3.peg.1234.site.45, 5, 179, 184
908612.3.peg.1234.site.46, 0, 178, 178
908612.3.peg.1234.site.47, 9, 179, 188
908612.3.peg.1234.site.48, 34, 178, 212
908612.3.peg.1234.site.49, 0, 178, 178
908612.3.peg.1234.site.50, 22, 180, 202
908612.3.peg.1232.site.1, 36, 165, 201
908612.3.peg.1232.site.2, 3, 178, 181
908612.3.peg.1232.site.3, 2, 178, 180
908612.3.peg.1232.site.4, 0, 175, 175
908612.3.peg.1232.site.5, 106, 170, 276
908612.3.peg.1232.site.6, 2, 175, 177
908612.3.peg.1232.site.7, 2, 172, 174
908612.3.peg.1232.site.8, 34, 168, 202
908612.3.peg.1232.site.9, 6, 179, 185
908612.3.peg.1232.site.10, 36, 178, 214
908612.3.peg.1232.site.11, 2, 180, 182
908612.3.peg.1232.site.12, 0, 176, 176
908612.3.peg.1232.site.13, 5, 176, 181
908612.3.peg.1232.site.14, 1, 162, 163
908612.3.peg.1232.site.15, 24, 150, 174
908612.3.peg.1232.site.16, 56, 136, 192
908612.3.peg.1232.site.17, 30, 134, 164
908612.3.peg.1232.site.18, 0, 136, 136
908612.3.peg.1232.site.19, 2, 158, 160
908612.3.peg.1232.site.20, 38, 173, 211
908612.3.peg.1232.site.21, 5, 156, 161
908612.3.peg.1232.site.22, 93, 149, 242
908612.3.peg.1232.site.23, 5, 166, 171
908612.3.peg.1232.site.24, 90, 167, 257
908612.3.peg.1232.site.25, 76, 168, 244
908612.3.peg.1232.site.26, 13, 176, 189
908612.3.peg.1233.site.1, 1, 178, 179
908612.3.peg.1233.site.2, 12, 173, 185
908612.3.peg.1233.site.3, 1, 174, 175
908612.3.peg.1233.site.4, 2, 168, 170
908612.3.peg.1233.site.5, 75, 166, 241
908612.3.peg.1233.site.6, 2, 164, 166
908612.3.peg.1233.site.7, 3, 164, 167
908612.3.peg.1233.site.8, 1, 180, 181
908612.3.peg.1233.site.9, 88, 176, 264
908612.3.peg.1233.site.10, 2, 179, 181
908612.3.peg.1230.site.1, 67, 174, 241
908612.3.peg.1230.site.2, 12, 177, 189
908612.3.peg.1230.site.3, 11, 175, 186
908612.3.peg.1230.site.4, 76, 177, 253
908612.3.peg.1230.site.5, 12, 179, 191
908612.3.peg.1230.site.6, 59, 176, 235
908612.3.peg.1230.site.7, 0, 180, 180
908612.3.peg.1230.site.8, 153, 178, 331
908612.3.peg.1230.site.9, 103, 176, 279
908612.3.peg.1230.site.10, 47, 175, 222
908612.3.peg.1230.site.11, 2, 180, 182
908612.3.peg.1230.site.12, 0, 179, 179
908612.3.peg.1230.site.13, 71, 174, 245
908612.3.peg.1230.site.14, 0, 179, 179
908612.3.peg.1230.site.15, 135, 177, 312
908612.3.peg.1230.site.16, 15, 179, 194
908612.3.peg.1230.site.17, 13, 179, 192
908612.3.peg.1230.site.18, 1, 180, 181
908612.3.peg.1230.site.19, 0, 178, 178
908612.3.peg.1230.site.20, 5, 175, 180
908612.3.peg.1231.site.1, 0, 179, 179
908612.3.peg.1231.site.2, 4, 176, 180
908612.3.peg.1231.site.3, 3, 179, 182
908612.3.peg.1231.site.4, 0, 180, 180
908612.3.peg.1231.site.5, 3, 177, 180
908612.3.peg.1231.site.6, 94, 173, 267
908612.3.peg.1231.site.7, 4, 170, 174
908612.3.peg.1231.site.8, 46, 159, 205
908612.3.peg.1231.site.9, 3, 170, 173
908612.3.peg.1231.site.10, 1, 176, 177
908612.3.peg.1231.site.11, 1, 179, 180
908612.3.peg.1231.site.12, 95, 176, 271
908612.3.peg.1231.site.13, 0, 173, 173
908612.3.peg.1231.site.14, 95, 178, 273
908612.3.peg.1231.site.15, 6, 178, 184
908612.3.peg.1231.site.16, 2, 180, 182
908612.3.peg.1231.site.17, 5, 175, 180
908612.3.peg.1231.site.18, 0, 175, 175
908612.3.peg.1231.site.19, 1, 178, 179
908612.3.peg.1231.site.20, 2, 175, 177
908612.3.peg.1231.site.21, 26, 175, 201
908612.3.peg.1231.site.22, 2, 168, 170
908612.3.peg.1231.site.23, 10, 170, 180
908612.3.peg.1231.site.24, 0, 175, 175
908612.3.peg.1231.site.25, 58, 175, 233
908612.3.peg.1231.site.26, 29, 177, 206
908612.3.peg.1231.site.27, 4, 179, 183
908612.3.peg.1231.site.28, 2, 167, 169
908612.3.peg.1231.site.29, 0, 166, 166
908612.3.peg.1231.site.30, 65, 162, 227
908612.3.peg.1231.site.31, 1, 180, 181
908612.3.peg.1231.site.32, 1, 176, 177
908612.3.peg.1231.site.33, 13, 170, 183
908612.3.peg.1231.site.34, 23, 171, 194
908612.3.peg.1231.site.35, 4, 173, 177
908612.3.peg.1231.site.36, 13, 177, 190
908612.3.peg.1231.site.37, 1, 180, 181
908612.3.peg.1231.site.38, 1, 178, 179
908612.3.peg.1231.site.39, 3, 180, 183
908612.3.peg.1231.site.40, 3, 177, 180
908612.3.peg.1231.site.41, 106, 177, 283
908612.3.peg.1231.site.42, 86, 179, 265
908612.3.peg.1231.site.43, 0, 180, 180
908612.3.peg.1231.site.44, 73, 166, 239
908612.3.peg.1231.site.45, 14, 174, 188
908612.3.peg.1231.site.46, 14, 175, 189
908612.3.peg.1231.site.47, 5, 173, 178
908612.3.peg.1231.site.48, 0, 179, 179
908612.3.peg.1231.site.49, 32, 176, 208
908612.3.peg.1231.site.50, 3, 178, 181
908612.3.peg.1231.site.51, 6, 165, 171
908612.3.peg.1231.site.52, 4, 174, 178
908612.3.peg.1231.site.53, 84, 173, 257
908612.3.peg.1231.site.54, 4, 175, 179
908612.3.peg.1231.site.55, 1, 174, 175
908612.3.peg.1231.site.56, 4, 176, 180
908612.3.peg.1231.site.57, 52, 171, 223
908612.3.peg.1231.site.58, 44, 155, 199
908612.3.peg.1231.site.59, 4, 161, 165
908612.3.peg.1231.site.60, 56, 179, 235
908612.3.peg.1231.site.61, 3, 177, 180
908612.3.peg.1231.site.62, 4, 180, 184
908612.3.peg.1231.site.63, 4, 180, 184
908612.3.peg.1231.site.64, 0, 179, 179
908612.3.peg.1231.site.65, 61, 180, 241
908612.3.peg.1231.site.66, 2, 180, 182
908612.3.peg.1231.site.67, 68, 176, 244
908612.3.peg.1231.site.68, 56, 177, 233
908612.3.peg.1231.site.69, 9, 179, 188
908612.3.peg.1231.site.70, 1, 178, 179
908612.3.peg.1231.site.71, 147, 174, 321
908612.3.peg.1231.site.72, 58, 170, 228
908612.3.peg.1231.site.73, 12, 171, 183
908612.3.peg.1231.site.74, 13, 174, 187
908612.3.peg.1231.site.75, 0, 179, 179
908612.3.peg.1231.site.76, 92, 179, 271
908612.3.peg.1231.site.77, 93, 180, 273
908612.3.peg.1231.site.78, 0, 180, 180
908612.3.peg.1231.site.79, 1, 180, 181
908612.3.peg.1231.site.80, 0, 180, 180
908612.3.peg.1231.site.81, 2, 180, 182
908612.3.peg.1742.site.1, 0, 179, 179
908612.3.peg.1742.site.2, 0, 180, 180
908612.3.peg.1742.site.3, 2, 178, 180
908612.3.peg.1743.site.1, 19, 172, 191
908612.3.peg.1743.site.2, 0, 159, 159
908612.3.peg.1743.site.3, 1, 163, 164
908612.3.peg.1743.site.4, 19, 162, 181
908612.3.peg.1743.site.5, 88, 156, 244
908612.3.peg.1743.site.6, 92, 154, 246
908612.3.peg.1743.site.7, 1, 171, 172
908612.3.peg.1743.site.8, 1, 163, 164
908612.3.peg.1743.site.9, 86, 140, 226
908612.3.peg.1743.site.10, 0, 177, 177
908612.3.peg.1740.site.1, 20, 180, 200
908612.3.peg.1740.site.2, 1, 173, 174
908612.3.peg.1740.site.3, 1, 180, 181
908612.3.peg.1740.site.4, 4, 180, 184
908612.3.peg.1740.site.5, 31, 178, 209
908612.3.peg.1740.site.6, 32, 174, 206
908612.3.peg.1740.site.7, 2, 176, 178
908612.3.peg.1740.site.8, 15, 170, 185
908612.3.peg.1740.site.9, 14, 176, 190
908612.3.peg.1740.site.10, 0, 173, 173
908612.3.peg.1740.site.11, 3, 174, 177
908612.3.peg.1740.site.12, 55, 176, 231
908612.3.peg.1740.site.13, 2, 173, 175
908612.3.peg.1740.site.14, 1, 155, 156
908612.3.peg.1740.site.15, 2, 172, 174
908612.3.peg.1740.site.16, 5, 155, 160
908612.3.peg.1740.site.17, 31, 170, 201
908612.3.peg.1740.site.18, 30, 175, 205
908612.3.peg.1740.site.19, 2, 180, 182
908612.3.peg.1746.site.1, 81, 161, 242
908612.3.peg.1746.site.2, 5, 165, 170
908612.3.peg.1746.site.3, 77, 170, 247
908612.3.peg.1746.site.4, 74, 169, 243
908612.3.peg.1746.site.5, 1, 179, 180
908612.3.peg.1746.site.6, 8, 178, 186
908612.3.peg.1746.site.7, 11, 168, 179
908612.3.peg.1746.site.8, 72, 173, 245
908612.3.peg.1746.site.9, 1, 178, 179
908612.3.peg.1746.site.10, 1, 179, 180
908612.3.peg.1746.site.11, 1, 179, 180
908612.3.peg.1746.site.12, 53, 172, 225
908612.3.peg.1746.site.13, 10, 178, 188
908612.3.peg.1746.site.14, 3, 171, 174
908612.3.peg.1746.site.15, 19, 172, 191
908612.3.peg.1746.site.16, 1, 176, 177
908612.3.peg.1746.site.17, 48, 175, 223
908612.3.peg.1746.site.18, 3, 178, 181
908612.3.peg.1746.site.19, 13, 173, 186
908612.3.peg.1746.site.20, 146, 178, 324
908612.3.peg.1746.site.21, 70, 176, 246
908612.3.peg.1746.site.22, 4, 180, 184
908612.3.peg.1746.site.23, 0, 180, 180
908612.3.peg.1211.site.1, 2, 179, 181
908612.3.peg.1211.site.2, 2, 178, 180
908612.3.peg.1211.site.3, 2, 179, 181
908612.3.peg.1211.site.4, 44, 178, 222
908612.3.peg.1211.site.5, 0, 180, 180
908612.3.peg.1211.site.6, 43, 177, 220
908612.3.peg.1211.site.7, 4, 180, 184
908612.3.peg.1211.site.8, 0, 180, 180
908612.3.peg.1211.site.9, 8, 180, 188
908612.3.peg.1211.site.10, 14, 179, 193
908612.3.peg.1211.site.11, 1, 180, 181
908612.3.peg.1211.site.12, 24, 179, 203
908612.3.peg.1211.site.13, 33, 177, 210
908612.3.peg.1211.site.14, 6, 180, 186
908612.3.peg.1211.site.15, 7, 180, 187
908612.3.peg.1211.site.16, 9, 179, 188
908612.3.peg.1211.site.17, 4, 180, 184
908612.3.peg.1211.site.18, 0, 179, 179
908612.3.peg.1211.site.19, 4, 180, 184
908612.3.peg.1211.site.20, 1, 175, 176
908612.3.peg.1211.site.21, 1, 174, 175
908612.3.peg.1211.site.22, 22, 167, 189
908612.3.peg.1211.site.23, 25, 170, 195
908612.3.peg.1211.site.24, 3, 177, 180
908612.3.peg.1211.site.25, 33, 179, 212
908612.3.peg.1211.site.26, 4, 178, 182
908612.3.peg.1211.site.27, 38, 176, 214
908612.3.peg.1211.site.28, 3, 179, 182
908612.3.peg.1211.site.29, 4, 179, 183
908612.3.peg.1211.site.30, 31, 173, 204
908612.3.peg.1211.site.31, 6, 180, 186
908612.3.peg.1211.site.32, 5, 180, 185
908612.3.peg.1211.site.33, 3, 180, 183
908612.3.peg.1211.site.34, 69, 178, 247
908612.3.peg.1211.site.35, 9, 176, 185
908612.3.peg.1744.site.1, 0, 176, 176
908612.3.peg.1744.site.2, 6, 176, 182
908612.3.peg.1744.site.3, 0, 172, 172
908612.3.peg.1744.site.4, 0, 173, 173
908612.3.peg.1744.site.5, 24, 166, 190
908612.3.peg.1744.site.6, 16, 158, 174
908612.3.peg.1744.site.7, 6, 120, 126
908612.3.peg.1744.site.8, 2, 142, 144
908612.3.peg.1744.site.9, 8, 160, 168
908612.3.peg.1744.site.10, 9, 166, 175
908612.3.peg.1744.site.11, 6, 174, 180
908612.3.peg.1744.site.12, 1, 173, 174
908612.3.peg.1744.site.13, 0, 178, 178
908612.3.peg.1744.site.14, 89, 175, 264
908612.3.peg.1744.site.15, 56, 160, 216
908612.3.peg.1744.site.16, 72, 150, 222
908612.3.peg.1744.site.17, 73, 150, 223
908612.3.peg.1744.site.18, 2, 166, 168
908612.3.peg.1744.site.19, 101, 161, 262
908612.3.peg.1744.site.20, 3, 171, 174
908612.3.peg.1348.site.1, 39, 177, 216
908612.3.peg.1348.site.2, 2, 175, 177
908612.3.peg.1348.site.3, 0, 179, 179
908612.3.peg.1348.site.4, 6, 179, 185
908612.3.peg.1348.site.5, 24, 175, 199
908612.3.peg.1348.site.6, 30, 167, 197
908612.3.peg.1348.site.7, 2, 179, 181
908612.3.peg.1348.site.8, 3, 179, 182
908612.3.peg.1348.site.9, 8, 177, 185
908612.3.peg.1348.site.10, 10, 179, 189
908612.3.peg.1348.site.11, 3, 176, 179
908612.3.peg.1348.site.12, 2, 179, 181
908612.3.peg.1348.site.13, 2, 180, 182
908612.3.peg.1348.site.14, 42, 177, 219
908612.3.peg.1348.site.15, 5, 179, 184
908612.3.peg.1348.site.16, 6, 179, 185
908612.3.peg.1348.site.17, 6, 179, 185
908612.3.peg.1348.site.18, 3, 180, 183
908612.3.peg.1348.site.19, 0, 164, 164
908612.3.peg.1348.site.20, 13, 177, 190
908612.3.peg.1348.site.21, 0, 178, 178
908612.3.peg.1348.site.22, 4, 178, 182
908612.3.peg.1348.site.23, 3, 177, 180
908612.3.peg.1348.site.24, 5, 173, 178
908612.3.peg.1348.site.25, 8, 172, 180
908612.3.peg.1348.site.26, 10, 171, 181
908612.3.peg.1348.site.27, 0, 172, 172
908612.3.peg.1348.site.28, 70, 166, 236
908612.3.peg.1348.site.29, 82, 172, 254
908612.3.peg.1348.site.30, 58, 171, 229
908612.3.peg.1348.site.31, 1, 177, 178
908612.3.peg.1349.site.1, 8, 166, 174
908612.3.peg.1349.site.2, 2, 171, 173
908612.3.peg.1349.site.3, 6, 179, 185
908612.3.peg.1349.site.4, 98, 173, 271
908612.3.peg.1349.site.5, 1, 179, 180
908612.3.peg.1349.site.6, 2, 175, 177
908612.3.peg.1349.site.7, 103, 177, 280
908612.3.peg.1349.site.8, 4, 180, 184
908612.3.peg.1349.site.9, 88, 179, 267
908612.3.peg.1349.site.10, 0, 180, 180
908612.3.peg.1349.site.11, 154, 180, 334
908612.3.peg.1349.site.12, 12, 177, 189
908612.3.peg.1349.site.13, 0, 177, 177
908612.3.peg.1349.site.14, 79, 163, 242
908612.3.peg.1349.site.15, 80, 166, 246
908612.3.peg.1349.site.16, 2, 178, 180
908612.3.peg.1349.site.17, 3, 180, 183
908612.3.peg.1349.site.18, 83, 174, 257
908612.3.peg.1349.site.19, 13, 178, 191
908612.3.peg.1349.site.20, 36, 179, 215
908612.3.peg.1349.site.21, 103, 175, 278
908612.3.peg.1346.site.1, 5, 180, 185
908612.3.peg.1346.site.2, 40, 176, 216
908612.3.peg.1346.site.3, 7, 177, 184
908612.3.peg.1346.site.4, 40, 169, 209
908612.3.peg.1346.site.5, 0, 179, 179
908612.3.peg.1346.site.6, 22, 178, 200
908612.3.peg.1346.site.7, 39, 177, 216
908612.3.peg.1346.site.8, 41, 179, 220
908612.3.peg.1346.site.9, 10, 179, 189
908612.3.peg.1346.site.10, 2, 180, 182
908612.3.peg.1346.site.11, 0, 179, 179
908612.3.peg.1346.site.12, 1, 180, 181
908612.3.peg.1346.site.13, 8, 179, 187
908612.3.peg.1346.site.14, 0, 178, 178
908612.3.peg.1346.site.15, 17, 178, 195
908612.3.peg.1346.site.16, 34, 177, 211
908612.3.peg.1346.site.17, 2, 179, 181
908612.3.peg.1346.site.18, 30, 178, 208
908612.3.peg.1346.site.19, 31, 178, 209
908612.3.peg.1346.site.20, 3, 179, 182
908612.3.peg.1346.site.21, 5, 178, 183
908612.3.peg.1346.site.22, 123, 175, 298
908612.3.peg.1347.site.1, 22, 179, 201
908612.3.peg.1347.site.2, 2, 179, 181
908612.3.peg.1347.site.3, 5, 180, 185
908612.3.peg.1347.site.4, 52, 176, 228
908612.3.peg.1347.site.5, 10, 176, 186
908612.3.peg.1347.site.6, 2, 172, 174
908612.3.peg.1347.site.7, 4, 174, 178
908612.3.peg.1347.site.8, 3, 178, 181
908612.3.peg.1347.site.9, 3, 178, 181
908612.3.peg.1347.site.10, 0, 171, 171
908612.3.peg.1347.site.11, 60, 169, 229
908612.3.peg.1347.site.12, 0, 168, 168
908612.3.peg.1347.site.13, 10, 173, 183
908612.3.peg.1347.site.14, 0, 175, 175
908612.3.peg.1347.site.15, 10, 165, 175
908612.3.peg.1347.site.16, 0, 162, 162
908612.3.peg.1347.site.17, 29, 176, 205
908612.3.peg.1347.site.18, 0, 180, 180
908612.3.peg.1347.site.19, 30, 179, 209
908612.3.peg.1347.site.20, 0, 176, 176
908612.3.peg.1347.site.21, 28, 179, 207
908612.3.peg.1347.site.22, 28, 176, 204
908612.3.peg.1344.site.1, 78, 179, 257
908612.3.peg.1344.site.2, 1, 180, 181
908612.3.peg.1344.site.3, 0, 180, 180
908612.3.peg.1344.site.4, 0, 180, 180
908612.3.peg.1344.site.5, 0, 180, 180
908612.3.peg.1344.site.6, 39, 179, 218
908612.3.peg.1344.site.7, 148, 177, 325
908612.3.peg.1344.site.8, 7, 179, 186
908612.3.peg.1344.site.9, 1, 175, 176
908612.3.peg.1344.site.10, 1, 180, 181
908612.3.peg.1344.site.11, 1, 176, 177
908612.3.peg.1344.site.12, 9, 173, 182
908612.3.peg.1344.site.13, 1, 175, 176
908612.3.peg.1344.site.14, 152, 172, 324
908612.3.peg.1344.site.15, 1, 172, 173
908612.3.peg.1344.site.16, 39, 176, 215
908612.3.peg.1344.site.17, 9, 179, 188
908612.3.peg.1344.site.18, 8, 180, 188
908612.3.peg.1344.site.19, 49, 179, 228
908612.3.peg.1344.site.20, 9, 179, 188
908612.3.peg.1344.site.21, 2, 178, 180
908612.3.peg.1344.site.22, 9, 177, 186
908612.3.peg.1344.site.23, 9, 177, 186
908612.3.peg.1344.site.24, 0, 180, 180
908612.3.peg.1344.site.25, 10, 179, 189
908612.3.peg.1344.site.26, 2, 180, 182
908612.3.peg.1344.site.27, 0, 179, 179
908612.3.peg.1344.site.28, 1, 180, 181
908612.3.peg.1344.site.29, 0, 180, 180
908612.3.peg.1344.site.30, 10, 179, 189
908612.3.peg.1344.site.31, 10, 179, 189
908612.3.peg.1344.site.32, 3, 178, 181
908612.3.peg.1344.site.33, 0, 179, 179
908612.3.peg.1344.site.34, 72, 173, 245
908612.3.peg.1344.site.35, 8, 179, 187
908612.3.peg.1344.site.36, 33, 178, 211
908612.3.peg.1344.site.37, 2, 174, 176
908612.3.peg.1344.site.38, 4, 174, 178
908612.3.peg.1344.site.39, 6, 178, 184
908612.3.peg.1344.site.40, 100, 175, 275
908612.3.peg.1344.site.41, 3, 179, 182
908612.3.peg.1344.site.42, 66, 177, 243
908612.3.peg.1344.site.43, 4, 177, 181
908612.3.peg.1344.site.44, 38, 143, 181
908612.3.peg.1344.site.45, 28, 133, 161
908612.3.peg.1344.site.46, 1, 141, 142
908612.3.peg.1344.site.47, 0, 134, 134
908612.3.peg.1344.site.48, 9, 154, 163
908612.3.peg.1344.site.49, 49, 146, 195
908612.3.peg.1344.site.50, 57, 153, 210
908612.3.peg.1344.site.51, 1, 165, 166
908612.3.peg.1344.site.52, 72, 169, 241
908612.3.peg.1344.site.53, 2, 176, 178
908612.3.peg.1344.site.54, 2, 179, 181
908612.3.peg.1344.site.55, 40, 179, 219
908612.3.peg.1344.site.56, 3, 179, 182
908612.3.peg.1344.site.57, 0, 179, 179
908612.3.peg.1344.site.58, 36, 176, 212
908612.3.peg.1344.site.59, 2, 180, 182
908612.3.peg.1344.site.60, 8, 180, 188
908612.3.peg.1344.site.61, 75, 176, 251
908612.3.peg.1213.site.1, 0, 176, 176
908612.3.peg.1213.site.2, 0, 177, 177
908612.3.peg.1213.site.3, 1, 180, 181
908612.3.peg.1213.site.4, 0, 175, 175
908612.3.peg.1213.site.5, 35, 140, 175
908612.3.peg.1213.site.6, 11, 170, 181
908612.3.peg.1213.site.7, 44, 168, 212
908612.3.peg.1213.site.8, 12, 175, 187
908612.3.peg.1213.site.9, 12, 177, 189
908612.3.peg.1213.site.10, 4, 178, 182
908612.3.peg.1213.site.11, 71, 174, 245
908612.3.peg.1213.site.12, 61, 172, 233
908612.3.peg.1213.site.13, 13, 179, 192
908612.3.peg.1213.site.14, 13, 179, 192
908612.3.peg.1213.site.15, 112, 175, 287
908612.3.peg.1213.site.16, 3, 178, 181
908612.3.peg.1213.site.17, 0, 179, 179
908612.3.peg.1213.site.18, 55, 173, 228
908612.3.peg.1213.site.19, 52, 170, 222
908612.3.peg.1213.site.20, 9, 178, 187
908612.3.peg.1213.site.21, 2, 180, 182
908612.3.peg.1213.site.22, 4, 180, 184
908612.3.peg.1213.site.23, 0, 179, 179
908612.3.peg.1213.site.24, 8, 180, 188
908612.3.peg.1213.site.25, 1, 178, 179
908612.3.peg.1213.site.26, 32, 174, 206
908612.3.peg.1213.site.27, 11, 178, 189
908612.3.peg.1213.site.28, 1, 180, 181
908612.3.peg.1213.site.29, 0, 179, 179
908612.3.peg.1213.site.30, 1, 179, 180
908612.3.peg.1213.site.31, 7, 175, 182
908612.3.peg.1213.site.32, 8, 179, 187
908612.3.peg.1213.site.33, 4, 178, 182
908612.3.peg.1213.site.34, 73, 173, 246
908612.3.peg.1342.site.1, 65, 178, 243
908612.3.peg.1342.site.2, 133, 174, 307
908612.3.peg.1342.site.3, 2, 180, 182
908612.3.peg.1342.site.4, 0, 177, 177
908612.3.peg.1342.site.5, 3, 178, 181
908612.3.peg.1342.site.6, 0, 180, 180
908612.3.peg.1342.site.7, 46, 177, 223
908612.3.peg.1342.site.8, 1, 180, 181
908612.3.peg.1342.site.9, 1, 180, 181
908612.3.peg.1342.site.10, 74, 174, 248
908612.3.peg.1343.site.1, 1, 179, 180
908612.3.peg.1343.site.2, 39, 179, 218
908612.3.peg.1661.site.1, 11, 164, 175
908612.3.peg.1661.site.2, 32, 159, 191
908612.3.peg.1661.site.3, 1, 160, 161
908612.3.peg.1661.site.4, 12, 160, 172
908612.3.peg.1661.site.5, 13, 161, 174
908612.3.peg.1661.site.6, 0, 168, 168
908612.3.peg.1661.site.7, 1, 172, 173
908612.3.peg.1661.site.8, 4, 174, 178
908612.3.peg.1661.site.9, 97, 175, 272
908612.3.peg.1661.site.10, 0, 178, 178
908612.3.peg.1661.site.11, 0, 178, 178
908612.3.peg.1661.site.12, 117, 172, 289
908612.3.peg.1661.site.13, 6, 177, 183
908612.3.peg.1661.site.14, 0, 177, 177
908612.3.peg.1661.site.15, 31, 172, 203
908612.3.peg.1661.site.16, 0, 179, 179
908612.3.peg.1661.site.17, 134, 179, 313
908612.3.peg.1661.site.18, 2, 179, 181
908612.3.peg.70.site.1, 52, 144, 196
908612.3.peg.70.site.2, 4, 155, 159
908612.3.peg.70.site.3, 5, 155, 160
908612.3.peg.70.site.4, 121, 161, 282
908612.3.peg.70.site.5, 123, 164, 287
908612.3.peg.70.site.6, 9, 169, 178
908612.3.peg.70.site.7, 52, 171, 223
908612.3.peg.70.site.8, 25, 178, 203
908612.3.peg.70.site.9, 115, 176, 291
908612.3.peg.70.site.10, 59, 173, 232
908612.3.peg.70.site.11, 59, 176, 235
908612.3.peg.70.site.12, 62, 176, 238
908612.3.peg.70.site.13, 49, 177, 226
908612.3.peg.70.site.14, 9, 180, 189
908612.3.peg.70.site.15, 3, 179, 182
908612.3.peg.70.site.16, 1, 180, 181
908612.3.peg.70.site.17, 73, 177, 250
908612.3.peg.70.site.18, 20, 177, 197
908612.3.peg.73.site.1, 25, 155, 180
908612.3.peg.73.site.2, 4, 159, 163
908612.3.peg.73.site.3, 6, 158, 164
908612.3.peg.73.site.4, 16, 164, 180
908612.3.peg.73.site.5, 6, 169, 175
908612.3.peg.73.site.6, 11, 173, 184
908612.3.peg.73.site.7, 11, 173, 184
908612.3.peg.73.site.8, 66, 167, 233
908612.3.peg.73.site.9, 4, 175, 179
908612.3.peg.73.site.10, 37, 173, 210
908612.3.peg.73.site.11, 27, 178, 205
908612.3.peg.73.site.12, 45, 176, 221
908612.3.peg.73.site.13, 39, 179, 218
908612.3.peg.73.site.14, 44, 172, 216
908612.3.peg.73.site.15, 18, 175, 193
908612.3.peg.73.site.16, 3, 179, 182
908612.3.peg.73.site.17, 8, 179, 187
908612.3.peg.73.site.18, 1, 172, 173
908612.3.peg.73.site.19, 0, 177, 177
908612.3.peg.73.site.20, 43, 174, 217
908612.3.peg.73.site.21, 4, 178, 182
908612.3.peg.73.site.22, 1, 176, 177
908612.3.peg.73.site.23, 9, 173, 182
908612.3.peg.73.site.24, 25, 170, 195
908612.3.peg.73.site.25, 1, 178, 179
908612.3.peg.73.site.26, 8, 179, 187
908612.3.peg.73.site.27, 12, 178, 190
908612.3.peg.73.site.28, 1, 179, 180
908612.3.peg.73.site.29, 8, 178, 186
908612.3.peg.1662.site.1, 0, 179, 179
908612.3.peg.1662.site.2, 0, 180, 180
908612.3.peg.1662.site.3, 16, 177, 193
908612.3.peg.1662.site.4, 65, 172, 237
908612.3.peg.1662.site.5, 16, 176, 192
908612.3.peg.1662.site.6, 94, 171, 265
908612.3.peg.1662.site.7, 0, 179, 179
908612.3.peg.1662.site.8, 1, 179, 180
908612.3.peg.1662.site.9, 138, 179, 317
908612.3.peg.1662.site.10, 8, 179, 187
908612.3.peg.1662.site.11, 17, 176, 193
908612.3.peg.1662.site.12, 4, 177, 181
908612.3.peg.1662.site.13, 4, 178, 182
908612.3.peg.1662.site.14, 36, 177, 213
908612.3.peg.1662.site.15, 0, 179, 179
908612.3.peg.1662.site.16, 50, 171, 221
908612.3.peg.1662.site.17, 1, 179, 180
908612.3.peg.1662.site.18, 5, 180, 185
908612.3.peg.1662.site.19, 0, 178, 178
908612.3.peg.1662.site.20, 82, 177, 259
908612.3.peg.1662.site.21, 6, 178, 184
908612.3.peg.1662.site.22, 143, 177, 320
908612.3.peg.1662.site.23, 3, 179, 182
908612.3.peg.1662.site.24, 5, 178, 183
908612.3.peg.1662.site.25, 1, 174, 175
908612.3.peg.1662.site.26, 110, 167, 277
908612.3.peg.1662.site.27, 1, 172, 173
908612.3.peg.1662.site.28, 9, 174, 183
908612.3.peg.1662.site.29, 6, 174, 180
908612.3.peg.1662.site.30, 4, 178, 182
908612.3.peg.1662.site.31, 80, 174, 254
908612.3.peg.1662.site.32, 12, 176, 188
908612.3.peg.1662.site.33, 2, 180, 182
908612.3.peg.1662.site.34, 20, 179, 199
908612.3.peg.1662.site.35, 16, 179, 195
908612.3.peg.1662.site.36, 0, 178, 178
908612.3.peg.1662.site.37, 36, 178, 214
908612.3.peg.1662.site.38, 23, 179, 202
908612.3.peg.1662.site.39, 10, 177, 187
908612.3.peg.1662.site.40, 20, 179, 199
908612.3.peg.1662.site.41, 77, 176, 253
908612.3.peg.1662.site.42, 51, 179, 230
908612.3.peg.1662.site.43, 36, 177, 213
908612.3.peg.1662.site.44, 29, 178, 207
908612.3.peg.1662.site.45, 30, 177, 207
908612.3.peg.1662.site.46, 28, 177, 205
908612.3.peg.1662.site.47, 27, 175, 202
908612.3.peg.1662.site.48, 23, 173, 196
908612.3.peg.1662.site.49, 0, 177, 177
908612.3.peg.1662.site.50, 21, 174, 195
908612.3.peg.1662.site.51, 6, 180, 186
908612.3.peg.1662.site.52, 54, 178, 232
908612.3.peg.1662.site.53, 5, 179, 184
908612.3.peg.1662.site.54, 1, 178, 179
908612.3.peg.1662.site.55, 2, 179, 181
908612.3.peg.1584.site.1, 49, 174, 223
908612.3.peg.1584.site.2, 2, 173, 175
908612.3.peg.1584.site.3, 0, 161, 161
908612.3.peg.1584.site.4, 44, 159, 203
908612.3.peg.1584.site.5, 1, 169, 170
908612.3.peg.1584.site.6, 0, 174, 174
908612.3.peg.1584.site.7, 1, 174, 175
908612.3.peg.1584.site.8, 1, 178, 179
908612.3.peg.1584.site.9, 2, 164, 166
908612.3.peg.1584.site.10, 7, 178, 185
908612.3.peg.1584.site.11, 2, 178, 180
908612.3.peg.2732.site.1, 99, 171, 270
908612.3.peg.2732.site.2, 17, 179, 196
908612.3.peg.2732.site.3, 126, 178, 304
908612.3.peg.2732.site.4, 1, 171, 172
908612.3.peg.2732.site.5, 3, 169, 172
908612.3.peg.2732.site.6, 2, 173, 175
908612.3.peg.2732.site.7, 2, 172, 174
908612.3.peg.2732.site.8, 51, 171, 222
908612.3.peg.2732.site.9, 43, 164, 207
908612.3.peg.2822.site.1, 28, 179, 207
908612.3.peg.2822.site.2, 5, 179, 184
908612.3.peg.2822.site.3, 0, 179, 179
908612.3.peg.2822.site.4, 3, 180, 183
908612.3.peg.2822.site.5, 0, 179, 179
908612.3.peg.2822.site.6, 0, 176, 176
908612.3.peg.2822.site.7, 1, 179, 180
908612.3.peg.2822.site.8, 152, 178, 330
908612.3.peg.2822.site.9, 12, 178, 190
908612.3.peg.2822.site.10, 0, 176, 176
908612.3.peg.2822.site.11, 146, 178, 324
908612.3.peg.2822.site.12, 1, 176, 177
908612.3.peg.2822.site.13, 1, 177, 178
908612.3.peg.2822.site.14, 2, 176, 178
908612.3.peg.2822.site.15, 2, 176, 178
908612.3.peg.2822.site.16, 30, 177, 207
908612.3.peg.2822.site.17, 35, 180, 215
908612.3.peg.2822.site.18, 141, 178, 319
908612.3.peg.2822.site.19, 176, 179, 355
908612.3.peg.2822.site.20, 1, 180, 181
908612.3.peg.2822.site.21, 0, 179, 179
908612.3.peg.1580.site.1, 0, 177, 177
908612.3.peg.1580.site.2, 17, 170, 187
908612.3.peg.1580.site.3, 34, 176, 210
908612.3.peg.1580.site.4, 2, 178, 180
908612.3.peg.1580.site.5, 34, 176, 210
908612.3.peg.1580.site.6, 7, 170, 177
908612.3.peg.1580.site.7, 0, 179, 179
908612.3.peg.1580.site.8, 0, 179, 179
908612.3.peg.1580.site.9, 125, 179, 304
908612.3.peg.1580.site.10, 0, 114, 114
908612.3.peg.1580.site.11, 12, 150, 162
908612.3.peg.1580.site.12, 40, 150, 190
908612.3.peg.1580.site.13, 4, 129, 133
908612.3.peg.1580.site.14, 42, 128, 170
908612.3.peg.1580.site.15, 2, 134, 136
908612.3.peg.1580.site.16, 68, 121, 189
908612.3.peg.1580.site.17, 10, 134, 144
908612.3.peg.1580.site.18, 39, 130, 169
908612.3.peg.1580.site.19, 1, 122, 123
908612.3.peg.1580.site.20, 33, 173, 206
908612.3.peg.1580.site.21, 51, 177, 228
908612.3.peg.1580.site.22, 132, 175, 307
908612.3.peg.1580.site.23, 143, 176, 319
908612.3.peg.1580.site.24, 5, 179, 184
908612.3.peg.2820.site.1, 1, 180, 181
908612.3.peg.2820.site.2, 3, 179, 182
908612.3.peg.2820.site.3, 1, 179, 180
908612.3.peg.2820.site.4, 1, 180, 181
908612.3.peg.2820.site.5, 123, 178, 301
908612.3.peg.2821.site.1, 1, 180, 181
908612.3.peg.2821.site.2, 27, 178, 205
908612.3.peg.2821.site.3, 27, 177, 204
908612.3.peg.2821.site.4, 17, 178, 195
908612.3.peg.2821.site.5, 6, 134, 140
908612.3.peg.2821.site.6, 5, 178, 183
908612.3.peg.2821.site.7, 1, 178, 179
908612.3.peg.2821.site.8, 39, 177, 216
908612.3.peg.2821.site.9, 7, 176, 183
908612.3.peg.2821.site.10, 10, 176, 186
908612.3.peg.2821.site.11, 29, 175, 204
908612.3.peg.2821.site.12, 0, 178, 178
908612.3.peg.2821.site.13, 13, 176, 189
908612.3.peg.2821.site.14, 2, 179, 181
908612.3.peg.2821.site.15, 0, 180, 180
908612.3.peg.2821.site.16, 16, 180, 196
908612.3.peg.2821.site.17, 3, 178, 181
908612.3.peg.2821.site.18, 6, 178, 184
908612.3.peg.2821.site.19, 0, 178, 178
908612.3.peg.2821.site.20, 31, 178, 209
908612.3.peg.2821.site.21, 56, 176, 232
908612.3.peg.2530.site.1, 21, 178, 199
908612.3.peg.2530.site.2, 0, 180, 180
908612.3.peg.2530.site.3, 7, 178, 185
908612.3.peg.2530.site.4, 46, 178, 224
908612.3.peg.2530.site.5, 0, 178, 178
908612.3.peg.2530.site.6, 3, 175, 178
908612.3.peg.2530.site.7, 12, 175, 187
908612.3.peg.2530.site.8, 45, 50, 95
908612.3.peg.2530.site.9, 1, 41, 42
908612.3.peg.2530.site.10, 4, 173, 177
908612.3.peg.2530.site.11, 4, 174, 178
908612.3.peg.2530.site.12, 2, 167, 169
908612.3.peg.2530.site.13, 42, 165, 207
908612.3.peg.2530.site.14, 9, 165, 174
908612.3.peg.2530.site.15, 1, 163, 164
908612.3.peg.2530.site.16, 18, 169, 187
908612.3.peg.2530.site.17, 5, 153, 158
908612.3.peg.2530.site.18, 0, 173, 173
908612.3.peg.2530.site.19, 132, 169, 301
908612.3.peg.2530.site.20, 123, 172, 295
908612.3.peg.2530.site.21, 50, 176, 226
908612.3.peg.2530.site.22, 2, 179, 181
908612.3.peg.2530.site.23, 20, 178, 198
908612.3.peg.2530.site.24, 92, 177, 269
908612.3.peg.2530.site.25, 0, 179, 179
908612.3.peg.2531.site.1, 5, 179, 184
908612.3.peg.2531.site.2, 14, 177, 191
908612.3.peg.2531.site.3, 90, 174, 264
908612.3.peg.2531.site.4, 113, 175, 288
908612.3.peg.2531.site.5, 1, 179, 180
908612.3.peg.2531.site.6, 0, 179, 179
908612.3.peg.2531.site.7, 54, 175, 229
908612.3.peg.2531.site.8, 0, 177, 177
908612.3.peg.2531.site.9, 124, 173, 297
908612.3.peg.2531.site.10, 122, 172, 294
908612.3.peg.2824.site.1, 16, 175, 191
908612.3.peg.2824.site.2, 9, 178, 187
908612.3.peg.2824.site.3, 33, 176, 209
908612.3.peg.1581.site.1, 1, 180, 181
908612.3.peg.1581.site.2, 9, 180, 189
908612.3.peg.1581.site.3, 10, 176, 186
908612.3.peg.1581.site.4, 2, 178, 180
908612.3.peg.1581.site.5, 2, 178, 180
908612.3.peg.1581.site.6, 0, 178, 178
908612.3.peg.1581.site.7, 82, 173, 255
908612.3.peg.1581.site.8, 0, 177, 177
908612.3.peg.1581.site.9, 3, 174, 177
908612.3.peg.1581.site.10, 65, 167, 232
908612.3.peg.1581.site.11, 133, 139, 272
908612.3.peg.1581.site.12, 1, 166, 167
908612.3.peg.1581.site.13, 46, 164, 210
908612.3.peg.1581.site.14, 46, 162, 208
908612.3.peg.1581.site.15, 18, 56, 74
908612.3.peg.1581.site.16, 2, 151, 153
908612.3.peg.1581.site.17, 2, 155, 157
908612.3.peg.1581.site.18, 47, 156, 203
908612.3.peg.1581.site.19, 36, 158, 194
908612.3.peg.1581.site.20, 9, 176, 185
908612.3.peg.880.site.1, 63, 176, 239
908612.3.peg.880.site.2, 0, 178, 178
908612.3.peg.880.site.3, 137, 176, 313
908612.3.peg.880.site.4, 0, 179, 179
908612.3.peg.880.site.5, 0, 179, 179
908612.3.peg.880.site.6, 0, 179, 179
908612.3.peg.880.site.7, 0, 179, 179
908612.3.peg.880.site.8, 1, 178, 179
908612.3.peg.880.site.9, 0, 179, 179
908612.3.peg.880.site.10, 0, 179, 179
908612.3.peg.880.site.11, 62, 177, 239
908612.3.peg.880.site.12, 6, 180, 186
908612.3.peg.880.site.13, 5, 179, 184
908612.3.peg.880.site.14, 2, 180, 182
908612.3.peg.880.site.15, 5, 179, 184
908612.3.peg.880.site.16, 62, 174, 236
908612.3.peg.880.site.17, 79, 177, 256
908612.3.peg.880.site.18, 0, 178, 178
908612.3.peg.880.site.19, 0, 178, 178
908612.3.peg.880.site.20, 0, 177, 177
908612.3.peg.880.site.21, 43, 176, 219
908612.3.peg.880.site.22, 0, 178, 178
908612.3.peg.880.site.23, 117, 178, 295
908612.3.peg.880.site.24, 104, 177, 281
908612.3.peg.880.site.25, 3, 177, 180
908612.3.peg.880.site.26, 5, 177, 182
908612.3.peg.883.site.1, 6, 178, 184
908612.3.peg.883.site.2, 25, 180, 205
908612.3.peg.883.site.3, 18, 177, 195
908612.3.peg.883.site.4, 3, 180, 183
908612.3.peg.883.site.5, 89, 176, 265
908612.3.peg.883.site.6, 0, 175, 175
908612.3.peg.883.site.7, 31, 176, 207
908612.3.peg.883.site.8, 28, 176, 204
908612.3.peg.883.site.9, 29, 178, 207
908612.3.peg.883.site.10, 32, 179, 211
908612.3.peg.2731.site.1, 29, 179, 208
908612.3.peg.2731.site.2, 0, 180, 180
908612.3.peg.2731.site.3, 0, 179, 179
908612.3.peg.2731.site.4, 44, 175, 219
908612.3.peg.2731.site.5, 0, 180, 180
908612.3.peg.2731.site.6, 20, 179, 199
908612.3.peg.2731.site.7, 10, 180, 190
908612.3.peg.2731.site.8, 1, 180, 181
908612.3.peg.2731.site.9, 11, 176, 187
908612.3.peg.2731.site.10, 19, 177, 196
908612.3.peg.2731.site.11, 2, 180, 182
908612.3.peg.885.site.1, 0, 179, 179
908612.3.peg.885.site.2, 100, 174, 274
908612.3.peg.885.site.3, 31, 179, 210
908612.3.peg.885.site.4, 102, 176, 278
908612.3.peg.885.site.5, 1, 180, 181
908612.3.peg.885.site.6, 1, 180, 181
908612.3.peg.885.site.7, 2, 177, 179
908612.3.peg.885.site.8, 6, 177, 183
908612.3.peg.885.site.9, 5, 173, 178
908612.3.peg.885.site.10, 95, 167, 262
908612.3.peg.885.site.11, 152, 176, 328
908612.3.peg.885.site.12, 5, 176, 181
908612.3.peg.885.site.13, 5, 179, 184
908612.3.peg.885.site.14, 4, 178, 182
908612.3.peg.885.site.15, 9, 179, 188
908612.3.peg.885.site.16, 26, 177, 203
908612.3.peg.885.site.17, 10, 178, 188
908612.3.peg.885.site.18, 31, 178, 209
908612.3.peg.1582.site.1, 0, 180, 180
908612.3.peg.1582.site.2, 20, 179, 199
908612.3.peg.1582.site.3, 4, 180, 184
908612.3.peg.1582.site.4, 98, 179, 277
908612.3.peg.1582.site.5, 89, 171, 260
908612.3.peg.1582.site.6, 3, 176, 179
908612.3.peg.1582.site.7, 1, 176, 177
908612.3.peg.1582.site.8, 19, 175, 194
908612.3.peg.1582.site.9, 5, 179, 184
908612.3.peg.1582.site.10, 0, 180, 180
908612.3.peg.1582.site.11, 5, 180, 185
908612.3.peg.1582.site.12, 1, 180, 181
908612.3.peg.887.site.1, 7, 180, 187
908612.3.peg.887.site.2, 28, 180, 208
908612.3.peg.887.site.3, 40, 176, 216
908612.3.peg.887.site.4, 3, 179, 182
908612.3.peg.887.site.5, 71, 177, 248
908612.3.peg.887.site.6, 81, 175, 256
908612.3.peg.887.site.7, 140, 171, 311
908612.3.peg.887.site.8, 137, 170, 307
908612.3.peg.887.site.9, 0, 176, 176
908612.3.peg.887.site.10, 10, 176, 186
908612.3.peg.887.site.11, 2, 180, 182
908612.3.peg.887.site.12, 4, 175, 179
908612.3.peg.887.site.13, 10, 178, 188
908612.3.peg.887.site.14, 0, 179, 179
908612.3.peg.887.site.15, 53, 179, 232
908612.3.peg.887.site.16, 56, 167, 223
908612.3.peg.887.site.17, 26, 174, 200
908612.3.peg.887.site.18, 25, 173, 198
908612.3.peg.887.site.19, 3, 177, 180
908612.3.peg.887.site.20, 0, 178, 178
908612.3.peg.887.site.21, 112, 175, 287
908612.3.peg.887.site.22, 11, 180, 191
908612.3.peg.886.site.1, 47, 179, 226
908612.3.peg.886.site.2, 1, 180, 181
908612.3.peg.886.site.3, 29, 178, 207
908612.3.peg.886.site.4, 0, 179, 179
908612.3.peg.886.site.5, 155, 178, 333
908612.3.peg.886.site.6, 77, 176, 253
908612.3.peg.886.site.7, 1, 172, 173
908612.3.peg.886.site.8, 9, 173, 182
908612.3.peg.886.site.9, 132, 175, 307
908612.3.peg.886.site.10, 18, 177, 195
908612.3.peg.886.site.11, 137, 179, 316
908612.3.peg.886.site.12, 101, 177, 278
908612.3.peg.886.site.13, 0, 137, 137
908612.3.peg.886.site.14, 0, 141, 141
908612.3.peg.886.site.15, 0, 167, 167
908612.3.peg.886.site.16, 0, 177, 177
908612.3.peg.886.site.17, 119, 170, 289
908612.3.peg.886.site.18, 1, 180, 181
908612.3.peg.889.site.1, 34, 171, 205
908612.3.peg.889.site.2, 30, 167, 197
908612.3.peg.889.site.3, 33, 170, 203
908612.3.peg.889.site.4, 41, 178, 219
908612.3.peg.889.site.5, 13, 179, 192
908612.3.peg.889.site.6, 1, 179, 180
908612.3.peg.889.site.7, 80, 175, 255
908612.3.peg.889.site.8, 4, 180, 184
908612.3.peg.889.site.9, 2, 179, 181
908612.3.peg.889.site.10, 41, 178, 219
908612.3.peg.889.site.11, 0, 178, 178
908612.3.peg.889.site.12, 8, 179, 187
908612.3.peg.889.site.13, 39, 176, 215
908612.3.peg.889.site.14, 0, 179, 179
908612.3.peg.889.site.15, 33, 177, 210
908612.3.peg.889.site.16, 40, 177, 217
908612.3.peg.889.site.17, 20, 180, 200
908612.3.peg.889.site.18, 134, 178, 312
908612.3.peg.889.site.19, 0, 179, 179
908612.3.peg.889.site.20, 42, 180, 222
908612.3.peg.889.site.21, 27, 180, 207
908612.3.peg.889.site.22, 100, 172, 272
908612.3.peg.889.site.23, 98, 172, 270
908612.3.peg.889.site.24, 19, 176, 195
908612.3.peg.889.site.25, 32, 177, 209
908612.3.peg.889.site.26, 2, 179, 181
908612.3.peg.889.site.27, 42, 177, 219
908612.3.peg.889.site.28, 76, 177, 253
908612.3.peg.889.site.29, 63, 177, 240
908612.3.peg.889.site.30, 103, 177, 280
908612.3.peg.889.site.31, 34, 179, 213
908612.3.peg.889.site.32, 117, 177, 294
908612.3.peg.889.site.33, 152, 177, 329
908612.3.peg.889.site.34, 3, 180, 183
908612.3.peg.888.site.1, 3, 179, 182
908612.3.peg.888.site.2, 67, 176, 243
908612.3.peg.888.site.3, 0, 178, 178
908612.3.peg.888.site.4, 1, 179, 180
908612.3.peg.888.site.5, 1, 179, 180
908612.3.peg.888.site.6, 42, 173, 215
908612.3.peg.888.site.7, 1, 176, 177
908612.3.peg.888.site.8, 107, 174, 281
908612.3.peg.888.site.9, 0, 180, 180
908612.3.peg.888.site.10, 38, 179, 217
908612.3.peg.888.site.11, 3, 180, 183
908612.3.peg.888.site.12, 37, 176, 213
908612.3.peg.888.site.13, 113, 175, 288
908612.3.peg.888.site.14, 1, 179, 180
908612.3.peg.888.site.15, 4, 179, 183
908612.3.peg.888.site.16, 41, 180, 221
908612.3.peg.888.site.17, 38, 179, 217
908612.3.peg.888.site.18, 19, 180, 199
908612.3.peg.888.site.19, 82, 178, 260
908612.3.peg.888.site.20, 4, 179, 183
908612.3.peg.888.site.21, 75, 175, 250
908612.3.peg.888.site.22, 147, 172, 319
908612.3.peg.888.site.23, 9, 172, 181
908612.3.peg.888.site.24, 24, 172, 196
908612.3.peg.888.site.25, 39, 172, 211
908612.3.peg.888.site.26, 0, 178, 178
908612.3.peg.888.site.27, 8, 178, 186
908612.3.peg.888.site.28, 39, 174, 213
908612.3.peg.888.site.29, 40, 175, 215
908612.3.peg.1583.site.1, 0, 177, 177
908612.3.peg.1583.site.2, 6, 122, 128
908612.3.peg.1583.site.3, 9, 126, 135
908612.3.peg.1583.site.4, 2, 147, 149
908612.3.peg.1583.site.5, 97, 163, 260
908612.3.peg.1583.site.6, 3, 177, 180
908612.3.peg.1583.site.7, 14, 172, 186
908612.3.peg.1583.site.8, 1, 174, 175
908612.3.peg.1583.site.9, 134, 174, 308
908612.3.peg.1583.site.10, 19, 178, 197
908612.3.peg.1583.site.11, 11, 177, 188
908612.3.peg.1583.site.12, 91, 174, 265
908612.3.peg.1583.site.13, 22, 180, 202
908612.3.peg.1583.site.14, 82, 174, 256
908612.3.peg.2737.site.1, 12, 168, 180
908612.3.peg.2737.site.2, 43, 140, 183
908612.3.peg.2737.site.3, 3, 137, 140
908612.3.peg.2737.site.4, 52, 161, 213
908612.3.peg.2737.site.5, 10, 159, 169
908612.3.peg.2737.site.6, 32, 165, 197
908612.3.peg.2737.site.7, 50, 162, 212
908612.3.peg.2737.site.8, 22, 97, 119
908612.3.peg.2737.site.9, 14, 96, 110
908612.3.peg.2737.site.10, 48, 157, 205
908612.3.peg.2737.site.11, 39, 166, 205
908612.3.peg.2737.site.12, 18, 177, 195
908612.3.peg.2737.site.13, 0, 174, 174
908612.3.peg.2737.site.14, 45, 169, 214
908612.3.peg.2737.site.15, 5, 171, 176
908612.3.peg.2737.site.16, 40, 161, 201
908612.3.peg.2737.site.17, 35, 165, 200
908612.3.peg.2737.site.18, 1, 167, 168
908612.3.peg.2737.site.19, 4, 172, 176
908612.3.peg.2737.site.20, 5, 174, 179
908612.3.peg.2737.site.21, 0, 177, 177
908612.3.peg.2737.site.22, 2, 177, 179
908612.3.peg.2737.site.23, 49, 175, 224
908612.3.peg.2737.site.24, 51, 177, 228
908612.3.peg.2737.site.25, 5, 178, 183
908612.3.peg.2734.site.1, 19, 175, 194
908612.3.peg.2734.site.2, 16, 172, 188
908612.3.peg.2734.site.3, 48, 176, 224
908612.3.peg.2734.site.4, 47, 175, 222
908612.3.peg.2734.site.5, 46, 174, 220
908612.3.peg.2734.site.6, 33, 177, 210
908612.3.peg.2734.site.7, 34, 178, 212
908612.3.peg.2734.site.8, 4, 180, 184
908612.3.peg.2734.site.9, 10, 180, 190
908612.3.peg.2734.site.10, 82, 174, 256
908612.3.peg.2735.site.1, 2, 178, 180
908612.3.peg.2735.site.2, 0, 179, 179
908612.3.peg.2735.site.3, 43, 172, 215
908612.3.peg.2735.site.4, 43, 171, 214
908612.3.peg.2735.site.5, 36, 178, 214
908612.3.peg.2735.site.6, 0, 178, 178
908612.3.peg.2735.site.7, 2, 177, 179
908612.3.peg.2735.site.8, 78, 169, 247
908612.3.peg.2735.site.9, 12, 175, 187
908612.3.peg.2735.site.10, 34, 171, 205
908612.3.peg.2735.site.11, 76, 165, 241
908612.3.peg.2735.site.12, 31, 163, 194
908612.3.peg.2735.site.13, 0, 164, 164
908612.3.peg.2735.site.14, 2, 158, 160
908612.3.peg.2735.site.15, 42, 155, 197
908612.3.peg.2735.site.16, 37, 167, 204
908612.3.peg.2735.site.17, 111, 177, 288
908612.3.peg.2735.site.18, 111, 177, 288
908612.3.peg.2735.site.19, 112, 178, 290
908612.3.peg.2735.site.20, 142, 180, 322
908612.3.peg.2735.site.21, 12, 180, 192
908612.3.peg.2735.site.22, 0, 179, 179
908612.3.peg.2735.site.23, 0, 179, 179
908612.3.peg.2735.site.24, 0, 178, 178
908612.3.peg.2735.site.25, 0, 180, 180
908612.3.peg.2735.site.26, 3, 180, 183
908612.3.peg.2314.site.1, 0, 179, 179
908612.3.peg.2314.site.2, 76, 178, 254
908612.3.peg.2314.site.3, 0, 179, 179
908612.3.peg.2314.site.4, 2, 170, 172
908612.3.peg.2314.site.5, 23, 173, 196
908612.3.peg.2314.site.6, 3, 178, 181
908612.3.peg.2314.site.7, 60, 173, 233
908612.3.peg.2314.site.8, 88, 159, 247
908612.3.peg.2314.site.9, 0, 174, 174
908612.3.peg.2314.site.10, 12, 179, 191
908612.3.peg.2314.site.11, 64, 168, 232
908612.3.peg.2314.site.12, 101, 168, 269
908612.3.peg.2314.site.13, 11, 165, 176
908612.3.peg.2314.site.14, 0, 125, 125
908612.3.peg.2314.site.15, 63, 118, 181
908612.3.peg.2314.site.16, 1, 150, 151
908612.3.peg.2314.site.17, 0, 163, 163
908612.3.peg.2314.site.18, 5, 165, 170
908612.3.peg.2314.site.19, 99, 158, 257
908612.3.peg.2314.site.20, 8, 159, 167
908612.3.peg.2314.site.21, 12, 167, 179
908612.3.peg.2314.site.22, 0, 163, 163
908612.3.peg.2314.site.23, 7, 176, 183
908612.3.peg.2314.site.24, 3, 178, 181
908612.3.peg.2314.site.25, 1, 177, 178
908612.3.peg.2314.site.26, 93, 173, 266
908612.3.peg.2314.site.27, 2, 177, 179
908612.3.peg.2314.site.28, 27, 176, 203
908612.3.peg.2314.site.29, 117, 178, 295
908612.3.peg.2314.site.30, 86, 176, 262
908612.3.peg.2314.site.31, 9, 180, 189
908612.3.peg.2314.site.32, 6, 177, 183
908612.3.peg.2314.site.33, 1, 174, 175
908612.3.peg.2314.site.34, 2, 174, 176
908612.3.peg.2314.site.35, 1, 175, 176
908612.3.peg.2314.site.36, 8, 172, 180
908612.3.peg.2314.site.37, 29, 174, 203
908612.3.peg.2314.site.38, 12, 160, 172
908612.3.peg.2314.site.39, 72, 142, 214
908612.3.peg.2314.site.40, 134, 164, 298
908612.3.peg.2314.site.41, 134, 164, 298
908612.3.peg.2314.site.42, 0, 157, 157
908612.3.peg.2314.site.43, 7, 142, 149
908612.3.peg.2314.site.44, 0, 130, 130
908612.3.peg.2314.site.45, 6, 159, 165
908612.3.peg.2314.site.46, 1, 158, 159
908612.3.peg.2314.site.47, 44, 165, 209
908612.3.peg.2314.site.48, 1, 167, 168
908612.3.peg.2314.site.49, 0, 167, 167
908612.3.peg.2314.site.50, 1, 180, 181
908612.3.peg.2315.site.1, 3, 175, 178
908612.3.peg.2315.site.2, 67, 171, 238
908612.3.peg.2315.site.3, 2, 174, 176
908612.3.peg.2315.site.4, 3, 172, 175
908612.3.peg.2315.site.5, 64, 153, 217
908612.3.peg.2315.site.6, 127, 168, 295
908612.3.peg.2315.site.7, 3, 167, 170
908612.3.peg.2315.site.8, 4, 179, 183
908612.3.peg.2315.site.9, 9, 170, 179
908612.3.peg.2315.site.10, 1, 152, 153
908612.3.peg.2315.site.11, 0, 150, 150
908612.3.peg.2315.site.12, 12, 142, 154
908612.3.peg.2315.site.13, 32, 86, 118
908612.3.peg.2315.site.14, 11, 92, 103
908612.3.peg.2315.site.15, 6, 96, 102
908612.3.peg.2315.site.16, 20, 106, 126
908612.3.peg.2315.site.17, 1, 142, 143
908612.3.peg.2315.site.18, 3, 161, 164
908612.3.peg.2315.site.19, 7, 174, 181
908612.3.peg.2315.site.20, 21, 169, 190
908612.3.peg.2315.site.21, 6, 174, 180
908612.3.peg.2315.site.22, 24, 163, 187
908612.3.peg.2315.site.23, 5, 172, 177
908612.3.peg.2315.site.24, 21, 167, 188
908612.3.peg.2315.site.25, 22, 170, 192
908612.3.peg.2315.site.26, 5, 172, 177
908612.3.peg.2315.site.27, 4, 174, 178
908612.3.peg.2315.site.28, 7, 168, 175
908612.3.peg.2315.site.29, 20, 142, 162
908612.3.peg.2315.site.30, 15, 141, 156
908612.3.peg.2315.site.31, 1, 153, 154
908612.3.peg.2315.site.32, 15, 140, 155
908612.3.peg.2315.site.33, 28, 114, 142
908612.3.peg.2315.site.34, 1, 129, 130
908612.3.peg.2315.site.35, 127, 171, 298
908612.3.peg.2315.site.36, 4, 175, 179
908612.3.peg.2315.site.37, 2, 172, 174
908612.3.peg.2315.site.38, 1, 171, 172
908612.3.peg.2315.site.39, 0, 161, 161
908612.3.peg.2315.site.40, 8, 161, 169
908612.3.peg.2315.site.41, 140, 174, 314
908612.3.peg.2315.site.42, 139, 174, 313
908612.3.peg.2315.site.43, 1, 176, 177
908612.3.peg.2315.site.44, 25, 175, 200
908612.3.peg.2315.site.45, 0, 177, 177
908612.3.peg.2315.site.46, 2, 178, 180
908612.3.peg.2315.site.47, 23, 173, 196
908612.3.peg.2315.site.48, 2, 167, 169
908612.3.peg.2315.site.49, 0, 165, 165
908612.3.peg.2315.site.50, 113, 148, 261
908612.3.peg.2315.site.51, 0, 162, 162
908612.3.peg.2315.site.52, 1, 150, 151
908612.3.peg.2315.site.53, 0, 140, 140
908612.3.peg.2315.site.54, 86, 136, 222
908612.3.peg.2315.site.55, 1, 141, 142
908612.3.peg.2315.site.56, 4, 130, 134
908612.3.peg.2315.site.57, 0, 176, 176
908612.3.peg.2316.site.1, 0, 167, 167
908612.3.peg.2316.site.2, 1, 165, 166
908612.3.peg.2316.site.3, 8, 160, 168
908612.3.peg.2316.site.4, 4, 163, 167
908612.3.peg.2316.site.5, 17, 154, 171
908612.3.peg.2316.site.6, 0, 167, 167
908612.3.peg.2316.site.7, 2, 172, 174
908612.3.peg.2316.site.8, 8, 176, 184
908612.3.peg.2316.site.9, 9, 163, 172
908612.3.peg.2316.site.10, 1, 161, 162
908612.3.peg.2316.site.11, 113, 170, 283
908612.3.peg.2316.site.12, 18, 174, 192
908612.3.peg.2316.site.13, 13, 178, 191
908612.3.peg.2316.site.14, 21, 177, 198
908612.3.peg.2316.site.15, 1, 178, 179
908612.3.peg.2316.site.16, 3, 165, 168
908612.3.peg.2316.site.17, 7, 170, 177
908612.3.peg.2316.site.18, 0, 171, 171
908612.3.peg.2316.site.19, 4, 171, 175
908612.3.peg.2316.site.20, 1, 168, 169
908612.3.peg.2316.site.21, 8, 157, 165
908612.3.peg.2316.site.22, 26, 156, 182
908612.3.peg.2316.site.23, 4, 158, 162
908612.3.peg.2316.site.24, 2, 172, 174
908612.3.peg.2316.site.25, 27, 164, 191
908612.3.peg.2316.site.26, 121, 154, 275
908612.3.peg.2316.site.27, 101, 138, 239
908612.3.peg.2316.site.28, 106, 139, 245
908612.3.peg.2310.site.1, 24, 180, 204
908612.3.peg.2310.site.2, 9, 180, 189
908612.3.peg.2310.site.3, 0, 168, 168
908612.3.peg.2310.site.4, 4, 170, 174
908612.3.peg.2310.site.5, 0, 176, 176
908612.3.peg.2310.site.6, 0, 179, 179
908612.3.peg.2310.site.7, 0, 178, 178
908612.3.peg.2310.site.8, 0, 178, 178
908612.3.peg.2310.site.9, 0, 177, 177
908612.3.peg.2311.site.1, 0, 180, 180
908612.3.peg.2311.site.2, 0, 180, 180
908612.3.peg.2311.site.3, 0, 175, 175
908612.3.peg.2311.site.4, 4, 179, 183
908612.3.peg.2311.site.5, 10, 179, 189
908612.3.peg.2311.site.6, 5, 177, 182
908612.3.peg.2311.site.7, 0, 176, 176
908612.3.peg.2311.site.8, 2, 172, 174
908612.3.peg.2311.site.9, 3, 168, 171
908612.3.peg.2311.site.10, 15, 161, 176
908612.3.peg.2311.site.11, 9, 162, 171
908612.3.peg.2311.site.12, 71, 151, 222
908612.3.peg.2311.site.13, 7, 172, 179
908612.3.peg.2311.site.14, 8, 171, 179
908612.3.peg.2311.site.15, 2, 169, 171
908612.3.peg.2312.site.1, 17, 179, 196
908612.3.peg.2312.site.2, 94, 176, 270
908612.3.peg.2312.site.3, 19, 175, 194
908612.3.peg.2312.site.4, 31, 174, 205
908612.3.peg.2312.site.5, 1, 177, 178
908612.3.peg.2312.site.6, 131, 172, 303
908612.3.peg.2312.site.7, 0, 180, 180
908612.3.peg.2312.site.8, 1, 178, 179
908612.3.peg.2312.site.9, 2, 168, 170
908612.3.peg.2312.site.10, 2, 174, 176
908612.3.peg.2312.site.11, 57, 178, 235
908612.3.peg.2312.site.12, 3, 179, 182
908612.3.peg.2312.site.13, 1, 177, 178
908612.3.peg.2312.site.14, 8, 167, 175
908612.3.peg.2312.site.15, 7, 163, 170
908612.3.peg.2312.site.16, 0, 171, 171
908612.3.peg.2312.site.17, 17, 172, 189
908612.3.peg.2312.site.18, 21, 173, 194
908612.3.peg.2312.site.19, 1, 170, 171
908612.3.peg.2312.site.20, 1, 165, 166
908612.3.peg.2312.site.21, 8, 151, 159
908612.3.peg.2312.site.22, 7, 178, 185
908612.3.peg.2312.site.23, 10, 177, 187
908612.3.peg.2312.site.24, 116, 176, 292
908612.3.peg.2312.site.25, 3, 177, 180
908612.3.peg.2312.site.26, 107, 178, 285
908612.3.peg.2312.site.27, 0, 179, 179
908612.3.peg.2312.site.28, 1, 179, 180
908612.3.peg.2312.site.29, 9, 180, 189
908612.3.peg.2312.site.30, 8, 179, 187
908612.3.peg.2312.site.31, 0, 176, 176
908612.3.peg.2312.site.32, 11, 174, 185
908612.3.peg.2312.site.33, 1, 178, 179
908612.3.peg.2312.site.34, 0, 158, 158
908612.3.peg.2312.site.35, 24, 173, 197
908612.3.peg.2312.site.36, 0, 171, 171
908612.3.peg.2312.site.37, 26, 166, 192
908612.3.peg.2312.site.38, 2, 159, 161
908612.3.peg.2312.site.39, 3, 161, 164
908612.3.peg.2312.site.40, 0, 165, 165
908612.3.peg.2312.site.41, 0, 175, 175
908612.3.peg.2312.site.42, 0, 178, 178
908612.3.peg.2312.site.43, 4, 179, 183
908612.3.peg.2312.site.44, 17, 177, 194
908612.3.peg.2312.site.45, 55, 167, 222
908612.3.peg.2312.site.46, 1, 160, 161
908612.3.peg.2312.site.47, 1, 178, 179
908612.3.peg.2312.site.48, 1, 180, 181
908612.3.peg.2312.site.49, 11, 180, 191
908612.3.peg.2312.site.50, 3, 180, 183
908612.3.peg.2312.site.51, 0, 178, 178
908612.3.peg.2312.site.52, 12, 179, 191
908612.3.peg.2312.site.53, 30, 176, 206
908612.3.peg.2312.site.54, 0, 162, 162
908612.3.peg.2312.site.55, 0, 176, 176
908612.3.peg.2313.site.1, 1, 179, 180
908612.3.peg.2313.site.2, 1, 176, 177
908612.3.peg.2313.site.3, 0, 179, 179
908612.3.peg.2313.site.4, 0, 177, 177
908612.3.peg.2313.site.5, 16, 176, 192
908612.3.peg.2313.site.6, 3, 177, 180
908612.3.peg.2313.site.7, 1, 178, 179
908612.3.peg.2313.site.8, 16, 158, 174
908612.3.peg.2313.site.9, 35, 164, 199
908612.3.peg.2313.site.10, 29, 178, 207
908612.3.peg.2313.site.11, 0, 179, 179
908612.3.peg.2313.site.12, 0, 179, 179
908612.3.peg.2313.site.13, 1, 179, 180
908612.3.peg.2313.site.14, 4, 178, 182
908612.3.peg.2313.site.15, 3, 179, 182
908612.3.peg.2313.site.16, 9, 179, 188
908612.3.peg.2318.site.1, 0, 180, 180
908612.3.peg.2318.site.2, 99, 176, 275
908612.3.peg.2318.site.3, 5, 180, 185
908612.3.peg.2318.site.4, 4, 179, 183
908612.3.peg.2318.site.5, 16, 180, 196
908612.3.peg.2318.site.6, 0, 180, 180
908612.3.peg.2318.site.7, 47, 175, 222
908612.3.peg.2318.site.8, 3, 179, 182
908612.3.peg.2318.site.9, 42, 176, 218
908612.3.peg.2318.site.10, 0, 179, 179
908612.3.peg.2319.site.1, 1, 180, 181
908612.3.peg.2319.site.2, 16, 171, 187
908612.3.peg.2319.site.3, 5, 170, 175
908612.3.peg.2319.site.4, 5, 167, 172
908612.3.peg.2319.site.5, 1, 174, 175
908612.3.peg.2319.site.6, 1, 170, 171
908612.3.peg.2319.site.7, 12, 171, 183
908612.3.peg.2319.site.8, 0, 179, 179
908612.3.peg.2319.site.9, 15, 178, 193
908612.3.peg.2319.site.10, 14, 176, 190
908612.3.peg.2319.site.11, 4, 178, 182
908612.3.peg.2319.site.12, 5, 180, 185
908612.3.peg.2319.site.13, 9, 178, 187
908612.3.peg.2319.site.14, 45, 175, 220
908612.3.peg.2319.site.15, 130, 178, 308
908612.3.peg.2319.site.16, 21, 174, 195
908612.3.peg.2319.site.17, 1, 179, 180
908612.3.peg.2319.site.18, 33, 178, 211
908612.3.peg.975.site.1, 5, 177, 182
908612.3.peg.975.site.2, 5, 174, 179
908612.3.peg.975.site.3, 58, 162, 220
908612.3.peg.975.site.4, 2, 119, 121
908612.3.peg.975.site.5, 5, 97, 102
908612.3.peg.975.site.6, 1, 111, 112
908612.3.peg.975.site.7, 0, 126, 126
908612.3.peg.975.site.8, 2, 129, 131
908612.3.peg.975.site.9, 0, 136, 136
908612.3.peg.975.site.10, 21, 133, 154
908612.3.peg.975.site.11, 7, 129, 136
908612.3.peg.975.site.12, 1, 138, 139
908612.3.peg.975.site.13, 13, 142, 155
908612.3.peg.975.site.14, 1, 162, 163
908612.3.peg.975.site.15, 34, 164, 198
908612.3.peg.975.site.16, 6, 162, 168
908612.3.peg.975.site.17, 11, 159, 170
908612.3.peg.975.site.18, 13, 158, 171
908612.3.peg.975.site.19, 11, 157, 168
908612.3.peg.975.site.20, 1, 157, 158
908612.3.peg.975.site.21, 2, 138, 140
908612.3.peg.975.site.22, 1, 139, 140
908612.3.peg.975.site.23, 4, 142, 146
908612.3.peg.975.site.24, 5, 144, 149
908612.3.peg.975.site.25, 0, 146, 146
908612.3.peg.975.site.26, 2, 155, 157
908612.3.peg.975.site.27, 20, 156, 176
908612.3.peg.975.site.28, 21, 155, 176
908612.3.peg.975.site.29, 2, 160, 162
908612.3.peg.975.site.30, 1, 160, 161
908612.3.peg.975.site.31, 31, 161, 192
908612.3.peg.975.site.32, 33, 155, 188
908612.3.peg.975.site.33, 35, 152, 187
908612.3.peg.974.site.1, 1, 180, 181
908612.3.peg.974.site.2, 1, 179, 180
908612.3.peg.974.site.3, 4, 180, 184
908612.3.peg.974.site.4, 24, 175, 199
908612.3.peg.974.site.5, 22, 176, 198
908612.3.peg.974.site.6, 3, 180, 183
908612.3.peg.974.site.7, 1, 180, 181
908612.3.peg.974.site.8, 0, 180, 180
908612.3.peg.974.site.9, 6, 180, 186
908612.3.peg.2222.site.1, 7, 180, 187
908612.3.peg.2222.site.2, 8, 177, 185
908612.3.peg.2222.site.3, 2, 179, 181
908612.3.peg.2222.site.4, 42, 175, 217
908612.3.peg.2222.site.5, 120, 177, 297
908612.3.peg.2222.site.6, 6, 179, 185
908612.3.peg.2222.site.7, 0, 179, 179
908612.3.peg.2222.site.8, 0, 180, 180
908612.3.peg.2222.site.9, 0, 180, 180
908612.3.peg.2222.site.10, 0, 179, 179
908612.3.peg.2222.site.11, 0, 180, 180
908612.3.peg.2222.site.12, 17, 177, 194
908612.3.peg.2223.site.1, 49, 171, 220
908612.3.peg.2223.site.2, 13, 178, 191
908612.3.peg.2223.site.3, 12, 176, 188
908612.3.peg.2223.site.4, 0, 179, 179
908612.3.peg.2223.site.5, 4, 177, 181
908612.3.peg.2223.site.6, 5, 169, 174
908612.3.peg.2223.site.7, 140, 164, 304
908612.3.peg.2223.site.8, 149, 160, 309
908612.3.peg.2223.site.9, 117, 140, 257
908612.3.peg.2223.site.10, 1, 144, 145
908612.3.peg.2223.site.11, 3, 153, 156
908612.3.peg.2223.site.12, 137, 160, 297
908612.3.peg.2223.site.13, 107, 164, 271
908612.3.peg.2223.site.14, 2, 171, 173
908612.3.peg.2223.site.15, 0, 174, 174
908612.3.peg.2223.site.16, 67, 168, 235
908612.3.peg.2223.site.17, 0, 170, 170
908612.3.peg.2223.site.18, 2, 163, 165
908612.3.peg.2223.site.19, 6, 176, 182
908612.3.peg.2223.site.20, 1, 177, 178
908612.3.peg.2223.site.21, 4, 177, 181
908612.3.peg.2224.site.1, 1, 149, 150
908612.3.peg.2224.site.2, 1, 173, 174
908612.3.peg.2224.site.3, 3, 173, 176
908612.3.peg.2224.site.4, 150, 170, 320
908612.3.peg.2224.site.5, 144, 171, 315
908612.3.peg.2224.site.6, 154, 166, 320
908612.3.peg.2224.site.7, 3, 165, 168
908612.3.peg.2224.site.8, 152, 171, 323
908612.3.peg.2224.site.9, 3, 160, 163
908612.3.peg.2224.site.10, 143, 159, 302
908612.3.peg.2224.site.11, 1, 167, 168
908612.3.peg.2224.site.12, 1, 117, 118
908612.3.peg.2224.site.13, 2, 144, 146
908612.3.peg.2224.site.14, 39, 165, 204
908612.3.peg.2224.site.15, 6, 149, 155
908612.3.peg.2224.site.16, 0, 135, 135
908612.3.peg.2224.site.17, 4, 136, 140
908612.3.peg.2224.site.18, 0, 118, 118
908612.3.peg.2224.site.19, 93, 111, 204
908612.3.peg.2224.site.20, 128, 128, 256
908612.3.peg.2224.site.21, 114, 128, 242
908612.3.peg.2224.site.22, 146, 160, 306
908612.3.peg.2224.site.23, 172, 172, 344
908612.3.peg.2224.site.24, 0, 175, 175
908612.3.peg.2224.site.25, 145, 159, 304
908612.3.peg.2224.site.26, 132, 149, 281
908612.3.peg.2224.site.27, 27, 149, 176
908612.3.peg.2224.site.28, 131, 143, 274
908612.3.peg.2224.site.29, 136, 153, 289
908612.3.peg.2224.site.30, 1, 175, 176
908612.3.peg.2224.site.31, 154, 173, 327
908612.3.peg.2224.site.32, 160, 174, 334
908612.3.peg.2224.site.33, 164, 176, 340
908612.3.peg.973.site.1, 66, 176, 242
908612.3.peg.973.site.2, 65, 175, 240
908612.3.peg.973.site.3, 40, 176, 216
908612.3.peg.973.site.4, 57, 178, 235
908612.3.peg.973.site.5, 60, 178, 238
908612.3.peg.973.site.6, 1, 179, 180
908612.3.peg.973.site.7, 0, 180, 180
908612.3.peg.973.site.8, 64, 178, 242
908612.3.peg.973.site.9, 14, 179, 193
908612.3.peg.973.site.10, 108, 175, 283
908612.3.peg.973.site.11, 27, 180, 207
908612.3.peg.973.site.12, 21, 180, 201
908612.3.peg.973.site.13, 0, 179, 179
908612.3.peg.973.site.14, 43, 178, 221
908612.3.peg.973.site.15, 24, 179, 203
908612.3.peg.973.site.16, 66, 174, 240
908612.3.peg.973.site.17, 2, 179, 181
908612.3.peg.973.site.18, 47, 158, 205
908612.3.peg.973.site.19, 48, 148, 196
908612.3.peg.973.site.20, 6, 155, 161
908612.3.peg.973.site.21, 29, 148, 177
908612.3.peg.973.site.22, 1, 156, 157
908612.3.peg.973.site.23, 1, 151, 152
908612.3.peg.973.site.24, 0, 152, 152
908612.3.peg.973.site.25, 24, 152, 176
908612.3.peg.973.site.26, 39, 143, 182
908612.3.peg.973.site.27, 1, 149, 150
908612.3.peg.973.site.28, 46, 151, 197
908612.3.peg.973.site.29, 26, 155, 181
908612.3.peg.973.site.30, 32, 160, 192
908612.3.peg.973.site.31, 39, 170, 209
908612.3.peg.973.site.32, 69, 178, 247
908612.3.peg.973.site.33, 117, 177, 294
908612.3.peg.973.site.34, 0, 179, 179
908612.3.peg.973.site.35, 7, 178, 185
908612.3.peg.972.site.1, 0, 177, 177
908612.3.peg.972.site.2, 6, 168, 174
908612.3.peg.972.site.3, 3, 164, 167
908612.3.peg.972.site.4, 27, 162, 189
908612.3.peg.972.site.5, 138, 177, 315
908612.3.peg.972.site.6, 16, 173, 189
908612.3.peg.972.site.7, 13, 174, 187
908612.3.peg.972.site.8, 6, 165, 171
908612.3.peg.972.site.9, 71, 161, 232
908612.3.peg.972.site.10, 88, 147, 235
908612.3.peg.972.site.11, 3, 160, 163
908612.3.peg.972.site.12, 0, 160, 160
908612.3.peg.972.site.13, 0, 160, 160
908612.3.peg.972.site.14, 102, 154, 256
908612.3.peg.972.site.15, 87, 166, 253
908612.3.peg.972.site.16, 0, 166, 166
908612.3.peg.972.site.17, 17, 178, 195
908612.3.peg.972.site.18, 17, 178, 195
908612.3.peg.972.site.19, 0, 175, 175
908612.3.peg.972.site.20, 0, 178, 178
908612.3.peg.972.site.21, 0, 177, 177
908612.3.peg.972.site.22, 0, 179, 179
908612.3.peg.972.site.23, 16, 178, 194
908612.3.peg.972.site.24, 2, 180, 182
908612.3.peg.2228.site.1, 3, 180, 183
908612.3.peg.2228.site.2, 6, 180, 186
908612.3.peg.2228.site.3, 7, 180, 187
908612.3.peg.2228.site.4, 0, 179, 179
908612.3.peg.2228.site.5, 30, 177, 207
908612.3.peg.2228.site.6, 0, 180, 180
908612.3.peg.2228.site.7, 16, 179, 195
908612.3.peg.2228.site.8, 0, 179, 179
908612.3.peg.2228.site.9, 0, 169, 169
908612.3.peg.2228.site.10, 15, 160, 175
908612.3.peg.2228.site.11, 0, 179, 179
908612.3.peg.2228.site.12, 1, 178, 179
908612.3.peg.2228.site.13, 2, 180, 182
908612.3.peg.2228.site.14, 128, 168, 296
908612.3.peg.2228.site.15, 1, 172, 173
908612.3.peg.2228.site.16, 14, 173, 187
908612.3.peg.2228.site.17, 1, 177, 178
908612.3.peg.2228.site.18, 3, 176, 179
908612.3.peg.2228.site.19, 3, 172, 175
908612.3.peg.2228.site.20, 0, 179, 179
908612.3.peg.2228.site.21, 97, 165, 262
908612.3.peg.2228.site.22, 3, 173, 176
908612.3.peg.2228.site.23, 18, 179, 197
908612.3.peg.2228.site.24, 0, 179, 179
908612.3.peg.2228.site.25, 21, 175, 196
908612.3.peg.2228.site.26, 21, 177, 198
908612.3.peg.2228.site.27, 21, 174, 195
908612.3.peg.2228.site.28, 0, 179, 179
908612.3.peg.2228.site.29, 8, 178, 186
908612.3.peg.2228.site.30, 21, 177, 198
908612.3.peg.2228.site.31, 18, 177, 195
908612.3.peg.2228.site.32, 16, 178, 194
908612.3.peg.2228.site.33, 17, 178, 195
908612.3.peg.2228.site.34, 2, 179, 181
908612.3.peg.2228.site.35, 1, 176, 177
908612.3.peg.2228.site.36, 5, 161, 166
908612.3.peg.2228.site.37, 0, 154, 154
908612.3.peg.2228.site.38, 2, 142, 144
908612.3.peg.2228.site.39, 3, 142, 145
908612.3.peg.2228.site.40, 4, 152, 156
908612.3.peg.2228.site.41, 5, 170, 175
908612.3.peg.2228.site.42, 0, 171, 171
908612.3.peg.2228.site.43, 38, 175, 213
908612.3.peg.2228.site.44, 52, 177, 229
908612.3.peg.2228.site.45, 51, 176, 227
908612.3.peg.2228.site.46, 46, 175, 221
908612.3.peg.2228.site.47, 6, 178, 184
908612.3.peg.2228.site.48, 12, 178, 190
908612.3.peg.2228.site.49, 6, 174, 180
908612.3.peg.2229.site.1, 51, 174, 225
908612.3.peg.2229.site.2, 0, 176, 176
908612.3.peg.2229.site.3, 0, 174, 174
908612.3.peg.2229.site.4, 2, 178, 180
908612.3.peg.2229.site.5, 90, 174, 264
908612.3.peg.2229.site.6, 76, 161, 237
908612.3.peg.2229.site.7, 69, 151, 220
908612.3.peg.2229.site.8, 0, 154, 154
908612.3.peg.2229.site.9, 52, 136, 188
908612.3.peg.2229.site.10, 20, 147, 167
908612.3.peg.2229.site.11, 11, 177, 188
908612.3.peg.2229.site.12, 1, 179, 180
908612.3.peg.2229.site.13, 48, 172, 220
908612.3.peg.2229.site.14, 98, 173, 271
908612.3.peg.2229.site.15, 91, 176, 267
908612.3.peg.2229.site.16, 88, 173, 261
908612.3.peg.979.site.1, 3, 147, 150
908612.3.peg.979.site.2, 2, 148, 150
908612.3.peg.979.site.3, 2, 143, 145
908612.3.peg.979.site.4, 2, 149, 151
908612.3.peg.979.site.5, 8, 121, 129
908612.3.peg.979.site.6, 42, 115, 157
908612.3.peg.979.site.7, 0, 120, 120
908612.3.peg.979.site.8, 71, 122, 193
908612.3.peg.979.site.9, 68, 140, 208
908612.3.peg.979.site.10, 29, 141, 170
908612.3.peg.979.site.11, 28, 140, 168
908612.3.peg.979.site.12, 28, 141, 169
908612.3.peg.979.site.13, 3, 121, 124
908612.3.peg.979.site.14, 0, 129, 129
908612.3.peg.979.site.15, 35, 124, 159
908612.3.peg.979.site.16, 28, 123, 151
908612.3.peg.979.site.17, 0, 125, 125
908612.3.peg.979.site.18, 53, 106, 159
908612.3.peg.979.site.19, 4, 108, 112
908612.3.peg.979.site.20, 1, 112, 113
908612.3.peg.979.site.21, 1, 113, 114
908612.3.peg.979.site.22, 1, 108, 109
908612.3.peg.979.site.23, 1, 122, 123
908612.3.peg.979.site.24, 52, 114, 166
908612.3.peg.979.site.25, 1, 110, 111
908612.3.peg.979.site.26, 6, 116, 122
908612.3.peg.979.site.27, 4, 126, 130
908612.3.peg.979.site.28, 39, 128, 167
908612.3.peg.979.site.29, 65, 153, 218
908612.3.peg.979.site.30, 2, 157, 159
908612.3.peg.978.site.1, 4, 149, 153
908612.3.peg.978.site.2, 23, 162, 185
908612.3.peg.978.site.3, 49, 159, 208
908612.3.peg.978.site.4, 0, 167, 167
908612.3.peg.978.site.5, 17, 164, 181
908612.3.peg.978.site.6, 14, 161, 175
908612.3.peg.978.site.7, 15, 155, 170
908612.3.peg.978.site.8, 0, 153, 153
908612.3.peg.978.site.9, 0, 156, 156
908612.3.peg.978.site.10, 9, 153, 162
908612.3.peg.978.site.11, 17, 156, 173
908612.3.peg.978.site.12, 18, 152, 170
908612.3.peg.978.site.13, 2, 160, 162
908612.3.peg.978.site.14, 28, 174, 202
908612.3.peg.978.site.15, 89, 174, 263
908612.3.peg.1908.site.1, 9, 171, 180
908612.3.peg.1908.site.2, 3, 171, 174
908612.3.peg.1908.site.3, 13, 167, 180
908612.3.peg.1908.site.4, 12, 132, 144
908612.3.peg.1908.site.5, 24, 114, 138
908612.3.peg.1908.site.6, 2, 142, 144
908612.3.peg.1908.site.7, 0, 160, 160
908612.3.peg.1908.site.8, 0, 161, 161
908612.3.peg.1908.site.9, 60, 155, 215
908612.3.peg.1908.site.10, 2, 160, 162
908612.3.peg.1908.site.11, 2, 160, 162
908612.3.peg.1908.site.12, 17, 160, 177
908612.3.peg.1908.site.13, 13, 171, 184
908612.3.peg.1908.site.14, 31, 178, 209
908612.3.peg.1908.site.15, 0, 177, 177
908612.3.peg.1908.site.16, 4, 168, 172
908612.3.peg.1908.site.17, 13, 165, 178
908612.3.peg.1908.site.18, 47, 137, 184
908612.3.peg.1908.site.19, 49, 143, 192
908612.3.peg.1908.site.20, 70, 137, 207
908612.3.peg.1908.site.21, 21, 117, 138
908612.3.peg.1908.site.22, 40, 117, 157
908612.3.peg.1908.site.23, 1, 104, 105
908612.3.peg.1908.site.24, 33, 102, 135
908612.3.peg.1908.site.25, 12, 103, 115
908612.3.peg.1908.site.26, 79, 101, 180
908612.3.peg.1908.site.27, 1, 98, 99
908612.3.peg.1909.site.1, 35, 176, 211
908612.3.peg.1909.site.2, 86, 166, 252
908612.3.peg.1909.site.3, 15, 170, 185
908612.3.peg.1909.site.4, 5, 171, 176
908612.3.peg.1909.site.5, 30, 175, 205
908612.3.peg.1909.site.6, 2, 179, 181
908612.3.peg.1909.site.7, 11, 179, 190
908612.3.peg.1909.site.8, 22, 179, 201
908612.3.peg.1909.site.9, 17, 180, 197
908612.3.peg.1909.site.10, 108, 171, 279
908612.3.peg.1909.site.11, 4, 174, 178
908612.3.peg.1909.site.12, 4, 175, 179
908612.3.peg.1909.site.13, 150, 180, 330
908612.3.peg.1909.site.14, 0, 178, 178
908612.3.peg.1909.site.15, 0, 179, 179
908612.3.peg.1909.site.16, 2, 178, 180
908612.3.peg.1909.site.17, 120, 170, 290
908612.3.peg.1909.site.18, 1, 180, 181
908612.3.peg.1909.site.19, 0, 179, 179
908612.3.peg.1909.site.20, 0, 169, 169
908612.3.peg.1909.site.21, 0, 178, 178
908612.3.peg.1909.site.22, 123, 176, 299
908612.3.peg.1909.site.23, 29, 178, 207
908612.3.peg.1909.site.24, 0, 180, 180
908612.3.peg.1909.site.25, 0, 178, 178
908612.3.peg.1909.site.26, 154, 179, 333
908612.3.peg.1909.site.27, 28, 178, 206
908612.3.peg.1909.site.28, 0, 178, 178
908612.3.peg.2792.site.1, 23, 179, 202
908612.3.peg.2792.site.2, 3, 180, 183
908612.3.peg.2792.site.3, 67, 167, 234
908612.3.peg.2792.site.4, 46, 170, 216
908612.3.peg.2792.site.5, 2, 177, 179
908612.3.peg.2792.site.6, 53, 174, 227
908612.3.peg.2792.site.7, 0, 179, 179
908612.3.peg.2792.site.8, 0, 178, 178
908612.3.peg.2792.site.9, 0, 175, 175
908612.3.peg.2792.site.10, 62, 173, 235
908612.3.peg.2792.site.11, 64, 171, 235
908612.3.peg.2792.site.12, 61, 172, 233
908612.3.peg.2792.site.13, 36, 178, 214
908612.3.peg.2792.site.14, 94, 176, 270
908612.3.peg.2792.site.15, 95, 177, 272
908612.3.peg.2792.site.16, 1, 180, 181
908612.3.peg.2792.site.17, 17, 178, 195
908612.3.peg.2793.site.1, 0, 179, 179
908612.3.peg.2793.site.2, 37, 173, 210
908612.3.peg.2793.site.3, 0, 178, 178
908612.3.peg.2793.site.4, 0, 176, 176
908612.3.peg.2793.site.5, 8, 177, 185
908612.3.peg.2793.site.6, 1, 174, 175
908612.3.peg.2793.site.7, 24, 173, 197
908612.3.peg.2793.site.8, 95, 160, 255
908612.3.peg.2793.site.9, 8, 174, 182
908612.3.peg.2793.site.10, 157, 178, 335
908612.3.peg.2793.site.11, 1, 180, 181
908612.3.peg.2793.site.12, 35, 173, 208
908612.3.peg.2793.site.13, 17, 173, 190
908612.3.peg.2793.site.14, 0, 176, 176
908612.3.peg.2793.site.15, 109, 174, 283
908612.3.peg.2793.site.16, 3, 176, 179
908612.3.peg.2793.site.17, 1, 178, 179
908612.3.peg.2793.site.18, 8, 178, 186
908612.3.peg.2793.site.19, 2, 178, 180
908612.3.peg.2793.site.20, 143, 177, 320
908612.3.peg.2796.site.1, 3, 180, 183
908612.3.peg.2796.site.2, 29, 178, 207
908612.3.peg.2796.site.3, 3, 176, 179
908612.3.peg.2796.site.4, 98, 171, 269
908612.3.peg.2796.site.5, 4, 177, 181
908612.3.peg.2796.site.6, 2, 175, 177
908612.3.peg.2796.site.7, 0, 173, 173
908612.3.peg.2796.site.8, 25, 165, 190
908612.3.peg.2796.site.9, 4, 166, 170
908612.3.peg.2796.site.10, 3, 169, 172
908612.3.peg.2796.site.11, 0, 166, 166
908612.3.peg.2796.site.12, 4, 171, 175
908612.3.peg.2796.site.13, 60, 164, 224
908612.3.peg.2796.site.14, 11, 171, 182
908612.3.peg.2796.site.15, 122, 166, 288
908612.3.peg.2796.site.16, 115, 168, 283
908612.3.peg.2796.site.17, 0, 179, 179
908612.3.peg.2796.site.18, 118, 171, 289
908612.3.peg.2796.site.19, 5, 178, 183
908612.3.peg.2796.site.20, 0, 179, 179
908612.3.peg.2796.site.21, 0, 179, 179
908612.3.peg.2796.site.22, 64, 170, 234
908612.3.peg.2796.site.23, 16, 173, 189
908612.3.peg.2796.site.24, 1, 178, 179
908612.3.peg.2796.site.25, 1, 176, 177
908612.3.peg.2796.site.26, 61, 163, 224
908612.3.peg.2796.site.27, 41, 160, 201
908612.3.peg.2796.site.28, 0, 163, 163
908612.3.peg.2796.site.29, 71, 164, 235
908612.3.peg.2796.site.30, 8, 176, 184
908612.3.peg.2796.site.31, 9, 180, 189
908612.3.peg.2796.site.32, 13, 179, 192
908612.3.peg.2796.site.33, 0, 179, 179
908612.3.peg.2796.site.34, 2, 180, 182
908612.3.peg.2796.site.35, 33, 174, 207
908612.3.peg.2796.site.36, 5, 180, 185
908612.3.peg.2796.site.37, 1, 179, 180
908612.3.peg.2796.site.38, 36, 175, 211
908612.3.peg.2796.site.39, 2, 180, 182
908612.3.peg.2796.site.40, 6, 178, 184
908612.3.peg.2796.site.41, 68, 172, 240
908612.3.peg.2796.site.42, 9, 177, 186
908612.3.peg.2796.site.43, 2, 179, 181
908612.3.peg.2796.site.44, 40, 176, 216
908612.3.peg.2796.site.45, 4, 180, 184
908612.3.peg.2796.site.46, 15, 179, 194
908612.3.peg.2796.site.47, 1, 179, 180
908612.3.peg.2796.site.48, 1, 180, 181
908612.3.peg.2796.site.49, 12, 178, 190
908612.3.peg.2796.site.50, 12, 179, 191
908612.3.peg.2796.site.51, 8, 179, 187
908612.3.peg.2796.site.52, 29, 152, 181
908612.3.peg.2796.site.53, 122, 161, 283
908612.3.peg.2796.site.54, 86, 166, 252
908612.3.peg.2796.site.55, 141, 174, 315
908612.3.peg.2796.site.56, 73, 169, 242
908612.3.peg.2796.site.57, 3, 180, 183
908612.3.peg.2796.site.58, 1, 180, 181
908612.3.peg.2796.site.59, 8, 180, 188
908612.3.peg.2796.site.60, 73, 174, 247
908612.3.peg.2796.site.61, 111, 178, 289
908612.3.peg.2796.site.62, 112, 177, 289
908612.3.peg.2796.site.63, 77, 173, 250
908612.3.peg.2796.site.64, 8, 180, 188
908612.3.peg.2796.site.65, 2, 178, 180
908612.3.peg.2796.site.66, 0, 178, 178
908612.3.peg.2796.site.67, 5, 180, 185
908612.3.peg.2796.site.68, 64, 172, 236
908612.3.peg.2796.site.69, 17, 180, 197
908612.3.peg.2796.site.70, 113, 178, 291
908612.3.peg.2796.site.71, 16, 180, 196
908612.3.peg.2796.site.72, 38, 176, 214
908612.3.peg.2797.site.1, 64, 171, 235
908612.3.peg.2797.site.2, 0, 158, 158
908612.3.peg.2797.site.3, 2, 154, 156
908612.3.peg.2797.site.4, 0, 154, 154
908612.3.peg.2797.site.5, 0, 155, 155
908612.3.peg.2797.site.6, 1, 170, 171
908612.3.peg.2797.site.7, 3, 171, 174
908612.3.peg.2797.site.8, 10, 172, 182
908612.3.peg.2797.site.9, 149, 172, 321
908612.3.peg.2797.site.10, 119, 172, 291
908612.3.peg.2797.site.11, 33, 175, 208
908612.3.peg.2797.site.12, 153, 175, 328
908612.3.peg.2797.site.13, 8, 172, 180
908612.3.peg.2797.site.14, 9, 169, 178
908612.3.peg.2797.site.15, 4, 171, 175
908612.3.peg.2797.site.16, 5, 153, 158
908612.3.peg.2797.site.17, 1, 169, 170
908612.3.peg.2797.site.18, 3, 171, 174
908612.3.peg.2797.site.19, 13, 173, 186
908612.3.peg.2797.site.20, 0, 174, 174
908612.3.peg.2797.site.21, 20, 172, 192
908612.3.peg.2797.site.22, 20, 172, 192
908612.3.peg.2797.site.23, 1, 177, 178
908612.3.peg.2797.site.24, 1, 179, 180
908612.3.peg.2797.site.25, 5, 175, 180
908612.3.peg.2797.site.26, 30, 163, 193
908612.3.peg.1900.site.1, 3, 171, 174
908612.3.peg.1900.site.2, 93, 172, 265
908612.3.peg.1900.site.3, 73, 173, 246
908612.3.peg.1900.site.4, 34, 178, 212
908612.3.peg.1900.site.5, 16, 176, 192
908612.3.peg.1900.site.6, 45, 170, 215
908612.3.peg.1900.site.7, 47, 174, 221
908612.3.peg.1900.site.8, 0, 169, 169
908612.3.peg.1900.site.9, 118, 159, 277
908612.3.peg.1900.site.10, 4, 160, 164
908612.3.peg.1900.site.11, 2, 165, 167
908612.3.peg.1900.site.12, 18, 158, 176
908612.3.peg.1900.site.13, 22, 178, 200
908612.3.peg.1900.site.14, 23, 175, 198
908612.3.peg.1900.site.15, 28, 176, 204
908612.3.peg.1900.site.16, 0, 178, 178
908612.3.peg.1900.site.17, 98, 176, 274
908612.3.peg.1901.site.1, 0, 180, 180
908612.3.peg.1901.site.2, 92, 175, 267
908612.3.peg.1901.site.3, 53, 175, 228
908612.3.peg.1902.site.1, 91, 175, 266
908612.3.peg.1902.site.2, 10, 180, 190
908612.3.peg.1902.site.3, 93, 176, 269
908612.3.peg.1902.site.4, 96, 169, 265
908612.3.peg.1902.site.5, 0, 174, 174
908612.3.peg.1902.site.6, 18, 170, 188
908612.3.peg.1902.site.7, 0, 174, 174
908612.3.peg.1902.site.8, 36, 173, 209
908612.3.peg.1902.site.9, 4, 178, 182
908612.3.peg.1902.site.10, 32, 175, 207
908612.3.peg.1902.site.11, 3, 179, 182
908612.3.peg.1902.site.12, 38, 179, 217
908612.3.peg.1902.site.13, 0, 179, 179
908612.3.peg.1902.site.14, 36, 175, 211
908612.3.peg.1902.site.15, 34, 177, 211
908612.3.peg.1902.site.16, 34, 177, 211
908612.3.peg.1902.site.17, 23, 179, 202
908612.3.peg.1902.site.18, 12, 177, 189
908612.3.peg.1902.site.19, 12, 178, 190
908612.3.peg.1902.site.20, 106, 177, 283
908612.3.peg.1902.site.21, 46, 177, 223
908612.3.peg.1902.site.22, 0, 178, 178
908612.3.peg.1902.site.23, 3, 180, 183
908612.3.peg.1902.site.24, 11, 177, 188
908612.3.peg.1902.site.25, 1, 180, 181
908612.3.peg.1903.site.1, 2, 176, 178
908612.3.peg.1903.site.2, 106, 172, 278
908612.3.peg.1903.site.3, 128, 177, 305
908612.3.peg.1903.site.4, 8, 178, 186
908612.3.peg.1903.site.5, 10, 179, 189
908612.3.peg.1903.site.6, 2, 180, 182
908612.3.peg.1903.site.7, 2, 180, 182
908612.3.peg.1903.site.8, 2, 178, 180
908612.3.peg.1903.site.9, 69, 177, 246
908612.3.peg.1903.site.10, 3, 179, 182
908612.3.peg.1903.site.11, 1, 180, 181
908612.3.peg.1903.site.12, 104, 174, 278
908612.3.peg.1903.site.13, 21, 174, 195
908612.3.peg.1903.site.14, 4, 176, 180
908612.3.peg.1903.site.15, 104, 175, 279
908612.3.peg.1903.site.16, 4, 177, 181
908612.3.peg.1903.site.17, 0, 175, 175
908612.3.peg.1903.site.18, 1, 180, 181
908612.3.peg.1903.site.19, 0, 180, 180
908612.3.peg.1903.site.20, 114, 176, 290
908612.3.peg.1903.site.21, 3, 180, 183
908612.3.peg.1903.site.22, 130, 176, 306
908612.3.peg.1903.site.23, 66, 176, 242
908612.3.peg.1903.site.24, 0, 180, 180
908612.3.peg.1903.site.25, 11, 178, 189
908612.3.peg.1903.site.26, 2, 179, 181
908612.3.peg.1903.site.27, 8, 178, 186
908612.3.peg.1903.site.28, 98, 174, 272
908612.3.peg.1903.site.29, 0, 180, 180
908612.3.peg.1903.site.30, 3, 177, 180
908612.3.peg.1903.site.31, 5, 175, 180
908612.3.peg.1903.site.32, 0, 167, 167
908612.3.peg.1903.site.33, 0, 149, 149
908612.3.peg.1903.site.34, 5, 179, 184
908612.3.peg.1903.site.35, 8, 180, 188
908612.3.peg.1903.site.36, 93, 176, 269
908612.3.peg.1904.site.1, 8, 180, 188
908612.3.peg.1904.site.2, 0, 180, 180
908612.3.peg.1904.site.3, 20, 179, 199
908612.3.peg.1904.site.4, 2, 178, 180
908612.3.peg.1904.site.5, 117, 176, 293
908612.3.peg.1904.site.6, 0, 175, 175
908612.3.peg.1904.site.7, 2, 179, 181
908612.3.peg.1904.site.8, 130, 176, 306
908612.3.peg.1905.site.1, 0, 179, 179
908612.3.peg.1905.site.2, 0, 179, 179
908612.3.peg.1905.site.3, 103, 174, 277
908612.3.peg.1905.site.4, 142, 175, 317
908612.3.peg.1905.site.5, 3, 179, 182
908612.3.peg.1905.site.6, 42, 174, 216
908612.3.peg.1905.site.7, 2, 179, 181
908612.3.peg.1905.site.8, 71, 175, 246
908612.3.peg.1905.site.9, 2, 179, 181
908612.3.peg.1905.site.10, 1, 180, 181
908612.3.peg.1905.site.11, 1, 180, 181
908612.3.peg.1905.site.12, 0, 180, 180
908612.3.peg.1905.site.13, 1, 180, 181
908612.3.peg.1905.site.14, 3, 180, 183
908612.3.peg.1905.site.15, 10, 179, 189
908612.3.peg.1905.site.16, 8, 180, 188
908612.3.peg.1905.site.17, 0, 180, 180
908612.3.peg.1905.site.18, 3, 180, 183
908612.3.peg.1906.site.1, 0, 180, 180
908612.3.peg.1906.site.2, 0, 179, 179
908612.3.peg.1906.site.3, 1, 180, 181
908612.3.peg.1906.site.4, 68, 178, 246
908612.3.peg.1906.site.5, 1, 180, 181
908612.3.peg.1906.site.6, 0, 180, 180
908612.3.peg.1906.site.7, 4, 180, 184
908612.3.peg.1906.site.8, 7, 180, 187
908612.3.peg.1906.site.9, 0, 179, 179
908612.3.peg.1906.site.10, 0, 178, 178
908612.3.peg.1906.site.11, 20, 175, 195
908612.3.peg.1906.site.12, 42, 176, 218
908612.3.peg.1906.site.13, 15, 179, 194
908612.3.peg.1906.site.14, 20, 177, 197
908612.3.peg.1906.site.15, 0, 179, 179
908612.3.peg.1906.site.16, 116, 176, 292
908612.3.peg.1906.site.17, 57, 177, 234
908612.3.peg.1906.site.18, 2, 180, 182
908612.3.peg.1906.site.19, 19, 176, 195
908612.3.peg.1906.site.20, 18, 176, 194
908612.3.peg.1906.site.21, 19, 177, 196
908612.3.peg.1906.site.22, 8, 176, 184
908612.3.peg.1906.site.23, 80, 174, 254
908612.3.peg.1906.site.24, 25, 176, 201
908612.3.peg.1906.site.25, 14, 177, 191
908612.3.peg.1906.site.26, 70, 179, 249
908612.3.peg.1906.site.27, 10, 180, 190
908612.3.peg.1906.site.28, 1, 178, 179
908612.3.peg.1906.site.29, 158, 177, 335
908612.3.peg.1906.site.30, 19, 178, 197
908612.3.peg.1907.site.1, 116, 178, 294
908612.3.peg.1907.site.2, 107, 176, 283
908612.3.peg.1907.site.3, 159, 178, 337
908612.3.peg.1907.site.4, 2, 180, 182
908612.3.peg.1907.site.5, 2, 179, 181
908612.3.peg.1907.site.6, 120, 176, 296
908612.3.peg.1907.site.7, 77, 177, 254
908612.3.peg.1907.site.8, 0, 179, 179
908612.3.peg.1907.site.9, 0, 180, 180
908612.3.peg.1907.site.10, 8, 180, 188
908612.3.peg.1907.site.11, 17, 180, 197
908612.3.peg.1907.site.12, 5, 179, 184
908612.3.peg.1907.site.13, 29, 178, 207
908612.3.peg.1907.site.14, 0, 178, 178
908612.3.peg.1907.site.15, 0, 180, 180
908612.3.peg.2008.site.1, 2, 177, 179
908612.3.peg.2008.site.2, 15, 178, 193
908612.3.peg.2008.site.3, 60, 176, 236
908612.3.peg.2008.site.4, 59, 177, 236
908612.3.peg.2008.site.5, 3, 179, 182
908612.3.peg.2008.site.6, 6, 179, 185
908612.3.peg.2008.site.7, 3, 177, 180
908612.3.peg.2008.site.8, 63, 176, 239
908612.3.peg.2008.site.9, 1, 180, 181
908612.3.peg.2008.site.10, 2, 178, 180
908612.3.peg.2008.site.11, 42, 175, 217
908612.3.peg.2008.site.12, 138, 173, 311
908612.3.peg.2008.site.13, 2, 179, 181
908612.3.peg.2008.site.14, 39, 178, 217
908612.3.peg.2009.site.1, 25, 145, 170
908612.3.peg.2009.site.2, 16, 179, 195
908612.3.peg.2009.site.3, 62, 174, 236
908612.3.peg.2009.site.4, 0, 155, 155
908612.3.peg.2009.site.5, 102, 153, 255
908612.3.peg.2009.site.6, 2, 177, 179
908612.3.peg.2009.site.7, 8, 177, 185
908612.3.peg.2009.site.8, 0, 177, 177
908612.3.peg.2009.site.9, 27, 178, 205
908612.3.peg.2009.site.10, 69, 177, 246
908612.3.peg.2009.site.11, 68, 176, 244
908612.3.peg.2009.site.12, 31, 179, 210
908612.3.peg.2009.site.13, 0, 178, 178
908612.3.peg.2009.site.14, 9, 179, 188
908612.3.peg.2009.site.15, 34, 175, 209
908612.3.peg.2009.site.16, 8, 177, 185
908612.3.peg.2009.site.17, 6, 179, 185
908612.3.peg.2009.site.18, 0, 180, 180
908612.3.peg.2000.site.1, 24, 173, 197
908612.3.peg.2000.site.2, 0, 174, 174
908612.3.peg.2000.site.3, 86, 170, 256
908612.3.peg.2000.site.4, 65, 171, 236
908612.3.peg.2000.site.5, 11, 166, 177
908612.3.peg.2000.site.6, 0, 172, 172
908612.3.peg.2000.site.7, 23, 175, 198
908612.3.peg.2000.site.8, 2, 175, 177
908612.3.peg.2000.site.9, 0, 174, 174
908612.3.peg.2000.site.10, 0, 174, 174
908612.3.peg.2000.site.11, 74, 172, 246
908612.3.peg.2000.site.12, 19, 175, 194
908612.3.peg.2000.site.13, 1, 175, 176
908612.3.peg.2000.site.14, 4, 173, 177
908612.3.peg.2000.site.15, 0, 164, 164
908612.3.peg.2000.site.16, 36, 165, 201
908612.3.peg.2000.site.17, 30, 172, 202
908612.3.peg.2000.site.18, 69, 174, 243
908612.3.peg.2000.site.19, 69, 174, 243
908612.3.peg.2000.site.20, 3, 175, 178
908612.3.peg.2001.site.1, 0, 175, 175
908612.3.peg.2001.site.2, 7, 174, 181
908612.3.peg.2001.site.3, 1, 175, 176
908612.3.peg.2001.site.4, 49, 172, 221
908612.3.peg.2001.site.5, 64, 160, 224
908612.3.peg.2001.site.6, 86, 156, 242
908612.3.peg.2001.site.7, 96, 165, 261
908612.3.peg.2001.site.8, 3, 173, 176
908612.3.peg.2001.site.9, 29, 172, 201
908612.3.peg.2001.site.10, 0, 174, 174
908612.3.peg.2001.site.11, 0, 169, 169
908612.3.peg.2001.site.12, 18, 167, 185
908612.3.peg.2001.site.13, 2, 166, 168
908612.3.peg.2001.site.14, 57, 148, 205
908612.3.peg.2002.site.1, 57, 106, 163
908612.3.peg.2002.site.2, 1, 107, 108
908612.3.peg.2002.site.3, 5, 112, 117
908612.3.peg.2002.site.4, 6, 119, 125
908612.3.peg.2002.site.5, 20, 126, 146
908612.3.peg.2002.site.6, 83, 149, 232
908612.3.peg.2002.site.7, 4, 142, 146
908612.3.peg.2002.site.8, 7, 103, 110
908612.3.peg.2002.site.9, 3, 99, 102
908612.3.peg.2002.site.10, 8, 122, 130
908612.3.peg.2002.site.11, 94, 159, 253
908612.3.peg.2002.site.12, 0, 139, 139
908612.3.peg.2002.site.13, 30, 171, 201
908612.3.peg.2002.site.14, 2, 167, 169
908612.3.peg.2002.site.15, 26, 164, 190
908612.3.peg.2002.site.16, 8, 160, 168
908612.3.peg.2002.site.17, 0, 164, 164
908612.3.peg.2002.site.18, 11, 164, 175
908612.3.peg.2002.site.19, 4, 168, 172
908612.3.peg.2002.site.20, 3, 166, 169
908612.3.peg.2002.site.21, 4, 168, 172
908612.3.peg.2002.site.22, 1, 171, 172
908612.3.peg.2002.site.23, 0, 167, 167
908612.3.peg.2002.site.24, 51, 168, 219
908612.3.peg.2002.site.25, 1, 172, 173
908612.3.peg.2002.site.26, 68, 174, 242
908612.3.peg.2003.site.1, 0, 142, 142
908612.3.peg.2003.site.2, 44, 168, 212
908612.3.peg.2003.site.3, 30, 180, 210
908612.3.peg.2003.site.4, 0, 179, 179
908612.3.peg.2003.site.5, 26, 179, 205
908612.3.peg.2003.site.6, 25, 178, 203
908612.3.peg.2003.site.7, 2, 177, 179
908612.3.peg.2004.site.1, 0, 178, 178
908612.3.peg.2004.site.2, 0, 177, 177
908612.3.peg.2004.site.3, 53, 161, 214
908612.3.peg.2004.site.4, 7, 161, 168
908612.3.peg.2004.site.5, 0, 161, 161
908612.3.peg.2004.site.6, 1, 164, 165
908612.3.peg.2004.site.7, 1, 160, 161
908612.3.peg.2004.site.8, 0, 180, 180
908612.3.peg.2005.site.1, 3, 174, 177
908612.3.peg.2005.site.2, 45, 175, 220
908612.3.peg.2005.site.3, 1, 179, 180
908612.3.peg.2005.site.4, 10, 179, 189
908612.3.peg.2005.site.5, 2, 179, 181
908612.3.peg.2005.site.6, 27, 179, 206
908612.3.peg.2005.site.7, 26, 178, 204
908612.3.peg.2005.site.8, 3, 180, 183
908612.3.peg.2005.site.9, 1, 171, 172
908612.3.peg.2005.site.10, 77, 180, 257
908612.3.peg.2007.site.1, 2, 179, 181
908612.3.peg.2007.site.2, 0, 180, 180
908612.3.peg.2007.site.3, 2, 180, 182
908612.3.peg.2007.site.4, 3, 180, 183
908612.3.peg.2007.site.5, 2, 179, 181
908612.3.peg.2007.site.6, 2, 179, 181
908612.3.peg.2007.site.7, 9, 174, 183
908612.3.peg.2007.site.8, 52, 170, 222
908612.3.peg.2007.site.9, 112, 173, 285
908612.3.peg.2007.site.10, 101, 137, 238
908612.3.peg.2007.site.11, 6, 168, 174
908612.3.peg.2007.site.12, 2, 178, 180
908612.3.peg.2007.site.13, 1, 179, 180
908612.3.peg.2007.site.14, 9, 172, 181
908612.3.peg.2007.site.15, 114, 171, 285
908612.3.peg.2007.site.16, 0, 177, 177
908612.3.peg.2007.site.17, 106, 176, 282
908612.3.peg.2007.site.18, 3, 177, 180
908612.3.peg.629.site.1, 2, 180, 182
908612.3.peg.629.site.2, 2, 180, 182
908612.3.peg.629.site.3, 0, 180, 180
908612.3.peg.629.site.4, 0, 178, 178
908612.3.peg.629.site.5, 0, 179, 179
908612.3.peg.625.site.1, 0, 176, 176
908612.3.peg.625.site.2, 3, 179, 182
908612.3.peg.625.site.3, 0, 180, 180
908612.3.peg.625.site.4, 0, 156, 156
908612.3.peg.625.site.5, 2, 165, 167
908612.3.peg.625.site.6, 0, 180, 180
908612.3.peg.625.site.7, 8, 178, 186
908612.3.peg.625.site.8, 4, 175, 179
908612.3.peg.625.site.9, 4, 174, 178
908612.3.peg.625.site.10, 0, 177, 177
908612.3.peg.625.site.11, 19, 178, 197
908612.3.peg.625.site.12, 6, 180, 186
908612.3.peg.625.site.13, 9, 180, 189
908612.3.peg.625.site.14, 18, 179, 197
908612.3.peg.625.site.15, 2, 180, 182
908612.3.peg.625.site.16, 7, 179, 186
908612.3.peg.625.site.17, 21, 179, 200
908612.3.peg.625.site.18, 9, 180, 189
908612.3.peg.625.site.19, 36, 178, 214
908612.3.peg.625.site.20, 1, 176, 177
908612.3.peg.625.site.21, 1, 172, 173
908612.3.peg.625.site.22, 19, 169, 188
908612.3.peg.625.site.23, 0, 167, 167
908612.3.peg.625.site.24, 2, 178, 180
908612.3.peg.627.site.1, 2, 180, 182
908612.3.peg.627.site.2, 11, 180, 191
908612.3.peg.627.site.3, 6, 180, 186
908612.3.peg.627.site.4, 40, 177, 217
908612.3.peg.627.site.5, 1, 177, 178
908612.3.peg.627.site.6, 0, 179, 179
908612.3.peg.627.site.7, 1, 178, 179
908612.3.peg.627.site.8, 78, 171, 249
908612.3.peg.627.site.9, 50, 170, 220
908612.3.peg.627.site.10, 7, 174, 181
908612.3.peg.627.site.11, 6, 176, 182
908612.3.peg.627.site.12, 102, 149, 251
908612.3.peg.627.site.13, 1, 168, 169
908612.3.peg.627.site.14, 2, 167, 169
908612.3.peg.627.site.15, 0, 171, 171
908612.3.peg.627.site.16, 0, 172, 172
908612.3.peg.627.site.17, 3, 165, 168
908612.3.peg.627.site.18, 12, 164, 176
908612.3.peg.627.site.19, 0, 173, 173
908612.3.peg.627.site.20, 6, 178, 184
908612.3.peg.627.site.21, 0, 177, 177
908612.3.peg.627.site.22, 0, 174, 174
908612.3.peg.627.site.23, 0, 177, 177
908612.3.peg.627.site.24, 3, 177, 180
908612.3.peg.627.site.25, 0, 175, 175
908612.3.peg.627.site.26, 1, 175, 176
908612.3.peg.627.site.27, 4, 167, 171
908612.3.peg.627.site.28, 99, 161, 260
908612.3.peg.627.site.29, 0, 176, 176
908612.3.peg.627.site.30, 0, 169, 169
908612.3.peg.627.site.31, 1, 172, 173
908612.3.peg.627.site.32, 1, 176, 177
908612.3.peg.627.site.33, 0, 177, 177
908612.3.peg.627.site.34, 0, 178, 178
908612.3.peg.627.site.35, 3, 177, 180
908612.3.peg.627.site.36, 0, 179, 179
908612.3.peg.627.site.37, 0, 179, 179
908612.3.peg.627.site.38, 0, 177, 177
908612.3.peg.627.site.39, 73, 172, 245
908612.3.peg.627.site.40, 0, 172, 172
908612.3.peg.627.site.41, 2, 178, 180
908612.3.peg.627.site.42, 1, 180, 181
908612.3.peg.627.site.43, 1, 180, 181
908612.3.peg.627.site.44, 1, 179, 180
908612.3.peg.627.site.45, 2, 176, 178
908612.3.peg.627.site.46, 6, 178, 184
908612.3.peg.627.site.47, 0, 171, 171
908612.3.peg.627.site.48, 42, 163, 205
908612.3.peg.627.site.49, 47, 159, 206
908612.3.peg.627.site.50, 6, 161, 167
908612.3.peg.627.site.51, 34, 145, 179
908612.3.peg.627.site.52, 6, 142, 148
908612.3.peg.627.site.53, 1, 157, 158
908612.3.peg.627.site.54, 137, 172, 309
908612.3.peg.627.site.55, 3, 178, 181
908612.3.peg.627.site.56, 3, 176, 179
908612.3.peg.627.site.57, 56, 172, 228
908612.3.peg.627.site.58, 0, 177, 177
908612.3.peg.627.site.59, 0, 167, 167
908612.3.peg.627.site.60, 4, 175, 179
908612.3.peg.627.site.61, 3, 179, 182
908612.3.peg.627.site.62, 108, 177, 285
908612.3.peg.627.site.63, 3, 180, 183
908612.3.peg.627.site.64, 93, 176, 269
908612.3.peg.627.site.65, 9, 179, 188
908612.3.peg.627.site.66, 3, 180, 183
908612.3.peg.627.site.67, 136, 177, 313
908612.3.peg.627.site.68, 5, 179, 184
908612.3.peg.627.site.69, 2, 178, 180
908612.3.peg.620.site.1, 24, 179, 203
908612.3.peg.620.site.2, 22, 176, 198
908612.3.peg.620.site.3, 23, 179, 202
908612.3.peg.620.site.4, 1, 180, 181
908612.3.peg.620.site.5, 3, 179, 182
908612.3.peg.620.site.6, 2, 179, 181
908612.3.peg.620.site.7, 28, 177, 205
908612.3.peg.620.site.8, 0, 179, 179
908612.3.peg.620.site.9, 6, 179, 185
908612.3.peg.620.site.10, 3, 179, 182
908612.3.peg.620.site.11, 23, 179, 202
908612.3.peg.620.site.12, 22, 178, 200
908612.3.peg.620.site.13, 15, 171, 186
908612.3.peg.620.site.14, 1, 158, 159
908612.3.peg.620.site.15, 3, 159, 162
908612.3.peg.620.site.16, 12, 166, 178
908612.3.peg.620.site.17, 1, 171, 172
908612.3.peg.620.site.18, 0, 180, 180
908612.3.peg.620.site.19, 2, 179, 181
908612.3.peg.622.site.1, 5, 175, 180
908612.3.peg.622.site.2, 3, 176, 179
908612.3.peg.622.site.3, 3, 179, 182
908612.3.peg.622.site.4, 0, 179, 179
908612.3.peg.622.site.5, 2, 179, 181
908612.3.peg.622.site.6, 4, 179, 183
908612.3.peg.622.site.7, 22, 174, 196
908612.3.peg.622.site.8, 21, 172, 193
908612.3.peg.622.site.9, 11, 172, 183
908612.3.peg.622.site.10, 11, 175, 186
908612.3.peg.622.site.11, 12, 178, 190
908612.3.peg.622.site.12, 2, 180, 182
908612.3.peg.622.site.13, 2, 180, 182
908612.3.peg.622.site.14, 2, 180, 182
908612.3.peg.622.site.15, 1, 180, 181
908612.3.peg.622.site.16, 0, 180, 180
908612.3.peg.622.site.17, 12, 178, 190
908612.3.peg.622.site.18, 0, 180, 180
908612.3.peg.622.site.19, 2, 180, 182
908612.3.peg.622.site.20, 42, 176, 218
908612.3.peg.622.site.21, 2, 178, 180
908612.3.peg.622.site.22, 5, 178, 183
908612.3.peg.622.site.23, 0, 180, 180
908612.3.peg.622.site.24, 26, 160, 186
908612.3.peg.622.site.25, 0, 176, 176
908612.3.peg.622.site.26, 9, 180, 189
908612.3.peg.622.site.27, 3, 180, 183
908612.3.peg.622.site.28, 22, 178, 200
908612.3.peg.622.site.29, 3, 179, 182
908612.3.peg.622.site.30, 9, 180, 189
908612.3.peg.622.site.31, 0, 178, 178
908612.3.peg.622.site.32, 12, 179, 191
908612.3.peg.622.site.33, 0, 179, 179
908612.3.peg.622.site.34, 1, 178, 179
908612.3.peg.622.site.35, 23, 179, 202
908612.3.peg.622.site.36, 0, 179, 179
908612.3.peg.622.site.37, 0, 180, 180
908612.3.peg.622.site.38, 33, 176, 209
908612.3.peg.622.site.39, 34, 178, 212
908612.3.peg.622.site.40, 45, 176, 221
908612.3.peg.622.site.41, 1, 137, 138
908612.3.peg.622.site.42, 4, 134, 138
908612.3.peg.97.site.1, 79, 174, 253
908612.3.peg.97.site.2, 51, 166, 217
908612.3.peg.97.site.3, 49, 167, 216
908612.3.peg.97.site.4, 49, 161, 210
908612.3.peg.97.site.5, 1, 177, 178
908612.3.peg.97.site.6, 14, 170, 184
908612.3.peg.97.site.7, 4, 178, 182
908612.3.peg.97.site.8, 42, 177, 219
908612.3.peg.97.site.9, 18, 173, 191
908612.3.peg.97.site.10, 37, 170, 207
908612.3.peg.97.site.11, 3, 174, 177
908612.3.peg.97.site.12, 1, 146, 147
908612.3.peg.97.site.13, 6, 163, 169
908612.3.peg.97.site.14, 9, 175, 184
908612.3.peg.97.site.15, 4, 178, 182
908612.3.peg.97.site.16, 0, 179, 179
908612.3.peg.97.site.17, 0, 179, 179
908612.3.peg.97.site.18, 1, 178, 179
908612.3.peg.97.site.19, 2, 179, 181
908612.3.peg.97.site.20, 0, 178, 178
908612.3.peg.97.site.21, 3, 178, 181
908612.3.peg.97.site.22, 130, 176, 306
908612.3.peg.97.site.23, 0, 179, 179
908612.3.peg.97.site.24, 28, 176, 204
908612.3.peg.97.site.25, 1, 179, 180
908612.3.peg.97.site.26, 58, 173, 231
908612.3.peg.97.site.27, 0, 173, 173
908612.3.peg.97.site.28, 29, 159, 188
908612.3.peg.97.site.29, 1, 140, 141
908612.3.peg.97.site.30, 5, 179, 184
908612.3.peg.97.site.31, 62, 175, 237
908612.3.peg.97.site.32, 63, 176, 239
908612.3.peg.97.site.33, 3, 178, 181
908612.3.peg.97.site.34, 98, 176, 274
908612.3.peg.717.site.1, 4, 117, 121
908612.3.peg.717.site.2, 5, 119, 124
908612.3.peg.717.site.3, 1, 132, 133
908612.3.peg.717.site.4, 92, 138, 230
908612.3.peg.717.site.5, 10, 124, 134
908612.3.peg.717.site.6, 8, 115, 123
908612.3.peg.717.site.7, 16, 107, 123
908612.3.peg.717.site.8, 2, 76, 78
908612.3.peg.96.site.1, 71, 174, 245
908612.3.peg.96.site.2, 48, 177, 225
908612.3.peg.96.site.3, 2, 165, 167
908612.3.peg.96.site.4, 0, 180, 180
908612.3.peg.96.site.5, 76, 179, 255
908612.3.peg.96.site.6, 5, 178, 183
908612.3.peg.96.site.7, 64, 176, 240
908612.3.peg.96.site.8, 12, 176, 188
908612.3.peg.96.site.9, 2, 180, 182
908612.3.peg.96.site.10, 2, 179, 181
908612.3.peg.96.site.11, 2, 179, 181
908612.3.peg.96.site.12, 0, 180, 180
908612.3.peg.96.site.13, 23, 179, 202
908612.3.peg.96.site.14, 2, 179, 181
908612.3.peg.96.site.15, 22, 178, 200
908612.3.peg.96.site.16, 140, 175, 315
908612.3.peg.96.site.17, 3, 179, 182
908612.3.peg.96.site.18, 22, 178, 200
908612.3.peg.96.site.19, 36, 175, 211
908612.3.peg.96.site.20, 0, 179, 179
908612.3.peg.719.site.1, 6, 159, 165
908612.3.peg.719.site.2, 34, 161, 195
908612.3.peg.719.site.3, 129, 166, 295
908612.3.peg.719.site.4, 96, 165, 261
908612.3.peg.719.site.5, 93, 162, 255
908612.3.peg.719.site.6, 36, 161, 197
908612.3.peg.719.site.7, 58, 135, 193
908612.3.peg.719.site.8, 16, 145, 161
908612.3.peg.719.site.9, 3, 138, 141
908612.3.peg.719.site.10, 12, 139, 151
908612.3.peg.719.site.11, 5, 139, 144
908612.3.peg.719.site.12, 3, 163, 166
908612.3.peg.719.site.13, 3, 174, 177
908612.3.peg.719.site.14, 2, 174, 176
908612.3.peg.719.site.15, 5, 176, 181
908612.3.peg.719.site.16, 12, 172, 184
908612.3.peg.719.site.17, 10, 175, 185
908612.3.peg.719.site.18, 4, 175, 179
908612.3.peg.719.site.19, 71, 169, 240
908612.3.peg.719.site.20, 82, 171, 253
908612.3.peg.719.site.21, 1, 175, 176
908612.3.peg.719.site.22, 1, 175, 176
908612.3.peg.719.site.23, 1, 171, 172
908612.3.peg.719.site.24, 0, 167, 167
908612.3.peg.719.site.25, 0, 146, 146
908612.3.peg.719.site.26, 6, 139, 145
908612.3.peg.719.site.27, 1, 139, 140
908612.3.peg.719.site.28, 6, 162, 168
908612.3.peg.719.site.29, 3, 172, 175
908612.3.peg.719.site.30, 26, 168, 194
908612.3.peg.719.site.31, 1, 173, 174
908612.3.peg.719.site.32, 2, 175, 177
908612.3.peg.719.site.33, 2, 173, 175
908612.3.peg.719.site.34, 16, 172, 188
908612.3.peg.719.site.35, 2, 175, 177
908612.3.peg.719.site.36, 2, 174, 176
908612.3.peg.718.site.1, 134, 159, 293
908612.3.peg.718.site.2, 82, 148, 230
908612.3.peg.718.site.3, 19, 48, 67
908612.3.peg.718.site.4, 36, 62, 98
908612.3.peg.718.site.5, 3, 66, 69
908612.3.peg.718.site.6, 123, 156, 279
908612.3.peg.718.site.7, 18, 159, 177
908612.3.peg.718.site.8, 18, 159, 177
908612.3.peg.718.site.9, 17, 158, 175
908612.3.peg.718.site.10, 18, 159, 177
908612.3.peg.718.site.11, 96, 157, 253
908612.3.peg.718.site.12, 7, 166, 173
908612.3.peg.718.site.13, 5, 170, 175
908612.3.peg.718.site.14, 20, 159, 179
908612.3.peg.718.site.15, 2, 159, 161
908612.3.peg.718.site.16, 2, 168, 170
908612.3.peg.718.site.17, 4, 169, 173
908612.3.peg.718.site.18, 17, 169, 186
908612.3.peg.718.site.19, 135, 167, 302
908612.3.peg.718.site.20, 136, 168, 304
908612.3.peg.718.site.21, 5, 171, 176
908612.3.peg.718.site.22, 60, 167, 227
908612.3.peg.718.site.23, 61, 167, 228
908612.3.peg.718.site.24, 3, 171, 174
908612.3.peg.718.site.25, 0, 170, 170
908612.3.peg.718.site.26, 11, 171, 182
908612.3.peg.718.site.27, 5, 171, 176
908612.3.peg.718.site.28, 5, 172, 177
908612.3.peg.718.site.29, 5, 172, 177
908612.3.peg.718.site.30, 2, 170, 172
908612.3.peg.718.site.31, 9, 172, 181
908612.3.peg.718.site.32, 136, 169, 305
908612.3.peg.718.site.33, 9, 171, 180
908612.3.peg.718.site.34, 48, 166, 214
908612.3.peg.718.site.35, 48, 165, 213
908612.3.peg.718.site.36, 7, 164, 171
908612.3.peg.718.site.37, 1, 166, 167
908612.3.peg.718.site.38, 1, 167, 168
908612.3.peg.718.site.39, 1, 167, 168
908612.3.peg.718.site.40, 30, 163, 193
908612.3.peg.718.site.41, 13, 152, 165
908612.3.peg.718.site.42, 4, 149, 153
908612.3.peg.718.site.43, 3, 150, 153
908612.3.peg.718.site.44, 76, 160, 236
908612.3.peg.718.site.45, 132, 169, 301
908612.3.peg.718.site.46, 1, 167, 168
908612.3.peg.718.site.47, 106, 163, 269
908612.3.peg.718.site.48, 2, 161, 163
908612.3.peg.718.site.49, 22, 148, 170
908612.3.peg.718.site.50, 0, 165, 165
908612.3.peg.718.site.51, 2, 166, 168
908612.3.peg.718.site.52, 115, 163, 278
908612.3.peg.718.site.53, 3, 168, 171
908612.3.peg.718.site.54, 44, 167, 211
908612.3.peg.718.site.55, 4, 166, 170
908612.3.peg.718.site.56, 0, 168, 168
908612.3.peg.718.site.57, 23, 156, 179
908612.3.peg.718.site.58, 8, 133, 141
908612.3.peg.718.site.59, 2, 133, 135
908612.3.peg.718.site.60, 1, 133, 134
908612.3.peg.718.site.61, 3, 134, 137
908612.3.peg.718.site.62, 1, 131, 132
908612.3.peg.718.site.63, 8, 139, 147
908612.3.peg.718.site.64, 3, 165, 168
908612.3.peg.718.site.65, 110, 165, 275
908612.3.peg.94.site.1, 16, 159, 175
908612.3.peg.94.site.2, 1, 175, 176
908612.3.peg.94.site.3, 3, 175, 178
908612.3.peg.94.site.4, 2, 180, 182
908612.3.peg.94.site.5, 13, 180, 193
908612.3.peg.94.site.6, 40, 176, 216
908612.3.peg.94.site.7, 5, 178, 183
908612.3.peg.94.site.8, 36, 178, 214
908612.3.peg.94.site.9, 2, 179, 181
908612.3.peg.94.site.10, 4, 178, 182
908612.3.peg.94.site.11, 3, 174, 177
908612.3.peg.94.site.12, 1, 178, 179
908612.3.peg.94.site.13, 5, 177, 182
908612.3.peg.94.site.14, 22, 173, 195
908612.3.peg.94.site.15, 3, 170, 173
908612.3.peg.94.site.16, 0, 172, 172
908612.3.peg.94.site.17, 135, 163, 298
908612.3.peg.94.site.18, 102, 157, 259
908612.3.peg.94.site.19, 5, 172, 177
908612.3.peg.94.site.20, 3, 176, 179
908612.3.peg.94.site.21, 6, 177, 183
908612.3.peg.2880.site.1, 0, 177, 177
908612.3.peg.2880.site.2, 2, 178, 180
908612.3.peg.2880.site.3, 0, 178, 178
908612.3.peg.2880.site.4, 1, 177, 178
908612.3.peg.2880.site.5, 25, 174, 199
908612.3.peg.2880.site.6, 5, 177, 182
908612.3.peg.2880.site.7, 19, 177, 196
908612.3.peg.2880.site.8, 1, 178, 179
908612.3.peg.2880.site.9, 1, 178, 179
908612.3.peg.2880.site.10, 1, 177, 178
908612.3.peg.2880.site.11, 69, 175, 244
908612.3.peg.2880.site.12, 0, 178, 178
908612.3.peg.93.site.1, 5, 178, 183
908612.3.peg.93.site.2, 1, 177, 178
908612.3.peg.93.site.3, 27, 177, 204
908612.3.peg.93.site.4, 133, 178, 311
908612.3.peg.93.site.5, 0, 180, 180
908612.3.peg.93.site.6, 3, 180, 183
908612.3.peg.93.site.7, 2, 180, 182
908612.3.peg.93.site.8, 28, 178, 206
908612.3.peg.93.site.9, 2, 178, 180
908612.3.peg.93.site.10, 7, 179, 186
908612.3.peg.93.site.11, 9, 179, 188
908612.3.peg.93.site.12, 11, 179, 190
908612.3.peg.93.site.13, 73, 179, 252
908612.3.peg.93.site.14, 3, 179, 182
908612.3.peg.93.site.15, 0, 180, 180
908612.3.peg.93.site.16, 101, 172, 273
908612.3.peg.93.site.17, 73, 168, 241
908612.3.peg.93.site.18, 0, 176, 176
908612.3.peg.93.site.19, 4, 180, 184
908612.3.peg.93.site.20, 12, 178, 190
908612.3.peg.93.site.21, 0, 180, 180
908612.3.peg.93.site.22, 6, 177, 183
908612.3.peg.91.site.1, 6, 180, 186
908612.3.peg.91.site.2, 6, 180, 186
908612.3.peg.91.site.3, 87, 176, 263
908612.3.peg.91.site.4, 24, 178, 202
908612.3.peg.91.site.5, 23, 175, 198
908612.3.peg.91.site.6, 5, 174, 179
908612.3.peg.91.site.7, 13, 173, 186
908612.3.peg.91.site.8, 10, 180, 190
908612.3.peg.91.site.9, 0, 176, 176
908612.3.peg.91.site.10, 127, 174, 301
908612.3.peg.91.site.11, 112, 173, 285
908612.3.peg.91.site.12, 103, 172, 275
908612.3.peg.91.site.13, 26, 176, 202
908612.3.peg.1402.site.1, 1, 155, 156
908612.3.peg.1402.site.2, 5, 160, 165
908612.3.peg.1402.site.3, 0, 177, 177
908612.3.peg.1402.site.4, 82, 176, 258
908612.3.peg.1402.site.5, 40, 179, 219
908612.3.peg.1402.site.6, 11, 179, 190
908612.3.peg.1402.site.7, 24, 180, 204
908612.3.peg.1402.site.8, 2, 180, 182
908612.3.peg.1402.site.9, 27, 180, 207
908612.3.peg.1402.site.10, 1, 180, 181
908612.3.peg.404.site.1, 30, 174, 204
908612.3.peg.404.site.2, 156, 176, 332
908612.3.peg.404.site.3, 159, 179, 338
908612.3.peg.404.site.4, 3, 177, 180
908612.3.peg.404.site.5, 2, 180, 182
908612.3.peg.404.site.6, 124, 175, 299
908612.3.peg.404.site.7, 1, 180, 181
908612.3.peg.404.site.8, 16, 178, 194
908612.3.peg.404.site.9, 125, 176, 301
908612.3.peg.404.site.10, 66, 130, 196
908612.3.peg.404.site.11, 24, 88, 112
908612.3.peg.404.site.12, 3, 86, 89
908612.3.peg.404.site.13, 12, 77, 89
908612.3.peg.404.site.14, 49, 83, 132
908612.3.peg.404.site.15, 22, 87, 109
908612.3.peg.404.site.16, 30, 95, 125
908612.3.peg.404.site.17, 91, 126, 217
908612.3.peg.404.site.18, 2, 160, 162
908612.3.peg.404.site.19, 4, 163, 167
908612.3.peg.404.site.20, 101, 165, 266
908612.3.peg.404.site.21, 128, 160, 288
908612.3.peg.404.site.22, 95, 159, 254
908612.3.peg.404.site.23, 1, 179, 180
908612.3.peg.404.site.24, 0, 180, 180
908612.3.peg.404.site.25, 42, 177, 219
908612.3.peg.404.site.26, 19, 180, 199
908612.3.peg.404.site.27, 68, 177, 245
908612.3.peg.404.site.28, 12, 178, 190
908612.3.peg.404.site.29, 2, 178, 180
908612.3.peg.404.site.30, 1, 153, 154
908612.3.peg.404.site.31, 1, 153, 154
908612.3.peg.407.site.1, 0, 180, 180
908612.3.peg.407.site.2, 0, 180, 180
908612.3.peg.407.site.3, 0, 180, 180
908612.3.peg.407.site.4, 46, 177, 223
908612.3.peg.407.site.5, 40, 179, 219
908612.3.peg.407.site.6, 7, 177, 184
908612.3.peg.407.site.7, 4, 177, 181
908612.3.peg.407.site.8, 0, 180, 180
908612.3.peg.407.site.9, 26, 174, 200
908612.3.peg.407.site.10, 3, 179, 182
908612.3.peg.407.site.11, 3, 180, 183
908612.3.peg.407.site.12, 6, 180, 186
908612.3.peg.407.site.13, 2, 180, 182
908612.3.peg.407.site.14, 27, 177, 204
908612.3.peg.407.site.15, 45, 178, 223
908612.3.peg.407.site.16, 3, 180, 183
908612.3.peg.407.site.17, 2, 179, 181
908612.3.peg.407.site.18, 0, 180, 180
908612.3.peg.407.site.19, 1, 180, 181
908612.3.peg.407.site.20, 47, 176, 223
908612.3.peg.407.site.21, 11, 177, 188
908612.3.peg.407.site.22, 73, 177, 250
908612.3.peg.407.site.23, 87, 175, 262
908612.3.peg.407.site.24, 87, 175, 262
908612.3.peg.407.site.25, 60, 173, 233
908612.3.peg.407.site.26, 0, 178, 178
908612.3.peg.407.site.27, 65, 176, 241
908612.3.peg.407.site.28, 5, 179, 184
908612.3.peg.407.site.29, 0, 179, 179
908612.3.peg.407.site.30, 0, 179, 179
908612.3.peg.407.site.31, 53, 175, 228
908612.3.peg.407.site.32, 2, 180, 182
908612.3.peg.407.site.33, 4, 180, 184
908612.3.peg.407.site.34, 0, 179, 179
908612.3.peg.406.site.1, 1, 153, 154
908612.3.peg.406.site.2, 2, 152, 154
908612.3.peg.406.site.3, 2, 151, 153
908612.3.peg.406.site.4, 4, 150, 154
908612.3.peg.406.site.5, 5, 146, 151
908612.3.peg.406.site.6, 1, 148, 149
908612.3.peg.406.site.7, 4, 146, 150
908612.3.peg.406.site.8, 8, 173, 181
908612.3.peg.406.site.9, 5, 178, 183
908612.3.peg.406.site.10, 5, 177, 182
908612.3.peg.406.site.11, 5, 179, 184
908612.3.peg.406.site.12, 6, 180, 186
908612.3.peg.406.site.13, 7, 178, 185
908612.3.peg.406.site.14, 1, 180, 181
908612.3.peg.406.site.15, 4, 180, 184
908612.3.peg.406.site.16, 1, 180, 181
908612.3.peg.406.site.17, 0, 180, 180
908612.3.peg.406.site.18, 33, 179, 212
908612.3.peg.406.site.19, 1, 180, 181
908612.3.peg.406.site.20, 14, 179, 193
908612.3.peg.406.site.21, 14, 179, 193
908612.3.peg.406.site.22, 8, 179, 187
908612.3.peg.406.site.23, 2, 179, 181
908612.3.peg.406.site.24, 1, 180, 181
908612.3.peg.406.site.25, 16, 179, 195
908612.3.peg.406.site.26, 18, 178, 196
908612.3.peg.406.site.27, 21, 180, 201
908612.3.peg.406.site.28, 1, 180, 181
908612.3.peg.406.site.29, 3, 179, 182
908612.3.peg.406.site.30, 28, 176, 204
908612.3.peg.406.site.31, 8, 177, 185
908612.3.peg.406.site.32, 97, 176, 273
908612.3.peg.406.site.33, 3, 179, 182
908612.3.peg.406.site.34, 6, 180, 186
908612.3.peg.406.site.35, 19, 176, 195
908612.3.peg.406.site.36, 19, 176, 195
908612.3.peg.406.site.37, 34, 177, 211
908612.3.peg.406.site.38, 10, 167, 177
908612.3.peg.406.site.39, 34, 119, 153
908612.3.peg.406.site.40, 2, 125, 127
908612.3.peg.406.site.41, 10, 133, 143
908612.3.peg.406.site.42, 6, 155, 161
908612.3.peg.406.site.43, 32, 141, 173
908612.3.peg.406.site.44, 10, 156, 166
908612.3.peg.406.site.45, 13, 143, 156
908612.3.peg.406.site.46, 63, 155, 218
908612.3.peg.406.site.47, 3, 168, 171
908612.3.peg.406.site.48, 13, 171, 184
908612.3.peg.406.site.49, 3, 175, 178
908612.3.peg.406.site.50, 48, 170, 218
908612.3.peg.406.site.51, 28, 164, 192
908612.3.peg.406.site.52, 0, 167, 167
908612.3.peg.406.site.53, 8, 168, 176
908612.3.peg.406.site.54, 29, 163, 192
908612.3.peg.406.site.55, 28, 167, 195
908612.3.peg.406.site.56, 60, 170, 230
908612.3.peg.406.site.57, 0, 179, 179
908612.3.peg.406.site.58, 59, 175, 234
908612.3.peg.406.site.59, 3, 177, 180
908612.3.peg.406.site.60, 4, 180, 184
908612.3.peg.406.site.61, 50, 176, 226
908612.3.peg.406.site.62, 6, 179, 185
908612.3.peg.406.site.63, 0, 179, 179
908612.3.peg.406.site.64, 2, 180, 182
908612.3.peg.406.site.65, 11, 178, 189
908612.3.peg.406.site.66, 39, 177, 216
908612.3.peg.406.site.67, 39, 177, 216
908612.3.peg.406.site.68, 4, 179, 183
908612.3.peg.406.site.69, 2, 179, 181
908612.3.peg.406.site.70, 0, 180, 180
908612.3.peg.406.site.71, 10, 180, 190
908612.3.peg.406.site.72, 3, 180, 183
908612.3.peg.406.site.73, 5, 178, 183
908612.3.peg.406.site.74, 3, 174, 177
908612.3.peg.406.site.75, 29, 172, 201
908612.3.peg.406.site.76, 45, 166, 211
908612.3.peg.406.site.77, 37, 175, 212
908612.3.peg.406.site.78, 51, 171, 222
908612.3.peg.406.site.79, 14, 180, 194
908612.3.peg.406.site.80, 1, 178, 179
908612.3.peg.406.site.81, 96, 177, 273
908612.3.peg.406.site.82, 4, 177, 181
908612.3.peg.406.site.83, 2, 179, 181
908612.3.peg.406.site.84, 0, 180, 180
908612.3.peg.406.site.85, 2, 180, 182
908612.3.peg.406.site.86, 29, 176, 205
908612.3.peg.406.site.87, 3, 180, 183
908612.3.peg.406.site.88, 0, 179, 179
908612.3.peg.401.site.1, 144, 180, 324
908612.3.peg.401.site.2, 59, 175, 234
908612.3.peg.401.site.3, 0, 174, 174
908612.3.peg.401.site.4, 46, 175, 221
908612.3.peg.401.site.5, 57, 172, 229
908612.3.peg.401.site.6, 137, 179, 316
908612.3.peg.400.site.1, 33, 178, 211
908612.3.peg.400.site.2, 24, 179, 203
908612.3.peg.400.site.3, 122, 179, 301
908612.3.peg.400.site.4, 154, 179, 333
908612.3.peg.400.site.5, 24, 177, 201
908612.3.peg.400.site.6, 1, 180, 181
908612.3.peg.400.site.7, 3, 180, 183
908612.3.peg.400.site.8, 2, 180, 182
908612.3.peg.400.site.9, 1, 180, 181
908612.3.peg.400.site.10, 6, 177, 183
908612.3.peg.400.site.11, 1, 176, 177
908612.3.peg.400.site.12, 154, 177, 331
908612.3.peg.400.site.13, 2, 179, 181
908612.3.peg.400.site.14, 20, 178, 198
908612.3.peg.400.site.15, 101, 175, 276
908612.3.peg.400.site.16, 2, 179, 181
908612.3.peg.400.site.17, 50, 174, 224
908612.3.peg.400.site.18, 22, 176, 198
908612.3.peg.400.site.19, 13, 180, 193
908612.3.peg.403.site.1, 94, 175, 269
908612.3.peg.403.site.2, 0, 180, 180
908612.3.peg.403.site.3, 0, 179, 179
908612.3.peg.403.site.4, 1, 179, 180
908612.3.peg.403.site.5, 89, 176, 265
908612.3.peg.403.site.6, 89, 176, 265
908612.3.peg.403.site.7, 13, 180, 193
908612.3.peg.403.site.8, 3, 179, 182
908612.3.peg.403.site.9, 0, 180, 180
908612.3.peg.403.site.10, 2, 180, 182
908612.3.peg.403.site.11, 2, 179, 181
908612.3.peg.403.site.12, 0, 180, 180
908612.3.peg.403.site.13, 0, 180, 180
908612.3.peg.403.site.14, 5, 180, 185
908612.3.peg.403.site.15, 93, 173, 266
908612.3.peg.403.site.16, 0, 180, 180
908612.3.peg.403.site.17, 3, 180, 183
908612.3.peg.403.site.18, 37, 176, 213
908612.3.peg.403.site.19, 100, 176, 276
908612.3.peg.403.site.20, 21, 179, 200
908612.3.peg.403.site.21, 3, 180, 183
908612.3.peg.403.site.22, 4, 179, 183
908612.3.peg.403.site.23, 46, 173, 219
908612.3.peg.403.site.24, 16, 178, 194
908612.3.peg.403.site.25, 4, 177, 181
908612.3.peg.403.site.26, 0, 179, 179
908612.3.peg.403.site.27, 11, 179, 190
908612.3.peg.403.site.28, 31, 173, 204
908612.3.peg.403.site.29, 0, 177, 177
908612.3.peg.403.site.30, 8, 177, 185
908612.3.peg.403.site.31, 2, 180, 182
908612.3.peg.403.site.32, 0, 180, 180
908612.3.peg.403.site.33, 152, 179, 331
908612.3.peg.403.site.34, 51, 175, 226
908612.3.peg.403.site.35, 98, 174, 272
908612.3.peg.403.site.36, 20, 175, 195
908612.3.peg.403.site.37, 1, 177, 178
908612.3.peg.403.site.38, 22, 176, 198
908612.3.peg.403.site.39, 31, 180, 211
908612.3.peg.403.site.40, 0, 179, 179
908612.3.peg.403.site.41, 158, 180, 338
908612.3.peg.403.site.42, 5, 177, 182
908612.3.peg.403.site.43, 31, 179, 210
908612.3.peg.403.site.44, 5, 179, 184
908612.3.peg.403.site.45, 3, 180, 183
908612.3.peg.403.site.46, 0, 180, 180
908612.3.peg.403.site.47, 0, 180, 180
908612.3.peg.403.site.48, 1, 179, 180
908612.3.peg.403.site.49, 3, 179, 182
908612.3.peg.403.site.50, 98, 174, 272
908612.3.peg.403.site.51, 8, 178, 186
908612.3.peg.403.site.52, 0, 178, 178
908612.3.peg.403.site.53, 0, 179, 179
908612.3.peg.403.site.54, 0, 179, 179
908612.3.peg.402.site.1, 2, 180, 182
908612.3.peg.402.site.2, 2, 180, 182
908612.3.peg.402.site.3, 4, 173, 177
908612.3.peg.402.site.4, 0, 147, 147
908612.3.peg.402.site.5, 2, 127, 129
908612.3.peg.409.site.1, 2, 179, 181
908612.3.peg.409.site.2, 12, 180, 192
908612.3.peg.409.site.3, 58, 179, 237
908612.3.peg.409.site.4, 33, 150, 183
908612.3.peg.409.site.5, 32, 151, 183
908612.3.peg.409.site.6, 24, 143, 167
908612.3.peg.409.site.7, 0, 167, 167
908612.3.peg.409.site.8, 13, 176, 189
908612.3.peg.409.site.9, 60, 176, 236
908612.3.peg.409.site.10, 73, 175, 248
908612.3.peg.409.site.11, 12, 178, 190
908612.3.peg.409.site.12, 68, 171, 239
908612.3.peg.409.site.13, 67, 170, 237
908612.3.peg.409.site.14, 16, 177, 193
908612.3.peg.409.site.15, 2, 179, 181
908612.3.peg.409.site.16, 23, 177, 200
908612.3.peg.409.site.17, 23, 178, 201
908612.3.peg.408.site.1, 0, 180, 180
908612.3.peg.408.site.2, 39, 174, 213
908612.3.peg.408.site.3, 1, 152, 153
908612.3.peg.408.site.4, 3, 177, 180
908612.3.peg.408.site.5, 20, 167, 187
908612.3.peg.408.site.6, 37, 175, 212
908612.3.peg.408.site.7, 31, 177, 208
908612.3.peg.408.site.8, 5, 177, 182
908612.3.peg.408.site.9, 16, 179, 195
908612.3.peg.408.site.10, 5, 173, 178
908612.3.peg.408.site.11, 75, 177, 252
908612.3.peg.408.site.12, 3, 180, 183
908612.3.peg.408.site.13, 0, 179, 179
908612.3.peg.408.site.14, 3, 179, 182
908612.3.peg.408.site.15, 0, 178, 178
908612.3.peg.408.site.16, 1, 180, 181
908612.3.peg.408.site.17, 0, 177, 177
908612.3.peg.408.site.18, 0, 175, 175
908612.3.peg.408.site.19, 4, 177, 181
908612.3.peg.408.site.20, 70, 173, 243
908612.3.peg.408.site.21, 1, 177, 178
908612.3.peg.408.site.22, 9, 178, 187
908612.3.peg.408.site.23, 7, 180, 187
908612.3.peg.408.site.24, 40, 176, 216
908612.3.peg.408.site.25, 3, 179, 182
908612.3.peg.408.site.26, 2, 180, 182
908612.3.peg.408.site.27, 3, 180, 183
908612.3.peg.408.site.28, 32, 177, 209
908612.3.peg.408.site.29, 0, 180, 180
908612.3.peg.408.site.30, 16, 180, 196
908612.3.peg.408.site.31, 12, 180, 192
908612.3.peg.408.site.32, 55, 175, 230
908612.3.peg.408.site.33, 2, 179, 181
908612.3.peg.408.site.34, 40, 177, 217
908612.3.peg.408.site.35, 75, 176, 251
908612.3.peg.408.site.36, 75, 175, 250
908612.3.peg.2730.site.1, 0, 164, 164
908612.3.peg.2730.site.2, 52, 165, 217
908612.3.peg.2730.site.3, 53, 166, 219
908612.3.peg.2730.site.4, 60, 169, 229
908612.3.peg.2730.site.5, 0, 180, 180
908612.3.peg.2730.site.6, 58, 178, 236
908612.3.peg.2730.site.7, 4, 179, 183
908612.3.peg.2730.site.8, 0, 178, 178
908612.3.peg.2730.site.9, 127, 172, 299
908612.3.peg.2730.site.10, 0, 176, 176
908612.3.peg.2730.site.11, 1, 175, 176
908612.3.peg.2730.site.12, 2, 180, 182
908612.3.peg.570.site.1, 16, 173, 189
908612.3.peg.570.site.2, 11, 173, 184
908612.3.peg.570.site.3, 140, 171, 311
908612.3.peg.570.site.4, 1, 174, 175
908612.3.peg.570.site.5, 79, 172, 251
908612.3.peg.570.site.6, 36, 171, 207
908612.3.peg.570.site.7, 22, 172, 194
908612.3.peg.570.site.8, 90, 170, 260
908612.3.peg.570.site.9, 13, 172, 185
908612.3.peg.570.site.10, 4, 174, 178
908612.3.peg.570.site.11, 11, 173, 184
908612.3.peg.570.site.12, 1, 172, 173
908612.3.peg.570.site.13, 17, 173, 190
908612.3.peg.570.site.14, 1, 173, 174
908612.3.peg.570.site.15, 144, 173, 317
908612.3.peg.570.site.16, 4, 170, 174
908612.3.peg.570.site.17, 1, 169, 170
908612.3.peg.570.site.18, 4, 173, 177
908612.3.peg.570.site.19, 40, 159, 199
908612.3.peg.2885.site.1, 0, 180, 180
908612.3.peg.2885.site.2, 2, 180, 182
908612.3.peg.2885.site.3, 0, 180, 180
908612.3.peg.2885.site.4, 0, 180, 180
908612.3.peg.2885.site.5, 6, 180, 186
908612.3.peg.2885.site.6, 6, 180, 186
908612.3.peg.2885.site.7, 17, 180, 197
908612.3.peg.2885.site.8, 3, 180, 183
908612.3.peg.2885.site.9, 0, 178, 178
908612.3.peg.2885.site.10, 0, 177, 177
908612.3.peg.2885.site.11, 1, 180, 181
908612.3.peg.2885.site.12, 1, 180, 181
908612.3.peg.2885.site.13, 25, 179, 204
908612.3.peg.2885.site.14, 0, 180, 180
908612.3.peg.2885.site.15, 1, 180, 181
908612.3.peg.2885.site.16, 103, 176, 279
908612.3.peg.2885.site.17, 0, 180, 180
908612.3.peg.2885.site.18, 15, 177, 192
908612.3.peg.2885.site.19, 43, 178, 221
908612.3.peg.2885.site.20, 23, 139, 162
908612.3.peg.2885.site.21, 24, 157, 181
908612.3.peg.2885.site.22, 23, 172, 195
908612.3.peg.2886.site.1, 32, 179, 211
908612.3.peg.2886.site.2, 1, 180, 181
908612.3.peg.2886.site.3, 0, 179, 179
908612.3.peg.2886.site.4, 0, 180, 180
908612.3.peg.2886.site.5, 0, 178, 178
908612.3.peg.2886.site.6, 1, 180, 181
908612.3.peg.2886.site.7, 6, 180, 186
908612.3.peg.2886.site.8, 1, 180, 181
908612.3.peg.2886.site.9, 31, 165, 196
908612.3.peg.2886.site.10, 22, 135, 157
908612.3.peg.2886.site.11, 29, 176, 205
908612.3.peg.2886.site.12, 3, 180, 183
908612.3.peg.2886.site.13, 3, 180, 183
908612.3.peg.2886.site.14, 14, 176, 190
908612.3.peg.2886.site.15, 2, 180, 182
908612.3.peg.2886.site.16, 1, 174, 175
908612.3.peg.2886.site.17, 8, 170, 178
908612.3.peg.2886.site.18, 7, 177, 184
908612.3.peg.2886.site.19, 2, 175, 177
908612.3.peg.2886.site.20, 30, 173, 203
908612.3.peg.2886.site.21, 131, 174, 305
908612.3.peg.2886.site.22, 125, 170, 295
908612.3.peg.2886.site.23, 2, 166, 168
908612.3.peg.2886.site.24, 129, 173, 302
908612.3.peg.2886.site.25, 11, 175, 186
908612.3.peg.2886.site.26, 6, 172, 178
908612.3.peg.2886.site.27, 25, 169, 194
908612.3.peg.2886.site.28, 29, 165, 194
908612.3.peg.2886.site.29, 105, 174, 279
908612.3.peg.2886.site.30, 4, 180, 184
908612.3.peg.2886.site.31, 0, 179, 179
908612.3.peg.2886.site.32, 141, 178, 319
908612.3.peg.2886.site.33, 1, 180, 181
908612.3.peg.2886.site.34, 5, 179, 184
908612.3.peg.2886.site.35, 11, 180, 191
908612.3.peg.2886.site.36, 8, 179, 187
908612.3.peg.2886.site.37, 45, 177, 222
908612.3.peg.2886.site.38, 26, 179, 205
908612.3.peg.2886.site.39, 3, 180, 183
908612.3.peg.2886.site.40, 0, 180, 180
908612.3.peg.2886.site.41, 1, 178, 179
908612.3.peg.2886.site.42, 1, 171, 172
908612.3.peg.2886.site.43, 25, 174, 199
908612.3.peg.2886.site.44, 7, 179, 186
908612.3.peg.2886.site.45, 65, 176, 241
908612.3.peg.2886.site.46, 25, 174, 199
908612.3.peg.2886.site.47, 15, 143, 158
908612.3.peg.2886.site.48, 70, 172, 242
908612.3.peg.2886.site.49, 89, 176, 265
908612.3.peg.2886.site.50, 18, 179, 197
908612.3.peg.2886.site.51, 3, 180, 183
908612.3.peg.2886.site.52, 0, 179, 179
908612.3.peg.168.site.1, 94, 176, 270
908612.3.peg.168.site.2, 0, 180, 180
908612.3.peg.168.site.3, 115, 178, 293
908612.3.peg.168.site.4, 2, 180, 182
908612.3.peg.168.site.5, 1, 179, 180
908612.3.peg.168.site.6, 0, 176, 176
908612.3.peg.168.site.7, 102, 173, 275
908612.3.peg.168.site.8, 1, 180, 181
908612.3.peg.168.site.9, 0, 180, 180
908612.3.peg.168.site.10, 88, 176, 264
908612.3.peg.168.site.11, 0, 180, 180
908612.3.peg.168.site.12, 5, 177, 182
908612.3.peg.168.site.13, 7, 176, 183
908612.3.peg.168.site.14, 5, 177, 182
908612.3.peg.168.site.15, 8, 178, 186
908612.3.peg.168.site.16, 1, 180, 181
908612.3.peg.169.site.1, 0, 178, 178
908612.3.peg.169.site.2, 0, 179, 179
908612.3.peg.169.site.3, 111, 178, 289
908612.3.peg.169.site.4, 111, 178, 289
908612.3.peg.169.site.5, 27, 179, 206
908612.3.peg.169.site.6, 27, 179, 206
908612.3.peg.169.site.7, 4, 180, 184
908612.3.peg.169.site.8, 44, 177, 221
908612.3.peg.169.site.9, 1, 180, 181
908612.3.peg.169.site.10, 80, 177, 257
908612.3.peg.162.site.1, 1, 178, 179
908612.3.peg.162.site.2, 0, 179, 179
908612.3.peg.162.site.3, 0, 178, 178
908612.3.peg.162.site.4, 37, 179, 216
908612.3.peg.162.site.5, 37, 179, 216
908612.3.peg.162.site.6, 5, 180, 185
908612.3.peg.162.site.7, 0, 180, 180
908612.3.peg.162.site.8, 0, 177, 177
908612.3.peg.162.site.9, 0, 175, 175
908612.3.peg.162.site.10, 1, 178, 179
908612.3.peg.162.site.11, 1, 177, 178
908612.3.peg.162.site.12, 1, 178, 179
908612.3.peg.162.site.13, 25, 176, 201
908612.3.peg.162.site.14, 1, 173, 174
908612.3.peg.162.site.15, 7, 180, 187
908612.3.peg.162.site.16, 0, 178, 178
908612.3.peg.162.site.17, 2, 180, 182
908612.3.peg.162.site.18, 0, 179, 179
908612.3.peg.162.site.19, 0, 180, 180
908612.3.peg.162.site.20, 37, 178, 215
908612.3.peg.162.site.21, 3, 178, 181
908612.3.peg.162.site.22, 7, 177, 184
908612.3.peg.162.site.23, 3, 180, 183
908612.3.peg.162.site.24, 0, 178, 178
908612.3.peg.163.site.1, 26, 176, 202
908612.3.peg.163.site.2, 47, 165, 212
908612.3.peg.163.site.3, 0, 180, 180
908612.3.peg.163.site.4, 0, 180, 180
908612.3.peg.163.site.5, 3, 180, 183
908612.3.peg.163.site.6, 28, 179, 207
908612.3.peg.163.site.7, 0, 180, 180
908612.3.peg.163.site.8, 0, 179, 179
908612.3.peg.160.site.1, 24, 179, 203
908612.3.peg.160.site.2, 22, 178, 200
908612.3.peg.160.site.3, 19, 178, 197
908612.3.peg.160.site.4, 154, 178, 332
908612.3.peg.160.site.5, 150, 176, 326
908612.3.peg.160.site.6, 3, 175, 178
908612.3.peg.160.site.7, 151, 174, 325
908612.3.peg.160.site.8, 0, 176, 176
908612.3.peg.160.site.9, 41, 173, 214
908612.3.peg.160.site.10, 40, 172, 212
908612.3.peg.160.site.11, 9, 178, 187
908612.3.peg.160.site.12, 2, 179, 181
908612.3.peg.161.site.1, 76, 177, 253
908612.3.peg.161.site.2, 74, 177, 251
908612.3.peg.161.site.3, 5, 166, 171
908612.3.peg.161.site.4, 71, 166, 237
908612.3.peg.161.site.5, 1, 179, 180
908612.3.peg.161.site.6, 0, 180, 180
908612.3.peg.161.site.7, 28, 176, 204
908612.3.peg.161.site.8, 28, 175, 203
908612.3.peg.161.site.9, 3, 179, 182
908612.3.peg.161.site.10, 31, 175, 206
908612.3.peg.161.site.11, 1, 179, 180
908612.3.peg.161.site.12, 23, 176, 199
908612.3.peg.161.site.13, 28, 174, 202
908612.3.peg.161.site.14, 3, 147, 150
908612.3.peg.161.site.15, 2, 146, 148
908612.3.peg.161.site.16, 3, 147, 150
908612.3.peg.161.site.17, 3, 146, 149
908612.3.peg.161.site.18, 3, 146, 149
908612.3.peg.161.site.19, 0, 149, 149
908612.3.peg.161.site.20, 4, 149, 153
908612.3.peg.161.site.21, 3, 149, 152
908612.3.peg.161.site.22, 1, 147, 148
908612.3.peg.161.site.23, 0, 145, 145
908612.3.peg.161.site.24, 4, 145, 149
908612.3.peg.161.site.25, 0, 144, 144
908612.3.peg.161.site.26, 1, 144, 145
908612.3.peg.161.site.27, 4, 144, 148
908612.3.peg.161.site.28, 5, 144, 149
908612.3.peg.161.site.29, 0, 144, 144
908612.3.peg.161.site.30, 1, 165, 166
908612.3.peg.161.site.31, 3, 172, 175
908612.3.peg.161.site.32, 29, 177, 206
908612.3.peg.161.site.33, 2, 180, 182
908612.3.peg.161.site.34, 2, 179, 181
908612.3.peg.161.site.35, 20, 164, 184
908612.3.peg.161.site.36, 15, 160, 175
908612.3.peg.161.site.37, 6, 150, 156
908612.3.peg.166.site.1, 126, 176, 302
908612.3.peg.166.site.2, 29, 176, 205
908612.3.peg.166.site.3, 29, 177, 206
908612.3.peg.166.site.4, 30, 178, 208
908612.3.peg.166.site.5, 1, 177, 178
908612.3.peg.166.site.6, 29, 177, 206
908612.3.peg.166.site.7, 0, 179, 179
908612.3.peg.166.site.8, 32, 176, 208
908612.3.peg.166.site.9, 32, 177, 209
908612.3.peg.166.site.10, 36, 179, 215
908612.3.peg.166.site.11, 3, 180, 183
908612.3.peg.166.site.12, 1, 179, 180
908612.3.peg.166.site.13, 59, 177, 236
908612.3.peg.166.site.14, 4, 179, 183
908612.3.peg.166.site.15, 33, 176, 209
908612.3.peg.166.site.16, 32, 175, 207
908612.3.peg.166.site.17, 15, 159, 174
908612.3.peg.166.site.18, 141, 170, 311
908612.3.peg.166.site.19, 14, 177, 191
908612.3.peg.166.site.20, 7, 179, 186
908612.3.peg.166.site.21, 32, 176, 208
908612.3.peg.166.site.22, 31, 176, 207
908612.3.peg.166.site.23, 16, 155, 171
908612.3.peg.166.site.24, 0, 146, 146
908612.3.peg.166.site.25, 0, 156, 156
908612.3.peg.166.site.26, 3, 151, 154
908612.3.peg.166.site.27, 1, 152, 153
908612.3.peg.166.site.28, 2, 152, 154
908612.3.peg.166.site.29, 0, 154, 154
908612.3.peg.166.site.30, 1, 152, 153
908612.3.peg.166.site.31, 1, 154, 155
908612.3.peg.166.site.32, 2, 154, 156
908612.3.peg.166.site.33, 0, 150, 150
908612.3.peg.166.site.34, 0, 149, 149
908612.3.peg.166.site.35, 1, 150, 151
908612.3.peg.166.site.36, 1, 150, 151
908612.3.peg.166.site.37, 8, 156, 164
908612.3.peg.166.site.38, 3, 176, 179
908612.3.peg.166.site.39, 118, 172, 290
908612.3.peg.166.site.40, 1, 178, 179
908612.3.peg.166.site.41, 2, 180, 182
908612.3.peg.166.site.42, 6, 179, 185
908612.3.peg.166.site.43, 28, 176, 204
908612.3.peg.166.site.44, 2, 175, 177
908612.3.peg.166.site.45, 1, 155, 156
908612.3.peg.166.site.46, 2, 151, 153
908612.3.peg.166.site.47, 2, 150, 152
908612.3.peg.166.site.48, 121, 151, 272
908612.3.peg.166.site.49, 14, 156, 170
908612.3.peg.166.site.50, 4, 166, 170
908612.3.peg.166.site.51, 20, 169, 189
908612.3.peg.166.site.52, 4, 174, 178
908612.3.peg.166.site.53, 4, 180, 184
908612.3.peg.166.site.54, 3, 180, 183
908612.3.peg.166.site.55, 3, 178, 181
908612.3.peg.166.site.56, 8, 178, 186
908612.3.peg.166.site.57, 3, 180, 183
908612.3.peg.166.site.58, 0, 180, 180
908612.3.peg.166.site.59, 32, 177, 209
908612.3.peg.166.site.60, 22, 169, 191
908612.3.peg.166.site.61, 5, 152, 157
908612.3.peg.166.site.62, 45, 166, 211
908612.3.peg.166.site.63, 24, 171, 195
908612.3.peg.166.site.64, 132, 179, 311
908612.3.peg.166.site.65, 11, 179, 190
908612.3.peg.166.site.66, 45, 178, 223
908612.3.peg.166.site.67, 0, 179, 179
908612.3.peg.166.site.68, 27, 178, 205
908612.3.peg.166.site.69, 1, 166, 167
908612.3.peg.166.site.70, 6, 112, 118
908612.3.peg.166.site.71, 0, 110, 110
908612.3.peg.166.site.72, 15, 121, 136
908612.3.peg.166.site.73, 22, 128, 150
908612.3.peg.166.site.74, 1, 170, 171
908612.3.peg.166.site.75, 8, 170, 178
908612.3.peg.166.site.76, 65, 167, 232
908612.3.peg.166.site.77, 4, 175, 179
908612.3.peg.166.site.78, 53, 177, 230
908612.3.peg.166.site.79, 1, 179, 180
908612.3.peg.167.site.1, 4, 177, 181
908612.3.peg.167.site.2, 2, 154, 156
908612.3.peg.167.site.3, 2, 177, 179
908612.3.peg.167.site.4, 3, 180, 183
908612.3.peg.167.site.5, 134, 176, 310
908612.3.peg.167.site.6, 2, 180, 182
908612.3.peg.167.site.7, 124, 170, 294
908612.3.peg.167.site.8, 1, 170, 171
908612.3.peg.164.site.1, 0, 154, 154
908612.3.peg.164.site.2, 0, 160, 160
908612.3.peg.164.site.3, 27, 167, 194
908612.3.peg.164.site.4, 27, 178, 205
908612.3.peg.164.site.5, 4, 178, 182
908612.3.peg.164.site.6, 28, 179, 207
908612.3.peg.164.site.7, 3, 180, 183
908612.3.peg.164.site.8, 2, 180, 182
908612.3.peg.164.site.9, 0, 179, 179
908612.3.peg.164.site.10, 1, 178, 179
908612.3.peg.164.site.11, 34, 175, 209
908612.3.peg.164.site.12, 10, 173, 183
908612.3.peg.164.site.13, 2, 178, 180
908612.3.peg.164.site.14, 0, 177, 177
908612.3.peg.164.site.15, 2, 179, 181
908612.3.peg.165.site.1, 0, 177, 177
908612.3.peg.165.site.2, 0, 175, 175
908612.3.peg.165.site.3, 2, 177, 179
908612.3.peg.165.site.4, 0, 180, 180
908612.3.peg.165.site.5, 0, 179, 179
908612.3.peg.165.site.6, 25, 177, 202
908612.3.peg.165.site.7, 0, 179, 179
908612.3.peg.165.site.8, 0, 180, 180
908612.3.peg.165.site.9, 0, 180, 180
908612.3.peg.165.site.10, 2, 178, 180
908612.3.peg.165.site.11, 22, 179, 201
908612.3.peg.165.site.12, 21, 177, 198
908612.3.peg.165.site.13, 1, 180, 181
908612.3.peg.165.site.14, 7, 179, 186
908612.3.peg.165.site.15, 22, 178, 200
908612.3.peg.165.site.16, 2, 180, 182
908612.3.peg.165.site.17, 0, 180, 180
908612.3.peg.165.site.18, 8, 177, 185
908612.3.peg.165.site.19, 0, 178, 178
908612.3.peg.165.site.20, 21, 176, 197
908612.3.peg.165.site.21, 63, 173, 236
908612.3.peg.165.site.22, 51, 178, 229
908612.3.peg.165.site.23, 3, 178, 181
908612.3.peg.165.site.24, 0, 179, 179
908612.3.peg.165.site.25, 9, 179, 188
908612.3.peg.165.site.26, 1, 180, 181
908612.3.peg.165.site.27, 53, 178, 231
908612.3.peg.165.site.28, 0, 179, 179
908612.3.peg.165.site.29, 0, 180, 180
908612.3.peg.165.site.30, 81, 177, 258
908612.3.peg.165.site.31, 0, 180, 180
908612.3.peg.165.site.32, 136, 178, 314
908612.3.peg.165.site.33, 0, 176, 176
908612.3.peg.165.site.34, 61, 167, 228
908612.3.peg.165.site.35, 50, 156, 206
908612.3.peg.165.site.36, 115, 145, 260
908612.3.peg.165.site.37, 120, 152, 272
908612.3.peg.165.site.38, 10, 152, 162
908612.3.peg.165.site.39, 130, 151, 281
908612.3.peg.1113.site.1, 37, 71, 108
908612.3.peg.1113.site.2, 65, 97, 162
908612.3.peg.1113.site.3, 8, 141, 149
908612.3.peg.1113.site.4, 1, 168, 169
908612.3.peg.1113.site.5, 8, 177, 185
908612.3.peg.1113.site.6, 43, 176, 219
908612.3.peg.1113.site.7, 0, 177, 177
908612.3.peg.1113.site.8, 12, 179, 191
908612.3.peg.1113.site.9, 13, 176, 189
908612.3.peg.1113.site.10, 26, 119, 145
908612.3.peg.1113.site.11, 37, 130, 167
908612.3.peg.1113.site.12, 4, 146, 150
908612.3.peg.1113.site.13, 6, 156, 162
908612.3.peg.1113.site.14, 25, 178, 203
908612.3.peg.1113.site.15, 106, 179, 285
908612.3.peg.1113.site.16, 1, 180, 181
908612.3.peg.1113.site.17, 105, 178, 283
908612.3.peg.1113.site.18, 2, 178, 180
908612.3.peg.1113.site.19, 97, 171, 268
908612.3.peg.1113.site.20, 96, 170, 266
908612.3.peg.1113.site.21, 3, 177, 180
908612.3.peg.1113.site.22, 57, 175, 232
908612.3.peg.1113.site.23, 101, 175, 276
908612.3.peg.1113.site.24, 36, 164, 200
908612.3.peg.1113.site.25, 41, 119, 160
908612.3.peg.1113.site.26, 45, 121, 166
908612.3.peg.1113.site.27, 98, 176, 274
908612.3.peg.1113.site.28, 0, 171, 171
908612.3.peg.1113.site.29, 30, 161, 191
908612.3.peg.1113.site.30, 17, 147, 164
908612.3.peg.1112.site.1, 2, 180, 182
908612.3.peg.1112.site.2, 51, 177, 228
908612.3.peg.1112.site.3, 15, 165, 180
908612.3.peg.1112.site.4, 2, 160, 162
908612.3.peg.1112.site.5, 1, 158, 159
908612.3.peg.1112.site.6, 10, 163, 173
908612.3.peg.1112.site.7, 0, 180, 180
908612.3.peg.1112.site.8, 0, 180, 180
908612.3.peg.1112.site.9, 18, 177, 195
908612.3.peg.1112.site.10, 19, 179, 198
908612.3.peg.1112.site.11, 18, 178, 196
908612.3.peg.1112.site.12, 0, 179, 179
908612.3.peg.1112.site.13, 0, 179, 179
908612.3.peg.1112.site.14, 5, 176, 181
908612.3.peg.1112.site.15, 1, 177, 178
908612.3.peg.1112.site.16, 2, 176, 178
908612.3.peg.1112.site.17, 0, 178, 178
908612.3.peg.1112.site.18, 48, 176, 224
908612.3.peg.1112.site.19, 41, 177, 218
908612.3.peg.1112.site.20, 48, 177, 225
908612.3.peg.1112.site.21, 3, 179, 182
908612.3.peg.1112.site.22, 5, 180, 185
908612.3.peg.1112.site.23, 0, 179, 179
908612.3.peg.1112.site.24, 14, 179, 193
908612.3.peg.1112.site.25, 5, 180, 185
908612.3.peg.1112.site.26, 20, 179, 199
908612.3.peg.1112.site.27, 2, 180, 182
908612.3.peg.1112.site.28, 8, 180, 188
908612.3.peg.1112.site.29, 2, 180, 182
908612.3.peg.1112.site.30, 3, 179, 182
908612.3.peg.1112.site.31, 40, 174, 214
908612.3.peg.1111.site.1, 9, 179, 188
908612.3.peg.1111.site.2, 14, 178, 192
908612.3.peg.1111.site.3, 4, 176, 180
908612.3.peg.1111.site.4, 5, 179, 184
908612.3.peg.1111.site.5, 0, 180, 180
908612.3.peg.1111.site.6, 13, 178, 191
908612.3.peg.1111.site.7, 9, 180, 189
908612.3.peg.1111.site.8, 1, 180, 181
908612.3.peg.1111.site.9, 28, 179, 207
908612.3.peg.1111.site.10, 16, 179, 195
908612.3.peg.1111.site.11, 0, 180, 180
908612.3.peg.1111.site.12, 0, 180, 180
908612.3.peg.1111.site.13, 27, 179, 206
908612.3.peg.1111.site.14, 2, 180, 182
908612.3.peg.1111.site.15, 28, 180, 208
908612.3.peg.1111.site.16, 0, 177, 177
908612.3.peg.1111.site.17, 28, 179, 207
908612.3.peg.1111.site.18, 2, 180, 182
908612.3.peg.1111.site.19, 10, 180, 190
908612.3.peg.1111.site.20, 2, 180, 182
908612.3.peg.1111.site.21, 13, 180, 193
908612.3.peg.1111.site.22, 0, 180, 180
908612.3.peg.1111.site.23, 3, 180, 183
908612.3.peg.1110.site.1, 5, 180, 185
908612.3.peg.1110.site.2, 76, 175, 251
908612.3.peg.1110.site.3, 2, 179, 181
908612.3.peg.1110.site.4, 1, 180, 181
908612.3.peg.1110.site.5, 2, 178, 180
908612.3.peg.1110.site.6, 2, 178, 180
908612.3.peg.1110.site.7, 0, 178, 178
908612.3.peg.1110.site.8, 1, 179, 180
908612.3.peg.1110.site.9, 90, 176, 266
908612.3.peg.1110.site.10, 65, 176, 241
908612.3.peg.1110.site.11, 1, 180, 181
908612.3.peg.1110.site.12, 0, 180, 180
908612.3.peg.1110.site.13, 25, 176, 201
908612.3.peg.1110.site.14, 0, 179, 179
908612.3.peg.1110.site.15, 0, 179, 179
908612.3.peg.1110.site.16, 3, 180, 183
908612.3.peg.1110.site.17, 4, 180, 184
908612.3.peg.1110.site.18, 0, 179, 179
908612.3.peg.1110.site.19, 48, 176, 224
908612.3.peg.1110.site.20, 12, 177, 189
908612.3.peg.1110.site.21, 2, 180, 182
908612.3.peg.1110.site.22, 0, 179, 179
908612.3.peg.1110.site.23, 1, 180, 181
908612.3.peg.1110.site.24, 1, 180, 181
908612.3.peg.1110.site.25, 40, 176, 216
908612.3.peg.1110.site.26, 40, 176, 216
908612.3.peg.1110.site.27, 3, 180, 183
908612.3.peg.1110.site.28, 42, 175, 217
908612.3.peg.1110.site.29, 0, 180, 180
908612.3.peg.1110.site.30, 1, 180, 181
908612.3.peg.1110.site.31, 4, 179, 183
908612.3.peg.1110.site.32, 38, 177, 215
908612.3.peg.1759.site.1, 0, 176, 176
908612.3.peg.1759.site.2, 108, 174, 282
908612.3.peg.1759.site.3, 4, 179, 183
908612.3.peg.1759.site.4, 0, 179, 179
908612.3.peg.1759.site.5, 0, 176, 176
908612.3.peg.1759.site.6, 99, 177, 276
908612.3.peg.1759.site.7, 0, 172, 172
908612.3.peg.1759.site.8, 10, 160, 170
908612.3.peg.1759.site.9, 100, 173, 273
908612.3.peg.1759.site.10, 0, 178, 178
908612.3.peg.1759.site.11, 28, 179, 207
908612.3.peg.1759.site.12, 0, 178, 178
908612.3.peg.1759.site.13, 0, 179, 179
908612.3.peg.1759.site.14, 1, 178, 179
908612.3.peg.1759.site.15, 0, 179, 179
908612.3.peg.1759.site.16, 135, 176, 311
908612.3.peg.1759.site.17, 0, 177, 177
908612.3.peg.1759.site.18, 12, 179, 191
908612.3.peg.1759.site.19, 0, 179, 179
908612.3.peg.1759.site.20, 0, 179, 179
908612.3.peg.1759.site.21, 63, 176, 239
908612.3.peg.1759.site.22, 7, 178, 185
908612.3.peg.1759.site.23, 48, 178, 226
908612.3.peg.1759.site.24, 47, 175, 222
908612.3.peg.1759.site.25, 4, 177, 181
908612.3.peg.1759.site.26, 55, 174, 229
908612.3.peg.1759.site.27, 1, 176, 177
908612.3.peg.1759.site.28, 4, 178, 182
908612.3.peg.1759.site.29, 4, 178, 182
908612.3.peg.1759.site.30, 16, 178, 194
908612.3.peg.1759.site.31, 1, 180, 181
908612.3.peg.1759.site.32, 3, 180, 183
908612.3.peg.1759.site.33, 0, 178, 178
908612.3.peg.1759.site.34, 146, 177, 323
908612.3.peg.1759.site.35, 0, 179, 179
908612.3.peg.1759.site.36, 1, 180, 181
908612.3.peg.1759.site.37, 0, 179, 179
908612.3.peg.1759.site.38, 9, 180, 189
908612.3.peg.1759.site.39, 0, 180, 180
908612.3.peg.1759.site.40, 49, 176, 225
908612.3.peg.1759.site.41, 14, 177, 191
908612.3.peg.1759.site.42, 4, 176, 180
908612.3.peg.1759.site.43, 89, 175, 264
908612.3.peg.1759.site.44, 58, 177, 235
908612.3.peg.1759.site.45, 12, 178, 190
908612.3.peg.1759.site.46, 57, 177, 234
908612.3.peg.1759.site.47, 68, 177, 245
908612.3.peg.1759.site.48, 0, 179, 179
908612.3.peg.1759.site.49, 0, 179, 179
908612.3.peg.1759.site.50, 0, 179, 179
908612.3.peg.1759.site.51, 0, 179, 179
908612.3.peg.1759.site.52, 0, 179, 179
908612.3.peg.1759.site.53, 43, 175, 218
908612.3.peg.1759.site.54, 0, 180, 180
908612.3.peg.1759.site.55, 3, 180, 183
908612.3.peg.1759.site.56, 1, 180, 181
908612.3.peg.1759.site.57, 177, 179, 356
908612.3.peg.1759.site.58, 178, 180, 358
908612.3.peg.1759.site.59, 11, 177, 188
908612.3.peg.1759.site.60, 56, 174, 230
908612.3.peg.1759.site.61, 1, 180, 181
908612.3.peg.1759.site.62, 0, 180, 180
908612.3.peg.1758.site.1, 26, 179, 205
908612.3.peg.1758.site.2, 5, 179, 184
908612.3.peg.1758.site.3, 2, 180, 182
908612.3.peg.1758.site.4, 0, 180, 180
908612.3.peg.1758.site.5, 10, 179, 189
908612.3.peg.1758.site.6, 1, 180, 181
908612.3.peg.1758.site.7, 106, 177, 283
908612.3.peg.1758.site.8, 42, 177, 219
908612.3.peg.1758.site.9, 41, 177, 218
908612.3.peg.1758.site.10, 43, 178, 221
908612.3.peg.1758.site.11, 70, 176, 246
908612.3.peg.1758.site.12, 5, 176, 181
908612.3.peg.1758.site.13, 8, 179, 187
908612.3.peg.1758.site.14, 41, 178, 219
908612.3.peg.1758.site.15, 113, 152, 265
908612.3.peg.1758.site.16, 0, 180, 180
908612.3.peg.1758.site.17, 13, 168, 181
908612.3.peg.1758.site.18, 1, 173, 174
908612.3.peg.1758.site.19, 39, 177, 216
908612.3.peg.1758.site.20, 48, 175, 223
908612.3.peg.1758.site.21, 0, 164, 164
908612.3.peg.1758.site.22, 2, 169, 171
908612.3.peg.1758.site.23, 1, 176, 177
908612.3.peg.1758.site.24, 1, 176, 177
908612.3.peg.1758.site.25, 1, 173, 174
908612.3.peg.1758.site.26, 3, 171, 174
908612.3.peg.1758.site.27, 0, 177, 177
908612.3.peg.1758.site.28, 0, 178, 178
908612.3.peg.1758.site.29, 1, 178, 179
908612.3.peg.1758.site.30, 2, 179, 181
908612.3.peg.1758.site.31, 2, 180, 182
908612.3.peg.1758.site.32, 1, 180, 181
908612.3.peg.1758.site.33, 31, 179, 210
908612.3.peg.1758.site.34, 1, 180, 181
908612.3.peg.1758.site.35, 32, 176, 208
908612.3.peg.1758.site.36, 3, 177, 180
908612.3.peg.1758.site.37, 33, 177, 210
908612.3.peg.1758.site.38, 19, 177, 196
908612.3.peg.1758.site.39, 11, 178, 189
908612.3.peg.1758.site.40, 23, 178, 201
908612.3.peg.1758.site.41, 6, 180, 186
908612.3.peg.1758.site.42, 3, 178, 181
908612.3.peg.1758.site.43, 14, 179, 193
908612.3.peg.1758.site.44, 14, 179, 193
908612.3.peg.1758.site.45, 9, 178, 187
908612.3.peg.1758.site.46, 133, 179, 312
908612.3.peg.1758.site.47, 32, 177, 209
908612.3.peg.1758.site.48, 37, 177, 214
908612.3.peg.1758.site.49, 1, 179, 180
908612.3.peg.1758.site.50, 33, 178, 211
908612.3.peg.1758.site.51, 131, 176, 307
908612.3.peg.1758.site.52, 10, 179, 189
908612.3.peg.1758.site.53, 2, 178, 180
908612.3.peg.1758.site.54, 141, 179, 320
908612.3.peg.1758.site.55, 91, 175, 266
908612.3.peg.1758.site.56, 0, 180, 180
908612.3.peg.1758.site.57, 1, 179, 180
908612.3.peg.1758.site.58, 129, 173, 302
908612.3.peg.1758.site.59, 22, 178, 200
908612.3.peg.1758.site.60, 16, 176, 192
908612.3.peg.1758.site.61, 1, 179, 180
908612.3.peg.1758.site.62, 7, 177, 184
908612.3.peg.1758.site.63, 149, 167, 316
908612.3.peg.1758.site.64, 9, 83, 92
908612.3.peg.1758.site.65, 49, 122, 171
908612.3.peg.1758.site.66, 11, 158, 169
908612.3.peg.1758.site.67, 118, 165, 283
908612.3.peg.1758.site.68, 4, 179, 183
908612.3.peg.1758.site.69, 8, 177, 185
908612.3.peg.1758.site.70, 9, 180, 189
908612.3.peg.1758.site.71, 0, 180, 180
908612.3.peg.1758.site.72, 29, 177, 206
908612.3.peg.1758.site.73, 13, 180, 193
908612.3.peg.1758.site.74, 8, 179, 187
908612.3.peg.1758.site.75, 111, 176, 287
908612.3.peg.1209.site.1, 5, 180, 185
908612.3.peg.1209.site.2, 2, 178, 180
908612.3.peg.1209.site.3, 0, 179, 179
908612.3.peg.1209.site.4, 114, 177, 291
908612.3.peg.1209.site.5, 16, 177, 193
908612.3.peg.1209.site.6, 139, 175, 314
908612.3.peg.1209.site.7, 6, 179, 185
908612.3.peg.1209.site.8, 2, 160, 162
908612.3.peg.1209.site.9, 6, 159, 165
908612.3.peg.1209.site.10, 4, 178, 182
908612.3.peg.1209.site.11, 115, 173, 288
908612.3.peg.1209.site.12, 2, 175, 177
908612.3.peg.1209.site.13, 3, 178, 181
908612.3.peg.1209.site.14, 119, 173, 292
908612.3.peg.1209.site.15, 3, 170, 173
908612.3.peg.1209.site.16, 7, 165, 172
908612.3.peg.1209.site.17, 7, 174, 181
908612.3.peg.1209.site.18, 88, 163, 251
908612.3.peg.1209.site.19, 101, 172, 273
908612.3.peg.1209.site.20, 3, 180, 183
908612.3.peg.1209.site.21, 1, 179, 180
908612.3.peg.1208.site.1, 14, 180, 194
908612.3.peg.1208.site.2, 137, 174, 311
908612.3.peg.1208.site.3, 1, 177, 178
908612.3.peg.1208.site.4, 40, 180, 220
908612.3.peg.1208.site.5, 3, 180, 183
908612.3.peg.1208.site.6, 0, 180, 180
908612.3.peg.1208.site.7, 24, 177, 201
908612.3.peg.1203.site.1, 146, 179, 325
908612.3.peg.1203.site.2, 6, 162, 168
908612.3.peg.1203.site.3, 113, 159, 272
908612.3.peg.1203.site.4, 108, 164, 272
908612.3.peg.1203.site.5, 8, 174, 182
908612.3.peg.1203.site.6, 5, 180, 185
908612.3.peg.1202.site.1, 3, 179, 182
908612.3.peg.1202.site.2, 149, 177, 326
908612.3.peg.1202.site.3, 6, 178, 184
908612.3.peg.1202.site.4, 15, 180, 195
908612.3.peg.1202.site.5, 4, 179, 183
908612.3.peg.1202.site.6, 0, 179, 179
908612.3.peg.1202.site.7, 146, 176, 322
908612.3.peg.1202.site.8, 0, 179, 179
908612.3.peg.1753.site.1, 0, 178, 178
908612.3.peg.1753.site.2, 24, 178, 202
908612.3.peg.1753.site.3, 0, 179, 179
908612.3.peg.1753.site.4, 1, 178, 179
908612.3.peg.1753.site.5, 0, 177, 177
908612.3.peg.1753.site.6, 1, 179, 180
908612.3.peg.1753.site.7, 0, 178, 178
908612.3.peg.1753.site.8, 0, 178, 178
908612.3.peg.1753.site.9, 0, 178, 178
908612.3.peg.1753.site.10, 4, 178, 182
908612.3.peg.1753.site.11, 0, 177, 177
908612.3.peg.1753.site.12, 3, 177, 180
908612.3.peg.1753.site.13, 44, 177, 221
908612.3.peg.1753.site.14, 0, 178, 178
908612.3.peg.1753.site.15, 18, 179, 197
908612.3.peg.1753.site.16, 2, 179, 181
908612.3.peg.1753.site.17, 4, 180, 184
908612.3.peg.1753.site.18, 24, 179, 203
908612.3.peg.1753.site.19, 26, 178, 204
908612.3.peg.1753.site.20, 23, 175, 198
908612.3.peg.1753.site.21, 20, 172, 192
908612.3.peg.1753.site.22, 1, 177, 178
908612.3.peg.1753.site.23, 46, 176, 222
908612.3.peg.1753.site.24, 0, 180, 180
908612.3.peg.1753.site.25, 16, 180, 196
908612.3.peg.1753.site.26, 0, 180, 180
908612.3.peg.1753.site.27, 0, 176, 176
908612.3.peg.1753.site.28, 0, 179, 179
908612.3.peg.1752.site.1, 1, 180, 181
908612.3.peg.1752.site.2, 0, 180, 180
908612.3.peg.1752.site.3, 34, 165, 199
908612.3.peg.1752.site.4, 7, 163, 170
908612.3.peg.1752.site.5, 39, 176, 215
908612.3.peg.1752.site.6, 3, 176, 179
908612.3.peg.1752.site.7, 0, 175, 175
908612.3.peg.1752.site.8, 1, 174, 175
908612.3.peg.1752.site.9, 37, 129, 166
908612.3.peg.1752.site.10, 0, 153, 153
908612.3.peg.1752.site.11, 8, 173, 181
908612.3.peg.1207.site.1, 40, 163, 203
908612.3.peg.1207.site.2, 1, 144, 145
908612.3.peg.1207.site.3, 5, 111, 116
908612.3.peg.1207.site.4, 0, 161, 161
908612.3.peg.1207.site.5, 4, 164, 168
908612.3.peg.1207.site.6, 2, 163, 165
908612.3.peg.1207.site.7, 6, 153, 159
908612.3.peg.1207.site.8, 23, 160, 183
908612.3.peg.1207.site.9, 0, 165, 165
908612.3.peg.1207.site.10, 28, 165, 193
908612.3.peg.1207.site.11, 14, 177, 191
908612.3.peg.1207.site.12, 8, 178, 186
908612.3.peg.1207.site.13, 8, 180, 188
908612.3.peg.1207.site.14, 8, 180, 188
908612.3.peg.1207.site.15, 0, 179, 179
908612.3.peg.1207.site.16, 0, 178, 178
908612.3.peg.1207.site.17, 20, 177, 197
908612.3.peg.1207.site.18, 2, 178, 180
908612.3.peg.1207.site.19, 2, 178, 180
908612.3.peg.1207.site.20, 3, 179, 182
908612.3.peg.1207.site.21, 1, 179, 180
908612.3.peg.1207.site.22, 0, 180, 180
908612.3.peg.1207.site.23, 1, 179, 180
908612.3.peg.1207.site.24, 9, 177, 186
908612.3.peg.1207.site.25, 11, 171, 182
908612.3.peg.1207.site.26, 12, 164, 176
908612.3.peg.1207.site.27, 3, 174, 177
908612.3.peg.1207.site.28, 18, 175, 193
908612.3.peg.1207.site.29, 0, 172, 172
908612.3.peg.1207.site.30, 7, 173, 180
908612.3.peg.1207.site.31, 7, 177, 184
908612.3.peg.1207.site.32, 6, 179, 185
908612.3.peg.1207.site.33, 0, 180, 180
908612.3.peg.1207.site.34, 11, 178, 189
908612.3.peg.1207.site.35, 11, 180, 191
908612.3.peg.1207.site.36, 0, 180, 180
908612.3.peg.1207.site.37, 7, 180, 187
908612.3.peg.1207.site.38, 3, 180, 183
908612.3.peg.1207.site.39, 123, 173, 296
908612.3.peg.1207.site.40, 0, 179, 179
908612.3.peg.1207.site.41, 24, 177, 201
908612.3.peg.1207.site.42, 0, 180, 180
908612.3.peg.1207.site.43, 2, 180, 182
908612.3.peg.1207.site.44, 2, 178, 180
908612.3.peg.1207.site.45, 117, 176, 293
908612.3.peg.1207.site.46, 149, 176, 325
908612.3.peg.1207.site.47, 4, 178, 182
908612.3.peg.1207.site.48, 142, 168, 310
908612.3.peg.1207.site.49, 2, 176, 178
908612.3.peg.1207.site.50, 2, 178, 180
908612.3.peg.1207.site.51, 25, 178, 203
908612.3.peg.1207.site.52, 2, 179, 181
908612.3.peg.1206.site.1, 5, 180, 185
908612.3.peg.1206.site.2, 0, 180, 180
908612.3.peg.1206.site.3, 5, 179, 184
908612.3.peg.1206.site.4, 6, 178, 184
908612.3.peg.1206.site.5, 1, 175, 176
908612.3.peg.1206.site.6, 3, 177, 180
908612.3.peg.1206.site.7, 2, 177, 179
908612.3.peg.1206.site.8, 2, 170, 172
908612.3.peg.1206.site.9, 15, 168, 183
908612.3.peg.1206.site.10, 1, 166, 167
908612.3.peg.1206.site.11, 1, 164, 165
908612.3.peg.1206.site.12, 18, 165, 183
908612.3.peg.1206.site.13, 59, 170, 229
908612.3.peg.1206.site.14, 0, 159, 159
908612.3.peg.1206.site.15, 21, 167, 188
908612.3.peg.1206.site.16, 103, 166, 269
908612.3.peg.1206.site.17, 102, 164, 266
908612.3.peg.1206.site.18, 20, 177, 197
908612.3.peg.1206.site.19, 22, 176, 198
908612.3.peg.1206.site.20, 15, 178, 193
908612.3.peg.1206.site.21, 1, 179, 180
908612.3.peg.1206.site.22, 0, 180, 180
908612.3.peg.1206.site.23, 1, 179, 180
908612.3.peg.1206.site.24, 59, 173, 232
908612.3.peg.1206.site.25, 1, 175, 176
908612.3.peg.1206.site.26, 4, 174, 178
908612.3.peg.1206.site.27, 1, 174, 175
908612.3.peg.1206.site.28, 4, 174, 178
908612.3.peg.1206.site.29, 3, 174, 177
908612.3.peg.1206.site.30, 2, 179, 181
908612.3.peg.1206.site.31, 37, 176, 213
908612.3.peg.1757.site.1, 0, 180, 180
908612.3.peg.1757.site.2, 22, 178, 200
908612.3.peg.1757.site.3, 15, 179, 194
908612.3.peg.1757.site.4, 140, 179, 319
908612.3.peg.1757.site.5, 28, 176, 204
908612.3.peg.1757.site.6, 27, 176, 203
908612.3.peg.1756.site.1, 0, 176, 176
908612.3.peg.1756.site.2, 2, 180, 182
908612.3.peg.1756.site.3, 48, 176, 224
908612.3.peg.1756.site.4, 2, 166, 168
908612.3.peg.1756.site.5, 36, 134, 170
908612.3.peg.1756.site.6, 41, 137, 178
908612.3.peg.1756.site.7, 42, 141, 183
908612.3.peg.1756.site.8, 41, 140, 181
908612.3.peg.1756.site.9, 11, 152, 163
908612.3.peg.1756.site.10, 21, 154, 175
908612.3.peg.1756.site.11, 2, 173, 175
908612.3.peg.1756.site.12, 4, 177, 181
908612.3.peg.1756.site.13, 52, 176, 228
908612.3.peg.1756.site.14, 73, 177, 250
908612.3.peg.1756.site.15, 74, 176, 250
908612.3.peg.1756.site.16, 2, 178, 180
908612.3.peg.1756.site.17, 1, 172, 173
908612.3.peg.1756.site.18, 2, 176, 178
908612.3.peg.1756.site.19, 8, 171, 179
908612.3.peg.1756.site.20, 1, 177, 178
908612.3.peg.1756.site.21, 37, 175, 212
908612.3.peg.1756.site.22, 51, 176, 227
908612.3.peg.1756.site.23, 51, 176, 227
908612.3.peg.1756.site.24, 9, 175, 184
908612.3.peg.1756.site.25, 1, 172, 173
908612.3.peg.1756.site.26, 22, 171, 193
908612.3.peg.1756.site.27, 36, 175, 211
908612.3.peg.1756.site.28, 77, 174, 251
908612.3.peg.1756.site.29, 54, 178, 232
908612.3.peg.1756.site.30, 3, 179, 182
908612.3.peg.1756.site.31, 5, 179, 184
908612.3.peg.1756.site.32, 51, 176, 227
908612.3.peg.1756.site.33, 79, 176, 255
908612.3.peg.1756.site.34, 78, 175, 253
908612.3.peg.1756.site.35, 1, 179, 180
908612.3.peg.1756.site.36, 0, 178, 178
908612.3.peg.1756.site.37, 0, 179, 179
908612.3.peg.1756.site.38, 5, 180, 185
908612.3.peg.1756.site.39, 18, 178, 196
908612.3.peg.1756.site.40, 100, 178, 278
908612.3.peg.1756.site.41, 3, 178, 181
908612.3.peg.1756.site.42, 0, 180, 180
908612.3.peg.1756.site.43, 6, 180, 186
908612.3.peg.1756.site.44, 32, 180, 212
908612.3.peg.1756.site.45, 13, 178, 191
908612.3.peg.1756.site.46, 0, 178, 178
908612.3.peg.1756.site.47, 6, 177, 183
908612.3.peg.368.site.1, 62, 161, 223
908612.3.peg.368.site.2, 28, 175, 203
908612.3.peg.368.site.3, 0, 180, 180
908612.3.peg.368.site.4, 30, 178, 208
908612.3.peg.368.site.5, 2, 178, 180
908612.3.peg.368.site.6, 26, 174, 200
908612.3.peg.368.site.7, 45, 164, 209
908612.3.peg.368.site.8, 39, 158, 197
908612.3.peg.368.site.9, 32, 151, 183
908612.3.peg.368.site.10, 0, 179, 179
908612.3.peg.368.site.11, 39, 176, 215
908612.3.peg.368.site.12, 6, 178, 184
908612.3.peg.368.site.13, 57, 176, 233
908612.3.peg.368.site.14, 1, 180, 181
908612.3.peg.368.site.15, 0, 180, 180
908612.3.peg.368.site.16, 73, 175, 248
908612.3.peg.368.site.17, 9, 169, 178
908612.3.peg.368.site.18, 98, 146, 244
908612.3.peg.368.site.19, 25, 102, 127
908612.3.peg.368.site.20, 21, 95, 116
908612.3.peg.368.site.21, 22, 99, 121
908612.3.peg.368.site.22, 8, 99, 107
908612.3.peg.368.site.23, 19, 101, 120
908612.3.peg.368.site.24, 97, 172, 269
908612.3.peg.368.site.25, 4, 174, 178
908612.3.peg.368.site.26, 72, 150, 222
908612.3.peg.360.site.1, 6, 178, 184
908612.3.peg.360.site.2, 23, 180, 203
908612.3.peg.360.site.3, 1, 180, 181
908612.3.peg.360.site.4, 99, 176, 275
908612.3.peg.360.site.5, 1, 180, 181
908612.3.peg.360.site.6, 4, 180, 184
908612.3.peg.360.site.7, 15, 179, 194
908612.3.peg.360.site.8, 92, 147, 239
908612.3.peg.360.site.9, 77, 133, 210
908612.3.peg.360.site.10, 74, 128, 202
908612.3.peg.360.site.11, 114, 168, 282
908612.3.peg.360.site.12, 6, 178, 184
908612.3.peg.360.site.13, 6, 178, 184
908612.3.peg.360.site.14, 105, 175, 280
908612.3.peg.360.site.15, 2, 180, 182
908612.3.peg.360.site.16, 4, 180, 184
908612.3.peg.360.site.17, 123, 179, 302
908612.3.peg.360.site.18, 114, 178, 292
908612.3.peg.360.site.19, 48, 178, 226
908612.3.peg.360.site.20, 0, 179, 179
908612.3.peg.360.site.21, 2, 179, 181
908612.3.peg.360.site.22, 100, 177, 277
908612.3.peg.360.site.23, 102, 178, 280
908612.3.peg.361.site.1, 124, 174, 298
908612.3.peg.361.site.2, 1, 179, 180
908612.3.peg.361.site.3, 3, 180, 183
908612.3.peg.361.site.4, 126, 177, 303
908612.3.peg.361.site.5, 9, 179, 188
908612.3.peg.361.site.6, 2, 179, 181
908612.3.peg.361.site.7, 7, 179, 186
908612.3.peg.361.site.8, 4, 180, 184
908612.3.peg.361.site.9, 0, 180, 180
908612.3.peg.361.site.10, 3, 180, 183
908612.3.peg.361.site.11, 1, 179, 180
908612.3.peg.361.site.12, 89, 178, 267
908612.3.peg.361.site.13, 114, 178, 292
908612.3.peg.361.site.14, 0, 180, 180
908612.3.peg.361.site.15, 28, 178, 206
908612.3.peg.361.site.16, 0, 179, 179
908612.3.peg.361.site.17, 12, 179, 191
908612.3.peg.361.site.18, 2, 178, 180
908612.3.peg.361.site.19, 121, 175, 296
908612.3.peg.361.site.20, 122, 176, 298
908612.3.peg.361.site.21, 0, 178, 178
908612.3.peg.361.site.22, 58, 180, 238
908612.3.peg.361.site.23, 3, 179, 182
908612.3.peg.361.site.24, 0, 178, 178
908612.3.peg.361.site.25, 67, 178, 245
908612.3.peg.361.site.26, 67, 180, 247
908612.3.peg.361.site.27, 6, 180, 186
908612.3.peg.361.site.28, 7, 179, 186
908612.3.peg.361.site.29, 2, 180, 182
908612.3.peg.361.site.30, 56, 178, 234
908612.3.peg.361.site.31, 1, 180, 181
908612.3.peg.361.site.32, 77, 179, 256
908612.3.peg.1591.site.1, 5, 152, 157
908612.3.peg.1591.site.2, 0, 156, 156
908612.3.peg.1591.site.3, 7, 157, 164
908612.3.peg.1591.site.4, 20, 161, 181
908612.3.peg.1591.site.5, 23, 163, 186
908612.3.peg.1591.site.6, 3, 165, 168
908612.3.peg.1591.site.7, 1, 168, 169
908612.3.peg.1591.site.8, 12, 159, 171
908612.3.peg.1591.site.9, 8, 161, 169
908612.3.peg.1591.site.10, 1, 158, 159
908612.3.peg.1591.site.11, 23, 159, 182
908612.3.peg.1591.site.12, 6, 162, 168
908612.3.peg.1591.site.13, 0, 161, 161
908612.3.peg.1591.site.14, 16, 169, 185
908612.3.peg.1591.site.15, 28, 167, 195
908612.3.peg.1591.site.16, 35, 166, 201
908612.3.peg.1591.site.17, 86, 164, 250
908612.3.peg.1591.site.18, 11, 169, 180
908612.3.peg.1591.site.19, 24, 170, 194
908612.3.peg.1591.site.20, 1, 170, 171
908612.3.peg.1591.site.21, 111, 167, 278
908612.3.peg.1591.site.22, 11, 168, 179
908612.3.peg.1591.site.23, 0, 166, 166
908612.3.peg.1591.site.24, 18, 158, 176
908612.3.peg.1591.site.25, 20, 164, 184
908612.3.peg.1591.site.26, 116, 167, 283
908612.3.peg.1591.site.27, 93, 166, 259
908612.3.peg.1591.site.28, 3, 170, 173
908612.3.peg.1591.site.29, 93, 167, 260
908612.3.peg.1591.site.30, 118, 164, 282
908612.3.peg.1590.site.1, 89, 173, 262
908612.3.peg.1590.site.2, 21, 175, 196
908612.3.peg.1590.site.3, 21, 172, 193
908612.3.peg.1590.site.4, 57, 171, 228
908612.3.peg.1590.site.5, 8, 176, 184
908612.3.peg.1590.site.6, 111, 177, 288
908612.3.peg.1590.site.7, 4, 180, 184
908612.3.peg.1590.site.8, 17, 179, 196
908612.3.peg.1590.site.9, 0, 180, 180
908612.3.peg.1590.site.10, 116, 176, 292
908612.3.peg.1590.site.11, 103, 179, 282
908612.3.peg.1590.site.12, 58, 178, 236
908612.3.peg.1590.site.13, 0, 179, 179
908612.3.peg.1590.site.14, 1, 180, 181
908612.3.peg.1590.site.15, 1, 179, 180
908612.3.peg.1590.site.16, 139, 177, 316
908612.3.peg.1590.site.17, 0, 179, 179
908612.3.peg.1590.site.18, 145, 176, 321
908612.3.peg.1590.site.19, 112, 177, 289
908612.3.peg.1590.site.20, 34, 99, 133
908612.3.peg.1590.site.21, 43, 100, 143
908612.3.peg.1590.site.22, 2, 179, 181
908612.3.peg.1590.site.23, 0, 178, 178
908612.3.peg.1590.site.24, 0, 178, 178
908612.3.peg.1590.site.25, 5, 177, 182
908612.3.peg.1590.site.26, 86, 171, 257
908612.3.peg.1590.site.27, 1, 179, 180
908612.3.peg.1590.site.28, 2, 180, 182
908612.3.peg.1590.site.29, 2, 169, 171
908612.3.peg.1590.site.30, 7, 166, 173
908612.3.peg.1590.site.31, 7, 163, 170
908612.3.peg.1590.site.32, 6, 159, 165
908612.3.peg.365.site.1, 26, 177, 203
908612.3.peg.365.site.2, 0, 179, 179
908612.3.peg.365.site.3, 99, 176, 275
908612.3.peg.365.site.4, 3, 180, 183
908612.3.peg.365.site.5, 25, 174, 199
908612.3.peg.365.site.6, 25, 176, 201
908612.3.peg.365.site.7, 23, 177, 200
908612.3.peg.365.site.8, 6, 180, 186
908612.3.peg.365.site.9, 0, 180, 180
908612.3.peg.365.site.10, 26, 178, 204
908612.3.peg.365.site.11, 26, 179, 205
908612.3.peg.365.site.12, 46, 177, 223
908612.3.peg.365.site.13, 2, 180, 182
908612.3.peg.365.site.14, 4, 180, 184
908612.3.peg.365.site.15, 22, 175, 197
908612.3.peg.365.site.16, 4, 180, 184
908612.3.peg.365.site.17, 2, 180, 182
908612.3.peg.365.site.18, 2, 179, 181
908612.3.peg.365.site.19, 3, 180, 183
908612.3.peg.365.site.20, 45, 175, 220
908612.3.peg.365.site.21, 14, 163, 177
908612.3.peg.365.site.22, 13, 163, 176
908612.3.peg.365.site.23, 94, 165, 259
908612.3.peg.365.site.24, 44, 160, 204
908612.3.peg.365.site.25, 20, 164, 184
908612.3.peg.365.site.26, 21, 156, 177
908612.3.peg.365.site.27, 22, 157, 179
908612.3.peg.365.site.28, 1, 157, 158
908612.3.peg.365.site.29, 22, 157, 179
908612.3.peg.365.site.30, 21, 144, 165
908612.3.peg.365.site.31, 14, 139, 153
908612.3.peg.365.site.32, 1, 167, 168
908612.3.peg.365.site.33, 2, 173, 175
908612.3.peg.365.site.34, 112, 166, 278
908612.3.peg.366.site.1, 23, 169, 192
908612.3.peg.366.site.2, 3, 172, 175
908612.3.peg.366.site.3, 25, 171, 196
908612.3.peg.366.site.4, 22, 167, 189
908612.3.peg.366.site.5, 16, 162, 178
908612.3.peg.366.site.6, 99, 154, 253
908612.3.peg.366.site.7, 2, 151, 153
908612.3.peg.366.site.8, 0, 148, 148
908612.3.peg.366.site.9, 24, 133, 157
908612.3.peg.366.site.10, 91, 130, 221
908612.3.peg.366.site.11, 13, 113, 126
908612.3.peg.366.site.12, 6, 121, 127
908612.3.peg.366.site.13, 33, 116, 149
908612.3.peg.366.site.14, 28, 111, 139
908612.3.peg.366.site.15, 1, 78, 79
908612.3.peg.1571.site.1, 23, 177, 200
908612.3.peg.1571.site.2, 0, 180, 180
908612.3.peg.1571.site.3, 10, 180, 190
908612.3.peg.1571.site.4, 2, 179, 181
908612.3.peg.1571.site.5, 2, 179, 181
908612.3.peg.1571.site.6, 0, 180, 180
908612.3.peg.1571.site.7, 0, 180, 180
908612.3.peg.1570.site.1, 4, 170, 174
908612.3.peg.1570.site.2, 1, 174, 175
908612.3.peg.1570.site.3, 4, 164, 168
908612.3.peg.1570.site.4, 80, 151, 231
908612.3.peg.1570.site.5, 3, 152, 155
908612.3.peg.1570.site.6, 1, 144, 145
908612.3.peg.1570.site.7, 1, 147, 148
908612.3.peg.1570.site.8, 88, 145, 233
908612.3.peg.1570.site.9, 0, 170, 170
908612.3.peg.1570.site.10, 3, 160, 163
908612.3.peg.1570.site.11, 2, 166, 168
908612.3.peg.1570.site.12, 1, 169, 170
908612.3.peg.1570.site.13, 32, 178, 210
908612.3.peg.1570.site.14, 70, 175, 245
908612.3.peg.1570.site.15, 0, 179, 179
908612.3.peg.1570.site.16, 3, 180, 183
908612.3.peg.1570.site.17, 28, 177, 205
908612.3.peg.1570.site.18, 26, 174, 200
908612.3.peg.1570.site.19, 3, 178, 181
908612.3.peg.1570.site.20, 72, 172, 244
908612.3.peg.1570.site.21, 20, 169, 189
908612.3.peg.1570.site.22, 95, 169, 264
908612.3.peg.1570.site.23, 4, 173, 177
908612.3.peg.1570.site.24, 125, 170, 295
908612.3.peg.1570.site.25, 2, 143, 145
908612.3.peg.1570.site.26, 78, 161, 239
908612.3.peg.1570.site.27, 81, 162, 243
908612.3.peg.1570.site.28, 1, 150, 151
908612.3.peg.1570.site.29, 100, 156, 256
908612.3.peg.1570.site.30, 1, 167, 168
908612.3.peg.1570.site.31, 11, 165, 176
908612.3.peg.1570.site.32, 16, 168, 184
908612.3.peg.1570.site.33, 9, 155, 164
908612.3.peg.1570.site.34, 52, 153, 205
908612.3.peg.1570.site.35, 57, 158, 215
908612.3.peg.1570.site.36, 10, 169, 179
908612.3.peg.1570.site.37, 4, 161, 165
908612.3.peg.1570.site.38, 5, 163, 168
908612.3.peg.1570.site.39, 124, 160, 284
908612.3.peg.1570.site.40, 7, 168, 175
908612.3.peg.1570.site.41, 4, 172, 176
908612.3.peg.1570.site.42, 3, 178, 181
908612.3.peg.1570.site.43, 5, 169, 174
908612.3.peg.1570.site.44, 9, 164, 173
908612.3.peg.1570.site.45, 48, 156, 204
908612.3.peg.1570.site.46, 1, 170, 171
908612.3.peg.1570.site.47, 0, 173, 173
908612.3.peg.1570.site.48, 1, 168, 169
908612.3.peg.1570.site.49, 34, 157, 191
908612.3.peg.1570.site.50, 3, 163, 166
908612.3.peg.1570.site.51, 134, 170, 304
908612.3.peg.1570.site.52, 44, 172, 216
908612.3.peg.1570.site.53, 1, 177, 178
908612.3.peg.1570.site.54, 3, 177, 180
908612.3.peg.1570.site.55, 3, 175, 178
908612.3.peg.1570.site.56, 1, 178, 179
908612.3.peg.1570.site.57, 3, 166, 169
908612.3.peg.1570.site.58, 2, 165, 167
908612.3.peg.1573.site.1, 3, 180, 183
908612.3.peg.1573.site.2, 3, 178, 181
908612.3.peg.1573.site.3, 40, 170, 210
908612.3.peg.1573.site.4, 18, 176, 194
908612.3.peg.1573.site.5, 2, 180, 182
908612.3.peg.1573.site.6, 27, 158, 185
908612.3.peg.1573.site.7, 6, 139, 145
908612.3.peg.1573.site.8, 6, 140, 146
908612.3.peg.1573.site.9, 105, 168, 273
908612.3.peg.1573.site.10, 0, 170, 170
908612.3.peg.1573.site.11, 47, 176, 223
908612.3.peg.1573.site.12, 68, 177, 245
908612.3.peg.1573.site.13, 11, 180, 191
908612.3.peg.1573.site.14, 39, 178, 217
908612.3.peg.1573.site.15, 25, 179, 204
908612.3.peg.1573.site.16, 0, 180, 180
908612.3.peg.1573.site.17, 5, 177, 182
908612.3.peg.1573.site.18, 4, 178, 182
908612.3.peg.1573.site.19, 0, 180, 180
908612.3.peg.1573.site.20, 54, 175, 229
908612.3.peg.1573.site.21, 38, 179, 217
908612.3.peg.1573.site.22, 20, 176, 196
908612.3.peg.1573.site.23, 0, 177, 177
908612.3.peg.1573.site.24, 1, 178, 179
908612.3.peg.1573.site.25, 1, 179, 180
908612.3.peg.1573.site.26, 0, 179, 179
908612.3.peg.1573.site.27, 22, 179, 201
908612.3.peg.1573.site.28, 40, 178, 218
908612.3.peg.1573.site.29, 1, 176, 177
908612.3.peg.1573.site.30, 47, 175, 222
908612.3.peg.1573.site.31, 40, 177, 217
908612.3.peg.1573.site.32, 3, 179, 182
908612.3.peg.1573.site.33, 4, 179, 183
908612.3.peg.1573.site.34, 1, 180, 181
908612.3.peg.1573.site.35, 7, 180, 187
908612.3.peg.1573.site.36, 1, 180, 181
908612.3.peg.1573.site.37, 8, 178, 186
908612.3.peg.1573.site.38, 1, 177, 178
908612.3.peg.1573.site.39, 54, 178, 232
908612.3.peg.1573.site.40, 54, 179, 233
908612.3.peg.1572.site.1, 4, 178, 182
908612.3.peg.1572.site.2, 11, 175, 186
908612.3.peg.1572.site.3, 5, 179, 184
908612.3.peg.1572.site.4, 3, 177, 180
908612.3.peg.1572.site.5, 1, 174, 175
908612.3.peg.1572.site.6, 97, 172, 269
908612.3.peg.1572.site.7, 2, 176, 178
908612.3.peg.1572.site.8, 45, 171, 216
908612.3.peg.1572.site.9, 28, 161, 189
908612.3.peg.1572.site.10, 0, 154, 154
908612.3.peg.1572.site.11, 0, 160, 160
908612.3.peg.1572.site.12, 0, 163, 163
908612.3.peg.1572.site.13, 1, 150, 151
908612.3.peg.1572.site.14, 1, 166, 167
908612.3.peg.1572.site.15, 3, 178, 181
908612.3.peg.1572.site.16, 0, 178, 178
908612.3.peg.1572.site.17, 2, 180, 182
908612.3.peg.1572.site.18, 10, 178, 188
908612.3.peg.1575.site.1, 1, 175, 176
908612.3.peg.1575.site.2, 7, 167, 174
908612.3.peg.1575.site.3, 31, 167, 198
908612.3.peg.1575.site.4, 3, 155, 158
908612.3.peg.1575.site.5, 10, 151, 161
908612.3.peg.1575.site.6, 1, 161, 162
908612.3.peg.1575.site.7, 2, 160, 162
908612.3.peg.1575.site.8, 1, 159, 160
908612.3.peg.1575.site.9, 1, 165, 166
908612.3.peg.1575.site.10, 16, 167, 183
908612.3.peg.1575.site.11, 88, 169, 257
908612.3.peg.1575.site.12, 12, 171, 183
908612.3.peg.1575.site.13, 0, 150, 150
908612.3.peg.1575.site.14, 4, 154, 158
908612.3.peg.1575.site.15, 0, 169, 169
908612.3.peg.1575.site.16, 21, 171, 192
908612.3.peg.1575.site.17, 3, 179, 182
908612.3.peg.1575.site.18, 1, 177, 178
908612.3.peg.1575.site.19, 0, 180, 180
908612.3.peg.1574.site.1, 9, 178, 187
908612.3.peg.1574.site.2, 21, 169, 190
908612.3.peg.1574.site.3, 0, 170, 170
908612.3.peg.1574.site.4, 30, 172, 202
908612.3.peg.1574.site.5, 29, 170, 199
908612.3.peg.1574.site.6, 5, 172, 177
908612.3.peg.1574.site.7, 4, 172, 176
908612.3.peg.1574.site.8, 28, 170, 198
908612.3.peg.1574.site.9, 5, 177, 182
908612.3.peg.1574.site.10, 32, 177, 209
908612.3.peg.1574.site.11, 16, 175, 191
908612.3.peg.1574.site.12, 35, 174, 209
908612.3.peg.1574.site.13, 7, 179, 186
908612.3.peg.1574.site.14, 31, 176, 207
908612.3.peg.1574.site.15, 18, 174, 192
908612.3.peg.1574.site.16, 56, 177, 233
908612.3.peg.1577.site.1, 0, 180, 180
908612.3.peg.1577.site.2, 70, 176, 246
908612.3.peg.1577.site.3, 1, 178, 179
908612.3.peg.1577.site.4, 68, 175, 243
908612.3.peg.1577.site.5, 7, 180, 187
908612.3.peg.1577.site.6, 12, 177, 189
908612.3.peg.1577.site.7, 121, 166, 287
908612.3.peg.1577.site.8, 109, 178, 287
908612.3.peg.1576.site.1, 115, 143, 258
908612.3.peg.1576.site.2, 8, 143, 151
908612.3.peg.1576.site.3, 2, 138, 140
908612.3.peg.1576.site.4, 92, 149, 241
908612.3.peg.1576.site.5, 68, 176, 244
908612.3.peg.1576.site.6, 82, 174, 256
908612.3.peg.1576.site.7, 45, 176, 221
908612.3.peg.1576.site.8, 15, 176, 191
908612.3.peg.1576.site.9, 2, 172, 174
908612.3.peg.1576.site.10, 5, 153, 158
908612.3.peg.1576.site.11, 57, 155, 212
908612.3.peg.1576.site.12, 116, 173, 289
908612.3.peg.1579.site.1, 97, 155, 252
908612.3.peg.1579.site.2, 10, 178, 188
908612.3.peg.1579.site.3, 10, 179, 189
908612.3.peg.1579.site.4, 11, 179, 190
908612.3.peg.1579.site.5, 12, 178, 190
908612.3.peg.1579.site.6, 10, 177, 187
908612.3.peg.1579.site.7, 143, 178, 321
908612.3.peg.1579.site.8, 2, 179, 181
908612.3.peg.1579.site.9, 26, 176, 202
908612.3.peg.1579.site.10, 4, 174, 178
908612.3.peg.1579.site.11, 9, 179, 188
908612.3.peg.1579.site.12, 8, 178, 186
908612.3.peg.1579.site.13, 171, 178, 349
908612.3.peg.1579.site.14, 0, 179, 179
908612.3.peg.1579.site.15, 22, 180, 202
908612.3.peg.1579.site.16, 1, 180, 181
908612.3.peg.1579.site.17, 17, 178, 195
908612.3.peg.1579.site.18, 7, 180, 187
908612.3.peg.1579.site.19, 0, 180, 180
908612.3.peg.1579.site.20, 36, 179, 215
908612.3.peg.1579.site.21, 18, 179, 197
908612.3.peg.1579.site.22, 25, 179, 204
908612.3.peg.1579.site.23, 2, 180, 182
908612.3.peg.1579.site.24, 118, 178, 296
908612.3.peg.1579.site.25, 18, 178, 196
908612.3.peg.1579.site.26, 4, 179, 183
908612.3.peg.1579.site.27, 2, 180, 182
908612.3.peg.1578.site.1, 10, 179, 189
908612.3.peg.1578.site.2, 5, 178, 183
908612.3.peg.1578.site.3, 151, 178, 329
908612.3.peg.1578.site.4, 3, 177, 180
908612.3.peg.1578.site.5, 4, 180, 184
908612.3.peg.2493.site.1, 33, 172, 205
908612.3.peg.2493.site.2, 0, 172, 172
908612.3.peg.2493.site.3, 7, 151, 158
908612.3.peg.2493.site.4, 0, 118, 118
908612.3.peg.2493.site.5, 81, 150, 231
908612.3.peg.2493.site.6, 0, 166, 166
908612.3.peg.2493.site.7, 0, 167, 167
908612.3.peg.2493.site.8, 0, 169, 169
908612.3.peg.2493.site.9, 0, 165, 165
908612.3.peg.2493.site.10, 38, 154, 192
908612.3.peg.2493.site.11, 0, 172, 172
908612.3.peg.2493.site.12, 1, 175, 176
908612.3.peg.2493.site.13, 1, 179, 180
908612.3.peg.2493.site.14, 67, 173, 240
908612.3.peg.2493.site.15, 0, 174, 174
908612.3.peg.2493.site.16, 27, 174, 201
908612.3.peg.2493.site.17, 17, 174, 191
908612.3.peg.2493.site.18, 0, 173, 173
908612.3.peg.2493.site.19, 0, 163, 163
908612.3.peg.2493.site.20, 54, 165, 219
908612.3.peg.2493.site.21, 0, 149, 149
908612.3.peg.2493.site.22, 3, 151, 154
908612.3.peg.2493.site.23, 1, 164, 165
908612.3.peg.2493.site.24, 0, 171, 171
908612.3.peg.2493.site.25, 2, 174, 176
908612.3.peg.2493.site.26, 8, 171, 179
908612.3.peg.2493.site.27, 8, 178, 186
908612.3.peg.2493.site.28, 68, 173, 241
908612.3.peg.2493.site.29, 31, 174, 205
908612.3.peg.2493.site.30, 1, 180, 181
908612.3.peg.2493.site.31, 3, 180, 183
908612.3.peg.2493.site.32, 30, 178, 208
908612.3.peg.2493.site.33, 0, 177, 177
908612.3.peg.2493.site.34, 1, 180, 181
908612.3.peg.2493.site.35, 0, 180, 180
908612.3.peg.2567.site.1, 0, 179, 179
908612.3.peg.2567.site.2, 2, 179, 181
908612.3.peg.2567.site.3, 1, 179, 180
908612.3.peg.2567.site.4, 131, 176, 307
908612.3.peg.2567.site.5, 0, 179, 179
908612.3.peg.2567.site.6, 1, 180, 181
908612.3.peg.2567.site.7, 132, 178, 310
908612.3.peg.2567.site.8, 114, 177, 291
908612.3.peg.2567.site.9, 1, 180, 181
908612.3.peg.2567.site.10, 0, 180, 180
908612.3.peg.2491.site.1, 21, 177, 198
908612.3.peg.2491.site.2, 1, 180, 181
908612.3.peg.2491.site.3, 5, 179, 184
908612.3.peg.2491.site.4, 3, 178, 181
908612.3.peg.2491.site.5, 2, 179, 181
908612.3.peg.2491.site.6, 88, 175, 263
908612.3.peg.2491.site.7, 2, 180, 182
908612.3.peg.2491.site.8, 47, 176, 223
908612.3.peg.2491.site.9, 0, 180, 180
908612.3.peg.2491.site.10, 0, 178, 178
908612.3.peg.2491.site.11, 2, 180, 182
908612.3.peg.2491.site.12, 0, 180, 180
908612.3.peg.2491.site.13, 16, 180, 196
908612.3.peg.2491.site.14, 47, 178, 225
908612.3.peg.2491.site.15, 0, 179, 179
908612.3.peg.2491.site.16, 0, 177, 177
908612.3.peg.2491.site.17, 11, 156, 167
908612.3.peg.2491.site.18, 13, 109, 122
908612.3.peg.2491.site.19, 4, 99, 103
908612.3.peg.2491.site.20, 10, 106, 116
908612.3.peg.2491.site.21, 0, 110, 110
908612.3.peg.2491.site.22, 20, 115, 135
908612.3.peg.2491.site.23, 15, 137, 152
908612.3.peg.2491.site.24, 2, 180, 182
908612.3.peg.2490.site.1, 3, 179, 182
908612.3.peg.2490.site.2, 0, 179, 179
908612.3.peg.2490.site.3, 50, 176, 226
908612.3.peg.2490.site.4, 20, 179, 199
908612.3.peg.2490.site.5, 0, 167, 167
908612.3.peg.2490.site.6, 155, 175, 330
908612.3.peg.2490.site.7, 0, 177, 177
908612.3.peg.2490.site.8, 0, 180, 180
908612.3.peg.2490.site.9, 1, 180, 181
908612.3.peg.2490.site.10, 2, 180, 182
908612.3.peg.2490.site.11, 0, 179, 179
908612.3.peg.2490.site.12, 145, 180, 325
908612.3.peg.2490.site.13, 0, 180, 180
908612.3.peg.2495.site.1, 34, 175, 209
908612.3.peg.2495.site.2, 118, 176, 294
908612.3.peg.2495.site.3, 3, 180, 183
908612.3.peg.2495.site.4, 6, 180, 186
908612.3.peg.2495.site.5, 88, 176, 264
908612.3.peg.2495.site.6, 1, 180, 181
908612.3.peg.2495.site.7, 86, 176, 262
908612.3.peg.2495.site.8, 4, 179, 183
908612.3.peg.2495.site.9, 88, 178, 266
908612.3.peg.2495.site.10, 4, 179, 183
908612.3.peg.2495.site.11, 4, 180, 184
908612.3.peg.2494.site.1, 155, 178, 333
908612.3.peg.2494.site.2, 0, 180, 180
908612.3.peg.2494.site.3, 2, 180, 182
908612.3.peg.2499.site.1, 18, 176, 194
908612.3.peg.2499.site.2, 0, 174, 174
908612.3.peg.2499.site.3, 68, 165, 233
908612.3.peg.2499.site.4, 0, 175, 175
908612.3.peg.2499.site.5, 79, 174, 253
908612.3.peg.2499.site.6, 1, 180, 181
908612.3.peg.2499.site.7, 0, 177, 177
908612.3.peg.2499.site.8, 78, 174, 252
908612.3.peg.2499.site.9, 73, 175, 248
908612.3.peg.2499.site.10, 78, 174, 252
908612.3.peg.2499.site.11, 127, 171, 298
908612.3.peg.2499.site.12, 74, 177, 251
908612.3.peg.2499.site.13, 53, 178, 231
908612.3.peg.2499.site.14, 55, 178, 233
908612.3.peg.2499.site.15, 1, 179, 180
908612.3.peg.2499.site.16, 1, 179, 180
908612.3.peg.2499.site.17, 2, 177, 179
908612.3.peg.2499.site.18, 76, 178, 254
908612.3.peg.2499.site.19, 88, 177, 265
908612.3.peg.2499.site.20, 105, 178, 283
908612.3.peg.2499.site.21, 39, 170, 209
908612.3.peg.2499.site.22, 39, 168, 207
908612.3.peg.2499.site.23, 42, 129, 171
908612.3.peg.2499.site.24, 11, 99, 110
908612.3.peg.2499.site.25, 11, 98, 109
908612.3.peg.2499.site.26, 20, 107, 127
908612.3.peg.2499.site.27, 2, 145, 147
908612.3.peg.2499.site.28, 14, 170, 184
908612.3.peg.2499.site.29, 14, 176, 190
908612.3.peg.2499.site.30, 79, 174, 253
908612.3.peg.2499.site.31, 50, 175, 225
908612.3.peg.2499.site.32, 137, 176, 313
908612.3.peg.2499.site.33, 0, 171, 171
908612.3.peg.2499.site.34, 98, 172, 270
908612.3.peg.2499.site.35, 44, 169, 213
908612.3.peg.2499.site.36, 6, 172, 178
908612.3.peg.2499.site.37, 7, 171, 178
908612.3.peg.2499.site.38, 3, 175, 178
908612.3.peg.2499.site.39, 4, 177, 181
908612.3.peg.2499.site.40, 45, 130, 175
908612.3.peg.2499.site.41, 28, 123, 151
908612.3.peg.2499.site.42, 68, 178, 246
908612.3.peg.2499.site.43, 1, 178, 179
908612.3.peg.2499.site.44, 23, 177, 200
908612.3.peg.2499.site.45, 1, 175, 176
908612.3.peg.2499.site.46, 57, 174, 231
908612.3.peg.2499.site.47, 6, 177, 183
908612.3.peg.2499.site.48, 39, 176, 215
908612.3.peg.2498.site.1, 17, 177, 194
908612.3.peg.2498.site.2, 18, 179, 197
908612.3.peg.2498.site.3, 33, 178, 211
908612.3.peg.2498.site.4, 1, 179, 180
908612.3.peg.2498.site.5, 49, 177, 226
908612.3.peg.2498.site.6, 10, 179, 189
908612.3.peg.2498.site.7, 6, 180, 186
908612.3.peg.2498.site.8, 1, 180, 181
908612.3.peg.2498.site.9, 1, 180, 181
908612.3.peg.2498.site.10, 1, 180, 181
908612.3.peg.180.site.1, 113, 174, 287
908612.3.peg.180.site.2, 0, 176, 176
908612.3.peg.180.site.3, 1, 168, 169
908612.3.peg.180.site.4, 7, 165, 172
908612.3.peg.180.site.5, 25, 170, 195
908612.3.peg.180.site.6, 1, 170, 171
908612.3.peg.180.site.7, 7, 164, 171
908612.3.peg.180.site.8, 72, 128, 200
908612.3.peg.181.site.1, 6, 179, 185
908612.3.peg.181.site.2, 101, 177, 278
908612.3.peg.181.site.3, 3, 178, 181
908612.3.peg.181.site.4, 65, 178, 243
908612.3.peg.181.site.5, 7, 173, 180
908612.3.peg.181.site.6, 97, 169, 266
908612.3.peg.181.site.7, 1, 170, 171
908612.3.peg.181.site.8, 1, 171, 172
908612.3.peg.181.site.9, 95, 165, 260
908612.3.peg.181.site.10, 0, 172, 172
908612.3.peg.181.site.11, 0, 177, 177
908612.3.peg.181.site.12, 2, 177, 179
908612.3.peg.181.site.13, 44, 171, 215
908612.3.peg.181.site.14, 12, 170, 182
908612.3.peg.181.site.15, 0, 179, 179
908612.3.peg.181.site.16, 1, 180, 181
908612.3.peg.181.site.17, 48, 173, 221
908612.3.peg.181.site.18, 43, 169, 212
908612.3.peg.181.site.19, 44, 173, 217
908612.3.peg.181.site.20, 18, 179, 197
908612.3.peg.181.site.21, 3, 177, 180
908612.3.peg.182.site.1, 43, 175, 218
908612.3.peg.182.site.2, 0, 167, 167
908612.3.peg.182.site.3, 27, 155, 182
908612.3.peg.182.site.4, 1, 134, 135
908612.3.peg.182.site.5, 11, 144, 155
908612.3.peg.182.site.6, 3, 169, 172
908612.3.peg.182.site.7, 38, 168, 206
908612.3.peg.182.site.8, 42, 173, 215
908612.3.peg.182.site.9, 0, 179, 179
908612.3.peg.182.site.10, 27, 174, 201
908612.3.peg.182.site.11, 0, 180, 180
908612.3.peg.182.site.12, 3, 179, 182
908612.3.peg.182.site.13, 153, 180, 333
908612.3.peg.182.site.14, 153, 180, 333
908612.3.peg.182.site.15, 0, 179, 179
908612.3.peg.182.site.16, 0, 179, 179
908612.3.peg.182.site.17, 6, 179, 185
908612.3.peg.182.site.18, 148, 179, 327
908612.3.peg.182.site.19, 13, 179, 192
908612.3.peg.182.site.20, 13, 179, 192
908612.3.peg.182.site.21, 2, 179, 181
908612.3.peg.183.site.1, 1, 169, 170
908612.3.peg.183.site.2, 0, 167, 167
908612.3.peg.183.site.3, 0, 176, 176
908612.3.peg.183.site.4, 121, 167, 288
908612.3.peg.183.site.5, 7, 173, 180
908612.3.peg.183.site.6, 123, 171, 294
908612.3.peg.183.site.7, 126, 174, 300
908612.3.peg.183.site.8, 18, 177, 195
908612.3.peg.183.site.9, 10, 180, 190
908612.3.peg.183.site.10, 3, 177, 180
908612.3.peg.183.site.11, 127, 175, 302
908612.3.peg.183.site.12, 0, 180, 180
908612.3.peg.183.site.13, 148, 178, 326
908612.3.peg.183.site.14, 126, 175, 301
908612.3.peg.183.site.15, 0, 177, 177
908612.3.peg.183.site.16, 0, 176, 176
908612.3.peg.183.site.17, 155, 174, 329
908612.3.peg.183.site.18, 0, 174, 174
908612.3.peg.183.site.19, 0, 177, 177
908612.3.peg.183.site.20, 0, 174, 174
908612.3.peg.183.site.21, 0, 167, 167
908612.3.peg.183.site.22, 0, 172, 172
908612.3.peg.183.site.23, 1, 180, 181
908612.3.peg.183.site.24, 0, 179, 179
908612.3.peg.183.site.25, 2, 179, 181
908612.3.peg.183.site.26, 11, 180, 191
908612.3.peg.183.site.27, 159, 178, 337
908612.3.peg.183.site.28, 13, 180, 193
908612.3.peg.183.site.29, 6, 178, 184
908612.3.peg.183.site.30, 159, 179, 338
908612.3.peg.183.site.31, 0, 178, 178
908612.3.peg.184.site.1, 0, 180, 180
908612.3.peg.184.site.2, 74, 175, 249
908612.3.peg.184.site.3, 1, 180, 181
908612.3.peg.184.site.4, 5, 180, 185
908612.3.peg.184.site.5, 138, 167, 305
908612.3.peg.184.site.6, 74, 171, 245
908612.3.peg.184.site.7, 0, 178, 178
908612.3.peg.184.site.8, 1, 179, 180
908612.3.peg.184.site.9, 9, 175, 184
908612.3.peg.184.site.10, 30, 176, 206
908612.3.peg.184.site.11, 8, 174, 182
908612.3.peg.184.site.12, 0, 180, 180
908612.3.peg.184.site.13, 3, 176, 179
908612.3.peg.184.site.14, 2, 177, 179
908612.3.peg.184.site.15, 1, 177, 178
908612.3.peg.184.site.16, 2, 178, 180
908612.3.peg.184.site.17, 56, 177, 233
908612.3.peg.184.site.18, 2, 179, 181
908612.3.peg.184.site.19, 2, 179, 181
908612.3.peg.184.site.20, 1, 177, 178
908612.3.peg.184.site.21, 7, 178, 185
908612.3.peg.184.site.22, 67, 174, 241
908612.3.peg.184.site.23, 6, 177, 183
908612.3.peg.184.site.24, 18, 177, 195
908612.3.peg.184.site.25, 1, 174, 175
908612.3.peg.184.site.26, 21, 168, 189
908612.3.peg.184.site.27, 16, 177, 193
908612.3.peg.184.site.28, 1, 178, 179
908612.3.peg.184.site.29, 1, 176, 177
908612.3.peg.184.site.30, 153, 169, 322
908612.3.peg.184.site.31, 0, 154, 154
908612.3.peg.184.site.32, 146, 160, 306
908612.3.peg.184.site.33, 2, 172, 174
908612.3.peg.184.site.34, 1, 177, 178
908612.3.peg.184.site.35, 17, 137, 154
908612.3.peg.184.site.36, 24, 176, 200
908612.3.peg.184.site.37, 1, 178, 179
908612.3.peg.184.site.38, 1, 170, 171
908612.3.peg.184.site.39, 152, 170, 322
908612.3.peg.184.site.40, 26, 165, 191
908612.3.peg.184.site.41, 2, 174, 176
908612.3.peg.184.site.42, 23, 176, 199
908612.3.peg.184.site.43, 2, 180, 182
908612.3.peg.184.site.44, 123, 176, 299
908612.3.peg.184.site.45, 0, 179, 179
908612.3.peg.184.site.46, 1, 166, 167
908612.3.peg.184.site.47, 0, 179, 179
908612.3.peg.184.site.48, 2, 180, 182
908612.3.peg.184.site.49, 154, 177, 331
908612.3.peg.184.site.50, 1, 173, 174
908612.3.peg.184.site.51, 21, 177, 198
908612.3.peg.184.site.52, 24, 176, 200
908612.3.peg.184.site.53, 8, 174, 182
908612.3.peg.184.site.54, 41, 175, 216
908612.3.peg.184.site.55, 9, 180, 189
908612.3.peg.184.site.56, 1, 174, 175
908612.3.peg.184.site.57, 0, 176, 176
908612.3.peg.184.site.58, 23, 163, 186
908612.3.peg.184.site.59, 1, 169, 170
908612.3.peg.184.site.60, 86, 164, 250
908612.3.peg.184.site.61, 67, 162, 229
908612.3.peg.184.site.62, 16, 167, 183
908612.3.peg.184.site.63, 122, 165, 287
908612.3.peg.184.site.64, 15, 165, 180
908612.3.peg.184.site.65, 22, 173, 195
908612.3.peg.184.site.66, 31, 173, 204
908612.3.peg.184.site.67, 2, 180, 182
908612.3.peg.184.site.68, 2, 180, 182
908612.3.peg.184.site.69, 26, 176, 202
908612.3.peg.184.site.70, 2, 180, 182
908612.3.peg.184.site.71, 129, 176, 305
908612.3.peg.184.site.72, 67, 176, 243
908612.3.peg.184.site.73, 1, 180, 181
908612.3.peg.184.site.74, 58, 176, 234
908612.3.peg.184.site.75, 58, 176, 234
908612.3.peg.184.site.76, 0, 173, 173
908612.3.peg.184.site.77, 2, 173, 175
908612.3.peg.184.site.78, 27, 168, 195
908612.3.peg.184.site.79, 30, 173, 203
908612.3.peg.184.site.80, 78, 172, 250
908612.3.peg.184.site.81, 31, 177, 208
908612.3.peg.184.site.82, 32, 176, 208
908612.3.peg.184.site.83, 1, 180, 181
908612.3.peg.184.site.84, 4, 180, 184
908612.3.peg.184.site.85, 92, 178, 270
908612.3.peg.184.site.86, 1, 180, 181
908612.3.peg.184.site.87, 0, 178, 178
908612.3.peg.184.site.88, 1, 177, 178
908612.3.peg.184.site.89, 17, 171, 188
908612.3.peg.184.site.90, 5, 158, 163
908612.3.peg.184.site.91, 30, 153, 183
908612.3.peg.184.site.92, 22, 170, 192
908612.3.peg.184.site.93, 19, 170, 189
908612.3.peg.184.site.94, 9, 179, 188
908612.3.peg.184.site.95, 0, 177, 177
908612.3.peg.184.site.96, 53, 172, 225
908612.3.peg.184.site.97, 0, 177, 177
908612.3.peg.184.site.98, 2, 176, 178
908612.3.peg.184.site.99, 0, 177, 177
908612.3.peg.184.site.100, 44, 173, 217
908612.3.peg.184.site.101, 43, 176, 219
908612.3.peg.184.site.102, 125, 177, 302
908612.3.peg.184.site.103, 8, 179, 187
908612.3.peg.184.site.104, 7, 180, 187
908612.3.peg.184.site.105, 7, 180, 187
908612.3.peg.184.site.106, 1, 177, 178
908612.3.peg.184.site.107, 160, 180, 340
908612.3.peg.184.site.108, 67, 174, 241
908612.3.peg.184.site.109, 78, 178, 256
908612.3.peg.184.site.110, 3, 178, 181
908612.3.peg.184.site.111, 0, 179, 179
908612.3.peg.184.site.112, 2, 176, 178
908612.3.peg.184.site.113, 4, 131, 135
908612.3.peg.184.site.114, 5, 160, 165
908612.3.peg.184.site.115, 12, 174, 186
908612.3.peg.184.site.116, 6, 179, 185
908612.3.peg.185.site.1, 113, 172, 285
908612.3.peg.185.site.2, 7, 174, 181
908612.3.peg.185.site.3, 37, 175, 212
908612.3.peg.185.site.4, 0, 177, 177
908612.3.peg.185.site.5, 0, 177, 177
908612.3.peg.185.site.6, 42, 177, 219
908612.3.peg.185.site.7, 2, 173, 175
908612.3.peg.185.site.8, 37, 173, 210
908612.3.peg.185.site.9, 2, 171, 173
908612.3.peg.185.site.10, 6, 178, 184
908612.3.peg.185.site.11, 108, 175, 283
908612.3.peg.186.site.1, 1, 179, 180
908612.3.peg.186.site.2, 1, 179, 180
908612.3.peg.186.site.3, 14, 179, 193
908612.3.peg.186.site.4, 14, 180, 194
908612.3.peg.186.site.5, 0, 179, 179
908612.3.peg.186.site.6, 8, 179, 187
908612.3.peg.186.site.7, 4, 180, 184
908612.3.peg.186.site.8, 8, 180, 188
908612.3.peg.186.site.9, 0, 172, 172
908612.3.peg.187.site.1, 2, 177, 179
908612.3.peg.187.site.2, 5, 176, 181
908612.3.peg.187.site.3, 1, 176, 177
908612.3.peg.187.site.4, 1, 155, 156
908612.3.peg.187.site.5, 1, 148, 149
908612.3.peg.187.site.6, 4, 154, 158
908612.3.peg.187.site.7, 11, 159, 170
908612.3.peg.187.site.8, 8, 171, 179
908612.3.peg.187.site.9, 72, 163, 235
908612.3.peg.187.site.10, 78, 165, 243
908612.3.peg.187.site.11, 81, 175, 256
908612.3.peg.187.site.12, 0, 178, 178
908612.3.peg.187.site.13, 0, 179, 179
908612.3.peg.187.site.14, 0, 171, 171
908612.3.peg.187.site.15, 1, 165, 166
908612.3.peg.187.site.16, 151, 175, 326
908612.3.peg.187.site.17, 0, 176, 176
908612.3.peg.188.site.1, 2, 171, 173
908612.3.peg.188.site.2, 0, 180, 180
908612.3.peg.188.site.3, 40, 179, 219
908612.3.peg.188.site.4, 2, 180, 182
908612.3.peg.188.site.5, 0, 179, 179
908612.3.peg.188.site.6, 5, 178, 183
908612.3.peg.189.site.1, 28, 165, 193
908612.3.peg.189.site.2, 21, 150, 171
908612.3.peg.189.site.3, 23, 154, 177
908612.3.peg.189.site.4, 20, 150, 170
908612.3.peg.189.site.5, 64, 163, 227
908612.3.peg.189.site.6, 65, 170, 235
908612.3.peg.189.site.7, 8, 173, 181
908612.3.peg.189.site.8, 71, 175, 246
908612.3.peg.189.site.9, 60, 165, 225
908612.3.peg.189.site.10, 58, 169, 227
908612.3.peg.189.site.11, 2, 169, 171
908612.3.peg.189.site.12, 20, 167, 187
908612.3.peg.189.site.13, 66, 162, 228
908612.3.peg.189.site.14, 1, 179, 180
908612.3.peg.189.site.15, 55, 177, 232
908612.3.peg.189.site.16, 0, 176, 176
908612.3.peg.189.site.17, 11, 175, 186
908612.3.peg.189.site.18, 1, 146, 147
908612.3.peg.189.site.19, 4, 157, 161
908612.3.peg.189.site.20, 94, 153, 247
908612.3.peg.189.site.21, 8, 166, 174
908612.3.peg.189.site.22, 1, 177, 178
908612.3.peg.189.site.23, 2, 180, 182
908612.3.peg.189.site.24, 14, 179, 193
908612.3.peg.189.site.25, 45, 144, 189
908612.3.peg.189.site.26, 36, 127, 163
908612.3.peg.2815.site.1, 64, 156, 220
908612.3.peg.2815.site.2, 1, 154, 155
908612.3.peg.2815.site.3, 1, 120, 121
908612.3.peg.2815.site.4, 9, 116, 125
908612.3.peg.2815.site.5, 2, 171, 173
908612.3.peg.2815.site.6, 3, 152, 155
908612.3.peg.2815.site.7, 17, 148, 165
908612.3.peg.2815.site.8, 21, 141, 162
908612.3.peg.2815.site.9, 2, 143, 145
908612.3.peg.2815.site.10, 4, 161, 165
908612.3.peg.2815.site.11, 2, 171, 173
908612.3.peg.2815.site.12, 3, 177, 180
908612.3.peg.2815.site.13, 56, 171, 227
908612.3.peg.2815.site.14, 1, 168, 169
908612.3.peg.2815.site.15, 10, 173, 183
908612.3.peg.2815.site.16, 36, 175, 211
908612.3.peg.2815.site.17, 0, 175, 175
908612.3.peg.2815.site.18, 1, 176, 177
908612.3.peg.2815.site.19, 0, 180, 180
908612.3.peg.2815.site.20, 1, 180, 181
908612.3.peg.2813.site.1, 111, 169, 280
908612.3.peg.2813.site.2, 3, 177, 180
908612.3.peg.2813.site.3, 123, 179, 302
908612.3.peg.2813.site.4, 25, 176, 201
908612.3.peg.2813.site.5, 2, 179, 181
908612.3.peg.2813.site.6, 125, 178, 303
908612.3.peg.2813.site.7, 3, 180, 183
908612.3.peg.2813.site.8, 0, 179, 179
908612.3.peg.2813.site.9, 135, 179, 314
908612.3.peg.2813.site.10, 13, 177, 190
908612.3.peg.2813.site.11, 6, 179, 185
908612.3.peg.2813.site.12, 7, 176, 183
908612.3.peg.2813.site.13, 0, 179, 179
908612.3.peg.2813.site.14, 4, 177, 181
908612.3.peg.2813.site.15, 44, 178, 222
908612.3.peg.2813.site.16, 2, 177, 179
908612.3.peg.2813.site.17, 0, 178, 178
908612.3.peg.2813.site.18, 2, 178, 180
908612.3.peg.2813.site.19, 2, 176, 178
908612.3.peg.2813.site.20, 3, 178, 181
908612.3.peg.2813.site.21, 3, 173, 176
908612.3.peg.2813.site.22, 48, 170, 218
908612.3.peg.2813.site.23, 0, 173, 173
908612.3.peg.2813.site.24, 0, 179, 179
908612.3.peg.2812.site.1, 8, 179, 187
908612.3.peg.2812.site.2, 3, 178, 181
908612.3.peg.2812.site.3, 27, 180, 207
908612.3.peg.2812.site.4, 2, 173, 175
908612.3.peg.2812.site.5, 8, 172, 180
908612.3.peg.2812.site.6, 8, 171, 179
908612.3.peg.2811.site.1, 58, 177, 235
908612.3.peg.2811.site.2, 17, 178, 195
908612.3.peg.2811.site.3, 48, 175, 223
908612.3.peg.2811.site.4, 5, 175, 180
908612.3.peg.2811.site.5, 78, 177, 255
908612.3.peg.2811.site.6, 4, 177, 181
908612.3.peg.2811.site.7, 1, 178, 179
908612.3.peg.2811.site.8, 12, 179, 191
908612.3.peg.2811.site.9, 102, 173, 275
908612.3.peg.2811.site.10, 39, 178, 217
908612.3.peg.2811.site.11, 38, 178, 216
908612.3.peg.2811.site.12, 0, 174, 174
908612.3.peg.2811.site.13, 66, 178, 244
908612.3.peg.2811.site.14, 85, 169, 254
908612.3.peg.2811.site.15, 2, 168, 170
908612.3.peg.2811.site.16, 0, 174, 174
908612.3.peg.2811.site.17, 9, 173, 182
908612.3.peg.2811.site.18, 3, 179, 182
908612.3.peg.2811.site.19, 74, 178, 252
908612.3.peg.2811.site.20, 55, 178, 233
908612.3.peg.2811.site.21, 4, 179, 183
908612.3.peg.2811.site.22, 2, 177, 179
908612.3.peg.2811.site.23, 2, 178, 180
908612.3.peg.2811.site.24, 3, 179, 182
908612.3.peg.2811.site.25, 131, 180, 311
908612.3.peg.2811.site.26, 7, 180, 187
908612.3.peg.2811.site.27, 2, 179, 181
908612.3.peg.2811.site.28, 0, 178, 178
908612.3.peg.2811.site.29, 0, 180, 180
908612.3.peg.2811.site.30, 10, 180, 190
908612.3.peg.2811.site.31, 10, 179, 189
908612.3.peg.2810.site.1, 96, 176, 272
908612.3.peg.2810.site.2, 96, 172, 268
908612.3.peg.2810.site.3, 104, 175, 279
908612.3.peg.2810.site.4, 0, 178, 178
908612.3.peg.2810.site.5, 0, 178, 178
908612.3.peg.2810.site.6, 1, 168, 169
908612.3.peg.2810.site.7, 3, 165, 168
908612.3.peg.2810.site.8, 122, 169, 291
908612.3.peg.2810.site.9, 0, 176, 176
908612.3.peg.2810.site.10, 136, 172, 308
908612.3.peg.2810.site.11, 0, 176, 176
908612.3.peg.2810.site.12, 0, 175, 175
908612.3.peg.2810.site.13, 145, 173, 318
908612.3.peg.2810.site.14, 20, 175, 195
908612.3.peg.2810.site.15, 4, 173, 177
908612.3.peg.2810.site.16, 81, 168, 249
908612.3.peg.2810.site.17, 111, 162, 273
908612.3.peg.2810.site.18, 47, 150, 197
908612.3.peg.2810.site.19, 0, 174, 174
908612.3.peg.2810.site.20, 2, 115, 117
908612.3.peg.2810.site.21, 102, 155, 257
908612.3.peg.193.site.1, 11, 124, 135
908612.3.peg.193.site.2, 14, 127, 141
908612.3.peg.193.site.3, 58, 156, 214
908612.3.peg.193.site.4, 0, 179, 179
908612.3.peg.193.site.5, 2, 177, 179
908612.3.peg.193.site.6, 38, 166, 204
908612.3.peg.193.site.7, 3, 169, 172
908612.3.peg.193.site.8, 1, 167, 168
908612.3.peg.193.site.9, 0, 175, 175
908612.3.peg.193.site.10, 65, 172, 237
908612.3.peg.193.site.11, 23, 177, 200
908612.3.peg.193.site.12, 66, 174, 240
908612.3.peg.193.site.13, 1, 178, 179
908612.3.peg.193.site.14, 43, 175, 218
908612.3.peg.193.site.15, 2, 177, 179
908612.3.peg.193.site.16, 0, 176, 176
908612.3.peg.193.site.17, 133, 178, 311
908612.3.peg.193.site.18, 91, 171, 262
908612.3.peg.193.site.19, 5, 175, 180
908612.3.peg.193.site.20, 0, 177, 177
908612.3.peg.193.site.21, 2, 179, 181
908612.3.peg.193.site.22, 0, 179, 179
908612.3.peg.193.site.23, 25, 178, 203
908612.3.peg.193.site.24, 39, 175, 214
908612.3.peg.193.site.25, 3, 177, 180
908612.3.peg.193.site.26, 1, 162, 163
908612.3.peg.193.site.27, 1, 161, 162
908612.3.peg.193.site.28, 41, 152, 193
908612.3.peg.193.site.29, 32, 147, 179
908612.3.peg.193.site.30, 107, 162, 269
908612.3.peg.193.site.31, 67, 166, 233
908612.3.peg.193.site.32, 1, 175, 176
908612.3.peg.193.site.33, 1, 175, 176
908612.3.peg.193.site.34, 2, 177, 179
908612.3.peg.193.site.35, 113, 177, 290
908612.3.peg.193.site.36, 23, 178, 201
908612.3.peg.193.site.37, 26, 177, 203
908612.3.peg.193.site.38, 6, 178, 184
908612.3.peg.193.site.39, 1, 179, 180
908612.3.peg.193.site.40, 1, 171, 172
908612.3.peg.193.site.41, 130, 173, 303
908612.3.peg.193.site.42, 11, 178, 189
908612.3.peg.193.site.43, 110, 178, 288
908612.3.peg.193.site.44, 31, 176, 207
908612.3.peg.193.site.45, 17, 171, 188
908612.3.peg.193.site.46, 90, 156, 246
908612.3.peg.193.site.47, 3, 138, 141
908612.3.peg.193.site.48, 62, 144, 206
908612.3.peg.193.site.49, 99, 142, 241
908612.3.peg.193.site.50, 130, 155, 285
908612.3.peg.193.site.51, 1, 159, 160
908612.3.peg.193.site.52, 102, 167, 269
908612.3.peg.193.site.53, 3, 175, 178
908612.3.peg.193.site.54, 2, 177, 179
908612.3.peg.193.site.55, 1, 163, 164
908612.3.peg.193.site.56, 1, 168, 169
908612.3.peg.193.site.57, 8, 160, 168
908612.3.peg.193.site.58, 2, 168, 170
908612.3.peg.193.site.59, 21, 173, 194
908612.3.peg.191.site.1, 90, 172, 262
908612.3.peg.191.site.2, 24, 169, 193
908612.3.peg.191.site.3, 4, 172, 176
908612.3.peg.191.site.4, 1, 168, 169
908612.3.peg.191.site.5, 2, 170, 172
908612.3.peg.191.site.6, 10, 172, 182
908612.3.peg.191.site.7, 2, 171, 173
908612.3.peg.191.site.8, 62, 171, 233
908612.3.peg.191.site.9, 7, 171, 178
908612.3.peg.191.site.10, 87, 169, 256
908612.3.peg.191.site.11, 87, 170, 257
908612.3.peg.191.site.12, 36, 169, 205
908612.3.peg.191.site.13, 38, 171, 209
908612.3.peg.191.site.14, 10, 172, 182
908612.3.peg.191.site.15, 85, 171, 256
908612.3.peg.191.site.16, 4, 172, 176
908612.3.peg.191.site.17, 39, 172, 211
908612.3.peg.191.site.18, 0, 170, 170
908612.3.peg.191.site.19, 0, 169, 169
908612.3.peg.191.site.20, 112, 171, 283
908612.3.peg.191.site.21, 27, 166, 193
908612.3.peg.191.site.22, 50, 156, 206
908612.3.peg.191.site.23, 86, 151, 237
908612.3.peg.190.site.1, 2, 167, 169
908612.3.peg.190.site.2, 10, 146, 156
908612.3.peg.190.site.3, 7, 137, 144
908612.3.peg.190.site.4, 43, 111, 154
908612.3.peg.190.site.5, 42, 108, 150
908612.3.peg.190.site.6, 39, 110, 149
908612.3.peg.190.site.7, 7, 169, 176
908612.3.peg.190.site.8, 85, 165, 250
908612.3.peg.190.site.9, 27, 177, 204
908612.3.peg.190.site.10, 27, 177, 204
908612.3.peg.190.site.11, 65, 175, 240
908612.3.peg.190.site.12, 5, 171, 176
908612.3.peg.197.site.1, 60, 177, 237
908612.3.peg.197.site.2, 142, 177, 319
908612.3.peg.197.site.3, 64, 176, 240
908612.3.peg.197.site.4, 2, 178, 180
908612.3.peg.197.site.5, 62, 178, 240
908612.3.peg.197.site.6, 61, 177, 238
908612.3.peg.197.site.7, 4, 179, 183
908612.3.peg.197.site.8, 1, 177, 178
908612.3.peg.197.site.9, 1, 179, 180
908612.3.peg.197.site.10, 4, 177, 181
908612.3.peg.197.site.11, 4, 178, 182
908612.3.peg.197.site.12, 0, 178, 178
908612.3.peg.197.site.13, 53, 172, 225
908612.3.peg.197.site.14, 76, 172, 248
908612.3.peg.196.site.1, 7, 178, 185
908612.3.peg.196.site.2, 17, 177, 194
908612.3.peg.196.site.3, 0, 179, 179
908612.3.peg.196.site.4, 0, 175, 175
908612.3.peg.196.site.5, 9, 171, 180
908612.3.peg.196.site.6, 6, 144, 150
908612.3.peg.196.site.7, 2, 108, 110
908612.3.peg.196.site.8, 4, 111, 115
908612.3.peg.196.site.9, 1, 116, 117
908612.3.peg.196.site.10, 3, 118, 121
908612.3.peg.196.site.11, 1, 130, 131
908612.3.peg.196.site.12, 13, 136, 149
908612.3.peg.196.site.13, 22, 143, 165
908612.3.peg.196.site.14, 33, 158, 191
908612.3.peg.196.site.15, 3, 152, 155
908612.3.peg.196.site.16, 2, 155, 157
908612.3.peg.196.site.17, 40, 163, 203
908612.3.peg.196.site.18, 0, 172, 172
908612.3.peg.196.site.19, 55, 177, 232
908612.3.peg.196.site.20, 0, 179, 179
908612.3.peg.196.site.21, 56, 177, 233
908612.3.peg.196.site.22, 3, 179, 182
908612.3.peg.196.site.23, 0, 172, 172
908612.3.peg.196.site.24, 47, 169, 216
908612.3.peg.196.site.25, 1, 143, 144
908612.3.peg.196.site.26, 14, 133, 147
908612.3.peg.196.site.27, 10, 130, 140
908612.3.peg.196.site.28, 1, 127, 128
908612.3.peg.196.site.29, 1, 131, 132
908612.3.peg.196.site.30, 1, 131, 132
908612.3.peg.196.site.31, 10, 134, 144
908612.3.peg.196.site.32, 6, 132, 138
908612.3.peg.196.site.33, 6, 131, 137
908612.3.peg.196.site.34, 3, 129, 132
908612.3.peg.196.site.35, 2, 123, 125
908612.3.peg.196.site.36, 2, 126, 128
908612.3.peg.196.site.37, 11, 127, 138
908612.3.peg.196.site.38, 20, 130, 150
908612.3.peg.196.site.39, 39, 104, 143
908612.3.peg.196.site.40, 1, 79, 80
908612.3.peg.196.site.41, 14, 76, 90
908612.3.peg.196.site.42, 7, 77, 84
908612.3.peg.196.site.43, 3, 88, 91
908612.3.peg.196.site.44, 3, 91, 94
908612.3.peg.196.site.45, 0, 49, 49
908612.3.peg.196.site.46, 7, 95, 102
908612.3.peg.2255.site.1, 7, 178, 185
908612.3.peg.2255.site.2, 4, 177, 181
908612.3.peg.2255.site.3, 3, 179, 182
908612.3.peg.2255.site.4, 32, 177, 209
908612.3.peg.2255.site.5, 1, 180, 181
908612.3.peg.2255.site.6, 11, 180, 191
908612.3.peg.2255.site.7, 1, 180, 181
908612.3.peg.2255.site.8, 1, 180, 181
908612.3.peg.2255.site.9, 1, 178, 179
908612.3.peg.2255.site.10, 1, 177, 178
908612.3.peg.2255.site.11, 103, 175, 278
908612.3.peg.2255.site.12, 1, 178, 179
908612.3.peg.2255.site.13, 1, 176, 177
908612.3.peg.2255.site.14, 7, 176, 183
908612.3.peg.2255.site.15, 2, 176, 178
908612.3.peg.2255.site.16, 5, 178, 183
908612.3.peg.2255.site.17, 96, 176, 272
908612.3.peg.2255.site.18, 1, 178, 179
908612.3.peg.2255.site.19, 1, 178, 179
908612.3.peg.2255.site.20, 4, 177, 181
908612.3.peg.2255.site.21, 1, 178, 179
908612.3.peg.2255.site.22, 67, 177, 244
908612.3.peg.2255.site.23, 1, 176, 177
908612.3.peg.2255.site.24, 60, 176, 236
908612.3.peg.2255.site.25, 38, 154, 192
908612.3.peg.2255.site.26, 7, 178, 185
908612.3.peg.2255.site.27, 15, 179, 194
908612.3.peg.2255.site.28, 80, 179, 259
908612.3.peg.2255.site.29, 1, 179, 180
908612.3.peg.2255.site.30, 6, 178, 184
908612.3.peg.2254.site.1, 1, 180, 181
908612.3.peg.2254.site.2, 0, 178, 178
908612.3.peg.2254.site.3, 3, 170, 173
908612.3.peg.2254.site.4, 3, 179, 182
908612.3.peg.2254.site.5, 81, 174, 255
908612.3.peg.2254.site.6, 84, 175, 259
908612.3.peg.2254.site.7, 2, 179, 181
908612.3.peg.2254.site.8, 3, 180, 183
908612.3.peg.2254.site.9, 77, 177, 254
908612.3.peg.2254.site.10, 3, 180, 183
908612.3.peg.2254.site.11, 1, 180, 181
908612.3.peg.2254.site.12, 78, 174, 252
908612.3.peg.2254.site.13, 0, 179, 179
908612.3.peg.2254.site.14, 79, 171, 250
908612.3.peg.2254.site.15, 0, 177, 177
908612.3.peg.2254.site.16, 2, 168, 170
908612.3.peg.2254.site.17, 46, 165, 211
908612.3.peg.2254.site.18, 0, 170, 170
908612.3.peg.2254.site.19, 3, 175, 178
908612.3.peg.2254.site.20, 2, 180, 182
908612.3.peg.2254.site.21, 8, 179, 187
908612.3.peg.2254.site.22, 1, 180, 181
908612.3.peg.2254.site.23, 17, 178, 195
908612.3.peg.2254.site.24, 3, 180, 183
908612.3.peg.2254.site.25, 4, 178, 182
908612.3.peg.2254.site.26, 3, 180, 183
908612.3.peg.2254.site.27, 16, 179, 195
908612.3.peg.2254.site.28, 37, 176, 213
908612.3.peg.2254.site.29, 82, 175, 257
908612.3.peg.2254.site.30, 80, 174, 254
908612.3.peg.2254.site.31, 43, 178, 221
908612.3.peg.2254.site.32, 44, 178, 222
908612.3.peg.2254.site.33, 16, 178, 194
908612.3.peg.2254.site.34, 0, 180, 180
908612.3.peg.2254.site.35, 18, 175, 193
908612.3.peg.2254.site.36, 18, 175, 193
908612.3.peg.2254.site.37, 28, 175, 203
908612.3.peg.2254.site.38, 1, 179, 180
908612.3.peg.2254.site.39, 5, 178, 183
908612.3.peg.2254.site.40, 1, 180, 181
908612.3.peg.2254.site.41, 18, 178, 196
908612.3.peg.2254.site.42, 18, 176, 194
908612.3.peg.2254.site.43, 5, 173, 178
908612.3.peg.2254.site.44, 18, 165, 183
908612.3.peg.2254.site.45, 2, 177, 179
908612.3.peg.2254.site.46, 2, 177, 179
908612.3.peg.2254.site.47, 0, 176, 176
908612.3.peg.2254.site.48, 4, 179, 183
908612.3.peg.2256.site.1, 20, 179, 199
908612.3.peg.2256.site.2, 115, 170, 285
908612.3.peg.2256.site.3, 43, 168, 211
908612.3.peg.2256.site.4, 95, 160, 255
908612.3.peg.2256.site.5, 0, 179, 179
908612.3.peg.2256.site.6, 0, 179, 179
908612.3.peg.2256.site.7, 0, 180, 180
908612.3.peg.2256.site.8, 3, 178, 181
908612.3.peg.2256.site.9, 148, 179, 327
908612.3.peg.2256.site.10, 2, 180, 182
908612.3.peg.2256.site.11, 6, 178, 184
908612.3.peg.2256.site.12, 6, 180, 186
908612.3.peg.2256.site.13, 13, 179, 192
908612.3.peg.2256.site.14, 4, 180, 184
908612.3.peg.2256.site.15, 28, 178, 206
908612.3.peg.2256.site.16, 28, 178, 206
908612.3.peg.2256.site.17, 0, 180, 180
908612.3.peg.2256.site.18, 12, 180, 192
908612.3.peg.2256.site.19, 12, 180, 192
908612.3.peg.2256.site.20, 3, 180, 183
908612.3.peg.2256.site.21, 1, 180, 181
908612.3.peg.2256.site.22, 159, 177, 336
908612.3.peg.2256.site.23, 4, 180, 184
908612.3.peg.2256.site.24, 90, 171, 261
908612.3.peg.2256.site.25, 2, 176, 178
908612.3.peg.2256.site.26, 20, 179, 199
908612.3.peg.2256.site.27, 127, 180, 307
908612.3.peg.2256.site.28, 105, 176, 281
908612.3.peg.2256.site.29, 8, 175, 183
908612.3.peg.2256.site.30, 68, 173, 241
908612.3.peg.2256.site.31, 1, 177, 178
908612.3.peg.2256.site.32, 5, 178, 183
908612.3.peg.2256.site.33, 107, 170, 277
908612.3.peg.2256.site.34, 64, 139, 203
908612.3.peg.2256.site.35, 15, 82, 97
908612.3.peg.2256.site.36, 78, 151, 229
908612.3.peg.2256.site.37, 0, 177, 177
908612.3.peg.2256.site.38, 5, 177, 182
908612.3.peg.2256.site.39, 52, 176, 228
908612.3.peg.2256.site.40, 75, 175, 250
908612.3.peg.2256.site.41, 24, 177, 201
908612.3.peg.2256.site.42, 122, 175, 297
908612.3.peg.2256.site.43, 0, 179, 179
908612.3.peg.2256.site.44, 73, 178, 251
908612.3.peg.2256.site.45, 1, 179, 180
908612.3.peg.2256.site.46, 72, 176, 248
908612.3.peg.2256.site.47, 110, 176, 286
908612.3.peg.2256.site.48, 3, 179, 182
908612.3.peg.2251.site.1, 0, 176, 176
908612.3.peg.2251.site.2, 5, 178, 183
908612.3.peg.2251.site.3, 0, 177, 177
908612.3.peg.2251.site.4, 1, 178, 179
908612.3.peg.2251.site.5, 10, 161, 171
908612.3.peg.2251.site.6, 1, 168, 169
908612.3.peg.2251.site.7, 59, 165, 224
908612.3.peg.2251.site.8, 4, 171, 175
908612.3.peg.2251.site.9, 3, 172, 175
908612.3.peg.2251.site.10, 51, 163, 214
908612.3.peg.2251.site.11, 60, 169, 229
908612.3.peg.2251.site.12, 55, 165, 220
908612.3.peg.2251.site.13, 4, 172, 176
908612.3.peg.2251.site.14, 1, 177, 178
908612.3.peg.2251.site.15, 1, 178, 179
908612.3.peg.2251.site.16, 3, 179, 182
908612.3.peg.2251.site.17, 3, 179, 182
908612.3.peg.2251.site.18, 3, 179, 182
908612.3.peg.2251.site.19, 0, 179, 179
908612.3.peg.2251.site.20, 3, 179, 182
908612.3.peg.2251.site.21, 26, 175, 201
908612.3.peg.2251.site.22, 0, 177, 177
908612.3.peg.2251.site.23, 48, 162, 210
908612.3.peg.2251.site.24, 9, 171, 180
908612.3.peg.2251.site.25, 3, 167, 170
908612.3.peg.2251.site.26, 8, 168, 176
908612.3.peg.2251.site.27, 0, 178, 178
908612.3.peg.2251.site.28, 1, 179, 180
908612.3.peg.2251.site.29, 0, 179, 179
908612.3.peg.2251.site.30, 2, 180, 182
908612.3.peg.2251.site.31, 3, 180, 183
908612.3.peg.2251.site.32, 4, 179, 183
908612.3.peg.2251.site.33, 0, 178, 178
908612.3.peg.2251.site.34, 2, 177, 179
908612.3.peg.2251.site.35, 120, 175, 295
908612.3.peg.2251.site.36, 124, 176, 300
908612.3.peg.2251.site.37, 64, 156, 220
908612.3.peg.2251.site.38, 1, 155, 156
908612.3.peg.2251.site.39, 3, 161, 164
908612.3.peg.2251.site.40, 3, 175, 178
908612.3.peg.2251.site.41, 44, 151, 195
908612.3.peg.2251.site.42, 4, 165, 169
908612.3.peg.2251.site.43, 1, 171, 172
908612.3.peg.2251.site.44, 3, 166, 169
908612.3.peg.2251.site.45, 16, 174, 190
908612.3.peg.2251.site.46, 3, 177, 180
908612.3.peg.2251.site.47, 1, 177, 178
908612.3.peg.2251.site.48, 5, 174, 179
908612.3.peg.2251.site.49, 3, 174, 177
908612.3.peg.2251.site.50, 3, 168, 171
908612.3.peg.2251.site.51, 44, 167, 211
908612.3.peg.2251.site.52, 3, 171, 174
908612.3.peg.2251.site.53, 50, 160, 210
908612.3.peg.2251.site.54, 7, 164, 171
908612.3.peg.2251.site.55, 39, 144, 183
908612.3.peg.2251.site.56, 37, 146, 183
908612.3.peg.2251.site.57, 5, 165, 170
908612.3.peg.2251.site.58, 100, 162, 262
908612.3.peg.2251.site.59, 112, 177, 289
908612.3.peg.195.site.1, 91, 171, 262
908612.3.peg.195.site.2, 30, 156, 186
908612.3.peg.195.site.3, 1, 174, 175
908612.3.peg.195.site.4, 21, 178, 199
908612.3.peg.195.site.5, 34, 178, 212
908612.3.peg.195.site.6, 3, 180, 183
908612.3.peg.195.site.7, 1, 180, 181
908612.3.peg.195.site.8, 0, 180, 180
908612.3.peg.195.site.9, 1, 178, 179
908612.3.peg.195.site.10, 5, 179, 184
908612.3.peg.2253.site.1, 3, 179, 182
908612.3.peg.2253.site.2, 5, 180, 185
908612.3.peg.2253.site.3, 0, 162, 162
908612.3.peg.2253.site.4, 3, 143, 146
908612.3.peg.2253.site.5, 10, 158, 168
908612.3.peg.2253.site.6, 124, 165, 289
908612.3.peg.2253.site.7, 128, 177, 305
908612.3.peg.2253.site.8, 2, 176, 178
908612.3.peg.2253.site.9, 68, 107, 175
908612.3.peg.2253.site.10, 37, 94, 131
908612.3.peg.2253.site.11, 3, 87, 90
908612.3.peg.2253.site.12, 2, 116, 118
908612.3.peg.2253.site.13, 21, 113, 134
908612.3.peg.2253.site.14, 29, 107, 136
908612.3.peg.2253.site.15, 59, 96, 155
908612.3.peg.2253.site.16, 15, 52, 67
908612.3.peg.2253.site.17, 13, 49, 62
908612.3.peg.2253.site.18, 42, 113, 155
908612.3.peg.2253.site.19, 20, 123, 143
908612.3.peg.2253.site.20, 1, 143, 144
908612.3.peg.2253.site.21, 4, 176, 180
908612.3.peg.2253.site.22, 82, 174, 256
908612.3.peg.2253.site.23, 58, 174, 232
908612.3.peg.2253.site.24, 2, 175, 177
908612.3.peg.2253.site.25, 1, 175, 176
908612.3.peg.2253.site.26, 18, 172, 190
908612.3.peg.2252.site.1, 23, 176, 199
908612.3.peg.2252.site.2, 25, 179, 204
908612.3.peg.2252.site.3, 0, 174, 174
908612.3.peg.2252.site.4, 0, 171, 171
908612.3.peg.2252.site.5, 0, 174, 174
908612.3.peg.2252.site.6, 69, 170, 239
908612.3.peg.2252.site.7, 2, 177, 179
908612.3.peg.2252.site.8, 9, 178, 187
908612.3.peg.2252.site.9, 4, 180, 184
908612.3.peg.2252.site.10, 45, 176, 221
908612.3.peg.2252.site.11, 13, 179, 192
908612.3.peg.2252.site.12, 3, 180, 183
908612.3.peg.2252.site.13, 8, 179, 187
908612.3.peg.2252.site.14, 65, 174, 239
908612.3.peg.2252.site.15, 3, 180, 183
908612.3.peg.980.site.1, 0, 49, 49
908612.3.peg.980.site.2, 63, 137, 200
908612.3.peg.980.site.3, 13, 141, 154
908612.3.peg.980.site.4, 10, 150, 160
908612.3.peg.980.site.5, 78, 151, 229
908612.3.peg.980.site.6, 2, 155, 157
908612.3.peg.980.site.7, 3, 162, 165
908612.3.peg.980.site.8, 0, 170, 170
908612.3.peg.980.site.9, 0, 172, 172
908612.3.peg.980.site.10, 23, 155, 178
908612.3.peg.980.site.11, 5, 142, 147
908612.3.peg.980.site.12, 15, 139, 154
908612.3.peg.980.site.13, 0, 131, 131
908612.3.peg.981.site.1, 0, 166, 166
908612.3.peg.981.site.2, 20, 178, 198
908612.3.peg.981.site.3, 0, 178, 178
908612.3.peg.981.site.4, 9, 180, 189
908612.3.peg.981.site.5, 18, 179, 197
908612.3.peg.981.site.6, 19, 180, 199
908612.3.peg.981.site.7, 1, 180, 181
908612.3.peg.981.site.8, 4, 180, 184
908612.3.peg.981.site.9, 1, 180, 181
908612.3.peg.981.site.10, 106, 173, 279
908612.3.peg.981.site.11, 18, 176, 194
908612.3.peg.981.site.12, 19, 177, 196
908612.3.peg.981.site.13, 25, 127, 152
908612.3.peg.981.site.14, 6, 148, 154
908612.3.peg.981.site.15, 4, 171, 175
908612.3.peg.981.site.16, 9, 175, 184
908612.3.peg.981.site.17, 37, 177, 214
908612.3.peg.981.site.18, 12, 178, 190
908612.3.peg.981.site.19, 61, 174, 235
908612.3.peg.981.site.20, 0, 176, 176
908612.3.peg.981.site.21, 7, 180, 187
908612.3.peg.981.site.22, 0, 180, 180
908612.3.peg.981.site.23, 22, 178, 200
908612.3.peg.981.site.24, 8, 180, 188
908612.3.peg.981.site.25, 109, 179, 288
908612.3.peg.981.site.26, 109, 180, 289
908612.3.peg.981.site.27, 13, 180, 193
908612.3.peg.981.site.28, 2, 180, 182
908612.3.peg.194.site.1, 68, 177, 245
908612.3.peg.194.site.2, 6, 173, 179
908612.3.peg.194.site.3, 99, 178, 277
908612.3.peg.194.site.4, 1, 179, 180
908612.3.peg.194.site.5, 23, 180, 203
908612.3.peg.194.site.6, 4, 178, 182
908612.3.peg.194.site.7, 26, 179, 205
908612.3.peg.194.site.8, 0, 172, 172
908612.3.peg.194.site.9, 8, 170, 178
908612.3.peg.194.site.10, 7, 169, 176
908612.3.peg.194.site.11, 99, 168, 267
908612.3.peg.194.site.12, 4, 170, 174
908612.3.peg.194.site.13, 97, 175, 272
908612.3.peg.194.site.14, 23, 178, 201
908612.3.peg.194.site.15, 108, 175, 283
908612.3.peg.194.site.16, 16, 176, 192
908612.3.peg.194.site.17, 107, 176, 283
908612.3.peg.194.site.18, 1, 179, 180
908612.3.peg.194.site.19, 20, 180, 200
908612.3.peg.194.site.20, 17, 179, 196
908612.3.peg.194.site.21, 3, 179, 182
908612.3.peg.194.site.22, 34, 177, 211
908612.3.peg.194.site.23, 1, 179, 180
908612.3.peg.194.site.24, 1, 179, 180
908612.3.peg.194.site.25, 14, 179, 193
908612.3.peg.194.site.26, 0, 178, 178
908612.3.peg.194.site.27, 23, 180, 203
908612.3.peg.194.site.28, 23, 179, 202
908612.3.peg.194.site.29, 1, 179, 180
908612.3.peg.194.site.30, 16, 178, 194
908612.3.peg.194.site.31, 0, 176, 176
908612.3.peg.194.site.32, 0, 176, 176
908612.3.peg.194.site.33, 85, 170, 255
908612.3.peg.194.site.34, 13, 173, 186
908612.3.peg.194.site.35, 10, 174, 184
908612.3.peg.194.site.36, 10, 176, 186
908612.3.peg.194.site.37, 2, 178, 180
908612.3.peg.194.site.38, 90, 172, 262
908612.3.peg.194.site.39, 90, 172, 262
908612.3.peg.194.site.40, 15, 179, 194
908612.3.peg.194.site.41, 3, 178, 181
908612.3.peg.194.site.42, 0, 177, 177
908612.3.peg.1970.site.1, 17, 179, 196
908612.3.peg.1970.site.2, 53, 176, 229
908612.3.peg.1970.site.3, 23, 179, 202
908612.3.peg.1970.site.4, 6, 180, 186
908612.3.peg.1970.site.5, 6, 179, 185
908612.3.peg.1970.site.6, 36, 178, 214
908612.3.peg.1970.site.7, 36, 178, 214
908612.3.peg.1970.site.8, 4, 180, 184
908612.3.peg.1970.site.9, 8, 180, 188
908612.3.peg.1970.site.10, 2, 178, 180
908612.3.peg.1970.site.11, 39, 158, 197
908612.3.peg.1970.site.12, 3, 161, 164
908612.3.peg.1970.site.13, 37, 155, 192
908612.3.peg.1970.site.14, 22, 152, 174
908612.3.peg.1970.site.15, 0, 165, 165
908612.3.peg.1970.site.16, 3, 163, 166
908612.3.peg.1970.site.17, 48, 177, 225
908612.3.peg.1970.site.18, 29, 174, 203
908612.3.peg.1970.site.19, 1, 177, 178
908612.3.peg.1970.site.20, 46, 172, 218
908612.3.peg.1970.site.21, 0, 179, 179
908612.3.peg.1970.site.22, 2, 180, 182
908612.3.peg.1970.site.23, 16, 178, 194
908612.3.peg.1970.site.24, 8, 179, 187
908612.3.peg.2079.site.1, 1, 174, 175
908612.3.peg.2079.site.2, 84, 176, 260
908612.3.peg.2079.site.3, 33, 177, 210
908612.3.peg.2079.site.4, 22, 176, 198
908612.3.peg.2079.site.5, 22, 177, 199
908612.3.peg.2079.site.6, 12, 167, 179
908612.3.peg.2079.site.7, 10, 164, 174
908612.3.peg.2079.site.8, 19, 173, 192
908612.3.peg.2079.site.9, 20, 173, 193
908612.3.peg.2079.site.10, 9, 178, 187
908612.3.peg.2079.site.11, 1, 178, 179
908612.3.peg.2079.site.12, 21, 176, 197
908612.3.peg.2078.site.1, 0, 179, 179
908612.3.peg.2078.site.2, 20, 179, 199
908612.3.peg.2078.site.3, 2, 180, 182
908612.3.peg.2078.site.4, 39, 178, 217
908612.3.peg.2078.site.5, 5, 179, 184
908612.3.peg.2078.site.6, 0, 179, 179
908612.3.peg.2078.site.7, 13, 175, 188
908612.3.peg.2078.site.8, 7, 178, 185
908612.3.peg.2078.site.9, 2, 180, 182
908612.3.peg.2078.site.10, 2, 180, 182
908612.3.peg.2078.site.11, 2, 180, 182
908612.3.peg.2078.site.12, 2, 179, 181
908612.3.peg.2078.site.13, 12, 180, 192
908612.3.peg.2078.site.14, 12, 180, 192
908612.3.peg.2078.site.15, 1, 179, 180
908612.3.peg.2078.site.16, 0, 179, 179
908612.3.peg.2078.site.17, 3, 178, 181
908612.3.peg.2078.site.18, 0, 179, 179
908612.3.peg.2078.site.19, 21, 177, 198
908612.3.peg.2078.site.20, 0, 179, 179
908612.3.peg.2078.site.21, 26, 178, 204
908612.3.peg.2078.site.22, 9, 180, 189
908612.3.peg.2078.site.23, 0, 180, 180
908612.3.peg.2078.site.24, 0, 180, 180
908612.3.peg.2078.site.25, 12, 177, 189
908612.3.peg.2075.site.1, 25, 177, 202
908612.3.peg.2075.site.2, 1, 178, 179
908612.3.peg.2075.site.3, 8, 179, 187
908612.3.peg.2075.site.4, 19, 178, 197
908612.3.peg.2075.site.5, 80, 178, 258
908612.3.peg.2075.site.6, 0, 179, 179
908612.3.peg.2075.site.7, 4, 177, 181
908612.3.peg.2074.site.1, 0, 179, 179
908612.3.peg.2074.site.2, 48, 173, 221
908612.3.peg.2074.site.3, 0, 176, 176
908612.3.peg.2074.site.4, 30, 174, 204
908612.3.peg.2074.site.5, 2, 177, 179
908612.3.peg.2074.site.6, 28, 174, 202
908612.3.peg.2074.site.7, 6, 177, 183
908612.3.peg.2074.site.8, 1, 167, 168
908612.3.peg.2074.site.9, 25, 163, 188
908612.3.peg.2074.site.10, 13, 162, 175
908612.3.peg.2074.site.11, 10, 160, 170
908612.3.peg.2074.site.12, 31, 171, 202
908612.3.peg.2074.site.13, 51, 175, 226
908612.3.peg.2077.site.1, 105, 164, 269
908612.3.peg.2077.site.2, 2, 159, 161
908612.3.peg.2077.site.3, 12, 168, 180
908612.3.peg.2077.site.4, 117, 178, 295
908612.3.peg.2077.site.5, 13, 179, 192
908612.3.peg.2077.site.6, 0, 178, 178
908612.3.peg.2077.site.7, 5, 180, 185
908612.3.peg.2077.site.8, 4, 179, 183
908612.3.peg.2077.site.9, 0, 170, 170
908612.3.peg.2077.site.10, 2, 180, 182
908612.3.peg.2077.site.11, 0, 179, 179
908612.3.peg.2077.site.12, 0, 179, 179
908612.3.peg.2077.site.13, 17, 177, 194
908612.3.peg.2077.site.14, 18, 171, 189
908612.3.peg.2077.site.15, 3, 179, 182
908612.3.peg.2077.site.16, 3, 179, 182
908612.3.peg.2077.site.17, 2, 180, 182
908612.3.peg.2077.site.18, 9, 179, 188
908612.3.peg.2077.site.19, 0, 177, 177
908612.3.peg.2077.site.20, 0, 177, 177
908612.3.peg.2077.site.21, 9, 180, 189
908612.3.peg.2077.site.22, 5, 180, 185
908612.3.peg.2077.site.23, 11, 179, 190
908612.3.peg.2077.site.24, 3, 178, 181
908612.3.peg.2077.site.25, 3, 180, 183
908612.3.peg.2077.site.26, 0, 177, 177
908612.3.peg.2077.site.27, 0, 178, 178
908612.3.peg.2077.site.28, 3, 178, 181
908612.3.peg.2077.site.29, 15, 176, 191
908612.3.peg.2077.site.30, 1, 178, 179
908612.3.peg.2077.site.31, 134, 174, 308
908612.3.peg.2077.site.32, 1, 179, 180
908612.3.peg.2076.site.1, 28, 176, 204
908612.3.peg.2076.site.2, 0, 178, 178
908612.3.peg.2076.site.3, 42, 179, 221
908612.3.peg.2076.site.4, 0, 180, 180
908612.3.peg.2076.site.5, 10, 178, 188
908612.3.peg.2076.site.6, 3, 174, 177
908612.3.peg.2076.site.7, 23, 170, 193
908612.3.peg.2076.site.8, 37, 171, 208
908612.3.peg.2076.site.9, 5, 173, 178
908612.3.peg.2076.site.10, 5, 175, 180
908612.3.peg.2076.site.11, 0, 177, 177
908612.3.peg.2076.site.12, 2, 176, 178
908612.3.peg.2076.site.13, 7, 175, 182
908612.3.peg.2076.site.14, 17, 178, 195
908612.3.peg.2076.site.15, 17, 177, 194
908612.3.peg.2076.site.16, 3, 179, 182
908612.3.peg.2076.site.17, 8, 178, 186
908612.3.peg.2076.site.18, 8, 177, 185
908612.3.peg.2076.site.19, 30, 178, 208
908612.3.peg.2076.site.20, 63, 176, 239
908612.3.peg.2076.site.21, 8, 175, 183
908612.3.peg.2076.site.22, 2, 171, 173
908612.3.peg.2076.site.23, 1, 167, 168
908612.3.peg.2076.site.24, 0, 172, 172
908612.3.peg.2076.site.25, 0, 163, 163
908612.3.peg.2076.site.26, 20, 157, 177
908612.3.peg.2076.site.27, 1, 137, 138
908612.3.peg.2076.site.28, 0, 144, 144
908612.3.peg.2076.site.29, 4, 144, 148
908612.3.peg.2076.site.30, 48, 143, 191
908612.3.peg.2076.site.31, 22, 141, 163
908612.3.peg.2071.site.1, 0, 180, 180
908612.3.peg.2071.site.2, 8, 180, 188
908612.3.peg.2071.site.3, 1, 177, 178
908612.3.peg.2071.site.4, 68, 175, 243
908612.3.peg.2071.site.5, 30, 177, 207
908612.3.peg.2071.site.6, 6, 176, 182
908612.3.peg.2071.site.7, 27, 175, 202
908612.3.peg.2071.site.8, 4, 177, 181
908612.3.peg.2071.site.9, 43, 177, 220
908612.3.peg.2071.site.10, 5, 178, 183
908612.3.peg.2071.site.11, 119, 178, 297
908612.3.peg.2071.site.12, 6, 173, 179
908612.3.peg.2071.site.13, 0, 180, 180
908612.3.peg.2071.site.14, 0, 179, 179
908612.3.peg.2071.site.15, 0, 180, 180
908612.3.peg.2071.site.16, 0, 180, 180
908612.3.peg.2071.site.17, 0, 180, 180
908612.3.peg.2071.site.18, 2, 179, 181
908612.3.peg.2071.site.19, 73, 176, 249
908612.3.peg.2071.site.20, 2, 179, 181
908612.3.peg.2071.site.21, 3, 178, 181
908612.3.peg.2071.site.22, 154, 174, 328
908612.3.peg.2071.site.23, 34, 175, 209
908612.3.peg.2071.site.24, 45, 168, 213
908612.3.peg.2071.site.25, 38, 158, 196
908612.3.peg.2071.site.26, 0, 145, 145
908612.3.peg.2071.site.27, 3, 137, 140
908612.3.peg.2071.site.28, 2, 147, 149
908612.3.peg.2071.site.29, 2, 156, 158
908612.3.peg.2071.site.30, 1, 178, 179
908612.3.peg.2071.site.31, 122, 169, 291
908612.3.peg.2071.site.32, 1, 178, 179
908612.3.peg.2071.site.33, 0, 177, 177
908612.3.peg.2071.site.34, 1, 172, 173
908612.3.peg.2071.site.35, 89, 161, 250
908612.3.peg.2071.site.36, 1, 173, 174
908612.3.peg.2071.site.37, 60, 164, 224
908612.3.peg.2071.site.38, 34, 173, 207
908612.3.peg.2071.site.39, 4, 173, 177
908612.3.peg.2071.site.40, 0, 179, 179
908612.3.peg.2071.site.41, 143, 170, 313
908612.3.peg.2071.site.42, 2, 170, 172
908612.3.peg.2071.site.43, 1, 174, 175
908612.3.peg.2071.site.44, 70, 179, 249
908612.3.peg.2071.site.45, 14, 179, 193
908612.3.peg.2071.site.46, 9, 180, 189
908612.3.peg.2070.site.1, 3, 176, 179
908612.3.peg.2070.site.2, 162, 176, 338
908612.3.peg.2070.site.3, 17, 171, 188
908612.3.peg.2070.site.4, 18, 165, 183
908612.3.peg.2070.site.5, 18, 168, 186
908612.3.peg.2070.site.6, 174, 179, 353
908612.3.peg.2070.site.7, 0, 179, 179
908612.3.peg.2073.site.1, 1, 178, 179
908612.3.peg.2073.site.2, 19, 179, 198
908612.3.peg.2073.site.3, 0, 179, 179
908612.3.peg.2073.site.4, 3, 177, 180
908612.3.peg.2073.site.5, 5, 178, 183
908612.3.peg.2073.site.6, 6, 178, 184
908612.3.peg.2073.site.7, 4, 169, 173
908612.3.peg.2073.site.8, 4, 172, 176
908612.3.peg.2073.site.9, 25, 170, 195
908612.3.peg.2073.site.10, 7, 171, 178
908612.3.peg.2073.site.11, 24, 169, 193
908612.3.peg.2073.site.12, 58, 168, 226
908612.3.peg.2073.site.13, 29, 168, 197
908612.3.peg.2073.site.14, 6, 165, 171
908612.3.peg.2073.site.15, 1, 164, 165
908612.3.peg.2073.site.16, 6, 166, 172
908612.3.peg.2073.site.17, 111, 175, 286
908612.3.peg.2073.site.18, 112, 174, 286
908612.3.peg.2073.site.19, 0, 178, 178
908612.3.peg.2073.site.20, 34, 174, 208
908612.3.peg.2073.site.21, 0, 175, 175
908612.3.peg.2073.site.22, 0, 162, 162
908612.3.peg.2073.site.23, 0, 170, 170
908612.3.peg.2073.site.24, 32, 169, 201
908612.3.peg.2072.site.1, 21, 178, 199
908612.3.peg.2072.site.2, 0, 175, 175
908612.3.peg.2072.site.3, 31, 175, 206
908612.3.peg.2072.site.4, 3, 173, 176
908612.3.peg.2072.site.5, 0, 173, 173
908612.3.peg.2072.site.6, 0, 164, 164
908612.3.peg.2072.site.7, 4, 172, 176
908612.3.peg.2072.site.8, 106, 170, 276
908612.3.peg.2072.site.9, 35, 164, 199
908612.3.peg.2072.site.10, 10, 164, 174
908612.3.peg.2072.site.11, 15, 163, 178
908612.3.peg.2072.site.12, 3, 165, 168
908612.3.peg.2072.site.13, 52, 160, 212
908612.3.peg.2072.site.14, 51, 159, 210
908612.3.peg.2072.site.15, 4, 148, 152
908612.3.peg.2072.site.16, 26, 147, 173
908612.3.peg.2072.site.17, 0, 180, 180
908612.3.peg.2072.site.18, 50, 173, 223
908612.3.peg.2072.site.19, 56, 175, 231
908612.3.peg.2072.site.20, 54, 174, 228
908612.3.peg.2072.site.21, 68, 170, 238
908612.3.peg.2072.site.22, 1, 175, 176
908612.3.peg.2072.site.23, 2, 178, 180
908612.3.peg.2072.site.24, 2, 177, 179
908612.3.peg.2072.site.25, 0, 177, 177
908612.3.peg.2072.site.26, 4, 176, 180
908612.3.peg.2072.site.27, 0, 180, 180
908612.3.peg.1558.site.1, 14, 179, 193
908612.3.peg.1558.site.2, 46, 179, 225
908612.3.peg.1558.site.3, 61, 180, 241
908612.3.peg.1558.site.4, 43, 177, 220
908612.3.peg.1558.site.5, 0, 174, 174
908612.3.peg.1558.site.6, 32, 163, 195
908612.3.peg.1558.site.7, 36, 164, 200
908612.3.peg.1558.site.8, 17, 162, 179
908612.3.peg.1558.site.9, 17, 162, 179
908612.3.peg.1558.site.10, 1, 163, 164
908612.3.peg.1558.site.11, 7, 166, 173
908612.3.peg.1558.site.12, 29, 133, 162
908612.3.peg.1558.site.13, 23, 116, 139
908612.3.peg.1558.site.14, 95, 148, 243
908612.3.peg.1558.site.15, 1, 154, 155
908612.3.peg.1558.site.16, 104, 154, 258
908612.3.peg.1558.site.17, 15, 159, 174
908612.3.peg.1558.site.18, 0, 159, 159
908612.3.peg.1558.site.19, 11, 152, 163
908612.3.peg.1558.site.20, 8, 157, 165
908612.3.peg.1558.site.21, 1, 137, 138
908612.3.peg.1558.site.22, 22, 121, 143
908612.3.peg.1558.site.23, 53, 119, 172
908612.3.peg.1801.site.1, 4, 164, 168
908612.3.peg.1801.site.2, 8, 160, 168
908612.3.peg.1801.site.3, 68, 159, 227
908612.3.peg.1801.site.4, 63, 154, 217
908612.3.peg.1801.site.5, 34, 151, 185
908612.3.peg.1801.site.6, 127, 153, 280
908612.3.peg.1801.site.7, 5, 161, 166
908612.3.peg.1801.site.8, 123, 162, 285
908612.3.peg.1801.site.9, 82, 170, 252
908612.3.peg.1801.site.10, 12, 179, 191
908612.3.peg.1801.site.11, 27, 180, 207
908612.3.peg.1801.site.12, 2, 180, 182
908612.3.peg.1801.site.13, 7, 180, 187
908612.3.peg.1801.site.14, 2, 180, 182
908612.3.peg.1801.site.15, 139, 176, 315
908612.3.peg.1801.site.16, 108, 176, 284
908612.3.peg.1801.site.17, 0, 177, 177
908612.3.peg.1801.site.18, 0, 176, 176
908612.3.peg.1801.site.19, 7, 179, 186
908612.3.peg.1801.site.20, 0, 178, 178
908612.3.peg.1801.site.21, 3, 179, 182
908612.3.peg.1801.site.22, 2, 177, 179
908612.3.peg.1801.site.23, 115, 175, 290
908612.3.peg.1801.site.24, 112, 176, 288
908612.3.peg.1801.site.25, 8, 178, 186
908612.3.peg.1801.site.26, 14, 179, 193
908612.3.peg.1801.site.27, 11, 180, 191
908612.3.peg.1801.site.28, 4, 176, 180
908612.3.peg.1801.site.29, 2, 168, 170
908612.3.peg.1801.site.30, 19, 171, 190
908612.3.peg.1801.site.31, 2, 180, 182
908612.3.peg.1801.site.32, 0, 179, 179
908612.3.peg.1801.site.33, 1, 180, 181
908612.3.peg.1801.site.34, 102, 150, 252
908612.3.peg.1801.site.35, 64, 134, 198
908612.3.peg.1801.site.36, 25, 142, 167
908612.3.peg.1801.site.37, 1, 148, 149
908612.3.peg.1801.site.38, 23, 164, 187
908612.3.peg.1801.site.39, 107, 154, 261
908612.3.peg.1801.site.40, 33, 176, 209
908612.3.peg.1801.site.41, 0, 179, 179
908612.3.peg.1801.site.42, 0, 174, 174
908612.3.peg.1801.site.43, 31, 179, 210
908612.3.peg.1801.site.44, 31, 179, 210
908612.3.peg.1800.site.1, 72, 176, 248
908612.3.peg.1800.site.2, 3, 180, 183
908612.3.peg.1800.site.3, 68, 173, 241
908612.3.peg.1800.site.4, 105, 172, 277
908612.3.peg.1800.site.5, 33, 172, 205
908612.3.peg.1800.site.6, 57, 177, 234
908612.3.peg.1800.site.7, 3, 179, 182
908612.3.peg.1800.site.8, 33, 176, 209
908612.3.peg.1800.site.9, 115, 177, 292
908612.3.peg.1800.site.10, 3, 180, 183
908612.3.peg.1800.site.11, 3, 180, 183
908612.3.peg.1800.site.12, 61, 173, 234
908612.3.peg.1800.site.13, 5, 179, 184
908612.3.peg.1800.site.14, 85, 179, 264
908612.3.peg.1800.site.15, 0, 180, 180
908612.3.peg.1800.site.16, 103, 156, 259
908612.3.peg.1800.site.17, 0, 122, 122
908612.3.peg.1800.site.18, 36, 105, 141
908612.3.peg.1800.site.19, 4, 94, 98
908612.3.peg.1800.site.20, 11, 95, 106
908612.3.peg.1800.site.21, 6, 132, 138
908612.3.peg.1800.site.22, 103, 168, 271
908612.3.peg.1800.site.23, 0, 175, 175
908612.3.peg.1800.site.24, 6, 176, 182
908612.3.peg.1800.site.25, 4, 173, 177
908612.3.peg.1800.site.26, 94, 141, 235
908612.3.peg.1800.site.27, 3, 169, 172
908612.3.peg.1800.site.28, 3, 180, 183
908612.3.peg.1800.site.29, 3, 180, 183
908612.3.peg.1800.site.30, 3, 180, 183
908612.3.peg.1800.site.31, 1, 178, 179
908612.3.peg.1800.site.32, 1, 179, 180
908612.3.peg.1800.site.33, 12, 177, 189
908612.3.peg.1800.site.34, 4, 177, 181
908612.3.peg.1800.site.35, 4, 177, 181
908612.3.peg.1800.site.36, 26, 173, 199
908612.3.peg.1800.site.37, 4, 176, 180
908612.3.peg.1800.site.38, 51, 135, 186
908612.3.peg.1800.site.39, 28, 92, 120
908612.3.peg.1800.site.40, 8, 90, 98
908612.3.peg.1800.site.41, 97, 165, 262
908612.3.peg.1800.site.42, 103, 171, 274
908612.3.peg.1800.site.43, 1, 180, 181
908612.3.peg.1800.site.44, 3, 180, 183
908612.3.peg.1800.site.45, 3, 180, 183
908612.3.peg.1800.site.46, 5, 179, 184
908612.3.peg.1800.site.47, 33, 174, 207
908612.3.peg.1800.site.48, 2, 180, 182
908612.3.peg.1800.site.49, 106, 178, 284
908612.3.peg.1800.site.50, 7, 179, 186
908612.3.peg.1800.site.51, 8, 180, 188
908612.3.peg.1800.site.52, 2, 180, 182
908612.3.peg.1800.site.53, 0, 177, 177
908612.3.peg.1800.site.54, 1, 173, 174
908612.3.peg.1800.site.55, 137, 175, 312
908612.3.peg.1800.site.56, 0, 178, 178
908612.3.peg.1800.site.57, 3, 178, 181
908612.3.peg.1800.site.58, 3, 175, 178
908612.3.peg.1800.site.59, 4, 180, 184
908612.3.peg.1800.site.60, 4, 180, 184
908612.3.peg.1800.site.61, 114, 178, 292
908612.3.peg.1800.site.62, 13, 179, 192
908612.3.peg.1800.site.63, 113, 176, 289
908612.3.peg.1800.site.64, 2, 179, 181
908612.3.peg.1800.site.65, 1, 176, 177
908612.3.peg.1800.site.66, 60, 176, 236
908612.3.peg.1800.site.67, 3, 178, 181
908612.3.peg.1800.site.68, 12, 175, 187
908612.3.peg.1800.site.69, 2, 164, 166
908612.3.peg.1800.site.70, 25, 127, 152
908612.3.peg.1800.site.71, 0, 106, 106
908612.3.peg.1800.site.72, 12, 87, 99
908612.3.peg.1800.site.73, 1, 70, 71
908612.3.peg.1800.site.74, 1, 76, 77
908612.3.peg.1800.site.75, 0, 74, 74
908612.3.peg.1800.site.76, 2, 111, 113
908612.3.peg.1800.site.77, 2, 154, 156
908612.3.peg.1803.site.1, 7, 173, 180
908612.3.peg.1803.site.2, 5, 176, 181
908612.3.peg.1803.site.3, 1, 174, 175
908612.3.peg.1803.site.4, 24, 165, 189
908612.3.peg.1803.site.5, 9, 157, 166
908612.3.peg.1803.site.6, 1, 133, 134
908612.3.peg.1803.site.7, 4, 132, 136
908612.3.peg.1803.site.8, 0, 146, 146
908612.3.peg.1803.site.9, 6, 173, 179
908612.3.peg.1803.site.10, 0, 176, 176
908612.3.peg.1803.site.11, 2, 176, 178
908612.3.peg.1803.site.12, 2, 176, 178
908612.3.peg.1803.site.13, 150, 168, 318
908612.3.peg.1803.site.14, 7, 152, 159
908612.3.peg.1803.site.15, 6, 142, 148
908612.3.peg.1803.site.16, 6, 142, 148
908612.3.peg.1803.site.17, 3, 138, 141
908612.3.peg.1803.site.18, 120, 145, 265
908612.3.peg.1803.site.19, 123, 144, 267
908612.3.peg.1803.site.20, 3, 142, 145
908612.3.peg.1803.site.21, 5, 149, 154
908612.3.peg.1803.site.22, 0, 177, 177
908612.3.peg.1803.site.23, 1, 179, 180
908612.3.peg.1803.site.24, 6, 170, 176
908612.3.peg.1803.site.25, 1, 160, 161
908612.3.peg.1803.site.26, 94, 143, 237
908612.3.peg.1803.site.27, 97, 146, 243
908612.3.peg.1803.site.28, 87, 142, 229
908612.3.peg.1803.site.29, 0, 165, 165
908612.3.peg.1803.site.30, 1, 167, 168
908612.3.peg.1803.site.31, 122, 169, 291
908612.3.peg.1803.site.32, 95, 148, 243
908612.3.peg.1803.site.33, 5, 165, 170
908612.3.peg.1803.site.34, 3, 168, 171
908612.3.peg.1803.site.35, 30, 166, 196
908612.3.peg.1803.site.36, 12, 175, 187
908612.3.peg.1803.site.37, 13, 177, 190
908612.3.peg.1803.site.38, 1, 179, 180
908612.3.peg.1803.site.39, 2, 179, 181
908612.3.peg.1803.site.40, 2, 179, 181
908612.3.peg.1803.site.41, 136, 170, 306
908612.3.peg.1803.site.42, 23, 170, 193
908612.3.peg.1803.site.43, 153, 171, 324
908612.3.peg.1803.site.44, 148, 174, 322
908612.3.peg.1803.site.45, 115, 173, 288
908612.3.peg.1803.site.46, 3, 178, 181
908612.3.peg.1803.site.47, 12, 178, 190
908612.3.peg.1803.site.48, 9, 178, 187
908612.3.peg.1803.site.49, 1, 176, 177
908612.3.peg.1803.site.50, 2, 179, 181
908612.3.peg.1803.site.51, 0, 179, 179
908612.3.peg.1803.site.52, 155, 179, 334
908612.3.peg.1803.site.53, 102, 178, 280
908612.3.peg.1803.site.54, 173, 180, 353
908612.3.peg.1803.site.55, 6, 178, 184
908612.3.peg.1803.site.56, 48, 176, 224
908612.3.peg.1803.site.57, 1, 180, 181
908612.3.peg.1802.site.1, 1, 180, 181
908612.3.peg.1802.site.2, 13, 179, 192
908612.3.peg.1802.site.3, 2, 178, 180
908612.3.peg.1802.site.4, 0, 178, 178
908612.3.peg.1802.site.5, 0, 174, 174
908612.3.peg.1802.site.6, 1, 177, 178
908612.3.peg.1802.site.7, 0, 172, 172
908612.3.peg.1802.site.8, 59, 168, 227
908612.3.peg.1802.site.9, 2, 167, 169
908612.3.peg.1802.site.10, 0, 163, 163
908612.3.peg.1802.site.11, 0, 172, 172
908612.3.peg.1802.site.12, 60, 173, 233
908612.3.peg.1802.site.13, 39, 152, 191
908612.3.peg.1802.site.14, 35, 148, 183
908612.3.peg.1802.site.15, 3, 117, 120
908612.3.peg.1802.site.16, 2, 115, 117
908612.3.peg.1802.site.17, 5, 118, 123
908612.3.peg.1802.site.18, 0, 175, 175
908612.3.peg.1802.site.19, 57, 173, 230
908612.3.peg.1802.site.20, 58, 174, 232
908612.3.peg.1802.site.21, 7, 176, 183
908612.3.peg.1802.site.22, 40, 172, 212
908612.3.peg.1802.site.23, 27, 173, 200
908612.3.peg.1802.site.24, 62, 169, 231
908612.3.peg.1802.site.25, 3, 167, 170
908612.3.peg.1802.site.26, 3, 172, 175
908612.3.peg.1802.site.27, 62, 169, 231
908612.3.peg.1802.site.28, 49, 160, 209
908612.3.peg.1802.site.29, 8, 177, 185
908612.3.peg.1802.site.30, 71, 178, 249
908612.3.peg.1805.site.1, 110, 146, 256
908612.3.peg.1805.site.2, 54, 159, 213
908612.3.peg.1805.site.3, 1, 179, 180
908612.3.peg.1805.site.4, 119, 176, 295
908612.3.peg.1805.site.5, 1, 180, 181
908612.3.peg.1805.site.6, 4, 179, 183
908612.3.peg.1805.site.7, 46, 166, 212
908612.3.peg.1805.site.8, 46, 168, 214
908612.3.peg.1805.site.9, 1, 179, 180
908612.3.peg.1805.site.10, 114, 177, 291
908612.3.peg.1805.site.11, 0, 155, 155
908612.3.peg.1805.site.12, 4, 176, 180
908612.3.peg.1805.site.13, 59, 175, 234
908612.3.peg.1805.site.14, 1, 178, 179
908612.3.peg.1805.site.15, 0, 178, 178
908612.3.peg.1805.site.16, 0, 179, 179
908612.3.peg.1805.site.17, 17, 179, 196
908612.3.peg.1805.site.18, 1, 178, 179
908612.3.peg.1805.site.19, 65, 167, 232
908612.3.peg.1805.site.20, 50, 151, 201
908612.3.peg.1805.site.21, 83, 149, 232
908612.3.peg.1805.site.22, 69, 146, 215
908612.3.peg.1805.site.23, 107, 144, 251
908612.3.peg.1805.site.24, 16, 153, 169
908612.3.peg.1805.site.25, 1, 179, 180
908612.3.peg.1804.site.1, 115, 176, 291
908612.3.peg.1804.site.2, 36, 174, 210
908612.3.peg.1804.site.3, 65, 179, 244
908612.3.peg.1804.site.4, 33, 178, 211
908612.3.peg.1804.site.5, 0, 179, 179
908612.3.peg.1804.site.6, 40, 178, 218
908612.3.peg.1804.site.7, 1, 179, 180
908612.3.peg.1804.site.8, 1, 178, 179
908612.3.peg.1804.site.9, 1, 178, 179
908612.3.peg.1804.site.10, 58, 179, 237
908612.3.peg.1804.site.11, 31, 179, 210
908612.3.peg.1804.site.12, 7, 179, 186
908612.3.peg.1807.site.1, 106, 174, 280
908612.3.peg.1807.site.2, 54, 175, 229
908612.3.peg.1807.site.3, 0, 178, 178
908612.3.peg.1807.site.4, 65, 169, 234
908612.3.peg.1807.site.5, 28, 176, 204
908612.3.peg.1807.site.6, 72, 170, 242
908612.3.peg.1807.site.7, 0, 179, 179
908612.3.peg.1807.site.8, 42, 176, 218
908612.3.peg.1807.site.9, 0, 177, 177
908612.3.peg.1807.site.10, 2, 179, 181
908612.3.peg.1807.site.11, 0, 178, 178
908612.3.peg.1807.site.12, 42, 174, 216
908612.3.peg.1807.site.13, 0, 178, 178
908612.3.peg.1807.site.14, 0, 179, 179
908612.3.peg.1806.site.1, 2, 180, 182
908612.3.peg.1806.site.2, 1, 177, 178
908612.3.peg.1806.site.3, 3, 178, 181
908612.3.peg.1806.site.4, 1, 178, 179
908612.3.peg.1806.site.5, 115, 177, 292
908612.3.peg.1806.site.6, 1, 179, 180
908612.3.peg.1806.site.7, 0, 179, 179
908612.3.peg.1806.site.8, 0, 179, 179
908612.3.peg.1806.site.9, 1, 180, 181
908612.3.peg.1806.site.10, 12, 179, 191
908612.3.peg.1806.site.11, 3, 180, 183
908612.3.peg.1806.site.12, 38, 174, 212
908612.3.peg.1806.site.13, 53, 176, 229
908612.3.peg.1806.site.14, 40, 175, 215
908612.3.peg.1806.site.15, 2, 180, 182
908612.3.peg.1806.site.16, 134, 175, 309
908612.3.peg.1806.site.17, 0, 163, 163
908612.3.peg.1806.site.18, 52, 161, 213
908612.3.peg.1806.site.19, 0, 162, 162
908612.3.peg.1806.site.20, 55, 147, 202
908612.3.peg.1806.site.21, 46, 137, 183
908612.3.peg.1806.site.22, 43, 136, 179
908612.3.peg.1806.site.23, 38, 168, 206
908612.3.peg.1806.site.24, 1, 168, 169
908612.3.peg.1806.site.25, 62, 159, 221
908612.3.peg.1806.site.26, 13, 178, 191
908612.3.peg.1806.site.27, 3, 178, 181
908612.3.peg.1806.site.28, 99, 174, 273
908612.3.peg.1806.site.29, 78, 170, 248
908612.3.peg.1806.site.30, 0, 177, 177
908612.3.peg.1806.site.31, 8, 176, 184
908612.3.peg.1806.site.32, 5, 177, 182
908612.3.peg.1806.site.33, 138, 173, 311
908612.3.peg.1806.site.34, 25, 173, 198
908612.3.peg.1806.site.35, 5, 179, 184
908612.3.peg.1806.site.36, 1, 179, 180
908612.3.peg.1806.site.37, 0, 178, 178
908612.3.peg.1806.site.38, 166, 172, 338
908612.3.peg.1808.site.1, 72, 157, 229
908612.3.peg.1808.site.2, 73, 158, 231
908612.3.peg.1808.site.3, 13, 149, 162
908612.3.peg.1808.site.4, 42, 136, 178
908612.3.peg.1808.site.5, 45, 145, 190
908612.3.peg.1808.site.6, 58, 170, 228
908612.3.peg.1808.site.7, 2, 174, 176
908612.3.peg.1808.site.8, 16, 176, 192
908612.3.peg.1808.site.9, 3, 173, 176
908612.3.peg.1808.site.10, 55, 173, 228
908612.3.peg.1808.site.11, 26, 166, 192
908612.3.peg.1808.site.12, 0, 174, 174
908612.3.peg.1808.site.13, 15, 171, 186
908612.3.peg.1808.site.14, 9, 177, 186
908612.3.peg.1808.site.15, 0, 179, 179
908612.3.peg.1808.site.16, 11, 179, 190
908612.3.peg.1808.site.17, 16, 179, 195
908612.3.peg.1808.site.18, 57, 173, 230
908612.3.peg.1808.site.19, 4, 179, 183
908612.3.peg.1808.site.20, 2, 179, 181
908612.3.peg.1808.site.21, 13, 179, 192
908612.3.peg.1808.site.22, 50, 177, 227
908612.3.peg.1808.site.23, 60, 175, 235
908612.3.peg.1808.site.24, 12, 179, 191
908612.3.peg.1808.site.25, 2, 180, 182
908612.3.peg.1808.site.26, 11, 179, 190
908612.3.peg.1808.site.27, 0, 177, 177
908612.3.peg.1808.site.28, 29, 169, 198
908612.3.peg.1808.site.29, 0, 169, 169
908612.3.peg.1808.site.30, 26, 167, 193
908612.3.peg.1808.site.31, 3, 178, 181
908612.3.peg.1808.site.32, 1, 180, 181
908612.3.peg.1808.site.33, 2, 180, 182
908612.3.peg.1808.site.34, 1, 175, 176
908612.3.peg.1808.site.35, 12, 174, 186
908612.3.peg.1808.site.36, 1, 170, 171
908612.3.peg.1808.site.37, 11, 172, 183
908612.3.peg.1808.site.38, 27, 153, 180
908612.3.peg.1808.site.39, 0, 176, 176
908612.3.peg.1808.site.40, 31, 173, 204
908612.3.peg.1808.site.41, 13, 173, 186
908612.3.peg.1808.site.42, 3, 172, 175
908612.3.peg.1808.site.43, 13, 178, 191
908612.3.peg.1808.site.44, 27, 175, 202
908612.3.peg.1808.site.45, 6, 177, 183
908612.3.peg.1808.site.46, 6, 175, 181
908612.3.peg.1808.site.47, 1, 172, 173
908612.3.peg.1808.site.48, 2, 171, 173
908612.3.peg.1808.site.49, 40, 170, 210
908612.3.peg.1808.site.50, 41, 171, 212
908612.3.peg.1808.site.51, 2, 179, 181
908612.3.peg.1808.site.52, 9, 179, 188
908612.3.peg.1808.site.53, 92, 175, 267
908612.3.peg.1808.site.54, 90, 165, 255
908612.3.peg.1808.site.55, 1, 148, 149
908612.3.peg.1808.site.56, 4, 147, 151
908612.3.peg.1808.site.57, 2, 161, 163
908612.3.peg.1808.site.58, 0, 176, 176
908612.3.peg.1808.site.59, 35, 177, 212
908612.3.peg.1808.site.60, 35, 177, 212
908612.3.peg.1808.site.61, 0, 180, 180
908612.3.peg.1808.site.62, 0, 179, 179
908612.3.peg.1808.site.63, 1, 180, 181
908612.3.peg.1808.site.64, 6, 180, 186
908612.3.peg.1808.site.65, 93, 172, 265
908612.3.peg.1808.site.66, 7, 178, 185
908612.3.peg.1808.site.67, 23, 178, 201
908612.3.peg.1808.site.68, 6, 177, 183
908612.3.peg.1808.site.69, 125, 177, 302
908612.3.peg.1808.site.70, 2, 176, 178
908612.3.peg.1808.site.71, 18, 179, 197
908612.3.peg.1808.site.72, 0, 176, 176
908612.3.peg.1808.site.73, 10, 178, 188
908612.3.peg.1808.site.74, 23, 178, 201
908612.3.peg.1808.site.75, 10, 180, 190
908612.3.peg.1808.site.76, 2, 179, 181
908612.3.peg.2101.site.1, 1, 180, 181
908612.3.peg.2101.site.2, 87, 174, 261
908612.3.peg.2101.site.3, 97, 175, 272
908612.3.peg.2101.site.4, 157, 177, 334
908612.3.peg.2101.site.5, 17, 177, 194
908612.3.peg.2101.site.6, 61, 167, 228
908612.3.peg.2101.site.7, 7, 163, 170
908612.3.peg.2101.site.8, 3, 162, 165
908612.3.peg.2101.site.9, 2, 160, 162
908612.3.peg.2101.site.10, 7, 166, 173
908612.3.peg.2101.site.11, 9, 168, 177
908612.3.peg.2101.site.12, 139, 177, 316
908612.3.peg.2101.site.13, 5, 179, 184
908612.3.peg.2101.site.14, 4, 176, 180
908612.3.peg.2101.site.15, 23, 175, 198
908612.3.peg.2101.site.16, 27, 176, 203
908612.3.peg.2101.site.17, 1, 176, 177
908612.3.peg.2101.site.18, 9, 179, 188
908612.3.peg.2101.site.19, 2, 179, 181
908612.3.peg.2101.site.20, 2, 179, 181
908612.3.peg.2100.site.1, 93, 148, 241
908612.3.peg.2100.site.2, 139, 165, 304
908612.3.peg.2100.site.3, 70, 176, 246
908612.3.peg.2100.site.4, 3, 173, 176
908612.3.peg.2100.site.5, 5, 174, 179
908612.3.peg.2100.site.6, 123, 172, 295
908612.3.peg.2100.site.7, 118, 172, 290
908612.3.peg.2100.site.8, 111, 176, 287
908612.3.peg.2100.site.9, 124, 176, 300
908612.3.peg.2100.site.10, 121, 177, 298
908612.3.peg.2100.site.11, 4, 177, 181
908612.3.peg.2100.site.12, 39, 177, 216
908612.3.peg.2100.site.13, 1, 176, 177
908612.3.peg.2100.site.14, 1, 175, 176
908612.3.peg.2100.site.15, 0, 180, 180
908612.3.peg.2100.site.16, 0, 179, 179
908612.3.peg.2100.site.17, 0, 179, 179
908612.3.peg.2100.site.18, 3, 180, 183
908612.3.peg.2100.site.19, 0, 180, 180
908612.3.peg.2100.site.20, 1, 179, 180
908612.3.peg.2100.site.21, 1, 176, 177
908612.3.peg.2100.site.22, 2, 177, 179
908612.3.peg.2100.site.23, 8, 176, 184
908612.3.peg.2100.site.24, 12, 180, 192
908612.3.peg.2100.site.25, 9, 179, 188
908612.3.peg.2100.site.26, 0, 179, 179
908612.3.peg.2100.site.27, 8, 178, 186
908612.3.peg.2100.site.28, 3, 180, 183
908612.3.peg.2100.site.29, 3, 176, 179
908612.3.peg.2100.site.30, 62, 165, 227
908612.3.peg.2100.site.31, 5, 153, 158
908612.3.peg.2100.site.32, 43, 146, 189
908612.3.peg.2100.site.33, 18, 119, 137
908612.3.peg.2100.site.34, 14, 115, 129
908612.3.peg.2100.site.35, 46, 101, 147
908612.3.peg.2100.site.36, 1, 100, 101
908612.3.peg.2100.site.37, 2, 106, 108
908612.3.peg.2100.site.38, 3, 108, 111
908612.3.peg.2100.site.39, 9, 113, 122
908612.3.peg.2100.site.40, 3, 178, 181
908612.3.peg.2100.site.41, 3, 172, 175
908612.3.peg.2100.site.42, 1, 180, 181
908612.3.peg.2100.site.43, 0, 178, 178
908612.3.peg.2100.site.44, 8, 173, 181
908612.3.peg.2100.site.45, 1, 178, 179
908612.3.peg.2100.site.46, 5, 177, 182
908612.3.peg.2100.site.47, 11, 178, 189
908612.3.peg.2100.site.48, 0, 178, 178
908612.3.peg.2100.site.49, 6, 179, 185
908612.3.peg.2100.site.50, 54, 177, 231
908612.3.peg.2100.site.51, 6, 175, 181
908612.3.peg.2100.site.52, 6, 179, 185
908612.3.peg.2100.site.53, 8, 179, 187
908612.3.peg.2100.site.54, 0, 180, 180
908612.3.peg.2100.site.55, 7, 180, 187
908612.3.peg.2100.site.56, 5, 180, 185
908612.3.peg.2100.site.57, 9, 180, 189
908612.3.peg.2100.site.58, 38, 177, 215
908612.3.peg.2100.site.59, 148, 178, 326
908612.3.peg.2100.site.60, 2, 180, 182
908612.3.peg.2100.site.61, 0, 180, 180
908612.3.peg.2100.site.62, 0, 179, 179
908612.3.peg.2100.site.63, 0, 180, 180
908612.3.peg.2100.site.64, 4, 175, 179
908612.3.peg.2100.site.65, 25, 177, 202
908612.3.peg.2100.site.66, 2, 180, 182
908612.3.peg.2100.site.67, 1, 180, 181
908612.3.peg.2100.site.68, 120, 177, 297
908612.3.peg.2103.site.1, 13, 176, 189
908612.3.peg.2103.site.2, 6, 179, 185
908612.3.peg.2103.site.3, 64, 179, 243
908612.3.peg.2103.site.4, 2, 180, 182
908612.3.peg.2103.site.5, 19, 176, 195
908612.3.peg.2103.site.6, 2, 179, 181
908612.3.peg.2103.site.7, 22, 177, 199
908612.3.peg.2103.site.8, 21, 178, 199
908612.3.peg.2103.site.9, 47, 155, 202
908612.3.peg.2103.site.10, 50, 157, 207
908612.3.peg.2103.site.11, 1, 164, 165
908612.3.peg.2103.site.12, 122, 157, 279
908612.3.peg.2103.site.13, 125, 161, 286
908612.3.peg.2103.site.14, 3, 174, 177
908612.3.peg.2103.site.15, 95, 172, 267
908612.3.peg.2103.site.16, 43, 173, 216
908612.3.peg.2102.site.1, 89, 166, 255
908612.3.peg.2102.site.2, 0, 165, 165
908612.3.peg.2102.site.3, 3, 98, 101
908612.3.peg.2102.site.4, 0, 35, 35
908612.3.peg.2102.site.5, 0, 30, 30
908612.3.peg.2102.site.6, 0, 57, 57
908612.3.peg.2102.site.7, 43, 138, 181
908612.3.peg.2102.site.8, 43, 139, 182
908612.3.peg.2102.site.9, 15, 158, 173
908612.3.peg.2102.site.10, 122, 155, 277
908612.3.peg.2102.site.11, 128, 161, 289
908612.3.peg.2102.site.12, 0, 170, 170
908612.3.peg.2102.site.13, 81, 173, 254
908612.3.peg.2102.site.14, 1, 179, 180
908612.3.peg.2102.site.15, 84, 172, 256
908612.3.peg.2102.site.16, 6, 180, 186
908612.3.peg.2102.site.17, 20, 175, 195
908612.3.peg.2102.site.18, 1, 178, 179
908612.3.peg.2102.site.19, 5, 179, 184
908612.3.peg.2102.site.20, 2, 179, 181
908612.3.peg.2102.site.21, 17, 179, 196
908612.3.peg.2102.site.22, 134, 172, 306
908612.3.peg.2102.site.23, 1, 173, 174
908612.3.peg.2102.site.24, 57, 172, 229
908612.3.peg.2102.site.25, 3, 180, 183
908612.3.peg.2102.site.26, 7, 180, 187
908612.3.peg.2102.site.27, 23, 178, 201
908612.3.peg.2102.site.28, 15, 180, 195
908612.3.peg.2102.site.29, 65, 174, 239
908612.3.peg.2102.site.30, 15, 178, 193
908612.3.peg.2102.site.31, 0, 178, 178
908612.3.peg.2102.site.32, 15, 177, 192
908612.3.peg.2105.site.1, 140, 174, 314
908612.3.peg.2105.site.2, 137, 169, 306
908612.3.peg.2105.site.3, 1, 179, 180
908612.3.peg.2105.site.4, 3, 179, 182
908612.3.peg.2105.site.5, 4, 179, 183
908612.3.peg.2105.site.6, 128, 174, 302
908612.3.peg.2105.site.7, 4, 179, 183
908612.3.peg.2105.site.8, 145, 176, 321
908612.3.peg.2105.site.9, 2, 178, 180
908612.3.peg.2105.site.10, 8, 178, 186
908612.3.peg.2105.site.11, 38, 176, 214
908612.3.peg.2105.site.12, 3, 178, 181
908612.3.peg.2105.site.13, 110, 174, 284
908612.3.peg.2105.site.14, 3, 180, 183
908612.3.peg.2105.site.15, 24, 164, 188
908612.3.peg.2105.site.16, 9, 149, 158
908612.3.peg.2107.site.1, 1, 175, 176
908612.3.peg.2107.site.2, 0, 174, 174
908612.3.peg.2107.site.3, 1, 169, 170
908612.3.peg.2107.site.4, 4, 179, 183
908612.3.peg.2107.site.5, 4, 178, 182
908612.3.peg.2107.site.6, 3, 176, 179
908612.3.peg.2107.site.7, 7, 178, 185
908612.3.peg.2107.site.8, 5, 177, 182
908612.3.peg.2107.site.9, 4, 172, 176
908612.3.peg.2107.site.10, 6, 173, 179
908612.3.peg.2107.site.11, 3, 170, 173
908612.3.peg.2107.site.12, 2, 162, 164
908612.3.peg.2107.site.13, 4, 158, 162
908612.3.peg.2109.site.1, 71, 177, 248
908612.3.peg.2109.site.2, 0, 179, 179
908612.3.peg.2109.site.3, 0, 180, 180
908612.3.peg.2109.site.4, 0, 180, 180
908612.3.peg.2109.site.5, 54, 172, 226
908612.3.peg.2108.site.1, 5, 172, 177
908612.3.peg.2108.site.2, 3, 176, 179
908612.3.peg.2108.site.3, 1, 167, 168
908612.3.peg.2108.site.4, 13, 174, 187
908612.3.peg.2108.site.5, 6, 176, 182
908612.3.peg.2108.site.6, 1, 179, 180
908612.3.peg.2108.site.7, 6, 179, 185
908612.3.peg.2108.site.8, 0, 178, 178
908612.3.peg.2108.site.9, 44, 171, 215
908612.3.peg.2108.site.10, 31, 175, 206
908612.3.peg.2108.site.11, 0, 177, 177
908612.3.peg.2108.site.12, 6, 179, 185
908612.3.peg.2108.site.13, 0, 179, 179
908612.3.peg.2108.site.14, 0, 180, 180
908612.3.peg.2108.site.15, 6, 176, 182
908612.3.peg.2108.site.16, 84, 176, 260
908612.3.peg.2108.site.17, 5, 180, 185
908612.3.peg.2108.site.18, 2, 179, 181
908612.3.peg.2108.site.19, 77, 176, 253
908612.3.peg.2108.site.20, 3, 177, 180
908612.3.peg.2108.site.21, 132, 171, 303
908612.3.peg.2108.site.22, 2, 172, 174
908612.3.peg.2108.site.23, 50, 171, 221
908612.3.peg.2108.site.24, 17, 175, 192
908612.3.peg.2108.site.25, 2, 170, 172
908612.3.peg.2108.site.26, 19, 171, 190
908612.3.peg.2108.site.27, 0, 174, 174
908612.3.peg.2108.site.28, 82, 172, 254
908612.3.peg.765.site.1, 28, 175, 203
908612.3.peg.765.site.2, 2, 180, 182
908612.3.peg.765.site.3, 31, 179, 210
908612.3.peg.765.site.4, 1, 180, 181
908612.3.peg.765.site.5, 32, 180, 212
908612.3.peg.765.site.6, 11, 180, 191
908612.3.peg.765.site.7, 2, 180, 182
908612.3.peg.765.site.8, 6, 179, 185
908612.3.peg.765.site.9, 38, 179, 217
908612.3.peg.765.site.10, 1, 180, 181
908612.3.peg.765.site.11, 38, 179, 217
908612.3.peg.765.site.12, 4, 180, 184
908612.3.peg.765.site.13, 30, 169, 199
908612.3.peg.765.site.14, 28, 165, 193
908612.3.peg.765.site.15, 3, 171, 174
908612.3.peg.765.site.16, 0, 174, 174
908612.3.peg.765.site.17, 26, 178, 204
908612.3.peg.765.site.18, 36, 177, 213
908612.3.peg.765.site.19, 117, 174, 291
908612.3.peg.765.site.20, 2, 180, 182
908612.3.peg.765.site.21, 1, 180, 181
908612.3.peg.765.site.22, 2, 180, 182
908612.3.peg.765.site.23, 0, 178, 178
908612.3.peg.765.site.24, 27, 173, 200
908612.3.peg.765.site.25, 115, 173, 288
908612.3.peg.765.site.26, 146, 175, 321
908612.3.peg.765.site.27, 1, 180, 181
908612.3.peg.765.site.28, 115, 174, 289
908612.3.peg.765.site.29, 0, 177, 177
908612.3.peg.766.site.1, 81, 172, 253
908612.3.peg.766.site.2, 3, 180, 183
908612.3.peg.766.site.3, 28, 175, 203
908612.3.peg.766.site.4, 27, 176, 203
908612.3.peg.766.site.5, 28, 178, 206
908612.3.peg.766.site.6, 73, 154, 227
908612.3.peg.766.site.7, 0, 146, 146
908612.3.peg.766.site.8, 1, 144, 145
908612.3.peg.766.site.9, 1, 150, 151
908612.3.peg.766.site.10, 6, 177, 183
908612.3.peg.766.site.11, 2, 180, 182
908612.3.peg.766.site.12, 1, 180, 181
908612.3.peg.767.site.1, 1, 172, 173
908612.3.peg.767.site.2, 6, 168, 174
908612.3.peg.767.site.3, 0, 175, 175
908612.3.peg.767.site.4, 1, 177, 178
908612.3.peg.767.site.5, 24, 178, 202
908612.3.peg.767.site.6, 1, 179, 180
908612.3.peg.767.site.7, 1, 179, 180
908612.3.peg.767.site.8, 1, 179, 180
908612.3.peg.767.site.9, 2, 179, 181
908612.3.peg.767.site.10, 88, 177, 265
908612.3.peg.767.site.11, 27, 177, 204
908612.3.peg.767.site.12, 64, 167, 231
908612.3.peg.767.site.13, 1, 179, 180
908612.3.peg.767.site.14, 2, 179, 181
908612.3.peg.767.site.15, 1, 180, 181
908612.3.peg.767.site.16, 32, 178, 210
908612.3.peg.767.site.17, 7, 178, 185
908612.3.peg.767.site.18, 3, 178, 181
908612.3.peg.767.site.19, 4, 178, 182
908612.3.peg.767.site.20, 0, 180, 180
908612.3.peg.767.site.21, 39, 179, 218
908612.3.peg.767.site.22, 1, 180, 181
908612.3.peg.767.site.23, 12, 180, 192
908612.3.peg.767.site.24, 0, 180, 180
908612.3.peg.767.site.25, 2, 180, 182
908612.3.peg.767.site.26, 2, 180, 182
908612.3.peg.767.site.27, 26, 178, 204
908612.3.peg.767.site.28, 6, 180, 186
908612.3.peg.767.site.29, 0, 179, 179
908612.3.peg.760.site.1, 0, 178, 178
908612.3.peg.760.site.2, 0, 179, 179
908612.3.peg.760.site.3, 3, 180, 183
908612.3.peg.760.site.4, 3, 178, 181
908612.3.peg.760.site.5, 2, 175, 177
908612.3.peg.760.site.6, 0, 177, 177
908612.3.peg.760.site.7, 0, 180, 180
908612.3.peg.760.site.8, 3, 180, 183
908612.3.peg.760.site.9, 4, 180, 184
908612.3.peg.760.site.10, 4, 180, 184
908612.3.peg.760.site.11, 36, 161, 197
908612.3.peg.760.site.12, 15, 178, 193
908612.3.peg.760.site.13, 5, 177, 182
908612.3.peg.760.site.14, 60, 178, 238
908612.3.peg.760.site.15, 7, 178, 185
908612.3.peg.760.site.16, 2, 174, 176
908612.3.peg.760.site.17, 3, 174, 177
908612.3.peg.760.site.18, 72, 171, 243
908612.3.peg.760.site.19, 41, 177, 218
908612.3.peg.760.site.20, 55, 179, 234
908612.3.peg.760.site.21, 79, 177, 256
908612.3.peg.760.site.22, 39, 177, 216
908612.3.peg.760.site.23, 0, 180, 180
908612.3.peg.760.site.24, 2, 180, 182
908612.3.peg.761.site.1, 73, 171, 244
908612.3.peg.761.site.2, 72, 170, 242
908612.3.peg.761.site.3, 1, 178, 179
908612.3.peg.761.site.4, 131, 176, 307
908612.3.peg.761.site.5, 4, 180, 184
908612.3.peg.761.site.6, 1, 180, 181
908612.3.peg.761.site.7, 1, 179, 180
908612.3.peg.761.site.8, 1, 180, 181
908612.3.peg.761.site.9, 0, 178, 178
908612.3.peg.761.site.10, 12, 178, 190
908612.3.peg.761.site.11, 0, 180, 180
908612.3.peg.761.site.12, 0, 180, 180
908612.3.peg.761.site.13, 0, 177, 177
908612.3.peg.761.site.14, 8, 180, 188
908612.3.peg.761.site.15, 0, 179, 179
908612.3.peg.761.site.16, 49, 178, 227
908612.3.peg.761.site.17, 12, 179, 191
908612.3.peg.761.site.18, 3, 180, 183
908612.3.peg.761.site.19, 2, 174, 176
908612.3.peg.761.site.20, 57, 158, 215
908612.3.peg.761.site.21, 18, 152, 170
908612.3.peg.761.site.22, 33, 166, 199
908612.3.peg.761.site.23, 39, 172, 211
908612.3.peg.761.site.24, 55, 176, 231
908612.3.peg.761.site.25, 12, 180, 192
908612.3.peg.761.site.26, 0, 180, 180
908612.3.peg.761.site.27, 49, 178, 227
908612.3.peg.761.site.28, 3, 180, 183
908612.3.peg.761.site.29, 0, 180, 180
908612.3.peg.761.site.30, 2, 179, 181
908612.3.peg.761.site.31, 1, 178, 179
908612.3.peg.762.site.1, 9, 180, 189
908612.3.peg.762.site.2, 9, 178, 187
908612.3.peg.762.site.3, 3, 180, 183
908612.3.peg.762.site.4, 2, 179, 181
908612.3.peg.762.site.5, 4, 180, 184
908612.3.peg.762.site.6, 60, 174, 234
908612.3.peg.762.site.7, 15, 174, 189
908612.3.peg.762.site.8, 12, 171, 183
908612.3.peg.762.site.9, 60, 177, 237
908612.3.peg.762.site.10, 61, 176, 237
908612.3.peg.762.site.11, 7, 179, 186
908612.3.peg.762.site.12, 5, 180, 185
908612.3.peg.762.site.13, 2, 180, 182
908612.3.peg.762.site.14, 49, 179, 228
908612.3.peg.762.site.15, 2, 179, 181
908612.3.peg.762.site.16, 69, 176, 245
908612.3.peg.762.site.17, 72, 177, 249
908612.3.peg.762.site.18, 42, 177, 219
908612.3.peg.762.site.19, 0, 179, 179
908612.3.peg.762.site.20, 68, 175, 243
908612.3.peg.762.site.21, 9, 177, 186
908612.3.peg.762.site.22, 1, 180, 181
908612.3.peg.762.site.23, 13, 178, 191
908612.3.peg.762.site.24, 96, 177, 273
908612.3.peg.762.site.25, 32, 179, 211
908612.3.peg.762.site.26, 55, 177, 232
908612.3.peg.762.site.27, 1, 180, 181
908612.3.peg.762.site.28, 56, 177, 233
908612.3.peg.762.site.29, 0, 179, 179
908612.3.peg.762.site.30, 0, 180, 180
908612.3.peg.762.site.31, 69, 176, 245
908612.3.peg.762.site.32, 5, 177, 182
908612.3.peg.762.site.33, 5, 180, 185
908612.3.peg.762.site.34, 1, 180, 181
908612.3.peg.762.site.35, 14, 178, 192
908612.3.peg.762.site.36, 5, 179, 184
908612.3.peg.762.site.37, 73, 177, 250
908612.3.peg.762.site.38, 69, 177, 246
908612.3.peg.763.site.1, 0, 180, 180
908612.3.peg.763.site.2, 10, 179, 189
908612.3.peg.763.site.3, 1, 180, 181
908612.3.peg.763.site.4, 23, 175, 198
908612.3.peg.763.site.5, 23, 175, 198
908612.3.peg.763.site.6, 1, 178, 179
908612.3.peg.763.site.7, 1, 179, 180
908612.3.peg.763.site.8, 0, 180, 180
908612.3.peg.763.site.9, 100, 175, 275
908612.3.peg.763.site.10, 10, 179, 189
908612.3.peg.763.site.11, 24, 178, 202
908612.3.peg.763.site.12, 17, 179, 196
908612.3.peg.763.site.13, 75, 176, 251
908612.3.peg.763.site.14, 20, 178, 198
908612.3.peg.763.site.15, 1, 180, 181
908612.3.peg.763.site.16, 12, 180, 192
908612.3.peg.763.site.17, 19, 180, 199
908612.3.peg.763.site.18, 94, 172, 266
908612.3.peg.763.site.19, 95, 173, 268
908612.3.peg.763.site.20, 0, 178, 178
908612.3.peg.763.site.21, 91, 170, 261
908612.3.peg.763.site.22, 86, 165, 251
908612.3.peg.763.site.23, 82, 160, 242
908612.3.peg.763.site.24, 1, 162, 163
908612.3.peg.763.site.25, 3, 154, 157
908612.3.peg.763.site.26, 3, 175, 178
908612.3.peg.763.site.27, 26, 178, 204
908612.3.peg.763.site.28, 26, 178, 204
908612.3.peg.763.site.29, 154, 178, 332
908612.3.peg.763.site.30, 0, 180, 180
908612.3.peg.763.site.31, 2, 180, 182
908612.3.peg.763.site.32, 0, 178, 178
908612.3.peg.763.site.33, 1, 178, 179
908612.3.peg.763.site.34, 24, 177, 201
908612.3.peg.768.site.1, 18, 178, 196
908612.3.peg.768.site.2, 0, 178, 178
908612.3.peg.768.site.3, 3, 179, 182
908612.3.peg.768.site.4, 0, 179, 179
908612.3.peg.768.site.5, 1, 179, 180
908612.3.peg.768.site.6, 0, 177, 177
908612.3.peg.768.site.7, 99, 163, 262
908612.3.peg.768.site.8, 1, 172, 173
908612.3.peg.768.site.9, 1, 174, 175
908612.3.peg.768.site.10, 33, 175, 208
908612.3.peg.768.site.11, 32, 175, 207
908612.3.peg.768.site.12, 31, 176, 207
908612.3.peg.768.site.13, 88, 176, 264
908612.3.peg.768.site.14, 0, 169, 169
908612.3.peg.768.site.15, 0, 163, 163
908612.3.peg.768.site.16, 110, 149, 259
908612.3.peg.768.site.17, 9, 167, 176
908612.3.peg.768.site.18, 118, 158, 276
908612.3.peg.768.site.19, 0, 166, 166
908612.3.peg.768.site.20, 1, 169, 170
908612.3.peg.768.site.21, 0, 170, 170
908612.3.peg.768.site.22, 2, 163, 165
908612.3.peg.768.site.23, 1, 132, 133
908612.3.peg.768.site.24, 1, 111, 112
908612.3.peg.768.site.25, 6, 123, 129
908612.3.peg.768.site.26, 3, 177, 180
908612.3.peg.768.site.27, 89, 177, 266
908612.3.peg.768.site.28, 101, 177, 278
908612.3.peg.768.site.29, 12, 180, 192
908612.3.peg.768.site.30, 1, 180, 181
908612.3.peg.768.site.31, 82, 178, 260
908612.3.peg.768.site.32, 16, 177, 193
908612.3.peg.768.site.33, 3, 179, 182
908612.3.peg.768.site.34, 33, 176, 209
908612.3.peg.768.site.35, 3, 178, 181
908612.3.peg.768.site.36, 2, 179, 181
908612.3.peg.768.site.37, 88, 173, 261
908612.3.peg.768.site.38, 0, 178, 178
908612.3.peg.769.site.1, 11, 122, 133
908612.3.peg.769.site.2, 1, 124, 125
908612.3.peg.769.site.3, 30, 126, 156
908612.3.peg.769.site.4, 14, 157, 171
908612.3.peg.769.site.5, 45, 170, 215
908612.3.peg.769.site.6, 1, 179, 180
908612.3.peg.769.site.7, 0, 177, 177
908612.3.peg.769.site.8, 94, 173, 267
908612.3.peg.769.site.9, 3, 178, 181
908612.3.peg.769.site.10, 85, 170, 255
908612.3.peg.769.site.11, 137, 171, 308
908612.3.peg.769.site.12, 138, 176, 314
908612.3.peg.769.site.13, 27, 178, 205
908612.3.peg.769.site.14, 2, 180, 182
908612.3.peg.769.site.15, 105, 176, 281
908612.3.peg.769.site.16, 61, 176, 237
908612.3.peg.769.site.17, 29, 179, 208
908612.3.peg.769.site.18, 82, 176, 258
908612.3.peg.769.site.19, 2, 180, 182
908612.3.peg.769.site.20, 118, 175, 293
908612.3.peg.769.site.21, 0, 180, 180
908612.3.peg.769.site.22, 90, 178, 268
908612.3.peg.769.site.23, 91, 175, 266
908612.3.peg.769.site.24, 91, 177, 268
908612.3.peg.769.site.25, 51, 178, 229
908612.3.peg.769.site.26, 88, 175, 263
908612.3.peg.769.site.27, 4, 178, 182
908612.3.peg.769.site.28, 13, 164, 177
908612.3.peg.2980.site.1, 69, 174, 243
908612.3.peg.2980.site.2, 44, 178, 222
908612.3.peg.2980.site.3, 73, 178, 251
908612.3.peg.2980.site.4, 135, 179, 314
908612.3.peg.2980.site.5, 1, 180, 181
908612.3.peg.2980.site.6, 14, 179, 193
908612.3.peg.2980.site.7, 3, 180, 183
908612.3.peg.2980.site.8, 1, 180, 181
908612.3.peg.2980.site.9, 25, 178, 203
908612.3.peg.2980.site.10, 6, 180, 186
908612.3.peg.2980.site.11, 44, 176, 220
908612.3.peg.2980.site.12, 72, 173, 245
908612.3.peg.2980.site.13, 72, 174, 246
908612.3.peg.2980.site.14, 37, 171, 208
908612.3.peg.2980.site.15, 36, 171, 207
908612.3.peg.2980.site.16, 2, 173, 175
908612.3.peg.2980.site.17, 7, 155, 162
908612.3.peg.2980.site.18, 0, 123, 123
908612.3.peg.2980.site.19, 2, 130, 132
908612.3.peg.2980.site.20, 89, 141, 230
908612.3.peg.2980.site.21, 0, 139, 139
908612.3.peg.2980.site.22, 19, 139, 158
908612.3.peg.2980.site.23, 68, 135, 203
908612.3.peg.2980.site.24, 12, 147, 159
908612.3.peg.508.site.1, 40, 176, 216
908612.3.peg.508.site.2, 1, 179, 180
908612.3.peg.508.site.3, 2, 174, 176
908612.3.peg.508.site.4, 6, 175, 181
908612.3.peg.508.site.5, 14, 177, 191
908612.3.peg.508.site.6, 82, 176, 258
908612.3.peg.508.site.7, 9, 179, 188
908612.3.peg.508.site.8, 0, 180, 180
908612.3.peg.508.site.9, 80, 175, 255
908612.3.peg.508.site.10, 0, 177, 177
908612.3.peg.508.site.11, 2, 180, 182
908612.3.peg.508.site.12, 2, 180, 182
908612.3.peg.508.site.13, 28, 170, 198
908612.3.peg.508.site.14, 0, 166, 166
908612.3.peg.508.site.15, 89, 157, 246
908612.3.peg.508.site.16, 0, 138, 138
908612.3.peg.508.site.17, 0, 130, 130
908612.3.peg.508.site.18, 0, 153, 153
908612.3.peg.508.site.19, 0, 177, 177
908612.3.peg.508.site.20, 0, 173, 173
908612.3.peg.508.site.21, 0, 176, 176
908612.3.peg.508.site.22, 0, 175, 175
908612.3.peg.508.site.23, 0, 178, 178
908612.3.peg.508.site.24, 2, 177, 179
908612.3.peg.508.site.25, 0, 177, 177
908612.3.peg.508.site.26, 0, 178, 178
908612.3.peg.508.site.27, 0, 174, 174
908612.3.peg.508.site.28, 0, 179, 179
908612.3.peg.508.site.29, 41, 174, 215
908612.3.peg.508.site.30, 31, 176, 207
908612.3.peg.508.site.31, 68, 177, 245
908612.3.peg.508.site.32, 21, 175, 196
908612.3.peg.508.site.33, 0, 179, 179
908612.3.peg.508.site.34, 8, 180, 188
908612.3.peg.508.site.35, 1, 179, 180
908612.3.peg.508.site.36, 26, 179, 205
908612.3.peg.508.site.37, 5, 177, 182
908612.3.peg.508.site.38, 10, 179, 189
908612.3.peg.508.site.39, 4, 176, 180
908612.3.peg.508.site.40, 7, 177, 184
908612.3.peg.508.site.41, 58, 176, 234
908612.3.peg.508.site.42, 3, 179, 182
908612.3.peg.508.site.43, 2, 177, 179
908612.3.peg.508.site.44, 51, 173, 224
908612.3.peg.508.site.45, 62, 178, 240
908612.3.peg.509.site.1, 0, 180, 180
908612.3.peg.504.site.1, 4, 165, 169
908612.3.peg.504.site.2, 3, 172, 175
908612.3.peg.504.site.3, 0, 174, 174
908612.3.peg.504.site.4, 0, 176, 176
908612.3.peg.504.site.5, 3, 176, 179
908612.3.peg.504.site.6, 2, 179, 181
908612.3.peg.504.site.7, 12, 175, 187
908612.3.peg.504.site.8, 1, 179, 180
908612.3.peg.504.site.9, 1, 180, 181
908612.3.peg.504.site.10, 3, 178, 181
908612.3.peg.504.site.11, 130, 173, 303
908612.3.peg.504.site.12, 32, 178, 210
908612.3.peg.504.site.13, 25, 177, 202
908612.3.peg.504.site.14, 15, 178, 193
908612.3.peg.504.site.15, 145, 177, 322
908612.3.peg.504.site.16, 1, 174, 175
908612.3.peg.504.site.17, 9, 178, 187
908612.3.peg.504.site.18, 6, 177, 183
908612.3.peg.504.site.19, 4, 40, 44
908612.3.peg.504.site.20, 148, 165, 313
908612.3.peg.504.site.21, 34, 160, 194
908612.3.peg.505.site.1, 3, 166, 169
908612.3.peg.505.site.2, 1, 172, 173
908612.3.peg.505.site.3, 2, 164, 166
908612.3.peg.505.site.4, 32, 169, 201
908612.3.peg.505.site.5, 9, 176, 185
908612.3.peg.505.site.6, 174, 175, 349
908612.3.peg.505.site.7, 10, 176, 186
908612.3.peg.505.site.8, 32, 172, 204
908612.3.peg.505.site.9, 2, 165, 167
908612.3.peg.505.site.10, 0, 161, 161
908612.3.peg.506.site.1, 1, 179, 180
908612.3.peg.506.site.2, 0, 178, 178
908612.3.peg.506.site.3, 1, 177, 178
908612.3.peg.506.site.4, 1, 178, 179
908612.3.peg.506.site.5, 16, 178, 194
908612.3.peg.506.site.6, 46, 178, 224
908612.3.peg.506.site.7, 3, 176, 179
908612.3.peg.506.site.8, 3, 176, 179
908612.3.peg.506.site.9, 8, 174, 182
908612.3.peg.507.site.1, 61, 170, 231
908612.3.peg.507.site.2, 0, 175, 175
908612.3.peg.507.site.3, 40, 170, 210
908612.3.peg.507.site.4, 1, 180, 181
908612.3.peg.507.site.5, 0, 180, 180
908612.3.peg.507.site.6, 32, 176, 208
908612.3.peg.507.site.7, 20, 179, 199
908612.3.peg.507.site.8, 6, 180, 186
908612.3.peg.507.site.9, 2, 147, 149
908612.3.peg.507.site.10, 4, 154, 158
908612.3.peg.507.site.11, 1, 178, 179
908612.3.peg.507.site.12, 31, 174, 205
908612.3.peg.507.site.13, 65, 174, 239
908612.3.peg.507.site.14, 1, 178, 179
908612.3.peg.507.site.15, 145, 170, 315
908612.3.peg.507.site.16, 0, 176, 176
908612.3.peg.507.site.17, 91, 177, 268
908612.3.peg.507.site.18, 116, 168, 284
908612.3.peg.507.site.19, 1, 177, 178
908612.3.peg.507.site.20, 3, 173, 176
908612.3.peg.507.site.21, 21, 177, 198
908612.3.peg.507.site.22, 27, 167, 194
908612.3.peg.507.site.23, 0, 172, 172
908612.3.peg.507.site.24, 0, 171, 171
908612.3.peg.507.site.25, 1, 168, 169
908612.3.peg.507.site.26, 94, 169, 263
908612.3.peg.507.site.27, 1, 164, 165
908612.3.peg.507.site.28, 65, 169, 234
908612.3.peg.507.site.29, 5, 177, 182
908612.3.peg.500.site.1, 27, 176, 203
908612.3.peg.500.site.2, 46, 149, 195
908612.3.peg.500.site.3, 1, 113, 114
908612.3.peg.500.site.4, 5, 152, 157
908612.3.peg.500.site.5, 34, 171, 205
908612.3.peg.500.site.6, 0, 178, 178
908612.3.peg.500.site.7, 9, 172, 181
908612.3.peg.500.site.8, 1, 179, 180
908612.3.peg.500.site.9, 4, 178, 182
908612.3.peg.500.site.10, 63, 168, 231
908612.3.peg.500.site.11, 4, 175, 179
908612.3.peg.500.site.12, 5, 169, 174
908612.3.peg.500.site.13, 49, 153, 202
908612.3.peg.500.site.14, 91, 150, 241
908612.3.peg.500.site.15, 92, 148, 240
908612.3.peg.500.site.16, 5, 151, 156
908612.3.peg.500.site.17, 3, 163, 166
908612.3.peg.500.site.18, 8, 160, 168
908612.3.peg.500.site.19, 0, 164, 164
908612.3.peg.501.site.1, 47, 159, 206
908612.3.peg.501.site.2, 94, 132, 226
908612.3.peg.501.site.3, 20, 137, 157
908612.3.peg.501.site.4, 52, 155, 207
908612.3.peg.501.site.5, 59, 161, 220
908612.3.peg.501.site.6, 7, 167, 174
908612.3.peg.501.site.7, 111, 170, 281
908612.3.peg.501.site.8, 22, 175, 197
908612.3.peg.501.site.9, 1, 165, 166
908612.3.peg.501.site.10, 1, 151, 152
908612.3.peg.501.site.11, 2, 154, 156
908612.3.peg.501.site.12, 22, 173, 195
908612.3.peg.502.site.1, 24, 175, 199
908612.3.peg.502.site.2, 4, 180, 184
908612.3.peg.502.site.3, 29, 176, 205
908612.3.peg.502.site.4, 33, 177, 210
908612.3.peg.502.site.5, 51, 176, 227
908612.3.peg.502.site.6, 18, 179, 197
908612.3.peg.502.site.7, 1, 180, 181
908612.3.peg.502.site.8, 34, 178, 212
908612.3.peg.503.site.1, 0, 179, 179
908612.3.peg.503.site.2, 5, 179, 184
908612.3.peg.503.site.3, 0, 180, 180
908612.3.peg.503.site.4, 148, 179, 327
908612.3.peg.503.site.5, 11, 177, 188
908612.3.peg.503.site.6, 12, 177, 189
908612.3.peg.503.site.7, 3, 180, 183
908612.3.peg.503.site.8, 115, 176, 291
908612.3.peg.503.site.9, 3, 180, 183
908612.3.peg.503.site.10, 52, 175, 227
908612.3.peg.503.site.11, 3, 178, 181
908612.3.peg.503.site.12, 17, 177, 194
908612.3.peg.503.site.13, 0, 179, 179
908612.3.peg.503.site.14, 2, 180, 182
908612.3.peg.503.site.15, 13, 179, 192
908612.3.peg.503.site.16, 0, 163, 163
908612.3.peg.503.site.17, 4, 170, 174
908612.3.peg.503.site.18, 2, 177, 179
908612.3.peg.503.site.19, 13, 178, 191
908612.3.peg.503.site.20, 8, 177, 185
908612.3.peg.503.site.21, 2, 179, 181
908612.3.peg.503.site.22, 0, 178, 178
908612.3.peg.503.site.23, 5, 180, 185
908612.3.peg.503.site.24, 1, 179, 180
908612.3.peg.503.site.25, 55, 176, 231
908612.3.peg.503.site.26, 30, 176, 206
908612.3.peg.503.site.27, 2, 177, 179
908612.3.peg.503.site.28, 1, 180, 181
908612.3.peg.503.site.29, 13, 177, 190
908612.3.peg.503.site.30, 3, 179, 182
908612.3.peg.503.site.31, 0, 179, 179
908612.3.peg.503.site.32, 1, 179, 180
908612.3.peg.503.site.33, 6, 177, 183
908612.3.peg.503.site.34, 73, 175, 248
908612.3.peg.503.site.35, 48, 176, 224
908612.3.peg.503.site.36, 3, 174, 177
908612.3.peg.503.site.37, 154, 168, 322
908612.3.peg.503.site.38, 3, 166, 169
908612.3.peg.503.site.39, 2, 165, 167
908612.3.peg.503.site.40, 1, 175, 176
908612.3.peg.503.site.41, 2, 162, 164
908612.3.peg.503.site.42, 22, 158, 180
908612.3.peg.503.site.43, 1, 156, 157
908612.3.peg.503.site.44, 22, 144, 166
908612.3.peg.503.site.45, 1, 131, 132
908612.3.peg.503.site.46, 109, 127, 236
908612.3.peg.503.site.47, 7, 131, 138
908612.3.peg.503.site.48, 91, 143, 234
908612.3.peg.503.site.49, 90, 141, 231
908612.3.peg.503.site.50, 2, 148, 150
908612.3.peg.503.site.51, 9, 155, 164
908612.3.peg.503.site.52, 0, 163, 163
908612.3.peg.503.site.53, 9, 168, 177
908612.3.peg.503.site.54, 0, 169, 169
908612.3.peg.503.site.55, 1, 175, 176
908612.3.peg.503.site.56, 0, 175, 175
908612.3.peg.503.site.57, 173, 173, 346
908612.3.peg.503.site.58, 0, 174, 174
908612.3.peg.503.site.59, 0, 178, 178
908612.3.peg.503.site.60, 35, 172, 207
908612.3.peg.503.site.61, 0, 172, 172
908612.3.peg.503.site.62, 0, 180, 180
908612.3.peg.503.site.63, 0, 179, 179
908612.3.peg.503.site.64, 0, 180, 180
908612.3.peg.503.site.65, 0, 179, 179
908612.3.peg.2986.site.1, 1, 180, 181
908612.3.peg.2986.site.2, 0, 180, 180
908612.3.peg.2986.site.3, 3, 180, 183
908612.3.peg.2986.site.4, 25, 179, 204
908612.3.peg.2986.site.5, 0, 179, 179
908612.3.peg.2986.site.6, 20, 178, 198
908612.3.peg.2986.site.7, 8, 180, 188
908612.3.peg.210.site.1, 0, 180, 180
908612.3.peg.210.site.2, 48, 174, 222
908612.3.peg.210.site.3, 4, 179, 183
908612.3.peg.210.site.4, 43, 175, 218
908612.3.peg.210.site.5, 4, 169, 173
908612.3.peg.210.site.6, 43, 166, 209
908612.3.peg.210.site.7, 1, 172, 173
908612.3.peg.210.site.8, 93, 174, 267
908612.3.peg.210.site.9, 0, 176, 176
908612.3.peg.210.site.10, 21, 174, 195
908612.3.peg.210.site.11, 0, 179, 179
908612.3.peg.210.site.12, 0, 177, 177
908612.3.peg.210.site.13, 1, 174, 175
908612.3.peg.210.site.14, 40, 176, 216
908612.3.peg.210.site.15, 152, 179, 331
908612.3.peg.210.site.16, 3, 178, 181
908612.3.peg.210.site.17, 5, 176, 181
908612.3.peg.210.site.18, 1, 165, 166
908612.3.peg.210.site.19, 5, 168, 173
908612.3.peg.210.site.20, 0, 163, 163
908612.3.peg.210.site.21, 121, 160, 281
908612.3.peg.210.site.22, 12, 175, 187
908612.3.peg.210.site.23, 124, 169, 293
908612.3.peg.210.site.24, 126, 171, 297
908612.3.peg.210.site.25, 15, 178, 193
908612.3.peg.210.site.26, 144, 175, 319
908612.3.peg.210.site.27, 2, 177, 179
908612.3.peg.210.site.28, 6, 177, 183
908612.3.peg.210.site.29, 0, 173, 173
908612.3.peg.210.site.30, 0, 175, 175
908612.3.peg.179.site.1, 5, 169, 174
908612.3.peg.179.site.2, 150, 167, 317
908612.3.peg.179.site.3, 163, 164, 327
908612.3.peg.179.site.4, 6, 167, 173
908612.3.peg.179.site.5, 21, 169, 190
908612.3.peg.179.site.6, 5, 177, 182
908612.3.peg.179.site.7, 147, 173, 320
908612.3.peg.179.site.8, 143, 169, 312
908612.3.peg.179.site.9, 15, 172, 187
908612.3.peg.179.site.10, 130, 174, 304
908612.3.peg.179.site.11, 48, 171, 219
908612.3.peg.179.site.12, 6, 168, 174
908612.3.peg.179.site.13, 10, 164, 174
908612.3.peg.179.site.14, 2, 162, 164
908612.3.peg.179.site.15, 122, 170, 292
908612.3.peg.179.site.16, 2, 179, 181
908612.3.peg.179.site.17, 134, 177, 311
908612.3.peg.179.site.18, 1, 174, 175
908612.3.peg.179.site.19, 0, 175, 175
908612.3.peg.179.site.20, 22, 173, 195
908612.3.peg.179.site.21, 2, 172, 174
908612.3.peg.179.site.22, 127, 168, 295
908612.3.peg.179.site.23, 131, 171, 302
908612.3.peg.179.site.24, 17, 160, 177
908612.3.peg.179.site.25, 5, 148, 153
908612.3.peg.179.site.26, 4, 153, 157
908612.3.peg.179.site.27, 0, 164, 164
908612.3.peg.179.site.28, 119, 163, 282
908612.3.peg.179.site.29, 115, 166, 281
908612.3.peg.179.site.30, 142, 148, 290
908612.3.peg.179.site.31, 11, 151, 162
908612.3.peg.179.site.32, 6, 157, 163
908612.3.peg.179.site.33, 45, 159, 204
908612.3.peg.179.site.34, 119, 164, 283
908612.3.peg.179.site.35, 4, 162, 166
908612.3.peg.179.site.36, 118, 166, 284
908612.3.peg.179.site.37, 127, 172, 299
908612.3.peg.179.site.38, 44, 164, 208
908612.3.peg.179.site.39, 86, 123, 209
908612.3.peg.179.site.40, 96, 137, 233
908612.3.peg.179.site.41, 102, 143, 245
908612.3.peg.179.site.42, 3, 157, 160
908612.3.peg.179.site.43, 0, 165, 165
908612.3.peg.179.site.44, 45, 146, 191
908612.3.peg.179.site.45, 142, 149, 291
908612.3.peg.179.site.46, 26, 152, 178
908612.3.peg.179.site.47, 6, 153, 159
908612.3.peg.179.site.48, 6, 146, 152
908612.3.peg.178.site.1, 0, 176, 176
908612.3.peg.178.site.2, 156, 172, 328
908612.3.peg.178.site.3, 0, 172, 172
908612.3.peg.178.site.4, 2, 175, 177
908612.3.peg.178.site.5, 18, 172, 190
908612.3.peg.175.site.1, 1, 143, 144
908612.3.peg.175.site.2, 0, 127, 127
908612.3.peg.175.site.3, 3, 123, 126
908612.3.peg.175.site.4, 2, 174, 176
908612.3.peg.175.site.5, 1, 180, 181
908612.3.peg.174.site.1, 2, 178, 180
908612.3.peg.174.site.2, 2, 180, 182
908612.3.peg.174.site.3, 3, 180, 183
908612.3.peg.174.site.4, 4, 178, 182
908612.3.peg.174.site.5, 53, 176, 229
908612.3.peg.174.site.6, 89, 175, 264
908612.3.peg.174.site.7, 5, 175, 180
908612.3.peg.174.site.8, 24, 174, 198
908612.3.peg.174.site.9, 21, 177, 198
908612.3.peg.174.site.10, 8, 162, 170
908612.3.peg.174.site.11, 82, 138, 220
908612.3.peg.174.site.12, 47, 147, 194
908612.3.peg.174.site.13, 47, 162, 209
908612.3.peg.174.site.14, 3, 169, 172
908612.3.peg.174.site.15, 92, 170, 262
908612.3.peg.174.site.16, 3, 173, 176
908612.3.peg.174.site.17, 0, 178, 178
908612.3.peg.174.site.18, 0, 177, 177
908612.3.peg.174.site.19, 52, 177, 229
908612.3.peg.174.site.20, 2, 162, 164
908612.3.peg.174.site.21, 2, 153, 155
908612.3.peg.174.site.22, 13, 147, 160
908612.3.peg.174.site.23, 0, 145, 145
908612.3.peg.174.site.24, 68, 143, 211
908612.3.peg.174.site.25, 43, 129, 172
908612.3.peg.174.site.26, 2, 144, 146
908612.3.peg.174.site.27, 57, 171, 228
908612.3.peg.174.site.28, 5, 157, 162
908612.3.peg.174.site.29, 0, 160, 160
908612.3.peg.174.site.30, 56, 175, 231
908612.3.peg.174.site.31, 38, 177, 215
908612.3.peg.174.site.32, 56, 175, 231
908612.3.peg.174.site.33, 14, 179, 193
908612.3.peg.174.site.34, 57, 178, 235
908612.3.peg.174.site.35, 1, 178, 179
908612.3.peg.174.site.36, 54, 178, 232
908612.3.peg.174.site.37, 46, 177, 223
908612.3.peg.174.site.38, 0, 179, 179
908612.3.peg.177.site.1, 2, 163, 165
908612.3.peg.177.site.2, 8, 169, 177
908612.3.peg.177.site.3, 0, 173, 173
908612.3.peg.177.site.4, 6, 176, 182
908612.3.peg.177.site.5, 23, 169, 192
908612.3.peg.177.site.6, 24, 172, 196
908612.3.peg.177.site.7, 25, 175, 200
908612.3.peg.177.site.8, 27, 177, 204
908612.3.peg.177.site.9, 4, 180, 184
908612.3.peg.177.site.10, 6, 180, 186
908612.3.peg.177.site.11, 23, 179, 202
908612.3.peg.177.site.12, 92, 169, 261
908612.3.peg.177.site.13, 29, 179, 208
908612.3.peg.177.site.14, 1, 180, 181
908612.3.peg.177.site.15, 0, 179, 179
908612.3.peg.177.site.16, 1, 180, 181
908612.3.peg.177.site.17, 6, 179, 185
908612.3.peg.177.site.18, 1, 180, 181
908612.3.peg.176.site.1, 24, 177, 201
908612.3.peg.176.site.2, 7, 178, 185
908612.3.peg.176.site.3, 0, 180, 180
908612.3.peg.176.site.4, 30, 176, 206
908612.3.peg.176.site.5, 17, 177, 194
908612.3.peg.176.site.6, 0, 174, 174
908612.3.peg.176.site.7, 1, 174, 175
908612.3.peg.176.site.8, 5, 176, 181
908612.3.peg.176.site.9, 4, 151, 155
908612.3.peg.176.site.10, 3, 150, 153
908612.3.peg.176.site.11, 1, 149, 150
908612.3.peg.176.site.12, 2, 150, 152
908612.3.peg.176.site.13, 3, 154, 157
908612.3.peg.176.site.14, 12, 161, 173
908612.3.peg.176.site.15, 1, 170, 171
908612.3.peg.176.site.16, 25, 169, 194
908612.3.peg.176.site.17, 21, 175, 196
908612.3.peg.176.site.18, 14, 178, 192
908612.3.peg.176.site.19, 74, 176, 250
908612.3.peg.176.site.20, 5, 178, 183
908612.3.peg.176.site.21, 0, 176, 176
908612.3.peg.176.site.22, 56, 170, 226
908612.3.peg.176.site.23, 74, 168, 242
908612.3.peg.176.site.24, 130, 167, 297
908612.3.peg.176.site.25, 52, 169, 221
908612.3.peg.176.site.26, 1, 162, 163
908612.3.peg.176.site.27, 2, 164, 166
908612.3.peg.176.site.28, 0, 179, 179
908612.3.peg.176.site.29, 36, 179, 215
908612.3.peg.171.site.1, 78, 175, 253
908612.3.peg.171.site.2, 48, 173, 221
908612.3.peg.171.site.3, 46, 172, 218
908612.3.peg.171.site.4, 15, 177, 192
908612.3.peg.171.site.5, 5, 177, 182
908612.3.peg.171.site.6, 34, 177, 211
908612.3.peg.171.site.7, 3, 176, 179
908612.3.peg.171.site.8, 3, 176, 179
908612.3.peg.171.site.9, 3, 176, 179
908612.3.peg.171.site.10, 66, 172, 238
908612.3.peg.170.site.1, 4, 180, 184
908612.3.peg.170.site.2, 13, 180, 193
908612.3.peg.170.site.3, 4, 179, 183
908612.3.peg.170.site.4, 3, 177, 180
908612.3.peg.170.site.5, 56, 169, 225
908612.3.peg.170.site.6, 58, 167, 225
908612.3.peg.170.site.7, 3, 173, 176
908612.3.peg.170.site.8, 138, 173, 311
908612.3.peg.170.site.9, 2, 179, 181
908612.3.peg.170.site.10, 3, 179, 182
908612.3.peg.170.site.11, 4, 178, 182
908612.3.peg.170.site.12, 4, 180, 184
908612.3.peg.170.site.13, 1, 179, 180
908612.3.peg.170.site.14, 0, 176, 176
908612.3.peg.170.site.15, 6, 177, 183
908612.3.peg.170.site.16, 45, 173, 218
908612.3.peg.170.site.17, 5, 179, 184
908612.3.peg.173.site.1, 0, 179, 179
908612.3.peg.173.site.2, 2, 179, 181
908612.3.peg.173.site.3, 98, 176, 274
908612.3.peg.173.site.4, 0, 179, 179
908612.3.peg.173.site.5, 23, 174, 197
908612.3.peg.173.site.6, 2, 167, 169
908612.3.peg.173.site.7, 32, 176, 208
908612.3.peg.173.site.8, 1, 179, 180
908612.3.peg.173.site.9, 99, 176, 275
908612.3.peg.173.site.10, 3, 178, 181
908612.3.peg.173.site.11, 124, 170, 294
908612.3.peg.173.site.12, 19, 176, 195
908612.3.peg.173.site.13, 149, 176, 325
908612.3.peg.173.site.14, 1, 178, 179
908612.3.peg.173.site.15, 5, 179, 184
908612.3.peg.173.site.16, 0, 177, 177
908612.3.peg.173.site.17, 10, 179, 189
908612.3.peg.173.site.18, 0, 180, 180
908612.3.peg.173.site.19, 0, 179, 179
908612.3.peg.173.site.20, 101, 174, 275
908612.3.peg.173.site.21, 42, 155, 197
908612.3.peg.173.site.22, 16, 175, 191
908612.3.peg.173.site.23, 59, 174, 233
908612.3.peg.173.site.24, 1, 177, 178
908612.3.peg.173.site.25, 45, 172, 217
908612.3.peg.173.site.26, 69, 169, 238
908612.3.peg.172.site.1, 6, 179, 185
908612.3.peg.172.site.2, 81, 177, 258
908612.3.peg.172.site.3, 14, 177, 191
908612.3.peg.172.site.4, 30, 178, 208
908612.3.peg.172.site.5, 29, 178, 207
908612.3.peg.172.site.6, 0, 177, 177
908612.3.peg.172.site.7, 8, 180, 188
908612.3.peg.172.site.8, 3, 173, 176
908612.3.peg.851.site.1, 21, 108, 129
908612.3.peg.851.site.2, 61, 147, 208
908612.3.peg.851.site.3, 74, 160, 234
908612.3.peg.851.site.4, 3, 178, 181
908612.3.peg.851.site.5, 0, 180, 180
908612.3.peg.851.site.6, 3, 178, 181
908612.3.peg.851.site.7, 1, 136, 137
908612.3.peg.851.site.8, 28, 103, 131
908612.3.peg.851.site.9, 30, 95, 125
908612.3.peg.851.site.10, 34, 104, 138
908612.3.peg.851.site.11, 69, 101, 170
908612.3.peg.851.site.12, 88, 121, 209
908612.3.peg.851.site.13, 3, 124, 127
908612.3.peg.851.site.14, 47, 129, 176
908612.3.peg.851.site.15, 9, 177, 186
908612.3.peg.851.site.16, 1, 179, 180
908612.3.peg.851.site.17, 0, 179, 179
908612.3.peg.851.site.18, 0, 180, 180
908612.3.peg.851.site.19, 20, 175, 195
908612.3.peg.851.site.20, 8, 180, 188
908612.3.peg.851.site.21, 4, 177, 181
908612.3.peg.851.site.22, 1, 178, 179
908612.3.peg.851.site.23, 10, 177, 187
908612.3.peg.851.site.24, 2, 178, 180
908612.3.peg.851.site.25, 1, 177, 178
908612.3.peg.851.site.26, 10, 177, 187
908612.3.peg.851.site.27, 1, 179, 180
908612.3.peg.851.site.28, 123, 177, 300
908612.3.peg.851.site.29, 1, 177, 178
908612.3.peg.851.site.30, 6, 178, 184
908612.3.peg.851.site.31, 1, 180, 181
908612.3.peg.851.site.32, 0, 179, 179
908612.3.peg.851.site.33, 1, 174, 175
908612.3.peg.851.site.34, 0, 173, 173
908612.3.peg.851.site.35, 37, 160, 197
908612.3.peg.851.site.36, 1, 173, 174
908612.3.peg.851.site.37, 10, 178, 188
908612.3.peg.851.site.38, 20, 177, 197
908612.3.peg.851.site.39, 143, 176, 319
908612.3.peg.851.site.40, 1, 173, 174
908612.3.peg.851.site.41, 1, 171, 172
908612.3.peg.851.site.42, 1, 172, 173
908612.3.peg.851.site.43, 1, 175, 176
908612.3.peg.851.site.44, 4, 176, 180
908612.3.peg.851.site.45, 5, 179, 184
908612.3.peg.851.site.46, 3, 178, 181
908612.3.peg.851.site.47, 0, 180, 180
908612.3.peg.851.site.48, 1, 176, 177
908612.3.peg.851.site.49, 18, 175, 193
908612.3.peg.851.site.50, 18, 175, 193
908612.3.peg.851.site.51, 6, 180, 186
908612.3.peg.851.site.52, 27, 178, 205
908612.3.peg.851.site.53, 25, 176, 201
908612.3.peg.851.site.54, 26, 177, 203
908612.3.peg.1748.site.1, 32, 177, 209
908612.3.peg.1748.site.2, 18, 176, 194
908612.3.peg.1748.site.3, 0, 165, 165
908612.3.peg.1748.site.4, 72, 142, 214
908612.3.peg.1748.site.5, 71, 141, 212
908612.3.peg.1748.site.6, 1, 145, 146
908612.3.peg.1748.site.7, 29, 161, 190
908612.3.peg.1748.site.8, 4, 169, 173
908612.3.peg.1748.site.9, 0, 179, 179
908612.3.peg.1748.site.10, 138, 173, 311
908612.3.peg.1748.site.11, 16, 162, 178
908612.3.peg.1748.site.12, 2, 156, 158
908612.3.peg.1748.site.13, 0, 160, 160
908612.3.peg.1748.site.14, 4, 154, 158
908612.3.peg.1748.site.15, 8, 146, 154
908612.3.peg.1748.site.16, 127, 164, 291
908612.3.peg.1748.site.17, 6, 179, 185
908612.3.peg.1748.site.18, 1, 178, 179
908612.3.peg.1748.site.19, 1, 179, 180
908612.3.peg.1748.site.20, 5, 179, 184
908612.3.peg.1748.site.21, 8, 178, 186
908612.3.peg.1748.site.22, 143, 180, 323
908612.3.peg.1748.site.23, 13, 179, 192
908612.3.peg.1748.site.24, 0, 180, 180
908612.3.peg.1748.site.25, 4, 178, 182
908612.3.peg.1748.site.26, 12, 180, 192
908612.3.peg.1748.site.27, 143, 179, 322
908612.3.peg.1748.site.28, 110, 176, 286
908612.3.peg.1748.site.29, 12, 179, 191
908612.3.peg.1748.site.30, 129, 178, 307
908612.3.peg.1748.site.31, 1, 178, 179
908612.3.peg.1748.site.32, 116, 178, 294
908612.3.peg.1748.site.33, 43, 177, 220
908612.3.peg.1748.site.34, 4, 176, 180
908612.3.peg.1748.site.35, 26, 174, 200
908612.3.peg.1748.site.36, 15, 173, 188
908612.3.peg.1748.site.37, 16, 179, 195
908612.3.peg.1748.site.38, 0, 180, 180
908612.3.peg.1748.site.39, 112, 174, 286
908612.3.peg.1748.site.40, 0, 173, 173
908612.3.peg.1748.site.41, 1, 172, 173
908612.3.peg.1748.site.42, 6, 180, 186
908612.3.peg.1748.site.43, 142, 179, 321
908612.3.peg.1218.site.1, 6, 170, 176
908612.3.peg.1218.site.2, 66, 177, 243
908612.3.peg.1218.site.3, 2, 179, 181
908612.3.peg.1218.site.4, 48, 178, 226
908612.3.peg.1218.site.5, 3, 180, 183
908612.3.peg.1218.site.6, 29, 172, 201
908612.3.peg.1218.site.7, 92, 176, 268
908612.3.peg.1218.site.8, 2, 178, 180
908612.3.peg.1218.site.9, 2, 178, 180
908612.3.peg.1218.site.10, 41, 175, 216
908612.3.peg.1218.site.11, 26, 176, 202
908612.3.peg.1218.site.12, 6, 178, 184
908612.3.peg.1218.site.13, 6, 172, 178
908612.3.peg.1218.site.14, 15, 173, 188
908612.3.peg.1219.site.1, 29, 175, 204
908612.3.peg.1219.site.2, 36, 178, 214
908612.3.peg.1219.site.3, 1, 177, 178
908612.3.peg.1219.site.4, 2, 176, 178
908612.3.peg.1219.site.5, 8, 176, 184
908612.3.peg.1219.site.6, 6, 179, 185
908612.3.peg.1219.site.7, 27, 175, 202
908612.3.peg.1219.site.8, 27, 165, 192
908612.3.peg.1219.site.9, 8, 172, 180
908612.3.peg.1219.site.10, 6, 179, 185
908612.3.peg.1219.site.11, 37, 177, 214
908612.3.peg.1219.site.12, 10, 179, 189
908612.3.peg.1219.site.13, 4, 178, 182
908612.3.peg.1219.site.14, 8, 176, 184
908612.3.peg.1219.site.15, 20, 176, 196
908612.3.peg.1219.site.16, 27, 174, 201
908612.3.peg.1219.site.17, 0, 177, 177
908612.3.peg.1219.site.18, 0, 176, 176
908612.3.peg.1219.site.19, 1, 175, 176
908612.3.peg.1219.site.20, 8, 176, 184
908612.3.peg.1219.site.21, 9, 176, 185
908612.3.peg.1219.site.22, 6, 175, 181
908612.3.peg.1219.site.23, 23, 179, 202
908612.3.peg.1219.site.24, 28, 177, 205
908612.3.peg.1219.site.25, 24, 171, 195
908612.3.peg.1219.site.26, 17, 174, 191
908612.3.peg.1219.site.27, 50, 178, 228
908612.3.peg.1219.site.28, 61, 176, 237
908612.3.peg.1219.site.29, 8, 179, 187
908612.3.peg.1219.site.30, 3, 179, 182
908612.3.peg.1219.site.31, 35, 177, 212
908612.3.peg.1219.site.32, 35, 180, 215
908612.3.peg.1219.site.33, 33, 180, 213
908612.3.peg.1219.site.34, 5, 180, 185
908612.3.peg.1219.site.35, 2, 180, 182
908612.3.peg.1219.site.36, 8, 180, 188
908612.3.peg.1219.site.37, 84, 171, 255
908612.3.peg.1219.site.38, 11, 176, 187
908612.3.peg.1219.site.39, 24, 180, 204
908612.3.peg.1219.site.40, 12, 178, 190
908612.3.peg.1219.site.41, 4, 179, 183
908612.3.peg.1219.site.42, 1, 177, 178
908612.3.peg.1219.site.43, 52, 178, 230
908612.3.peg.1219.site.44, 28, 178, 206
908612.3.peg.1219.site.45, 0, 179, 179
908612.3.peg.1219.site.46, 5, 178, 183
908612.3.peg.1219.site.47, 0, 180, 180
908612.3.peg.1219.site.48, 22, 179, 201
908612.3.peg.1219.site.49, 2, 178, 180
908612.3.peg.1219.site.50, 41, 176, 217
908612.3.peg.1219.site.51, 36, 176, 212
908612.3.peg.1219.site.52, 0, 179, 179
908612.3.peg.1219.site.53, 1, 175, 176
908612.3.peg.1219.site.54, 29, 177, 206
908612.3.peg.1214.site.1, 2, 180, 182
908612.3.peg.1214.site.2, 0, 180, 180
908612.3.peg.1214.site.3, 139, 176, 315
908612.3.peg.1214.site.4, 4, 179, 183
908612.3.peg.1214.site.5, 26, 179, 205
908612.3.peg.1214.site.6, 0, 180, 180
908612.3.peg.1215.site.1, 4, 180, 184
908612.3.peg.1215.site.2, 25, 178, 203
908612.3.peg.1215.site.3, 14, 178, 192
908612.3.peg.1215.site.4, 5, 179, 184
908612.3.peg.1215.site.5, 125, 159, 284
908612.3.peg.1215.site.6, 7, 161, 168
908612.3.peg.1215.site.7, 0, 168, 168
908612.3.peg.1215.site.8, 117, 163, 280
908612.3.peg.1215.site.9, 4, 176, 180
908612.3.peg.1215.site.10, 137, 175, 312
908612.3.peg.1215.site.11, 0, 179, 179
908612.3.peg.1215.site.12, 7, 176, 183
908612.3.peg.1215.site.13, 8, 178, 186
908612.3.peg.1215.site.14, 2, 179, 181
908612.3.peg.1215.site.15, 5, 179, 184
908612.3.peg.1216.site.1, 108, 151, 259
908612.3.peg.1216.site.2, 6, 150, 156
908612.3.peg.1216.site.3, 5, 148, 153
908612.3.peg.1216.site.4, 0, 130, 130
908612.3.peg.1216.site.5, 72, 135, 207
908612.3.peg.1216.site.6, 1, 134, 135
908612.3.peg.1216.site.7, 0, 173, 173
908612.3.peg.1216.site.8, 1, 171, 172
908612.3.peg.1216.site.9, 1, 170, 171
908612.3.peg.1216.site.10, 0, 180, 180
908612.3.peg.1216.site.11, 4, 180, 184
908612.3.peg.1216.site.12, 23, 176, 199
908612.3.peg.1216.site.13, 7, 175, 182
908612.3.peg.1216.site.14, 1, 179, 180
908612.3.peg.1216.site.15, 1, 180, 181
908612.3.peg.1216.site.16, 5, 180, 185
908612.3.peg.1216.site.17, 6, 177, 183
908612.3.peg.1216.site.18, 14, 177, 191
908612.3.peg.1216.site.19, 16, 177, 193
908612.3.peg.1216.site.20, 6, 180, 186
908612.3.peg.1216.site.21, 15, 137, 152
908612.3.peg.1216.site.22, 0, 179, 179
908612.3.peg.1216.site.23, 0, 180, 180
908612.3.peg.1216.site.24, 140, 179, 319
908612.3.peg.1216.site.25, 17, 180, 197
908612.3.peg.1216.site.26, 0, 179, 179
908612.3.peg.1216.site.27, 26, 178, 204
908612.3.peg.1216.site.28, 23, 175, 198
908612.3.peg.1216.site.29, 24, 177, 201
908612.3.peg.1216.site.30, 62, 180, 242
908612.3.peg.1216.site.31, 20, 176, 196
908612.3.peg.1216.site.32, 79, 178, 257
908612.3.peg.1216.site.33, 7, 164, 171
908612.3.peg.1216.site.34, 4, 160, 164
908612.3.peg.1216.site.35, 1, 148, 149
908612.3.peg.1216.site.36, 2, 178, 180
908612.3.peg.1216.site.37, 58, 179, 237
908612.3.peg.1216.site.38, 7, 180, 187
908612.3.peg.1216.site.39, 24, 176, 200
908612.3.peg.1216.site.40, 17, 175, 192
908612.3.peg.1216.site.41, 26, 174, 200
908612.3.peg.1216.site.42, 0, 176, 176
908612.3.peg.1216.site.43, 143, 177, 320
908612.3.peg.1216.site.44, 6, 179, 185
908612.3.peg.1216.site.45, 21, 171, 192
908612.3.peg.1216.site.46, 0, 179, 179
908612.3.peg.1216.site.47, 1, 180, 181
908612.3.peg.1216.site.48, 2, 180, 182
908612.3.peg.1741.site.1, 2, 179, 181
908612.3.peg.1741.site.2, 0, 179, 179
908612.3.peg.1741.site.3, 0, 179, 179
908612.3.peg.1741.site.4, 2, 177, 179
908612.3.peg.1741.site.5, 4, 161, 165
908612.3.peg.1741.site.6, 16, 165, 181
908612.3.peg.1741.site.7, 24, 161, 185
908612.3.peg.1741.site.8, 109, 177, 286
908612.3.peg.1741.site.9, 32, 173, 205
908612.3.peg.1741.site.10, 1, 178, 179
908612.3.peg.1741.site.11, 32, 168, 200
908612.3.peg.1741.site.12, 0, 179, 179
908612.3.peg.1741.site.13, 1, 179, 180
908612.3.peg.1741.site.14, 26, 177, 203
908612.3.peg.1741.site.15, 16, 177, 193
908612.3.peg.1741.site.16, 150, 177, 327
908612.3.peg.1741.site.17, 0, 180, 180
908612.3.peg.1741.site.18, 156, 180, 336
908612.3.peg.1741.site.19, 2, 180, 182
908612.3.peg.1741.site.20, 4, 179, 183
908612.3.peg.1741.site.21, 12, 178, 190
908612.3.peg.1210.site.1, 7, 155, 162
908612.3.peg.1210.site.2, 1, 165, 166
908612.3.peg.1210.site.3, 1, 173, 174
908612.3.peg.1210.site.4, 3, 180, 183
908612.3.peg.1210.site.5, 80, 173, 253
908612.3.peg.1210.site.6, 109, 172, 281
908612.3.peg.1210.site.7, 109, 172, 281
908612.3.peg.1210.site.8, 108, 170, 278
908612.3.peg.1210.site.9, 110, 172, 282
908612.3.peg.1210.site.10, 0, 179, 179
908612.3.peg.1210.site.11, 5, 179, 184
908612.3.peg.1210.site.12, 0, 175, 175
908612.3.peg.1210.site.13, 0, 174, 174
908612.3.peg.1210.site.14, 4, 178, 182
908612.3.peg.1210.site.15, 2, 178, 180
908612.3.peg.1210.site.16, 9, 180, 189
908612.3.peg.1210.site.17, 43, 179, 222
908612.3.peg.1210.site.18, 0, 180, 180
908612.3.peg.1210.site.19, 1, 180, 181
908612.3.peg.1747.site.1, 0, 180, 180
908612.3.peg.1747.site.2, 49, 164, 213
908612.3.peg.1747.site.3, 11, 164, 175
908612.3.peg.1747.site.4, 0, 167, 167
908612.3.peg.1747.site.5, 18, 157, 175
908612.3.peg.1747.site.6, 0, 160, 160
908612.3.peg.1747.site.7, 54, 172, 226
908612.3.peg.1747.site.8, 73, 168, 241
908612.3.peg.1747.site.9, 64, 151, 215
908612.3.peg.1747.site.10, 113, 159, 272
908612.3.peg.1747.site.11, 10, 156, 166
908612.3.peg.1747.site.12, 115, 162, 277
908612.3.peg.1747.site.13, 81, 165, 246
908612.3.peg.1747.site.14, 0, 172, 172
908612.3.peg.1747.site.15, 1, 175, 176
908612.3.peg.1747.site.16, 125, 176, 301
908612.3.peg.1747.site.17, 54, 170, 224
908612.3.peg.1747.site.18, 124, 174, 298
908612.3.peg.1747.site.19, 135, 173, 308
908612.3.peg.1747.site.20, 3, 171, 174
908612.3.peg.1747.site.21, 3, 172, 175
908612.3.peg.1747.site.22, 23, 172, 195
908612.3.peg.1747.site.23, 0, 179, 179
908612.3.peg.1747.site.24, 0, 178, 178
908612.3.peg.1747.site.25, 22, 167, 189
908612.3.peg.1747.site.26, 2, 136, 138
908612.3.peg.1747.site.27, 1, 128, 129
908612.3.peg.1747.site.28, 2, 127, 129
908612.3.peg.1747.site.29, 103, 160, 263
908612.3.peg.1747.site.30, 28, 175, 203
908612.3.peg.1212.site.1, 26, 172, 198
908612.3.peg.1212.site.2, 0, 171, 171
908612.3.peg.1212.site.3, 0, 175, 175
908612.3.peg.1212.site.4, 3, 180, 183
908612.3.peg.1212.site.5, 4, 180, 184
908612.3.peg.1212.site.6, 2, 180, 182
908612.3.peg.1212.site.7, 1, 180, 181
908612.3.peg.1212.site.8, 52, 177, 229
908612.3.peg.1212.site.9, 8, 176, 184
908612.3.peg.1212.site.10, 13, 177, 190
908612.3.peg.1212.site.11, 0, 180, 180
908612.3.peg.1212.site.12, 1, 177, 178
908612.3.peg.1212.site.13, 39, 174, 213
908612.3.peg.1212.site.14, 8, 179, 187
908612.3.peg.1212.site.15, 9, 180, 189
908612.3.peg.1212.site.16, 0, 180, 180
908612.3.peg.1212.site.17, 32, 177, 209
908612.3.peg.1212.site.18, 35, 178, 213
908612.3.peg.1212.site.19, 2, 180, 182
908612.3.peg.1212.site.20, 4, 178, 182
908612.3.peg.1212.site.21, 7, 179, 186
908612.3.peg.1212.site.22, 2, 180, 182
908612.3.peg.1745.site.1, 91, 176, 267
908612.3.peg.1745.site.2, 57, 176, 233
908612.3.peg.1745.site.3, 0, 179, 179
908612.3.peg.1745.site.4, 2, 180, 182
908612.3.peg.1745.site.5, 0, 180, 180
908612.3.peg.1745.site.6, 13, 180, 193
908612.3.peg.1745.site.7, 5, 180, 185
908612.3.peg.1745.site.8, 6, 180, 186
908612.3.peg.1745.site.9, 21, 179, 200
908612.3.peg.1745.site.10, 20, 179, 199
908612.3.peg.1745.site.11, 9, 179, 188
908612.3.peg.1745.site.12, 52, 178, 230
908612.3.peg.1745.site.13, 65, 177, 242
908612.3.peg.1745.site.14, 10, 179, 189
908612.3.peg.1745.site.15, 10, 180, 190
908612.3.peg.1745.site.16, 3, 177, 180
908612.3.peg.1745.site.17, 0, 175, 175
908612.3.peg.1745.site.18, 0, 171, 171
908612.3.peg.1745.site.19, 1, 172, 173
908612.3.peg.1745.site.20, 80, 162, 242
908612.3.peg.1745.site.21, 75, 162, 237
908612.3.peg.1745.site.22, 0, 172, 172
908612.3.peg.1745.site.23, 0, 179, 179
908612.3.peg.378.site.1, 166, 180, 346
908612.3.peg.378.site.2, 28, 179, 207
908612.3.peg.378.site.3, 129, 165, 294
908612.3.peg.378.site.4, 128, 164, 292
908612.3.peg.378.site.5, 2, 168, 170
908612.3.peg.378.site.6, 2, 178, 180
908612.3.peg.378.site.7, 1, 179, 180
908612.3.peg.378.site.8, 25, 176, 201
908612.3.peg.378.site.9, 4, 179, 183
908612.3.peg.378.site.10, 144, 178, 322
908612.3.peg.378.site.11, 0, 180, 180
908612.3.peg.378.site.12, 63, 176, 239
908612.3.peg.378.site.13, 140, 177, 317
908612.3.peg.378.site.14, 100, 174, 274
908612.3.peg.378.site.15, 47, 173, 220
908612.3.peg.378.site.16, 0, 179, 179
908612.3.peg.378.site.17, 140, 178, 318
908612.3.peg.378.site.18, 83, 175, 258
908612.3.peg.378.site.19, 22, 177, 199
908612.3.peg.378.site.20, 85, 176, 261
908612.3.peg.1588.site.1, 1, 176, 177
908612.3.peg.1588.site.2, 137, 177, 314
908612.3.peg.1588.site.3, 31, 174, 205
908612.3.peg.1588.site.4, 0, 173, 173
908612.3.peg.1588.site.5, 12, 172, 184
908612.3.peg.1588.site.6, 3, 172, 175
908612.3.peg.1588.site.7, 1, 174, 175
908612.3.peg.1588.site.8, 119, 164, 283
908612.3.peg.1588.site.9, 119, 166, 285
908612.3.peg.1588.site.10, 28, 168, 196
908612.3.peg.1588.site.11, 1, 175, 176
908612.3.peg.1588.site.12, 0, 178, 178
908612.3.peg.1588.site.13, 136, 179, 315
908612.3.peg.1588.site.14, 45, 172, 217
908612.3.peg.1588.site.15, 87, 177, 264
908612.3.peg.1588.site.16, 6, 179, 185
908612.3.peg.1589.site.1, 1, 174, 175
908612.3.peg.1589.site.2, 0, 172, 172
908612.3.peg.1589.site.3, 18, 178, 196
908612.3.peg.1589.site.4, 8, 179, 187
908612.3.peg.1589.site.5, 161, 179, 340
908612.3.peg.1589.site.6, 23, 179, 202
908612.3.peg.1589.site.7, 7, 180, 187
908612.3.peg.1589.site.8, 45, 171, 216
908612.3.peg.1589.site.9, 9, 179, 188
908612.3.peg.1589.site.10, 2, 178, 180
908612.3.peg.1589.site.11, 2, 161, 163
908612.3.peg.1589.site.12, 163, 180, 343
908612.3.peg.1589.site.13, 83, 179, 262
908612.3.peg.1589.site.14, 4, 178, 182
908612.3.peg.1589.site.15, 157, 178, 335
908612.3.peg.1589.site.16, 155, 177, 332
908612.3.peg.1589.site.17, 0, 176, 176
908612.3.peg.1589.site.18, 75, 173, 248
908612.3.peg.1589.site.19, 1, 179, 180
908612.3.peg.1589.site.20, 0, 179, 179
908612.3.peg.1589.site.21, 47, 177, 224
908612.3.peg.1589.site.22, 0, 180, 180
908612.3.peg.1589.site.23, 78, 178, 256
908612.3.peg.1589.site.24, 4, 180, 184
908612.3.peg.1589.site.25, 3, 179, 182
908612.3.peg.1589.site.26, 163, 179, 342
908612.3.peg.1589.site.27, 21, 174, 195
908612.3.peg.1589.site.28, 3, 169, 172
908612.3.peg.1589.site.29, 8, 172, 180
908612.3.peg.1589.site.30, 135, 175, 310
908612.3.peg.1589.site.31, 15, 175, 190
908612.3.peg.1589.site.32, 14, 173, 187
908612.3.peg.1589.site.33, 20, 178, 198
908612.3.peg.1589.site.34, 1, 178, 179
908612.3.peg.1589.site.35, 1, 178, 179
908612.3.peg.1589.site.36, 22, 179, 201
908612.3.peg.1589.site.37, 30, 178, 208
908612.3.peg.1589.site.38, 4, 178, 182
908612.3.peg.1589.site.39, 0, 176, 176
908612.3.peg.1589.site.40, 132, 175, 307
908612.3.peg.1589.site.41, 0, 180, 180
908612.3.peg.1589.site.42, 36, 174, 210
908612.3.peg.373.site.1, 40, 179, 219
908612.3.peg.373.site.2, 2, 178, 180
908612.3.peg.373.site.3, 8, 180, 188
908612.3.peg.373.site.4, 50, 173, 223
908612.3.peg.373.site.5, 28, 177, 205
908612.3.peg.373.site.6, 61, 177, 238
908612.3.peg.373.site.7, 0, 177, 177
908612.3.peg.373.site.8, 50, 170, 220
908612.3.peg.373.site.9, 5, 153, 158
908612.3.peg.373.site.10, 1, 156, 157
908612.3.peg.373.site.11, 15, 161, 176
908612.3.peg.373.site.12, 90, 174, 264
908612.3.peg.373.site.13, 14, 180, 194
908612.3.peg.373.site.14, 102, 176, 278
908612.3.peg.373.site.15, 0, 180, 180
908612.3.peg.373.site.16, 6, 180, 186
908612.3.peg.373.site.17, 2, 180, 182
908612.3.peg.373.site.18, 0, 179, 179
908612.3.peg.1585.site.1, 0, 177, 177
908612.3.peg.1585.site.2, 99, 169, 268
908612.3.peg.1585.site.3, 34, 178, 212
908612.3.peg.1585.site.4, 0, 176, 176
908612.3.peg.1585.site.5, 0, 177, 177
908612.3.peg.1585.site.6, 3, 174, 177
908612.3.peg.1585.site.7, 1, 135, 136
908612.3.peg.1585.site.8, 0, 178, 178
908612.3.peg.1585.site.9, 2, 175, 177
908612.3.peg.1585.site.10, 73, 174, 247
908612.3.peg.1585.site.11, 0, 179, 179
908612.3.peg.1585.site.12, 21, 178, 199
908612.3.peg.1585.site.13, 66, 166, 232
908612.3.peg.1585.site.14, 96, 155, 251
908612.3.peg.1585.site.15, 19, 152, 171
908612.3.peg.1585.site.16, 11, 148, 159
908612.3.peg.1585.site.17, 13, 151, 164
908612.3.peg.1585.site.18, 11, 150, 161
908612.3.peg.1585.site.19, 22, 147, 169
908612.3.peg.1585.site.20, 2, 146, 148
908612.3.peg.1585.site.21, 3, 143, 146
908612.3.peg.1585.site.22, 11, 151, 162
908612.3.peg.1585.site.23, 0, 176, 176
908612.3.peg.1585.site.24, 114, 176, 290
908612.3.peg.1585.site.25, 61, 176, 237
908612.3.peg.1586.site.1, 0, 179, 179
908612.3.peg.1586.site.2, 23, 177, 200
908612.3.peg.1586.site.3, 2, 180, 182
908612.3.peg.1586.site.4, 80, 174, 254
908612.3.peg.1586.site.5, 118, 178, 296
908612.3.peg.1587.site.1, 65, 176, 241
908612.3.peg.1587.site.2, 0, 162, 162
908612.3.peg.1587.site.3, 0, 117, 117
908612.3.peg.1587.site.4, 0, 116, 116
908612.3.peg.1587.site.5, 0, 96, 96
908612.3.peg.1587.site.6, 0, 174, 174
908612.3.peg.1587.site.7, 37, 177, 214
908612.3.peg.1587.site.8, 0, 179, 179
908612.3.peg.1587.site.9, 9, 179, 188
908612.3.peg.1587.site.10, 1, 180, 181
908612.3.peg.1587.site.11, 6, 176, 182
908612.3.peg.1587.site.12, 27, 175, 202
908612.3.peg.1587.site.13, 93, 172, 265
908612.3.peg.1587.site.14, 2, 173, 175
908612.3.peg.1587.site.15, 3, 162, 165
908612.3.peg.1587.site.16, 1, 160, 161
908612.3.peg.1587.site.17, 123, 150, 273
908612.3.peg.1587.site.18, 139, 165, 304
908612.3.peg.1587.site.19, 138, 165, 303
908612.3.peg.1587.site.20, 15, 164, 179
908612.3.peg.1587.site.21, 3, 167, 170
908612.3.peg.377.site.1, 11, 176, 187
908612.3.peg.377.site.2, 8, 179, 187
908612.3.peg.377.site.3, 6, 180, 186
908612.3.peg.377.site.4, 30, 179, 209
908612.3.peg.377.site.5, 52, 176, 228
908612.3.peg.377.site.6, 18, 174, 192
908612.3.peg.377.site.7, 22, 178, 200
908612.3.peg.377.site.8, 0, 179, 179
908612.3.peg.377.site.9, 0, 180, 180
908612.3.peg.377.site.10, 0, 179, 179
908612.3.peg.377.site.11, 32, 178, 210
908612.3.peg.377.site.12, 1, 180, 181
908612.3.peg.376.site.1, 29, 179, 208
908612.3.peg.376.site.2, 84, 168, 252
908612.3.peg.376.site.3, 12, 168, 180
908612.3.peg.376.site.4, 82, 165, 247
908612.3.peg.376.site.5, 80, 160, 240
908612.3.peg.376.site.6, 90, 174, 264
908612.3.peg.376.site.7, 29, 178, 207
908612.3.peg.376.site.8, 0, 180, 180
908612.3.peg.376.site.9, 34, 177, 211
908612.3.peg.376.site.10, 93, 176, 269
908612.3.peg.376.site.11, 62, 177, 239
908612.3.peg.376.site.12, 119, 177, 296
908612.3.peg.376.site.13, 143, 180, 323
908612.3.peg.376.site.14, 0, 180, 180
908612.3.peg.376.site.15, 0, 179, 179
908612.3.peg.376.site.16, 13, 176, 189
908612.3.peg.376.site.17, 5, 158, 163
908612.3.peg.376.site.18, 2, 168, 170
908612.3.peg.376.site.19, 72, 173, 245
908612.3.peg.376.site.20, 6, 178, 184
908612.3.peg.376.site.21, 11, 177, 188
908612.3.peg.376.site.22, 36, 176, 212
908612.3.peg.376.site.23, 19, 180, 199
908612.3.peg.376.site.24, 1, 180, 181
908612.3.peg.376.site.25, 1, 180, 181
908612.3.peg.375.site.1, 1, 178, 179
908612.3.peg.375.site.2, 2, 174, 176
908612.3.peg.375.site.3, 12, 180, 192
908612.3.peg.375.site.4, 2, 179, 181
908612.3.peg.375.site.5, 0, 177, 177
908612.3.peg.375.site.6, 0, 167, 167
908612.3.peg.375.site.7, 1, 159, 160
908612.3.peg.375.site.8, 0, 167, 167
908612.3.peg.375.site.9, 0, 176, 176
908612.3.peg.375.site.10, 120, 164, 284
908612.3.peg.375.site.11, 0, 179, 179
908612.3.peg.375.site.12, 0, 180, 180
908612.3.peg.375.site.13, 73, 177, 250
908612.3.peg.375.site.14, 4, 180, 184
908612.3.peg.375.site.15, 2, 180, 182
908612.3.peg.375.site.16, 40, 179, 219
908612.3.peg.375.site.17, 42, 180, 222
908612.3.peg.375.site.18, 0, 179, 179
908612.3.peg.375.site.19, 34, 179, 213
908612.3.peg.375.site.20, 0, 179, 179
908612.3.peg.375.site.21, 0, 180, 180
908612.3.peg.375.site.22, 57, 178, 235
908612.3.peg.375.site.23, 0, 179, 179
908612.3.peg.375.site.24, 3, 178, 181
908612.3.peg.375.site.25, 9, 177, 186
908612.3.peg.375.site.26, 1, 180, 181
908612.3.peg.375.site.27, 8, 179, 187
908612.3.peg.375.site.28, 1, 178, 179
908612.3.peg.375.site.29, 4, 178, 182
908612.3.peg.375.site.30, 1, 180, 181
908612.3.peg.375.site.31, 4, 176, 180
908612.3.peg.375.site.32, 15, 179, 194
908612.3.peg.375.site.33, 43, 180, 223
908612.3.peg.375.site.34, 7, 180, 187
908612.3.peg.375.site.35, 7, 180, 187
908612.3.peg.375.site.36, 7, 180, 187
908612.3.peg.375.site.37, 0, 177, 177
908612.3.peg.375.site.38, 13, 175, 188
908612.3.peg.375.site.39, 10, 180, 190
908612.3.peg.375.site.40, 23, 179, 202
908612.3.peg.375.site.41, 0, 179, 179
908612.3.peg.375.site.42, 1, 180, 181
908612.3.peg.375.site.43, 19, 180, 199
908612.3.peg.375.site.44, 45, 179, 224
908612.3.peg.375.site.45, 9, 179, 188
908612.3.peg.375.site.46, 44, 180, 224
908612.3.peg.375.site.47, 7, 179, 186
908612.3.peg.375.site.48, 7, 180, 187
908612.3.peg.375.site.49, 11, 180, 191
908612.3.peg.375.site.50, 1, 177, 178
908612.3.peg.375.site.51, 1, 178, 179
908612.3.peg.375.site.52, 30, 168, 198
908612.3.peg.375.site.53, 19, 178, 197
908612.3.peg.375.site.54, 0, 155, 155
908612.3.peg.375.site.55, 6, 154, 160
908612.3.peg.375.site.56, 0, 156, 156
908612.3.peg.375.site.57, 1, 157, 158
908612.3.peg.375.site.58, 2, 157, 159
908612.3.peg.375.site.59, 6, 170, 176
908612.3.peg.375.site.60, 39, 180, 219
908612.3.peg.374.site.1, 9, 180, 189
908612.3.peg.374.site.2, 70, 176, 246
908612.3.peg.374.site.3, 3, 180, 183
908612.3.peg.374.site.4, 0, 178, 178
908612.3.peg.374.site.5, 0, 180, 180
908612.3.peg.374.site.6, 8, 177, 185
908612.3.peg.374.site.7, 0, 174, 174
908612.3.peg.374.site.8, 2, 172, 174
908612.3.peg.374.site.9, 2, 171, 173
908612.3.peg.374.site.10, 46, 169, 215
908612.3.peg.374.site.11, 75, 167, 242
908612.3.peg.374.site.12, 3, 173, 176
908612.3.peg.374.site.13, 43, 170, 213
908612.3.peg.374.site.14, 0, 172, 172
908612.3.peg.374.site.15, 40, 172, 212
908612.3.peg.374.site.16, 17, 170, 187
908612.3.peg.374.site.17, 0, 179, 179
908612.3.peg.374.site.18, 45, 173, 218
908612.3.peg.374.site.19, 0, 177, 177
908612.3.peg.374.site.20, 0, 178, 178
908612.3.peg.374.site.21, 3, 179, 182
908612.3.peg.374.site.22, 0, 179, 179
908612.3.peg.374.site.23, 13, 180, 193
908612.3.peg.374.site.24, 5, 179, 184
908612.3.peg.374.site.25, 2, 179, 181
908612.3.peg.2553.site.1, 8, 180, 188
908612.3.peg.2553.site.2, 3, 179, 182
908612.3.peg.2553.site.3, 0, 180, 180
908612.3.peg.2553.site.4, 7, 180, 187
908612.3.peg.2553.site.5, 7, 180, 187
908612.3.peg.2553.site.6, 0, 178, 178
908612.3.peg.2553.site.7, 7, 180, 187
908612.3.peg.2553.site.8, 7, 179, 186
908612.3.peg.2553.site.9, 5, 175, 180
908612.3.peg.2553.site.10, 2, 175, 177
908612.3.peg.2553.site.11, 11, 180, 191
908612.3.peg.2553.site.12, 5, 180, 185
908612.3.peg.2553.site.13, 35, 175, 210
908612.3.peg.2553.site.14, 5, 180, 185
908612.3.peg.2553.site.15, 1, 180, 181
908612.3.peg.2553.site.16, 3, 180, 183
908612.3.peg.2553.site.17, 0, 179, 179
908612.3.peg.2553.site.18, 8, 179, 187
908612.3.peg.2553.site.19, 2, 180, 182
908612.3.peg.1562.site.1, 17, 132, 149
908612.3.peg.1562.site.2, 77, 136, 213
908612.3.peg.1562.site.3, 34, 138, 172
908612.3.peg.1562.site.4, 22, 124, 146
908612.3.peg.1562.site.5, 13, 122, 135
908612.3.peg.1562.site.6, 1, 134, 135
908612.3.peg.1562.site.7, 24, 134, 158
908612.3.peg.1562.site.8, 43, 150, 193
908612.3.peg.1562.site.9, 1, 173, 174
908612.3.peg.1562.site.10, 9, 172, 181
908612.3.peg.1562.site.11, 52, 175, 227
908612.3.peg.1562.site.12, 1, 178, 179
908612.3.peg.1562.site.13, 71, 170, 241
908612.3.peg.1562.site.14, 0, 165, 165
908612.3.peg.1562.site.15, 68, 168, 236
908612.3.peg.1562.site.16, 1, 176, 177
908612.3.peg.1562.site.17, 59, 162, 221
908612.3.peg.1562.site.18, 0, 165, 165
908612.3.peg.1562.site.19, 28, 171, 199
908612.3.peg.1562.site.20, 28, 174, 202
908612.3.peg.1562.site.21, 0, 179, 179
908612.3.peg.1562.site.22, 23, 178, 201
908612.3.peg.1562.site.23, 1, 180, 181
908612.3.peg.1562.site.24, 83, 177, 260
908612.3.peg.1562.site.25, 0, 180, 180
908612.3.peg.1562.site.26, 11, 178, 189
908612.3.peg.1562.site.27, 4, 180, 184
908612.3.peg.1562.site.28, 4, 180, 184
908612.3.peg.1562.site.29, 1, 180, 181
908612.3.peg.1563.site.1, 102, 175, 277
908612.3.peg.1563.site.2, 102, 175, 277
908612.3.peg.1563.site.3, 102, 174, 276
908612.3.peg.1563.site.4, 9, 179, 188
908612.3.peg.1563.site.5, 57, 178, 235
908612.3.peg.1563.site.6, 0, 180, 180
908612.3.peg.1563.site.7, 0, 180, 180
908612.3.peg.1563.site.8, 4, 180, 184
908612.3.peg.1563.site.9, 2, 180, 182
908612.3.peg.1563.site.10, 99, 174, 273
908612.3.peg.1563.site.11, 10, 180, 190
908612.3.peg.1563.site.12, 6, 179, 185
908612.3.peg.1563.site.13, 32, 177, 209
908612.3.peg.1563.site.14, 2, 180, 182
908612.3.peg.1563.site.15, 8, 175, 183
908612.3.peg.1563.site.16, 2, 177, 179
908612.3.peg.1563.site.17, 0, 180, 180
908612.3.peg.1563.site.18, 2, 180, 182
908612.3.peg.1563.site.19, 0, 179, 179
908612.3.peg.1560.site.1, 47, 171, 218
908612.3.peg.1560.site.2, 9, 167, 176
908612.3.peg.1560.site.3, 0, 180, 180
908612.3.peg.1560.site.4, 1, 180, 181
908612.3.peg.1560.site.5, 28, 174, 202
908612.3.peg.1560.site.6, 3, 155, 158
908612.3.peg.1560.site.7, 44, 172, 216
908612.3.peg.1560.site.8, 2, 179, 181
908612.3.peg.1560.site.9, 41, 171, 212
908612.3.peg.1560.site.10, 2, 178, 180
908612.3.peg.1560.site.11, 141, 169, 310
908612.3.peg.1560.site.12, 9, 166, 175
908612.3.peg.1560.site.13, 15, 173, 188
908612.3.peg.1560.site.14, 0, 167, 167
908612.3.peg.1560.site.15, 84, 165, 249
908612.3.peg.1560.site.16, 9, 152, 161
908612.3.peg.1560.site.17, 15, 178, 193
908612.3.peg.1560.site.18, 18, 180, 198
908612.3.peg.1560.site.19, 46, 175, 221
908612.3.peg.1567.site.1, 4, 164, 168
908612.3.peg.1567.site.2, 0, 149, 149
908612.3.peg.1567.site.3, 18, 143, 161
908612.3.peg.1567.site.4, 4, 81, 85
908612.3.peg.1567.site.5, 0, 64, 64
908612.3.peg.1567.site.6, 23, 165, 188
908612.3.peg.1567.site.7, 1, 173, 174
908612.3.peg.1567.site.8, 4, 172, 176
908612.3.peg.1567.site.9, 3, 178, 181
908612.3.peg.1567.site.10, 5, 170, 175
908612.3.peg.1567.site.11, 1, 167, 168
908612.3.peg.1567.site.12, 0, 161, 161
908612.3.peg.1567.site.13, 0, 165, 165
908612.3.peg.1567.site.14, 0, 165, 165
908612.3.peg.1567.site.15, 8, 129, 137
908612.3.peg.1567.site.16, 37, 125, 162
908612.3.peg.1567.site.17, 41, 156, 197
908612.3.peg.1567.site.18, 5, 172, 177
908612.3.peg.1567.site.19, 5, 173, 178
908612.3.peg.1567.site.20, 3, 172, 175
908612.3.peg.1567.site.21, 0, 163, 163
908612.3.peg.1567.site.22, 0, 165, 165
908612.3.peg.1567.site.23, 2, 132, 134
908612.3.peg.1567.site.24, 4, 143, 147
908612.3.peg.1567.site.25, 0, 165, 165
908612.3.peg.1567.site.26, 14, 174, 188
908612.3.peg.1567.site.27, 4, 166, 170
908612.3.peg.1567.site.28, 6, 166, 172
908612.3.peg.1567.site.29, 4, 177, 181
908612.3.peg.1567.site.30, 0, 174, 174
908612.3.peg.1567.site.31, 0, 178, 178
908612.3.peg.1567.site.32, 20, 179, 199
908612.3.peg.1564.site.1, 5, 175, 180
908612.3.peg.1564.site.2, 81, 164, 245
908612.3.peg.1564.site.3, 4, 160, 164
908612.3.peg.1564.site.4, 9, 168, 177
908612.3.peg.1564.site.5, 1, 177, 178
908612.3.peg.1564.site.6, 1, 179, 180
908612.3.peg.1564.site.7, 2, 178, 180
908612.3.peg.1564.site.8, 0, 179, 179
908612.3.peg.1564.site.9, 1, 177, 178
908612.3.peg.1564.site.10, 1, 172, 173
908612.3.peg.1564.site.11, 6, 174, 180
908612.3.peg.1564.site.12, 1, 169, 170
908612.3.peg.1564.site.13, 6, 175, 181
908612.3.peg.1564.site.14, 5, 180, 185
908612.3.peg.1564.site.15, 0, 175, 175
908612.3.peg.1564.site.16, 1, 176, 177
908612.3.peg.1564.site.17, 44, 174, 218
908612.3.peg.1564.site.18, 1, 172, 173
908612.3.peg.1564.site.19, 1, 170, 171
908612.3.peg.1564.site.20, 62, 153, 215
908612.3.peg.1564.site.21, 93, 150, 243
908612.3.peg.1564.site.22, 5, 159, 164
908612.3.peg.1564.site.23, 75, 169, 244
908612.3.peg.1565.site.1, 1, 156, 157
908612.3.peg.1565.site.2, 1, 180, 181
908612.3.peg.1565.site.3, 5, 174, 179
908612.3.peg.1565.site.4, 4, 170, 174
908612.3.peg.1565.site.5, 1, 174, 175
908612.3.peg.1565.site.6, 0, 179, 179
908612.3.peg.1565.site.7, 7, 178, 185
908612.3.peg.1565.site.8, 2, 180, 182
908612.3.peg.1565.site.9, 7, 179, 186
908612.3.peg.1565.site.10, 4, 180, 184
908612.3.peg.1565.site.11, 0, 179, 179
908612.3.peg.1565.site.12, 0, 180, 180
908612.3.peg.1565.site.13, 134, 175, 309
908612.3.peg.1565.site.14, 0, 179, 179
908612.3.peg.1565.site.15, 5, 177, 182
908612.3.peg.1565.site.16, 3, 178, 181
908612.3.peg.1565.site.17, 7, 180, 187
908612.3.peg.1565.site.18, 107, 174, 281
908612.3.peg.1565.site.19, 5, 178, 183
908612.3.peg.1565.site.20, 135, 177, 312
908612.3.peg.1565.site.21, 3, 178, 181
908612.3.peg.1565.site.22, 3, 180, 183
908612.3.peg.1565.site.23, 3, 178, 181
908612.3.peg.1568.site.1, 0, 169, 169
908612.3.peg.1568.site.2, 15, 175, 190
908612.3.peg.1568.site.3, 2, 174, 176
908612.3.peg.1568.site.4, 1, 178, 179
908612.3.peg.1568.site.5, 6, 174, 180
908612.3.peg.1568.site.6, 2, 175, 177
908612.3.peg.1568.site.7, 2, 162, 164
908612.3.peg.1568.site.8, 1, 165, 166
908612.3.peg.1568.site.9, 2, 166, 168
908612.3.peg.1568.site.10, 39, 172, 211
908612.3.peg.1568.site.11, 20, 178, 198
908612.3.peg.1568.site.12, 8, 180, 188
908612.3.peg.1568.site.13, 11, 180, 191
908612.3.peg.1568.site.14, 0, 179, 179
908612.3.peg.1568.site.15, 7, 178, 185
908612.3.peg.1568.site.16, 2, 177, 179
908612.3.peg.1568.site.17, 36, 176, 212
908612.3.peg.1568.site.18, 1, 179, 180
908612.3.peg.1568.site.19, 0, 178, 178
908612.3.peg.1568.site.20, 10, 180, 190
908612.3.peg.1568.site.21, 74, 137, 211
908612.3.peg.1568.site.22, 93, 139, 232
908612.3.peg.1568.site.23, 7, 166, 173
908612.3.peg.1568.site.24, 108, 162, 270
908612.3.peg.1568.site.25, 112, 175, 287
908612.3.peg.1568.site.26, 24, 178, 202
908612.3.peg.1568.site.27, 49, 177, 226
908612.3.peg.1569.site.1, 21, 160, 181
908612.3.peg.1569.site.2, 1, 171, 172
908612.3.peg.1569.site.3, 7, 169, 176
908612.3.peg.1569.site.4, 28, 172, 200
908612.3.peg.1569.site.5, 29, 168, 197
908612.3.peg.1569.site.6, 27, 163, 190
908612.3.peg.1569.site.7, 24, 160, 184
908612.3.peg.1569.site.8, 1, 164, 165
908612.3.peg.1569.site.9, 57, 164, 221
908612.3.peg.1569.site.10, 26, 168, 194
908612.3.peg.1569.site.11, 9, 170, 179
908612.3.peg.1569.site.12, 1, 167, 168
908612.3.peg.1569.site.13, 30, 175, 205
908612.3.peg.1569.site.14, 0, 176, 176
908612.3.peg.1569.site.15, 11, 176, 187
908612.3.peg.1569.site.16, 3, 175, 178
908612.3.peg.1569.site.17, 30, 173, 203
908612.3.peg.1569.site.18, 8, 177, 185
908612.3.peg.1569.site.19, 0, 179, 179
908612.3.peg.1569.site.20, 0, 174, 174
908612.3.peg.1569.site.21, 11, 171, 182
908612.3.peg.1569.site.22, 10, 171, 181
908612.3.peg.1569.site.23, 93, 167, 260
908612.3.peg.1100.site.1, 139, 179, 318
908612.3.peg.1100.site.2, 0, 180, 180
908612.3.peg.1100.site.3, 2, 180, 182
908612.3.peg.1100.site.4, 16, 178, 194
908612.3.peg.1100.site.5, 9, 180, 189
908612.3.peg.1100.site.6, 2, 180, 182
908612.3.peg.1100.site.7, 0, 180, 180
908612.3.peg.1100.site.8, 100, 173, 273
908612.3.peg.1100.site.9, 0, 180, 180
908612.3.peg.1100.site.10, 0, 178, 178
908612.3.peg.1100.site.11, 53, 177, 230
908612.3.peg.1100.site.12, 2, 178, 180
908612.3.peg.1100.site.13, 1, 178, 179
908612.3.peg.1100.site.14, 3, 179, 182
908612.3.peg.1100.site.15, 0, 179, 179
908612.3.peg.1100.site.16, 0, 180, 180
908612.3.peg.1100.site.17, 0, 179, 179
908612.3.peg.1100.site.18, 3, 178, 181
908612.3.peg.1100.site.19, 9, 180, 189
908612.3.peg.1100.site.20, 41, 177, 218
908612.3.peg.1100.site.21, 24, 175, 199
908612.3.peg.1100.site.22, 41, 177, 218
908612.3.peg.1100.site.23, 0, 175, 175
908612.3.peg.1100.site.24, 4, 173, 177
908612.3.peg.1100.site.25, 1, 173, 174
908612.3.peg.1100.site.26, 0, 171, 171
908612.3.peg.1100.site.27, 6, 177, 183
908612.3.peg.1100.site.28, 47, 175, 222
908612.3.peg.1100.site.29, 6, 180, 186
908612.3.peg.1100.site.30, 81, 173, 254
908612.3.peg.1100.site.31, 0, 180, 180
908612.3.peg.1101.site.1, 19, 178, 197
908612.3.peg.1101.site.2, 56, 176, 232
908612.3.peg.1101.site.3, 135, 176, 311
908612.3.peg.1101.site.4, 1, 174, 175
908612.3.peg.1101.site.5, 7, 177, 184
908612.3.peg.1101.site.6, 1, 175, 176
908612.3.peg.1101.site.7, 31, 171, 202
908612.3.peg.1101.site.8, 0, 170, 170
908612.3.peg.1101.site.9, 3, 172, 175
908612.3.peg.1101.site.10, 15, 147, 162
908612.3.peg.1101.site.11, 115, 152, 267
908612.3.peg.1101.site.12, 16, 149, 165
908612.3.peg.1101.site.13, 26, 154, 180
908612.3.peg.1101.site.14, 110, 156, 266
908612.3.peg.1101.site.15, 2, 178, 180
908612.3.peg.1101.site.16, 3, 175, 178
908612.3.peg.1101.site.17, 28, 175, 203
908612.3.peg.1101.site.18, 84, 150, 234
908612.3.peg.1101.site.19, 27, 127, 154
908612.3.peg.1102.site.1, 0, 180, 180
908612.3.peg.1102.site.2, 1, 179, 180
908612.3.peg.1102.site.3, 0, 179, 179
908612.3.peg.1102.site.4, 6, 180, 186
908612.3.peg.1102.site.5, 22, 177, 199
908612.3.peg.1102.site.6, 0, 180, 180
908612.3.peg.1102.site.7, 1, 180, 181
908612.3.peg.1102.site.8, 4, 179, 183
908612.3.peg.1102.site.9, 1, 178, 179
908612.3.peg.1102.site.10, 0, 178, 178
908612.3.peg.1102.site.11, 138, 178, 316
908612.3.peg.1102.site.12, 5, 180, 185
908612.3.peg.1102.site.13, 0, 180, 180
908612.3.peg.1102.site.14, 9, 179, 188
908612.3.peg.1102.site.15, 167, 179, 346
908612.3.peg.1102.site.16, 0, 180, 180
908612.3.peg.1102.site.17, 4, 180, 184
908612.3.peg.1102.site.18, 0, 180, 180
908612.3.peg.1102.site.19, 114, 177, 291
908612.3.peg.1102.site.20, 175, 180, 355
908612.3.peg.1102.site.21, 109, 178, 287
908612.3.peg.1102.site.22, 6, 179, 185
908612.3.peg.1102.site.23, 1, 178, 179
908612.3.peg.1102.site.24, 0, 180, 180
908612.3.peg.1102.site.25, 29, 176, 205
908612.3.peg.1102.site.26, 2, 178, 180
908612.3.peg.1102.site.27, 141, 177, 318
908612.3.peg.1102.site.28, 123, 176, 299
908612.3.peg.1103.site.1, 8, 180, 188
908612.3.peg.1103.site.2, 1, 178, 179
908612.3.peg.1103.site.3, 4, 177, 181
908612.3.peg.1103.site.4, 1, 177, 178
908612.3.peg.1103.site.5, 4, 179, 183
908612.3.peg.1103.site.6, 175, 180, 355
908612.3.peg.1103.site.7, 119, 178, 297
908612.3.peg.1103.site.8, 33, 180, 213
908612.3.peg.1103.site.9, 4, 179, 183
908612.3.peg.1103.site.10, 1, 180, 181
908612.3.peg.1103.site.11, 0, 178, 178
908612.3.peg.1103.site.12, 6, 176, 182
908612.3.peg.1103.site.13, 27, 178, 205
908612.3.peg.1103.site.14, 100, 165, 265
908612.3.peg.1103.site.15, 5, 165, 170
908612.3.peg.1103.site.16, 0, 126, 126
908612.3.peg.1103.site.17, 49, 112, 161
908612.3.peg.1104.site.1, 26, 170, 196
908612.3.peg.1104.site.2, 2, 180, 182
908612.3.peg.1104.site.3, 116, 169, 285
908612.3.peg.1104.site.4, 4, 69, 73
908612.3.peg.1104.site.5, 60, 121, 181
908612.3.peg.1104.site.6, 1, 166, 167
908612.3.peg.1104.site.7, 100, 143, 243
908612.3.peg.1104.site.8, 2, 175, 177
908612.3.peg.1104.site.9, 115, 178, 293
908612.3.peg.1104.site.10, 114, 176, 290
908612.3.peg.1104.site.11, 120, 180, 300
908612.3.peg.1104.site.12, 3, 180, 183
908612.3.peg.1104.site.13, 8, 179, 187
908612.3.peg.1104.site.14, 2, 180, 182
908612.3.peg.1104.site.15, 16, 178, 194
908612.3.peg.1104.site.16, 3, 178, 181
908612.3.peg.1104.site.17, 41, 178, 219
908612.3.peg.1104.site.18, 0, 179, 179
908612.3.peg.1104.site.19, 0, 179, 179
908612.3.peg.1104.site.20, 15, 180, 195
908612.3.peg.1104.site.21, 3, 170, 173
908612.3.peg.1104.site.22, 32, 169, 201
908612.3.peg.1104.site.23, 56, 171, 227
908612.3.peg.1104.site.24, 3, 173, 176
908612.3.peg.1104.site.25, 0, 177, 177
908612.3.peg.1104.site.26, 0, 176, 176
908612.3.peg.1104.site.27, 2, 180, 182
908612.3.peg.1104.site.28, 56, 176, 232
908612.3.peg.1105.site.1, 0, 174, 174
908612.3.peg.1105.site.2, 52, 170, 222
908612.3.peg.1105.site.3, 37, 97, 134
908612.3.peg.1105.site.4, 3, 150, 153
908612.3.peg.1105.site.5, 2, 154, 156
908612.3.peg.1105.site.6, 94, 155, 249
908612.3.peg.1105.site.7, 54, 162, 216
908612.3.peg.1105.site.8, 5, 179, 184
908612.3.peg.1105.site.9, 7, 180, 187
908612.3.peg.1105.site.10, 98, 176, 274
908612.3.peg.1105.site.11, 52, 156, 208
908612.3.peg.1105.site.12, 40, 162, 202
908612.3.peg.1105.site.13, 40, 178, 218
908612.3.peg.1105.site.14, 0, 179, 179
908612.3.peg.1105.site.15, 0, 180, 180
908612.3.peg.1105.site.16, 5, 179, 184
908612.3.peg.1105.site.17, 49, 176, 225
908612.3.peg.1105.site.18, 4, 179, 183
908612.3.peg.1105.site.19, 0, 180, 180
908612.3.peg.1105.site.20, 3, 180, 183
908612.3.peg.1105.site.21, 10, 177, 187
908612.3.peg.1105.site.22, 9, 176, 185
908612.3.peg.1105.site.23, 27, 154, 181
908612.3.peg.1105.site.24, 26, 151, 177
908612.3.peg.1105.site.25, 29, 144, 173
908612.3.peg.1105.site.26, 27, 144, 171
908612.3.peg.1105.site.27, 1, 132, 133
908612.3.peg.1105.site.28, 0, 163, 163
908612.3.peg.1105.site.29, 1, 169, 170
908612.3.peg.1105.site.30, 113, 163, 276
908612.3.peg.1105.site.31, 8, 163, 171
908612.3.peg.1106.site.1, 8, 180, 188
908612.3.peg.1106.site.2, 42, 177, 219
908612.3.peg.1106.site.3, 6, 175, 181
908612.3.peg.1106.site.4, 4, 176, 180
908612.3.peg.1106.site.5, 9, 172, 181
908612.3.peg.1106.site.6, 20, 174, 194
908612.3.peg.1106.site.7, 5, 177, 182
908612.3.peg.1106.site.8, 45, 177, 222
908612.3.peg.1106.site.9, 5, 179, 184
908612.3.peg.1106.site.10, 10, 177, 187
908612.3.peg.1106.site.11, 10, 179, 189
908612.3.peg.1106.site.12, 1, 178, 179
908612.3.peg.1106.site.13, 2, 178, 180
908612.3.peg.1106.site.14, 4, 179, 183
908612.3.peg.1106.site.15, 146, 177, 323
908612.3.peg.1106.site.16, 2, 179, 181
908612.3.peg.1106.site.17, 11, 178, 189
908612.3.peg.1106.site.18, 118, 177, 295
908612.3.peg.1106.site.19, 1, 176, 177
908612.3.peg.1106.site.20, 0, 176, 176
908612.3.peg.1106.site.21, 1, 176, 177
908612.3.peg.1106.site.22, 59, 172, 231
908612.3.peg.1106.site.23, 116, 173, 289
908612.3.peg.1106.site.24, 1, 173, 174
908612.3.peg.1106.site.25, 0, 170, 170
908612.3.peg.1106.site.26, 15, 171, 186
908612.3.peg.1106.site.27, 82, 171, 253
908612.3.peg.1106.site.28, 26, 173, 199
908612.3.peg.1106.site.29, 1, 176, 177
908612.3.peg.1106.site.30, 1, 180, 181
908612.3.peg.1106.site.31, 8, 180, 188
908612.3.peg.1106.site.32, 48, 177, 225
908612.3.peg.1106.site.33, 29, 179, 208
908612.3.peg.1106.site.34, 1, 180, 181
908612.3.peg.1106.site.35, 15, 169, 184
908612.3.peg.1106.site.36, 1, 173, 174
908612.3.peg.1107.site.1, 26, 177, 203
908612.3.peg.1107.site.2, 25, 176, 201
908612.3.peg.1107.site.3, 26, 178, 204
908612.3.peg.1107.site.4, 2, 179, 181
908612.3.peg.1107.site.5, 1, 179, 180
908612.3.peg.1107.site.6, 28, 177, 205
908612.3.peg.1107.site.7, 3, 178, 181
908612.3.peg.1107.site.8, 0, 179, 179
908612.3.peg.1107.site.9, 33, 177, 210
908612.3.peg.1107.site.10, 5, 180, 185
908612.3.peg.1107.site.11, 1, 180, 181
908612.3.peg.1107.site.12, 0, 175, 175
908612.3.peg.1107.site.13, 1, 168, 169
908612.3.peg.1107.site.14, 1, 175, 176
908612.3.peg.1107.site.15, 32, 174, 206
908612.3.peg.1107.site.16, 4, 175, 179
908612.3.peg.1107.site.17, 0, 179, 179
908612.3.peg.1107.site.18, 0, 180, 180
908612.3.peg.1107.site.19, 25, 177, 202
908612.3.peg.1107.site.20, 1, 178, 179
908612.3.peg.1107.site.21, 24, 178, 202
908612.3.peg.1107.site.22, 11, 177, 188
908612.3.peg.1107.site.23, 31, 176, 207
908612.3.peg.1107.site.24, 30, 180, 210
908612.3.peg.1107.site.25, 0, 180, 180
908612.3.peg.1107.site.26, 3, 179, 182
908612.3.peg.1107.site.27, 22, 180, 202
908612.3.peg.1108.site.1, 22, 179, 201
908612.3.peg.1108.site.2, 13, 179, 192
908612.3.peg.1108.site.3, 36, 141, 177
908612.3.peg.1108.site.4, 0, 151, 151
908612.3.peg.1108.site.5, 0, 163, 163
908612.3.peg.1108.site.6, 3, 167, 170
908612.3.peg.1108.site.7, 15, 164, 179
908612.3.peg.1108.site.8, 53, 173, 226
908612.3.peg.1108.site.9, 1, 179, 180
908612.3.peg.1108.site.10, 13, 180, 193
908612.3.peg.1108.site.11, 20, 179, 199
908612.3.peg.1108.site.12, 20, 178, 198
908612.3.peg.1108.site.13, 1, 178, 179
908612.3.peg.1108.site.14, 22, 154, 176
908612.3.peg.1108.site.15, 2, 168, 170
908612.3.peg.1108.site.16, 73, 170, 243
908612.3.peg.1108.site.17, 3, 174, 177
908612.3.peg.1108.site.18, 20, 178, 198
908612.3.peg.1108.site.19, 3, 179, 182
908612.3.peg.1108.site.20, 5, 177, 182
908612.3.peg.1108.site.21, 3, 178, 181
908612.3.peg.1108.site.22, 19, 175, 194
908612.3.peg.1108.site.23, 3, 174, 177
908612.3.peg.1108.site.24, 3, 171, 174
908612.3.peg.1108.site.25, 15, 177, 192
908612.3.peg.1108.site.26, 0, 177, 177
908612.3.peg.1108.site.27, 17, 179, 196
908612.3.peg.1108.site.28, 16, 178, 194
908612.3.peg.1108.site.29, 0, 175, 175
908612.3.peg.1108.site.30, 0, 175, 175
908612.3.peg.1108.site.31, 62, 173, 235
908612.3.peg.1108.site.32, 63, 172, 235
908612.3.peg.1108.site.33, 1, 174, 175
908612.3.peg.1108.site.34, 0, 166, 166
908612.3.peg.1108.site.35, 9, 176, 185
908612.3.peg.1108.site.36, 3, 179, 182
908612.3.peg.1108.site.37, 13, 178, 191
908612.3.peg.1108.site.38, 5, 179, 184
908612.3.peg.1108.site.39, 10, 178, 188
908612.3.peg.1108.site.40, 0, 174, 174
908612.3.peg.1108.site.41, 46, 160, 206
908612.3.peg.1108.site.42, 0, 173, 173
908612.3.peg.1108.site.43, 55, 173, 228
908612.3.peg.1108.site.44, 26, 171, 197
908612.3.peg.1108.site.45, 0, 169, 169
908612.3.peg.1108.site.46, 15, 163, 178
908612.3.peg.1108.site.47, 2, 164, 166
908612.3.peg.1108.site.48, 1, 167, 168
908612.3.peg.1108.site.49, 123, 160, 283
908612.3.peg.1108.site.50, 51, 147, 198
908612.3.peg.1108.site.51, 30, 122, 152
908612.3.peg.1108.site.52, 1, 95, 96
908612.3.peg.1108.site.53, 0, 97, 97
908612.3.peg.1108.site.54, 9, 103, 112
908612.3.peg.1109.site.1, 2, 179, 181
908612.3.peg.1109.site.2, 54, 158, 212
908612.3.peg.1109.site.3, 34, 164, 198
908612.3.peg.1109.site.4, 38, 175, 213
908612.3.peg.1109.site.5, 15, 179, 194
908612.3.peg.1109.site.6, 0, 180, 180
908612.3.peg.1109.site.7, 4, 178, 182
908612.3.peg.1109.site.8, 5, 179, 184
908612.3.peg.1109.site.9, 4, 170, 174
908612.3.peg.1109.site.10, 6, 172, 178
908612.3.peg.1109.site.11, 0, 176, 176
908612.3.peg.1109.site.12, 0, 178, 178
908612.3.peg.1109.site.13, 4, 180, 184
908612.3.peg.1109.site.14, 0, 180, 180
908612.3.peg.1109.site.15, 1, 179, 180
908612.3.peg.1109.site.16, 8, 179, 187
908612.3.peg.1109.site.17, 4, 179, 183
908612.3.peg.1109.site.18, 2, 179, 181
908612.3.peg.1109.site.19, 2, 180, 182
908612.3.peg.1109.site.20, 3, 177, 180
908612.3.peg.1109.site.21, 120, 175, 295
908612.3.peg.1109.site.22, 88, 175, 263
908612.3.peg.1109.site.23, 0, 179, 179
908612.3.peg.1109.site.24, 0, 180, 180
908612.3.peg.1109.site.25, 31, 180, 211
908612.3.peg.1109.site.26, 16, 180, 196
908612.3.peg.1109.site.27, 31, 179, 210
908612.3.peg.1109.site.28, 31, 179, 210
908612.3.peg.1109.site.29, 0, 180, 180
908612.3.peg.1109.site.30, 78, 178, 256
908612.3.peg.1109.site.31, 33, 179, 212
908612.3.peg.1109.site.32, 0, 178, 178
908612.3.peg.1109.site.33, 2, 180, 182
908612.3.peg.1109.site.34, 5, 179, 184
908612.3.peg.1109.site.35, 4, 179, 183
908612.3.peg.1109.site.36, 5, 180, 185
908612.3.peg.1109.site.37, 33, 179, 212
908612.3.peg.1109.site.38, 33, 179, 212
908612.3.peg.1109.site.39, 0, 180, 180
908612.3.peg.1109.site.40, 5, 179, 184
908612.3.peg.1109.site.41, 4, 178, 182
908612.3.peg.1109.site.42, 4, 178, 182
908612.3.peg.1109.site.43, 1, 178, 179
908612.3.peg.1109.site.44, 2, 180, 182
908612.3.peg.1109.site.45, 7, 179, 186
908612.3.peg.1109.site.46, 0, 179, 179
908612.3.peg.1109.site.47, 3, 176, 179
908612.3.peg.1109.site.48, 108, 174, 282
908612.3.peg.1109.site.49, 154, 176, 330
908612.3.peg.1109.site.50, 0, 179, 179
908612.3.peg.1109.site.51, 24, 179, 203
908612.3.peg.1109.site.52, 38, 177, 215
908612.3.peg.1109.site.53, 5, 180, 185
908612.3.peg.1127.site.1, 0, 178, 178
908612.3.peg.1127.site.2, 1, 178, 179
908612.3.peg.1127.site.3, 11, 164, 175
908612.3.peg.1127.site.4, 3, 148, 151
908612.3.peg.1127.site.5, 5, 147, 152
908612.3.peg.1127.site.6, 5, 162, 167
908612.3.peg.1127.site.7, 5, 167, 172
908612.3.peg.1127.site.8, 38, 178, 216
908612.3.peg.1127.site.9, 0, 179, 179
908612.3.peg.1127.site.10, 0, 178, 178
908612.3.peg.1127.site.11, 1, 179, 180
908612.3.peg.1127.site.12, 144, 176, 320
908612.3.peg.1127.site.13, 3, 179, 182
908612.3.peg.1127.site.14, 2, 178, 180
908612.3.peg.1127.site.15, 1, 177, 178
908612.3.peg.1127.site.16, 135, 171, 306
908612.3.peg.1127.site.17, 5, 176, 181
908612.3.peg.1127.site.18, 1, 174, 175
908612.3.peg.1127.site.19, 2, 176, 178
908612.3.peg.1127.site.20, 1, 178, 179
908612.3.peg.1127.site.21, 5, 178, 183
908612.3.peg.1127.site.22, 3, 178, 181
908612.3.peg.1127.site.23, 0, 179, 179
908612.3.peg.1127.site.24, 133, 177, 310
908612.3.peg.1127.site.25, 151, 177, 328
908612.3.peg.1127.site.26, 85, 178, 263
908612.3.peg.1127.site.27, 23, 174, 197
908612.3.peg.1127.site.28, 9, 179, 188
908612.3.peg.1127.site.29, 152, 179, 331
908612.3.peg.1127.site.30, 0, 179, 179
908612.3.peg.1127.site.31, 0, 176, 176
908612.3.peg.1127.site.32, 1, 176, 177
908612.3.peg.1127.site.33, 134, 176, 310
908612.3.peg.2484.site.1, 23, 180, 203
908612.3.peg.2484.site.2, 0, 178, 178
908612.3.peg.2484.site.3, 0, 179, 179
908612.3.peg.2484.site.4, 29, 180, 209
908612.3.peg.2484.site.5, 28, 176, 204
908612.3.peg.2484.site.6, 1, 177, 178
908612.3.peg.2484.site.7, 25, 174, 199
908612.3.peg.2484.site.8, 10, 179, 189
908612.3.peg.2484.site.9, 4, 178, 182
908612.3.peg.2484.site.10, 131, 179, 310
908612.3.peg.2484.site.11, 7, 177, 184
908612.3.peg.2484.site.12, 13, 178, 191
908612.3.peg.2484.site.13, 0, 179, 179
908612.3.peg.2484.site.14, 50, 177, 227
908612.3.peg.2484.site.15, 1, 178, 179
908612.3.peg.2484.site.16, 1, 176, 177
908612.3.peg.2484.site.17, 1, 179, 180
908612.3.peg.2484.site.18, 2, 179, 181
908612.3.peg.2484.site.19, 2, 178, 180
908612.3.peg.2484.site.20, 0, 180, 180
908612.3.peg.2484.site.21, 105, 175, 280
908612.3.peg.2484.site.22, 2, 178, 180
908612.3.peg.2486.site.1, 0, 178, 178
908612.3.peg.2486.site.2, 3, 95, 98
908612.3.peg.2487.site.1, 7, 179, 186
908612.3.peg.2487.site.2, 18, 178, 196
908612.3.peg.2487.site.3, 110, 173, 283
908612.3.peg.2487.site.4, 47, 176, 223
908612.3.peg.2487.site.5, 0, 178, 178
908612.3.peg.2487.site.6, 0, 178, 178
908612.3.peg.2487.site.7, 0, 179, 179
908612.3.peg.2487.site.8, 151, 179, 330
908612.3.peg.2487.site.9, 0, 179, 179
908612.3.peg.2487.site.10, 34, 176, 210
908612.3.peg.2487.site.11, 36, 179, 215
908612.3.peg.2487.site.12, 117, 176, 293
908612.3.peg.2487.site.13, 11, 179, 190
908612.3.peg.2487.site.14, 5, 179, 184
908612.3.peg.2481.site.1, 0, 179, 179
908612.3.peg.2481.site.2, 26, 173, 199
908612.3.peg.2481.site.3, 3, 174, 177
908612.3.peg.2481.site.4, 6, 172, 178
908612.3.peg.2481.site.5, 6, 179, 185
908612.3.peg.2481.site.6, 6, 178, 184
908612.3.peg.2481.site.7, 54, 176, 230
908612.3.peg.2481.site.8, 26, 176, 202
908612.3.peg.2482.site.1, 0, 179, 179
908612.3.peg.2482.site.2, 56, 178, 234
908612.3.peg.2482.site.3, 1, 179, 180
908612.3.peg.2482.site.4, 27, 179, 206
908612.3.peg.2482.site.5, 26, 179, 205
908612.3.peg.2482.site.6, 82, 174, 256
908612.3.peg.2482.site.7, 8, 180, 188
908612.3.peg.2482.site.8, 0, 179, 179
908612.3.peg.2482.site.9, 54, 174, 228
908612.3.peg.2482.site.10, 0, 180, 180
908612.3.peg.2482.site.11, 17, 177, 194
908612.3.peg.2482.site.12, 11, 175, 186
908612.3.peg.2482.site.13, 0, 168, 168
908612.3.peg.2482.site.14, 55, 168, 223
908612.3.peg.2482.site.15, 8, 174, 182
908612.3.peg.2482.site.16, 13, 137, 150
908612.3.peg.2482.site.17, 11, 136, 147
908612.3.peg.2482.site.18, 4, 165, 169
908612.3.peg.2482.site.19, 3, 155, 158
908612.3.peg.2482.site.20, 1, 137, 138
908612.3.peg.2482.site.21, 2, 140, 142
908612.3.peg.2482.site.22, 6, 142, 148
908612.3.peg.2482.site.23, 6, 152, 158
908612.3.peg.2482.site.24, 18, 159, 177
908612.3.peg.2482.site.25, 141, 171, 312
908612.3.peg.2482.site.26, 6, 166, 172
908612.3.peg.2482.site.27, 134, 162, 296
908612.3.peg.2482.site.28, 1, 166, 167
908612.3.peg.2482.site.29, 5, 170, 175
908612.3.peg.2482.site.30, 11, 173, 184
908612.3.peg.2482.site.31, 4, 174, 178
908612.3.peg.2482.site.32, 5, 175, 180
908612.3.peg.2482.site.33, 44, 171, 215
908612.3.peg.2482.site.34, 102, 175, 277
908612.3.peg.2482.site.35, 8, 175, 183
908612.3.peg.2482.site.36, 0, 164, 164
908612.3.peg.2482.site.37, 0, 167, 167
908612.3.peg.2482.site.38, 0, 167, 167
908612.3.peg.2482.site.39, 1, 163, 164
908612.3.peg.2482.site.40, 2, 159, 161
908612.3.peg.2482.site.41, 29, 157, 186
908612.3.peg.2482.site.42, 4, 158, 162
908612.3.peg.2482.site.43, 179, 179, 358
908612.3.peg.2482.site.44, 2, 179, 181
908612.3.peg.2482.site.45, 39, 179, 218
908612.3.peg.2482.site.46, 3, 180, 183
908612.3.peg.2482.site.47, 6, 180, 186
908612.3.peg.2482.site.48, 0, 180, 180
908612.3.peg.2482.site.49, 37, 180, 217
908612.3.peg.2482.site.50, 8, 179, 187
908612.3.peg.2482.site.51, 37, 180, 217
908612.3.peg.2482.site.52, 3, 180, 183
908612.3.peg.2482.site.53, 9, 180, 189
908612.3.peg.2482.site.54, 12, 180, 192
908612.3.peg.2482.site.55, 35, 178, 213
908612.3.peg.2482.site.56, 0, 180, 180
908612.3.peg.2482.site.57, 32, 178, 210
908612.3.peg.2482.site.58, 16, 180, 196
908612.3.peg.2482.site.59, 100, 173, 273
908612.3.peg.2482.site.60, 28, 178, 206
908612.3.peg.2482.site.61, 28, 177, 205
908612.3.peg.2482.site.62, 27, 177, 204
908612.3.peg.2482.site.63, 103, 171, 274
908612.3.peg.2482.site.64, 0, 179, 179
908612.3.peg.2482.site.65, 8, 179, 187
908612.3.peg.2482.site.66, 135, 174, 309
908612.3.peg.2482.site.67, 107, 176, 283
908612.3.peg.2482.site.68, 117, 172, 289
908612.3.peg.2482.site.69, 2, 179, 181
908612.3.peg.2482.site.70, 6, 177, 183
908612.3.peg.2482.site.71, 108, 173, 281
908612.3.peg.2482.site.72, 8, 178, 186
908612.3.peg.2482.site.73, 0, 174, 174
908612.3.peg.2482.site.74, 19, 159, 178
908612.3.peg.2483.site.1, 112, 175, 287
908612.3.peg.2483.site.2, 143, 178, 321
908612.3.peg.2483.site.3, 18, 180, 198
908612.3.peg.2483.site.4, 111, 174, 285
908612.3.peg.2483.site.5, 3, 180, 183
908612.3.peg.2483.site.6, 5, 180, 185
908612.3.peg.2483.site.7, 6, 180, 186
908612.3.peg.2483.site.8, 0, 179, 179
908612.3.peg.2483.site.9, 0, 180, 180
908612.3.peg.2483.site.10, 0, 180, 180
908612.3.peg.2483.site.11, 25, 178, 203
908612.3.peg.2483.site.12, 146, 177, 323
908612.3.peg.2483.site.13, 104, 175, 279
908612.3.peg.2483.site.14, 19, 177, 196
908612.3.peg.2483.site.15, 9, 179, 188
908612.3.peg.2483.site.16, 0, 179, 179
908612.3.peg.2483.site.17, 29, 178, 207
908612.3.peg.2483.site.18, 0, 180, 180
908612.3.peg.2483.site.19, 5, 179, 184
908612.3.peg.2483.site.20, 129, 178, 307
908612.3.peg.2483.site.21, 2, 180, 182
908612.3.peg.2483.site.22, 0, 180, 180
908612.3.peg.2483.site.23, 6, 180, 186
908612.3.peg.2483.site.24, 11, 177, 188
908612.3.peg.2483.site.25, 14, 177, 191
908612.3.peg.2483.site.26, 1, 180, 181
908612.3.peg.2483.site.27, 2, 179, 181
908612.3.peg.2483.site.28, 2, 180, 182
908612.3.peg.2483.site.29, 7, 179, 186
908612.3.peg.2483.site.30, 7, 179, 186
908612.3.peg.2483.site.31, 139, 177, 316
908612.3.peg.2483.site.32, 139, 176, 315
908612.3.peg.2483.site.33, 4, 180, 184
908612.3.peg.2483.site.34, 16, 178, 194
908612.3.peg.2483.site.35, 9, 178, 187
908612.3.peg.2483.site.36, 133, 175, 308
908612.3.peg.2483.site.37, 126, 177, 303
908612.3.peg.2483.site.38, 39, 172, 211
908612.3.peg.2483.site.39, 19, 178, 197
908612.3.peg.2483.site.40, 82, 170, 252
908612.3.peg.2483.site.41, 5, 178, 183
908612.3.peg.2483.site.42, 0, 178, 178
908612.3.peg.2483.site.43, 1, 177, 178
908612.3.peg.2483.site.44, 6, 177, 183
908612.3.peg.2483.site.45, 3, 180, 183
908612.3.peg.2483.site.46, 1, 179, 180
908612.3.peg.2483.site.47, 99, 178, 277
908612.3.peg.2483.site.48, 138, 170, 308
908612.3.peg.2483.site.49, 125, 163, 288
908612.3.peg.2483.site.50, 137, 168, 305
908612.3.peg.2483.site.51, 7, 171, 178
908612.3.peg.2483.site.52, 6, 158, 164
908612.3.peg.2483.site.53, 124, 161, 285
908612.3.peg.2483.site.54, 2, 175, 177
908612.3.peg.2483.site.55, 6, 177, 183
908612.3.peg.2483.site.56, 149, 179, 328
908612.3.peg.2488.site.1, 26, 175, 201
908612.3.peg.2488.site.2, 26, 177, 203
908612.3.peg.2488.site.3, 17, 174, 191
908612.3.peg.2488.site.4, 0, 177, 177
908612.3.peg.2488.site.5, 15, 177, 192
908612.3.peg.2488.site.6, 0, 179, 179
908612.3.peg.2488.site.7, 10, 172, 182
908612.3.peg.2488.site.8, 177, 178, 355
908612.3.peg.2488.site.9, 20, 180, 200
908612.3.peg.2488.site.10, 7, 180, 187
908612.3.peg.2488.site.11, 6, 180, 186
908612.3.peg.2488.site.12, 6, 178, 184
908612.3.peg.2488.site.13, 1, 176, 177
908612.3.peg.2488.site.14, 0, 180, 180
908612.3.peg.2488.site.15, 0, 180, 180
908612.3.peg.2488.site.16, 178, 180, 358
908612.3.peg.2488.site.17, 150, 174, 324
908612.3.peg.2488.site.18, 0, 173, 173
908612.3.peg.2488.site.19, 0, 171, 171
908612.3.peg.2488.site.20, 6, 175, 181
908612.3.peg.2488.site.21, 6, 174, 180
908612.3.peg.2488.site.22, 0, 171, 171
908612.3.peg.2488.site.23, 0, 171, 171
908612.3.peg.2488.site.24, 0, 172, 172
908612.3.peg.2488.site.25, 5, 168, 173
908612.3.peg.2488.site.26, 0, 173, 173
908612.3.peg.2488.site.27, 0, 163, 163
908612.3.peg.2488.site.28, 0, 171, 171
908612.3.peg.2488.site.29, 0, 176, 176
908612.3.peg.2488.site.30, 0, 179, 179
908612.3.peg.2488.site.31, 0, 179, 179
908612.3.peg.2488.site.32, 34, 175, 209
908612.3.peg.2488.site.33, 133, 174, 307
908612.3.peg.2488.site.34, 4, 179, 183
908612.3.peg.2488.site.35, 0, 180, 180
908612.3.peg.2488.site.36, 171, 179, 350
908612.3.peg.2488.site.37, 0, 180, 180
908612.3.peg.2488.site.38, 102, 172, 274
908612.3.peg.2488.site.39, 107, 176, 283
908612.3.peg.2488.site.40, 5, 176, 181
908612.3.peg.2488.site.41, 0, 180, 180
908612.3.peg.2488.site.42, 0, 180, 180
908612.3.peg.2488.site.43, 1, 179, 180
908612.3.peg.2488.site.44, 167, 177, 344
908612.3.peg.2488.site.45, 156, 177, 333
908612.3.peg.2488.site.46, 151, 178, 329
908612.3.peg.2488.site.47, 6, 179, 185
908612.3.peg.2488.site.48, 4, 179, 183
908612.3.peg.2488.site.49, 151, 178, 329
908612.3.peg.2488.site.50, 1, 180, 181
908612.3.peg.2488.site.51, 6, 179, 185
908612.3.peg.2488.site.52, 5, 179, 184
908612.3.peg.2488.site.53, 6, 179, 185
908612.3.peg.2488.site.54, 4, 179, 183
908612.3.peg.2488.site.55, 1, 180, 181
908612.3.peg.2488.site.56, 1, 180, 181
908612.3.peg.2488.site.57, 170, 180, 350
908612.3.peg.2488.site.58, 0, 180, 180
908612.3.peg.2488.site.59, 131, 178, 309
908612.3.peg.2488.site.60, 133, 179, 312
908612.3.peg.2488.site.61, 128, 180, 308
908612.3.peg.2488.site.62, 11, 179, 190
908612.3.peg.2488.site.63, 3, 180, 183
908612.3.peg.2488.site.64, 20, 180, 200
908612.3.peg.2488.site.65, 1, 180, 181
908612.3.peg.2489.site.1, 1, 179, 180
908612.3.peg.2489.site.2, 0, 178, 178
908612.3.peg.2489.site.3, 6, 178, 184
908612.3.peg.2489.site.4, 15, 180, 195
908612.3.peg.2489.site.5, 10, 180, 190
908612.3.peg.2489.site.6, 148, 177, 325
908612.3.peg.2489.site.7, 0, 180, 180
908612.3.peg.2489.site.8, 2, 179, 181
908612.3.peg.2489.site.9, 3, 178, 181
908612.3.peg.2489.site.10, 23, 179, 202
908612.3.peg.2489.site.11, 7, 180, 187
908612.3.peg.2489.site.12, 117, 179, 296
908612.3.peg.2489.site.13, 3, 180, 183
908612.3.peg.2489.site.14, 176, 180, 356
908612.3.peg.2489.site.15, 2, 180, 182
908612.3.peg.2489.site.16, 33, 175, 208
908612.3.peg.2489.site.17, 36, 178, 214
908612.3.peg.2489.site.18, 0, 175, 175
908612.3.peg.2489.site.19, 1, 178, 179
908612.3.peg.2489.site.20, 117, 172, 289
908612.3.peg.2489.site.21, 156, 178, 334
908612.3.peg.2489.site.22, 6, 179, 185
908612.3.peg.2489.site.23, 1, 180, 181
908612.3.peg.2489.site.24, 154, 179, 333
908612.3.peg.2489.site.25, 154, 179, 333
908612.3.peg.1364.site.1, 55, 177, 232
908612.3.peg.1364.site.2, 60, 177, 237
908612.3.peg.1364.site.3, 0, 180, 180
908612.3.peg.1364.site.4, 2, 180, 182
908612.3.peg.1364.site.5, 59, 177, 236
908612.3.peg.1364.site.6, 61, 177, 238
908612.3.peg.1364.site.7, 86, 172, 258
908612.3.peg.1364.site.8, 3, 176, 179
908612.3.peg.1364.site.9, 116, 170, 286
908612.3.peg.1364.site.10, 3, 175, 178
908612.3.peg.1364.site.11, 79, 167, 246
908612.3.peg.1364.site.12, 1, 177, 178
908612.3.peg.1364.site.13, 83, 168, 251
908612.3.peg.1364.site.14, 82, 170, 252
908612.3.peg.1364.site.15, 60, 149, 209
908612.3.peg.1364.site.16, 18, 153, 171
908612.3.peg.1364.site.17, 77, 165, 242
908612.3.peg.1364.site.18, 5, 174, 179
908612.3.peg.1364.site.19, 64, 154, 218
908612.3.peg.1364.site.20, 66, 156, 222
908612.3.peg.1364.site.21, 63, 160, 223
908612.3.peg.1364.site.22, 1, 122, 123
908612.3.peg.1364.site.23, 22, 115, 137
908612.3.peg.1365.site.1, 11, 166, 177
908612.3.peg.1365.site.2, 0, 179, 179
908612.3.peg.1365.site.3, 28, 178, 206
908612.3.peg.1365.site.4, 31, 176, 207
908612.3.peg.1365.site.5, 127, 179, 306
908612.3.peg.1365.site.6, 33, 175, 208
908612.3.peg.1365.site.7, 83, 177, 260
908612.3.peg.1365.site.8, 96, 175, 271
908612.3.peg.1365.site.9, 30, 176, 206
908612.3.peg.1365.site.10, 27, 178, 205
908612.3.peg.1365.site.11, 33, 176, 209
908612.3.peg.1365.site.12, 0, 179, 179
908612.3.peg.1365.site.13, 31, 180, 211
908612.3.peg.1365.site.14, 77, 172, 249
908612.3.peg.1365.site.15, 13, 177, 190
908612.3.peg.1365.site.16, 1, 176, 177
908612.3.peg.1365.site.17, 1, 179, 180
908612.3.peg.1365.site.18, 33, 172, 205
908612.3.peg.1365.site.19, 0, 174, 174
908612.3.peg.1365.site.20, 7, 173, 180
908612.3.peg.1365.site.21, 2, 176, 178
908612.3.peg.1365.site.22, 3, 180, 183
908612.3.peg.1365.site.23, 0, 179, 179
908612.3.peg.1365.site.24, 6, 177, 183
908612.3.peg.1365.site.25, 6, 179, 185
908612.3.peg.1365.site.26, 6, 177, 183
908612.3.peg.1365.site.27, 1, 171, 172
908612.3.peg.1366.site.1, 0, 178, 178
908612.3.peg.1366.site.2, 9, 178, 187
908612.3.peg.1366.site.3, 31, 178, 209
908612.3.peg.1366.site.4, 31, 178, 209
908612.3.peg.1366.site.5, 0, 179, 179
908612.3.peg.1366.site.6, 67, 175, 242
908612.3.peg.1366.site.7, 19, 177, 196
908612.3.peg.1366.site.8, 115, 177, 292
908612.3.peg.1366.site.9, 5, 179, 184
908612.3.peg.1366.site.10, 0, 179, 179
908612.3.peg.1366.site.11, 12, 177, 189
908612.3.peg.1366.site.12, 2, 179, 181
908612.3.peg.1366.site.13, 90, 175, 265
908612.3.peg.1367.site.1, 102, 176, 278
908612.3.peg.1367.site.2, 97, 169, 266
908612.3.peg.1367.site.3, 100, 174, 274
908612.3.peg.1367.site.4, 112, 175, 287
908612.3.peg.1367.site.5, 0, 178, 178
908612.3.peg.1367.site.6, 5, 179, 184
908612.3.peg.1367.site.7, 14, 179, 193
908612.3.peg.1367.site.8, 38, 176, 214
908612.3.peg.1367.site.9, 0, 178, 178
908612.3.peg.1367.site.10, 39, 177, 216
908612.3.peg.1367.site.11, 45, 175, 220
908612.3.peg.1367.site.12, 121, 178, 299
908612.3.peg.1367.site.13, 14, 179, 193
908612.3.peg.1367.site.14, 30, 178, 208
908612.3.peg.1367.site.15, 117, 178, 295
908612.3.peg.1367.site.16, 0, 180, 180
908612.3.peg.1367.site.17, 2, 179, 181
908612.3.peg.1367.site.18, 22, 174, 196
908612.3.peg.1367.site.19, 2, 180, 182
908612.3.peg.1367.site.20, 44, 178, 222
908612.3.peg.1367.site.21, 108, 171, 279
908612.3.peg.1367.site.22, 113, 176, 289
908612.3.peg.1367.site.23, 2, 180, 182
908612.3.peg.1367.site.24, 30, 178, 208
908612.3.peg.1367.site.25, 139, 179, 318
908612.3.peg.1367.site.26, 3, 180, 183
908612.3.peg.1367.site.27, 3, 180, 183
908612.3.peg.1367.site.28, 0, 180, 180
908612.3.peg.1367.site.29, 0, 180, 180
908612.3.peg.1367.site.30, 3, 180, 183
908612.3.peg.1367.site.31, 2, 179, 181
908612.3.peg.1367.site.32, 8, 169, 177
908612.3.peg.1367.site.33, 2, 170, 172
908612.3.peg.1367.site.34, 116, 175, 291
908612.3.peg.1367.site.35, 3, 179, 182
908612.3.peg.1367.site.36, 1, 179, 180
908612.3.peg.1367.site.37, 2, 180, 182
908612.3.peg.1367.site.38, 105, 179, 284
908612.3.peg.1367.site.39, 20, 179, 199
908612.3.peg.1367.site.40, 64, 177, 241
908612.3.peg.1367.site.41, 23, 179, 202
908612.3.peg.1367.site.42, 3, 180, 183
908612.3.peg.1360.site.1, 0, 180, 180
908612.3.peg.1360.site.2, 41, 174, 215
908612.3.peg.1360.site.3, 0, 179, 179
908612.3.peg.1360.site.4, 9, 178, 187
908612.3.peg.1360.site.5, 5, 180, 185
908612.3.peg.1360.site.6, 0, 180, 180
908612.3.peg.1360.site.7, 46, 177, 223
908612.3.peg.1360.site.8, 41, 175, 216
908612.3.peg.1360.site.9, 4, 180, 184
908612.3.peg.1360.site.10, 112, 174, 286
908612.3.peg.1360.site.11, 2, 178, 180
908612.3.peg.1360.site.12, 128, 152, 280
908612.3.peg.1360.site.13, 2, 160, 162
908612.3.peg.1360.site.14, 108, 149, 257
908612.3.peg.1360.site.15, 0, 146, 146
908612.3.peg.1360.site.16, 12, 151, 163
908612.3.peg.1360.site.17, 72, 144, 216
908612.3.peg.1360.site.18, 147, 170, 317
908612.3.peg.1360.site.19, 80, 108, 188
908612.3.peg.1360.site.20, 76, 114, 190
908612.3.peg.1360.site.21, 1, 173, 174
908612.3.peg.1360.site.22, 52, 174, 226
908612.3.peg.1360.site.23, 3, 180, 183
908612.3.peg.1360.site.24, 18, 176, 194
908612.3.peg.1360.site.25, 35, 164, 199
908612.3.peg.1360.site.26, 0, 179, 179
908612.3.peg.1360.site.27, 5, 173, 178
908612.3.peg.1360.site.28, 10, 177, 187
908612.3.peg.1360.site.29, 17, 175, 192
908612.3.peg.1360.site.30, 0, 176, 176
908612.3.peg.1361.site.1, 45, 172, 217
908612.3.peg.1361.site.2, 0, 179, 179
908612.3.peg.1361.site.3, 3, 179, 182
908612.3.peg.1361.site.4, 5, 179, 184
908612.3.peg.1361.site.5, 114, 176, 290
908612.3.peg.1361.site.6, 5, 179, 184
908612.3.peg.1361.site.7, 71, 178, 249
908612.3.peg.1361.site.8, 128, 177, 305
908612.3.peg.1361.site.9, 17, 179, 196
908612.3.peg.1361.site.10, 109, 172, 281
908612.3.peg.1361.site.11, 6, 180, 186
908612.3.peg.1361.site.12, 2, 180, 182
908612.3.peg.1361.site.13, 97, 172, 269
908612.3.peg.1361.site.14, 0, 180, 180
908612.3.peg.1361.site.15, 0, 180, 180
908612.3.peg.1361.site.16, 0, 178, 178
908612.3.peg.1361.site.17, 0, 168, 168
908612.3.peg.1362.site.1, 6, 177, 183
908612.3.peg.1362.site.2, 22, 166, 188
908612.3.peg.1362.site.3, 5, 145, 150
908612.3.peg.1362.site.4, 3, 147, 150
908612.3.peg.1362.site.5, 1, 134, 135
908612.3.peg.1362.site.6, 18, 147, 165
908612.3.peg.1362.site.7, 21, 159, 180
908612.3.peg.1362.site.8, 14, 164, 178
908612.3.peg.1362.site.9, 0, 171, 171
908612.3.peg.1362.site.10, 20, 171, 191
908612.3.peg.1362.site.11, 38, 146, 184
908612.3.peg.1362.site.12, 45, 142, 187
908612.3.peg.1362.site.13, 5, 103, 108
908612.3.peg.1362.site.14, 5, 99, 104
908612.3.peg.1362.site.15, 0, 114, 114
908612.3.peg.1362.site.16, 24, 116, 140
908612.3.peg.1362.site.17, 4, 152, 156
908612.3.peg.1362.site.18, 0, 147, 147
908612.3.peg.1363.site.1, 72, 158, 230
908612.3.peg.1363.site.2, 61, 164, 225
908612.3.peg.1363.site.3, 4, 174, 178
908612.3.peg.1363.site.4, 2, 180, 182
908612.3.peg.1363.site.5, 6, 178, 184
908612.3.peg.1363.site.6, 126, 176, 302
908612.3.peg.1363.site.7, 3, 180, 183
908612.3.peg.1363.site.8, 33, 178, 211
908612.3.peg.1363.site.9, 2, 180, 182
908612.3.peg.1363.site.10, 6, 179, 185
908612.3.peg.1363.site.11, 8, 176, 184
908612.3.peg.1363.site.12, 1, 174, 175
908612.3.peg.1363.site.13, 2, 174, 176
908612.3.peg.1363.site.14, 0, 172, 172
908612.3.peg.1363.site.15, 9, 158, 167
908612.3.peg.1363.site.16, 0, 167, 167
908612.3.peg.1363.site.17, 54, 171, 225
908612.3.peg.1363.site.18, 56, 169, 225
908612.3.peg.1363.site.19, 24, 174, 198
908612.3.peg.1363.site.20, 24, 174, 198
908612.3.peg.1363.site.21, 25, 174, 199
908612.3.peg.1363.site.22, 119, 176, 295
908612.3.peg.1363.site.23, 0, 178, 178
908612.3.peg.1363.site.24, 2, 178, 180
908612.3.peg.199.site.1, 57, 174, 231
908612.3.peg.199.site.2, 102, 170, 272
908612.3.peg.199.site.3, 1, 175, 176
908612.3.peg.199.site.4, 1, 174, 175
908612.3.peg.199.site.5, 103, 166, 269
908612.3.peg.199.site.6, 54, 168, 222
908612.3.peg.199.site.7, 3, 173, 176
908612.3.peg.199.site.8, 67, 167, 234
908612.3.peg.199.site.9, 1, 174, 175
908612.3.peg.199.site.10, 1, 173, 174
908612.3.peg.199.site.11, 1, 174, 175
908612.3.peg.199.site.12, 16, 174, 190
908612.3.peg.199.site.13, 22, 176, 198
908612.3.peg.199.site.14, 0, 177, 177
908612.3.peg.199.site.15, 4, 175, 179
908612.3.peg.199.site.16, 3, 176, 179
908612.3.peg.199.site.17, 3, 177, 180
908612.3.peg.199.site.18, 0, 175, 175
908612.3.peg.199.site.19, 3, 177, 180
908612.3.peg.199.site.20, 99, 169, 268
908612.3.peg.199.site.21, 8, 177, 185
908612.3.peg.199.site.22, 1, 175, 176
908612.3.peg.199.site.23, 0, 173, 173
908612.3.peg.199.site.24, 0, 174, 174
908612.3.peg.199.site.25, 3, 175, 178
908612.3.peg.199.site.26, 3, 176, 179
908612.3.peg.199.site.27, 3, 176, 179
908612.3.peg.198.site.1, 103, 175, 278
908612.3.peg.198.site.2, 37, 175, 212
908612.3.peg.198.site.3, 2, 176, 178
908612.3.peg.198.site.4, 113, 173, 286
908612.3.peg.198.site.5, 115, 176, 291
908612.3.peg.198.site.6, 0, 178, 178
908612.3.peg.198.site.7, 10, 178, 188
908612.3.peg.198.site.8, 1, 176, 177
908612.3.peg.198.site.9, 12, 171, 183
908612.3.peg.198.site.10, 111, 163, 274
908612.3.peg.198.site.11, 1, 166, 167
908612.3.peg.198.site.12, 53, 161, 214
908612.3.peg.198.site.13, 34, 175, 209
908612.3.peg.198.site.14, 1, 176, 177
908612.3.peg.198.site.15, 2, 179, 181
908612.3.peg.198.site.16, 0, 179, 179
908612.3.peg.198.site.17, 1, 179, 180
908612.3.peg.198.site.18, 1, 179, 180
908612.3.peg.198.site.19, 2, 179, 181
908612.3.peg.198.site.20, 4, 179, 183
908612.3.peg.198.site.21, 0, 179, 179
908612.3.peg.198.site.22, 92, 177, 269
908612.3.peg.198.site.23, 2, 179, 181
908612.3.peg.198.site.24, 0, 178, 178
908612.3.peg.198.site.25, 28, 178, 206
908612.3.peg.198.site.26, 28, 177, 205
908612.3.peg.198.site.27, 2, 178, 180
908612.3.peg.198.site.28, 5, 177, 182
908612.3.peg.198.site.29, 5, 177, 182
908612.3.peg.198.site.30, 31, 176, 207
908612.3.peg.198.site.31, 30, 172, 202
908612.3.peg.198.site.32, 59, 172, 231
908612.3.peg.198.site.33, 0, 176, 176
908612.3.peg.198.site.34, 8, 176, 184
908612.3.peg.198.site.35, 1, 177, 178
908612.3.peg.198.site.36, 111, 175, 286
908612.3.peg.198.site.37, 72, 170, 242
908612.3.peg.198.site.38, 113, 176, 289
908612.3.peg.2800.site.1, 28, 178, 206
908612.3.peg.2800.site.2, 9, 179, 188
908612.3.peg.2800.site.3, 46, 177, 223
908612.3.peg.2800.site.4, 7, 177, 184
908612.3.peg.2800.site.5, 48, 168, 216
908612.3.peg.2800.site.6, 8, 170, 178
908612.3.peg.2800.site.7, 36, 176, 212
908612.3.peg.2800.site.8, 9, 178, 187
908612.3.peg.2800.site.9, 3, 179, 182
908612.3.peg.2800.site.10, 69, 171, 240
908612.3.peg.2801.site.1, 0, 180, 180
908612.3.peg.2801.site.2, 1, 179, 180
908612.3.peg.2801.site.3, 9, 178, 187
908612.3.peg.2801.site.4, 7, 180, 187
908612.3.peg.2801.site.5, 2, 178, 180
908612.3.peg.2801.site.6, 3, 180, 183
908612.3.peg.2801.site.7, 0, 178, 178
908612.3.peg.2801.site.8, 1, 180, 181
908612.3.peg.2801.site.9, 1, 180, 181
908612.3.peg.2801.site.10, 9, 180, 189
908612.3.peg.2801.site.11, 0, 179, 179
908612.3.peg.2801.site.12, 0, 179, 179
908612.3.peg.2801.site.13, 3, 180, 183
908612.3.peg.2801.site.14, 8, 180, 188
908612.3.peg.2801.site.15, 26, 179, 205
908612.3.peg.2801.site.16, 3, 178, 181
908612.3.peg.2802.site.1, 0, 178, 178
908612.3.peg.2802.site.2, 98, 175, 273
908612.3.peg.2802.site.3, 0, 179, 179
908612.3.peg.2802.site.4, 1, 177, 178
908612.3.peg.2802.site.5, 1, 178, 179
908612.3.peg.2802.site.6, 20, 179, 199
908612.3.peg.2802.site.7, 1, 171, 172
908612.3.peg.2802.site.8, 53, 167, 220
908612.3.peg.2802.site.9, 0, 173, 173
908612.3.peg.2802.site.10, 0, 173, 173
908612.3.peg.2802.site.11, 8, 150, 158
908612.3.peg.2802.site.12, 1, 177, 178
908612.3.peg.2802.site.13, 6, 174, 180
908612.3.peg.2802.site.14, 0, 176, 176
908612.3.peg.2802.site.15, 5, 177, 182
908612.3.peg.2802.site.16, 7, 173, 180
908612.3.peg.2802.site.17, 16, 177, 193
908612.3.peg.2802.site.18, 32, 175, 207
908612.3.peg.2803.site.1, 49, 178, 227
908612.3.peg.2803.site.2, 112, 178, 290
908612.3.peg.2803.site.3, 30, 177, 207
908612.3.peg.2803.site.4, 9, 176, 185
908612.3.peg.2804.site.1, 9, 179, 188
908612.3.peg.2804.site.2, 14, 177, 191
908612.3.peg.2804.site.3, 10, 177, 187
908612.3.peg.2804.site.4, 0, 176, 176
908612.3.peg.2804.site.5, 39, 179, 218
908612.3.peg.2804.site.6, 61, 177, 238
908612.3.peg.2804.site.7, 43, 177, 220
908612.3.peg.2804.site.8, 9, 180, 189
908612.3.peg.2804.site.9, 0, 180, 180
908612.3.peg.2804.site.10, 13, 178, 191
908612.3.peg.2804.site.11, 6, 178, 184
908612.3.peg.2804.site.12, 4, 179, 183
908612.3.peg.2804.site.13, 7, 180, 187
908612.3.peg.2804.site.14, 10, 178, 188
908612.3.peg.2804.site.15, 29, 178, 207
908612.3.peg.2804.site.16, 0, 180, 180
908612.3.peg.2804.site.17, 3, 179, 182
908612.3.peg.2804.site.18, 82, 176, 258
908612.3.peg.2804.site.19, 92, 173, 265
908612.3.peg.2804.site.20, 27, 159, 186
908612.3.peg.2804.site.21, 1, 170, 171
908612.3.peg.2804.site.22, 32, 176, 208
908612.3.peg.2804.site.23, 16, 179, 195
908612.3.peg.2804.site.24, 13, 177, 190
908612.3.peg.2804.site.25, 0, 179, 179
908612.3.peg.2804.site.26, 13, 179, 192
908612.3.peg.2804.site.27, 8, 179, 187
908612.3.peg.2804.site.28, 0, 180, 180
908612.3.peg.2804.site.29, 24, 179, 203
908612.3.peg.2804.site.30, 4, 180, 184
908612.3.peg.2804.site.31, 12, 177, 189
908612.3.peg.2804.site.32, 12, 173, 185
908612.3.peg.2804.site.33, 42, 178, 220
908612.3.peg.2804.site.34, 0, 180, 180
908612.3.peg.2804.site.35, 0, 180, 180
908612.3.peg.2804.site.36, 24, 180, 204
908612.3.peg.2804.site.37, 2, 180, 182
908612.3.peg.2804.site.38, 1, 178, 179
908612.3.peg.2804.site.39, 34, 176, 210
908612.3.peg.2804.site.40, 15, 170, 185
908612.3.peg.2804.site.41, 9, 173, 182
908612.3.peg.2804.site.42, 5, 140, 145
908612.3.peg.2805.site.1, 1, 178, 179
908612.3.peg.2805.site.2, 0, 180, 180
908612.3.peg.2805.site.3, 4, 177, 181
908612.3.peg.2805.site.4, 0, 179, 179
908612.3.peg.2805.site.5, 0, 179, 179
908612.3.peg.2805.site.6, 0, 180, 180
908612.3.peg.2805.site.7, 48, 177, 225
908612.3.peg.2805.site.8, 21, 180, 201
908612.3.peg.2805.site.9, 4, 177, 181
908612.3.peg.2805.site.10, 6, 178, 184
908612.3.peg.2805.site.11, 4, 179, 183
908612.3.peg.2805.site.12, 40, 174, 214
908612.3.peg.2805.site.13, 9, 180, 189
908612.3.peg.2805.site.14, 9, 180, 189
908612.3.peg.2805.site.15, 4, 180, 184
908612.3.peg.2805.site.16, 7, 179, 186
908612.3.peg.2805.site.17, 7, 175, 182
908612.3.peg.2805.site.18, 2, 179, 181
908612.3.peg.2805.site.19, 16, 177, 193
908612.3.peg.2805.site.20, 14, 178, 192
908612.3.peg.2805.site.21, 0, 180, 180
908612.3.peg.2805.site.22, 6, 179, 185
908612.3.peg.2805.site.23, 9, 168, 177
908612.3.peg.2805.site.24, 0, 180, 180
908612.3.peg.2805.site.25, 25, 179, 204
908612.3.peg.2805.site.26, 84, 175, 259
908612.3.peg.2806.site.1, 0, 179, 179
908612.3.peg.2806.site.2, 0, 179, 179
908612.3.peg.2806.site.3, 1, 180, 181
908612.3.peg.2806.site.4, 2, 179, 181
908612.3.peg.2806.site.5, 33, 179, 212
908612.3.peg.2806.site.6, 6, 179, 185
908612.3.peg.2806.site.7, 8, 179, 187
908612.3.peg.2806.site.8, 25, 179, 204
908612.3.peg.2806.site.9, 26, 180, 206
908612.3.peg.2806.site.10, 0, 179, 179
908612.3.peg.2806.site.11, 72, 176, 248
908612.3.peg.2806.site.12, 1, 180, 181
908612.3.peg.2806.site.13, 6, 180, 186
908612.3.peg.2806.site.14, 0, 179, 179
908612.3.peg.2806.site.15, 20, 180, 200
908612.3.peg.2806.site.16, 21, 180, 201
908612.3.peg.2806.site.17, 3, 180, 183
908612.3.peg.2806.site.18, 74, 166, 240
908612.3.peg.2806.site.19, 88, 178, 266
908612.3.peg.2806.site.20, 3, 180, 183
908612.3.peg.2807.site.1, 1, 179, 180
908612.3.peg.2807.site.2, 105, 172, 277
908612.3.peg.2807.site.3, 28, 179, 207
908612.3.peg.2807.site.4, 8, 177, 185
908612.3.peg.2807.site.5, 2, 178, 180
908612.3.peg.2807.site.6, 2, 180, 182
908612.3.peg.2807.site.7, 37, 173, 210
908612.3.peg.2807.site.8, 16, 175, 191
908612.3.peg.2807.site.9, 29, 175, 204
908612.3.peg.2807.site.10, 110, 173, 283
908612.3.peg.2807.site.11, 22, 173, 195
908612.3.peg.2807.site.12, 3, 179, 182
908612.3.peg.2807.site.13, 4, 180, 184
908612.3.peg.2807.site.14, 3, 170, 173
908612.3.peg.2807.site.15, 1, 173, 174
908612.3.peg.2807.site.16, 18, 172, 190
908612.3.peg.2807.site.17, 95, 172, 267
908612.3.peg.2807.site.18, 3, 177, 180
908612.3.peg.2807.site.19, 1, 178, 179
908612.3.peg.2808.site.1, 0, 177, 177
908612.3.peg.2808.site.2, 0, 177, 177
908612.3.peg.2808.site.3, 54, 172, 226
908612.3.peg.2808.site.4, 0, 178, 178
908612.3.peg.2808.site.5, 7, 179, 186
908612.3.peg.2808.site.6, 5, 178, 183
908612.3.peg.2808.site.7, 1, 169, 170
908612.3.peg.2808.site.8, 45, 160, 205
908612.3.peg.2808.site.9, 22, 163, 185
908612.3.peg.2808.site.10, 30, 169, 199
908612.3.peg.2808.site.11, 3, 180, 183
908612.3.peg.2808.site.12, 0, 180, 180
908612.3.peg.2808.site.13, 85, 174, 259
908612.3.peg.2808.site.14, 3, 177, 180
908612.3.peg.2808.site.15, 2, 177, 179
908612.3.peg.2808.site.16, 129, 177, 306
908612.3.peg.2808.site.17, 1, 178, 179
908612.3.peg.2808.site.18, 3, 180, 183
908612.3.peg.2808.site.19, 2, 180, 182
908612.3.peg.2808.site.20, 6, 178, 184
908612.3.peg.2808.site.21, 3, 178, 181
908612.3.peg.2808.site.22, 15, 176, 191
908612.3.peg.2808.site.23, 1, 178, 179
908612.3.peg.2808.site.24, 105, 175, 280
908612.3.peg.2808.site.25, 10, 178, 188
908612.3.peg.2808.site.26, 5, 180, 185
908612.3.peg.2808.site.27, 2, 178, 180
908612.3.peg.2808.site.28, 115, 177, 292
908612.3.peg.2808.site.29, 27, 177, 204
908612.3.peg.2808.site.30, 75, 175, 250
908612.3.peg.2808.site.31, 99, 173, 272
908612.3.peg.2808.site.32, 1, 177, 178
908612.3.peg.2808.site.33, 15, 177, 192
908612.3.peg.2808.site.34, 1, 175, 176
908612.3.peg.2808.site.35, 11, 167, 178
908612.3.peg.2808.site.36, 2, 176, 178
908612.3.peg.2808.site.37, 123, 174, 297
908612.3.peg.2808.site.38, 0, 180, 180
908612.3.peg.2808.site.39, 0, 179, 179
908612.3.peg.2809.site.1, 120, 175, 295
908612.3.peg.2809.site.2, 150, 175, 325
908612.3.peg.2809.site.3, 7, 173, 180
908612.3.peg.2809.site.4, 4, 174, 178
908612.3.peg.2809.site.5, 0, 173, 173
908612.3.peg.2809.site.6, 11, 168, 179
908612.3.peg.2809.site.7, 1, 135, 136
908612.3.peg.2809.site.8, 15, 142, 157
908612.3.peg.2809.site.9, 3, 163, 166
908612.3.peg.2809.site.10, 127, 160, 287
908612.3.peg.2809.site.11, 105, 165, 270
908612.3.peg.2809.site.12, 16, 177, 193
908612.3.peg.2809.site.13, 47, 171, 218
908612.3.peg.2809.site.14, 10, 163, 173
908612.3.peg.2809.site.15, 3, 158, 161
908612.3.peg.2809.site.16, 1, 142, 143
908612.3.peg.2809.site.17, 0, 180, 180
908612.3.peg.2809.site.18, 28, 160, 188
908612.3.peg.2809.site.19, 7, 166, 173
908612.3.peg.2809.site.20, 25, 167, 192
908612.3.peg.2809.site.21, 8, 169, 177
908612.3.peg.2809.site.22, 1, 175, 176
908612.3.peg.2809.site.23, 125, 174, 299
908612.3.peg.2809.site.24, 2, 174, 176
908612.3.peg.2809.site.25, 123, 172, 295
908612.3.peg.2809.site.26, 34, 163, 197
908612.3.peg.2809.site.27, 1, 139, 140
908612.3.peg.2809.site.28, 59, 125, 184
908612.3.peg.2809.site.29, 64, 148, 212
908612.3.peg.2809.site.30, 7, 159, 166
908612.3.peg.2809.site.31, 0, 176, 176
908612.3.peg.2809.site.32, 3, 177, 180
908612.3.peg.992.site.1, 0, 176, 176
908612.3.peg.992.site.2, 0, 178, 178
908612.3.peg.992.site.3, 64, 173, 237
908612.3.peg.992.site.4, 7, 179, 186
908612.3.peg.992.site.5, 64, 174, 238
908612.3.peg.992.site.6, 5, 179, 184
908612.3.peg.992.site.7, 21, 175, 196
908612.3.peg.992.site.8, 22, 177, 199
908612.3.peg.992.site.9, 22, 176, 198
908612.3.peg.992.site.10, 23, 177, 200
908612.3.peg.992.site.11, 24, 178, 202
908612.3.peg.992.site.12, 6, 179, 185
908612.3.peg.992.site.13, 42, 176, 218
908612.3.peg.992.site.14, 63, 173, 236
908612.3.peg.992.site.15, 7, 178, 185
908612.3.peg.992.site.16, 56, 173, 229
908612.3.peg.1968.site.1, 0, 178, 178
908612.3.peg.1968.site.2, 2, 179, 181
908612.3.peg.1968.site.3, 0, 180, 180
908612.3.peg.1968.site.4, 105, 173, 278
908612.3.peg.1968.site.5, 0, 174, 174
908612.3.peg.1968.site.6, 2, 177, 179
908612.3.peg.1968.site.7, 13, 177, 190
908612.3.peg.1968.site.8, 12, 176, 188
908612.3.peg.1968.site.9, 85, 173, 258
908612.3.peg.1968.site.10, 13, 176, 189
908612.3.peg.1968.site.11, 27, 180, 207
908612.3.peg.1968.site.12, 0, 179, 179
908612.3.peg.1968.site.13, 14, 179, 193
908612.3.peg.1969.site.1, 2, 179, 181
908612.3.peg.1969.site.2, 0, 180, 180
908612.3.peg.1969.site.3, 2, 179, 181
908612.3.peg.1969.site.4, 43, 178, 221
908612.3.peg.1969.site.5, 14, 178, 192
908612.3.peg.1969.site.6, 18, 179, 197
908612.3.peg.1969.site.7, 43, 177, 220
908612.3.peg.1969.site.8, 2, 179, 181
908612.3.peg.1969.site.9, 0, 180, 180
908612.3.peg.1969.site.10, 29, 179, 208
908612.3.peg.1969.site.11, 2, 180, 182
908612.3.peg.1969.site.12, 2, 180, 182
908612.3.peg.1969.site.13, 50, 177, 227
908612.3.peg.1969.site.14, 51, 178, 229
908612.3.peg.1969.site.15, 8, 179, 187
908612.3.peg.1969.site.16, 48, 175, 223
908612.3.peg.1969.site.17, 46, 175, 221
908612.3.peg.1969.site.18, 47, 177, 224
908612.3.peg.1969.site.19, 42, 173, 215
908612.3.peg.1969.site.20, 38, 168, 206
908612.3.peg.1969.site.21, 41, 170, 211
908612.3.peg.1969.site.22, 0, 178, 178
908612.3.peg.1969.site.23, 0, 173, 173
908612.3.peg.1969.site.24, 3, 176, 179
908612.3.peg.1969.site.25, 2, 174, 176
908612.3.peg.1969.site.26, 0, 174, 174
908612.3.peg.1969.site.27, 14, 143, 157
908612.3.peg.1969.site.28, 44, 165, 209
908612.3.peg.1967.site.1, 49, 87, 136
908612.3.peg.1967.site.2, 2, 85, 87
908612.3.peg.1967.site.3, 9, 83, 92
908612.3.peg.1967.site.4, 12, 52, 64
908612.3.peg.1967.site.5, 4, 51, 55
908612.3.peg.1967.site.6, 8, 46, 54
908612.3.peg.1967.site.7, 23, 61, 84
908612.3.peg.1967.site.8, 26, 62, 88
908612.3.peg.1967.site.9, 15, 66, 81
908612.3.peg.1967.site.10, 11, 60, 71
908612.3.peg.1967.site.11, 13, 62, 75
908612.3.peg.1967.site.12, 1, 67, 68
908612.3.peg.1967.site.13, 33, 94, 127
908612.3.peg.1967.site.14, 59, 93, 152
908612.3.peg.1967.site.15, 67, 131, 198
908612.3.peg.1967.site.16, 17, 168, 185
908612.3.peg.1967.site.17, 0, 175, 175
908612.3.peg.1967.site.18, 0, 179, 179
908612.3.peg.1967.site.19, 8, 180, 188
908612.3.peg.1967.site.20, 23, 178, 201
908612.3.peg.1967.site.21, 0, 176, 176
908612.3.peg.1967.site.22, 13, 173, 186
908612.3.peg.1967.site.23, 12, 177, 189
908612.3.peg.1967.site.24, 14, 176, 190
908612.3.peg.1967.site.25, 19, 177, 196
908612.3.peg.1967.site.26, 1, 178, 179
908612.3.peg.1967.site.27, 2, 177, 179
908612.3.peg.1967.site.28, 1, 178, 179
908612.3.peg.1967.site.29, 108, 168, 276
908612.3.peg.1967.site.30, 16, 173, 189
908612.3.peg.1967.site.31, 90, 167, 257
908612.3.peg.1967.site.32, 0, 177, 177
908612.3.peg.1967.site.33, 2, 175, 177
908612.3.peg.1967.site.34, 111, 175, 286
908612.3.peg.2068.site.1, 4, 180, 184
908612.3.peg.2068.site.2, 1, 179, 180
908612.3.peg.2068.site.3, 6, 178, 184
908612.3.peg.2068.site.4, 1, 179, 180
908612.3.peg.2068.site.5, 6, 179, 185
908612.3.peg.2068.site.6, 2, 180, 182
908612.3.peg.2068.site.7, 149, 178, 327
908612.3.peg.2068.site.8, 1, 178, 179
908612.3.peg.2068.site.9, 156, 177, 333
908612.3.peg.2068.site.10, 0, 180, 180
908612.3.peg.2068.site.11, 1, 180, 181
908612.3.peg.2068.site.12, 0, 177, 177
908612.3.peg.2068.site.13, 0, 174, 174
908612.3.peg.2068.site.14, 2, 173, 175
908612.3.peg.2069.site.1, 1, 180, 181
908612.3.peg.2069.site.2, 26, 180, 206
908612.3.peg.2069.site.3, 0, 180, 180
908612.3.peg.2069.site.4, 0, 179, 179
908612.3.peg.2069.site.5, 2, 179, 181
908612.3.peg.2069.site.6, 80, 176, 256
908612.3.peg.2069.site.7, 1, 179, 180
908612.3.peg.2069.site.8, 46, 176, 222
908612.3.peg.2069.site.9, 15, 177, 192
908612.3.peg.2069.site.10, 2, 180, 182
908612.3.peg.2069.site.11, 0, 179, 179
908612.3.peg.2069.site.12, 5, 179, 184
908612.3.peg.2069.site.13, 5, 178, 183
908612.3.peg.2069.site.14, 0, 180, 180
908612.3.peg.2069.site.15, 0, 180, 180
908612.3.peg.2069.site.16, 153, 175, 328
908612.3.peg.2069.site.17, 5, 179, 184
908612.3.peg.2069.site.18, 44, 176, 220
908612.3.peg.2069.site.19, 0, 176, 176
908612.3.peg.2069.site.20, 0, 172, 172
908612.3.peg.2069.site.21, 0, 160, 160
908612.3.peg.2069.site.22, 1, 177, 178
908612.3.peg.2069.site.23, 142, 170, 312
908612.3.peg.2069.site.24, 3, 175, 178
908612.3.peg.2069.site.25, 135, 167, 302
908612.3.peg.2069.site.26, 7, 165, 172
908612.3.peg.2069.site.27, 131, 166, 297
908612.3.peg.2069.site.28, 143, 168, 311
908612.3.peg.2069.site.29, 126, 160, 286
908612.3.peg.2069.site.30, 130, 164, 294
908612.3.peg.2069.site.31, 1, 178, 179
908612.3.peg.2069.site.32, 0, 178, 178
908612.3.peg.2066.site.1, 24, 178, 202
908612.3.peg.2066.site.2, 52, 175, 227
908612.3.peg.2066.site.3, 9, 177, 186
908612.3.peg.2066.site.4, 1, 168, 169
908612.3.peg.2066.site.5, 7, 168, 175
908612.3.peg.2066.site.6, 0, 174, 174
908612.3.peg.2066.site.7, 6, 178, 184
908612.3.peg.2066.site.8, 0, 177, 177
908612.3.peg.2066.site.9, 9, 178, 187
908612.3.peg.2066.site.10, 55, 176, 231
908612.3.peg.2066.site.11, 2, 179, 181
908612.3.peg.2066.site.12, 56, 178, 234
908612.3.peg.2066.site.13, 55, 174, 229
908612.3.peg.2066.site.14, 2, 180, 182
908612.3.peg.2066.site.15, 0, 179, 179
908612.3.peg.2066.site.16, 37, 179, 216
908612.3.peg.2066.site.17, 17, 162, 179
908612.3.peg.2066.site.18, 1, 138, 139
908612.3.peg.2066.site.19, 2, 144, 146
908612.3.peg.2066.site.20, 2, 142, 144
908612.3.peg.2066.site.21, 0, 165, 165
908612.3.peg.2066.site.22, 39, 160, 199
908612.3.peg.2066.site.23, 3, 164, 167
908612.3.peg.2066.site.24, 32, 175, 207
908612.3.peg.2067.site.1, 41, 178, 219
908612.3.peg.2067.site.2, 35, 178, 213
908612.3.peg.2067.site.3, 2, 179, 181
908612.3.peg.2067.site.4, 0, 178, 178
908612.3.peg.2067.site.5, 1, 177, 178
908612.3.peg.2067.site.6, 31, 172, 203
908612.3.peg.2067.site.7, 2, 177, 179
908612.3.peg.2067.site.8, 44, 168, 212
908612.3.peg.2067.site.9, 36, 159, 195
908612.3.peg.2067.site.10, 0, 175, 175
908612.3.peg.2067.site.11, 45, 163, 208
908612.3.peg.2067.site.12, 43, 157, 200
908612.3.peg.2067.site.13, 2, 177, 179
908612.3.peg.2067.site.14, 100, 171, 271
908612.3.peg.2067.site.15, 120, 176, 296
908612.3.peg.2067.site.16, 118, 179, 297
908612.3.peg.2067.site.17, 137, 176, 313
908612.3.peg.2067.site.18, 0, 178, 178
908612.3.peg.2067.site.19, 0, 177, 177
908612.3.peg.2067.site.20, 55, 171, 226
908612.3.peg.2067.site.21, 11, 174, 185
908612.3.peg.2067.site.22, 107, 177, 284
908612.3.peg.2067.site.23, 3, 177, 180
908612.3.peg.2067.site.24, 1, 176, 177
908612.3.peg.2067.site.25, 2, 178, 180
908612.3.peg.2067.site.26, 97, 166, 263
908612.3.peg.2067.site.27, 138, 175, 313
908612.3.peg.2067.site.28, 1, 179, 180
908612.3.peg.2067.site.29, 20, 177, 197
908612.3.peg.2067.site.30, 0, 178, 178
908612.3.peg.2067.site.31, 0, 177, 177
908612.3.peg.2067.site.32, 137, 178, 315
908612.3.peg.2067.site.33, 3, 179, 182
908612.3.peg.2067.site.34, 0, 180, 180
908612.3.peg.2067.site.35, 1, 179, 180
908612.3.peg.2065.site.1, 42, 171, 213
908612.3.peg.2065.site.2, 46, 174, 220
908612.3.peg.2065.site.3, 5, 180, 185
908612.3.peg.2065.site.4, 38, 178, 216
908612.3.peg.2065.site.5, 56, 175, 231
908612.3.peg.2062.site.1, 1, 177, 178
908612.3.peg.2062.site.2, 0, 178, 178
908612.3.peg.2062.site.3, 13, 176, 189
908612.3.peg.2062.site.4, 1, 178, 179
908612.3.peg.2062.site.5, 5, 179, 184
908612.3.peg.2062.site.6, 2, 178, 180
908612.3.peg.2062.site.7, 1, 180, 181
908612.3.peg.2062.site.8, 2, 166, 168
908612.3.peg.2062.site.9, 2, 171, 173
908612.3.peg.2062.site.10, 1, 176, 177
908612.3.peg.2062.site.11, 2, 179, 181
908612.3.peg.2062.site.12, 0, 180, 180
908612.3.peg.2062.site.13, 2, 179, 181
908612.3.peg.2062.site.14, 5, 179, 184
908612.3.peg.2062.site.15, 3, 179, 182
908612.3.peg.2062.site.16, 2, 178, 180
908612.3.peg.2062.site.17, 2, 177, 179
908612.3.peg.2062.site.18, 120, 177, 297
908612.3.peg.2062.site.19, 17, 175, 192
908612.3.peg.2062.site.20, 0, 179, 179
908612.3.peg.2062.site.21, 1, 177, 178
908612.3.peg.2062.site.22, 55, 174, 229
908612.3.peg.2062.site.23, 5, 180, 185
908612.3.peg.2062.site.24, 0, 176, 176
908612.3.peg.2062.site.25, 5, 175, 180
908612.3.peg.2062.site.26, 0, 170, 170
908612.3.peg.2062.site.27, 12, 176, 188
908612.3.peg.2062.site.28, 1, 177, 178
908612.3.peg.2062.site.29, 4, 179, 183
908612.3.peg.2062.site.30, 4, 179, 183
908612.3.peg.2062.site.31, 48, 174, 222
908612.3.peg.2062.site.32, 54, 176, 230
908612.3.peg.2062.site.33, 0, 180, 180
908612.3.peg.2062.site.34, 2, 179, 181
908612.3.peg.2062.site.35, 0, 179, 179
908612.3.peg.2063.site.1, 13, 173, 186
908612.3.peg.2063.site.2, 54, 175, 229
908612.3.peg.2063.site.3, 4, 178, 182
908612.3.peg.2063.site.4, 3, 180, 183
908612.3.peg.2063.site.5, 100, 178, 278
908612.3.peg.2063.site.6, 4, 180, 184
908612.3.peg.2063.site.7, 1, 180, 181
908612.3.peg.2063.site.8, 4, 177, 181
908612.3.peg.2063.site.9, 0, 179, 179
908612.3.peg.2063.site.10, 1, 178, 179
908612.3.peg.2063.site.11, 15, 176, 191
908612.3.peg.2063.site.12, 0, 175, 175
908612.3.peg.2063.site.13, 2, 174, 176
908612.3.peg.2063.site.14, 0, 175, 175
908612.3.peg.2063.site.15, 27, 175, 202
908612.3.peg.2063.site.16, 3, 176, 179
908612.3.peg.2063.site.17, 0, 176, 176
908612.3.peg.2063.site.18, 32, 177, 209
908612.3.peg.2063.site.19, 1, 179, 180
908612.3.peg.2063.site.20, 6, 180, 186
908612.3.peg.2063.site.21, 1, 178, 179
908612.3.peg.2063.site.22, 25, 178, 203
908612.3.peg.2063.site.23, 4, 179, 183
908612.3.peg.2063.site.24, 44, 178, 222
908612.3.peg.2063.site.25, 38, 173, 211
908612.3.peg.2063.site.26, 1, 176, 177
908612.3.peg.2063.site.27, 20, 178, 198
908612.3.peg.2063.site.28, 0, 178, 178
908612.3.peg.2063.site.29, 0, 178, 178
908612.3.peg.2063.site.30, 99, 170, 269
908612.3.peg.2063.site.31, 0, 162, 162
908612.3.peg.2063.site.32, 1, 154, 155
908612.3.peg.2063.site.33, 77, 149, 226
908612.3.peg.2063.site.34, 75, 135, 210
908612.3.peg.2063.site.35, 91, 127, 218
908612.3.peg.2063.site.36, 9, 120, 129
908612.3.peg.2063.site.37, 8, 118, 126
908612.3.peg.2060.site.1, 8, 180, 188
908612.3.peg.2060.site.2, 68, 177, 245
908612.3.peg.2060.site.3, 0, 168, 168
908612.3.peg.2060.site.4, 0, 168, 168
908612.3.peg.2060.site.5, 26, 159, 185
908612.3.peg.2060.site.6, 4, 175, 179
908612.3.peg.2060.site.7, 2, 176, 178
908612.3.peg.2060.site.8, 4, 176, 180
908612.3.peg.2060.site.9, 1, 180, 181
908612.3.peg.2060.site.10, 0, 177, 177
908612.3.peg.2060.site.11, 5, 179, 184
908612.3.peg.2060.site.12, 76, 174, 250
908612.3.peg.2060.site.13, 13, 179, 192
908612.3.peg.2060.site.14, 142, 180, 322
908612.3.peg.2060.site.15, 4, 178, 182
908612.3.peg.2060.site.16, 51, 176, 227
908612.3.peg.2060.site.17, 5, 177, 182
908612.3.peg.2060.site.18, 2, 176, 178
908612.3.peg.2060.site.19, 11, 179, 190
908612.3.peg.2060.site.20, 0, 178, 178
908612.3.peg.2060.site.21, 0, 178, 178
908612.3.peg.2060.site.22, 2, 180, 182
908612.3.peg.2061.site.1, 9, 178, 187
908612.3.peg.2061.site.2, 0, 177, 177
908612.3.peg.2061.site.3, 2, 178, 180
908612.3.peg.2061.site.4, 6, 178, 184
908612.3.peg.1812.site.1, 12, 104, 116
908612.3.peg.1812.site.2, 12, 121, 133
908612.3.peg.1812.site.3, 47, 173, 220
908612.3.peg.1812.site.4, 10, 179, 189
908612.3.peg.1812.site.5, 126, 180, 306
908612.3.peg.1812.site.6, 1, 178, 179
908612.3.peg.1812.site.7, 1, 178, 179
908612.3.peg.1812.site.8, 25, 179, 204
908612.3.peg.1812.site.9, 39, 179, 218
908612.3.peg.1812.site.10, 26, 175, 201
908612.3.peg.1812.site.11, 149, 176, 325
908612.3.peg.1812.site.12, 101, 174, 275
908612.3.peg.1812.site.13, 30, 178, 208
908612.3.peg.1812.site.14, 70, 171, 241
908612.3.peg.1813.site.1, 34, 178, 212
908612.3.peg.1813.site.2, 64, 178, 242
908612.3.peg.1813.site.3, 10, 180, 190
908612.3.peg.1813.site.4, 10, 179, 189
908612.3.peg.1813.site.5, 14, 177, 191
908612.3.peg.1813.site.6, 2, 167, 169
908612.3.peg.1813.site.7, 92, 156, 248
908612.3.peg.1813.site.8, 2, 162, 164
908612.3.peg.1813.site.9, 3, 160, 163
908612.3.peg.1813.site.10, 1, 157, 158
908612.3.peg.1813.site.11, 9, 166, 175
908612.3.peg.1813.site.12, 4, 175, 179
908612.3.peg.1813.site.13, 0, 179, 179
908612.3.peg.1813.site.14, 2, 179, 181
908612.3.peg.1813.site.15, 3, 179, 182
908612.3.peg.1813.site.16, 2, 180, 182
908612.3.peg.1813.site.17, 113, 176, 289
908612.3.peg.1813.site.18, 12, 174, 186
908612.3.peg.1813.site.19, 71, 168, 239
908612.3.peg.1813.site.20, 80, 177, 257
908612.3.peg.1813.site.21, 11, 175, 186
908612.3.peg.1813.site.22, 1, 165, 166
908612.3.peg.1813.site.23, 20, 167, 187
908612.3.peg.1813.site.24, 13, 165, 178
908612.3.peg.1813.site.25, 2, 169, 171
908612.3.peg.1813.site.26, 22, 167, 189
908612.3.peg.1813.site.27, 6, 178, 184
908612.3.peg.1813.site.28, 2, 178, 180
908612.3.peg.1813.site.29, 50, 180, 230
908612.3.peg.1813.site.30, 0, 180, 180
908612.3.peg.1813.site.31, 2, 179, 181
908612.3.peg.1813.site.32, 17, 180, 197
908612.3.peg.1813.site.33, 2, 180, 182
908612.3.peg.1813.site.34, 71, 176, 247
908612.3.peg.1813.site.35, 162, 179, 341
908612.3.peg.1813.site.36, 3, 180, 183
908612.3.peg.1813.site.37, 89, 175, 264
908612.3.peg.1813.site.38, 18, 179, 197
908612.3.peg.1813.site.39, 2, 179, 181
908612.3.peg.1813.site.40, 74, 175, 249
908612.3.peg.1813.site.41, 0, 179, 179
908612.3.peg.1813.site.42, 2, 178, 180
908612.3.peg.1813.site.43, 155, 174, 329
908612.3.peg.1813.site.44, 38, 142, 180
908612.3.peg.1813.site.45, 1, 152, 153
908612.3.peg.1813.site.46, 5, 160, 165
908612.3.peg.1813.site.47, 0, 162, 162
908612.3.peg.1813.site.48, 82, 157, 239
908612.3.peg.1813.site.49, 4, 178, 182
908612.3.peg.1813.site.50, 100, 173, 273
908612.3.peg.1813.site.51, 27, 166, 193
908612.3.peg.1813.site.52, 36, 121, 157
908612.3.peg.1813.site.53, 1, 125, 126
908612.3.peg.1813.site.54, 96, 167, 263
908612.3.peg.1813.site.55, 61, 171, 232
908612.3.peg.1813.site.56, 7, 180, 187
908612.3.peg.1813.site.57, 4, 180, 184
908612.3.peg.1813.site.58, 53, 177, 230
908612.3.peg.1813.site.59, 2, 180, 182
908612.3.peg.1813.site.60, 8, 179, 187
908612.3.peg.1813.site.61, 1, 179, 180
908612.3.peg.1813.site.62, 2, 179, 181
908612.3.peg.1813.site.63, 123, 176, 299
908612.3.peg.1813.site.64, 22, 175, 197
908612.3.peg.1813.site.65, 3, 174, 177
908612.3.peg.1813.site.66, 5, 142, 147
908612.3.peg.1813.site.67, 64, 146, 210
908612.3.peg.1813.site.68, 79, 148, 227
908612.3.peg.1813.site.69, 5, 174, 179
908612.3.peg.1813.site.70, 8, 172, 180
908612.3.peg.1813.site.71, 3, 179, 182
908612.3.peg.1810.site.1, 0, 178, 178
908612.3.peg.1810.site.2, 11, 179, 190
908612.3.peg.1810.site.3, 2, 180, 182
908612.3.peg.1810.site.4, 81, 176, 257
908612.3.peg.1810.site.5, 5, 180, 185
908612.3.peg.1810.site.6, 22, 180, 202
908612.3.peg.1810.site.7, 57, 177, 234
908612.3.peg.1810.site.8, 0, 176, 176
908612.3.peg.1810.site.9, 24, 172, 196
908612.3.peg.1810.site.10, 20, 173, 193
908612.3.peg.1810.site.11, 4, 172, 176
908612.3.peg.1811.site.1, 6, 176, 182
908612.3.peg.1811.site.2, 4, 172, 176
908612.3.peg.1811.site.3, 1, 176, 177
908612.3.peg.1811.site.4, 11, 178, 189
908612.3.peg.1811.site.5, 4, 176, 180
908612.3.peg.1811.site.6, 11, 177, 188
908612.3.peg.1811.site.7, 3, 176, 179
908612.3.peg.1811.site.8, 63, 174, 237
908612.3.peg.1811.site.9, 7, 177, 184
908612.3.peg.1811.site.10, 4, 179, 183
908612.3.peg.1811.site.11, 8, 180, 188
908612.3.peg.1811.site.12, 17, 177, 194
908612.3.peg.1811.site.13, 5, 174, 179
908612.3.peg.1811.site.14, 9, 176, 185
908612.3.peg.1811.site.15, 10, 174, 184
908612.3.peg.1811.site.16, 3, 179, 182
908612.3.peg.1811.site.17, 62, 172, 234
908612.3.peg.1811.site.18, 3, 177, 180
908612.3.peg.1811.site.19, 32, 179, 211
908612.3.peg.1811.site.20, 18, 179, 197
908612.3.peg.1811.site.21, 0, 180, 180
908612.3.peg.1811.site.22, 5, 180, 185
908612.3.peg.1811.site.23, 0, 178, 178
908612.3.peg.1811.site.24, 5, 179, 184
908612.3.peg.1811.site.25, 16, 179, 195
908612.3.peg.1811.site.26, 2, 180, 182
908612.3.peg.1811.site.27, 0, 178, 178
908612.3.peg.1811.site.28, 7, 179, 186
908612.3.peg.1811.site.29, 17, 180, 197
908612.3.peg.1811.site.30, 109, 178, 287
908612.3.peg.1811.site.31, 15, 178, 193
908612.3.peg.1811.site.32, 16, 177, 193
908612.3.peg.1811.site.33, 146, 177, 323
908612.3.peg.1811.site.34, 5, 179, 184
908612.3.peg.1811.site.35, 16, 179, 195
908612.3.peg.1811.site.36, 96, 177, 273
908612.3.peg.1811.site.37, 3, 180, 183
908612.3.peg.1811.site.38, 41, 178, 219
908612.3.peg.1811.site.39, 147, 178, 325
908612.3.peg.1811.site.40, 27, 178, 205
908612.3.peg.1811.site.41, 18, 174, 192
908612.3.peg.1811.site.42, 19, 179, 198
908612.3.peg.1811.site.43, 110, 173, 283
908612.3.peg.1811.site.44, 93, 176, 269
908612.3.peg.1811.site.45, 2, 178, 180
908612.3.peg.1811.site.46, 40, 179, 219
908612.3.peg.1811.site.47, 1, 179, 180
908612.3.peg.1811.site.48, 1, 179, 180
908612.3.peg.1811.site.49, 95, 174, 269
908612.3.peg.1811.site.50, 3, 178, 181
908612.3.peg.1811.site.51, 16, 180, 196
908612.3.peg.1811.site.52, 16, 180, 196
908612.3.peg.1811.site.53, 5, 178, 183
908612.3.peg.1811.site.54, 23, 179, 202
908612.3.peg.1811.site.55, 44, 178, 222
908612.3.peg.1811.site.56, 138, 177, 315
908612.3.peg.1811.site.57, 141, 176, 317
908612.3.peg.1811.site.58, 5, 176, 181
908612.3.peg.1811.site.59, 1, 168, 169
908612.3.peg.1811.site.60, 13, 159, 172
908612.3.peg.1811.site.61, 0, 171, 171
908612.3.peg.1811.site.62, 1, 165, 166
908612.3.peg.1811.site.63, 7, 161, 168
908612.3.peg.1811.site.64, 5, 170, 175
908612.3.peg.1811.site.65, 2, 170, 172
908612.3.peg.1811.site.66, 1, 162, 163
908612.3.peg.1811.site.67, 1, 151, 152
908612.3.peg.1811.site.68, 1, 160, 161
908612.3.peg.1811.site.69, 17, 162, 179
908612.3.peg.1811.site.70, 2, 178, 180
908612.3.peg.1811.site.71, 2, 177, 179
908612.3.peg.1811.site.72, 5, 177, 182
908612.3.peg.1811.site.73, 31, 173, 204
908612.3.peg.1811.site.74, 0, 175, 175
908612.3.peg.1811.site.75, 1, 173, 174
908612.3.peg.1811.site.76, 3, 173, 176
908612.3.peg.1811.site.77, 26, 161, 187
908612.3.peg.1811.site.78, 45, 158, 203
908612.3.peg.1811.site.79, 11, 149, 160
908612.3.peg.1811.site.80, 37, 162, 199
908612.3.peg.1811.site.81, 31, 175, 206
908612.3.peg.1811.site.82, 107, 171, 278
908612.3.peg.1811.site.83, 29, 166, 195
908612.3.peg.1811.site.84, 1, 169, 170
908612.3.peg.1811.site.85, 3, 143, 146
908612.3.peg.1811.site.86, 21, 141, 162
908612.3.peg.1811.site.87, 0, 143, 143
908612.3.peg.1811.site.88, 14, 140, 154
908612.3.peg.1811.site.89, 8, 133, 141
908612.3.peg.1811.site.90, 7, 134, 141
908612.3.peg.1811.site.91, 13, 66, 79
908612.3.peg.1811.site.92, 0, 56, 56
908612.3.peg.1816.site.1, 0, 179, 179
908612.3.peg.1816.site.2, 105, 178, 283
908612.3.peg.1816.site.3, 119, 178, 297
908612.3.peg.1816.site.4, 0, 180, 180
908612.3.peg.1816.site.5, 4, 177, 181
908612.3.peg.1816.site.6, 8, 174, 182
908612.3.peg.1816.site.7, 9, 168, 177
908612.3.peg.1816.site.8, 21, 152, 173
908612.3.peg.1816.site.9, 23, 165, 188
908612.3.peg.1816.site.10, 144, 174, 318
908612.3.peg.1816.site.11, 9, 179, 188
908612.3.peg.1816.site.12, 56, 177, 233
908612.3.peg.1816.site.13, 0, 179, 179
908612.3.peg.1817.site.1, 45, 173, 218
908612.3.peg.1817.site.2, 0, 144, 144
908612.3.peg.1817.site.3, 1, 160, 161
908612.3.peg.1817.site.4, 17, 164, 181
908612.3.peg.1817.site.5, 2, 171, 173
908612.3.peg.1817.site.6, 7, 173, 180
908612.3.peg.1817.site.7, 2, 171, 173
908612.3.peg.1817.site.8, 72, 176, 248
908612.3.peg.1817.site.9, 4, 179, 183
908612.3.peg.1817.site.10, 25, 178, 203
908612.3.peg.1817.site.11, 22, 176, 198
908612.3.peg.1817.site.12, 35, 177, 212
908612.3.peg.1817.site.13, 55, 176, 231
908612.3.peg.1817.site.14, 57, 177, 234
908612.3.peg.1817.site.15, 3, 180, 183
908612.3.peg.1817.site.16, 3, 180, 183
908612.3.peg.1817.site.17, 0, 177, 177
908612.3.peg.1817.site.18, 64, 170, 234
908612.3.peg.1817.site.19, 86, 164, 250
908612.3.peg.1817.site.20, 3, 155, 158
908612.3.peg.1817.site.21, 89, 149, 238
908612.3.peg.1817.site.22, 0, 159, 159
908612.3.peg.1817.site.23, 41, 175, 216
908612.3.peg.1817.site.24, 0, 178, 178
908612.3.peg.1817.site.25, 0, 176, 176
908612.3.peg.1817.site.26, 76, 173, 249
908612.3.peg.1817.site.27, 72, 171, 243
908612.3.peg.1817.site.28, 0, 171, 171
908612.3.peg.1817.site.29, 1, 173, 174
908612.3.peg.1817.site.30, 0, 171, 171
908612.3.peg.1817.site.31, 0, 178, 178
908612.3.peg.1817.site.32, 0, 180, 180
908612.3.peg.1817.site.33, 38, 177, 215
908612.3.peg.1817.site.34, 68, 174, 242
908612.3.peg.1817.site.35, 73, 175, 248
908612.3.peg.1817.site.36, 3, 180, 183
908612.3.peg.1814.site.1, 0, 178, 178
908612.3.peg.1814.site.2, 2, 178, 180
908612.3.peg.1814.site.3, 4, 178, 182
908612.3.peg.1814.site.4, 5, 178, 183
908612.3.peg.1814.site.5, 2, 178, 180
908612.3.peg.1814.site.6, 0, 173, 173
908612.3.peg.1814.site.7, 2, 178, 180
908612.3.peg.1814.site.8, 8, 177, 185
908612.3.peg.1814.site.9, 123, 173, 296
908612.3.peg.1814.site.10, 2, 177, 179
908612.3.peg.1814.site.11, 2, 161, 163
908612.3.peg.1814.site.12, 1, 159, 160
908612.3.peg.1814.site.13, 48, 162, 210
908612.3.peg.1814.site.14, 2, 166, 168
908612.3.peg.1814.site.15, 0, 162, 162
908612.3.peg.1814.site.16, 2, 166, 168
908612.3.peg.1814.site.17, 2, 161, 163
908612.3.peg.1814.site.18, 10, 152, 162
908612.3.peg.1814.site.19, 2, 158, 160
908612.3.peg.1814.site.20, 1, 172, 173
908612.3.peg.1814.site.21, 8, 170, 178
908612.3.peg.1814.site.22, 9, 173, 182
908612.3.peg.1814.site.23, 2, 172, 174
908612.3.peg.1814.site.24, 6, 171, 177
908612.3.peg.1814.site.25, 32, 169, 201
908612.3.peg.1814.site.26, 20, 178, 198
908612.3.peg.1814.site.27, 1, 179, 180
908612.3.peg.1814.site.28, 35, 179, 214
908612.3.peg.1814.site.29, 15, 179, 194
908612.3.peg.1814.site.30, 3, 180, 183
908612.3.peg.1814.site.31, 24, 178, 202
908612.3.peg.1814.site.32, 3, 178, 181
908612.3.peg.1814.site.33, 2, 180, 182
908612.3.peg.1814.site.34, 10, 180, 190
908612.3.peg.1814.site.35, 5, 180, 185
908612.3.peg.1814.site.36, 14, 179, 193
908612.3.peg.1814.site.37, 21, 179, 200
908612.3.peg.1814.site.38, 20, 179, 199
908612.3.peg.1814.site.39, 88, 176, 264
908612.3.peg.1814.site.40, 0, 176, 176
908612.3.peg.1814.site.41, 2, 176, 178
908612.3.peg.1814.site.42, 3, 177, 180
908612.3.peg.1814.site.43, 1, 174, 175
908612.3.peg.1814.site.44, 3, 179, 182
908612.3.peg.1815.site.1, 15, 180, 195
908612.3.peg.1815.site.2, 15, 180, 195
908612.3.peg.1815.site.3, 5, 179, 184
908612.3.peg.1815.site.4, 0, 180, 180
908612.3.peg.1815.site.5, 27, 172, 199
908612.3.peg.1815.site.6, 28, 175, 203
908612.3.peg.1815.site.7, 0, 175, 175
908612.3.peg.1815.site.8, 6, 163, 169
908612.3.peg.1815.site.9, 3, 180, 183
908612.3.peg.1815.site.10, 2, 178, 180
908612.3.peg.1815.site.11, 27, 176, 203
908612.3.peg.1815.site.12, 28, 176, 204
908612.3.peg.1815.site.13, 1, 175, 176
908612.3.peg.1815.site.14, 0, 178, 178
908612.3.peg.1815.site.15, 0, 177, 177
908612.3.peg.1815.site.16, 0, 179, 179
908612.3.peg.1815.site.17, 30, 179, 209
908612.3.peg.1815.site.18, 3, 179, 182
908612.3.peg.1819.site.1, 70, 175, 245
908612.3.peg.1819.site.2, 2, 180, 182
908612.3.peg.1819.site.3, 74, 175, 249
908612.3.peg.1819.site.4, 2, 179, 181
908612.3.peg.1819.site.5, 0, 180, 180
908612.3.peg.1819.site.6, 71, 176, 247
908612.3.peg.1819.site.7, 9, 180, 189
908612.3.peg.1819.site.8, 15, 176, 191
908612.3.peg.1819.site.9, 74, 174, 248
908612.3.peg.1819.site.10, 8, 179, 187
908612.3.peg.1819.site.11, 23, 178, 201
908612.3.peg.1819.site.12, 13, 178, 191
908612.3.peg.1819.site.13, 79, 175, 254
908612.3.peg.2112.site.1, 2, 179, 181
908612.3.peg.2112.site.2, 94, 177, 271
908612.3.peg.2112.site.3, 14, 177, 191
908612.3.peg.2112.site.4, 1, 178, 179
908612.3.peg.2112.site.5, 11, 174, 185
908612.3.peg.2112.site.6, 1, 177, 178
908612.3.peg.2112.site.7, 136, 162, 298
908612.3.peg.2112.site.8, 2, 159, 161
908612.3.peg.2112.site.9, 3, 164, 167
908612.3.peg.2112.site.10, 0, 174, 174
908612.3.peg.2112.site.11, 4, 174, 178
908612.3.peg.2113.site.1, 0, 174, 174
908612.3.peg.2113.site.2, 129, 172, 301
908612.3.peg.2113.site.3, 128, 170, 298
908612.3.peg.2113.site.4, 4, 171, 175
908612.3.peg.2113.site.5, 5, 175, 180
908612.3.peg.2113.site.6, 11, 177, 188
908612.3.peg.2113.site.7, 11, 175, 186
908612.3.peg.2113.site.8, 121, 175, 296
908612.3.peg.2113.site.9, 7, 178, 185
908612.3.peg.2113.site.10, 19, 178, 197
908612.3.peg.2113.site.11, 19, 176, 195
908612.3.peg.2113.site.12, 2, 178, 180
908612.3.peg.2113.site.13, 134, 178, 312
908612.3.peg.2113.site.14, 5, 178, 183
908612.3.peg.2113.site.15, 1, 178, 179
908612.3.peg.2113.site.16, 0, 173, 173
908612.3.peg.2113.site.17, 113, 146, 259
908612.3.peg.2113.site.18, 16, 64, 80
908612.3.peg.2113.site.19, 17, 67, 84
908612.3.peg.2113.site.20, 41, 82, 123
908612.3.peg.2113.site.21, 0, 94, 94
908612.3.peg.2113.site.22, 5, 122, 127
908612.3.peg.2113.site.23, 92, 164, 256
908612.3.peg.2113.site.24, 8, 179, 187
908612.3.peg.2111.site.1, 1, 64, 65
908612.3.peg.2111.site.2, 3, 60, 63
908612.3.peg.2111.site.3, 1, 69, 70
908612.3.peg.2111.site.4, 0, 65, 65
908612.3.peg.2111.site.5, 16, 73, 89
908612.3.peg.2111.site.6, 35, 74, 109
908612.3.peg.2111.site.7, 1, 73, 74
908612.3.peg.2111.site.8, 16, 71, 87
908612.3.peg.2111.site.9, 1, 68, 69
908612.3.peg.2111.site.10, 50, 94, 144
908612.3.peg.2111.site.11, 50, 95, 145
908612.3.peg.2111.site.12, 3, 137, 140
908612.3.peg.2111.site.13, 8, 163, 171
908612.3.peg.2111.site.14, 31, 158, 189
908612.3.peg.2111.site.15, 1, 176, 177
908612.3.peg.2111.site.16, 5, 177, 182
908612.3.peg.2111.site.17, 113, 176, 289
908612.3.peg.2111.site.18, 108, 174, 282
908612.3.peg.2111.site.19, 1, 176, 177
908612.3.peg.2111.site.20, 23, 180, 203
908612.3.peg.2111.site.21, 9, 174, 183
908612.3.peg.2111.site.22, 0, 176, 176
908612.3.peg.2111.site.23, 7, 180, 187
908612.3.peg.2111.site.24, 146, 178, 324
908612.3.peg.2111.site.25, 128, 176, 304
908612.3.peg.2111.site.26, 1, 180, 181
908612.3.peg.2111.site.27, 7, 176, 183
908612.3.peg.2111.site.28, 76, 129, 205
908612.3.peg.2111.site.29, 25, 92, 117
908612.3.peg.2111.site.30, 15, 81, 96
908612.3.peg.2111.site.31, 5, 116, 121
908612.3.peg.2111.site.32, 2, 135, 137
908612.3.peg.2111.site.33, 105, 172, 277
908612.3.peg.2111.site.34, 0, 177, 177
908612.3.peg.2111.site.35, 2, 178, 180
908612.3.peg.2116.site.1, 3, 179, 182
908612.3.peg.2116.site.2, 3, 137, 140
908612.3.peg.2116.site.3, 50, 128, 178
908612.3.peg.2116.site.4, 58, 128, 186
908612.3.peg.2116.site.5, 3, 142, 145
908612.3.peg.2116.site.6, 3, 142, 145
908612.3.peg.2116.site.7, 71, 134, 205
908612.3.peg.2116.site.8, 1, 137, 138
908612.3.peg.2116.site.9, 62, 133, 195
908612.3.peg.2116.site.10, 1, 148, 149
908612.3.peg.2116.site.11, 63, 159, 222
908612.3.peg.2116.site.12, 31, 162, 193
908612.3.peg.2116.site.13, 1, 163, 164
908612.3.peg.2116.site.14, 3, 160, 163
908612.3.peg.2116.site.15, 146, 164, 310
908612.3.peg.2116.site.16, 5, 175, 180
908612.3.peg.2116.site.17, 51, 163, 214
908612.3.peg.2116.site.18, 1, 149, 150
908612.3.peg.2116.site.19, 37, 134, 171
908612.3.peg.2116.site.20, 36, 138, 174
908612.3.peg.2116.site.21, 25, 119, 144
908612.3.peg.2116.site.22, 4, 154, 158
908612.3.peg.2116.site.23, 65, 172, 237
908612.3.peg.2116.site.24, 3, 176, 179
908612.3.peg.2116.site.25, 63, 173, 236
908612.3.peg.2116.site.26, 2, 178, 180
908612.3.peg.2116.site.27, 1, 176, 177
908612.3.peg.2116.site.28, 4, 169, 173
908612.3.peg.2116.site.29, 3, 157, 160
908612.3.peg.2116.site.30, 87, 173, 260
908612.3.peg.2116.site.31, 124, 177, 301
908612.3.peg.2116.site.32, 1, 176, 177
908612.3.peg.2116.site.33, 116, 171, 287
908612.3.peg.2116.site.34, 2, 172, 174
908612.3.peg.2116.site.35, 3, 172, 175
908612.3.peg.2116.site.36, 109, 174, 283
908612.3.peg.2116.site.37, 3, 173, 176
908612.3.peg.2116.site.38, 0, 176, 176
908612.3.peg.2116.site.39, 0, 175, 175
908612.3.peg.2116.site.40, 2, 173, 175
908612.3.peg.2116.site.41, 3, 179, 182
908612.3.peg.2116.site.42, 6, 174, 180
908612.3.peg.2116.site.43, 6, 175, 181
908612.3.peg.2116.site.44, 27, 162, 189
908612.3.peg.2116.site.45, 2, 170, 172
908612.3.peg.2116.site.46, 20, 161, 181
908612.3.peg.2116.site.47, 32, 172, 204
908612.3.peg.2116.site.48, 56, 171, 227
908612.3.peg.2116.site.49, 36, 172, 208
908612.3.peg.2116.site.50, 0, 171, 171
908612.3.peg.2116.site.51, 59, 168, 227
908612.3.peg.2116.site.52, 3, 171, 174
908612.3.peg.2116.site.53, 5, 172, 177
908612.3.peg.2116.site.54, 52, 169, 221
908612.3.peg.2116.site.55, 21, 173, 194
908612.3.peg.2116.site.56, 0, 176, 176
908612.3.peg.2116.site.57, 122, 172, 294
908612.3.peg.2116.site.58, 139, 179, 318
908612.3.peg.2116.site.59, 100, 176, 276
908612.3.peg.2116.site.60, 68, 177, 245
908612.3.peg.2116.site.61, 0, 179, 179
908612.3.peg.2116.site.62, 68, 176, 244
908612.3.peg.2116.site.63, 102, 175, 277
908612.3.peg.2116.site.64, 136, 175, 311
908612.3.peg.2116.site.65, 137, 176, 313
908612.3.peg.2116.site.66, 66, 177, 243
908612.3.peg.2117.site.1, 51, 146, 197
908612.3.peg.2117.site.2, 6, 139, 145
908612.3.peg.2117.site.3, 53, 129, 182
908612.3.peg.2117.site.4, 42, 130, 172
908612.3.peg.2117.site.5, 3, 130, 133
908612.3.peg.2117.site.6, 2, 115, 117
908612.3.peg.2117.site.7, 62, 124, 186
908612.3.peg.2117.site.8, 83, 130, 213
908612.3.peg.2117.site.9, 39, 136, 175
908612.3.peg.2117.site.10, 1, 148, 149
908612.3.peg.2117.site.11, 7, 155, 162
908612.3.peg.2117.site.12, 18, 151, 169
908612.3.peg.2117.site.13, 62, 148, 210
908612.3.peg.2117.site.14, 82, 162, 244
908612.3.peg.2117.site.15, 137, 166, 303
908612.3.peg.2117.site.16, 80, 174, 254
908612.3.peg.2117.site.17, 77, 171, 248
908612.3.peg.2117.site.18, 1, 179, 180
908612.3.peg.2117.site.19, 81, 174, 255
908612.3.peg.2117.site.20, 96, 167, 263
908612.3.peg.2117.site.21, 114, 175, 289
908612.3.peg.2117.site.22, 1, 180, 181
908612.3.peg.2117.site.23, 45, 179, 224
908612.3.peg.2117.site.24, 2, 177, 179
908612.3.peg.2117.site.25, 109, 166, 275
908612.3.peg.2117.site.26, 106, 161, 267
908612.3.peg.2117.site.27, 5, 166, 171
908612.3.peg.2117.site.28, 107, 156, 263
908612.3.peg.2117.site.29, 1, 163, 164
908612.3.peg.2117.site.30, 124, 151, 275
908612.3.peg.2117.site.31, 32, 166, 198
908612.3.peg.2117.site.32, 3, 169, 172
908612.3.peg.2117.site.33, 30, 167, 197
908612.3.peg.2117.site.34, 4, 173, 177
908612.3.peg.2117.site.35, 40, 166, 206
908612.3.peg.2117.site.36, 43, 166, 209
908612.3.peg.2117.site.37, 7, 179, 186
908612.3.peg.2117.site.38, 2, 175, 177
908612.3.peg.2117.site.39, 1, 177, 178
908612.3.peg.2117.site.40, 2, 150, 152
908612.3.peg.2117.site.41, 18, 160, 178
908612.3.peg.2117.site.42, 17, 175, 192
908612.3.peg.2117.site.43, 100, 172, 272
908612.3.peg.2117.site.44, 8, 174, 182
908612.3.peg.2117.site.45, 0, 176, 176
908612.3.peg.2117.site.46, 42, 169, 211
908612.3.peg.2117.site.47, 58, 174, 232
908612.3.peg.2117.site.48, 27, 174, 201
908612.3.peg.2117.site.49, 16, 177, 193
908612.3.peg.2117.site.50, 1, 178, 179
908612.3.peg.2117.site.51, 1, 177, 178
908612.3.peg.2117.site.52, 3, 180, 183
908612.3.peg.2114.site.1, 0, 180, 180
908612.3.peg.2114.site.2, 13, 178, 191
908612.3.peg.2114.site.3, 32, 178, 210
908612.3.peg.2114.site.4, 14, 179, 193
908612.3.peg.2114.site.5, 2, 177, 179
908612.3.peg.2114.site.6, 6, 174, 180
908612.3.peg.2114.site.7, 0, 175, 175
908612.3.peg.2114.site.8, 87, 172, 259
908612.3.peg.2114.site.9, 4, 176, 180
908612.3.peg.2114.site.10, 2, 175, 177
908612.3.peg.2114.site.11, 1, 176, 177
908612.3.peg.2114.site.12, 3, 176, 179
908612.3.peg.2114.site.13, 168, 178, 346
908612.3.peg.2114.site.14, 0, 177, 177
908612.3.peg.2114.site.15, 20, 173, 193
908612.3.peg.2114.site.16, 49, 175, 224
908612.3.peg.2114.site.17, 16, 171, 187
908612.3.peg.2114.site.18, 2, 152, 154
908612.3.peg.2114.site.19, 92, 135, 227
908612.3.peg.2114.site.20, 79, 123, 202
908612.3.peg.2114.site.21, 91, 124, 215
908612.3.peg.2114.site.22, 2, 125, 127
908612.3.peg.2114.site.23, 58, 171, 229
908612.3.peg.2114.site.24, 54, 165, 219
908612.3.peg.2114.site.25, 3, 174, 177
908612.3.peg.2114.site.26, 28, 164, 192
908612.3.peg.2114.site.27, 81, 174, 255
908612.3.peg.2114.site.28, 75, 158, 233
908612.3.peg.2114.site.29, 61, 175, 236
908612.3.peg.2114.site.30, 15, 177, 192
908612.3.peg.2114.site.31, 171, 173, 344
908612.3.peg.2114.site.32, 84, 173, 257
908612.3.peg.2114.site.33, 16, 177, 193
908612.3.peg.2114.site.34, 68, 170, 238
908612.3.peg.2114.site.35, 0, 174, 174
908612.3.peg.2114.site.36, 61, 175, 236
908612.3.peg.2114.site.37, 12, 175, 187
908612.3.peg.2114.site.38, 2, 177, 179
908612.3.peg.2114.site.39, 175, 178, 353
908612.3.peg.2114.site.40, 2, 179, 181
908612.3.peg.2115.site.1, 105, 175, 280
908612.3.peg.2115.site.2, 175, 177, 352
908612.3.peg.2115.site.3, 0, 179, 179
908612.3.peg.2115.site.4, 0, 179, 179
908612.3.peg.2115.site.5, 3, 177, 180
908612.3.peg.2115.site.6, 2, 177, 179
908612.3.peg.2115.site.7, 2, 174, 176
908612.3.peg.2115.site.8, 112, 174, 286
908612.3.peg.2115.site.9, 35, 172, 207
908612.3.peg.2115.site.10, 0, 178, 178
908612.3.peg.2115.site.11, 1, 180, 181
908612.3.peg.2115.site.12, 40, 177, 217
908612.3.peg.2115.site.13, 0, 180, 180
908612.3.peg.2115.site.14, 43, 176, 219
908612.3.peg.2115.site.15, 14, 175, 189
908612.3.peg.2115.site.16, 153, 172, 325
908612.3.peg.2115.site.17, 35, 173, 208
908612.3.peg.2115.site.18, 1, 148, 149
908612.3.peg.2115.site.19, 12, 165, 177
908612.3.peg.2115.site.20, 70, 172, 242
908612.3.peg.2115.site.21, 3, 177, 180
908612.3.peg.2115.site.22, 3, 177, 180
908612.3.peg.2115.site.23, 1, 175, 176
908612.3.peg.2115.site.24, 1, 176, 177
908612.3.peg.2115.site.25, 133, 153, 286
908612.3.peg.2115.site.26, 10, 168, 178
908612.3.peg.2115.site.27, 151, 176, 327
908612.3.peg.2115.site.28, 4, 176, 180
908612.3.peg.2115.site.29, 4, 176, 180
908612.3.peg.2118.site.1, 1, 157, 158
908612.3.peg.2118.site.2, 1, 162, 163
908612.3.peg.2118.site.3, 15, 166, 181
908612.3.peg.2118.site.4, 1, 170, 171
908612.3.peg.2118.site.5, 19, 177, 196
908612.3.peg.2118.site.6, 3, 178, 181
908612.3.peg.2118.site.7, 26, 179, 205
908612.3.peg.2118.site.8, 7, 178, 185
908612.3.peg.2118.site.9, 3, 177, 180
908612.3.peg.2118.site.10, 85, 176, 261
908612.3.peg.2118.site.11, 4, 154, 158
908612.3.peg.2118.site.12, 52, 157, 209
908612.3.peg.2118.site.13, 27, 166, 193
908612.3.peg.2118.site.14, 0, 176, 176
908612.3.peg.2118.site.15, 2, 180, 182
908612.3.peg.2118.site.16, 0, 180, 180
908612.3.peg.2118.site.17, 8, 180, 188
908612.3.peg.2118.site.18, 2, 180, 182
908612.3.peg.2118.site.19, 30, 177, 207
908612.3.peg.2118.site.20, 2, 180, 182
908612.3.peg.2118.site.21, 2, 179, 181
908612.3.peg.2118.site.22, 63, 175, 238
908612.3.peg.2118.site.23, 96, 171, 267
908612.3.peg.2118.site.24, 88, 170, 258
908612.3.peg.2118.site.25, 2, 168, 170
908612.3.peg.2118.site.26, 56, 165, 221
908612.3.peg.2118.site.27, 78, 161, 239
908612.3.peg.2118.site.28, 72, 164, 236
908612.3.peg.2118.site.29, 128, 173, 301
908612.3.peg.2118.site.30, 14, 174, 188
908612.3.peg.2118.site.31, 24, 171, 195
908612.3.peg.2118.site.32, 3, 170, 173
908612.3.peg.2118.site.33, 16, 162, 178
908612.3.peg.2118.site.34, 2, 164, 166
908612.3.peg.2118.site.35, 22, 160, 182
908612.3.peg.2118.site.36, 3, 166, 169
908612.3.peg.2118.site.37, 17, 163, 180
908612.3.peg.2118.site.38, 14, 172, 186
908612.3.peg.2118.site.39, 27, 172, 199
908612.3.peg.2118.site.40, 2, 174, 176
908612.3.peg.2118.site.41, 13, 175, 188
908612.3.peg.2118.site.42, 46, 152, 198
908612.3.peg.2118.site.43, 22, 158, 180
908612.3.peg.2118.site.44, 2, 159, 161
908612.3.peg.2118.site.45, 1, 148, 149
908612.3.peg.2118.site.46, 42, 136, 178
908612.3.peg.2118.site.47, 48, 140, 188
908612.3.peg.2118.site.48, 7, 141, 148
908612.3.peg.2118.site.49, 6, 175, 181
908612.3.peg.2118.site.50, 7, 178, 185
908612.3.peg.2118.site.51, 52, 167, 219
908612.3.peg.2118.site.52, 5, 173, 178
908612.3.peg.2118.site.53, 12, 172, 184
908612.3.peg.2118.site.54, 0, 180, 180
908612.3.peg.2118.site.55, 7, 165, 172
908612.3.peg.2119.site.1, 1, 178, 179
908612.3.peg.2119.site.2, 2, 180, 182
908612.3.peg.2119.site.3, 6, 175, 181
908612.3.peg.2119.site.4, 19, 170, 189
908612.3.peg.2119.site.5, 3, 172, 175
908612.3.peg.2119.site.6, 9, 173, 182
908612.3.peg.2119.site.7, 78, 175, 253
908612.3.peg.2119.site.8, 2, 180, 182
908612.3.peg.2119.site.9, 2, 179, 181
908612.3.peg.2119.site.10, 4, 172, 176
908612.3.peg.2119.site.11, 10, 170, 180
908612.3.peg.2119.site.12, 1, 173, 174
908612.3.peg.2119.site.13, 4, 145, 149
908612.3.peg.2119.site.14, 1, 174, 175
908612.3.peg.2119.site.15, 2, 179, 181
908612.3.peg.2119.site.16, 106, 177, 283
908612.3.peg.2119.site.17, 2, 180, 182
908612.3.peg.2119.site.18, 1, 178, 179
908612.3.peg.2119.site.19, 2, 180, 182
908612.3.peg.2119.site.20, 2, 179, 181
908612.3.peg.2119.site.21, 1, 180, 181
908612.3.peg.2119.site.22, 3, 177, 180
908612.3.peg.2119.site.23, 3, 180, 183
908612.3.peg.2119.site.24, 0, 179, 179
908612.3.peg.2119.site.25, 1, 180, 181
908612.3.peg.2119.site.26, 115, 179, 294
908612.3.peg.2119.site.27, 5, 180, 185
908612.3.peg.2119.site.28, 141, 178, 319
908612.3.peg.2119.site.29, 0, 179, 179
908612.3.peg.2119.site.30, 6, 180, 186
908612.3.peg.2119.site.31, 3, 179, 182
908612.3.peg.770.site.1, 3, 127, 130
908612.3.peg.770.site.2, 4, 100, 104
908612.3.peg.770.site.3, 1, 120, 121
908612.3.peg.770.site.4, 65, 124, 189
908612.3.peg.770.site.5, 0, 147, 147
908612.3.peg.770.site.6, 42, 154, 196
908612.3.peg.770.site.7, 21, 157, 178
908612.3.peg.770.site.8, 1, 172, 173
908612.3.peg.770.site.9, 7, 144, 151
908612.3.peg.770.site.10, 0, 149, 149
908612.3.peg.770.site.11, 67, 147, 214
908612.3.peg.770.site.12, 46, 149, 195
908612.3.peg.770.site.13, 6, 168, 174
908612.3.peg.770.site.14, 1, 179, 180
908612.3.peg.770.site.15, 5, 179, 184
908612.3.peg.770.site.16, 19, 173, 192
908612.3.peg.770.site.17, 6, 173, 179
908612.3.peg.770.site.18, 3, 175, 178
908612.3.peg.770.site.19, 62, 166, 228
908612.3.peg.770.site.20, 0, 175, 175
908612.3.peg.770.site.21, 2, 179, 181
908612.3.peg.770.site.22, 3, 180, 183
908612.3.peg.770.site.23, 2, 178, 180
908612.3.peg.770.site.24, 2, 177, 179
908612.3.peg.770.site.25, 21, 173, 194
908612.3.peg.770.site.26, 123, 173, 296
908612.3.peg.770.site.27, 6, 172, 178
908612.3.peg.770.site.28, 2, 172, 174
908612.3.peg.770.site.29, 1, 160, 161
908612.3.peg.770.site.30, 97, 153, 250
908612.3.peg.770.site.31, 0, 159, 159
908612.3.peg.770.site.32, 1, 161, 162
908612.3.peg.770.site.33, 5, 161, 166
908612.3.peg.770.site.34, 100, 159, 259
908612.3.peg.770.site.35, 0, 161, 161
908612.3.peg.770.site.36, 98, 157, 255
908612.3.peg.439.site.1, 0, 176, 176
908612.3.peg.439.site.2, 74, 175, 249
908612.3.peg.439.site.3, 11, 179, 190
908612.3.peg.439.site.4, 59, 175, 234
908612.3.peg.439.site.5, 30, 177, 207
908612.3.peg.439.site.6, 6, 154, 160
908612.3.peg.1345.site.1, 38, 175, 213
908612.3.peg.1345.site.2, 0, 178, 178
908612.3.peg.1345.site.3, 12, 180, 192
908612.3.peg.1345.site.4, 0, 179, 179
908612.3.peg.1345.site.5, 1, 180, 181
908612.3.peg.1345.site.6, 0, 179, 179
908612.3.peg.1345.site.7, 11, 173, 184
908612.3.peg.1345.site.8, 2, 173, 175
908612.3.peg.1345.site.9, 41, 173, 214
908612.3.peg.1345.site.10, 0, 177, 177
908612.3.peg.1345.site.11, 0, 163, 163
908612.3.peg.1345.site.12, 35, 160, 195
908612.3.peg.1345.site.13, 1, 178, 179
908612.3.peg.1345.site.14, 0, 175, 175
908612.3.peg.1345.site.15, 1, 180, 181
908612.3.peg.1345.site.16, 0, 178, 178
908612.3.peg.1345.site.17, 72, 177, 249
908612.3.peg.1345.site.18, 7, 177, 184
908612.3.peg.1345.site.19, 0, 175, 175
908612.3.peg.1345.site.20, 55, 173, 228
908612.3.peg.518.site.1, 2, 177, 179
908612.3.peg.518.site.2, 23, 169, 192
908612.3.peg.518.site.3, 111, 173, 284
908612.3.peg.518.site.4, 25, 175, 200
908612.3.peg.518.site.5, 22, 174, 196
908612.3.peg.518.site.6, 20, 173, 193
908612.3.peg.518.site.7, 46, 169, 215
908612.3.peg.518.site.8, 24, 176, 200
908612.3.peg.518.site.9, 46, 170, 216
908612.3.peg.518.site.10, 2, 171, 173
908612.3.peg.518.site.11, 7, 150, 157
908612.3.peg.518.site.12, 5, 148, 153
908612.3.peg.517.site.1, 3, 180, 183
908612.3.peg.517.site.2, 0, 180, 180
908612.3.peg.517.site.3, 0, 179, 179
908612.3.peg.517.site.4, 0, 180, 180
908612.3.peg.517.site.5, 2, 178, 180
908612.3.peg.517.site.6, 13, 178, 191
908612.3.peg.517.site.7, 42, 175, 217
908612.3.peg.517.site.8, 43, 176, 219
908612.3.peg.517.site.9, 2, 179, 181
908612.3.peg.517.site.10, 126, 167, 293
908612.3.peg.517.site.11, 5, 176, 181
908612.3.peg.517.site.12, 6, 174, 180
908612.3.peg.517.site.13, 129, 172, 301
908612.3.peg.517.site.14, 3, 179, 182
908612.3.peg.517.site.15, 53, 175, 228
908612.3.peg.517.site.16, 127, 171, 298
908612.3.peg.517.site.17, 116, 160, 276
908612.3.peg.517.site.18, 1, 162, 163
908612.3.peg.517.site.19, 1, 160, 161
908612.3.peg.517.site.20, 0, 152, 152
908612.3.peg.517.site.21, 3, 150, 153
908612.3.peg.517.site.22, 3, 153, 156
908612.3.peg.517.site.23, 0, 152, 152
908612.3.peg.516.site.1, 0, 176, 176
908612.3.peg.516.site.2, 47, 177, 224
908612.3.peg.516.site.3, 39, 174, 213
908612.3.peg.516.site.4, 40, 177, 217
908612.3.peg.516.site.5, 37, 177, 214
908612.3.peg.516.site.6, 57, 167, 224
908612.3.peg.516.site.7, 13, 150, 163
908612.3.peg.516.site.8, 22, 174, 196
908612.3.peg.515.site.1, 5, 179, 184
908612.3.peg.515.site.2, 6, 177, 183
908612.3.peg.515.site.3, 7, 172, 179
908612.3.peg.515.site.4, 34, 166, 200
908612.3.peg.515.site.5, 58, 164, 222
908612.3.peg.515.site.6, 3, 178, 181
908612.3.peg.515.site.7, 0, 177, 177
908612.3.peg.515.site.8, 3, 179, 182
908612.3.peg.515.site.9, 22, 175, 197
908612.3.peg.515.site.10, 22, 175, 197
908612.3.peg.515.site.11, 3, 179, 182
908612.3.peg.515.site.12, 7, 180, 187
908612.3.peg.515.site.13, 7, 180, 187
908612.3.peg.515.site.14, 1, 179, 180
908612.3.peg.515.site.15, 28, 178, 206
908612.3.peg.515.site.16, 2, 180, 182
908612.3.peg.515.site.17, 49, 177, 226
908612.3.peg.513.site.1, 0, 180, 180
908612.3.peg.513.site.2, 0, 179, 179
908612.3.peg.513.site.3, 47, 178, 225
908612.3.peg.513.site.4, 30, 179, 209
908612.3.peg.513.site.5, 28, 177, 205
908612.3.peg.511.site.1, 3, 179, 182
908612.3.peg.511.site.2, 0, 177, 177
908612.3.peg.511.site.3, 0, 179, 179
908612.3.peg.511.site.4, 62, 176, 238
908612.3.peg.511.site.5, 33, 178, 211
908612.3.peg.1045.site.1, 42, 175, 217
908612.3.peg.1045.site.2, 6, 180, 186
908612.3.peg.1045.site.3, 5, 179, 184
908612.3.peg.1045.site.4, 5, 179, 184
908612.3.peg.1044.site.1, 0, 152, 152
908612.3.peg.1044.site.2, 84, 151, 235
908612.3.peg.1044.site.3, 85, 150, 235
908612.3.peg.1044.site.4, 0, 167, 167
908612.3.peg.1044.site.5, 2, 130, 132
908612.3.peg.1044.site.6, 0, 170, 170
908612.3.peg.1044.site.7, 4, 170, 174
908612.3.peg.1044.site.8, 3, 166, 169
908612.3.peg.1044.site.9, 22, 163, 185
908612.3.peg.1044.site.10, 19, 158, 177
908612.3.peg.1044.site.11, 2, 149, 151
908612.3.peg.1044.site.12, 7, 147, 154
908612.3.peg.1044.site.13, 17, 148, 165
908612.3.peg.1044.site.14, 105, 141, 246
908612.3.peg.1044.site.15, 12, 169, 181
908612.3.peg.1044.site.16, 1, 167, 168
908612.3.peg.1044.site.17, 99, 161, 260
908612.3.peg.1044.site.18, 7, 167, 174
908612.3.peg.1044.site.19, 136, 163, 299
908612.3.peg.1044.site.20, 2, 158, 160
908612.3.peg.1044.site.21, 0, 163, 163
908612.3.peg.1044.site.22, 1, 180, 181
908612.3.peg.1044.site.23, 34, 178, 212
908612.3.peg.1044.site.24, 18, 179, 197
908612.3.peg.1044.site.25, 27, 178, 205
908612.3.peg.1044.site.26, 0, 180, 180
908612.3.peg.1044.site.27, 57, 165, 222
908612.3.peg.1044.site.28, 61, 169, 230
908612.3.peg.1044.site.29, 147, 176, 323
908612.3.peg.1044.site.30, 6, 179, 185
908612.3.peg.1044.site.31, 18, 178, 196
908612.3.peg.1044.site.32, 1, 175, 176
908612.3.peg.1044.site.33, 1, 177, 178
908612.3.peg.1044.site.34, 22, 172, 194
908612.3.peg.1044.site.35, 8, 175, 183
908612.3.peg.1044.site.36, 27, 173, 200
908612.3.peg.1044.site.37, 6, 176, 182
908612.3.peg.1044.site.38, 21, 158, 179
908612.3.peg.1044.site.39, 4, 156, 160
908612.3.peg.1044.site.40, 29, 151, 180
908612.3.peg.1044.site.41, 28, 158, 186
908612.3.peg.1044.site.42, 0, 166, 166
908612.3.peg.1044.site.43, 0, 174, 174
908612.3.peg.1044.site.44, 11, 172, 183
908612.3.peg.1044.site.45, 139, 168, 307
908612.3.peg.1044.site.46, 1, 175, 176
908612.3.peg.1044.site.47, 29, 173, 202
908612.3.peg.1044.site.48, 14, 176, 190
908612.3.peg.1044.site.49, 10, 176, 186
908612.3.peg.1044.site.50, 0, 179, 179
908612.3.peg.1047.site.1, 40, 177, 217
908612.3.peg.1047.site.2, 76, 167, 243
908612.3.peg.1047.site.3, 5, 165, 170
908612.3.peg.1047.site.4, 58, 152, 210
908612.3.peg.1047.site.5, 2, 155, 157
908612.3.peg.1046.site.1, 2, 163, 165
908612.3.peg.1046.site.2, 45, 174, 219
908612.3.peg.1046.site.3, 46, 175, 221
908612.3.peg.1046.site.4, 1, 179, 180
908612.3.peg.1046.site.5, 0, 177, 177
908612.3.peg.1046.site.6, 1, 172, 173
908612.3.peg.1046.site.7, 0, 165, 165
908612.3.peg.1046.site.8, 16, 160, 176
908612.3.peg.1046.site.9, 40, 156, 196
908612.3.peg.1046.site.10, 0, 165, 165
908612.3.peg.1046.site.11, 2, 164, 166
908612.3.peg.1046.site.12, 0, 160, 160
908612.3.peg.1046.site.13, 0, 162, 162
908612.3.peg.1046.site.14, 12, 166, 178
908612.3.peg.1046.site.15, 0, 177, 177
908612.3.peg.1046.site.16, 30, 167, 197
908612.3.peg.1046.site.17, 0, 176, 176
908612.3.peg.1046.site.18, 34, 170, 204
908612.3.peg.1046.site.19, 2, 176, 178
908612.3.peg.1046.site.20, 3, 178, 181
908612.3.peg.1046.site.21, 19, 176, 195
908612.3.peg.1046.site.22, 10, 177, 187
908612.3.peg.1046.site.23, 3, 179, 182
908612.3.peg.1046.site.24, 1, 176, 177
908612.3.peg.1046.site.25, 24, 175, 199
908612.3.peg.1046.site.26, 38, 173, 211
908612.3.peg.1046.site.27, 0, 180, 180
908612.3.peg.1046.site.28, 0, 179, 179
908612.3.peg.1046.site.29, 43, 177, 220
908612.3.peg.1046.site.30, 41, 177, 218
908612.3.peg.1046.site.31, 0, 173, 173
908612.3.peg.1046.site.32, 31, 177, 208
908612.3.peg.1046.site.33, 0, 179, 179
908612.3.peg.1046.site.34, 2, 176, 178
908612.3.peg.1046.site.35, 37, 173, 210
908612.3.peg.1041.site.1, 0, 179, 179
908612.3.peg.1041.site.2, 1, 180, 181
908612.3.peg.1041.site.3, 0, 180, 180
908612.3.peg.1041.site.4, 86, 177, 263
908612.3.peg.1041.site.5, 2, 179, 181
908612.3.peg.1041.site.6, 48, 176, 224
908612.3.peg.1041.site.7, 2, 180, 182
908612.3.peg.1041.site.8, 2, 179, 181
908612.3.peg.1041.site.9, 3, 179, 182
908612.3.peg.1041.site.10, 81, 173, 254
908612.3.peg.1041.site.11, 50, 176, 226
908612.3.peg.1041.site.12, 77, 172, 249
908612.3.peg.1041.site.13, 79, 175, 254
908612.3.peg.1041.site.14, 5, 180, 185
908612.3.peg.1041.site.15, 2, 180, 182
908612.3.peg.1041.site.16, 73, 174, 247
908612.3.peg.1041.site.17, 5, 180, 185
908612.3.peg.1041.site.18, 14, 176, 190
908612.3.peg.1043.site.1, 77, 174, 251
908612.3.peg.1043.site.2, 88, 172, 260
908612.3.peg.1043.site.3, 3, 179, 182
908612.3.peg.1043.site.4, 0, 177, 177
908612.3.peg.1043.site.5, 0, 178, 178
908612.3.peg.1043.site.6, 0, 176, 176
908612.3.peg.1043.site.7, 5, 176, 181
908612.3.peg.1043.site.8, 98, 175, 273
908612.3.peg.1043.site.9, 3, 180, 183
908612.3.peg.1043.site.10, 46, 175, 221
908612.3.peg.1043.site.11, 104, 176, 280
908612.3.peg.1043.site.12, 46, 174, 220
908612.3.peg.1043.site.13, 6, 180, 186
908612.3.peg.1043.site.14, 60, 175, 235
908612.3.peg.1043.site.15, 0, 180, 180
908612.3.peg.1043.site.16, 3, 179, 182
908612.3.peg.1043.site.17, 5, 180, 185
908612.3.peg.1043.site.18, 3, 180, 183
908612.3.peg.1043.site.19, 7, 180, 187
908612.3.peg.1042.site.1, 40, 136, 176
908612.3.peg.1042.site.2, 1, 131, 132
908612.3.peg.1042.site.3, 50, 156, 206
908612.3.peg.1042.site.4, 83, 176, 259
908612.3.peg.1042.site.5, 0, 180, 180
908612.3.peg.1042.site.6, 82, 175, 257
908612.3.peg.1042.site.7, 0, 178, 178
908612.3.peg.1042.site.8, 82, 176, 258
908612.3.peg.1042.site.9, 25, 155, 180
908612.3.peg.1042.site.10, 15, 171, 186
908612.3.peg.1042.site.11, 4, 176, 180
908612.3.peg.1042.site.12, 2, 179, 181
908612.3.peg.1042.site.13, 44, 174, 218
908612.3.peg.1042.site.14, 44, 176, 220
908612.3.peg.1042.site.15, 3, 180, 183
908612.3.peg.1042.site.16, 1, 179, 180
908612.3.peg.1042.site.17, 0, 180, 180
908612.3.peg.1042.site.18, 34, 178, 212
908612.3.peg.203.site.1, 0, 180, 180
908612.3.peg.203.site.2, 2, 180, 182
908612.3.peg.203.site.3, 16, 178, 194
908612.3.peg.203.site.4, 134, 177, 311
908612.3.peg.203.site.5, 147, 177, 324
908612.3.peg.203.site.6, 130, 155, 285
908612.3.peg.203.site.7, 15, 126, 141
908612.3.peg.203.site.8, 21, 131, 152
908612.3.peg.203.site.9, 18, 128, 146
908612.3.peg.203.site.10, 9, 135, 144
908612.3.peg.203.site.11, 40, 150, 190
908612.3.peg.203.site.12, 3, 165, 168
908612.3.peg.203.site.13, 1, 172, 173
908612.3.peg.203.site.14, 3, 172, 175
908612.3.peg.203.site.15, 67, 171, 238
908612.3.peg.203.site.16, 64, 175, 239
908612.3.peg.203.site.17, 0, 179, 179
908612.3.peg.203.site.18, 1, 174, 175
908612.3.peg.203.site.19, 0, 179, 179
908612.3.peg.203.site.20, 55, 168, 223
908612.3.peg.203.site.21, 3, 167, 170
908612.3.peg.203.site.22, 134, 157, 291
908612.3.peg.203.site.23, 11, 166, 177
908612.3.peg.203.site.24, 18, 170, 188
908612.3.peg.203.site.25, 2, 171, 173
908612.3.peg.203.site.26, 15, 178, 193
908612.3.peg.203.site.27, 0, 178, 178
908612.3.peg.203.site.28, 3, 180, 183
908612.3.peg.202.site.1, 0, 33, 33
908612.3.peg.202.site.2, 10, 48, 58
908612.3.peg.202.site.3, 14, 73, 87
908612.3.peg.202.site.4, 14, 179, 193
908612.3.peg.202.site.5, 156, 177, 333
908612.3.peg.202.site.6, 6, 151, 157
908612.3.peg.202.site.7, 2, 147, 149
908612.3.peg.202.site.8, 1, 133, 134
908612.3.peg.202.site.9, 87, 133, 220
908612.3.peg.202.site.10, 1, 154, 155
908612.3.peg.202.site.11, 14, 149, 163
908612.3.peg.202.site.12, 100, 144, 244
908612.3.peg.202.site.13, 127, 176, 303
908612.3.peg.202.site.14, 2, 175, 177
908612.3.peg.202.site.15, 129, 178, 307
908612.3.peg.202.site.16, 2, 179, 181
908612.3.peg.202.site.17, 105, 180, 285
908612.3.peg.202.site.18, 32, 180, 212
908612.3.peg.202.site.19, 0, 180, 180
908612.3.peg.202.site.20, 128, 179, 307
908612.3.peg.202.site.21, 131, 178, 309
908612.3.peg.202.site.22, 135, 179, 314
908612.3.peg.201.site.1, 0, 178, 178
908612.3.peg.201.site.2, 32, 173, 205
908612.3.peg.201.site.3, 0, 174, 174
908612.3.peg.201.site.4, 0, 169, 169
908612.3.peg.201.site.5, 2, 164, 166
908612.3.peg.201.site.6, 0, 168, 168
908612.3.peg.201.site.7, 12, 169, 181
908612.3.peg.201.site.8, 8, 169, 177
908612.3.peg.201.site.9, 6, 171, 177
908612.3.peg.200.site.1, 4, 177, 181
908612.3.peg.200.site.2, 3, 178, 181
908612.3.peg.200.site.3, 3, 177, 180
908612.3.peg.200.site.4, 7, 177, 184
908612.3.peg.200.site.5, 53, 175, 228
908612.3.peg.200.site.6, 3, 176, 179
908612.3.peg.200.site.7, 1, 175, 176
908612.3.peg.200.site.8, 93, 173, 266
908612.3.peg.200.site.9, 11, 176, 187
908612.3.peg.200.site.10, 92, 169, 261
908612.3.peg.200.site.11, 1, 176, 177
908612.3.peg.200.site.12, 2, 173, 175
908612.3.peg.200.site.13, 31, 168, 199
908612.3.peg.200.site.14, 2, 175, 177
908612.3.peg.200.site.15, 0, 177, 177
908612.3.peg.200.site.16, 3, 178, 181
908612.3.peg.200.site.17, 66, 171, 237
908612.3.peg.200.site.18, 2, 178, 180
908612.3.peg.200.site.19, 1, 174, 175
908612.3.peg.200.site.20, 1, 157, 158
908612.3.peg.200.site.21, 6, 162, 168
908612.3.peg.200.site.22, 1, 174, 175
908612.3.peg.200.site.23, 0, 176, 176
908612.3.peg.200.site.24, 21, 178, 199
908612.3.peg.200.site.25, 3, 178, 181
908612.3.peg.200.site.26, 6, 178, 184
908612.3.peg.200.site.27, 9, 176, 185
908612.3.peg.200.site.28, 33, 177, 210
908612.3.peg.200.site.29, 39, 174, 213
908612.3.peg.200.site.30, 1, 178, 179
908612.3.peg.200.site.31, 8, 177, 185
908612.3.peg.200.site.32, 6, 175, 181
908612.3.peg.200.site.33, 0, 176, 176
908612.3.peg.200.site.34, 36, 175, 211
908612.3.peg.200.site.35, 51, 171, 222
908612.3.peg.200.site.36, 1, 177, 178
908612.3.peg.200.site.37, 1, 178, 179
908612.3.peg.200.site.38, 0, 176, 176
908612.3.peg.200.site.39, 0, 178, 178
908612.3.peg.200.site.40, 38, 175, 213
908612.3.peg.200.site.41, 8, 175, 183
908612.3.peg.200.site.42, 3, 171, 174
908612.3.peg.200.site.43, 6, 176, 182
908612.3.peg.200.site.44, 1, 176, 177
908612.3.peg.200.site.45, 78, 170, 248
908612.3.peg.200.site.46, 10, 175, 185
908612.3.peg.200.site.47, 0, 174, 174
908612.3.peg.200.site.48, 1, 160, 161
908612.3.peg.200.site.49, 0, 148, 148
908612.3.peg.200.site.50, 73, 133, 206
908612.3.peg.200.site.51, 0, 132, 132
908612.3.peg.200.site.52, 37, 129, 166
908612.3.peg.200.site.53, 0, 156, 156
908612.3.peg.200.site.54, 0, 154, 154
908612.3.peg.200.site.55, 0, 152, 152
908612.3.peg.200.site.56, 0, 163, 163
908612.3.peg.200.site.57, 0, 171, 171
908612.3.peg.200.site.58, 0, 166, 166
908612.3.peg.200.site.59, 41, 162, 203
908612.3.peg.200.site.60, 58, 159, 217
908612.3.peg.200.site.61, 32, 159, 191
908612.3.peg.200.site.62, 22, 161, 183
908612.3.peg.200.site.63, 1, 161, 162
908612.3.peg.200.site.64, 6, 175, 181
908612.3.peg.200.site.65, 6, 178, 184
908612.3.peg.200.site.66, 14, 178, 192
908612.3.peg.207.site.1, 20, 177, 197
908612.3.peg.207.site.2, 1, 180, 181
908612.3.peg.207.site.3, 100, 171, 271
908612.3.peg.207.site.4, 1, 170, 171
908612.3.peg.207.site.5, 9, 162, 171
908612.3.peg.207.site.6, 5, 161, 166
908612.3.peg.207.site.7, 2, 162, 164
908612.3.peg.207.site.8, 0, 160, 160
908612.3.peg.207.site.9, 5, 162, 167
908612.3.peg.207.site.10, 14, 167, 181
908612.3.peg.207.site.11, 9, 170, 179
908612.3.peg.207.site.12, 7, 170, 177
908612.3.peg.207.site.13, 0, 177, 177
908612.3.peg.207.site.14, 24, 177, 201
908612.3.peg.207.site.15, 0, 177, 177
908612.3.peg.207.site.16, 2, 179, 181
908612.3.peg.207.site.17, 0, 177, 177
908612.3.peg.207.site.18, 16, 174, 190
908612.3.peg.207.site.19, 2, 180, 182
908612.3.peg.207.site.20, 2, 180, 182
908612.3.peg.207.site.21, 3, 180, 183
908612.3.peg.207.site.22, 0, 180, 180
908612.3.peg.207.site.23, 0, 180, 180
908612.3.peg.206.site.1, 2, 180, 182
908612.3.peg.206.site.2, 3, 180, 183
908612.3.peg.206.site.3, 6, 71, 77
908612.3.peg.206.site.4, 3, 65, 68
908612.3.peg.205.site.1, 3, 178, 181
908612.3.peg.205.site.2, 0, 177, 177
908612.3.peg.205.site.3, 13, 177, 190
908612.3.peg.205.site.4, 1, 174, 175
908612.3.peg.205.site.5, 2, 178, 180
908612.3.peg.204.site.1, 1, 176, 177
908612.3.peg.204.site.2, 31, 175, 206
908612.3.peg.204.site.3, 25, 178, 203
908612.3.peg.204.site.4, 3, 178, 181
908612.3.peg.204.site.5, 0, 175, 175
908612.3.peg.204.site.6, 2, 179, 181
908612.3.peg.204.site.7, 67, 175, 242
908612.3.peg.204.site.8, 1, 177, 178
908612.3.peg.204.site.9, 7, 176, 183
908612.3.peg.204.site.10, 2, 179, 181
908612.3.peg.204.site.11, 3, 180, 183
908612.3.peg.204.site.12, 26, 178, 204
908612.3.peg.204.site.13, 6, 177, 183
908612.3.peg.204.site.14, 44, 180, 224
908612.3.peg.204.site.15, 9, 179, 188
908612.3.peg.204.site.16, 39, 165, 204
908612.3.peg.204.site.17, 0, 176, 176
908612.3.peg.204.site.18, 24, 178, 202
908612.3.peg.204.site.19, 46, 179, 225
908612.3.peg.204.site.20, 46, 179, 225
908612.3.peg.204.site.21, 4, 179, 183
908612.3.peg.204.site.22, 4, 178, 182
908612.3.peg.204.site.23, 69, 179, 248
908612.3.peg.204.site.24, 1, 179, 180
908612.3.peg.204.site.25, 0, 178, 178
908612.3.peg.204.site.26, 13, 179, 192
908612.3.peg.204.site.27, 1, 180, 181
908612.3.peg.204.site.28, 0, 180, 180
908612.3.peg.204.site.29, 1, 180, 181
908612.3.peg.209.site.1, 1, 173, 174
908612.3.peg.209.site.2, 3, 177, 180
908612.3.peg.209.site.3, 44, 159, 203
908612.3.peg.209.site.4, 24, 167, 191
908612.3.peg.209.site.5, 10, 172, 182
908612.3.peg.209.site.6, 75, 167, 242
908612.3.peg.209.site.7, 4, 174, 178
908612.3.peg.209.site.8, 84, 157, 241
908612.3.peg.209.site.9, 2, 148, 150
908612.3.peg.209.site.10, 6, 176, 182
908612.3.peg.209.site.11, 3, 176, 179
908612.3.peg.209.site.12, 3, 178, 181
908612.3.peg.209.site.13, 0, 173, 173
908612.3.peg.209.site.14, 3, 154, 157
908612.3.peg.209.site.15, 0, 162, 162
908612.3.peg.209.site.16, 42, 175, 217
908612.3.peg.208.site.1, 0, 180, 180
908612.3.peg.208.site.2, 142, 178, 320
908612.3.peg.208.site.3, 5, 176, 181
908612.3.peg.208.site.4, 9, 178, 187
908612.3.peg.208.site.5, 0, 180, 180
908612.3.peg.208.site.6, 0, 179, 179
908612.3.peg.208.site.7, 0, 180, 180
908612.3.peg.208.site.8, 12, 180, 192
908612.3.peg.208.site.9, 1, 178, 179
908612.3.peg.208.site.10, 22, 177, 199
908612.3.peg.208.site.11, 27, 176, 203
908612.3.peg.208.site.12, 30, 177, 207
908612.3.peg.208.site.13, 2, 179, 181
908612.3.peg.208.site.14, 2, 179, 181
908612.3.peg.208.site.15, 4, 180, 184
908612.3.peg.208.site.16, 4, 180, 184
908612.3.peg.208.site.17, 2, 180, 182
908612.3.peg.1779.site.1, 2, 153, 155
908612.3.peg.1779.site.2, 52, 155, 207
908612.3.peg.1779.site.3, 48, 155, 203
908612.3.peg.1779.site.4, 42, 149, 191
908612.3.peg.1779.site.5, 45, 149, 194
908612.3.peg.1779.site.6, 2, 147, 149
908612.3.peg.1779.site.7, 34, 140, 174
908612.3.peg.1779.site.8, 1, 148, 149
908612.3.peg.1779.site.9, 62, 162, 224
908612.3.peg.1779.site.10, 16, 163, 179
908612.3.peg.1779.site.11, 11, 170, 181
908612.3.peg.1779.site.12, 27, 174, 201
908612.3.peg.1779.site.13, 0, 179, 179
908612.3.peg.1779.site.14, 1, 179, 180
908612.3.peg.1779.site.15, 7, 179, 186
908612.3.peg.1779.site.16, 35, 176, 211
908612.3.peg.1779.site.17, 35, 177, 212
908612.3.peg.1779.site.18, 28, 177, 205
908612.3.peg.1779.site.19, 0, 179, 179
908612.3.peg.1779.site.20, 83, 172, 255
908612.3.peg.1779.site.21, 26, 177, 203
908612.3.peg.1779.site.22, 58, 175, 233
908612.3.peg.1779.site.23, 0, 178, 178
908612.3.peg.1779.site.24, 38, 174, 212
908612.3.peg.1779.site.25, 4, 178, 182
908612.3.peg.1779.site.26, 0, 179, 179
908612.3.peg.1779.site.27, 5, 180, 185
908612.3.peg.1779.site.28, 0, 179, 179
908612.3.peg.1779.site.29, 12, 179, 191
908612.3.peg.1779.site.30, 59, 176, 235
908612.3.peg.1779.site.31, 31, 173, 204
908612.3.peg.1779.site.32, 1, 178, 179
908612.3.peg.1779.site.33, 1, 180, 181
908612.3.peg.1779.site.34, 1, 180, 181
908612.3.peg.1778.site.1, 1, 180, 181
908612.3.peg.1778.site.2, 1, 178, 179
908612.3.peg.1778.site.3, 1, 180, 181
908612.3.peg.1778.site.4, 2, 177, 179
908612.3.peg.1778.site.5, 9, 130, 139
908612.3.peg.1778.site.6, 7, 150, 157
908612.3.peg.1778.site.7, 14, 176, 190
908612.3.peg.1778.site.8, 49, 174, 223
908612.3.peg.1778.site.9, 15, 174, 189
908612.3.peg.1778.site.10, 13, 175, 188
908612.3.peg.1778.site.11, 1, 174, 175
908612.3.peg.1778.site.12, 1, 179, 180
908612.3.peg.1778.site.13, 2, 180, 182
908612.3.peg.1778.site.14, 1, 179, 180
908612.3.peg.1778.site.15, 16, 173, 189
908612.3.peg.1778.site.16, 4, 175, 179
908612.3.peg.1778.site.17, 24, 176, 200
908612.3.peg.1778.site.18, 12, 178, 190
908612.3.peg.1778.site.19, 2, 180, 182
908612.3.peg.1778.site.20, 12, 180, 192
908612.3.peg.1778.site.21, 1, 180, 181
908612.3.peg.1778.site.22, 6, 178, 184
908612.3.peg.1778.site.23, 20, 177, 197
908612.3.peg.1778.site.24, 0, 178, 178
908612.3.peg.1778.site.25, 12, 179, 191
908612.3.peg.1778.site.26, 0, 179, 179
908612.3.peg.1778.site.27, 20, 177, 197
908612.3.peg.1778.site.28, 0, 177, 177
908612.3.peg.1778.site.29, 0, 177, 177
908612.3.peg.1778.site.30, 0, 180, 180
908612.3.peg.1778.site.31, 7, 175, 182
908612.3.peg.1777.site.1, 132, 167, 299
908612.3.peg.1777.site.2, 13, 166, 179
908612.3.peg.1777.site.3, 9, 176, 185
908612.3.peg.1777.site.4, 1, 179, 180
908612.3.peg.1777.site.5, 16, 156, 172
908612.3.peg.1777.site.6, 36, 134, 170
908612.3.peg.1777.site.7, 15, 131, 146
908612.3.peg.1777.site.8, 98, 135, 233
908612.3.peg.1777.site.9, 2, 178, 180
908612.3.peg.1777.site.10, 5, 178, 183
908612.3.peg.1777.site.11, 2, 180, 182
908612.3.peg.1777.site.12, 69, 174, 243
908612.3.peg.1776.site.1, 0, 179, 179
908612.3.peg.1776.site.2, 156, 179, 335
908612.3.peg.1776.site.3, 99, 177, 276
908612.3.peg.1776.site.4, 2, 180, 182
908612.3.peg.1776.site.5, 5, 180, 185
908612.3.peg.1776.site.6, 47, 176, 223
908612.3.peg.1776.site.7, 44, 176, 220
908612.3.peg.1776.site.8, 4, 180, 184
908612.3.peg.1776.site.9, 4, 178, 182
908612.3.peg.1776.site.10, 20, 178, 198
908612.3.peg.1776.site.11, 48, 175, 223
908612.3.peg.1776.site.12, 7, 180, 187
908612.3.peg.1776.site.13, 7, 179, 186
908612.3.peg.1776.site.14, 133, 175, 308
908612.3.peg.1776.site.15, 7, 180, 187
908612.3.peg.1776.site.16, 102, 174, 276
908612.3.peg.1776.site.17, 3, 180, 183
908612.3.peg.1776.site.18, 0, 180, 180
908612.3.peg.1776.site.19, 0, 176, 176
908612.3.peg.1776.site.20, 0, 179, 179
908612.3.peg.1775.site.1, 8, 180, 188
908612.3.peg.1775.site.2, 45, 178, 223
908612.3.peg.1775.site.3, 0, 180, 180
908612.3.peg.1775.site.4, 129, 176, 305
908612.3.peg.1775.site.5, 2, 178, 180
908612.3.peg.1775.site.6, 10, 180, 190
908612.3.peg.1775.site.7, 2, 180, 182
908612.3.peg.1775.site.8, 30, 178, 208
908612.3.peg.1775.site.9, 51, 178, 229
908612.3.peg.1775.site.10, 2, 180, 182
908612.3.peg.1775.site.11, 5, 180, 185
908612.3.peg.1775.site.12, 19, 179, 198
908612.3.peg.1775.site.13, 0, 180, 180
908612.3.peg.1775.site.14, 2, 180, 182
908612.3.peg.1775.site.15, 3, 180, 183
908612.3.peg.1775.site.16, 4, 177, 181
908612.3.peg.1775.site.17, 15, 176, 191
908612.3.peg.1775.site.18, 7, 173, 180
908612.3.peg.1775.site.19, 2, 176, 178
908612.3.peg.1774.site.1, 109, 173, 282
908612.3.peg.1774.site.2, 1, 180, 181
908612.3.peg.1774.site.3, 36, 160, 196
908612.3.peg.1774.site.4, 54, 166, 220
908612.3.peg.1774.site.5, 1, 177, 178
908612.3.peg.1774.site.6, 93, 171, 264
908612.3.peg.1774.site.7, 0, 176, 176
908612.3.peg.1774.site.8, 14, 178, 192
908612.3.peg.1774.site.9, 1, 149, 150
908612.3.peg.1774.site.10, 1, 152, 153
908612.3.peg.1774.site.11, 9, 170, 179
908612.3.peg.1774.site.12, 9, 168, 177
908612.3.peg.1774.site.13, 4, 175, 179
908612.3.peg.1774.site.14, 71, 167, 238
908612.3.peg.1774.site.15, 4, 168, 172
908612.3.peg.1774.site.16, 40, 153, 193
908612.3.peg.1774.site.17, 57, 168, 225
908612.3.peg.1774.site.18, 2, 179, 181
908612.3.peg.1774.site.19, 2, 178, 180
908612.3.peg.1774.site.20, 2, 175, 177
908612.3.peg.1774.site.21, 0, 175, 175
908612.3.peg.1774.site.22, 2, 174, 176
908612.3.peg.1774.site.23, 22, 168, 190
908612.3.peg.1774.site.24, 39, 171, 210
908612.3.peg.1774.site.25, 4, 174, 178
908612.3.peg.1774.site.26, 30, 176, 206
908612.3.peg.1774.site.27, 0, 177, 177
908612.3.peg.1774.site.28, 0, 180, 180
908612.3.peg.1774.site.29, 5, 180, 185
908612.3.peg.1774.site.30, 22, 177, 199
908612.3.peg.1774.site.31, 36, 174, 210
908612.3.peg.1774.site.32, 0, 178, 178
908612.3.peg.1774.site.33, 35, 164, 199
908612.3.peg.1774.site.34, 1, 175, 176
908612.3.peg.1774.site.35, 1, 176, 177
908612.3.peg.1774.site.36, 5, 176, 181
908612.3.peg.1774.site.37, 3, 177, 180
908612.3.peg.1774.site.38, 9, 164, 173
908612.3.peg.1774.site.39, 0, 170, 170
908612.3.peg.1774.site.40, 2, 177, 179
908612.3.peg.1774.site.41, 0, 180, 180
908612.3.peg.1774.site.42, 4, 180, 184
908612.3.peg.1774.site.43, 4, 180, 184
908612.3.peg.1774.site.44, 0, 179, 179
908612.3.peg.1774.site.45, 3, 179, 182
908612.3.peg.1774.site.46, 1, 179, 180
908612.3.peg.1774.site.47, 10, 179, 189
908612.3.peg.1774.site.48, 42, 177, 219
908612.3.peg.1774.site.49, 1, 180, 181
908612.3.peg.1774.site.50, 43, 179, 222
908612.3.peg.1774.site.51, 47, 174, 221
908612.3.peg.1774.site.52, 12, 174, 186
908612.3.peg.1774.site.53, 1, 173, 174
908612.3.peg.1774.site.54, 0, 176, 176
908612.3.peg.1774.site.55, 0, 172, 172
908612.3.peg.1774.site.56, 2, 177, 179
908612.3.peg.1774.site.57, 0, 178, 178
908612.3.peg.1774.site.58, 8, 174, 182
908612.3.peg.1774.site.59, 5, 176, 181
908612.3.peg.1774.site.60, 54, 173, 227
908612.3.peg.1774.site.61, 5, 176, 181
908612.3.peg.1774.site.62, 0, 175, 175
908612.3.peg.1774.site.63, 22, 175, 197
908612.3.peg.1774.site.64, 7, 179, 186
908612.3.peg.1774.site.65, 9, 165, 174
908612.3.peg.1774.site.66, 7, 166, 173
908612.3.peg.1774.site.67, 1, 177, 178
908612.3.peg.1774.site.68, 7, 173, 180
908612.3.peg.1774.site.69, 7, 163, 170
908612.3.peg.1774.site.70, 6, 168, 174
908612.3.peg.1774.site.71, 4, 160, 164
908612.3.peg.1774.site.72, 4, 139, 143
908612.3.peg.1774.site.73, 6, 135, 141
908612.3.peg.1774.site.74, 5, 134, 139
908612.3.peg.1774.site.75, 0, 140, 140
908612.3.peg.1774.site.76, 2, 135, 137
908612.3.peg.1774.site.77, 4, 137, 141
908612.3.peg.1774.site.78, 120, 143, 263
908612.3.peg.1774.site.79, 2, 175, 177
908612.3.peg.1774.site.80, 15, 177, 192
908612.3.peg.1774.site.81, 11, 178, 189
908612.3.peg.1774.site.82, 0, 180, 180
908612.3.peg.1774.site.83, 11, 178, 189
908612.3.peg.1774.site.84, 11, 180, 191
908612.3.peg.1774.site.85, 89, 177, 266
908612.3.peg.1773.site.1, 4, 180, 184
908612.3.peg.1773.site.2, 28, 177, 205
908612.3.peg.1773.site.3, 2, 179, 181
908612.3.peg.1773.site.4, 1, 175, 176
908612.3.peg.1773.site.5, 1, 171, 172
908612.3.peg.1773.site.6, 96, 172, 268
908612.3.peg.1773.site.7, 129, 176, 305
908612.3.peg.1773.site.8, 2, 180, 182
908612.3.peg.1773.site.9, 2, 178, 180
908612.3.peg.1773.site.10, 28, 177, 205
908612.3.peg.1773.site.11, 2, 178, 180
908612.3.peg.1773.site.12, 2, 179, 181
908612.3.peg.1773.site.13, 8, 177, 185
908612.3.peg.1773.site.14, 51, 171, 222
908612.3.peg.1773.site.15, 75, 176, 251
908612.3.peg.1773.site.16, 18, 175, 193
908612.3.peg.1773.site.17, 0, 175, 175
908612.3.peg.1773.site.18, 2, 175, 177
908612.3.peg.1773.site.19, 2, 178, 180
908612.3.peg.1773.site.20, 12, 179, 191
908612.3.peg.1773.site.21, 20, 179, 199
908612.3.peg.1773.site.22, 0, 177, 177
908612.3.peg.1773.site.23, 40, 176, 216
908612.3.peg.1772.site.1, 2, 179, 181
908612.3.peg.1772.site.2, 63, 174, 237
908612.3.peg.1772.site.3, 1, 177, 178
908612.3.peg.1772.site.4, 0, 166, 166
908612.3.peg.1772.site.5, 2, 172, 174
908612.3.peg.1772.site.6, 52, 148, 200
908612.3.peg.1772.site.7, 11, 151, 162
908612.3.peg.1772.site.8, 1, 167, 168
908612.3.peg.1772.site.9, 132, 164, 296
908612.3.peg.1772.site.10, 0, 174, 174
908612.3.peg.1772.site.11, 55, 172, 227
908612.3.peg.1772.site.12, 2, 176, 178
908612.3.peg.1772.site.13, 126, 176, 302
908612.3.peg.1772.site.14, 120, 170, 290
908612.3.peg.1772.site.15, 1, 163, 164
908612.3.peg.1772.site.16, 0, 163, 163
908612.3.peg.1772.site.17, 4, 138, 142
908612.3.peg.1772.site.18, 20, 132, 152
908612.3.peg.1772.site.19, 3, 137, 140
908612.3.peg.1772.site.20, 27, 146, 173
908612.3.peg.1772.site.21, 20, 149, 169
908612.3.peg.1772.site.22, 2, 172, 174
908612.3.peg.1772.site.23, 4, 173, 177
908612.3.peg.1772.site.24, 41, 163, 204
908612.3.peg.1772.site.25, 0, 162, 162
908612.3.peg.1772.site.26, 10, 175, 185
908612.3.peg.1772.site.27, 42, 174, 216
908612.3.peg.1772.site.28, 9, 173, 182
908612.3.peg.1772.site.29, 15, 173, 188
908612.3.peg.1772.site.30, 2, 171, 173
908612.3.peg.1772.site.31, 27, 178, 205
908612.3.peg.1772.site.32, 0, 179, 179
908612.3.peg.1772.site.33, 1, 180, 181
908612.3.peg.1771.site.1, 81, 159, 240
908612.3.peg.1771.site.2, 46, 150, 196
908612.3.peg.1771.site.3, 56, 151, 207
908612.3.peg.1771.site.4, 54, 148, 202
908612.3.peg.1771.site.5, 0, 174, 174
908612.3.peg.1771.site.6, 13, 178, 191
908612.3.peg.1771.site.7, 66, 173, 239
908612.3.peg.1771.site.8, 2, 179, 181
908612.3.peg.1771.site.9, 56, 174, 230
908612.3.peg.1771.site.10, 9, 180, 189
908612.3.peg.1771.site.11, 0, 179, 179
908612.3.peg.1771.site.12, 1, 176, 177
908612.3.peg.1771.site.13, 1, 174, 175
908612.3.peg.1771.site.14, 3, 177, 180
908612.3.peg.1771.site.15, 63, 174, 237
908612.3.peg.1771.site.16, 0, 180, 180
908612.3.peg.1771.site.17, 63, 175, 238
908612.3.peg.1771.site.18, 44, 175, 219
908612.3.peg.1771.site.19, 1, 178, 179
908612.3.peg.1771.site.20, 74, 176, 250
908612.3.peg.1771.site.21, 28, 177, 205
908612.3.peg.1771.site.22, 44, 175, 219
908612.3.peg.1771.site.23, 4, 180, 184
908612.3.peg.1771.site.24, 44, 176, 220
908612.3.peg.1771.site.25, 1, 180, 181
908612.3.peg.1771.site.26, 44, 176, 220
908612.3.peg.1771.site.27, 6, 177, 183
908612.3.peg.1771.site.28, 49, 173, 222
908612.3.peg.1771.site.29, 1, 174, 175
908612.3.peg.1771.site.30, 13, 168, 181
908612.3.peg.1771.site.31, 0, 165, 165
908612.3.peg.1771.site.32, 6, 177, 183
908612.3.peg.1771.site.33, 66, 174, 240
908612.3.peg.1771.site.34, 2, 177, 179
908612.3.peg.1771.site.35, 2, 177, 179
908612.3.peg.1771.site.36, 72, 174, 246
908612.3.peg.1771.site.37, 58, 174, 232
908612.3.peg.1771.site.38, 3, 179, 182
908612.3.peg.1771.site.39, 59, 176, 235
908612.3.peg.1771.site.40, 5, 177, 182
908612.3.peg.1771.site.41, 10, 178, 188
908612.3.peg.1771.site.42, 2, 174, 176
908612.3.peg.1771.site.43, 6, 175, 181
908612.3.peg.1771.site.44, 0, 175, 175
908612.3.peg.1771.site.45, 42, 168, 210
908612.3.peg.1771.site.46, 1, 175, 176
908612.3.peg.1771.site.47, 0, 175, 175
908612.3.peg.1771.site.48, 68, 176, 244
908612.3.peg.1771.site.49, 0, 177, 177
908612.3.peg.1771.site.50, 3, 177, 180
908612.3.peg.1771.site.51, 51, 173, 224
908612.3.peg.1771.site.52, 1, 177, 178
908612.3.peg.1770.site.1, 7, 176, 183
908612.3.peg.1770.site.2, 0, 178, 178
908612.3.peg.1770.site.3, 2, 178, 180
908612.3.peg.1770.site.4, 1, 179, 180
908612.3.peg.1770.site.5, 103, 173, 276
908612.3.peg.1770.site.6, 1, 175, 176
908612.3.peg.1770.site.7, 123, 176, 299
908612.3.peg.1770.site.8, 88, 171, 259
908612.3.peg.1770.site.9, 6, 179, 185
908612.3.peg.1770.site.10, 6, 180, 186
908612.3.peg.1770.site.11, 111, 176, 287
908612.3.peg.1770.site.12, 7, 177, 184
908612.3.peg.1770.site.13, 2, 177, 179
908612.3.peg.1770.site.14, 5, 177, 182
908612.3.peg.1770.site.15, 5, 180, 185
908612.3.peg.1770.site.16, 5, 179, 184
908612.3.peg.1770.site.17, 6, 176, 182
908612.3.peg.1770.site.18, 1, 179, 180
908612.3.peg.1770.site.19, 1, 180, 181
908612.3.peg.1770.site.20, 7, 180, 187
908612.3.peg.1770.site.21, 1, 180, 181
908612.3.peg.1770.site.22, 3, 180, 183
908612.3.peg.1770.site.23, 0, 179, 179
908612.3.peg.1770.site.24, 8, 180, 188
908612.3.peg.1770.site.25, 0, 160, 160
908612.3.peg.346.site.1, 7, 180, 187
908612.3.peg.346.site.2, 9, 178, 187
908612.3.peg.346.site.3, 2, 179, 181
908612.3.peg.346.site.4, 2, 180, 182
908612.3.peg.346.site.5, 4, 178, 182
908612.3.peg.346.site.6, 1, 179, 180
908612.3.peg.346.site.7, 1, 179, 180
908612.3.peg.346.site.8, 2, 180, 182
908612.3.peg.346.site.9, 9, 178, 187
908612.3.peg.346.site.10, 0, 178, 178
908612.3.peg.347.site.1, 0, 178, 178
908612.3.peg.347.site.2, 0, 177, 177
908612.3.peg.347.site.3, 0, 178, 178
908612.3.peg.347.site.4, 2, 180, 182
908612.3.peg.342.site.1, 9, 172, 181
908612.3.peg.342.site.2, 148, 177, 325
908612.3.peg.342.site.3, 9, 180, 189
908612.3.peg.342.site.4, 0, 179, 179
908612.3.peg.342.site.5, 3, 179, 182
908612.3.peg.342.site.6, 14, 178, 192
908612.3.peg.342.site.7, 1, 180, 181
908612.3.peg.342.site.8, 7, 179, 186
908612.3.peg.342.site.9, 0, 179, 179
908612.3.peg.342.site.10, 8, 180, 188
908612.3.peg.342.site.11, 0, 160, 160
908612.3.peg.342.site.12, 33, 145, 178
908612.3.peg.342.site.13, 2, 157, 159
908612.3.peg.342.site.14, 35, 117, 152
908612.3.peg.342.site.15, 69, 131, 200
908612.3.peg.342.site.16, 5, 170, 175
908612.3.peg.342.site.17, 7, 178, 185
908612.3.peg.342.site.18, 0, 180, 180
908612.3.peg.342.site.19, 1, 179, 180
908612.3.peg.342.site.20, 0, 179, 179
908612.3.peg.342.site.21, 38, 176, 214
908612.3.peg.342.site.22, 0, 180, 180
908612.3.peg.342.site.23, 2, 169, 171
908612.3.peg.342.site.24, 33, 163, 196
908612.3.peg.342.site.25, 105, 164, 269
908612.3.peg.342.site.26, 34, 161, 195
908612.3.peg.342.site.27, 14, 148, 162
908612.3.peg.342.site.28, 4, 131, 135
908612.3.peg.342.site.29, 17, 128, 145
908612.3.peg.342.site.30, 2, 174, 176
908612.3.peg.342.site.31, 16, 171, 187
908612.3.peg.342.site.32, 61, 172, 233
908612.3.peg.342.site.33, 11, 176, 187
908612.3.peg.342.site.34, 0, 175, 175
908612.3.peg.342.site.35, 2, 176, 178
908612.3.peg.342.site.36, 0, 175, 175
908612.3.peg.342.site.37, 50, 174, 224
908612.3.peg.342.site.38, 81, 172, 253
908612.3.peg.342.site.39, 1, 166, 167
908612.3.peg.342.site.40, 56, 151, 207
908612.3.peg.342.site.41, 38, 128, 166
908612.3.peg.342.site.42, 38, 129, 167
908612.3.peg.342.site.43, 40, 165, 205
908612.3.peg.342.site.44, 0, 177, 177
908612.3.peg.342.site.45, 2, 178, 180
908612.3.peg.342.site.46, 0, 177, 177
908612.3.peg.342.site.47, 1, 178, 179
908612.3.peg.342.site.48, 0, 178, 178
908612.3.peg.342.site.49, 0, 179, 179
908612.3.peg.342.site.50, 2, 180, 182
908612.3.peg.342.site.51, 0, 178, 178
908612.3.peg.342.site.52, 7, 158, 165
908612.3.peg.342.site.53, 5, 143, 148
908612.3.peg.342.site.54, 13, 132, 145
908612.3.peg.342.site.55, 87, 117, 204
908612.3.peg.342.site.56, 0, 165, 165
908612.3.peg.342.site.57, 8, 170, 178
908612.3.peg.342.site.58, 2, 179, 181
908612.3.peg.342.site.59, 7, 177, 184
908612.3.peg.342.site.60, 0, 177, 177
908612.3.peg.342.site.61, 49, 170, 219
908612.3.peg.342.site.62, 151, 178, 329
908612.3.peg.342.site.63, 1, 180, 181
908612.3.peg.342.site.64, 0, 178, 178
908612.3.peg.342.site.65, 65, 174, 239
908612.3.peg.342.site.66, 10, 173, 183
908612.3.peg.342.site.67, 20, 154, 174
908612.3.peg.342.site.68, 1, 154, 155
908612.3.peg.342.site.69, 4, 167, 171
908612.3.peg.342.site.70, 6, 178, 184
908612.3.peg.342.site.71, 0, 177, 177
908612.3.peg.342.site.72, 48, 172, 220
908612.3.peg.342.site.73, 8, 179, 187
908612.3.peg.342.site.74, 3, 180, 183
908612.3.peg.342.site.75, 5, 180, 185
908612.3.peg.342.site.76, 143, 180, 323
908612.3.peg.342.site.77, 5, 179, 184
908612.3.peg.342.site.78, 1, 180, 181
908612.3.peg.342.site.79, 7, 180, 187
908612.3.peg.342.site.80, 147, 176, 323
908612.3.peg.342.site.81, 2, 177, 179
908612.3.peg.342.site.82, 8, 180, 188
908612.3.peg.342.site.83, 13, 179, 192
908612.3.peg.342.site.84, 12, 180, 192
908612.3.peg.343.site.1, 0, 178, 178
908612.3.peg.343.site.2, 0, 180, 180
908612.3.peg.343.site.3, 0, 180, 180
908612.3.peg.343.site.4, 1, 178, 179
908612.3.peg.343.site.5, 0, 180, 180
908612.3.peg.343.site.6, 0, 180, 180
908612.3.peg.343.site.7, 6, 137, 143
908612.3.peg.343.site.8, 0, 128, 128
908612.3.peg.343.site.9, 0, 180, 180
908612.3.peg.343.site.10, 7, 180, 187
908612.3.peg.343.site.11, 0, 179, 179
908612.3.peg.343.site.12, 102, 175, 277
908612.3.peg.343.site.13, 24, 176, 200
908612.3.peg.343.site.14, 2, 179, 181
908612.3.peg.343.site.15, 5, 178, 183
908612.3.peg.343.site.16, 24, 178, 202
908612.3.peg.343.site.17, 2, 179, 181
908612.3.peg.343.site.18, 0, 180, 180
908612.3.peg.343.site.19, 7, 179, 186
908612.3.peg.343.site.20, 143, 180, 323
908612.3.peg.343.site.21, 0, 180, 180
908612.3.peg.343.site.22, 0, 179, 179
908612.3.peg.343.site.23, 136, 179, 315
908612.3.peg.343.site.24, 137, 179, 316
908612.3.peg.343.site.25, 107, 178, 285
908612.3.peg.343.site.26, 0, 179, 179
908612.3.peg.343.site.27, 110, 176, 286
908612.3.peg.343.site.28, 7, 180, 187
908612.3.peg.343.site.29, 0, 179, 179
908612.3.peg.343.site.30, 11, 172, 183
908612.3.peg.343.site.31, 0, 179, 179
908612.3.peg.343.site.32, 0, 178, 178
908612.3.peg.343.site.33, 0, 179, 179
908612.3.peg.343.site.34, 0, 180, 180
908612.3.peg.343.site.35, 6, 174, 180
908612.3.peg.343.site.36, 12, 178, 190
908612.3.peg.343.site.37, 4, 178, 182
908612.3.peg.343.site.38, 1, 180, 181
908612.3.peg.343.site.39, 6, 177, 183
908612.3.peg.343.site.40, 43, 177, 220
908612.3.peg.343.site.41, 0, 177, 177
908612.3.peg.343.site.42, 6, 180, 186
908612.3.peg.343.site.43, 0, 179, 179
908612.3.peg.343.site.44, 3, 163, 166
908612.3.peg.343.site.45, 4, 177, 181
908612.3.peg.343.site.46, 35, 174, 209
908612.3.peg.343.site.47, 0, 177, 177
908612.3.peg.343.site.48, 125, 174, 299
908612.3.peg.343.site.49, 5, 175, 180
908612.3.peg.343.site.50, 128, 172, 300
908612.3.peg.343.site.51, 6, 179, 185
908612.3.peg.343.site.52, 173, 173, 346
908612.3.peg.343.site.53, 2, 170, 172
908612.3.peg.343.site.54, 0, 180, 180
908612.3.peg.343.site.55, 1, 176, 177
908612.3.peg.343.site.56, 9, 171, 180
908612.3.peg.343.site.57, 117, 151, 268
908612.3.peg.340.site.1, 8, 179, 187
908612.3.peg.340.site.2, 0, 180, 180
908612.3.peg.340.site.3, 16, 180, 196
908612.3.peg.340.site.4, 114, 176, 290
908612.3.peg.340.site.5, 12, 177, 189
908612.3.peg.340.site.6, 150, 179, 329
908612.3.peg.340.site.7, 0, 173, 173
908612.3.peg.340.site.8, 91, 143, 234
908612.3.peg.340.site.9, 0, 69, 69
908612.3.peg.340.site.10, 14, 176, 190
908612.3.peg.340.site.11, 17, 175, 192
908612.3.peg.340.site.12, 0, 173, 173
908612.3.peg.340.site.13, 3, 177, 180
908612.3.peg.340.site.14, 11, 167, 178
908612.3.peg.340.site.15, 15, 180, 195
908612.3.peg.340.site.16, 63, 179, 242
908612.3.peg.340.site.17, 69, 177, 246
908612.3.peg.340.site.18, 3, 175, 178
908612.3.peg.340.site.19, 0, 176, 176
908612.3.peg.340.site.20, 1, 179, 180
908612.3.peg.340.site.21, 17, 178, 195
908612.3.peg.340.site.22, 17, 177, 194
908612.3.peg.340.site.23, 1, 178, 179
908612.3.peg.340.site.24, 8, 178, 186
908612.3.peg.340.site.25, 1, 178, 179
908612.3.peg.341.site.1, 74, 177, 251
908612.3.peg.341.site.2, 8, 177, 185
908612.3.peg.341.site.3, 19, 176, 195
908612.3.peg.341.site.4, 1, 179, 180
908612.3.peg.341.site.5, 74, 175, 249
908612.3.peg.341.site.6, 55, 177, 232
908612.3.peg.341.site.7, 2, 179, 181
908612.3.peg.341.site.8, 50, 176, 226
908612.3.peg.341.site.9, 16, 178, 194
908612.3.peg.341.site.10, 5, 180, 185
908612.3.peg.341.site.11, 3, 178, 181
908612.3.peg.341.site.12, 7, 180, 187
908612.3.peg.341.site.13, 0, 180, 180
908612.3.peg.341.site.14, 8, 179, 187
908612.3.peg.341.site.15, 0, 179, 179
908612.3.peg.341.site.16, 2, 164, 166
908612.3.peg.341.site.17, 9, 167, 176
908612.3.peg.341.site.18, 6, 156, 162
908612.3.peg.341.site.19, 2, 169, 171
908612.3.peg.341.site.20, 1, 179, 180
908612.3.peg.341.site.21, 1, 179, 180
908612.3.peg.1557.site.1, 20, 175, 195
908612.3.peg.1557.site.2, 63, 169, 232
908612.3.peg.1557.site.3, 41, 163, 204
908612.3.peg.1557.site.4, 1, 143, 144
908612.3.peg.1557.site.5, 35, 143, 178
908612.3.peg.1557.site.6, 74, 140, 214
908612.3.peg.1557.site.7, 16, 159, 175
908612.3.peg.1557.site.8, 21, 168, 189
908612.3.peg.1557.site.9, 3, 170, 173
908612.3.peg.1557.site.10, 144, 179, 323
908612.3.peg.1557.site.11, 0, 180, 180
908612.3.peg.1557.site.12, 2, 179, 181
908612.3.peg.1557.site.13, 2, 180, 182
908612.3.peg.1557.site.14, 3, 180, 183
908612.3.peg.1557.site.15, 3, 180, 183
908612.3.peg.1557.site.16, 47, 178, 225
908612.3.peg.1557.site.17, 8, 180, 188
908612.3.peg.1557.site.18, 28, 179, 207
908612.3.peg.1557.site.19, 3, 179, 182
908612.3.peg.1557.site.20, 2, 180, 182
908612.3.peg.1557.site.21, 0, 180, 180
908612.3.peg.1557.site.22, 0, 179, 179
908612.3.peg.1557.site.23, 0, 180, 180
908612.3.peg.1557.site.24, 3, 180, 183
908612.3.peg.1557.site.25, 0, 173, 173
908612.3.peg.1557.site.26, 4, 175, 179
908612.3.peg.1557.site.27, 0, 177, 177
908612.3.peg.1557.site.28, 6, 157, 163
908612.3.peg.1556.site.1, 19, 174, 193
908612.3.peg.1556.site.2, 5, 177, 182
908612.3.peg.1556.site.3, 146, 179, 325
908612.3.peg.1556.site.4, 8, 180, 188
908612.3.peg.1556.site.5, 2, 179, 181
908612.3.peg.1556.site.6, 1, 180, 181
908612.3.peg.1556.site.7, 26, 179, 205
908612.3.peg.1556.site.8, 12, 158, 170
908612.3.peg.1556.site.9, 5, 159, 164
908612.3.peg.1556.site.10, 7, 161, 168
908612.3.peg.1556.site.11, 2, 168, 170
908612.3.peg.1556.site.12, 25, 179, 204
908612.3.peg.1556.site.13, 1, 180, 181
908612.3.peg.1556.site.14, 0, 179, 179
908612.3.peg.1556.site.15, 0, 180, 180
908612.3.peg.1556.site.16, 19, 173, 192
908612.3.peg.1556.site.17, 10, 164, 174
908612.3.peg.1554.site.1, 6, 175, 181
908612.3.peg.1554.site.2, 45, 177, 222
908612.3.peg.1554.site.3, 6, 180, 186
908612.3.peg.1554.site.4, 0, 179, 179
908612.3.peg.1554.site.5, 47, 178, 225
908612.3.peg.1554.site.6, 37, 179, 216
908612.3.peg.1554.site.7, 36, 179, 215
908612.3.peg.1554.site.8, 4, 180, 184
908612.3.peg.1554.site.9, 1, 180, 181
908612.3.peg.1554.site.10, 6, 180, 186
908612.3.peg.1554.site.11, 2, 179, 181
908612.3.peg.1554.site.12, 7, 179, 186
908612.3.peg.1554.site.13, 0, 180, 180
908612.3.peg.1554.site.14, 0, 180, 180
908612.3.peg.1554.site.15, 2, 179, 181
908612.3.peg.1554.site.16, 42, 177, 219
908612.3.peg.1554.site.17, 1, 180, 181
908612.3.peg.1554.site.18, 47, 178, 225
908612.3.peg.1554.site.19, 79, 171, 250
908612.3.peg.1553.site.1, 1, 177, 178
908612.3.peg.1553.site.2, 1, 176, 177
908612.3.peg.1553.site.3, 70, 176, 246
908612.3.peg.1553.site.4, 0, 173, 173
908612.3.peg.1553.site.5, 8, 177, 185
908612.3.peg.1553.site.6, 13, 176, 189
908612.3.peg.1553.site.7, 15, 176, 191
908612.3.peg.1553.site.8, 5, 176, 181
908612.3.peg.1553.site.9, 0, 176, 176
908612.3.peg.1553.site.10, 2, 178, 180
908612.3.peg.1553.site.11, 167, 175, 342
908612.3.peg.1553.site.12, 7, 175, 182
908612.3.peg.1553.site.13, 111, 179, 290
908612.3.peg.1553.site.14, 1, 176, 177
908612.3.peg.1553.site.15, 3, 174, 177
908612.3.peg.1553.site.16, 21, 175, 196
908612.3.peg.1553.site.17, 5, 180, 185
908612.3.peg.1553.site.18, 3, 180, 183
908612.3.peg.1553.site.19, 0, 179, 179
908612.3.peg.1553.site.20, 2, 178, 180
908612.3.peg.1553.site.21, 17, 180, 197
908612.3.peg.1553.site.22, 25, 177, 202
908612.3.peg.1553.site.23, 9, 180, 189
908612.3.peg.1553.site.24, 2, 152, 154
908612.3.peg.1553.site.25, 2, 157, 159
908612.3.peg.1553.site.26, 0, 171, 171
908612.3.peg.1553.site.27, 69, 170, 239
908612.3.peg.1553.site.28, 172, 174, 346
908612.3.peg.1553.site.29, 0, 175, 175
908612.3.peg.1553.site.30, 123, 178, 301
908612.3.peg.1553.site.31, 161, 180, 341
908612.3.peg.1553.site.32, 1, 179, 180
908612.3.peg.1553.site.33, 0, 180, 180
908612.3.peg.1553.site.34, 30, 177, 207
908612.3.peg.1553.site.35, 51, 177, 228
908612.3.peg.1553.site.36, 2, 180, 182
908612.3.peg.1553.site.37, 12, 179, 191
908612.3.peg.1553.site.38, 80, 177, 257
908612.3.peg.1553.site.39, 1, 174, 175
908612.3.peg.1553.site.40, 33, 178, 211
908612.3.peg.1553.site.41, 0, 178, 178
908612.3.peg.1553.site.42, 13, 177, 190
908612.3.peg.1553.site.43, 14, 177, 191
908612.3.peg.1553.site.44, 3, 170, 173
908612.3.peg.1553.site.45, 8, 172, 180
908612.3.peg.1553.site.46, 12, 171, 183
908612.3.peg.1553.site.47, 51, 178, 229
908612.3.peg.1553.site.48, 12, 180, 192
908612.3.peg.1553.site.49, 0, 180, 180
908612.3.peg.1553.site.50, 48, 179, 227
908612.3.peg.1552.site.1, 156, 174, 330
908612.3.peg.1552.site.2, 23, 177, 200
908612.3.peg.1552.site.3, 0, 180, 180
908612.3.peg.1552.site.4, 24, 176, 200
908612.3.peg.1552.site.5, 108, 174, 282
908612.3.peg.1552.site.6, 0, 177, 177
908612.3.peg.1552.site.7, 19, 177, 196
908612.3.peg.1552.site.8, 144, 173, 317
908612.3.peg.1552.site.9, 0, 179, 179
908612.3.peg.1552.site.10, 0, 180, 180
908612.3.peg.1552.site.11, 1, 180, 181
908612.3.peg.1552.site.12, 9, 178, 187
908612.3.peg.1552.site.13, 0, 180, 180
908612.3.peg.1552.site.14, 22, 174, 196
908612.3.peg.1552.site.15, 122, 151, 273
908612.3.peg.1552.site.16, 0, 179, 179
908612.3.peg.1552.site.17, 0, 180, 180
908612.3.peg.1552.site.18, 7, 180, 187
908612.3.peg.1552.site.19, 16, 178, 194
908612.3.peg.1552.site.20, 17, 179, 196
908612.3.peg.1552.site.21, 5, 180, 185
908612.3.peg.1552.site.22, 1, 172, 173
908612.3.peg.1552.site.23, 0, 180, 180
908612.3.peg.1552.site.24, 96, 178, 274
908612.3.peg.1552.site.25, 4, 179, 183
908612.3.peg.1552.site.26, 0, 180, 180
908612.3.peg.1552.site.27, 11, 179, 190
908612.3.peg.1551.site.1, 0, 177, 177
908612.3.peg.1551.site.2, 0, 180, 180
908612.3.peg.1551.site.3, 0, 179, 179
908612.3.peg.1551.site.4, 22, 179, 201
908612.3.peg.1551.site.5, 22, 179, 201
908612.3.peg.1551.site.6, 116, 174, 290
908612.3.peg.1551.site.7, 20, 177, 197
908612.3.peg.1551.site.8, 34, 175, 209
908612.3.peg.1551.site.9, 6, 179, 185
908612.3.peg.1551.site.10, 1, 173, 174
908612.3.peg.1551.site.11, 0, 161, 161
908612.3.peg.1551.site.12, 21, 173, 194
908612.3.peg.1550.site.1, 2, 180, 182
908612.3.peg.1550.site.2, 0, 180, 180
908612.3.peg.1550.site.3, 0, 179, 179
908612.3.peg.1550.site.4, 0, 177, 177
908612.3.peg.1550.site.5, 10, 163, 173
908612.3.peg.1550.site.6, 10, 164, 174
908612.3.peg.1550.site.7, 1, 163, 164
908612.3.peg.1550.site.8, 9, 163, 172
908612.3.peg.1550.site.9, 0, 165, 165
908612.3.peg.1550.site.10, 13, 168, 181
908612.3.peg.1550.site.11, 2, 174, 176
908612.3.peg.1550.site.12, 0, 166, 166
908612.3.peg.1550.site.13, 8, 164, 172
908612.3.peg.1550.site.14, 12, 165, 177
908612.3.peg.1550.site.15, 12, 167, 179
908612.3.peg.1550.site.16, 16, 174, 190
908612.3.peg.1550.site.17, 1, 180, 181
908612.3.peg.1550.site.18, 0, 177, 177
908612.3.peg.1550.site.19, 0, 180, 180
908612.3.peg.1550.site.20, 1, 180, 181
908612.3.peg.1550.site.21, 1, 180, 181
908612.3.peg.1550.site.22, 8, 179, 187
908612.3.peg.1550.site.23, 0, 180, 180
908612.3.peg.1550.site.24, 26, 179, 205
908612.3.peg.1550.site.25, 2, 180, 182
908612.3.peg.1550.site.26, 55, 175, 230
908612.3.peg.1550.site.27, 8, 179, 187
908612.3.peg.1550.site.28, 22, 180, 202
908612.3.peg.1001.site.1, 10, 176, 186
908612.3.peg.1001.site.2, 2, 177, 179
908612.3.peg.1001.site.3, 22, 178, 200
908612.3.peg.1001.site.4, 0, 178, 178
908612.3.peg.1001.site.5, 90, 177, 267
908612.3.peg.1001.site.6, 0, 178, 178
908612.3.peg.1001.site.7, 7, 179, 186
908612.3.peg.1001.site.8, 48, 175, 223
908612.3.peg.1001.site.9, 9, 176, 185
908612.3.peg.1001.site.10, 21, 171, 192
908612.3.peg.1001.site.11, 1, 172, 173
908612.3.peg.1001.site.12, 0, 170, 170
908612.3.peg.1001.site.13, 1, 172, 173
908612.3.peg.1001.site.14, 24, 168, 192
908612.3.peg.1001.site.15, 7, 178, 185
908612.3.peg.1001.site.16, 21, 175, 196
908612.3.peg.1001.site.17, 50, 177, 227
908612.3.peg.1001.site.18, 11, 179, 190
908612.3.peg.1001.site.19, 0, 177, 177
908612.3.peg.1001.site.20, 1, 166, 167
908612.3.peg.1001.site.21, 35, 145, 180
908612.3.peg.1001.site.22, 35, 151, 186
908612.3.peg.1001.site.23, 39, 145, 184
908612.3.peg.1001.site.24, 114, 167, 281
908612.3.peg.1001.site.25, 5, 175, 180
908612.3.peg.1001.site.26, 5, 177, 182
908612.3.peg.1001.site.27, 49, 176, 225
908612.3.peg.1001.site.28, 2, 176, 178
908612.3.peg.1001.site.29, 85, 174, 259
908612.3.peg.1001.site.30, 68, 174, 242
908612.3.peg.1001.site.31, 0, 176, 176
908612.3.peg.1001.site.32, 17, 179, 196
908612.3.peg.1001.site.33, 0, 176, 176
908612.3.peg.1001.site.34, 0, 179, 179
908612.3.peg.1001.site.35, 95, 177, 272
908612.3.peg.1001.site.36, 94, 178, 272
908612.3.peg.1001.site.37, 0, 179, 179
908612.3.peg.1001.site.38, 2, 177, 179
908612.3.peg.1001.site.39, 10, 178, 188
908612.3.peg.1001.site.40, 1, 178, 179
908612.3.peg.1001.site.41, 0, 179, 179
908612.3.peg.1001.site.42, 0, 179, 179
908612.3.peg.1001.site.43, 91, 176, 267
908612.3.peg.1001.site.44, 7, 179, 186
908612.3.peg.1001.site.45, 0, 178, 178
908612.3.peg.1001.site.46, 1, 171, 172
908612.3.peg.1001.site.47, 4, 163, 167
908612.3.peg.1001.site.48, 6, 178, 184
908612.3.peg.1001.site.49, 0, 178, 178
908612.3.peg.1001.site.50, 0, 179, 179
908612.3.peg.1001.site.51, 0, 178, 178
908612.3.peg.1001.site.52, 69, 174, 243
908612.3.peg.1003.site.1, 0, 176, 176
908612.3.peg.1003.site.2, 120, 176, 296
908612.3.peg.1003.site.3, 87, 174, 261
908612.3.peg.1003.site.4, 19, 178, 197
908612.3.peg.1003.site.5, 0, 179, 179
908612.3.peg.1003.site.6, 85, 169, 254
908612.3.peg.1003.site.7, 98, 163, 261
908612.3.peg.1003.site.8, 85, 175, 260
908612.3.peg.1003.site.9, 111, 174, 285
908612.3.peg.1003.site.10, 84, 175, 259
908612.3.peg.1003.site.11, 84, 175, 259
908612.3.peg.1003.site.12, 3, 177, 180
908612.3.peg.1003.site.13, 21, 168, 189
908612.3.peg.1003.site.14, 12, 173, 185
908612.3.peg.1003.site.15, 0, 174, 174
908612.3.peg.1003.site.16, 3, 177, 180
908612.3.peg.1003.site.17, 0, 177, 177
908612.3.peg.1003.site.18, 2, 176, 178
908612.3.peg.1003.site.19, 2, 172, 174
908612.3.peg.1003.site.20, 0, 178, 178
908612.3.peg.1003.site.21, 0, 178, 178
908612.3.peg.1003.site.22, 4, 178, 182
908612.3.peg.1003.site.23, 9, 179, 188
908612.3.peg.1005.site.1, 0, 158, 158
908612.3.peg.1005.site.2, 3, 179, 182
908612.3.peg.1005.site.3, 4, 178, 182
908612.3.peg.1005.site.4, 3, 180, 183
908612.3.peg.1005.site.5, 2, 179, 181
908612.3.peg.1005.site.6, 24, 172, 196
908612.3.peg.1005.site.7, 58, 152, 210
908612.3.peg.1005.site.8, 17, 178, 195
908612.3.peg.1005.site.9, 6, 178, 184
908612.3.peg.1005.site.10, 0, 178, 178
908612.3.peg.1005.site.11, 33, 174, 207
908612.3.peg.1005.site.12, 27, 172, 199
908612.3.peg.1005.site.13, 0, 166, 166
908612.3.peg.1005.site.14, 52, 177, 229
908612.3.peg.1005.site.15, 2, 177, 179
908612.3.peg.1005.site.16, 6, 178, 184
908612.3.peg.1005.site.17, 0, 179, 179
908612.3.peg.1005.site.18, 12, 180, 192
908612.3.peg.1005.site.19, 54, 177, 231
908612.3.peg.1005.site.20, 17, 178, 195
908612.3.peg.1005.site.21, 50, 177, 227
908612.3.peg.1005.site.22, 12, 172, 184
908612.3.peg.1005.site.23, 26, 178, 204
908612.3.peg.1005.site.24, 0, 178, 178
908612.3.peg.1005.site.25, 35, 175, 210
908612.3.peg.1005.site.26, 35, 178, 213
908612.3.peg.1005.site.27, 11, 173, 184
908612.3.peg.1005.site.28, 5, 173, 178
908612.3.peg.1005.site.29, 16, 168, 184
908612.3.peg.1005.site.30, 4, 163, 167
908612.3.peg.1005.site.31, 43, 158, 201
908612.3.peg.1005.site.32, 19, 179, 198
908612.3.peg.1005.site.33, 5, 180, 185
908612.3.peg.1005.site.34, 3, 180, 183
908612.3.peg.1005.site.35, 11, 180, 191
908612.3.peg.1005.site.36, 1, 179, 180
908612.3.peg.1005.site.37, 9, 179, 188
908612.3.peg.1005.site.38, 8, 180, 188
908612.3.peg.1005.site.39, 0, 180, 180
908612.3.peg.1005.site.40, 1, 180, 181
908612.3.peg.1005.site.41, 20, 173, 193
908612.3.peg.1005.site.42, 31, 176, 207
908612.3.peg.1005.site.43, 142, 176, 318
908612.3.peg.1004.site.1, 0, 143, 143
908612.3.peg.1004.site.2, 0, 152, 152
908612.3.peg.1004.site.3, 0, 147, 147
908612.3.peg.1004.site.4, 28, 168, 196
908612.3.peg.1004.site.5, 6, 172, 178
908612.3.peg.1004.site.6, 88, 172, 260
908612.3.peg.1004.site.7, 2, 177, 179
908612.3.peg.1004.site.8, 23, 169, 192
908612.3.peg.1004.site.9, 0, 175, 175
908612.3.peg.1004.site.10, 1, 179, 180
908612.3.peg.1004.site.11, 2, 179, 181
908612.3.peg.1004.site.12, 1, 180, 181
908612.3.peg.1559.site.1, 0, 172, 172
908612.3.peg.1559.site.2, 51, 166, 217
908612.3.peg.1559.site.3, 4, 176, 180
908612.3.peg.1559.site.4, 0, 180, 180
908612.3.peg.1559.site.5, 7, 179, 186
908612.3.peg.1559.site.6, 2, 177, 179
908612.3.peg.1559.site.7, 1, 180, 181
908612.3.peg.1559.site.8, 43, 178, 221
908612.3.peg.1559.site.9, 1, 180, 181
908612.3.peg.1559.site.10, 8, 180, 188
908612.3.peg.1559.site.11, 0, 180, 180
908612.3.peg.1559.site.12, 97, 179, 276
908612.3.peg.1559.site.13, 0, 179, 179
908612.3.peg.1559.site.14, 1, 180, 181
908612.3.peg.1559.site.15, 0, 180, 180
908612.3.peg.1559.site.16, 70, 178, 248
908612.3.peg.1559.site.17, 33, 179, 212
908612.3.peg.1559.site.18, 8, 178, 186
908612.3.peg.1559.site.19, 0, 179, 179
908612.3.peg.1559.site.20, 2, 180, 182
908612.3.peg.1559.site.21, 29, 178, 207
908612.3.peg.1559.site.22, 78, 177, 255
908612.3.peg.1559.site.23, 9, 180, 189
908612.3.peg.1559.site.24, 9, 176, 185
908612.3.peg.1559.site.25, 0, 177, 177
908612.3.peg.1559.site.26, 1, 175, 176
908612.3.peg.1559.site.27, 69, 176, 245
908612.3.peg.1559.site.28, 0, 179, 179
908612.3.peg.1559.site.29, 67, 177, 244
908612.3.peg.1006.site.1, 39, 174, 213
908612.3.peg.1006.site.2, 2, 175, 177
908612.3.peg.1006.site.3, 1, 177, 178
908612.3.peg.1006.site.4, 68, 178, 246
908612.3.peg.1006.site.5, 0, 179, 179
908612.3.peg.1006.site.6, 63, 180, 243
908612.3.peg.1006.site.7, 2, 179, 181
908612.3.peg.1006.site.8, 2, 180, 182
908612.3.peg.1006.site.9, 21, 178, 199
908612.3.peg.1006.site.10, 15, 179, 194
908612.3.peg.1006.site.11, 0, 179, 179
908612.3.peg.1006.site.12, 3, 180, 183
908612.3.peg.1006.site.13, 47, 178, 225
908612.3.peg.1006.site.14, 14, 179, 193
908612.3.peg.1006.site.15, 19, 180, 199
908612.3.peg.1006.site.16, 86, 176, 262
908612.3.peg.1006.site.17, 19, 179, 198
908612.3.peg.1006.site.18, 4, 179, 183
908612.3.peg.1006.site.19, 3, 179, 182
908612.3.peg.1006.site.20, 1, 177, 178
908612.3.peg.1006.site.21, 1, 180, 181
908612.3.peg.1006.site.22, 37, 179, 216
908612.3.peg.1006.site.23, 75, 177, 252
908612.3.peg.1006.site.24, 16, 179, 195
908612.3.peg.1006.site.25, 0, 173, 173
908612.3.peg.1006.site.26, 1, 175, 176
908612.3.peg.1006.site.27, 2, 180, 182
908612.3.peg.1171.site.1, 1, 155, 156
908612.3.peg.1171.site.2, 2, 157, 159
908612.3.peg.1171.site.3, 3, 162, 165
908612.3.peg.1171.site.4, 7, 162, 169
908612.3.peg.1171.site.5, 27, 163, 190
908612.3.peg.1171.site.6, 0, 164, 164
908612.3.peg.1171.site.7, 12, 164, 176
908612.3.peg.1171.site.8, 2, 163, 165
908612.3.peg.1171.site.9, 18, 161, 179
908612.3.peg.1171.site.10, 22, 159, 181
908612.3.peg.1171.site.11, 15, 157, 172
908612.3.peg.1171.site.12, 12, 153, 165
908612.3.peg.1171.site.13, 0, 151, 151
908612.3.peg.1171.site.14, 1, 145, 146
908612.3.peg.1171.site.15, 127, 145, 272
908612.3.peg.1171.site.16, 7, 149, 156
908612.3.peg.1171.site.17, 116, 155, 271
908612.3.peg.1171.site.18, 16, 156, 172
908612.3.peg.1171.site.19, 0, 164, 164
908612.3.peg.1171.site.20, 7, 162, 169
908612.3.peg.1171.site.21, 3, 163, 166
908612.3.peg.1170.site.1, 2, 162, 164
908612.3.peg.1170.site.2, 27, 158, 185
908612.3.peg.1170.site.3, 18, 163, 181
908612.3.peg.1170.site.4, 18, 162, 180
908612.3.peg.1170.site.5, 24, 160, 184
908612.3.peg.1170.site.6, 3, 163, 166
908612.3.peg.1170.site.7, 3, 164, 167
908612.3.peg.1170.site.8, 26, 160, 186
908612.3.peg.1170.site.9, 4, 163, 167
908612.3.peg.1170.site.10, 11, 162, 173
908612.3.peg.1170.site.11, 4, 163, 167
908612.3.peg.1170.site.12, 10, 161, 171
908612.3.peg.1170.site.13, 2, 163, 165
908612.3.peg.1486.site.1, 0, 177, 177
908612.3.peg.1486.site.2, 0, 178, 178
908612.3.peg.1486.site.3, 5, 180, 185
908612.3.peg.1481.site.1, 10, 180, 190
908612.3.peg.1481.site.2, 6, 180, 186
908612.3.peg.1480.site.1, 27, 177, 204
908612.3.peg.1480.site.2, 3, 180, 183
908612.3.peg.1482.site.1, 151, 176, 327
908612.3.peg.1482.site.2, 33, 179, 212
908612.3.peg.1482.site.3, 1, 179, 180
908612.3.peg.1482.site.4, 1, 180, 181
908612.3.peg.1482.site.5, 1, 180, 181
908612.3.peg.1482.site.6, 1, 179, 180
908612.3.peg.1482.site.7, 0, 179, 179
908612.3.peg.1489.site.1, 26, 178, 204
908612.3.peg.1489.site.2, 18, 173, 191
908612.3.peg.1488.site.1, 0, 176, 176
908612.3.peg.1488.site.2, 0, 172, 172
908612.3.peg.1488.site.3, 0, 174, 174
908612.3.peg.1488.site.4, 41, 177, 218
908612.3.peg.1488.site.5, 3, 179, 182
908612.3.peg.1488.site.6, 0, 180, 180
908612.3.peg.1488.site.7, 42, 170, 212
908612.3.peg.1488.site.8, 31, 173, 204
908612.3.peg.1488.site.9, 1, 178, 179
908612.3.peg.1488.site.10, 0, 173, 173
908612.3.peg.1488.site.11, 0, 174, 174
908612.3.peg.1488.site.12, 8, 170, 178
908612.3.peg.1488.site.13, 1, 170, 171
908612.3.peg.1488.site.14, 10, 178, 188
908612.3.peg.1488.site.15, 10, 178, 188
908612.3.peg.1488.site.16, 1, 179, 180
908612.3.peg.1488.site.17, 1, 178, 179
908612.3.peg.2479.site.1, 2, 180, 182
908612.3.peg.2479.site.2, 3, 179, 182
908612.3.peg.2479.site.3, 71, 173, 244
908612.3.peg.2479.site.4, 0, 180, 180
908612.3.peg.2479.site.5, 74, 174, 248
908612.3.peg.2479.site.6, 3, 179, 182
908612.3.peg.2479.site.7, 101, 175, 276
908612.3.peg.2479.site.8, 52, 176, 228
908612.3.peg.2479.site.9, 1, 180, 181
908612.3.peg.2479.site.10, 0, 180, 180
908612.3.peg.2479.site.11, 3, 180, 183
908612.3.peg.2479.site.12, 9, 178, 187
908612.3.peg.2479.site.13, 26, 178, 204
908612.3.peg.2479.site.14, 5, 179, 184
908612.3.peg.2478.site.1, 1, 180, 181
908612.3.peg.2478.site.2, 8, 180, 188
908612.3.peg.2478.site.3, 2, 180, 182
908612.3.peg.2478.site.4, 4, 180, 184
908612.3.peg.2478.site.5, 0, 180, 180
908612.3.peg.2478.site.6, 1, 179, 180
908612.3.peg.2478.site.7, 0, 179, 179
908612.3.peg.2478.site.8, 6, 180, 186
908612.3.peg.2478.site.9, 58, 172, 230
908612.3.peg.2478.site.10, 4, 180, 184
908612.3.peg.2478.site.11, 39, 153, 192
908612.3.peg.2478.site.12, 75, 166, 241
908612.3.peg.2478.site.13, 0, 179, 179
908612.3.peg.2478.site.14, 6, 177, 183
908612.3.peg.2478.site.15, 23, 177, 200
908612.3.peg.2478.site.16, 0, 179, 179
908612.3.peg.2478.site.17, 26, 176, 202
908612.3.peg.2478.site.18, 73, 172, 245
908612.3.peg.2478.site.19, 1, 177, 178
908612.3.peg.2478.site.20, 49, 175, 224
908612.3.peg.2478.site.21, 0, 176, 176
908612.3.peg.2478.site.22, 0, 168, 168
908612.3.peg.2478.site.23, 0, 160, 160
908612.3.peg.2478.site.24, 0, 155, 155
908612.3.peg.2478.site.25, 1, 166, 167
908612.3.peg.2478.site.26, 5, 162, 167
908612.3.peg.2470.site.1, 0, 153, 153
908612.3.peg.2470.site.2, 0, 152, 152
908612.3.peg.2470.site.3, 0, 162, 162
908612.3.peg.2470.site.4, 30, 179, 209
908612.3.peg.2470.site.5, 9, 177, 186
908612.3.peg.2470.site.6, 9, 179, 188
908612.3.peg.2470.site.7, 1, 177, 178
908612.3.peg.2470.site.8, 0, 177, 177
908612.3.peg.2470.site.9, 0, 177, 177
908612.3.peg.2470.site.10, 11, 178, 189
908612.3.peg.2473.site.1, 119, 173, 292
908612.3.peg.2473.site.2, 3, 180, 183
908612.3.peg.2473.site.3, 4, 178, 182
908612.3.peg.2473.site.4, 2, 176, 178
908612.3.peg.2473.site.5, 0, 158, 158
908612.3.peg.2473.site.6, 6, 172, 178
908612.3.peg.2473.site.7, 4, 180, 184
908612.3.peg.2473.site.8, 77, 176, 253
908612.3.peg.2473.site.9, 76, 170, 246
908612.3.peg.2473.site.10, 77, 168, 245
908612.3.peg.2473.site.11, 4, 175, 179
908612.3.peg.2473.site.12, 1, 179, 180
908612.3.peg.2473.site.13, 70, 177, 247
908612.3.peg.2473.site.14, 0, 179, 179
908612.3.peg.2473.site.15, 2, 179, 181
908612.3.peg.2473.site.16, 48, 176, 224
908612.3.peg.2473.site.17, 0, 179, 179
908612.3.peg.2473.site.18, 75, 178, 253
908612.3.peg.2473.site.19, 1, 180, 181
908612.3.peg.2473.site.20, 16, 173, 189
908612.3.peg.2473.site.21, 4, 179, 183
908612.3.peg.2473.site.22, 66, 176, 242
908612.3.peg.2473.site.23, 0, 180, 180
908612.3.peg.2473.site.24, 7, 179, 186
908612.3.peg.2473.site.25, 2, 179, 181
908612.3.peg.2473.site.26, 3, 180, 183
908612.3.peg.2473.site.27, 65, 175, 240
908612.3.peg.2473.site.28, 10, 180, 190
908612.3.peg.2473.site.29, 73, 174, 247
908612.3.peg.2473.site.30, 2, 179, 181
908612.3.peg.2473.site.31, 58, 173, 231
908612.3.peg.2473.site.32, 5, 179, 184
908612.3.peg.2473.site.33, 0, 178, 178
908612.3.peg.2473.site.34, 3, 175, 178
908612.3.peg.2473.site.35, 32, 143, 175
908612.3.peg.2473.site.36, 9, 121, 130
908612.3.peg.2473.site.37, 2, 114, 116
908612.3.peg.2473.site.38, 8, 120, 128
908612.3.peg.2473.site.39, 6, 124, 130
908612.3.peg.2473.site.40, 37, 169, 206
908612.3.peg.2473.site.41, 3, 177, 180
908612.3.peg.2473.site.42, 0, 176, 176
908612.3.peg.2472.site.1, 26, 177, 203
908612.3.peg.2472.site.2, 4, 175, 179
908612.3.peg.2472.site.3, 0, 177, 177
908612.3.peg.2472.site.4, 25, 176, 201
908612.3.peg.2472.site.5, 0, 180, 180
908612.3.peg.2472.site.6, 20, 180, 200
908612.3.peg.2472.site.7, 24, 180, 204
908612.3.peg.2472.site.8, 24, 180, 204
908612.3.peg.2472.site.9, 17, 179, 196
908612.3.peg.2472.site.10, 12, 177, 189
908612.3.peg.2472.site.11, 6, 179, 185
908612.3.peg.2472.site.12, 4, 178, 182
908612.3.peg.2472.site.13, 4, 174, 178
908612.3.peg.2472.site.14, 42, 171, 213
908612.3.peg.2472.site.15, 3, 174, 177
908612.3.peg.2472.site.16, 47, 177, 224
908612.3.peg.2472.site.17, 26, 180, 206
908612.3.peg.2472.site.18, 26, 180, 206
908612.3.peg.2472.site.19, 30, 179, 209
908612.3.peg.2472.site.20, 5, 180, 185
908612.3.peg.2472.site.21, 0, 180, 180
908612.3.peg.2472.site.22, 3, 161, 164
908612.3.peg.2472.site.23, 148, 170, 318
908612.3.peg.2472.site.24, 134, 175, 309
908612.3.peg.2472.site.25, 9, 178, 187
908612.3.peg.2472.site.26, 12, 179, 191
908612.3.peg.2472.site.27, 12, 180, 192
908612.3.peg.2472.site.28, 5, 180, 185
908612.3.peg.2472.site.29, 5, 179, 184
908612.3.peg.2472.site.30, 4, 179, 183
908612.3.peg.2472.site.31, 36, 179, 215
908612.3.peg.2475.site.1, 90, 170, 260
908612.3.peg.2475.site.2, 2, 178, 180
908612.3.peg.2475.site.3, 72, 167, 239
908612.3.peg.2475.site.4, 1, 177, 178
908612.3.peg.2475.site.5, 7, 176, 183
908612.3.peg.2475.site.6, 6, 173, 179
908612.3.peg.2475.site.7, 96, 173, 269
908612.3.peg.2475.site.8, 58, 175, 233
908612.3.peg.2475.site.9, 16, 174, 190
908612.3.peg.2475.site.10, 0, 178, 178
908612.3.peg.2475.site.11, 1, 177, 178
908612.3.peg.2475.site.12, 1, 177, 178
908612.3.peg.2475.site.13, 80, 173, 253
908612.3.peg.2475.site.14, 1, 176, 177
908612.3.peg.2475.site.15, 1, 174, 175
908612.3.peg.2475.site.16, 1, 174, 175
908612.3.peg.2474.site.1, 5, 167, 172
908612.3.peg.2474.site.2, 49, 176, 225
908612.3.peg.2474.site.3, 4, 180, 184
908612.3.peg.2474.site.4, 4, 180, 184
908612.3.peg.2474.site.5, 51, 177, 228
908612.3.peg.2474.site.6, 4, 180, 184
908612.3.peg.2474.site.7, 23, 179, 202
908612.3.peg.2474.site.8, 2, 180, 182
908612.3.peg.2474.site.9, 68, 173, 241
908612.3.peg.2474.site.10, 0, 180, 180
908612.3.peg.2474.site.11, 21, 178, 199
908612.3.peg.2474.site.12, 66, 174, 240
908612.3.peg.2474.site.13, 0, 176, 176
908612.3.peg.2474.site.14, 16, 179, 195
908612.3.peg.2474.site.15, 12, 180, 192
908612.3.peg.2474.site.16, 78, 172, 250
908612.3.peg.2474.site.17, 92, 172, 264
908612.3.peg.2477.site.1, 9, 176, 185
908612.3.peg.2477.site.2, 55, 179, 234
908612.3.peg.2477.site.3, 144, 176, 320
908612.3.peg.2477.site.4, 142, 178, 320
908612.3.peg.2477.site.5, 63, 179, 242
908612.3.peg.2477.site.6, 50, 177, 227
908612.3.peg.2477.site.7, 1, 180, 181
908612.3.peg.2477.site.8, 11, 179, 190
908612.3.peg.2477.site.9, 113, 172, 285
908612.3.peg.2477.site.10, 136, 175, 311
908612.3.peg.2477.site.11, 2, 180, 182
908612.3.peg.2477.site.12, 60, 177, 237
908612.3.peg.2477.site.13, 1, 176, 177
908612.3.peg.2477.site.14, 53, 171, 224
908612.3.peg.2477.site.15, 49, 173, 222
908612.3.peg.2477.site.16, 65, 173, 238
908612.3.peg.2477.site.17, 2, 179, 181
908612.3.peg.2477.site.18, 0, 176, 176
908612.3.peg.2477.site.19, 154, 176, 330
908612.3.peg.2477.site.20, 71, 174, 245
908612.3.peg.2477.site.21, 155, 177, 332
908612.3.peg.2477.site.22, 7, 177, 184
908612.3.peg.2477.site.23, 1, 180, 181
908612.3.peg.2477.site.24, 20, 175, 195
908612.3.peg.2477.site.25, 12, 180, 192
908612.3.peg.2477.site.26, 16, 178, 194
908612.3.peg.2477.site.27, 33, 177, 210
908612.3.peg.2477.site.28, 103, 175, 278
908612.3.peg.2477.site.29, 9, 178, 187
908612.3.peg.2477.site.30, 0, 178, 178
908612.3.peg.2477.site.31, 130, 170, 300
908612.3.peg.2477.site.32, 13, 178, 191
908612.3.peg.2477.site.33, 13, 179, 192
908612.3.peg.2477.site.34, 71, 174, 245
908612.3.peg.2477.site.35, 6, 180, 186
908612.3.peg.2477.site.36, 97, 173, 270
908612.3.peg.2477.site.37, 0, 180, 180
908612.3.peg.2477.site.38, 3, 180, 183
908612.3.peg.2477.site.39, 0, 164, 164
908612.3.peg.2477.site.40, 5, 168, 173
908612.3.peg.2477.site.41, 0, 172, 172
908612.3.peg.2477.site.42, 6, 175, 181
908612.3.peg.2477.site.43, 6, 176, 182
908612.3.peg.2477.site.44, 0, 173, 173
908612.3.peg.2477.site.45, 0, 178, 178
908612.3.peg.2477.site.46, 6, 179, 185
908612.3.peg.2477.site.47, 56, 172, 228
908612.3.peg.2477.site.48, 2, 178, 180
908612.3.peg.2477.site.49, 3, 176, 179
908612.3.peg.2477.site.50, 20, 171, 191
908612.3.peg.2477.site.51, 2, 179, 181
908612.3.peg.2477.site.52, 155, 177, 332
908612.3.peg.2477.site.53, 0, 179, 179
908612.3.peg.2477.site.54, 95, 175, 270
908612.3.peg.2477.site.55, 94, 172, 266
908612.3.peg.2476.site.1, 0, 175, 175
908612.3.peg.2476.site.2, 87, 168, 255
908612.3.peg.2476.site.3, 2, 168, 170
908612.3.peg.2476.site.4, 3, 175, 178
908612.3.peg.2476.site.5, 76, 174, 250
908612.3.peg.2476.site.6, 0, 176, 176
908612.3.peg.2476.site.7, 9, 172, 181
908612.3.peg.2476.site.8, 7, 177, 184
908612.3.peg.2476.site.9, 7, 175, 182
908612.3.peg.2476.site.10, 50, 175, 225
908612.3.peg.2476.site.11, 53, 169, 222
908612.3.peg.2476.site.12, 52, 167, 219
908612.3.peg.2476.site.13, 55, 174, 229
908612.3.peg.2476.site.14, 1, 179, 180
908612.3.peg.2476.site.15, 2, 177, 179
908612.3.peg.2476.site.16, 0, 180, 180
908612.3.peg.2875.site.1, 1, 168, 169
908612.3.peg.2875.site.2, 6, 168, 174
908612.3.peg.2875.site.3, 149, 168, 317
908612.3.peg.2875.site.4, 2, 166, 168
908612.3.peg.2875.site.5, 1, 168, 169
908612.3.peg.2875.site.6, 27, 166, 193
908612.3.peg.2875.site.7, 12, 164, 176
908612.3.peg.2875.site.8, 8, 168, 176
908612.3.peg.2875.site.9, 2, 168, 170
908612.3.peg.2875.site.10, 0, 168, 168
908612.3.peg.2875.site.11, 9, 167, 176
908612.3.peg.2875.site.12, 19, 168, 187
908612.3.peg.2875.site.13, 0, 167, 167
908612.3.peg.2875.site.14, 0, 167, 167
908612.3.peg.2875.site.15, 3, 166, 169
908612.3.peg.2875.site.16, 0, 165, 165
908612.3.peg.2875.site.17, 56, 164, 220
908612.3.peg.2875.site.18, 1, 164, 165
908612.3.peg.2875.site.19, 0, 164, 164
908612.3.peg.2875.site.20, 11, 165, 176
908612.3.peg.2875.site.21, 19, 164, 183
908612.3.peg.2875.site.22, 10, 165, 175
908612.3.peg.2875.site.23, 4, 168, 172
908612.3.peg.2875.site.24, 5, 168, 173
908612.3.peg.2875.site.25, 0, 167, 167
908612.3.peg.2875.site.26, 1, 165, 166
908612.3.peg.2875.site.27, 45, 161, 206
908612.3.peg.2875.site.28, 1, 166, 167
908612.3.peg.2875.site.29, 0, 165, 165
908612.3.peg.2875.site.30, 0, 164, 164
908612.3.peg.2875.site.31, 42, 161, 203
908612.3.peg.2875.site.32, 120, 164, 284
908612.3.peg.2875.site.33, 25, 164, 189
908612.3.peg.2875.site.34, 2, 165, 167
908612.3.peg.2875.site.35, 19, 162, 181
908612.3.peg.2875.site.36, 30, 163, 193
908612.3.peg.2875.site.37, 21, 162, 183
908612.3.peg.2874.site.1, 168, 168, 336
908612.3.peg.2874.site.2, 4, 166, 170
908612.3.peg.2874.site.3, 0, 168, 168
908612.3.peg.2874.site.4, 0, 168, 168
908612.3.peg.2874.site.5, 73, 162, 235
908612.3.peg.2874.site.6, 20, 167, 187
908612.3.peg.2874.site.7, 1, 168, 169
908612.3.peg.2874.site.8, 48, 165, 213
908612.3.peg.2874.site.9, 35, 165, 200
908612.3.peg.2874.site.10, 40, 166, 206
908612.3.peg.2874.site.11, 1, 167, 168
908612.3.peg.2874.site.12, 71, 163, 234
908612.3.peg.2874.site.13, 0, 168, 168
908612.3.peg.2874.site.14, 5, 167, 172
908612.3.peg.2874.site.15, 10, 166, 176
908612.3.peg.2874.site.16, 2, 167, 169
908612.3.peg.2874.site.17, 130, 163, 293
908612.3.peg.2874.site.18, 1, 167, 168
908612.3.peg.2874.site.19, 2, 167, 169
908612.3.peg.2874.site.20, 74, 162, 236
908612.3.peg.2874.site.21, 0, 166, 166
908612.3.peg.2874.site.22, 71, 164, 235
908612.3.peg.2874.site.23, 16, 168, 184
908612.3.peg.2874.site.24, 82, 166, 248
908612.3.peg.2874.site.25, 80, 164, 244
908612.3.peg.2874.site.26, 16, 167, 183
908612.3.peg.2874.site.27, 0, 168, 168
908612.3.peg.2874.site.28, 0, 167, 167
908612.3.peg.2874.site.29, 2, 168, 170
908612.3.peg.2874.site.30, 13, 168, 181
908612.3.peg.2874.site.31, 6, 168, 174
908612.3.peg.2874.site.32, 17, 164, 181
908612.3.peg.2874.site.33, 0, 168, 168
908612.3.peg.2874.site.34, 9, 168, 177
908612.3.peg.2874.site.35, 16, 165, 181
908612.3.peg.2877.site.1, 1, 167, 168
908612.3.peg.2877.site.2, 92, 161, 253
908612.3.peg.2877.site.3, 26, 162, 188
908612.3.peg.2877.site.4, 26, 160, 186
908612.3.peg.2877.site.5, 85, 162, 247
908612.3.peg.2877.site.6, 22, 162, 184
908612.3.peg.2877.site.7, 12, 163, 175
908612.3.peg.2876.site.1, 4, 167, 171
908612.3.peg.2876.site.2, 31, 135, 166
908612.3.peg.2876.site.3, 0, 160, 160
908612.3.peg.2876.site.4, 32, 129, 161
908612.3.peg.2876.site.5, 22, 121, 143
908612.3.peg.2876.site.6, 31, 131, 162
908612.3.peg.2876.site.7, 1, 153, 154
908612.3.peg.2876.site.8, 38, 150, 188
908612.3.peg.2876.site.9, 39, 160, 199
908612.3.peg.2876.site.10, 0, 138, 138
908612.3.peg.2876.site.11, 0, 160, 160
908612.3.peg.2876.site.12, 2, 158, 160
908612.3.peg.2876.site.13, 0, 124, 124
908612.3.peg.2876.site.14, 0, 168, 168
908612.3.peg.2876.site.15, 3, 165, 168
908612.3.peg.2876.site.16, 6, 166, 172
908612.3.peg.2876.site.17, 9, 159, 168
908612.3.peg.2876.site.18, 1, 165, 166
908612.3.peg.2876.site.19, 3, 143, 146
908612.3.peg.2876.site.20, 48, 130, 178
908612.3.peg.2876.site.21, 35, 131, 166
908612.3.peg.2876.site.22, 21, 126, 147
908612.3.peg.2876.site.23, 7, 128, 135
908612.3.peg.2876.site.24, 0, 153, 153
908612.3.peg.2876.site.25, 24, 138, 162
908612.3.peg.2876.site.26, 22, 160, 182
908612.3.peg.2876.site.27, 0, 162, 162
908612.3.peg.2876.site.28, 33, 161, 194
908612.3.peg.2876.site.29, 70, 156, 226
908612.3.peg.2876.site.30, 29, 160, 189
908612.3.peg.2876.site.31, 38, 159, 197
908612.3.peg.2876.site.32, 0, 166, 166
908612.3.peg.2876.site.33, 11, 166, 177
908612.3.peg.2876.site.34, 58, 156, 214
908612.3.peg.2876.site.35, 1, 159, 160
908612.3.peg.2876.site.36, 0, 153, 153
908612.3.peg.2876.site.37, 3, 164, 167
908612.3.peg.2876.site.38, 46, 163, 209
908612.3.peg.2876.site.39, 12, 163, 175
908612.3.peg.2876.site.40, 8, 165, 173
908612.3.peg.2876.site.41, 34, 160, 194
908612.3.peg.2876.site.42, 105, 162, 267
908612.3.peg.2876.site.43, 27, 165, 192
908612.3.peg.2876.site.44, 0, 146, 146
908612.3.peg.2876.site.45, 85, 138, 223
908612.3.peg.2876.site.46, 89, 143, 232
908612.3.peg.2876.site.47, 7, 166, 173
908612.3.peg.2876.site.48, 45, 161, 206
908612.3.peg.2876.site.49, 50, 162, 212
908612.3.peg.2873.site.1, 0, 168, 168
908612.3.peg.2873.site.2, 24, 167, 191
908612.3.peg.2873.site.3, 3, 166, 169
908612.3.peg.2873.site.4, 24, 167, 191
908612.3.peg.2873.site.5, 24, 168, 192
908612.3.peg.2873.site.6, 24, 167, 191
908612.3.peg.2873.site.7, 21, 165, 186
908612.3.peg.2873.site.8, 21, 165, 186
908612.3.peg.2873.site.9, 22, 166, 188
908612.3.peg.2873.site.10, 13, 166, 179
908612.3.peg.2873.site.11, 15, 167, 182
908612.3.peg.2873.site.12, 8, 166, 174
908612.3.peg.2873.site.13, 2, 166, 168
908612.3.peg.2873.site.14, 75, 162, 237
908612.3.peg.2873.site.15, 2, 168, 170
908612.3.peg.2873.site.16, 0, 165, 165
908612.3.peg.2873.site.17, 9, 166, 175
908612.3.peg.2873.site.18, 0, 168, 168
908612.3.peg.2873.site.19, 0, 167, 167
908612.3.peg.2873.site.20, 7, 168, 175
908612.3.peg.2873.site.21, 13, 167, 180
908612.3.peg.2873.site.22, 6, 159, 165
908612.3.peg.2873.site.23, 14, 160, 174
908612.3.peg.2873.site.24, 14, 158, 172
908612.3.peg.2873.site.25, 0, 168, 168
908612.3.peg.2873.site.26, 4, 168, 172
908612.3.peg.2873.site.27, 13, 167, 180
908612.3.peg.2873.site.28, 9, 167, 176
908612.3.peg.2873.site.29, 30, 166, 196
908612.3.peg.2873.site.30, 0, 167, 167
908612.3.peg.2873.site.31, 47, 164, 211
908612.3.peg.2873.site.32, 16, 161, 177
908612.3.peg.2873.site.33, 31, 161, 192
908612.3.peg.2873.site.34, 5, 168, 173
908612.3.peg.2873.site.35, 10, 165, 175
908612.3.peg.2873.site.36, 13, 165, 178
908612.3.peg.2873.site.37, 45, 161, 206
908612.3.peg.2873.site.38, 1, 156, 157
908612.3.peg.2873.site.39, 15, 129, 144
908612.3.peg.2873.site.40, 9, 122, 131
908612.3.peg.2873.site.41, 9, 117, 126
908612.3.peg.2873.site.42, 11, 117, 128
908612.3.peg.2873.site.43, 0, 125, 125
908612.3.peg.2873.site.44, 1, 168, 169
908612.3.peg.2873.site.45, 0, 167, 167
908612.3.peg.2873.site.46, 89, 163, 252
908612.3.peg.2873.site.47, 29, 164, 193
908612.3.peg.2873.site.48, 86, 166, 252
908612.3.peg.2873.site.49, 26, 168, 194
908612.3.peg.2873.site.50, 48, 166, 214
908612.3.peg.2873.site.51, 3, 168, 171
908612.3.peg.2873.site.52, 40, 167, 207
908612.3.peg.2873.site.53, 64, 166, 230
908612.3.peg.2873.site.54, 0, 168, 168
908612.3.peg.2873.site.55, 52, 167, 219
908612.3.peg.2873.site.56, 3, 167, 170
908612.3.peg.2879.site.1, 5, 175, 180
908612.3.peg.2879.site.2, 0, 176, 176
908612.3.peg.2879.site.3, 2, 178, 180
908612.3.peg.2879.site.4, 3, 178, 181
908612.3.peg.2879.site.5, 2, 178, 180
908612.3.peg.2879.site.6, 0, 178, 178
908612.3.peg.2879.site.7, 5, 178, 183
908612.3.peg.2879.site.8, 0, 178, 178
908612.3.peg.2879.site.9, 5, 178, 183
908612.3.peg.2879.site.10, 1, 178, 179
908612.3.peg.2879.site.11, 2, 177, 179
908612.3.peg.2879.site.12, 1, 178, 179
908612.3.peg.2879.site.13, 31, 177, 208
908612.3.peg.2879.site.14, 0, 175, 175
908612.3.peg.2879.site.15, 1, 175, 176
908612.3.peg.2879.site.16, 4, 176, 180
908612.3.peg.2879.site.17, 2, 178, 180
908612.3.peg.2879.site.18, 8, 176, 184
908612.3.peg.2879.site.19, 2, 176, 178
908612.3.peg.2879.site.20, 8, 176, 184
908612.3.peg.2879.site.21, 2, 176, 178
908612.3.peg.2879.site.22, 23, 172, 195
908612.3.peg.2879.site.23, 23, 171, 194
908612.3.peg.2879.site.24, 23, 171, 194
908612.3.peg.2879.site.25, 0, 174, 174
908612.3.peg.2879.site.26, 6, 174, 180
908612.3.peg.2879.site.27, 2, 178, 180
908612.3.peg.2879.site.28, 5, 178, 183
908612.3.peg.2879.site.29, 59, 174, 233
908612.3.peg.2879.site.30, 0, 175, 175
908612.3.peg.2879.site.31, 0, 172, 172
908612.3.peg.2879.site.32, 2, 178, 180
908612.3.peg.2879.site.33, 0, 178, 178
908612.3.peg.2879.site.34, 42, 177, 219
908612.3.peg.2878.site.1, 0, 141, 141
908612.3.peg.2878.site.2, 1, 146, 147
908612.3.peg.2878.site.3, 0, 178, 178
908612.3.peg.2878.site.4, 96, 173, 269
908612.3.peg.2878.site.5, 2, 176, 178
908612.3.peg.2878.site.6, 0, 175, 175
908612.3.peg.2878.site.7, 1, 176, 177
908612.3.peg.2878.site.8, 1, 175, 176
908612.3.peg.2878.site.9, 12, 176, 188
908612.3.peg.2878.site.10, 90, 170, 260
908612.3.peg.2878.site.11, 11, 172, 183
908612.3.peg.2878.site.12, 79, 166, 245
908612.3.peg.2878.site.13, 115, 165, 280
908612.3.peg.2878.site.14, 122, 169, 291
908612.3.peg.2878.site.15, 1, 172, 173
908612.3.peg.2878.site.16, 1, 176, 177
908612.3.peg.2878.site.17, 2, 175, 177
908612.3.peg.2878.site.18, 1, 175, 176
908612.3.peg.2878.site.19, 2, 176, 178
908612.3.peg.2878.site.20, 2, 174, 176
908612.3.peg.2878.site.21, 130, 175, 305
908612.3.peg.2878.site.22, 2, 177, 179
908612.3.peg.2878.site.23, 0, 177, 177
908612.3.peg.2878.site.24, 2, 178, 180
908612.3.peg.2878.site.25, 5, 178, 183
908612.3.peg.2878.site.26, 64, 176, 240
908612.3.peg.2878.site.27, 8, 178, 186
908612.3.peg.2878.site.28, 0, 178, 178
908612.3.peg.2878.site.29, 5, 177, 182
908612.3.peg.2878.site.30, 0, 178, 178
908612.3.peg.2878.site.31, 39, 175, 214
908612.3.peg.2878.site.32, 83, 172, 255
908612.3.peg.2878.site.33, 1, 178, 179
908612.3.peg.2878.site.34, 0, 177, 177
908612.3.peg.2878.site.35, 7, 178, 185
908612.3.peg.2878.site.36, 2, 175, 177
908612.3.peg.2878.site.37, 38, 148, 186
908612.3.peg.2878.site.38, 19, 131, 150
908612.3.peg.2878.site.39, 30, 139, 169
908612.3.peg.2878.site.40, 41, 174, 215
908612.3.peg.2878.site.41, 6, 178, 184
908612.3.peg.2878.site.42, 0, 178, 178
908612.3.peg.2878.site.43, 1, 177, 178
908612.3.peg.2878.site.44, 56, 176, 232
908612.3.peg.2878.site.45, 0, 177, 177
908612.3.peg.2878.site.46, 3, 177, 180
908612.3.peg.2878.site.47, 1, 177, 178
908612.3.peg.2878.site.48, 1, 177, 178
908612.3.peg.2878.site.49, 0, 176, 176
908612.3.peg.2878.site.50, 47, 173, 220
908612.3.peg.2878.site.51, 2, 178, 180
908612.3.peg.2878.site.52, 1, 178, 179
908612.3.peg.2878.site.53, 11, 178, 189
908612.3.peg.2878.site.54, 2, 175, 177
908612.3.peg.2878.site.55, 99, 175, 274
908612.3.peg.2878.site.56, 0, 178, 178
908612.3.peg.2878.site.57, 0, 177, 177
908612.3.peg.2878.site.58, 0, 176, 176
908612.3.peg.2878.site.59, 97, 178, 275
908612.3.peg.2878.site.60, 21, 177, 198
908612.3.peg.2878.site.61, 25, 176, 201
908612.3.peg.2878.site.62, 2, 177, 179
908612.3.peg.2878.site.63, 1, 177, 178
908612.3.peg.2878.site.64, 1, 177, 178
908612.3.peg.2878.site.65, 21, 177, 198
908612.3.peg.2878.site.66, 0, 177, 177
908612.3.peg.2878.site.67, 94, 172, 266
908612.3.peg.1953.site.1, 0, 177, 177
908612.3.peg.1953.site.2, 81, 178, 259
908612.3.peg.1953.site.3, 17, 178, 195
908612.3.peg.1953.site.4, 0, 178, 178
908612.3.peg.1953.site.5, 3, 179, 182
908612.3.peg.1953.site.6, 4, 179, 183
908612.3.peg.1953.site.7, 62, 178, 240
908612.3.peg.1953.site.8, 1, 177, 178
908612.3.peg.1953.site.9, 1, 180, 181
908612.3.peg.1953.site.10, 0, 180, 180
908612.3.peg.1953.site.11, 2, 180, 182
908612.3.peg.1953.site.12, 0, 179, 179
908612.3.peg.1953.site.13, 24, 175, 199
908612.3.peg.1953.site.14, 1, 177, 178
908612.3.peg.1953.site.15, 6, 172, 178
908612.3.peg.1953.site.16, 80, 178, 258
908612.3.peg.1953.site.17, 7, 177, 184
908612.3.peg.1953.site.18, 2, 177, 179
908612.3.peg.1953.site.19, 178, 180, 358
908612.3.peg.1953.site.20, 160, 178, 338
908612.3.peg.1953.site.21, 56, 177, 233
908612.3.peg.1953.site.22, 0, 178, 178
908612.3.peg.1953.site.23, 0, 177, 177
908612.3.peg.1953.site.24, 0, 175, 175
908612.3.peg.1953.site.25, 48, 175, 223
908612.3.peg.1953.site.26, 6, 179, 185
908612.3.peg.1953.site.27, 12, 180, 192
908612.3.peg.1953.site.28, 85, 180, 265
908612.3.peg.1953.site.29, 1, 180, 181
908612.3.peg.1952.site.1, 171, 178, 349
908612.3.peg.1952.site.2, 64, 165, 229
908612.3.peg.1952.site.3, 0, 169, 169
908612.3.peg.1952.site.4, 6, 169, 175
908612.3.peg.1952.site.5, 36, 176, 212
908612.3.peg.1952.site.6, 4, 180, 184
908612.3.peg.1952.site.7, 11, 179, 190
908612.3.peg.1952.site.8, 2, 177, 179
908612.3.peg.1952.site.9, 2, 173, 175
908612.3.peg.1952.site.10, 0, 176, 176
908612.3.peg.1952.site.11, 164, 168, 332
908612.3.peg.1952.site.12, 2, 168, 170
908612.3.peg.1952.site.13, 161, 169, 330
908612.3.peg.1952.site.14, 14, 171, 185
908612.3.peg.1952.site.15, 3, 171, 174
908612.3.peg.1952.site.16, 175, 179, 354
908612.3.peg.1952.site.17, 36, 176, 212
908612.3.peg.1952.site.18, 0, 179, 179
908612.3.peg.1952.site.19, 96, 178, 274
908612.3.peg.1952.site.20, 117, 178, 295
908612.3.peg.1952.site.21, 2, 180, 182
908612.3.peg.1952.site.22, 105, 178, 283
908612.3.peg.1952.site.23, 5, 178, 183
908612.3.peg.1952.site.24, 101, 173, 274
908612.3.peg.1951.site.1, 0, 178, 178
908612.3.peg.1951.site.2, 0, 177, 177
908612.3.peg.1951.site.3, 32, 174, 206
908612.3.peg.1951.site.4, 72, 174, 246
908612.3.peg.1951.site.5, 70, 173, 243
908612.3.peg.1951.site.6, 18, 172, 190
908612.3.peg.1951.site.7, 133, 171, 304
908612.3.peg.1951.site.8, 64, 167, 231
908612.3.peg.1951.site.9, 4, 171, 175
908612.3.peg.1951.site.10, 134, 161, 295
908612.3.peg.1951.site.11, 39, 131, 170
908612.3.peg.1951.site.12, 11, 142, 153
908612.3.peg.1951.site.13, 1, 140, 141
908612.3.peg.1951.site.14, 87, 126, 213
908612.3.peg.1951.site.15, 1, 133, 134
908612.3.peg.1951.site.16, 10, 140, 150
908612.3.peg.1951.site.17, 127, 142, 269
908612.3.peg.1951.site.18, 141, 152, 293
908612.3.peg.1951.site.19, 126, 154, 280
908612.3.peg.1951.site.20, 123, 149, 272
908612.3.peg.1951.site.21, 166, 171, 337
908612.3.peg.1951.site.22, 143, 174, 317
908612.3.peg.1951.site.23, 0, 171, 171
908612.3.peg.1951.site.24, 163, 176, 339
908612.3.peg.1951.site.25, 116, 172, 288
908612.3.peg.1951.site.26, 4, 178, 182
908612.3.peg.1951.site.27, 160, 164, 324
908612.3.peg.1951.site.28, 154, 162, 316
908612.3.peg.1951.site.29, 12, 174, 186
908612.3.peg.1950.site.1, 0, 174, 174
908612.3.peg.1950.site.2, 4, 170, 174
908612.3.peg.1950.site.3, 0, 169, 169
908612.3.peg.1950.site.4, 1, 175, 176
908612.3.peg.1950.site.5, 56, 154, 210
908612.3.peg.1950.site.6, 0, 162, 162
908612.3.peg.1950.site.7, 29, 174, 203
908612.3.peg.1950.site.8, 11, 180, 191
908612.3.peg.1950.site.9, 0, 179, 179
908612.3.peg.1950.site.10, 4, 178, 182
908612.3.peg.1950.site.11, 65, 150, 215
908612.3.peg.1950.site.12, 57, 173, 230
908612.3.peg.1950.site.13, 21, 178, 199
908612.3.peg.1950.site.14, 21, 179, 200
908612.3.peg.1950.site.15, 21, 178, 199
908612.3.peg.1950.site.16, 74, 173, 247
908612.3.peg.1950.site.17, 8, 179, 187
908612.3.peg.1950.site.18, 0, 179, 179
908612.3.peg.1950.site.19, 127, 177, 304
908612.3.peg.1950.site.20, 1, 176, 177
908612.3.peg.1950.site.21, 8, 171, 179
908612.3.peg.1950.site.22, 114, 173, 287
908612.3.peg.1950.site.23, 110, 176, 286
908612.3.peg.1950.site.24, 0, 180, 180
908612.3.peg.1950.site.25, 2, 180, 182
908612.3.peg.1957.site.1, 28, 166, 194
908612.3.peg.1957.site.2, 11, 177, 188
908612.3.peg.1957.site.3, 2, 177, 179
908612.3.peg.1957.site.4, 28, 176, 204
908612.3.peg.1957.site.5, 2, 177, 179
908612.3.peg.1957.site.6, 29, 178, 207
908612.3.peg.1957.site.7, 106, 175, 281
908612.3.peg.1957.site.8, 6, 180, 186
908612.3.peg.1957.site.9, 29, 178, 207
908612.3.peg.1957.site.10, 88, 173, 261
908612.3.peg.1957.site.11, 0, 177, 177
908612.3.peg.1957.site.12, 21, 178, 199
908612.3.peg.1957.site.13, 2, 176, 178
908612.3.peg.1957.site.14, 2, 178, 180
908612.3.peg.1957.site.15, 1, 177, 178
908612.3.peg.1957.site.16, 26, 170, 196
908612.3.peg.1957.site.17, 0, 179, 179
908612.3.peg.1957.site.18, 127, 178, 305
908612.3.peg.1957.site.19, 1, 177, 178
908612.3.peg.1957.site.20, 41, 177, 218
908612.3.peg.1957.site.21, 6, 178, 184
908612.3.peg.1956.site.1, 5, 178, 183
908612.3.peg.1956.site.2, 32, 175, 207
908612.3.peg.1956.site.3, 0, 180, 180
908612.3.peg.1956.site.4, 0, 178, 178
908612.3.peg.1956.site.5, 55, 175, 230
908612.3.peg.1956.site.6, 2, 179, 181
908612.3.peg.1956.site.7, 0, 179, 179
908612.3.peg.1956.site.8, 39, 173, 212
908612.3.peg.1956.site.9, 31, 176, 207
908612.3.peg.1956.site.10, 6, 173, 179
908612.3.peg.1956.site.11, 34, 178, 212
908612.3.peg.1956.site.12, 0, 176, 176
908612.3.peg.1956.site.13, 10, 178, 188
908612.3.peg.1955.site.1, 28, 178, 206
908612.3.peg.1955.site.2, 0, 179, 179
908612.3.peg.1955.site.3, 9, 176, 185
908612.3.peg.1955.site.4, 20, 179, 199
908612.3.peg.1955.site.5, 0, 179, 179
908612.3.peg.1954.site.1, 5, 179, 184
908612.3.peg.1954.site.2, 33, 179, 212
908612.3.peg.1954.site.3, 125, 177, 302
908612.3.peg.1954.site.4, 89, 175, 264
908612.3.peg.1954.site.5, 1, 180, 181
908612.3.peg.1954.site.6, 0, 178, 178
908612.3.peg.1954.site.7, 0, 179, 179
908612.3.peg.1954.site.8, 6, 180, 186
908612.3.peg.1954.site.9, 5, 180, 185
908612.3.peg.1954.site.10, 32, 180, 212
908612.3.peg.1954.site.11, 38, 180, 218
908612.3.peg.2585.site.1, 89, 176, 265
908612.3.peg.2585.site.2, 1, 179, 180
908612.3.peg.2585.site.3, 43, 177, 220
908612.3.peg.2585.site.4, 31, 179, 210
908612.3.peg.2585.site.5, 22, 179, 201
908612.3.peg.2585.site.6, 1, 180, 181
908612.3.peg.2585.site.7, 38, 180, 218
908612.3.peg.2585.site.8, 8, 180, 188
908612.3.peg.2585.site.9, 25, 178, 203
908612.3.peg.2585.site.10, 57, 177, 234
908612.3.peg.2585.site.11, 5, 178, 183
908612.3.peg.2585.site.12, 3, 179, 182
908612.3.peg.2585.site.13, 45, 177, 222
908612.3.peg.2585.site.14, 0, 178, 178
908612.3.peg.2585.site.15, 0, 180, 180
908612.3.peg.2585.site.16, 16, 178, 194
908612.3.peg.2584.site.1, 124, 179, 303
908612.3.peg.2584.site.2, 11, 177, 188
908612.3.peg.2584.site.3, 35, 166, 201
908612.3.peg.2584.site.4, 0, 162, 162
908612.3.peg.2584.site.5, 2, 164, 166
908612.3.peg.2584.site.6, 27, 150, 177
908612.3.peg.2584.site.7, 2, 165, 167
908612.3.peg.2584.site.8, 31, 166, 197
908612.3.peg.2584.site.9, 4, 178, 182
908612.3.peg.2584.site.10, 79, 175, 254
908612.3.peg.2584.site.11, 0, 178, 178
908612.3.peg.2584.site.12, 3, 179, 182
908612.3.peg.2584.site.13, 52, 176, 228
908612.3.peg.2584.site.14, 88, 176, 264
908612.3.peg.1959.site.1, 6, 179, 185
908612.3.peg.1959.site.2, 0, 179, 179
908612.3.peg.1959.site.3, 0, 179, 179
908612.3.peg.1959.site.4, 2, 179, 181
908612.3.peg.1959.site.5, 4, 179, 183
908612.3.peg.1959.site.6, 127, 179, 306
908612.3.peg.1959.site.7, 81, 177, 258
908612.3.peg.1959.site.8, 1, 180, 181
908612.3.peg.1959.site.9, 13, 178, 191
908612.3.peg.1959.site.10, 47, 178, 225
908612.3.peg.1959.site.11, 2, 179, 181
908612.3.peg.1959.site.12, 2, 179, 181
908612.3.peg.1959.site.13, 29, 178, 207
908612.3.peg.1959.site.14, 30, 178, 208
908612.3.peg.1959.site.15, 1, 180, 181
908612.3.peg.1959.site.16, 138, 180, 318
908612.3.peg.1959.site.17, 5, 177, 182
908612.3.peg.1959.site.18, 99, 177, 276
908612.3.peg.1959.site.19, 6, 175, 181
908612.3.peg.1959.site.20, 44, 179, 223
908612.3.peg.1959.site.21, 0, 179, 179
908612.3.peg.1959.site.22, 1, 180, 181
908612.3.peg.1959.site.23, 0, 180, 180
908612.3.peg.1959.site.24, 143, 179, 322
908612.3.peg.1959.site.25, 26, 179, 205
908612.3.peg.1959.site.26, 0, 179, 179
908612.3.peg.1959.site.27, 0, 178, 178
908612.3.peg.1959.site.28, 0, 178, 178
908612.3.peg.1959.site.29, 0, 176, 176
908612.3.peg.1959.site.30, 0, 176, 176
908612.3.peg.1959.site.31, 10, 175, 185
908612.3.peg.1959.site.32, 56, 173, 229
908612.3.peg.1959.site.33, 1, 180, 181
908612.3.peg.1959.site.34, 38, 176, 214
908612.3.peg.1959.site.35, 32, 175, 207
908612.3.peg.1958.site.1, 0, 179, 179
908612.3.peg.1958.site.2, 2, 180, 182
908612.3.peg.1958.site.3, 1, 178, 179
908612.3.peg.1958.site.4, 50, 176, 226
908612.3.peg.1958.site.5, 7, 177, 184
908612.3.peg.1958.site.6, 97, 177, 274
908612.3.peg.1958.site.7, 1, 180, 181
908612.3.peg.1958.site.8, 13, 176, 189
908612.3.peg.1958.site.9, 3, 177, 180
908612.3.peg.1958.site.10, 1, 176, 177
908612.3.peg.1958.site.11, 0, 176, 176
908612.3.peg.1958.site.12, 2, 179, 181
908612.3.peg.1958.site.13, 141, 176, 317
908612.3.peg.1958.site.14, 0, 180, 180
908612.3.peg.1958.site.15, 26, 178, 204
908612.3.peg.1958.site.16, 26, 178, 204
908612.3.peg.1958.site.17, 0, 178, 178
908612.3.peg.1958.site.18, 52, 174, 226
908612.3.peg.1958.site.19, 0, 178, 178
908612.3.peg.1958.site.20, 26, 178, 204
908612.3.peg.1958.site.21, 0, 179, 179
908612.3.peg.1958.site.22, 1, 180, 181
908612.3.peg.1958.site.23, 1, 179, 180
908612.3.peg.1958.site.24, 1, 179, 180
908612.3.peg.2581.site.1, 132, 177, 309
908612.3.peg.2581.site.2, 6, 176, 182
908612.3.peg.2581.site.3, 2, 165, 167
908612.3.peg.2581.site.4, 13, 167, 180
908612.3.peg.2581.site.5, 87, 167, 254
908612.3.peg.2581.site.6, 2, 176, 178
908612.3.peg.2581.site.7, 2, 171, 173
908612.3.peg.2581.site.8, 10, 160, 170
908612.3.peg.2581.site.9, 13, 160, 173
908612.3.peg.2581.site.10, 38, 153, 191
908612.3.peg.2581.site.11, 54, 148, 202
908612.3.peg.2581.site.12, 23, 150, 173
908612.3.peg.2581.site.13, 9, 154, 163
908612.3.peg.2581.site.14, 13, 150, 163
908612.3.peg.2581.site.15, 18, 163, 181
908612.3.peg.2581.site.16, 18, 169, 187
908612.3.peg.2581.site.17, 40, 169, 209
908612.3.peg.2581.site.18, 37, 172, 209
908612.3.peg.2581.site.19, 8, 176, 184
908612.3.peg.2581.site.20, 2, 170, 172
908612.3.peg.2581.site.21, 34, 151, 185
908612.3.peg.2581.site.22, 2, 154, 156
908612.3.peg.2581.site.23, 17, 147, 164
908612.3.peg.2581.site.24, 25, 143, 168
908612.3.peg.2581.site.25, 44, 160, 204
908612.3.peg.2581.site.26, 53, 170, 223
908612.3.peg.2581.site.27, 56, 172, 228
908612.3.peg.2580.site.1, 28, 178, 206
908612.3.peg.2580.site.2, 71, 172, 243
908612.3.peg.2580.site.3, 1, 178, 179
908612.3.peg.2580.site.4, 81, 170, 251
908612.3.peg.2580.site.5, 17, 176, 193
908612.3.peg.2580.site.6, 104, 174, 278
908612.3.peg.2580.site.7, 15, 174, 189
908612.3.peg.2580.site.8, 14, 173, 187
908612.3.peg.2580.site.9, 118, 174, 292
908612.3.peg.2583.site.1, 7, 179, 186
908612.3.peg.2583.site.2, 47, 176, 223
908612.3.peg.2583.site.3, 0, 179, 179
908612.3.peg.2582.site.1, 1, 180, 181
908612.3.peg.2582.site.2, 60, 179, 239
908612.3.peg.2582.site.3, 84, 176, 260
908612.3.peg.2582.site.4, 55, 175, 230
908612.3.peg.2582.site.5, 58, 174, 232
908612.3.peg.2582.site.6, 36, 178, 214
908612.3.peg.2582.site.7, 36, 179, 215
908612.3.peg.2582.site.8, 1, 179, 180
908612.3.peg.2582.site.9, 34, 170, 204
908612.3.peg.2582.site.10, 32, 171, 203
908612.3.peg.2582.site.11, 5, 170, 175
908612.3.peg.2582.site.12, 31, 167, 198
908612.3.peg.2582.site.13, 37, 172, 209
908612.3.peg.2582.site.14, 0, 178, 178
908612.3.peg.2582.site.15, 1, 179, 180
908612.3.peg.830.site.1, 0, 147, 147
908612.3.peg.830.site.2, 0, 150, 150
908612.3.peg.830.site.3, 2, 163, 165
908612.3.peg.2619.site.1, 50, 177, 227
908612.3.peg.2619.site.2, 58, 176, 234
908612.3.peg.2619.site.3, 44, 177, 221
908612.3.peg.2619.site.4, 45, 175, 220
908612.3.peg.2619.site.5, 45, 175, 220
908612.3.peg.2619.site.6, 48, 176, 224
908612.3.peg.2619.site.7, 20, 107, 127
908612.3.peg.2619.site.8, 47, 122, 169
908612.3.peg.2619.site.9, 47, 126, 173
908612.3.peg.2619.site.10, 72, 148, 220
908612.3.peg.2619.site.11, 0, 179, 179
908612.3.peg.2619.site.12, 5, 177, 182
908612.3.peg.2619.site.13, 103, 176, 279
908612.3.peg.2619.site.14, 50, 175, 225
908612.3.peg.2619.site.15, 34, 158, 192
908612.3.peg.835.site.1, 57, 179, 236
908612.3.peg.835.site.2, 26, 175, 201
908612.3.peg.835.site.3, 4, 180, 184
908612.3.peg.835.site.4, 3, 180, 183
908612.3.peg.836.site.1, 17, 176, 193
908612.3.peg.836.site.2, 54, 180, 234
908612.3.peg.836.site.3, 0, 180, 180
908612.3.peg.836.site.4, 0, 178, 178
908612.3.peg.836.site.5, 7, 176, 183
908612.3.peg.836.site.6, 1, 176, 177
908612.3.peg.836.site.7, 0, 178, 178
908612.3.peg.836.site.8, 3, 180, 183
908612.3.peg.836.site.9, 83, 163, 246
908612.3.peg.836.site.10, 53, 141, 194
908612.3.peg.836.site.11, 1, 154, 155
908612.3.peg.836.site.12, 33, 173, 206
908612.3.peg.836.site.13, 2, 179, 181
908612.3.peg.836.site.14, 92, 172, 264
908612.3.peg.836.site.15, 3, 179, 182
908612.3.peg.836.site.16, 7, 179, 186
908612.3.peg.836.site.17, 0, 174, 174
908612.3.peg.836.site.18, 0, 178, 178
908612.3.peg.836.site.19, 0, 179, 179
908612.3.peg.836.site.20, 0, 180, 180
908612.3.peg.836.site.21, 38, 178, 216
908612.3.peg.836.site.22, 4, 179, 183
908612.3.peg.836.site.23, 2, 180, 182
908612.3.peg.836.site.24, 22, 178, 200
908612.3.peg.836.site.25, 2, 177, 179
908612.3.peg.836.site.26, 2, 178, 180
908612.3.peg.836.site.27, 2, 180, 182
908612.3.peg.837.site.1, 0, 178, 178
908612.3.peg.837.site.2, 3, 180, 183
908612.3.peg.837.site.3, 8, 179, 187
908612.3.peg.837.site.4, 0, 178, 178
908612.3.peg.837.site.5, 1, 180, 181
908612.3.peg.837.site.6, 3, 179, 182
908612.3.peg.837.site.7, 12, 177, 189
908612.3.peg.837.site.8, 9, 169, 178
908612.3.peg.837.site.9, 0, 172, 172
908612.3.peg.837.site.10, 2, 179, 181
908612.3.peg.837.site.11, 35, 179, 214
908612.3.peg.837.site.12, 2, 180, 182
908612.3.peg.837.site.13, 2, 172, 174
908612.3.peg.837.site.14, 10, 170, 180
908612.3.peg.837.site.15, 30, 172, 202
908612.3.peg.837.site.16, 3, 178, 181
908612.3.peg.837.site.17, 23, 177, 200
908612.3.peg.837.site.18, 22, 177, 199
908612.3.peg.837.site.19, 23, 176, 199
908612.3.peg.837.site.20, 23, 174, 197
908612.3.peg.837.site.21, 0, 178, 178
908612.3.peg.837.site.22, 4, 177, 181
908612.3.peg.838.site.1, 3, 177, 180
908612.3.peg.838.site.2, 109, 142, 251
908612.3.peg.838.site.3, 3, 157, 160
908612.3.peg.838.site.4, 7, 177, 184
908612.3.peg.838.site.5, 41, 171, 212
908612.3.peg.838.site.6, 1, 176, 177
908612.3.peg.838.site.7, 7, 177, 184
908612.3.peg.838.site.8, 44, 172, 216
908612.3.peg.838.site.9, 0, 180, 180
908612.3.peg.838.site.10, 4, 180, 184
908612.3.peg.838.site.11, 8, 179, 187
908612.3.peg.838.site.12, 0, 180, 180
908612.3.peg.838.site.13, 3, 179, 182
908612.3.peg.838.site.14, 2, 180, 182
908612.3.peg.838.site.15, 11, 179, 190
908612.3.peg.838.site.16, 20, 161, 181
908612.3.peg.838.site.17, 0, 170, 170
908612.3.peg.838.site.18, 25, 177, 202
908612.3.peg.838.site.19, 2, 179, 181
908612.3.peg.838.site.20, 0, 180, 180
908612.3.peg.838.site.21, 134, 179, 313
908612.3.peg.838.site.22, 0, 179, 179
908612.3.peg.838.site.23, 5, 178, 183
908612.3.peg.839.site.1, 93, 178, 271
908612.3.peg.839.site.2, 0, 180, 180
908612.3.peg.839.site.3, 39, 171, 210
908612.3.peg.839.site.4, 2, 172, 174
908612.3.peg.839.site.5, 33, 161, 194
908612.3.peg.839.site.6, 121, 171, 292
908612.3.peg.839.site.7, 2, 178, 180
908612.3.peg.839.site.8, 91, 169, 260
908612.3.peg.839.site.9, 129, 175, 304
908612.3.peg.839.site.10, 8, 167, 175
908612.3.peg.839.site.11, 6, 82, 88
908612.3.peg.839.site.12, 12, 56, 68
908612.3.peg.839.site.13, 1, 46, 47
908612.3.peg.839.site.14, 0, 46, 46
908612.3.peg.839.site.15, 1, 48, 49
908612.3.peg.839.site.16, 6, 106, 112
908612.3.peg.839.site.17, 2, 124, 126
908612.3.peg.839.site.18, 2, 128, 130
908612.3.peg.839.site.19, 55, 120, 175
908612.3.peg.2616.site.1, 3, 143, 146
908612.3.peg.2616.site.2, 2, 144, 146
908612.3.peg.2616.site.3, 29, 149, 178
908612.3.peg.2616.site.4, 0, 180, 180
908612.3.peg.2616.site.5, 0, 180, 180
908612.3.peg.2616.site.6, 9, 173, 182
908612.3.peg.2616.site.7, 0, 180, 180
908612.3.peg.2616.site.8, 28, 177, 205
908612.3.peg.2616.site.9, 3, 180, 183
908612.3.peg.2616.site.10, 6, 180, 186
908612.3.peg.2616.site.11, 0, 169, 169
908612.3.peg.2616.site.12, 1, 179, 180
908612.3.peg.2616.site.13, 22, 160, 182
908612.3.peg.2611.site.1, 3, 152, 155
908612.3.peg.2611.site.2, 0, 163, 163
908612.3.peg.2611.site.3, 6, 175, 181
908612.3.peg.2611.site.4, 1, 171, 172
908612.3.peg.2611.site.5, 0, 166, 166
908612.3.peg.2611.site.6, 0, 171, 171
908612.3.peg.2610.site.1, 137, 175, 312
908612.3.peg.2610.site.2, 1, 176, 177
908612.3.peg.2610.site.3, 5, 176, 181
908612.3.peg.2610.site.4, 99, 165, 264
908612.3.peg.2610.site.5, 2, 167, 169
908612.3.peg.2610.site.6, 4, 164, 168
908612.3.peg.2610.site.7, 103, 138, 241
908612.3.peg.2610.site.8, 22, 57, 79
908612.3.peg.2613.site.1, 1, 161, 162
908612.3.peg.2613.site.2, 3, 171, 174
908612.3.peg.2613.site.3, 3, 171, 174
908612.3.peg.2613.site.4, 0, 177, 177
908612.3.peg.2613.site.5, 0, 177, 177
908612.3.peg.2613.site.6, 2, 172, 174
908612.3.peg.2613.site.7, 7, 179, 186
908612.3.peg.2613.site.8, 34, 177, 211
908612.3.peg.2613.site.9, 4, 179, 183
908612.3.peg.2613.site.10, 7, 178, 185
908612.3.peg.2613.site.11, 33, 176, 209
908612.3.peg.2613.site.12, 0, 175, 175
908612.3.peg.2613.site.13, 3, 173, 176
908612.3.peg.2613.site.14, 22, 174, 196
908612.3.peg.2613.site.15, 0, 158, 158
908612.3.peg.2613.site.16, 7, 142, 149
908612.3.peg.2613.site.17, 3, 141, 144
908612.3.peg.2613.site.18, 0, 141, 141
908612.3.peg.2613.site.19, 5, 162, 167
908612.3.peg.2613.site.20, 1, 178, 179
908612.3.peg.2613.site.21, 0, 179, 179
908612.3.peg.2613.site.22, 24, 177, 201
908612.3.peg.2613.site.23, 1, 175, 176
908612.3.peg.2613.site.24, 49, 174, 223
908612.3.peg.2613.site.25, 0, 178, 178
908612.3.peg.2613.site.26, 1, 179, 180
908612.3.peg.2613.site.27, 0, 179, 179
908612.3.peg.2613.site.28, 42, 178, 220
908612.3.peg.2613.site.29, 12, 178, 190
908612.3.peg.2613.site.30, 5, 176, 181
908612.3.peg.2613.site.31, 0, 176, 176
908612.3.peg.2613.site.32, 12, 176, 188
908612.3.peg.2613.site.33, 0, 179, 179
908612.3.peg.2612.site.1, 2, 178, 180
908612.3.peg.2612.site.2, 64, 174, 238
908612.3.peg.2612.site.3, 2, 172, 174
908612.3.peg.2612.site.4, 2, 130, 132
908612.3.peg.2612.site.5, 2, 110, 112
908612.3.peg.2612.site.6, 3, 122, 125
908612.3.peg.2612.site.7, 5, 119, 124
908612.3.peg.2612.site.8, 0, 127, 127
908612.3.peg.2612.site.9, 2, 125, 127
908612.3.peg.2612.site.10, 17, 121, 138
908612.3.peg.2612.site.11, 1, 117, 118
908612.3.peg.2612.site.12, 21, 125, 146
908612.3.peg.2612.site.13, 1, 124, 125
908612.3.peg.2612.site.14, 1, 126, 127
908612.3.peg.2612.site.15, 1, 123, 124
908612.3.peg.2612.site.16, 1, 131, 132
908612.3.peg.2612.site.17, 0, 111, 111
908612.3.peg.2612.site.18, 2, 152, 154
908612.3.peg.2612.site.19, 70, 174, 244
908612.3.peg.2612.site.20, 45, 177, 222
908612.3.peg.2612.site.21, 51, 173, 224
908612.3.peg.2612.site.22, 1, 180, 181
908612.3.peg.2612.site.23, 15, 178, 193
908612.3.peg.2612.site.24, 2, 180, 182
908612.3.peg.2612.site.25, 0, 180, 180
908612.3.peg.2612.site.26, 5, 180, 185
908612.3.peg.2612.site.27, 1, 180, 181
908612.3.peg.2612.site.28, 1, 179, 180
908612.3.peg.2612.site.29, 0, 178, 178
908612.3.peg.2612.site.30, 3, 178, 181
908612.3.peg.2612.site.31, 4, 176, 180
908612.3.peg.2612.site.32, 0, 176, 176
908612.3.peg.2612.site.33, 23, 170, 193
908612.3.peg.2909.site.1, 6, 166, 172
908612.3.peg.2909.site.2, 20, 146, 166
908612.3.peg.2909.site.3, 4, 160, 164
908612.3.peg.2909.site.4, 92, 154, 246
908612.3.peg.2909.site.5, 95, 160, 255
908612.3.peg.2909.site.6, 2, 159, 161
908612.3.peg.2909.site.7, 57, 159, 216
908612.3.peg.2909.site.8, 124, 161, 285
908612.3.peg.2909.site.9, 17, 163, 180
908612.3.peg.2909.site.10, 3, 152, 155
908612.3.peg.2909.site.11, 2, 176, 178
908612.3.peg.2908.site.1, 2, 180, 182
908612.3.peg.2908.site.2, 27, 179, 206
908612.3.peg.2908.site.3, 2, 179, 181
908612.3.peg.2908.site.4, 0, 179, 179
908612.3.peg.2908.site.5, 4, 178, 182
908612.3.peg.2908.site.6, 7, 177, 184
908612.3.peg.2908.site.7, 0, 175, 175
908612.3.peg.2908.site.8, 1, 169, 170
908612.3.peg.2908.site.9, 34, 170, 204
908612.3.peg.2908.site.10, 21, 162, 183
908612.3.peg.2908.site.11, 69, 176, 245
908612.3.peg.2908.site.12, 38, 177, 215
908612.3.peg.2908.site.13, 3, 179, 182
908612.3.peg.2908.site.14, 0, 180, 180
908612.3.peg.2908.site.15, 77, 175, 252
908612.3.peg.2908.site.16, 0, 175, 175
908612.3.peg.2908.site.17, 9, 179, 188
908612.3.peg.2908.site.18, 0, 175, 175
908612.3.peg.2908.site.19, 47, 177, 224
908612.3.peg.2908.site.20, 1, 179, 180
908612.3.peg.2908.site.21, 4, 178, 182
908612.3.peg.2908.site.22, 4, 176, 180
908612.3.peg.2908.site.23, 19, 173, 192
908612.3.peg.2908.site.24, 36, 174, 210
908612.3.peg.2908.site.25, 2, 180, 182
908612.3.peg.2908.site.26, 9, 180, 189
908612.3.peg.2908.site.27, 33, 180, 213
908612.3.peg.2908.site.28, 2, 180, 182
908612.3.peg.2908.site.29, 151, 179, 330
908612.3.peg.2908.site.30, 4, 179, 183
908612.3.peg.2908.site.31, 77, 172, 249
908612.3.peg.2908.site.32, 1, 175, 176
908612.3.peg.2908.site.33, 73, 174, 247
908612.3.peg.2908.site.34, 127, 174, 301
908612.3.peg.2908.site.35, 5, 171, 176
908612.3.peg.2908.site.36, 138, 175, 313
908612.3.peg.2908.site.37, 3, 178, 181
908612.3.peg.2908.site.38, 58, 155, 213
908612.3.peg.2908.site.39, 3, 159, 162
908612.3.peg.2908.site.40, 73, 165, 238
908612.3.peg.2908.site.41, 5, 179, 184
908612.3.peg.2908.site.42, 4, 180, 184
908612.3.peg.2908.site.43, 1, 177, 178
908612.3.peg.2908.site.44, 4, 174, 178
908612.3.peg.2908.site.45, 62, 171, 233
908612.3.peg.2908.site.46, 8, 170, 178
908612.3.peg.2908.site.47, 72, 172, 244
908612.3.peg.2908.site.48, 2, 176, 178
908612.3.peg.2908.site.49, 148, 171, 319
908612.3.peg.2908.site.50, 4, 174, 178
908612.3.peg.2908.site.51, 0, 171, 171
908612.3.peg.2908.site.52, 12, 171, 183
908612.3.peg.2908.site.53, 7, 176, 183
908612.3.peg.2908.site.54, 25, 179, 204
908612.3.peg.2908.site.55, 31, 180, 211
908612.3.peg.2279.site.1, 0, 179, 179
908612.3.peg.2279.site.2, 0, 178, 178
908612.3.peg.2279.site.3, 75, 177, 252
908612.3.peg.2279.site.4, 46, 167, 213
908612.3.peg.2279.site.5, 69, 173, 242
908612.3.peg.2279.site.6, 67, 173, 240
908612.3.peg.2279.site.7, 2, 177, 179
908612.3.peg.2279.site.8, 0, 180, 180
908612.3.peg.2279.site.9, 0, 180, 180
908612.3.peg.2279.site.10, 7, 178, 185
908612.3.peg.2279.site.11, 1, 180, 181
908612.3.peg.2279.site.12, 37, 178, 215
908612.3.peg.2279.site.13, 4, 180, 184
908612.3.peg.2279.site.14, 0, 180, 180
908612.3.peg.2279.site.15, 0, 177, 177
908612.3.peg.2279.site.16, 26, 176, 202
908612.3.peg.2279.site.17, 26, 173, 199
908612.3.peg.2279.site.18, 0, 179, 179
908612.3.peg.2279.site.19, 29, 176, 205
908612.3.peg.2279.site.20, 0, 180, 180
908612.3.peg.2278.site.1, 0, 179, 179
908612.3.peg.2278.site.2, 0, 179, 179
908612.3.peg.2278.site.3, 143, 177, 320
908612.3.peg.2278.site.4, 80, 171, 251
908612.3.peg.2278.site.5, 55, 177, 232
908612.3.peg.2278.site.6, 0, 178, 178
908612.3.peg.2278.site.7, 0, 178, 178
908612.3.peg.2278.site.8, 0, 180, 180
908612.3.peg.2278.site.9, 3, 178, 181
908612.3.peg.2278.site.10, 6, 178, 184
908612.3.peg.2278.site.11, 115, 175, 290
908612.3.peg.2278.site.12, 0, 179, 179
908612.3.peg.2278.site.13, 10, 178, 188
908612.3.peg.2278.site.14, 38, 172, 210
908612.3.peg.2278.site.15, 48, 177, 225
908612.3.peg.2278.site.16, 0, 178, 178
908612.3.peg.2278.site.17, 1, 176, 177
908612.3.peg.2278.site.18, 26, 175, 201
908612.3.peg.2278.site.19, 0, 180, 180
908612.3.peg.2278.site.20, 79, 171, 250
908612.3.peg.2278.site.21, 25, 178, 203
908612.3.peg.2278.site.22, 0, 178, 178
908612.3.peg.2278.site.23, 62, 177, 239
908612.3.peg.2278.site.24, 8, 180, 188
908612.3.peg.2278.site.25, 47, 178, 225
908612.3.peg.2278.site.26, 3, 180, 183
908612.3.peg.2278.site.27, 3, 180, 183
908612.3.peg.2278.site.28, 1, 180, 181
908612.3.peg.2278.site.29, 3, 178, 181
908612.3.peg.2278.site.30, 9, 159, 168
908612.3.peg.2278.site.31, 59, 156, 215
908612.3.peg.2278.site.32, 7, 158, 165
908612.3.peg.2278.site.33, 2, 155, 157
908612.3.peg.2278.site.34, 9, 162, 171
908612.3.peg.2278.site.35, 71, 166, 237
908612.3.peg.2278.site.36, 0, 173, 173
908612.3.peg.2278.site.37, 21, 176, 197
908612.3.peg.2278.site.38, 21, 176, 197
908612.3.peg.2278.site.39, 8, 179, 187
908612.3.peg.2278.site.40, 0, 180, 180
908612.3.peg.2278.site.41, 6, 180, 186
908612.3.peg.2278.site.42, 0, 180, 180
908612.3.peg.2278.site.43, 50, 175, 225
908612.3.peg.2278.site.44, 6, 180, 186
908612.3.peg.2278.site.45, 0, 180, 180
908612.3.peg.2278.site.46, 26, 179, 205
908612.3.peg.2899.site.1, 27, 179, 206
908612.3.peg.2899.site.2, 18, 179, 197
908612.3.peg.2899.site.3, 9, 180, 189
908612.3.peg.2899.site.4, 1, 180, 181
908612.3.peg.2899.site.5, 84, 179, 263
908612.3.peg.2899.site.6, 6, 179, 185
908612.3.peg.2899.site.7, 27, 177, 204
908612.3.peg.2899.site.8, 45, 175, 220
908612.3.peg.2899.site.9, 5, 180, 185
908612.3.peg.2899.site.10, 117, 173, 290
908612.3.peg.2899.site.11, 27, 172, 199
908612.3.peg.2899.site.12, 27, 179, 206
908612.3.peg.2899.site.13, 27, 176, 203
908612.3.peg.2899.site.14, 0, 175, 175
908612.3.peg.2899.site.15, 0, 174, 174
908612.3.peg.2899.site.16, 3, 169, 172
908612.3.peg.2899.site.17, 57, 155, 212
908612.3.peg.2899.site.18, 26, 172, 198
908612.3.peg.2899.site.19, 9, 171, 180
908612.3.peg.2899.site.20, 119, 171, 290
908612.3.peg.2899.site.21, 0, 175, 175
908612.3.peg.2899.site.22, 0, 178, 178
908612.3.peg.2899.site.23, 123, 175, 298
908612.3.peg.2899.site.24, 0, 178, 178
908612.3.peg.2899.site.25, 7, 176, 183
908612.3.peg.2899.site.26, 0, 175, 175
908612.3.peg.2899.site.27, 0, 174, 174
908612.3.peg.2899.site.28, 21, 172, 193
908612.3.peg.2899.site.29, 0, 176, 176
908612.3.peg.2899.site.30, 0, 178, 178
908612.3.peg.2899.site.31, 62, 175, 237
908612.3.peg.2899.site.32, 4, 176, 180
908612.3.peg.2273.site.1, 66, 176, 242
908612.3.peg.2273.site.2, 0, 180, 180
908612.3.peg.2273.site.3, 1, 180, 181
908612.3.peg.2273.site.4, 82, 175, 257
908612.3.peg.2273.site.5, 4, 180, 184
908612.3.peg.2273.site.6, 1, 180, 181
908612.3.peg.2273.site.7, 63, 178, 241
908612.3.peg.2273.site.8, 65, 179, 244
908612.3.peg.2273.site.9, 56, 178, 234
908612.3.peg.2273.site.10, 1, 179, 180
908612.3.peg.2273.site.11, 37, 177, 214
908612.3.peg.2273.site.12, 16, 170, 186
908612.3.peg.2273.site.13, 125, 169, 294
908612.3.peg.2273.site.14, 1, 170, 171
908612.3.peg.2273.site.15, 3, 153, 156
908612.3.peg.2273.site.16, 0, 179, 179
908612.3.peg.2273.site.17, 37, 179, 216
908612.3.peg.2273.site.18, 1, 180, 181
908612.3.peg.2273.site.19, 15, 178, 193
908612.3.peg.2273.site.20, 0, 180, 180
908612.3.peg.2273.site.21, 1, 180, 181
908612.3.peg.2273.site.22, 3, 180, 183
908612.3.peg.2273.site.23, 26, 180, 206
908612.3.peg.2273.site.24, 0, 179, 179
908612.3.peg.2273.site.25, 3, 180, 183
908612.3.peg.2273.site.26, 0, 180, 180
908612.3.peg.2273.site.27, 108, 178, 286
908612.3.peg.2273.site.28, 6, 179, 185
908612.3.peg.2273.site.29, 125, 175, 300
908612.3.peg.2273.site.30, 28, 179, 207
908612.3.peg.2273.site.31, 27, 179, 206
908612.3.peg.2273.site.32, 10, 179, 189
908612.3.peg.2273.site.33, 1, 180, 181
908612.3.peg.2273.site.34, 65, 179, 244
908612.3.peg.2273.site.35, 13, 180, 193
908612.3.peg.2273.site.36, 30, 179, 209
908612.3.peg.2273.site.37, 72, 178, 250
908612.3.peg.2273.site.38, 0, 177, 177
908612.3.peg.2273.site.39, 5, 178, 183
908612.3.peg.2272.site.1, 0, 179, 179
908612.3.peg.2272.site.2, 4, 180, 184
908612.3.peg.2272.site.3, 148, 179, 327
908612.3.peg.2272.site.4, 52, 178, 230
908612.3.peg.2272.site.5, 1, 180, 181
908612.3.peg.2272.site.6, 6, 179, 185
908612.3.peg.2272.site.7, 0, 179, 179
908612.3.peg.2272.site.8, 8, 180, 188
908612.3.peg.2272.site.9, 10, 180, 190
908612.3.peg.2272.site.10, 0, 179, 179
908612.3.peg.2271.site.1, 3, 179, 182
908612.3.peg.2271.site.2, 3, 179, 182
908612.3.peg.2271.site.3, 0, 180, 180
908612.3.peg.2271.site.4, 1, 178, 179
908612.3.peg.2271.site.5, 23, 177, 200
908612.3.peg.2271.site.6, 85, 176, 261
908612.3.peg.2271.site.7, 14, 179, 193
908612.3.peg.2271.site.8, 43, 178, 221
908612.3.peg.2271.site.9, 1, 179, 180
908612.3.peg.2271.site.10, 53, 176, 229
908612.3.peg.2271.site.11, 5, 177, 182
908612.3.peg.2271.site.12, 50, 176, 226
908612.3.peg.2271.site.13, 29, 177, 206
908612.3.peg.2271.site.14, 13, 176, 189
908612.3.peg.2271.site.15, 25, 180, 205
908612.3.peg.2271.site.16, 1, 180, 181
908612.3.peg.2271.site.17, 72, 177, 249
908612.3.peg.2271.site.18, 54, 178, 232
908612.3.peg.2271.site.19, 2, 180, 182
908612.3.peg.2271.site.20, 59, 178, 237
908612.3.peg.2271.site.21, 8, 179, 187
908612.3.peg.2271.site.22, 0, 178, 178
908612.3.peg.2271.site.23, 0, 179, 179
908612.3.peg.2271.site.24, 57, 177, 234
908612.3.peg.2271.site.25, 12, 180, 192
908612.3.peg.2271.site.26, 60, 172, 232
908612.3.peg.2271.site.27, 5, 179, 184
908612.3.peg.2271.site.28, 0, 179, 179
908612.3.peg.2270.site.1, 1, 180, 181
908612.3.peg.2270.site.2, 0, 178, 178
908612.3.peg.2270.site.3, 0, 159, 159
908612.3.peg.2277.site.1, 0, 178, 178
908612.3.peg.2277.site.2, 0, 179, 179
908612.3.peg.2277.site.3, 1, 179, 180
908612.3.peg.2277.site.4, 130, 178, 308
908612.3.peg.2277.site.5, 95, 166, 261
908612.3.peg.2277.site.6, 3, 179, 182
908612.3.peg.2277.site.7, 130, 175, 305
908612.3.peg.2277.site.8, 6, 179, 185
908612.3.peg.2277.site.9, 2, 178, 180
908612.3.peg.2277.site.10, 20, 178, 198
908612.3.peg.2277.site.11, 17, 179, 196
908612.3.peg.2277.site.12, 1, 180, 181
908612.3.peg.2277.site.13, 6, 180, 186
908612.3.peg.2277.site.14, 8, 179, 187
908612.3.peg.2277.site.15, 27, 177, 204
908612.3.peg.2277.site.16, 11, 179, 190
908612.3.peg.2276.site.1, 86, 174, 260
908612.3.peg.2276.site.2, 85, 175, 260
908612.3.peg.2276.site.3, 0, 179, 179
908612.3.peg.2276.site.4, 1, 180, 181
908612.3.peg.2276.site.5, 3, 180, 183
908612.3.peg.2276.site.6, 1, 180, 181
908612.3.peg.2276.site.7, 1, 180, 181
908612.3.peg.2276.site.8, 0, 179, 179
908612.3.peg.2276.site.9, 1, 180, 181
908612.3.peg.2276.site.10, 8, 180, 188
908612.3.peg.2276.site.11, 101, 175, 276
908612.3.peg.2276.site.12, 2, 180, 182
908612.3.peg.2276.site.13, 0, 180, 180
908612.3.peg.2276.site.14, 6, 157, 163
908612.3.peg.2276.site.15, 29, 160, 189
908612.3.peg.2276.site.16, 3, 180, 183
908612.3.peg.2276.site.17, 34, 176, 210
908612.3.peg.2276.site.18, 3, 177, 180
908612.3.peg.2276.site.19, 31, 177, 208
908612.3.peg.2276.site.20, 1, 180, 181
908612.3.peg.2276.site.21, 1, 180, 181
908612.3.peg.2276.site.22, 1, 179, 180
908612.3.peg.2276.site.23, 3, 180, 183
908612.3.peg.2276.site.24, 44, 175, 219
908612.3.peg.2276.site.25, 33, 177, 210
908612.3.peg.2276.site.26, 2, 180, 182
908612.3.peg.2276.site.27, 0, 179, 179
908612.3.peg.2276.site.28, 3, 179, 182
908612.3.peg.2276.site.29, 0, 178, 178
908612.3.peg.2276.site.30, 144, 180, 324
908612.3.peg.2276.site.31, 30, 177, 207
908612.3.peg.2276.site.32, 137, 174, 311
908612.3.peg.2276.site.33, 29, 177, 206
908612.3.peg.2276.site.34, 3, 177, 180
908612.3.peg.2276.site.35, 3, 176, 179
908612.3.peg.2276.site.36, 3, 180, 183
908612.3.peg.2276.site.37, 3, 179, 182
908612.3.peg.2276.site.38, 18, 179, 197
908612.3.peg.2276.site.39, 0, 179, 179
908612.3.peg.2276.site.40, 6, 178, 184
908612.3.peg.2276.site.41, 96, 172, 268
908612.3.peg.2276.site.42, 17, 178, 195
908612.3.peg.2276.site.43, 6, 177, 183
908612.3.peg.2276.site.44, 6, 178, 184
908612.3.peg.2276.site.45, 3, 179, 182
908612.3.peg.2276.site.46, 34, 175, 209
908612.3.peg.2276.site.47, 18, 176, 194
908612.3.peg.2276.site.48, 18, 176, 194
908612.3.peg.2276.site.49, 133, 171, 304
908612.3.peg.2276.site.50, 102, 170, 272
908612.3.peg.2276.site.51, 1, 178, 179
908612.3.peg.2276.site.52, 3, 174, 177
908612.3.peg.2276.site.53, 0, 175, 175
908612.3.peg.2276.site.54, 137, 173, 310
908612.3.peg.2276.site.55, 12, 180, 192
908612.3.peg.2275.site.1, 34, 175, 209
908612.3.peg.2274.site.1, 5, 180, 185
908612.3.peg.2274.site.2, 50, 174, 224
908612.3.peg.2274.site.3, 36, 151, 187
908612.3.peg.2274.site.4, 0, 171, 171
908612.3.peg.2274.site.5, 3, 179, 182
908612.3.peg.2274.site.6, 95, 176, 271
908612.3.peg.2274.site.7, 0, 180, 180
908612.3.peg.2274.site.8, 1, 179, 180
908612.3.peg.2274.site.9, 14, 180, 194
908612.3.peg.2274.site.10, 4, 179, 183
908612.3.peg.2274.site.11, 9, 177, 186
908612.3.peg.2274.site.12, 17, 180, 197
908612.3.peg.2274.site.13, 45, 174, 219
908612.3.peg.2274.site.14, 3, 180, 183
908612.3.peg.2274.site.15, 3, 179, 182
908612.3.peg.2274.site.16, 0, 178, 178
908612.3.peg.2274.site.17, 96, 176, 272
908612.3.peg.2274.site.18, 26, 177, 203
908612.3.peg.2274.site.19, 0, 179, 179
908612.3.peg.2274.site.20, 0, 180, 180
908612.3.peg.2274.site.21, 13, 175, 188
908612.3.peg.2274.site.22, 1, 177, 178
908612.3.peg.2274.site.23, 0, 178, 178
908612.3.peg.2274.site.24, 138, 179, 317
908612.3.peg.2274.site.25, 6, 180, 186
908612.3.peg.2893.site.1, 0, 176, 176
908612.3.peg.2893.site.2, 0, 179, 179
908612.3.peg.2893.site.3, 36, 178, 214
908612.3.peg.2893.site.4, 0, 180, 180
908612.3.peg.2893.site.5, 0, 179, 179
908612.3.peg.2893.site.6, 11, 179, 190
908612.3.peg.2893.site.7, 42, 176, 218
908612.3.peg.2893.site.8, 2, 177, 179
908612.3.peg.2893.site.9, 1, 178, 179
908612.3.peg.2893.site.10, 1, 180, 181
908612.3.peg.2893.site.11, 43, 178, 221
908612.3.peg.2893.site.12, 7, 179, 186
908612.3.peg.2893.site.13, 6, 179, 185
908612.3.peg.2893.site.14, 8, 178, 186
908612.3.peg.2893.site.15, 8, 178, 186
908612.3.peg.2893.site.16, 34, 176, 210
908612.3.peg.2893.site.17, 3, 177, 180
908612.3.peg.2893.site.18, 7, 179, 186
908612.3.peg.2893.site.19, 32, 169, 201
908612.3.peg.2893.site.20, 0, 161, 161
908612.3.peg.2893.site.21, 33, 141, 174
908612.3.peg.2893.site.22, 0, 151, 151
908612.3.peg.2893.site.23, 0, 157, 157
908612.3.peg.2893.site.24, 2, 154, 156
908612.3.peg.2893.site.25, 2, 166, 168
908612.3.peg.2893.site.26, 16, 172, 188
908612.3.peg.2893.site.27, 3, 177, 180
908612.3.peg.2893.site.28, 0, 180, 180
908612.3.peg.2893.site.29, 7, 178, 185
908612.3.peg.2893.site.30, 3, 178, 181
908612.3.peg.2893.site.31, 123, 176, 299
908612.3.peg.2893.site.32, 0, 179, 179
908612.3.peg.2893.site.33, 114, 175, 289
908612.3.peg.2893.site.34, 6, 177, 183
908612.3.peg.2893.site.35, 29, 174, 203
908612.3.peg.2893.site.36, 27, 179, 206
908612.3.peg.2892.site.1, 19, 169, 188
908612.3.peg.2892.site.2, 4, 166, 170
908612.3.peg.2892.site.3, 17, 163, 180
908612.3.peg.2892.site.4, 3, 168, 171
908612.3.peg.2892.site.5, 0, 173, 173
908612.3.peg.2892.site.6, 66, 171, 237
908612.3.peg.2892.site.7, 2, 170, 172
908612.3.peg.2892.site.8, 1, 170, 171
908612.3.peg.2892.site.9, 4, 166, 170
908612.3.peg.2892.site.10, 4, 151, 155
908612.3.peg.2892.site.11, 8, 153, 161
908612.3.peg.2892.site.12, 55, 164, 219
908612.3.peg.2892.site.13, 1, 166, 167
908612.3.peg.2892.site.14, 33, 176, 209
908612.3.peg.2892.site.15, 33, 175, 208
908612.3.peg.2892.site.16, 2, 179, 181
908612.3.peg.2892.site.17, 37, 177, 214
908612.3.peg.2892.site.18, 0, 179, 179
908612.3.peg.2892.site.19, 40, 177, 217
908612.3.peg.2892.site.20, 2, 176, 178
908612.3.peg.2892.site.21, 15, 178, 193
908612.3.peg.2892.site.22, 6, 179, 185
908612.3.peg.2892.site.23, 12, 179, 191
908612.3.peg.2892.site.24, 6, 180, 186
908612.3.peg.2291.site.1, 31, 177, 208
908612.3.peg.2291.site.2, 0, 179, 179
908612.3.peg.2291.site.3, 13, 172, 185
908612.3.peg.2291.site.4, 2, 179, 181
908612.3.peg.2291.site.5, 17, 178, 195
908612.3.peg.2291.site.6, 5, 173, 178
908612.3.peg.2291.site.7, 1, 174, 175
908612.3.peg.2291.site.8, 8, 178, 186
908612.3.peg.2291.site.9, 7, 176, 183
908612.3.peg.2291.site.10, 7, 174, 181
908612.3.peg.2291.site.11, 8, 177, 185
908612.3.peg.2291.site.12, 7, 176, 183
908612.3.peg.2291.site.13, 2, 175, 177
908612.3.peg.2291.site.14, 61, 169, 230
908612.3.peg.2291.site.15, 7, 180, 187
908612.3.peg.2291.site.16, 15, 178, 193
908612.3.peg.2291.site.17, 44, 178, 222
908612.3.peg.2291.site.18, 10, 180, 190
908612.3.peg.2291.site.19, 45, 179, 224
908612.3.peg.2291.site.20, 33, 179, 212
908612.3.peg.2291.site.21, 2, 178, 180
908612.3.peg.2290.site.1, 4, 162, 166
908612.3.peg.2290.site.2, 2, 165, 167
908612.3.peg.2290.site.3, 1, 165, 166
908612.3.peg.2290.site.4, 16, 172, 188
908612.3.peg.2290.site.5, 1, 175, 176
908612.3.peg.2290.site.6, 25, 175, 200
908612.3.peg.2290.site.7, 3, 173, 176
908612.3.peg.2290.site.8, 14, 175, 189
908612.3.peg.2290.site.9, 2, 171, 173
908612.3.peg.2290.site.10, 51, 166, 217
908612.3.peg.2290.site.11, 42, 178, 220
908612.3.peg.2290.site.12, 39, 168, 207
908612.3.peg.2290.site.13, 0, 178, 178
908612.3.peg.2290.site.14, 30, 176, 206
908612.3.peg.2293.site.1, 21, 177, 198
908612.3.peg.2293.site.2, 3, 179, 182
908612.3.peg.2293.site.3, 15, 177, 192
908612.3.peg.2293.site.4, 1, 178, 179
908612.3.peg.2293.site.5, 13, 177, 190
908612.3.peg.2293.site.6, 0, 180, 180
908612.3.peg.2293.site.7, 0, 180, 180
908612.3.peg.2293.site.8, 1, 180, 181
908612.3.peg.2293.site.9, 1, 178, 179
908612.3.peg.2293.site.10, 6, 180, 186
908612.3.peg.2293.site.11, 0, 179, 179
908612.3.peg.2293.site.12, 0, 179, 179
908612.3.peg.2293.site.13, 2, 179, 181
908612.3.peg.2293.site.14, 29, 178, 207
908612.3.peg.2293.site.15, 31, 177, 208
908612.3.peg.2293.site.16, 1, 179, 180
908612.3.peg.2293.site.17, 59, 175, 234
908612.3.peg.2293.site.18, 0, 180, 180
908612.3.peg.2292.site.1, 0, 179, 179
908612.3.peg.2292.site.2, 0, 174, 174
908612.3.peg.2292.site.3, 0, 173, 173
908612.3.peg.2292.site.4, 16, 172, 188
908612.3.peg.2292.site.5, 131, 168, 299
908612.3.peg.2292.site.6, 3, 174, 177
908612.3.peg.2292.site.7, 0, 176, 176
908612.3.peg.2292.site.8, 0, 170, 170
908612.3.peg.2292.site.9, 2, 154, 156
908612.3.peg.2292.site.10, 2, 172, 174
908612.3.peg.2292.site.11, 139, 167, 306
908612.3.peg.2292.site.12, 11, 161, 172
908612.3.peg.2292.site.13, 161, 169, 330
908612.3.peg.2292.site.14, 1, 162, 163
908612.3.peg.2292.site.15, 127, 162, 289
908612.3.peg.2292.site.16, 20, 172, 192
908612.3.peg.2292.site.17, 1, 173, 174
908612.3.peg.2292.site.18, 1, 172, 173
908612.3.peg.2292.site.19, 1, 174, 175
908612.3.peg.2292.site.20, 11, 179, 190
908612.3.peg.2292.site.21, 50, 177, 227
908612.3.peg.2292.site.22, 0, 180, 180
908612.3.peg.2292.site.23, 5, 180, 185
908612.3.peg.2292.site.24, 118, 164, 282
908612.3.peg.2292.site.25, 142, 159, 301
908612.3.peg.2292.site.26, 2, 134, 136
908612.3.peg.2292.site.27, 115, 130, 245
908612.3.peg.2292.site.28, 121, 124, 245
908612.3.peg.2292.site.29, 0, 129, 129
908612.3.peg.2292.site.30, 130, 144, 274
908612.3.peg.2292.site.31, 2, 163, 165
908612.3.peg.2292.site.32, 6, 161, 167
908612.3.peg.2292.site.33, 144, 165, 309
908612.3.peg.2292.site.34, 5, 158, 163
908612.3.peg.2292.site.35, 129, 165, 294
908612.3.peg.2292.site.36, 1, 162, 163
908612.3.peg.2292.site.37, 131, 175, 306
908612.3.peg.2292.site.38, 4, 176, 180
908612.3.peg.2292.site.39, 45, 178, 223
908612.3.peg.2292.site.40, 14, 169, 183
908612.3.peg.2292.site.41, 16, 158, 174
908612.3.peg.2292.site.42, 21, 174, 195
908612.3.peg.2292.site.43, 2, 178, 180
908612.3.peg.2292.site.44, 3, 178, 181
908612.3.peg.2292.site.45, 0, 177, 177
908612.3.peg.2292.site.46, 0, 178, 178
908612.3.peg.2292.site.47, 86, 171, 257
908612.3.peg.2292.site.48, 16, 174, 190
908612.3.peg.2292.site.49, 12, 175, 187
908612.3.peg.2292.site.50, 11, 173, 184
908612.3.peg.2292.site.51, 1, 168, 169
908612.3.peg.2292.site.52, 29, 123, 152
908612.3.peg.2292.site.53, 1, 171, 172
908612.3.peg.2292.site.54, 0, 169, 169
908612.3.peg.2292.site.55, 4, 173, 177
908612.3.peg.2292.site.56, 0, 155, 155
908612.3.peg.2292.site.57, 1, 173, 174
908612.3.peg.2292.site.58, 0, 171, 171
908612.3.peg.2292.site.59, 0, 164, 164
908612.3.peg.2292.site.60, 0, 163, 163
908612.3.peg.2292.site.61, 12, 154, 166
908612.3.peg.2292.site.62, 0, 157, 157
908612.3.peg.2292.site.63, 0, 156, 156
908612.3.peg.2292.site.64, 32, 169, 201
908612.3.peg.2292.site.65, 0, 178, 178
908612.3.peg.2292.site.66, 17, 176, 193
908612.3.peg.2292.site.67, 17, 175, 192
908612.3.peg.2292.site.68, 3, 171, 174
908612.3.peg.2292.site.69, 4, 172, 176
908612.3.peg.2292.site.70, 3, 166, 169
908612.3.peg.2292.site.71, 3, 164, 167
908612.3.peg.2292.site.72, 27, 176, 203
908612.3.peg.2292.site.73, 2, 177, 179
908612.3.peg.2292.site.74, 0, 178, 178
908612.3.peg.2292.site.75, 3, 179, 182
908612.3.peg.2292.site.76, 1, 179, 180
908612.3.peg.2292.site.77, 4, 179, 183
908612.3.peg.2292.site.78, 24, 174, 198
908612.3.peg.2292.site.79, 0, 69, 69
908612.3.peg.2292.site.80, 38, 123, 161
908612.3.peg.2292.site.81, 59, 119, 178
908612.3.peg.2295.site.1, 6, 178, 184
908612.3.peg.2295.site.2, 1, 178, 179
908612.3.peg.2295.site.3, 1, 178, 179
908612.3.peg.2295.site.4, 9, 179, 188
908612.3.peg.2295.site.5, 0, 180, 180
908612.3.peg.2295.site.6, 2, 179, 181
908612.3.peg.2294.site.1, 0, 179, 179
908612.3.peg.2294.site.2, 19, 179, 198
908612.3.peg.2294.site.3, 7, 178, 185
908612.3.peg.2294.site.4, 1, 179, 180
908612.3.peg.2294.site.5, 2, 177, 179
908612.3.peg.2294.site.6, 6, 178, 184
908612.3.peg.2294.site.7, 0, 178, 178
908612.3.peg.2294.site.8, 0, 178, 178
908612.3.peg.2297.site.1, 71, 177, 248
908612.3.peg.2297.site.2, 13, 180, 193
908612.3.peg.2297.site.3, 14, 180, 194
908612.3.peg.2297.site.4, 1, 180, 181
908612.3.peg.2297.site.5, 0, 179, 179
908612.3.peg.2297.site.6, 19, 179, 198
908612.3.peg.2297.site.7, 1, 179, 180
908612.3.peg.2297.site.8, 0, 180, 180
908612.3.peg.2297.site.9, 1, 177, 178
908612.3.peg.2297.site.10, 137, 171, 308
908612.3.peg.2297.site.11, 4, 177, 181
908612.3.peg.2297.site.12, 12, 175, 187
908612.3.peg.2297.site.13, 6, 180, 186
908612.3.peg.2297.site.14, 77, 179, 256
908612.3.peg.2297.site.15, 1, 180, 181
908612.3.peg.325.site.1, 0, 179, 179
908612.3.peg.325.site.2, 3, 179, 182
908612.3.peg.325.site.3, 16, 174, 190
908612.3.peg.325.site.4, 18, 176, 194
908612.3.peg.325.site.5, 2, 180, 182
908612.3.peg.325.site.6, 0, 179, 179
908612.3.peg.325.site.7, 41, 175, 216
908612.3.peg.325.site.8, 0, 180, 180
908612.3.peg.325.site.9, 16, 174, 190
908612.3.peg.325.site.10, 3, 176, 179
908612.3.peg.325.site.11, 17, 178, 195
908612.3.peg.325.site.12, 86, 177, 263
908612.3.peg.325.site.13, 17, 179, 196
908612.3.peg.325.site.14, 1, 180, 181
908612.3.peg.325.site.15, 106, 177, 283
908612.3.peg.325.site.16, 108, 178, 286
908612.3.peg.325.site.17, 5, 180, 185
908612.3.peg.325.site.18, 0, 180, 180
908612.3.peg.325.site.19, 79, 173, 252
908612.3.peg.325.site.20, 11, 173, 184
908612.3.peg.325.site.21, 0, 175, 175
908612.3.peg.325.site.22, 16, 176, 192
908612.3.peg.325.site.23, 16, 175, 191
908612.3.peg.325.site.24, 14, 173, 187
908612.3.peg.325.site.25, 2, 178, 180
908612.3.peg.325.site.26, 8, 174, 182
908612.3.peg.325.site.27, 1, 178, 179
908612.3.peg.325.site.28, 16, 177, 193
908612.3.peg.325.site.29, 17, 179, 196
908612.3.peg.325.site.30, 0, 174, 174
908612.3.peg.325.site.31, 1, 178, 179
908612.3.peg.325.site.32, 15, 174, 189
908612.3.peg.325.site.33, 1, 179, 180
908612.3.peg.325.site.34, 1, 179, 180
908612.3.peg.325.site.35, 0, 179, 179
908612.3.peg.325.site.36, 0, 177, 177
908612.3.peg.325.site.37, 2, 178, 180
908612.3.peg.325.site.38, 0, 178, 178
908612.3.peg.325.site.39, 0, 179, 179
908612.3.peg.325.site.40, 1, 180, 181
908612.3.peg.325.site.41, 25, 177, 202
908612.3.peg.325.site.42, 0, 179, 179
908612.3.peg.325.site.43, 1, 180, 181
908612.3.peg.325.site.44, 1, 177, 178
908612.3.peg.325.site.45, 12, 180, 192
908612.3.peg.325.site.46, 56, 171, 227
908612.3.peg.325.site.47, 0, 178, 178
908612.3.peg.325.site.48, 50, 175, 225
908612.3.peg.325.site.49, 22, 175, 197
908612.3.peg.325.site.50, 9, 170, 179
908612.3.peg.325.site.51, 20, 161, 181
908612.3.peg.325.site.52, 2, 172, 174
908612.3.peg.325.site.53, 3, 174, 177
908612.3.peg.2299.site.1, 0, 180, 180
908612.3.peg.2299.site.2, 1, 175, 176
908612.3.peg.2299.site.3, 16, 164, 180
908612.3.peg.2299.site.4, 1, 141, 142
908612.3.peg.2299.site.5, 1, 123, 124
908612.3.peg.2299.site.6, 1, 122, 123
908612.3.peg.2299.site.7, 1, 109, 110
908612.3.peg.2299.site.8, 2, 109, 111
908612.3.peg.2299.site.9, 3, 114, 117
908612.3.peg.2299.site.10, 7, 142, 149
908612.3.peg.2299.site.11, 0, 154, 154
908612.3.peg.2299.site.12, 101, 154, 255
908612.3.peg.2299.site.13, 20, 169, 189
908612.3.peg.2299.site.14, 1, 170, 171
908612.3.peg.2299.site.15, 22, 171, 193
908612.3.peg.2299.site.16, 85, 170, 255
908612.3.peg.2299.site.17, 3, 176, 179
908612.3.peg.2299.site.18, 31, 176, 207
908612.3.peg.2299.site.19, 135, 175, 310
908612.3.peg.2299.site.20, 0, 178, 178
908612.3.peg.2299.site.21, 5, 176, 181
908612.3.peg.2298.site.1, 0, 180, 180
908612.3.peg.2298.site.2, 3, 178, 181
908612.3.peg.2298.site.3, 1, 178, 179
908612.3.peg.2298.site.4, 4, 177, 181
908612.3.peg.2298.site.5, 3, 180, 183
908612.3.peg.2298.site.6, 1, 180, 181
908612.3.peg.2298.site.7, 2, 178, 180
908612.3.peg.2298.site.8, 2, 180, 182
908612.3.peg.2298.site.9, 0, 180, 180
908612.3.peg.2298.site.10, 47, 177, 224
908612.3.peg.2298.site.11, 0, 179, 179
908612.3.peg.2298.site.12, 0, 180, 180
908612.3.peg.2298.site.13, 45, 177, 222
908612.3.peg.2298.site.14, 0, 177, 177
908612.3.peg.2298.site.15, 1, 179, 180
908612.3.peg.2298.site.16, 0, 180, 180
908612.3.peg.2053.site.1, 30, 149, 179
908612.3.peg.2053.site.2, 136, 170, 306
908612.3.peg.2053.site.3, 0, 173, 173
908612.3.peg.2053.site.4, 1, 160, 161
908612.3.peg.2053.site.5, 6, 156, 162
908612.3.peg.2053.site.6, 3, 164, 167
908612.3.peg.2053.site.7, 18, 170, 188
908612.3.peg.2053.site.8, 6, 179, 185
908612.3.peg.2053.site.9, 11, 179, 190
908612.3.peg.2053.site.10, 2, 178, 180
908612.3.peg.2053.site.11, 57, 177, 234
908612.3.peg.2053.site.12, 1, 176, 177
908612.3.peg.2053.site.13, 1, 177, 178
908612.3.peg.2053.site.14, 67, 176, 243
908612.3.peg.2053.site.15, 87, 177, 264
908612.3.peg.2053.site.16, 3, 180, 183
908612.3.peg.2053.site.17, 2, 180, 182
908612.3.peg.2053.site.18, 6, 174, 180
908612.3.peg.2053.site.19, 146, 176, 322
908612.3.peg.2053.site.20, 115, 175, 290
908612.3.peg.2053.site.21, 23, 180, 203
908612.3.peg.2053.site.22, 2, 180, 182
908612.3.peg.2053.site.23, 0, 179, 179
908612.3.peg.2053.site.24, 0, 180, 180
908612.3.peg.2053.site.25, 84, 179, 263
908612.3.peg.2052.site.1, 2, 180, 182
908612.3.peg.2052.site.2, 0, 180, 180
908612.3.peg.2052.site.3, 59, 176, 235
908612.3.peg.2052.site.4, 1, 177, 178
908612.3.peg.2052.site.5, 6, 177, 183
908612.3.peg.2052.site.6, 0, 170, 170
908612.3.peg.2052.site.7, 3, 176, 179
908612.3.peg.2052.site.8, 81, 175, 256
908612.3.peg.2052.site.9, 3, 179, 182
908612.3.peg.2052.site.10, 10, 179, 189
908612.3.peg.2052.site.11, 75, 179, 254
908612.3.peg.2052.site.12, 83, 179, 262
908612.3.peg.2052.site.13, 10, 179, 189
908612.3.peg.2051.site.1, 0, 178, 178
908612.3.peg.2051.site.2, 4, 173, 177
908612.3.peg.2051.site.3, 37, 178, 215
908612.3.peg.2051.site.4, 128, 177, 305
908612.3.peg.2051.site.5, 1, 173, 174
908612.3.peg.2051.site.6, 0, 177, 177
908612.3.peg.2051.site.7, 1, 178, 179
908612.3.peg.2051.site.8, 118, 174, 292
908612.3.peg.2051.site.9, 121, 177, 298
908612.3.peg.2051.site.10, 2, 179, 181
908612.3.peg.2051.site.11, 1, 179, 180
908612.3.peg.2051.site.12, 3, 180, 183
908612.3.peg.2051.site.13, 10, 178, 188
908612.3.peg.2050.site.1, 13, 180, 193
908612.3.peg.2050.site.2, 159, 179, 338
908612.3.peg.2050.site.3, 2, 179, 181
908612.3.peg.2050.site.4, 1, 179, 180
908612.3.peg.2050.site.5, 0, 180, 180
908612.3.peg.2050.site.6, 40, 177, 217
908612.3.peg.2050.site.7, 1, 180, 181
908612.3.peg.2050.site.8, 2, 178, 180
908612.3.peg.2050.site.9, 8, 176, 184
908612.3.peg.2050.site.10, 19, 175, 194
908612.3.peg.2050.site.11, 10, 176, 186
908612.3.peg.2050.site.12, 15, 176, 191
908612.3.peg.2050.site.13, 6, 174, 180
908612.3.peg.2050.site.14, 3, 168, 171
908612.3.peg.2050.site.15, 67, 168, 235
908612.3.peg.2050.site.16, 64, 170, 234
908612.3.peg.2050.site.17, 2, 176, 178
908612.3.peg.2050.site.18, 10, 176, 186
908612.3.peg.2050.site.19, 34, 178, 212
908612.3.peg.2057.site.1, 44, 171, 215
908612.3.peg.2057.site.2, 0, 176, 176
908612.3.peg.2057.site.3, 0, 176, 176
908612.3.peg.2057.site.4, 15, 174, 189
908612.3.peg.2057.site.5, 94, 172, 266
908612.3.peg.2057.site.6, 0, 176, 176
908612.3.peg.2057.site.7, 0, 175, 175
908612.3.peg.2057.site.8, 0, 171, 171
908612.3.peg.2057.site.9, 27, 171, 198
908612.3.peg.2057.site.10, 11, 173, 184
908612.3.peg.2057.site.11, 21, 179, 200
908612.3.peg.2057.site.12, 3, 178, 181
908612.3.peg.2057.site.13, 7, 180, 187
908612.3.peg.2057.site.14, 11, 161, 172
908612.3.peg.2057.site.15, 6, 160, 166
908612.3.peg.2057.site.16, 6, 179, 185
908612.3.peg.2057.site.17, 16, 177, 193
908612.3.peg.2057.site.18, 30, 177, 207
908612.3.peg.2057.site.19, 55, 172, 227
908612.3.peg.2057.site.20, 5, 177, 182
908612.3.peg.2057.site.21, 3, 172, 175
908612.3.peg.2057.site.22, 5, 175, 180
908612.3.peg.2057.site.23, 0, 173, 173
908612.3.peg.2056.site.1, 83, 171, 254
908612.3.peg.2056.site.2, 2, 173, 175
908612.3.peg.2056.site.3, 34, 162, 196
908612.3.peg.2056.site.4, 34, 163, 197
908612.3.peg.2056.site.5, 35, 158, 193
908612.3.peg.2056.site.6, 12, 165, 177
908612.3.peg.2056.site.7, 7, 167, 174
908612.3.peg.2056.site.8, 4, 169, 173
908612.3.peg.2056.site.9, 41, 170, 211
908612.3.peg.2056.site.10, 34, 173, 207
908612.3.peg.2056.site.11, 0, 178, 178
908612.3.peg.2056.site.12, 2, 179, 181
908612.3.peg.2056.site.13, 1, 176, 177
908612.3.peg.2056.site.14, 8, 164, 172
908612.3.peg.2056.site.15, 8, 180, 188
908612.3.peg.2056.site.16, 39, 176, 215
908612.3.peg.2056.site.17, 2, 179, 181
908612.3.peg.2056.site.18, 8, 178, 186
908612.3.peg.2056.site.19, 10, 180, 190
908612.3.peg.2056.site.20, 41, 174, 215
908612.3.peg.2056.site.21, 4, 179, 183
908612.3.peg.2056.site.22, 40, 175, 215
908612.3.peg.2056.site.23, 29, 177, 206
908612.3.peg.2056.site.24, 0, 178, 178
908612.3.peg.2056.site.25, 2, 175, 177
908612.3.peg.2056.site.26, 37, 162, 199
908612.3.peg.2056.site.27, 0, 168, 168
908612.3.peg.2056.site.28, 28, 166, 194
908612.3.peg.2056.site.29, 5, 175, 180
908612.3.peg.2056.site.30, 6, 177, 183
908612.3.peg.2055.site.1, 2, 175, 177
908612.3.peg.2055.site.2, 6, 169, 175
908612.3.peg.2055.site.3, 34, 164, 198
908612.3.peg.2055.site.4, 10, 170, 180
908612.3.peg.2055.site.5, 2, 168, 170
908612.3.peg.2055.site.6, 5, 169, 174
908612.3.peg.2055.site.7, 25, 158, 183
908612.3.peg.2055.site.8, 37, 161, 198
908612.3.peg.2055.site.9, 40, 163, 203
908612.3.peg.2055.site.10, 2, 179, 181
908612.3.peg.2055.site.11, 13, 177, 190
908612.3.peg.2055.site.12, 9, 175, 184
908612.3.peg.2055.site.13, 5, 179, 184
908612.3.peg.2055.site.14, 29, 176, 205
908612.3.peg.2055.site.15, 121, 176, 297
908612.3.peg.2055.site.16, 0, 175, 175
908612.3.peg.2055.site.17, 0, 178, 178
908612.3.peg.2055.site.18, 14, 179, 193
908612.3.peg.2055.site.19, 125, 176, 301
908612.3.peg.2055.site.20, 2, 178, 180
908612.3.peg.2055.site.21, 0, 178, 178
908612.3.peg.2055.site.22, 8, 180, 188
908612.3.peg.2055.site.23, 0, 172, 172
908612.3.peg.2055.site.24, 12, 176, 188
908612.3.peg.2055.site.25, 0, 176, 176
908612.3.peg.2055.site.26, 6, 178, 184
908612.3.peg.2055.site.27, 6, 178, 184
908612.3.peg.2055.site.28, 14, 176, 190
908612.3.peg.2055.site.29, 3, 178, 181
908612.3.peg.2055.site.30, 7, 178, 185
908612.3.peg.2055.site.31, 2, 179, 181
908612.3.peg.2055.site.32, 2, 179, 181
908612.3.peg.2055.site.33, 6, 179, 185
908612.3.peg.2055.site.34, 1, 178, 179
908612.3.peg.2055.site.35, 129, 175, 304
908612.3.peg.2055.site.36, 2, 179, 181
908612.3.peg.2055.site.37, 76, 173, 249
908612.3.peg.2055.site.38, 122, 174, 296
908612.3.peg.2055.site.39, 0, 180, 180
908612.3.peg.2055.site.40, 110, 174, 284
908612.3.peg.2054.site.1, 148, 178, 326
908612.3.peg.2054.site.2, 31, 176, 207
908612.3.peg.2054.site.3, 1, 180, 181
908612.3.peg.2054.site.4, 2, 179, 181
908612.3.peg.2054.site.5, 6, 179, 185
908612.3.peg.2054.site.6, 1, 179, 180
908612.3.peg.2054.site.7, 56, 178, 234
908612.3.peg.2054.site.8, 1, 180, 181
908612.3.peg.2054.site.9, 0, 179, 179
908612.3.peg.2054.site.10, 86, 171, 257
908612.3.peg.2054.site.11, 2, 176, 178
908612.3.peg.2054.site.12, 1, 176, 177
908612.3.peg.2054.site.13, 0, 176, 176
908612.3.peg.2054.site.14, 0, 177, 177
908612.3.peg.2054.site.15, 2, 177, 179
908612.3.peg.2054.site.16, 127, 175, 302
908612.3.peg.2054.site.17, 30, 176, 206
908612.3.peg.2054.site.18, 70, 174, 244
908612.3.peg.2054.site.19, 78, 177, 255
908612.3.peg.2054.site.20, 6, 179, 185
908612.3.peg.2054.site.21, 3, 179, 182
908612.3.peg.2054.site.22, 8, 174, 182
908612.3.peg.2054.site.23, 0, 172, 172
908612.3.peg.2054.site.24, 3, 152, 155
908612.3.peg.2054.site.25, 8, 177, 185
908612.3.peg.2729.site.1, 1, 179, 180
908612.3.peg.2729.site.2, 125, 178, 303
908612.3.peg.2729.site.3, 0, 180, 180
908612.3.peg.2729.site.4, 15, 180, 195
908612.3.peg.2729.site.5, 145, 175, 320
908612.3.peg.2729.site.6, 53, 177, 230
908612.3.peg.2729.site.7, 17, 131, 148
908612.3.peg.2729.site.8, 35, 144, 179
908612.3.peg.2729.site.9, 116, 172, 288
908612.3.peg.2729.site.10, 2, 174, 176
908612.3.peg.2729.site.11, 59, 176, 235
908612.3.peg.2729.site.12, 59, 173, 232
908612.3.peg.2729.site.13, 80, 172, 252
908612.3.peg.2729.site.14, 0, 176, 176
908612.3.peg.2729.site.15, 47, 173, 220
908612.3.peg.2729.site.16, 131, 170, 301
908612.3.peg.2729.site.17, 3, 172, 175
908612.3.peg.2729.site.18, 0, 178, 178
908612.3.peg.2729.site.19, 32, 177, 209
908612.3.peg.2729.site.20, 152, 175, 327
908612.3.peg.2729.site.21, 41, 178, 219
908612.3.peg.2729.site.22, 17, 177, 194
908612.3.peg.2728.site.1, 6, 177, 183
908612.3.peg.2728.site.2, 12, 171, 183
908612.3.peg.2728.site.3, 2, 175, 177
908612.3.peg.2728.site.4, 5, 179, 184
908612.3.peg.2728.site.5, 36, 177, 213
908612.3.peg.2728.site.6, 3, 177, 180
908612.3.peg.2728.site.7, 1, 179, 180
908612.3.peg.2728.site.8, 42, 175, 217
908612.3.peg.2728.site.9, 9, 178, 187
908612.3.peg.2728.site.10, 86, 173, 259
908612.3.peg.2728.site.11, 3, 180, 183
908612.3.peg.2728.site.12, 86, 176, 262
908612.3.peg.2728.site.13, 6, 178, 184
908612.3.peg.2728.site.14, 160, 177, 337
908612.3.peg.2728.site.15, 23, 178, 201
908612.3.peg.2728.site.16, 3, 179, 182
908612.3.peg.2728.site.17, 4, 177, 181
908612.3.peg.2728.site.18, 17, 178, 195
908612.3.peg.2728.site.19, 13, 179, 192
908612.3.peg.2728.site.20, 117, 163, 280
908612.3.peg.2728.site.21, 106, 152, 258
908612.3.peg.2728.site.22, 106, 163, 269
908612.3.peg.2728.site.23, 0, 164, 164
908612.3.peg.2728.site.24, 135, 159, 294
908612.3.peg.2728.site.25, 0, 178, 178
908612.3.peg.2728.site.26, 26, 179, 205
908612.3.peg.2728.site.27, 119, 177, 296
908612.3.peg.2728.site.28, 95, 178, 273
908612.3.peg.2728.site.29, 129, 178, 307
908612.3.peg.2728.site.30, 1, 171, 172
908612.3.peg.2728.site.31, 121, 177, 298
908612.3.peg.2728.site.32, 122, 176, 298
908612.3.peg.2059.site.1, 45, 176, 221
908612.3.peg.2059.site.2, 2, 179, 181
908612.3.peg.2059.site.3, 8, 179, 187
908612.3.peg.2059.site.4, 55, 176, 231
908612.3.peg.2059.site.5, 27, 174, 201
908612.3.peg.2059.site.6, 2, 178, 180
908612.3.peg.2059.site.7, 2, 178, 180
908612.3.peg.2059.site.8, 2, 178, 180
908612.3.peg.2059.site.9, 5, 178, 183
908612.3.peg.2059.site.10, 55, 176, 231
908612.3.peg.2059.site.11, 3, 177, 180
908612.3.peg.2059.site.12, 4, 175, 179
908612.3.peg.2059.site.13, 29, 179, 208
908612.3.peg.2058.site.1, 0, 173, 173
908612.3.peg.2058.site.2, 126, 169, 295
908612.3.peg.2058.site.3, 5, 168, 173
908612.3.peg.2058.site.4, 0, 168, 168
908612.3.peg.2058.site.5, 9, 171, 180
908612.3.peg.2058.site.6, 6, 177, 183
908612.3.peg.2058.site.7, 40, 175, 215
908612.3.peg.2058.site.8, 2, 177, 179
908612.3.peg.2058.site.9, 46, 178, 224
908612.3.peg.2058.site.10, 93, 178, 271
908612.3.peg.2058.site.11, 24, 177, 201
908612.3.peg.2058.site.12, 11, 177, 188
908612.3.peg.2058.site.13, 2, 173, 175
908612.3.peg.2058.site.14, 0, 180, 180
908612.3.peg.36.site.1, 36, 177, 213
908612.3.peg.36.site.2, 64, 173, 237
908612.3.peg.36.site.3, 0, 180, 180
908612.3.peg.36.site.4, 1, 179, 180
908612.3.peg.36.site.5, 6, 180, 186
908612.3.peg.36.site.6, 23, 179, 202
908612.3.peg.36.site.7, 5, 179, 184
908612.3.peg.36.site.8, 0, 180, 180
908612.3.peg.36.site.9, 0, 180, 180
908612.3.peg.36.site.10, 0, 180, 180
908612.3.peg.36.site.11, 14, 178, 192
908612.3.peg.36.site.12, 42, 176, 218
908612.3.peg.36.site.13, 10, 179, 189
908612.3.peg.36.site.14, 2, 179, 181
908612.3.peg.36.site.15, 0, 176, 176
908612.3.peg.36.site.16, 0, 179, 179
908612.3.peg.36.site.17, 75, 171, 246
908612.3.peg.36.site.18, 5, 179, 184
908612.3.peg.36.site.19, 70, 178, 248
908612.3.peg.36.site.20, 31, 179, 210
908612.3.peg.36.site.21, 20, 179, 199
908612.3.peg.36.site.22, 64, 152, 216
908612.3.peg.36.site.23, 23, 169, 192
908612.3.peg.36.site.24, 26, 175, 201
908612.3.peg.36.site.25, 9, 177, 186
908612.3.peg.36.site.26, 50, 177, 227
908612.3.peg.36.site.27, 0, 180, 180
908612.3.peg.36.site.28, 37, 175, 212
908612.3.peg.36.site.29, 0, 178, 178
908612.3.peg.36.site.30, 31, 178, 209
908612.3.peg.36.site.31, 146, 179, 325
908612.3.peg.36.site.32, 0, 178, 178
908612.3.peg.36.site.33, 14, 178, 192
908612.3.peg.36.site.34, 5, 165, 170
908612.3.peg.36.site.35, 48, 152, 200
908612.3.peg.36.site.36, 66, 155, 221
908612.3.peg.36.site.37, 61, 168, 229
908612.3.peg.36.site.38, 5, 175, 180
908612.3.peg.36.site.39, 84, 176, 260
908612.3.peg.36.site.40, 80, 177, 257
908612.3.peg.36.site.41, 0, 180, 180
908612.3.peg.1825.site.1, 2, 180, 182
908612.3.peg.1825.site.2, 0, 179, 179
908612.3.peg.1825.site.3, 20, 177, 197
908612.3.peg.1825.site.4, 17, 177, 194
908612.3.peg.1825.site.5, 1, 180, 181
908612.3.peg.1825.site.6, 20, 176, 196
908612.3.peg.1825.site.7, 19, 176, 195
908612.3.peg.1825.site.8, 7, 178, 185
908612.3.peg.1825.site.9, 5, 178, 183
908612.3.peg.1825.site.10, 12, 176, 188
908612.3.peg.1825.site.11, 79, 177, 256
908612.3.peg.1825.site.12, 19, 176, 195
908612.3.peg.1825.site.13, 30, 179, 209
908612.3.peg.1825.site.14, 85, 174, 259
908612.3.peg.1825.site.15, 12, 176, 188
908612.3.peg.1825.site.16, 1, 180, 181
908612.3.peg.1825.site.17, 0, 179, 179
908612.3.peg.1825.site.18, 2, 179, 181
908612.3.peg.1825.site.19, 0, 178, 178
908612.3.peg.1825.site.20, 3, 177, 180
908612.3.peg.1825.site.21, 101, 168, 269
908612.3.peg.1825.site.22, 32, 178, 210
908612.3.peg.1825.site.23, 95, 175, 270
908612.3.peg.1824.site.1, 0, 178, 178
908612.3.peg.1824.site.2, 27, 177, 204
908612.3.peg.1824.site.3, 79, 178, 257
908612.3.peg.1824.site.4, 124, 176, 300
908612.3.peg.1824.site.5, 3, 179, 182
908612.3.peg.1824.site.6, 3, 179, 182
908612.3.peg.1824.site.7, 16, 180, 196
908612.3.peg.1824.site.8, 125, 176, 301
908612.3.peg.1824.site.9, 90, 177, 267
908612.3.peg.1824.site.10, 91, 178, 269
908612.3.peg.1824.site.11, 11, 180, 191
908612.3.peg.1824.site.12, 122, 178, 300
908612.3.peg.1824.site.13, 4, 180, 184
908612.3.peg.1824.site.14, 3, 180, 183
908612.3.peg.1824.site.15, 31, 178, 209
908612.3.peg.1824.site.16, 31, 179, 210
908612.3.peg.1824.site.17, 62, 176, 238
908612.3.peg.1824.site.18, 67, 176, 243
908612.3.peg.1824.site.19, 20, 180, 200
908612.3.peg.1824.site.20, 1, 179, 180
908612.3.peg.1824.site.21, 2, 179, 181
908612.3.peg.1824.site.22, 9, 174, 183
908612.3.peg.1824.site.23, 7, 179, 186
908612.3.peg.1824.site.24, 16, 174, 190
908612.3.peg.1824.site.25, 53, 174, 227
908612.3.peg.1824.site.26, 48, 156, 204
908612.3.peg.1823.site.1, 17, 174, 191
908612.3.peg.1823.site.2, 102, 177, 279
908612.3.peg.1823.site.3, 2, 178, 180
908612.3.peg.1823.site.4, 0, 177, 177
908612.3.peg.1823.site.5, 127, 175, 302
908612.3.peg.1823.site.6, 97, 170, 267
908612.3.peg.1823.site.7, 14, 176, 190
908612.3.peg.1823.site.8, 147, 177, 324
908612.3.peg.1823.site.9, 129, 177, 306
908612.3.peg.1823.site.10, 0, 179, 179
908612.3.peg.1823.site.11, 2, 179, 181
908612.3.peg.1823.site.12, 25, 177, 202
908612.3.peg.1823.site.13, 3, 179, 182
908612.3.peg.1823.site.14, 12, 174, 186
908612.3.peg.1823.site.15, 2, 177, 179
908612.3.peg.1823.site.16, 2, 177, 179
908612.3.peg.1823.site.17, 2, 178, 180
908612.3.peg.1823.site.18, 3, 180, 183
908612.3.peg.1823.site.19, 2, 177, 179
908612.3.peg.1822.site.1, 92, 167, 259
908612.3.peg.1822.site.2, 7, 176, 183
908612.3.peg.1822.site.3, 29, 176, 205
908612.3.peg.1822.site.4, 2, 178, 180
908612.3.peg.1822.site.5, 1, 179, 180
908612.3.peg.1822.site.6, 116, 173, 289
908612.3.peg.1822.site.7, 0, 178, 178
908612.3.peg.1822.site.8, 1, 180, 181
908612.3.peg.1822.site.9, 2, 178, 180
908612.3.peg.1822.site.10, 2, 180, 182
908612.3.peg.1822.site.11, 0, 180, 180
908612.3.peg.1822.site.12, 5, 178, 183
908612.3.peg.1822.site.13, 73, 177, 250
908612.3.peg.1822.site.14, 3, 179, 182
908612.3.peg.1822.site.15, 0, 178, 178
908612.3.peg.1822.site.16, 70, 179, 249
908612.3.peg.1822.site.17, 24, 178, 202
908612.3.peg.1822.site.18, 6, 179, 185
908612.3.peg.1822.site.19, 88, 173, 261
908612.3.peg.1822.site.20, 0, 177, 177
908612.3.peg.1822.site.21, 87, 173, 260
908612.3.peg.1822.site.22, 88, 175, 263
908612.3.peg.1822.site.23, 0, 179, 179
908612.3.peg.1822.site.24, 2, 179, 181
908612.3.peg.1822.site.25, 0, 179, 179
908612.3.peg.1822.site.26, 5, 174, 179
908612.3.peg.1822.site.27, 3, 175, 178
908612.3.peg.1822.site.28, 1, 174, 175
908612.3.peg.1822.site.29, 44, 165, 209
908612.3.peg.1822.site.30, 142, 169, 311
908612.3.peg.1821.site.1, 3, 179, 182
908612.3.peg.1821.site.2, 57, 175, 232
908612.3.peg.1821.site.3, 14, 177, 191
908612.3.peg.1821.site.4, 0, 180, 180
908612.3.peg.1821.site.5, 1, 178, 179
908612.3.peg.1821.site.6, 96, 177, 273
908612.3.peg.1821.site.7, 157, 180, 337
908612.3.peg.1821.site.8, 23, 179, 202
908612.3.peg.1821.site.9, 23, 177, 200
908612.3.peg.1821.site.10, 12, 180, 192
908612.3.peg.1821.site.11, 2, 177, 179
908612.3.peg.1821.site.12, 2, 180, 182
908612.3.peg.1821.site.13, 3, 178, 181
908612.3.peg.1821.site.14, 3, 176, 179
908612.3.peg.1821.site.15, 122, 174, 296
908612.3.peg.1821.site.16, 4, 179, 183
908612.3.peg.1821.site.17, 0, 179, 179
908612.3.peg.1820.site.1, 4, 180, 184
908612.3.peg.1820.site.2, 2, 180, 182
908612.3.peg.1820.site.3, 1, 180, 181
908612.3.peg.1820.site.4, 7, 179, 186
908612.3.peg.1820.site.5, 1, 179, 180
908612.3.peg.1820.site.6, 146, 176, 322
908612.3.peg.1820.site.7, 0, 178, 178
908612.3.peg.1820.site.8, 70, 175, 245
908612.3.peg.1820.site.9, 43, 176, 219
908612.3.peg.1820.site.10, 1, 180, 181
908612.3.peg.1820.site.11, 23, 178, 201
908612.3.peg.1820.site.12, 0, 175, 175
908612.3.peg.1820.site.13, 46, 173, 219
908612.3.peg.1820.site.14, 9, 172, 181
908612.3.peg.1820.site.15, 0, 173, 173
908612.3.peg.1820.site.16, 48, 162, 210
908612.3.peg.1820.site.17, 55, 178, 233
908612.3.peg.1820.site.18, 50, 176, 226
908612.3.peg.1820.site.19, 70, 178, 248
908612.3.peg.1820.site.20, 3, 178, 181
908612.3.peg.1820.site.21, 0, 179, 179
908612.3.peg.1820.site.22, 2, 179, 181
908612.3.peg.1820.site.23, 78, 179, 257
908612.3.peg.1820.site.24, 113, 176, 289
908612.3.peg.1820.site.25, 74, 180, 254
908612.3.peg.1820.site.26, 26, 179, 205
908612.3.peg.1820.site.27, 86, 177, 263
908612.3.peg.1820.site.28, 1, 178, 179
908612.3.peg.1820.site.29, 102, 172, 274
908612.3.peg.1820.site.30, 8, 176, 184
908612.3.peg.1820.site.31, 21, 180, 201
908612.3.peg.1820.site.32, 0, 180, 180
908612.3.peg.2127.site.1, 35, 178, 213
908612.3.peg.2127.site.2, 1, 179, 180
908612.3.peg.2127.site.3, 35, 177, 212
908612.3.peg.2127.site.4, 35, 176, 211
908612.3.peg.2127.site.5, 0, 177, 177
908612.3.peg.2127.site.6, 1, 178, 179
908612.3.peg.2127.site.7, 7, 179, 186
908612.3.peg.2127.site.8, 0, 175, 175
908612.3.peg.2127.site.9, 0, 177, 177
908612.3.peg.2127.site.10, 2, 175, 177
908612.3.peg.2127.site.11, 10, 178, 188
908612.3.peg.2127.site.12, 30, 176, 206
908612.3.peg.2127.site.13, 38, 177, 215
908612.3.peg.2127.site.14, 0, 179, 179
908612.3.peg.2127.site.15, 7, 180, 187
908612.3.peg.2127.site.16, 9, 180, 189
908612.3.peg.2127.site.17, 0, 179, 179
908612.3.peg.2127.site.18, 2, 179, 181
908612.3.peg.2127.site.19, 16, 179, 195
908612.3.peg.2127.site.20, 4, 179, 183
908612.3.peg.2127.site.21, 30, 179, 209
908612.3.peg.2126.site.1, 41, 174, 215
908612.3.peg.2126.site.2, 44, 174, 218
908612.3.peg.2126.site.3, 37, 177, 214
908612.3.peg.2126.site.4, 1, 179, 180
908612.3.peg.2126.site.5, 36, 177, 213
908612.3.peg.2126.site.6, 36, 176, 212
908612.3.peg.2126.site.7, 36, 174, 210
908612.3.peg.2126.site.8, 3, 178, 181
908612.3.peg.2126.site.9, 39, 177, 216
908612.3.peg.2126.site.10, 4, 180, 184
908612.3.peg.2126.site.11, 38, 177, 215
908612.3.peg.2126.site.12, 1, 179, 180
908612.3.peg.2126.site.13, 0, 178, 178
908612.3.peg.2124.site.1, 2, 178, 180
908612.3.peg.2124.site.2, 11, 177, 188
908612.3.peg.2124.site.3, 9, 179, 188
908612.3.peg.2124.site.4, 24, 174, 198
908612.3.peg.2124.site.5, 8, 161, 169
908612.3.peg.2124.site.6, 6, 148, 154
908612.3.peg.2124.site.7, 32, 137, 169
908612.3.peg.2124.site.8, 2, 138, 140
908612.3.peg.2124.site.9, 15, 140, 155
908612.3.peg.2124.site.10, 15, 152, 167
908612.3.peg.2124.site.11, 4, 157, 161
908612.3.peg.2124.site.12, 16, 155, 171
908612.3.peg.2124.site.13, 2, 162, 164
908612.3.peg.2124.site.14, 0, 174, 174
908612.3.peg.2124.site.15, 28, 179, 207
908612.3.peg.2124.site.16, 3, 180, 183
908612.3.peg.2124.site.17, 0, 180, 180
908612.3.peg.2124.site.18, 0, 179, 179
908612.3.peg.2124.site.19, 10, 171, 181
908612.3.peg.2124.site.20, 81, 176, 257
908612.3.peg.2124.site.21, 142, 176, 318
908612.3.peg.2124.site.22, 47, 171, 218
908612.3.peg.2124.site.23, 34, 170, 204
908612.3.peg.2124.site.24, 43, 171, 214
908612.3.peg.2124.site.25, 9, 151, 160
908612.3.peg.2124.site.26, 33, 146, 179
908612.3.peg.2122.site.1, 158, 177, 335
908612.3.peg.2122.site.2, 0, 177, 177
908612.3.peg.2122.site.3, 7, 179, 186
908612.3.peg.2122.site.4, 1, 179, 180
908612.3.peg.2122.site.5, 0, 180, 180
908612.3.peg.2122.site.6, 0, 179, 179
908612.3.peg.2122.site.7, 0, 179, 179
908612.3.peg.2122.site.8, 1, 180, 181
908612.3.peg.2122.site.9, 131, 176, 307
908612.3.peg.2122.site.10, 1, 180, 181
908612.3.peg.2122.site.11, 0, 180, 180
908612.3.peg.2122.site.12, 0, 180, 180
908612.3.peg.2122.site.13, 0, 178, 178
908612.3.peg.2122.site.14, 22, 177, 199
908612.3.peg.2122.site.15, 0, 177, 177
908612.3.peg.2122.site.16, 130, 178, 308
908612.3.peg.2122.site.17, 1, 180, 181
908612.3.peg.2122.site.18, 0, 178, 178
908612.3.peg.2122.site.19, 33, 175, 208
908612.3.peg.2122.site.20, 0, 179, 179
908612.3.peg.2122.site.21, 0, 178, 178
908612.3.peg.2122.site.22, 85, 174, 259
908612.3.peg.2122.site.23, 151, 175, 326
908612.3.peg.2122.site.24, 5, 158, 163
908612.3.peg.2122.site.25, 1, 167, 168
908612.3.peg.2122.site.26, 151, 175, 326
908612.3.peg.2122.site.27, 4, 176, 180
908612.3.peg.2121.site.1, 66, 173, 239
908612.3.peg.2121.site.2, 104, 170, 274
908612.3.peg.2121.site.3, 114, 173, 287
908612.3.peg.2121.site.4, 2, 164, 166
908612.3.peg.2121.site.5, 12, 162, 174
908612.3.peg.2121.site.6, 1, 160, 161
908612.3.peg.2121.site.7, 0, 153, 153
908612.3.peg.2121.site.8, 0, 153, 153
908612.3.peg.2121.site.9, 2, 148, 150
908612.3.peg.2121.site.10, 7, 152, 159
908612.3.peg.2121.site.11, 4, 166, 170
908612.3.peg.2121.site.12, 0, 165, 165
908612.3.peg.2121.site.13, 40, 176, 216
908612.3.peg.2121.site.14, 31, 179, 210
908612.3.peg.2121.site.15, 0, 180, 180
908612.3.peg.2121.site.16, 2, 180, 182
908612.3.peg.2121.site.17, 51, 175, 226
908612.3.peg.2121.site.18, 51, 176, 227
908612.3.peg.2121.site.19, 0, 179, 179
908612.3.peg.2121.site.20, 45, 177, 222
908612.3.peg.2121.site.21, 27, 180, 207
908612.3.peg.2121.site.22, 52, 178, 230
908612.3.peg.2121.site.23, 3, 179, 182
908612.3.peg.2121.site.24, 35, 176, 211
908612.3.peg.2121.site.25, 31, 178, 209
908612.3.peg.2121.site.26, 0, 179, 179
908612.3.peg.2121.site.27, 7, 179, 186
908612.3.peg.2120.site.1, 0, 177, 177
908612.3.peg.2120.site.2, 3, 178, 181
908612.3.peg.2120.site.3, 68, 177, 245
908612.3.peg.2120.site.4, 35, 179, 214
908612.3.peg.2120.site.5, 20, 179, 199
908612.3.peg.2120.site.6, 12, 179, 191
908612.3.peg.2120.site.7, 91, 171, 262
908612.3.peg.2120.site.8, 9, 179, 188
908612.3.peg.2120.site.9, 76, 155, 231
908612.3.peg.2120.site.10, 6, 171, 177
908612.3.peg.2120.site.11, 23, 174, 197
908612.3.peg.2120.site.12, 26, 178, 204
908612.3.peg.2120.site.13, 0, 180, 180
908612.3.peg.2120.site.14, 25, 178, 203
908612.3.peg.2120.site.15, 0, 179, 179
908612.3.peg.2120.site.16, 3, 179, 182
908612.3.peg.2120.site.17, 10, 166, 176
908612.3.peg.2120.site.18, 13, 162, 175
908612.3.peg.2120.site.19, 99, 158, 257
908612.3.peg.2120.site.20, 0, 175, 175
908612.3.peg.2120.site.21, 1, 180, 181
908612.3.peg.2120.site.22, 0, 179, 179
908612.3.peg.748.site.1, 0, 174, 174
908612.3.peg.748.site.2, 2, 180, 182
908612.3.peg.748.site.3, 99, 178, 277
908612.3.peg.748.site.4, 98, 177, 275
908612.3.peg.748.site.5, 4, 179, 183
908612.3.peg.748.site.6, 17, 180, 197
908612.3.peg.748.site.7, 2, 180, 182
908612.3.peg.748.site.8, 2, 180, 182
908612.3.peg.748.site.9, 2, 180, 182
908612.3.peg.748.site.10, 2, 180, 182
908612.3.peg.748.site.11, 1, 178, 179
908612.3.peg.748.site.12, 0, 179, 179
908612.3.peg.748.site.13, 97, 174, 271
908612.3.peg.748.site.14, 76, 153, 229
908612.3.peg.748.site.15, 80, 155, 235
908612.3.peg.748.site.16, 0, 151, 151
908612.3.peg.748.site.17, 79, 155, 234
908612.3.peg.748.site.18, 87, 163, 250
908612.3.peg.748.site.19, 97, 173, 270
908612.3.peg.748.site.20, 4, 179, 183
908612.3.peg.748.site.21, 93, 171, 264
908612.3.peg.748.site.22, 93, 171, 264
908612.3.peg.748.site.23, 2, 175, 177
908612.3.peg.748.site.24, 2, 171, 173
908612.3.peg.748.site.25, 60, 136, 196
908612.3.peg.748.site.26, 39, 113, 152
908612.3.peg.748.site.27, 0, 113, 113
908612.3.peg.748.site.28, 12, 86, 98
908612.3.peg.748.site.29, 9, 91, 100
908612.3.peg.748.site.30, 64, 137, 201
908612.3.peg.748.site.31, 67, 137, 204
908612.3.peg.748.site.32, 3, 149, 152
908612.3.peg.748.site.33, 1, 161, 162
908612.3.peg.748.site.34, 0, 159, 159
908612.3.peg.748.site.35, 72, 136, 208
908612.3.peg.748.site.36, 2, 146, 148
908612.3.peg.748.site.37, 1, 144, 145
908612.3.peg.748.site.38, 1, 144, 145
908612.3.peg.748.site.39, 107, 141, 248
908612.3.peg.748.site.40, 15, 139, 154
908612.3.peg.749.site.1, 2, 179, 181
908612.3.peg.749.site.2, 1, 179, 180
908612.3.peg.749.site.3, 83, 174, 257
908612.3.peg.749.site.4, 1, 179, 180
908612.3.peg.749.site.5, 2, 180, 182
908612.3.peg.749.site.6, 0, 180, 180
908612.3.peg.749.site.7, 3, 180, 183
908612.3.peg.749.site.8, 94, 177, 271
908612.3.peg.749.site.9, 2, 179, 181
908612.3.peg.749.site.10, 100, 176, 276
908612.3.peg.749.site.11, 2, 126, 128
908612.3.peg.749.site.12, 80, 123, 203
908612.3.peg.749.site.13, 1, 124, 125
908612.3.peg.749.site.14, 40, 139, 179
908612.3.peg.749.site.15, 98, 151, 249
908612.3.peg.749.site.16, 0, 157, 157
908612.3.peg.749.site.17, 119, 171, 290
908612.3.peg.749.site.18, 3, 177, 180
908612.3.peg.749.site.19, 3, 180, 183
908612.3.peg.749.site.20, 12, 180, 192
908612.3.peg.749.site.21, 11, 180, 191
908612.3.peg.749.site.22, 119, 178, 297
908612.3.peg.749.site.23, 1, 180, 181
908612.3.peg.749.site.24, 0, 180, 180
908612.3.peg.749.site.25, 1, 180, 181
908612.3.peg.749.site.26, 3, 180, 183
908612.3.peg.749.site.27, 1, 180, 181
908612.3.peg.749.site.28, 3, 180, 183
908612.3.peg.749.site.29, 9, 178, 187
908612.3.peg.749.site.30, 0, 180, 180
908612.3.peg.749.site.31, 1, 179, 180
908612.3.peg.749.site.32, 3, 180, 183
908612.3.peg.749.site.33, 72, 176, 248
908612.3.peg.742.site.1, 54, 178, 232
908612.3.peg.742.site.2, 2, 180, 182
908612.3.peg.742.site.3, 0, 180, 180
908612.3.peg.742.site.4, 2, 180, 182
908612.3.peg.742.site.5, 4, 179, 183
908612.3.peg.742.site.6, 0, 179, 179
908612.3.peg.742.site.7, 110, 176, 286
908612.3.peg.742.site.8, 2, 179, 181
908612.3.peg.742.site.9, 4, 177, 181
908612.3.peg.742.site.10, 4, 180, 184
908612.3.peg.742.site.11, 5, 180, 185
908612.3.peg.742.site.12, 3, 180, 183
908612.3.peg.742.site.13, 14, 179, 193
908612.3.peg.742.site.14, 8, 177, 185
908612.3.peg.742.site.15, 7, 174, 181
908612.3.peg.743.site.1, 12, 166, 178
908612.3.peg.743.site.2, 6, 161, 167
908612.3.peg.743.site.3, 1, 178, 179
908612.3.peg.743.site.4, 1, 174, 175
908612.3.peg.743.site.5, 76, 170, 246
908612.3.peg.743.site.6, 2, 172, 174
908612.3.peg.743.site.7, 0, 171, 171
908612.3.peg.743.site.8, 0, 171, 171
908612.3.peg.743.site.9, 23, 171, 194
908612.3.peg.743.site.10, 7, 174, 181
908612.3.peg.743.site.11, 0, 174, 174
908612.3.peg.743.site.12, 54, 173, 227
908612.3.peg.743.site.13, 4, 177, 181
908612.3.peg.743.site.14, 0, 178, 178
908612.3.peg.743.site.15, 50, 175, 225
908612.3.peg.743.site.16, 1, 179, 180
908612.3.peg.743.site.17, 2, 180, 182
908612.3.peg.743.site.18, 4, 178, 182
908612.3.peg.743.site.19, 2, 180, 182
908612.3.peg.743.site.20, 2, 180, 182
908612.3.peg.743.site.21, 3, 179, 182
908612.3.peg.740.site.1, 4, 91, 95
908612.3.peg.740.site.2, 4, 91, 95
908612.3.peg.740.site.3, 0, 90, 90
908612.3.peg.740.site.4, 1, 90, 91
908612.3.peg.740.site.5, 5, 100, 105
908612.3.peg.740.site.6, 6, 162, 168
908612.3.peg.740.site.7, 0, 176, 176
908612.3.peg.740.site.8, 74, 174, 248
908612.3.peg.740.site.9, 3, 177, 180
908612.3.peg.740.site.10, 1, 178, 179
908612.3.peg.741.site.1, 2, 180, 182
908612.3.peg.741.site.2, 2, 180, 182
908612.3.peg.741.site.3, 5, 179, 184
908612.3.peg.741.site.4, 7, 177, 184
908612.3.peg.741.site.5, 1, 180, 181
908612.3.peg.741.site.6, 3, 175, 178
908612.3.peg.741.site.7, 1, 175, 176
908612.3.peg.741.site.8, 1, 166, 167
908612.3.peg.741.site.9, 4, 173, 177
908612.3.peg.741.site.10, 0, 176, 176
908612.3.peg.741.site.11, 32, 173, 205
908612.3.peg.741.site.12, 4, 176, 180
908612.3.peg.741.site.13, 0, 174, 174
908612.3.peg.741.site.14, 1, 175, 176
908612.3.peg.741.site.15, 107, 171, 278
908612.3.peg.741.site.16, 4, 158, 162
908612.3.peg.741.site.17, 99, 171, 270
908612.3.peg.741.site.18, 34, 171, 205
908612.3.peg.741.site.19, 3, 172, 175
908612.3.peg.741.site.20, 149, 177, 326
908612.3.peg.741.site.21, 0, 178, 178
908612.3.peg.741.site.22, 1, 175, 176
908612.3.peg.741.site.23, 34, 179, 213
908612.3.peg.741.site.24, 1, 180, 181
908612.3.peg.741.site.25, 5, 180, 185
908612.3.peg.741.site.26, 19, 147, 166
908612.3.peg.741.site.27, 3, 166, 169
908612.3.peg.741.site.28, 0, 168, 168
908612.3.peg.741.site.29, 11, 179, 190
908612.3.peg.741.site.30, 62, 177, 239
908612.3.peg.741.site.31, 13, 174, 187
908612.3.peg.741.site.32, 8, 175, 183
908612.3.peg.741.site.33, 5, 176, 181
908612.3.peg.741.site.34, 89, 175, 264
908612.3.peg.741.site.35, 0, 178, 178
908612.3.peg.741.site.36, 29, 177, 206
908612.3.peg.741.site.37, 0, 176, 176
908612.3.peg.741.site.38, 32, 176, 208
908612.3.peg.741.site.39, 59, 177, 236
908612.3.peg.741.site.40, 3, 178, 181
908612.3.peg.741.site.41, 77, 174, 251
908612.3.peg.741.site.42, 50, 178, 228
908612.3.peg.741.site.43, 3, 179, 182
908612.3.peg.741.site.44, 0, 180, 180
908612.3.peg.741.site.45, 66, 180, 246
908612.3.peg.741.site.46, 53, 179, 232
908612.3.peg.741.site.47, 84, 175, 259
908612.3.peg.741.site.48, 0, 179, 179
908612.3.peg.741.site.49, 1, 180, 181
908612.3.peg.741.site.50, 2, 172, 174
908612.3.peg.741.site.51, 35, 166, 201
908612.3.peg.741.site.52, 0, 167, 167
908612.3.peg.741.site.53, 1, 168, 169
908612.3.peg.741.site.54, 75, 175, 250
908612.3.peg.741.site.55, 72, 174, 246
908612.3.peg.741.site.56, 0, 174, 174
908612.3.peg.741.site.57, 31, 176, 207
908612.3.peg.741.site.58, 0, 179, 179
908612.3.peg.741.site.59, 106, 176, 282
908612.3.peg.741.site.60, 140, 178, 318
908612.3.peg.747.site.1, 2, 179, 181
908612.3.peg.747.site.2, 2, 178, 180
908612.3.peg.747.site.3, 75, 174, 249
908612.3.peg.747.site.4, 1, 178, 179
908612.3.peg.747.site.5, 2, 177, 179
908612.3.peg.747.site.6, 2, 178, 180
908612.3.peg.747.site.7, 2, 178, 180
908612.3.peg.747.site.8, 1, 179, 180
908612.3.peg.747.site.9, 2, 180, 182
908612.3.peg.747.site.10, 1, 179, 180
908612.3.peg.747.site.11, 2, 179, 181
908612.3.peg.747.site.12, 1, 178, 179
908612.3.peg.747.site.13, 14, 177, 191
908612.3.peg.747.site.14, 2, 179, 181
908612.3.peg.747.site.15, 74, 176, 250
908612.3.peg.747.site.16, 2, 180, 182
908612.3.peg.747.site.17, 6, 179, 185
908612.3.peg.747.site.18, 1, 178, 179
908612.3.peg.747.site.19, 1, 177, 178
908612.3.peg.747.site.20, 1, 177, 178
908612.3.peg.747.site.21, 1, 175, 176
908612.3.peg.747.site.22, 3, 175, 178
908612.3.peg.747.site.23, 2, 176, 178
908612.3.peg.747.site.24, 23, 177, 200
908612.3.peg.744.site.1, 10, 177, 187
908612.3.peg.744.site.2, 2, 180, 182
908612.3.peg.744.site.3, 2, 180, 182
908612.3.peg.744.site.4, 2, 176, 178
908612.3.peg.744.site.5, 13, 178, 191
908612.3.peg.744.site.6, 5, 178, 183
908612.3.peg.744.site.7, 20, 178, 198
908612.3.peg.744.site.8, 5, 179, 184
908612.3.peg.744.site.9, 1, 179, 180
908612.3.peg.744.site.10, 1, 178, 179
908612.3.peg.744.site.11, 3, 177, 180
908612.3.peg.744.site.12, 71, 173, 244
908612.3.peg.744.site.13, 1, 178, 179
908612.3.peg.744.site.14, 95, 174, 269
908612.3.peg.744.site.15, 71, 175, 246
908612.3.peg.744.site.16, 4, 177, 181
908612.3.peg.744.site.17, 17, 175, 192
908612.3.peg.744.site.18, 5, 178, 183
908612.3.peg.744.site.19, 1, 178, 179
908612.3.peg.744.site.20, 1, 178, 179
908612.3.peg.744.site.21, 0, 177, 177
908612.3.peg.744.site.22, 6, 179, 185
908612.3.peg.744.site.23, 5, 178, 183
908612.3.peg.744.site.24, 9, 179, 188
908612.3.peg.744.site.25, 7, 179, 186
908612.3.peg.744.site.26, 20, 179, 199
908612.3.peg.744.site.27, 78, 175, 253
908612.3.peg.744.site.28, 17, 176, 193
908612.3.peg.744.site.29, 21, 176, 197
908612.3.peg.744.site.30, 2, 178, 180
908612.3.peg.744.site.31, 7, 178, 185
908612.3.peg.2823.site.1, 6, 178, 184
908612.3.peg.2823.site.2, 30, 173, 203
908612.3.peg.2823.site.3, 21, 155, 176
908612.3.peg.2823.site.4, 10, 158, 168
908612.3.peg.2823.site.5, 1, 120, 121
908612.3.peg.2823.site.6, 0, 123, 123
908612.3.peg.2823.site.7, 0, 125, 125
908612.3.peg.2823.site.8, 0, 143, 143
908612.3.peg.2823.site.9, 1, 178, 179
908612.3.peg.2823.site.10, 3, 177, 180
908612.3.peg.2823.site.11, 2, 178, 180
908612.3.peg.2823.site.12, 3, 178, 181
908612.3.peg.2826.site.1, 21, 179, 200
908612.3.peg.2826.site.2, 1, 178, 179
908612.3.peg.2826.site.3, 48, 174, 222
908612.3.peg.2826.site.4, 10, 176, 186
908612.3.peg.2826.site.5, 3, 179, 182
908612.3.peg.2827.site.1, 0, 180, 180
908612.3.peg.2827.site.2, 11, 179, 190
908612.3.peg.2827.site.3, 1, 173, 174
908612.3.peg.2827.site.4, 20, 169, 189
908612.3.peg.2827.site.5, 31, 174, 205
908612.3.peg.2827.site.6, 7, 176, 183
908612.3.peg.2827.site.7, 0, 179, 179
908612.3.peg.2827.site.8, 4, 180, 184
908612.3.peg.2827.site.9, 7, 179, 186
908612.3.peg.2827.site.10, 8, 179, 187
908612.3.peg.2827.site.11, 17, 180, 197
908612.3.peg.2827.site.12, 3, 180, 183
908612.3.peg.2827.site.13, 3, 178, 181
908612.3.peg.2827.site.14, 57, 173, 230
908612.3.peg.2827.site.15, 0, 178, 178
908612.3.peg.2827.site.16, 14, 179, 193
908612.3.peg.2827.site.17, 0, 177, 177
908612.3.peg.2827.site.18, 86, 176, 262
908612.3.peg.2827.site.19, 12, 178, 190
908612.3.peg.2827.site.20, 6, 173, 179
908612.3.peg.2827.site.21, 5, 172, 177
908612.3.peg.2825.site.1, 13, 176, 189
908612.3.peg.2825.site.2, 41, 177, 218
908612.3.peg.2825.site.3, 0, 178, 178
908612.3.peg.2825.site.4, 0, 179, 179
908612.3.peg.2825.site.5, 0, 178, 178
908612.3.peg.2825.site.6, 0, 178, 178
908612.3.peg.2825.site.7, 48, 172, 220
908612.3.peg.2825.site.8, 6, 175, 181
908612.3.peg.2825.site.9, 19, 169, 188
908612.3.peg.2825.site.10, 7, 178, 185
908612.3.peg.2825.site.11, 0, 179, 179
908612.3.peg.2825.site.12, 7, 179, 186
908612.3.peg.2825.site.13, 2, 180, 182
908612.3.peg.2825.site.14, 3, 180, 183
908612.3.peg.2825.site.15, 2, 180, 182
908612.3.peg.2825.site.16, 30, 177, 207
908612.3.peg.2825.site.17, 5, 179, 184
908612.3.peg.2825.site.18, 157, 179, 336
908612.3.peg.2825.site.19, 0, 178, 178
908612.3.peg.2825.site.20, 30, 176, 206
908612.3.peg.2825.site.21, 3, 180, 183
908612.3.peg.2825.site.22, 8, 180, 188
908612.3.peg.2825.site.23, 66, 171, 237
908612.3.peg.2825.site.24, 1, 177, 178
908612.3.peg.2825.site.25, 16, 171, 187
908612.3.peg.2825.site.26, 0, 162, 162
908612.3.peg.2825.site.27, 7, 178, 185
908612.3.peg.2825.site.28, 36, 179, 215
908612.3.peg.2825.site.29, 5, 177, 182
908612.3.peg.2825.site.30, 0, 175, 175
908612.3.peg.2825.site.31, 2, 174, 176
908612.3.peg.2825.site.32, 6, 174, 180
908612.3.peg.2825.site.33, 0, 179, 179
908612.3.peg.2825.site.34, 0, 179, 179
908612.3.peg.2825.site.35, 3, 180, 183
908612.3.peg.2825.site.36, 3, 180, 183
908612.3.peg.2825.site.37, 17, 179, 196
908612.3.peg.2825.site.38, 54, 173, 227
908612.3.peg.2825.site.39, 1, 180, 181
908612.3.peg.2825.site.40, 0, 179, 179
908612.3.peg.2825.site.41, 1, 175, 176
908612.3.peg.2825.site.42, 0, 176, 176
908612.3.peg.2825.site.43, 48, 133, 181
908612.3.peg.2825.site.44, 125, 135, 260
908612.3.peg.2825.site.45, 21, 170, 191
908612.3.peg.2825.site.46, 0, 176, 176
908612.3.peg.2825.site.47, 2, 170, 172
908612.3.peg.2825.site.48, 70, 168, 238
908612.3.peg.2825.site.49, 26, 167, 193
908612.3.peg.2825.site.50, 9, 178, 187
908612.3.peg.2825.site.51, 3, 179, 182
908612.3.peg.2825.site.52, 3, 180, 183
908612.3.peg.2825.site.53, 6, 177, 183
908612.3.peg.2825.site.54, 0, 177, 177
908612.3.peg.2825.site.55, 9, 179, 188
908612.3.peg.2825.site.56, 24, 156, 180
908612.3.peg.2825.site.57, 86, 174, 260
908612.3.peg.2825.site.58, 7, 179, 186
908612.3.peg.2825.site.59, 0, 180, 180
908612.3.peg.2825.site.60, 93, 172, 265
908612.3.peg.2825.site.61, 1, 178, 179
908612.3.peg.2825.site.62, 14, 174, 188
908612.3.peg.2825.site.63, 0, 177, 177
908612.3.peg.2825.site.64, 150, 172, 322
908612.3.peg.2825.site.65, 32, 176, 208
908612.3.peg.2825.site.66, 0, 180, 180
908612.3.peg.2825.site.67, 47, 179, 226
908612.3.peg.2825.site.68, 55, 177, 232
908612.3.peg.2825.site.69, 0, 180, 180
908612.3.peg.2825.site.70, 7, 180, 187
908612.3.peg.2825.site.71, 1, 180, 181
908612.3.peg.2825.site.72, 6, 177, 183
908612.3.peg.698.site.1, 5, 104, 109
908612.3.peg.698.site.2, 3, 103, 106
908612.3.peg.698.site.3, 2, 103, 105
908612.3.peg.698.site.4, 3, 105, 108
908612.3.peg.698.site.5, 1, 105, 106
908612.3.peg.698.site.6, 10, 103, 113
908612.3.peg.698.site.7, 2, 104, 106
908612.3.peg.698.site.8, 3, 107, 110
908612.3.peg.698.site.9, 11, 116, 127
908612.3.peg.698.site.10, 1, 159, 160
908612.3.peg.698.site.11, 5, 172, 177
908612.3.peg.698.site.12, 2, 171, 173
908612.3.peg.698.site.13, 4, 172, 176
908612.3.peg.698.site.14, 5, 172, 177
908612.3.peg.698.site.15, 3, 169, 172
908612.3.peg.698.site.16, 84, 161, 245
908612.3.peg.698.site.17, 74, 159, 233
908612.3.peg.698.site.18, 3, 165, 168
908612.3.peg.698.site.19, 77, 153, 230
908612.3.peg.699.site.1, 1, 126, 127
908612.3.peg.699.site.2, 56, 122, 178
908612.3.peg.699.site.3, 2, 70, 72
908612.3.peg.699.site.4, 0, 72, 72
908612.3.peg.699.site.5, 0, 166, 166
908612.3.peg.699.site.6, 1, 167, 168
908612.3.peg.699.site.7, 1, 166, 167
908612.3.peg.699.site.8, 3, 168, 171
908612.3.peg.699.site.9, 0, 170, 170
908612.3.peg.699.site.10, 46, 165, 211
908612.3.peg.699.site.11, 59, 162, 221
908612.3.peg.699.site.12, 100, 164, 264
908612.3.peg.699.site.13, 1, 167, 168
908612.3.peg.699.site.14, 96, 163, 259
908612.3.peg.699.site.15, 95, 160, 255
908612.3.peg.699.site.16, 51, 164, 215
908612.3.peg.699.site.17, 6, 164, 170
908612.3.peg.699.site.18, 2, 68, 70
908612.3.peg.699.site.19, 2, 68, 70
908612.3.peg.699.site.20, 89, 153, 242
908612.3.peg.694.site.1, 4, 165, 169
908612.3.peg.694.site.2, 14, 163, 177
908612.3.peg.694.site.3, 0, 164, 164
908612.3.peg.694.site.4, 0, 164, 164
908612.3.peg.694.site.5, 3, 164, 167
908612.3.peg.694.site.6, 1, 167, 168
908612.3.peg.694.site.7, 1, 168, 169
908612.3.peg.694.site.8, 1, 166, 167
908612.3.peg.694.site.9, 4, 165, 169
908612.3.peg.694.site.10, 2, 167, 169
908612.3.peg.694.site.11, 4, 167, 171
908612.3.peg.694.site.12, 6, 167, 173
908612.3.peg.694.site.13, 54, 162, 216
908612.3.peg.694.site.14, 32, 163, 195
908612.3.peg.694.site.15, 4, 166, 170
908612.3.peg.694.site.16, 6, 166, 172
908612.3.peg.694.site.17, 2, 169, 171
908612.3.peg.694.site.18, 3, 161, 164
908612.3.peg.694.site.19, 2, 172, 174
908612.3.peg.694.site.20, 24, 169, 193
908612.3.peg.694.site.21, 0, 171, 171
908612.3.peg.694.site.22, 60, 170, 230
908612.3.peg.694.site.23, 53, 165, 218
908612.3.peg.694.site.24, 52, 166, 218
908612.3.peg.694.site.25, 51, 162, 213
908612.3.peg.694.site.26, 5, 167, 172
908612.3.peg.694.site.27, 11, 168, 179
908612.3.peg.694.site.28, 3, 170, 173
908612.3.peg.694.site.29, 5, 171, 176
908612.3.peg.694.site.30, 5, 172, 177
908612.3.peg.694.site.31, 2, 172, 174
908612.3.peg.694.site.32, 8, 170, 178
908612.3.peg.695.site.1, 4, 171, 175
908612.3.peg.695.site.2, 4, 171, 175
908612.3.peg.695.site.3, 5, 167, 172
908612.3.peg.695.site.4, 4, 171, 175
908612.3.peg.695.site.5, 4, 168, 172
908612.3.peg.695.site.6, 3, 170, 173
908612.3.peg.695.site.7, 51, 165, 216
908612.3.peg.695.site.8, 2, 170, 172
908612.3.peg.695.site.9, 2, 169, 171
908612.3.peg.695.site.10, 0, 166, 166
908612.3.peg.695.site.11, 5, 168, 173
908612.3.peg.695.site.12, 0, 168, 168
908612.3.peg.695.site.13, 5, 169, 174
908612.3.peg.695.site.14, 3, 170, 173
908612.3.peg.695.site.15, 5, 170, 175
908612.3.peg.695.site.16, 1, 170, 171
908612.3.peg.695.site.17, 0, 165, 165
908612.3.peg.695.site.18, 10, 163, 173
908612.3.peg.695.site.19, 5, 163, 168
908612.3.peg.695.site.20, 1, 158, 159
908612.3.peg.695.site.21, 4, 160, 164
908612.3.peg.695.site.22, 12, 166, 178
908612.3.peg.695.site.23, 7, 168, 175
908612.3.peg.695.site.24, 1, 167, 168
908612.3.peg.695.site.25, 2, 166, 168
908612.3.peg.695.site.26, 3, 166, 169
908612.3.peg.695.site.27, 55, 167, 222
908612.3.peg.695.site.28, 0, 172, 172
908612.3.peg.695.site.29, 3, 171, 174
908612.3.peg.695.site.30, 72, 158, 230
908612.3.peg.695.site.31, 1, 163, 164
908612.3.peg.695.site.32, 45, 149, 194
908612.3.peg.695.site.33, 0, 143, 143
908612.3.peg.695.site.34, 1, 142, 143
908612.3.peg.695.site.35, 0, 165, 165
908612.3.peg.695.site.36, 6, 169, 175
908612.3.peg.695.site.37, 0, 167, 167
908612.3.peg.695.site.38, 0, 172, 172
908612.3.peg.695.site.39, 37, 170, 207
908612.3.peg.695.site.40, 5, 170, 175
908612.3.peg.695.site.41, 0, 169, 169
908612.3.peg.695.site.42, 6, 165, 171
908612.3.peg.695.site.43, 77, 160, 237
908612.3.peg.695.site.44, 83, 160, 243
908612.3.peg.695.site.45, 3, 164, 167
908612.3.peg.695.site.46, 7, 163, 170
908612.3.peg.695.site.47, 3, 168, 171
908612.3.peg.695.site.48, 1, 165, 166
908612.3.peg.695.site.49, 1, 165, 166
908612.3.peg.695.site.50, 51, 163, 214
908612.3.peg.695.site.51, 52, 164, 216
908612.3.peg.695.site.52, 1, 168, 169
908612.3.peg.695.site.53, 3, 172, 175
908612.3.peg.695.site.54, 10, 172, 182
908612.3.peg.695.site.55, 3, 170, 173
908612.3.peg.695.site.56, 2, 167, 169
908612.3.peg.697.site.1, 37, 137, 174
908612.3.peg.697.site.2, 0, 139, 139
908612.3.peg.697.site.3, 15, 138, 153
908612.3.peg.697.site.4, 40, 141, 181
908612.3.peg.697.site.5, 0, 139, 139
908612.3.peg.697.site.6, 6, 146, 152
908612.3.peg.697.site.7, 25, 165, 190
908612.3.peg.697.site.8, 1, 168, 169
908612.3.peg.697.site.9, 57, 164, 221
908612.3.peg.697.site.10, 22, 163, 185
908612.3.peg.697.site.11, 25, 169, 194
908612.3.peg.697.site.12, 3, 170, 173
908612.3.peg.697.site.13, 3, 170, 173
908612.3.peg.697.site.14, 27, 167, 194
908612.3.peg.697.site.15, 1, 155, 156
908612.3.peg.697.site.16, 2, 142, 144
908612.3.peg.697.site.17, 2, 142, 144
908612.3.peg.697.site.18, 0, 141, 141
908612.3.peg.697.site.19, 3, 161, 164
908612.3.peg.697.site.20, 21, 166, 187
908612.3.peg.697.site.21, 2, 170, 172
908612.3.peg.697.site.22, 0, 171, 171
908612.3.peg.697.site.23, 22, 164, 186
908612.3.peg.690.site.1, 0, 172, 172
908612.3.peg.690.site.2, 3, 175, 178
908612.3.peg.690.site.3, 25, 175, 200
908612.3.peg.690.site.4, 23, 175, 198
908612.3.peg.690.site.5, 22, 170, 192
908612.3.peg.690.site.6, 22, 171, 193
908612.3.peg.690.site.7, 1, 174, 175
908612.3.peg.690.site.8, 10, 173, 183
908612.3.peg.690.site.9, 1, 173, 174
908612.3.peg.690.site.10, 6, 174, 180
908612.3.peg.690.site.11, 2, 175, 177
908612.3.peg.690.site.12, 5, 175, 180
908612.3.peg.690.site.13, 2, 174, 176
908612.3.peg.690.site.14, 5, 180, 185
908612.3.peg.690.site.15, 3, 179, 182
908612.3.peg.690.site.16, 7, 180, 187
908612.3.peg.690.site.17, 5, 180, 185
908612.3.peg.690.site.18, 63, 177, 240
908612.3.peg.690.site.19, 3, 178, 181
908612.3.peg.690.site.20, 3, 178, 181
908612.3.peg.690.site.21, 3, 177, 180
908612.3.peg.690.site.22, 3, 178, 181
908612.3.peg.690.site.23, 1, 173, 174
908612.3.peg.690.site.24, 58, 173, 231
908612.3.peg.690.site.25, 34, 172, 206
908612.3.peg.690.site.26, 27, 172, 199
908612.3.peg.690.site.27, 0, 174, 174
908612.3.peg.690.site.28, 2, 174, 176
908612.3.peg.690.site.29, 3, 175, 178
908612.3.peg.691.site.1, 33, 179, 212
908612.3.peg.691.site.2, 71, 176, 247
908612.3.peg.691.site.3, 0, 178, 178
908612.3.peg.691.site.4, 5, 180, 185
908612.3.peg.691.site.5, 1, 176, 177
908612.3.peg.691.site.6, 3, 175, 178
908612.3.peg.691.site.7, 30, 169, 199
908612.3.peg.691.site.8, 4, 166, 170
908612.3.peg.691.site.9, 5, 167, 172
908612.3.peg.691.site.10, 8, 170, 178
908612.3.peg.691.site.11, 2, 166, 168
908612.3.peg.691.site.12, 27, 164, 191
908612.3.peg.691.site.13, 55, 152, 207
908612.3.peg.691.site.14, 22, 156, 178
908612.3.peg.691.site.15, 6, 166, 172
908612.3.peg.691.site.16, 3, 169, 172
908612.3.peg.691.site.17, 32, 171, 203
908612.3.peg.691.site.18, 4, 178, 182
908612.3.peg.691.site.19, 4, 177, 181
908612.3.peg.691.site.20, 5, 180, 185
908612.3.peg.691.site.21, 0, 175, 175
908612.3.peg.691.site.22, 2, 172, 174
908612.3.peg.691.site.23, 2, 173, 175
908612.3.peg.691.site.24, 1, 174, 175
908612.3.peg.692.site.1, 33, 171, 204
908612.3.peg.692.site.2, 2, 176, 178
908612.3.peg.692.site.3, 17, 173, 190
908612.3.peg.692.site.4, 3, 177, 180
908612.3.peg.692.site.5, 35, 173, 208
908612.3.peg.692.site.6, 3, 178, 181
908612.3.peg.692.site.7, 34, 175, 209
908612.3.peg.692.site.8, 24, 178, 202
908612.3.peg.692.site.9, 4, 178, 182
908612.3.peg.692.site.10, 3, 175, 178
908612.3.peg.692.site.11, 0, 175, 175
908612.3.peg.692.site.12, 59, 171, 230
908612.3.peg.692.site.13, 3, 175, 178
908612.3.peg.692.site.14, 2, 177, 179
908612.3.peg.692.site.15, 2, 177, 179
908612.3.peg.692.site.16, 5, 180, 185
908612.3.peg.692.site.17, 5, 180, 185
908612.3.peg.693.site.1, 5, 180, 185
908612.3.peg.693.site.2, 0, 179, 179
908612.3.peg.693.site.3, 5, 179, 184
908612.3.peg.693.site.4, 59, 161, 220
908612.3.peg.693.site.5, 4, 179, 183
908612.3.peg.693.site.6, 13, 177, 190
908612.3.peg.693.site.7, 4, 177, 181
908612.3.peg.693.site.8, 4, 177, 181
908612.3.peg.693.site.9, 2, 174, 176
908612.3.peg.693.site.10, 1, 173, 174
908612.3.peg.693.site.11, 1, 173, 174
908612.3.peg.693.site.12, 31, 171, 202
908612.3.peg.693.site.13, 4, 170, 174
908612.3.peg.693.site.14, 3, 170, 173
908612.3.peg.693.site.15, 1, 167, 168
908612.3.peg.693.site.16, 0, 166, 166
908612.3.peg.522.site.1, 2, 168, 170
908612.3.peg.522.site.2, 22, 140, 162
908612.3.peg.522.site.3, 33, 172, 205
908612.3.peg.522.site.4, 0, 176, 176
908612.3.peg.522.site.5, 8, 179, 187
908612.3.peg.522.site.6, 0, 179, 179
908612.3.peg.522.site.7, 24, 179, 203
908612.3.peg.522.site.8, 24, 179, 203
908612.3.peg.523.site.1, 17, 179, 196
908612.3.peg.523.site.2, 6, 179, 185
908612.3.peg.523.site.3, 19, 180, 199
908612.3.peg.523.site.4, 0, 176, 176
908612.3.peg.523.site.5, 8, 174, 182
908612.3.peg.523.site.6, 33, 162, 195
908612.3.peg.523.site.7, 74, 162, 236
908612.3.peg.523.site.8, 60, 160, 220
908612.3.peg.523.site.9, 3, 176, 179
908612.3.peg.523.site.10, 48, 176, 224
908612.3.peg.523.site.11, 3, 178, 181
908612.3.peg.521.site.1, 3, 178, 181
908612.3.peg.521.site.2, 45, 175, 220
908612.3.peg.521.site.3, 1, 177, 178
908612.3.peg.521.site.4, 19, 178, 197
908612.3.peg.521.site.5, 2, 180, 182
908612.3.peg.521.site.6, 31, 178, 209
908612.3.peg.521.site.7, 3, 180, 183
908612.3.peg.527.site.1, 20, 82, 102
908612.3.peg.527.site.2, 1, 91, 92
908612.3.peg.527.site.3, 98, 153, 251
908612.3.peg.527.site.4, 0, 156, 156
908612.3.peg.527.site.5, 17, 176, 193
908612.3.peg.527.site.6, 76, 176, 252
908612.3.peg.527.site.7, 3, 178, 181
908612.3.peg.527.site.8, 105, 178, 283
908612.3.peg.527.site.9, 94, 167, 261
908612.3.peg.527.site.10, 84, 163, 247
908612.3.peg.527.site.11, 79, 150, 229
908612.3.peg.527.site.12, 0, 152, 152
908612.3.peg.527.site.13, 58, 144, 202
908612.3.peg.527.site.14, 6, 143, 149
908612.3.peg.527.site.15, 62, 129, 191
908612.3.peg.527.site.16, 57, 127, 184
908612.3.peg.527.site.17, 60, 123, 183
908612.3.peg.527.site.18, 5, 141, 146
908612.3.peg.527.site.19, 76, 139, 215
908612.3.peg.527.site.20, 17, 175, 192
908612.3.peg.527.site.21, 98, 136, 234
908612.3.peg.527.site.22, 1, 143, 144
908612.3.peg.527.site.23, 0, 152, 152
908612.3.peg.527.site.24, 126, 157, 283
908612.3.peg.527.site.25, 0, 156, 156
908612.3.peg.527.site.26, 26, 159, 185
908612.3.peg.527.site.27, 8, 173, 181
908612.3.peg.527.site.28, 63, 173, 236
908612.3.peg.527.site.29, 60, 165, 225
908612.3.peg.527.site.30, 121, 154, 275
908612.3.peg.527.site.31, 120, 152, 272
908612.3.peg.527.site.32, 45, 148, 193
908612.3.peg.527.site.33, 78, 145, 223
908612.3.peg.527.site.34, 8, 161, 169
908612.3.peg.527.site.35, 81, 163, 244
908612.3.peg.527.site.36, 11, 164, 175
908612.3.peg.527.site.37, 2, 163, 165
908612.3.peg.527.site.38, 0, 149, 149
908612.3.peg.527.site.39, 2, 109, 111
908612.3.peg.527.site.40, 1, 103, 104
908612.3.peg.527.site.41, 1, 108, 109
908612.3.peg.527.site.42, 10, 118, 128
908612.3.peg.527.site.43, 0, 175, 175
908612.3.peg.527.site.44, 91, 173, 264
908612.3.peg.527.site.45, 17, 177, 194
908612.3.peg.527.site.46, 1, 177, 178
908612.3.peg.524.site.1, 0, 169, 169
908612.3.peg.524.site.2, 68, 159, 227
908612.3.peg.524.site.3, 64, 165, 229
908612.3.peg.524.site.4, 0, 176, 176
908612.3.peg.524.site.5, 2, 177, 179
908612.3.peg.524.site.6, 0, 178, 178
908612.3.peg.524.site.7, 37, 135, 172
908612.3.peg.524.site.8, 46, 146, 192
908612.3.peg.524.site.9, 8, 169, 177
908612.3.peg.524.site.10, 63, 164, 227
908612.3.peg.524.site.11, 0, 152, 152
908612.3.peg.524.site.12, 1, 170, 171
908612.3.peg.524.site.13, 30, 166, 196
908612.3.peg.524.site.14, 1, 175, 176
908612.3.peg.524.site.15, 52, 169, 221
908612.3.peg.524.site.16, 1, 179, 180
908612.3.peg.524.site.17, 30, 171, 201
908612.3.peg.524.site.18, 1, 173, 174
908612.3.peg.524.site.19, 69, 171, 240
908612.3.peg.524.site.20, 2, 170, 172
908612.3.peg.524.site.21, 36, 163, 199
908612.3.peg.524.site.22, 22, 179, 201
908612.3.peg.524.site.23, 0, 180, 180
908612.3.peg.524.site.24, 0, 179, 179
908612.3.peg.524.site.25, 0, 178, 178
908612.3.peg.524.site.26, 1, 180, 181
908612.3.peg.525.site.1, 3, 180, 183
908612.3.peg.525.site.2, 13, 179, 192
908612.3.peg.525.site.3, 1, 165, 166
908612.3.peg.525.site.4, 3, 171, 174
908612.3.peg.525.site.5, 12, 174, 186
908612.3.peg.525.site.6, 12, 164, 176
908612.3.peg.525.site.7, 4, 162, 166
908612.3.peg.525.site.8, 3, 157, 160
908612.3.peg.525.site.9, 2, 158, 160
908612.3.peg.525.site.10, 3, 136, 139
908612.3.peg.525.site.11, 1, 109, 110
908612.3.peg.525.site.12, 3, 118, 121
908612.3.peg.525.site.13, 9, 139, 148
908612.3.peg.525.site.14, 1, 143, 144
908612.3.peg.525.site.15, 0, 176, 176
908612.3.peg.525.site.16, 38, 172, 210
908612.3.peg.525.site.17, 48, 172, 220
908612.3.peg.525.site.18, 4, 178, 182
908612.3.peg.525.site.19, 0, 179, 179
908612.3.peg.525.site.20, 36, 175, 211
908612.3.peg.529.site.1, 7, 149, 156
908612.3.peg.529.site.2, 6, 147, 153
908612.3.peg.529.site.3, 124, 138, 262
908612.3.peg.529.site.4, 0, 140, 140
908612.3.peg.529.site.5, 0, 140, 140
908612.3.peg.529.site.6, 2, 140, 142
908612.3.peg.529.site.7, 0, 141, 141
908612.3.peg.529.site.8, 0, 137, 137
908612.3.peg.529.site.9, 2, 141, 143
908612.3.peg.529.site.10, 2, 141, 143
908612.3.peg.529.site.11, 0, 136, 136
908612.3.peg.529.site.12, 3, 21, 24
908612.3.peg.529.site.13, 4, 23, 27
908612.3.peg.529.site.14, 10, 80, 90
908612.3.peg.529.site.15, 37, 150, 187
908612.3.peg.529.site.16, 4, 169, 173
908612.3.peg.529.site.17, 4, 174, 178
908612.3.peg.529.site.18, 19, 170, 189
908612.3.peg.529.site.19, 3, 179, 182
908612.3.peg.529.site.20, 3, 172, 175
908612.3.peg.529.site.21, 0, 180, 180
908612.3.peg.529.site.22, 0, 178, 178
908612.3.peg.529.site.23, 29, 165, 194
908612.3.peg.529.site.24, 9, 163, 172
908612.3.peg.529.site.25, 15, 174, 189
908612.3.peg.529.site.26, 14, 179, 193
908612.3.peg.529.site.27, 2, 180, 182
908612.3.peg.529.site.28, 17, 178, 195
908612.3.peg.529.site.29, 0, 177, 177
908612.3.peg.529.site.30, 16, 161, 177
908612.3.peg.529.site.31, 29, 177, 206
908612.3.peg.529.site.32, 3, 178, 181
908612.3.peg.529.site.33, 1, 178, 179
908612.3.peg.529.site.34, 0, 179, 179
908612.3.peg.529.site.35, 102, 176, 278
908612.3.peg.529.site.36, 145, 180, 325
908612.3.peg.529.site.37, 0, 179, 179
908612.3.peg.529.site.38, 41, 179, 220
908612.3.peg.529.site.39, 5, 180, 185
908612.3.peg.529.site.40, 25, 177, 202
908612.3.peg.2881.site.1, 95, 168, 263
908612.3.peg.2881.site.2, 2, 172, 174
908612.3.peg.2881.site.3, 2, 177, 179
908612.3.peg.2881.site.4, 0, 176, 176
908612.3.peg.2881.site.5, 1, 178, 179
908612.3.peg.2881.site.6, 8, 177, 185
908612.3.peg.2881.site.7, 2, 178, 180
908612.3.peg.2881.site.8, 96, 172, 268
908612.3.peg.2881.site.9, 0, 178, 178
908612.3.peg.2881.site.10, 1, 177, 178
908612.3.peg.2881.site.11, 95, 172, 267
908612.3.peg.2881.site.12, 96, 173, 269
908612.3.peg.2881.site.13, 2, 178, 180
908612.3.peg.2881.site.14, 98, 172, 270
908612.3.peg.2881.site.15, 92, 170, 262
908612.3.peg.2881.site.16, 90, 171, 261
908612.3.peg.2881.site.17, 90, 171, 261
908612.3.peg.2881.site.18, 93, 174, 267
908612.3.peg.2881.site.19, 1, 178, 179
908612.3.peg.2881.site.20, 90, 170, 260
908612.3.peg.2881.site.21, 90, 169, 259
908612.3.peg.2881.site.22, 92, 173, 265
908612.3.peg.2881.site.23, 29, 174, 203
908612.3.peg.2881.site.24, 4, 178, 182
908612.3.peg.2881.site.25, 2, 178, 180
908612.3.peg.2881.site.26, 96, 172, 268
908612.3.peg.2881.site.27, 2, 178, 180
908612.3.peg.2881.site.28, 4, 178, 182
908612.3.peg.2881.site.29, 66, 175, 241
908612.3.peg.2881.site.30, 0, 178, 178
908612.3.peg.2881.site.31, 7, 175, 182
908612.3.peg.2881.site.32, 48, 157, 205
908612.3.peg.2881.site.33, 29, 140, 169
908612.3.peg.2881.site.34, 0, 136, 136
908612.3.peg.2881.site.35, 47, 134, 181
908612.3.peg.2881.site.36, 2, 116, 118
908612.3.peg.2881.site.37, 0, 139, 139
908612.3.peg.2881.site.38, 37, 151, 188
908612.3.peg.2881.site.39, 7, 163, 170
908612.3.peg.2881.site.40, 58, 172, 230
908612.3.peg.2881.site.41, 61, 176, 237
908612.3.peg.2881.site.42, 83, 174, 257
908612.3.peg.2881.site.43, 6, 178, 184
908612.3.peg.2881.site.44, 61, 174, 235
908612.3.peg.2881.site.45, 110, 173, 283
908612.3.peg.2881.site.46, 57, 174, 231
908612.3.peg.2881.site.47, 54, 172, 226
908612.3.peg.2881.site.48, 58, 171, 229
908612.3.peg.2881.site.49, 55, 174, 229
908612.3.peg.2881.site.50, 53, 174, 227
908612.3.peg.2881.site.51, 6, 178, 184
908612.3.peg.236.site.1, 105, 175, 280
908612.3.peg.236.site.2, 4, 180, 184
908612.3.peg.236.site.3, 2, 180, 182
908612.3.peg.236.site.4, 9, 177, 186
908612.3.peg.236.site.5, 9, 177, 186
908612.3.peg.236.site.6, 9, 175, 184
908612.3.peg.236.site.7, 1, 177, 178
908612.3.peg.236.site.8, 75, 173, 248
908612.3.peg.236.site.9, 6, 179, 185
908612.3.peg.236.site.10, 20, 176, 196
908612.3.peg.236.site.11, 1, 179, 180
908612.3.peg.236.site.12, 27, 175, 202
908612.3.peg.236.site.13, 28, 177, 205
908612.3.peg.236.site.14, 0, 178, 178
908612.3.peg.236.site.15, 2, 179, 181
908612.3.peg.236.site.16, 0, 176, 176
908612.3.peg.236.site.17, 25, 178, 203
908612.3.peg.236.site.18, 0, 177, 177
908612.3.peg.236.site.19, 25, 170, 195
908612.3.peg.236.site.20, 1, 169, 170
908612.3.peg.236.site.21, 0, 167, 167
908612.3.peg.236.site.22, 0, 141, 141
908612.3.peg.236.site.23, 97, 122, 219
908612.3.peg.236.site.24, 2, 122, 124
908612.3.peg.236.site.25, 0, 124, 124
908612.3.peg.236.site.26, 0, 127, 127
908612.3.peg.236.site.27, 18, 132, 150
908612.3.peg.236.site.28, 3, 155, 158
908612.3.peg.236.site.29, 1, 167, 168
908612.3.peg.236.site.30, 11, 171, 182
908612.3.peg.236.site.31, 110, 158, 268
908612.3.peg.236.site.32, 9, 162, 171
908612.3.peg.236.site.33, 92, 159, 251
908612.3.peg.236.site.34, 131, 164, 295
908612.3.peg.236.site.35, 0, 170, 170
908612.3.peg.236.site.36, 11, 179, 190
908612.3.peg.236.site.37, 138, 177, 315
908612.3.peg.236.site.38, 19, 177, 196
908612.3.peg.236.site.39, 1, 178, 179
908612.3.peg.236.site.40, 24, 178, 202
908612.3.peg.237.site.1, 5, 177, 182
908612.3.peg.237.site.2, 0, 175, 175
908612.3.peg.237.site.3, 2, 175, 177
908612.3.peg.237.site.4, 0, 166, 166
908612.3.peg.237.site.5, 5, 175, 180
908612.3.peg.237.site.6, 17, 172, 189
908612.3.peg.237.site.7, 0, 180, 180
908612.3.peg.237.site.8, 29, 177, 206
908612.3.peg.237.site.9, 17, 176, 193
908612.3.peg.237.site.10, 2, 180, 182
908612.3.peg.237.site.11, 5, 179, 184
908612.3.peg.237.site.12, 2, 180, 182
908612.3.peg.237.site.13, 9, 177, 186
908612.3.peg.237.site.14, 34, 173, 207
908612.3.peg.237.site.15, 1, 174, 175
908612.3.peg.237.site.16, 32, 175, 207
908612.3.peg.237.site.17, 1, 177, 178
908612.3.peg.237.site.18, 12, 179, 191
908612.3.peg.237.site.19, 117, 177, 294
908612.3.peg.237.site.20, 6, 179, 185
908612.3.peg.237.site.21, 12, 178, 190
908612.3.peg.237.site.22, 112, 173, 285
908612.3.peg.237.site.23, 5, 179, 184
908612.3.peg.237.site.24, 28, 177, 205
908612.3.peg.237.site.25, 24, 172, 196
908612.3.peg.237.site.26, 27, 174, 201
908612.3.peg.237.site.27, 27, 174, 201
908612.3.peg.237.site.28, 87, 174, 261
908612.3.peg.237.site.29, 32, 178, 210
908612.3.peg.237.site.30, 1, 179, 180
908612.3.peg.234.site.1, 3, 180, 183
908612.3.peg.234.site.2, 27, 166, 193
908612.3.peg.234.site.3, 4, 163, 167
908612.3.peg.234.site.4, 0, 175, 175
908612.3.peg.234.site.5, 36, 171, 207
908612.3.peg.234.site.6, 0, 178, 178
908612.3.peg.234.site.7, 2, 177, 179
908612.3.peg.234.site.8, 3, 151, 154
908612.3.peg.234.site.9, 24, 160, 184
908612.3.peg.234.site.10, 29, 166, 195
908612.3.peg.234.site.11, 23, 163, 186
908612.3.peg.234.site.12, 34, 174, 208
908612.3.peg.234.site.13, 35, 175, 210
908612.3.peg.234.site.14, 9, 164, 173
908612.3.peg.235.site.1, 9, 174, 183
908612.3.peg.235.site.2, 6, 175, 181
908612.3.peg.235.site.3, 1, 175, 176
908612.3.peg.235.site.4, 6, 177, 183
908612.3.peg.235.site.5, 1, 178, 179
908612.3.peg.235.site.6, 4, 179, 183
908612.3.peg.235.site.7, 100, 175, 275
908612.3.peg.235.site.8, 134, 177, 311
908612.3.peg.235.site.9, 138, 178, 316
908612.3.peg.233.site.1, 0, 180, 180
908612.3.peg.233.site.2, 0, 179, 179
908612.3.peg.233.site.3, 37, 177, 214
908612.3.peg.233.site.4, 6, 180, 186
908612.3.peg.233.site.5, 38, 176, 214
908612.3.peg.233.site.6, 0, 180, 180
908612.3.peg.233.site.7, 20, 178, 198
908612.3.peg.233.site.8, 4, 157, 161
908612.3.peg.233.site.9, 0, 156, 156
908612.3.peg.233.site.10, 33, 169, 202
908612.3.peg.233.site.11, 0, 179, 179
908612.3.peg.233.site.12, 1, 180, 181
908612.3.peg.238.site.1, 161, 179, 340
908612.3.peg.238.site.2, 0, 178, 178
908612.3.peg.238.site.3, 1, 178, 179
908612.3.peg.238.site.4, 32, 177, 209
908612.3.peg.238.site.5, 6, 179, 185
908612.3.peg.238.site.6, 0, 179, 179
908612.3.peg.238.site.7, 2, 180, 182
908612.3.peg.238.site.8, 0, 178, 178
908612.3.peg.238.site.9, 5, 179, 184
908612.3.peg.238.site.10, 2, 173, 175
908612.3.peg.238.site.11, 1, 159, 160
908612.3.peg.238.site.12, 17, 159, 176
908612.3.peg.238.site.13, 29, 166, 195
908612.3.peg.238.site.14, 0, 160, 160
908612.3.peg.238.site.15, 2, 169, 171
908612.3.peg.238.site.16, 2, 173, 175
908612.3.peg.238.site.17, 1, 179, 180
908612.3.peg.238.site.18, 31, 177, 208
908612.3.peg.238.site.19, 6, 180, 186
908612.3.peg.238.site.20, 0, 180, 180
908612.3.peg.238.site.21, 2, 180, 182
908612.3.peg.238.site.22, 2, 180, 182
908612.3.peg.238.site.23, 13, 180, 193
908612.3.peg.238.site.24, 155, 174, 329
908612.3.peg.239.site.1, 3, 147, 150
908612.3.peg.239.site.2, 8, 169, 177
908612.3.peg.239.site.3, 13, 155, 168
908612.3.peg.239.site.4, 8, 155, 163
908612.3.peg.239.site.5, 8, 152, 160
908612.3.peg.239.site.6, 1, 162, 163
908612.3.peg.239.site.7, 2, 162, 164
908612.3.peg.239.site.8, 1, 162, 163
908612.3.peg.239.site.9, 67, 169, 236
908612.3.peg.239.site.10, 1, 169, 170
908612.3.peg.239.site.11, 6, 166, 172
908612.3.peg.239.site.12, 60, 150, 210
908612.3.peg.239.site.13, 45, 150, 195
908612.3.peg.239.site.14, 93, 147, 240
908612.3.peg.239.site.15, 26, 140, 166
908612.3.peg.239.site.16, 63, 116, 179
908612.3.peg.239.site.17, 6, 128, 134
908612.3.peg.239.site.18, 55, 114, 169
908612.3.peg.239.site.19, 66, 123, 189
908612.3.peg.239.site.20, 15, 155, 170
908612.3.peg.239.site.21, 4, 164, 168
908612.3.peg.239.site.22, 22, 152, 174
908612.3.peg.239.site.23, 144, 167, 311
908612.3.peg.239.site.24, 139, 166, 305
908612.3.peg.239.site.25, 4, 175, 179
908612.3.peg.239.site.26, 4, 155, 159
908612.3.peg.239.site.27, 1, 137, 138
908612.3.peg.239.site.28, 1, 129, 130
908612.3.peg.239.site.29, 0, 162, 162
908612.3.peg.239.site.30, 23, 175, 198
908612.3.peg.239.site.31, 21, 173, 194
908612.3.peg.351.site.1, 107, 172, 279
908612.3.peg.351.site.2, 110, 176, 286
908612.3.peg.351.site.3, 42, 177, 219
908612.3.peg.351.site.4, 42, 175, 217
908612.3.peg.351.site.5, 39, 172, 211
908612.3.peg.351.site.6, 1, 177, 178
908612.3.peg.351.site.7, 38, 175, 213
908612.3.peg.351.site.8, 16, 151, 167
908612.3.peg.351.site.9, 6, 141, 147
908612.3.peg.351.site.10, 24, 159, 183
908612.3.peg.351.site.11, 30, 165, 195
908612.3.peg.350.site.1, 0, 150, 150
908612.3.peg.350.site.2, 4, 171, 175
908612.3.peg.350.site.3, 1, 174, 175
908612.3.peg.350.site.4, 2, 176, 178
908612.3.peg.350.site.5, 0, 175, 175
908612.3.peg.350.site.6, 0, 176, 176
908612.3.peg.350.site.7, 92, 152, 244
908612.3.peg.350.site.8, 1, 168, 169
908612.3.peg.350.site.9, 6, 177, 183
908612.3.peg.350.site.10, 15, 170, 185
908612.3.peg.350.site.11, 5, 177, 182
908612.3.peg.350.site.12, 1, 178, 179
908612.3.peg.350.site.13, 13, 171, 184
908612.3.peg.350.site.14, 0, 177, 177
908612.3.peg.353.site.1, 33, 169, 202
908612.3.peg.353.site.2, 38, 172, 210
908612.3.peg.353.site.3, 5, 173, 178
908612.3.peg.353.site.4, 5, 180, 185
908612.3.peg.353.site.5, 14, 178, 192
908612.3.peg.353.site.6, 5, 180, 185
908612.3.peg.353.site.7, 13, 178, 191
908612.3.peg.353.site.8, 0, 172, 172
908612.3.peg.353.site.9, 0, 166, 166
908612.3.peg.353.site.10, 20, 157, 177
908612.3.peg.353.site.11, 5, 179, 184
908612.3.peg.353.site.12, 2, 180, 182
908612.3.peg.353.site.13, 2, 180, 182
908612.3.peg.353.site.14, 46, 175, 221
908612.3.peg.353.site.15, 4, 179, 183
908612.3.peg.353.site.16, 46, 175, 221
908612.3.peg.353.site.17, 1, 179, 180
908612.3.peg.353.site.18, 41, 172, 213
908612.3.peg.353.site.19, 42, 174, 216
908612.3.peg.353.site.20, 2, 180, 182
908612.3.peg.353.site.21, 34, 164, 198
908612.3.peg.353.site.22, 6, 136, 142
908612.3.peg.353.site.23, 8, 136, 144
908612.3.peg.353.site.24, 0, 148, 148
908612.3.peg.353.site.25, 5, 177, 182
908612.3.peg.353.site.26, 2, 178, 180
908612.3.peg.353.site.27, 0, 177, 177
908612.3.peg.353.site.28, 5, 180, 185
908612.3.peg.352.site.1, 10, 180, 190
908612.3.peg.352.site.2, 41, 175, 216
908612.3.peg.352.site.3, 3, 180, 183
908612.3.peg.352.site.4, 0, 180, 180
908612.3.peg.352.site.5, 43, 175, 218
908612.3.peg.352.site.6, 1, 180, 181
908612.3.peg.352.site.7, 49, 178, 227
908612.3.peg.352.site.8, 53, 178, 231
908612.3.peg.355.site.1, 2, 180, 182
908612.3.peg.355.site.2, 10, 180, 190
908612.3.peg.355.site.3, 3, 180, 183
908612.3.peg.355.site.4, 54, 176, 230
908612.3.peg.355.site.5, 9, 178, 187
908612.3.peg.355.site.6, 73, 173, 246
908612.3.peg.355.site.7, 149, 177, 326
908612.3.peg.355.site.8, 0, 180, 180
908612.3.peg.355.site.9, 0, 180, 180
908612.3.peg.355.site.10, 64, 175, 239
908612.3.peg.355.site.11, 2, 180, 182
908612.3.peg.355.site.12, 3, 178, 181
908612.3.peg.355.site.13, 67, 175, 242
908612.3.peg.355.site.14, 0, 179, 179
908612.3.peg.357.site.1, 0, 179, 179
908612.3.peg.357.site.2, 141, 172, 313
908612.3.peg.356.site.1, 0, 179, 179
908612.3.peg.356.site.2, 64, 177, 241
908612.3.peg.356.site.3, 68, 176, 244
908612.3.peg.356.site.4, 53, 151, 204
908612.3.peg.356.site.5, 73, 175, 248
908612.3.peg.356.site.6, 0, 179, 179
908612.3.peg.356.site.7, 0, 179, 179
908612.3.peg.359.site.1, 5, 52, 57
908612.3.peg.359.site.2, 4, 53, 57
908612.3.peg.359.site.3, 20, 65, 85
908612.3.peg.359.site.4, 35, 79, 114
908612.3.peg.359.site.5, 21, 154, 175
908612.3.peg.359.site.6, 69, 120, 189
908612.3.peg.359.site.7, 54, 104, 158
908612.3.peg.359.site.8, 21, 73, 94
908612.3.peg.359.site.9, 27, 76, 103
908612.3.peg.359.site.10, 10, 66, 76
908612.3.peg.359.site.11, 10, 67, 77
908612.3.peg.359.site.12, 7, 56, 63
908612.3.peg.359.site.13, 0, 54, 54
908612.3.peg.359.site.14, 3, 58, 61
908612.3.peg.359.site.15, 7, 62, 69
908612.3.peg.359.site.16, 14, 69, 83
908612.3.peg.359.site.17, 4, 82, 86
908612.3.peg.359.site.18, 119, 171, 290
908612.3.peg.359.site.19, 0, 180, 180
908612.3.peg.359.site.20, 118, 176, 294
908612.3.peg.359.site.21, 0, 179, 179
908612.3.peg.359.site.22, 0, 179, 179
908612.3.peg.359.site.23, 78, 176, 254
908612.3.peg.359.site.24, 40, 175, 215
908612.3.peg.359.site.25, 0, 180, 180
908612.3.peg.359.site.26, 6, 180, 186
908612.3.peg.359.site.27, 2, 180, 182
908612.3.peg.359.site.28, 2, 180, 182
908612.3.peg.359.site.29, 0, 178, 178
908612.3.peg.359.site.30, 56, 175, 231
908612.3.peg.359.site.31, 58, 178, 236
908612.3.peg.359.site.32, 122, 175, 297
908612.3.peg.359.site.33, 131, 177, 308
908612.3.peg.359.site.34, 5, 180, 185
908612.3.peg.359.site.35, 3, 179, 182
908612.3.peg.359.site.36, 1, 180, 181
908612.3.peg.359.site.37, 120, 177, 297
908612.3.peg.359.site.38, 0, 180, 180
908612.3.peg.359.site.39, 0, 180, 180
908612.3.peg.358.site.1, 11, 129, 140
908612.3.peg.358.site.2, 16, 128, 144
908612.3.peg.358.site.3, 12, 132, 144
908612.3.peg.358.site.4, 41, 136, 177
908612.3.peg.358.site.5, 9, 164, 173
908612.3.peg.358.site.6, 63, 177, 240
908612.3.peg.358.site.7, 2, 178, 180
908612.3.peg.358.site.8, 68, 175, 243
908612.3.peg.358.site.9, 4, 178, 182
908612.3.peg.358.site.10, 0, 178, 178
908612.3.peg.358.site.11, 0, 175, 175
908612.3.peg.358.site.12, 0, 171, 171
908612.3.peg.358.site.13, 148, 175, 323
908612.3.peg.358.site.14, 26, 176, 202
908612.3.peg.358.site.15, 6, 177, 183
908612.3.peg.358.site.16, 1, 180, 181
908612.3.peg.358.site.17, 132, 173, 305
908612.3.peg.1760.site.1, 1, 180, 181
908612.3.peg.1760.site.2, 41, 177, 218
908612.3.peg.1760.site.3, 0, 179, 179
908612.3.peg.1760.site.4, 177, 179, 356
908612.3.peg.1760.site.5, 4, 179, 183
908612.3.peg.1760.site.6, 31, 177, 208
908612.3.peg.1760.site.7, 100, 178, 278
908612.3.peg.1760.site.8, 2, 177, 179
908612.3.peg.1760.site.9, 39, 175, 214
908612.3.peg.1760.site.10, 1, 176, 177
908612.3.peg.1760.site.11, 74, 175, 249
908612.3.peg.1760.site.12, 49, 176, 225
908612.3.peg.1760.site.13, 0, 180, 180
908612.3.peg.1760.site.14, 136, 180, 316
908612.3.peg.1760.site.15, 1, 180, 181
908612.3.peg.1760.site.16, 5, 178, 183
908612.3.peg.1760.site.17, 167, 177, 344
908612.3.peg.1760.site.18, 34, 178, 212
908612.3.peg.1760.site.19, 5, 178, 183
908612.3.peg.1760.site.20, 89, 172, 261
908612.3.peg.1760.site.21, 90, 174, 264
908612.3.peg.1760.site.22, 1, 180, 181
908612.3.peg.1760.site.23, 8, 179, 187
908612.3.peg.1760.site.24, 2, 180, 182
908612.3.peg.1761.site.1, 25, 176, 201
908612.3.peg.1761.site.2, 80, 175, 255
908612.3.peg.1761.site.3, 96, 162, 258
908612.3.peg.1761.site.4, 0, 174, 174
908612.3.peg.1761.site.5, 28, 176, 204
908612.3.peg.1761.site.6, 22, 177, 199
908612.3.peg.1761.site.7, 16, 179, 195
908612.3.peg.1761.site.8, 81, 177, 258
908612.3.peg.1761.site.9, 81, 177, 258
908612.3.peg.1761.site.10, 87, 175, 262
908612.3.peg.1761.site.11, 2, 180, 182
908612.3.peg.1761.site.12, 47, 174, 221
908612.3.peg.1761.site.13, 0, 180, 180
908612.3.peg.1761.site.14, 13, 178, 191
908612.3.peg.1761.site.15, 74, 176, 250
908612.3.peg.1761.site.16, 4, 179, 183
908612.3.peg.1762.site.1, 0, 177, 177
908612.3.peg.1762.site.2, 0, 180, 180
908612.3.peg.1762.site.3, 0, 180, 180
908612.3.peg.1762.site.4, 22, 179, 201
908612.3.peg.1762.site.5, 1, 179, 180
908612.3.peg.1762.site.6, 136, 177, 313
908612.3.peg.1762.site.7, 0, 180, 180
908612.3.peg.1762.site.8, 5, 178, 183
908612.3.peg.1762.site.9, 0, 179, 179
908612.3.peg.1762.site.10, 2, 173, 175
908612.3.peg.1762.site.11, 17, 173, 190
908612.3.peg.1762.site.12, 20, 168, 188
908612.3.peg.1762.site.13, 7, 168, 175
908612.3.peg.1762.site.14, 17, 173, 190
908612.3.peg.1762.site.15, 19, 171, 190
908612.3.peg.1762.site.16, 1, 178, 179
908612.3.peg.1762.site.17, 76, 164, 240
908612.3.peg.1762.site.18, 17, 170, 187
908612.3.peg.1762.site.19, 3, 175, 178
908612.3.peg.1762.site.20, 0, 179, 179
908612.3.peg.1762.site.21, 130, 179, 309
908612.3.peg.1762.site.22, 93, 174, 267
908612.3.peg.1762.site.23, 8, 179, 187
908612.3.peg.1762.site.24, 2, 179, 181
908612.3.peg.1762.site.25, 13, 179, 192
908612.3.peg.1762.site.26, 39, 176, 215
908612.3.peg.1762.site.27, 0, 179, 179
908612.3.peg.1762.site.28, 101, 171, 272
908612.3.peg.1762.site.29, 4, 176, 180
908612.3.peg.1762.site.30, 4, 177, 181
908612.3.peg.1762.site.31, 5, 179, 184
908612.3.peg.1762.site.32, 1, 179, 180
908612.3.peg.1762.site.33, 4, 180, 184
908612.3.peg.1762.site.34, 0, 180, 180
908612.3.peg.1762.site.35, 135, 178, 313
908612.3.peg.1762.site.36, 0, 180, 180
908612.3.peg.1762.site.37, 0, 180, 180
908612.3.peg.1762.site.38, 1, 180, 181
908612.3.peg.1762.site.39, 6, 180, 186
908612.3.peg.1762.site.40, 3, 179, 182
908612.3.peg.1762.site.41, 60, 176, 236
908612.3.peg.1762.site.42, 1, 178, 179
908612.3.peg.1762.site.43, 48, 179, 227
908612.3.peg.1762.site.44, 17, 178, 195
908612.3.peg.1762.site.45, 24, 180, 204
908612.3.peg.1762.site.46, 0, 180, 180
908612.3.peg.1762.site.47, 1, 179, 180
908612.3.peg.1763.site.1, 10, 176, 186
908612.3.peg.1763.site.2, 10, 178, 188
908612.3.peg.1763.site.3, 32, 179, 211
908612.3.peg.1763.site.4, 3, 177, 180
908612.3.peg.1763.site.5, 1, 179, 180
908612.3.peg.1763.site.6, 4, 177, 181
908612.3.peg.1763.site.7, 31, 176, 207
908612.3.peg.1763.site.8, 0, 178, 178
908612.3.peg.1763.site.9, 5, 180, 185
908612.3.peg.1763.site.10, 41, 177, 218
908612.3.peg.1763.site.11, 0, 179, 179
908612.3.peg.1763.site.12, 23, 173, 196
908612.3.peg.1763.site.13, 0, 180, 180
908612.3.peg.1763.site.14, 14, 180, 194
908612.3.peg.1763.site.15, 14, 177, 191
908612.3.peg.1763.site.16, 29, 176, 205
908612.3.peg.1763.site.17, 12, 180, 192
908612.3.peg.1763.site.18, 0, 180, 180
908612.3.peg.1763.site.19, 48, 179, 227
908612.3.peg.1763.site.20, 2, 179, 181
908612.3.peg.1763.site.21, 5, 179, 184
908612.3.peg.1763.site.22, 13, 180, 193
908612.3.peg.1764.site.1, 1, 138, 139
908612.3.peg.1764.site.2, 0, 175, 175
908612.3.peg.1764.site.3, 45, 173, 218
908612.3.peg.1764.site.4, 47, 175, 222
908612.3.peg.1764.site.5, 8, 180, 188
908612.3.peg.1764.site.6, 6, 180, 186
908612.3.peg.1764.site.7, 4, 180, 184
908612.3.peg.1764.site.8, 45, 175, 220
908612.3.peg.1764.site.9, 2, 180, 182
908612.3.peg.1764.site.10, 87, 176, 263
908612.3.peg.1764.site.11, 5, 178, 183
908612.3.peg.1764.site.12, 2, 180, 182
908612.3.peg.1764.site.13, 33, 163, 196
908612.3.peg.1764.site.14, 1, 166, 167
908612.3.peg.1764.site.15, 86, 178, 264
908612.3.peg.1764.site.16, 2, 180, 182
908612.3.peg.1764.site.17, 23, 179, 202
908612.3.peg.1764.site.18, 49, 177, 226
908612.3.peg.1764.site.19, 0, 180, 180
908612.3.peg.1764.site.20, 13, 180, 193
908612.3.peg.1764.site.21, 3, 180, 183
908612.3.peg.1764.site.22, 0, 180, 180
908612.3.peg.1764.site.23, 11, 180, 191
908612.3.peg.1764.site.24, 24, 179, 203
908612.3.peg.1764.site.25, 45, 175, 220
908612.3.peg.1764.site.26, 7, 179, 186
908612.3.peg.1764.site.27, 1, 179, 180
908612.3.peg.1764.site.28, 5, 179, 184
908612.3.peg.1764.site.29, 2, 180, 182
908612.3.peg.1764.site.30, 5, 179, 184
908612.3.peg.1764.site.31, 41, 178, 219
908612.3.peg.1764.site.32, 12, 179, 191
908612.3.peg.1764.site.33, 0, 178, 178
908612.3.peg.1764.site.34, 14, 179, 193
908612.3.peg.1764.site.35, 11, 179, 190
908612.3.peg.1764.site.36, 3, 180, 183
908612.3.peg.1764.site.37, 16, 179, 195
908612.3.peg.1764.site.38, 47, 176, 223
908612.3.peg.1764.site.39, 47, 176, 223
908612.3.peg.1764.site.40, 19, 179, 198
908612.3.peg.1764.site.41, 2, 180, 182
908612.3.peg.1764.site.42, 40, 179, 219
908612.3.peg.1764.site.43, 32, 166, 198
908612.3.peg.1764.site.44, 68, 174, 242
908612.3.peg.1764.site.45, 5, 179, 184
908612.3.peg.1764.site.46, 1, 170, 171
908612.3.peg.1764.site.47, 7, 170, 177
908612.3.peg.1764.site.48, 1, 162, 163
908612.3.peg.1764.site.49, 6, 159, 165
908612.3.peg.1764.site.50, 4, 172, 176
908612.3.peg.1764.site.51, 1, 180, 181
908612.3.peg.1764.site.52, 2, 180, 182
908612.3.peg.1764.site.53, 25, 180, 205
908612.3.peg.1764.site.54, 7, 180, 187
908612.3.peg.1764.site.55, 10, 180, 190
908612.3.peg.1764.site.56, 0, 180, 180
908612.3.peg.1764.site.57, 3, 180, 183
908612.3.peg.1764.site.58, 2, 180, 182
908612.3.peg.1764.site.59, 38, 176, 214
908612.3.peg.1764.site.60, 51, 163, 214
908612.3.peg.1764.site.61, 1, 172, 173
908612.3.peg.1764.site.62, 110, 164, 274
908612.3.peg.1764.site.63, 64, 157, 221
908612.3.peg.1764.site.64, 41, 175, 216
908612.3.peg.1764.site.65, 38, 175, 213
908612.3.peg.1764.site.66, 5, 176, 181
908612.3.peg.1764.site.67, 0, 179, 179
908612.3.peg.1764.site.68, 0, 180, 180
908612.3.peg.1764.site.69, 65, 178, 243
908612.3.peg.1764.site.70, 4, 180, 184
908612.3.peg.1764.site.71, 2, 180, 182
908612.3.peg.1764.site.72, 65, 178, 243
908612.3.peg.1764.site.73, 145, 177, 322
908612.3.peg.1764.site.74, 144, 178, 322
908612.3.peg.1764.site.75, 27, 180, 207
908612.3.peg.1764.site.76, 2, 180, 182
908612.3.peg.1764.site.77, 1, 179, 180
908612.3.peg.1764.site.78, 53, 176, 229
908612.3.peg.1764.site.79, 0, 180, 180
908612.3.peg.1764.site.80, 28, 178, 206
908612.3.peg.1764.site.81, 1, 179, 180
908612.3.peg.1764.site.82, 0, 180, 180
908612.3.peg.1764.site.83, 34, 176, 210
908612.3.peg.1764.site.84, 32, 177, 209
908612.3.peg.1764.site.85, 26, 178, 204
908612.3.peg.1764.site.86, 4, 179, 183
908612.3.peg.1764.site.87, 2, 179, 181
908612.3.peg.1764.site.88, 3, 179, 182
908612.3.peg.1764.site.89, 3, 180, 183
908612.3.peg.1764.site.90, 0, 180, 180
908612.3.peg.1764.site.91, 141, 178, 319
908612.3.peg.1764.site.92, 32, 178, 210
908612.3.peg.1764.site.93, 4, 180, 184
908612.3.peg.1764.site.94, 1, 176, 177
908612.3.peg.1765.site.1, 29, 178, 207
908612.3.peg.1765.site.2, 85, 176, 261
908612.3.peg.1765.site.3, 10, 179, 189
908612.3.peg.1765.site.4, 125, 175, 300
908612.3.peg.1765.site.5, 29, 175, 204
908612.3.peg.1765.site.6, 1, 178, 179
908612.3.peg.1765.site.7, 84, 177, 261
908612.3.peg.1765.site.8, 30, 178, 208
908612.3.peg.1765.site.9, 33, 177, 210
908612.3.peg.1765.site.10, 2, 180, 182
908612.3.peg.1765.site.11, 5, 180, 185
908612.3.peg.1765.site.12, 5, 180, 185
908612.3.peg.1765.site.13, 0, 180, 180
908612.3.peg.1766.site.1, 29, 174, 203
908612.3.peg.1766.site.2, 0, 177, 177
908612.3.peg.1766.site.3, 29, 177, 206
908612.3.peg.1766.site.4, 0, 179, 179
908612.3.peg.1766.site.5, 43, 171, 214
908612.3.peg.1766.site.6, 18, 178, 196
908612.3.peg.1766.site.7, 18, 176, 194
908612.3.peg.1766.site.8, 23, 170, 193
908612.3.peg.1766.site.9, 17, 177, 194
908612.3.peg.1766.site.10, 1, 180, 181
908612.3.peg.1766.site.11, 54, 176, 230
908612.3.peg.1766.site.12, 2, 179, 181
908612.3.peg.1766.site.13, 2, 180, 182
908612.3.peg.1766.site.14, 54, 174, 228
908612.3.peg.1766.site.15, 0, 180, 180
908612.3.peg.1766.site.16, 41, 178, 219
908612.3.peg.1766.site.17, 9, 179, 188
908612.3.peg.1766.site.18, 1, 180, 181
908612.3.peg.1766.site.19, 1, 180, 181
908612.3.peg.1766.site.20, 32, 177, 209
908612.3.peg.1766.site.21, 25, 173, 198
908612.3.peg.1766.site.22, 3, 174, 177
908612.3.peg.1766.site.23, 1, 177, 178
908612.3.peg.1766.site.24, 0, 179, 179
908612.3.peg.1766.site.25, 11, 179, 190
908612.3.peg.1766.site.26, 3, 180, 183
908612.3.peg.1766.site.27, 1, 179, 180
908612.3.peg.1766.site.28, 0, 177, 177
908612.3.peg.1766.site.29, 10, 179, 189
908612.3.peg.1766.site.30, 1, 178, 179
908612.3.peg.1767.site.1, 2, 177, 179
908612.3.peg.1767.site.2, 0, 176, 176
908612.3.peg.1767.site.3, 0, 175, 175
908612.3.peg.1767.site.4, 11, 174, 185
908612.3.peg.1767.site.5, 1, 154, 155
908612.3.peg.1767.site.6, 0, 177, 177
908612.3.peg.1767.site.7, 3, 177, 180
908612.3.peg.1767.site.8, 1, 175, 176
908612.3.peg.1767.site.9, 80, 174, 254
908612.3.peg.1767.site.10, 13, 179, 192
908612.3.peg.1767.site.11, 96, 174, 270
908612.3.peg.1767.site.12, 2, 180, 182
908612.3.peg.1767.site.13, 2, 180, 182
908612.3.peg.1767.site.14, 3, 179, 182
908612.3.peg.1767.site.15, 2, 178, 180
908612.3.peg.1767.site.16, 2, 177, 179
908612.3.peg.1767.site.17, 0, 179, 179
908612.3.peg.1767.site.18, 0, 177, 177
908612.3.peg.1767.site.19, 0, 179, 179
908612.3.peg.1767.site.20, 0, 179, 179
908612.3.peg.1767.site.21, 20, 177, 197
908612.3.peg.1767.site.22, 2, 180, 182
908612.3.peg.1767.site.23, 2, 178, 180
908612.3.peg.1767.site.24, 36, 176, 212
908612.3.peg.1767.site.25, 0, 180, 180
908612.3.peg.1767.site.26, 0, 180, 180
908612.3.peg.1767.site.27, 7, 179, 186
908612.3.peg.1767.site.28, 0, 179, 179
908612.3.peg.1767.site.29, 0, 179, 179
908612.3.peg.1767.site.30, 0, 179, 179
908612.3.peg.1767.site.31, 11, 179, 190
908612.3.peg.1767.site.32, 10, 179, 189
908612.3.peg.1767.site.33, 0, 180, 180
908612.3.peg.1767.site.34, 6, 178, 184
908612.3.peg.1767.site.35, 2, 178, 180
908612.3.peg.1767.site.36, 8, 175, 183
908612.3.peg.1767.site.37, 82, 173, 255
908612.3.peg.1767.site.38, 45, 174, 219
908612.3.peg.1767.site.39, 0, 176, 176
908612.3.peg.1767.site.40, 0, 162, 162
908612.3.peg.1767.site.41, 0, 160, 160
908612.3.peg.1767.site.42, 0, 132, 132
908612.3.peg.1767.site.43, 4, 128, 132
908612.3.peg.1767.site.44, 2, 127, 129
908612.3.peg.1767.site.45, 42, 122, 164
908612.3.peg.1767.site.46, 49, 128, 177
908612.3.peg.1767.site.47, 6, 180, 186
908612.3.peg.1767.site.48, 1, 180, 181
908612.3.peg.1767.site.49, 1, 180, 181
908612.3.peg.1768.site.1, 0, 180, 180
908612.3.peg.1768.site.2, 12, 177, 189
908612.3.peg.1768.site.3, 4, 177, 181
908612.3.peg.1768.site.4, 20, 176, 196
908612.3.peg.1768.site.5, 8, 176, 184
908612.3.peg.1768.site.6, 12, 178, 190
908612.3.peg.1768.site.7, 1, 175, 176
908612.3.peg.1768.site.8, 1, 177, 178
908612.3.peg.1768.site.9, 13, 171, 184
908612.3.peg.1768.site.10, 2, 173, 175
908612.3.peg.1768.site.11, 59, 173, 232
908612.3.peg.1768.site.12, 6, 177, 183
908612.3.peg.1768.site.13, 0, 176, 176
908612.3.peg.1768.site.14, 2, 179, 181
908612.3.peg.1768.site.15, 45, 176, 221
908612.3.peg.1768.site.16, 1, 163, 164
908612.3.peg.1768.site.17, 29, 142, 171
908612.3.peg.1768.site.18, 10, 132, 142
908612.3.peg.1768.site.19, 24, 132, 156
908612.3.peg.1768.site.20, 5, 126, 131
908612.3.peg.1768.site.21, 41, 128, 169
908612.3.peg.1768.site.22, 1, 130, 131
908612.3.peg.1768.site.23, 6, 134, 140
908612.3.peg.1768.site.24, 1, 144, 145
908612.3.peg.1768.site.25, 5, 158, 163
908612.3.peg.1768.site.26, 5, 174, 179
908612.3.peg.1768.site.27, 4, 177, 181
908612.3.peg.1768.site.28, 36, 174, 210
908612.3.peg.1768.site.29, 18, 168, 186
908612.3.peg.1768.site.30, 2, 172, 174
908612.3.peg.1768.site.31, 3, 171, 174
908612.3.peg.1768.site.32, 29, 171, 200
908612.3.peg.1768.site.33, 2, 177, 179
908612.3.peg.1768.site.34, 30, 175, 205
908612.3.peg.1768.site.35, 15, 178, 193
908612.3.peg.1768.site.36, 0, 178, 178
908612.3.peg.1768.site.37, 1, 180, 181
908612.3.peg.1768.site.38, 5, 180, 185
908612.3.peg.1768.site.39, 2, 180, 182
908612.3.peg.1768.site.40, 17, 180, 197
908612.3.peg.1768.site.41, 1, 180, 181
908612.3.peg.1768.site.42, 22, 180, 202
908612.3.peg.1768.site.43, 17, 178, 195
908612.3.peg.1768.site.44, 1, 180, 181
908612.3.peg.1768.site.45, 2, 180, 182
908612.3.peg.1768.site.46, 77, 174, 251
908612.3.peg.1768.site.47, 8, 178, 186
908612.3.peg.1768.site.48, 0, 176, 176
908612.3.peg.1768.site.49, 8, 178, 186
908612.3.peg.1768.site.50, 0, 178, 178
908612.3.peg.1768.site.51, 3, 177, 180
908612.3.peg.1768.site.52, 32, 178, 210
908612.3.peg.1768.site.53, 0, 178, 178
908612.3.peg.1768.site.54, 74, 173, 247
908612.3.peg.1768.site.55, 50, 169, 219
908612.3.peg.1768.site.56, 63, 165, 228
908612.3.peg.1768.site.57, 53, 165, 218
908612.3.peg.1768.site.58, 26, 173, 199
908612.3.peg.1768.site.59, 3, 174, 177
908612.3.peg.1768.site.60, 53, 171, 224
908612.3.peg.1768.site.61, 6, 173, 179
908612.3.peg.1768.site.62, 0, 174, 174
908612.3.peg.1768.site.63, 11, 174, 185
908612.3.peg.1768.site.64, 11, 174, 185
908612.3.peg.1768.site.65, 10, 170, 180
908612.3.peg.1768.site.66, 77, 166, 243
908612.3.peg.1768.site.67, 65, 173, 238
908612.3.peg.1768.site.68, 1, 179, 180
908612.3.peg.1768.site.69, 7, 179, 186
908612.3.peg.1768.site.70, 1, 180, 181
908612.3.peg.1768.site.71, 15, 180, 195
908612.3.peg.1768.site.72, 2, 178, 180
908612.3.peg.1768.site.73, 61, 168, 229
908612.3.peg.1548.site.1, 3, 178, 181
908612.3.peg.1548.site.2, 17, 179, 196
908612.3.peg.1548.site.3, 19, 179, 198
908612.3.peg.1548.site.4, 54, 176, 230
908612.3.peg.1548.site.5, 0, 180, 180
908612.3.peg.1548.site.6, 10, 180, 190
908612.3.peg.1548.site.7, 4, 174, 178
908612.3.peg.1548.site.8, 3, 166, 169
908612.3.peg.1548.site.9, 2, 168, 170
908612.3.peg.1548.site.10, 1, 170, 171
908612.3.peg.1548.site.11, 1, 171, 172
908612.3.peg.1548.site.12, 1, 177, 178
908612.3.peg.1548.site.13, 4, 177, 181
908612.3.peg.1548.site.14, 1, 172, 173
908612.3.peg.1548.site.15, 2, 175, 177
908612.3.peg.1548.site.16, 5, 179, 184
908612.3.peg.1549.site.1, 0, 178, 178
908612.3.peg.1549.site.2, 20, 178, 198
908612.3.peg.1549.site.3, 0, 179, 179
908612.3.peg.1549.site.4, 99, 175, 274
908612.3.peg.1549.site.5, 11, 179, 190
908612.3.peg.1549.site.6, 3, 179, 182
908612.3.peg.1549.site.7, 4, 179, 183
908612.3.peg.1549.site.8, 127, 174, 301
908612.3.peg.1549.site.9, 126, 172, 298
908612.3.peg.1549.site.10, 124, 173, 297
908612.3.peg.1549.site.11, 115, 161, 276
908612.3.peg.1549.site.12, 121, 168, 289
908612.3.peg.1549.site.13, 121, 168, 289
908612.3.peg.1549.site.14, 1, 180, 181
908612.3.peg.1549.site.15, 0, 178, 178
908612.3.peg.1549.site.16, 37, 178, 215
908612.3.peg.1549.site.17, 44, 177, 221
908612.3.peg.1549.site.18, 29, 177, 206
908612.3.peg.1549.site.19, 1, 176, 177
908612.3.peg.1549.site.20, 3, 177, 180
908612.3.peg.1018.site.1, 80, 175, 255
908612.3.peg.1018.site.2, 1, 180, 181
908612.3.peg.1019.site.1, 4, 175, 179
908612.3.peg.1019.site.2, 67, 177, 244
908612.3.peg.1019.site.3, 75, 178, 253
908612.3.peg.1019.site.4, 0, 180, 180
908612.3.peg.1019.site.5, 2, 177, 179
908612.3.peg.1019.site.6, 3, 179, 182
908612.3.peg.1019.site.7, 72, 177, 249
908612.3.peg.1019.site.8, 0, 180, 180
908612.3.peg.2764.site.1, 11, 176, 187
908612.3.peg.2764.site.2, 143, 174, 317
908612.3.peg.2764.site.3, 0, 177, 177
908612.3.peg.2764.site.4, 3, 174, 177
908612.3.peg.2764.site.5, 3, 174, 177
908612.3.peg.2764.site.6, 3, 177, 180
908612.3.peg.2764.site.7, 87, 176, 263
908612.3.peg.2764.site.8, 7, 177, 184
908612.3.peg.2764.site.9, 0, 176, 176
908612.3.peg.2764.site.10, 0, 167, 167
908612.3.peg.2764.site.11, 8, 176, 184
908612.3.peg.2764.site.12, 22, 177, 199
908612.3.peg.2764.site.13, 113, 177, 290
908612.3.peg.2764.site.14, 7, 178, 185
908612.3.peg.2764.site.15, 0, 176, 176
908612.3.peg.2764.site.16, 7, 176, 183
908612.3.peg.2764.site.17, 11, 175, 186
908612.3.peg.2764.site.18, 11, 176, 187
908612.3.peg.2764.site.19, 46, 171, 217
908612.3.peg.2764.site.20, 131, 176, 307
908612.3.peg.2764.site.21, 8, 176, 184
908612.3.peg.2764.site.22, 102, 174, 276
908612.3.peg.2764.site.23, 8, 175, 183
908612.3.peg.2764.site.24, 0, 174, 174
908612.3.peg.2764.site.25, 0, 177, 177
908612.3.peg.1540.site.1, 0, 180, 180
908612.3.peg.1540.site.2, 0, 179, 179
908612.3.peg.1540.site.3, 3, 180, 183
908612.3.peg.1540.site.4, 2, 178, 180
908612.3.peg.1540.site.5, 0, 180, 180
908612.3.peg.1540.site.6, 3, 170, 173
908612.3.peg.1540.site.7, 1, 162, 163
908612.3.peg.1540.site.8, 3, 172, 175
908612.3.peg.1540.site.9, 32, 178, 210
908612.3.peg.1540.site.10, 9, 179, 188
908612.3.peg.1540.site.11, 0, 180, 180
908612.3.peg.1540.site.12, 2, 173, 175
908612.3.peg.1540.site.13, 7, 175, 182
908612.3.peg.1540.site.14, 3, 175, 178
908612.3.peg.1540.site.15, 35, 179, 214
908612.3.peg.1540.site.16, 5, 177, 182
908612.3.peg.1542.site.1, 43, 176, 219
908612.3.peg.1542.site.2, 2, 180, 182
908612.3.peg.1542.site.3, 60, 176, 236
908612.3.peg.1542.site.4, 80, 178, 258
908612.3.peg.1542.site.5, 2, 180, 182
908612.3.peg.1542.site.6, 6, 179, 185
908612.3.peg.1011.site.1, 50, 102, 152
908612.3.peg.1011.site.2, 16, 161, 177
908612.3.peg.1011.site.3, 38, 155, 193
908612.3.peg.1011.site.4, 90, 172, 262
908612.3.peg.1011.site.5, 2, 179, 181
908612.3.peg.1011.site.6, 10, 178, 188
908612.3.peg.1011.site.7, 3, 158, 161
908612.3.peg.1011.site.8, 6, 175, 181
908612.3.peg.1011.site.9, 16, 168, 184
908612.3.peg.1011.site.10, 18, 166, 184
908612.3.peg.1011.site.11, 1, 167, 168
908612.3.peg.1011.site.12, 0, 165, 165
908612.3.peg.1011.site.13, 8, 179, 187
908612.3.peg.1011.site.14, 3, 179, 182
908612.3.peg.1011.site.15, 0, 174, 174
908612.3.peg.1011.site.16, 3, 178, 181
908612.3.peg.1011.site.17, 148, 176, 324
908612.3.peg.1011.site.18, 125, 176, 301
908612.3.peg.1011.site.19, 17, 180, 197
908612.3.peg.1011.site.20, 26, 180, 206
908612.3.peg.1011.site.21, 23, 180, 203
908612.3.peg.1011.site.22, 26, 180, 206
908612.3.peg.1011.site.23, 3, 180, 183
908612.3.peg.1011.site.24, 0, 178, 178
908612.3.peg.1011.site.25, 10, 180, 190
908612.3.peg.1011.site.26, 11, 180, 191
908612.3.peg.1011.site.27, 0, 180, 180
908612.3.peg.1011.site.28, 7, 179, 186
908612.3.peg.1011.site.29, 140, 173, 313
908612.3.peg.1011.site.30, 6, 164, 170
908612.3.peg.1011.site.31, 0, 163, 163
908612.3.peg.1011.site.32, 1, 172, 173
908612.3.peg.1011.site.33, 30, 173, 203
908612.3.peg.1011.site.34, 0, 174, 174
908612.3.peg.1011.site.35, 1, 115, 116
908612.3.peg.1011.site.36, 17, 174, 191
908612.3.peg.1011.site.37, 2, 173, 175
908612.3.peg.1011.site.38, 0, 175, 175
908612.3.peg.1011.site.39, 5, 177, 182
908612.3.peg.1011.site.40, 48, 172, 220
908612.3.peg.1011.site.41, 27, 178, 205
908612.3.peg.1011.site.42, 2, 178, 180
908612.3.peg.1011.site.43, 1, 177, 178
908612.3.peg.1011.site.44, 47, 160, 207
908612.3.peg.1016.site.1, 1, 178, 179
908612.3.peg.1016.site.2, 8, 175, 183
908612.3.peg.1016.site.3, 19, 172, 191
908612.3.peg.1016.site.4, 2, 173, 175
908612.3.peg.1016.site.5, 19, 169, 188
908612.3.peg.1016.site.6, 18, 144, 162
908612.3.peg.1016.site.7, 3, 175, 178
908612.3.peg.1016.site.8, 1, 173, 174
908612.3.peg.1016.site.9, 9, 170, 179
908612.3.peg.1016.site.10, 10, 177, 187
908612.3.peg.1016.site.11, 9, 177, 186
908612.3.peg.1016.site.12, 2, 177, 179
908612.3.peg.1016.site.13, 0, 177, 177
908612.3.peg.1017.site.1, 6, 178, 184
908612.3.peg.1017.site.2, 1, 167, 168
908612.3.peg.1017.site.3, 96, 167, 263
908612.3.peg.1017.site.4, 2, 176, 178
908612.3.peg.1017.site.5, 0, 178, 178
908612.3.peg.1017.site.6, 6, 177, 183
908612.3.peg.1017.site.7, 8, 177, 185
908612.3.peg.1017.site.8, 119, 176, 295
908612.3.peg.1017.site.9, 0, 180, 180
908612.3.peg.1017.site.10, 0, 178, 178
908612.3.peg.1017.site.11, 1, 180, 181
908612.3.peg.1017.site.12, 1, 180, 181
908612.3.peg.1017.site.13, 2, 180, 182
908612.3.peg.1017.site.14, 23, 180, 203
908612.3.peg.1017.site.15, 22, 179, 201
908612.3.peg.1017.site.16, 23, 180, 203
908612.3.peg.1017.site.17, 7, 180, 187
908612.3.peg.1017.site.18, 2, 180, 182
908612.3.peg.1546.site.1, 3, 158, 161
908612.3.peg.1546.site.2, 10, 178, 188
908612.3.peg.1546.site.3, 37, 179, 216
908612.3.peg.1546.site.4, 37, 178, 215
908612.3.peg.1546.site.5, 1, 179, 180
908612.3.peg.1546.site.6, 4, 178, 182
908612.3.peg.1546.site.7, 0, 179, 179
908612.3.peg.1546.site.8, 0, 178, 178
908612.3.peg.1546.site.9, 38, 175, 213
908612.3.peg.1546.site.10, 51, 172, 223
908612.3.peg.1546.site.11, 18, 176, 194
908612.3.peg.1546.site.12, 36, 170, 206
908612.3.peg.1546.site.13, 74, 175, 249
908612.3.peg.1546.site.14, 110, 177, 287
908612.3.peg.1546.site.15, 10, 179, 189
908612.3.peg.1546.site.16, 60, 175, 235
908612.3.peg.1546.site.17, 93, 174, 267
908612.3.peg.1546.site.18, 0, 177, 177
908612.3.peg.1546.site.19, 8, 180, 188
908612.3.peg.1546.site.20, 1, 178, 179
908612.3.peg.1546.site.21, 6, 179, 185
908612.3.peg.1546.site.22, 1, 178, 179
908612.3.peg.1015.site.1, 1, 164, 165
908612.3.peg.1015.site.2, 0, 146, 146
908612.3.peg.1015.site.3, 2, 147, 149
908612.3.peg.1015.site.4, 1, 147, 148
908612.3.peg.1015.site.5, 2, 150, 152
908612.3.peg.1015.site.6, 5, 170, 175
908612.3.peg.1015.site.7, 36, 176, 212
908612.3.peg.1015.site.8, 0, 171, 171
908612.3.peg.1015.site.9, 6, 173, 179
908612.3.peg.1015.site.10, 7, 176, 183
908612.3.peg.1015.site.11, 0, 176, 176
908612.3.peg.1015.site.12, 1, 173, 174
908612.3.peg.1015.site.13, 26, 157, 183
908612.3.peg.1015.site.14, 11, 167, 178
908612.3.peg.1015.site.15, 20, 159, 179
908612.3.peg.1015.site.16, 10, 170, 180
908612.3.peg.1015.site.17, 0, 167, 167
908612.3.peg.1015.site.18, 20, 175, 195
908612.3.peg.1166.site.1, 119, 170, 289
908612.3.peg.1166.site.2, 121, 170, 291
908612.3.peg.1166.site.3, 1, 177, 178
908612.3.peg.1166.site.4, 9, 176, 185
908612.3.peg.1166.site.5, 0, 171, 171
908612.3.peg.1166.site.6, 20, 168, 188
908612.3.peg.1166.site.7, 2, 176, 178
908612.3.peg.1166.site.8, 5, 176, 181
908612.3.peg.1166.site.9, 1, 172, 173
908612.3.peg.1166.site.10, 7, 176, 183
908612.3.peg.1166.site.11, 5, 174, 179
908612.3.peg.1166.site.12, 102, 161, 263
908612.3.peg.1166.site.13, 0, 173, 173
908612.3.peg.1166.site.14, 3, 165, 168
908612.3.peg.1166.site.15, 3, 168, 171
908612.3.peg.1166.site.16, 66, 166, 232
908612.3.peg.1166.site.17, 3, 175, 178
908612.3.peg.1166.site.18, 79, 166, 245
908612.3.peg.1166.site.19, 18, 165, 183
908612.3.peg.1166.site.20, 0, 170, 170
908612.3.peg.1166.site.21, 46, 166, 212
908612.3.peg.1166.site.22, 81, 168, 249
908612.3.peg.1166.site.23, 31, 164, 195
908612.3.peg.1166.site.24, 75, 158, 233
908612.3.peg.1166.site.25, 22, 161, 183
908612.3.peg.1166.site.26, 2, 165, 167
908612.3.peg.1166.site.27, 0, 172, 172
908612.3.peg.1166.site.28, 6, 174, 180
908612.3.peg.1166.site.29, 1, 175, 176
908612.3.peg.1166.site.30, 0, 171, 171
908612.3.peg.1166.site.31, 54, 174, 228
908612.3.peg.1166.site.32, 4, 175, 179
908612.3.peg.1166.site.33, 4, 176, 180
908612.3.peg.1164.site.1, 0, 172, 172
908612.3.peg.1164.site.2, 0, 160, 160
908612.3.peg.1164.site.3, 0, 160, 160
908612.3.peg.1164.site.4, 2, 171, 173
908612.3.peg.1164.site.5, 41, 177, 218
908612.3.peg.1164.site.6, 8, 180, 188
908612.3.peg.1164.site.7, 11, 179, 190
908612.3.peg.1164.site.8, 12, 179, 191
908612.3.peg.1164.site.9, 138, 174, 312
908612.3.peg.1164.site.10, 55, 176, 231
908612.3.peg.1164.site.11, 25, 175, 200
908612.3.peg.1164.site.12, 26, 174, 200
908612.3.peg.1164.site.13, 25, 176, 201
908612.3.peg.1164.site.14, 0, 179, 179
908612.3.peg.1164.site.15, 3, 179, 182
908612.3.peg.1164.site.16, 17, 179, 196
908612.3.peg.1164.site.17, 0, 178, 178
908612.3.peg.1164.site.18, 4, 179, 183
908612.3.peg.1164.site.19, 3, 179, 182
908612.3.peg.1164.site.20, 3, 180, 183
908612.3.peg.1164.site.21, 3, 180, 183
908612.3.peg.1165.site.1, 110, 176, 286
908612.3.peg.1165.site.2, 0, 180, 180
908612.3.peg.1165.site.3, 0, 179, 179
908612.3.peg.1165.site.4, 0, 179, 179
908612.3.peg.1165.site.5, 24, 170, 194
908612.3.peg.1165.site.6, 1, 171, 172
908612.3.peg.1165.site.7, 16, 177, 193
908612.3.peg.1165.site.8, 1, 174, 175
908612.3.peg.1165.site.9, 129, 171, 300
908612.3.peg.1165.site.10, 3, 176, 179
908612.3.peg.1165.site.11, 3, 177, 180
908612.3.peg.1165.site.12, 0, 179, 179
908612.3.peg.1165.site.13, 0, 179, 179
908612.3.peg.1165.site.14, 3, 178, 181
908612.3.peg.1165.site.15, 1, 180, 181
908612.3.peg.1165.site.16, 7, 178, 185
908612.3.peg.1165.site.17, 49, 175, 224
908612.3.peg.1165.site.18, 0, 178, 178
908612.3.peg.1165.site.19, 11, 180, 191
908612.3.peg.1165.site.20, 0, 179, 179
908612.3.peg.1165.site.21, 6, 179, 185
908612.3.peg.1165.site.22, 0, 178, 178
908612.3.peg.1165.site.23, 0, 176, 176
908612.3.peg.1165.site.24, 0, 177, 177
908612.3.peg.1162.site.1, 2, 179, 181
908612.3.peg.1162.site.2, 31, 174, 205
908612.3.peg.1162.site.3, 66, 173, 239
908612.3.peg.1162.site.4, 30, 177, 207
908612.3.peg.1162.site.5, 6, 176, 182
908612.3.peg.1162.site.6, 94, 172, 266
908612.3.peg.1162.site.7, 13, 173, 186
908612.3.peg.1162.site.8, 12, 172, 184
908612.3.peg.1162.site.9, 9, 167, 176
908612.3.peg.1162.site.10, 4, 165, 169
908612.3.peg.1162.site.11, 19, 78, 97
908612.3.peg.1162.site.12, 18, 78, 96
908612.3.peg.1162.site.13, 45, 76, 121
908612.3.peg.1162.site.14, 0, 89, 89
908612.3.peg.1162.site.15, 0, 116, 116
908612.3.peg.1162.site.16, 17, 161, 178
908612.3.peg.1162.site.17, 1, 173, 174
908612.3.peg.1162.site.18, 2, 179, 181
908612.3.peg.1162.site.19, 73, 173, 246
908612.3.peg.1162.site.20, 2, 180, 182
908612.3.peg.1162.site.21, 104, 172, 276
908612.3.peg.1162.site.22, 62, 175, 237
908612.3.peg.1162.site.23, 0, 178, 178
908612.3.peg.1163.site.1, 0, 178, 178
908612.3.peg.1163.site.2, 1, 178, 179
908612.3.peg.1163.site.3, 0, 180, 180
908612.3.peg.1163.site.4, 2, 178, 180
908612.3.peg.1163.site.5, 0, 177, 177
908612.3.peg.1163.site.6, 11, 84, 95
908612.3.peg.1163.site.7, 23, 98, 121
908612.3.peg.1163.site.8, 4, 93, 97
908612.3.peg.1163.site.9, 3, 93, 96
908612.3.peg.1163.site.10, 8, 79, 87
908612.3.peg.1163.site.11, 3, 81, 84
908612.3.peg.1163.site.12, 4, 109, 113
908612.3.peg.1163.site.13, 0, 165, 165
908612.3.peg.1163.site.14, 0, 172, 172
908612.3.peg.1163.site.15, 3, 175, 178
908612.3.peg.1163.site.16, 1, 178, 179
908612.3.peg.1163.site.17, 0, 175, 175
908612.3.peg.1163.site.18, 1, 179, 180
908612.3.peg.1163.site.19, 0, 176, 176
908612.3.peg.1163.site.20, 3, 178, 181
908612.3.peg.1163.site.21, 0, 179, 179
908612.3.peg.1163.site.22, 1, 180, 181
908612.3.peg.1163.site.23, 19, 179, 198
908612.3.peg.1163.site.24, 99, 177, 276
908612.3.peg.1163.site.25, 0, 178, 178
908612.3.peg.1163.site.26, 0, 178, 178
908612.3.peg.1163.site.27, 0, 179, 179
908612.3.peg.1163.site.28, 0, 178, 178
908612.3.peg.1163.site.29, 0, 179, 179
908612.3.peg.1163.site.30, 89, 175, 264
908612.3.peg.1163.site.31, 7, 173, 180
908612.3.peg.1163.site.32, 34, 155, 189
908612.3.peg.1163.site.33, 6, 136, 142
908612.3.peg.1163.site.34, 76, 108, 184
908612.3.peg.1163.site.35, 67, 95, 162
908612.3.peg.1163.site.36, 1, 147, 148
908612.3.peg.1163.site.37, 0, 143, 143
908612.3.peg.1163.site.38, 10, 145, 155
908612.3.peg.1163.site.39, 5, 167, 172
908612.3.peg.1163.site.40, 9, 168, 177
908612.3.peg.1163.site.41, 3, 169, 172
908612.3.peg.1163.site.42, 16, 179, 195
908612.3.peg.1163.site.43, 2, 168, 170
908612.3.peg.1163.site.44, 0, 173, 173
908612.3.peg.1163.site.45, 2, 167, 169
908612.3.peg.1163.site.46, 2, 167, 169
908612.3.peg.1163.site.47, 2, 172, 174
908612.3.peg.1163.site.48, 1, 172, 173
908612.3.peg.1163.site.49, 1, 174, 175
908612.3.peg.1163.site.50, 11, 168, 179
908612.3.peg.1163.site.51, 15, 171, 186
908612.3.peg.1163.site.52, 0, 177, 177
908612.3.peg.1163.site.53, 4, 178, 182
908612.3.peg.1163.site.54, 12, 178, 190
908612.3.peg.1163.site.55, 5, 177, 182
908612.3.peg.1163.site.56, 7, 178, 185
908612.3.peg.1163.site.57, 8, 179, 187
908612.3.peg.1163.site.58, 6, 180, 186
908612.3.peg.1163.site.59, 2, 180, 182
908612.3.peg.1163.site.60, 27, 177, 204
908612.3.peg.1160.site.1, 1, 180, 181
908612.3.peg.1160.site.2, 0, 175, 175
908612.3.peg.1160.site.3, 11, 171, 182
908612.3.peg.1160.site.4, 0, 177, 177
908612.3.peg.1160.site.5, 0, 178, 178
908612.3.peg.1160.site.6, 1, 178, 179
908612.3.peg.1160.site.7, 6, 177, 183
908612.3.peg.1160.site.8, 0, 178, 178
908612.3.peg.1161.site.1, 3, 180, 183
908612.3.peg.1161.site.2, 3, 180, 183
908612.3.peg.1161.site.3, 0, 180, 180
908612.3.peg.1161.site.4, 3, 180, 183
908612.3.peg.1161.site.5, 4, 180, 184
908612.3.peg.1161.site.6, 4, 180, 184
908612.3.peg.1161.site.7, 3, 179, 182
908612.3.peg.1161.site.8, 3, 179, 182
908612.3.peg.1161.site.9, 0, 179, 179
908612.3.peg.2761.site.1, 1, 178, 179
908612.3.peg.2761.site.2, 80, 171, 251
908612.3.peg.2761.site.3, 0, 179, 179
908612.3.peg.2761.site.4, 133, 175, 308
908612.3.peg.2761.site.5, 22, 180, 202
908612.3.peg.2761.site.6, 32, 180, 212
908612.3.peg.2761.site.7, 31, 179, 210
908612.3.peg.2761.site.8, 9, 175, 184
908612.3.peg.2761.site.9, 12, 173, 185
908612.3.peg.2761.site.10, 2, 177, 179
908612.3.peg.2761.site.11, 4, 175, 179
908612.3.peg.2761.site.12, 28, 176, 204
908612.3.peg.2761.site.13, 10, 177, 187
908612.3.peg.2761.site.14, 1, 177, 178
908612.3.peg.2761.site.15, 5, 179, 184
908612.3.peg.2761.site.16, 11, 179, 190
908612.3.peg.2761.site.17, 113, 174, 287
908612.3.peg.2761.site.18, 5, 179, 184
908612.3.peg.2760.site.1, 93, 176, 269
908612.3.peg.2760.site.2, 29, 180, 209
908612.3.peg.2760.site.3, 78, 175, 253
908612.3.peg.2760.site.4, 1, 179, 180
908612.3.peg.1496.site.1, 2, 178, 180
908612.3.peg.1496.site.2, 0, 179, 179
908612.3.peg.1496.site.3, 0, 179, 179
908612.3.peg.1496.site.4, 91, 178, 269
908612.3.peg.1496.site.5, 11, 178, 189
908612.3.peg.1496.site.6, 0, 180, 180
908612.3.peg.1496.site.7, 7, 179, 186
908612.3.peg.1496.site.8, 0, 179, 179
908612.3.peg.1496.site.9, 7, 179, 186
908612.3.peg.1496.site.10, 3, 178, 181
908612.3.peg.1496.site.11, 89, 179, 268
908612.3.peg.1496.site.12, 5, 180, 185
908612.3.peg.1496.site.13, 5, 180, 185
908612.3.peg.1496.site.14, 85, 178, 263
908612.3.peg.1496.site.15, 1, 180, 181
908612.3.peg.1496.site.16, 26, 177, 203
908612.3.peg.1496.site.17, 29, 176, 205
908612.3.peg.1496.site.18, 4, 180, 184
908612.3.peg.1496.site.19, 6, 177, 183
908612.3.peg.1496.site.20, 2, 180, 182
908612.3.peg.1496.site.21, 1, 180, 181
908612.3.peg.1496.site.22, 7, 179, 186
908612.3.peg.1496.site.23, 2, 180, 182
908612.3.peg.1496.site.24, 0, 180, 180
908612.3.peg.1496.site.25, 2, 180, 182
908612.3.peg.1496.site.26, 26, 176, 202
908612.3.peg.1496.site.27, 0, 177, 177
908612.3.peg.1496.site.28, 13, 179, 192
908612.3.peg.1496.site.29, 3, 180, 183
908612.3.peg.1496.site.30, 22, 179, 201
908612.3.peg.1496.site.31, 36, 179, 215
908612.3.peg.1496.site.32, 4, 179, 183
908612.3.peg.1496.site.33, 40, 176, 216
908612.3.peg.1496.site.34, 82, 178, 260
908612.3.peg.1496.site.35, 2, 178, 180
908612.3.peg.1496.site.36, 7, 178, 185
908612.3.peg.1496.site.37, 20, 179, 199
908612.3.peg.1496.site.38, 29, 177, 206
908612.3.peg.1496.site.39, 31, 178, 209
908612.3.peg.1496.site.40, 31, 179, 210
908612.3.peg.1493.site.1, 1, 180, 181
908612.3.peg.1493.site.2, 5, 179, 184
908612.3.peg.1493.site.3, 27, 180, 207
908612.3.peg.1493.site.4, 9, 180, 189
908612.3.peg.1493.site.5, 39, 160, 199
908612.3.peg.1493.site.6, 11, 162, 173
908612.3.peg.1493.site.7, 15, 177, 192
908612.3.peg.1491.site.1, 0, 180, 180
908612.3.peg.1491.site.2, 0, 179, 179
908612.3.peg.1491.site.3, 38, 176, 214
908612.3.peg.1491.site.4, 0, 179, 179
908612.3.peg.1491.site.5, 0, 179, 179
908612.3.peg.1491.site.6, 0, 180, 180
908612.3.peg.1491.site.7, 49, 180, 229
908612.3.peg.1491.site.8, 0, 180, 180
908612.3.peg.1491.site.9, 18, 179, 197
908612.3.peg.1491.site.10, 0, 178, 178
908612.3.peg.1498.site.1, 0, 178, 178
908612.3.peg.1498.site.2, 3, 176, 179
908612.3.peg.1498.site.3, 0, 177, 177
908612.3.peg.1498.site.4, 0, 173, 173
908612.3.peg.1498.site.5, 25, 172, 197
908612.3.peg.1499.site.1, 6, 176, 182
908612.3.peg.1499.site.2, 1, 176, 177
908612.3.peg.1499.site.3, 30, 167, 197
908612.3.peg.1499.site.4, 1, 177, 178
908612.3.peg.1499.site.5, 105, 179, 284
908612.3.peg.1499.site.6, 30, 179, 209
908612.3.peg.1499.site.7, 2, 179, 181
908612.3.peg.1499.site.8, 1, 178, 179
908612.3.peg.1499.site.9, 97, 177, 274
908612.3.peg.1499.site.10, 37, 177, 214
908612.3.peg.1499.site.11, 37, 178, 215
908612.3.peg.1499.site.12, 2, 172, 174
908612.3.peg.1499.site.13, 1, 167, 168
908612.3.peg.1499.site.14, 1, 164, 165
908612.3.peg.1499.site.15, 78, 160, 238
908612.3.peg.1499.site.16, 2, 158, 160
908612.3.peg.2220.site.1, 59, 176, 235
908612.3.peg.2220.site.2, 1, 179, 180
908612.3.peg.2220.site.3, 1, 175, 176
908612.3.peg.2220.site.4, 123, 167, 290
908612.3.peg.2220.site.5, 0, 178, 178
908612.3.peg.2220.site.6, 128, 175, 303
908612.3.peg.2220.site.7, 15, 147, 162
908612.3.peg.2220.site.8, 3, 146, 149
908612.3.peg.2220.site.9, 3, 135, 138
908612.3.peg.2220.site.10, 1, 133, 134
908612.3.peg.2220.site.11, 2, 127, 129
908612.3.peg.2220.site.12, 27, 106, 133
908612.3.peg.2220.site.13, 4, 122, 126
908612.3.peg.2220.site.14, 9, 127, 136
908612.3.peg.2220.site.15, 101, 143, 244
908612.3.peg.2220.site.16, 82, 139, 221
908612.3.peg.2220.site.17, 1, 128, 129
908612.3.peg.2220.site.18, 3, 176, 179
908612.3.peg.2220.site.19, 0, 179, 179
908612.3.peg.2220.site.20, 2, 180, 182
908612.3.peg.2220.site.21, 2, 177, 179
908612.3.peg.2220.site.22, 47, 125, 172
908612.3.peg.2220.site.23, 16, 43, 59
908612.3.peg.2220.site.24, 1, 35, 36
908612.3.peg.2220.site.25, 0, 27, 27
908612.3.peg.2220.site.26, 1, 105, 106
908612.3.peg.2221.site.1, 0, 179, 179
908612.3.peg.2221.site.2, 26, 178, 204
908612.3.peg.2221.site.3, 6, 180, 186
908612.3.peg.2221.site.4, 0, 180, 180
908612.3.peg.2468.site.1, 4, 179, 183
908612.3.peg.2468.site.2, 11, 179, 190
908612.3.peg.2468.site.3, 11, 179, 190
908612.3.peg.2468.site.4, 14, 178, 192
908612.3.peg.2468.site.5, 6, 178, 184
908612.3.peg.2468.site.6, 2, 180, 182
908612.3.peg.2468.site.7, 1, 180, 181
908612.3.peg.2468.site.8, 3, 180, 183
908612.3.peg.2468.site.9, 11, 177, 188
908612.3.peg.2468.site.10, 0, 175, 175
908612.3.peg.2468.site.11, 2, 179, 181
908612.3.peg.2468.site.12, 1, 176, 177
908612.3.peg.2469.site.1, 2, 178, 180
908612.3.peg.2469.site.2, 27, 148, 175
908612.3.peg.2469.site.3, 71, 143, 214
908612.3.peg.2469.site.4, 34, 155, 189
908612.3.peg.2469.site.5, 3, 172, 175
908612.3.peg.2469.site.6, 1, 159, 160
908612.3.peg.2469.site.7, 0, 168, 168
908612.3.peg.2469.site.8, 61, 156, 217
908612.3.peg.2469.site.9, 31, 164, 195
908612.3.peg.2469.site.10, 59, 172, 231
908612.3.peg.2469.site.11, 67, 172, 239
908612.3.peg.2469.site.12, 29, 179, 208
908612.3.peg.2469.site.13, 1, 179, 180
908612.3.peg.2469.site.14, 11, 176, 187
908612.3.peg.2469.site.15, 28, 155, 183
908612.3.peg.2469.site.16, 2, 158, 160
908612.3.peg.2469.site.17, 26, 151, 177
908612.3.peg.2469.site.18, 40, 144, 184
908612.3.peg.2469.site.19, 35, 138, 173
908612.3.peg.2469.site.20, 12, 139, 151
908612.3.peg.2469.site.21, 12, 139, 151
908612.3.peg.2469.site.22, 0, 146, 146
908612.3.peg.2469.site.23, 46, 149, 195
908612.3.peg.2469.site.24, 51, 154, 205
908612.3.peg.2469.site.25, 39, 166, 205
908612.3.peg.2469.site.26, 10, 173, 183
908612.3.peg.2469.site.27, 49, 176, 225
908612.3.peg.2469.site.28, 12, 177, 189
908612.3.peg.2469.site.29, 14, 177, 191
908612.3.peg.2469.site.30, 52, 132, 184
908612.3.peg.2469.site.31, 48, 130, 178
908612.3.peg.2469.site.32, 50, 132, 182
908612.3.peg.2469.site.33, 23, 179, 202
908612.3.peg.2469.site.34, 0, 178, 178
908612.3.peg.2469.site.35, 0, 179, 179
908612.3.peg.2469.site.36, 106, 174, 280
908612.3.peg.2469.site.37, 22, 175, 197
908612.3.peg.2469.site.38, 1, 176, 177
908612.3.peg.2469.site.39, 59, 166, 225
908612.3.peg.2469.site.40, 103, 173, 276
908612.3.peg.2469.site.41, 63, 176, 239
908612.3.peg.2469.site.42, 10, 177, 187
908612.3.peg.2469.site.43, 106, 177, 283
908612.3.peg.2469.site.44, 93, 161, 254
908612.3.peg.2469.site.45, 78, 144, 222
908612.3.peg.2469.site.46, 74, 142, 216
908612.3.peg.2469.site.47, 0, 178, 178
908612.3.peg.2469.site.48, 0, 178, 178
908612.3.peg.2469.site.49, 4, 176, 180
908612.3.peg.2469.site.50, 0, 178, 178
908612.3.peg.2469.site.51, 19, 176, 195
908612.3.peg.2469.site.52, 40, 176, 216
908612.3.peg.2469.site.53, 1, 180, 181
908612.3.peg.2469.site.54, 1, 179, 180
908612.3.peg.2469.site.55, 10, 179, 189
908612.3.peg.2469.site.56, 60, 153, 213
908612.3.peg.2469.site.57, 0, 138, 138
908612.3.peg.2462.site.1, 1, 138, 139
908612.3.peg.2462.site.2, 1, 138, 139
908612.3.peg.2462.site.3, 5, 155, 160
908612.3.peg.2462.site.4, 0, 155, 155
908612.3.peg.2462.site.5, 103, 156, 259
908612.3.peg.2462.site.6, 35, 160, 195
908612.3.peg.2462.site.7, 8, 157, 165
908612.3.peg.2462.site.8, 23, 158, 181
908612.3.peg.2462.site.9, 0, 165, 165
908612.3.peg.2462.site.10, 0, 169, 169
908612.3.peg.2462.site.11, 3, 172, 175
908612.3.peg.2462.site.12, 0, 172, 172
908612.3.peg.2462.site.13, 68, 177, 245
908612.3.peg.2462.site.14, 26, 177, 203
908612.3.peg.2462.site.15, 2, 180, 182
908612.3.peg.2462.site.16, 127, 176, 303
908612.3.peg.2462.site.17, 53, 175, 228
908612.3.peg.2462.site.18, 2, 180, 182
908612.3.peg.2462.site.19, 1, 178, 179
908612.3.peg.2462.site.20, 53, 176, 229
908612.3.peg.2462.site.21, 53, 177, 230
908612.3.peg.2462.site.22, 2, 179, 181
908612.3.peg.2462.site.23, 0, 179, 179
908612.3.peg.2462.site.24, 27, 179, 206
908612.3.peg.2462.site.25, 27, 178, 205
908612.3.peg.2462.site.26, 27, 177, 204
908612.3.peg.2462.site.27, 23, 173, 196
908612.3.peg.2462.site.28, 24, 177, 201
908612.3.peg.2462.site.29, 25, 178, 203
908612.3.peg.2462.site.30, 27, 180, 207
908612.3.peg.2462.site.31, 28, 178, 206
908612.3.peg.2462.site.32, 27, 179, 206
908612.3.peg.2463.site.1, 2, 179, 181
908612.3.peg.2463.site.2, 1, 168, 169
908612.3.peg.2463.site.3, 178, 180, 358
908612.3.peg.2460.site.1, 12, 158, 170
908612.3.peg.2460.site.2, 22, 169, 191
908612.3.peg.2460.site.3, 25, 178, 203
908612.3.peg.2460.site.4, 44, 176, 220
908612.3.peg.2460.site.5, 0, 180, 180
908612.3.peg.2460.site.6, 32, 180, 212
908612.3.peg.2460.site.7, 0, 179, 179
908612.3.peg.2460.site.8, 7, 179, 186
908612.3.peg.2460.site.9, 2, 180, 182
908612.3.peg.2460.site.10, 2, 180, 182
908612.3.peg.2460.site.11, 0, 179, 179
908612.3.peg.2460.site.12, 1, 162, 163
908612.3.peg.2460.site.13, 30, 176, 206
908612.3.peg.2460.site.14, 4, 173, 177
908612.3.peg.2460.site.15, 11, 176, 187
908612.3.peg.2460.site.16, 2, 180, 182
908612.3.peg.2460.site.17, 4, 180, 184
908612.3.peg.2460.site.18, 3, 179, 182
908612.3.peg.2460.site.19, 0, 179, 179
908612.3.peg.2460.site.20, 27, 179, 206
908612.3.peg.2460.site.21, 5, 180, 185
908612.3.peg.2460.site.22, 0, 179, 179
908612.3.peg.2460.site.23, 104, 173, 277
908612.3.peg.2460.site.24, 28, 178, 206
908612.3.peg.2460.site.25, 30, 177, 207
908612.3.peg.2460.site.26, 30, 177, 207
908612.3.peg.2460.site.27, 0, 180, 180
908612.3.peg.2460.site.28, 0, 180, 180
908612.3.peg.2460.site.29, 32, 179, 211
908612.3.peg.2460.site.30, 32, 178, 210
908612.3.peg.2460.site.31, 6, 179, 185
908612.3.peg.2460.site.32, 6, 179, 185
908612.3.peg.2460.site.33, 6, 180, 186
908612.3.peg.2460.site.34, 25, 179, 204
908612.3.peg.2460.site.35, 63, 177, 240
908612.3.peg.2460.site.36, 7, 180, 187
908612.3.peg.2460.site.37, 2, 179, 181
908612.3.peg.2460.site.38, 0, 180, 180
908612.3.peg.2461.site.1, 0, 180, 180
908612.3.peg.2461.site.2, 70, 178, 248
908612.3.peg.2461.site.3, 40, 161, 201
908612.3.peg.2461.site.4, 0, 131, 131
908612.3.peg.2461.site.5, 2, 121, 123
908612.3.peg.2461.site.6, 33, 150, 183
908612.3.peg.2461.site.7, 0, 150, 150
908612.3.peg.2461.site.8, 0, 136, 136
908612.3.peg.2461.site.9, 87, 149, 236
908612.3.peg.2461.site.10, 2, 161, 163
908612.3.peg.2461.site.11, 4, 172, 176
908612.3.peg.2461.site.12, 0, 177, 177
908612.3.peg.2461.site.13, 109, 172, 281
908612.3.peg.2461.site.14, 41, 174, 215
908612.3.peg.2461.site.15, 0, 177, 177
908612.3.peg.2461.site.16, 0, 176, 176
908612.3.peg.2461.site.17, 47, 174, 221
908612.3.peg.2461.site.18, 2, 175, 177
908612.3.peg.2461.site.19, 47, 171, 218
908612.3.peg.2461.site.20, 87, 173, 260
908612.3.peg.2461.site.21, 107, 172, 279
908612.3.peg.2461.site.22, 3, 172, 175
908612.3.peg.2461.site.23, 30, 140, 170
908612.3.peg.2466.site.1, 20, 180, 200
908612.3.peg.2466.site.2, 2, 180, 182
908612.3.peg.2466.site.3, 0, 179, 179
908612.3.peg.2466.site.4, 2, 180, 182
908612.3.peg.2466.site.5, 9, 179, 188
908612.3.peg.2466.site.6, 0, 178, 178
908612.3.peg.2466.site.7, 7, 176, 183
908612.3.peg.2466.site.8, 164, 175, 339
908612.3.peg.2466.site.9, 1, 173, 174
908612.3.peg.2467.site.1, 0, 179, 179
908612.3.peg.2467.site.2, 111, 177, 288
908612.3.peg.2467.site.3, 7, 180, 187
908612.3.peg.2467.site.4, 0, 178, 178
908612.3.peg.2467.site.5, 107, 177, 284
908612.3.peg.2467.site.6, 0, 180, 180
908612.3.peg.2467.site.7, 167, 178, 345
908612.3.peg.2467.site.8, 178, 180, 358
908612.3.peg.2467.site.9, 0, 180, 180
908612.3.peg.2467.site.10, 2, 179, 181
908612.3.peg.2467.site.11, 2, 180, 182
908612.3.peg.2467.site.12, 7, 127, 134
908612.3.peg.2467.site.13, 125, 127, 252
908612.3.peg.2467.site.14, 114, 125, 239
908612.3.peg.2467.site.15, 105, 125, 230
908612.3.peg.2467.site.16, 1, 126, 127
908612.3.peg.2467.site.17, 0, 126, 126
908612.3.peg.2467.site.18, 0, 179, 179
908612.3.peg.2464.site.1, 0, 180, 180
908612.3.peg.2464.site.2, 0, 179, 179
908612.3.peg.2464.site.3, 20, 139, 159
908612.3.peg.2464.site.4, 3, 170, 173
908612.3.peg.2464.site.5, 47, 175, 222
908612.3.peg.2464.site.6, 1, 178, 179
908612.3.peg.2464.site.7, 59, 173, 232
908612.3.peg.2464.site.8, 58, 173, 231
908612.3.peg.2464.site.9, 83, 172, 255
908612.3.peg.2464.site.10, 174, 176, 350
908612.3.peg.2464.site.11, 42, 157, 199
908612.3.peg.2464.site.12, 0, 171, 171
908612.3.peg.2464.site.13, 1, 173, 174
908612.3.peg.2464.site.14, 2, 180, 182
908612.3.peg.2464.site.15, 135, 174, 309
908612.3.peg.2464.site.16, 95, 168, 263
908612.3.peg.2464.site.17, 7, 174, 181
908612.3.peg.2464.site.18, 8, 172, 180
908612.3.peg.2464.site.19, 59, 159, 218
908612.3.peg.2464.site.20, 1, 144, 145
908612.3.peg.2464.site.21, 0, 144, 144
908612.3.peg.2464.site.22, 61, 161, 222
908612.3.peg.2464.site.23, 0, 160, 160
908612.3.peg.2464.site.24, 55, 173, 228
908612.3.peg.2464.site.25, 6, 168, 174
908612.3.peg.2464.site.26, 0, 168, 168
908612.3.peg.2464.site.27, 13, 148, 161
908612.3.peg.2464.site.28, 1, 140, 141
908612.3.peg.2465.site.1, 0, 173, 173
908612.3.peg.2465.site.2, 87, 172, 259
908612.3.peg.2465.site.3, 33, 174, 207
908612.3.peg.2465.site.4, 27, 176, 203
908612.3.peg.2465.site.5, 36, 169, 205
908612.3.peg.2465.site.6, 3, 176, 179
908612.3.peg.2465.site.7, 3, 176, 179
908612.3.peg.2465.site.8, 3, 175, 178
908612.3.peg.2465.site.9, 169, 177, 346
908612.3.peg.2465.site.10, 4, 177, 181
908612.3.peg.2465.site.11, 3, 178, 181
908612.3.peg.2465.site.12, 1, 175, 176
908612.3.peg.2465.site.13, 13, 179, 192
908612.3.peg.2465.site.14, 5, 178, 183
908612.3.peg.2465.site.15, 17, 178, 195
908612.3.peg.2465.site.16, 8, 178, 186
908612.3.peg.2465.site.17, 1, 178, 179
908612.3.peg.2465.site.18, 0, 179, 179
908612.3.peg.2465.site.19, 4, 180, 184
908612.3.peg.2465.site.20, 0, 180, 180
908612.3.peg.2465.site.21, 3, 180, 183
908612.3.peg.2465.site.22, 0, 180, 180
908612.3.peg.2465.site.23, 13, 179, 192
908612.3.peg.2465.site.24, 17, 177, 194
908612.3.peg.2465.site.25, 7, 179, 186
908612.3.peg.2465.site.26, 7, 177, 184
908612.3.peg.2465.site.27, 6, 179, 185
908612.3.peg.2465.site.28, 144, 175, 319
908612.3.peg.2465.site.29, 67, 129, 196
908612.3.peg.2465.site.30, 48, 113, 161
908612.3.peg.2465.site.31, 0, 105, 105
908612.3.peg.2465.site.32, 29, 96, 125
908612.3.peg.2465.site.33, 24, 92, 116
908612.3.peg.2465.site.34, 45, 92, 137
908612.3.peg.2465.site.35, 0, 99, 99
908612.3.peg.2465.site.36, 0, 105, 105
908612.3.peg.2465.site.37, 74, 123, 197
908612.3.peg.2465.site.38, 88, 132, 220
908612.3.peg.2465.site.39, 146, 148, 294
908612.3.peg.2465.site.40, 117, 166, 283
908612.3.peg.2465.site.41, 47, 167, 214
908612.3.peg.2465.site.42, 11, 177, 188
908612.3.peg.2465.site.43, 2, 179, 181
908612.3.peg.2465.site.44, 1, 179, 180
908612.3.peg.2226.site.1, 16, 180, 196
908612.3.peg.2226.site.2, 2, 178, 180
908612.3.peg.2226.site.3, 16, 178, 194
908612.3.peg.2226.site.4, 15, 179, 194
908612.3.peg.2226.site.5, 4, 176, 180
908612.3.peg.2226.site.6, 0, 179, 179
908612.3.peg.2226.site.7, 0, 180, 180
908612.3.peg.2226.site.8, 16, 178, 194
908612.3.peg.2226.site.9, 4, 176, 180
908612.3.peg.2227.site.1, 31, 179, 210
908612.3.peg.2227.site.2, 21, 180, 201
908612.3.peg.2227.site.3, 17, 180, 197
908612.3.peg.2227.site.4, 21, 178, 199
908612.3.peg.2227.site.5, 5, 178, 183
908612.3.peg.2862.site.1, 149, 176, 325
908612.3.peg.2862.site.2, 0, 179, 179
908612.3.peg.2862.site.3, 9, 178, 187
908612.3.peg.2862.site.4, 0, 170, 170
908612.3.peg.2862.site.5, 2, 156, 158
908612.3.peg.2862.site.6, 99, 132, 231
908612.3.peg.2862.site.7, 136, 168, 304
908612.3.peg.2862.site.8, 0, 176, 176
908612.3.peg.2862.site.9, 1, 178, 179
908612.3.peg.2862.site.10, 2, 176, 178
908612.3.peg.2862.site.11, 3, 170, 173
908612.3.peg.2862.site.12, 40, 72, 112
908612.3.peg.2863.site.1, 147, 180, 327
908612.3.peg.2863.site.2, 25, 177, 202
908612.3.peg.2863.site.3, 6, 180, 186
908612.3.peg.2863.site.4, 25, 175, 200
908612.3.peg.2863.site.5, 24, 176, 200
908612.3.peg.2863.site.6, 25, 177, 202
908612.3.peg.2863.site.7, 1, 180, 181
908612.3.peg.2863.site.8, 4, 180, 184
908612.3.peg.2863.site.9, 144, 177, 321
908612.3.peg.2863.site.10, 145, 179, 324
908612.3.peg.2863.site.11, 123, 175, 298
908612.3.peg.2863.site.12, 104, 173, 277
908612.3.peg.2860.site.1, 0, 173, 173
908612.3.peg.2860.site.2, 4, 180, 184
908612.3.peg.2860.site.3, 2, 179, 181
908612.3.peg.2860.site.4, 141, 175, 316
908612.3.peg.2860.site.5, 3, 128, 131
908612.3.peg.2860.site.6, 2, 170, 172
908612.3.peg.2860.site.7, 128, 176, 304
908612.3.peg.2860.site.8, 3, 179, 182
908612.3.peg.2860.site.9, 8, 179, 187
908612.3.peg.2860.site.10, 134, 179, 313
908612.3.peg.2860.site.11, 0, 179, 179
908612.3.peg.2860.site.12, 84, 166, 250
908612.3.peg.2860.site.13, 1, 160, 161
908612.3.peg.2860.site.14, 55, 175, 230
908612.3.peg.2860.site.15, 21, 174, 195
908612.3.peg.2860.site.16, 91, 177, 268
908612.3.peg.2860.site.17, 47, 178, 225
908612.3.peg.2860.site.18, 47, 177, 224
908612.3.peg.2860.site.19, 2, 180, 182
908612.3.peg.2860.site.20, 0, 180, 180
908612.3.peg.2860.site.21, 177, 179, 356
908612.3.peg.2860.site.22, 0, 178, 178
908612.3.peg.2860.site.23, 76, 168, 244
908612.3.peg.2861.site.1, 0, 179, 179
908612.3.peg.2861.site.2, 0, 180, 180
908612.3.peg.2861.site.3, 27, 177, 204
908612.3.peg.2861.site.4, 1, 180, 181
908612.3.peg.2861.site.5, 0, 180, 180
908612.3.peg.2861.site.6, 68, 178, 246
908612.3.peg.2861.site.7, 0, 179, 179
908612.3.peg.2861.site.8, 101, 174, 275
908612.3.peg.2861.site.9, 8, 179, 187
908612.3.peg.2861.site.10, 2, 177, 179
908612.3.peg.2861.site.11, 2, 177, 179
908612.3.peg.2861.site.12, 60, 165, 225
908612.3.peg.2861.site.13, 0, 155, 155
908612.3.peg.2861.site.14, 1, 175, 176
908612.3.peg.2861.site.15, 1, 143, 144
908612.3.peg.2861.site.16, 171, 173, 344
908612.3.peg.2861.site.17, 1, 139, 140
908612.3.peg.2861.site.18, 3, 146, 149
908612.3.peg.2861.site.19, 172, 177, 349
908612.3.peg.2861.site.20, 1, 174, 175
908612.3.peg.2861.site.21, 4, 171, 175
908612.3.peg.2861.site.22, 1, 157, 158
908612.3.peg.2861.site.23, 75, 145, 220
908612.3.peg.2861.site.24, 6, 160, 166
908612.3.peg.2861.site.25, 0, 161, 161
908612.3.peg.2861.site.26, 24, 144, 168
908612.3.peg.2861.site.27, 120, 130, 250
908612.3.peg.2861.site.28, 5, 137, 142
908612.3.peg.2861.site.29, 0, 124, 124
908612.3.peg.2861.site.30, 0, 129, 129
908612.3.peg.2861.site.31, 71, 130, 201
908612.3.peg.2861.site.32, 5, 129, 134
908612.3.peg.2861.site.33, 4, 134, 138
908612.3.peg.2861.site.34, 4, 139, 143
908612.3.peg.2861.site.35, 4, 147, 151
908612.3.peg.2861.site.36, 1, 150, 151
908612.3.peg.2861.site.37, 18, 162, 180
908612.3.peg.2861.site.38, 1, 170, 171
908612.3.peg.2861.site.39, 4, 169, 173
908612.3.peg.2861.site.40, 0, 171, 171
908612.3.peg.2861.site.41, 1, 178, 179
908612.3.peg.2861.site.42, 3, 180, 183
908612.3.peg.2861.site.43, 92, 170, 262
908612.3.peg.2861.site.44, 7, 179, 186
908612.3.peg.2861.site.45, 9, 178, 187
908612.3.peg.2861.site.46, 40, 176, 216
908612.3.peg.2861.site.47, 1, 166, 167
908612.3.peg.2861.site.48, 167, 169, 336
908612.3.peg.2861.site.49, 107, 165, 272
908612.3.peg.2861.site.50, 1, 174, 175
908612.3.peg.2861.site.51, 1, 177, 178
908612.3.peg.2861.site.52, 50, 172, 222
908612.3.peg.2861.site.53, 0, 173, 173
908612.3.peg.2861.site.54, 0, 152, 152
908612.3.peg.2861.site.55, 11, 146, 157
908612.3.peg.2861.site.56, 0, 178, 178
908612.3.peg.2861.site.57, 0, 178, 178
908612.3.peg.2861.site.58, 1, 179, 180
908612.3.peg.1944.site.1, 109, 160, 269
908612.3.peg.1944.site.2, 94, 169, 263
908612.3.peg.1944.site.3, 56, 177, 233
908612.3.peg.1944.site.4, 85, 175, 260
908612.3.peg.1944.site.5, 67, 131, 198
908612.3.peg.1944.site.6, 9, 101, 110
908612.3.peg.1944.site.7, 22, 84, 106
908612.3.peg.1944.site.8, 0, 58, 58
908612.3.peg.1944.site.9, 0, 56, 56
908612.3.peg.1944.site.10, 7, 52, 59
908612.3.peg.1944.site.11, 2, 50, 52
908612.3.peg.1944.site.12, 2, 53, 55
908612.3.peg.1944.site.13, 1, 49, 50
908612.3.peg.1944.site.14, 4, 45, 49
908612.3.peg.1944.site.15, 4, 57, 61
908612.3.peg.1944.site.16, 0, 60, 60
908612.3.peg.1944.site.17, 1, 77, 78
908612.3.peg.1944.site.18, 11, 85, 96
908612.3.peg.1944.site.19, 13, 84, 97
908612.3.peg.1944.site.20, 40, 95, 135
908612.3.peg.1944.site.21, 13, 135, 148
908612.3.peg.1944.site.22, 6, 159, 165
908612.3.peg.1944.site.23, 8, 155, 163
908612.3.peg.1944.site.24, 25, 170, 195
908612.3.peg.1944.site.25, 69, 173, 242
908612.3.peg.1944.site.26, 11, 176, 187
908612.3.peg.1944.site.27, 3, 178, 181
908612.3.peg.1944.site.28, 3, 173, 176
908612.3.peg.1944.site.29, 2, 177, 179
908612.3.peg.1944.site.30, 32, 178, 210
908612.3.peg.1944.site.31, 66, 172, 238
908612.3.peg.1944.site.32, 52, 170, 222
908612.3.peg.1944.site.33, 26, 156, 182
908612.3.peg.1944.site.34, 5, 134, 139
908612.3.peg.1944.site.35, 55, 163, 218
908612.3.peg.1944.site.36, 38, 163, 201
908612.3.peg.1944.site.37, 23, 166, 189
908612.3.peg.1944.site.38, 42, 159, 201
908612.3.peg.1944.site.39, 35, 157, 192
908612.3.peg.1944.site.40, 1, 157, 158
908612.3.peg.1944.site.41, 7, 136, 143
908612.3.peg.1944.site.42, 7, 134, 141
908612.3.peg.1944.site.43, 5, 169, 174
908612.3.peg.1944.site.44, 35, 172, 207
908612.3.peg.1944.site.45, 38, 174, 212
908612.3.peg.1944.site.46, 0, 170, 170
908612.3.peg.1944.site.47, 19, 173, 192
908612.3.peg.1944.site.48, 110, 165, 275
908612.3.peg.1944.site.49, 10, 161, 171
908612.3.peg.1944.site.50, 9, 167, 176
908612.3.peg.1944.site.51, 2, 167, 169
908612.3.peg.1944.site.52, 34, 165, 199
908612.3.peg.1944.site.53, 0, 164, 164
908612.3.peg.1944.site.54, 12, 163, 175
908612.3.peg.1944.site.55, 5, 166, 171
908612.3.peg.1944.site.56, 61, 159, 220
908612.3.peg.1944.site.57, 0, 168, 168
908612.3.peg.1944.site.58, 0, 149, 149
908612.3.peg.1944.site.59, 10, 153, 163
908612.3.peg.1944.site.60, 5, 153, 158
908612.3.peg.1944.site.61, 1, 156, 157
908612.3.peg.1944.site.62, 8, 164, 172
908612.3.peg.1944.site.63, 27, 170, 197
908612.3.peg.1944.site.64, 44, 160, 204
908612.3.peg.1944.site.65, 8, 147, 155
908612.3.peg.1944.site.66, 3, 144, 147
908612.3.peg.1944.site.67, 4, 144, 148
908612.3.peg.1944.site.68, 12, 132, 144
908612.3.peg.1944.site.69, 5, 133, 138
908612.3.peg.1944.site.70, 27, 128, 155
908612.3.peg.1944.site.71, 14, 117, 131
908612.3.peg.1944.site.72, 17, 115, 132
908612.3.peg.1944.site.73, 14, 127, 141
908612.3.peg.1944.site.74, 26, 173, 199
908612.3.peg.1944.site.75, 44, 170, 214
908612.3.peg.1944.site.76, 39, 175, 214
908612.3.peg.1944.site.77, 65, 170, 235
908612.3.peg.1944.site.78, 17, 174, 191
908612.3.peg.1944.site.79, 39, 166, 205
908612.3.peg.1944.site.80, 53, 158, 211
908612.3.peg.1944.site.81, 44, 124, 168
908612.3.peg.1944.site.82, 47, 157, 204
908612.3.peg.1944.site.83, 1, 170, 171
908612.3.peg.1944.site.84, 0, 178, 178
908612.3.peg.1944.site.85, 78, 177, 255
908612.3.peg.1944.site.86, 30, 178, 208
908612.3.peg.1944.site.87, 8, 180, 188
908612.3.peg.1944.site.88, 1, 179, 180
908612.3.peg.1944.site.89, 0, 179, 179
908612.3.peg.1945.site.1, 0, 180, 180
908612.3.peg.1945.site.2, 0, 180, 180
908612.3.peg.1945.site.3, 3, 180, 183
908612.3.peg.1945.site.4, 1, 168, 169
908612.3.peg.1945.site.5, 23, 167, 190
908612.3.peg.1945.site.6, 26, 160, 186
908612.3.peg.1945.site.7, 0, 170, 170
908612.3.peg.1945.site.8, 0, 171, 171
908612.3.peg.1945.site.9, 0, 165, 165
908612.3.peg.1945.site.10, 0, 160, 160
908612.3.peg.1945.site.11, 1, 164, 165
908612.3.peg.1945.site.12, 50, 166, 216
908612.3.peg.1945.site.13, 26, 153, 179
908612.3.peg.1945.site.14, 74, 156, 230
908612.3.peg.1945.site.15, 111, 161, 272
908612.3.peg.1945.site.16, 0, 170, 170
908612.3.peg.1945.site.17, 1, 146, 147
908612.3.peg.1945.site.18, 7, 177, 184
908612.3.peg.1945.site.19, 1, 180, 181
908612.3.peg.1945.site.20, 16, 176, 192
908612.3.peg.1945.site.21, 6, 180, 186
908612.3.peg.1945.site.22, 20, 172, 192
908612.3.peg.1945.site.23, 79, 176, 255
908612.3.peg.1945.site.24, 77, 173, 250
908612.3.peg.1945.site.25, 98, 176, 274
908612.3.peg.1945.site.26, 41, 169, 210
908612.3.peg.1947.site.1, 5, 179, 184
908612.3.peg.1947.site.2, 1, 180, 181
908612.3.peg.1947.site.3, 120, 178, 298
908612.3.peg.1947.site.4, 1, 180, 181
908612.3.peg.1947.site.5, 4, 179, 183
908612.3.peg.1940.site.1, 5, 178, 183
908612.3.peg.1940.site.2, 29, 175, 204
908612.3.peg.1940.site.3, 2, 178, 180
908612.3.peg.1940.site.4, 84, 176, 260
908612.3.peg.1940.site.5, 10, 180, 190
908612.3.peg.1940.site.6, 0, 180, 180
908612.3.peg.1940.site.7, 6, 179, 185
908612.3.peg.1940.site.8, 2, 177, 179
908612.3.peg.1940.site.9, 6, 178, 184
908612.3.peg.1940.site.10, 1, 178, 179
908612.3.peg.1940.site.11, 2, 174, 176
908612.3.peg.1940.site.12, 0, 162, 162
908612.3.peg.1940.site.13, 3, 166, 169
908612.3.peg.1941.site.1, 17, 175, 192
908612.3.peg.1941.site.2, 0, 176, 176
908612.3.peg.1941.site.3, 16, 178, 194
908612.3.peg.1941.site.4, 3, 179, 182
908612.3.peg.1941.site.5, 7, 179, 186
908612.3.peg.1941.site.6, 4, 176, 180
908612.3.peg.1941.site.7, 3, 179, 182
908612.3.peg.1941.site.8, 3, 175, 178
908612.3.peg.1941.site.9, 0, 179, 179
908612.3.peg.1942.site.1, 5, 180, 185
908612.3.peg.1942.site.2, 4, 177, 181
908612.3.peg.1942.site.3, 4, 180, 184
908612.3.peg.1942.site.4, 3, 166, 169
908612.3.peg.1942.site.5, 0, 168, 168
908612.3.peg.1942.site.6, 59, 170, 229
908612.3.peg.1942.site.7, 88, 175, 263
908612.3.peg.1942.site.8, 18, 173, 191
908612.3.peg.1942.site.9, 3, 179, 182
908612.3.peg.1942.site.10, 113, 177, 290
908612.3.peg.1942.site.11, 4, 180, 184
908612.3.peg.1942.site.12, 6, 180, 186
908612.3.peg.1942.site.13, 0, 180, 180
908612.3.peg.1942.site.14, 0, 179, 179
908612.3.peg.1942.site.15, 14, 178, 192
908612.3.peg.1942.site.16, 3, 179, 182
908612.3.peg.1942.site.17, 11, 178, 189
908612.3.peg.1942.site.18, 0, 179, 179
908612.3.peg.1942.site.19, 3, 179, 182
908612.3.peg.1942.site.20, 75, 172, 247
908612.3.peg.1942.site.21, 5, 170, 175
908612.3.peg.1942.site.22, 5, 176, 181
908612.3.peg.1942.site.23, 13, 177, 190
908612.3.peg.1942.site.24, 106, 176, 282
908612.3.peg.1942.site.25, 88, 179, 267
908612.3.peg.1942.site.26, 3, 179, 182
908612.3.peg.1942.site.27, 90, 177, 267
908612.3.peg.1942.site.28, 15, 178, 193
908612.3.peg.1942.site.29, 160, 179, 339
908612.3.peg.1942.site.30, 135, 176, 311
908612.3.peg.1942.site.31, 46, 175, 221
908612.3.peg.2599.site.1, 19, 137, 156
908612.3.peg.2599.site.2, 92, 178, 270
908612.3.peg.2599.site.3, 3, 175, 178
908612.3.peg.2596.site.1, 16, 158, 174
908612.3.peg.2596.site.2, 0, 167, 167
908612.3.peg.2596.site.3, 12, 151, 163
908612.3.peg.2596.site.4, 72, 162, 234
908612.3.peg.2596.site.5, 23, 157, 180
908612.3.peg.2596.site.6, 6, 158, 164
908612.3.peg.2596.site.7, 61, 168, 229
908612.3.peg.2596.site.8, 74, 166, 240
908612.3.peg.2596.site.9, 16, 168, 184
908612.3.peg.2596.site.10, 10, 167, 177
908612.3.peg.2596.site.11, 0, 154, 154
908612.3.peg.2596.site.12, 0, 146, 146
908612.3.peg.2596.site.13, 2, 144, 146
908612.3.peg.2596.site.14, 1, 170, 171
908612.3.peg.2596.site.15, 60, 164, 224
908612.3.peg.2596.site.16, 0, 173, 173
908612.3.peg.2596.site.17, 24, 170, 194
908612.3.peg.2596.site.18, 3, 177, 180
908612.3.peg.2596.site.19, 6, 177, 183
908612.3.peg.2596.site.20, 83, 174, 257
908612.3.peg.2596.site.21, 16, 146, 162
908612.3.peg.2596.site.22, 16, 134, 150
908612.3.peg.2596.site.23, 91, 175, 266
908612.3.peg.2596.site.24, 47, 172, 219
908612.3.peg.2596.site.25, 57, 177, 234
908612.3.peg.2596.site.26, 91, 176, 267
908612.3.peg.2596.site.27, 7, 177, 184
908612.3.peg.2596.site.28, 86, 178, 264
908612.3.peg.2596.site.29, 13, 179, 192
908612.3.peg.2596.site.30, 104, 174, 278
908612.3.peg.2596.site.31, 7, 178, 185
908612.3.peg.2596.site.32, 4, 178, 182
908612.3.peg.2596.site.33, 0, 178, 178
908612.3.peg.2596.site.34, 59, 174, 233
908612.3.peg.2596.site.35, 25, 179, 204
908612.3.peg.2596.site.36, 8, 180, 188
908612.3.peg.2596.site.37, 4, 177, 181
908612.3.peg.2596.site.38, 0, 174, 174
908612.3.peg.2596.site.39, 9, 179, 188
908612.3.peg.2597.site.1, 101, 141, 242
908612.3.peg.2597.site.2, 12, 136, 148
908612.3.peg.2597.site.3, 96, 136, 232
908612.3.peg.2597.site.4, 1, 118, 119
908612.3.peg.2597.site.5, 3, 111, 114
908612.3.peg.2597.site.6, 2, 125, 127
908612.3.peg.2597.site.7, 0, 129, 129
908612.3.peg.2597.site.8, 122, 176, 298
908612.3.peg.2597.site.9, 6, 180, 186
908612.3.peg.2597.site.10, 0, 176, 176
908612.3.peg.2597.site.11, 3, 176, 179
908612.3.peg.2597.site.12, 1, 175, 176
908612.3.peg.2597.site.13, 0, 178, 178
908612.3.peg.2597.site.14, 2, 179, 181
908612.3.peg.2597.site.15, 27, 176, 203
908612.3.peg.2597.site.16, 148, 177, 325
908612.3.peg.2597.site.17, 111, 176, 287
908612.3.peg.1948.site.1, 0, 179, 179
908612.3.peg.1948.site.2, 126, 176, 302
908612.3.peg.1948.site.3, 60, 173, 233
908612.3.peg.1948.site.4, 89, 175, 264
908612.3.peg.1948.site.5, 8, 180, 188
908612.3.peg.1948.site.6, 6, 179, 185
908612.3.peg.1948.site.7, 64, 178, 242
908612.3.peg.1948.site.8, 0, 179, 179
908612.3.peg.1948.site.9, 95, 172, 267
908612.3.peg.1948.site.10, 73, 171, 244
908612.3.peg.1948.site.11, 0, 179, 179
908612.3.peg.1948.site.12, 2, 178, 180
908612.3.peg.1948.site.13, 113, 177, 290
908612.3.peg.1948.site.14, 78, 173, 251
908612.3.peg.1948.site.15, 30, 171, 201
908612.3.peg.1948.site.16, 113, 177, 290
908612.3.peg.1948.site.17, 16, 177, 193
908612.3.peg.1948.site.18, 3, 179, 182
908612.3.peg.1948.site.19, 2, 179, 181
908612.3.peg.1948.site.20, 6, 179, 185
908612.3.peg.1948.site.21, 80, 174, 254
908612.3.peg.1948.site.22, 0, 180, 180
908612.3.peg.2590.site.1, 12, 156, 168
908612.3.peg.2590.site.2, 34, 177, 211
908612.3.peg.2590.site.3, 34, 175, 209
908612.3.peg.2590.site.4, 0, 178, 178
908612.3.peg.2590.site.5, 35, 177, 212
908612.3.peg.2590.site.6, 35, 178, 213
908612.3.peg.2590.site.7, 35, 178, 213
908612.3.peg.2590.site.8, 36, 178, 214
908612.3.peg.2590.site.9, 4, 180, 184
908612.3.peg.2590.site.10, 37, 179, 216
908612.3.peg.2590.site.11, 4, 179, 183
908612.3.peg.2590.site.12, 1, 173, 174
908612.3.peg.2590.site.13, 0, 167, 167
908612.3.peg.2590.site.14, 43, 168, 211
908612.3.peg.2590.site.15, 0, 176, 176
908612.3.peg.2590.site.16, 46, 174, 220
908612.3.peg.2590.site.17, 45, 175, 220
908612.3.peg.2590.site.18, 9, 176, 185
908612.3.peg.823.site.1, 1, 179, 180
908612.3.peg.823.site.2, 3, 180, 183
908612.3.peg.823.site.3, 0, 176, 176
908612.3.peg.823.site.4, 38, 178, 216
908612.3.peg.823.site.5, 6, 177, 183
908612.3.peg.823.site.6, 0, 180, 180
908612.3.peg.823.site.7, 5, 180, 185
908612.3.peg.823.site.8, 0, 180, 180
908612.3.peg.823.site.9, 0, 179, 179
908612.3.peg.823.site.10, 18, 179, 197
908612.3.peg.823.site.11, 23, 178, 201
908612.3.peg.823.site.12, 89, 175, 264
908612.3.peg.822.site.1, 0, 180, 180
908612.3.peg.822.site.2, 14, 180, 194
908612.3.peg.822.site.3, 0, 180, 180
908612.3.peg.822.site.4, 0, 180, 180
908612.3.peg.822.site.5, 112, 180, 292
908612.3.peg.822.site.6, 23, 178, 201
908612.3.peg.822.site.7, 27, 178, 205
908612.3.peg.822.site.8, 7, 176, 183
908612.3.peg.822.site.9, 126, 176, 302
908612.3.peg.822.site.10, 4, 180, 184
908612.3.peg.822.site.11, 62, 176, 238
908612.3.peg.822.site.12, 0, 178, 178
908612.3.peg.822.site.13, 18, 178, 196
908612.3.peg.822.site.14, 26, 180, 206
908612.3.peg.822.site.15, 7, 179, 186
908612.3.peg.822.site.16, 46, 171, 217
908612.3.peg.822.site.17, 46, 172, 218
908612.3.peg.822.site.18, 31, 180, 211
908612.3.peg.822.site.19, 0, 180, 180
908612.3.peg.822.site.20, 1, 180, 181
908612.3.peg.822.site.21, 26, 178, 204
908612.3.peg.822.site.22, 1, 179, 180
908612.3.peg.822.site.23, 3, 178, 181
908612.3.peg.822.site.24, 91, 179, 270
908612.3.peg.822.site.25, 0, 180, 180
908612.3.peg.822.site.26, 9, 179, 188
908612.3.peg.822.site.27, 63, 177, 240
908612.3.peg.822.site.28, 116, 178, 294
908612.3.peg.822.site.29, 88, 176, 264
908612.3.peg.822.site.30, 37, 177, 214
908612.3.peg.821.site.1, 2, 180, 182
908612.3.peg.821.site.2, 2, 177, 179
908612.3.peg.821.site.3, 0, 169, 169
908612.3.peg.821.site.4, 21, 174, 195
908612.3.peg.821.site.5, 29, 180, 209
908612.3.peg.821.site.6, 2, 180, 182
908612.3.peg.821.site.7, 1, 180, 181
908612.3.peg.821.site.8, 3, 178, 181
908612.3.peg.820.site.1, 1, 179, 180
908612.3.peg.820.site.2, 11, 180, 191
908612.3.peg.820.site.3, 2, 180, 182
908612.3.peg.820.site.4, 3, 179, 182
908612.3.peg.820.site.5, 0, 179, 179
908612.3.peg.820.site.6, 15, 177, 192
908612.3.peg.820.site.7, 7, 180, 187
908612.3.peg.820.site.8, 25, 177, 202
908612.3.peg.820.site.9, 31, 170, 201
908612.3.peg.820.site.10, 26, 169, 195
908612.3.peg.820.site.11, 11, 165, 176
908612.3.peg.820.site.12, 4, 176, 180
908612.3.peg.820.site.13, 12, 180, 192
908612.3.peg.820.site.14, 10, 179, 189
908612.3.peg.820.site.15, 40, 175, 215
908612.3.peg.820.site.16, 89, 172, 261
908612.3.peg.820.site.17, 3, 179, 182
908612.3.peg.820.site.18, 9, 177, 186
908612.3.peg.820.site.19, 94, 172, 266
908612.3.peg.820.site.20, 3, 178, 181
908612.3.peg.820.site.21, 4, 178, 182
908612.3.peg.820.site.22, 3, 175, 178
908612.3.peg.820.site.23, 131, 176, 307
908612.3.peg.820.site.24, 0, 171, 171
908612.3.peg.826.site.1, 17, 174, 191
908612.3.peg.826.site.2, 58, 155, 213
908612.3.peg.826.site.3, 3, 157, 160
908612.3.peg.826.site.4, 0, 159, 159
908612.3.peg.826.site.5, 3, 167, 170
908612.3.peg.826.site.6, 0, 171, 171
908612.3.peg.826.site.7, 84, 172, 256
908612.3.peg.826.site.8, 84, 174, 258
908612.3.peg.826.site.9, 86, 173, 259
908612.3.peg.826.site.10, 1, 179, 180
908612.3.peg.826.site.11, 23, 178, 201
908612.3.peg.826.site.12, 8, 178, 186
908612.3.peg.826.site.13, 1, 177, 178
908612.3.peg.826.site.14, 9, 178, 187
908612.3.peg.826.site.15, 85, 175, 260
908612.3.peg.826.site.16, 2, 179, 181
908612.3.peg.826.site.17, 12, 178, 190
908612.3.peg.826.site.18, 0, 178, 178
908612.3.peg.826.site.19, 2, 172, 174
908612.3.peg.826.site.20, 55, 165, 220
908612.3.peg.826.site.21, 0, 155, 155
908612.3.peg.826.site.22, 26, 122, 148
908612.3.peg.826.site.23, 0, 117, 117
908612.3.peg.826.site.24, 1, 103, 104
908612.3.peg.826.site.25, 61, 159, 220
908612.3.peg.825.site.1, 68, 176, 244
908612.3.peg.825.site.2, 1, 179, 180
908612.3.peg.825.site.3, 5, 158, 163
908612.3.peg.825.site.4, 49, 171, 220
908612.3.peg.825.site.5, 3, 173, 176
908612.3.peg.825.site.6, 1, 174, 175
908612.3.peg.825.site.7, 85, 168, 253
908612.3.peg.825.site.8, 46, 164, 210
908612.3.peg.825.site.9, 0, 167, 167
908612.3.peg.825.site.10, 64, 145, 209
908612.3.peg.825.site.11, 37, 124, 161
908612.3.peg.825.site.12, 12, 116, 128
908612.3.peg.825.site.13, 37, 124, 161
908612.3.peg.825.site.14, 74, 160, 234
908612.3.peg.825.site.15, 6, 166, 172
908612.3.peg.825.site.16, 74, 157, 231
908612.3.peg.825.site.17, 8, 160, 168
908612.3.peg.825.site.18, 0, 176, 176
908612.3.peg.825.site.19, 0, 177, 177
908612.3.peg.825.site.20, 0, 177, 177
908612.3.peg.825.site.21, 26, 175, 201
908612.3.peg.825.site.22, 1, 173, 174
908612.3.peg.825.site.23, 0, 177, 177
908612.3.peg.825.site.24, 1, 179, 180
908612.3.peg.825.site.25, 86, 172, 258
908612.3.peg.825.site.26, 13, 177, 190
908612.3.peg.825.site.27, 4, 177, 181
908612.3.peg.825.site.28, 0, 180, 180
908612.3.peg.825.site.29, 1, 180, 181
908612.3.peg.825.site.30, 2, 180, 182
908612.3.peg.825.site.31, 0, 180, 180
908612.3.peg.825.site.32, 90, 176, 266
908612.3.peg.825.site.33, 20, 180, 200
908612.3.peg.825.site.34, 0, 180, 180
908612.3.peg.825.site.35, 0, 179, 179
908612.3.peg.825.site.36, 92, 175, 267
908612.3.peg.825.site.37, 1, 179, 180
908612.3.peg.825.site.38, 0, 177, 177
908612.3.peg.825.site.39, 1, 179, 180
908612.3.peg.825.site.40, 0, 179, 179
908612.3.peg.825.site.41, 73, 176, 249
908612.3.peg.825.site.42, 45, 175, 220
908612.3.peg.825.site.43, 0, 180, 180
908612.3.peg.824.site.1, 0, 177, 177
908612.3.peg.824.site.2, 0, 178, 178
908612.3.peg.824.site.3, 4, 178, 182
908612.3.peg.824.site.4, 0, 178, 178
908612.3.peg.824.site.5, 15, 176, 191
908612.3.peg.824.site.6, 26, 179, 205
908612.3.peg.824.site.7, 43, 179, 222
908612.3.peg.824.site.8, 24, 179, 203
908612.3.peg.824.site.9, 1, 180, 181
908612.3.peg.824.site.10, 92, 174, 266
908612.3.peg.824.site.11, 0, 179, 179
908612.3.peg.824.site.12, 21, 179, 200
908612.3.peg.824.site.13, 21, 179, 200
908612.3.peg.824.site.14, 21, 179, 200
908612.3.peg.824.site.15, 95, 176, 271
908612.3.peg.824.site.16, 4, 180, 184
908612.3.peg.824.site.17, 8, 179, 187
908612.3.peg.824.site.18, 94, 175, 269
908612.3.peg.2607.site.1, 2, 180, 182
908612.3.peg.2607.site.2, 6, 180, 186
908612.3.peg.2607.site.3, 66, 174, 240
908612.3.peg.2607.site.4, 0, 180, 180
908612.3.peg.2607.site.5, 0, 180, 180
908612.3.peg.2607.site.6, 64, 173, 237
908612.3.peg.2607.site.7, 84, 172, 256
908612.3.peg.2607.site.8, 19, 179, 198
908612.3.peg.2607.site.9, 0, 179, 179
908612.3.peg.2607.site.10, 2, 180, 182
908612.3.peg.2607.site.11, 32, 177, 209
908612.3.peg.2607.site.12, 0, 180, 180
908612.3.peg.2607.site.13, 1, 179, 180
908612.3.peg.2607.site.14, 75, 178, 253
908612.3.peg.2607.site.15, 2, 178, 180
908612.3.peg.2607.site.16, 75, 173, 248
908612.3.peg.2607.site.17, 1, 180, 181
908612.3.peg.2607.site.18, 8, 178, 186
908612.3.peg.2607.site.19, 66, 173, 239
908612.3.peg.2607.site.20, 0, 180, 180
908612.3.peg.2607.site.21, 80, 175, 255
908612.3.peg.2607.site.22, 0, 179, 179
908612.3.peg.2607.site.23, 2, 177, 179
908612.3.peg.2607.site.24, 4, 139, 143
908612.3.peg.2607.site.25, 14, 131, 145
908612.3.peg.2607.site.26, 0, 146, 146
908612.3.peg.2607.site.27, 59, 151, 210
908612.3.peg.2607.site.28, 60, 153, 213
908612.3.peg.829.site.1, 0, 180, 180
908612.3.peg.829.site.2, 50, 176, 226
908612.3.peg.829.site.3, 49, 175, 224
908612.3.peg.829.site.4, 0, 177, 177
908612.3.peg.829.site.5, 51, 176, 227
908612.3.peg.829.site.6, 4, 179, 183
908612.3.peg.829.site.7, 18, 178, 196
908612.3.peg.829.site.8, 3, 179, 182
908612.3.peg.829.site.9, 32, 174, 206
908612.3.peg.829.site.10, 4, 177, 181
908612.3.peg.829.site.11, 56, 177, 233
908612.3.peg.829.site.12, 5, 179, 184
908612.3.peg.829.site.13, 1, 179, 180
908612.3.peg.829.site.14, 9, 179, 188
908612.3.peg.829.site.15, 23, 173, 196
908612.3.peg.829.site.16, 9, 174, 183
908612.3.peg.829.site.17, 0, 175, 175
908612.3.peg.829.site.18, 3, 178, 181
908612.3.peg.829.site.19, 52, 169, 221
908612.3.peg.829.site.20, 35, 174, 209
908612.3.peg.829.site.21, 35, 180, 215
908612.3.peg.829.site.22, 35, 179, 214
908612.3.peg.829.site.23, 3, 179, 182
908612.3.peg.829.site.24, 32, 177, 209
908612.3.peg.829.site.25, 1, 179, 180
908612.3.peg.829.site.26, 0, 179, 179
908612.3.peg.829.site.27, 2, 178, 180
908612.3.peg.829.site.28, 2, 179, 181
908612.3.peg.829.site.29, 6, 179, 185
908612.3.peg.829.site.30, 0, 177, 177
908612.3.peg.829.site.31, 0, 178, 178
908612.3.peg.829.site.32, 0, 178, 178
908612.3.peg.829.site.33, 7, 180, 187
908612.3.peg.829.site.34, 30, 176, 206
908612.3.peg.829.site.35, 6, 179, 185
908612.3.peg.829.site.36, 0, 179, 179
908612.3.peg.829.site.37, 29, 176, 205
908612.3.peg.829.site.38, 16, 164, 180
908612.3.peg.829.site.39, 11, 158, 169
908612.3.peg.829.site.40, 13, 158, 171
908612.3.peg.829.site.41, 17, 176, 193
908612.3.peg.829.site.42, 8, 180, 188
908612.3.peg.829.site.43, 7, 176, 183
908612.3.peg.829.site.44, 9, 178, 187
908612.3.peg.829.site.45, 1, 180, 181
908612.3.peg.829.site.46, 22, 180, 202
908612.3.peg.829.site.47, 18, 164, 182
908612.3.peg.829.site.48, 14, 159, 173
908612.3.peg.829.site.49, 13, 180, 193
908612.3.peg.828.site.1, 0, 166, 166
908612.3.peg.828.site.2, 13, 171, 184
908612.3.peg.828.site.3, 4, 166, 170
908612.3.peg.828.site.4, 50, 174, 224
908612.3.peg.828.site.5, 6, 172, 178
908612.3.peg.828.site.6, 13, 172, 185
908612.3.peg.828.site.7, 3, 174, 177
908612.3.peg.828.site.8, 4, 177, 181
908612.3.peg.828.site.9, 41, 176, 217
908612.3.peg.828.site.10, 3, 180, 183
908612.3.peg.828.site.11, 39, 178, 217
908612.3.peg.828.site.12, 43, 176, 219
908612.3.peg.828.site.13, 3, 179, 182
908612.3.peg.828.site.14, 45, 178, 223
908612.3.peg.828.site.15, 37, 179, 216
908612.3.peg.828.site.16, 4, 180, 184
908612.3.peg.828.site.17, 0, 178, 178
908612.3.peg.828.site.18, 42, 176, 218
908612.3.peg.828.site.19, 0, 178, 178
908612.3.peg.828.site.20, 0, 178, 178
908612.3.peg.828.site.21, 11, 178, 189
908612.3.peg.828.site.22, 1, 178, 179
908612.3.peg.828.site.23, 42, 176, 218
908612.3.peg.828.site.24, 2, 176, 178
908612.3.peg.828.site.25, 17, 171, 188
908612.3.peg.828.site.26, 42, 167, 209
908612.3.peg.828.site.27, 37, 171, 208
908612.3.peg.828.site.28, 2, 178, 180
908612.3.peg.828.site.29, 48, 173, 221
908612.3.peg.828.site.30, 48, 175, 223
908612.3.peg.828.site.31, 46, 168, 214
908612.3.peg.828.site.32, 1, 169, 170
908612.3.peg.828.site.33, 27, 178, 205
908612.3.peg.828.site.34, 1, 179, 180
908612.3.peg.828.site.35, 0, 180, 180
908612.3.peg.828.site.36, 8, 179, 187
908612.3.peg.828.site.37, 2, 178, 180
908612.3.peg.828.site.38, 10, 180, 190
908612.3.peg.828.site.39, 47, 170, 217
908612.3.peg.828.site.40, 9, 174, 183
908612.3.peg.828.site.41, 47, 167, 214
908612.3.peg.828.site.42, 35, 168, 203
908612.3.peg.2602.site.1, 1, 172, 173
908612.3.peg.2602.site.2, 2, 143, 145
908612.3.peg.2602.site.3, 6, 136, 142
908612.3.peg.2602.site.4, 2, 149, 151
908612.3.peg.2602.site.5, 111, 147, 258
908612.3.peg.2602.site.6, 108, 143, 251
908612.3.peg.2602.site.7, 135, 152, 287
908612.3.peg.2602.site.8, 24, 168, 192
908612.3.peg.2602.site.9, 0, 166, 166
908612.3.peg.2602.site.10, 91, 158, 249
908612.3.peg.2602.site.11, 3, 161, 164
908612.3.peg.2602.site.12, 2, 140, 142
908612.3.peg.2602.site.13, 5, 96, 101
908612.3.peg.2602.site.14, 13, 86, 99
908612.3.peg.2602.site.15, 30, 83, 113
908612.3.peg.2602.site.16, 11, 118, 129
908612.3.peg.2602.site.17, 2, 135, 137
908612.3.peg.2602.site.18, 43, 161, 204
908612.3.peg.2602.site.19, 11, 166, 177
908612.3.peg.2602.site.20, 1, 164, 165
908612.3.peg.2602.site.21, 64, 156, 220
908612.3.peg.2602.site.22, 28, 124, 152
908612.3.peg.2602.site.23, 36, 135, 171
908612.3.peg.1537.site.1, 0, 180, 180
908612.3.peg.1537.site.2, 1, 180, 181
908612.3.peg.1537.site.3, 1, 180, 181
908612.3.peg.1537.site.4, 4, 180, 184
908612.3.peg.1537.site.5, 61, 172, 233
908612.3.peg.1537.site.6, 3, 146, 149
908612.3.peg.1537.site.7, 6, 173, 179
908612.3.peg.1537.site.8, 9, 178, 187
908612.3.peg.1537.site.9, 49, 178, 227
908612.3.peg.1537.site.10, 8, 179, 187
908612.3.peg.1537.site.11, 2, 179, 181
908612.3.peg.1537.site.12, 36, 168, 204
908612.3.peg.1537.site.13, 9, 145, 154
908612.3.peg.1537.site.14, 40, 164, 204
908612.3.peg.1537.site.15, 54, 172, 226
908612.3.peg.1537.site.16, 22, 171, 193
908612.3.peg.1537.site.17, 1, 179, 180
908612.3.peg.1537.site.18, 22, 177, 199
908612.3.peg.1537.site.19, 1, 180, 181
908612.3.peg.1537.site.20, 46, 174, 220
908612.3.peg.1537.site.21, 0, 175, 175
908612.3.peg.2600.site.1, 7, 166, 173
908612.3.peg.2600.site.2, 5, 164, 169
908612.3.peg.2600.site.3, 6, 165, 171
908612.3.peg.2600.site.4, 2, 160, 162
908612.3.peg.2600.site.5, 2, 160, 162
908612.3.peg.2600.site.6, 3, 154, 157
908612.3.peg.2600.site.7, 1, 156, 157
908612.3.peg.2600.site.8, 2, 154, 156
908612.3.peg.2600.site.9, 4, 163, 167
908612.3.peg.2600.site.10, 0, 175, 175
908612.3.peg.2600.site.11, 20, 176, 196
908612.3.peg.2600.site.12, 107, 132, 239
908612.3.peg.2600.site.13, 30, 137, 167
908612.3.peg.2600.site.14, 2, 147, 149
908612.3.peg.2600.site.15, 54, 145, 199
908612.3.peg.2600.site.16, 29, 142, 171
908612.3.peg.2600.site.17, 5, 140, 145
908612.3.peg.2600.site.18, 4, 145, 149
908612.3.peg.2600.site.19, 28, 139, 167
908612.3.peg.2600.site.20, 124, 135, 259
908612.3.peg.2600.site.21, 1, 146, 147
908612.3.peg.2600.site.22, 2, 165, 167
908612.3.peg.2600.site.23, 1, 169, 170
908612.3.peg.2600.site.24, 1, 161, 162
908612.3.peg.2600.site.25, 85, 161, 246
908612.3.peg.2600.site.26, 2, 173, 175
908612.3.peg.2600.site.27, 3, 170, 173
908612.3.peg.2600.site.28, 1, 179, 180
908612.3.peg.2600.site.29, 0, 177, 177
908612.3.peg.2600.site.30, 29, 166, 195
908612.3.peg.2600.site.31, 2, 168, 170
908612.3.peg.2600.site.32, 28, 162, 190
908612.3.peg.2600.site.33, 68, 151, 219
908612.3.peg.2600.site.34, 5, 165, 170
908612.3.peg.2600.site.35, 3, 166, 169
908612.3.peg.2600.site.36, 0, 180, 180
908612.3.peg.2600.site.37, 0, 180, 180
908612.3.peg.2601.site.1, 2, 180, 182
908612.3.peg.2601.site.2, 0, 179, 179
908612.3.peg.2601.site.3, 0, 180, 180
908612.3.peg.2601.site.4, 3, 180, 183
908612.3.peg.2601.site.5, 0, 180, 180
908612.3.peg.2601.site.6, 2, 164, 166
908612.3.peg.2601.site.7, 0, 150, 150
908612.3.peg.2601.site.8, 54, 154, 208
908612.3.peg.2601.site.9, 1, 172, 173
908612.3.peg.2601.site.10, 9, 171, 180
908612.3.peg.2601.site.11, 1, 172, 173
908612.3.peg.2601.site.12, 0, 171, 171
908612.3.peg.2601.site.13, 88, 133, 221
908612.3.peg.2601.site.14, 123, 157, 280
908612.3.peg.2601.site.15, 125, 154, 279
908612.3.peg.2601.site.16, 7, 172, 179
908612.3.peg.2601.site.17, 51, 167, 218
908612.3.peg.2601.site.18, 0, 176, 176
908612.3.peg.2790.site.1, 0, 178, 178
908612.3.peg.2790.site.2, 5, 179, 184
908612.3.peg.2790.site.3, 0, 172, 172
908612.3.peg.2790.site.4, 25, 171, 196
908612.3.peg.2790.site.5, 23, 170, 193
908612.3.peg.2790.site.6, 1, 172, 173
908612.3.peg.2790.site.7, 4, 175, 179
908612.3.peg.2790.site.8, 22, 163, 185
908612.3.peg.2790.site.9, 1, 164, 165
908612.3.peg.2790.site.10, 163, 176, 339
908612.3.peg.2790.site.11, 4, 180, 184
908612.3.peg.2790.site.12, 17, 177, 194
908612.3.peg.2790.site.13, 7, 174, 181
908612.3.peg.2790.site.14, 70, 166, 236
908612.3.peg.2790.site.15, 85, 173, 258
908612.3.peg.2790.site.16, 1, 179, 180
908612.3.peg.2790.site.17, 0, 168, 168
908612.3.peg.2918.site.1, 2, 179, 181
908612.3.peg.2918.site.2, 55, 176, 231
908612.3.peg.2918.site.3, 0, 179, 179
908612.3.peg.2918.site.4, 2, 180, 182
908612.3.peg.2918.site.5, 12, 180, 192
908612.3.peg.2918.site.6, 1, 180, 181
908612.3.peg.2918.site.7, 4, 179, 183
908612.3.peg.2918.site.8, 3, 179, 182
908612.3.peg.2918.site.9, 4, 176, 180
908612.3.peg.2918.site.10, 120, 169, 289
908612.3.peg.2918.site.11, 1, 168, 169
908612.3.peg.2918.site.12, 0, 169, 169
908612.3.peg.2918.site.13, 1, 171, 172
908612.3.peg.2918.site.14, 5, 175, 180
908612.3.peg.2918.site.15, 101, 172, 273
908612.3.peg.2918.site.16, 92, 166, 258
908612.3.peg.2918.site.17, 15, 171, 186
908612.3.peg.2918.site.18, 5, 169, 174
908612.3.peg.2918.site.19, 11, 171, 182
908612.3.peg.2918.site.20, 1, 173, 174
908612.3.peg.2918.site.21, 6, 174, 180
908612.3.peg.2918.site.22, 1, 177, 178
908612.3.peg.2918.site.23, 28, 176, 204
908612.3.peg.2918.site.24, 1, 180, 181
908612.3.peg.2918.site.25, 1, 179, 180
908612.3.peg.2918.site.26, 1, 179, 180
908612.3.peg.2918.site.27, 6, 180, 186
908612.3.peg.2918.site.28, 49, 177, 226
908612.3.peg.2918.site.29, 72, 175, 247
908612.3.peg.2918.site.30, 70, 176, 246
908612.3.peg.2918.site.31, 162, 177, 339
908612.3.peg.2918.site.32, 2, 179, 181
908612.3.peg.2918.site.33, 16, 180, 196
908612.3.peg.2918.site.34, 66, 176, 242
908612.3.peg.2918.site.35, 0, 180, 180
908612.3.peg.2918.site.36, 95, 177, 272
908612.3.peg.2918.site.37, 1, 178, 179
908612.3.peg.2918.site.38, 6, 179, 185
908612.3.peg.1536.site.1, 2, 180, 182
908612.3.peg.1536.site.2, 90, 178, 268
908612.3.peg.1536.site.3, 38, 178, 216
908612.3.peg.1536.site.4, 85, 176, 261
908612.3.peg.1536.site.5, 31, 176, 207
908612.3.peg.1536.site.6, 31, 178, 209
908612.3.peg.1536.site.7, 24, 178, 202
908612.3.peg.1536.site.8, 0, 171, 171
908612.3.peg.1536.site.9, 1, 162, 163
908612.3.peg.1536.site.10, 49, 163, 212
908612.3.peg.1536.site.11, 2, 151, 153
908612.3.peg.1536.site.12, 4, 149, 153
908612.3.peg.1536.site.13, 2, 149, 151
908612.3.peg.1536.site.14, 0, 177, 177
908612.3.peg.1536.site.15, 28, 175, 203
908612.3.peg.1536.site.16, 30, 175, 205
908612.3.peg.1536.site.17, 22, 173, 195
908612.3.peg.1536.site.18, 2, 180, 182
908612.3.peg.2268.site.1, 27, 180, 207
908612.3.peg.2268.site.2, 27, 177, 204
908612.3.peg.2268.site.3, 7, 178, 185
908612.3.peg.2268.site.4, 8, 177, 185
908612.3.peg.2268.site.5, 0, 175, 175
908612.3.peg.2268.site.6, 1, 176, 177
908612.3.peg.2268.site.7, 0, 177, 177
908612.3.peg.2268.site.8, 17, 179, 196
908612.3.peg.2268.site.9, 1, 176, 177
908612.3.peg.2268.site.10, 3, 177, 180
908612.3.peg.2268.site.11, 0, 177, 177
908612.3.peg.2268.site.12, 0, 177, 177
908612.3.peg.2268.site.13, 132, 174, 306
908612.3.peg.2268.site.14, 27, 178, 205
908612.3.peg.2268.site.15, 4, 180, 184
908612.3.peg.2268.site.16, 35, 176, 211
908612.3.peg.2268.site.17, 18, 177, 195
908612.3.peg.2268.site.18, 1, 180, 181
908612.3.peg.2268.site.19, 45, 162, 207
908612.3.peg.2268.site.20, 59, 157, 216
908612.3.peg.2268.site.21, 53, 143, 196
908612.3.peg.2268.site.22, 29, 147, 176
908612.3.peg.2268.site.23, 45, 152, 197
908612.3.peg.2268.site.24, 44, 162, 206
908612.3.peg.2268.site.25, 20, 179, 199
908612.3.peg.2268.site.26, 29, 175, 204
908612.3.peg.2268.site.27, 1, 173, 174
908612.3.peg.2268.site.28, 86, 176, 262
908612.3.peg.2268.site.29, 0, 178, 178
908612.3.peg.2268.site.30, 2, 177, 179
908612.3.peg.2268.site.31, 0, 176, 176
908612.3.peg.2268.site.32, 52, 160, 212
908612.3.peg.2268.site.33, 1, 179, 180
908612.3.peg.2268.site.34, 13, 179, 192
908612.3.peg.2269.site.1, 0, 177, 177
908612.3.peg.2269.site.2, 10, 177, 187
908612.3.peg.2269.site.3, 10, 176, 186
908612.3.peg.2269.site.4, 98, 124, 222
908612.3.peg.2269.site.5, 7, 81, 88
908612.3.peg.2269.site.6, 38, 66, 104
908612.3.peg.2269.site.7, 7, 63, 70
908612.3.peg.2269.site.8, 7, 62, 69
908612.3.peg.2269.site.9, 26, 89, 115
908612.3.peg.2269.site.10, 30, 86, 116
908612.3.peg.2269.site.11, 10, 165, 175
908612.3.peg.2269.site.12, 19, 167, 186
908612.3.peg.2269.site.13, 0, 178, 178
908612.3.peg.2269.site.14, 0, 177, 177
908612.3.peg.2269.site.15, 8, 172, 180
908612.3.peg.2269.site.16, 11, 176, 187
908612.3.peg.2269.site.17, 88, 173, 261
908612.3.peg.2269.site.18, 115, 173, 288
908612.3.peg.2269.site.19, 91, 174, 265
908612.3.peg.2269.site.20, 7, 177, 184
908612.3.peg.2269.site.21, 6, 172, 178
908612.3.peg.2269.site.22, 1, 169, 170
908612.3.peg.2269.site.23, 2, 177, 179
908612.3.peg.2269.site.24, 17, 177, 194
908612.3.peg.2269.site.25, 27, 179, 206
908612.3.peg.2269.site.26, 25, 176, 201
908612.3.peg.2269.site.27, 29, 143, 172
908612.3.peg.2269.site.28, 1, 157, 158
908612.3.peg.2269.site.29, 2, 164, 166
908612.3.peg.2269.site.30, 28, 175, 203
908612.3.peg.2269.site.31, 33, 178, 211
908612.3.peg.2269.site.32, 8, 178, 186
908612.3.peg.2269.site.33, 3, 179, 182
908612.3.peg.2269.site.34, 0, 180, 180
908612.3.peg.2269.site.35, 5, 177, 182
908612.3.peg.2269.site.36, 6, 178, 184
908612.3.peg.2269.site.37, 9, 171, 180
908612.3.peg.2269.site.38, 1, 179, 180
908612.3.peg.2269.site.39, 0, 179, 179
908612.3.peg.2269.site.40, 1, 180, 181
908612.3.peg.2269.site.41, 52, 178, 230
908612.3.peg.2269.site.42, 36, 180, 216
908612.3.peg.2269.site.43, 1, 177, 178
908612.3.peg.2269.site.44, 2, 165, 167
908612.3.peg.2269.site.45, 0, 176, 176
908612.3.peg.2269.site.46, 1, 178, 179
908612.3.peg.2269.site.47, 0, 178, 178
908612.3.peg.2269.site.48, 6, 177, 183
908612.3.peg.2269.site.49, 6, 177, 183
908612.3.peg.2269.site.50, 27, 173, 200
908612.3.peg.2269.site.51, 50, 171, 221
908612.3.peg.2269.site.52, 13, 180, 193
908612.3.peg.2269.site.53, 2, 178, 180
908612.3.peg.2269.site.54, 2, 170, 172
908612.3.peg.2269.site.55, 3, 177, 180
908612.3.peg.2269.site.56, 9, 176, 185
908612.3.peg.2269.site.57, 13, 179, 192
908612.3.peg.2269.site.58, 12, 179, 191
908612.3.peg.2269.site.59, 0, 180, 180
908612.3.peg.2269.site.60, 0, 178, 178
908612.3.peg.2269.site.61, 81, 172, 253
908612.3.peg.2269.site.62, 0, 177, 177
908612.3.peg.2269.site.63, 32, 173, 205
908612.3.peg.2269.site.64, 0, 169, 169
908612.3.peg.2269.site.65, 0, 171, 171
908612.3.peg.2269.site.66, 6, 173, 179
908612.3.peg.2269.site.67, 0, 178, 178
908612.3.peg.2269.site.68, 5, 169, 174
908612.3.peg.2269.site.69, 2, 180, 182
908612.3.peg.2269.site.70, 2, 178, 180
908612.3.peg.2269.site.71, 64, 176, 240
908612.3.peg.2269.site.72, 79, 175, 254
908612.3.peg.2269.site.73, 48, 176, 224
908612.3.peg.2269.site.74, 0, 180, 180
908612.3.peg.2791.site.1, 130, 177, 307
908612.3.peg.2791.site.2, 20, 180, 200
908612.3.peg.2791.site.3, 116, 178, 294
908612.3.peg.2791.site.4, 2, 180, 182
908612.3.peg.2791.site.5, 19, 169, 188
908612.3.peg.2791.site.6, 49, 170, 219
908612.3.peg.2791.site.7, 49, 170, 219
908612.3.peg.2791.site.8, 50, 171, 221
908612.3.peg.2791.site.9, 52, 174, 226
908612.3.peg.2791.site.10, 3, 180, 183
908612.3.peg.2791.site.11, 5, 178, 183
908612.3.peg.2791.site.12, 32, 175, 207
908612.3.peg.2791.site.13, 84, 177, 261
908612.3.peg.2791.site.14, 2, 169, 171
908612.3.peg.2791.site.15, 0, 178, 178
908612.3.peg.2791.site.16, 5, 179, 184
908612.3.peg.2791.site.17, 35, 179, 214
908612.3.peg.2791.site.18, 43, 175, 218
908612.3.peg.2791.site.19, 25, 175, 200
908612.3.peg.2791.site.20, 23, 173, 196
908612.3.peg.2791.site.21, 24, 174, 198
908612.3.peg.2791.site.22, 2, 179, 181
908612.3.peg.2791.site.23, 2, 178, 180
908612.3.peg.2791.site.24, 8, 175, 183
908612.3.peg.2791.site.25, 74, 170, 244
908612.3.peg.2791.site.26, 0, 174, 174
908612.3.peg.2791.site.27, 23, 172, 195
908612.3.peg.2264.site.1, 23, 180, 203
908612.3.peg.2264.site.2, 0, 180, 180
908612.3.peg.2264.site.3, 70, 179, 249
908612.3.peg.2264.site.4, 1, 180, 181
908612.3.peg.2264.site.5, 1, 180, 181
908612.3.peg.2264.site.6, 17, 179, 196
908612.3.peg.2264.site.7, 39, 174, 213
908612.3.peg.2264.site.8, 24, 175, 199
908612.3.peg.2264.site.9, 41, 177, 218
908612.3.peg.2264.site.10, 27, 180, 207
908612.3.peg.2264.site.11, 26, 179, 205
908612.3.peg.2264.site.12, 4, 178, 182
908612.3.peg.2264.site.13, 112, 176, 288
908612.3.peg.2264.site.14, 5, 178, 183
908612.3.peg.2264.site.15, 0, 178, 178
908612.3.peg.2264.site.16, 1, 179, 180
908612.3.peg.2264.site.17, 1, 179, 180
908612.3.peg.2264.site.18, 2, 172, 174
908612.3.peg.2264.site.19, 27, 178, 205
908612.3.peg.2264.site.20, 1, 180, 181
908612.3.peg.2264.site.21, 15, 180, 195
908612.3.peg.2264.site.22, 9, 180, 189
908612.3.peg.2264.site.23, 19, 177, 196
908612.3.peg.2265.site.1, 0, 180, 180
908612.3.peg.2265.site.2, 0, 180, 180
908612.3.peg.2265.site.3, 12, 180, 192
908612.3.peg.2265.site.4, 22, 178, 200
908612.3.peg.2265.site.5, 10, 177, 187
908612.3.peg.2265.site.6, 5, 180, 185
908612.3.peg.2266.site.1, 4, 177, 181
908612.3.peg.2266.site.2, 1, 178, 179
908612.3.peg.2267.site.1, 4, 179, 183
908612.3.peg.2267.site.2, 23, 175, 198
908612.3.peg.2916.site.1, 69, 177, 246
908612.3.peg.2916.site.2, 130, 175, 305
908612.3.peg.2916.site.3, 30, 176, 206
908612.3.peg.2916.site.4, 100, 178, 278
908612.3.peg.2916.site.5, 19, 172, 191
908612.3.peg.2916.site.6, 18, 180, 198
908612.3.peg.2916.site.7, 75, 164, 239
908612.3.peg.2916.site.8, 1, 172, 173
908612.3.peg.2916.site.9, 21, 178, 199
908612.3.peg.2916.site.10, 0, 175, 175
908612.3.peg.2916.site.11, 74, 164, 238
908612.3.peg.2916.site.12, 1, 171, 172
908612.3.peg.2916.site.13, 0, 172, 172
908612.3.peg.2916.site.14, 0, 173, 173
908612.3.peg.2916.site.15, 4, 171, 175
908612.3.peg.2916.site.16, 1, 168, 169
908612.3.peg.2916.site.17, 54, 158, 212
908612.3.peg.2916.site.18, 26, 164, 190
908612.3.peg.2916.site.19, 53, 165, 218
908612.3.peg.2916.site.20, 38, 165, 203
908612.3.peg.2916.site.21, 1, 179, 180
908612.3.peg.2916.site.22, 9, 179, 188
908612.3.peg.2916.site.23, 0, 179, 179
908612.3.peg.2917.site.1, 8, 122, 130
908612.3.peg.2917.site.2, 0, 164, 164
908612.3.peg.2917.site.3, 0, 161, 161
908612.3.peg.2917.site.4, 71, 150, 221
908612.3.peg.2917.site.5, 0, 175, 175
908612.3.peg.2917.site.6, 22, 180, 202
908612.3.peg.2917.site.7, 2, 180, 182
908612.3.peg.2914.site.1, 8, 174, 182
908612.3.peg.2914.site.2, 88, 171, 259
908612.3.peg.2914.site.3, 6, 179, 185
908612.3.peg.2914.site.4, 13, 179, 192
908612.3.peg.2914.site.5, 34, 176, 210
908612.3.peg.2914.site.6, 2, 178, 180
908612.3.peg.2914.site.7, 2, 180, 182
908612.3.peg.2914.site.8, 4, 162, 166
908612.3.peg.2914.site.9, 2, 173, 175
908612.3.peg.2914.site.10, 0, 177, 177
908612.3.peg.2914.site.11, 16, 172, 188
908612.3.peg.2915.site.1, 0, 177, 177
908612.3.peg.2915.site.2, 6, 179, 185
908612.3.peg.2915.site.3, 1, 178, 179
908612.3.peg.2915.site.4, 0, 179, 179
908612.3.peg.2915.site.5, 52, 179, 231
908612.3.peg.2915.site.6, 0, 180, 180
908612.3.peg.2915.site.7, 0, 180, 180
908612.3.peg.2915.site.8, 0, 180, 180
908612.3.peg.2915.site.9, 69, 178, 247
908612.3.peg.2283.site.1, 5, 179, 184
908612.3.peg.2283.site.2, 13, 178, 191
908612.3.peg.2283.site.3, 127, 177, 304
908612.3.peg.2283.site.4, 0, 179, 179
908612.3.peg.2283.site.5, 126, 177, 303
908612.3.peg.2283.site.6, 127, 178, 305
908612.3.peg.2283.site.7, 5, 180, 185
908612.3.peg.2283.site.8, 1, 178, 179
908612.3.peg.2283.site.9, 128, 176, 304
908612.3.peg.2283.site.10, 112, 176, 288
908612.3.peg.2283.site.11, 116, 176, 292
908612.3.peg.2283.site.12, 1, 175, 176
908612.3.peg.2283.site.13, 117, 173, 290
908612.3.peg.2283.site.14, 82, 173, 255
908612.3.peg.2283.site.15, 109, 167, 276
908612.3.peg.2283.site.16, 111, 170, 281
908612.3.peg.2283.site.17, 8, 177, 185
908612.3.peg.2283.site.18, 119, 176, 295
908612.3.peg.2283.site.19, 120, 175, 295
908612.3.peg.2283.site.20, 3, 179, 182
908612.3.peg.2283.site.21, 117, 175, 292
908612.3.peg.2283.site.22, 1, 178, 179
908612.3.peg.2283.site.23, 1, 177, 178
908612.3.peg.2283.site.24, 118, 176, 294
908612.3.peg.2283.site.25, 119, 178, 297
908612.3.peg.2283.site.26, 2, 180, 182
908612.3.peg.2283.site.27, 0, 180, 180
908612.3.peg.2283.site.28, 1, 180, 181
908612.3.peg.2283.site.29, 52, 177, 229
908612.3.peg.2283.site.30, 46, 176, 222
908612.3.peg.2283.site.31, 56, 177, 233
908612.3.peg.2283.site.32, 0, 178, 178
908612.3.peg.2283.site.33, 7, 179, 186
908612.3.peg.2283.site.34, 60, 174, 234
908612.3.peg.2283.site.35, 3, 179, 182
908612.3.peg.2283.site.36, 86, 177, 263
908612.3.peg.2283.site.37, 7, 180, 187
908612.3.peg.2283.site.38, 131, 178, 309
908612.3.peg.2283.site.39, 131, 176, 307
908612.3.peg.2283.site.40, 70, 174, 244
908612.3.peg.2283.site.41, 2, 178, 180
908612.3.peg.2283.site.42, 1, 179, 180
908612.3.peg.2283.site.43, 1, 176, 177
908612.3.peg.2283.site.44, 128, 176, 304
908612.3.peg.2283.site.45, 2, 180, 182
908612.3.peg.2283.site.46, 138, 179, 317
908612.3.peg.2280.site.1, 7, 180, 187
908612.3.peg.2280.site.2, 8, 180, 188
908612.3.peg.2280.site.3, 94, 174, 268
908612.3.peg.2280.site.4, 3, 180, 183
908612.3.peg.2280.site.5, 50, 176, 226
908612.3.peg.2280.site.6, 50, 180, 230
908612.3.peg.2280.site.7, 30, 179, 209
908612.3.peg.2280.site.8, 6, 179, 185
908612.3.peg.2280.site.9, 31, 180, 211
908612.3.peg.2280.site.10, 1, 178, 179
908612.3.peg.2281.site.1, 1, 154, 155
908612.3.peg.2281.site.2, 1, 178, 179
908612.3.peg.2281.site.3, 7, 180, 187
908612.3.peg.2281.site.4, 7, 180, 187
908612.3.peg.2281.site.5, 0, 178, 178
908612.3.peg.2281.site.6, 1, 178, 179
908612.3.peg.2281.site.7, 24, 180, 204
908612.3.peg.2281.site.8, 100, 173, 273
908612.3.peg.2281.site.9, 7, 178, 185
908612.3.peg.2281.site.10, 4, 175, 179
908612.3.peg.2281.site.11, 19, 172, 191
908612.3.peg.2281.site.12, 7, 169, 176
908612.3.peg.2281.site.13, 116, 161, 277
908612.3.peg.2281.site.14, 2, 170, 172
908612.3.peg.2281.site.15, 3, 179, 182
908612.3.peg.2281.site.16, 30, 178, 208
908612.3.peg.2281.site.17, 6, 179, 185
908612.3.peg.2281.site.18, 14, 180, 194
908612.3.peg.2281.site.19, 32, 178, 210
908612.3.peg.2281.site.20, 2, 180, 182
908612.3.peg.2281.site.21, 0, 180, 180
908612.3.peg.2281.site.22, 108, 176, 284
908612.3.peg.2281.site.23, 0, 180, 180
908612.3.peg.2281.site.24, 12, 179, 191
908612.3.peg.2281.site.25, 0, 180, 180
908612.3.peg.2281.site.26, 1, 180, 181
908612.3.peg.2281.site.27, 2, 180, 182
908612.3.peg.2281.site.28, 4, 180, 184
908612.3.peg.2281.site.29, 7, 180, 187
908612.3.peg.2281.site.30, 7, 180, 187
908612.3.peg.2281.site.31, 100, 176, 276
908612.3.peg.2281.site.32, 0, 176, 176
908612.3.peg.2281.site.33, 0, 176, 176
908612.3.peg.2281.site.34, 120, 176, 296
908612.3.peg.2281.site.35, 16, 179, 195
908612.3.peg.2281.site.36, 99, 177, 276
908612.3.peg.2281.site.37, 102, 176, 278
908612.3.peg.2281.site.38, 99, 177, 276
908612.3.peg.2281.site.39, 2, 178, 180
908612.3.peg.2281.site.40, 103, 175, 278
908612.3.peg.2281.site.41, 109, 171, 280
908612.3.peg.2281.site.42, 98, 175, 273
908612.3.peg.2281.site.43, 103, 176, 279
908612.3.peg.2281.site.44, 4, 179, 183
908612.3.peg.2281.site.45, 4, 179, 183
908612.3.peg.2281.site.46, 6, 179, 185
908612.3.peg.2281.site.47, 1, 180, 181
908612.3.peg.2281.site.48, 144, 175, 319
908612.3.peg.2281.site.49, 139, 168, 307
908612.3.peg.2281.site.50, 11, 171, 182
908612.3.peg.2281.site.51, 8, 172, 180
908612.3.peg.2281.site.52, 3, 171, 174
908612.3.peg.2281.site.53, 10, 169, 179
908612.3.peg.2281.site.54, 4, 168, 172
908612.3.peg.2281.site.55, 15, 168, 183
908612.3.peg.2281.site.56, 38, 170, 208
908612.3.peg.2281.site.57, 12, 173, 185
908612.3.peg.2281.site.58, 99, 175, 274
908612.3.peg.2281.site.59, 5, 179, 184
908612.3.peg.2281.site.60, 23, 176, 199
908612.3.peg.2281.site.61, 23, 163, 186
908612.3.peg.2287.site.1, 64, 177, 241
908612.3.peg.2287.site.2, 2, 180, 182
908612.3.peg.2287.site.3, 37, 177, 214
908612.3.peg.2287.site.4, 14, 180, 194
908612.3.peg.2287.site.5, 103, 175, 278
908612.3.peg.2287.site.6, 35, 174, 209
908612.3.peg.2287.site.7, 58, 173, 231
908612.3.peg.2287.site.8, 1, 175, 176
908612.3.peg.2287.site.9, 2, 180, 182
908612.3.peg.2287.site.10, 111, 177, 288
908612.3.peg.2287.site.11, 111, 178, 289
908612.3.peg.2287.site.12, 103, 177, 280
908612.3.peg.2287.site.13, 109, 178, 287
908612.3.peg.2287.site.14, 101, 174, 275
908612.3.peg.2287.site.15, 102, 166, 268
908612.3.peg.2287.site.16, 11, 169, 180
908612.3.peg.2287.site.17, 140, 178, 318
908612.3.peg.2287.site.18, 2, 180, 182
908612.3.peg.2284.site.1, 5, 179, 184
908612.3.peg.2284.site.2, 0, 178, 178
908612.3.peg.2284.site.3, 7, 177, 184
908612.3.peg.2284.site.4, 71, 177, 248
908612.3.peg.2284.site.5, 67, 176, 243
908612.3.peg.2284.site.6, 1, 179, 180
908612.3.peg.2284.site.7, 54, 178, 232
908612.3.peg.2284.site.8, 16, 179, 195
908612.3.peg.2284.site.9, 13, 179, 192
908612.3.peg.2284.site.10, 5, 180, 185
908612.3.peg.2284.site.11, 2, 179, 181
908612.3.peg.2284.site.12, 11, 180, 191
908612.3.peg.2284.site.13, 55, 176, 231
908612.3.peg.2284.site.14, 68, 179, 247
908612.3.peg.2284.site.15, 0, 180, 180
908612.3.peg.2284.site.16, 40, 179, 219
908612.3.peg.2284.site.17, 2, 178, 180
908612.3.peg.2284.site.18, 4, 180, 184
908612.3.peg.2284.site.19, 0, 180, 180
908612.3.peg.2284.site.20, 0, 180, 180
908612.3.peg.2284.site.21, 1, 178, 179
908612.3.peg.2284.site.22, 0, 180, 180
908612.3.peg.2284.site.23, 27, 180, 207
908612.3.peg.2284.site.24, 27, 179, 206
908612.3.peg.2284.site.25, 36, 180, 216
908612.3.peg.2284.site.26, 25, 180, 205
908612.3.peg.2284.site.27, 13, 180, 193
908612.3.peg.2284.site.28, 26, 180, 206
908612.3.peg.2284.site.29, 0, 178, 178
908612.3.peg.2284.site.30, 58, 178, 236
908612.3.peg.2284.site.31, 33, 178, 211
908612.3.peg.2284.site.32, 1, 176, 177
908612.3.peg.2284.site.33, 1, 179, 180
908612.3.peg.2284.site.34, 63, 179, 242
908612.3.peg.2284.site.35, 2, 178, 180
908612.3.peg.2284.site.36, 4, 178, 182
908612.3.peg.2284.site.37, 30, 178, 208
908612.3.peg.2284.site.38, 92, 177, 269
908612.3.peg.2284.site.39, 3, 180, 183
908612.3.peg.2284.site.40, 2, 178, 180
908612.3.peg.2284.site.41, 1, 179, 180
908612.3.peg.2284.site.42, 0, 180, 180
908612.3.peg.2284.site.43, 17, 177, 194
908612.3.peg.2284.site.44, 91, 178, 269
908612.3.peg.2284.site.45, 1, 180, 181
908612.3.peg.2284.site.46, 59, 178, 237
908612.3.peg.2284.site.47, 0, 180, 180
908612.3.peg.2284.site.48, 14, 180, 194
908612.3.peg.2284.site.49, 0, 180, 180
908612.3.peg.2284.site.50, 45, 179, 224
908612.3.peg.2284.site.51, 15, 179, 194
908612.3.peg.2284.site.52, 20, 179, 199
908612.3.peg.2284.site.53, 1, 180, 181
908612.3.peg.2284.site.54, 14, 179, 193
908612.3.peg.2284.site.55, 1, 180, 181
908612.3.peg.2284.site.56, 22, 178, 200
908612.3.peg.2284.site.57, 4, 180, 184
908612.3.peg.2284.site.58, 94, 178, 272
908612.3.peg.2284.site.59, 2, 180, 182
908612.3.peg.2285.site.1, 1, 179, 180
908612.3.peg.2285.site.2, 145, 179, 324
908612.3.peg.2285.site.3, 29, 172, 201
908612.3.peg.2285.site.4, 37, 175, 212
908612.3.peg.2285.site.5, 1, 178, 179
908612.3.peg.2285.site.6, 24, 179, 203
908612.3.peg.2285.site.7, 2, 178, 180
908612.3.peg.2285.site.8, 17, 176, 193
908612.3.peg.2285.site.9, 26, 180, 206
908612.3.peg.2285.site.10, 60, 176, 236
908612.3.peg.2285.site.11, 25, 180, 205
908612.3.peg.2285.site.12, 0, 180, 180
908612.3.peg.2285.site.13, 26, 179, 205
908612.3.peg.2285.site.14, 0, 177, 177
908612.3.peg.2285.site.15, 27, 180, 207
908612.3.peg.2285.site.16, 15, 179, 194
908612.3.peg.2285.site.17, 40, 176, 216
908612.3.peg.2285.site.18, 27, 177, 204
908612.3.peg.2285.site.19, 0, 180, 180
908612.3.peg.2285.site.20, 4, 179, 183
908612.3.peg.2285.site.21, 12, 178, 190
908612.3.peg.2285.site.22, 1, 180, 181
908612.3.peg.2285.site.23, 0, 179, 179
908612.3.peg.2285.site.24, 7, 179, 186
908612.3.peg.2285.site.25, 135, 174, 309
908612.3.peg.2285.site.26, 135, 174, 309
908612.3.peg.2288.site.1, 140, 175, 315
908612.3.peg.2288.site.2, 31, 174, 205
908612.3.peg.2288.site.3, 84, 177, 261
908612.3.peg.2288.site.4, 69, 173, 242
908612.3.peg.2288.site.5, 2, 180, 182
908612.3.peg.2288.site.6, 30, 173, 203
908612.3.peg.2288.site.7, 20, 178, 198
908612.3.peg.2288.site.8, 2, 177, 179
908612.3.peg.2288.site.9, 3, 176, 179
908612.3.peg.2288.site.10, 38, 172, 210
908612.3.peg.2288.site.11, 110, 172, 282
908612.3.peg.2288.site.12, 3, 179, 182
908612.3.peg.2288.site.13, 2, 179, 181
908612.3.peg.2288.site.14, 3, 180, 183
908612.3.peg.2288.site.15, 131, 179, 310
908612.3.peg.2288.site.16, 82, 178, 260
908612.3.peg.2288.site.17, 11, 179, 190
908612.3.peg.2288.site.18, 0, 180, 180
908612.3.peg.2288.site.19, 2, 179, 181
908612.3.peg.2288.site.20, 2, 179, 181
908612.3.peg.2288.site.21, 1, 180, 181
908612.3.peg.2288.site.22, 4, 180, 184
908612.3.peg.2288.site.23, 13, 179, 192
908612.3.peg.2288.site.24, 0, 180, 180
908612.3.peg.2288.site.25, 27, 177, 204
908612.3.peg.2288.site.26, 3, 179, 182
908612.3.peg.2288.site.27, 2, 179, 181
908612.3.peg.2288.site.28, 16, 177, 193
908612.3.peg.2288.site.29, 2, 178, 180
908612.3.peg.2288.site.30, 5, 177, 182
908612.3.peg.2288.site.31, 3, 180, 183
908612.3.peg.2288.site.32, 33, 179, 212
908612.3.peg.2288.site.33, 4, 178, 182
908612.3.peg.2288.site.34, 119, 174, 293
908612.3.peg.2288.site.35, 3, 174, 177
908612.3.peg.2288.site.36, 1, 172, 173
908612.3.peg.2288.site.37, 108, 170, 278
908612.3.peg.2288.site.38, 14, 175, 189
908612.3.peg.2288.site.39, 14, 175, 189
908612.3.peg.2288.site.40, 3, 175, 178
908612.3.peg.2288.site.41, 2, 175, 177
908612.3.peg.2288.site.42, 6, 175, 181
908612.3.peg.2288.site.43, 128, 174, 302
908612.3.peg.2288.site.44, 5, 175, 180
908612.3.peg.2288.site.45, 6, 176, 182
908612.3.peg.2288.site.46, 2, 179, 181
908612.3.peg.2288.site.47, 2, 179, 181
908612.3.peg.2288.site.48, 2, 179, 181
908612.3.peg.2288.site.49, 2, 179, 181
908612.3.peg.2288.site.50, 5, 178, 183
908612.3.peg.2288.site.51, 3, 180, 183
908612.3.peg.2288.site.52, 9, 179, 188
908612.3.peg.2288.site.53, 0, 180, 180
908612.3.peg.2288.site.54, 118, 178, 296
908612.3.peg.2289.site.1, 0, 177, 177
908612.3.peg.2289.site.2, 1, 179, 180
908612.3.peg.2289.site.3, 0, 174, 174
908612.3.peg.2289.site.4, 175, 178, 353
908612.3.peg.2289.site.5, 1, 180, 181
908612.3.peg.2289.site.6, 85, 177, 262
908612.3.peg.2289.site.7, 26, 172, 198
908612.3.peg.2289.site.8, 160, 164, 324
908612.3.peg.2289.site.9, 2, 179, 181
908612.3.peg.2289.site.10, 3, 178, 181
908612.3.peg.2289.site.11, 24, 177, 201
908612.3.peg.2289.site.12, 15, 173, 188
908612.3.peg.2289.site.13, 4, 180, 184
908612.3.peg.2289.site.14, 1, 179, 180
908612.3.peg.2289.site.15, 117, 177, 294
908612.3.peg.2289.site.16, 3, 180, 183
908612.3.peg.2289.site.17, 3, 180, 183
908612.3.peg.2289.site.18, 1, 179, 180
908612.3.peg.2289.site.19, 3, 180, 183
908612.3.peg.2289.site.20, 8, 179, 187
908612.3.peg.2289.site.21, 63, 174, 237
908612.3.peg.2289.site.22, 30, 179, 209
908612.3.peg.2289.site.23, 30, 176, 206
908612.3.peg.2289.site.24, 141, 178, 319
908612.3.peg.2289.site.25, 1, 179, 180
908612.3.peg.2289.site.26, 34, 176, 210
908612.3.peg.2289.site.27, 14, 177, 191
908612.3.peg.2289.site.28, 0, 179, 179
908612.3.peg.2289.site.29, 34, 178, 212
908612.3.peg.2289.site.30, 5, 178, 183
908612.3.peg.2289.site.31, 2, 178, 180
908612.3.peg.2289.site.32, 2, 166, 168
908612.3.peg.2289.site.33, 25, 176, 201
908612.3.peg.2289.site.34, 30, 178, 208
908612.3.peg.2289.site.35, 14, 179, 193
908612.3.peg.2289.site.36, 0, 179, 179
908612.3.peg.2289.site.37, 54, 179, 233
908612.3.peg.2289.site.38, 11, 178, 189
908612.3.peg.2289.site.39, 3, 178, 181
908612.3.peg.2289.site.40, 19, 175, 194
908612.3.peg.2289.site.41, 0, 178, 178
908612.3.peg.2289.site.42, 3, 178, 181
908612.3.peg.2289.site.43, 1, 179, 180
908612.3.peg.2289.site.44, 1, 180, 181
908612.3.peg.2289.site.45, 1, 178, 179
908612.3.peg.2289.site.46, 26, 174, 200
908612.3.peg.2289.site.47, 1, 180, 181
908612.3.peg.2289.site.48, 0, 179, 179
908612.3.peg.2289.site.49, 0, 180, 180
908612.3.peg.2289.site.50, 1, 180, 181
908612.3.peg.2289.site.51, 43, 176, 219
908612.3.peg.2044.site.1, 3, 180, 183
908612.3.peg.2044.site.2, 1, 170, 171
908612.3.peg.2045.site.1, 1, 177, 178
908612.3.peg.2045.site.2, 0, 178, 178
908612.3.peg.2045.site.3, 0, 175, 175
908612.3.peg.2045.site.4, 0, 180, 180
908612.3.peg.2045.site.5, 2, 180, 182
908612.3.peg.2045.site.6, 0, 179, 179
908612.3.peg.2045.site.7, 2, 180, 182
908612.3.peg.2045.site.8, 76, 173, 249
908612.3.peg.2045.site.9, 0, 178, 178
908612.3.peg.2045.site.10, 91, 173, 264
908612.3.peg.2045.site.11, 53, 175, 228
908612.3.peg.2045.site.12, 7, 174, 181
908612.3.peg.2045.site.13, 83, 165, 248
908612.3.peg.2045.site.14, 9, 155, 164
908612.3.peg.2045.site.15, 10, 155, 165
908612.3.peg.2045.site.16, 3, 179, 182
908612.3.peg.2045.site.17, 2, 173, 175
908612.3.peg.2045.site.18, 1, 164, 165
908612.3.peg.2045.site.19, 66, 154, 220
908612.3.peg.2045.site.20, 5, 153, 158
908612.3.peg.2045.site.21, 58, 149, 207
908612.3.peg.2045.site.22, 60, 147, 207
908612.3.peg.2045.site.23, 10, 170, 180
908612.3.peg.2045.site.24, 0, 178, 178
908612.3.peg.2045.site.25, 1, 178, 179
908612.3.peg.2045.site.26, 0, 177, 177
908612.3.peg.2045.site.27, 8, 180, 188
908612.3.peg.2045.site.28, 161, 178, 339
908612.3.peg.2045.site.29, 6, 180, 186
908612.3.peg.2046.site.1, 0, 180, 180
908612.3.peg.2046.site.2, 1, 180, 181
908612.3.peg.2046.site.3, 1, 176, 177
908612.3.peg.2046.site.4, 0, 167, 167
908612.3.peg.2046.site.5, 0, 178, 178
908612.3.peg.2046.site.6, 7, 179, 186
908612.3.peg.2046.site.7, 6, 180, 186
908612.3.peg.2046.site.8, 0, 178, 178
908612.3.peg.2046.site.9, 102, 176, 278
908612.3.peg.2046.site.10, 0, 177, 177
908612.3.peg.2046.site.11, 4, 173, 177
908612.3.peg.2046.site.12, 3, 177, 180
908612.3.peg.2046.site.13, 1, 176, 177
908612.3.peg.2046.site.14, 106, 177, 283
908612.3.peg.2046.site.15, 2, 178, 180
908612.3.peg.2046.site.16, 1, 179, 180
908612.3.peg.2046.site.17, 0, 179, 179
908612.3.peg.2047.site.1, 2, 178, 180
908612.3.peg.2047.site.2, 106, 173, 279
908612.3.peg.2047.site.3, 154, 174, 328
908612.3.peg.2047.site.4, 0, 178, 178
908612.3.peg.2047.site.5, 114, 176, 290
908612.3.peg.2047.site.6, 18, 179, 197
908612.3.peg.2047.site.7, 45, 169, 214
908612.3.peg.2047.site.8, 0, 180, 180
908612.3.peg.2047.site.9, 5, 178, 183
908612.3.peg.2047.site.10, 154, 175, 329
908612.3.peg.2047.site.11, 2, 179, 181
908612.3.peg.2047.site.12, 67, 176, 243
908612.3.peg.2047.site.13, 2, 180, 182
908612.3.peg.2047.site.14, 2, 180, 182
908612.3.peg.2047.site.15, 2, 175, 177
908612.3.peg.2047.site.16, 0, 179, 179
908612.3.peg.2041.site.1, 10, 179, 189
908612.3.peg.2041.site.2, 53, 175, 228
908612.3.peg.2041.site.3, 66, 171, 237
908612.3.peg.2041.site.4, 148, 175, 323
908612.3.peg.2041.site.5, 4, 174, 178
908612.3.peg.2041.site.6, 5, 170, 175
908612.3.peg.2041.site.7, 0, 171, 171
908612.3.peg.2041.site.8, 3, 171, 174
908612.3.peg.2041.site.9, 46, 168, 214
908612.3.peg.2041.site.10, 5, 173, 178
908612.3.peg.2041.site.11, 1, 177, 178
908612.3.peg.2041.site.12, 65, 176, 241
908612.3.peg.2041.site.13, 3, 178, 181
908612.3.peg.2041.site.14, 7, 178, 185
908612.3.peg.2041.site.15, 4, 178, 182
908612.3.peg.2041.site.16, 9, 177, 186
908612.3.peg.2042.site.1, 118, 175, 293
908612.3.peg.2042.site.2, 41, 167, 208
908612.3.peg.2042.site.3, 33, 167, 200
908612.3.peg.2042.site.4, 0, 173, 173
908612.3.peg.2042.site.5, 0, 170, 170
908612.3.peg.2042.site.6, 0, 155, 155
908612.3.peg.2042.site.7, 111, 152, 263
908612.3.peg.2042.site.8, 0, 148, 148
908612.3.peg.2042.site.9, 0, 172, 172
908612.3.peg.2042.site.10, 50, 178, 228
908612.3.peg.2042.site.11, 3, 175, 178
908612.3.peg.2042.site.12, 43, 177, 220
908612.3.peg.2042.site.13, 2, 174, 176
908612.3.peg.2042.site.14, 2, 178, 180
908612.3.peg.2042.site.15, 143, 175, 318
908612.3.peg.2042.site.16, 36, 157, 193
908612.3.peg.2042.site.17, 44, 168, 212
908612.3.peg.2042.site.18, 40, 162, 202
908612.3.peg.2042.site.19, 7, 175, 182
908612.3.peg.2042.site.20, 0, 179, 179
908612.3.peg.2042.site.21, 0, 179, 179
908612.3.peg.2043.site.1, 1, 180, 181
908612.3.peg.2043.site.2, 0, 179, 179
908612.3.peg.2043.site.3, 4, 180, 184
908612.3.peg.2738.site.1, 0, 179, 179
908612.3.peg.2738.site.2, 2, 179, 181
908612.3.peg.2738.site.3, 1, 180, 181
908612.3.peg.2738.site.4, 3, 180, 183
908612.3.peg.2738.site.5, 18, 178, 196
908612.3.peg.2738.site.6, 2, 179, 181
908612.3.peg.2738.site.7, 3, 172, 175
908612.3.peg.2738.site.8, 28, 165, 193
908612.3.peg.2738.site.9, 3, 177, 180
908612.3.peg.2738.site.10, 8, 175, 183
908612.3.peg.2738.site.11, 4, 178, 182
908612.3.peg.2739.site.1, 133, 179, 312
908612.3.peg.2739.site.2, 90, 177, 267
908612.3.peg.2739.site.3, 115, 178, 293
908612.3.peg.2739.site.4, 0, 180, 180
908612.3.peg.2739.site.5, 3, 180, 183
908612.3.peg.2739.site.6, 3, 178, 181
908612.3.peg.2739.site.7, 0, 179, 179
908612.3.peg.2739.site.8, 0, 180, 180
908612.3.peg.2739.site.9, 2, 180, 182
908612.3.peg.2739.site.10, 1, 174, 175
908612.3.peg.2739.site.11, 58, 172, 230
908612.3.peg.2739.site.12, 13, 165, 178
908612.3.peg.2739.site.13, 0, 170, 170
908612.3.peg.2739.site.14, 27, 173, 200
908612.3.peg.2739.site.15, 0, 176, 176
908612.3.peg.2739.site.16, 6, 173, 179
908612.3.peg.2739.site.17, 129, 178, 307
908612.3.peg.2739.site.18, 57, 174, 231
908612.3.peg.2739.site.19, 6, 178, 184
908612.3.peg.2739.site.20, 143, 179, 322
908612.3.peg.2048.site.1, 0, 178, 178
908612.3.peg.2048.site.2, 25, 178, 203
908612.3.peg.2048.site.3, 0, 176, 176
908612.3.peg.2048.site.4, 5, 177, 182
908612.3.peg.2048.site.5, 1, 176, 177
908612.3.peg.2048.site.6, 1, 173, 174
908612.3.peg.2048.site.7, 0, 176, 176
908612.3.peg.2048.site.8, 69, 176, 245
908612.3.peg.2048.site.9, 9, 180, 189
908612.3.peg.2048.site.10, 75, 177, 252
908612.3.peg.2048.site.11, 74, 179, 253
908612.3.peg.2048.site.12, 1, 178, 179
908612.3.peg.2049.site.1, 2, 180, 182
908612.3.peg.2049.site.2, 8, 172, 180
908612.3.peg.2049.site.3, 59, 177, 236
908612.3.peg.2049.site.4, 11, 178, 189
908612.3.peg.2049.site.5, 30, 175, 205
908612.3.peg.2049.site.6, 5, 170, 175
908612.3.peg.2049.site.7, 79, 167, 246
908612.3.peg.2049.site.8, 13, 179, 192
908612.3.peg.2049.site.9, 5, 180, 185
908612.3.peg.1153.site.1, 4, 178, 182
908612.3.peg.1153.site.2, 9, 167, 176
908612.3.peg.1153.site.3, 9, 163, 172
908612.3.peg.1153.site.4, 2, 168, 170
908612.3.peg.1153.site.5, 4, 171, 175
908612.3.peg.1153.site.6, 6, 169, 175
908612.3.peg.1153.site.7, 31, 145, 176
908612.3.peg.1153.site.8, 66, 147, 213
908612.3.peg.1153.site.9, 20, 156, 176
908612.3.peg.1153.site.10, 32, 154, 186
908612.3.peg.1153.site.11, 0, 174, 174
908612.3.peg.1153.site.12, 6, 173, 179
908612.3.peg.1153.site.13, 0, 169, 169
908612.3.peg.1153.site.14, 6, 177, 183
908612.3.peg.1153.site.15, 0, 176, 176
908612.3.peg.1153.site.16, 5, 177, 182
908612.3.peg.1153.site.17, 0, 179, 179
908612.3.peg.1153.site.18, 136, 170, 306
908612.3.peg.1153.site.19, 123, 170, 293
908612.3.peg.1153.site.20, 28, 178, 206
908612.3.peg.1153.site.21, 28, 178, 206
908612.3.peg.1153.site.22, 0, 162, 162
908612.3.peg.1153.site.23, 9, 180, 189
908612.3.peg.1153.site.24, 154, 178, 332
908612.3.peg.1153.site.25, 0, 179, 179
908612.3.peg.1153.site.26, 0, 179, 179
908612.3.peg.1153.site.27, 4, 154, 158
908612.3.peg.1153.site.28, 14, 164, 178
908612.3.peg.1153.site.29, 70, 165, 235
908612.3.peg.1153.site.30, 7, 171, 178
908612.3.peg.1153.site.31, 0, 175, 175
908612.3.peg.1153.site.32, 8, 172, 180
908612.3.peg.1153.site.33, 8, 179, 187
908612.3.peg.1153.site.34, 8, 179, 187
908612.3.peg.1153.site.35, 73, 173, 246
908612.3.peg.1153.site.36, 74, 157, 231
908612.3.peg.1153.site.37, 42, 164, 206
908612.3.peg.1153.site.38, 0, 177, 177
908612.3.peg.1153.site.39, 0, 175, 175
908612.3.peg.1151.site.1, 4, 170, 174
908612.3.peg.1151.site.2, 1, 172, 173
908612.3.peg.1151.site.3, 0, 174, 174
908612.3.peg.1151.site.4, 9, 176, 185
908612.3.peg.1151.site.5, 2, 177, 179
908612.3.peg.1151.site.6, 35, 177, 212
908612.3.peg.1151.site.7, 11, 177, 188
908612.3.peg.1151.site.8, 3, 178, 181
908612.3.peg.1151.site.9, 35, 178, 213
908612.3.peg.1151.site.10, 0, 168, 168
908612.3.peg.1151.site.11, 0, 161, 161
908612.3.peg.1151.site.12, 0, 166, 166
908612.3.peg.1151.site.13, 22, 168, 190
908612.3.peg.1151.site.14, 32, 169, 201
908612.3.peg.1151.site.15, 3, 163, 166
908612.3.peg.1151.site.16, 3, 165, 168
908612.3.peg.1151.site.17, 31, 162, 193
908612.3.peg.1151.site.18, 7, 177, 184
908612.3.peg.1151.site.19, 31, 176, 207
908612.3.peg.1151.site.20, 10, 175, 185
908612.3.peg.1151.site.21, 2, 167, 169
908612.3.peg.1151.site.22, 0, 162, 162
908612.3.peg.1151.site.23, 34, 159, 193
908612.3.peg.1151.site.24, 5, 156, 161
908612.3.peg.1151.site.25, 5, 156, 161
908612.3.peg.1151.site.26, 0, 160, 160
908612.3.peg.1151.site.27, 17, 161, 178
908612.3.peg.1151.site.28, 18, 160, 178
908612.3.peg.1151.site.29, 8, 165, 173
908612.3.peg.1151.site.30, 0, 171, 171
908612.3.peg.1151.site.31, 5, 172, 177
908612.3.peg.1151.site.32, 28, 171, 199
908612.3.peg.1151.site.33, 30, 173, 203
908612.3.peg.1151.site.34, 9, 176, 185
908612.3.peg.1151.site.35, 39, 175, 214
908612.3.peg.1151.site.36, 18, 179, 197
908612.3.peg.1151.site.37, 3, 177, 180
908612.3.peg.1151.site.38, 7, 171, 178
908612.3.peg.1151.site.39, 7, 168, 175
908612.3.peg.1151.site.40, 1, 176, 177
908612.3.peg.1151.site.41, 7, 173, 180
908612.3.peg.1151.site.42, 2, 176, 178
908612.3.peg.1151.site.43, 1, 179, 180
908612.3.peg.1151.site.44, 0, 178, 178
908612.3.peg.1151.site.45, 1, 178, 179
908612.3.peg.1151.site.46, 36, 175, 211
908612.3.peg.1151.site.47, 2, 180, 182
908612.3.peg.1151.site.48, 11, 176, 187
908612.3.peg.1151.site.49, 10, 178, 188
908612.3.peg.1151.site.50, 3, 158, 161
908612.3.peg.1151.site.51, 0, 159, 159
908612.3.peg.1151.site.52, 6, 167, 173
908612.3.peg.1151.site.53, 146, 178, 324
908612.3.peg.1151.site.54, 4, 180, 184
908612.3.peg.1151.site.55, 6, 172, 178
908612.3.peg.1151.site.56, 9, 95, 104
908612.3.peg.1151.site.57, 0, 129, 129
908612.3.peg.1151.site.58, 1, 178, 179
908612.3.peg.1151.site.59, 3, 177, 180
908612.3.peg.1151.site.60, 32, 175, 207
908612.3.peg.1151.site.61, 0, 179, 179
908612.3.peg.1622.site.1, 24, 178, 202
908612.3.peg.1622.site.2, 17, 178, 195
908612.3.peg.1622.site.3, 4, 179, 183
908612.3.peg.1622.site.4, 3, 179, 182
908612.3.peg.1622.site.5, 1, 180, 181
908612.3.peg.1622.site.6, 3, 180, 183
908612.3.peg.1622.site.7, 26, 179, 205
908612.3.peg.1622.site.8, 74, 173, 247
908612.3.peg.1622.site.9, 1, 173, 174
908612.3.peg.1622.site.10, 7, 156, 163
908612.3.peg.1622.site.11, 32, 129, 161
908612.3.peg.1622.site.12, 25, 131, 156
908612.3.peg.1622.site.13, 41, 138, 179
908612.3.peg.1622.site.14, 1, 174, 175
908612.3.peg.1622.site.15, 56, 176, 232
908612.3.peg.1622.site.16, 23, 175, 198
908612.3.peg.1622.site.17, 72, 175, 247
908612.3.peg.1622.site.18, 58, 177, 235
908612.3.peg.1622.site.19, 42, 176, 218
908612.3.peg.1622.site.20, 47, 175, 222
908612.3.peg.1622.site.21, 3, 177, 180
908612.3.peg.1622.site.22, 40, 180, 220
908612.3.peg.1622.site.23, 3, 179, 182
908612.3.peg.1622.site.24, 3, 180, 183
908612.3.peg.1622.site.25, 84, 177, 261
908612.3.peg.1622.site.26, 26, 179, 205
908612.3.peg.1622.site.27, 2, 180, 182
908612.3.peg.1622.site.28, 25, 179, 204
908612.3.peg.1622.site.29, 0, 180, 180
908612.3.peg.1622.site.30, 0, 179, 179
908612.3.peg.1622.site.31, 14, 179, 193
908612.3.peg.1622.site.32, 51, 148, 199
908612.3.peg.1622.site.33, 52, 135, 187
908612.3.peg.1622.site.34, 0, 110, 110
908612.3.peg.1622.site.35, 31, 135, 166
908612.3.peg.1622.site.36, 55, 141, 196
908612.3.peg.1622.site.37, 63, 160, 223
908612.3.peg.1622.site.38, 46, 157, 203
908612.3.peg.1622.site.39, 14, 162, 176
908612.3.peg.1622.site.40, 6, 161, 167
908612.3.peg.1622.site.41, 48, 123, 171
908612.3.peg.1622.site.42, 25, 109, 134
908612.3.peg.1622.site.43, 8, 73, 81
908612.3.peg.1622.site.44, 8, 72, 80
908612.3.peg.1622.site.45, 14, 67, 81
908612.3.peg.1622.site.46, 2, 74, 76
908612.3.peg.1622.site.47, 3, 64, 67
908612.3.peg.1622.site.48, 30, 76, 106
908612.3.peg.1622.site.49, 56, 82, 138
908612.3.peg.1622.site.50, 85, 111, 196
908612.3.peg.1622.site.51, 3, 177, 180
908612.3.peg.1625.site.1, 73, 174, 247
908612.3.peg.1625.site.2, 1, 180, 181
908612.3.peg.1625.site.3, 4, 178, 182
908612.3.peg.1625.site.4, 7, 178, 185
908612.3.peg.1625.site.5, 3, 180, 183
908612.3.peg.1625.site.6, 61, 109, 170
908612.3.peg.1625.site.7, 118, 175, 293
908612.3.peg.1625.site.8, 111, 177, 288
908612.3.peg.1625.site.9, 0, 178, 178
908612.3.peg.1625.site.10, 112, 172, 284
908612.3.peg.1625.site.11, 109, 174, 283
908612.3.peg.1625.site.12, 6, 180, 186
908612.3.peg.1625.site.13, 42, 173, 215
908612.3.peg.1625.site.14, 6, 179, 185
908612.3.peg.1625.site.15, 0, 179, 179
908612.3.peg.1625.site.16, 30, 179, 209
908612.3.peg.1625.site.17, 1, 177, 178
908612.3.peg.1625.site.18, 23, 169, 192
908612.3.peg.1625.site.19, 9, 158, 167
908612.3.peg.1625.site.20, 5, 154, 159
908612.3.peg.1625.site.21, 2, 151, 153
908612.3.peg.1625.site.22, 32, 154, 186
908612.3.peg.1625.site.23, 18, 160, 178
908612.3.peg.1625.site.24, 2, 163, 165
908612.3.peg.1625.site.25, 21, 163, 184
908612.3.peg.1625.site.26, 7, 56, 63
908612.3.peg.1625.site.27, 1, 50, 51
908612.3.peg.1625.site.28, 4, 53, 57
908612.3.peg.1625.site.29, 20, 69, 89
908612.3.peg.1625.site.30, 51, 122, 173
908612.3.peg.1625.site.31, 26, 166, 192
908612.3.peg.1625.site.32, 24, 168, 192
908612.3.peg.1625.site.33, 19, 168, 187
908612.3.peg.1625.site.34, 18, 166, 184
908612.3.peg.1625.site.35, 21, 170, 191
908612.3.peg.1625.site.36, 25, 174, 199
908612.3.peg.1624.site.1, 22, 178, 200
908612.3.peg.1624.site.2, 24, 178, 202
908612.3.peg.1624.site.3, 1, 180, 181
908612.3.peg.1624.site.4, 11, 180, 191
908612.3.peg.1624.site.5, 180, 180, 360
908612.3.peg.759.site.1, 85, 178, 263
908612.3.peg.759.site.2, 0, 180, 180
908612.3.peg.759.site.3, 19, 178, 197
908612.3.peg.759.site.4, 43, 178, 221
908612.3.peg.759.site.5, 0, 180, 180
908612.3.peg.759.site.6, 1, 180, 181
908612.3.peg.759.site.7, 2, 179, 181
908612.3.peg.759.site.8, 0, 179, 179
908612.3.peg.759.site.9, 42, 175, 217
908612.3.peg.759.site.10, 49, 176, 225
908612.3.peg.759.site.11, 0, 180, 180
908612.3.peg.759.site.12, 3, 180, 183
908612.3.peg.759.site.13, 3, 180, 183
908612.3.peg.759.site.14, 3, 180, 183
908612.3.peg.759.site.15, 12, 179, 191
908612.3.peg.759.site.16, 6, 180, 186
908612.3.peg.759.site.17, 42, 178, 220
908612.3.peg.759.site.18, 0, 180, 180
908612.3.peg.759.site.19, 20, 178, 198
908612.3.peg.758.site.1, 3, 176, 179
908612.3.peg.758.site.2, 6, 168, 174
908612.3.peg.758.site.3, 3, 165, 168
908612.3.peg.758.site.4, 3, 163, 166
908612.3.peg.758.site.5, 1, 163, 164
908612.3.peg.758.site.6, 109, 161, 270
908612.3.peg.758.site.7, 17, 179, 196
908612.3.peg.758.site.8, 4, 179, 183
908612.3.peg.758.site.9, 4, 180, 184
908612.3.peg.758.site.10, 17, 179, 196
908612.3.peg.758.site.11, 99, 173, 272
908612.3.peg.758.site.12, 1, 164, 165
908612.3.peg.758.site.13, 6, 155, 161
908612.3.peg.758.site.14, 6, 145, 151
908612.3.peg.758.site.15, 17, 171, 188
908612.3.peg.758.site.16, 91, 158, 249
908612.3.peg.758.site.17, 6, 153, 159
908612.3.peg.758.site.18, 19, 176, 195
908612.3.peg.758.site.19, 6, 178, 184
908612.3.peg.758.site.20, 6, 179, 185
908612.3.peg.758.site.21, 0, 180, 180
908612.3.peg.758.site.22, 2, 179, 181
908612.3.peg.758.site.23, 3, 178, 181
908612.3.peg.758.site.24, 3, 179, 182
908612.3.peg.758.site.25, 18, 176, 194
908612.3.peg.758.site.26, 9, 177, 186
908612.3.peg.758.site.27, 121, 171, 292
908612.3.peg.758.site.28, 23, 172, 195
908612.3.peg.758.site.29, 20, 174, 194
908612.3.peg.758.site.30, 1, 179, 180
908612.3.peg.758.site.31, 1, 177, 178
908612.3.peg.758.site.32, 0, 177, 177
908612.3.peg.758.site.33, 6, 115, 121
908612.3.peg.758.site.34, 20, 127, 147
908612.3.peg.758.site.35, 2, 130, 132
908612.3.peg.758.site.36, 16, 137, 153
908612.3.peg.758.site.37, 105, 151, 256
908612.3.peg.758.site.38, 1, 152, 153
908612.3.peg.758.site.39, 1, 151, 152
908612.3.peg.758.site.40, 1, 165, 166
908612.3.peg.758.site.41, 0, 174, 174
908612.3.peg.758.site.42, 18, 178, 196
908612.3.peg.758.site.43, 5, 177, 182
908612.3.peg.758.site.44, 10, 177, 187
908612.3.peg.758.site.45, 100, 169, 269
908612.3.peg.758.site.46, 3, 179, 182
908612.3.peg.758.site.47, 60, 169, 229
908612.3.peg.758.site.48, 8, 179, 187
908612.3.peg.758.site.49, 1, 179, 180
908612.3.peg.758.site.50, 94, 178, 272
908612.3.peg.758.site.51, 3, 180, 183
908612.3.peg.758.site.52, 23, 178, 201
908612.3.peg.758.site.53, 2, 171, 173
908612.3.peg.758.site.54, 9, 173, 182
908612.3.peg.758.site.55, 8, 167, 175
908612.3.peg.758.site.56, 21, 172, 193
908612.3.peg.758.site.57, 60, 174, 234
908612.3.peg.758.site.58, 2, 178, 180
908612.3.peg.758.site.59, 6, 160, 166
908612.3.peg.758.site.60, 0, 169, 169
908612.3.peg.758.site.61, 6, 173, 179
908612.3.peg.758.site.62, 1, 164, 165
908612.3.peg.758.site.63, 17, 155, 172
908612.3.peg.758.site.64, 6, 177, 183
908612.3.peg.755.site.1, 2, 179, 181
908612.3.peg.755.site.2, 0, 180, 180
908612.3.peg.755.site.3, 98, 177, 275
908612.3.peg.755.site.4, 5, 179, 184
908612.3.peg.755.site.5, 98, 178, 276
908612.3.peg.755.site.6, 98, 175, 273
908612.3.peg.755.site.7, 97, 175, 272
908612.3.peg.754.site.1, 0, 177, 177
908612.3.peg.754.site.2, 77, 172, 249
908612.3.peg.754.site.3, 73, 167, 240
908612.3.peg.754.site.4, 4, 167, 171
908612.3.peg.754.site.5, 2, 174, 176
908612.3.peg.754.site.6, 29, 169, 198
908612.3.peg.754.site.7, 13, 78, 91
908612.3.peg.754.site.8, 7, 71, 78
908612.3.peg.754.site.9, 4, 83, 87
908612.3.peg.754.site.10, 4, 92, 96
908612.3.peg.754.site.11, 31, 96, 127
908612.3.peg.754.site.12, 13, 119, 132
908612.3.peg.754.site.13, 66, 130, 196
908612.3.peg.754.site.14, 72, 136, 208
908612.3.peg.754.site.15, 2, 148, 150
908612.3.peg.754.site.16, 3, 171, 174
908612.3.peg.754.site.17, 103, 170, 273
908612.3.peg.754.site.18, 96, 162, 258
908612.3.peg.754.site.19, 0, 158, 158
908612.3.peg.754.site.20, 93, 173, 266
908612.3.peg.754.site.21, 6, 180, 186
908612.3.peg.757.site.1, 0, 180, 180
908612.3.peg.757.site.2, 7, 180, 187
908612.3.peg.757.site.3, 5, 180, 185
908612.3.peg.757.site.4, 13, 177, 190
908612.3.peg.757.site.5, 11, 179, 190
908612.3.peg.757.site.6, 2, 176, 178
908612.3.peg.757.site.7, 10, 174, 184
908612.3.peg.757.site.8, 2, 176, 178
908612.3.peg.757.site.9, 6, 178, 184
908612.3.peg.757.site.10, 29, 178, 207
908612.3.peg.757.site.11, 53, 174, 227
908612.3.peg.757.site.12, 32, 179, 211
908612.3.peg.757.site.13, 21, 178, 199
908612.3.peg.757.site.14, 10, 174, 184
908612.3.peg.757.site.15, 77, 177, 254
908612.3.peg.757.site.16, 19, 179, 198
908612.3.peg.757.site.17, 12, 179, 191
908612.3.peg.757.site.18, 55, 173, 228
908612.3.peg.757.site.19, 54, 175, 229
908612.3.peg.757.site.20, 54, 175, 229
908612.3.peg.757.site.21, 1, 177, 178
908612.3.peg.757.site.22, 101, 167, 268
908612.3.peg.757.site.23, 130, 176, 306
908612.3.peg.757.site.24, 8, 179, 187
908612.3.peg.757.site.25, 0, 174, 174
908612.3.peg.757.site.26, 1, 174, 175
908612.3.peg.757.site.27, 140, 176, 316
908612.3.peg.757.site.28, 144, 177, 321
908612.3.peg.757.site.29, 108, 178, 286
908612.3.peg.757.site.30, 17, 179, 196
908612.3.peg.757.site.31, 17, 179, 196
908612.3.peg.757.site.32, 0, 179, 179
908612.3.peg.757.site.33, 88, 174, 262
908612.3.peg.757.site.34, 54, 176, 230
908612.3.peg.757.site.35, 106, 176, 282
908612.3.peg.757.site.36, 7, 179, 186
908612.3.peg.757.site.37, 2, 179, 181
908612.3.peg.757.site.38, 9, 164, 173
908612.3.peg.757.site.39, 0, 179, 179
908612.3.peg.756.site.1, 0, 165, 165
908612.3.peg.756.site.2, 5, 175, 180
908612.3.peg.756.site.3, 11, 176, 187
908612.3.peg.756.site.4, 0, 176, 176
908612.3.peg.756.site.5, 0, 176, 176
908612.3.peg.756.site.6, 0, 178, 178
908612.3.peg.756.site.7, 8, 179, 187
908612.3.peg.756.site.8, 6, 175, 181
908612.3.peg.756.site.9, 7, 166, 173
908612.3.peg.756.site.10, 2, 180, 182
908612.3.peg.756.site.11, 2, 180, 182
908612.3.peg.756.site.12, 0, 180, 180
908612.3.peg.756.site.13, 9, 179, 188
908612.3.peg.756.site.14, 0, 180, 180
908612.3.peg.756.site.15, 9, 179, 188
908612.3.peg.756.site.16, 42, 179, 221
908612.3.peg.756.site.17, 0, 180, 180
908612.3.peg.756.site.18, 2, 180, 182
908612.3.peg.756.site.19, 7, 180, 187
908612.3.peg.756.site.20, 4, 177, 181
908612.3.peg.756.site.21, 12, 177, 189
908612.3.peg.756.site.22, 7, 175, 182
908612.3.peg.756.site.23, 24, 172, 196
908612.3.peg.756.site.24, 85, 176, 261
908612.3.peg.756.site.25, 1, 180, 181
908612.3.peg.756.site.26, 83, 177, 260
908612.3.peg.756.site.27, 0, 172, 172
908612.3.peg.756.site.28, 10, 172, 182
908612.3.peg.756.site.29, 11, 169, 180
908612.3.peg.756.site.30, 1, 172, 173
908612.3.peg.756.site.31, 8, 179, 187
908612.3.peg.756.site.32, 15, 153, 168
908612.3.peg.756.site.33, 6, 137, 143
908612.3.peg.756.site.34, 0, 147, 147
908612.3.peg.751.site.1, 12, 179, 191
908612.3.peg.751.site.2, 1, 179, 180
908612.3.peg.751.site.3, 2, 180, 182
908612.3.peg.751.site.4, 1, 180, 181
908612.3.peg.751.site.5, 1, 179, 180
908612.3.peg.751.site.6, 51, 177, 228
908612.3.peg.751.site.7, 0, 179, 179
908612.3.peg.751.site.8, 92, 178, 270
908612.3.peg.751.site.9, 4, 179, 183
908612.3.peg.751.site.10, 27, 174, 201
908612.3.peg.751.site.11, 1, 180, 181
908612.3.peg.751.site.12, 2, 180, 182
908612.3.peg.751.site.13, 12, 178, 190
908612.3.peg.751.site.14, 0, 179, 179
908612.3.peg.750.site.1, 1, 178, 179
908612.3.peg.750.site.2, 1, 178, 179
908612.3.peg.750.site.3, 113, 156, 269
908612.3.peg.750.site.4, 84, 128, 212
908612.3.peg.750.site.5, 3, 140, 143
908612.3.peg.750.site.6, 48, 94, 142
908612.3.peg.750.site.7, 116, 164, 280
908612.3.peg.750.site.8, 1, 179, 180
908612.3.peg.750.site.9, 1, 178, 179
908612.3.peg.750.site.10, 1, 179, 180
908612.3.peg.750.site.11, 122, 175, 297
908612.3.peg.750.site.12, 124, 173, 297
908612.3.peg.750.site.13, 11, 178, 189
908612.3.peg.750.site.14, 1, 178, 179
908612.3.peg.750.site.15, 1, 179, 180
908612.3.peg.750.site.16, 121, 173, 294
908612.3.peg.750.site.17, 124, 177, 301
908612.3.peg.750.site.18, 1, 179, 180
908612.3.peg.750.site.19, 1, 179, 180
908612.3.peg.750.site.20, 121, 173, 294
908612.3.peg.750.site.21, 1, 179, 180
908612.3.peg.750.site.22, 1, 177, 178
908612.3.peg.750.site.23, 1, 175, 176
908612.3.peg.750.site.24, 1, 174, 175
908612.3.peg.750.site.25, 2, 169, 171
908612.3.peg.750.site.26, 122, 177, 299
908612.3.peg.750.site.27, 1, 180, 181
908612.3.peg.750.site.28, 8, 180, 188
908612.3.peg.750.site.29, 1, 179, 180
908612.3.peg.750.site.30, 122, 177, 299
908612.3.peg.750.site.31, 3, 178, 181
908612.3.peg.750.site.32, 61, 178, 239
908612.3.peg.750.site.33, 61, 177, 238
908612.3.peg.750.site.34, 20, 176, 196
908612.3.peg.750.site.35, 19, 175, 194
908612.3.peg.750.site.36, 65, 162, 227
908612.3.peg.750.site.37, 0, 171, 171
908612.3.peg.750.site.38, 16, 168, 184
908612.3.peg.750.site.39, 1, 175, 176
908612.3.peg.750.site.40, 1, 174, 175
908612.3.peg.750.site.41, 0, 173, 173
908612.3.peg.750.site.42, 0, 176, 176
908612.3.peg.750.site.43, 0, 166, 166
908612.3.peg.750.site.44, 3, 178, 181
908612.3.peg.750.site.45, 40, 179, 219
908612.3.peg.750.site.46, 8, 179, 187
908612.3.peg.750.site.47, 96, 171, 267
908612.3.peg.750.site.48, 12, 159, 171
908612.3.peg.753.site.1, 0, 180, 180
908612.3.peg.753.site.2, 71, 176, 247
908612.3.peg.753.site.3, 0, 178, 178
908612.3.peg.753.site.4, 55, 177, 232
908612.3.peg.753.site.5, 100, 178, 278
908612.3.peg.753.site.6, 63, 165, 228
908612.3.peg.753.site.7, 12, 166, 178
908612.3.peg.753.site.8, 0, 175, 175
908612.3.peg.753.site.9, 4, 179, 183
908612.3.peg.753.site.10, 7, 178, 185
908612.3.peg.753.site.11, 0, 179, 179
908612.3.peg.753.site.12, 1, 179, 180
908612.3.peg.753.site.13, 14, 178, 192
908612.3.peg.753.site.14, 0, 179, 179
908612.3.peg.753.site.15, 0, 179, 179
908612.3.peg.753.site.16, 84, 175, 259
908612.3.peg.753.site.17, 2, 179, 181
908612.3.peg.753.site.18, 1, 180, 181
908612.3.peg.753.site.19, 1, 180, 181
908612.3.peg.753.site.20, 0, 179, 179
908612.3.peg.753.site.21, 0, 179, 179
908612.3.peg.753.site.22, 4, 179, 183
908612.3.peg.753.site.23, 83, 175, 258
908612.3.peg.753.site.24, 28, 177, 205
908612.3.peg.752.site.1, 71, 156, 227
908612.3.peg.752.site.2, 32, 177, 209
908612.3.peg.752.site.3, 1, 179, 180
908612.3.peg.752.site.4, 3, 180, 183
908612.3.peg.752.site.5, 1, 180, 181
908612.3.peg.752.site.6, 1, 180, 181
908612.3.peg.752.site.7, 19, 178, 197
908612.3.peg.752.site.8, 0, 179, 179
908612.3.peg.752.site.9, 0, 179, 179
908612.3.peg.752.site.10, 11, 176, 187
908612.3.peg.752.site.11, 92, 174, 266
908612.3.peg.752.site.12, 1, 179, 180
908612.3.peg.752.site.13, 1, 177, 178
908612.3.peg.752.site.14, 27, 171, 198
908612.3.peg.752.site.15, 92, 176, 268
908612.3.peg.752.site.16, 13, 177, 190
908612.3.peg.752.site.17, 1, 178, 179
908612.3.peg.752.site.18, 15, 178, 193
908612.3.peg.752.site.19, 1, 177, 178
908612.3.peg.752.site.20, 85, 174, 259
908612.3.peg.752.site.21, 9, 177, 186
908612.3.peg.752.site.22, 90, 171, 261
908612.3.peg.752.site.23, 1, 165, 166
908612.3.peg.752.site.24, 1, 163, 164
908612.3.peg.752.site.25, 75, 158, 233
908612.3.peg.752.site.26, 77, 158, 235
908612.3.peg.752.site.27, 89, 170, 259
908612.3.peg.752.site.28, 67, 164, 231
908612.3.peg.752.site.29, 2, 169, 171
908612.3.peg.752.site.30, 1, 162, 163
908612.3.peg.752.site.31, 0, 171, 171
908612.3.peg.752.site.32, 0, 175, 175
908612.3.peg.752.site.33, 82, 173, 255
908612.3.peg.752.site.34, 2, 177, 179
908612.3.peg.752.site.35, 0, 180, 180
908612.3.peg.752.site.36, 1, 180, 181
908612.3.peg.752.site.37, 1, 180, 181
908612.3.peg.752.site.38, 0, 178, 178
908612.3.peg.752.site.39, 0, 180, 180
908612.3.peg.752.site.40, 2, 180, 182
908612.3.peg.689.site.1, 3, 175, 178
908612.3.peg.689.site.2, 18, 175, 193
908612.3.peg.689.site.3, 16, 178, 194
908612.3.peg.689.site.4, 16, 179, 195
908612.3.peg.689.site.5, 15, 177, 192
908612.3.peg.689.site.6, 5, 180, 185
908612.3.peg.689.site.7, 1, 180, 181
908612.3.peg.689.site.8, 6, 180, 186
908612.3.peg.689.site.9, 10, 179, 189
908612.3.peg.689.site.10, 5, 180, 185
908612.3.peg.689.site.11, 1, 180, 181
908612.3.peg.689.site.12, 3, 179, 182
908612.3.peg.689.site.13, 4, 177, 181
908612.3.peg.689.site.14, 0, 177, 177
908612.3.peg.689.site.15, 2, 171, 173
908612.3.peg.689.site.16, 38, 168, 206
908612.3.peg.689.site.17, 1, 172, 173
908612.3.peg.689.site.18, 1, 172, 173
908612.3.peg.689.site.19, 24, 170, 194
908612.3.peg.689.site.20, 0, 170, 170
908612.3.peg.689.site.21, 6, 162, 168
908612.3.peg.689.site.22, 5, 162, 167
908612.3.peg.689.site.23, 1, 165, 166
908612.3.peg.689.site.24, 1, 165, 166
908612.3.peg.689.site.25, 3, 165, 168
908612.3.peg.689.site.26, 63, 169, 232
908612.3.peg.689.site.27, 64, 170, 234
908612.3.peg.689.site.28, 6, 170, 176
908612.3.peg.689.site.29, 1, 170, 171
908612.3.peg.689.site.30, 0, 144, 144
908612.3.peg.689.site.31, 2, 166, 168
908612.3.peg.689.site.32, 2, 166, 168
908612.3.peg.689.site.33, 1, 167, 168
908612.3.peg.689.site.34, 1, 167, 168
908612.3.peg.689.site.35, 37, 164, 201
908612.3.peg.535.site.1, 0, 180, 180
908612.3.peg.535.site.2, 1, 180, 181
908612.3.peg.535.site.3, 26, 178, 204
908612.3.peg.535.site.4, 6, 180, 186
908612.3.peg.535.site.5, 21, 177, 198
908612.3.peg.535.site.6, 0, 180, 180
908612.3.peg.535.site.7, 2, 177, 179
908612.3.peg.535.site.8, 21, 176, 197
908612.3.peg.535.site.9, 22, 175, 197
908612.3.peg.535.site.10, 21, 174, 195
908612.3.peg.535.site.11, 1, 176, 177
908612.3.peg.535.site.12, 1, 169, 170
908612.3.peg.535.site.13, 6, 166, 172
908612.3.peg.535.site.14, 9, 167, 176
908612.3.peg.535.site.15, 56, 158, 214
908612.3.peg.535.site.16, 59, 161, 220
908612.3.peg.535.site.17, 21, 175, 196
908612.3.peg.535.site.18, 5, 178, 183
908612.3.peg.535.site.19, 3, 179, 182
908612.3.peg.535.site.20, 0, 180, 180
908612.3.peg.535.site.21, 4, 180, 184
908612.3.peg.535.site.22, 21, 176, 197
908612.3.peg.535.site.23, 76, 172, 248
908612.3.peg.535.site.24, 0, 178, 178
908612.3.peg.535.site.25, 60, 179, 239
908612.3.peg.535.site.26, 58, 176, 234
908612.3.peg.535.site.27, 21, 177, 198
908612.3.peg.535.site.28, 3, 180, 183
908612.3.peg.535.site.29, 80, 177, 257
908612.3.peg.535.site.30, 7, 176, 183
908612.3.peg.535.site.31, 73, 176, 249
908612.3.peg.535.site.32, 3, 180, 183
908612.3.peg.535.site.33, 0, 180, 180
908612.3.peg.535.site.34, 1, 180, 181
908612.3.peg.535.site.35, 0, 177, 177
908612.3.peg.535.site.36, 23, 169, 192
908612.3.peg.535.site.37, 21, 155, 176
908612.3.peg.535.site.38, 22, 164, 186
908612.3.peg.535.site.39, 23, 157, 180
908612.3.peg.535.site.40, 3, 175, 178
908612.3.peg.535.site.41, 3, 178, 181
908612.3.peg.535.site.42, 1, 180, 181
908612.3.peg.535.site.43, 94, 173, 267
908612.3.peg.535.site.44, 4, 151, 155
908612.3.peg.535.site.45, 2, 156, 158
908612.3.peg.535.site.46, 0, 155, 155
908612.3.peg.535.site.47, 70, 151, 221
908612.3.peg.535.site.48, 2, 154, 156
908612.3.peg.535.site.49, 4, 151, 155
908612.3.peg.535.site.50, 2, 152, 154
908612.3.peg.535.site.51, 10, 146, 156
908612.3.peg.535.site.52, 9, 146, 155
908612.3.peg.535.site.53, 0, 146, 146
908612.3.peg.535.site.54, 0, 152, 152
908612.3.peg.534.site.1, 0, 7, 7
908612.3.peg.534.site.2, 83, 109, 192
908612.3.peg.534.site.3, 102, 141, 243
908612.3.peg.534.site.4, 126, 177, 303
908612.3.peg.534.site.5, 19, 178, 197
908612.3.peg.534.site.6, 7, 125, 132
908612.3.peg.534.site.7, 1, 116, 117
908612.3.peg.534.site.8, 1, 117, 118
908612.3.peg.534.site.9, 1, 117, 118
908612.3.peg.534.site.10, 1, 115, 116
908612.3.peg.534.site.11, 7, 119, 126
908612.3.peg.534.site.12, 56, 170, 226
908612.3.peg.534.site.13, 87, 162, 249
908612.3.peg.534.site.14, 43, 120, 163
908612.3.peg.534.site.15, 6, 85, 91
908612.3.peg.534.site.16, 1, 98, 99
908612.3.peg.534.site.17, 50, 107, 157
908612.3.peg.534.site.18, 6, 115, 121
908612.3.peg.534.site.19, 5, 114, 119
908612.3.peg.534.site.20, 68, 140, 208
908612.3.peg.534.site.21, 73, 144, 217
908612.3.peg.534.site.22, 49, 153, 202
908612.3.peg.534.site.23, 60, 175, 235
908612.3.peg.534.site.24, 9, 174, 183
908612.3.peg.534.site.25, 0, 174, 174
908612.3.peg.534.site.26, 14, 176, 190
908612.3.peg.534.site.27, 37, 174, 211
908612.3.peg.534.site.28, 0, 177, 177
908612.3.peg.534.site.29, 49, 176, 225
908612.3.peg.534.site.30, 20, 177, 197
908612.3.peg.534.site.31, 0, 176, 176
908612.3.peg.534.site.32, 8, 180, 188
908612.3.peg.534.site.33, 52, 176, 228
908612.3.peg.534.site.34, 36, 174, 210
908612.3.peg.534.site.35, 35, 175, 210
908612.3.peg.534.site.36, 8, 180, 188
908612.3.peg.534.site.37, 36, 178, 214
908612.3.peg.534.site.38, 11, 174, 185
908612.3.peg.534.site.39, 8, 167, 175
908612.3.peg.534.site.40, 0, 168, 168
908612.3.peg.534.site.41, 12, 150, 162
908612.3.peg.534.site.42, 9, 133, 142
908612.3.peg.534.site.43, 11, 133, 144
908612.3.peg.534.site.44, 1, 119, 120
908612.3.peg.534.site.45, 1, 135, 136
908612.3.peg.534.site.46, 42, 133, 175
908612.3.peg.534.site.47, 58, 169, 227
908612.3.peg.534.site.48, 50, 152, 202
908612.3.peg.534.site.49, 47, 146, 193
908612.3.peg.534.site.50, 3, 148, 151
908612.3.peg.534.site.51, 42, 141, 183
908612.3.peg.534.site.52, 46, 142, 188
908612.3.peg.534.site.53, 2, 163, 165
908612.3.peg.534.site.54, 117, 161, 278
908612.3.peg.534.site.55, 0, 158, 158
908612.3.peg.537.site.1, 0, 178, 178
908612.3.peg.537.site.2, 6, 174, 180
908612.3.peg.537.site.3, 30, 159, 189
908612.3.peg.537.site.4, 1, 169, 170
908612.3.peg.537.site.5, 2, 171, 173
908612.3.peg.537.site.6, 3, 170, 173
908612.3.peg.537.site.7, 1, 179, 180
908612.3.peg.537.site.8, 4, 178, 182
908612.3.peg.537.site.9, 26, 176, 202
908612.3.peg.537.site.10, 30, 177, 207
908612.3.peg.537.site.11, 0, 178, 178
908612.3.peg.537.site.12, 23, 179, 202
908612.3.peg.537.site.13, 10, 178, 188
908612.3.peg.537.site.14, 3, 179, 182
908612.3.peg.537.site.15, 0, 177, 177
908612.3.peg.537.site.16, 0, 177, 177
908612.3.peg.537.site.17, 4, 173, 177
908612.3.peg.537.site.18, 1, 138, 139
908612.3.peg.537.site.19, 0, 159, 159
908612.3.peg.537.site.20, 0, 157, 157
908612.3.peg.537.site.21, 0, 159, 159
908612.3.peg.537.site.22, 0, 145, 145
908612.3.peg.537.site.23, 0, 134, 134
908612.3.peg.537.site.24, 1, 133, 134
908612.3.peg.537.site.25, 1, 136, 137
908612.3.peg.537.site.26, 11, 132, 143
908612.3.peg.537.site.27, 5, 152, 157
908612.3.peg.537.site.28, 6, 162, 168
908612.3.peg.537.site.29, 7, 175, 182
908612.3.peg.537.site.30, 3, 173, 176
908612.3.peg.537.site.31, 3, 168, 171
908612.3.peg.537.site.32, 6, 145, 151
908612.3.peg.537.site.33, 1, 142, 143
908612.3.peg.537.site.34, 1, 144, 145
908612.3.peg.537.site.35, 27, 142, 169
908612.3.peg.537.site.36, 5, 158, 163
908612.3.peg.537.site.37, 1, 161, 162
908612.3.peg.537.site.38, 0, 169, 169
908612.3.peg.537.site.39, 6, 168, 174
908612.3.peg.537.site.40, 17, 169, 186
908612.3.peg.537.site.41, 2, 173, 175
908612.3.peg.537.site.42, 153, 179, 332
908612.3.peg.537.site.43, 1, 180, 181
908612.3.peg.536.site.1, 7, 155, 162
908612.3.peg.536.site.2, 10, 171, 181
908612.3.peg.536.site.3, 31, 173, 204
908612.3.peg.536.site.4, 0, 175, 175
908612.3.peg.536.site.5, 5, 175, 180
908612.3.peg.536.site.6, 45, 172, 217
908612.3.peg.536.site.7, 5, 176, 181
908612.3.peg.536.site.8, 2, 176, 178
908612.3.peg.536.site.9, 20, 174, 194
908612.3.peg.536.site.10, 10, 179, 189
908612.3.peg.536.site.11, 3, 175, 178
908612.3.peg.536.site.12, 2, 173, 175
908612.3.peg.536.site.13, 53, 154, 207
908612.3.peg.536.site.14, 29, 130, 159
908612.3.peg.536.site.15, 5, 175, 180
908612.3.peg.536.site.16, 89, 175, 264
908612.3.peg.536.site.17, 84, 175, 259
908612.3.peg.536.site.18, 1, 176, 177
908612.3.peg.536.site.19, 80, 172, 252
908612.3.peg.536.site.20, 2, 175, 177
908612.3.peg.536.site.21, 28, 173, 201
908612.3.peg.536.site.22, 53, 174, 227
908612.3.peg.536.site.23, 0, 163, 163
908612.3.peg.536.site.24, 0, 165, 165
908612.3.peg.536.site.25, 3, 166, 169
908612.3.peg.536.site.26, 65, 170, 235
908612.3.peg.536.site.27, 0, 177, 177
908612.3.peg.536.site.28, 0, 176, 176
908612.3.peg.536.site.29, 111, 173, 284
908612.3.peg.536.site.30, 1, 178, 179
908612.3.peg.536.site.31, 36, 176, 212
908612.3.peg.536.site.32, 48, 177, 225
908612.3.peg.536.site.33, 111, 175, 286
908612.3.peg.536.site.34, 30, 178, 208
908612.3.peg.536.site.35, 0, 174, 174
908612.3.peg.536.site.36, 3, 179, 182
908612.3.peg.536.site.37, 2, 176, 178
908612.3.peg.536.site.38, 10, 175, 185
908612.3.peg.536.site.39, 2, 175, 177
908612.3.peg.536.site.40, 1, 174, 175
908612.3.peg.536.site.41, 41, 172, 213
908612.3.peg.536.site.42, 1, 159, 160
908612.3.peg.536.site.43, 59, 155, 214
908612.3.peg.536.site.44, 1, 154, 155
908612.3.peg.536.site.45, 27, 79, 106
908612.3.peg.536.site.46, 7, 82, 89
908612.3.peg.536.site.47, 0, 74, 74
908612.3.peg.536.site.48, 0, 85, 85
908612.3.peg.536.site.49, 1, 175, 176
908612.3.peg.531.site.1, 4, 136, 140
908612.3.peg.531.site.2, 1, 152, 153
908612.3.peg.531.site.3, 16, 157, 173
908612.3.peg.531.site.4, 17, 159, 176
908612.3.peg.531.site.5, 0, 170, 170
908612.3.peg.531.site.6, 12, 173, 185
908612.3.peg.531.site.7, 10, 174, 184
908612.3.peg.531.site.8, 0, 173, 173
908612.3.peg.531.site.9, 31, 176, 207
908612.3.peg.531.site.10, 30, 178, 208
908612.3.peg.531.site.11, 6, 179, 185
908612.3.peg.530.site.1, 144, 167, 311
908612.3.peg.530.site.2, 46, 170, 216
908612.3.peg.530.site.3, 0, 177, 177
908612.3.peg.530.site.4, 16, 179, 195
908612.3.peg.530.site.5, 34, 179, 213
908612.3.peg.530.site.6, 10, 179, 189
908612.3.peg.530.site.7, 149, 178, 327
908612.3.peg.530.site.8, 0, 180, 180
908612.3.peg.530.site.9, 33, 177, 210
908612.3.peg.530.site.10, 87, 177, 264
908612.3.peg.530.site.11, 5, 179, 184
908612.3.peg.538.site.1, 2, 180, 182
908612.3.peg.538.site.2, 151, 179, 330
908612.3.peg.538.site.3, 8, 178, 186
908612.3.peg.538.site.4, 0, 179, 179
908612.3.peg.538.site.5, 62, 177, 239
908612.3.peg.538.site.6, 2, 176, 178
908612.3.peg.538.site.7, 102, 174, 276
908612.3.peg.538.site.8, 99, 174, 273
908612.3.peg.538.site.9, 2, 177, 179
908612.3.peg.538.site.10, 118, 165, 283
908612.3.peg.538.site.11, 41, 165, 206
908612.3.peg.538.site.12, 0, 176, 176
908612.3.peg.538.site.13, 68, 176, 244
908612.3.peg.538.site.14, 0, 178, 178
908612.3.peg.2566.site.1, 1, 82, 83
908612.3.peg.2566.site.2, 2, 80, 82
908612.3.peg.2566.site.3, 2, 60, 62
908612.3.peg.2566.site.4, 8, 55, 63
908612.3.peg.2566.site.5, 4, 52, 56
908612.3.peg.2566.site.6, 5, 52, 57
908612.3.peg.2566.site.7, 7, 67, 74
908612.3.peg.2566.site.8, 2, 176, 178
908612.3.peg.2566.site.9, 1, 174, 175
908612.3.peg.2566.site.10, 2, 173, 175
908612.3.peg.2566.site.11, 3, 142, 145
908612.3.peg.2566.site.12, 29, 64, 93
908612.3.peg.2566.site.13, 16, 52, 68
908612.3.peg.2566.site.14, 29, 64, 93
908612.3.peg.2566.site.15, 2, 155, 157
908612.3.peg.2566.site.16, 7, 176, 183
908612.3.peg.2566.site.17, 2, 179, 181
908612.3.peg.2566.site.18, 145, 178, 323
908612.3.peg.2566.site.19, 0, 179, 179
908612.3.peg.2566.site.20, 15, 176, 191
908612.3.peg.2566.site.21, 3, 170, 173
908612.3.peg.2566.site.22, 1, 157, 158
908612.3.peg.2566.site.23, 2, 164, 166
908612.3.peg.2566.site.24, 122, 160, 282
908612.3.peg.2566.site.25, 102, 157, 259
908612.3.peg.2566.site.26, 13, 173, 186
908612.3.peg.2566.site.27, 116, 160, 276
908612.3.peg.2566.site.28, 88, 133, 221
908612.3.peg.2566.site.29, 55, 98, 153
908612.3.peg.2566.site.30, 99, 145, 244
908612.3.peg.2566.site.31, 1, 162, 163
908612.3.peg.2566.site.32, 121, 165, 286
908612.3.peg.2566.site.33, 4, 170, 174
908612.3.peg.2566.site.34, 3, 171, 174
908612.3.peg.2566.site.35, 3, 171, 174
908612.3.peg.2566.site.36, 126, 174, 300
908612.3.peg.2566.site.37, 126, 174, 300
908612.3.peg.2566.site.38, 5, 180, 185
908612.3.peg.2566.site.39, 133, 180, 313
908612.3.peg.324.site.1, 16, 179, 195
908612.3.peg.324.site.2, 17, 180, 197
908612.3.peg.324.site.3, 9, 179, 188
908612.3.peg.324.site.4, 11, 177, 188
908612.3.peg.324.site.5, 2, 180, 182
908612.3.peg.324.site.6, 0, 180, 180
908612.3.peg.324.site.7, 66, 177, 243
908612.3.peg.324.site.8, 3, 178, 181
908612.3.peg.324.site.9, 100, 177, 277
908612.3.peg.324.site.10, 52, 175, 227
908612.3.peg.324.site.11, 4, 178, 182
908612.3.peg.324.site.12, 24, 178, 202
908612.3.peg.324.site.13, 0, 180, 180
908612.3.peg.324.site.14, 2, 180, 182
908612.3.peg.324.site.15, 1, 179, 180
908612.3.peg.324.site.16, 71, 177, 248
908612.3.peg.324.site.17, 54, 178, 232
908612.3.peg.324.site.18, 55, 176, 231
908612.3.peg.324.site.19, 0, 180, 180
908612.3.peg.324.site.20, 13, 178, 191
908612.3.peg.324.site.21, 64, 180, 244
908612.3.peg.324.site.22, 57, 179, 236
908612.3.peg.324.site.23, 11, 178, 189
908612.3.peg.324.site.24, 3, 179, 182
908612.3.peg.324.site.25, 74, 177, 251
908612.3.peg.324.site.26, 73, 177, 250
908612.3.peg.324.site.27, 0, 179, 179
908612.3.peg.30.site.1, 0, 170, 170
908612.3.peg.30.site.2, 12, 160, 172
908612.3.peg.30.site.3, 86, 159, 245
908612.3.peg.30.site.4, 53, 150, 203
908612.3.peg.30.site.5, 2, 159, 161
908612.3.peg.30.site.6, 9, 152, 161
908612.3.peg.30.site.7, 1, 148, 149
908612.3.peg.30.site.8, 83, 125, 208
908612.3.peg.30.site.9, 79, 129, 208
908612.3.peg.30.site.10, 1, 134, 135
908612.3.peg.30.site.11, 18, 140, 158
908612.3.peg.30.site.12, 17, 141, 158
908612.3.peg.30.site.13, 3, 136, 139
908612.3.peg.30.site.14, 87, 139, 226
908612.3.peg.30.site.15, 92, 139, 231
908612.3.peg.30.site.16, 0, 155, 155
908612.3.peg.30.site.17, 3, 160, 163
908612.3.peg.30.site.18, 101, 161, 262
908612.3.peg.30.site.19, 6, 156, 162
908612.3.peg.30.site.20, 1, 142, 143
908612.3.peg.30.site.21, 2, 144, 146
908612.3.peg.30.site.22, 8, 161, 169
908612.3.peg.30.site.23, 6, 171, 177
908612.3.peg.30.site.24, 18, 165, 183
908612.3.peg.30.site.25, 107, 158, 265
908612.3.peg.30.site.26, 7, 171, 178
908612.3.peg.30.site.27, 135, 166, 301
908612.3.peg.30.site.28, 5, 164, 169
908612.3.peg.30.site.29, 1, 163, 164
908612.3.peg.30.site.30, 2, 176, 178
908612.3.peg.30.site.31, 30, 176, 206
908612.3.peg.30.site.32, 46, 173, 219
908612.3.peg.30.site.33, 4, 174, 178
908612.3.peg.30.site.34, 101, 150, 251
908612.3.peg.30.site.35, 5, 170, 175
908612.3.peg.30.site.36, 2, 167, 169
908612.3.peg.30.site.37, 116, 167, 283
908612.3.peg.30.site.38, 0, 168, 168
908612.3.peg.30.site.39, 69, 120, 189
908612.3.peg.30.site.40, 45, 99, 144
908612.3.peg.30.site.41, 52, 88, 140
908612.3.peg.30.site.42, 0, 129, 129
908612.3.peg.30.site.43, 84, 153, 237
908612.3.peg.30.site.44, 1, 170, 171
908612.3.peg.30.site.45, 129, 167, 296
908612.3.peg.30.site.46, 14, 175, 189
908612.3.peg.30.site.47, 108, 171, 279
908612.3.peg.30.site.48, 102, 173, 275
908612.3.peg.30.site.49, 102, 171, 273
908612.3.peg.30.site.50, 4, 178, 182
908612.3.peg.30.site.51, 3, 179, 182
908612.3.peg.30.site.52, 1, 177, 178
908612.3.peg.30.site.53, 131, 170, 301
908612.3.peg.30.site.54, 106, 154, 260
908612.3.peg.30.site.55, 30, 160, 190
908612.3.peg.30.site.56, 109, 158, 267
908612.3.peg.30.site.57, 3, 166, 169
908612.3.peg.30.site.58, 1, 165, 166
908612.3.peg.30.site.59, 110, 165, 275
908612.3.peg.30.site.60, 48, 171, 219
908612.3.peg.30.site.61, 105, 169, 274
908612.3.peg.30.site.62, 0, 170, 170
908612.3.peg.30.site.63, 2, 174, 176
908612.3.peg.30.site.64, 3, 175, 178
908612.3.peg.30.site.65, 3, 174, 177
908612.3.peg.30.site.66, 45, 174, 219
908612.3.peg.30.site.67, 1, 179, 180
908612.3.peg.326.site.1, 2, 180, 182
908612.3.peg.326.site.2, 0, 179, 179
908612.3.peg.32.site.1, 0, 177, 177
908612.3.peg.32.site.2, 2, 176, 178
908612.3.peg.32.site.3, 4, 152, 156
908612.3.peg.32.site.4, 24, 136, 160
908612.3.peg.32.site.5, 17, 129, 146
908612.3.peg.32.site.6, 19, 128, 147
908612.3.peg.32.site.7, 25, 145, 170
908612.3.peg.32.site.8, 46, 165, 211
908612.3.peg.32.site.9, 25, 133, 158
908612.3.peg.32.site.10, 8, 109, 117
908612.3.peg.32.site.11, 5, 104, 109
908612.3.peg.32.site.12, 8, 107, 115
908612.3.peg.32.site.13, 7, 126, 133
908612.3.peg.32.site.14, 75, 131, 206
908612.3.peg.32.site.15, 0, 176, 176
908612.3.peg.32.site.16, 0, 163, 163
908612.3.peg.32.site.17, 1, 154, 155
908612.3.peg.32.site.18, 9, 142, 151
908612.3.peg.32.site.19, 0, 129, 129
908612.3.peg.32.site.20, 1, 111, 112
908612.3.peg.32.site.21, 43, 86, 129
908612.3.peg.32.site.22, 12, 68, 80
908612.3.peg.32.site.23, 20, 66, 86
908612.3.peg.32.site.24, 1, 43, 44
908612.3.peg.32.site.25, 87, 159, 246
908612.3.peg.32.site.26, 8, 172, 180
908612.3.peg.32.site.27, 13, 176, 189
908612.3.peg.32.site.28, 28, 178, 206
908612.3.peg.32.site.29, 4, 178, 182
908612.3.peg.32.site.30, 21, 176, 197
908612.3.peg.32.site.31, 50, 161, 211
908612.3.peg.32.site.32, 1, 138, 139
908612.3.peg.320.site.1, 1, 136, 137
908612.3.peg.320.site.2, 5, 148, 153
908612.3.peg.320.site.3, 2, 116, 118
908612.3.peg.320.site.4, 16, 113, 129
908612.3.peg.320.site.5, 2, 108, 110
908612.3.peg.320.site.6, 4, 99, 103
908612.3.peg.320.site.7, 10, 102, 112
908612.3.peg.320.site.8, 7, 99, 106
908612.3.peg.320.site.9, 2, 100, 102
908612.3.peg.320.site.10, 1, 133, 134
908612.3.peg.320.site.11, 0, 143, 143
908612.3.peg.320.site.12, 0, 131, 131
908612.3.peg.320.site.13, 1, 124, 125
908612.3.peg.320.site.14, 1, 124, 125
908612.3.peg.320.site.15, 3, 137, 140
908612.3.peg.320.site.16, 32, 132, 164
908612.3.peg.320.site.17, 5, 129, 134
908612.3.peg.320.site.18, 6, 130, 136
908612.3.peg.320.site.19, 48, 132, 180
908612.3.peg.320.site.20, 10, 153, 163
908612.3.peg.320.site.21, 5, 147, 152
908612.3.peg.320.site.22, 3, 137, 140
908612.3.peg.322.site.1, 6, 131, 137
908612.3.peg.322.site.2, 2, 133, 135
908612.3.peg.322.site.3, 1, 138, 139
908612.3.peg.322.site.4, 10, 152, 162
908612.3.peg.322.site.5, 14, 159, 173
908612.3.peg.322.site.6, 1, 167, 168
908612.3.peg.322.site.7, 45, 172, 217
908612.3.peg.322.site.8, 5, 178, 183
908612.3.peg.322.site.9, 25, 170, 195
908612.3.peg.322.site.10, 30, 154, 184
908612.3.peg.322.site.11, 2, 122, 124
908612.3.peg.322.site.12, 4, 118, 122
908612.3.peg.322.site.13, 7, 135, 142
908612.3.peg.322.site.14, 5, 71, 76
908612.3.peg.322.site.15, 3, 57, 60
908612.3.peg.322.site.16, 28, 59, 87
908612.3.peg.322.site.17, 44, 67, 111
908612.3.peg.322.site.18, 3, 116, 119
908612.3.peg.322.site.19, 103, 159, 262
908612.3.peg.323.site.1, 2, 180, 182
908612.3.peg.323.site.2, 18, 179, 197
908612.3.peg.323.site.3, 7, 180, 187
908612.3.peg.323.site.4, 18, 179, 197
908612.3.peg.323.site.5, 81, 178, 259
908612.3.peg.323.site.6, 100, 174, 274
908612.3.peg.323.site.7, 78, 178, 256
908612.3.peg.323.site.8, 4, 179, 183
908612.3.peg.323.site.9, 7, 178, 185
908612.3.peg.323.site.10, 3, 167, 170
908612.3.peg.323.site.11, 0, 174, 174
908612.3.peg.323.site.12, 155, 180, 335
908612.3.peg.323.site.13, 4, 180, 184
908612.3.peg.323.site.14, 2, 180, 182
908612.3.peg.323.site.15, 11, 178, 189
908612.3.peg.323.site.16, 0, 179, 179
908612.3.peg.323.site.17, 32, 178, 210
908612.3.peg.323.site.18, 0, 180, 180
908612.3.peg.323.site.19, 6, 180, 186
908612.3.peg.323.site.20, 4, 179, 183
908612.3.peg.323.site.21, 3, 179, 182
908612.3.peg.323.site.22, 0, 179, 179
908612.3.peg.323.site.23, 5, 180, 185
908612.3.peg.323.site.24, 41, 178, 219
908612.3.peg.323.site.25, 0, 179, 179
908612.3.peg.323.site.26, 4, 179, 183
908612.3.peg.323.site.27, 6, 180, 186
908612.3.peg.323.site.28, 1, 180, 181
908612.3.peg.323.site.29, 14, 180, 194
908612.3.peg.323.site.30, 37, 177, 214
908612.3.peg.323.site.31, 60, 176, 236
908612.3.peg.323.site.32, 8, 175, 183
908612.3.peg.323.site.33, 8, 174, 182
908612.3.peg.323.site.34, 8, 175, 183
908612.3.peg.323.site.35, 6, 179, 185
908612.3.peg.323.site.36, 5, 179, 184
908612.3.peg.323.site.37, 0, 180, 180
908612.3.peg.39.site.1, 1, 159, 160
908612.3.peg.39.site.2, 4, 161, 165
908612.3.peg.39.site.3, 12, 157, 169
908612.3.peg.39.site.4, 6, 157, 163
908612.3.peg.39.site.5, 12, 161, 173
908612.3.peg.39.site.6, 25, 167, 192
908612.3.peg.39.site.7, 20, 166, 186
908612.3.peg.39.site.8, 25, 171, 196
908612.3.peg.39.site.9, 0, 169, 169
908612.3.peg.39.site.10, 0, 165, 165
908612.3.peg.39.site.11, 1, 161, 162
908612.3.peg.39.site.12, 0, 167, 167
908612.3.peg.39.site.13, 16, 166, 182
908612.3.peg.39.site.14, 0, 169, 169
908612.3.peg.39.site.15, 6, 169, 175
908612.3.peg.39.site.16, 24, 175, 199
908612.3.peg.39.site.17, 27, 177, 204
908612.3.peg.39.site.18, 4, 168, 172
908612.3.peg.39.site.19, 20, 169, 189
908612.3.peg.39.site.20, 26, 176, 202
908612.3.peg.39.site.21, 0, 177, 177
908612.3.peg.39.site.22, 17, 180, 197
908612.3.peg.39.site.23, 2, 180, 182
908612.3.peg.39.site.24, 1, 180, 181
908612.3.peg.39.site.25, 27, 176, 203
908612.3.peg.39.site.26, 6, 177, 183
908612.3.peg.39.site.27, 6, 177, 183
908612.3.peg.39.site.28, 0, 175, 175
908612.3.peg.39.site.29, 0, 179, 179
908612.3.peg.39.site.30, 0, 179, 179
908612.3.peg.39.site.31, 9, 178, 187
908612.3.peg.39.site.32, 26, 166, 192
908612.3.peg.39.site.33, 15, 171, 186
908612.3.peg.39.site.34, 0, 172, 172
908612.3.peg.39.site.35, 0, 176, 176
908612.3.peg.39.site.36, 28, 176, 204
908612.3.peg.39.site.37, 1, 179, 180
908612.3.peg.39.site.38, 10, 178, 188
908612.3.peg.39.site.39, 7, 171, 178
908612.3.peg.39.site.40, 7, 175, 182
908612.3.peg.38.site.1, 0, 172, 172
908612.3.peg.38.site.2, 0, 179, 179
908612.3.peg.38.site.3, 0, 180, 180
908612.3.peg.38.site.4, 0, 180, 180
908612.3.peg.38.site.5, 24, 178, 202
908612.3.peg.38.site.6, 31, 177, 208
908612.3.peg.38.site.7, 46, 177, 223
908612.3.peg.38.site.8, 6, 178, 184
908612.3.peg.38.site.9, 2, 180, 182
908612.3.peg.38.site.10, 2, 179, 181
908612.3.peg.38.site.11, 14, 179, 193
908612.3.peg.38.site.12, 0, 180, 180
908612.3.peg.38.site.13, 23, 178, 201
908612.3.peg.38.site.14, 5, 179, 184
908612.3.peg.38.site.15, 59, 174, 233
908612.3.peg.38.site.16, 60, 174, 234
908612.3.peg.38.site.17, 6, 179, 185
908612.3.peg.38.site.18, 24, 180, 204
908612.3.peg.38.site.19, 3, 180, 183
908612.3.peg.38.site.20, 3, 180, 183
908612.3.peg.38.site.21, 1, 180, 181
908612.3.peg.38.site.22, 3, 180, 183
908612.3.peg.38.site.23, 4, 180, 184
908612.3.peg.38.site.24, 0, 179, 179
908612.3.peg.38.site.25, 0, 178, 178
908612.3.peg.38.site.26, 46, 177, 223
908612.3.peg.38.site.27, 46, 177, 223
908612.3.peg.38.site.28, 60, 169, 229
908612.3.peg.38.site.29, 3, 171, 174
908612.3.peg.38.site.30, 0, 177, 177
908612.3.peg.38.site.31, 3, 176, 179
908612.3.peg.38.site.32, 4, 174, 178
908612.3.peg.38.site.33, 6, 177, 183
908612.3.peg.38.site.34, 1, 178, 179
908612.3.peg.38.site.35, 0, 179, 179
908612.3.peg.38.site.36, 2, 179, 181
908612.3.peg.38.site.37, 0, 177, 177
908612.3.peg.38.site.38, 5, 166, 171
908612.3.peg.38.site.39, 6, 176, 182
908612.3.peg.2458.site.1, 11, 179, 190
908612.3.peg.2458.site.2, 0, 155, 155
908612.3.peg.2457.site.1, 4, 174, 178
908612.3.peg.2457.site.2, 0, 162, 162
908612.3.peg.2457.site.3, 1, 153, 154
908612.3.peg.2457.site.4, 6, 150, 156
908612.3.peg.2457.site.5, 146, 175, 321
908612.3.peg.2457.site.6, 2, 178, 180
908612.3.peg.2457.site.7, 1, 172, 173
908612.3.peg.2457.site.8, 3, 179, 182
908612.3.peg.2457.site.9, 18, 166, 184
908612.3.peg.2457.site.10, 12, 180, 192
908612.3.peg.2457.site.11, 0, 180, 180
908612.3.peg.2457.site.12, 1, 179, 180
908612.3.peg.2457.site.13, 1, 180, 181
908612.3.peg.2457.site.14, 1, 180, 181
908612.3.peg.2457.site.15, 7, 179, 186
908612.3.peg.2457.site.16, 7, 179, 186
908612.3.peg.2457.site.17, 1, 179, 180
908612.3.peg.2457.site.18, 1, 180, 181
908612.3.peg.2457.site.19, 18, 179, 197
908612.3.peg.2457.site.20, 4, 178, 182
908612.3.peg.2457.site.21, 0, 178, 178
908612.3.peg.2457.site.22, 1, 175, 176
908612.3.peg.2457.site.23, 2, 175, 177
908612.3.peg.2457.site.24, 6, 173, 179
908612.3.peg.2457.site.25, 154, 178, 332
908612.3.peg.2457.site.26, 109, 132, 241
908612.3.peg.2457.site.27, 1, 177, 178
908612.3.peg.2457.site.28, 2, 177, 179
908612.3.peg.2457.site.29, 1, 173, 174
908612.3.peg.2457.site.30, 2, 173, 175
908612.3.peg.2457.site.31, 1, 153, 154
908612.3.peg.2457.site.32, 1, 172, 173
908612.3.peg.2457.site.33, 4, 173, 177
908612.3.peg.2457.site.34, 25, 175, 200
908612.3.peg.2457.site.35, 25, 172, 197
908612.3.peg.2457.site.36, 25, 177, 202
908612.3.peg.2457.site.37, 0, 176, 176
908612.3.peg.2457.site.38, 10, 174, 184
908612.3.peg.2457.site.39, 32, 178, 210
908612.3.peg.2457.site.40, 1, 178, 179
908612.3.peg.2457.site.41, 1, 176, 177
908612.3.peg.2457.site.42, 6, 177, 183
908612.3.peg.2457.site.43, 94, 173, 267
908612.3.peg.2457.site.44, 8, 159, 167
908612.3.peg.1539.site.1, 45, 179, 224
908612.3.peg.1539.site.2, 4, 180, 184
908612.3.peg.1539.site.3, 0, 178, 178
908612.3.peg.1539.site.4, 0, 177, 177
908612.3.peg.1539.site.5, 9, 176, 185
908612.3.peg.1539.site.6, 0, 178, 178
908612.3.peg.1539.site.7, 7, 178, 185
908612.3.peg.1539.site.8, 124, 180, 304
908612.3.peg.1539.site.9, 3, 179, 182
908612.3.peg.1539.site.10, 8, 180, 188
908612.3.peg.1539.site.11, 12, 178, 190
908612.3.peg.1539.site.12, 12, 180, 192
908612.3.peg.1539.site.13, 5, 176, 181
908612.3.peg.1539.site.14, 5, 177, 182
908612.3.peg.1539.site.15, 0, 178, 178
908612.3.peg.1539.site.16, 22, 173, 195
908612.3.peg.1539.site.17, 0, 174, 174
908612.3.peg.1539.site.18, 40, 177, 217
908612.3.peg.1539.site.19, 11, 180, 191
908612.3.peg.1539.site.20, 1, 165, 166
908612.3.peg.1539.site.21, 0, 180, 180
908612.3.peg.1539.site.22, 3, 180, 183
908612.3.peg.1539.site.23, 0, 180, 180
908612.3.peg.1538.site.1, 79, 179, 258
908612.3.peg.1538.site.2, 1, 179, 180
908612.3.peg.1538.site.3, 56, 174, 230
908612.3.peg.1538.site.4, 1, 179, 180
908612.3.peg.1538.site.5, 24, 177, 201
908612.3.peg.1538.site.6, 3, 179, 182
908612.3.peg.1538.site.7, 24, 175, 199
908612.3.peg.1538.site.8, 20, 179, 199
908612.3.peg.1538.site.9, 49, 177, 226
908612.3.peg.1538.site.10, 4, 175, 179
908612.3.peg.1538.site.11, 20, 173, 193
908612.3.peg.1538.site.12, 5, 176, 181
908612.3.peg.1538.site.13, 0, 178, 178
908612.3.peg.1538.site.14, 1, 176, 177
908612.3.peg.1538.site.15, 3, 179, 182
908612.3.peg.1538.site.16, 1, 178, 179
908612.3.peg.1538.site.17, 1, 177, 178
908612.3.peg.1538.site.18, 1, 180, 181
908612.3.peg.1029.site.1, 42, 167, 209
908612.3.peg.1029.site.2, 0, 179, 179
908612.3.peg.1029.site.3, 92, 176, 268
908612.3.peg.1029.site.4, 54, 179, 233
908612.3.peg.1029.site.5, 1, 180, 181
908612.3.peg.1029.site.6, 37, 180, 217
908612.3.peg.1029.site.7, 0, 180, 180
908612.3.peg.1029.site.8, 3, 180, 183
908612.3.peg.1029.site.9, 16, 179, 195
908612.3.peg.1029.site.10, 0, 171, 171
908612.3.peg.1029.site.11, 10, 166, 176
908612.3.peg.1029.site.12, 26, 175, 201
908612.3.peg.1029.site.13, 7, 174, 181
908612.3.peg.1029.site.14, 0, 180, 180
908612.3.peg.1029.site.15, 11, 180, 191
908612.3.peg.1029.site.16, 0, 179, 179
908612.3.peg.1029.site.17, 6, 179, 185
908612.3.peg.1029.site.18, 1, 178, 179
908612.3.peg.1029.site.19, 21, 178, 199
908612.3.peg.1029.site.20, 12, 179, 191
908612.3.peg.1029.site.21, 30, 178, 208
908612.3.peg.1029.site.22, 69, 171, 240
908612.3.peg.1027.site.1, 1, 180, 181
908612.3.peg.1027.site.2, 4, 179, 183
908612.3.peg.1027.site.3, 4, 180, 184
908612.3.peg.1027.site.4, 0, 180, 180
908612.3.peg.1027.site.5, 3, 180, 183
908612.3.peg.1027.site.6, 0, 178, 178
908612.3.peg.1027.site.7, 15, 175, 190
908612.3.peg.1027.site.8, 1, 173, 174
908612.3.peg.1027.site.9, 2, 177, 179
908612.3.peg.1027.site.10, 30, 178, 208
908612.3.peg.1027.site.11, 24, 161, 185
908612.3.peg.1027.site.12, 25, 161, 186
908612.3.peg.1026.site.1, 66, 177, 243
908612.3.peg.1026.site.2, 0, 180, 180
908612.3.peg.1026.site.3, 4, 180, 184
908612.3.peg.1026.site.4, 12, 178, 190
908612.3.peg.1026.site.5, 0, 179, 179
908612.3.peg.1026.site.6, 7, 179, 186
908612.3.peg.1026.site.7, 11, 180, 191
908612.3.peg.1026.site.8, 0, 179, 179
908612.3.peg.1026.site.9, 98, 172, 270
908612.3.peg.1026.site.10, 0, 177, 177
908612.3.peg.1026.site.11, 3, 174, 177
908612.3.peg.1026.site.12, 7, 167, 174
908612.3.peg.1026.site.13, 7, 166, 173
908612.3.peg.1026.site.14, 1, 171, 172
908612.3.peg.1026.site.15, 1, 169, 170
908612.3.peg.1026.site.16, 1, 154, 155
908612.3.peg.1026.site.17, 8, 153, 161
908612.3.peg.1026.site.18, 5, 174, 179
908612.3.peg.1026.site.19, 3, 180, 183
908612.3.peg.1026.site.20, 90, 176, 266
908612.3.peg.1026.site.21, 120, 177, 297
908612.3.peg.1026.site.22, 109, 175, 284
908612.3.peg.1026.site.23, 0, 180, 180
908612.3.peg.1026.site.24, 0, 178, 178
908612.3.peg.1026.site.25, 0, 180, 180
908612.3.peg.1025.site.1, 0, 170, 170
908612.3.peg.1025.site.2, 1, 156, 157
908612.3.peg.1025.site.3, 0, 170, 170
908612.3.peg.1025.site.4, 1, 172, 173
908612.3.peg.1025.site.5, 6, 172, 178
908612.3.peg.1025.site.6, 0, 172, 172
908612.3.peg.1025.site.7, 1, 172, 173
908612.3.peg.1025.site.8, 0, 172, 172
908612.3.peg.1025.site.9, 0, 172, 172
908612.3.peg.1025.site.10, 32, 170, 202
908612.3.peg.1025.site.11, 3, 172, 175
908612.3.peg.1025.site.12, 24, 145, 169
908612.3.peg.1025.site.13, 26, 143, 169
908612.3.peg.1025.site.14, 11, 166, 177
908612.3.peg.1025.site.15, 2, 162, 164
908612.3.peg.1025.site.16, 0, 171, 171
908612.3.peg.1025.site.17, 0, 171, 171
908612.3.peg.1025.site.18, 9, 170, 179
908612.3.peg.1025.site.19, 1, 172, 173
908612.3.peg.1025.site.20, 1, 171, 172
908612.3.peg.1025.site.21, 57, 169, 226
908612.3.peg.1025.site.22, 2, 172, 174
908612.3.peg.1025.site.23, 3, 166, 169
908612.3.peg.1025.site.24, 34, 163, 197
908612.3.peg.1025.site.25, 49, 157, 206
908612.3.peg.1025.site.26, 56, 167, 223
908612.3.peg.1025.site.27, 0, 169, 169
908612.3.peg.1025.site.28, 53, 166, 219
908612.3.peg.1025.site.29, 1, 169, 170
908612.3.peg.1025.site.30, 14, 170, 184
908612.3.peg.1025.site.31, 12, 170, 182
908612.3.peg.1025.site.32, 44, 166, 210
908612.3.peg.1025.site.33, 2, 153, 155
908612.3.peg.1025.site.34, 1, 171, 172
908612.3.peg.1025.site.35, 20, 171, 191
908612.3.peg.1025.site.36, 5, 172, 177
908612.3.peg.1025.site.37, 5, 172, 177
908612.3.peg.1025.site.38, 8, 172, 180
908612.3.peg.1025.site.39, 86, 164, 250
908612.3.peg.1024.site.1, 0, 108, 108
908612.3.peg.1024.site.2, 25, 127, 152
908612.3.peg.1024.site.3, 30, 169, 199
908612.3.peg.1024.site.4, 30, 168, 198
908612.3.peg.1531.site.1, 0, 178, 178
908612.3.peg.1531.site.2, 2, 178, 180
908612.3.peg.1531.site.3, 52, 162, 214
908612.3.peg.1531.site.4, 0, 172, 172
908612.3.peg.1531.site.5, 1, 173, 174
908612.3.peg.1531.site.6, 5, 170, 175
908612.3.peg.1531.site.7, 0, 167, 167
908612.3.peg.1531.site.8, 8, 155, 163
908612.3.peg.1531.site.9, 1, 171, 172
908612.3.peg.1531.site.10, 5, 173, 178
908612.3.peg.1531.site.11, 0, 179, 179
908612.3.peg.1531.site.12, 4, 180, 184
908612.3.peg.1531.site.13, 2, 180, 182
908612.3.peg.1531.site.14, 6, 177, 183
908612.3.peg.1530.site.1, 0, 139, 139
908612.3.peg.1530.site.2, 0, 143, 143
908612.3.peg.1530.site.3, 14, 80, 94
908612.3.peg.1530.site.4, 0, 79, 79
908612.3.peg.1530.site.5, 19, 76, 95
908612.3.peg.1530.site.6, 11, 150, 161
908612.3.peg.1530.site.7, 0, 160, 160
908612.3.peg.1530.site.8, 52, 131, 183
908612.3.peg.1530.site.9, 2, 180, 182
908612.3.peg.1530.site.10, 0, 175, 175
908612.3.peg.1530.site.11, 2, 177, 179
908612.3.peg.1530.site.12, 4, 133, 137
908612.3.peg.1530.site.13, 3, 177, 180
908612.3.peg.1530.site.14, 3, 179, 182
908612.3.peg.1530.site.15, 88, 177, 265
908612.3.peg.1530.site.16, 8, 160, 168
908612.3.peg.1530.site.17, 23, 150, 173
908612.3.peg.1530.site.18, 3, 149, 152
908612.3.peg.1530.site.19, 2, 146, 148
908612.3.peg.1530.site.20, 2, 148, 150
908612.3.peg.1530.site.21, 24, 144, 168
908612.3.peg.1530.site.22, 2, 144, 146
908612.3.peg.1533.site.1, 36, 175, 211
908612.3.peg.1533.site.2, 0, 177, 177
908612.3.peg.1533.site.3, 3, 168, 171
908612.3.peg.1533.site.4, 2, 167, 169
908612.3.peg.1533.site.5, 29, 130, 159
908612.3.peg.1533.site.6, 27, 120, 147
908612.3.peg.1533.site.7, 18, 140, 158
908612.3.peg.1533.site.8, 2, 176, 178
908612.3.peg.1629.site.1, 3, 155, 158
908612.3.peg.1629.site.2, 2, 147, 149
908612.3.peg.1629.site.3, 2, 180, 182
908612.3.peg.1629.site.4, 36, 177, 213
908612.3.peg.1628.site.1, 9, 178, 187
908612.3.peg.1628.site.2, 0, 179, 179
908612.3.peg.1628.site.3, 5, 179, 184
908612.3.peg.1628.site.4, 4, 180, 184
908612.3.peg.1628.site.5, 0, 179, 179
908612.3.peg.1628.site.6, 27, 176, 203
908612.3.peg.1628.site.7, 26, 175, 201
908612.3.peg.1628.site.8, 4, 180, 184
908612.3.peg.1628.site.9, 12, 177, 189
908612.3.peg.1628.site.10, 4, 180, 184
908612.3.peg.1628.site.11, 104, 176, 280
908612.3.peg.1628.site.12, 103, 172, 275
908612.3.peg.1628.site.13, 16, 173, 189
908612.3.peg.1628.site.14, 14, 171, 185
908612.3.peg.1628.site.15, 1, 177, 178
908612.3.peg.1628.site.16, 1, 108, 109
908612.3.peg.1628.site.17, 3, 47, 50
908612.3.peg.1628.site.18, 0, 79, 79
908612.3.peg.1159.site.1, 0, 180, 180
908612.3.peg.1159.site.2, 21, 172, 193
908612.3.peg.1159.site.3, 19, 179, 198
908612.3.peg.1159.site.4, 2, 179, 181
908612.3.peg.1159.site.5, 3, 176, 179
908612.3.peg.1159.site.6, 28, 178, 206
908612.3.peg.1159.site.7, 6, 180, 186
908612.3.peg.1159.site.8, 0, 179, 179
908612.3.peg.1159.site.9, 2, 178, 180
908612.3.peg.1159.site.10, 0, 173, 173
908612.3.peg.1159.site.11, 23, 167, 190
908612.3.peg.1159.site.12, 1, 165, 166
908612.3.peg.1159.site.13, 27, 167, 194
908612.3.peg.1159.site.14, 0, 149, 149
908612.3.peg.1159.site.15, 21, 152, 173
908612.3.peg.1159.site.16, 0, 158, 158
908612.3.peg.1159.site.17, 0, 174, 174
908612.3.peg.1159.site.18, 15, 175, 190
908612.3.peg.1159.site.19, 1, 179, 180
908612.3.peg.1159.site.20, 6, 180, 186
908612.3.peg.1159.site.21, 15, 178, 193
908612.3.peg.1159.site.22, 5, 179, 184
908612.3.peg.1158.site.1, 0, 180, 180
908612.3.peg.1158.site.2, 0, 160, 160
908612.3.peg.1158.site.3, 23, 162, 185
908612.3.peg.1158.site.4, 2, 172, 174
908612.3.peg.1158.site.5, 110, 168, 278
908612.3.peg.1158.site.6, 63, 171, 234
908612.3.peg.1158.site.7, 5, 172, 177
908612.3.peg.1158.site.8, 1, 175, 176
908612.3.peg.1158.site.9, 2, 176, 178
908612.3.peg.1158.site.10, 130, 176, 306
908612.3.peg.1158.site.11, 70, 173, 243
908612.3.peg.1158.site.12, 117, 173, 290
908612.3.peg.1158.site.13, 2, 174, 176
908612.3.peg.1158.site.14, 3, 175, 178
908612.3.peg.1158.site.15, 4, 172, 176
908612.3.peg.1158.site.16, 6, 161, 167
908612.3.peg.1158.site.17, 0, 173, 173
908612.3.peg.1158.site.18, 3, 173, 176
908612.3.peg.1158.site.19, 7, 180, 187
908612.3.peg.1158.site.20, 0, 178, 178
908612.3.peg.1158.site.21, 51, 177, 228
908612.3.peg.1621.site.1, 2, 180, 182
908612.3.peg.1621.site.2, 27, 180, 207
908612.3.peg.1621.site.3, 63, 179, 242
908612.3.peg.1621.site.4, 3, 180, 183
908612.3.peg.1621.site.5, 31, 178, 209
908612.3.peg.1621.site.6, 40, 178, 218
908612.3.peg.1621.site.7, 0, 179, 179
908612.3.peg.1621.site.8, 3, 179, 182
908612.3.peg.1621.site.9, 26, 180, 206
908612.3.peg.1621.site.10, 0, 180, 180
908612.3.peg.1621.site.11, 1, 180, 181
908612.3.peg.1621.site.12, 24, 179, 203
908612.3.peg.1621.site.13, 113, 176, 289
908612.3.peg.1621.site.14, 5, 179, 184
908612.3.peg.1621.site.15, 5, 180, 185
908612.3.peg.1621.site.16, 0, 180, 180
908612.3.peg.1152.site.1, 63, 175, 238
908612.3.peg.1152.site.2, 3, 180, 183
908612.3.peg.1152.site.3, 2, 178, 180
908612.3.peg.1152.site.4, 12, 177, 189
908612.3.peg.1152.site.5, 6, 176, 182
908612.3.peg.1152.site.6, 30, 178, 208
908612.3.peg.1152.site.7, 5, 172, 177
908612.3.peg.1152.site.8, 51, 170, 221
908612.3.peg.1152.site.9, 14, 175, 189
908612.3.peg.1152.site.10, 0, 176, 176
908612.3.peg.1152.site.11, 2, 176, 178
908612.3.peg.1152.site.12, 2, 176, 178
908612.3.peg.1152.site.13, 13, 173, 186
908612.3.peg.1152.site.14, 47, 167, 214
908612.3.peg.1152.site.15, 2, 171, 173
908612.3.peg.1152.site.16, 28, 170, 198
908612.3.peg.1152.site.17, 24, 156, 180
908612.3.peg.1152.site.18, 16, 166, 182
908612.3.peg.1152.site.19, 23, 159, 182
908612.3.peg.1152.site.20, 0, 169, 169
908612.3.peg.1152.site.21, 23, 104, 127
908612.3.peg.1152.site.22, 7, 137, 144
908612.3.peg.1152.site.23, 11, 161, 172
908612.3.peg.1152.site.24, 2, 150, 152
908612.3.peg.1152.site.25, 5, 105, 110
908612.3.peg.1152.site.26, 6, 153, 159
908612.3.peg.1152.site.27, 2, 153, 155
908612.3.peg.1152.site.28, 3, 169, 172
908612.3.peg.1152.site.29, 2, 172, 174
908612.3.peg.1152.site.30, 2, 172, 174
908612.3.peg.1152.site.31, 0, 169, 169
908612.3.peg.1152.site.32, 67, 166, 233
908612.3.peg.1152.site.33, 66, 165, 231
908612.3.peg.1152.site.34, 40, 174, 214
908612.3.peg.1152.site.35, 2, 175, 177
908612.3.peg.1152.site.36, 36, 179, 215
908612.3.peg.1152.site.37, 0, 179, 179
908612.3.peg.1152.site.38, 1, 178, 179
908612.3.peg.1152.site.39, 30, 175, 205
908612.3.peg.1152.site.40, 1, 176, 177
908612.3.peg.1152.site.41, 32, 173, 205
908612.3.peg.1152.site.42, 0, 168, 168
908612.3.peg.1152.site.43, 33, 167, 200
908612.3.peg.1152.site.44, 41, 178, 219
908612.3.peg.1623.site.1, 49, 142, 191
908612.3.peg.1623.site.2, 153, 178, 331
908612.3.peg.1623.site.3, 153, 178, 331
908612.3.peg.1623.site.4, 5, 178, 183
908612.3.peg.1623.site.5, 0, 179, 179
908612.3.peg.1623.site.6, 153, 179, 332
908612.3.peg.1623.site.7, 3, 179, 182
908612.3.peg.1623.site.8, 3, 179, 182
908612.3.peg.1623.site.9, 0, 179, 179
908612.3.peg.1623.site.10, 0, 179, 179
908612.3.peg.1623.site.11, 147, 176, 323
908612.3.peg.1623.site.12, 148, 177, 325
908612.3.peg.1623.site.13, 0, 179, 179
908612.3.peg.1623.site.14, 153, 178, 331
908612.3.peg.1623.site.15, 13, 179, 192
908612.3.peg.1623.site.16, 13, 179, 192
908612.3.peg.1623.site.17, 166, 171, 337
908612.3.peg.1623.site.18, 165, 177, 342
908612.3.peg.1623.site.19, 22, 177, 199
908612.3.peg.1623.site.20, 1, 180, 181
908612.3.peg.1623.site.21, 172, 179, 351
908612.3.peg.1623.site.22, 3, 180, 183
908612.3.peg.1623.site.23, 1, 173, 174
908612.3.peg.1623.site.24, 3, 168, 171
908612.3.peg.1623.site.25, 0, 178, 178
908612.3.peg.1623.site.26, 7, 178, 185
908612.3.peg.1623.site.27, 38, 175, 213
908612.3.peg.1623.site.28, 55, 177, 232
908612.3.peg.1623.site.29, 55, 177, 232
908612.3.peg.1623.site.30, 23, 178, 201
908612.3.peg.1623.site.31, 9, 156, 165
908612.3.peg.1623.site.32, 11, 157, 168
908612.3.peg.1623.site.33, 3, 163, 166
908612.3.peg.1623.site.34, 3, 162, 165
908612.3.peg.1623.site.35, 24, 163, 187
908612.3.peg.1623.site.36, 3, 163, 166
908612.3.peg.1623.site.37, 22, 159, 181
908612.3.peg.1623.site.38, 19, 157, 176
908612.3.peg.1623.site.39, 14, 158, 172
908612.3.peg.1623.site.40, 17, 160, 177
908612.3.peg.1623.site.41, 0, 171, 171
908612.3.peg.1623.site.42, 24, 165, 189
908612.3.peg.1623.site.43, 4, 164, 168
908612.3.peg.1623.site.44, 2, 162, 164
908612.3.peg.1623.site.45, 16, 161, 177
908612.3.peg.1623.site.46, 8, 152, 160
908612.3.peg.1623.site.47, 3, 144, 147
908612.3.peg.1623.site.48, 3, 143, 146
908612.3.peg.1623.site.49, 0, 142, 142
908612.3.peg.1623.site.50, 115, 142, 257
908612.3.peg.1623.site.51, 1, 145, 146
908612.3.peg.1623.site.52, 1, 144, 145
908612.3.peg.1623.site.53, 40, 169, 209
908612.3.peg.1623.site.54, 61, 169, 230
908612.3.peg.1623.site.55, 1, 163, 164
908612.3.peg.1623.site.56, 15, 164, 179
908612.3.peg.1623.site.57, 1, 177, 178
908612.3.peg.1623.site.58, 4, 180, 184
908612.3.peg.1623.site.59, 2, 180, 182
908612.3.peg.1623.site.60, 2, 180, 182
908612.3.peg.1623.site.61, 51, 178, 229
908612.3.peg.1623.site.62, 0, 178, 178
908612.3.peg.1623.site.63, 61, 163, 224
908612.3.peg.1623.site.64, 3, 127, 130
908612.3.peg.1623.site.65, 40, 169, 209
908612.3.peg.1623.site.66, 0, 178, 178
908612.3.peg.1623.site.67, 0, 180, 180
908612.3.peg.1150.site.1, 6, 140, 146
908612.3.peg.1150.site.2, 13, 150, 163
908612.3.peg.1150.site.3, 73, 167, 240
908612.3.peg.1150.site.4, 0, 105, 105
908612.3.peg.1150.site.5, 60, 148, 208
908612.3.peg.1150.site.6, 82, 171, 253
908612.3.peg.1150.site.7, 0, 178, 178
908612.3.peg.1150.site.8, 4, 174, 178
908612.3.peg.1150.site.9, 2, 177, 179
908612.3.peg.1150.site.10, 2, 177, 179
908612.3.peg.1150.site.11, 13, 174, 187
908612.3.peg.1150.site.12, 39, 176, 215
908612.3.peg.1150.site.13, 39, 173, 212
908612.3.peg.1150.site.14, 39, 178, 217
908612.3.peg.1150.site.15, 4, 177, 181
908612.3.peg.1150.site.16, 6, 178, 184
908612.3.peg.1150.site.17, 4, 178, 182
908612.3.peg.1157.site.1, 1, 153, 154
908612.3.peg.1157.site.2, 46, 149, 195
908612.3.peg.1157.site.3, 4, 154, 158
908612.3.peg.1157.site.4, 17, 144, 161
908612.3.peg.1157.site.5, 35, 167, 202
908612.3.peg.1157.site.6, 38, 170, 208
908612.3.peg.1157.site.7, 31, 174, 205
908612.3.peg.1157.site.8, 0, 176, 176
908612.3.peg.1157.site.9, 1, 174, 175
908612.3.peg.1157.site.10, 2, 173, 175
908612.3.peg.1157.site.11, 0, 167, 167
908612.3.peg.1157.site.12, 3, 158, 161
908612.3.peg.1157.site.13, 65, 132, 197
908612.3.peg.1156.site.1, 3, 146, 149
908612.3.peg.1156.site.2, 0, 144, 144
908612.3.peg.1156.site.3, 13, 166, 179
908612.3.peg.1156.site.4, 19, 177, 196
908612.3.peg.1156.site.5, 4, 178, 182
908612.3.peg.1156.site.6, 22, 175, 197
908612.3.peg.1156.site.7, 20, 179, 199
908612.3.peg.1156.site.8, 24, 178, 202
908612.3.peg.1156.site.9, 24, 176, 200
908612.3.peg.1156.site.10, 1, 176, 177
908612.3.peg.1156.site.11, 2, 174, 176
908612.3.peg.1156.site.12, 54, 170, 224
908612.3.peg.1156.site.13, 25, 175, 200
908612.3.peg.1156.site.14, 24, 175, 199
908612.3.peg.1156.site.15, 21, 170, 191
908612.3.peg.1156.site.16, 2, 178, 180
908612.3.peg.1156.site.17, 50, 178, 228
908612.3.peg.1156.site.18, 7, 180, 187
908612.3.peg.1156.site.19, 5, 180, 185
908612.3.peg.1156.site.20, 13, 177, 190
908612.3.peg.1156.site.21, 25, 177, 202
908612.3.peg.1156.site.22, 13, 173, 186
908612.3.peg.1155.site.1, 7, 180, 187
908612.3.peg.1155.site.2, 1, 180, 181
908612.3.peg.1155.site.3, 91, 175, 266
908612.3.peg.1155.site.4, 3, 180, 183
908612.3.peg.1155.site.5, 3, 180, 183
908612.3.peg.1155.site.6, 4, 179, 183
908612.3.peg.1155.site.7, 44, 177, 221
908612.3.peg.1155.site.8, 1, 179, 180
908612.3.peg.1155.site.9, 0, 179, 179
908612.3.peg.1155.site.10, 6, 179, 185
908612.3.peg.1155.site.11, 0, 177, 177
908612.3.peg.1155.site.12, 87, 169, 256
908612.3.peg.1155.site.13, 97, 176, 273
908612.3.peg.1155.site.14, 0, 179, 179
908612.3.peg.1155.site.15, 9, 179, 188
908612.3.peg.1155.site.16, 2, 179, 181
908612.3.peg.1155.site.17, 0, 179, 179
908612.3.peg.1155.site.18, 31, 179, 210
908612.3.peg.1155.site.19, 3, 180, 183
908612.3.peg.1155.site.20, 0, 180, 180
908612.3.peg.1155.site.21, 10, 180, 190
908612.3.peg.1155.site.22, 4, 179, 183
908612.3.peg.1155.site.23, 22, 177, 199
908612.3.peg.1155.site.24, 28, 179, 207
908612.3.peg.1155.site.25, 13, 179, 192
908612.3.peg.1155.site.26, 28, 178, 206
908612.3.peg.1155.site.27, 24, 163, 187
908612.3.peg.1155.site.28, 1, 157, 158
908612.3.peg.1155.site.29, 131, 157, 288
908612.3.peg.1155.site.30, 129, 155, 284
908612.3.peg.1155.site.31, 103, 152, 255
908612.3.peg.1155.site.32, 12, 173, 185
908612.3.peg.1155.site.33, 0, 178, 178
908612.3.peg.1155.site.34, 25, 175, 200
908612.3.peg.1155.site.35, 4, 180, 184
908612.3.peg.1155.site.36, 2, 178, 180
908612.3.peg.1155.site.37, 22, 176, 198
908612.3.peg.1155.site.38, 21, 174, 195
908612.3.peg.1155.site.39, 12, 166, 178
908612.3.peg.1155.site.40, 24, 170, 194
908612.3.peg.1155.site.41, 28, 172, 200
908612.3.peg.1154.site.1, 110, 164, 274
908612.3.peg.1154.site.2, 105, 162, 267
908612.3.peg.1154.site.3, 53, 174, 227
908612.3.peg.1154.site.4, 49, 175, 224
908612.3.peg.1154.site.5, 50, 176, 226
908612.3.peg.1154.site.6, 49, 173, 222
908612.3.peg.1154.site.7, 125, 176, 301
908612.3.peg.1154.site.8, 8, 180, 188
908612.3.peg.1154.site.9, 51, 172, 223
908612.3.peg.1154.site.10, 1, 178, 179
908612.3.peg.1154.site.11, 0, 177, 177
908612.3.peg.1441.site.1, 67, 178, 245
908612.3.peg.1441.site.2, 71, 178, 249
908612.3.peg.1441.site.3, 2, 176, 178
908612.3.peg.1441.site.4, 63, 178, 241
908612.3.peg.1441.site.5, 63, 178, 241
908612.3.peg.1441.site.6, 20, 177, 197
908612.3.peg.1441.site.7, 4, 179, 183
908612.3.peg.1441.site.8, 28, 179, 207
908612.3.peg.1441.site.9, 28, 177, 205
908612.3.peg.1441.site.10, 26, 178, 204
908612.3.peg.1441.site.11, 31, 179, 210
908612.3.peg.1441.site.12, 3, 180, 183
908612.3.peg.1441.site.13, 2, 179, 181
908612.3.peg.1441.site.14, 27, 175, 202
908612.3.peg.1441.site.15, 11, 175, 186
908612.3.peg.1441.site.16, 2, 174, 176
908612.3.peg.1441.site.17, 56, 141, 197
908612.3.peg.1440.site.1, 22, 175, 197
908612.3.peg.1440.site.2, 3, 178, 181
908612.3.peg.1440.site.3, 21, 178, 199
908612.3.peg.1440.site.4, 0, 178, 178
908612.3.peg.1440.site.5, 37, 178, 215
908612.3.peg.1440.site.6, 10, 179, 189
908612.3.peg.1440.site.7, 0, 180, 180
908612.3.peg.1440.site.8, 73, 176, 249
908612.3.peg.1440.site.9, 55, 179, 234
908612.3.peg.1440.site.10, 2, 179, 181
908612.3.peg.1440.site.11, 0, 180, 180
908612.3.peg.1440.site.12, 2, 179, 181
908612.3.peg.1440.site.13, 87, 179, 266
908612.3.peg.1440.site.14, 65, 179, 244
908612.3.peg.1440.site.15, 72, 176, 248
908612.3.peg.1440.site.16, 21, 176, 197
908612.3.peg.1440.site.17, 1, 176, 177
908612.3.peg.1440.site.18, 19, 156, 175
908612.3.peg.1440.site.19, 12, 144, 156
908612.3.peg.1440.site.20, 1, 118, 119
908612.3.peg.1443.site.1, 1, 179, 180
908612.3.peg.1443.site.2, 0, 178, 178
908612.3.peg.1443.site.3, 128, 175, 303
908612.3.peg.1443.site.4, 1, 176, 177
908612.3.peg.1443.site.5, 35, 168, 203
908612.3.peg.1443.site.6, 53, 166, 219
908612.3.peg.1443.site.7, 0, 173, 173
908612.3.peg.1443.site.8, 52, 177, 229
908612.3.peg.1443.site.9, 1, 164, 165
908612.3.peg.1443.site.10, 8, 163, 171
908612.3.peg.1443.site.11, 42, 159, 201
908612.3.peg.1443.site.12, 63, 176, 239
908612.3.peg.1443.site.13, 59, 170, 229
908612.3.peg.1443.site.14, 4, 167, 171
908612.3.peg.1443.site.15, 1, 173, 174
908612.3.peg.1443.site.16, 0, 171, 171
908612.3.peg.1443.site.17, 0, 174, 174
908612.3.peg.1443.site.18, 8, 179, 187
908612.3.peg.1442.site.1, 33, 179, 212
908612.3.peg.1442.site.2, 58, 176, 234
908612.3.peg.1442.site.3, 29, 175, 204
908612.3.peg.1442.site.4, 127, 171, 298
908612.3.peg.1442.site.5, 84, 134, 218
908612.3.peg.1442.site.6, 0, 128, 128
908612.3.peg.1442.site.7, 44, 132, 176
908612.3.peg.1442.site.8, 0, 138, 138
908612.3.peg.1442.site.9, 1, 129, 130
908612.3.peg.1442.site.10, 8, 177, 185
908612.3.peg.1442.site.11, 1, 178, 179
908612.3.peg.1442.site.12, 3, 177, 180
908612.3.peg.1442.site.13, 92, 174, 266
908612.3.peg.1442.site.14, 6, 168, 174
908612.3.peg.1442.site.15, 1, 178, 179
908612.3.peg.1442.site.16, 0, 177, 177
908612.3.peg.1442.site.17, 49, 173, 222
908612.3.peg.1442.site.18, 1, 177, 178
908612.3.peg.1442.site.19, 1, 178, 179
908612.3.peg.1442.site.20, 12, 174, 186
908612.3.peg.1442.site.21, 0, 180, 180
908612.3.peg.1442.site.22, 17, 179, 196
908612.3.peg.1442.site.23, 1, 180, 181
908612.3.peg.1442.site.24, 12, 178, 190
908612.3.peg.1442.site.25, 1, 180, 181
908612.3.peg.1442.site.26, 68, 180, 248
908612.3.peg.1442.site.27, 68, 180, 248
908612.3.peg.1442.site.28, 0, 179, 179
908612.3.peg.1442.site.29, 13, 180, 193
908612.3.peg.1442.site.30, 21, 179, 200
908612.3.peg.1442.site.31, 1, 180, 181
908612.3.peg.1445.site.1, 2, 180, 182
908612.3.peg.1445.site.2, 33, 178, 211
908612.3.peg.1445.site.3, 0, 180, 180
908612.3.peg.1445.site.4, 1, 180, 181
908612.3.peg.1445.site.5, 21, 176, 197
908612.3.peg.1445.site.6, 14, 180, 194
908612.3.peg.1445.site.7, 0, 180, 180
908612.3.peg.1445.site.8, 1, 180, 181
908612.3.peg.1444.site.1, 4, 180, 184
908612.3.peg.1444.site.2, 10, 178, 188
908612.3.peg.1444.site.3, 3, 180, 183
908612.3.peg.1444.site.4, 0, 180, 180
908612.3.peg.1444.site.5, 16, 180, 196
908612.3.peg.1444.site.6, 14, 176, 190
908612.3.peg.1444.site.7, 0, 177, 177
908612.3.peg.1444.site.8, 1, 178, 179
908612.3.peg.1444.site.9, 87, 173, 260
908612.3.peg.1444.site.10, 0, 178, 178
908612.3.peg.1444.site.11, 0, 176, 176
908612.3.peg.1444.site.12, 1, 179, 180
908612.3.peg.1444.site.13, 2, 177, 179
908612.3.peg.1444.site.14, 2, 179, 181
908612.3.peg.1444.site.15, 2, 179, 181
908612.3.peg.1444.site.16, 0, 179, 179
908612.3.peg.1444.site.17, 3, 179, 182
908612.3.peg.1444.site.18, 0, 179, 179
908612.3.peg.1444.site.19, 6, 180, 186
908612.3.peg.1444.site.20, 11, 180, 191
908612.3.peg.1444.site.21, 2, 180, 182
908612.3.peg.1444.site.22, 22, 178, 200
908612.3.peg.1444.site.23, 0, 180, 180
908612.3.peg.1444.site.24, 1, 180, 181
908612.3.peg.1444.site.25, 14, 168, 182
908612.3.peg.1444.site.26, 2, 178, 180
908612.3.peg.1444.site.27, 110, 152, 262
908612.3.peg.1444.site.28, 15, 122, 137
908612.3.peg.1444.site.29, 13, 120, 133
908612.3.peg.1444.site.30, 99, 141, 240
908612.3.peg.1444.site.31, 0, 171, 171
908612.3.peg.1444.site.32, 14, 138, 152
908612.3.peg.1444.site.33, 0, 155, 155
908612.3.peg.1444.site.34, 0, 153, 153
908612.3.peg.1444.site.35, 0, 153, 153
908612.3.peg.1444.site.36, 19, 178, 197
908612.3.peg.1444.site.37, 0, 175, 175
908612.3.peg.1444.site.38, 0, 170, 170
908612.3.peg.1444.site.39, 0, 170, 170
908612.3.peg.1444.site.40, 39, 168, 207
908612.3.peg.1444.site.41, 0, 177, 177
908612.3.peg.1444.site.42, 0, 180, 180
908612.3.peg.1444.site.43, 2, 174, 176
908612.3.peg.1444.site.44, 2, 173, 175
908612.3.peg.1444.site.45, 0, 180, 180
908612.3.peg.2459.site.1, 9, 179, 188
908612.3.peg.2459.site.2, 42, 175, 217
908612.3.peg.2459.site.3, 12, 178, 190
908612.3.peg.2459.site.4, 37, 176, 213
908612.3.peg.2459.site.5, 5, 178, 183
908612.3.peg.2459.site.6, 1, 177, 178
908612.3.peg.2459.site.7, 1, 179, 180
908612.3.peg.2459.site.8, 19, 179, 198
908612.3.peg.2459.site.9, 4, 175, 179
908612.3.peg.2459.site.10, 2, 177, 179
908612.3.peg.2459.site.11, 0, 178, 178
908612.3.peg.2459.site.12, 9, 177, 186
908612.3.peg.2459.site.13, 1, 178, 179
908612.3.peg.2459.site.14, 24, 177, 201
908612.3.peg.2459.site.15, 17, 170, 187
908612.3.peg.2459.site.16, 20, 163, 183
908612.3.peg.2459.site.17, 4, 165, 169
908612.3.peg.2459.site.18, 14, 161, 175
908612.3.peg.2459.site.19, 31, 168, 199
908612.3.peg.2459.site.20, 0, 173, 173
908612.3.peg.2459.site.21, 5, 172, 177
908612.3.peg.2459.site.22, 1, 179, 180
908612.3.peg.2459.site.23, 7, 180, 187
908612.3.peg.2459.site.24, 6, 180, 186
908612.3.peg.2459.site.25, 18, 177, 195
908612.3.peg.2459.site.26, 0, 175, 175
908612.3.peg.2459.site.27, 0, 176, 176
908612.3.peg.2459.site.28, 2, 170, 172
908612.3.peg.2459.site.29, 2, 169, 171
908612.3.peg.2459.site.30, 0, 148, 148
908612.3.peg.2459.site.31, 0, 142, 142
908612.3.peg.2459.site.32, 0, 139, 139
908612.3.peg.2459.site.33, 0, 140, 140
908612.3.peg.2459.site.34, 22, 178, 200
908612.3.peg.2459.site.35, 10, 179, 189
908612.3.peg.2459.site.36, 8, 180, 188
908612.3.peg.2459.site.37, 3, 180, 183
908612.3.peg.1446.site.1, 62, 127, 189
908612.3.peg.1446.site.2, 50, 123, 173
908612.3.peg.1446.site.3, 49, 122, 171
908612.3.peg.1446.site.4, 100, 174, 274
908612.3.peg.1446.site.5, 0, 179, 179
908612.3.peg.1446.site.6, 129, 175, 304
908612.3.peg.1446.site.7, 94, 170, 264
908612.3.peg.1446.site.8, 96, 170, 266
908612.3.peg.1446.site.9, 99, 171, 270
908612.3.peg.1446.site.10, 48, 174, 222
908612.3.peg.1446.site.11, 45, 173, 218
908612.3.peg.1446.site.12, 0, 179, 179
908612.3.peg.1446.site.13, 48, 174, 222
908612.3.peg.1446.site.14, 5, 176, 181
908612.3.peg.1446.site.15, 48, 174, 222
908612.3.peg.1446.site.16, 49, 175, 224
908612.3.peg.1446.site.17, 5, 176, 181
908612.3.peg.1446.site.18, 0, 179, 179
908612.3.peg.1446.site.19, 48, 176, 224
908612.3.peg.1446.site.20, 0, 179, 179
908612.3.peg.1446.site.21, 0, 176, 176
908612.3.peg.1446.site.22, 1, 159, 160
908612.3.peg.1446.site.23, 28, 69, 97
908612.3.peg.1446.site.24, 2, 40, 42
908612.3.peg.1446.site.25, 27, 176, 203
908612.3.peg.1446.site.26, 1, 178, 179
908612.3.peg.1446.site.27, 5, 178, 183
908612.3.peg.1446.site.28, 32, 178, 210
908612.3.peg.1446.site.29, 69, 175, 244
908612.3.peg.1446.site.30, 69, 175, 244
908612.3.peg.1446.site.31, 79, 174, 253
908612.3.peg.1446.site.32, 1, 177, 178
908612.3.peg.1446.site.33, 122, 176, 298
908612.3.peg.1446.site.34, 2, 178, 180
908612.3.peg.1446.site.35, 1, 173, 174
908612.3.peg.1446.site.36, 4, 147, 151
908612.3.peg.1446.site.37, 54, 150, 204
908612.3.peg.1446.site.38, 71, 173, 244
908612.3.peg.1446.site.39, 70, 173, 243
908612.3.peg.1446.site.40, 0, 178, 178
908612.3.peg.1446.site.41, 1, 177, 178
908612.3.peg.1446.site.42, 4, 179, 183
908612.3.peg.1446.site.43, 1, 178, 179
908612.3.peg.1446.site.44, 72, 173, 245
908612.3.peg.1446.site.45, 72, 173, 245
908612.3.peg.1446.site.46, 9, 175, 184
908612.3.peg.1446.site.47, 68, 169, 237
908612.3.peg.1446.site.48, 58, 165, 223
908612.3.peg.1446.site.49, 7, 173, 180
908612.3.peg.1446.site.50, 65, 171, 236
908612.3.peg.1449.site.1, 74, 177, 251
908612.3.peg.1449.site.2, 0, 179, 179
908612.3.peg.1449.site.3, 2, 180, 182
908612.3.peg.1449.site.4, 1, 179, 180
908612.3.peg.1449.site.5, 30, 178, 208
908612.3.peg.1449.site.6, 0, 180, 180
908612.3.peg.1449.site.7, 30, 178, 208
908612.3.peg.1449.site.8, 2, 180, 182
908612.3.peg.1449.site.9, 30, 178, 208
908612.3.peg.1449.site.10, 2, 180, 182
908612.3.peg.1449.site.11, 1, 179, 180
908612.3.peg.1449.site.12, 17, 178, 195
908612.3.peg.1449.site.13, 23, 178, 201
908612.3.peg.1449.site.14, 30, 177, 207
908612.3.peg.1449.site.15, 19, 177, 196
908612.3.peg.1449.site.16, 49, 178, 227
908612.3.peg.1449.site.17, 47, 176, 223
908612.3.peg.1449.site.18, 5, 177, 182
908612.3.peg.1449.site.19, 23, 178, 201
908612.3.peg.1449.site.20, 61, 174, 235
908612.3.peg.1449.site.21, 11, 179, 190
908612.3.peg.1449.site.22, 7, 173, 180
908612.3.peg.1449.site.23, 14, 176, 190
908612.3.peg.1449.site.24, 15, 177, 192
908612.3.peg.1449.site.25, 133, 175, 308
908612.3.peg.1449.site.26, 27, 179, 206
908612.3.peg.1449.site.27, 23, 178, 201
908612.3.peg.1449.site.28, 79, 177, 256
908612.3.peg.1449.site.29, 28, 179, 207
908612.3.peg.1449.site.30, 2, 179, 181
908612.3.peg.1449.site.31, 28, 178, 206
908612.3.peg.1449.site.32, 17, 178, 195
908612.3.peg.1449.site.33, 2, 180, 182
908612.3.peg.1449.site.34, 118, 175, 293
908612.3.peg.1449.site.35, 13, 180, 193
908612.3.peg.1449.site.36, 54, 175, 229
908612.3.peg.1449.site.37, 2, 179, 181
908612.3.peg.2456.site.1, 11, 172, 183
908612.3.peg.2456.site.2, 4, 171, 175
908612.3.peg.2456.site.3, 21, 160, 181
908612.3.peg.2456.site.4, 1, 145, 146
908612.3.peg.2456.site.5, 1, 152, 153
908612.3.peg.2456.site.6, 134, 177, 311
908612.3.peg.2456.site.7, 132, 176, 308
908612.3.peg.2456.site.8, 22, 177, 199
908612.3.peg.2456.site.9, 1, 177, 178
908612.3.peg.2454.site.1, 8, 180, 188
908612.3.peg.2454.site.2, 0, 179, 179
908612.3.peg.2454.site.3, 73, 178, 251
908612.3.peg.2454.site.4, 77, 179, 256
908612.3.peg.2454.site.5, 53, 176, 229
908612.3.peg.2454.site.6, 27, 175, 202
908612.3.peg.2454.site.7, 25, 176, 201
908612.3.peg.2454.site.8, 2, 180, 182
908612.3.peg.2454.site.9, 15, 177, 192
908612.3.peg.2454.site.10, 9, 179, 188
908612.3.peg.2454.site.11, 28, 177, 205
908612.3.peg.2454.site.12, 55, 175, 230
908612.3.peg.2454.site.13, 2, 180, 182
908612.3.peg.2454.site.14, 3, 175, 178
908612.3.peg.2454.site.15, 21, 170, 191
908612.3.peg.2454.site.16, 19, 168, 187
908612.3.peg.2454.site.17, 3, 171, 174
908612.3.peg.2454.site.18, 20, 176, 196
908612.3.peg.2454.site.19, 1, 179, 180
908612.3.peg.2454.site.20, 2, 180, 182
908612.3.peg.2454.site.21, 2, 178, 180
908612.3.peg.2454.site.22, 1, 179, 180
908612.3.peg.2454.site.23, 31, 176, 207
908612.3.peg.2454.site.24, 4, 173, 177
908612.3.peg.2454.site.25, 0, 174, 174
908612.3.peg.2454.site.26, 0, 177, 177
908612.3.peg.2454.site.27, 3, 179, 182
908612.3.peg.2454.site.28, 2, 180, 182
908612.3.peg.2454.site.29, 4, 179, 183
908612.3.peg.2454.site.30, 38, 178, 216
908612.3.peg.2454.site.31, 29, 179, 208
908612.3.peg.2454.site.32, 4, 180, 184
908612.3.peg.2454.site.33, 3, 179, 182
908612.3.peg.2454.site.34, 22, 180, 202
908612.3.peg.2454.site.35, 63, 177, 240
908612.3.peg.2454.site.36, 62, 175, 237
908612.3.peg.2454.site.37, 6, 180, 186
908612.3.peg.2454.site.38, 3, 180, 183
908612.3.peg.2454.site.39, 26, 178, 204
908612.3.peg.2454.site.40, 0, 180, 180
908612.3.peg.2454.site.41, 26, 178, 204
908612.3.peg.2454.site.42, 9, 178, 187
908612.3.peg.2454.site.43, 92, 168, 260
908612.3.peg.2454.site.44, 22, 151, 173
908612.3.peg.2454.site.45, 22, 150, 172
908612.3.peg.2454.site.46, 6, 153, 159
908612.3.peg.2454.site.47, 24, 155, 179
908612.3.peg.2454.site.48, 25, 179, 204
908612.3.peg.2454.site.49, 0, 179, 179
908612.3.peg.2454.site.50, 0, 180, 180
908612.3.peg.2454.site.51, 0, 180, 180
908612.3.peg.2454.site.52, 0, 179, 179
908612.3.peg.2454.site.53, 0, 179, 179
908612.3.peg.2454.site.54, 131, 178, 309
908612.3.peg.2454.site.55, 78, 177, 255
908612.3.peg.2454.site.56, 7, 179, 186
908612.3.peg.2454.site.57, 149, 178, 327
908612.3.peg.2454.site.58, 0, 180, 180
908612.3.peg.2454.site.59, 0, 180, 180
908612.3.peg.2454.site.60, 4, 179, 183
908612.3.peg.2454.site.61, 3, 180, 183
908612.3.peg.2454.site.62, 6, 180, 186
908612.3.peg.2454.site.63, 11, 180, 191
908612.3.peg.2454.site.64, 2, 179, 181
908612.3.peg.2454.site.65, 10, 178, 188
908612.3.peg.2454.site.66, 0, 180, 180
908612.3.peg.2454.site.67, 1, 180, 181
908612.3.peg.2454.site.68, 2, 180, 182
908612.3.peg.2454.site.69, 6, 176, 182
908612.3.peg.2454.site.70, 6, 177, 183
908612.3.peg.2453.site.1, 2, 173, 175
908612.3.peg.2453.site.2, 5, 175, 180
908612.3.peg.2453.site.3, 47, 167, 214
908612.3.peg.2453.site.4, 3, 172, 175
908612.3.peg.2453.site.5, 3, 174, 177
908612.3.peg.2453.site.6, 23, 175, 198
908612.3.peg.2453.site.7, 19, 178, 197
908612.3.peg.2453.site.8, 119, 177, 296
908612.3.peg.2453.site.9, 10, 177, 187
908612.3.peg.2453.site.10, 8, 178, 186
908612.3.peg.2453.site.11, 6, 180, 186
908612.3.peg.2453.site.12, 2, 179, 181
908612.3.peg.2453.site.13, 0, 179, 179
908612.3.peg.2453.site.14, 2, 175, 177
908612.3.peg.2453.site.15, 2, 176, 178
908612.3.peg.2453.site.16, 107, 173, 280
908612.3.peg.2453.site.17, 0, 175, 175
908612.3.peg.2453.site.18, 3, 175, 178
908612.3.peg.2453.site.19, 2, 175, 177
908612.3.peg.2453.site.20, 1, 178, 179
908612.3.peg.2453.site.21, 11, 177, 188
908612.3.peg.2453.site.22, 0, 161, 161
908612.3.peg.2453.site.23, 11, 177, 188
908612.3.peg.2453.site.24, 2, 179, 181
908612.3.peg.2453.site.25, 0, 179, 179
908612.3.peg.2453.site.26, 94, 174, 268
908612.3.peg.2453.site.27, 6, 179, 185
908612.3.peg.2453.site.28, 0, 180, 180
908612.3.peg.2453.site.29, 20, 177, 197
908612.3.peg.2453.site.30, 0, 173, 173
908612.3.peg.2453.site.31, 2, 173, 175
908612.3.peg.2453.site.32, 43, 170, 213
908612.3.peg.2453.site.33, 30, 178, 208
908612.3.peg.2453.site.34, 1, 180, 181
908612.3.peg.2453.site.35, 6, 177, 183
908612.3.peg.2453.site.36, 5, 174, 179
908612.3.peg.2453.site.37, 0, 177, 177
908612.3.peg.2453.site.38, 57, 178, 235
908612.3.peg.2453.site.39, 8, 180, 188
908612.3.peg.2453.site.40, 4, 179, 183
908612.3.peg.2453.site.41, 59, 175, 234
908612.3.peg.2453.site.42, 2, 179, 181
908612.3.peg.2453.site.43, 15, 180, 195
908612.3.peg.2453.site.44, 8, 180, 188
908612.3.peg.2453.site.45, 84, 176, 260
908612.3.peg.2453.site.46, 1, 179, 180
908612.3.peg.2453.site.47, 84, 174, 258
908612.3.peg.2453.site.48, 30, 166, 196
908612.3.peg.2453.site.49, 1, 165, 166
908612.3.peg.2453.site.50, 1, 171, 172
908612.3.peg.2451.site.1, 1, 171, 172
908612.3.peg.2451.site.2, 15, 165, 180
908612.3.peg.2451.site.3, 0, 161, 161
908612.3.peg.2451.site.4, 8, 158, 166
908612.3.peg.2451.site.5, 39, 170, 209
908612.3.peg.2451.site.6, 4, 173, 177
908612.3.peg.2451.site.7, 111, 168, 279
908612.3.peg.2451.site.8, 3, 170, 173
908612.3.peg.2451.site.9, 2, 176, 178
908612.3.peg.2451.site.10, 39, 169, 208
908612.3.peg.2451.site.11, 2, 173, 175
908612.3.peg.2451.site.12, 38, 170, 208
908612.3.peg.2451.site.13, 38, 172, 210
908612.3.peg.2451.site.14, 48, 147, 195
908612.3.peg.2451.site.15, 1, 166, 167
908612.3.peg.2451.site.16, 0, 179, 179
908612.3.peg.2451.site.17, 40, 176, 216
908612.3.peg.2451.site.18, 0, 179, 179
908612.3.peg.2451.site.19, 0, 180, 180
908612.3.peg.2451.site.20, 19, 180, 199
908612.3.peg.2451.site.21, 15, 179, 194
908612.3.peg.2450.site.1, 132, 169, 301
908612.3.peg.2450.site.2, 1, 177, 178
908612.3.peg.2450.site.3, 1, 175, 176
908612.3.peg.2450.site.4, 1, 177, 178
908612.3.peg.2450.site.5, 1, 175, 176
908612.3.peg.2450.site.6, 29, 167, 196
908612.3.peg.2450.site.7, 94, 169, 263
908612.3.peg.2450.site.8, 2, 178, 180
908612.3.peg.2450.site.9, 0, 177, 177
908612.3.peg.2450.site.10, 1, 166, 167
908612.3.peg.2450.site.11, 0, 169, 169
908612.3.peg.2450.site.12, 29, 166, 195
908612.3.peg.2450.site.13, 123, 165, 288
908612.3.peg.2450.site.14, 3, 169, 172
908612.3.peg.2450.site.15, 5, 166, 171
908612.3.peg.2450.site.16, 35, 171, 206
908612.3.peg.2450.site.17, 0, 175, 175
908612.3.peg.2450.site.18, 2, 166, 168
908612.3.peg.2450.site.19, 4, 175, 179
908612.3.peg.2450.site.20, 110, 170, 280
908612.3.peg.2450.site.21, 103, 167, 270
908612.3.peg.2450.site.22, 78, 139, 217
908612.3.peg.2450.site.23, 78, 139, 217
908612.3.peg.2450.site.24, 83, 136, 219
908612.3.peg.2450.site.25, 88, 154, 242
908612.3.peg.2450.site.26, 30, 173, 203
908612.3.peg.2450.site.27, 2, 177, 179
908612.3.peg.2450.site.28, 1, 85, 86
908612.3.peg.2450.site.29, 53, 86, 139
908612.3.peg.2450.site.30, 5, 92, 97
908612.3.peg.2450.site.31, 2, 175, 177
908612.3.peg.2450.site.32, 19, 173, 192
908612.3.peg.2450.site.33, 7, 176, 183
908612.3.peg.2450.site.34, 8, 159, 167
908612.3.peg.2450.site.35, 1, 103, 104
908612.3.peg.2450.site.36, 16, 84, 100
908612.3.peg.2858.site.1, 2, 173, 175
908612.3.peg.2858.site.2, 2, 172, 174
908612.3.peg.2858.site.3, 0, 173, 173
908612.3.peg.2858.site.4, 2, 175, 177
908612.3.peg.2858.site.5, 66, 173, 239
908612.3.peg.2858.site.6, 50, 168, 218
908612.3.peg.2858.site.7, 0, 172, 172
908612.3.peg.2858.site.8, 0, 173, 173
908612.3.peg.2858.site.9, 0, 171, 171
908612.3.peg.2858.site.10, 6, 159, 165
908612.3.peg.2858.site.11, 0, 154, 154
908612.3.peg.2858.site.12, 66, 141, 207
908612.3.peg.2858.site.13, 16, 172, 188
908612.3.peg.2858.site.14, 4, 171, 175
908612.3.peg.2858.site.15, 3, 170, 173
908612.3.peg.2858.site.16, 2, 172, 174
908612.3.peg.2858.site.17, 3, 172, 175
908612.3.peg.2858.site.18, 3, 173, 176
908612.3.peg.2858.site.19, 16, 173, 189
908612.3.peg.2858.site.20, 51, 174, 225
908612.3.peg.2858.site.21, 172, 175, 347
908612.3.peg.2858.site.22, 19, 174, 193
908612.3.peg.2858.site.23, 6, 174, 180
908612.3.peg.2858.site.24, 6, 175, 181
908612.3.peg.2858.site.25, 21, 175, 196
908612.3.peg.2858.site.26, 112, 167, 279
908612.3.peg.2858.site.27, 18, 174, 192
908612.3.peg.2858.site.28, 1, 173, 174
908612.3.peg.2858.site.29, 0, 175, 175
908612.3.peg.2858.site.30, 2, 175, 177
908612.3.peg.2858.site.31, 158, 172, 330
908612.3.peg.2858.site.32, 133, 169, 302
908612.3.peg.2858.site.33, 9, 173, 182
908612.3.peg.2858.site.34, 3, 174, 177
908612.3.peg.2858.site.35, 119, 171, 290
908612.3.peg.2858.site.36, 3, 173, 176
908612.3.peg.2858.site.37, 7, 170, 177
908612.3.peg.2858.site.38, 0, 172, 172
908612.3.peg.2858.site.39, 3, 172, 175
908612.3.peg.2858.site.40, 45, 169, 214
908612.3.peg.2858.site.41, 4, 173, 177
908612.3.peg.2858.site.42, 1, 175, 176
908612.3.peg.2858.site.43, 1, 174, 175
908612.3.peg.2858.site.44, 0, 175, 175
908612.3.peg.2858.site.45, 1, 175, 176
908612.3.peg.2858.site.46, 1, 174, 175
908612.3.peg.2858.site.47, 128, 173, 301
908612.3.peg.2858.site.48, 1, 175, 176
908612.3.peg.2858.site.49, 10, 172, 182
908612.3.peg.2858.site.50, 1, 173, 174
908612.3.peg.2858.site.51, 6, 172, 178
908612.3.peg.2858.site.52, 7, 175, 182
908612.3.peg.2858.site.53, 73, 171, 244
908612.3.peg.2858.site.54, 5, 172, 177
908612.3.peg.2858.site.55, 1, 174, 175
908612.3.peg.2858.site.56, 51, 172, 223
908612.3.peg.2858.site.57, 67, 168, 235
908612.3.peg.2858.site.58, 67, 170, 237
908612.3.peg.2858.site.59, 42, 168, 210
908612.3.peg.2853.site.1, 0, 175, 175
908612.3.peg.2853.site.2, 3, 175, 178
908612.3.peg.2853.site.3, 3, 174, 177
908612.3.peg.2853.site.4, 1, 174, 175
908612.3.peg.2853.site.5, 13, 175, 188
908612.3.peg.2853.site.6, 73, 173, 246
908612.3.peg.2853.site.7, 0, 173, 173
908612.3.peg.2853.site.8, 1, 172, 173
908612.3.peg.2853.site.9, 104, 168, 272
908612.3.peg.2853.site.10, 1, 173, 174
908612.3.peg.2853.site.11, 19, 169, 188
908612.3.peg.2853.site.12, 94, 165, 259
908612.3.peg.2853.site.13, 2, 155, 157
908612.3.peg.2853.site.14, 77, 146, 223
908612.3.peg.2853.site.15, 44, 142, 186
908612.3.peg.2853.site.16, 106, 165, 271
908612.3.peg.2853.site.17, 4, 175, 179
908612.3.peg.2853.site.18, 112, 170, 282
908612.3.peg.2853.site.19, 62, 170, 232
908612.3.peg.2853.site.20, 154, 172, 326
908612.3.peg.2853.site.21, 0, 173, 173
908612.3.peg.2853.site.22, 0, 175, 175
908612.3.peg.2853.site.23, 6, 174, 180
908612.3.peg.2853.site.24, 2, 175, 177
908612.3.peg.2853.site.25, 1, 171, 172
908612.3.peg.2853.site.26, 9, 175, 184
908612.3.peg.2853.site.27, 0, 175, 175
908612.3.peg.2853.site.28, 2, 173, 175
908612.3.peg.2852.site.1, 1, 176, 177
908612.3.peg.2852.site.2, 10, 177, 187
908612.3.peg.2852.site.3, 0, 177, 177
908612.3.peg.2852.site.4, 0, 177, 177
908612.3.peg.2852.site.5, 0, 176, 176
908612.3.peg.2852.site.6, 14, 167, 181
908612.3.peg.2852.site.7, 109, 167, 276
908612.3.peg.2852.site.8, 37, 169, 206
908612.3.peg.2852.site.9, 15, 172, 187
908612.3.peg.2852.site.10, 23, 174, 197
908612.3.peg.2852.site.11, 47, 172, 219
908612.3.peg.2852.site.12, 0, 176, 176
908612.3.peg.2852.site.13, 0, 176, 176
908612.3.peg.2852.site.14, 13, 177, 190
908612.3.peg.2852.site.15, 0, 177, 177
908612.3.peg.2852.site.16, 33, 176, 209
908612.3.peg.2852.site.17, 126, 168, 294
908612.3.peg.2852.site.18, 3, 176, 179
908612.3.peg.2852.site.19, 176, 176, 352
908612.3.peg.2852.site.20, 2, 173, 175
908612.3.peg.2852.site.21, 104, 172, 276
908612.3.peg.2852.site.22, 10, 175, 185
908612.3.peg.2852.site.23, 3, 174, 177
908612.3.peg.2852.site.24, 2, 175, 177
908612.3.peg.2852.site.25, 0, 176, 176
908612.3.peg.2852.site.26, 0, 174, 174
908612.3.peg.2852.site.27, 17, 172, 189
908612.3.peg.2852.site.28, 6, 169, 175
908612.3.peg.2852.site.29, 0, 149, 149
908612.3.peg.2852.site.30, 80, 142, 222
908612.3.peg.2852.site.31, 15, 134, 149
908612.3.peg.2852.site.32, 0, 163, 163
908612.3.peg.2852.site.33, 17, 173, 190
908612.3.peg.2852.site.34, 5, 177, 182
908612.3.peg.2852.site.35, 6, 167, 173
908612.3.peg.2852.site.36, 66, 160, 226
908612.3.peg.2852.site.37, 74, 170, 244
908612.3.peg.2852.site.38, 6, 174, 180
908612.3.peg.2852.site.39, 67, 169, 236
908612.3.peg.2852.site.40, 1, 174, 175
908612.3.peg.2852.site.41, 66, 161, 227
908612.3.peg.2852.site.42, 24, 174, 198
908612.3.peg.2852.site.43, 24, 176, 200
908612.3.peg.2852.site.44, 10, 174, 184
908612.3.peg.2852.site.45, 46, 173, 219
908612.3.peg.2852.site.46, 0, 177, 177
908612.3.peg.2852.site.47, 2, 176, 178
908612.3.peg.2852.site.48, 0, 173, 173
908612.3.peg.2852.site.49, 0, 171, 171
908612.3.peg.2852.site.50, 0, 170, 170
908612.3.peg.2852.site.51, 0, 175, 175
908612.3.peg.2852.site.52, 0, 175, 175
908612.3.peg.2852.site.53, 0, 177, 177
908612.3.peg.2852.site.54, 35, 175, 210
908612.3.peg.2852.site.55, 2, 176, 178
908612.3.peg.2852.site.56, 21, 177, 198
908612.3.peg.2852.site.57, 2, 176, 178
908612.3.peg.2852.site.58, 2, 175, 177
908612.3.peg.2852.site.59, 0, 174, 174
908612.3.peg.2852.site.60, 2, 174, 176
908612.3.peg.2852.site.61, 40, 174, 214
908612.3.peg.2852.site.62, 27, 174, 201
908612.3.peg.2852.site.63, 27, 174, 201
908612.3.peg.2852.site.64, 134, 173, 307
908612.3.peg.2852.site.65, 8, 167, 175
908612.3.peg.2852.site.66, 3, 170, 173
908612.3.peg.2852.site.67, 5, 174, 179
908612.3.peg.2852.site.68, 5, 174, 179
908612.3.peg.2852.site.69, 15, 173, 188
908612.3.peg.2852.site.70, 9, 174, 183
908612.3.peg.2852.site.71, 8, 173, 181
908612.3.peg.2852.site.72, 131, 171, 302
908612.3.peg.2852.site.73, 7, 174, 181
908612.3.peg.2852.site.74, 9, 174, 183
908612.3.peg.2852.site.75, 0, 173, 173
908612.3.peg.2852.site.76, 0, 174, 174
908612.3.peg.2852.site.77, 66, 170, 236
908612.3.peg.2852.site.78, 58, 167, 225
908612.3.peg.2852.site.79, 82, 161, 243
908612.3.peg.2852.site.80, 33, 174, 207
908612.3.peg.2852.site.81, 5, 174, 179
908612.3.peg.2852.site.82, 3, 173, 176
908612.3.peg.2852.site.83, 83, 171, 254
908612.3.peg.2852.site.84, 0, 173, 173
908612.3.peg.2852.site.85, 0, 174, 174
908612.3.peg.2852.site.86, 4, 173, 177
908612.3.peg.2852.site.87, 0, 168, 168
908612.3.peg.2852.site.88, 7, 173, 180
908612.3.peg.2852.site.89, 7, 173, 180
908612.3.peg.2851.site.1, 1, 179, 180
908612.3.peg.2851.site.2, 15, 180, 195
908612.3.peg.2851.site.3, 170, 178, 348
908612.3.peg.2851.site.4, 1, 180, 181
908612.3.peg.2851.site.5, 167, 175, 342
908612.3.peg.2851.site.6, 163, 171, 334
908612.3.peg.2851.site.7, 10, 171, 181
908612.3.peg.2851.site.8, 7, 91, 98
908612.3.peg.2851.site.9, 75, 78, 153
908612.3.peg.2851.site.10, 81, 90, 171
908612.3.peg.2851.site.11, 2, 78, 80
908612.3.peg.2851.site.12, 1, 46, 47
908612.3.peg.2851.site.13, 3, 9, 12
908612.3.peg.2851.site.14, 13, 21, 34
908612.3.peg.2851.site.15, 32, 37, 69
908612.3.peg.2851.site.16, 1, 176, 177
908612.3.peg.2851.site.17, 169, 173, 342
908612.3.peg.2851.site.18, 1, 174, 175
908612.3.peg.2851.site.19, 0, 179, 179
908612.3.peg.2851.site.20, 1, 178, 179
908612.3.peg.2850.site.1, 0, 180, 180
908612.3.peg.2850.site.2, 0, 180, 180
908612.3.peg.2850.site.3, 40, 177, 217
908612.3.peg.2850.site.4, 0, 178, 178
908612.3.peg.2850.site.5, 2, 180, 182
908612.3.peg.2850.site.6, 11, 179, 190
908612.3.peg.2850.site.7, 0, 179, 179
908612.3.peg.2850.site.8, 73, 177, 250
908612.3.peg.2850.site.9, 2, 180, 182
908612.3.peg.2850.site.10, 0, 180, 180
908612.3.peg.2850.site.11, 5, 180, 185
908612.3.peg.2850.site.12, 0, 180, 180
908612.3.peg.2850.site.13, 61, 176, 237
908612.3.peg.2850.site.14, 62, 176, 238
908612.3.peg.2857.site.1, 2, 175, 177
908612.3.peg.2857.site.2, 1, 174, 175
908612.3.peg.2857.site.3, 82, 171, 253
908612.3.peg.2857.site.4, 164, 175, 339
908612.3.peg.2857.site.5, 6, 175, 181
908612.3.peg.2857.site.6, 36, 174, 210
908612.3.peg.2857.site.7, 3, 174, 177
908612.3.peg.2857.site.8, 1, 174, 175
908612.3.peg.2857.site.9, 2, 174, 176
908612.3.peg.2857.site.10, 9, 174, 183
908612.3.peg.2857.site.11, 0, 175, 175
908612.3.peg.2857.site.12, 2, 170, 172
908612.3.peg.2857.site.13, 0, 172, 172
908612.3.peg.2857.site.14, 9, 172, 181
908612.3.peg.2857.site.15, 11, 173, 184
908612.3.peg.2857.site.16, 0, 174, 174
908612.3.peg.2857.site.17, 3, 175, 178
908612.3.peg.2857.site.18, 0, 174, 174
908612.3.peg.2857.site.19, 0, 168, 168
908612.3.peg.2857.site.20, 1, 171, 172
908612.3.peg.2857.site.21, 88, 174, 262
908612.3.peg.2857.site.22, 61, 169, 230
908612.3.peg.2857.site.23, 0, 171, 171
908612.3.peg.2857.site.24, 0, 172, 172
908612.3.peg.2857.site.25, 101, 164, 265
908612.3.peg.2857.site.26, 3, 174, 177
908612.3.peg.2857.site.27, 18, 172, 190
908612.3.peg.2857.site.28, 6, 174, 180
908612.3.peg.2857.site.29, 1, 175, 176
908612.3.peg.2857.site.30, 50, 173, 223
908612.3.peg.2857.site.31, 146, 170, 316
908612.3.peg.2856.site.1, 8, 174, 182
908612.3.peg.2856.site.2, 0, 172, 172
908612.3.peg.2856.site.3, 5, 174, 179
908612.3.peg.2856.site.4, 5, 174, 179
908612.3.peg.2856.site.5, 1, 175, 176
908612.3.peg.2856.site.6, 1, 174, 175
908612.3.peg.2856.site.7, 0, 173, 173
908612.3.peg.2856.site.8, 2, 172, 174
908612.3.peg.2856.site.9, 6, 173, 179
908612.3.peg.2856.site.10, 33, 172, 205
908612.3.peg.2856.site.11, 4, 173, 177
908612.3.peg.2856.site.12, 0, 174, 174
908612.3.peg.2856.site.13, 3, 175, 178
908612.3.peg.2856.site.14, 5, 174, 179
908612.3.peg.2856.site.15, 3, 171, 174
908612.3.peg.2856.site.16, 20, 166, 186
908612.3.peg.2856.site.17, 29, 166, 195
908612.3.peg.2856.site.18, 0, 175, 175
908612.3.peg.2856.site.19, 66, 173, 239
908612.3.peg.2856.site.20, 4, 175, 179
908612.3.peg.2856.site.21, 2, 173, 175
908612.3.peg.2856.site.22, 13, 174, 187
908612.3.peg.2856.site.23, 54, 174, 228
908612.3.peg.2856.site.24, 1, 175, 176
908612.3.peg.2856.site.25, 0, 174, 174
908612.3.peg.2856.site.26, 23, 169, 192
908612.3.peg.2856.site.27, 20, 165, 185
908612.3.peg.2856.site.28, 36, 166, 202
908612.3.peg.2856.site.29, 67, 174, 241
908612.3.peg.2856.site.30, 14, 171, 185
908612.3.peg.2856.site.31, 14, 172, 186
908612.3.peg.2856.site.32, 49, 169, 218
908612.3.peg.2856.site.33, 14, 173, 187
908612.3.peg.2856.site.34, 79, 170, 249
908612.3.peg.2856.site.35, 2, 175, 177
908612.3.peg.2855.site.1, 0, 173, 173
908612.3.peg.2855.site.2, 8, 174, 182
908612.3.peg.2855.site.3, 122, 169, 291
908612.3.peg.2855.site.4, 11, 172, 183
908612.3.peg.2855.site.5, 3, 174, 177
908612.3.peg.2855.site.6, 9, 173, 182
908612.3.peg.2855.site.7, 40, 171, 211
908612.3.peg.2855.site.8, 1, 175, 176
908612.3.peg.2855.site.9, 8, 175, 183
908612.3.peg.2855.site.10, 50, 170, 220
908612.3.peg.2855.site.11, 8, 173, 181
908612.3.peg.2855.site.12, 3, 171, 174
908612.3.peg.2855.site.13, 114, 126, 240
908612.3.peg.2855.site.14, 30, 120, 150
908612.3.peg.2855.site.15, 2, 166, 168
908612.3.peg.2855.site.16, 2, 166, 168
908612.3.peg.2855.site.17, 1, 169, 170
908612.3.peg.2855.site.18, 7, 173, 180
908612.3.peg.2855.site.19, 8, 169, 177
908612.3.peg.2855.site.20, 8, 164, 172
908612.3.peg.2855.site.21, 9, 173, 182
908612.3.peg.2855.site.22, 0, 175, 175
908612.3.peg.2855.site.23, 2, 175, 177
908612.3.peg.2854.site.1, 3, 175, 178
908612.3.peg.2854.site.2, 1, 174, 175
908612.3.peg.2854.site.3, 2, 173, 175
908612.3.peg.2854.site.4, 4, 174, 178
908612.3.peg.2854.site.5, 15, 173, 188
908612.3.peg.2854.site.6, 21, 168, 189
908612.3.peg.2854.site.7, 0, 171, 171
908612.3.peg.2854.site.8, 3, 166, 169
908612.3.peg.2854.site.9, 49, 152, 201
908612.3.peg.2854.site.10, 92, 170, 262
908612.3.peg.2854.site.11, 2, 173, 175
908612.3.peg.2854.site.12, 4, 173, 177
908612.3.peg.2854.site.13, 43, 171, 214
908612.3.peg.2854.site.14, 28, 173, 201
908612.3.peg.2854.site.15, 0, 174, 174
908612.3.peg.2854.site.16, 2, 174, 176
908612.3.peg.2854.site.17, 3, 166, 169
908612.3.peg.2854.site.18, 60, 167, 227
908612.3.peg.2854.site.19, 63, 171, 234
908612.3.peg.2854.site.20, 7, 173, 180
908612.3.peg.2854.site.21, 44, 171, 215
908612.3.peg.2854.site.22, 9, 172, 181
908612.3.peg.2854.site.23, 9, 173, 182
908612.3.peg.2854.site.24, 1, 175, 176
908612.3.peg.2854.site.25, 2, 173, 175
908612.3.peg.2854.site.26, 1, 171, 172
908612.3.peg.2854.site.27, 0, 172, 172
908612.3.peg.2854.site.28, 4, 168, 172
908612.3.peg.2854.site.29, 0, 168, 168
908612.3.peg.2854.site.30, 0, 169, 169
908612.3.peg.2854.site.31, 2, 161, 163
908612.3.peg.2854.site.32, 2, 158, 160
908612.3.peg.2854.site.33, 11, 172, 183
908612.3.peg.2854.site.34, 4, 170, 174
908612.3.peg.2854.site.35, 27, 167, 194
908612.3.peg.2854.site.36, 52, 167, 219
908612.3.peg.2854.site.37, 52, 164, 216
908612.3.peg.2854.site.38, 7, 168, 175
908612.3.peg.2854.site.39, 0, 169, 169
908612.3.peg.2854.site.40, 1, 172, 173
908612.3.peg.2854.site.41, 34, 173, 207
908612.3.peg.2854.site.42, 2, 172, 174
908612.3.peg.2854.site.43, 2, 173, 175
908612.3.peg.2854.site.44, 3, 172, 175
908612.3.peg.2854.site.45, 44, 164, 208
908612.3.peg.2854.site.46, 1, 167, 168
908612.3.peg.2854.site.47, 5, 169, 174
908612.3.peg.2854.site.48, 8, 174, 182
908612.3.peg.2854.site.49, 8, 174, 182
908612.3.peg.2854.site.50, 111, 171, 282
908612.3.peg.2854.site.51, 26, 173, 199
908612.3.peg.816.site.1, 40, 171, 211
908612.3.peg.816.site.2, 24, 174, 198
908612.3.peg.816.site.3, 22, 163, 185
908612.3.peg.816.site.4, 15, 164, 179
908612.3.peg.816.site.5, 33, 167, 200
908612.3.peg.816.site.6, 38, 172, 210
908612.3.peg.816.site.7, 4, 172, 176
908612.3.peg.816.site.8, 11, 169, 180
908612.3.peg.816.site.9, 5, 168, 173
908612.3.peg.816.site.10, 16, 166, 182
908612.3.peg.816.site.11, 0, 176, 176
908612.3.peg.816.site.12, 0, 178, 178
908612.3.peg.816.site.13, 6, 177, 183
908612.3.peg.816.site.14, 8, 177, 185
908612.3.peg.816.site.15, 28, 175, 203
908612.3.peg.816.site.16, 0, 177, 177
908612.3.peg.816.site.17, 38, 178, 216
908612.3.peg.816.site.18, 5, 178, 183
908612.3.peg.816.site.19, 0, 180, 180
908612.3.peg.816.site.20, 33, 177, 210
908612.3.peg.816.site.21, 27, 177, 204
908612.3.peg.816.site.22, 3, 170, 173
908612.3.peg.816.site.23, 1, 166, 167
908612.3.peg.816.site.24, 2, 177, 179
908612.3.peg.816.site.25, 4, 177, 181
908612.3.peg.816.site.26, 2, 176, 178
908612.3.peg.816.site.27, 3, 172, 175
908612.3.peg.816.site.28, 7, 174, 181
908612.3.peg.816.site.29, 7, 171, 178
908612.3.peg.816.site.30, 3, 178, 181
908612.3.peg.816.site.31, 2, 177, 179
908612.3.peg.816.site.32, 5, 177, 182
908612.3.peg.816.site.33, 1, 178, 179
908612.3.peg.816.site.34, 3, 180, 183
908612.3.peg.816.site.35, 3, 176, 179
908612.3.peg.816.site.36, 22, 178, 200
908612.3.peg.816.site.37, 10, 178, 188
908612.3.peg.817.site.1, 2, 180, 182
908612.3.peg.817.site.2, 1, 180, 181
908612.3.peg.817.site.3, 14, 180, 194
908612.3.peg.817.site.4, 4, 180, 184
908612.3.peg.817.site.5, 33, 177, 210
908612.3.peg.817.site.6, 44, 178, 222
908612.3.peg.817.site.7, 7, 180, 187
908612.3.peg.817.site.8, 8, 180, 188
908612.3.peg.817.site.9, 5, 176, 181
908612.3.peg.817.site.10, 0, 180, 180
908612.3.peg.817.site.11, 0, 180, 180
908612.3.peg.817.site.12, 9, 180, 189
908612.3.peg.817.site.13, 8, 177, 185
908612.3.peg.817.site.14, 4, 179, 183
908612.3.peg.817.site.15, 4, 180, 184
908612.3.peg.817.site.16, 4, 180, 184
908612.3.peg.817.site.17, 54, 178, 232
908612.3.peg.817.site.18, 4, 179, 183
908612.3.peg.817.site.19, 10, 179, 189
908612.3.peg.817.site.20, 18, 179, 197
908612.3.peg.817.site.21, 19, 179, 198
908612.3.peg.817.site.22, 0, 178, 178
908612.3.peg.817.site.23, 14, 179, 193
908612.3.peg.817.site.24, 3, 180, 183
908612.3.peg.817.site.25, 10, 179, 189
908612.3.peg.817.site.26, 0, 178, 178
908612.3.peg.817.site.27, 5, 178, 183
908612.3.peg.817.site.28, 13, 180, 193
908612.3.peg.817.site.29, 0, 180, 180
908612.3.peg.817.site.30, 3, 178, 181
908612.3.peg.817.site.31, 16, 174, 190
908612.3.peg.817.site.32, 0, 160, 160
908612.3.peg.814.site.1, 10, 180, 190
908612.3.peg.814.site.2, 10, 180, 190
908612.3.peg.814.site.3, 3, 180, 183
908612.3.peg.814.site.4, 0, 180, 180
908612.3.peg.814.site.5, 9, 179, 188
908612.3.peg.814.site.6, 9, 179, 188
908612.3.peg.814.site.7, 9, 180, 189
908612.3.peg.814.site.8, 112, 171, 283
908612.3.peg.814.site.9, 1, 177, 178
908612.3.peg.814.site.10, 25, 178, 203
908612.3.peg.814.site.11, 7, 176, 183
908612.3.peg.814.site.12, 128, 174, 302
908612.3.peg.814.site.13, 143, 171, 314
908612.3.peg.814.site.14, 113, 163, 276
908612.3.peg.814.site.15, 24, 171, 195
908612.3.peg.814.site.16, 2, 176, 178
908612.3.peg.814.site.17, 2, 171, 173
908612.3.peg.814.site.18, 83, 144, 227
908612.3.peg.814.site.19, 86, 142, 228
908612.3.peg.814.site.20, 46, 131, 177
908612.3.peg.814.site.21, 108, 141, 249
908612.3.peg.814.site.22, 29, 176, 205
908612.3.peg.814.site.23, 2, 170, 172
908612.3.peg.814.site.24, 95, 172, 267
908612.3.peg.814.site.25, 9, 172, 181
908612.3.peg.814.site.26, 0, 170, 170
908612.3.peg.814.site.27, 2, 162, 164
908612.3.peg.814.site.28, 1, 109, 110
908612.3.peg.814.site.29, 9, 74, 83
908612.3.peg.814.site.30, 6, 71, 77
908612.3.peg.814.site.31, 8, 73, 81
908612.3.peg.814.site.32, 30, 95, 125
908612.3.peg.814.site.33, 147, 179, 326
908612.3.peg.814.site.34, 0, 178, 178
908612.3.peg.814.site.35, 8, 179, 187
908612.3.peg.814.site.36, 2, 180, 182
908612.3.peg.814.site.37, 124, 176, 300
908612.3.peg.814.site.38, 1, 179, 180
908612.3.peg.815.site.1, 1, 172, 173
908612.3.peg.815.site.2, 0, 177, 177
908612.3.peg.815.site.3, 38, 175, 213
908612.3.peg.815.site.4, 0, 179, 179
908612.3.peg.815.site.5, 1, 178, 179
908612.3.peg.815.site.6, 23, 180, 203
908612.3.peg.815.site.7, 24, 180, 204
908612.3.peg.815.site.8, 4, 175, 179
908612.3.peg.815.site.9, 23, 176, 199
908612.3.peg.815.site.10, 7, 173, 180
908612.3.peg.815.site.11, 2, 171, 173
908612.3.peg.815.site.12, 2, 142, 144
908612.3.peg.815.site.13, 3, 166, 169
908612.3.peg.815.site.14, 8, 178, 186
908612.3.peg.815.site.15, 0, 176, 176
908612.3.peg.815.site.16, 43, 177, 220
908612.3.peg.815.site.17, 9, 179, 188
908612.3.peg.815.site.18, 46, 175, 221
908612.3.peg.815.site.19, 3, 178, 181
908612.3.peg.815.site.20, 0, 177, 177
908612.3.peg.815.site.21, 15, 172, 187
908612.3.peg.815.site.22, 3, 177, 180
908612.3.peg.815.site.23, 44, 175, 219
908612.3.peg.815.site.24, 2, 179, 181
908612.3.peg.815.site.25, 7, 176, 183
908612.3.peg.815.site.26, 32, 162, 194
908612.3.peg.815.site.27, 1, 173, 174
908612.3.peg.815.site.28, 13, 163, 176
908612.3.peg.815.site.29, 13, 169, 182
908612.3.peg.815.site.30, 0, 170, 170
908612.3.peg.815.site.31, 8, 169, 177
908612.3.peg.815.site.32, 5, 177, 182
908612.3.peg.812.site.1, 0, 166, 166
908612.3.peg.812.site.2, 7, 166, 173
908612.3.peg.812.site.3, 95, 164, 259
908612.3.peg.812.site.4, 3, 175, 178
908612.3.peg.813.site.1, 133, 176, 309
908612.3.peg.813.site.2, 11, 176, 187
908612.3.peg.813.site.3, 110, 169, 279
908612.3.peg.813.site.4, 5, 165, 170
908612.3.peg.813.site.5, 2, 166, 168
908612.3.peg.813.site.6, 2, 168, 170
908612.3.peg.813.site.7, 1, 132, 133
908612.3.peg.813.site.8, 1, 178, 179
908612.3.peg.813.site.9, 4, 178, 182
908612.3.peg.813.site.10, 1, 176, 177
908612.3.peg.813.site.11, 95, 138, 233
908612.3.peg.813.site.12, 82, 123, 205
908612.3.peg.813.site.13, 94, 135, 229
908612.3.peg.813.site.14, 7, 161, 168
908612.3.peg.813.site.15, 0, 178, 178
908612.3.peg.810.site.1, 63, 175, 238
908612.3.peg.810.site.2, 3, 178, 181
908612.3.peg.810.site.3, 19, 176, 195
908612.3.peg.810.site.4, 10, 180, 190
908612.3.peg.810.site.5, 64, 176, 240
908612.3.peg.810.site.6, 0, 180, 180
908612.3.peg.810.site.7, 0, 176, 176
908612.3.peg.810.site.8, 0, 175, 175
908612.3.peg.810.site.9, 0, 157, 157
908612.3.peg.810.site.10, 84, 130, 214
908612.3.peg.810.site.11, 9, 145, 154
908612.3.peg.810.site.12, 10, 139, 149
908612.3.peg.810.site.13, 10, 140, 150
908612.3.peg.810.site.14, 1, 142, 143
908612.3.peg.810.site.15, 1, 146, 147
908612.3.peg.810.site.16, 56, 152, 208
908612.3.peg.810.site.17, 98, 149, 247
908612.3.peg.810.site.18, 49, 150, 199
908612.3.peg.810.site.19, 50, 140, 190
908612.3.peg.810.site.20, 2, 153, 155
908612.3.peg.810.site.21, 58, 172, 230
908612.3.peg.810.site.22, 11, 176, 187
908612.3.peg.810.site.23, 0, 175, 175
908612.3.peg.810.site.24, 8, 175, 183
908612.3.peg.810.site.25, 122, 170, 292
908612.3.peg.810.site.26, 5, 175, 180
908612.3.peg.810.site.27, 2, 180, 182
908612.3.peg.810.site.28, 9, 179, 188
908612.3.peg.810.site.29, 59, 177, 236
908612.3.peg.810.site.30, 1, 171, 172
908612.3.peg.810.site.31, 37, 99, 136
908612.3.peg.810.site.32, 23, 120, 143
908612.3.peg.810.site.33, 50, 171, 221
908612.3.peg.810.site.34, 50, 176, 226
908612.3.peg.810.site.35, 31, 154, 185
908612.3.peg.810.site.36, 6, 141, 147
908612.3.peg.810.site.37, 2, 144, 146
908612.3.peg.810.site.38, 15, 134, 149
908612.3.peg.810.site.39, 8, 88, 96
908612.3.peg.811.site.1, 142, 175, 317
908612.3.peg.811.site.2, 142, 175, 317
908612.3.peg.811.site.3, 6, 176, 182
908612.3.peg.811.site.4, 106, 172, 278
908612.3.peg.811.site.5, 6, 153, 159
908612.3.peg.811.site.6, 0, 147, 147
908612.3.peg.811.site.7, 5, 129, 134
908612.3.peg.811.site.8, 1, 136, 137
908612.3.peg.811.site.9, 3, 148, 151
908612.3.peg.811.site.10, 2, 157, 159
908612.3.peg.811.site.11, 9, 172, 181
908612.3.peg.811.site.12, 5, 170, 175
908612.3.peg.811.site.13, 41, 156, 197
908612.3.peg.811.site.14, 2, 149, 151
908612.3.peg.811.site.15, 4, 151, 155
908612.3.peg.811.site.16, 105, 141, 246
908612.3.peg.811.site.17, 4, 148, 152
908612.3.peg.811.site.18, 11, 152, 163
908612.3.peg.811.site.19, 34, 142, 176
908612.3.peg.811.site.20, 3, 160, 163
908612.3.peg.811.site.21, 7, 154, 161
908612.3.peg.811.site.22, 126, 162, 288
908612.3.peg.811.site.23, 5, 179, 184
908612.3.peg.811.site.24, 5, 179, 184
908612.3.peg.811.site.25, 3, 180, 183
908612.3.peg.811.site.26, 2, 179, 181
908612.3.peg.818.site.1, 13, 177, 190
908612.3.peg.818.site.2, 0, 180, 180
908612.3.peg.818.site.3, 16, 177, 193
908612.3.peg.818.site.4, 3, 177, 180
908612.3.peg.2929.site.1, 10, 130, 140
908612.3.peg.2929.site.2, 30, 150, 180
908612.3.peg.2929.site.3, 58, 176, 234
908612.3.peg.2929.site.4, 61, 180, 241
908612.3.peg.2929.site.5, 2, 178, 180
908612.3.peg.2929.site.6, 2, 177, 179
908612.3.peg.2929.site.7, 38, 177, 215
908612.3.peg.2929.site.8, 0, 180, 180
908612.3.peg.2929.site.9, 0, 179, 179
908612.3.peg.2929.site.10, 20, 180, 200
908612.3.peg.2929.site.11, 7, 180, 187
908612.3.peg.2929.site.12, 96, 177, 273
908612.3.peg.2929.site.13, 0, 179, 179
908612.3.peg.2928.site.1, 30, 179, 209
908612.3.peg.2928.site.2, 30, 178, 208
908612.3.peg.2928.site.3, 1, 180, 181
908612.3.peg.2928.site.4, 26, 179, 205
908612.3.peg.2928.site.5, 23, 179, 202
908612.3.peg.2928.site.6, 22, 178, 200
908612.3.peg.2928.site.7, 23, 180, 203
908612.3.peg.2928.site.8, 59, 177, 236
908612.3.peg.2928.site.9, 0, 179, 179
908612.3.peg.2928.site.10, 2, 180, 182
908612.3.peg.2928.site.11, 19, 178, 197
908612.3.peg.2928.site.12, 29, 179, 208
908612.3.peg.2928.site.13, 23, 178, 201
908612.3.peg.2928.site.14, 4, 180, 184
908612.3.peg.2928.site.15, 3, 180, 183
908612.3.peg.2928.site.16, 68, 174, 242
908612.3.peg.2928.site.17, 69, 174, 243
908612.3.peg.2928.site.18, 65, 167, 232
908612.3.peg.2928.site.19, 26, 163, 189
908612.3.peg.2928.site.20, 46, 146, 192
908612.3.peg.2928.site.21, 17, 142, 159
908612.3.peg.2928.site.22, 7, 109, 116
908612.3.peg.2928.site.23, 5, 105, 110
908612.3.peg.2928.site.24, 3, 100, 103
908612.3.peg.2928.site.25, 27, 94, 121
908612.3.peg.2928.site.26, 29, 120, 149
908612.3.peg.2928.site.27, 6, 166, 172
908612.3.peg.2928.site.28, 67, 166, 233
908612.3.peg.2928.site.29, 1, 160, 161
908612.3.peg.2928.site.30, 40, 169, 209
908612.3.peg.2928.site.31, 67, 175, 242
908612.3.peg.2928.site.32, 70, 172, 242
908612.3.peg.2928.site.33, 0, 178, 178
908612.3.peg.2927.site.1, 133, 175, 308
908612.3.peg.2927.site.2, 24, 175, 199
908612.3.peg.2927.site.3, 26, 175, 201
908612.3.peg.2927.site.4, 12, 177, 189
908612.3.peg.2927.site.5, 2, 180, 182
908612.3.peg.2927.site.6, 6, 180, 186
908612.3.peg.2927.site.7, 25, 175, 200
908612.3.peg.2927.site.8, 26, 177, 203
908612.3.peg.2927.site.9, 25, 176, 201
908612.3.peg.2927.site.10, 24, 172, 196
908612.3.peg.2927.site.11, 25, 175, 200
908612.3.peg.2927.site.12, 5, 179, 184
908612.3.peg.2927.site.13, 27, 177, 204
908612.3.peg.2927.site.14, 30, 178, 208
908612.3.peg.2927.site.15, 28, 177, 205
908612.3.peg.2927.site.16, 27, 177, 204
908612.3.peg.2927.site.17, 24, 178, 202
908612.3.peg.2927.site.18, 1, 177, 178
908612.3.peg.2927.site.19, 24, 176, 200
908612.3.peg.2927.site.20, 25, 176, 201
908612.3.peg.2927.site.21, 26, 176, 202
908612.3.peg.2927.site.22, 8, 180, 188
908612.3.peg.2927.site.23, 25, 177, 202
908612.3.peg.2927.site.24, 2, 180, 182
908612.3.peg.2927.site.25, 23, 176, 199
908612.3.peg.2927.site.26, 7, 180, 187
908612.3.peg.2927.site.27, 24, 179, 203
908612.3.peg.2927.site.28, 0, 178, 178
908612.3.peg.2927.site.29, 7, 180, 187
908612.3.peg.2927.site.30, 0, 179, 179
908612.3.peg.2927.site.31, 3, 179, 182
908612.3.peg.2927.site.32, 38, 178, 216
908612.3.peg.2927.site.33, 0, 179, 179
908612.3.peg.2927.site.34, 0, 178, 178
908612.3.peg.2927.site.35, 2, 180, 182
908612.3.peg.2927.site.36, 0, 179, 179
908612.3.peg.2927.site.37, 0, 179, 179
908612.3.peg.2927.site.38, 1, 180, 181
908612.3.peg.2927.site.39, 28, 177, 205
908612.3.peg.2927.site.40, 1, 178, 179
908612.3.peg.2927.site.41, 10, 179, 189
908612.3.peg.2927.site.42, 5, 180, 185
908612.3.peg.2927.site.43, 29, 178, 207
908612.3.peg.2927.site.44, 10, 179, 189
908612.3.peg.2927.site.45, 0, 180, 180
908612.3.peg.2927.site.46, 7, 179, 186
908612.3.peg.2927.site.47, 6, 177, 183
908612.3.peg.2927.site.48, 28, 177, 205
908612.3.peg.2927.site.49, 28, 177, 205
908612.3.peg.2927.site.50, 26, 177, 203
908612.3.peg.2927.site.51, 139, 175, 314
908612.3.peg.2927.site.52, 6, 179, 185
908612.3.peg.2927.site.53, 26, 178, 204
908612.3.peg.2927.site.54, 6, 180, 186
908612.3.peg.2927.site.55, 10, 180, 190
908612.3.peg.2927.site.56, 27, 178, 205
908612.3.peg.2927.site.57, 26, 180, 206
908612.3.peg.2927.site.58, 13, 178, 191
908612.3.peg.2927.site.59, 11, 180, 191
908612.3.peg.2927.site.60, 0, 179, 179
908612.3.peg.2927.site.61, 0, 179, 179
908612.3.peg.2927.site.62, 27, 178, 205
908612.3.peg.2927.site.63, 1, 176, 177
908612.3.peg.2927.site.64, 28, 175, 203
908612.3.peg.2927.site.65, 0, 178, 178
908612.3.peg.2927.site.66, 16, 167, 183
908612.3.peg.2927.site.67, 0, 178, 178
908612.3.peg.2927.site.68, 9, 179, 188
908612.3.peg.2927.site.69, 2, 179, 181
908612.3.peg.2927.site.70, 2, 180, 182
908612.3.peg.2927.site.71, 1, 180, 181
908612.3.peg.2927.site.72, 0, 180, 180
908612.3.peg.2927.site.73, 0, 180, 180
908612.3.peg.2927.site.74, 0, 179, 179
908612.3.peg.2927.site.75, 27, 129, 156
908612.3.peg.2927.site.76, 27, 171, 198
908612.3.peg.2927.site.77, 25, 174, 199
908612.3.peg.2927.site.78, 22, 164, 186
908612.3.peg.2927.site.79, 24, 166, 190
908612.3.peg.2927.site.80, 1, 148, 149
908612.3.peg.2927.site.81, 8, 141, 149
908612.3.peg.2927.site.82, 0, 177, 177
908612.3.peg.2927.site.83, 8, 178, 186
908612.3.peg.2927.site.84, 25, 173, 198
908612.3.peg.2927.site.85, 7, 178, 185
908612.3.peg.2927.site.86, 8, 180, 188
908612.3.peg.2927.site.87, 28, 179, 207
908612.3.peg.2926.site.1, 0, 179, 179
908612.3.peg.2926.site.2, 17, 175, 192
908612.3.peg.2926.site.3, 41, 176, 217
908612.3.peg.2926.site.4, 41, 176, 217
908612.3.peg.2926.site.5, 120, 176, 296
908612.3.peg.2926.site.6, 36, 177, 213
908612.3.peg.2926.site.7, 8, 179, 187
908612.3.peg.2926.site.8, 19, 177, 196
908612.3.peg.2926.site.9, 3, 168, 171
908612.3.peg.2926.site.10, 33, 164, 197
908612.3.peg.2926.site.11, 105, 150, 255
908612.3.peg.2926.site.12, 3, 157, 160
908612.3.peg.2926.site.13, 38, 152, 190
908612.3.peg.2926.site.14, 6, 162, 168
908612.3.peg.2926.site.15, 53, 160, 213
908612.3.peg.2926.site.16, 39, 173, 212
908612.3.peg.2926.site.17, 38, 174, 212
908612.3.peg.2926.site.18, 89, 172, 261
908612.3.peg.2926.site.19, 19, 156, 175
908612.3.peg.2926.site.20, 60, 175, 235
908612.3.peg.2926.site.21, 26, 179, 205
908612.3.peg.2926.site.22, 18, 177, 195
908612.3.peg.2926.site.23, 12, 180, 192
908612.3.peg.2926.site.24, 46, 175, 221
908612.3.peg.2926.site.25, 47, 176, 223
908612.3.peg.2926.site.26, 2, 178, 180
908612.3.peg.2926.site.27, 51, 176, 227
908612.3.peg.2926.site.28, 82, 172, 254
908612.3.peg.2926.site.29, 87, 176, 263
908612.3.peg.2926.site.30, 26, 176, 202
908612.3.peg.2926.site.31, 25, 176, 201
908612.3.peg.2926.site.32, 25, 177, 202
908612.3.peg.2926.site.33, 5, 178, 183
908612.3.peg.2926.site.34, 1, 179, 180
908612.3.peg.2926.site.35, 33, 179, 212
908612.3.peg.2926.site.36, 26, 177, 203
908612.3.peg.2926.site.37, 8, 178, 186
908612.3.peg.2926.site.38, 27, 177, 204
908612.3.peg.2926.site.39, 75, 171, 246
908612.3.peg.2926.site.40, 0, 179, 179
908612.3.peg.2926.site.41, 0, 177, 177
908612.3.peg.2926.site.42, 21, 177, 198
908612.3.peg.2926.site.43, 22, 177, 199
908612.3.peg.2926.site.44, 27, 177, 204
908612.3.peg.2926.site.45, 23, 177, 200
908612.3.peg.2925.site.1, 65, 177, 242
908612.3.peg.2925.site.2, 34, 179, 213
908612.3.peg.2925.site.3, 68, 179, 247
908612.3.peg.2925.site.4, 22, 178, 200
908612.3.peg.2925.site.5, 57, 159, 216
908612.3.peg.2925.site.6, 34, 145, 179
908612.3.peg.2925.site.7, 30, 143, 173
908612.3.peg.2925.site.8, 52, 165, 217
908612.3.peg.2925.site.9, 5, 180, 185
908612.3.peg.2925.site.10, 8, 180, 188
908612.3.peg.2925.site.11, 11, 180, 191
908612.3.peg.2925.site.12, 5, 180, 185
908612.3.peg.2925.site.13, 4, 178, 182
908612.3.peg.2925.site.14, 3, 179, 182
908612.3.peg.2925.site.15, 32, 174, 206
908612.3.peg.2925.site.16, 38, 150, 188
908612.3.peg.2925.site.17, 33, 144, 177
908612.3.peg.2925.site.18, 18, 130, 148
908612.3.peg.2925.site.19, 30, 141, 171
908612.3.peg.2925.site.20, 32, 164, 196
908612.3.peg.2925.site.21, 59, 163, 222
908612.3.peg.2925.site.22, 5, 165, 170
908612.3.peg.2925.site.23, 39, 146, 185
908612.3.peg.2925.site.24, 4, 136, 140
908612.3.peg.2925.site.25, 12, 130, 142
908612.3.peg.2925.site.26, 13, 121, 134
908612.3.peg.2925.site.27, 13, 122, 135
908612.3.peg.2925.site.28, 2, 122, 124
908612.3.peg.2925.site.29, 4, 123, 127
908612.3.peg.2925.site.30, 3, 147, 150
908612.3.peg.2925.site.31, 0, 164, 164
908612.3.peg.2925.site.32, 29, 173, 202
908612.3.peg.2925.site.33, 17, 177, 194
908612.3.peg.2925.site.34, 0, 177, 177
908612.3.peg.2924.site.1, 2, 180, 182
908612.3.peg.2924.site.2, 70, 176, 246
908612.3.peg.2924.site.3, 108, 175, 283
908612.3.peg.2924.site.4, 108, 176, 284
908612.3.peg.2924.site.5, 15, 180, 195
908612.3.peg.2924.site.6, 15, 179, 194
908612.3.peg.2924.site.7, 8, 178, 186
908612.3.peg.2924.site.8, 86, 163, 249
908612.3.peg.2924.site.9, 96, 153, 249
908612.3.peg.2924.site.10, 107, 174, 281
908612.3.peg.2924.site.11, 107, 173, 280
908612.3.peg.2924.site.12, 12, 177, 189
908612.3.peg.2924.site.13, 10, 177, 187
908612.3.peg.2924.site.14, 2, 176, 178
908612.3.peg.2924.site.15, 1, 178, 179
908612.3.peg.2924.site.16, 0, 180, 180
908612.3.peg.2924.site.17, 59, 177, 236
908612.3.peg.2924.site.18, 52, 166, 218
908612.3.peg.2924.site.19, 1, 171, 172
908612.3.peg.2924.site.20, 48, 165, 213
908612.3.peg.2924.site.21, 2, 178, 180
908612.3.peg.2924.site.22, 51, 165, 216
908612.3.peg.2924.site.23, 15, 158, 173
908612.3.peg.2924.site.24, 3, 133, 136
908612.3.peg.2924.site.25, 22, 132, 154
908612.3.peg.2924.site.26, 20, 149, 169
908612.3.peg.2924.site.27, 38, 167, 205
908612.3.peg.2924.site.28, 7, 179, 186
908612.3.peg.2924.site.29, 15, 179, 194
908612.3.peg.2923.site.1, 30, 165, 195
908612.3.peg.2923.site.2, 37, 172, 209
908612.3.peg.2923.site.3, 0, 176, 176
908612.3.peg.2923.site.4, 0, 180, 180
908612.3.peg.2923.site.5, 2, 180, 182
908612.3.peg.2923.site.6, 51, 178, 229
908612.3.peg.2923.site.7, 8, 138, 146
908612.3.peg.2923.site.8, 1, 129, 130
908612.3.peg.2923.site.9, 2, 129, 131
908612.3.peg.2923.site.10, 18, 130, 148
908612.3.peg.2923.site.11, 2, 141, 143
908612.3.peg.2923.site.12, 23, 137, 160
908612.3.peg.2923.site.13, 2, 137, 139
908612.3.peg.2923.site.14, 3, 128, 131
908612.3.peg.2923.site.15, 14, 129, 143
908612.3.peg.2923.site.16, 3, 133, 136
908612.3.peg.2923.site.17, 22, 142, 164
908612.3.peg.2923.site.18, 53, 177, 230
908612.3.peg.2923.site.19, 122, 175, 297
908612.3.peg.2923.site.20, 0, 174, 174
908612.3.peg.2923.site.21, 112, 153, 265
908612.3.peg.2923.site.22, 38, 107, 145
908612.3.peg.2923.site.23, 13, 84, 97
908612.3.peg.2923.site.24, 12, 83, 95
908612.3.peg.2923.site.25, 4, 84, 88
908612.3.peg.2923.site.26, 3, 84, 87
908612.3.peg.2923.site.27, 8, 89, 97
908612.3.peg.2923.site.28, 103, 177, 280
908612.3.peg.2923.site.29, 18, 178, 196
908612.3.peg.2923.site.30, 1, 180, 181
908612.3.peg.2923.site.31, 0, 179, 179
908612.3.peg.2923.site.32, 2, 179, 181
908612.3.peg.2923.site.33, 16, 172, 188
908612.3.peg.2923.site.34, 15, 166, 181
908612.3.peg.2923.site.35, 44, 112, 156
908612.3.peg.2923.site.36, 8, 104, 112
908612.3.peg.2923.site.37, 5, 100, 105
908612.3.peg.2923.site.38, 36, 98, 134
908612.3.peg.2923.site.39, 26, 119, 145
908612.3.peg.2923.site.40, 0, 124, 124
908612.3.peg.2923.site.41, 21, 115, 136
908612.3.peg.2923.site.42, 5, 124, 129
908612.3.peg.2923.site.43, 14, 112, 126
908612.3.peg.2923.site.44, 0, 100, 100
908612.3.peg.2923.site.45, 3, 104, 107
908612.3.peg.2923.site.46, 53, 143, 196
908612.3.peg.2923.site.47, 9, 153, 162
908612.3.peg.2923.site.48, 4, 107, 111
908612.3.peg.2923.site.49, 2, 106, 108
908612.3.peg.2923.site.50, 9, 110, 119
908612.3.peg.2923.site.51, 38, 138, 176
908612.3.peg.2921.site.1, 1, 169, 170
908612.3.peg.2921.site.2, 9, 179, 188
908612.3.peg.2921.site.3, 23, 178, 201
908612.3.peg.2921.site.4, 4, 179, 183
908612.3.peg.2921.site.5, 4, 180, 184
908612.3.peg.2921.site.6, 1, 179, 180
908612.3.peg.2921.site.7, 37, 175, 212
908612.3.peg.2921.site.8, 17, 176, 193
908612.3.peg.2921.site.9, 20, 179, 199
908612.3.peg.2921.site.10, 2, 180, 182
908612.3.peg.2920.site.1, 81, 178, 259
908612.3.peg.2920.site.2, 53, 179, 232
908612.3.peg.2920.site.3, 51, 177, 228
908612.3.peg.2920.site.4, 51, 178, 229
908612.3.peg.2920.site.5, 0, 178, 178
908612.3.peg.2920.site.6, 77, 175, 252
908612.3.peg.2920.site.7, 16, 177, 193
908612.3.peg.2920.site.8, 118, 179, 297
908612.3.peg.2708.site.1, 0, 178, 178
908612.3.peg.2708.site.2, 0, 176, 176
908612.3.peg.2708.site.3, 0, 180, 180
908612.3.peg.2708.site.4, 1, 180, 181
908612.3.peg.2708.site.5, 0, 180, 180
908612.3.peg.2708.site.6, 0, 180, 180
908612.3.peg.2149.site.1, 0, 175, 175
908612.3.peg.2149.site.2, 2, 170, 172
908612.3.peg.2149.site.3, 6, 174, 180
908612.3.peg.2149.site.4, 0, 168, 168
908612.3.peg.2149.site.5, 1, 127, 128
908612.3.peg.2149.site.6, 5, 130, 135
908612.3.peg.2149.site.7, 2, 130, 132
908612.3.peg.2149.site.8, 126, 147, 273
908612.3.peg.2149.site.9, 0, 162, 162
908612.3.peg.2149.site.10, 0, 173, 173
908612.3.peg.2149.site.11, 46, 171, 217
908612.3.peg.2149.site.12, 18, 174, 192
908612.3.peg.2149.site.13, 0, 177, 177
908612.3.peg.2149.site.14, 3, 167, 170
908612.3.peg.2149.site.15, 56, 162, 218
908612.3.peg.2149.site.16, 33, 163, 196
908612.3.peg.2149.site.17, 1, 177, 178
908612.3.peg.2149.site.18, 0, 177, 177
908612.3.peg.2149.site.19, 31, 174, 205
908612.3.peg.2149.site.20, 6, 174, 180
908612.3.peg.2149.site.21, 106, 173, 279
908612.3.peg.2149.site.22, 110, 175, 285
908612.3.peg.2149.site.23, 4, 177, 181
908612.3.peg.2149.site.24, 4, 176, 180
908612.3.peg.2149.site.25, 3, 180, 183
908612.3.peg.2149.site.26, 1, 180, 181
908612.3.peg.2149.site.27, 1, 179, 180
908612.3.peg.2148.site.1, 6, 180, 186
908612.3.peg.2148.site.2, 7, 179, 186
908612.3.peg.2148.site.3, 8, 180, 188
908612.3.peg.2148.site.4, 106, 179, 285
908612.3.peg.2148.site.5, 6, 180, 186
908612.3.peg.2145.site.1, 1, 173, 174
908612.3.peg.2145.site.2, 2, 168, 170
908612.3.peg.2145.site.3, 2, 171, 173
908612.3.peg.2145.site.4, 30, 165, 195
908612.3.peg.2145.site.5, 2, 168, 170
908612.3.peg.2145.site.6, 8, 167, 175
908612.3.peg.2145.site.7, 34, 167, 201
908612.3.peg.2145.site.8, 30, 171, 201
908612.3.peg.2145.site.9, 2, 159, 161
908612.3.peg.2145.site.10, 0, 164, 164
908612.3.peg.2145.site.11, 14, 179, 193
908612.3.peg.2145.site.12, 17, 179, 196
908612.3.peg.2145.site.13, 2, 179, 181
908612.3.peg.2145.site.14, 48, 174, 222
908612.3.peg.2145.site.15, 58, 178, 236
908612.3.peg.2145.site.16, 10, 176, 186
908612.3.peg.2145.site.17, 50, 173, 223
908612.3.peg.2145.site.18, 1, 175, 176
908612.3.peg.2145.site.19, 50, 174, 224
908612.3.peg.2145.site.20, 2, 180, 182
908612.3.peg.2145.site.21, 0, 180, 180
908612.3.peg.2145.site.22, 8, 180, 188
908612.3.peg.2145.site.23, 6, 180, 186
908612.3.peg.2145.site.24, 40, 178, 218
908612.3.peg.2145.site.25, 4, 178, 182
908612.3.peg.2145.site.26, 57, 173, 230
908612.3.peg.2145.site.27, 15, 176, 191
908612.3.peg.2145.site.28, 3, 174, 177
908612.3.peg.2145.site.29, 8, 172, 180
908612.3.peg.2145.site.30, 65, 169, 234
908612.3.peg.2145.site.31, 45, 172, 217
908612.3.peg.2145.site.32, 13, 175, 188
908612.3.peg.2145.site.33, 1, 175, 176
908612.3.peg.2145.site.34, 51, 166, 217
908612.3.peg.2145.site.35, 0, 177, 177
908612.3.peg.2145.site.36, 1, 178, 179
908612.3.peg.2145.site.37, 13, 176, 189
908612.3.peg.2145.site.38, 89, 174, 263
908612.3.peg.2145.site.39, 50, 171, 221
908612.3.peg.2145.site.40, 52, 176, 228
908612.3.peg.2145.site.41, 3, 179, 182
908612.3.peg.2145.site.42, 3, 180, 183
908612.3.peg.2145.site.43, 2, 179, 181
908612.3.peg.2145.site.44, 7, 179, 186
908612.3.peg.2145.site.45, 139, 177, 316
908612.3.peg.2145.site.46, 138, 176, 314
908612.3.peg.2145.site.47, 143, 178, 321
908612.3.peg.2145.site.48, 69, 175, 244
908612.3.peg.2145.site.49, 1, 179, 180
908612.3.peg.2145.site.50, 17, 178, 195
908612.3.peg.2145.site.51, 44, 178, 222
908612.3.peg.2144.site.1, 30, 171, 201
908612.3.peg.2144.site.2, 2, 175, 177
908612.3.peg.2144.site.3, 2, 179, 181
908612.3.peg.2144.site.4, 0, 177, 177
908612.3.peg.2144.site.5, 31, 176, 207
908612.3.peg.2144.site.6, 29, 176, 205
908612.3.peg.2147.site.1, 5, 89, 94
908612.3.peg.2147.site.2, 146, 173, 319
908612.3.peg.2147.site.3, 40, 174, 214
908612.3.peg.2147.site.4, 0, 179, 179
908612.3.peg.2147.site.5, 1, 180, 181
908612.3.peg.2146.site.1, 53, 177, 230
908612.3.peg.2146.site.2, 46, 173, 219
908612.3.peg.2146.site.3, 33, 172, 205
908612.3.peg.2146.site.4, 44, 164, 208
908612.3.peg.2146.site.5, 47, 173, 220
908612.3.peg.2146.site.6, 5, 177, 182
908612.3.peg.2146.site.7, 47, 175, 222
908612.3.peg.2146.site.8, 97, 175, 272
908612.3.peg.2146.site.9, 50, 175, 225
908612.3.peg.2146.site.10, 50, 175, 225
908612.3.peg.2146.site.11, 33, 142, 175
908612.3.peg.2146.site.12, 0, 128, 128
908612.3.peg.2146.site.13, 0, 88, 88
908612.3.peg.2146.site.14, 0, 95, 95
908612.3.peg.2146.site.15, 0, 119, 119
908612.3.peg.2143.site.1, 85, 176, 261
908612.3.peg.2143.site.2, 7, 176, 183
908612.3.peg.2143.site.3, 3, 175, 178
908612.3.peg.2143.site.4, 79, 173, 252
908612.3.peg.2143.site.5, 4, 174, 178
908612.3.peg.2143.site.6, 2, 169, 171
908612.3.peg.2143.site.7, 32, 168, 200
908612.3.peg.2143.site.8, 55, 168, 223
908612.3.peg.2143.site.9, 28, 174, 202
908612.3.peg.2143.site.10, 7, 174, 181
908612.3.peg.2143.site.11, 23, 169, 192
908612.3.peg.2143.site.12, 24, 170, 194
908612.3.peg.2143.site.13, 5, 171, 176
908612.3.peg.2143.site.14, 0, 169, 169
908612.3.peg.2143.site.15, 2, 174, 176
908612.3.peg.2143.site.16, 4, 175, 179
908612.3.peg.2143.site.17, 27, 173, 200
908612.3.peg.2143.site.18, 146, 173, 319
908612.3.peg.2143.site.19, 22, 175, 197
908612.3.peg.2143.site.20, 6, 175, 181
908612.3.peg.2143.site.21, 0, 175, 175
908612.3.peg.2143.site.22, 5, 174, 179
908612.3.peg.2143.site.23, 72, 174, 246
908612.3.peg.2143.site.24, 103, 173, 276
908612.3.peg.2143.site.25, 124, 175, 299
908612.3.peg.2143.site.26, 105, 171, 276
908612.3.peg.2143.site.27, 23, 174, 197
908612.3.peg.2143.site.28, 1, 145, 146
908612.3.peg.2143.site.29, 0, 143, 143
908612.3.peg.2142.site.1, 74, 161, 235
908612.3.peg.2142.site.2, 11, 162, 173
908612.3.peg.2142.site.3, 91, 146, 237
908612.3.peg.2142.site.4, 119, 144, 263
908612.3.peg.2142.site.5, 56, 154, 210
908612.3.peg.2142.site.6, 7, 151, 158
908612.3.peg.2142.site.7, 4, 145, 149
908612.3.peg.2142.site.8, 17, 135, 152
908612.3.peg.2142.site.9, 13, 117, 130
908612.3.peg.2142.site.10, 11, 117, 128
908612.3.peg.2142.site.11, 12, 112, 124
908612.3.peg.2142.site.12, 0, 114, 114
908612.3.peg.2142.site.13, 3, 99, 102
908612.3.peg.2142.site.14, 13, 96, 109
908612.3.peg.2142.site.15, 16, 114, 130
908612.3.peg.2142.site.16, 2, 126, 128
908612.3.peg.2142.site.17, 36, 153, 189
908612.3.peg.2142.site.18, 14, 165, 179
908612.3.peg.2142.site.19, 2, 158, 160
908612.3.peg.1240.site.1, 4, 179, 183
908612.3.peg.1240.site.2, 0, 179, 179
908612.3.peg.1240.site.3, 0, 180, 180
908612.3.peg.1240.site.4, 5, 180, 185
908612.3.peg.1240.site.5, 1, 180, 181
908612.3.peg.1240.site.6, 23, 180, 203
908612.3.peg.1240.site.7, 0, 179, 179
908612.3.peg.1240.site.8, 23, 176, 199
908612.3.peg.1240.site.9, 2, 177, 179
908612.3.peg.1240.site.10, 3, 158, 161
908612.3.peg.1240.site.11, 1, 159, 160
908612.3.peg.1240.site.12, 3, 180, 183
908612.3.peg.1240.site.13, 19, 173, 192
908612.3.peg.1240.site.14, 1, 175, 176
908612.3.peg.1240.site.15, 0, 174, 174
908612.3.peg.1240.site.16, 0, 175, 175
908612.3.peg.1240.site.17, 4, 176, 180
908612.3.peg.1240.site.18, 24, 178, 202
908612.3.peg.1240.site.19, 1, 179, 180
908612.3.peg.1240.site.20, 4, 180, 184
908612.3.peg.1240.site.21, 0, 177, 177
908612.3.peg.1240.site.22, 5, 177, 182
908612.3.peg.1240.site.23, 6, 176, 182
908612.3.peg.1240.site.24, 2, 178, 180
908612.3.peg.1240.site.25, 1, 178, 179
908612.3.peg.1240.site.26, 3, 180, 183
908612.3.peg.1240.site.27, 0, 180, 180
908612.3.peg.786.site.1, 48, 155, 203
908612.3.peg.786.site.2, 8, 161, 169
908612.3.peg.786.site.3, 58, 159, 217
908612.3.peg.786.site.4, 3, 162, 165
908612.3.peg.786.site.5, 60, 161, 221
908612.3.peg.786.site.6, 73, 173, 246
908612.3.peg.786.site.7, 2, 179, 181
908612.3.peg.786.site.8, 45, 178, 223
908612.3.peg.786.site.9, 18, 173, 191
908612.3.peg.786.site.10, 39, 170, 209
908612.3.peg.786.site.11, 1, 179, 180
908612.3.peg.786.site.12, 30, 163, 193
908612.3.peg.786.site.13, 23, 159, 182
908612.3.peg.786.site.14, 22, 156, 178
908612.3.peg.786.site.15, 31, 163, 194
908612.3.peg.786.site.16, 36, 169, 205
908612.3.peg.786.site.17, 3, 175, 178
908612.3.peg.786.site.18, 47, 174, 221
908612.3.peg.786.site.19, 35, 170, 205
908612.3.peg.786.site.20, 1, 174, 175
908612.3.peg.786.site.21, 45, 172, 217
908612.3.peg.786.site.22, 81, 175, 256
908612.3.peg.786.site.23, 68, 175, 243
908612.3.peg.786.site.24, 9, 179, 188
908612.3.peg.786.site.25, 28, 164, 192
908612.3.peg.786.site.26, 0, 176, 176
908612.3.peg.786.site.27, 41, 145, 186
908612.3.peg.786.site.28, 16, 151, 167
908612.3.peg.786.site.29, 0, 176, 176
908612.3.peg.786.site.30, 29, 179, 208
908612.3.peg.786.site.31, 25, 178, 203
908612.3.peg.786.site.32, 47, 176, 223
908612.3.peg.786.site.33, 56, 175, 231
908612.3.peg.786.site.34, 60, 177, 237
908612.3.peg.786.site.35, 1, 179, 180
908612.3.peg.786.site.36, 3, 180, 183
908612.3.peg.786.site.37, 24, 180, 204
908612.3.peg.786.site.38, 1, 179, 180
908612.3.peg.786.site.39, 1, 180, 181
908612.3.peg.786.site.40, 2, 180, 182
908612.3.peg.786.site.41, 6, 180, 186
908612.3.peg.786.site.42, 0, 180, 180
908612.3.peg.786.site.43, 52, 177, 229
908612.3.peg.786.site.44, 0, 180, 180
908612.3.peg.787.site.1, 1, 177, 178
908612.3.peg.787.site.2, 46, 173, 219
908612.3.peg.787.site.3, 44, 174, 218
908612.3.peg.787.site.4, 36, 174, 210
908612.3.peg.787.site.5, 7, 177, 184
908612.3.peg.787.site.6, 1, 179, 180
908612.3.peg.787.site.7, 0, 176, 176
908612.3.peg.787.site.8, 0, 177, 177
908612.3.peg.787.site.9, 11, 177, 188
908612.3.peg.787.site.10, 30, 173, 203
908612.3.peg.787.site.11, 0, 179, 179
908612.3.peg.787.site.12, 41, 177, 218
908612.3.peg.787.site.13, 1, 178, 179
908612.3.peg.787.site.14, 36, 172, 208
908612.3.peg.787.site.15, 4, 138, 142
908612.3.peg.787.site.16, 0, 169, 169
908612.3.peg.787.site.17, 1, 172, 173
908612.3.peg.787.site.18, 34, 171, 205
908612.3.peg.788.site.1, 0, 175, 175
908612.3.peg.788.site.2, 0, 174, 174
908612.3.peg.788.site.3, 0, 174, 174
908612.3.peg.788.site.4, 39, 173, 212
908612.3.peg.788.site.5, 2, 177, 179
908612.3.peg.788.site.6, 1, 177, 178
908612.3.peg.788.site.7, 1, 177, 178
908612.3.peg.788.site.8, 1, 176, 177
908612.3.peg.788.site.9, 1, 177, 178
908612.3.peg.788.site.10, 1, 178, 179
908612.3.peg.788.site.11, 0, 179, 179
908612.3.peg.788.site.12, 9, 176, 185
908612.3.peg.788.site.13, 11, 177, 188
908612.3.peg.788.site.14, 0, 177, 177
908612.3.peg.788.site.15, 9, 177, 186
908612.3.peg.788.site.16, 0, 179, 179
908612.3.peg.788.site.17, 0, 180, 180
908612.3.peg.788.site.18, 10, 177, 187
908612.3.peg.788.site.19, 15, 179, 194
908612.3.peg.788.site.20, 1, 178, 179
908612.3.peg.788.site.21, 11, 169, 180
908612.3.peg.788.site.22, 1, 176, 177
908612.3.peg.788.site.23, 12, 172, 184
908612.3.peg.788.site.24, 1, 178, 179
908612.3.peg.788.site.25, 11, 170, 181
908612.3.peg.788.site.26, 13, 173, 186
908612.3.peg.788.site.27, 8, 172, 180
908612.3.peg.788.site.28, 20, 174, 194
908612.3.peg.788.site.29, 122, 173, 295
908612.3.peg.788.site.30, 4, 169, 173
908612.3.peg.788.site.31, 4, 170, 174
908612.3.peg.788.site.32, 4, 169, 173
908612.3.peg.788.site.33, 2, 166, 168
908612.3.peg.788.site.34, 0, 173, 173
908612.3.peg.788.site.35, 11, 174, 185
908612.3.peg.788.site.36, 13, 174, 187
908612.3.peg.788.site.37, 26, 179, 205
908612.3.peg.788.site.38, 0, 177, 177
908612.3.peg.789.site.1, 9, 175, 184
908612.3.peg.789.site.2, 12, 177, 189
908612.3.peg.789.site.3, 0, 178, 178
908612.3.peg.789.site.4, 4, 174, 178
908612.3.peg.2552.site.1, 1, 126, 127
908612.3.peg.2552.site.2, 30, 167, 197
908612.3.peg.2552.site.3, 5, 176, 181
908612.3.peg.2552.site.4, 5, 175, 180
908612.3.peg.2552.site.5, 17, 175, 192
908612.3.peg.2552.site.6, 4, 179, 183
908612.3.peg.2552.site.7, 2, 177, 179
908612.3.peg.2552.site.8, 59, 169, 228
908612.3.peg.2552.site.9, 4, 180, 184
908612.3.peg.2552.site.10, 4, 180, 184
908612.3.peg.2552.site.11, 2, 180, 182
908612.3.peg.2552.site.12, 7, 180, 187
908612.3.peg.2552.site.13, 0, 180, 180
908612.3.peg.2552.site.14, 7, 180, 187
908612.3.peg.2552.site.15, 1, 180, 181
908612.3.peg.2552.site.16, 7, 179, 186
908612.3.peg.2552.site.17, 1, 173, 174
908612.3.peg.2552.site.18, 43, 168, 211
908612.3.peg.2552.site.19, 6, 178, 184
908612.3.peg.2552.site.20, 50, 178, 228
908612.3.peg.2552.site.21, 49, 178, 227
908612.3.peg.2552.site.22, 0, 180, 180
908612.3.peg.2552.site.23, 0, 179, 179
908612.3.peg.2552.site.24, 45, 173, 218
908612.3.peg.2552.site.25, 51, 174, 225
908612.3.peg.2552.site.26, 29, 177, 206
908612.3.peg.2552.site.27, 19, 179, 198
908612.3.peg.2552.site.28, 1, 179, 180
908612.3.peg.2552.site.29, 14, 178, 192
908612.3.peg.2552.site.30, 11, 177, 188
908612.3.peg.2552.site.31, 4, 177, 181
908612.3.peg.2552.site.32, 8, 175, 183
908612.3.peg.2552.site.33, 0, 174, 174
908612.3.peg.2552.site.34, 1, 170, 171
908612.3.peg.2552.site.35, 13, 178, 191
908612.3.peg.2552.site.36, 0, 174, 174
908612.3.peg.2552.site.37, 20, 167, 187
908612.3.peg.2552.site.38, 0, 94, 94
908612.3.peg.2552.site.39, 1, 67, 68
908612.3.peg.2552.site.40, 0, 98, 98
908612.3.peg.2552.site.41, 1, 92, 93
908612.3.peg.2552.site.42, 1, 119, 120
908612.3.peg.333.site.1, 107, 162, 269
908612.3.peg.333.site.2, 10, 179, 189
908612.3.peg.333.site.3, 18, 165, 183
908612.3.peg.333.site.4, 106, 151, 257
908612.3.peg.333.site.5, 126, 175, 301
908612.3.peg.333.site.6, 1, 180, 181
908612.3.peg.333.site.7, 0, 180, 180
908612.3.peg.333.site.8, 67, 178, 245
908612.3.peg.333.site.9, 34, 178, 212
908612.3.peg.333.site.10, 1, 178, 179
908612.3.peg.333.site.11, 4, 176, 180
908612.3.peg.333.site.12, 1, 174, 175
908612.3.peg.333.site.13, 1, 164, 165
908612.3.peg.333.site.14, 1, 170, 171
908612.3.peg.333.site.15, 6, 174, 180
908612.3.peg.333.site.16, 63, 177, 240
908612.3.peg.333.site.17, 1, 178, 179
908612.3.peg.333.site.18, 6, 180, 186
908612.3.peg.333.site.19, 8, 179, 187
908612.3.peg.333.site.20, 57, 179, 236
908612.3.peg.333.site.21, 6, 180, 186
908612.3.peg.333.site.22, 23, 178, 201
908612.3.peg.333.site.23, 6, 179, 185
908612.3.peg.333.site.24, 5, 180, 185
908612.3.peg.333.site.25, 6, 168, 174
908612.3.peg.333.site.26, 2, 177, 179
908612.3.peg.333.site.27, 8, 132, 140
908612.3.peg.333.site.28, 9, 147, 156
908612.3.peg.333.site.29, 15, 150, 165
908612.3.peg.333.site.30, 0, 150, 150
908612.3.peg.333.site.31, 22, 143, 165
908612.3.peg.333.site.32, 0, 154, 154
908612.3.peg.333.site.33, 13, 152, 165
908612.3.peg.333.site.34, 17, 169, 186
908612.3.peg.333.site.35, 2, 171, 173
908612.3.peg.333.site.36, 121, 171, 292
908612.3.peg.333.site.37, 3, 179, 182
908612.3.peg.333.site.38, 1, 177, 178
908612.3.peg.333.site.39, 37, 173, 210
908612.3.peg.333.site.40, 15, 168, 183
908612.3.peg.332.site.1, 69, 174, 243
908612.3.peg.332.site.2, 18, 173, 191
908612.3.peg.332.site.3, 0, 177, 177
908612.3.peg.332.site.4, 49, 176, 225
908612.3.peg.332.site.5, 47, 173, 220
908612.3.peg.332.site.6, 8, 177, 185
908612.3.peg.332.site.7, 0, 180, 180
908612.3.peg.332.site.8, 0, 179, 179
908612.3.peg.332.site.9, 5, 180, 185
908612.3.peg.332.site.10, 0, 175, 175
908612.3.peg.332.site.11, 5, 178, 183
908612.3.peg.332.site.12, 2, 178, 180
908612.3.peg.332.site.13, 6, 177, 183
908612.3.peg.332.site.14, 21, 172, 193
908612.3.peg.331.site.1, 0, 180, 180
908612.3.peg.331.site.2, 1, 180, 181
908612.3.peg.331.site.3, 0, 180, 180
908612.3.peg.331.site.4, 1, 180, 181
908612.3.peg.331.site.5, 50, 177, 227
908612.3.peg.331.site.6, 77, 174, 251
908612.3.peg.331.site.7, 4, 180, 184
908612.3.peg.331.site.8, 112, 175, 287
908612.3.peg.331.site.9, 1, 180, 181
908612.3.peg.331.site.10, 2, 179, 181
908612.3.peg.331.site.11, 48, 174, 222
908612.3.peg.331.site.12, 4, 178, 182
908612.3.peg.331.site.13, 109, 175, 284
908612.3.peg.331.site.14, 108, 173, 281
908612.3.peg.331.site.15, 139, 175, 314
908612.3.peg.331.site.16, 158, 179, 337
908612.3.peg.331.site.17, 3, 180, 183
908612.3.peg.331.site.18, 1, 180, 181
908612.3.peg.331.site.19, 142, 176, 318
908612.3.peg.331.site.20, 3, 180, 183
908612.3.peg.331.site.21, 1, 180, 181
908612.3.peg.330.site.1, 0, 179, 179
908612.3.peg.330.site.2, 0, 178, 178
908612.3.peg.330.site.3, 1, 179, 180
908612.3.peg.330.site.4, 11, 179, 190
908612.3.peg.330.site.5, 13, 174, 187
908612.3.peg.330.site.6, 29, 161, 190
908612.3.peg.330.site.7, 3, 177, 180
908612.3.peg.330.site.8, 0, 178, 178
908612.3.peg.330.site.9, 0, 179, 179
908612.3.peg.330.site.10, 9, 180, 189
908612.3.peg.330.site.11, 2, 179, 181
908612.3.peg.330.site.12, 19, 179, 198
908612.3.peg.330.site.13, 172, 172, 344
908612.3.peg.330.site.14, 58, 155, 213
908612.3.peg.330.site.15, 0, 172, 172
908612.3.peg.330.site.16, 86, 170, 256
908612.3.peg.330.site.17, 62, 173, 235
908612.3.peg.330.site.18, 56, 173, 229
908612.3.peg.330.site.19, 0, 174, 174
908612.3.peg.330.site.20, 1, 179, 180
908612.3.peg.330.site.21, 18, 158, 176
908612.3.peg.330.site.22, 5, 159, 164
908612.3.peg.330.site.23, 19, 174, 193
908612.3.peg.330.site.24, 34, 179, 213
908612.3.peg.330.site.25, 66, 179, 245
908612.3.peg.330.site.26, 6, 177, 183
908612.3.peg.330.site.27, 58, 179, 237
908612.3.peg.330.site.28, 5, 167, 172
908612.3.peg.330.site.29, 16, 178, 194
908612.3.peg.330.site.30, 13, 177, 190
908612.3.peg.330.site.31, 25, 174, 199
908612.3.peg.330.site.32, 10, 175, 185
908612.3.peg.330.site.33, 5, 174, 179
908612.3.peg.330.site.34, 89, 172, 261
908612.3.peg.330.site.35, 14, 177, 191
908612.3.peg.330.site.36, 1, 180, 181
908612.3.peg.330.site.37, 152, 179, 331
908612.3.peg.330.site.38, 152, 179, 331
908612.3.peg.330.site.39, 157, 179, 336
908612.3.peg.339.site.1, 2, 179, 181
908612.3.peg.339.site.2, 1, 180, 181
908612.3.peg.339.site.3, 2, 180, 182
908612.3.peg.339.site.4, 26, 177, 203
908612.3.peg.339.site.5, 1, 179, 180
908612.3.peg.339.site.6, 25, 179, 204
908612.3.peg.339.site.7, 21, 178, 199
908612.3.peg.339.site.8, 21, 178, 199
908612.3.peg.339.site.9, 0, 180, 180
908612.3.peg.339.site.10, 3, 179, 182
908612.3.peg.339.site.11, 23, 180, 203
908612.3.peg.339.site.12, 23, 180, 203
908612.3.peg.339.site.13, 1, 180, 181
908612.3.peg.339.site.14, 0, 180, 180
908612.3.peg.338.site.1, 4, 178, 182
908612.3.peg.338.site.2, 0, 179, 179
908612.3.peg.338.site.3, 15, 177, 192
908612.3.peg.338.site.4, 35, 177, 212
908612.3.peg.338.site.5, 17, 178, 195
908612.3.peg.2551.site.1, 3, 178, 181
908612.3.peg.2551.site.2, 116, 176, 292
908612.3.peg.2551.site.3, 118, 176, 294
908612.3.peg.2551.site.4, 116, 178, 294
908612.3.peg.2551.site.5, 116, 178, 294
908612.3.peg.2551.site.6, 8, 180, 188
908612.3.peg.2551.site.7, 123, 178, 301
908612.3.peg.2551.site.8, 15, 178, 193
908612.3.peg.2551.site.9, 12, 173, 185
908612.3.peg.2551.site.10, 10, 170, 180
908612.3.peg.2551.site.11, 69, 170, 239
908612.3.peg.2551.site.12, 73, 174, 247
908612.3.peg.2551.site.13, 79, 167, 246
908612.3.peg.2551.site.14, 7, 173, 180
908612.3.peg.2551.site.15, 1, 170, 171
908612.3.peg.2551.site.16, 24, 177, 201
908612.3.peg.2551.site.17, 62, 175, 237
908612.3.peg.2551.site.18, 22, 177, 199
908612.3.peg.2551.site.19, 1, 177, 178
908612.3.peg.2551.site.20, 1, 180, 181
908612.3.peg.2551.site.21, 8, 179, 187
908612.3.peg.2551.site.22, 0, 180, 180
908612.3.peg.2551.site.23, 1, 176, 177
908612.3.peg.2551.site.24, 5, 172, 177
908612.3.peg.2551.site.25, 4, 175, 179
908612.3.peg.2551.site.26, 23, 168, 191
908612.3.peg.2551.site.27, 0, 178, 178
908612.3.peg.2551.site.28, 8, 177, 185
908612.3.peg.2551.site.29, 55, 177, 232
908612.3.peg.2551.site.30, 1, 180, 181
908612.3.peg.2551.site.31, 0, 180, 180
908612.3.peg.2551.site.32, 0, 180, 180
908612.3.peg.2551.site.33, 24, 179, 203
908612.3.peg.2551.site.34, 1, 179, 180
908612.3.peg.2551.site.35, 5, 180, 185
908612.3.peg.2551.site.36, 3, 179, 182
908612.3.peg.2551.site.37, 0, 178, 178
908612.3.peg.2551.site.38, 26, 179, 205
908612.3.peg.2551.site.39, 0, 180, 180
908612.3.peg.2551.site.40, 2, 180, 182
908612.3.peg.2551.site.41, 46, 175, 221
908612.3.peg.2551.site.42, 0, 180, 180
908612.3.peg.2551.site.43, 1, 180, 181
908612.3.peg.2551.site.44, 0, 180, 180
908612.3.peg.2551.site.45, 14, 179, 193
908612.3.peg.2551.site.46, 31, 176, 207
908612.3.peg.2551.site.47, 31, 175, 206
908612.3.peg.2551.site.48, 28, 177, 205
908612.3.peg.2551.site.49, 46, 177, 223
908612.3.peg.2551.site.50, 57, 175, 232
908612.3.peg.2551.site.51, 3, 178, 181
908612.3.peg.2551.site.52, 0, 179, 179
908612.3.peg.2551.site.53, 6, 178, 184
908612.3.peg.2551.site.54, 0, 180, 180
908612.3.peg.2551.site.55, 23, 178, 201
908612.3.peg.2551.site.56, 0, 180, 180
908612.3.peg.2551.site.57, 0, 180, 180
908612.3.peg.2551.site.58, 0, 180, 180
908612.3.peg.2551.site.59, 0, 180, 180
908612.3.peg.2551.site.60, 2, 179, 181
908612.3.peg.2551.site.61, 0, 168, 168
908612.3.peg.2551.site.62, 1, 173, 174
908612.3.peg.2551.site.63, 30, 178, 208
908612.3.peg.2551.site.64, 0, 178, 178
908612.3.peg.2551.site.65, 14, 180, 194
908612.3.peg.2551.site.66, 7, 177, 184
908612.3.peg.2551.site.67, 12, 157, 169
908612.3.peg.2551.site.68, 24, 158, 182
908612.3.peg.2551.site.69, 0, 159, 159
908612.3.peg.2551.site.70, 44, 159, 203
908612.3.peg.2551.site.71, 0, 162, 162
908612.3.peg.2551.site.72, 43, 151, 194
908612.3.peg.2551.site.73, 1, 165, 166
908612.3.peg.2551.site.74, 5, 177, 182
908612.3.peg.2551.site.75, 20, 175, 195
908612.3.peg.2551.site.76, 47, 173, 220
908612.3.peg.2551.site.77, 0, 180, 180
908612.3.peg.2551.site.78, 0, 180, 180
908612.3.peg.2551.site.79, 12, 179, 191
908612.3.peg.2551.site.80, 1, 180, 181
908612.3.peg.2551.site.81, 0, 177, 177
908612.3.peg.2551.site.82, 3, 179, 182
908612.3.peg.2551.site.83, 51, 176, 227
908612.3.peg.1528.site.1, 2, 106, 108
908612.3.peg.1528.site.2, 59, 170, 229
908612.3.peg.1528.site.3, 3, 163, 166
908612.3.peg.1528.site.4, 1, 133, 134
908612.3.peg.1528.site.5, 24, 133, 157
908612.3.peg.1528.site.6, 10, 132, 142
908612.3.peg.1528.site.7, 0, 137, 137
908612.3.peg.1529.site.1, 26, 171, 197
908612.3.peg.1529.site.2, 15, 175, 190
908612.3.peg.1529.site.3, 38, 169, 207
908612.3.peg.1529.site.4, 0, 160, 160
908612.3.peg.1529.site.5, 0, 159, 159
908612.3.peg.1529.site.6, 2, 141, 143
908612.3.peg.1529.site.7, 3, 131, 134
908612.3.peg.1529.site.8, 10, 114, 124
908612.3.peg.1529.site.9, 3, 120, 123
908612.3.peg.1529.site.10, 1, 126, 127
908612.3.peg.1529.site.11, 7, 124, 131
908612.3.peg.1529.site.12, 2, 135, 137
908612.3.peg.1529.site.13, 5, 139, 144
908612.3.peg.1529.site.14, 0, 164, 164
908612.3.peg.1529.site.15, 0, 159, 159
908612.3.peg.1529.site.16, 0, 174, 174
908612.3.peg.1529.site.17, 0, 173, 173
908612.3.peg.1529.site.18, 1, 174, 175
908612.3.peg.1529.site.19, 0, 169, 169
908612.3.peg.1529.site.20, 12, 92, 104
908612.3.peg.1529.site.21, 0, 84, 84
908612.3.peg.1529.site.22, 10, 69, 79
908612.3.peg.1529.site.23, 29, 68, 97
908612.3.peg.1529.site.24, 67, 168, 235
908612.3.peg.1529.site.25, 0, 168, 168
908612.3.peg.1529.site.26, 1, 171, 172
908612.3.peg.1529.site.27, 2, 165, 167
908612.3.peg.1529.site.28, 45, 172, 217
908612.3.peg.1529.site.29, 6, 179, 185
908612.3.peg.1529.site.30, 23, 172, 195
908612.3.peg.1529.site.31, 28, 167, 195
908612.3.peg.1529.site.32, 0, 154, 154
908612.3.peg.1529.site.33, 33, 130, 163
908612.3.peg.1529.site.34, 2, 70, 72
908612.3.peg.1529.site.35, 5, 110, 115
908612.3.peg.1529.site.36, 0, 137, 137
908612.3.peg.1529.site.37, 0, 135, 135
908612.3.peg.1529.site.38, 0, 117, 117
908612.3.peg.1529.site.39, 3, 104, 107
908612.3.peg.1529.site.40, 8, 108, 116
908612.3.peg.1529.site.41, 3, 109, 112
908612.3.peg.1529.site.42, 12, 112, 124
908612.3.peg.1529.site.43, 21, 104, 125
908612.3.peg.1529.site.44, 45, 108, 153
908612.3.peg.1529.site.45, 1, 122, 123
908612.3.peg.1529.site.46, 0, 122, 122
908612.3.peg.1529.site.47, 83, 157, 240
908612.3.peg.1529.site.48, 16, 90, 106
908612.3.peg.1529.site.49, 6, 142, 148
908612.3.peg.1529.site.50, 0, 67, 67
908612.3.peg.1529.site.51, 0, 84, 84
908612.3.peg.1526.site.1, 5, 172, 177
908612.3.peg.1526.site.2, 0, 166, 166
908612.3.peg.1526.site.3, 1, 172, 173
908612.3.peg.1526.site.4, 0, 180, 180
908612.3.peg.1527.site.1, 3, 169, 172
908612.3.peg.1527.site.2, 0, 174, 174
908612.3.peg.1527.site.3, 0, 162, 162
908612.3.peg.1522.site.1, 1, 156, 157
908612.3.peg.1522.site.2, 17, 173, 190
908612.3.peg.1522.site.3, 0, 159, 159
908612.3.peg.1522.site.4, 52, 152, 204
908612.3.peg.1522.site.5, 2, 147, 149
908612.3.peg.1522.site.6, 11, 175, 186
908612.3.peg.1522.site.7, 16, 143, 159
908612.3.peg.1522.site.8, 1, 127, 128
908612.3.peg.1522.site.9, 18, 114, 132
908612.3.peg.1522.site.10, 17, 128, 145
908612.3.peg.1522.site.11, 15, 128, 143
908612.3.peg.1522.site.12, 17, 128, 145
908612.3.peg.1522.site.13, 3, 128, 131
908612.3.peg.1522.site.14, 0, 130, 130
908612.3.peg.1522.site.15, 20, 129, 149
908612.3.peg.1522.site.16, 14, 129, 143
908612.3.peg.1522.site.17, 2, 127, 129
908612.3.peg.1522.site.18, 16, 128, 144
908612.3.peg.1522.site.19, 22, 129, 151
908612.3.peg.1522.site.20, 69, 139, 208
908612.3.peg.1522.site.21, 69, 147, 216
908612.3.peg.1522.site.22, 79, 148, 227
908612.3.peg.1522.site.23, 63, 133, 196
908612.3.peg.1522.site.24, 62, 124, 186
908612.3.peg.1522.site.25, 51, 112, 163
908612.3.peg.1522.site.26, 86, 116, 202
908612.3.peg.1522.site.27, 16, 137, 153
908612.3.peg.1522.site.28, 38, 155, 193
908612.3.peg.1522.site.29, 34, 166, 200
908612.3.peg.1522.site.30, 0, 169, 169
908612.3.peg.1522.site.31, 23, 179, 202
908612.3.peg.1522.site.32, 8, 160, 168
908612.3.peg.1522.site.33, 3, 163, 166
908612.3.peg.1522.site.34, 15, 172, 187
908612.3.peg.1522.site.35, 0, 168, 168
908612.3.peg.1522.site.36, 10, 158, 168
908612.3.peg.1522.site.37, 2, 158, 160
908612.3.peg.1522.site.38, 22, 158, 180
908612.3.peg.1522.site.39, 0, 153, 153
908612.3.peg.1522.site.40, 15, 155, 170
908612.3.peg.1522.site.41, 6, 165, 171
908612.3.peg.1522.site.42, 9, 177, 186
908612.3.peg.1522.site.43, 21, 175, 196
908612.3.peg.1522.site.44, 4, 171, 175
908612.3.peg.1522.site.45, 0, 172, 172
908612.3.peg.1522.site.46, 0, 156, 156
908612.3.peg.1521.site.1, 85, 137, 222
908612.3.peg.1521.site.2, 83, 134, 217
908612.3.peg.1521.site.3, 2, 157, 159
908612.3.peg.1521.site.4, 19, 158, 177
908612.3.peg.1521.site.5, 2, 150, 152
908612.3.peg.1521.site.6, 5, 148, 153
908612.3.peg.1521.site.7, 2, 150, 152
908612.3.peg.1521.site.8, 3, 151, 154
908612.3.peg.1521.site.9, 3, 136, 139
908612.3.peg.1521.site.10, 5, 176, 181
908612.3.peg.1521.site.11, 13, 164, 177
908612.3.peg.1521.site.12, 14, 164, 178
908612.3.peg.1521.site.13, 8, 161, 169
908612.3.peg.1521.site.14, 6, 154, 160
908612.3.peg.1521.site.15, 4, 156, 160
908612.3.peg.1521.site.16, 4, 155, 159
908612.3.peg.1521.site.17, 1, 142, 143
908612.3.peg.1521.site.18, 1, 126, 127
908612.3.peg.1521.site.19, 1, 139, 140
908612.3.peg.1521.site.20, 1, 139, 140
908612.3.peg.1521.site.21, 2, 137, 139
908612.3.peg.1521.site.22, 11, 132, 143
908612.3.peg.1521.site.23, 0, 149, 149
908612.3.peg.1521.site.24, 46, 153, 199
908612.3.peg.1521.site.25, 1, 154, 155
908612.3.peg.1521.site.26, 1, 178, 179
908612.3.peg.1521.site.27, 2, 177, 179
908612.3.peg.1521.site.28, 3, 178, 181
908612.3.peg.1521.site.29, 1, 178, 179
908612.3.peg.1521.site.30, 3, 176, 179
908612.3.peg.1521.site.31, 5, 179, 184
908612.3.peg.1521.site.32, 3, 180, 183
908612.3.peg.1521.site.33, 5, 180, 185
908612.3.peg.1521.site.34, 18, 177, 195
908612.3.peg.1521.site.35, 2, 148, 150
908612.3.peg.62.site.1, 2, 175, 177
908612.3.peg.62.site.2, 54, 168, 222
908612.3.peg.62.site.3, 0, 172, 172
908612.3.peg.62.site.4, 0, 176, 176
908612.3.peg.62.site.5, 63, 172, 235
908612.3.peg.62.site.6, 96, 174, 270
908612.3.peg.62.site.7, 1, 173, 174
908612.3.peg.62.site.8, 1, 144, 145
908612.3.peg.62.site.9, 8, 148, 156
908612.3.peg.62.site.10, 1, 157, 158
908612.3.peg.62.site.11, 5, 171, 176
908612.3.peg.62.site.12, 1, 177, 178
908612.3.peg.62.site.13, 1, 174, 175
908612.3.peg.62.site.14, 3, 175, 178
908612.3.peg.62.site.15, 1, 178, 179
908612.3.peg.62.site.16, 5, 174, 179
908612.3.peg.62.site.17, 1, 176, 177
908612.3.peg.62.site.18, 1, 180, 181
908612.3.peg.62.site.19, 57, 177, 234
908612.3.peg.62.site.20, 12, 175, 187
908612.3.peg.62.site.21, 35, 176, 211
908612.3.peg.62.site.22, 6, 175, 181
908612.3.peg.62.site.23, 92, 168, 260
908612.3.peg.62.site.24, 94, 171, 265
908612.3.peg.1638.site.1, 82, 175, 257
908612.3.peg.1638.site.2, 0, 180, 180
908612.3.peg.1638.site.3, 10, 175, 185
908612.3.peg.1638.site.4, 10, 175, 185
908612.3.peg.1638.site.5, 10, 174, 184
908612.3.peg.1638.site.6, 12, 169, 181
908612.3.peg.1638.site.7, 56, 169, 225
908612.3.peg.1638.site.8, 31, 177, 208
908612.3.peg.1638.site.9, 76, 175, 251
908612.3.peg.1638.site.10, 0, 179, 179
908612.3.peg.1638.site.11, 5, 153, 158
908612.3.peg.1638.site.12, 5, 157, 162
908612.3.peg.1638.site.13, 1, 158, 159
908612.3.peg.1638.site.14, 7, 155, 162
908612.3.peg.1638.site.15, 7, 148, 155
908612.3.peg.1638.site.16, 7, 165, 172
908612.3.peg.1639.site.1, 2, 180, 182
908612.3.peg.1639.site.2, 2, 180, 182
908612.3.peg.1639.site.3, 135, 172, 307
908612.3.peg.1639.site.4, 2, 169, 171
908612.3.peg.1639.site.5, 111, 173, 284
908612.3.peg.1639.site.6, 1, 177, 178
908612.3.peg.1639.site.7, 5, 177, 182
908612.3.peg.1639.site.8, 1, 179, 180
908612.3.peg.1639.site.9, 0, 180, 180
908612.3.peg.1148.site.1, 0, 178, 178
908612.3.peg.1148.site.2, 2, 178, 180
908612.3.peg.1148.site.3, 6, 178, 184
908612.3.peg.1148.site.4, 4, 175, 179
908612.3.peg.1148.site.5, 37, 171, 208
908612.3.peg.1148.site.6, 18, 176, 194
908612.3.peg.1148.site.7, 4, 172, 176
908612.3.peg.1148.site.8, 0, 176, 176
908612.3.peg.1148.site.9, 26, 175, 201
908612.3.peg.1148.site.10, 0, 177, 177
908612.3.peg.1148.site.11, 2, 177, 179
908612.3.peg.1148.site.12, 36, 174, 210
908612.3.peg.1148.site.13, 59, 172, 231
908612.3.peg.1148.site.14, 0, 174, 174
908612.3.peg.1148.site.15, 26, 174, 200
908612.3.peg.1148.site.16, 28, 174, 202
908612.3.peg.1148.site.17, 61, 175, 236
908612.3.peg.1148.site.18, 0, 177, 177
908612.3.peg.1148.site.19, 7, 177, 184
908612.3.peg.1148.site.20, 15, 176, 191
908612.3.peg.1148.site.21, 22, 169, 191
908612.3.peg.1148.site.22, 26, 137, 163
908612.3.peg.1148.site.23, 22, 134, 156
908612.3.peg.1148.site.24, 23, 145, 168
908612.3.peg.1148.site.25, 115, 155, 270
908612.3.peg.1148.site.26, 116, 156, 272
908612.3.peg.1148.site.27, 119, 159, 278
908612.3.peg.1148.site.28, 67, 158, 225
908612.3.peg.1148.site.29, 94, 172, 266
908612.3.peg.1148.site.30, 74, 171, 245
908612.3.peg.1148.site.31, 1, 175, 176
908612.3.peg.1148.site.32, 44, 172, 216
908612.3.peg.1148.site.33, 40, 172, 212
908612.3.peg.1148.site.34, 5, 179, 184
908612.3.peg.1148.site.35, 12, 177, 189
908612.3.peg.1148.site.36, 1, 177, 178
908612.3.peg.1148.site.37, 7, 178, 185
908612.3.peg.1148.site.38, 2, 178, 180
908612.3.peg.1148.site.39, 2, 178, 180
908612.3.peg.1148.site.40, 2, 178, 180
908612.3.peg.1148.site.41, 2, 177, 179
908612.3.peg.1148.site.42, 2, 178, 180
908612.3.peg.1148.site.43, 3, 176, 179
908612.3.peg.1148.site.44, 5, 176, 181
908612.3.peg.1148.site.45, 66, 170, 236
908612.3.peg.1148.site.46, 57, 164, 221
908612.3.peg.1148.site.47, 1, 174, 175
908612.3.peg.1148.site.48, 66, 171, 237
908612.3.peg.1148.site.49, 0, 172, 172
908612.3.peg.1148.site.50, 119, 172, 291
908612.3.peg.1148.site.51, 114, 168, 282
908612.3.peg.1148.site.52, 112, 163, 275
908612.3.peg.1148.site.53, 104, 155, 259
908612.3.peg.1148.site.54, 74, 167, 241
908612.3.peg.1148.site.55, 79, 173, 252
908612.3.peg.1148.site.56, 4, 172, 176
908612.3.peg.1148.site.57, 5, 176, 181
908612.3.peg.1148.site.58, 70, 156, 226
908612.3.peg.1148.site.59, 53, 140, 193
908612.3.peg.1148.site.60, 1, 122, 123
908612.3.peg.1148.site.61, 27, 114, 141
908612.3.peg.1148.site.62, 7, 95, 102
908612.3.peg.1148.site.63, 27, 111, 138
908612.3.peg.1148.site.64, 31, 115, 146
908612.3.peg.1148.site.65, 47, 169, 216
908612.3.peg.1148.site.66, 1, 174, 175
908612.3.peg.1149.site.1, 0, 176, 176
908612.3.peg.1149.site.2, 41, 176, 217
908612.3.peg.1149.site.3, 31, 175, 206
908612.3.peg.1149.site.4, 57, 172, 229
908612.3.peg.1149.site.5, 26, 166, 192
908612.3.peg.1149.site.6, 9, 165, 174
908612.3.peg.1149.site.7, 4, 162, 166
908612.3.peg.1149.site.8, 30, 166, 196
908612.3.peg.1149.site.9, 36, 175, 211
908612.3.peg.1149.site.10, 1, 177, 178
908612.3.peg.1149.site.11, 40, 177, 217
908612.3.peg.1149.site.12, 40, 177, 217
908612.3.peg.1149.site.13, 40, 177, 217
908612.3.peg.1149.site.14, 0, 177, 177
908612.3.peg.1149.site.15, 0, 178, 178
908612.3.peg.1149.site.16, 38, 172, 210
908612.3.peg.1149.site.17, 25, 160, 185
908612.3.peg.1149.site.18, 22, 158, 180
908612.3.peg.1149.site.19, 21, 155, 176
908612.3.peg.1149.site.20, 19, 154, 173
908612.3.peg.1149.site.21, 0, 159, 159
908612.3.peg.1149.site.22, 0, 144, 144
908612.3.peg.1149.site.23, 7, 138, 145
908612.3.peg.1149.site.24, 7, 141, 148
908612.3.peg.1149.site.25, 12, 149, 161
908612.3.peg.63.site.1, 6, 179, 185
908612.3.peg.63.site.2, 97, 175, 272
908612.3.peg.63.site.3, 14, 180, 194
908612.3.peg.63.site.4, 7, 178, 185
908612.3.peg.63.site.5, 115, 173, 288
908612.3.peg.63.site.6, 153, 176, 329
908612.3.peg.63.site.7, 0, 173, 173
908612.3.peg.63.site.8, 0, 166, 166
908612.3.peg.63.site.9, 1, 178, 179
908612.3.peg.63.site.10, 122, 176, 298
908612.3.peg.63.site.11, 70, 178, 248
908612.3.peg.63.site.12, 1, 177, 178
908612.3.peg.63.site.13, 1, 177, 178
908612.3.peg.63.site.14, 2, 176, 178
908612.3.peg.63.site.15, 28, 176, 204
908612.3.peg.63.site.16, 37, 177, 214
908612.3.peg.63.site.17, 5, 176, 181
908612.3.peg.63.site.18, 2, 174, 176
908612.3.peg.63.site.19, 51, 177, 228
908612.3.peg.63.site.20, 34, 176, 210
908612.3.peg.63.site.21, 5, 176, 181
908612.3.peg.63.site.22, 9, 173, 182
908612.3.peg.63.site.23, 55, 171, 226
908612.3.peg.63.site.24, 64, 173, 237
908612.3.peg.63.site.25, 114, 174, 288
908612.3.peg.63.site.26, 91, 172, 263
908612.3.peg.63.site.27, 33, 176, 209
908612.3.peg.63.site.28, 66, 174, 240
908612.3.peg.63.site.29, 67, 173, 240
908612.3.peg.63.site.30, 82, 173, 255
908612.3.peg.63.site.31, 9, 173, 182
908612.3.peg.63.site.32, 66, 170, 236
908612.3.peg.63.site.33, 46, 173, 219
908612.3.peg.63.site.34, 69, 171, 240
908612.3.peg.63.site.35, 4, 174, 178
908612.3.peg.63.site.36, 39, 172, 211
908612.3.peg.63.site.37, 40, 173, 213
908612.3.peg.63.site.38, 52, 169, 221
908612.3.peg.63.site.39, 70, 172, 242
908612.3.peg.63.site.40, 13, 170, 183
908612.3.peg.63.site.41, 4, 176, 180
908612.3.peg.63.site.42, 12, 177, 189
908612.3.peg.63.site.43, 0, 175, 175
908612.3.peg.1632.site.1, 14, 173, 187
908612.3.peg.1632.site.2, 3, 177, 180
908612.3.peg.1632.site.3, 0, 176, 176
908612.3.peg.1632.site.4, 0, 180, 180
908612.3.peg.1632.site.5, 20, 176, 196
908612.3.peg.1632.site.6, 31, 154, 185
908612.3.peg.1632.site.7, 6, 158, 164
908612.3.peg.1632.site.8, 6, 176, 182
908612.3.peg.1632.site.9, 1, 154, 155
908612.3.peg.1632.site.10, 3, 163, 166
908612.3.peg.1632.site.11, 11, 166, 177
908612.3.peg.1632.site.12, 3, 177, 180
908612.3.peg.1632.site.13, 6, 178, 184
908612.3.peg.1632.site.14, 38, 176, 214
908612.3.peg.1632.site.15, 9, 169, 178
908612.3.peg.1632.site.16, 3, 175, 178
908612.3.peg.1632.site.17, 27, 173, 200
908612.3.peg.1633.site.1, 2, 180, 182
908612.3.peg.1633.site.2, 3, 180, 183
908612.3.peg.1633.site.3, 13, 167, 180
908612.3.peg.1633.site.4, 0, 166, 166
908612.3.peg.1633.site.5, 16, 176, 192
908612.3.peg.1633.site.6, 0, 176, 176
908612.3.peg.1633.site.7, 10, 179, 189
908612.3.peg.1633.site.8, 0, 176, 176
908612.3.peg.1633.site.9, 27, 177, 204
908612.3.peg.1633.site.10, 10, 176, 186
908612.3.peg.1630.site.1, 1, 163, 164
908612.3.peg.1630.site.2, 8, 179, 187
908612.3.peg.1630.site.3, 78, 172, 250
908612.3.peg.1630.site.4, 58, 172, 230
908612.3.peg.1630.site.5, 3, 179, 182
908612.3.peg.1630.site.6, 4, 180, 184
908612.3.peg.1630.site.7, 3, 179, 182
908612.3.peg.1630.site.8, 24, 178, 202
908612.3.peg.1630.site.9, 1, 180, 181
908612.3.peg.1630.site.10, 156, 178, 334
908612.3.peg.1630.site.11, 1, 180, 181
908612.3.peg.1630.site.12, 2, 179, 181
908612.3.peg.1630.site.13, 1, 180, 181
908612.3.peg.1630.site.14, 4, 179, 183
908612.3.peg.1630.site.15, 3, 178, 181
908612.3.peg.1630.site.16, 3, 180, 183
908612.3.peg.1630.site.17, 8, 179, 187
908612.3.peg.1630.site.18, 128, 176, 304
908612.3.peg.1630.site.19, 19, 178, 197
908612.3.peg.1630.site.20, 1, 180, 181
908612.3.peg.1630.site.21, 6, 180, 186
908612.3.peg.1630.site.22, 112, 178, 290
908612.3.peg.1630.site.23, 3, 180, 183
908612.3.peg.1630.site.24, 3, 179, 182
908612.3.peg.1630.site.25, 1, 178, 179
908612.3.peg.1630.site.26, 18, 178, 196
908612.3.peg.1630.site.27, 7, 176, 183
908612.3.peg.1630.site.28, 3, 177, 180
908612.3.peg.1630.site.29, 8, 177, 185
908612.3.peg.1630.site.30, 0, 178, 178
908612.3.peg.1630.site.31, 3, 178, 181
908612.3.peg.1630.site.32, 2, 179, 181
908612.3.peg.1147.site.1, 25, 178, 203
908612.3.peg.1147.site.2, 27, 179, 206
908612.3.peg.1147.site.3, 23, 179, 202
908612.3.peg.1147.site.4, 0, 179, 179
908612.3.peg.1147.site.5, 107, 175, 282
908612.3.peg.1147.site.6, 22, 178, 200
908612.3.peg.1147.site.7, 9, 160, 169
908612.3.peg.1147.site.8, 3, 157, 160
908612.3.peg.1147.site.9, 6, 160, 166
908612.3.peg.1147.site.10, 2, 179, 181
908612.3.peg.1147.site.11, 7, 178, 185
908612.3.peg.1147.site.12, 17, 177, 194
908612.3.peg.1147.site.13, 4, 177, 181
908612.3.peg.1147.site.14, 0, 169, 169
908612.3.peg.1147.site.15, 0, 177, 177
908612.3.peg.1636.site.1, 4, 178, 182
908612.3.peg.1636.site.2, 0, 179, 179
908612.3.peg.1636.site.3, 78, 179, 257
908612.3.peg.1636.site.4, 3, 179, 182
908612.3.peg.1636.site.5, 0, 174, 174
908612.3.peg.1636.site.6, 2, 178, 180
908612.3.peg.1636.site.7, 68, 180, 248
908612.3.peg.1636.site.8, 38, 179, 217
908612.3.peg.1636.site.9, 3, 179, 182
908612.3.peg.1636.site.10, 49, 175, 224
908612.3.peg.1636.site.11, 58, 177, 235
908612.3.peg.1636.site.12, 2, 178, 180
908612.3.peg.1636.site.13, 2, 180, 182
908612.3.peg.1636.site.14, 6, 180, 186
908612.3.peg.1636.site.15, 1, 180, 181
908612.3.peg.1636.site.16, 6, 180, 186
908612.3.peg.1636.site.17, 2, 180, 182
908612.3.peg.1636.site.18, 0, 180, 180
908612.3.peg.1636.site.19, 1, 180, 181
908612.3.peg.1637.site.1, 0, 180, 180
908612.3.peg.1637.site.2, 0, 179, 179
908612.3.peg.1637.site.3, 5, 180, 185
908612.3.peg.1637.site.4, 0, 180, 180
908612.3.peg.1637.site.5, 12, 180, 192
908612.3.peg.1637.site.6, 4, 179, 183
908612.3.peg.1637.site.7, 0, 179, 179
908612.3.peg.1637.site.8, 4, 179, 183
908612.3.peg.1637.site.9, 1, 179, 180
908612.3.peg.1637.site.10, 0, 180, 180
908612.3.peg.1637.site.11, 3, 180, 183
908612.3.peg.1637.site.12, 1, 180, 181
908612.3.peg.1637.site.13, 47, 177, 224
908612.3.peg.1637.site.14, 17, 179, 196
908612.3.peg.1637.site.15, 47, 179, 226
908612.3.peg.1637.site.16, 2, 180, 182
908612.3.peg.1637.site.17, 0, 180, 180
908612.3.peg.1637.site.18, 21, 180, 201
908612.3.peg.1637.site.19, 0, 179, 179
908612.3.peg.1637.site.20, 1, 180, 181
908612.3.peg.1637.site.21, 39, 179, 218
908612.3.peg.1637.site.22, 15, 179, 194
908612.3.peg.1637.site.23, 24, 179, 203
908612.3.peg.1637.site.24, 0, 180, 180
908612.3.peg.1637.site.25, 9, 180, 189
908612.3.peg.1637.site.26, 45, 178, 223
908612.3.peg.1637.site.27, 0, 180, 180
908612.3.peg.1637.site.28, 14, 178, 192
908612.3.peg.1637.site.29, 3, 177, 180
908612.3.peg.1637.site.30, 17, 179, 196
908612.3.peg.1637.site.31, 2, 179, 181
908612.3.peg.1637.site.32, 2, 179, 181
908612.3.peg.1637.site.33, 2, 179, 181
908612.3.peg.1637.site.34, 2, 179, 181
908612.3.peg.1637.site.35, 8, 179, 187
908612.3.peg.1637.site.36, 45, 176, 221
908612.3.peg.1637.site.37, 4, 179, 183
908612.3.peg.1637.site.38, 4, 179, 183
908612.3.peg.1637.site.39, 2, 177, 179
908612.3.peg.1637.site.40, 0, 178, 178
908612.3.peg.1637.site.41, 0, 179, 179
908612.3.peg.1637.site.42, 1, 180, 181
908612.3.peg.1637.site.43, 0, 167, 167
908612.3.peg.1637.site.44, 0, 179, 179
908612.3.peg.1637.site.45, 0, 180, 180
908612.3.peg.1637.site.46, 42, 178, 220
908612.3.peg.1637.site.47, 42, 178, 220
908612.3.peg.1637.site.48, 6, 177, 183
908612.3.peg.1637.site.49, 4, 179, 183
908612.3.peg.1637.site.50, 27, 177, 204
908612.3.peg.1637.site.51, 3, 177, 180
908612.3.peg.1637.site.52, 122, 176, 298
908612.3.peg.1637.site.53, 134, 173, 307
908612.3.peg.1637.site.54, 0, 179, 179
908612.3.peg.1637.site.55, 6, 179, 185
908612.3.peg.1637.site.56, 20, 175, 195
908612.3.peg.1637.site.57, 12, 178, 190
908612.3.peg.1637.site.58, 21, 178, 199
908612.3.peg.1637.site.59, 40, 178, 218
908612.3.peg.1637.site.60, 2, 180, 182
908612.3.peg.1637.site.61, 58, 175, 233
908612.3.peg.1637.site.62, 3, 180, 183
908612.3.peg.1637.site.63, 71, 177, 248
908612.3.peg.1142.site.1, 46, 178, 224
908612.3.peg.1142.site.2, 1, 180, 181
908612.3.peg.1142.site.3, 99, 172, 271
908612.3.peg.1142.site.4, 23, 177, 200
908612.3.peg.1142.site.5, 0, 179, 179
908612.3.peg.1142.site.6, 92, 171, 263
908612.3.peg.1142.site.7, 93, 172, 265
908612.3.peg.1142.site.8, 0, 179, 179
908612.3.peg.1142.site.9, 96, 175, 271
908612.3.peg.1142.site.10, 121, 175, 296
908612.3.peg.1142.site.11, 1, 179, 180
908612.3.peg.1142.site.12, 103, 174, 277
908612.3.peg.1142.site.13, 101, 173, 274
908612.3.peg.1142.site.14, 17, 177, 194
908612.3.peg.1142.site.15, 100, 169, 269
908612.3.peg.1635.site.1, 56, 176, 232
908612.3.peg.1635.site.2, 128, 175, 303
908612.3.peg.1635.site.3, 0, 179, 179
908612.3.peg.1635.site.4, 72, 174, 246
908612.3.peg.1635.site.5, 133, 177, 310
908612.3.peg.1635.site.6, 13, 179, 192
908612.3.peg.1635.site.7, 53, 161, 214
908612.3.peg.1635.site.8, 28, 136, 164
908612.3.peg.1635.site.9, 2, 126, 128
908612.3.peg.1635.site.10, 2, 110, 112
908612.3.peg.1635.site.11, 7, 114, 121
908612.3.peg.1635.site.12, 49, 136, 185
908612.3.peg.1635.site.13, 8, 180, 188
908612.3.peg.1635.site.14, 1, 179, 180
908612.3.peg.1635.site.15, 44, 174, 218
908612.3.peg.1635.site.16, 5, 177, 182
908612.3.peg.1635.site.17, 0, 174, 174
908612.3.peg.1635.site.18, 57, 176, 233
908612.3.peg.1635.site.19, 56, 174, 230
908612.3.peg.1635.site.20, 103, 179, 282
908612.3.peg.1635.site.21, 5, 179, 184
908612.3.peg.1635.site.22, 46, 176, 222
908612.3.peg.1635.site.23, 56, 176, 232
908612.3.peg.1635.site.24, 1, 179, 180
908612.3.peg.1635.site.25, 0, 177, 177
908612.3.peg.1635.site.26, 0, 178, 178
908612.3.peg.1635.site.27, 0, 178, 178
908612.3.peg.1635.site.28, 55, 176, 231
908612.3.peg.1635.site.29, 56, 177, 233
908612.3.peg.1635.site.30, 8, 180, 188
908612.3.peg.1635.site.31, 105, 179, 284
908612.3.peg.1635.site.32, 56, 177, 233
908612.3.peg.1635.site.33, 56, 177, 233
908612.3.peg.1635.site.34, 0, 179, 179
908612.3.peg.1635.site.35, 0, 179, 179
908612.3.peg.1635.site.36, 1, 180, 181
908612.3.peg.1635.site.37, 5, 179, 184
908612.3.peg.1635.site.38, 4, 179, 183
908612.3.peg.1635.site.39, 0, 178, 178
908612.3.peg.1635.site.40, 1, 179, 180
908612.3.peg.1635.site.41, 15, 175, 190
908612.3.peg.1635.site.42, 13, 170, 183
908612.3.peg.1635.site.43, 2, 173, 175
908612.3.peg.1635.site.44, 52, 174, 226
908612.3.peg.1635.site.45, 29, 174, 203
908612.3.peg.1635.site.46, 102, 174, 276
908612.3.peg.1635.site.47, 34, 176, 210
908612.3.peg.1635.site.48, 8, 179, 187
908612.3.peg.1635.site.49, 109, 175, 284
908612.3.peg.28.site.1, 0, 178, 178
908612.3.peg.28.site.2, 35, 166, 201
908612.3.peg.28.site.3, 0, 172, 172
908612.3.peg.29.site.1, 67, 172, 239
908612.3.peg.29.site.2, 39, 175, 214
908612.3.peg.29.site.3, 2, 177, 179
908612.3.peg.29.site.4, 62, 173, 235
908612.3.peg.29.site.5, 1, 179, 180
908612.3.peg.29.site.6, 66, 168, 234
908612.3.peg.29.site.7, 2, 167, 169
908612.3.peg.29.site.8, 14, 159, 173
908612.3.peg.29.site.9, 63, 162, 225
908612.3.peg.29.site.10, 0, 178, 178
908612.3.peg.29.site.11, 1, 179, 180
908612.3.peg.29.site.12, 5, 180, 185
908612.3.peg.29.site.13, 14, 178, 192
908612.3.peg.29.site.14, 1, 180, 181
908612.3.peg.29.site.15, 71, 172, 243
908612.3.peg.29.site.16, 0, 175, 175
908612.3.peg.29.site.17, 15, 157, 172
908612.3.peg.29.site.18, 43, 155, 198
908612.3.peg.29.site.19, 66, 164, 230
908612.3.peg.29.site.20, 2, 175, 177
908612.3.peg.29.site.21, 1, 178, 179
908612.3.peg.29.site.22, 0, 178, 178
908612.3.peg.29.site.23, 0, 160, 160
908612.3.peg.29.site.24, 61, 158, 219
908612.3.peg.29.site.25, 54, 155, 209
908612.3.peg.29.site.26, 0, 146, 146
908612.3.peg.29.site.27, 7, 133, 140
908612.3.peg.29.site.28, 3, 153, 156
908612.3.peg.29.site.29, 3, 154, 157
908612.3.peg.29.site.30, 7, 154, 161
908612.3.peg.66.site.1, 31, 179, 210
908612.3.peg.66.site.2, 18, 174, 192
908612.3.peg.66.site.3, 5, 153, 158
908612.3.peg.66.site.4, 4, 148, 152
908612.3.peg.66.site.5, 5, 143, 148
908612.3.peg.66.site.6, 10, 131, 141
908612.3.peg.66.site.7, 25, 136, 161
908612.3.peg.66.site.8, 10, 154, 164
908612.3.peg.66.site.9, 1, 163, 164
908612.3.peg.66.site.10, 6, 174, 180
908612.3.peg.66.site.11, 15, 176, 191
908612.3.peg.66.site.12, 0, 179, 179
908612.3.peg.66.site.13, 79, 176, 255
908612.3.peg.66.site.14, 74, 176, 250
908612.3.peg.66.site.15, 35, 177, 212
908612.3.peg.66.site.16, 8, 179, 187
908612.3.peg.66.site.17, 9, 180, 189
908612.3.peg.66.site.18, 14, 154, 168
908612.3.peg.66.site.19, 8, 148, 156
908612.3.peg.66.site.20, 2, 142, 144
908612.3.peg.66.site.21, 1, 141, 142
908612.3.peg.66.site.22, 17, 166, 183
908612.3.peg.66.site.23, 28, 177, 205
908612.3.peg.66.site.24, 74, 175, 249
908612.3.peg.66.site.25, 1, 180, 181
908612.3.peg.66.site.26, 0, 180, 180
908612.3.peg.66.site.27, 14, 180, 194
908612.3.peg.66.site.28, 18, 179, 197
908612.3.peg.66.site.29, 30, 178, 208
908612.3.peg.66.site.30, 49, 176, 225
908612.3.peg.66.site.31, 32, 177, 209
908612.3.peg.66.site.32, 1, 180, 181
908612.3.peg.66.site.33, 7, 180, 187
908612.3.peg.67.site.1, 0, 177, 177
908612.3.peg.67.site.2, 11, 180, 191
908612.3.peg.67.site.3, 6, 178, 184
908612.3.peg.67.site.4, 1, 180, 181
908612.3.peg.67.site.5, 14, 179, 193
908612.3.peg.67.site.6, 114, 174, 288
908612.3.peg.67.site.7, 6, 180, 186
908612.3.peg.67.site.8, 23, 176, 199
908612.3.peg.67.site.9, 24, 178, 202
908612.3.peg.67.site.10, 21, 179, 200
908612.3.peg.67.site.11, 93, 178, 271
908612.3.peg.67.site.12, 173, 179, 352
908612.3.peg.67.site.13, 19, 177, 196
908612.3.peg.67.site.14, 163, 170, 333
908612.3.peg.67.site.15, 1, 73, 74
908612.3.peg.67.site.16, 2, 65, 67
908612.3.peg.67.site.17, 26, 72, 98
908612.3.peg.67.site.18, 4, 90, 94
908612.3.peg.67.site.19, 2, 145, 147
908612.3.peg.67.site.20, 95, 163, 258
908612.3.peg.67.site.21, 167, 173, 340
908612.3.peg.67.site.22, 136, 176, 312
908612.3.peg.67.site.23, 83, 172, 255
908612.3.peg.67.site.24, 0, 178, 178
908612.3.peg.67.site.25, 30, 175, 205
908612.3.peg.67.site.26, 2, 177, 179
908612.3.peg.67.site.27, 6, 180, 186
908612.3.peg.67.site.28, 8, 176, 184
908612.3.peg.67.site.29, 3, 179, 182
908612.3.peg.67.site.30, 3, 180, 183
908612.3.peg.67.site.31, 0, 179, 179
908612.3.peg.67.site.32, 2, 179, 181
908612.3.peg.67.site.33, 1, 178, 179
908612.3.peg.67.site.34, 24, 178, 202
908612.3.peg.67.site.35, 3, 180, 183
908612.3.peg.67.site.36, 65, 174, 239
908612.3.peg.67.site.37, 2, 176, 178
908612.3.peg.67.site.38, 0, 180, 180
908612.3.peg.65.site.1, 2, 179, 181
908612.3.peg.65.site.2, 2, 179, 181
908612.3.peg.65.site.3, 47, 177, 224
908612.3.peg.65.site.4, 4, 180, 184
908612.3.peg.65.site.5, 0, 180, 180
908612.3.peg.65.site.6, 37, 178, 215
908612.3.peg.65.site.7, 7, 180, 187
908612.3.peg.65.site.8, 9, 179, 188
908612.3.peg.65.site.9, 0, 180, 180
908612.3.peg.65.site.10, 53, 178, 231
908612.3.peg.65.site.11, 0, 180, 180
908612.3.peg.1452.site.1, 0, 180, 180
908612.3.peg.1452.site.2, 2, 180, 182
908612.3.peg.1452.site.3, 104, 179, 283
908612.3.peg.1452.site.4, 0, 180, 180
908612.3.peg.1452.site.5, 23, 178, 201
908612.3.peg.1452.site.6, 14, 180, 194
908612.3.peg.1452.site.7, 7, 175, 182
908612.3.peg.1452.site.8, 8, 176, 184
908612.3.peg.1452.site.9, 6, 172, 178
908612.3.peg.1452.site.10, 25, 175, 200
908612.3.peg.1452.site.11, 38, 169, 207
908612.3.peg.1452.site.12, 3, 173, 176
908612.3.peg.1452.site.13, 20, 175, 195
908612.3.peg.1452.site.14, 71, 160, 231
908612.3.peg.1452.site.15, 109, 164, 273
908612.3.peg.1452.site.16, 65, 153, 218
908612.3.peg.1452.site.17, 105, 160, 265
908612.3.peg.1452.site.18, 3, 164, 167
908612.3.peg.1452.site.19, 18, 172, 190
908612.3.peg.1452.site.20, 18, 166, 184
908612.3.peg.1452.site.21, 0, 175, 175
908612.3.peg.1452.site.22, 0, 174, 174
908612.3.peg.1452.site.23, 5, 177, 182
908612.3.peg.1452.site.24, 0, 175, 175
908612.3.peg.1453.site.1, 21, 172, 193
908612.3.peg.1453.site.2, 81, 171, 252
908612.3.peg.1453.site.3, 34, 175, 209
908612.3.peg.1453.site.4, 24, 176, 200
908612.3.peg.1453.site.5, 25, 175, 200
908612.3.peg.1453.site.6, 27, 178, 205
908612.3.peg.1453.site.7, 119, 177, 296
908612.3.peg.1453.site.8, 3, 178, 181
908612.3.peg.1453.site.9, 3, 165, 168
908612.3.peg.1453.site.10, 36, 125, 161
908612.3.peg.1453.site.11, 14, 109, 123
908612.3.peg.1453.site.12, 8, 103, 111
908612.3.peg.1453.site.13, 7, 106, 113
908612.3.peg.1453.site.14, 0, 163, 163
908612.3.peg.1453.site.15, 28, 162, 190
908612.3.peg.1453.site.16, 78, 166, 244
908612.3.peg.1453.site.17, 102, 161, 263
908612.3.peg.1453.site.18, 103, 162, 265
908612.3.peg.1453.site.19, 72, 166, 238
908612.3.peg.1453.site.20, 0, 180, 180
908612.3.peg.1453.site.21, 78, 173, 251
908612.3.peg.1450.site.1, 0, 180, 180
908612.3.peg.1450.site.2, 11, 179, 190
908612.3.peg.1450.site.3, 53, 175, 228
908612.3.peg.1450.site.4, 77, 178, 255
908612.3.peg.1450.site.5, 91, 176, 267
908612.3.peg.1450.site.6, 4, 178, 182
908612.3.peg.1450.site.7, 1, 179, 180
908612.3.peg.1450.site.8, 90, 177, 267
908612.3.peg.1450.site.9, 99, 177, 276
908612.3.peg.1450.site.10, 31, 175, 206
908612.3.peg.1450.site.11, 19, 177, 196
908612.3.peg.1450.site.12, 3, 180, 183
908612.3.peg.1450.site.13, 56, 176, 232
908612.3.peg.1450.site.14, 4, 180, 184
908612.3.peg.1450.site.15, 95, 174, 269
908612.3.peg.1450.site.16, 1, 171, 172
908612.3.peg.1450.site.17, 1, 170, 171
908612.3.peg.1450.site.18, 8, 172, 180
908612.3.peg.1450.site.19, 77, 167, 244
908612.3.peg.1450.site.20, 1, 174, 175
908612.3.peg.1450.site.21, 2, 178, 180
908612.3.peg.1450.site.22, 53, 176, 229
908612.3.peg.1450.site.23, 5, 178, 183
908612.3.peg.1450.site.24, 0, 163, 163
908612.3.peg.1450.site.25, 0, 173, 173
908612.3.peg.1450.site.26, 0, 174, 174
908612.3.peg.1450.site.27, 2, 169, 171
908612.3.peg.1450.site.28, 35, 175, 210
908612.3.peg.1450.site.29, 0, 178, 178
908612.3.peg.1451.site.1, 0, 178, 178
908612.3.peg.1451.site.2, 102, 177, 279
908612.3.peg.1451.site.3, 0, 180, 180
908612.3.peg.1451.site.4, 92, 175, 267
908612.3.peg.1451.site.5, 13, 178, 191
908612.3.peg.1451.site.6, 82, 175, 257
908612.3.peg.1451.site.7, 79, 171, 250
908612.3.peg.1451.site.8, 80, 178, 258
908612.3.peg.1451.site.9, 176, 177, 353
908612.3.peg.1451.site.10, 21, 175, 196
908612.3.peg.1451.site.11, 0, 177, 177
908612.3.peg.1451.site.12, 8, 179, 187
908612.3.peg.1451.site.13, 28, 180, 208
908612.3.peg.1457.site.1, 45, 130, 175
908612.3.peg.1457.site.2, 36, 154, 190
908612.3.peg.1457.site.3, 0, 158, 158
908612.3.peg.1457.site.4, 64, 174, 238
908612.3.peg.1457.site.5, 80, 178, 258
908612.3.peg.1457.site.6, 1, 176, 177
908612.3.peg.1457.site.7, 16, 169, 185
908612.3.peg.1457.site.8, 74, 162, 236
908612.3.peg.1457.site.9, 60, 163, 223
908612.3.peg.1457.site.10, 1, 173, 174
908612.3.peg.1457.site.11, 70, 159, 229
908612.3.peg.1457.site.12, 87, 149, 236
908612.3.peg.1457.site.13, 2, 142, 144
908612.3.peg.1457.site.14, 28, 95, 123
908612.3.peg.1457.site.15, 22, 115, 137
908612.3.peg.1457.site.16, 34, 122, 156
908612.3.peg.1457.site.17, 1, 148, 149
908612.3.peg.1457.site.18, 64, 159, 223
908612.3.peg.1457.site.19, 20, 176, 196
908612.3.peg.1457.site.20, 1, 180, 181
908612.3.peg.1457.site.21, 4, 179, 183
908612.3.peg.1457.site.22, 5, 177, 182
908612.3.peg.1454.site.1, 0, 179, 179
908612.3.peg.1454.site.2, 64, 167, 231
908612.3.peg.1454.site.3, 13, 180, 193
908612.3.peg.1454.site.4, 9, 180, 189
908612.3.peg.1454.site.5, 0, 180, 180
908612.3.peg.1454.site.6, 7, 178, 185
908612.3.peg.1454.site.7, 0, 180, 180
908612.3.peg.1454.site.8, 37, 178, 215
908612.3.peg.1454.site.9, 0, 178, 178
908612.3.peg.1454.site.10, 0, 176, 176
908612.3.peg.1454.site.11, 58, 176, 234
908612.3.peg.1454.site.12, 37, 178, 215
908612.3.peg.1454.site.13, 53, 176, 229
908612.3.peg.1454.site.14, 3, 168, 171
908612.3.peg.1454.site.15, 55, 162, 217
908612.3.peg.1454.site.16, 0, 161, 161
908612.3.peg.1454.site.17, 58, 153, 211
908612.3.peg.1454.site.18, 137, 174, 311
908612.3.peg.1454.site.19, 62, 178, 240
908612.3.peg.1454.site.20, 0, 178, 178
908612.3.peg.1454.site.21, 2, 180, 182
908612.3.peg.1455.site.1, 2, 180, 182
908612.3.peg.1455.site.2, 39, 172, 211
908612.3.peg.1455.site.3, 163, 179, 342
908612.3.peg.1455.site.4, 28, 172, 200
908612.3.peg.1455.site.5, 10, 178, 188
908612.3.peg.1455.site.6, 74, 169, 243
908612.3.peg.1455.site.7, 8, 178, 186
908612.3.peg.1455.site.8, 38, 178, 216
908612.3.peg.1455.site.9, 0, 179, 179
908612.3.peg.1455.site.10, 0, 179, 179
908612.3.peg.1455.site.11, 4, 178, 182
908612.3.peg.1455.site.12, 0, 167, 167
908612.3.peg.1455.site.13, 149, 168, 317
908612.3.peg.1455.site.14, 146, 165, 311
908612.3.peg.1455.site.15, 0, 179, 179
908612.3.peg.1455.site.16, 2, 180, 182
908612.3.peg.1455.site.17, 0, 179, 179
908612.3.peg.1455.site.18, 0, 177, 177
908612.3.peg.1455.site.19, 0, 175, 175
908612.3.peg.1455.site.20, 0, 153, 153
908612.3.peg.1455.site.21, 0, 147, 147
908612.3.peg.1455.site.22, 0, 144, 144
908612.3.peg.1455.site.23, 15, 133, 148
908612.3.peg.1458.site.1, 47, 175, 222
908612.3.peg.1458.site.2, 0, 178, 178
908612.3.peg.1458.site.3, 37, 176, 213
908612.3.peg.1458.site.4, 26, 173, 199
908612.3.peg.1458.site.5, 11, 176, 187
908612.3.peg.1458.site.6, 80, 173, 253
908612.3.peg.1458.site.7, 0, 177, 177
908612.3.peg.1458.site.8, 43, 173, 216
908612.3.peg.1458.site.9, 45, 175, 220
908612.3.peg.1458.site.10, 13, 176, 189
908612.3.peg.1458.site.11, 43, 173, 216
908612.3.peg.1458.site.12, 45, 170, 215
908612.3.peg.1458.site.13, 8, 175, 183
908612.3.peg.1458.site.14, 0, 178, 178
908612.3.peg.1459.site.1, 3, 178, 181
908612.3.peg.1459.site.2, 25, 175, 200
908612.3.peg.1459.site.3, 88, 172, 260
908612.3.peg.1459.site.4, 43, 167, 210
908612.3.peg.1459.site.5, 52, 143, 195
908612.3.peg.1459.site.6, 59, 172, 231
908612.3.peg.1459.site.7, 14, 175, 189
908612.3.peg.1459.site.8, 11, 178, 189
908612.3.peg.1459.site.9, 53, 175, 228
908612.3.peg.1459.site.10, 23, 176, 199
908612.3.peg.1459.site.11, 21, 171, 192
908612.3.peg.1459.site.12, 136, 169, 305
908612.3.peg.1459.site.13, 0, 166, 166
908612.3.peg.1459.site.14, 30, 140, 170
908612.3.peg.1459.site.15, 29, 92, 121
908612.3.peg.2848.site.1, 6, 166, 172
908612.3.peg.2848.site.2, 14, 101, 115
908612.3.peg.2848.site.3, 92, 165, 257
908612.3.peg.2848.site.4, 23, 166, 189
908612.3.peg.2848.site.5, 1, 171, 172
908612.3.peg.2848.site.6, 0, 175, 175
908612.3.peg.2848.site.7, 6, 170, 176
908612.3.peg.2848.site.8, 94, 172, 266
908612.3.peg.2848.site.9, 3, 178, 181
908612.3.peg.2848.site.10, 22, 180, 202
908612.3.peg.2848.site.11, 6, 166, 172
908612.3.peg.2848.site.12, 66, 168, 234
908612.3.peg.2848.site.13, 3, 166, 169
908612.3.peg.2848.site.14, 8, 173, 181
908612.3.peg.2848.site.15, 0, 174, 174
908612.3.peg.2848.site.16, 128, 172, 300
908612.3.peg.2848.site.17, 10, 178, 188
908612.3.peg.2848.site.18, 4, 173, 177
908612.3.peg.2848.site.19, 1, 174, 175
908612.3.peg.2848.site.20, 9, 177, 186
908612.3.peg.2844.site.1, 87, 174, 261
908612.3.peg.2845.site.1, 0, 180, 180
908612.3.peg.2845.site.2, 5, 178, 183
908612.3.peg.2845.site.3, 0, 180, 180
908612.3.peg.2845.site.4, 28, 177, 205
908612.3.peg.2845.site.5, 75, 175, 250
908612.3.peg.2845.site.6, 10, 177, 187
908612.3.peg.2845.site.7, 29, 179, 208
908612.3.peg.2845.site.8, 14, 180, 194
908612.3.peg.2845.site.9, 13, 165, 178
908612.3.peg.2845.site.10, 106, 171, 277
908612.3.peg.2845.site.11, 11, 177, 188
908612.3.peg.2845.site.12, 46, 179, 225
908612.3.peg.2845.site.13, 86, 173, 259
908612.3.peg.2845.site.14, 12, 178, 190
908612.3.peg.2845.site.15, 108, 171, 279
908612.3.peg.2845.site.16, 14, 174, 188
908612.3.peg.2845.site.17, 2, 176, 178
908612.3.peg.2845.site.18, 142, 175, 317
908612.3.peg.2845.site.19, 106, 174, 280
908612.3.peg.2845.site.20, 113, 170, 283
908612.3.peg.2845.site.21, 39, 175, 214
908612.3.peg.2845.site.22, 70, 169, 239
908612.3.peg.2845.site.23, 31, 162, 193
908612.3.peg.2845.site.24, 0, 172, 172
908612.3.peg.2845.site.25, 125, 173, 298
908612.3.peg.2845.site.26, 38, 173, 211
908612.3.peg.2845.site.27, 0, 177, 177
908612.3.peg.2845.site.28, 13, 177, 190
908612.3.peg.2845.site.29, 0, 175, 175
908612.3.peg.2845.site.30, 3, 177, 180
908612.3.peg.2845.site.31, 7, 179, 186
908612.3.peg.2845.site.32, 2, 179, 181
908612.3.peg.2845.site.33, 1, 180, 181
908612.3.peg.2845.site.34, 0, 179, 179
908612.3.peg.2845.site.35, 6, 178, 184
908612.3.peg.2845.site.36, 13, 176, 189
908612.3.peg.2845.site.37, 12, 176, 188
908612.3.peg.2845.site.38, 1, 180, 181
908612.3.peg.2845.site.39, 1, 175, 176
908612.3.peg.2845.site.40, 5, 175, 180
908612.3.peg.2845.site.41, 16, 179, 195
908612.3.peg.2846.site.1, 24, 177, 201
908612.3.peg.2846.site.2, 1, 175, 176
908612.3.peg.2846.site.3, 5, 175, 180
908612.3.peg.2846.site.4, 1, 115, 116
908612.3.peg.2846.site.5, 1, 136, 137
908612.3.peg.2846.site.6, 1, 177, 178
908612.3.peg.2846.site.7, 0, 174, 174
908612.3.peg.2846.site.8, 0, 178, 178
908612.3.peg.2846.site.9, 2, 179, 181
908612.3.peg.2846.site.10, 1, 180, 181
908612.3.peg.2846.site.11, 5, 180, 185
908612.3.peg.2846.site.12, 1, 177, 178
908612.3.peg.2846.site.13, 39, 167, 206
908612.3.peg.2846.site.14, 0, 175, 175
908612.3.peg.2846.site.15, 2, 178, 180
908612.3.peg.2846.site.16, 0, 178, 178
908612.3.peg.2846.site.17, 0, 179, 179
908612.3.peg.2846.site.18, 0, 180, 180
908612.3.peg.2846.site.19, 0, 180, 180
908612.3.peg.2846.site.20, 1, 178, 179
908612.3.peg.2846.site.21, 18, 178, 196
908612.3.peg.2846.site.22, 0, 180, 180
908612.3.peg.2846.site.23, 8, 180, 188
908612.3.peg.2846.site.24, 2, 180, 182
908612.3.peg.2846.site.25, 0, 180, 180
908612.3.peg.2846.site.26, 0, 179, 179
908612.3.peg.2846.site.27, 0, 179, 179
908612.3.peg.2846.site.28, 0, 178, 178
908612.3.peg.2846.site.29, 0, 178, 178
908612.3.peg.2847.site.1, 0, 179, 179
908612.3.peg.2847.site.2, 0, 173, 173
908612.3.peg.2847.site.3, 1, 177, 178
908612.3.peg.2847.site.4, 3, 179, 182
908612.3.peg.2847.site.5, 6, 180, 186
908612.3.peg.2847.site.6, 1, 180, 181
908612.3.peg.2847.site.7, 104, 178, 282
908612.3.peg.2847.site.8, 1, 180, 181
908612.3.peg.2847.site.9, 0, 179, 179
908612.3.peg.2847.site.10, 0, 178, 178
908612.3.peg.2847.site.11, 5, 179, 184
908612.3.peg.2847.site.12, 1, 180, 181
908612.3.peg.2847.site.13, 1, 179, 180
908612.3.peg.2847.site.14, 136, 178, 314
908612.3.peg.2847.site.15, 4, 179, 183
908612.3.peg.2847.site.16, 3, 178, 181
908612.3.peg.2847.site.17, 1, 180, 181
908612.3.peg.2847.site.18, 39, 179, 218
908612.3.peg.2847.site.19, 0, 180, 180
908612.3.peg.2840.site.1, 41, 174, 215
908612.3.peg.2840.site.2, 6, 175, 181
908612.3.peg.2840.site.3, 43, 176, 219
908612.3.peg.2840.site.4, 37, 174, 211
908612.3.peg.2840.site.5, 0, 176, 176
908612.3.peg.2840.site.6, 25, 174, 199
908612.3.peg.2840.site.7, 136, 171, 307
908612.3.peg.2840.site.8, 6, 173, 179
908612.3.peg.2840.site.9, 2, 179, 181
908612.3.peg.2840.site.10, 1, 178, 179
908612.3.peg.2840.site.11, 6, 175, 181
908612.3.peg.2840.site.12, 2, 179, 181
908612.3.peg.2840.site.13, 12, 175, 187
908612.3.peg.2840.site.14, 3, 172, 175
908612.3.peg.2840.site.15, 104, 167, 271
908612.3.peg.2840.site.16, 99, 165, 264
908612.3.peg.2840.site.17, 95, 162, 257
908612.3.peg.2840.site.18, 2, 171, 173
908612.3.peg.2840.site.19, 0, 169, 169
908612.3.peg.2840.site.20, 1, 172, 173
908612.3.peg.2840.site.21, 14, 174, 188
908612.3.peg.2840.site.22, 0, 177, 177
908612.3.peg.2840.site.23, 90, 171, 261
908612.3.peg.2840.site.24, 82, 153, 235
908612.3.peg.2840.site.25, 83, 156, 239
908612.3.peg.2840.site.26, 34, 158, 192
908612.3.peg.2840.site.27, 81, 155, 236
908612.3.peg.2840.site.28, 2, 151, 153
908612.3.peg.2840.site.29, 64, 139, 203
908612.3.peg.2840.site.30, 1, 174, 175
908612.3.peg.2840.site.31, 44, 157, 201
908612.3.peg.2840.site.32, 35, 149, 184
908612.3.peg.2840.site.33, 1, 125, 126
908612.3.peg.2840.site.34, 6, 119, 125
908612.3.peg.2840.site.35, 17, 81, 98
908612.3.peg.2840.site.36, 2, 64, 66
908612.3.peg.2840.site.37, 4, 66, 70
908612.3.peg.2840.site.38, 3, 98, 101
908612.3.peg.2840.site.39, 77, 142, 219
908612.3.peg.2840.site.40, 4, 150, 154
908612.3.peg.2840.site.41, 3, 158, 161
908612.3.peg.2842.site.1, 140, 174, 314
908612.3.peg.2842.site.2, 36, 162, 198
908612.3.peg.2842.site.3, 3, 162, 165
908612.3.peg.2842.site.4, 53, 158, 211
908612.3.peg.2842.site.5, 15, 160, 175
908612.3.peg.2842.site.6, 5, 171, 176
908612.3.peg.2842.site.7, 100, 169, 269
908612.3.peg.2842.site.8, 9, 168, 177
908612.3.peg.2842.site.9, 27, 165, 192
908612.3.peg.2842.site.10, 42, 86, 128
908612.3.peg.2842.site.11, 39, 94, 133
908612.3.peg.2842.site.12, 15, 71, 86
908612.3.peg.2842.site.13, 2, 86, 88
908612.3.peg.2842.site.14, 10, 91, 101
908612.3.peg.2842.site.15, 82, 142, 224
908612.3.peg.2842.site.16, 1, 159, 160
908612.3.peg.2842.site.17, 1, 175, 176
908612.3.peg.2842.site.18, 7, 174, 181
908612.3.peg.2842.site.19, 4, 168, 172
908612.3.peg.2842.site.20, 0, 177, 177
908612.3.peg.2842.site.21, 4, 175, 179
908612.3.peg.2842.site.22, 53, 174, 227
908612.3.peg.2842.site.23, 128, 177, 305
908612.3.peg.2842.site.24, 162, 179, 341
908612.3.peg.2842.site.25, 156, 178, 334
908612.3.peg.2842.site.26, 0, 177, 177
908612.3.peg.2842.site.27, 21, 175, 196
908612.3.peg.2842.site.28, 4, 179, 183
908612.3.peg.2842.site.29, 89, 174, 263
908612.3.peg.2842.site.30, 3, 180, 183
908612.3.peg.2842.site.31, 33, 178, 211
908612.3.peg.2842.site.32, 12, 176, 188
908612.3.peg.2842.site.33, 0, 176, 176
908612.3.peg.2842.site.34, 0, 179, 179
908612.3.peg.2842.site.35, 7, 179, 186
908612.3.peg.2843.site.1, 4, 180, 184
908612.3.peg.2843.site.2, 53, 174, 227
908612.3.peg.2843.site.3, 0, 179, 179
908612.3.peg.2843.site.4, 0, 178, 178
908612.3.peg.2843.site.5, 4, 178, 182
908612.3.peg.2843.site.6, 16, 164, 180
908612.3.peg.2843.site.7, 16, 169, 185
908612.3.peg.2843.site.8, 2, 176, 178
908612.3.peg.2843.site.9, 5, 179, 184
908612.3.peg.2843.site.10, 8, 177, 185
908612.3.peg.2843.site.11, 65, 174, 239
908612.3.peg.2843.site.12, 4, 180, 184
908612.3.peg.2843.site.13, 0, 176, 176
908612.3.peg.2843.site.14, 20, 167, 187
908612.3.peg.2843.site.15, 1, 170, 171
908612.3.peg.2843.site.16, 88, 165, 253
908612.3.peg.2843.site.17, 6, 175, 181
908612.3.peg.2843.site.18, 8, 178, 186
908612.3.peg.2843.site.19, 3, 175, 178
908612.3.peg.2843.site.20, 53, 177, 230
908612.3.peg.2843.site.21, 2, 179, 181
908612.3.peg.809.site.1, 74, 175, 249
908612.3.peg.808.site.1, 12, 178, 190
908612.3.peg.808.site.2, 49, 178, 227
908612.3.peg.808.site.3, 6, 179, 185
908612.3.peg.808.site.4, 44, 178, 222
908612.3.peg.808.site.5, 16, 180, 196
908612.3.peg.808.site.6, 15, 151, 166
908612.3.peg.808.site.7, 32, 146, 178
908612.3.peg.808.site.8, 6, 177, 183
908612.3.peg.808.site.9, 4, 176, 180
908612.3.peg.808.site.10, 32, 177, 209
908612.3.peg.808.site.11, 2, 180, 182
908612.3.peg.808.site.12, 1, 179, 180
908612.3.peg.808.site.13, 3, 165, 168
908612.3.peg.808.site.14, 7, 168, 175
908612.3.peg.808.site.15, 4, 177, 181
908612.3.peg.808.site.16, 34, 176, 210
908612.3.peg.808.site.17, 1, 171, 172
908612.3.peg.808.site.18, 1, 177, 178
908612.3.peg.808.site.19, 30, 179, 209
908612.3.peg.808.site.20, 17, 179, 196
908612.3.peg.808.site.21, 13, 178, 191
908612.3.peg.808.site.22, 6, 177, 183
908612.3.peg.808.site.23, 96, 161, 257
908612.3.peg.808.site.24, 25, 142, 167
908612.3.peg.808.site.25, 23, 153, 176
908612.3.peg.808.site.26, 125, 174, 299
908612.3.peg.808.site.27, 1, 180, 181
908612.3.peg.808.site.28, 35, 179, 214
908612.3.peg.808.site.29, 10, 180, 190
908612.3.peg.808.site.30, 15, 179, 194
908612.3.peg.808.site.31, 5, 179, 184
908612.3.peg.808.site.32, 0, 179, 179
908612.3.peg.808.site.33, 0, 171, 171
908612.3.peg.808.site.34, 52, 165, 217
908612.3.peg.808.site.35, 0, 178, 178
908612.3.peg.808.site.36, 1, 179, 180
908612.3.peg.808.site.37, 0, 171, 171
908612.3.peg.808.site.38, 0, 169, 169
908612.3.peg.808.site.39, 17, 163, 180
908612.3.peg.808.site.40, 3, 178, 181
908612.3.peg.808.site.41, 0, 159, 159
908612.3.peg.808.site.42, 0, 165, 165
908612.3.peg.808.site.43, 0, 177, 177
908612.3.peg.808.site.44, 0, 178, 178
908612.3.peg.808.site.45, 0, 175, 175
908612.3.peg.808.site.46, 81, 176, 257
908612.3.peg.808.site.47, 13, 179, 192
908612.3.peg.808.site.48, 0, 177, 177
908612.3.peg.808.site.49, 0, 177, 177
908612.3.peg.808.site.50, 0, 177, 177
908612.3.peg.808.site.51, 2, 179, 181
908612.3.peg.808.site.52, 86, 175, 261
908612.3.peg.808.site.53, 46, 166, 212
908612.3.peg.808.site.54, 2, 176, 178
908612.3.peg.801.site.1, 0, 180, 180
908612.3.peg.801.site.2, 2, 178, 180
908612.3.peg.801.site.3, 0, 177, 177
908612.3.peg.801.site.4, 1, 180, 181
908612.3.peg.801.site.5, 4, 180, 184
908612.3.peg.801.site.6, 0, 180, 180
908612.3.peg.801.site.7, 1, 180, 181
908612.3.peg.800.site.1, 0, 178, 178
908612.3.peg.800.site.2, 5, 174, 179
908612.3.peg.800.site.3, 1, 174, 175
908612.3.peg.800.site.4, 24, 177, 201
908612.3.peg.800.site.5, 3, 176, 179
908612.3.peg.800.site.6, 32, 176, 208
908612.3.peg.800.site.7, 0, 180, 180
908612.3.peg.800.site.8, 1, 152, 153
908612.3.peg.800.site.9, 2, 177, 179
908612.3.peg.800.site.10, 0, 177, 177
908612.3.peg.800.site.11, 0, 178, 178
908612.3.peg.800.site.12, 10, 173, 183
908612.3.peg.800.site.13, 0, 178, 178
908612.3.peg.800.site.14, 0, 179, 179
908612.3.peg.800.site.15, 0, 179, 179
908612.3.peg.800.site.16, 8, 178, 186
908612.3.peg.800.site.17, 0, 178, 178
908612.3.peg.800.site.18, 2, 180, 182
908612.3.peg.800.site.19, 0, 179, 179
908612.3.peg.800.site.20, 0, 180, 180
908612.3.peg.803.site.1, 3, 178, 181
908612.3.peg.803.site.2, 3, 177, 180
908612.3.peg.802.site.1, 3, 176, 179
908612.3.peg.802.site.2, 0, 174, 174
908612.3.peg.802.site.3, 0, 170, 170
908612.3.peg.802.site.4, 5, 167, 172
908612.3.peg.802.site.5, 3, 167, 170
908612.3.peg.802.site.6, 33, 166, 199
908612.3.peg.802.site.7, 5, 164, 169
908612.3.peg.802.site.8, 0, 159, 159
908612.3.peg.802.site.9, 4, 166, 170
908612.3.peg.802.site.10, 27, 170, 197
908612.3.peg.802.site.11, 4, 177, 181
908612.3.peg.802.site.12, 29, 176, 205
908612.3.peg.802.site.13, 35, 180, 215
908612.3.peg.802.site.14, 2, 180, 182
908612.3.peg.802.site.15, 1, 179, 180
908612.3.peg.802.site.16, 2, 180, 182
908612.3.peg.802.site.17, 2, 179, 181
908612.3.peg.802.site.18, 0, 180, 180
908612.3.peg.802.site.19, 42, 178, 220
908612.3.peg.802.site.20, 3, 179, 182
908612.3.peg.802.site.21, 0, 177, 177
908612.3.peg.802.site.22, 0, 172, 172
908612.3.peg.802.site.23, 3, 170, 173
908612.3.peg.802.site.24, 29, 170, 199
908612.3.peg.802.site.25, 14, 174, 188
908612.3.peg.802.site.26, 0, 172, 172
908612.3.peg.802.site.27, 0, 173, 173
908612.3.peg.802.site.28, 0, 164, 164
908612.3.peg.802.site.29, 0, 179, 179
908612.3.peg.802.site.30, 4, 179, 183
908612.3.peg.802.site.31, 3, 178, 181
908612.3.peg.805.site.1, 2, 134, 136
908612.3.peg.805.site.2, 1, 144, 145
908612.3.peg.805.site.3, 32, 176, 208
908612.3.peg.805.site.4, 3, 176, 179
908612.3.peg.805.site.5, 0, 178, 178
908612.3.peg.805.site.6, 2, 176, 178
908612.3.peg.805.site.7, 2, 178, 180
908612.3.peg.805.site.8, 6, 180, 186
908612.3.peg.805.site.9, 6, 178, 184
908612.3.peg.805.site.10, 6, 180, 186
908612.3.peg.805.site.11, 6, 180, 186
908612.3.peg.805.site.12, 0, 180, 180
908612.3.peg.805.site.13, 0, 179, 179
908612.3.peg.805.site.14, 9, 179, 188
908612.3.peg.805.site.15, 0, 179, 179
908612.3.peg.805.site.16, 0, 180, 180
908612.3.peg.805.site.17, 18, 179, 197
908612.3.peg.804.site.1, 7, 179, 186
908612.3.peg.804.site.2, 36, 178, 214
908612.3.peg.804.site.3, 3, 176, 179
908612.3.peg.804.site.4, 1, 180, 181
908612.3.peg.804.site.5, 7, 179, 186
908612.3.peg.804.site.6, 1, 179, 180
908612.3.peg.804.site.7, 21, 172, 193
908612.3.peg.804.site.8, 22, 173, 195
908612.3.peg.804.site.9, 24, 168, 192
908612.3.peg.804.site.10, 27, 171, 198
908612.3.peg.804.site.11, 4, 172, 176
908612.3.peg.804.site.12, 10, 174, 184
908612.3.peg.804.site.13, 3, 177, 180
908612.3.peg.804.site.14, 6, 180, 186
908612.3.peg.806.site.1, 3, 180, 183
908612.3.peg.806.site.2, 0, 180, 180
908612.3.peg.806.site.3, 2, 179, 181
908612.3.peg.806.site.4, 13, 179, 192
908612.3.peg.806.site.5, 0, 180, 180
908612.3.peg.806.site.6, 3, 180, 183
908612.3.peg.806.site.7, 2, 180, 182
908612.3.peg.806.site.8, 2, 180, 182
908612.3.peg.806.site.9, 2, 180, 182
908612.3.peg.806.site.10, 3, 179, 182
908612.3.peg.806.site.11, 7, 180, 187
908612.3.peg.806.site.12, 0, 180, 180
908612.3.peg.806.site.13, 2, 180, 182
908612.3.peg.806.site.14, 10, 180, 190
908612.3.peg.806.site.15, 43, 178, 221
908612.3.peg.806.site.16, 0, 180, 180
908612.3.peg.806.site.17, 0, 178, 178
908612.3.peg.806.site.18, 97, 173, 270
908612.3.peg.806.site.19, 16, 179, 195
908612.3.peg.806.site.20, 14, 178, 192
908612.3.peg.806.site.21, 1, 180, 181
908612.3.peg.806.site.22, 6, 180, 186
908612.3.peg.806.site.23, 98, 176, 274
908612.3.peg.806.site.24, 1, 180, 181
908612.3.peg.806.site.25, 0, 179, 179
908612.3.peg.806.site.26, 59, 177, 236
908612.3.peg.806.site.27, 0, 177, 177
908612.3.peg.806.site.28, 19, 177, 196
908612.3.peg.806.site.29, 60, 177, 237
908612.3.peg.806.site.30, 134, 175, 309
908612.3.peg.806.site.31, 0, 178, 178
908612.3.peg.806.site.32, 4, 167, 171
908612.3.peg.806.site.33, 124, 156, 280
908612.3.peg.806.site.34, 0, 163, 163
908612.3.peg.806.site.35, 0, 173, 173
908612.3.peg.806.site.36, 64, 174, 238
908612.3.peg.806.site.37, 124, 176, 300
908612.3.peg.806.site.38, 6, 180, 186
908612.3.peg.806.site.39, 125, 176, 301
908612.3.peg.806.site.40, 5, 180, 185
908612.3.peg.806.site.41, 124, 175, 299
908612.3.peg.806.site.42, 2, 180, 182
908612.3.peg.806.site.43, 15, 179, 194
908612.3.peg.806.site.44, 0, 178, 178
908612.3.peg.806.site.45, 1, 180, 181
908612.3.peg.806.site.46, 0, 180, 180
908612.3.peg.806.site.47, 18, 179, 197
908612.3.peg.806.site.48, 3, 180, 183
908612.3.peg.806.site.49, 9, 180, 189
908612.3.peg.806.site.50, 15, 180, 195
908612.3.peg.806.site.51, 8, 180, 188
908612.3.peg.806.site.52, 19, 180, 199
908612.3.peg.806.site.53, 77, 176, 253
908612.3.peg.806.site.54, 1, 180, 181
908612.3.peg.806.site.55, 78, 177, 255
908612.3.peg.806.site.56, 2, 180, 182
908612.3.peg.2444.site.1, 5, 146, 151
908612.3.peg.2444.site.2, 19, 158, 177
908612.3.peg.2444.site.3, 0, 180, 180
908612.3.peg.2444.site.4, 2, 180, 182
908612.3.peg.2444.site.5, 35, 173, 208
908612.3.peg.2444.site.6, 3, 165, 168
908612.3.peg.2444.site.7, 3, 177, 180
908612.3.peg.2444.site.8, 2, 176, 178
908612.3.peg.2444.site.9, 2, 178, 180
908612.3.peg.2444.site.10, 9, 177, 186
908612.3.peg.2444.site.11, 3, 179, 182
908612.3.peg.2444.site.12, 2, 177, 179
908612.3.peg.2444.site.13, 64, 174, 238
908612.3.peg.2444.site.14, 39, 173, 212
908612.3.peg.2444.site.15, 3, 175, 178
908612.3.peg.2444.site.16, 3, 178, 181
908612.3.peg.2444.site.17, 14, 179, 193
908612.3.peg.2444.site.18, 49, 171, 220
908612.3.peg.2444.site.19, 2, 179, 181
908612.3.peg.2444.site.20, 6, 178, 184
908612.3.peg.2444.site.21, 112, 176, 288
908612.3.peg.2444.site.22, 3, 176, 179
908612.3.peg.2444.site.23, 6, 179, 185
908612.3.peg.2444.site.24, 16, 178, 194
908612.3.peg.2444.site.25, 0, 180, 180
908612.3.peg.2444.site.26, 3, 179, 182
908612.3.peg.2444.site.27, 0, 179, 179
908612.3.peg.2444.site.28, 2, 177, 179
908612.3.peg.2444.site.29, 8, 172, 180
908612.3.peg.2444.site.30, 0, 173, 173
908612.3.peg.2444.site.31, 7, 168, 175
908612.3.peg.2444.site.32, 0, 127, 127
908612.3.peg.2444.site.33, 15, 172, 187
908612.3.peg.2444.site.34, 1, 176, 177
908612.3.peg.2444.site.35, 5, 175, 180
908612.3.peg.2444.site.36, 7, 173, 180
908612.3.peg.2444.site.37, 124, 150, 274
908612.3.peg.2444.site.38, 26, 152, 178
908612.3.peg.2444.site.39, 9, 173, 182
908612.3.peg.2445.site.1, 62, 176, 238
908612.3.peg.2445.site.2, 5, 178, 183
908612.3.peg.2445.site.3, 5, 178, 183
908612.3.peg.2445.site.4, 119, 171, 290
908612.3.peg.2445.site.5, 11, 172, 183
908612.3.peg.2445.site.6, 0, 175, 175
908612.3.peg.2445.site.7, 14, 172, 186
908612.3.peg.2445.site.8, 1, 173, 174
908612.3.peg.2445.site.9, 5, 179, 184
908612.3.peg.2445.site.10, 10, 180, 190
908612.3.peg.2445.site.11, 1, 180, 181
908612.3.peg.2445.site.12, 100, 178, 278
908612.3.peg.2445.site.13, 11, 180, 191
908612.3.peg.2445.site.14, 1, 177, 178
908612.3.peg.2445.site.15, 1, 178, 179
908612.3.peg.2445.site.16, 0, 179, 179
908612.3.peg.2445.site.17, 9, 178, 187
908612.3.peg.2445.site.18, 5, 180, 185
908612.3.peg.2445.site.19, 0, 180, 180
908612.3.peg.2445.site.20, 7, 180, 187
908612.3.peg.2445.site.21, 0, 179, 179
908612.3.peg.2445.site.22, 2, 180, 182
908612.3.peg.2445.site.23, 94, 179, 273
908612.3.peg.2446.site.1, 80, 178, 258
908612.3.peg.2446.site.2, 9, 180, 189
908612.3.peg.2446.site.3, 112, 172, 284
908612.3.peg.2446.site.4, 0, 169, 169
908612.3.peg.2446.site.5, 114, 176, 290
908612.3.peg.2446.site.6, 2, 178, 180
908612.3.peg.2446.site.7, 0, 177, 177
908612.3.peg.2446.site.8, 3, 177, 180
908612.3.peg.2446.site.9, 0, 177, 177
908612.3.peg.2446.site.10, 3, 178, 181
908612.3.peg.2446.site.11, 160, 179, 339
908612.3.peg.2446.site.12, 37, 177, 214
908612.3.peg.2446.site.13, 0, 180, 180
908612.3.peg.2446.site.14, 0, 177, 177
908612.3.peg.2447.site.1, 92, 176, 268
908612.3.peg.2447.site.2, 1, 178, 179
908612.3.peg.2447.site.3, 150, 179, 329
908612.3.peg.2447.site.4, 146, 179, 325
908612.3.peg.2447.site.5, 88, 177, 265
908612.3.peg.2447.site.6, 153, 178, 331
908612.3.peg.2447.site.7, 55, 175, 230
908612.3.peg.2447.site.8, 51, 173, 224
908612.3.peg.2447.site.9, 33, 173, 206
908612.3.peg.2447.site.10, 142, 171, 313
908612.3.peg.2447.site.11, 56, 172, 228
908612.3.peg.2447.site.12, 38, 172, 210
908612.3.peg.2447.site.13, 144, 173, 317
908612.3.peg.2447.site.14, 34, 176, 210
908612.3.peg.2447.site.15, 54, 175, 229
908612.3.peg.2447.site.16, 15, 177, 192
908612.3.peg.2447.site.17, 65, 176, 241
908612.3.peg.2447.site.18, 154, 179, 333
908612.3.peg.2447.site.19, 4, 178, 182
908612.3.peg.2447.site.20, 32, 177, 209
908612.3.peg.2447.site.21, 3, 178, 181
908612.3.peg.2447.site.22, 111, 175, 286
908612.3.peg.2447.site.23, 4, 177, 181
908612.3.peg.2447.site.24, 106, 174, 280
908612.3.peg.2447.site.25, 0, 176, 176
908612.3.peg.2447.site.26, 7, 178, 185
908612.3.peg.2447.site.27, 4, 179, 183
908612.3.peg.2447.site.28, 136, 179, 315
908612.3.peg.2447.site.29, 1, 179, 180
908612.3.peg.2447.site.30, 3, 174, 177
908612.3.peg.2447.site.31, 0, 152, 152
908612.3.peg.2447.site.32, 0, 156, 156
908612.3.peg.2447.site.33, 0, 159, 159
908612.3.peg.2447.site.34, 0, 156, 156
908612.3.peg.2447.site.35, 0, 177, 177
908612.3.peg.2447.site.36, 40, 161, 201
908612.3.peg.2447.site.37, 0, 99, 99
908612.3.peg.2447.site.38, 6, 67, 73
908612.3.peg.2448.site.1, 124, 169, 293
908612.3.peg.2448.site.2, 77, 159, 236
908612.3.peg.2448.site.3, 6, 169, 175
908612.3.peg.2448.site.4, 2, 174, 176
908612.3.peg.2448.site.5, 5, 178, 183
908612.3.peg.2448.site.6, 137, 173, 310
908612.3.peg.2448.site.7, 0, 176, 176
908612.3.peg.2448.site.8, 0, 176, 176
908612.3.peg.2448.site.9, 7, 178, 185
908612.3.peg.2448.site.10, 38, 161, 199
908612.3.peg.2448.site.11, 92, 163, 255
908612.3.peg.2448.site.12, 1, 162, 163
908612.3.peg.2448.site.13, 1, 164, 165
908612.3.peg.2448.site.14, 3, 163, 166
908612.3.peg.2448.site.15, 0, 180, 180
908612.3.peg.2448.site.16, 41, 177, 218
908612.3.peg.2448.site.17, 2, 177, 179
908612.3.peg.2448.site.18, 2, 180, 182
908612.3.peg.2448.site.19, 9, 178, 187
908612.3.peg.2448.site.20, 1, 179, 180
908612.3.peg.2448.site.21, 1, 179, 180
908612.3.peg.2448.site.22, 11, 179, 190
908612.3.peg.2448.site.23, 127, 176, 303
908612.3.peg.2448.site.24, 0, 180, 180
908612.3.peg.2448.site.25, 42, 176, 218
908612.3.peg.2448.site.26, 3, 180, 183
908612.3.peg.2448.site.27, 3, 180, 183
908612.3.peg.2448.site.28, 30, 172, 202
908612.3.peg.2448.site.29, 77, 175, 252
908612.3.peg.2448.site.30, 4, 177, 181
908612.3.peg.2448.site.31, 1, 178, 179
908612.3.peg.2931.site.1, 38, 176, 214
908612.3.peg.2931.site.2, 9, 169, 178
908612.3.peg.2931.site.3, 121, 156, 277
908612.3.peg.2931.site.4, 2, 177, 179
908612.3.peg.2931.site.5, 1, 179, 180
908612.3.peg.2931.site.6, 103, 173, 276
908612.3.peg.2931.site.7, 20, 171, 191
908612.3.peg.2931.site.8, 91, 157, 248
908612.3.peg.2931.site.9, 0, 162, 162
908612.3.peg.2931.site.10, 8, 158, 166
908612.3.peg.2931.site.11, 84, 150, 234
908612.3.peg.2931.site.12, 6, 160, 166
908612.3.peg.2931.site.13, 5, 144, 149
908612.3.peg.2931.site.14, 1, 155, 156
908612.3.peg.2931.site.15, 12, 150, 162
908612.3.peg.2931.site.16, 112, 158, 270
908612.3.peg.2931.site.17, 2, 175, 177
908612.3.peg.2931.site.18, 0, 175, 175
908612.3.peg.2931.site.19, 15, 175, 190
908612.3.peg.2931.site.20, 4, 176, 180
908612.3.peg.2931.site.21, 0, 176, 176
908612.3.peg.2931.site.22, 97, 172, 269
908612.3.peg.2931.site.23, 2, 179, 181
908612.3.peg.2931.site.24, 2, 179, 181
908612.3.peg.2931.site.25, 100, 173, 273
908612.3.peg.2931.site.26, 3, 180, 183
908612.3.peg.2931.site.27, 29, 173, 202
908612.3.peg.2932.site.1, 135, 175, 310
908612.3.peg.2932.site.2, 26, 169, 195
908612.3.peg.2932.site.3, 2, 157, 159
908612.3.peg.2932.site.4, 2, 173, 175
908612.3.peg.2932.site.5, 1, 175, 176
908612.3.peg.2932.site.6, 52, 173, 225
908612.3.peg.2932.site.7, 7, 171, 178
908612.3.peg.2932.site.8, 1, 169, 170
908612.3.peg.2932.site.9, 39, 103, 142
908612.3.peg.2932.site.10, 2, 178, 180
908612.3.peg.2932.site.11, 1, 172, 173
908612.3.peg.2932.site.12, 11, 164, 175
908612.3.peg.2932.site.13, 69, 143, 212
908612.3.peg.2932.site.14, 73, 147, 220
908612.3.peg.2932.site.15, 94, 160, 254
908612.3.peg.2932.site.16, 125, 166, 291
908612.3.peg.2932.site.17, 1, 177, 178
908612.3.peg.2932.site.18, 3, 176, 179
908612.3.peg.2932.site.19, 53, 174, 227
908612.3.peg.2932.site.20, 6, 169, 175
908612.3.peg.2932.site.21, 1, 166, 167
908612.3.peg.2932.site.22, 89, 154, 243
908612.3.peg.2932.site.23, 1, 162, 163
908612.3.peg.2932.site.24, 20, 158, 178
908612.3.peg.2932.site.25, 2, 160, 162
908612.3.peg.2932.site.26, 28, 166, 194
908612.3.peg.2932.site.27, 3, 171, 174
908612.3.peg.2932.site.28, 2, 176, 178
908612.3.peg.2932.site.29, 2, 178, 180
908612.3.peg.2932.site.30, 0, 177, 177
908612.3.peg.2932.site.31, 3, 177, 180
908612.3.peg.2932.site.32, 104, 174, 278
908612.3.peg.2932.site.33, 118, 170, 288
908612.3.peg.2932.site.34, 1, 173, 174
908612.3.peg.2932.site.35, 23, 171, 194
908612.3.peg.2932.site.36, 71, 174, 245
908612.3.peg.2932.site.37, 0, 177, 177
908612.3.peg.2933.site.1, 37, 174, 211
908612.3.peg.2933.site.2, 0, 177, 177
908612.3.peg.2933.site.3, 5, 161, 166
908612.3.peg.2933.site.4, 118, 172, 290
908612.3.peg.2933.site.5, 6, 178, 184
908612.3.peg.2933.site.6, 5, 180, 185
908612.3.peg.2933.site.7, 3, 180, 183
908612.3.peg.2933.site.8, 17, 177, 194
908612.3.peg.2933.site.9, 0, 178, 178
908612.3.peg.2933.site.10, 138, 176, 314
908612.3.peg.2933.site.11, 74, 175, 249
908612.3.peg.2933.site.12, 24, 174, 198
908612.3.peg.2933.site.13, 22, 170, 192
908612.3.peg.2933.site.14, 27, 178, 205
908612.3.peg.2933.site.15, 18, 179, 197
908612.3.peg.2933.site.16, 87, 174, 261
908612.3.peg.2933.site.17, 0, 180, 180
908612.3.peg.2934.site.1, 107, 174, 281
908612.3.peg.2934.site.2, 0, 179, 179
908612.3.peg.2934.site.3, 6, 179, 185
908612.3.peg.2934.site.4, 10, 180, 190
908612.3.peg.2934.site.5, 3, 179, 182
908612.3.peg.2934.site.6, 5, 180, 185
908612.3.peg.2934.site.7, 123, 176, 299
908612.3.peg.2934.site.8, 2, 180, 182
908612.3.peg.2934.site.9, 90, 175, 265
908612.3.peg.2934.site.10, 3, 177, 180
908612.3.peg.2934.site.11, 1, 174, 175
908612.3.peg.2934.site.12, 0, 176, 176
908612.3.peg.2934.site.13, 18, 172, 190
908612.3.peg.2934.site.14, 44, 172, 216
908612.3.peg.2934.site.15, 4, 175, 179
908612.3.peg.2934.site.16, 11, 176, 187
908612.3.peg.2934.site.17, 1, 179, 180
908612.3.peg.2934.site.18, 55, 169, 224
908612.3.peg.2934.site.19, 21, 173, 194
908612.3.peg.2934.site.20, 44, 174, 218
908612.3.peg.2934.site.21, 77, 178, 255
908612.3.peg.2934.site.22, 4, 180, 184
908612.3.peg.2934.site.23, 6, 179, 185
908612.3.peg.2934.site.24, 45, 177, 222
908612.3.peg.2934.site.25, 1, 175, 176
908612.3.peg.2934.site.26, 0, 176, 176
908612.3.peg.2935.site.1, 52, 178, 230
908612.3.peg.2935.site.2, 23, 145, 168
908612.3.peg.2935.site.3, 55, 155, 210
908612.3.peg.2935.site.4, 9, 173, 182
908612.3.peg.2935.site.5, 0, 176, 176
908612.3.peg.2935.site.6, 3, 177, 180
908612.3.peg.2935.site.7, 0, 179, 179
908612.3.peg.2935.site.8, 1, 176, 177
908612.3.peg.2935.site.9, 0, 175, 175
908612.3.peg.2935.site.10, 18, 171, 189
908612.3.peg.2935.site.11, 11, 177, 188
908612.3.peg.2935.site.12, 1, 177, 178
908612.3.peg.2935.site.13, 46, 178, 224
908612.3.peg.2935.site.14, 28, 178, 206
908612.3.peg.2936.site.1, 50, 161, 211
908612.3.peg.2936.site.2, 3, 168, 171
908612.3.peg.2936.site.3, 0, 169, 169
908612.3.peg.2936.site.4, 21, 167, 188
908612.3.peg.2936.site.5, 63, 138, 201
908612.3.peg.2936.site.6, 0, 155, 155
908612.3.peg.2936.site.7, 2, 152, 154
908612.3.peg.2936.site.8, 57, 163, 220
908612.3.peg.2936.site.9, 42, 169, 211
908612.3.peg.2936.site.10, 3, 166, 169
908612.3.peg.2936.site.11, 39, 167, 206
908612.3.peg.2936.site.12, 0, 172, 172
908612.3.peg.2936.site.13, 3, 132, 135
908612.3.peg.2936.site.14, 1, 129, 130
908612.3.peg.2936.site.15, 13, 178, 191
908612.3.peg.2936.site.16, 38, 162, 200
908612.3.peg.2936.site.17, 2, 157, 159
908612.3.peg.2936.site.18, 1, 166, 167
908612.3.peg.2936.site.19, 52, 134, 186
908612.3.peg.2936.site.20, 10, 144, 154
908612.3.peg.2936.site.21, 103, 155, 258
908612.3.peg.2936.site.22, 2, 177, 179
908612.3.peg.2936.site.23, 8, 177, 185
908612.3.peg.2937.site.1, 5, 178, 183
908612.3.peg.2937.site.2, 4, 174, 178
908612.3.peg.2937.site.3, 37, 154, 191
908612.3.peg.2937.site.4, 46, 138, 184
908612.3.peg.2937.site.5, 10, 150, 160
908612.3.peg.2937.site.6, 15, 145, 160
908612.3.peg.2937.site.7, 0, 149, 149
908612.3.peg.2937.site.8, 0, 172, 172
908612.3.peg.2937.site.9, 77, 119, 196
908612.3.peg.2937.site.10, 69, 118, 187
908612.3.peg.2937.site.11, 15, 121, 136
908612.3.peg.2937.site.12, 0, 144, 144
908612.3.peg.2937.site.13, 22, 150, 172
908612.3.peg.2937.site.14, 11, 151, 162
908612.3.peg.2937.site.15, 14, 167, 181
908612.3.peg.2937.site.16, 3, 162, 165
908612.3.peg.2937.site.17, 36, 100, 136
908612.3.peg.2937.site.18, 10, 152, 162
908612.3.peg.2937.site.19, 1, 154, 155
908612.3.peg.2937.site.20, 90, 175, 265
908612.3.peg.2937.site.21, 84, 176, 260
908612.3.peg.2937.site.22, 0, 172, 172
908612.3.peg.2937.site.23, 6, 176, 182
908612.3.peg.2937.site.24, 84, 173, 257
908612.3.peg.2937.site.25, 8, 178, 186
908612.3.peg.2937.site.26, 126, 176, 302
908612.3.peg.2937.site.27, 0, 179, 179
908612.3.peg.2937.site.28, 2, 177, 179
908612.3.peg.2937.site.29, 2, 178, 180
908612.3.peg.2937.site.30, 2, 180, 182
908612.3.peg.2937.site.31, 2, 177, 179
908612.3.peg.2937.site.32, 7, 178, 185
908612.3.peg.2939.site.1, 133, 177, 310
908612.3.peg.2939.site.2, 10, 178, 188
908612.3.peg.2939.site.3, 14, 178, 192
908612.3.peg.2939.site.4, 9, 174, 183
908612.3.peg.2939.site.5, 133, 164, 297
908612.3.peg.2939.site.6, 0, 167, 167
908612.3.peg.2939.site.7, 40, 171, 211
908612.3.peg.2939.site.8, 1, 178, 179
908612.3.peg.2939.site.9, 112, 174, 286
908612.3.peg.2939.site.10, 36, 177, 213
908612.3.peg.2939.site.11, 0, 179, 179
908612.3.peg.2939.site.12, 0, 179, 179
908612.3.peg.2939.site.13, 29, 179, 208
908612.3.peg.2939.site.14, 0, 179, 179
908612.3.peg.2939.site.15, 8, 180, 188
908612.3.peg.2939.site.16, 62, 173, 235
908612.3.peg.2939.site.17, 136, 174, 310
908612.3.peg.2939.site.18, 1, 172, 173
908612.3.peg.2939.site.19, 16, 173, 189
908612.3.peg.2939.site.20, 1, 174, 175
908612.3.peg.2939.site.21, 3, 165, 168
908612.3.peg.2939.site.22, 1, 180, 181
908612.3.peg.2939.site.23, 1, 169, 170
908612.3.peg.2939.site.24, 56, 170, 226
908612.3.peg.2939.site.25, 2, 177, 179
908612.3.peg.2939.site.26, 52, 163, 215
908612.3.peg.2939.site.27, 23, 152, 175
908612.3.peg.2939.site.28, 16, 165, 181
908612.3.peg.2939.site.29, 25, 168, 193
908612.3.peg.2939.site.30, 0, 179, 179
908612.3.peg.2939.site.31, 1, 180, 181
908612.3.peg.2939.site.32, 57, 177, 234
908612.3.peg.2718.site.1, 1, 175, 176
908612.3.peg.2718.site.2, 1, 175, 176
908612.3.peg.2718.site.3, 2, 164, 166
908612.3.peg.2718.site.4, 6, 180, 186
908612.3.peg.2718.site.5, 62, 172, 234
908612.3.peg.2718.site.6, 2, 178, 180
908612.3.peg.2718.site.7, 2, 180, 182
908612.3.peg.2718.site.8, 36, 176, 212
908612.3.peg.2718.site.9, 1, 180, 181
908612.3.peg.2718.site.10, 0, 179, 179
908612.3.peg.2718.site.11, 1, 176, 177
908612.3.peg.2718.site.12, 135, 158, 293
908612.3.peg.2718.site.13, 153, 170, 323
908612.3.peg.2718.site.14, 27, 176, 203
908612.3.peg.2718.site.15, 101, 175, 276
908612.3.peg.2718.site.16, 11, 179, 190
908612.3.peg.2718.site.17, 85, 173, 258
908612.3.peg.2718.site.18, 1, 180, 181
908612.3.peg.2718.site.19, 1, 178, 179
908612.3.peg.2718.site.20, 145, 167, 312
908612.3.peg.2718.site.21, 4, 171, 175
908612.3.peg.2718.site.22, 11, 179, 190
908612.3.peg.2718.site.23, 0, 180, 180
908612.3.peg.2718.site.24, 97, 167, 264
908612.3.peg.2718.site.25, 12, 171, 183
908612.3.peg.2718.site.26, 3, 164, 167
908612.3.peg.2718.site.27, 113, 127, 240
908612.3.peg.2718.site.28, 73, 145, 218
908612.3.peg.2718.site.29, 129, 144, 273
908612.3.peg.2718.site.30, 3, 150, 153
908612.3.peg.2718.site.31, 4, 169, 173
908612.3.peg.2718.site.32, 20, 177, 197
908612.3.peg.2710.site.1, 0, 179, 179
908612.3.peg.2710.site.2, 1, 178, 179
908612.3.peg.2710.site.3, 4, 179, 183
908612.3.peg.2710.site.4, 58, 175, 233
908612.3.peg.2710.site.5, 1, 180, 181
908612.3.peg.2710.site.6, 4, 180, 184
908612.3.peg.2710.site.7, 41, 169, 210
908612.3.peg.2710.site.8, 109, 169, 278
908612.3.peg.2710.site.9, 1, 175, 176
908612.3.peg.2711.site.1, 1, 127, 128
908612.3.peg.2711.site.2, 17, 125, 142
908612.3.peg.2711.site.3, 37, 143, 180
908612.3.peg.2711.site.4, 40, 144, 184
908612.3.peg.2711.site.5, 79, 142, 221
908612.3.peg.2711.site.6, 36, 133, 169
908612.3.peg.2711.site.7, 131, 139, 270
908612.3.peg.2711.site.8, 1, 140, 141
908612.3.peg.2711.site.9, 30, 139, 169
908612.3.peg.2711.site.10, 6, 144, 150
908612.3.peg.2711.site.11, 39, 136, 175
908612.3.peg.2711.site.12, 47, 148, 195
908612.3.peg.2711.site.13, 1, 167, 168
908612.3.peg.2711.site.14, 0, 173, 173
908612.3.peg.2711.site.15, 49, 163, 212
908612.3.peg.2711.site.16, 0, 168, 168
908612.3.peg.2711.site.17, 0, 160, 160
908612.3.peg.2711.site.18, 43, 138, 181
908612.3.peg.2711.site.19, 60, 173, 233
908612.3.peg.2711.site.20, 14, 175, 189
908612.3.peg.2711.site.21, 0, 175, 175
908612.3.peg.2711.site.22, 34, 176, 210
908612.3.peg.2711.site.23, 16, 177, 193
908612.3.peg.2711.site.24, 28, 174, 202
908612.3.peg.2711.site.25, 6, 177, 183
908612.3.peg.2711.site.26, 42, 153, 195
908612.3.peg.2711.site.27, 19, 157, 176
908612.3.peg.2711.site.28, 0, 162, 162
908612.3.peg.2711.site.29, 50, 161, 211
908612.3.peg.2711.site.30, 0, 169, 169
908612.3.peg.2712.site.1, 2, 180, 182
908612.3.peg.2712.site.2, 1, 180, 181
908612.3.peg.2712.site.3, 51, 170, 221
908612.3.peg.2712.site.4, 28, 150, 178
908612.3.peg.2712.site.5, 50, 156, 206
908612.3.peg.2712.site.6, 14, 157, 171
908612.3.peg.2712.site.7, 2, 167, 169
908612.3.peg.2712.site.8, 3, 176, 179
908612.3.peg.2712.site.9, 2, 180, 182
908612.3.peg.2712.site.10, 15, 177, 192
908612.3.peg.2712.site.11, 46, 173, 219
908612.3.peg.2712.site.12, 0, 177, 177
908612.3.peg.2712.site.13, 44, 169, 213
908612.3.peg.2712.site.14, 15, 175, 190
908612.3.peg.2712.site.15, 5, 178, 183
908612.3.peg.2712.site.16, 14, 158, 172
908612.3.peg.2712.site.17, 0, 150, 150
908612.3.peg.2712.site.18, 1, 144, 145
908612.3.peg.2712.site.19, 42, 141, 183
908612.3.peg.2712.site.20, 31, 133, 164
908612.3.peg.2712.site.21, 0, 154, 154
908612.3.peg.2712.site.22, 25, 144, 169
908612.3.peg.2712.site.23, 0, 138, 138
908612.3.peg.2712.site.24, 52, 132, 184
908612.3.peg.2712.site.25, 8, 107, 115
908612.3.peg.2712.site.26, 34, 108, 142
908612.3.peg.2712.site.27, 8, 100, 108
908612.3.peg.2712.site.28, 11, 115, 126
908612.3.peg.2712.site.29, 1, 134, 135
908612.3.peg.2712.site.30, 26, 161, 187
908612.3.peg.2712.site.31, 0, 169, 169
908612.3.peg.2712.site.32, 0, 177, 177
908612.3.peg.2712.site.33, 28, 176, 204
908612.3.peg.2712.site.34, 5, 179, 184
908612.3.peg.2713.site.1, 0, 180, 180
908612.3.peg.2713.site.2, 2, 180, 182
908612.3.peg.2713.site.3, 8, 180, 188
908612.3.peg.2713.site.4, 64, 174, 238
908612.3.peg.2713.site.5, 76, 175, 251
908612.3.peg.2713.site.6, 7, 180, 187
908612.3.peg.2713.site.7, 112, 174, 286
908612.3.peg.2713.site.8, 1, 180, 181
908612.3.peg.2713.site.9, 74, 174, 248
908612.3.peg.2713.site.10, 39, 178, 217
908612.3.peg.2713.site.11, 2, 174, 176
908612.3.peg.2713.site.12, 17, 169, 186
908612.3.peg.2713.site.13, 8, 131, 139
908612.3.peg.2713.site.14, 2, 178, 180
908612.3.peg.2713.site.15, 29, 177, 206
908612.3.peg.2713.site.16, 0, 178, 178
908612.3.peg.2713.site.17, 30, 175, 205
908612.3.peg.2713.site.18, 0, 177, 177
908612.3.peg.2713.site.19, 11, 170, 181
908612.3.peg.2713.site.20, 3, 171, 174
908612.3.peg.2714.site.1, 27, 53, 80
908612.3.peg.2714.site.2, 28, 65, 93
908612.3.peg.2714.site.3, 59, 102, 161
908612.3.peg.2714.site.4, 102, 159, 261
908612.3.peg.2714.site.5, 2, 180, 182
908612.3.peg.2714.site.6, 157, 178, 335
908612.3.peg.2714.site.7, 96, 176, 272
908612.3.peg.2714.site.8, 3, 180, 183
908612.3.peg.2714.site.9, 10, 180, 190
908612.3.peg.2714.site.10, 55, 178, 233
908612.3.peg.2714.site.11, 132, 180, 312
908612.3.peg.2714.site.12, 111, 179, 290
908612.3.peg.2715.site.1, 6, 100, 106
908612.3.peg.2715.site.2, 137, 167, 304
908612.3.peg.2715.site.3, 0, 177, 177
908612.3.peg.2715.site.4, 7, 180, 187
908612.3.peg.2716.site.1, 1, 179, 180
908612.3.peg.2717.site.1, 0, 179, 179
908612.3.peg.2717.site.2, 56, 176, 232
908612.3.peg.2717.site.3, 18, 152, 170
908612.3.peg.2717.site.4, 0, 179, 179
908612.3.peg.2717.site.5, 0, 179, 179
908612.3.peg.2717.site.6, 3, 178, 181
908612.3.peg.2717.site.7, 1, 173, 174
908612.3.peg.2717.site.8, 62, 174, 236
908612.3.peg.2717.site.9, 0, 174, 174
908612.3.peg.2717.site.10, 0, 175, 175
908612.3.peg.2717.site.11, 65, 174, 239
908612.3.peg.2717.site.12, 64, 175, 239
908612.3.peg.2717.site.13, 2, 179, 181
908612.3.peg.2717.site.14, 58, 170, 228
908612.3.peg.2717.site.15, 8, 163, 171
908612.3.peg.2717.site.16, 100, 130, 230
908612.3.peg.2717.site.17, 6, 86, 92
908612.3.peg.2717.site.18, 13, 90, 103
908612.3.peg.2717.site.19, 17, 86, 103
908612.3.peg.2717.site.20, 39, 113, 152
908612.3.peg.2717.site.21, 1, 102, 103
908612.3.peg.2717.site.22, 4, 166, 170
908612.3.peg.2717.site.23, 2, 170, 172
908612.3.peg.2717.site.24, 2, 166, 168
908612.3.peg.2717.site.25, 111, 161, 272
908612.3.peg.2717.site.26, 113, 163, 276
908612.3.peg.2717.site.27, 115, 139, 254
908612.3.peg.2717.site.28, 6, 152, 158
908612.3.peg.2717.site.29, 91, 141, 232
908612.3.peg.2717.site.30, 87, 136, 223
908612.3.peg.2717.site.31, 0, 136, 136
908612.3.peg.2620.site.1, 104, 177, 281
908612.3.peg.2620.site.2, 0, 180, 180
908612.3.peg.2620.site.3, 1, 180, 181
908612.3.peg.2620.site.4, 16, 178, 194
908612.3.peg.2620.site.5, 0, 180, 180
908612.3.peg.2620.site.6, 17, 178, 195
908612.3.peg.2620.site.7, 6, 178, 184
908612.3.peg.2620.site.8, 95, 173, 268
908612.3.peg.1008.site.1, 1, 178, 179
908612.3.peg.1008.site.2, 0, 179, 179
908612.3.peg.1008.site.3, 0, 179, 179
908612.3.peg.1008.site.4, 74, 177, 251
908612.3.peg.1008.site.5, 76, 179, 255
908612.3.peg.1008.site.6, 0, 175, 175
908612.3.peg.1008.site.7, 4, 175, 179
908612.3.peg.1008.site.8, 12, 177, 189
908612.3.peg.1008.site.9, 2, 176, 178
908612.3.peg.1008.site.10, 6, 178, 184
908612.3.peg.1008.site.11, 5, 179, 184
908612.3.peg.1008.site.12, 9, 180, 189
908612.3.peg.1008.site.13, 2, 179, 181
908612.3.peg.1008.site.14, 4, 178, 182
908612.3.peg.1008.site.15, 5, 179, 184
908612.3.peg.1008.site.16, 4, 176, 180
908612.3.peg.1008.site.17, 4, 179, 183
908612.3.peg.1008.site.18, 0, 179, 179
908612.3.peg.1008.site.19, 11, 180, 191
908612.3.peg.1008.site.20, 127, 179, 306
908612.3.peg.1008.site.21, 21, 177, 198
908612.3.peg.1008.site.22, 7, 180, 187
908612.3.peg.1008.site.23, 55, 173, 228
908612.3.peg.1008.site.24, 70, 179, 249
908612.3.peg.1008.site.25, 174, 180, 354
908612.3.peg.1008.site.26, 18, 179, 197
908612.3.peg.1008.site.27, 70, 179, 249
908612.3.peg.1008.site.28, 164, 177, 341
908612.3.peg.1008.site.29, 0, 161, 161
908612.3.peg.1008.site.30, 167, 173, 340
908612.3.peg.1008.site.31, 6, 180, 186
908612.3.peg.1008.site.32, 86, 178, 264
908612.3.peg.1008.site.33, 87, 175, 262
908612.3.peg.1008.site.34, 83, 175, 258
908612.3.peg.1008.site.35, 83, 177, 260
908612.3.peg.1008.site.36, 6, 180, 186
908612.3.peg.1008.site.37, 46, 176, 222
908612.3.peg.1008.site.38, 0, 178, 178
908612.3.peg.1008.site.39, 100, 179, 279
908612.3.peg.1008.site.40, 1, 180, 181
908612.3.peg.1858.site.1, 31, 173, 204
908612.3.peg.1858.site.2, 75, 178, 253
908612.3.peg.1858.site.3, 0, 179, 179
908612.3.peg.1858.site.4, 1, 180, 181
908612.3.peg.1858.site.5, 72, 174, 246
908612.3.peg.1858.site.6, 112, 177, 289
908612.3.peg.1858.site.7, 10, 179, 189
908612.3.peg.1858.site.8, 1, 179, 180
908612.3.peg.1858.site.9, 0, 180, 180
908612.3.peg.1858.site.10, 7, 174, 181
908612.3.peg.1858.site.11, 2, 180, 182
908612.3.peg.1858.site.12, 19, 179, 198
908612.3.peg.1858.site.13, 0, 180, 180
908612.3.peg.1858.site.14, 9, 179, 188
908612.3.peg.1858.site.15, 101, 176, 277
908612.3.peg.1858.site.16, 22, 167, 189
908612.3.peg.1858.site.17, 75, 160, 235
908612.3.peg.1858.site.18, 115, 162, 277
908612.3.peg.1858.site.19, 113, 166, 279
908612.3.peg.1858.site.20, 87, 164, 251
908612.3.peg.1858.site.21, 57, 166, 223
908612.3.peg.1858.site.22, 1, 158, 159
908612.3.peg.1858.site.23, 29, 153, 182
908612.3.peg.1858.site.24, 109, 161, 270
908612.3.peg.1858.site.25, 8, 176, 184
908612.3.peg.1858.site.26, 95, 170, 265
908612.3.peg.1858.site.27, 5, 176, 181
908612.3.peg.1858.site.28, 2, 180, 182
908612.3.peg.1858.site.29, 27, 178, 205
908612.3.peg.1858.site.30, 29, 174, 203
908612.3.peg.1858.site.31, 11, 179, 190
908612.3.peg.1858.site.32, 1, 179, 180
908612.3.peg.1858.site.33, 3, 179, 182
908612.3.peg.1859.site.1, 60, 178, 238
908612.3.peg.1859.site.2, 0, 180, 180
908612.3.peg.1859.site.3, 3, 180, 183
908612.3.peg.1859.site.4, 128, 178, 306
908612.3.peg.1859.site.5, 90, 176, 266
908612.3.peg.1859.site.6, 90, 176, 266
908612.3.peg.1859.site.7, 0, 177, 177
908612.3.peg.1856.site.1, 0, 171, 171
908612.3.peg.1856.site.2, 14, 180, 194
908612.3.peg.1856.site.3, 2, 180, 182
908612.3.peg.1856.site.4, 1, 177, 178
908612.3.peg.1856.site.5, 74, 178, 252
908612.3.peg.1856.site.6, 98, 179, 277
908612.3.peg.1856.site.7, 100, 178, 278
908612.3.peg.1856.site.8, 3, 176, 179
908612.3.peg.1856.site.9, 0, 176, 176
908612.3.peg.1856.site.10, 10, 178, 188
908612.3.peg.1856.site.11, 5, 177, 182
908612.3.peg.1856.site.12, 6, 174, 180
908612.3.peg.1856.site.13, 175, 175, 350
908612.3.peg.1856.site.14, 0, 174, 174
908612.3.peg.1856.site.15, 0, 177, 177
908612.3.peg.1856.site.16, 3, 177, 180
908612.3.peg.1856.site.17, 37, 173, 210
908612.3.peg.1856.site.18, 14, 169, 183
908612.3.peg.1856.site.19, 0, 153, 153
908612.3.peg.1856.site.20, 4, 153, 157
908612.3.peg.1857.site.1, 0, 180, 180
908612.3.peg.1857.site.2, 4, 178, 182
908612.3.peg.1857.site.3, 0, 178, 178
908612.3.peg.1857.site.4, 0, 176, 176
908612.3.peg.1857.site.5, 127, 177, 304
908612.3.peg.1857.site.6, 6, 179, 185
908612.3.peg.1857.site.7, 41, 177, 218
908612.3.peg.1857.site.8, 112, 174, 286
908612.3.peg.1857.site.9, 46, 177, 223
908612.3.peg.1857.site.10, 0, 179, 179
908612.3.peg.1857.site.11, 46, 172, 218
908612.3.peg.1857.site.12, 1, 176, 177
908612.3.peg.1857.site.13, 6, 180, 186
908612.3.peg.1857.site.14, 11, 180, 191
908612.3.peg.1857.site.15, 18, 175, 193
908612.3.peg.2158.site.1, 17, 171, 188
908612.3.peg.2158.site.2, 1, 141, 142
908612.3.peg.2158.site.3, 41, 127, 168
908612.3.peg.2158.site.4, 13, 143, 156
908612.3.peg.2158.site.5, 78, 142, 220
908612.3.peg.2158.site.6, 8, 155, 163
908612.3.peg.2158.site.7, 0, 164, 164
908612.3.peg.2158.site.8, 48, 161, 209
908612.3.peg.2158.site.9, 15, 168, 183
908612.3.peg.2158.site.10, 3, 172, 175
908612.3.peg.2158.site.11, 80, 163, 243
908612.3.peg.2158.site.12, 0, 148, 148
908612.3.peg.2158.site.13, 8, 166, 174
908612.3.peg.2158.site.14, 48, 150, 198
908612.3.peg.2158.site.15, 2, 154, 156
908612.3.peg.2158.site.16, 76, 153, 229
908612.3.peg.2158.site.17, 1, 158, 159
908612.3.peg.2158.site.18, 11, 157, 168
908612.3.peg.2158.site.19, 1, 159, 160
908612.3.peg.2158.site.20, 5, 158, 163
908612.3.peg.2158.site.21, 0, 152, 152
908612.3.peg.2158.site.22, 5, 158, 163
908612.3.peg.2158.site.23, 77, 146, 223
908612.3.peg.2158.site.24, 0, 158, 158
908612.3.peg.2158.site.25, 63, 162, 225
908612.3.peg.2158.site.26, 3, 163, 166
908612.3.peg.2158.site.27, 1, 161, 162
908612.3.peg.2158.site.28, 3, 150, 153
908612.3.peg.2158.site.29, 54, 150, 204
908612.3.peg.2158.site.30, 2, 159, 161
908612.3.peg.2158.site.31, 0, 170, 170
908612.3.peg.2158.site.32, 119, 167, 286
908612.3.peg.2158.site.33, 1, 160, 161
908612.3.peg.2158.site.34, 25, 123, 148
908612.3.peg.2158.site.35, 14, 123, 137
908612.3.peg.2158.site.36, 4, 156, 160
908612.3.peg.2158.site.37, 94, 166, 260
908612.3.peg.2158.site.38, 1, 172, 173
908612.3.peg.2158.site.39, 5, 175, 180
908612.3.peg.2158.site.40, 5, 178, 183
908612.3.peg.2158.site.41, 4, 175, 179
908612.3.peg.2158.site.42, 1, 178, 179
908612.3.peg.2158.site.43, 47, 175, 222
908612.3.peg.2158.site.44, 1, 178, 179
908612.3.peg.2158.site.45, 1, 177, 178
908612.3.peg.2158.site.46, 3, 178, 181
908612.3.peg.2158.site.47, 49, 176, 225
908612.3.peg.2159.site.1, 11, 177, 188
908612.3.peg.2159.site.2, 8, 172, 180
908612.3.peg.2159.site.3, 118, 172, 290
908612.3.peg.2159.site.4, 17, 172, 189
908612.3.peg.2159.site.5, 33, 171, 204
908612.3.peg.2159.site.6, 34, 175, 209
908612.3.peg.2159.site.7, 10, 169, 179
908612.3.peg.2159.site.8, 0, 176, 176
908612.3.peg.2159.site.9, 3, 172, 175
908612.3.peg.2159.site.10, 78, 175, 253
908612.3.peg.2159.site.11, 5, 174, 179
908612.3.peg.2159.site.12, 5, 178, 183
908612.3.peg.2159.site.13, 8, 179, 187
908612.3.peg.2159.site.14, 5, 172, 177
908612.3.peg.2159.site.15, 0, 177, 177
908612.3.peg.2159.site.16, 2, 137, 139
908612.3.peg.2159.site.17, 113, 160, 273
908612.3.peg.2159.site.18, 23, 162, 185
908612.3.peg.2159.site.19, 11, 172, 183
908612.3.peg.2159.site.20, 122, 164, 286
908612.3.peg.2159.site.21, 86, 172, 258
908612.3.peg.2159.site.22, 2, 177, 179
908612.3.peg.2159.site.23, 0, 180, 180
908612.3.peg.2156.site.1, 26, 177, 203
908612.3.peg.2157.site.1, 7, 178, 185
908612.3.peg.2157.site.2, 0, 180, 180
908612.3.peg.2157.site.3, 0, 179, 179
908612.3.peg.2157.site.4, 0, 179, 179
908612.3.peg.2157.site.5, 21, 157, 178
908612.3.peg.2157.site.6, 52, 170, 222
908612.3.peg.2157.site.7, 11, 180, 191
908612.3.peg.2157.site.8, 7, 144, 151
908612.3.peg.2157.site.9, 4, 132, 136
908612.3.peg.2157.site.10, 2, 130, 132
908612.3.peg.2157.site.11, 6, 127, 133
908612.3.peg.2157.site.12, 4, 157, 161
908612.3.peg.2157.site.13, 19, 159, 178
908612.3.peg.2157.site.14, 26, 179, 205
908612.3.peg.2157.site.15, 3, 180, 183
908612.3.peg.2157.site.16, 1, 180, 181
908612.3.peg.2157.site.17, 62, 176, 238
908612.3.peg.2157.site.18, 1, 180, 181
908612.3.peg.2154.site.1, 3, 175, 178
908612.3.peg.2154.site.2, 91, 173, 264
908612.3.peg.2154.site.3, 6, 176, 182
908612.3.peg.2154.site.4, 40, 173, 213
908612.3.peg.2154.site.5, 12, 175, 187
908612.3.peg.2154.site.6, 2, 178, 180
908612.3.peg.2154.site.7, 0, 180, 180
908612.3.peg.2154.site.8, 12, 172, 184
908612.3.peg.2154.site.9, 17, 132, 149
908612.3.peg.2154.site.10, 6, 138, 144
908612.3.peg.2154.site.11, 8, 141, 149
908612.3.peg.2154.site.12, 0, 142, 142
908612.3.peg.2154.site.13, 40, 151, 191
908612.3.peg.2154.site.14, 41, 152, 193
908612.3.peg.2154.site.15, 0, 178, 178
908612.3.peg.2154.site.16, 2, 178, 180
908612.3.peg.2154.site.17, 35, 177, 212
908612.3.peg.2152.site.1, 5, 177, 182
908612.3.peg.2152.site.2, 7, 166, 173
908612.3.peg.2152.site.3, 6, 129, 135
908612.3.peg.2152.site.4, 0, 135, 135
908612.3.peg.2152.site.5, 93, 127, 220
908612.3.peg.2152.site.6, 2, 138, 140
908612.3.peg.2152.site.7, 2, 134, 136
908612.3.peg.2152.site.8, 140, 163, 303
908612.3.peg.2152.site.9, 0, 174, 174
908612.3.peg.2152.site.10, 117, 166, 283
908612.3.peg.2152.site.11, 22, 166, 188
908612.3.peg.2152.site.12, 4, 158, 162
908612.3.peg.2152.site.13, 17, 156, 173
908612.3.peg.2152.site.14, 10, 152, 162
908612.3.peg.2152.site.15, 7, 152, 159
908612.3.peg.2152.site.16, 3, 166, 169
908612.3.peg.2152.site.17, 3, 170, 173
908612.3.peg.2152.site.18, 8, 176, 184
908612.3.peg.2152.site.19, 0, 179, 179
908612.3.peg.2152.site.20, 149, 171, 320
908612.3.peg.2152.site.21, 143, 172, 315
908612.3.peg.2152.site.22, 164, 177, 341
908612.3.peg.2152.site.23, 122, 175, 297
908612.3.peg.2152.site.24, 9, 176, 185
908612.3.peg.2152.site.25, 141, 174, 315
908612.3.peg.2152.site.26, 155, 165, 320
908612.3.peg.2152.site.27, 2, 174, 176
908612.3.peg.2152.site.28, 15, 179, 194
908612.3.peg.2152.site.29, 2, 180, 182
908612.3.peg.2152.site.30, 2, 179, 181
908612.3.peg.2152.site.31, 6, 179, 185
908612.3.peg.2152.site.32, 4, 180, 184
908612.3.peg.2152.site.33, 6, 180, 186
908612.3.peg.2152.site.34, 2, 177, 179
908612.3.peg.2152.site.35, 2, 179, 181
908612.3.peg.2152.site.36, 2, 178, 180
908612.3.peg.2152.site.37, 7, 177, 184
908612.3.peg.2152.site.38, 12, 177, 189
908612.3.peg.2152.site.39, 3, 177, 180
908612.3.peg.2152.site.40, 0, 178, 178
908612.3.peg.2152.site.41, 1, 178, 179
908612.3.peg.2152.site.42, 2, 177, 179
908612.3.peg.2152.site.43, 3, 173, 176
908612.3.peg.2152.site.44, 5, 176, 181
908612.3.peg.2152.site.45, 30, 166, 196
908612.3.peg.2152.site.46, 50, 159, 209
908612.3.peg.2152.site.47, 46, 163, 209
908612.3.peg.2152.site.48, 2, 171, 173
908612.3.peg.2152.site.49, 1, 174, 175
908612.3.peg.2152.site.50, 5, 165, 170
908612.3.peg.2152.site.51, 60, 167, 227
908612.3.peg.2152.site.52, 6, 174, 180
908612.3.peg.2152.site.53, 3, 178, 181
908612.3.peg.2152.site.54, 3, 176, 179
908612.3.peg.2152.site.55, 2, 175, 177
908612.3.peg.2152.site.56, 2, 176, 178
908612.3.peg.2152.site.57, 1, 178, 179
908612.3.peg.2152.site.58, 0, 174, 174
908612.3.peg.2152.site.59, 0, 177, 177
908612.3.peg.2152.site.60, 0, 170, 170
908612.3.peg.2152.site.61, 29, 173, 202
908612.3.peg.2152.site.62, 5, 178, 183
908612.3.peg.2152.site.63, 0, 180, 180
908612.3.peg.2152.site.64, 3, 179, 182
908612.3.peg.2152.site.65, 4, 176, 180
908612.3.peg.2152.site.66, 1, 177, 178
908612.3.peg.2152.site.67, 0, 169, 169
908612.3.peg.2152.site.68, 4, 166, 170
908612.3.peg.2152.site.69, 2, 172, 174
908612.3.peg.2152.site.70, 32, 171, 203
908612.3.peg.2152.site.71, 0, 178, 178
908612.3.peg.2152.site.72, 2, 176, 178
908612.3.peg.2152.site.73, 2, 173, 175
908612.3.peg.2152.site.74, 1, 173, 174
908612.3.peg.2152.site.75, 6, 175, 181
908612.3.peg.2152.site.76, 51, 170, 221
908612.3.peg.2152.site.77, 163, 179, 342
908612.3.peg.2152.site.78, 57, 176, 233
908612.3.peg.2152.site.79, 5, 179, 184
908612.3.peg.2152.site.80, 0, 178, 178
908612.3.peg.2152.site.81, 23, 176, 199
908612.3.peg.2153.site.1, 17, 178, 195
908612.3.peg.2153.site.2, 12, 166, 178
908612.3.peg.2153.site.3, 4, 180, 184
908612.3.peg.2153.site.4, 0, 180, 180
908612.3.peg.2153.site.5, 32, 177, 209
908612.3.peg.2153.site.6, 49, 175, 224
908612.3.peg.2153.site.7, 13, 162, 175
908612.3.peg.2153.site.8, 89, 174, 263
908612.3.peg.2153.site.9, 5, 178, 183
908612.3.peg.2153.site.10, 0, 179, 179
908612.3.peg.2153.site.11, 54, 175, 229
908612.3.peg.2153.site.12, 53, 175, 228
908612.3.peg.2153.site.13, 54, 176, 230
908612.3.peg.2153.site.14, 8, 178, 186
908612.3.peg.2153.site.15, 57, 179, 236
908612.3.peg.2153.site.16, 57, 179, 236
908612.3.peg.2153.site.17, 3, 178, 181
908612.3.peg.2153.site.18, 30, 174, 204
908612.3.peg.2153.site.19, 2, 179, 181
908612.3.peg.2153.site.20, 0, 178, 178
908612.3.peg.2153.site.21, 19, 175, 194
908612.3.peg.2153.site.22, 23, 177, 200
908612.3.peg.2153.site.23, 29, 179, 208
908612.3.peg.2153.site.24, 8, 180, 188
908612.3.peg.2153.site.25, 10, 178, 188
908612.3.peg.2153.site.26, 5, 180, 185
908612.3.peg.2153.site.27, 0, 180, 180
908612.3.peg.2153.site.28, 27, 178, 205
908612.3.peg.2153.site.29, 0, 178, 178
908612.3.peg.2153.site.30, 2, 177, 179
908612.3.peg.2153.site.31, 4, 179, 183
908612.3.peg.2153.site.32, 5, 176, 181
908612.3.peg.2153.site.33, 3, 172, 175
908612.3.peg.2153.site.34, 21, 169, 190
908612.3.peg.2153.site.35, 0, 161, 161
908612.3.peg.2153.site.36, 1, 166, 167
908612.3.peg.2153.site.37, 0, 176, 176
908612.3.peg.2153.site.38, 10, 176, 186
908612.3.peg.2150.site.1, 119, 179, 298
908612.3.peg.2150.site.2, 4, 179, 183
908612.3.peg.2150.site.3, 2, 175, 177
908612.3.peg.2150.site.4, 2, 177, 179
908612.3.peg.2150.site.5, 36, 179, 215
908612.3.peg.2150.site.6, 8, 180, 188
908612.3.peg.2150.site.7, 13, 180, 193
908612.3.peg.2150.site.8, 0, 180, 180
908612.3.peg.2150.site.9, 0, 179, 179
908612.3.peg.2150.site.10, 43, 176, 219
908612.3.peg.2150.site.11, 1, 180, 181
908612.3.peg.2150.site.12, 1, 179, 180
908612.3.peg.2150.site.13, 6, 180, 186
908612.3.peg.2150.site.14, 13, 178, 191
908612.3.peg.2150.site.15, 0, 180, 180
908612.3.peg.2150.site.16, 0, 177, 177
908612.3.peg.2150.site.17, 24, 177, 201
908612.3.peg.2150.site.18, 3, 168, 171
908612.3.peg.2150.site.19, 1, 180, 181
908612.3.peg.2150.site.20, 0, 175, 175
908612.3.peg.2150.site.21, 54, 174, 228
908612.3.peg.2150.site.22, 56, 176, 232
908612.3.peg.2150.site.23, 52, 172, 224
908612.3.peg.2150.site.24, 11, 176, 187
908612.3.peg.2150.site.25, 4, 178, 182
908612.3.peg.2150.site.26, 3, 178, 181
908612.3.peg.2150.site.27, 1, 177, 178
908612.3.peg.2150.site.28, 2, 170, 172
908612.3.peg.2150.site.29, 7, 166, 173
908612.3.peg.2150.site.30, 77, 150, 227
908612.3.peg.2150.site.31, 1, 161, 162
908612.3.peg.2150.site.32, 42, 169, 211
908612.3.peg.2151.site.1, 2, 179, 181
908612.3.peg.2151.site.2, 0, 179, 179
908612.3.peg.2151.site.3, 165, 179, 344
908612.3.peg.2151.site.4, 54, 176, 230
908612.3.peg.2151.site.5, 27, 175, 202
908612.3.peg.2151.site.6, 45, 174, 219
908612.3.peg.2151.site.7, 3, 180, 183
908612.3.peg.2151.site.8, 4, 178, 182
908612.3.peg.2151.site.9, 1, 180, 181
908612.3.peg.2151.site.10, 2, 179, 181
908612.3.peg.1416.site.1, 25, 76, 101
908612.3.peg.1416.site.2, 1, 82, 83
908612.3.peg.1416.site.3, 3, 81, 84
908612.3.peg.1416.site.4, 2, 76, 78
908612.3.peg.1416.site.5, 2, 76, 78
908612.3.peg.1416.site.6, 1, 77, 78
908612.3.peg.1416.site.7, 2, 76, 78
908612.3.peg.1416.site.8, 1, 78, 79
908612.3.peg.1416.site.9, 1, 86, 87
908612.3.peg.1416.site.10, 104, 152, 256
908612.3.peg.85.site.1, 1, 178, 179
908612.3.peg.85.site.2, 2, 178, 180
908612.3.peg.85.site.3, 117, 178, 295
908612.3.peg.85.site.4, 28, 177, 205
908612.3.peg.85.site.5, 0, 177, 177
908612.3.peg.85.site.6, 11, 178, 189
908612.3.peg.85.site.7, 0, 177, 177
908612.3.peg.85.site.8, 130, 175, 305
908612.3.peg.85.site.9, 0, 178, 178
908612.3.peg.85.site.10, 97, 176, 273
908612.3.peg.85.site.11, 8, 178, 186
908612.3.peg.85.site.12, 2, 178, 180
908612.3.peg.85.site.13, 3, 178, 181
908612.3.peg.85.site.14, 47, 176, 223
908612.3.peg.86.site.1, 2, 177, 179
908612.3.peg.86.site.2, 0, 178, 178
908612.3.peg.86.site.3, 134, 177, 311
908612.3.peg.86.site.4, 10, 174, 184
908612.3.peg.86.site.5, 1, 163, 164
908612.3.peg.86.site.6, 3, 166, 169
908612.3.peg.86.site.7, 11, 165, 176
908612.3.peg.86.site.8, 2, 168, 170
908612.3.peg.86.site.9, 11, 176, 187
908612.3.peg.86.site.10, 16, 179, 195
908612.3.peg.86.site.11, 1, 180, 181
908612.3.peg.86.site.12, 15, 176, 191
908612.3.peg.86.site.13, 6, 178, 184
908612.3.peg.86.site.14, 34, 178, 212
908612.3.peg.86.site.15, 1, 179, 180
908612.3.peg.86.site.16, 42, 175, 217
908612.3.peg.86.site.17, 0, 179, 179
908612.3.peg.86.site.18, 0, 179, 179
908612.3.peg.86.site.19, 0, 177, 177
908612.3.peg.86.site.20, 0, 176, 176
908612.3.peg.86.site.21, 23, 169, 192
908612.3.peg.86.site.22, 13, 176, 189
908612.3.peg.86.site.23, 14, 178, 192
908612.3.peg.86.site.24, 3, 180, 183
908612.3.peg.86.site.25, 85, 178, 263
908612.3.peg.86.site.26, 82, 176, 258
908612.3.peg.86.site.27, 87, 176, 263
908612.3.peg.86.site.28, 10, 176, 186
908612.3.peg.86.site.29, 7, 179, 186
908612.3.peg.86.site.30, 3, 180, 183
908612.3.peg.86.site.31, 98, 175, 273
908612.3.peg.86.site.32, 113, 176, 289
908612.3.peg.1007.site.1, 0, 180, 180
908612.3.peg.1007.site.2, 0, 179, 179
908612.3.peg.1007.site.3, 0, 180, 180
908612.3.peg.1007.site.4, 24, 180, 204
908612.3.peg.1007.site.5, 3, 177, 180
908612.3.peg.1007.site.6, 4, 178, 182
908612.3.peg.1007.site.7, 6, 179, 185
908612.3.peg.1007.site.8, 0, 179, 179
908612.3.peg.1007.site.9, 0, 179, 179
908612.3.peg.1007.site.10, 38, 178, 216
908612.3.peg.1007.site.11, 24, 173, 197
908612.3.peg.1007.site.12, 1, 177, 178
908612.3.peg.1007.site.13, 106, 177, 283
908612.3.peg.1007.site.14, 0, 180, 180
908612.3.peg.1007.site.15, 80, 172, 252
908612.3.peg.1007.site.16, 67, 154, 221
908612.3.peg.1007.site.17, 60, 137, 197
908612.3.peg.1007.site.18, 101, 166, 267
908612.3.peg.1007.site.19, 33, 170, 203
908612.3.peg.1007.site.20, 0, 180, 180
908612.3.peg.1007.site.21, 2, 179, 181
908612.3.peg.1007.site.22, 0, 180, 180
908612.3.peg.1007.site.23, 46, 177, 223
908612.3.peg.1007.site.24, 0, 179, 179
908612.3.peg.1007.site.25, 0, 180, 180
908612.3.peg.1007.site.26, 1, 180, 181
908612.3.peg.1007.site.27, 115, 179, 294
908612.3.peg.1007.site.28, 116, 180, 296
908612.3.peg.1007.site.29, 5, 180, 185
908612.3.peg.1007.site.30, 1, 156, 157
908612.3.peg.1007.site.31, 1, 176, 177
908612.3.peg.1007.site.32, 0, 178, 178
908612.3.peg.1007.site.33, 0, 178, 178
908612.3.peg.1007.site.34, 12, 175, 187
908612.3.peg.1007.site.35, 14, 179, 193
908612.3.peg.1007.site.36, 5, 177, 182
908612.3.peg.1007.site.37, 25, 178, 203
908612.3.peg.1007.site.38, 26, 179, 205
908612.3.peg.1007.site.39, 0, 178, 178
908612.3.peg.1007.site.40, 7, 178, 185
908612.3.peg.83.site.1, 17, 180, 197
908612.3.peg.83.site.2, 0, 179, 179
908612.3.peg.83.site.3, 0, 179, 179
908612.3.peg.83.site.4, 17, 174, 191
908612.3.peg.83.site.5, 1, 180, 181
908612.3.peg.83.site.6, 1, 180, 181
908612.3.peg.83.site.7, 3, 180, 183
908612.3.peg.83.site.8, 1, 180, 181
908612.3.peg.83.site.9, 28, 178, 206
908612.3.peg.83.site.10, 38, 177, 215
908612.3.peg.83.site.11, 4, 176, 180
908612.3.peg.83.site.12, 3, 178, 181
908612.3.peg.83.site.13, 2, 177, 179
908612.3.peg.83.site.14, 2, 175, 177
908612.3.peg.83.site.15, 0, 177, 177
908612.3.peg.83.site.16, 9, 178, 187
908612.3.peg.83.site.17, 80, 172, 252
908612.3.peg.83.site.18, 2, 173, 175
908612.3.peg.83.site.19, 0, 178, 178
908612.3.peg.83.site.20, 5, 178, 183
908612.3.peg.83.site.21, 28, 177, 205
908612.3.peg.83.site.22, 1, 174, 175
908612.3.peg.83.site.23, 8, 177, 185
908612.3.peg.83.site.24, 0, 178, 178
908612.3.peg.83.site.25, 7, 178, 185
908612.3.peg.83.site.26, 1, 178, 179
908612.3.peg.83.site.27, 9, 177, 186
908612.3.peg.83.site.28, 2, 178, 180
908612.3.peg.83.site.29, 3, 175, 178
908612.3.peg.83.site.30, 0, 174, 174
908612.3.peg.83.site.31, 29, 175, 204
908612.3.peg.83.site.32, 0, 176, 176
908612.3.peg.83.site.33, 0, 178, 178
908612.3.peg.83.site.34, 51, 175, 226
908612.3.peg.83.site.35, 2, 178, 180
908612.3.peg.83.site.36, 2, 174, 176
908612.3.peg.83.site.37, 3, 167, 170
908612.3.peg.83.site.38, 3, 178, 181
908612.3.peg.83.site.39, 1, 178, 179
908612.3.peg.83.site.40, 3, 178, 181
908612.3.peg.83.site.41, 49, 175, 224
908612.3.peg.83.site.42, 48, 174, 222
908612.3.peg.83.site.43, 33, 177, 210
908612.3.peg.83.site.44, 0, 178, 178
908612.3.peg.1927.site.1, 15, 176, 191
908612.3.peg.1927.site.2, 42, 175, 217
908612.3.peg.1927.site.3, 2, 177, 179
908612.3.peg.1927.site.4, 46, 174, 220
908612.3.peg.1927.site.5, 1, 177, 178
908612.3.peg.1927.site.6, 40, 176, 216
908612.3.peg.1927.site.7, 0, 180, 180
908612.3.peg.1927.site.8, 1, 179, 180
908612.3.peg.1927.site.9, 2, 177, 179
908612.3.peg.1927.site.10, 143, 175, 318
908612.3.peg.1927.site.11, 32, 174, 206
908612.3.peg.1927.site.12, 18, 174, 192
908612.3.peg.1927.site.13, 31, 177, 208
908612.3.peg.1927.site.14, 18, 179, 197
908612.3.peg.1927.site.15, 31, 179, 210
908612.3.peg.1927.site.16, 0, 180, 180
908612.3.peg.1927.site.17, 4, 178, 182
908612.3.peg.1927.site.18, 1, 180, 181
908612.3.peg.1927.site.19, 1, 179, 180
908612.3.peg.1927.site.20, 9, 177, 186
908612.3.peg.1927.site.21, 0, 179, 179
908612.3.peg.1927.site.22, 1, 180, 181
908612.3.peg.1927.site.23, 0, 180, 180
908612.3.peg.1927.site.24, 32, 178, 210
908612.3.peg.1927.site.25, 1, 180, 181
908612.3.peg.1927.site.26, 0, 178, 178
908612.3.peg.1927.site.27, 31, 174, 205
908612.3.peg.1927.site.28, 95, 174, 269
908612.3.peg.1927.site.29, 2, 180, 182
908612.3.peg.1927.site.30, 40, 180, 220
908612.3.peg.1927.site.31, 29, 171, 200
908612.3.peg.1927.site.32, 37, 174, 211
908612.3.peg.1927.site.33, 37, 174, 211
908612.3.peg.1927.site.34, 0, 179, 179
908612.3.peg.1927.site.35, 21, 176, 197
908612.3.peg.1927.site.36, 0, 180, 180
908612.3.peg.1927.site.37, 117, 176, 293
908612.3.peg.1927.site.38, 13, 179, 192
908612.3.peg.1927.site.39, 52, 175, 227
908612.3.peg.1927.site.40, 6, 176, 182
908612.3.peg.1927.site.41, 60, 176, 236
908612.3.peg.1927.site.42, 50, 172, 222
908612.3.peg.1927.site.43, 0, 180, 180
908612.3.peg.1927.site.44, 0, 180, 180
908612.3.peg.1927.site.45, 112, 174, 286
908612.3.peg.1927.site.46, 8, 180, 188
908612.3.peg.1927.site.47, 114, 178, 292
908612.3.peg.1927.site.48, 66, 177, 243
908612.3.peg.1927.site.49, 0, 179, 179
908612.3.peg.1927.site.50, 37, 174, 211
908612.3.peg.1927.site.51, 7, 178, 185
908612.3.peg.1927.site.52, 158, 177, 335
908612.3.peg.1927.site.53, 1, 179, 180
908612.3.peg.1927.site.54, 168, 177, 345
908612.3.peg.1927.site.55, 1, 176, 177
908612.3.peg.1927.site.56, 4, 178, 182
908612.3.peg.1927.site.57, 5, 179, 184
908612.3.peg.1927.site.58, 165, 176, 341
908612.3.peg.1927.site.59, 7, 179, 186
908612.3.peg.1927.site.60, 29, 176, 205
908612.3.peg.1927.site.61, 29, 173, 202
908612.3.peg.1927.site.62, 29, 177, 206
908612.3.peg.799.site.1, 31, 176, 207
908612.3.peg.799.site.2, 19, 179, 198
908612.3.peg.799.site.3, 1, 178, 179
908612.3.peg.799.site.4, 0, 179, 179
908612.3.peg.799.site.5, 2, 179, 181
908612.3.peg.799.site.6, 5, 180, 185
908612.3.peg.799.site.7, 7, 178, 185
908612.3.peg.799.site.8, 0, 180, 180
908612.3.peg.799.site.9, 38, 178, 216
908612.3.peg.799.site.10, 6, 180, 186
908612.3.peg.799.site.11, 0, 173, 173
908612.3.peg.799.site.12, 2, 172, 174
908612.3.peg.799.site.13, 6, 170, 176
908612.3.peg.799.site.14, 37, 168, 205
908612.3.peg.799.site.15, 36, 164, 200
908612.3.peg.798.site.1, 1, 180, 181
908612.3.peg.798.site.2, 0, 179, 179
908612.3.peg.798.site.3, 0, 178, 178
908612.3.peg.798.site.4, 1, 180, 181
908612.3.peg.798.site.5, 2, 177, 179
908612.3.peg.798.site.6, 3, 178, 181
908612.3.peg.798.site.7, 1, 179, 180
908612.3.peg.798.site.8, 139, 176, 315
908612.3.peg.798.site.9, 1, 178, 179
908612.3.peg.798.site.10, 3, 178, 181
908612.3.peg.798.site.11, 132, 174, 306
908612.3.peg.798.site.12, 142, 176, 318
908612.3.peg.798.site.13, 136, 174, 310
908612.3.peg.798.site.14, 1, 179, 180
908612.3.peg.798.site.15, 117, 174, 291
908612.3.peg.798.site.16, 0, 178, 178
908612.3.peg.798.site.17, 3, 179, 182
908612.3.peg.798.site.18, 32, 177, 209
908612.3.peg.798.site.19, 31, 176, 207
908612.3.peg.798.site.20, 1, 179, 180
908612.3.peg.798.site.21, 0, 179, 179
908612.3.peg.798.site.22, 0, 179, 179
908612.3.peg.798.site.23, 27, 177, 204
908612.3.peg.798.site.24, 0, 180, 180
908612.3.peg.798.site.25, 0, 178, 178
908612.3.peg.798.site.26, 0, 179, 179
908612.3.peg.798.site.27, 5, 178, 183
908612.3.peg.798.site.28, 6, 176, 182
908612.3.peg.798.site.29, 35, 176, 211
908612.3.peg.798.site.30, 31, 177, 208
908612.3.peg.798.site.31, 41, 178, 219
908612.3.peg.798.site.32, 0, 179, 179
908612.3.peg.798.site.33, 37, 179, 216
908612.3.peg.798.site.34, 1, 178, 179
908612.3.peg.798.site.35, 33, 177, 210
908612.3.peg.798.site.36, 33, 178, 211
908612.3.peg.798.site.37, 0, 180, 180
908612.3.peg.798.site.38, 2, 180, 182
908612.3.peg.791.site.1, 1, 180, 181
908612.3.peg.791.site.2, 2, 179, 181
908612.3.peg.791.site.3, 1, 180, 181
908612.3.peg.791.site.4, 14, 179, 193
908612.3.peg.791.site.5, 2, 178, 180
908612.3.peg.791.site.6, 20, 176, 196
908612.3.peg.791.site.7, 1, 178, 179
908612.3.peg.791.site.8, 1, 180, 181
908612.3.peg.791.site.9, 34, 93, 127
908612.3.peg.791.site.10, 8, 64, 72
908612.3.peg.791.site.11, 22, 82, 104
908612.3.peg.791.site.12, 0, 82, 82
908612.3.peg.791.site.13, 23, 70, 93
908612.3.peg.791.site.14, 11, 69, 80
908612.3.peg.791.site.15, 19, 77, 96
908612.3.peg.791.site.16, 36, 85, 121
908612.3.peg.791.site.17, 5, 174, 179
908612.3.peg.791.site.18, 1, 179, 180
908612.3.peg.791.site.19, 133, 178, 311
908612.3.peg.791.site.20, 145, 179, 324
908612.3.peg.791.site.21, 127, 175, 302
908612.3.peg.791.site.22, 126, 175, 301
908612.3.peg.791.site.23, 19, 178, 197
908612.3.peg.791.site.24, 1, 149, 150
908612.3.peg.791.site.25, 98, 147, 245
908612.3.peg.791.site.26, 8, 121, 129
908612.3.peg.791.site.27, 13, 61, 74
908612.3.peg.791.site.28, 4, 52, 56
908612.3.peg.791.site.29, 9, 56, 65
908612.3.peg.791.site.30, 103, 148, 251
908612.3.peg.791.site.31, 1, 156, 157
908612.3.peg.791.site.32, 123, 165, 288
908612.3.peg.791.site.33, 20, 175, 195
908612.3.peg.791.site.34, 129, 176, 305
908612.3.peg.791.site.35, 1, 180, 181
908612.3.peg.791.site.36, 1, 180, 181
908612.3.peg.791.site.37, 1, 180, 181
908612.3.peg.791.site.38, 5, 177, 182
908612.3.peg.791.site.39, 2, 178, 180
908612.3.peg.791.site.40, 72, 174, 246
908612.3.peg.791.site.41, 64, 167, 231
908612.3.peg.791.site.42, 61, 164, 225
908612.3.peg.791.site.43, 0, 152, 152
908612.3.peg.791.site.44, 28, 126, 154
908612.3.peg.791.site.45, 3, 102, 105
908612.3.peg.791.site.46, 1, 100, 101
908612.3.peg.791.site.47, 13, 111, 124
908612.3.peg.791.site.48, 31, 134, 165
908612.3.peg.791.site.49, 71, 174, 245
908612.3.peg.791.site.50, 4, 176, 180
908612.3.peg.791.site.51, 8, 169, 177
908612.3.peg.791.site.52, 4, 162, 166
908612.3.peg.791.site.53, 6, 118, 124
908612.3.peg.791.site.54, 0, 96, 96
908612.3.peg.790.site.1, 138, 175, 313
908612.3.peg.790.site.2, 2, 180, 182
908612.3.peg.790.site.3, 134, 179, 313
908612.3.peg.790.site.4, 40, 177, 217
908612.3.peg.790.site.5, 42, 177, 219
908612.3.peg.790.site.6, 18, 176, 194
908612.3.peg.790.site.7, 46, 177, 223
908612.3.peg.793.site.1, 4, 179, 183
908612.3.peg.793.site.2, 31, 175, 206
908612.3.peg.793.site.3, 124, 176, 300
908612.3.peg.793.site.4, 0, 178, 178
908612.3.peg.793.site.5, 0, 178, 178
908612.3.peg.793.site.6, 59, 175, 234
908612.3.peg.793.site.7, 0, 177, 177
908612.3.peg.793.site.8, 0, 178, 178
908612.3.peg.793.site.9, 30, 176, 206
908612.3.peg.793.site.10, 2, 180, 182
908612.3.peg.793.site.11, 5, 180, 185
908612.3.peg.793.site.12, 2, 180, 182
908612.3.peg.793.site.13, 0, 176, 176
908612.3.peg.793.site.14, 0, 177, 177
908612.3.peg.793.site.15, 22, 163, 185
908612.3.peg.793.site.16, 23, 166, 189
908612.3.peg.793.site.17, 89, 173, 262
908612.3.peg.793.site.18, 81, 175, 256
908612.3.peg.793.site.19, 13, 177, 190
908612.3.peg.793.site.20, 10, 180, 190
908612.3.peg.793.site.21, 2, 178, 180
908612.3.peg.793.site.22, 72, 174, 246
908612.3.peg.793.site.23, 8, 180, 188
908612.3.peg.793.site.24, 17, 179, 196
908612.3.peg.793.site.25, 25, 176, 201
908612.3.peg.793.site.26, 26, 177, 203
908612.3.peg.793.site.27, 1, 180, 181
908612.3.peg.793.site.28, 9, 180, 189
908612.3.peg.793.site.29, 26, 177, 203
908612.3.peg.793.site.30, 0, 179, 179
908612.3.peg.793.site.31, 0, 180, 180
908612.3.peg.793.site.32, 3, 179, 182
908612.3.peg.793.site.33, 52, 178, 230
908612.3.peg.793.site.34, 0, 179, 179
908612.3.peg.793.site.35, 16, 167, 183
908612.3.peg.793.site.36, 0, 166, 166
908612.3.peg.793.site.37, 12, 166, 178
908612.3.peg.793.site.38, 18, 169, 187
908612.3.peg.793.site.39, 81, 178, 259
908612.3.peg.793.site.40, 0, 179, 179
908612.3.peg.793.site.41, 27, 175, 202
908612.3.peg.793.site.42, 27, 176, 203
908612.3.peg.793.site.43, 54, 176, 230
908612.3.peg.793.site.44, 0, 180, 180
908612.3.peg.793.site.45, 8, 178, 186
908612.3.peg.793.site.46, 22, 179, 201
908612.3.peg.793.site.47, 2, 179, 181
908612.3.peg.793.site.48, 10, 180, 190
908612.3.peg.793.site.49, 41, 176, 217
908612.3.peg.793.site.50, 12, 179, 191
908612.3.peg.793.site.51, 10, 180, 190
908612.3.peg.793.site.52, 52, 176, 228
908612.3.peg.793.site.53, 4, 180, 184
908612.3.peg.793.site.54, 6, 179, 185
908612.3.peg.793.site.55, 1, 177, 178
908612.3.peg.793.site.56, 0, 179, 179
908612.3.peg.793.site.57, 3, 179, 182
908612.3.peg.793.site.58, 1, 179, 180
908612.3.peg.793.site.59, 1, 178, 179
908612.3.peg.793.site.60, 30, 178, 208
908612.3.peg.793.site.61, 117, 178, 295
908612.3.peg.793.site.62, 1, 180, 181
908612.3.peg.793.site.63, 78, 177, 255
908612.3.peg.793.site.64, 6, 178, 184
908612.3.peg.793.site.65, 25, 177, 202
908612.3.peg.793.site.66, 28, 180, 208
908612.3.peg.793.site.67, 108, 173, 281
908612.3.peg.793.site.68, 3, 171, 174
908612.3.peg.793.site.69, 29, 178, 207
908612.3.peg.793.site.70, 132, 179, 311
908612.3.peg.793.site.71, 2, 180, 182
908612.3.peg.793.site.72, 4, 180, 184
908612.3.peg.793.site.73, 0, 180, 180
908612.3.peg.793.site.74, 3, 179, 182
908612.3.peg.793.site.75, 5, 180, 185
908612.3.peg.793.site.76, 0, 180, 180
908612.3.peg.793.site.77, 2, 180, 182
908612.3.peg.793.site.78, 3, 178, 181
908612.3.peg.793.site.79, 26, 174, 200
908612.3.peg.793.site.80, 3, 180, 183
908612.3.peg.792.site.1, 0, 180, 180
908612.3.peg.792.site.2, 36, 175, 211
908612.3.peg.792.site.3, 0, 154, 154
908612.3.peg.792.site.4, 2, 149, 151
908612.3.peg.792.site.5, 1, 151, 152
908612.3.peg.792.site.6, 8, 144, 152
908612.3.peg.792.site.7, 9, 146, 155
908612.3.peg.792.site.8, 17, 165, 182
908612.3.peg.792.site.9, 10, 163, 173
908612.3.peg.792.site.10, 15, 163, 178
908612.3.peg.792.site.11, 3, 162, 165
908612.3.peg.792.site.12, 20, 154, 174
908612.3.peg.792.site.13, 0, 160, 160
908612.3.peg.792.site.14, 8, 157, 165
908612.3.peg.792.site.15, 3, 159, 162
908612.3.peg.792.site.16, 13, 162, 175
908612.3.peg.792.site.17, 15, 164, 179
908612.3.peg.792.site.18, 9, 168, 177
908612.3.peg.792.site.19, 9, 178, 187
908612.3.peg.792.site.20, 2, 179, 181
908612.3.peg.792.site.21, 15, 180, 195
908612.3.peg.792.site.22, 3, 180, 183
908612.3.peg.792.site.23, 5, 179, 184
908612.3.peg.792.site.24, 64, 174, 238
908612.3.peg.792.site.25, 8, 178, 186
908612.3.peg.792.site.26, 4, 179, 183
908612.3.peg.792.site.27, 2, 179, 181
908612.3.peg.792.site.28, 3, 178, 181
908612.3.peg.792.site.29, 4, 179, 183
908612.3.peg.792.site.30, 2, 178, 180
908612.3.peg.792.site.31, 3, 178, 181
908612.3.peg.792.site.32, 1, 179, 180
908612.3.peg.792.site.33, 95, 174, 269
908612.3.peg.792.site.34, 0, 178, 178
908612.3.peg.792.site.35, 5, 180, 185
908612.3.peg.792.site.36, 1, 179, 180
908612.3.peg.792.site.37, 1, 180, 181
908612.3.peg.792.site.38, 60, 177, 237
908612.3.peg.792.site.39, 9, 178, 187
908612.3.peg.792.site.40, 18, 176, 194
908612.3.peg.795.site.1, 27, 179, 206
908612.3.peg.795.site.2, 0, 180, 180
908612.3.peg.794.site.1, 0, 179, 179
908612.3.peg.794.site.2, 0, 177, 177
908612.3.peg.794.site.3, 16, 173, 189
908612.3.peg.794.site.4, 23, 164, 187
908612.3.peg.794.site.5, 7, 163, 170
908612.3.peg.794.site.6, 6, 175, 181
908612.3.peg.794.site.7, 3, 180, 183
908612.3.peg.794.site.8, 0, 176, 176
908612.3.peg.794.site.9, 42, 176, 218
908612.3.peg.794.site.10, 6, 180, 186
908612.3.peg.794.site.11, 3, 180, 183
908612.3.peg.794.site.12, 19, 176, 195
908612.3.peg.794.site.13, 19, 178, 197
908612.3.peg.794.site.14, 5, 179, 184
908612.3.peg.794.site.15, 1, 179, 180
908612.3.peg.794.site.16, 43, 173, 216
908612.3.peg.794.site.17, 61, 170, 231
908612.3.peg.794.site.18, 82, 173, 255
908612.3.peg.794.site.19, 5, 179, 184
908612.3.peg.794.site.20, 61, 169, 230
908612.3.peg.794.site.21, 1, 175, 176
908612.3.peg.794.site.22, 88, 174, 262
908612.3.peg.794.site.23, 85, 171, 256
908612.3.peg.794.site.24, 4, 179, 183
908612.3.peg.797.site.1, 1, 180, 181
908612.3.peg.796.site.1, 4, 180, 184
908612.3.peg.796.site.2, 22, 180, 202
908612.3.peg.796.site.3, 2, 178, 180
908612.3.peg.796.site.4, 2, 180, 182
908612.3.peg.796.site.5, 4, 180, 184
908612.3.peg.796.site.6, 1, 179, 180
908612.3.peg.248.site.1, 1, 180, 181
908612.3.peg.248.site.2, 7, 180, 187
908612.3.peg.248.site.3, 50, 178, 228
908612.3.peg.248.site.4, 49, 175, 224
908612.3.peg.248.site.5, 13, 179, 192
908612.3.peg.248.site.6, 0, 179, 179
908612.3.peg.248.site.7, 14, 179, 193
908612.3.peg.248.site.8, 46, 168, 214
908612.3.peg.248.site.9, 43, 167, 210
908612.3.peg.248.site.10, 46, 169, 215
908612.3.peg.248.site.11, 18, 164, 182
908612.3.peg.248.site.12, 0, 169, 169
908612.3.peg.248.site.13, 43, 167, 210
908612.3.peg.248.site.14, 15, 169, 184
908612.3.peg.248.site.15, 6, 164, 170
908612.3.peg.248.site.16, 0, 157, 157
908612.3.peg.248.site.17, 26, 162, 188
908612.3.peg.248.site.18, 3, 166, 169
908612.3.peg.248.site.19, 3, 118, 121
908612.3.peg.248.site.20, 0, 149, 149
908612.3.peg.248.site.21, 1, 178, 179
908612.3.peg.248.site.22, 0, 179, 179
908612.3.peg.248.site.23, 59, 178, 237
908612.3.peg.248.site.24, 19, 180, 199
908612.3.peg.248.site.25, 60, 179, 239
908612.3.peg.248.site.26, 3, 179, 182
908612.3.peg.248.site.27, 0, 175, 175
908612.3.peg.248.site.28, 46, 173, 219
908612.3.peg.248.site.29, 49, 176, 225
908612.3.peg.248.site.30, 47, 173, 220
908612.3.peg.248.site.31, 10, 179, 189
908612.3.peg.248.site.32, 1, 179, 180
908612.3.peg.248.site.33, 14, 178, 192
908612.3.peg.248.site.34, 10, 166, 176
908612.3.peg.248.site.35, 1, 153, 154
908612.3.peg.248.site.36, 25, 176, 201
908612.3.peg.248.site.37, 28, 178, 206
908612.3.peg.248.site.38, 28, 179, 207
908612.3.peg.248.site.39, 2, 180, 182
908612.3.peg.248.site.40, 8, 180, 188
908612.3.peg.248.site.41, 1, 177, 178
908612.3.peg.248.site.42, 12, 173, 185
908612.3.peg.248.site.43, 14, 163, 177
908612.3.peg.248.site.44, 3, 152, 155
908612.3.peg.248.site.45, 14, 161, 175
908612.3.peg.248.site.46, 26, 174, 200
908612.3.peg.248.site.47, 29, 178, 207
908612.3.peg.247.site.1, 11, 177, 188
908612.3.peg.247.site.2, 0, 173, 173
908612.3.peg.247.site.3, 90, 174, 264
908612.3.peg.247.site.4, 14, 175, 189
908612.3.peg.247.site.5, 53, 174, 227
908612.3.peg.247.site.6, 83, 177, 260
908612.3.peg.247.site.7, 1, 179, 180
908612.3.peg.247.site.8, 0, 178, 178
908612.3.peg.247.site.9, 30, 175, 205
908612.3.peg.247.site.10, 0, 178, 178
908612.3.peg.247.site.11, 0, 179, 179
908612.3.peg.247.site.12, 2, 179, 181
908612.3.peg.247.site.13, 11, 179, 190
908612.3.peg.247.site.14, 1, 180, 181
908612.3.peg.247.site.15, 0, 177, 177
908612.3.peg.247.site.16, 2, 175, 177
908612.3.peg.247.site.17, 0, 178, 178
908612.3.peg.247.site.18, 19, 179, 198
908612.3.peg.247.site.19, 69, 176, 245
908612.3.peg.247.site.20, 97, 175, 272
908612.3.peg.247.site.21, 2, 179, 181
908612.3.peg.247.site.22, 40, 174, 214
908612.3.peg.247.site.23, 1, 180, 181
908612.3.peg.247.site.24, 0, 178, 178
908612.3.peg.247.site.25, 52, 177, 229
908612.3.peg.247.site.26, 104, 174, 278
908612.3.peg.247.site.27, 98, 171, 269
908612.3.peg.247.site.28, 6, 179, 185
908612.3.peg.247.site.29, 2, 176, 178
908612.3.peg.247.site.30, 0, 178, 178
908612.3.peg.247.site.31, 3, 180, 183
908612.3.peg.247.site.32, 27, 174, 201
908612.3.peg.247.site.33, 30, 148, 178
908612.3.peg.247.site.34, 2, 157, 159
908612.3.peg.247.site.35, 2, 176, 178
908612.3.peg.246.site.1, 0, 117, 117
908612.3.peg.246.site.2, 0, 118, 118
908612.3.peg.246.site.3, 5, 117, 122
908612.3.peg.246.site.4, 5, 118, 123
908612.3.peg.246.site.5, 3, 105, 108
908612.3.peg.246.site.6, 13, 146, 159
908612.3.peg.246.site.7, 0, 165, 165
908612.3.peg.246.site.8, 43, 165, 208
908612.3.peg.246.site.9, 2, 138, 140
908612.3.peg.246.site.10, 17, 164, 181
908612.3.peg.246.site.11, 92, 164, 256
908612.3.peg.246.site.12, 20, 170, 190
908612.3.peg.246.site.13, 21, 170, 191
908612.3.peg.246.site.14, 25, 175, 200
908612.3.peg.246.site.15, 109, 162, 271
908612.3.peg.246.site.16, 14, 165, 179
908612.3.peg.246.site.17, 108, 159, 267
908612.3.peg.246.site.18, 8, 178, 186
908612.3.peg.246.site.19, 1, 180, 181
908612.3.peg.246.site.20, 1, 179, 180
908612.3.peg.246.site.21, 4, 180, 184
908612.3.peg.246.site.22, 13, 156, 169
908612.3.peg.246.site.23, 13, 160, 173
908612.3.peg.246.site.24, 80, 160, 240
908612.3.peg.246.site.25, 63, 172, 235
908612.3.peg.246.site.26, 51, 175, 226
908612.3.peg.246.site.27, 1, 179, 180
908612.3.peg.246.site.28, 0, 178, 178
908612.3.peg.246.site.29, 3, 180, 183
908612.3.peg.246.site.30, 0, 179, 179
908612.3.peg.246.site.31, 87, 174, 261
908612.3.peg.246.site.32, 23, 177, 200
908612.3.peg.246.site.33, 83, 177, 260
908612.3.peg.244.site.1, 42, 166, 208
908612.3.peg.244.site.2, 28, 177, 205
908612.3.peg.244.site.3, 25, 177, 202
908612.3.peg.244.site.4, 2, 170, 172
908612.3.peg.244.site.5, 14, 142, 156
908612.3.peg.244.site.6, 37, 140, 177
908612.3.peg.244.site.7, 13, 150, 163
908612.3.peg.244.site.8, 17, 179, 196
908612.3.peg.244.site.9, 29, 177, 206
908612.3.peg.244.site.10, 29, 177, 206
908612.3.peg.244.site.11, 57, 178, 235
908612.3.peg.244.site.12, 30, 177, 207
908612.3.peg.244.site.13, 0, 179, 179
908612.3.peg.244.site.14, 0, 179, 179
908612.3.peg.243.site.1, 2, 62, 64
908612.3.peg.243.site.2, 130, 169, 299
908612.3.peg.243.site.3, 0, 177, 177
908612.3.peg.243.site.4, 136, 170, 306
908612.3.peg.243.site.5, 102, 171, 273
908612.3.peg.243.site.6, 6, 178, 184
908612.3.peg.243.site.7, 3, 177, 180
908612.3.peg.243.site.8, 29, 178, 207
908612.3.peg.243.site.9, 30, 178, 208
908612.3.peg.243.site.10, 21, 176, 197
908612.3.peg.243.site.11, 4, 180, 184
908612.3.peg.243.site.12, 2, 180, 182
908612.3.peg.242.site.1, 65, 166, 231
908612.3.peg.242.site.2, 11, 173, 184
908612.3.peg.242.site.3, 74, 174, 248
908612.3.peg.242.site.4, 76, 176, 252
908612.3.peg.242.site.5, 58, 178, 236
908612.3.peg.242.site.6, 3, 178, 181
908612.3.peg.242.site.7, 85, 169, 254
908612.3.peg.242.site.8, 28, 167, 195
908612.3.peg.242.site.9, 26, 166, 192
908612.3.peg.242.site.10, 18, 178, 196
908612.3.peg.242.site.11, 48, 173, 221
908612.3.peg.242.site.12, 50, 175, 225
908612.3.peg.242.site.13, 1, 179, 180
908612.3.peg.242.site.14, 3, 177, 180
908612.3.peg.242.site.15, 47, 173, 220
908612.3.peg.242.site.16, 19, 170, 189
908612.3.peg.242.site.17, 109, 171, 280
908612.3.peg.242.site.18, 16, 175, 191
908612.3.peg.242.site.19, 0, 178, 178
908612.3.peg.242.site.20, 47, 177, 224
908612.3.peg.242.site.21, 5, 180, 185
908612.3.peg.242.site.22, 0, 157, 157
908612.3.peg.242.site.23, 5, 156, 161
908612.3.peg.242.site.24, 4, 155, 159
908612.3.peg.242.site.25, 6, 152, 158
908612.3.peg.242.site.26, 0, 77, 77
908612.3.peg.242.site.27, 5, 143, 148
908612.3.peg.242.site.28, 107, 141, 248
908612.3.peg.242.site.29, 0, 144, 144
908612.3.peg.242.site.30, 3, 147, 150
908612.3.peg.242.site.31, 0, 143, 143
908612.3.peg.242.site.32, 3, 141, 144
908612.3.peg.242.site.33, 5, 144, 149
908612.3.peg.242.site.34, 21, 150, 171
908612.3.peg.242.site.35, 51, 175, 226
908612.3.peg.242.site.36, 0, 179, 179
908612.3.peg.242.site.37, 104, 175, 279
908612.3.peg.242.site.38, 0, 173, 173
908612.3.peg.242.site.39, 0, 175, 175
908612.3.peg.242.site.40, 1, 173, 174
908612.3.peg.242.site.41, 30, 173, 203
908612.3.peg.242.site.42, 9, 172, 181
908612.3.peg.242.site.43, 2, 176, 178
908612.3.peg.242.site.44, 135, 173, 308
908612.3.peg.242.site.45, 1, 168, 169
908612.3.peg.242.site.46, 67, 139, 206
908612.3.peg.242.site.47, 3, 153, 156
908612.3.peg.242.site.48, 7, 162, 169
908612.3.peg.242.site.49, 2, 164, 166
908612.3.peg.242.site.50, 27, 167, 194
908612.3.peg.242.site.51, 2, 173, 175
908612.3.peg.242.site.52, 121, 171, 292
908612.3.peg.242.site.53, 1, 172, 173
908612.3.peg.242.site.54, 140, 178, 318
908612.3.peg.242.site.55, 16, 50, 66
908612.3.peg.242.site.56, 14, 48, 62
908612.3.peg.241.site.1, 0, 177, 177
908612.3.peg.241.site.2, 29, 170, 199
908612.3.peg.241.site.3, 1, 173, 174
908612.3.peg.241.site.4, 32, 175, 207
908612.3.peg.241.site.5, 104, 174, 278
908612.3.peg.241.site.6, 3, 177, 180
908612.3.peg.241.site.7, 1, 171, 172
908612.3.peg.241.site.8, 1, 176, 177
908612.3.peg.241.site.9, 4, 178, 182
908612.3.peg.241.site.10, 103, 169, 272
908612.3.peg.241.site.11, 0, 174, 174
908612.3.peg.241.site.12, 18, 176, 194
908612.3.peg.241.site.13, 6, 178, 184
908612.3.peg.241.site.14, 1, 178, 179
908612.3.peg.241.site.15, 6, 178, 184
908612.3.peg.241.site.16, 0, 178, 178
908612.3.peg.241.site.17, 5, 168, 173
908612.3.peg.241.site.18, 0, 165, 165
908612.3.peg.241.site.19, 1, 175, 176
908612.3.peg.241.site.20, 26, 168, 194
908612.3.peg.241.site.21, 1, 148, 149
908612.3.peg.241.site.22, 29, 165, 194
908612.3.peg.241.site.23, 29, 167, 196
908612.3.peg.241.site.24, 0, 178, 178
908612.3.peg.241.site.25, 1, 180, 181
908612.3.peg.241.site.26, 7, 180, 187
908612.3.peg.241.site.27, 8, 179, 187
908612.3.peg.241.site.28, 61, 177, 238
908612.3.peg.241.site.29, 3, 180, 183
908612.3.peg.241.site.30, 5, 179, 184
908612.3.peg.241.site.31, 12, 179, 191
908612.3.peg.241.site.32, 6, 180, 186
908612.3.peg.241.site.33, 107, 176, 283
908612.3.peg.241.site.34, 32, 176, 208
908612.3.peg.241.site.35, 0, 180, 180
908612.3.peg.241.site.36, 2, 179, 181
908612.3.peg.241.site.37, 4, 180, 184
908612.3.peg.241.site.38, 66, 172, 238
908612.3.peg.241.site.39, 28, 177, 205
908612.3.peg.240.site.1, 5, 125, 130
908612.3.peg.240.site.2, 20, 127, 147
908612.3.peg.240.site.3, 31, 149, 180
908612.3.peg.240.site.4, 0, 174, 174
908612.3.peg.240.site.5, 1, 170, 171
908612.3.peg.240.site.6, 4, 174, 178
908612.3.peg.240.site.7, 0, 174, 174
908612.3.peg.240.site.8, 16, 168, 184
908612.3.peg.240.site.9, 62, 168, 230
908612.3.peg.240.site.10, 43, 166, 209
908612.3.peg.240.site.11, 5, 175, 180
908612.3.peg.240.site.12, 2, 173, 175
908612.3.peg.240.site.13, 98, 173, 271
908612.3.peg.240.site.14, 31, 173, 204
908612.3.peg.240.site.15, 3, 180, 183
908612.3.peg.240.site.16, 0, 179, 179
908612.3.peg.308.site.1, 6, 179, 185
908612.3.peg.308.site.2, 6, 179, 185
908612.3.peg.308.site.3, 6, 178, 184
908612.3.peg.308.site.4, 0, 177, 177
908612.3.peg.308.site.5, 26, 179, 205
908612.3.peg.308.site.6, 6, 180, 186
908612.3.peg.308.site.7, 38, 180, 218
908612.3.peg.308.site.8, 42, 180, 222
908612.3.peg.308.site.9, 0, 176, 176
908612.3.peg.308.site.10, 4, 179, 183
908612.3.peg.308.site.11, 0, 178, 178
908612.3.peg.309.site.1, 0, 180, 180
908612.3.peg.309.site.2, 0, 180, 180
908612.3.peg.309.site.3, 2, 180, 182
908612.3.peg.309.site.4, 0, 180, 180
908612.3.peg.309.site.5, 11, 178, 189
908612.3.peg.309.site.6, 7, 158, 165
908612.3.peg.309.site.7, 9, 159, 168
908612.3.peg.309.site.8, 3, 139, 142
908612.3.peg.309.site.9, 6, 161, 167
908612.3.peg.309.site.10, 0, 157, 157
908612.3.peg.309.site.11, 4, 159, 163
908612.3.peg.309.site.12, 39, 146, 185
908612.3.peg.309.site.13, 3, 143, 146
908612.3.peg.309.site.14, 8, 167, 175
908612.3.peg.309.site.15, 35, 176, 211
908612.3.peg.309.site.16, 8, 178, 186
908612.3.peg.309.site.17, 11, 178, 189
908612.3.peg.309.site.18, 9, 177, 186
908612.3.peg.309.site.19, 5, 177, 182
908612.3.peg.309.site.20, 0, 179, 179
908612.3.peg.309.site.21, 23, 178, 201
908612.3.peg.309.site.22, 0, 180, 180
908612.3.peg.309.site.23, 0, 177, 177
908612.3.peg.309.site.24, 1, 173, 174
908612.3.peg.309.site.25, 0, 179, 179
908612.3.peg.309.site.26, 0, 179, 179
908612.3.peg.309.site.27, 0, 179, 179
908612.3.peg.309.site.28, 0, 179, 179
908612.3.peg.309.site.29, 3, 180, 183
908612.3.peg.309.site.30, 33, 179, 212
908612.3.peg.309.site.31, 1, 177, 178
908612.3.peg.309.site.32, 3, 177, 180
908612.3.peg.309.site.33, 26, 178, 204
908612.3.peg.309.site.34, 4, 177, 181
908612.3.peg.309.site.35, 1, 177, 178
908612.3.peg.302.site.1, 3, 175, 178
908612.3.peg.302.site.2, 41, 177, 218
908612.3.peg.302.site.3, 0, 156, 156
908612.3.peg.302.site.4, 6, 149, 155
908612.3.peg.302.site.5, 7, 170, 177
908612.3.peg.302.site.6, 28, 176, 204
908612.3.peg.302.site.7, 1, 177, 178
908612.3.peg.302.site.8, 7, 170, 177
908612.3.peg.302.site.9, 38, 167, 205
908612.3.peg.302.site.10, 6, 167, 173
908612.3.peg.302.site.11, 29, 177, 206
908612.3.peg.302.site.12, 42, 172, 214
908612.3.peg.302.site.13, 2, 179, 181
908612.3.peg.302.site.14, 2, 179, 181
908612.3.peg.302.site.15, 1, 179, 180
908612.3.peg.302.site.16, 108, 177, 285
908612.3.peg.302.site.17, 1, 179, 180
908612.3.peg.303.site.1, 1, 180, 181
908612.3.peg.303.site.2, 0, 180, 180
908612.3.peg.303.site.3, 127, 175, 302
908612.3.peg.303.site.4, 2, 179, 181
908612.3.peg.303.site.5, 104, 175, 279
908612.3.peg.303.site.6, 26, 175, 201
908612.3.peg.303.site.7, 48, 172, 220
908612.3.peg.303.site.8, 2, 178, 180
908612.3.peg.303.site.9, 3, 178, 181
908612.3.peg.303.site.10, 52, 172, 224
908612.3.peg.303.site.11, 29, 154, 183
908612.3.peg.303.site.12, 1, 155, 156
908612.3.peg.303.site.13, 0, 177, 177
908612.3.peg.303.site.14, 12, 170, 182
908612.3.peg.303.site.15, 34, 168, 202
908612.3.peg.303.site.16, 0, 173, 173
908612.3.peg.303.site.17, 8, 180, 188
908612.3.peg.303.site.18, 2, 180, 182
908612.3.peg.303.site.19, 58, 175, 233
908612.3.peg.303.site.20, 1, 175, 176
908612.3.peg.303.site.21, 46, 173, 219
908612.3.peg.303.site.22, 1, 174, 175
908612.3.peg.303.site.23, 45, 172, 217
908612.3.peg.303.site.24, 32, 173, 205
908612.3.peg.303.site.25, 47, 172, 219
908612.3.peg.303.site.26, 1, 179, 180
908612.3.peg.303.site.27, 0, 179, 179
908612.3.peg.303.site.28, 0, 180, 180
908612.3.peg.303.site.29, 89, 170, 259
908612.3.peg.303.site.30, 87, 170, 257
908612.3.peg.303.site.31, 2, 175, 177
908612.3.peg.303.site.32, 0, 168, 168
908612.3.peg.303.site.33, 2, 163, 165
908612.3.peg.303.site.34, 2, 163, 165
908612.3.peg.303.site.35, 1, 120, 121
908612.3.peg.303.site.36, 49, 135, 184
908612.3.peg.303.site.37, 23, 142, 165
908612.3.peg.303.site.38, 3, 170, 173
908612.3.peg.303.site.39, 11, 164, 175
908612.3.peg.303.site.40, 4, 143, 147
908612.3.peg.303.site.41, 61, 132, 193
908612.3.peg.303.site.42, 55, 121, 176
908612.3.peg.303.site.43, 5, 138, 143
908612.3.peg.303.site.44, 1, 138, 139
908612.3.peg.303.site.45, 1, 141, 142
908612.3.peg.303.site.46, 8, 151, 159
908612.3.peg.303.site.47, 0, 112, 112
908612.3.peg.303.site.48, 5, 94, 99
908612.3.peg.303.site.49, 0, 95, 95
908612.3.peg.303.site.50, 4, 60, 64
908612.3.peg.303.site.51, 5, 66, 71
908612.3.peg.300.site.1, 8, 180, 188
908612.3.peg.300.site.2, 0, 180, 180
908612.3.peg.300.site.3, 61, 174, 235
908612.3.peg.300.site.4, 50, 171, 221
908612.3.peg.300.site.5, 69, 172, 241
908612.3.peg.300.site.6, 34, 176, 210
908612.3.peg.300.site.7, 3, 180, 183
908612.3.peg.300.site.8, 0, 179, 179
908612.3.peg.300.site.9, 37, 179, 216
908612.3.peg.300.site.10, 1, 180, 181
908612.3.peg.300.site.11, 53, 171, 224
908612.3.peg.300.site.12, 3, 175, 178
908612.3.peg.300.site.13, 15, 178, 193
908612.3.peg.300.site.14, 57, 176, 233
908612.3.peg.300.site.15, 55, 166, 221
908612.3.peg.300.site.16, 45, 160, 205
908612.3.peg.300.site.17, 5, 179, 184
908612.3.peg.300.site.18, 4, 177, 181
908612.3.peg.300.site.19, 1, 170, 171
908612.3.peg.300.site.20, 36, 163, 199
908612.3.peg.300.site.21, 7, 153, 160
908612.3.peg.300.site.22, 9, 155, 164
908612.3.peg.300.site.23, 3, 179, 182
908612.3.peg.300.site.24, 11, 179, 190
908612.3.peg.300.site.25, 4, 180, 184
908612.3.peg.300.site.26, 0, 179, 179
908612.3.peg.300.site.27, 2, 180, 182
908612.3.peg.300.site.28, 5, 180, 185
908612.3.peg.300.site.29, 30, 178, 208
908612.3.peg.300.site.30, 5, 178, 183
908612.3.peg.300.site.31, 0, 180, 180
908612.3.peg.300.site.32, 5, 180, 185
908612.3.peg.300.site.33, 0, 175, 175
908612.3.peg.300.site.34, 5, 176, 181
908612.3.peg.300.site.35, 92, 176, 268
908612.3.peg.300.site.36, 0, 175, 175
908612.3.peg.300.site.37, 10, 141, 151
908612.3.peg.300.site.38, 0, 159, 159
908612.3.peg.300.site.39, 16, 175, 191
908612.3.peg.300.site.40, 0, 174, 174
908612.3.peg.300.site.41, 5, 143, 148
908612.3.peg.300.site.42, 17, 145, 162
908612.3.peg.300.site.43, 17, 144, 161
908612.3.peg.300.site.44, 1, 151, 152
908612.3.peg.300.site.45, 1, 151, 152
908612.3.peg.300.site.46, 1, 159, 160
908612.3.peg.300.site.47, 1, 161, 162
908612.3.peg.300.site.48, 14, 165, 179
908612.3.peg.300.site.49, 2, 163, 165
908612.3.peg.300.site.50, 36, 159, 195
908612.3.peg.300.site.51, 1, 140, 141
908612.3.peg.300.site.52, 4, 149, 153
908612.3.peg.300.site.53, 1, 146, 147
908612.3.peg.300.site.54, 6, 160, 166
908612.3.peg.300.site.55, 5, 162, 167
908612.3.peg.300.site.56, 21, 151, 172
908612.3.peg.300.site.57, 14, 155, 169
908612.3.peg.300.site.58, 11, 161, 172
908612.3.peg.300.site.59, 11, 171, 182
908612.3.peg.300.site.60, 19, 168, 187
908612.3.peg.300.site.61, 3, 170, 173
908612.3.peg.300.site.62, 1, 170, 171
908612.3.peg.300.site.63, 47, 160, 207
908612.3.peg.300.site.64, 41, 173, 214
908612.3.peg.300.site.65, 10, 172, 182
908612.3.peg.300.site.66, 27, 165, 192
908612.3.peg.300.site.67, 17, 156, 173
908612.3.peg.300.site.68, 19, 136, 155
908612.3.peg.300.site.69, 0, 117, 117
908612.3.peg.300.site.70, 1, 116, 117
908612.3.peg.300.site.71, 2, 138, 140
908612.3.peg.301.site.1, 0, 137, 137
908612.3.peg.301.site.2, 0, 150, 150
908612.3.peg.301.site.3, 101, 155, 256
908612.3.peg.301.site.4, 5, 156, 161
908612.3.peg.301.site.5, 2, 168, 170
908612.3.peg.301.site.6, 49, 171, 220
908612.3.peg.301.site.7, 0, 169, 169
908612.3.peg.301.site.8, 47, 162, 209
908612.3.peg.301.site.9, 79, 166, 245
908612.3.peg.301.site.10, 3, 172, 175
908612.3.peg.301.site.11, 4, 169, 173
908612.3.peg.301.site.12, 25, 168, 193
908612.3.peg.301.site.13, 27, 171, 198
908612.3.peg.301.site.14, 29, 174, 203
908612.3.peg.301.site.15, 1, 165, 166
908612.3.peg.301.site.16, 32, 164, 196
908612.3.peg.301.site.17, 47, 168, 215
908612.3.peg.301.site.18, 3, 178, 181
908612.3.peg.301.site.19, 10, 121, 131
908612.3.peg.301.site.20, 2, 157, 159
908612.3.peg.301.site.21, 33, 159, 192
908612.3.peg.301.site.22, 76, 172, 248
908612.3.peg.301.site.23, 7, 177, 184
908612.3.peg.301.site.24, 2, 176, 178
908612.3.peg.301.site.25, 68, 171, 239
908612.3.peg.301.site.26, 2, 179, 181
908612.3.peg.301.site.27, 22, 177, 199
908612.3.peg.301.site.28, 34, 178, 212
908612.3.peg.301.site.29, 29, 177, 206
908612.3.peg.301.site.30, 2, 179, 181
908612.3.peg.301.site.31, 85, 179, 264
908612.3.peg.301.site.32, 14, 179, 193
908612.3.peg.301.site.33, 2, 179, 181
908612.3.peg.301.site.34, 25, 143, 168
908612.3.peg.301.site.35, 24, 133, 157
908612.3.peg.301.site.36, 24, 99, 123
908612.3.peg.301.site.37, 5, 89, 94
908612.3.peg.301.site.38, 2, 86, 88
908612.3.peg.301.site.39, 19, 114, 133
908612.3.peg.306.site.1, 0, 180, 180
908612.3.peg.306.site.2, 4, 180, 184
908612.3.peg.306.site.3, 0, 177, 177
908612.3.peg.306.site.4, 3, 149, 152
908612.3.peg.306.site.5, 23, 178, 201
908612.3.peg.306.site.6, 4, 179, 183
908612.3.peg.306.site.7, 8, 177, 185
908612.3.peg.306.site.8, 24, 173, 197
908612.3.peg.306.site.9, 0, 178, 178
908612.3.peg.306.site.10, 10, 179, 189
908612.3.peg.306.site.11, 8, 175, 183
908612.3.peg.306.site.12, 39, 178, 217
908612.3.peg.306.site.13, 0, 180, 180
908612.3.peg.307.site.1, 2, 180, 182
908612.3.peg.307.site.2, 3, 180, 183
908612.3.peg.307.site.3, 152, 178, 330
908612.3.peg.307.site.4, 1, 180, 181
908612.3.peg.307.site.5, 6, 180, 186
908612.3.peg.307.site.6, 0, 179, 179
908612.3.peg.307.site.7, 0, 179, 179
908612.3.peg.307.site.8, 4, 179, 183
908612.3.peg.307.site.9, 3, 180, 183
908612.3.peg.307.site.10, 61, 179, 240
908612.3.peg.307.site.11, 3, 180, 183
908612.3.peg.307.site.12, 4, 179, 183
908612.3.peg.307.site.13, 2, 179, 181
908612.3.peg.307.site.14, 0, 168, 168
908612.3.peg.307.site.15, 4, 179, 183
908612.3.peg.307.site.16, 0, 178, 178
908612.3.peg.307.site.17, 9, 177, 186
908612.3.peg.307.site.18, 75, 177, 252
908612.3.peg.307.site.19, 17, 177, 194
908612.3.peg.307.site.20, 4, 179, 183
908612.3.peg.307.site.21, 2, 180, 182
908612.3.peg.307.site.22, 0, 180, 180
908612.3.peg.307.site.23, 17, 179, 196
908612.3.peg.307.site.24, 4, 180, 184
908612.3.peg.304.site.1, 3, 76, 79
908612.3.peg.304.site.2, 15, 165, 180
908612.3.peg.304.site.3, 16, 165, 181
908612.3.peg.304.site.4, 13, 168, 181
908612.3.peg.304.site.5, 4, 179, 183
908612.3.peg.304.site.6, 0, 175, 175
908612.3.peg.304.site.7, 4, 180, 184
908612.3.peg.304.site.8, 5, 180, 185
908612.3.peg.304.site.9, 2, 177, 179
908612.3.peg.304.site.10, 0, 178, 178
908612.3.peg.304.site.11, 22, 177, 199
908612.3.peg.304.site.12, 2, 180, 182
908612.3.peg.304.site.13, 6, 180, 186
908612.3.peg.305.site.1, 79, 159, 238
908612.3.peg.305.site.2, 20, 178, 198
908612.3.peg.305.site.3, 135, 176, 311
908612.3.peg.305.site.4, 1, 180, 181
908612.3.peg.305.site.5, 45, 177, 222
908612.3.peg.305.site.6, 20, 178, 198
908612.3.peg.305.site.7, 2, 179, 181
908612.3.peg.305.site.8, 151, 178, 329
908612.3.peg.305.site.9, 128, 174, 302
908612.3.peg.305.site.10, 127, 173, 300
908612.3.peg.305.site.11, 3, 179, 182
908612.3.peg.305.site.12, 17, 177, 194
908612.3.peg.305.site.13, 7, 180, 187
908612.3.peg.305.site.14, 6, 180, 186
908612.3.peg.305.site.15, 2, 180, 182
908612.3.peg.1739.site.1, 5, 180, 185
908612.3.peg.1739.site.2, 2, 179, 181
908612.3.peg.1739.site.3, 29, 141, 170
908612.3.peg.1739.site.4, 111, 173, 284
908612.3.peg.1739.site.5, 18, 172, 190
908612.3.peg.1739.site.6, 18, 172, 190
908612.3.peg.1739.site.7, 10, 179, 189
908612.3.peg.1739.site.8, 2, 178, 180
908612.3.peg.1739.site.9, 113, 178, 291
908612.3.peg.1739.site.10, 7, 179, 186
908612.3.peg.1739.site.11, 33, 178, 211
908612.3.peg.1739.site.12, 1, 180, 181
908612.3.peg.1739.site.13, 0, 180, 180
908612.3.peg.1739.site.14, 43, 178, 221
908612.3.peg.1739.site.15, 0, 179, 179
908612.3.peg.1739.site.16, 33, 176, 209
908612.3.peg.1739.site.17, 113, 177, 290
908612.3.peg.1739.site.18, 1, 180, 181
908612.3.peg.1738.site.1, 3, 180, 183
908612.3.peg.1738.site.2, 16, 179, 195
908612.3.peg.1738.site.3, 1, 179, 180
908612.3.peg.1738.site.4, 79, 175, 254
908612.3.peg.1738.site.5, 2, 179, 181
908612.3.peg.1738.site.6, 6, 178, 184
908612.3.peg.1738.site.7, 67, 176, 243
908612.3.peg.1738.site.8, 2, 178, 180
908612.3.peg.1738.site.9, 0, 156, 156
908612.3.peg.1738.site.10, 53, 151, 204
908612.3.peg.1738.site.11, 1, 145, 146
908612.3.peg.1738.site.12, 6, 141, 147
908612.3.peg.1738.site.13, 0, 144, 144
908612.3.peg.1738.site.14, 2, 128, 130
908612.3.peg.1738.site.15, 10, 111, 121
908612.3.peg.1738.site.16, 69, 100, 169
908612.3.peg.1738.site.17, 9, 156, 165
908612.3.peg.1738.site.18, 108, 163, 271
908612.3.peg.1738.site.19, 21, 177, 198
908612.3.peg.1738.site.20, 38, 177, 215
908612.3.peg.1738.site.21, 111, 178, 289
908612.3.peg.1738.site.22, 78, 138, 216
908612.3.peg.1738.site.23, 94, 153, 247
908612.3.peg.1738.site.24, 1, 157, 158
908612.3.peg.1738.site.25, 2, 173, 175
908612.3.peg.1738.site.26, 149, 178, 327
908612.3.peg.1738.site.27, 2, 179, 181
908612.3.peg.59.site.1, 1, 179, 180
908612.3.peg.58.site.1, 97, 156, 253
908612.3.peg.58.site.2, 87, 156, 243
908612.3.peg.58.site.3, 98, 156, 254
908612.3.peg.58.site.4, 2, 151, 153
908612.3.peg.58.site.5, 2, 157, 159
908612.3.peg.58.site.6, 19, 157, 176
908612.3.peg.58.site.7, 4, 163, 167
908612.3.peg.58.site.8, 8, 167, 175
908612.3.peg.58.site.9, 87, 136, 223
908612.3.peg.58.site.10, 27, 105, 132
908612.3.peg.58.site.11, 20, 95, 115
908612.3.peg.58.site.12, 1, 155, 156
908612.3.peg.58.site.13, 0, 156, 156
908612.3.peg.58.site.14, 11, 151, 162
908612.3.peg.58.site.15, 12, 162, 174
908612.3.peg.58.site.16, 16, 165, 181
908612.3.peg.58.site.17, 20, 169, 189
908612.3.peg.58.site.18, 25, 175, 200
908612.3.peg.58.site.19, 4, 179, 183
908612.3.peg.58.site.20, 10, 179, 189
908612.3.peg.58.site.21, 2, 179, 181
908612.3.peg.58.site.22, 34, 180, 214
908612.3.peg.58.site.23, 0, 179, 179
908612.3.peg.58.site.24, 1, 180, 181
908612.3.peg.58.site.25, 0, 180, 180
908612.3.peg.58.site.26, 32, 179, 211
908612.3.peg.58.site.27, 8, 178, 186
908612.3.peg.58.site.28, 0, 180, 180
908612.3.peg.58.site.29, 4, 180, 184
908612.3.peg.58.site.30, 32, 177, 209
908612.3.peg.58.site.31, 0, 177, 177
908612.3.peg.58.site.32, 0, 177, 177
908612.3.peg.58.site.33, 16, 169, 185
908612.3.peg.58.site.34, 0, 116, 116
908612.3.peg.58.site.35, 1, 65, 66
908612.3.peg.58.site.36, 80, 141, 221
908612.3.peg.58.site.37, 120, 164, 284
908612.3.peg.58.site.38, 0, 180, 180
908612.3.peg.58.site.39, 35, 139, 174
908612.3.peg.58.site.40, 58, 150, 208
908612.3.peg.58.site.41, 16, 146, 162
908612.3.peg.58.site.42, 5, 136, 141
908612.3.peg.58.site.43, 2, 132, 134
908612.3.peg.58.site.44, 0, 141, 141
908612.3.peg.58.site.45, 0, 172, 172
908612.3.peg.58.site.46, 0, 173, 173
908612.3.peg.58.site.47, 0, 166, 166
908612.3.peg.58.site.48, 0, 179, 179
908612.3.peg.58.site.49, 2, 180, 182
908612.3.peg.58.site.50, 2, 179, 181
908612.3.peg.58.site.51, 2, 179, 181
908612.3.peg.58.site.52, 48, 137, 185
908612.3.peg.58.site.53, 2, 135, 137
908612.3.peg.58.site.54, 48, 140, 188
908612.3.peg.58.site.55, 2, 178, 180
908612.3.peg.58.site.56, 4, 176, 180
908612.3.peg.58.site.57, 12, 170, 182
908612.3.peg.58.site.58, 15, 130, 145
908612.3.peg.58.site.59, 28, 163, 191
908612.3.peg.58.site.60, 38, 161, 199
908612.3.peg.58.site.61, 43, 160, 203
908612.3.peg.58.site.62, 14, 134, 148
908612.3.peg.58.site.63, 59, 163, 222
908612.3.peg.58.site.64, 9, 173, 182
908612.3.peg.58.site.65, 4, 177, 181
908612.3.peg.58.site.66, 38, 174, 212
908612.3.peg.58.site.67, 0, 177, 177
908612.3.peg.53.site.1, 21, 178, 199
908612.3.peg.53.site.2, 57, 173, 230
908612.3.peg.53.site.3, 81, 176, 257
908612.3.peg.53.site.4, 2, 180, 182
908612.3.peg.53.site.5, 125, 173, 298
908612.3.peg.53.site.6, 148, 176, 324
908612.3.peg.53.site.7, 124, 174, 298
908612.3.peg.53.site.8, 0, 178, 178
908612.3.peg.53.site.9, 6, 179, 185
908612.3.peg.53.site.10, 8, 180, 188
908612.3.peg.53.site.11, 2, 180, 182
908612.3.peg.53.site.12, 8, 179, 187
908612.3.peg.53.site.13, 150, 179, 329
908612.3.peg.53.site.14, 35, 176, 211
908612.3.peg.53.site.15, 2, 179, 181
908612.3.peg.53.site.16, 10, 177, 187
908612.3.peg.53.site.17, 14, 175, 189
908612.3.peg.53.site.18, 7, 175, 182
908612.3.peg.53.site.19, 8, 177, 185
908612.3.peg.53.site.20, 37, 164, 201
908612.3.peg.53.site.21, 2, 168, 170
908612.3.peg.53.site.22, 2, 165, 167
908612.3.peg.53.site.23, 3, 153, 156
908612.3.peg.53.site.24, 1, 170, 171
908612.3.peg.53.site.25, 12, 152, 164
908612.3.peg.53.site.26, 118, 152, 270
908612.3.peg.53.site.27, 14, 150, 164
908612.3.peg.53.site.28, 32, 155, 187
908612.3.peg.53.site.29, 23, 160, 183
908612.3.peg.53.site.30, 31, 168, 199
908612.3.peg.53.site.31, 11, 178, 189
908612.3.peg.53.site.32, 2, 179, 181
908612.3.peg.53.site.33, 105, 179, 284
908612.3.peg.53.site.34, 3, 179, 182
908612.3.peg.53.site.35, 40, 179, 219
908612.3.peg.53.site.36, 3, 179, 182
908612.3.peg.53.site.37, 31, 180, 211
908612.3.peg.53.site.38, 4, 180, 184
908612.3.peg.53.site.39, 12, 180, 192
908612.3.peg.53.site.40, 102, 178, 280
908612.3.peg.53.site.41, 3, 177, 180
908612.3.peg.53.site.42, 105, 176, 281
908612.3.peg.53.site.43, 4, 180, 184
908612.3.peg.53.site.44, 105, 176, 281
908612.3.peg.53.site.45, 43, 178, 221
908612.3.peg.53.site.46, 40, 174, 214
908612.3.peg.53.site.47, 43, 177, 220
908612.3.peg.52.site.1, 0, 180, 180
908612.3.peg.52.site.2, 1, 179, 180
908612.3.peg.52.site.3, 3, 179, 182
908612.3.peg.52.site.4, 21, 176, 197
908612.3.peg.52.site.5, 0, 180, 180
908612.3.peg.51.site.1, 13, 177, 190
908612.3.peg.51.site.2, 0, 179, 179
908612.3.peg.51.site.3, 0, 178, 178
908612.3.peg.51.site.4, 2, 179, 181
908612.3.peg.51.site.5, 0, 177, 177
908612.3.peg.51.site.6, 0, 180, 180
908612.3.peg.51.site.7, 0, 179, 179
908612.3.peg.51.site.8, 15, 179, 194
908612.3.peg.50.site.1, 0, 180, 180
908612.3.peg.50.site.2, 0, 179, 179
908612.3.peg.50.site.3, 86, 168, 254
908612.3.peg.50.site.4, 0, 179, 179
908612.3.peg.50.site.5, 2, 180, 182
908612.3.peg.50.site.6, 22, 177, 199
908612.3.peg.50.site.7, 93, 178, 271
908612.3.peg.50.site.8, 107, 179, 286
908612.3.peg.50.site.9, 125, 169, 294
908612.3.peg.50.site.10, 1, 170, 171
908612.3.peg.50.site.11, 15, 180, 195
908612.3.peg.50.site.12, 10, 178, 188
908612.3.peg.50.site.13, 131, 177, 308
908612.3.peg.50.site.14, 85, 177, 262
908612.3.peg.50.site.15, 3, 180, 183
908612.3.peg.50.site.16, 4, 180, 184
908612.3.peg.50.site.17, 5, 180, 185
908612.3.peg.50.site.18, 0, 176, 176
908612.3.peg.50.site.19, 5, 180, 185
908612.3.peg.50.site.20, 0, 175, 175
908612.3.peg.50.site.21, 0, 176, 176
908612.3.peg.50.site.22, 0, 176, 176
908612.3.peg.56.site.1, 0, 178, 178
908612.3.peg.56.site.2, 26, 178, 204
908612.3.peg.56.site.3, 0, 180, 180
908612.3.peg.56.site.4, 0, 179, 179
908612.3.peg.56.site.5, 28, 178, 206
908612.3.peg.56.site.6, 140, 179, 319
908612.3.peg.56.site.7, 87, 175, 262
908612.3.peg.56.site.8, 88, 176, 264
908612.3.peg.56.site.9, 0, 180, 180
908612.3.peg.56.site.10, 35, 173, 208
908612.3.peg.56.site.11, 0, 178, 178
908612.3.peg.56.site.12, 70, 175, 245
908612.3.peg.56.site.13, 11, 179, 190
908612.3.peg.56.site.14, 0, 180, 180
908612.3.peg.56.site.15, 85, 172, 257
908612.3.peg.56.site.16, 60, 172, 232
908612.3.peg.56.site.17, 150, 179, 329
908612.3.peg.56.site.18, 4, 179, 183
908612.3.peg.56.site.19, 0, 176, 176
908612.3.peg.56.site.20, 3, 179, 182
908612.3.peg.56.site.21, 21, 180, 201
908612.3.peg.56.site.22, 8, 135, 143
908612.3.peg.56.site.23, 1, 152, 153
908612.3.peg.56.site.24, 24, 169, 193
908612.3.peg.56.site.25, 2, 177, 179
908612.3.peg.56.site.26, 29, 176, 205
908612.3.peg.56.site.27, 4, 178, 182
908612.3.peg.56.site.28, 16, 176, 192
908612.3.peg.56.site.29, 17, 175, 192
908612.3.peg.56.site.30, 6, 174, 180
908612.3.peg.56.site.31, 0, 171, 171
908612.3.peg.56.site.32, 126, 172, 298
908612.3.peg.56.site.33, 114, 172, 286
908612.3.peg.56.site.34, 1, 175, 176
908612.3.peg.56.site.35, 130, 176, 306
908612.3.peg.56.site.36, 79, 172, 251
908612.3.peg.55.site.1, 2, 128, 130
908612.3.peg.55.site.2, 100, 125, 225
908612.3.peg.55.site.3, 80, 135, 215
908612.3.peg.55.site.4, 89, 152, 241
908612.3.peg.55.site.5, 9, 174, 183
908612.3.peg.55.site.6, 2, 177, 179
908612.3.peg.55.site.7, 1, 178, 179
908612.3.peg.55.site.8, 2, 172, 174
908612.3.peg.55.site.9, 102, 173, 275
908612.3.peg.55.site.10, 3, 169, 172
908612.3.peg.55.site.11, 37, 156, 193
908612.3.peg.55.site.12, 41, 153, 194
908612.3.peg.55.site.13, 4, 164, 168
908612.3.peg.55.site.14, 2, 168, 170
908612.3.peg.55.site.15, 0, 153, 153
908612.3.peg.55.site.16, 6, 164, 170
908612.3.peg.55.site.17, 29, 172, 201
908612.3.peg.55.site.18, 87, 176, 263
908612.3.peg.54.site.1, 90, 163, 253
908612.3.peg.54.site.2, 3, 174, 177
908612.3.peg.54.site.3, 39, 173, 212
908612.3.peg.54.site.4, 38, 173, 211
908612.3.peg.54.site.5, 37, 173, 210
908612.3.peg.54.site.6, 25, 176, 201
908612.3.peg.54.site.7, 3, 177, 180
908612.3.peg.54.site.8, 4, 179, 183
908612.3.peg.54.site.9, 11, 178, 189
908612.3.peg.54.site.10, 2, 177, 179
908612.3.peg.54.site.11, 2, 178, 180
908612.3.peg.54.site.12, 14, 177, 191
908612.3.peg.54.site.13, 1, 177, 178
908612.3.peg.54.site.14, 102, 174, 276
908612.3.peg.54.site.15, 2, 176, 178
908612.3.peg.54.site.16, 73, 176, 249
908612.3.peg.54.site.17, 1, 178, 179
908612.3.peg.54.site.18, 1, 179, 180
908612.3.peg.54.site.19, 22, 178, 200
908612.3.peg.54.site.20, 1, 179, 180
908612.3.peg.54.site.21, 112, 176, 288
908612.3.peg.54.site.22, 1, 180, 181
908612.3.peg.54.site.23, 143, 179, 322
908612.3.peg.54.site.24, 106, 178, 284
908612.3.peg.54.site.25, 135, 180, 315
908612.3.peg.54.site.26, 30, 180, 210
908612.3.peg.54.site.27, 9, 179, 188
908612.3.peg.54.site.28, 3, 174, 177
908612.3.peg.54.site.29, 54, 176, 230
908612.3.peg.54.site.30, 2, 176, 178
908612.3.peg.54.site.31, 132, 153, 285
908612.3.peg.1467.site.1, 0, 179, 179
908612.3.peg.1467.site.2, 0, 180, 180
908612.3.peg.1467.site.3, 6, 179, 185
908612.3.peg.1467.site.4, 0, 180, 180
908612.3.peg.1467.site.5, 0, 179, 179
908612.3.peg.1466.site.1, 26, 177, 203
908612.3.peg.1466.site.2, 20, 169, 189
908612.3.peg.1466.site.3, 3, 153, 156
908612.3.peg.1466.site.4, 5, 155, 160
908612.3.peg.1466.site.5, 0, 167, 167
908612.3.peg.1466.site.6, 49, 166, 215
908612.3.peg.1466.site.7, 51, 171, 222
908612.3.peg.1466.site.8, 0, 178, 178
908612.3.peg.1466.site.9, 0, 179, 179
908612.3.peg.1466.site.10, 1, 180, 181
908612.3.peg.1466.site.11, 0, 180, 180
908612.3.peg.1466.site.12, 2, 178, 180
908612.3.peg.1466.site.13, 0, 180, 180
908612.3.peg.1466.site.14, 2, 177, 179
908612.3.peg.1466.site.15, 62, 175, 237
908612.3.peg.1466.site.16, 0, 177, 177
908612.3.peg.1466.site.17, 0, 177, 177
908612.3.peg.1466.site.18, 0, 177, 177
908612.3.peg.1466.site.19, 0, 177, 177
908612.3.peg.1466.site.20, 0, 179, 179
908612.3.peg.1466.site.21, 0, 178, 178
908612.3.peg.1465.site.1, 12, 179, 191
908612.3.peg.1465.site.2, 82, 176, 258
908612.3.peg.1465.site.3, 1, 177, 178
908612.3.peg.1465.site.4, 3, 179, 182
908612.3.peg.1465.site.5, 52, 174, 226
908612.3.peg.1465.site.6, 5, 178, 183
908612.3.peg.1465.site.7, 2, 179, 181
908612.3.peg.1465.site.8, 27, 178, 205
908612.3.peg.1465.site.9, 7, 177, 184
908612.3.peg.1465.site.10, 36, 171, 207
908612.3.peg.1465.site.11, 3, 173, 176
908612.3.peg.1465.site.12, 3, 176, 179
908612.3.peg.1465.site.13, 5, 180, 185
908612.3.peg.1465.site.14, 0, 179, 179
908612.3.peg.1465.site.15, 0, 178, 178
908612.3.peg.1465.site.16, 0, 177, 177
908612.3.peg.1465.site.17, 0, 173, 173
908612.3.peg.1469.site.1, 4, 178, 182
908612.3.peg.1513.site.1, 5, 177, 182
908612.3.peg.1513.site.2, 10, 166, 176
908612.3.peg.1513.site.3, 4, 176, 180
908612.3.peg.1513.site.4, 65, 176, 241
908612.3.peg.1513.site.5, 59, 177, 236
908612.3.peg.1513.site.6, 0, 157, 157
908612.3.peg.1513.site.7, 100, 147, 247
908612.3.peg.1513.site.8, 106, 162, 268
908612.3.peg.1513.site.9, 110, 169, 279
908612.3.peg.1513.site.10, 2, 173, 175
908612.3.peg.1513.site.11, 1, 177, 178
908612.3.peg.1513.site.12, 0, 179, 179
908612.3.peg.1513.site.13, 4, 177, 181
908612.3.peg.1513.site.14, 15, 180, 195
908612.3.peg.1513.site.15, 0, 180, 180
908612.3.peg.1513.site.16, 4, 180, 184
908612.3.peg.1513.site.17, 1, 180, 181
908612.3.peg.1513.site.18, 63, 176, 239
908612.3.peg.1513.site.19, 2, 178, 180
908612.3.peg.1513.site.20, 24, 178, 202
908612.3.peg.1512.site.1, 0, 180, 180
908612.3.peg.1512.site.2, 5, 178, 183
908612.3.peg.1512.site.3, 3, 180, 183
908612.3.peg.1512.site.4, 93, 159, 252
908612.3.peg.1512.site.5, 3, 172, 175
908612.3.peg.1512.site.6, 0, 175, 175
908612.3.peg.1512.site.7, 3, 174, 177
908612.3.peg.1512.site.8, 1, 174, 175
908612.3.peg.1512.site.9, 5, 173, 178
908612.3.peg.1512.site.10, 29, 174, 203
908612.3.peg.1512.site.11, 7, 177, 184
908612.3.peg.1512.site.12, 0, 178, 178
908612.3.peg.1512.site.13, 3, 177, 180
908612.3.peg.1512.site.14, 3, 180, 183
908612.3.peg.1512.site.15, 15, 176, 191
908612.3.peg.1512.site.16, 0, 180, 180
908612.3.peg.1512.site.17, 44, 178, 222
908612.3.peg.1512.site.18, 1, 180, 181
908612.3.peg.1511.site.1, 76, 176, 252
908612.3.peg.1511.site.2, 0, 180, 180
908612.3.peg.1510.site.1, 0, 179, 179
908612.3.peg.1510.site.2, 5, 179, 184
908612.3.peg.1510.site.3, 26, 178, 204
908612.3.peg.1510.site.4, 0, 173, 173
908612.3.peg.1510.site.5, 10, 180, 190
908612.3.peg.1510.site.6, 2, 179, 181
908612.3.peg.1510.site.7, 31, 180, 211
908612.3.peg.1510.site.8, 0, 178, 178
908612.3.peg.1510.site.9, 0, 180, 180
908612.3.peg.1510.site.10, 2, 179, 181
908612.3.peg.1510.site.11, 0, 180, 180
908612.3.peg.1510.site.12, 0, 176, 176
908612.3.peg.1510.site.13, 10, 175, 185
908612.3.peg.1510.site.14, 0, 177, 177
908612.3.peg.1510.site.15, 0, 179, 179
908612.3.peg.1510.site.16, 40, 176, 216
908612.3.peg.1510.site.17, 1, 180, 181
908612.3.peg.1510.site.18, 7, 180, 187
908612.3.peg.1510.site.19, 6, 173, 179
908612.3.peg.1510.site.20, 39, 175, 214
908612.3.peg.1510.site.21, 41, 178, 219
908612.3.peg.1510.site.22, 113, 176, 289
908612.3.peg.1510.site.23, 10, 178, 188
908612.3.peg.1510.site.24, 0, 179, 179
908612.3.peg.1510.site.25, 1, 180, 181
908612.3.peg.1510.site.26, 6, 179, 185
908612.3.peg.1510.site.27, 6, 180, 186
908612.3.peg.1510.site.28, 1, 180, 181
908612.3.peg.1510.site.29, 61, 175, 236
908612.3.peg.1510.site.30, 35, 176, 211
908612.3.peg.1510.site.31, 34, 176, 210
908612.3.peg.1510.site.32, 36, 176, 212
908612.3.peg.1510.site.33, 36, 173, 209
908612.3.peg.1510.site.34, 43, 177, 220
908612.3.peg.1510.site.35, 0, 178, 178
908612.3.peg.1510.site.36, 1, 178, 179
908612.3.peg.1510.site.37, 1, 175, 176
908612.3.peg.1510.site.38, 71, 157, 228
908612.3.peg.1510.site.39, 1, 179, 180
908612.3.peg.1510.site.40, 6, 180, 186
908612.3.peg.1517.site.1, 2, 179, 181
908612.3.peg.1517.site.2, 82, 177, 259
908612.3.peg.1517.site.3, 5, 174, 179
908612.3.peg.1517.site.4, 4, 175, 179
908612.3.peg.1517.site.5, 0, 173, 173
908612.3.peg.1517.site.6, 0, 172, 172
908612.3.peg.1517.site.7, 31, 168, 199
908612.3.peg.1517.site.8, 2, 172, 174
908612.3.peg.1517.site.9, 0, 170, 170
908612.3.peg.1517.site.10, 11, 171, 182
908612.3.peg.1517.site.11, 61, 157, 218
908612.3.peg.1517.site.12, 10, 162, 172
908612.3.peg.1517.site.13, 138, 168, 306
908612.3.peg.1517.site.14, 77, 172, 249
908612.3.peg.1517.site.15, 2, 176, 178
908612.3.peg.1517.site.16, 2, 179, 181
908612.3.peg.1517.site.17, 67, 176, 243
908612.3.peg.1517.site.18, 4, 169, 173
908612.3.peg.1517.site.19, 75, 171, 246
908612.3.peg.1517.site.20, 97, 162, 259
908612.3.peg.1517.site.21, 71, 167, 238
908612.3.peg.1517.site.22, 74, 175, 249
908612.3.peg.1517.site.23, 63, 174, 237
908612.3.peg.1517.site.24, 1, 175, 176
908612.3.peg.1517.site.25, 22, 173, 195
908612.3.peg.1517.site.26, 93, 161, 254
908612.3.peg.1517.site.27, 1, 152, 153
908612.3.peg.1517.site.28, 120, 155, 275
908612.3.peg.1517.site.29, 113, 149, 262
908612.3.peg.1517.site.30, 4, 164, 168
908612.3.peg.1517.site.31, 0, 168, 168
908612.3.peg.1517.site.32, 4, 170, 174
908612.3.peg.1517.site.33, 4, 176, 180
908612.3.peg.1517.site.34, 1, 175, 176
908612.3.peg.1517.site.35, 73, 176, 249
908612.3.peg.1517.site.36, 73, 176, 249
908612.3.peg.1517.site.37, 74, 177, 251
908612.3.peg.1516.site.1, 1, 174, 175
908612.3.peg.1516.site.2, 7, 166, 173
908612.3.peg.1516.site.3, 5, 178, 183
908612.3.peg.1516.site.4, 5, 174, 179
908612.3.peg.1516.site.5, 12, 133, 145
908612.3.peg.1516.site.6, 0, 178, 178
908612.3.peg.1516.site.7, 13, 180, 193
908612.3.peg.1516.site.8, 147, 177, 324
908612.3.peg.1516.site.9, 6, 179, 185
908612.3.peg.1516.site.10, 128, 178, 306
908612.3.peg.1516.site.11, 32, 179, 211
908612.3.peg.1516.site.12, 11, 179, 190
908612.3.peg.1516.site.13, 0, 180, 180
908612.3.peg.1516.site.14, 66, 180, 246
908612.3.peg.1515.site.1, 13, 180, 193
908612.3.peg.1515.site.2, 3, 180, 183
908612.3.peg.1515.site.3, 85, 178, 263
908612.3.peg.1515.site.4, 7, 180, 187
908612.3.peg.1515.site.5, 0, 178, 178
908612.3.peg.1515.site.6, 18, 179, 197
908612.3.peg.1515.site.7, 90, 174, 264
908612.3.peg.1515.site.8, 7, 178, 185
908612.3.peg.1515.site.9, 2, 178, 180
908612.3.peg.1515.site.10, 2, 180, 182
908612.3.peg.1515.site.11, 2, 176, 178
908612.3.peg.1515.site.12, 2, 176, 178
908612.3.peg.1515.site.13, 3, 177, 180
908612.3.peg.1515.site.14, 11, 179, 190
908612.3.peg.1515.site.15, 41, 179, 220
908612.3.peg.1515.site.16, 5, 180, 185
908612.3.peg.1514.site.1, 33, 177, 210
908612.3.peg.1514.site.2, 1, 180, 181
908612.3.peg.1514.site.3, 56, 174, 230
908612.3.peg.1514.site.4, 1, 179, 180
908612.3.peg.1514.site.5, 27, 175, 202
908612.3.peg.1514.site.6, 1, 176, 177
908612.3.peg.1514.site.7, 1, 164, 165
908612.3.peg.1514.site.8, 20, 169, 189
908612.3.peg.1514.site.9, 28, 172, 200
908612.3.peg.1514.site.10, 0, 173, 173
908612.3.peg.1514.site.11, 126, 172, 298
908612.3.peg.1514.site.12, 142, 170, 312
908612.3.peg.1514.site.13, 7, 174, 181
908612.3.peg.1514.site.14, 1, 167, 168
908612.3.peg.1514.site.15, 19, 166, 185
908612.3.peg.1514.site.16, 0, 174, 174
908612.3.peg.1514.site.17, 1, 174, 175
908612.3.peg.1514.site.18, 1, 175, 176
908612.3.peg.1514.site.19, 1, 171, 172
908612.3.peg.1514.site.20, 0, 165, 165
908612.3.peg.1514.site.21, 7, 169, 176
908612.3.peg.1514.site.22, 59, 167, 226
908612.3.peg.1514.site.23, 2, 177, 179
908612.3.peg.1514.site.24, 0, 172, 172
908612.3.peg.1514.site.25, 0, 173, 173
908612.3.peg.1514.site.26, 0, 173, 173
908612.3.peg.1514.site.27, 0, 178, 178
908612.3.peg.1519.site.1, 106, 161, 267
908612.3.peg.1519.site.2, 111, 151, 262
908612.3.peg.1519.site.3, 4, 168, 172
908612.3.peg.1519.site.4, 2, 176, 178
908612.3.peg.1519.site.5, 0, 180, 180
908612.3.peg.1519.site.6, 106, 156, 262
908612.3.peg.1519.site.7, 7, 170, 177
908612.3.peg.1519.site.8, 3, 178, 181
908612.3.peg.1519.site.9, 59, 116, 175
908612.3.peg.1519.site.10, 8, 87, 95
908612.3.peg.1519.site.11, 2, 92, 94
908612.3.peg.1519.site.12, 66, 108, 174
908612.3.peg.1519.site.13, 5, 120, 125
908612.3.peg.1519.site.14, 6, 136, 142
908612.3.peg.1519.site.15, 6, 144, 150
908612.3.peg.1519.site.16, 2, 158, 160
908612.3.peg.1519.site.17, 7, 157, 164
908612.3.peg.1518.site.1, 2, 178, 180
908612.3.peg.1518.site.2, 10, 177, 187
908612.3.peg.1518.site.3, 2, 177, 179
908612.3.peg.1518.site.4, 13, 177, 190
908612.3.peg.1518.site.5, 1, 180, 181
908612.3.peg.1518.site.6, 1, 178, 179
908612.3.peg.1518.site.7, 1, 179, 180
908612.3.peg.1518.site.8, 75, 177, 252
908612.3.peg.1518.site.9, 7, 180, 187
908612.3.peg.1518.site.10, 1, 180, 181
908612.3.peg.1518.site.11, 20, 161, 181
908612.3.peg.1518.site.12, 22, 150, 172
908612.3.peg.1518.site.13, 3, 154, 157
908612.3.peg.1518.site.14, 2, 147, 149
908612.3.peg.1518.site.15, 0, 144, 144
908612.3.peg.1518.site.16, 2, 158, 160
908612.3.peg.1518.site.17, 5, 160, 165
908612.3.peg.1518.site.18, 0, 136, 136
908612.3.peg.1518.site.19, 3, 149, 152
908612.3.peg.1518.site.20, 3, 169, 172
908612.3.peg.1518.site.21, 1, 170, 171
908612.3.peg.1518.site.22, 3, 175, 178
908612.3.peg.1518.site.23, 11, 176, 187
908612.3.peg.1518.site.24, 0, 177, 177
908612.3.peg.1518.site.25, 1, 175, 176
908612.3.peg.1518.site.26, 126, 178, 304
908612.3.peg.1518.site.27, 31, 176, 207
908612.3.peg.1518.site.28, 88, 175, 263
908612.3.peg.1518.site.29, 10, 179, 189
908612.3.peg.1518.site.30, 140, 173, 313
908612.3.peg.1518.site.31, 95, 173, 268
908612.3.peg.1518.site.32, 18, 174, 192
908612.3.peg.1518.site.33, 4, 173, 177
908612.3.peg.1518.site.34, 12, 174, 186
908612.3.peg.1518.site.35, 0, 173, 173
908612.3.peg.1518.site.36, 2, 164, 166
908612.3.peg.1049.site.1, 2, 180, 182
908612.3.peg.1049.site.2, 3, 179, 182
908612.3.peg.1049.site.3, 28, 177, 205
908612.3.peg.1049.site.4, 33, 172, 205
908612.3.peg.1049.site.5, 3, 173, 176
908612.3.peg.1049.site.6, 0, 153, 153
908612.3.peg.1049.site.7, 104, 152, 256
908612.3.peg.1049.site.8, 27, 177, 204
908612.3.peg.1049.site.9, 83, 175, 258
908612.3.peg.1049.site.10, 124, 164, 288
908612.3.peg.1049.site.11, 12, 167, 179
908612.3.peg.1049.site.12, 27, 139, 166
908612.3.peg.1049.site.13, 31, 130, 161
908612.3.peg.1049.site.14, 4, 131, 135
908612.3.peg.1049.site.15, 3, 169, 172
908612.3.peg.1049.site.16, 35, 166, 201
908612.3.peg.1049.site.17, 4, 135, 139
908612.3.peg.1049.site.18, 17, 147, 164
908612.3.peg.1049.site.19, 2, 164, 166
908612.3.peg.1049.site.20, 1, 178, 179
908612.3.peg.1049.site.21, 0, 179, 179
908612.3.peg.1049.site.22, 33, 177, 210
908612.3.peg.1049.site.23, 2, 179, 181
908612.3.peg.1049.site.24, 130, 173, 303
908612.3.peg.1049.site.25, 47, 175, 222
908612.3.peg.1049.site.26, 0, 178, 178
908612.3.peg.1049.site.27, 1, 179, 180
908612.3.peg.1049.site.28, 98, 174, 272
908612.3.peg.1049.site.29, 1, 179, 180
908612.3.peg.1049.site.30, 1, 179, 180
908612.3.peg.1049.site.31, 1, 179, 180
908612.3.peg.1049.site.32, 136, 175, 311
908612.3.peg.1049.site.33, 2, 179, 181
908612.3.peg.1049.site.34, 58, 174, 232
908612.3.peg.1049.site.35, 98, 172, 270
908612.3.peg.1049.site.36, 29, 173, 202
908612.3.peg.1049.site.37, 2, 179, 181
908612.3.peg.1049.site.38, 7, 176, 183
908612.3.peg.1049.site.39, 71, 173, 244
908612.3.peg.1049.site.40, 4, 180, 184
908612.3.peg.1049.site.41, 15, 177, 192
908612.3.peg.1049.site.42, 16, 176, 192
908612.3.peg.1049.site.43, 16, 177, 193
908612.3.peg.1049.site.44, 122, 175, 297
908612.3.peg.1049.site.45, 44, 177, 221
908612.3.peg.1048.site.1, 73, 154, 227
908612.3.peg.1048.site.2, 1, 159, 160
908612.3.peg.1048.site.3, 79, 172, 251
908612.3.peg.1048.site.4, 78, 171, 249
908612.3.peg.1048.site.5, 0, 180, 180
908612.3.peg.1048.site.6, 39, 178, 217
908612.3.peg.1048.site.7, 37, 158, 195
908612.3.peg.1048.site.8, 2, 167, 169
908612.3.peg.1048.site.9, 0, 155, 155
908612.3.peg.1048.site.10, 87, 173, 260
908612.3.peg.1048.site.11, 0, 176, 176
908612.3.peg.1048.site.12, 1, 175, 176
908612.3.peg.1048.site.13, 82, 172, 254
908612.3.peg.1048.site.14, 31, 176, 207
908612.3.peg.1048.site.15, 109, 177, 286
908612.3.peg.1048.site.16, 86, 176, 262
908612.3.peg.1048.site.17, 1, 178, 179
908612.3.peg.1048.site.18, 53, 173, 226
908612.3.peg.1048.site.19, 0, 167, 167
908612.3.peg.1048.site.20, 8, 114, 122
908612.3.peg.1048.site.21, 10, 115, 125
908612.3.peg.1048.site.22, 19, 122, 141
908612.3.peg.1048.site.23, 59, 162, 221
908612.3.peg.1048.site.24, 0, 178, 178
908612.3.peg.1048.site.25, 113, 175, 288
908612.3.peg.1048.site.26, 22, 168, 190
908612.3.peg.1048.site.27, 69, 168, 237
908612.3.peg.1048.site.28, 69, 169, 238
908612.3.peg.1048.site.29, 76, 177, 253
908612.3.peg.1048.site.30, 2, 178, 180
908612.3.peg.1048.site.31, 30, 172, 202
908612.3.peg.1048.site.32, 1, 140, 141
908612.3.peg.1048.site.33, 2, 128, 130
908612.3.peg.1048.site.34, 2, 109, 111
908612.3.peg.1048.site.35, 6, 108, 114
908612.3.peg.1048.site.36, 71, 176, 247
908612.3.peg.1048.site.37, 6, 179, 185
908612.3.peg.1048.site.38, 0, 180, 180
908612.3.peg.1048.site.39, 31, 178, 209
908612.3.peg.1048.site.40, 0, 180, 180
908612.3.peg.1048.site.41, 0, 180, 180
908612.3.peg.1048.site.42, 1, 179, 180
908612.3.peg.1048.site.43, 0, 180, 180
908612.3.peg.1048.site.44, 3, 180, 183
908612.3.peg.1048.site.45, 98, 175, 273
908612.3.peg.1048.site.46, 0, 179, 179
908612.3.peg.1048.site.47, 39, 176, 215
908612.3.peg.1998.site.1, 1, 155, 156
908612.3.peg.1998.site.2, 0, 153, 153
908612.3.peg.1998.site.3, 71, 152, 223
908612.3.peg.1998.site.4, 19, 159, 178
908612.3.peg.1998.site.5, 22, 166, 188
908612.3.peg.1998.site.6, 0, 168, 168
908612.3.peg.1998.site.7, 29, 173, 202
908612.3.peg.1998.site.8, 54, 169, 223
908612.3.peg.1998.site.9, 2, 174, 176
908612.3.peg.1998.site.10, 0, 174, 174
908612.3.peg.1998.site.11, 3, 174, 177
908612.3.peg.1998.site.12, 55, 170, 225
908612.3.peg.1998.site.13, 70, 172, 242
908612.3.peg.1998.site.14, 1, 167, 168
908612.3.peg.1998.site.15, 1, 172, 173
908612.3.peg.1998.site.16, 3, 169, 172
908612.3.peg.1996.site.1, 26, 173, 199
908612.3.peg.1996.site.2, 63, 173, 236
908612.3.peg.1996.site.3, 1, 174, 175
908612.3.peg.1996.site.4, 2, 175, 177
908612.3.peg.1996.site.5, 26, 173, 199
908612.3.peg.1996.site.6, 6, 174, 180
908612.3.peg.1996.site.7, 7, 174, 181
908612.3.peg.1996.site.8, 59, 170, 229
908612.3.peg.1996.site.9, 62, 171, 233
908612.3.peg.1996.site.10, 0, 174, 174
908612.3.peg.1996.site.11, 1, 173, 174
908612.3.peg.1996.site.12, 3, 172, 175
908612.3.peg.1996.site.13, 68, 173, 241
908612.3.peg.1996.site.14, 57, 173, 230
908612.3.peg.1996.site.15, 12, 171, 183
908612.3.peg.1996.site.16, 0, 174, 174
908612.3.peg.1996.site.17, 27, 173, 200
908612.3.peg.1996.site.18, 5, 172, 177
908612.3.peg.1996.site.19, 26, 172, 198
908612.3.peg.1996.site.20, 23, 171, 194
908612.3.peg.1996.site.21, 20, 174, 194
908612.3.peg.1996.site.22, 0, 174, 174
908612.3.peg.1996.site.23, 22, 168, 190
908612.3.peg.1996.site.24, 14, 165, 179
908612.3.peg.1995.site.1, 0, 173, 173
908612.3.peg.1995.site.2, 3, 175, 178
908612.3.peg.1995.site.3, 0, 175, 175
908612.3.peg.1995.site.4, 47, 174, 221
908612.3.peg.1995.site.5, 48, 175, 223
908612.3.peg.1995.site.6, 3, 174, 177
908612.3.peg.1995.site.7, 23, 173, 196
908612.3.peg.1995.site.8, 92, 174, 266
908612.3.peg.1995.site.9, 32, 175, 207
908612.3.peg.1995.site.10, 1, 175, 176
908612.3.peg.1995.site.11, 25, 174, 199
908612.3.peg.1995.site.12, 1, 175, 176
908612.3.peg.1995.site.13, 2, 170, 172
908612.3.peg.1995.site.14, 1, 174, 175
908612.3.peg.1995.site.15, 0, 172, 172
908612.3.peg.1995.site.16, 28, 172, 200
908612.3.peg.1995.site.17, 1, 172, 173
908612.3.peg.1995.site.18, 1, 171, 172
908612.3.peg.1995.site.19, 70, 170, 240
908612.3.peg.1995.site.20, 5, 172, 177
908612.3.peg.1995.site.21, 0, 173, 173
908612.3.peg.1995.site.22, 0, 175, 175
908612.3.peg.1995.site.23, 5, 175, 180
908612.3.peg.1995.site.24, 1, 174, 175
908612.3.peg.1995.site.25, 8, 172, 180
908612.3.peg.1994.site.1, 62, 174, 236
908612.3.peg.1994.site.2, 0, 174, 174
908612.3.peg.1994.site.3, 9, 175, 184
908612.3.peg.1994.site.4, 29, 175, 204
908612.3.peg.1994.site.5, 0, 168, 168
908612.3.peg.1994.site.6, 0, 169, 169
908612.3.peg.1994.site.7, 13, 169, 182
908612.3.peg.1994.site.8, 1, 170, 171
908612.3.peg.1994.site.9, 7, 172, 179
908612.3.peg.1994.site.10, 0, 170, 170
908612.3.peg.1994.site.11, 4, 171, 175
908612.3.peg.1990.site.1, 1, 180, 181
908612.3.peg.1990.site.2, 74, 177, 251
908612.3.peg.1990.site.3, 19, 177, 196
908612.3.peg.1990.site.4, 0, 180, 180
908612.3.peg.1990.site.5, 1, 178, 179
908612.3.peg.1990.site.6, 0, 179, 179
908612.3.peg.1990.site.7, 15, 177, 192
908612.3.peg.1990.site.8, 49, 179, 228
908612.3.peg.1990.site.9, 72, 178, 250
908612.3.peg.1990.site.10, 22, 177, 199
908612.3.peg.1990.site.11, 9, 178, 187
908612.3.peg.1990.site.12, 3, 179, 182
908612.3.peg.2897.site.1, 0, 179, 179
908612.3.peg.2897.site.2, 30, 179, 209
908612.3.peg.2897.site.3, 0, 179, 179
908612.3.peg.2897.site.4, 0, 179, 179
908612.3.peg.2897.site.5, 1, 179, 180
908612.3.peg.2897.site.6, 1, 175, 176
908612.3.peg.2897.site.7, 1, 180, 181
908612.3.peg.2897.site.8, 0, 176, 176
908612.3.peg.2897.site.9, 1, 175, 176
908612.3.peg.2897.site.10, 1, 172, 173
908612.3.peg.2897.site.11, 3, 176, 179
908612.3.peg.2897.site.12, 3, 173, 176
908612.3.peg.2897.site.13, 5, 165, 170
908612.3.peg.2897.site.14, 12, 172, 184
908612.3.peg.2897.site.15, 6, 172, 178
908612.3.peg.2897.site.16, 7, 174, 181
908612.3.peg.2897.site.17, 0, 175, 175
908612.3.peg.2897.site.18, 10, 163, 173
908612.3.peg.2897.site.19, 2, 176, 178
908612.3.peg.2897.site.20, 3, 174, 177
908612.3.peg.2897.site.21, 3, 178, 181
908612.3.peg.2897.site.22, 4, 173, 177
908612.3.peg.2897.site.23, 4, 172, 176
908612.3.peg.2897.site.24, 3, 177, 180
908612.3.peg.2897.site.25, 3, 176, 179
908612.3.peg.2897.site.26, 7, 172, 179
908612.3.peg.2897.site.27, 4, 175, 179
908612.3.peg.2897.site.28, 4, 176, 180
908612.3.peg.2897.site.29, 2, 178, 180
908612.3.peg.2897.site.30, 0, 179, 179
908612.3.peg.2897.site.31, 3, 178, 181
908612.3.peg.2897.site.32, 4, 177, 181
908612.3.peg.2897.site.33, 3, 177, 180
908612.3.peg.2897.site.34, 32, 174, 206
908612.3.peg.2897.site.35, 2, 177, 179
908612.3.peg.2897.site.36, 5, 177, 182
908612.3.peg.2897.site.37, 4, 178, 182
908612.3.peg.2897.site.38, 2, 179, 181
908612.3.peg.2897.site.39, 0, 179, 179
908612.3.peg.2897.site.40, 1, 175, 176
908612.3.peg.2897.site.41, 136, 176, 312
908612.3.peg.2897.site.42, 9, 175, 184
908612.3.peg.2897.site.43, 1, 175, 176
908612.3.peg.2897.site.44, 1, 175, 176
908612.3.peg.2897.site.45, 1, 179, 180
908612.3.peg.2897.site.46, 1, 174, 175
908612.3.peg.2897.site.47, 7, 175, 182
908612.3.peg.2897.site.48, 0, 177, 177
908612.3.peg.2897.site.49, 0, 180, 180
908612.3.peg.2897.site.50, 0, 179, 179
908612.3.peg.2897.site.51, 0, 180, 180
908612.3.peg.2896.site.1, 0, 180, 180
908612.3.peg.2896.site.2, 2, 178, 180
908612.3.peg.2896.site.3, 1, 176, 177
908612.3.peg.2896.site.4, 6, 176, 182
908612.3.peg.2896.site.5, 4, 178, 182
908612.3.peg.2896.site.6, 22, 159, 181
908612.3.peg.2896.site.7, 0, 177, 177
908612.3.peg.2896.site.8, 28, 177, 205
908612.3.peg.2896.site.9, 19, 177, 196
908612.3.peg.2896.site.10, 0, 178, 178
908612.3.peg.2896.site.11, 27, 177, 204
908612.3.peg.2896.site.12, 7, 178, 185
908612.3.peg.2896.site.13, 29, 178, 207
908612.3.peg.2896.site.14, 2, 178, 180
908612.3.peg.2895.site.1, 1, 160, 161
908612.3.peg.2895.site.2, 1, 180, 181
908612.3.peg.2895.site.3, 25, 179, 204
908612.3.peg.2895.site.4, 1, 180, 181
908612.3.peg.2895.site.5, 76, 176, 252
908612.3.peg.2895.site.6, 7, 178, 185
908612.3.peg.2895.site.7, 8, 179, 187
908612.3.peg.2895.site.8, 5, 179, 184
908612.3.peg.2895.site.9, 17, 179, 196
908612.3.peg.2895.site.10, 24, 177, 201
908612.3.peg.2895.site.11, 2, 180, 182
908612.3.peg.2895.site.12, 2, 177, 179
908612.3.peg.2895.site.13, 1, 180, 181
908612.3.peg.2895.site.14, 13, 178, 191
908612.3.peg.2895.site.15, 8, 180, 188
908612.3.peg.2895.site.16, 25, 177, 202
908612.3.peg.2895.site.17, 21, 178, 199
908612.3.peg.2894.site.1, 7, 178, 185
908612.3.peg.2894.site.2, 6, 180, 186
908612.3.peg.2894.site.3, 22, 178, 200
908612.3.peg.2894.site.4, 44, 174, 218
908612.3.peg.2894.site.5, 2, 177, 179
908612.3.peg.2894.site.6, 0, 174, 174
908612.3.peg.2894.site.7, 126, 178, 304
908612.3.peg.2894.site.8, 3, 180, 183
908612.3.peg.2894.site.9, 24, 178, 202
908612.3.peg.2894.site.10, 45, 180, 225
908612.3.peg.2894.site.11, 3, 179, 182
908612.3.peg.2894.site.12, 43, 176, 219
908612.3.peg.2894.site.13, 39, 171, 210
908612.3.peg.2894.site.14, 41, 168, 209
908612.3.peg.2894.site.15, 19, 166, 185
908612.3.peg.2894.site.16, 0, 165, 165
908612.3.peg.2894.site.17, 20, 175, 195
908612.3.peg.2894.site.18, 24, 176, 200
908612.3.peg.2894.site.19, 22, 175, 197
908612.3.peg.2894.site.20, 23, 176, 199
908612.3.peg.2894.site.21, 17, 176, 193
908612.3.peg.2894.site.22, 0, 178, 178
908612.3.peg.2894.site.23, 0, 178, 178
908612.3.peg.2894.site.24, 24, 177, 201
908612.3.peg.2894.site.25, 3, 180, 183
908612.3.peg.2894.site.26, 22, 177, 199
908612.3.peg.2894.site.27, 6, 179, 185
908612.3.peg.2894.site.28, 6, 176, 182
908612.3.peg.2894.site.29, 2, 177, 179
908612.3.peg.2894.site.30, 22, 166, 188
908612.3.peg.2894.site.31, 0, 167, 167
908612.3.peg.2894.site.32, 23, 171, 194
908612.3.peg.878.site.1, 30, 167, 197
908612.3.peg.878.site.2, 2, 175, 177
908612.3.peg.878.site.3, 5, 177, 182
908612.3.peg.878.site.4, 10, 177, 187
908612.3.peg.878.site.5, 6, 180, 186
908612.3.peg.878.site.6, 3, 180, 183
908612.3.peg.879.site.1, 0, 180, 180
908612.3.peg.879.site.2, 1, 172, 173
908612.3.peg.879.site.3, 0, 167, 167
908612.3.peg.879.site.4, 7, 169, 176
908612.3.peg.879.site.5, 3, 179, 182
908612.3.peg.879.site.6, 1, 177, 178
908612.3.peg.879.site.7, 13, 177, 190
908612.3.peg.879.site.8, 22, 175, 197
908612.3.peg.879.site.9, 6, 177, 183
908612.3.peg.879.site.10, 1, 178, 179
908612.3.peg.879.site.11, 3, 180, 183
908612.3.peg.879.site.12, 3, 180, 183
908612.3.peg.879.site.13, 148, 178, 326
908612.3.peg.879.site.14, 107, 177, 284
908612.3.peg.879.site.15, 0, 180, 180
908612.3.peg.879.site.16, 0, 178, 178
908612.3.peg.879.site.17, 99, 175, 274
908612.3.peg.879.site.18, 28, 179, 207
908612.3.peg.879.site.19, 6, 180, 186
908612.3.peg.879.site.20, 1, 179, 180
908612.3.peg.2891.site.1, 4, 178, 182
908612.3.peg.2891.site.2, 26, 179, 205
908612.3.peg.2891.site.3, 0, 179, 179
908612.3.peg.2891.site.4, 32, 178, 210
908612.3.peg.2891.site.5, 2, 179, 181
908612.3.peg.2891.site.6, 32, 179, 211
908612.3.peg.2891.site.7, 27, 178, 205
908612.3.peg.2891.site.8, 17, 180, 197
908612.3.peg.2891.site.9, 0, 179, 179
908612.3.peg.2891.site.10, 32, 179, 211
908612.3.peg.2891.site.11, 1, 178, 179
908612.3.peg.2891.site.12, 9, 180, 189
908612.3.peg.2891.site.13, 6, 179, 185
908612.3.peg.2890.site.1, 1, 173, 174
908612.3.peg.2890.site.2, 74, 168, 242
908612.3.peg.2890.site.3, 68, 171, 239
908612.3.peg.2890.site.4, 0, 179, 179
908612.3.peg.2890.site.5, 18, 178, 196
908612.3.peg.2890.site.6, 115, 173, 288
908612.3.peg.2890.site.7, 60, 168, 228
908612.3.peg.2890.site.8, 111, 168, 279
908612.3.peg.2890.site.9, 105, 138, 243
908612.3.peg.2890.site.10, 52, 111, 163
908612.3.peg.2890.site.11, 51, 110, 161
908612.3.peg.2890.site.12, 105, 158, 263
908612.3.peg.2890.site.13, 108, 160, 268
908612.3.peg.2890.site.14, 116, 167, 283
908612.3.peg.2890.site.15, 17, 177, 194
908612.3.peg.2890.site.16, 3, 180, 183
908612.3.peg.2890.site.17, 20, 178, 198
908612.3.peg.2890.site.18, 17, 178, 195
908612.3.peg.2890.site.19, 6, 176, 182
908612.3.peg.2890.site.20, 5, 177, 182
908612.3.peg.2890.site.21, 121, 173, 294
908612.3.peg.2890.site.22, 0, 174, 174
908612.3.peg.2890.site.23, 8, 174, 182
908612.3.peg.2890.site.24, 72, 178, 250
908612.3.peg.2890.site.25, 6, 177, 183
908612.3.peg.2890.site.26, 3, 179, 182
908612.3.peg.2890.site.27, 6, 180, 186
908612.3.peg.2890.site.28, 5, 180, 185
908612.3.peg.2890.site.29, 24, 179, 203
908612.3.peg.2890.site.30, 143, 177, 320
908612.3.peg.2890.site.31, 3, 179, 182
908612.3.peg.2890.site.32, 5, 178, 183
908612.3.peg.2890.site.33, 6, 179, 185
908612.3.peg.2890.site.34, 1, 178, 179
908612.3.peg.2890.site.35, 6, 163, 169
908612.3.peg.2890.site.36, 31, 176, 207
908612.3.peg.2890.site.37, 36, 178, 214
908612.3.peg.2890.site.38, 16, 179, 195
908612.3.peg.2890.site.39, 10, 178, 188
908612.3.peg.2890.site.40, 0, 179, 179
908612.3.peg.2890.site.41, 23, 178, 201
908612.3.peg.2890.site.42, 38, 176, 214
908612.3.peg.2890.site.43, 4, 180, 184
908612.3.peg.2890.site.44, 4, 180, 184
908612.3.peg.2890.site.45, 4, 179, 183
908612.3.peg.2890.site.46, 0, 179, 179
908612.3.peg.2890.site.47, 0, 178, 178
908612.3.peg.2890.site.48, 4, 178, 182
908612.3.peg.2890.site.49, 0, 178, 178
908612.3.peg.2890.site.50, 23, 178, 201
908612.3.peg.2890.site.51, 46, 177, 223
908612.3.peg.2890.site.52, 0, 180, 180
908612.3.peg.2890.site.53, 0, 178, 178
908612.3.peg.2890.site.54, 46, 175, 221
908612.3.peg.2890.site.55, 47, 175, 222
908612.3.peg.2890.site.56, 47, 177, 224
908612.3.peg.2890.site.57, 47, 176, 223
908612.3.peg.2890.site.58, 0, 179, 179
908612.3.peg.2890.site.59, 0, 180, 180
908612.3.peg.2890.site.60, 43, 178, 221
908612.3.peg.2890.site.61, 46, 176, 222
908612.3.peg.2890.site.62, 6, 180, 186
908612.3.peg.2890.site.63, 2, 180, 182
908612.3.peg.2890.site.64, 18, 180, 198
908612.3.peg.2890.site.65, 4, 180, 184
908612.3.peg.2890.site.66, 16, 180, 196
908612.3.peg.875.site.1, 0, 164, 164
908612.3.peg.875.site.2, 7, 168, 175
908612.3.peg.875.site.3, 4, 177, 181
908612.3.peg.875.site.4, 130, 178, 308
908612.3.peg.875.site.5, 0, 177, 177
908612.3.peg.875.site.6, 2, 179, 181
908612.3.peg.875.site.7, 0, 177, 177
908612.3.peg.875.site.8, 0, 177, 177
908612.3.peg.875.site.9, 1, 174, 175
908612.3.peg.875.site.10, 141, 173, 314
908612.3.peg.875.site.11, 88, 176, 264
908612.3.peg.875.site.12, 3, 180, 183
908612.3.peg.875.site.13, 0, 178, 178
908612.3.peg.875.site.14, 4, 179, 183
908612.3.peg.875.site.15, 4, 180, 184
908612.3.peg.875.site.16, 4, 179, 183
908612.3.peg.875.site.17, 5, 178, 183
908612.3.peg.875.site.18, 0, 179, 179
908612.3.peg.875.site.19, 2, 180, 182
908612.3.peg.875.site.20, 1, 180, 181
908612.3.peg.875.site.21, 35, 159, 194
908612.3.peg.875.site.22, 15, 142, 157
908612.3.peg.875.site.23, 119, 153, 272
908612.3.peg.875.site.24, 31, 153, 184
908612.3.peg.875.site.25, 139, 172, 311
908612.3.peg.876.site.1, 3, 178, 181
908612.3.peg.876.site.2, 114, 180, 294
908612.3.peg.876.site.3, 147, 180, 327
908612.3.peg.876.site.4, 8, 178, 186
908612.3.peg.876.site.5, 0, 172, 172
908612.3.peg.876.site.6, 3, 124, 127
908612.3.peg.876.site.7, 109, 142, 251
908612.3.peg.876.site.8, 107, 141, 248
908612.3.peg.876.site.9, 126, 159, 285
908612.3.peg.876.site.10, 129, 176, 305
908612.3.peg.876.site.11, 124, 158, 282
908612.3.peg.876.site.12, 91, 122, 213
908612.3.peg.876.site.13, 85, 152, 237
908612.3.peg.876.site.14, 2, 176, 178
908612.3.peg.876.site.15, 2, 176, 178
908612.3.peg.876.site.16, 0, 166, 166
908612.3.peg.876.site.17, 3, 173, 176
908612.3.peg.876.site.18, 16, 171, 187
908612.3.peg.876.site.19, 2, 179, 181
908612.3.peg.876.site.20, 144, 179, 323
908612.3.peg.876.site.21, 6, 180, 186
908612.3.peg.876.site.22, 12, 180, 192
908612.3.peg.876.site.23, 134, 178, 312
908612.3.peg.876.site.24, 6, 180, 186
908612.3.peg.876.site.25, 0, 180, 180
908612.3.peg.876.site.26, 9, 179, 188
908612.3.peg.876.site.27, 127, 178, 305
908612.3.peg.876.site.28, 3, 177, 180
908612.3.peg.876.site.29, 14, 173, 187
908612.3.peg.876.site.30, 10, 172, 182
908612.3.peg.876.site.31, 124, 167, 291
908612.3.peg.877.site.1, 120, 158, 278
908612.3.peg.877.site.2, 3, 148, 151
908612.3.peg.877.site.3, 0, 164, 164
908612.3.peg.877.site.4, 4, 164, 168
908612.3.peg.877.site.5, 7, 162, 169
908612.3.peg.877.site.6, 12, 176, 188
908612.3.peg.877.site.7, 0, 178, 178
908612.3.peg.877.site.8, 1, 180, 181
908612.3.peg.877.site.9, 10, 178, 188
908612.3.peg.877.site.10, 3, 178, 181
908612.3.peg.877.site.11, 6, 178, 184
908612.3.peg.877.site.12, 126, 177, 303
908612.3.peg.877.site.13, 0, 179, 179
908612.3.peg.877.site.14, 0, 179, 179
908612.3.peg.877.site.15, 87, 176, 263
908612.3.peg.877.site.16, 5, 180, 185
908612.3.peg.877.site.17, 33, 178, 211
908612.3.peg.877.site.18, 2, 180, 182
908612.3.peg.877.site.19, 32, 178, 210
908612.3.peg.877.site.20, 20, 177, 197
908612.3.peg.877.site.21, 35, 177, 212
908612.3.peg.877.site.22, 1, 179, 180
908612.3.peg.877.site.23, 10, 178, 188
908612.3.peg.877.site.24, 60, 170, 230
908612.3.peg.877.site.25, 2, 166, 168
908612.3.peg.877.site.26, 27, 163, 190
908612.3.peg.877.site.27, 26, 169, 195
908612.3.peg.877.site.28, 32, 174, 206
908612.3.peg.877.site.29, 97, 175, 272
908612.3.peg.877.site.30, 4, 180, 184
908612.3.peg.877.site.31, 2, 180, 182
908612.3.peg.877.site.32, 1, 180, 181
908612.3.peg.877.site.33, 74, 175, 249
908612.3.peg.870.site.1, 0, 121, 121
908612.3.peg.870.site.2, 44, 151, 195
908612.3.peg.870.site.3, 3, 178, 181
908612.3.peg.870.site.4, 116, 175, 291
908612.3.peg.870.site.5, 58, 175, 233
908612.3.peg.870.site.6, 8, 179, 187
908612.3.peg.870.site.7, 93, 174, 267
908612.3.peg.870.site.8, 53, 177, 230
908612.3.peg.870.site.9, 0, 180, 180
908612.3.peg.870.site.10, 58, 176, 234
908612.3.peg.870.site.11, 132, 176, 308
908612.3.peg.870.site.12, 3, 180, 183
908612.3.peg.870.site.13, 0, 179, 179
908612.3.peg.870.site.14, 1, 177, 178
908612.3.peg.870.site.15, 7, 170, 177
908612.3.peg.870.site.16, 61, 151, 212
908612.3.peg.870.site.17, 102, 154, 256
908612.3.peg.870.site.18, 96, 149, 245
908612.3.peg.870.site.19, 0, 174, 174
908612.3.peg.870.site.20, 130, 176, 306
908612.3.peg.870.site.21, 122, 175, 297
908612.3.peg.870.site.22, 0, 180, 180
908612.3.peg.870.site.23, 3, 180, 183
908612.3.peg.870.site.24, 110, 174, 284
908612.3.peg.870.site.25, 1, 180, 181
908612.3.peg.870.site.26, 42, 178, 220
908612.3.peg.870.site.27, 5, 178, 183
908612.3.peg.870.site.28, 0, 178, 178
908612.3.peg.872.site.1, 42, 178, 220
908612.3.peg.872.site.2, 6, 179, 185
908612.3.peg.872.site.3, 2, 180, 182
908612.3.peg.872.site.4, 0, 179, 179
908612.3.peg.872.site.5, 0, 179, 179
908612.3.peg.872.site.6, 55, 176, 231
908612.3.peg.872.site.7, 0, 180, 180
908612.3.peg.872.site.8, 76, 176, 252
908612.3.peg.872.site.9, 0, 180, 180
908612.3.peg.872.site.10, 35, 175, 210
908612.3.peg.872.site.11, 49, 177, 226
908612.3.peg.872.site.12, 50, 178, 228
908612.3.peg.872.site.13, 8, 180, 188
908612.3.peg.872.site.14, 9, 177, 186
908612.3.peg.872.site.15, 111, 175, 286
908612.3.peg.872.site.16, 49, 177, 226
908612.3.peg.872.site.17, 59, 176, 235
908612.3.peg.872.site.18, 59, 176, 235
908612.3.peg.872.site.19, 0, 180, 180
908612.3.peg.872.site.20, 2, 180, 182
908612.3.peg.872.site.21, 115, 175, 290
908612.3.peg.872.site.22, 1, 180, 181
908612.3.peg.872.site.23, 14, 178, 192
908612.3.peg.872.site.24, 2, 178, 180
908612.3.peg.872.site.25, 0, 166, 166
908612.3.peg.872.site.26, 79, 153, 232
908612.3.peg.2898.site.1, 15, 177, 192
908612.3.peg.2898.site.2, 0, 175, 175
908612.3.peg.2898.site.3, 30, 174, 204
908612.3.peg.2898.site.4, 7, 174, 181
908612.3.peg.2898.site.5, 2, 176, 178
908612.3.peg.2898.site.6, 7, 176, 183
908612.3.peg.2898.site.7, 1, 176, 177
908612.3.peg.2898.site.8, 3, 177, 180
908612.3.peg.2898.site.9, 35, 173, 208
908612.3.peg.2898.site.10, 6, 177, 183
908612.3.peg.2435.site.1, 15, 176, 191
908612.3.peg.2435.site.2, 34, 174, 208
908612.3.peg.2435.site.3, 31, 172, 203
908612.3.peg.2435.site.4, 19, 163, 182
908612.3.peg.2435.site.5, 5, 177, 182
908612.3.peg.2435.site.6, 3, 157, 160
908612.3.peg.2435.site.7, 2, 143, 145
908612.3.peg.2435.site.8, 2, 176, 178
908612.3.peg.2435.site.9, 0, 174, 174
908612.3.peg.2435.site.10, 1, 174, 175
908612.3.peg.2435.site.11, 7, 171, 178
908612.3.peg.2435.site.12, 18, 128, 146
908612.3.peg.2435.site.13, 9, 157, 166
908612.3.peg.2435.site.14, 57, 158, 215
908612.3.peg.2435.site.15, 0, 167, 167
908612.3.peg.2435.site.16, 3, 167, 170
908612.3.peg.2435.site.17, 3, 168, 171
908612.3.peg.2435.site.18, 22, 168, 190
908612.3.peg.2435.site.19, 2, 167, 169
908612.3.peg.2435.site.20, 23, 163, 186
908612.3.peg.2435.site.21, 18, 166, 184
908612.3.peg.2435.site.22, 3, 157, 160
908612.3.peg.2435.site.23, 13, 158, 171
908612.3.peg.2435.site.24, 0, 171, 171
908612.3.peg.2435.site.25, 24, 162, 186
908612.3.peg.2435.site.26, 1, 172, 173
908612.3.peg.2435.site.27, 32, 173, 205
908612.3.peg.2435.site.28, 27, 176, 203
908612.3.peg.2435.site.29, 18, 178, 196
908612.3.peg.2435.site.30, 10, 179, 189
908612.3.peg.2435.site.31, 30, 168, 198
908612.3.peg.2435.site.32, 27, 171, 198
908612.3.peg.2435.site.33, 1, 176, 177
908612.3.peg.2435.site.34, 113, 177, 290
908612.3.peg.2435.site.35, 0, 180, 180
908612.3.peg.2434.site.1, 1, 180, 181
908612.3.peg.2434.site.2, 7, 180, 187
908612.3.peg.2434.site.3, 0, 179, 179
908612.3.peg.2434.site.4, 33, 175, 208
908612.3.peg.2434.site.5, 5, 155, 160
908612.3.peg.2434.site.6, 5, 160, 165
908612.3.peg.2434.site.7, 0, 168, 168
908612.3.peg.2437.site.1, 23, 177, 200
908612.3.peg.2437.site.2, 20, 168, 188
908612.3.peg.2437.site.3, 6, 168, 174
908612.3.peg.2437.site.4, 16, 163, 179
908612.3.peg.2437.site.5, 16, 158, 174
908612.3.peg.2437.site.6, 53, 170, 223
908612.3.peg.2437.site.7, 4, 175, 179
908612.3.peg.2437.site.8, 2, 159, 161
908612.3.peg.2437.site.9, 1, 154, 155
908612.3.peg.2437.site.10, 53, 152, 205
908612.3.peg.2437.site.11, 57, 158, 215
908612.3.peg.2437.site.12, 89, 162, 251
908612.3.peg.2437.site.13, 3, 170, 173
908612.3.peg.2437.site.14, 10, 145, 155
908612.3.peg.2437.site.15, 49, 126, 175
908612.3.peg.2437.site.16, 37, 120, 157
908612.3.peg.2437.site.17, 20, 126, 146
908612.3.peg.2437.site.18, 24, 146, 170
908612.3.peg.2437.site.19, 51, 173, 224
908612.3.peg.2437.site.20, 93, 173, 266
908612.3.peg.2437.site.21, 6, 178, 184
908612.3.peg.2437.site.22, 21, 178, 199
908612.3.peg.2437.site.23, 16, 179, 195
908612.3.peg.2437.site.24, 10, 160, 170
908612.3.peg.2437.site.25, 137, 169, 306
908612.3.peg.2437.site.26, 1, 172, 173
908612.3.peg.2437.site.27, 6, 171, 177
908612.3.peg.2437.site.28, 141, 174, 315
908612.3.peg.2437.site.29, 0, 176, 176
908612.3.peg.2437.site.30, 94, 174, 268
908612.3.peg.2437.site.31, 2, 177, 179
908612.3.peg.2437.site.32, 159, 176, 335
908612.3.peg.2437.site.33, 0, 173, 173
908612.3.peg.2437.site.34, 3, 175, 178
908612.3.peg.2437.site.35, 55, 173, 228
908612.3.peg.2437.site.36, 20, 177, 197
908612.3.peg.2437.site.37, 12, 179, 191
908612.3.peg.2437.site.38, 52, 178, 230
908612.3.peg.2437.site.39, 0, 179, 179
908612.3.peg.2437.site.40, 2, 174, 176
908612.3.peg.2437.site.41, 136, 171, 307
908612.3.peg.2437.site.42, 1, 178, 179
908612.3.peg.2437.site.43, 9, 180, 189
908612.3.peg.2437.site.44, 56, 175, 231
908612.3.peg.2437.site.45, 0, 178, 178
908612.3.peg.2437.site.46, 0, 176, 176
908612.3.peg.2437.site.47, 0, 175, 175
908612.3.peg.2437.site.48, 4, 150, 154
908612.3.peg.2437.site.49, 76, 173, 249
908612.3.peg.2437.site.50, 76, 168, 244
908612.3.peg.2437.site.51, 55, 169, 224
908612.3.peg.2437.site.52, 153, 171, 324
908612.3.peg.2437.site.53, 68, 165, 233
908612.3.peg.2437.site.54, 73, 170, 243
908612.3.peg.2436.site.1, 23, 178, 201
908612.3.peg.2436.site.2, 1, 179, 180
908612.3.peg.2436.site.3, 4, 178, 182
908612.3.peg.2436.site.4, 4, 177, 181
908612.3.peg.2436.site.5, 87, 174, 261
908612.3.peg.2436.site.6, 5, 178, 183
908612.3.peg.2436.site.7, 132, 175, 307
908612.3.peg.2436.site.8, 0, 179, 179
908612.3.peg.2436.site.9, 37, 179, 216
908612.3.peg.2436.site.10, 6, 179, 185
908612.3.peg.2436.site.11, 48, 175, 223
908612.3.peg.2436.site.12, 35, 164, 199
908612.3.peg.2436.site.13, 89, 168, 257
908612.3.peg.2436.site.14, 0, 178, 178
908612.3.peg.2436.site.15, 34, 176, 210
908612.3.peg.2436.site.16, 0, 180, 180
908612.3.peg.2436.site.17, 54, 178, 232
908612.3.peg.2436.site.18, 2, 180, 182
908612.3.peg.2436.site.19, 121, 176, 297
908612.3.peg.2436.site.20, 39, 174, 213
908612.3.peg.2436.site.21, 9, 178, 187
908612.3.peg.2436.site.22, 139, 174, 313
908612.3.peg.2436.site.23, 14, 168, 182
908612.3.peg.2436.site.24, 9, 163, 172
908612.3.peg.2436.site.25, 1, 171, 172
908612.3.peg.2436.site.26, 41, 168, 209
908612.3.peg.2436.site.27, 0, 176, 176
908612.3.peg.2436.site.28, 3, 178, 181
908612.3.peg.2436.site.29, 60, 178, 238
908612.3.peg.2436.site.30, 6, 180, 186
908612.3.peg.2436.site.31, 0, 179, 179
908612.3.peg.2436.site.32, 1, 180, 181
908612.3.peg.2436.site.33, 63, 176, 239
908612.3.peg.2436.site.34, 0, 180, 180
908612.3.peg.2436.site.35, 3, 180, 183
908612.3.peg.2436.site.36, 123, 172, 295
908612.3.peg.2436.site.37, 27, 174, 201
908612.3.peg.2436.site.38, 4, 177, 181
908612.3.peg.2436.site.39, 0, 180, 180
908612.3.peg.2436.site.40, 98, 176, 274
908612.3.peg.2436.site.41, 117, 171, 288
908612.3.peg.2436.site.42, 0, 179, 179
908612.3.peg.2436.site.43, 23, 179, 202
908612.3.peg.2436.site.44, 105, 164, 269
908612.3.peg.2436.site.45, 94, 158, 252
908612.3.peg.2436.site.46, 57, 142, 199
908612.3.peg.2436.site.47, 100, 164, 264
908612.3.peg.2436.site.48, 107, 169, 276
908612.3.peg.2436.site.49, 106, 169, 275
908612.3.peg.2436.site.50, 7, 177, 184
908612.3.peg.2436.site.51, 38, 171, 209
908612.3.peg.2436.site.52, 6, 168, 174
908612.3.peg.2436.site.53, 72, 152, 224
908612.3.peg.2436.site.54, 0, 154, 154
908612.3.peg.2436.site.55, 0, 152, 152
908612.3.peg.2436.site.56, 21, 172, 193
908612.3.peg.2436.site.57, 20, 171, 191
908612.3.peg.2436.site.58, 2, 175, 177
908612.3.peg.2436.site.59, 57, 170, 227
908612.3.peg.2436.site.60, 50, 176, 226
908612.3.peg.2436.site.61, 8, 177, 185
908612.3.peg.2436.site.62, 46, 173, 219
908612.3.peg.2436.site.63, 38, 178, 216
908612.3.peg.2436.site.64, 0, 180, 180
908612.3.peg.2436.site.65, 0, 179, 179
908612.3.peg.2436.site.66, 49, 156, 205
908612.3.peg.2431.site.1, 6, 177, 183
908612.3.peg.2431.site.2, 37, 174, 211
908612.3.peg.2431.site.3, 5, 176, 181
908612.3.peg.2431.site.4, 6, 154, 160
908612.3.peg.2431.site.5, 0, 128, 128
908612.3.peg.2431.site.6, 1, 141, 142
908612.3.peg.2431.site.7, 64, 146, 210
908612.3.peg.2431.site.8, 1, 165, 166
908612.3.peg.2431.site.9, 1, 175, 176
908612.3.peg.2431.site.10, 102, 138, 240
908612.3.peg.2431.site.11, 3, 162, 165
908612.3.peg.2431.site.12, 7, 167, 174
908612.3.peg.2431.site.13, 84, 165, 249
908612.3.peg.2431.site.14, 79, 162, 241
908612.3.peg.2431.site.15, 18, 170, 188
908612.3.peg.2431.site.16, 1, 174, 175
908612.3.peg.2431.site.17, 1, 174, 175
908612.3.peg.2431.site.18, 101, 138, 239
908612.3.peg.2431.site.19, 25, 137, 162
908612.3.peg.2431.site.20, 16, 155, 171
908612.3.peg.2431.site.21, 0, 177, 177
908612.3.peg.2431.site.22, 64, 174, 238
908612.3.peg.2431.site.23, 5, 179, 184
908612.3.peg.2430.site.1, 1, 175, 176
908612.3.peg.2430.site.2, 6, 171, 177
908612.3.peg.2430.site.3, 7, 176, 183
908612.3.peg.2430.site.4, 1, 179, 180
908612.3.peg.2430.site.5, 3, 179, 182
908612.3.peg.2430.site.6, 21, 178, 199
908612.3.peg.2430.site.7, 23, 178, 201
908612.3.peg.2430.site.8, 22, 179, 201
908612.3.peg.2430.site.9, 2, 178, 180
908612.3.peg.2430.site.10, 48, 171, 219
908612.3.peg.2430.site.11, 0, 178, 178
908612.3.peg.2430.site.12, 25, 177, 202
908612.3.peg.2430.site.13, 0, 173, 173
908612.3.peg.2430.site.14, 10, 178, 188
908612.3.peg.2430.site.15, 2, 178, 180
908612.3.peg.2430.site.16, 3, 139, 142
908612.3.peg.2430.site.17, 21, 126, 147
908612.3.peg.2430.site.18, 16, 159, 175
908612.3.peg.2430.site.19, 10, 160, 170
908612.3.peg.2430.site.20, 21, 162, 183
908612.3.peg.2430.site.21, 0, 168, 168
908612.3.peg.2430.site.22, 3, 167, 170
908612.3.peg.2430.site.23, 25, 168, 193
908612.3.peg.2430.site.24, 0, 169, 169
908612.3.peg.2430.site.25, 25, 169, 194
908612.3.peg.2430.site.26, 0, 168, 168
908612.3.peg.2430.site.27, 3, 154, 157
908612.3.peg.2430.site.28, 2, 154, 156
908612.3.peg.2430.site.29, 85, 131, 216
908612.3.peg.2430.site.30, 97, 120, 217
908612.3.peg.2430.site.31, 2, 127, 129
908612.3.peg.2430.site.32, 1, 131, 132
908612.3.peg.2430.site.33, 3, 145, 148
908612.3.peg.2430.site.34, 2, 170, 172
908612.3.peg.2430.site.35, 3, 168, 171
908612.3.peg.2430.site.36, 7, 154, 161
908612.3.peg.2430.site.37, 0, 119, 119
908612.3.peg.2430.site.38, 29, 90, 119
908612.3.peg.2430.site.39, 29, 95, 124
908612.3.peg.2430.site.40, 27, 89, 116
908612.3.peg.2430.site.41, 12, 101, 113
908612.3.peg.2430.site.42, 27, 148, 175
908612.3.peg.2430.site.43, 0, 164, 164
908612.3.peg.2430.site.44, 10, 165, 175
908612.3.peg.2430.site.45, 4, 167, 171
908612.3.peg.2430.site.46, 1, 172, 173
908612.3.peg.2430.site.47, 9, 177, 186
908612.3.peg.2430.site.48, 0, 180, 180
908612.3.peg.2433.site.1, 40, 176, 216
908612.3.peg.2433.site.2, 0, 180, 180
908612.3.peg.2433.site.3, 29, 175, 204
908612.3.peg.2433.site.4, 32, 176, 208
908612.3.peg.2433.site.5, 24, 177, 201
908612.3.peg.2433.site.6, 107, 173, 280
908612.3.peg.2433.site.7, 84, 173, 257
908612.3.peg.2433.site.8, 84, 174, 258
908612.3.peg.2433.site.9, 6, 177, 183
908612.3.peg.2433.site.10, 1, 177, 178
908612.3.peg.2433.site.11, 28, 175, 203
908612.3.peg.2432.site.1, 3, 180, 183
908612.3.peg.2432.site.2, 76, 176, 252
908612.3.peg.2432.site.3, 98, 176, 274
908612.3.peg.2432.site.4, 65, 176, 241
908612.3.peg.2432.site.5, 96, 176, 272
908612.3.peg.2432.site.6, 16, 180, 196
908612.3.peg.2432.site.7, 0, 180, 180
908612.3.peg.2432.site.8, 3, 180, 183
908612.3.peg.2432.site.9, 4, 179, 183
908612.3.peg.2432.site.10, 0, 178, 178
908612.3.peg.2432.site.11, 12, 180, 192
908612.3.peg.2432.site.12, 5, 177, 182
908612.3.peg.2439.site.1, 0, 179, 179
908612.3.peg.2439.site.2, 54, 177, 231
908612.3.peg.2438.site.1, 3, 180, 183
908612.3.peg.2438.site.2, 41, 168, 209
908612.3.peg.2438.site.3, 90, 167, 257
908612.3.peg.2438.site.4, 13, 171, 184
908612.3.peg.2438.site.5, 16, 165, 181
908612.3.peg.2438.site.6, 3, 179, 182
908612.3.peg.2438.site.7, 1, 179, 180
908612.3.peg.2438.site.8, 0, 179, 179
908612.3.peg.2438.site.9, 23, 175, 198
908612.3.peg.2438.site.10, 19, 166, 185
908612.3.peg.2438.site.11, 5, 172, 177
908612.3.peg.2438.site.12, 6, 172, 178
908612.3.peg.2438.site.13, 96, 124, 220
908612.3.peg.2438.site.14, 96, 123, 219
908612.3.peg.2438.site.15, 6, 131, 137
908612.3.peg.2438.site.16, 0, 171, 171
908612.3.peg.2438.site.17, 76, 128, 204
908612.3.peg.2438.site.18, 141, 168, 309
908612.3.peg.2438.site.19, 4, 175, 179
908612.3.peg.2438.site.20, 1, 176, 177
908612.3.peg.2438.site.21, 111, 168, 279
908612.3.peg.2438.site.22, 55, 169, 224
908612.3.peg.2438.site.23, 0, 162, 162
908612.3.peg.2438.site.24, 2, 173, 175
908612.3.peg.2438.site.25, 0, 172, 172
908612.3.peg.2438.site.26, 0, 175, 175
908612.3.peg.2438.site.27, 0, 177, 177
908612.3.peg.2438.site.28, 54, 174, 228
908612.3.peg.2945.site.1, 34, 175, 209
908612.3.peg.2945.site.2, 1, 176, 177
908612.3.peg.2945.site.3, 0, 177, 177
908612.3.peg.2945.site.4, 8, 173, 181
908612.3.peg.2945.site.5, 0, 178, 178
908612.3.peg.2945.site.6, 47, 177, 224
908612.3.peg.2945.site.7, 2, 179, 181
908612.3.peg.2945.site.8, 0, 180, 180
908612.3.peg.2945.site.9, 17, 178, 195
908612.3.peg.2945.site.10, 30, 176, 206
908612.3.peg.2945.site.11, 55, 176, 231
908612.3.peg.2945.site.12, 70, 172, 242
908612.3.peg.2945.site.13, 0, 180, 180
908612.3.peg.2945.site.14, 3, 180, 183
908612.3.peg.2945.site.15, 0, 180, 180
908612.3.peg.2945.site.16, 37, 176, 213
908612.3.peg.2945.site.17, 2, 179, 181
908612.3.peg.2945.site.18, 0, 180, 180
908612.3.peg.2945.site.19, 52, 177, 229
908612.3.peg.2945.site.20, 2, 180, 182
908612.3.peg.2945.site.21, 4, 175, 179
908612.3.peg.2945.site.22, 2, 180, 182
908612.3.peg.2945.site.23, 5, 179, 184
908612.3.peg.2945.site.24, 35, 177, 212
908612.3.peg.2945.site.25, 2, 178, 180
908612.3.peg.2945.site.26, 1, 155, 156
908612.3.peg.2945.site.27, 2, 155, 157
908612.3.peg.2945.site.28, 9, 151, 160
908612.3.peg.2945.site.29, 15, 114, 129
908612.3.peg.2945.site.30, 1, 125, 126
908612.3.peg.2945.site.31, 1, 125, 126
908612.3.peg.2945.site.32, 14, 129, 143
908612.3.peg.2945.site.33, 1, 155, 156
908612.3.peg.2945.site.34, 54, 173, 227
908612.3.peg.2944.site.1, 41, 178, 219
908612.3.peg.2944.site.2, 3, 179, 182
908612.3.peg.2944.site.3, 70, 170, 240
908612.3.peg.2944.site.4, 0, 178, 178
908612.3.peg.2944.site.5, 1, 173, 174
908612.3.peg.2944.site.6, 13, 179, 192
908612.3.peg.2947.site.1, 10, 162, 172
908612.3.peg.2947.site.2, 3, 167, 170
908612.3.peg.2947.site.3, 0, 126, 126
908612.3.peg.2947.site.4, 0, 130, 130
908612.3.peg.2947.site.5, 10, 168, 178
908612.3.peg.2947.site.6, 0, 154, 154
908612.3.peg.2947.site.7, 0, 158, 158
908612.3.peg.2947.site.8, 0, 161, 161
908612.3.peg.2947.site.9, 35, 175, 210
908612.3.peg.2947.site.10, 3, 179, 182
908612.3.peg.2947.site.11, 0, 169, 169
908612.3.peg.2947.site.12, 2, 152, 154
908612.3.peg.2947.site.13, 1, 170, 171
908612.3.peg.2947.site.14, 1, 167, 168
908612.3.peg.2947.site.15, 2, 177, 179
908612.3.peg.2947.site.16, 0, 175, 175
908612.3.peg.2947.site.17, 134, 178, 312
908612.3.peg.2947.site.18, 96, 176, 272
908612.3.peg.2947.site.19, 22, 174, 196
908612.3.peg.2947.site.20, 16, 176, 192
908612.3.peg.2947.site.21, 53, 172, 225
908612.3.peg.2947.site.22, 2, 178, 180
908612.3.peg.2947.site.23, 79, 174, 253
908612.3.peg.2947.site.24, 19, 176, 195
908612.3.peg.2947.site.25, 2, 177, 179
908612.3.peg.2947.site.26, 77, 173, 250
908612.3.peg.2947.site.27, 4, 180, 184
908612.3.peg.2947.site.28, 2, 179, 181
908612.3.peg.2947.site.29, 29, 177, 206
908612.3.peg.2947.site.30, 2, 179, 181
908612.3.peg.2947.site.31, 110, 174, 284
908612.3.peg.2947.site.32, 0, 180, 180
908612.3.peg.2947.site.33, 21, 180, 201
908612.3.peg.2947.site.34, 33, 178, 211
908612.3.peg.2947.site.35, 134, 179, 313
908612.3.peg.2947.site.36, 112, 178, 290
908612.3.peg.2946.site.1, 34, 178, 212
908612.3.peg.2946.site.2, 4, 158, 162
908612.3.peg.2946.site.3, 4, 155, 159
908612.3.peg.2946.site.4, 30, 136, 166
908612.3.peg.2946.site.5, 1, 150, 151
908612.3.peg.2946.site.6, 4, 154, 158
908612.3.peg.2946.site.7, 25, 178, 203
908612.3.peg.2946.site.8, 0, 180, 180
908612.3.peg.2946.site.9, 52, 172, 224
908612.3.peg.2946.site.10, 11, 177, 188
908612.3.peg.2946.site.11, 74, 139, 213
908612.3.peg.2946.site.12, 2, 129, 131
908612.3.peg.2946.site.13, 21, 114, 135
908612.3.peg.2946.site.14, 73, 137, 210
908612.3.peg.2946.site.15, 3, 154, 157
908612.3.peg.2946.site.16, 8, 174, 182
908612.3.peg.2946.site.17, 7, 174, 181
908612.3.peg.2946.site.18, 128, 176, 304
908612.3.peg.2946.site.19, 25, 175, 200
908612.3.peg.2946.site.20, 69, 176, 245
908612.3.peg.2946.site.21, 6, 180, 186
908612.3.peg.2946.site.22, 77, 176, 253
908612.3.peg.2946.site.23, 23, 177, 200
908612.3.peg.2946.site.24, 0, 179, 179
908612.3.peg.2946.site.25, 0, 180, 180
908612.3.peg.2946.site.26, 111, 167, 278
908612.3.peg.2946.site.27, 0, 179, 179
908612.3.peg.2946.site.28, 79, 174, 253
908612.3.peg.2946.site.29, 138, 168, 306
908612.3.peg.2946.site.30, 0, 174, 174
908612.3.peg.2946.site.31, 105, 135, 240
908612.3.peg.2946.site.32, 116, 146, 262
908612.3.peg.2946.site.33, 127, 158, 285
908612.3.peg.2946.site.34, 1, 161, 162
908612.3.peg.2946.site.35, 1, 127, 128
908612.3.peg.2946.site.36, 1, 125, 126
908612.3.peg.2946.site.37, 0, 124, 124
908612.3.peg.2941.site.1, 2, 179, 181
908612.3.peg.2941.site.2, 0, 177, 177
908612.3.peg.2941.site.3, 11, 176, 187
908612.3.peg.2941.site.4, 88, 178, 266
908612.3.peg.2941.site.5, 3, 177, 180
908612.3.peg.2941.site.6, 29, 176, 205
908612.3.peg.2941.site.7, 23, 173, 196
908612.3.peg.2941.site.8, 31, 176, 207
908612.3.peg.2941.site.9, 2, 172, 174
908612.3.peg.2940.site.1, 1, 180, 181
908612.3.peg.2940.site.2, 112, 177, 289
908612.3.peg.2940.site.3, 128, 173, 301
908612.3.peg.2940.site.4, 81, 173, 254
908612.3.peg.2940.site.5, 27, 168, 195
908612.3.peg.2940.site.6, 7, 139, 146
908612.3.peg.2940.site.7, 18, 142, 160
908612.3.peg.2940.site.8, 6, 144, 150
908612.3.peg.2940.site.9, 18, 162, 180
908612.3.peg.2940.site.10, 2, 160, 162
908612.3.peg.2940.site.11, 2, 165, 167
908612.3.peg.2940.site.12, 2, 178, 180
908612.3.peg.2943.site.1, 0, 179, 179
908612.3.peg.2943.site.2, 6, 178, 184
908612.3.peg.2943.site.3, 1, 175, 176
908612.3.peg.2943.site.4, 9, 178, 187
908612.3.peg.2943.site.5, 0, 180, 180
908612.3.peg.2943.site.6, 6, 180, 186
908612.3.peg.2943.site.7, 8, 179, 187
908612.3.peg.2943.site.8, 58, 179, 237
908612.3.peg.2943.site.9, 8, 180, 188
908612.3.peg.2943.site.10, 1, 180, 181
908612.3.peg.2943.site.11, 43, 180, 223
908612.3.peg.2942.site.1, 79, 178, 257
908612.3.peg.2942.site.2, 3, 178, 181
908612.3.peg.2942.site.3, 0, 180, 180
908612.3.peg.2942.site.4, 0, 180, 180
908612.3.peg.2942.site.5, 26, 177, 203
908612.3.peg.2942.site.6, 0, 178, 178
908612.3.peg.2942.site.7, 0, 179, 179
908612.3.peg.2942.site.8, 3, 179, 182
908612.3.peg.2942.site.9, 0, 180, 180
908612.3.peg.2942.site.10, 67, 177, 244
908612.3.peg.2942.site.11, 0, 179, 179
908612.3.peg.2949.site.1, 31, 172, 203
908612.3.peg.2949.site.2, 39, 174, 213
908612.3.peg.2948.site.1, 133, 177, 310
908612.3.peg.2948.site.2, 43, 172, 215
908612.3.peg.2948.site.3, 0, 169, 169
908612.3.peg.2948.site.4, 12, 169, 181
908612.3.peg.2948.site.5, 1, 158, 159
908612.3.peg.2948.site.6, 1, 170, 171
908612.3.peg.2948.site.7, 34, 177, 211
908612.3.peg.2948.site.8, 6, 174, 180
908612.3.peg.2948.site.9, 32, 174, 206
908612.3.peg.2948.site.10, 32, 176, 208
908612.3.peg.2948.site.11, 8, 178, 186
908612.3.peg.2948.site.12, 0, 180, 180
908612.3.peg.2948.site.13, 1, 180, 181
908612.3.peg.2948.site.14, 56, 178, 234
908612.3.peg.2948.site.15, 27, 178, 205
908612.3.peg.2948.site.16, 118, 176, 294
908612.3.peg.2948.site.17, 22, 180, 202
908612.3.peg.2948.site.18, 63, 177, 240
908612.3.peg.2948.site.19, 86, 178, 264
908612.3.peg.2948.site.20, 83, 177, 260
908612.3.peg.2948.site.21, 3, 179, 182
908612.3.peg.2948.site.22, 83, 177, 260
908612.3.peg.2948.site.23, 31, 160, 191
908612.3.peg.2948.site.24, 0, 157, 157
908612.3.peg.2948.site.25, 68, 147, 215
908612.3.peg.2948.site.26, 1, 151, 152
908612.3.peg.2948.site.27, 2, 162, 164
908612.3.peg.2948.site.28, 16, 151, 167
908612.3.peg.2948.site.29, 21, 170, 191
908612.3.peg.2948.site.30, 8, 171, 179
908612.3.peg.1863.site.1, 0, 178, 178
908612.3.peg.1863.site.2, 1, 179, 180
908612.3.peg.1863.site.3, 0, 177, 177
908612.3.peg.1863.site.4, 13, 176, 189
908612.3.peg.1863.site.5, 65, 177, 242
908612.3.peg.1863.site.6, 129, 180, 309
908612.3.peg.1863.site.7, 1, 180, 181
908612.3.peg.1863.site.8, 3, 177, 180
908612.3.peg.1863.site.9, 20, 178, 198
908612.3.peg.1863.site.10, 0, 180, 180
908612.3.peg.1863.site.11, 3, 180, 183
908612.3.peg.1863.site.12, 60, 179, 239
908612.3.peg.1863.site.13, 1, 180, 181
908612.3.peg.1863.site.14, 2, 176, 178
908612.3.peg.1863.site.15, 0, 179, 179
908612.3.peg.1863.site.16, 23, 179, 202
908612.3.peg.1863.site.17, 6, 174, 180
908612.3.peg.1862.site.1, 7, 176, 183
908612.3.peg.1862.site.2, 7, 175, 182
908612.3.peg.1862.site.3, 1, 178, 179
908612.3.peg.1862.site.4, 68, 179, 247
908612.3.peg.1862.site.5, 51, 173, 224
908612.3.peg.1862.site.6, 51, 173, 224
908612.3.peg.1862.site.7, 53, 178, 231
908612.3.peg.1862.site.8, 0, 177, 177
908612.3.peg.1862.site.9, 1, 180, 181
908612.3.peg.1862.site.10, 23, 176, 199
908612.3.peg.1862.site.11, 2, 178, 180
908612.3.peg.1862.site.12, 74, 170, 244
908612.3.peg.1862.site.13, 10, 170, 180
908612.3.peg.1862.site.14, 55, 168, 223
908612.3.peg.1862.site.15, 1, 169, 170
908612.3.peg.1862.site.16, 39, 167, 206
908612.3.peg.1862.site.17, 6, 150, 156
908612.3.peg.1862.site.18, 10, 154, 164
908612.3.peg.1862.site.19, 56, 154, 210
908612.3.peg.1861.site.1, 4, 178, 182
908612.3.peg.1861.site.2, 72, 173, 245
908612.3.peg.1861.site.3, 112, 173, 285
908612.3.peg.1861.site.4, 3, 174, 177
908612.3.peg.1861.site.5, 1, 178, 179
908612.3.peg.1861.site.6, 15, 178, 193
908612.3.peg.1861.site.7, 1, 180, 181
908612.3.peg.1861.site.8, 1, 178, 179
908612.3.peg.1861.site.9, 0, 180, 180
908612.3.peg.1861.site.10, 128, 177, 305
908612.3.peg.1861.site.11, 53, 178, 231
908612.3.peg.1861.site.12, 73, 176, 249
908612.3.peg.1861.site.13, 7, 177, 184
908612.3.peg.1861.site.14, 66, 177, 243
908612.3.peg.1861.site.15, 4, 180, 184
908612.3.peg.1861.site.16, 6, 178, 184
908612.3.peg.1861.site.17, 7, 180, 187
908612.3.peg.1861.site.18, 22, 180, 202
908612.3.peg.1861.site.19, 0, 180, 180
908612.3.peg.1861.site.20, 32, 174, 206
908612.3.peg.1861.site.21, 33, 172, 205
908612.3.peg.1861.site.22, 71, 178, 249
908612.3.peg.1861.site.23, 28, 178, 206
908612.3.peg.1861.site.24, 11, 177, 188
908612.3.peg.1861.site.25, 78, 173, 251
908612.3.peg.1861.site.26, 71, 178, 249
908612.3.peg.1861.site.27, 62, 177, 239
908612.3.peg.1861.site.28, 67, 178, 245
908612.3.peg.1861.site.29, 18, 176, 194
908612.3.peg.1861.site.30, 69, 177, 246
908612.3.peg.1861.site.31, 0, 179, 179
908612.3.peg.1861.site.32, 0, 180, 180
908612.3.peg.1861.site.33, 0, 178, 178
908612.3.peg.1861.site.34, 47, 177, 224
908612.3.peg.1860.site.1, 0, 179, 179
908612.3.peg.1860.site.2, 9, 177, 186
908612.3.peg.1860.site.3, 2, 176, 178
908612.3.peg.1860.site.4, 1, 176, 177
908612.3.peg.1860.site.5, 13, 173, 186
908612.3.peg.1860.site.6, 0, 171, 171
908612.3.peg.1860.site.7, 103, 155, 258
908612.3.peg.1860.site.8, 3, 161, 164
908612.3.peg.1860.site.9, 0, 178, 178
908612.3.peg.1860.site.10, 4, 178, 182
908612.3.peg.1860.site.11, 0, 180, 180
908612.3.peg.1860.site.12, 31, 174, 205
908612.3.peg.1860.site.13, 1, 180, 181
908612.3.peg.1860.site.14, 1, 180, 181
908612.3.peg.1860.site.15, 3, 180, 183
908612.3.peg.1860.site.16, 65, 176, 241
908612.3.peg.1860.site.17, 0, 179, 179
908612.3.peg.1860.site.18, 9, 178, 187
908612.3.peg.1860.site.19, 121, 177, 298
908612.3.peg.1860.site.20, 90, 178, 268
908612.3.peg.1860.site.21, 3, 180, 183
908612.3.peg.1860.site.22, 0, 178, 178
908612.3.peg.1860.site.23, 69, 170, 239
908612.3.peg.1860.site.24, 99, 169, 268
908612.3.peg.1860.site.25, 3, 175, 178
908612.3.peg.1860.site.26, 84, 175, 259
908612.3.peg.1860.site.27, 73, 169, 242
908612.3.peg.1860.site.28, 74, 172, 246
908612.3.peg.1860.site.29, 20, 170, 190
908612.3.peg.1860.site.30, 2, 180, 182
908612.3.peg.1860.site.31, 8, 179, 187
908612.3.peg.1867.site.1, 9, 180, 189
908612.3.peg.1867.site.2, 9, 180, 189
908612.3.peg.1867.site.3, 3, 179, 182
908612.3.peg.1867.site.4, 6, 180, 186
908612.3.peg.1867.site.5, 9, 180, 189
908612.3.peg.1867.site.6, 0, 178, 178
908612.3.peg.1867.site.7, 4, 177, 181
908612.3.peg.1867.site.8, 6, 178, 184
908612.3.peg.1866.site.1, 2, 179, 181
908612.3.peg.1866.site.2, 0, 176, 176
908612.3.peg.1866.site.3, 3, 163, 166
908612.3.peg.1866.site.4, 101, 177, 278
908612.3.peg.1866.site.5, 27, 178, 205
908612.3.peg.1866.site.6, 27, 178, 205
908612.3.peg.1866.site.7, 2, 180, 182
908612.3.peg.1866.site.8, 18, 180, 198
908612.3.peg.1866.site.9, 3, 178, 181
908612.3.peg.1866.site.10, 25, 175, 200
908612.3.peg.1866.site.11, 25, 175, 200
908612.3.peg.1866.site.12, 21, 177, 198
908612.3.peg.1866.site.13, 33, 177, 210
908612.3.peg.1866.site.14, 78, 174, 252
908612.3.peg.1866.site.15, 24, 178, 202
908612.3.peg.1866.site.16, 0, 180, 180
908612.3.peg.1866.site.17, 59, 178, 237
908612.3.peg.1865.site.1, 2, 177, 179
908612.3.peg.1865.site.2, 14, 149, 163
908612.3.peg.1864.site.1, 29, 178, 207
908612.3.peg.1864.site.2, 0, 180, 180
908612.3.peg.1864.site.3, 34, 175, 209
908612.3.peg.1864.site.4, 24, 176, 200
908612.3.peg.1864.site.5, 25, 176, 201
908612.3.peg.1864.site.6, 77, 173, 250
908612.3.peg.1864.site.7, 0, 177, 177
908612.3.peg.1864.site.8, 26, 177, 203
908612.3.peg.1864.site.9, 26, 177, 203
908612.3.peg.1864.site.10, 27, 178, 205
908612.3.peg.1864.site.11, 27, 178, 205
908612.3.peg.1864.site.12, 26, 175, 201
908612.3.peg.1864.site.13, 35, 176, 211
908612.3.peg.1864.site.14, 3, 177, 180
908612.3.peg.1864.site.15, 24, 175, 199
908612.3.peg.1864.site.16, 23, 171, 194
908612.3.peg.1864.site.17, 26, 174, 200
908612.3.peg.1864.site.18, 33, 176, 209
908612.3.peg.1864.site.19, 6, 178, 184
908612.3.peg.1864.site.20, 10, 179, 189
908612.3.peg.1864.site.21, 10, 179, 189
908612.3.peg.1864.site.22, 30, 178, 208
908612.3.peg.1864.site.23, 44, 178, 222
908612.3.peg.1864.site.24, 17, 178, 195
908612.3.peg.1864.site.25, 110, 178, 288
908612.3.peg.1864.site.26, 31, 178, 209
908612.3.peg.1864.site.27, 30, 178, 208
908612.3.peg.1864.site.28, 0, 178, 178
908612.3.peg.1864.site.29, 14, 160, 174
908612.3.peg.1864.site.30, 11, 159, 170
908612.3.peg.1869.site.1, 0, 178, 178
908612.3.peg.1869.site.2, 77, 176, 253
908612.3.peg.1869.site.3, 4, 180, 184
908612.3.peg.1869.site.4, 6, 180, 186
908612.3.peg.1869.site.5, 49, 177, 226
908612.3.peg.1869.site.6, 0, 179, 179
908612.3.peg.1869.site.7, 2, 174, 176
908612.3.peg.1869.site.8, 6, 172, 178
908612.3.peg.1869.site.9, 1, 168, 169
908612.3.peg.1869.site.10, 0, 168, 168
908612.3.peg.1869.site.11, 7, 165, 172
908612.3.peg.1869.site.12, 1, 165, 166
908612.3.peg.1869.site.13, 38, 167, 205
908612.3.peg.1869.site.14, 59, 136, 195
908612.3.peg.1868.site.1, 0, 180, 180
908612.3.peg.1868.site.2, 36, 134, 170
908612.3.peg.1868.site.3, 3, 123, 126
908612.3.peg.1868.site.4, 50, 117, 167
908612.3.peg.1868.site.5, 1, 104, 105
908612.3.peg.1868.site.6, 79, 144, 223
908612.3.peg.1868.site.7, 1, 152, 153
908612.3.peg.1868.site.8, 3, 179, 182
908612.3.peg.1868.site.9, 4, 177, 181
908612.3.peg.1868.site.10, 0, 177, 177
908612.3.peg.1868.site.11, 88, 176, 264
908612.3.peg.1868.site.12, 47, 172, 219
908612.3.peg.1868.site.13, 50, 170, 220
908612.3.peg.1868.site.14, 93, 175, 268
908612.3.peg.1868.site.15, 61, 173, 234
908612.3.peg.1868.site.16, 0, 179, 179
908612.3.peg.1868.site.17, 6, 180, 186
908612.3.peg.1868.site.18, 0, 180, 180
908612.3.peg.1868.site.19, 2, 179, 181
908612.3.peg.1868.site.20, 1, 180, 181
908612.3.peg.1868.site.21, 0, 178, 178
908612.3.peg.1868.site.22, 2, 177, 179
908612.3.peg.1868.site.23, 0, 178, 178
908612.3.peg.1868.site.24, 41, 176, 217
908612.3.peg.1868.site.25, 7, 177, 184
908612.3.peg.1868.site.26, 2, 180, 182
908612.3.peg.1868.site.27, 2, 178, 180
908612.3.peg.1868.site.28, 1, 180, 181
908612.3.peg.1868.site.29, 24, 175, 199
908612.3.peg.1868.site.30, 77, 176, 253
908612.3.peg.1868.site.31, 108, 178, 286
908612.3.peg.1868.site.32, 22, 177, 199
908612.3.peg.2765.site.1, 0, 178, 178
908612.3.peg.2765.site.2, 86, 173, 259
908612.3.peg.2765.site.3, 0, 176, 176
908612.3.peg.2765.site.4, 0, 174, 174
908612.3.peg.2765.site.5, 9, 177, 186
908612.3.peg.2096.site.1, 23, 159, 182
908612.3.peg.2096.site.2, 22, 157, 179
908612.3.peg.2096.site.3, 22, 158, 180
908612.3.peg.2096.site.4, 20, 155, 175
908612.3.peg.2096.site.5, 2, 158, 160
908612.3.peg.2096.site.6, 37, 175, 212
908612.3.peg.2096.site.7, 1, 178, 179
908612.3.peg.2096.site.8, 32, 177, 209
908612.3.peg.2096.site.9, 78, 169, 247
908612.3.peg.2096.site.10, 0, 176, 176
908612.3.peg.2096.site.11, 44, 175, 219
908612.3.peg.2096.site.12, 5, 179, 184
908612.3.peg.2096.site.13, 38, 179, 217
908612.3.peg.2096.site.14, 32, 177, 209
908612.3.peg.2096.site.15, 0, 179, 179
908612.3.peg.2096.site.16, 17, 176, 193
908612.3.peg.2096.site.17, 0, 178, 178
908612.3.peg.2096.site.18, 5, 177, 182
908612.3.peg.2096.site.19, 76, 174, 250
908612.3.peg.2095.site.1, 46, 176, 222
908612.3.peg.2095.site.2, 16, 176, 192
908612.3.peg.2095.site.3, 39, 179, 218
908612.3.peg.2094.site.1, 3, 179, 182
908612.3.peg.2094.site.2, 1, 180, 181
908612.3.peg.2094.site.3, 0, 177, 177
908612.3.peg.2094.site.4, 151, 180, 331
908612.3.peg.2094.site.5, 22, 176, 198
908612.3.peg.2094.site.6, 5, 165, 170
908612.3.peg.2094.site.7, 40, 131, 171
908612.3.peg.2094.site.8, 27, 116, 143
908612.3.peg.2094.site.9, 21, 104, 125
908612.3.peg.2094.site.10, 0, 106, 106
908612.3.peg.2094.site.11, 22, 109, 131
908612.3.peg.2094.site.12, 32, 161, 193
908612.3.peg.2094.site.13, 0, 172, 172
908612.3.peg.2094.site.14, 63, 175, 238
908612.3.peg.2094.site.15, 20, 175, 195
908612.3.peg.2094.site.16, 52, 176, 228
908612.3.peg.2094.site.17, 0, 178, 178
908612.3.peg.2094.site.18, 7, 177, 184
908612.3.peg.2093.site.1, 5, 179, 184
908612.3.peg.2093.site.2, 6, 180, 186
908612.3.peg.2093.site.3, 91, 174, 265
908612.3.peg.2093.site.4, 9, 123, 132
908612.3.peg.2093.site.5, 0, 158, 158
908612.3.peg.2093.site.6, 1, 168, 169
908612.3.peg.2093.site.7, 0, 176, 176
908612.3.peg.2093.site.8, 6, 170, 176
908612.3.peg.2093.site.9, 10, 153, 163
908612.3.peg.2093.site.10, 16, 152, 168
908612.3.peg.2093.site.11, 31, 142, 173
908612.3.peg.2093.site.12, 27, 138, 165
908612.3.peg.2093.site.13, 44, 157, 201
908612.3.peg.2093.site.14, 0, 175, 175
908612.3.peg.2093.site.15, 64, 176, 240
908612.3.peg.2093.site.16, 13, 158, 171
908612.3.peg.2093.site.17, 6, 151, 157
908612.3.peg.2093.site.18, 53, 164, 217
908612.3.peg.2093.site.19, 1, 178, 179
908612.3.peg.2093.site.20, 14, 179, 193
908612.3.peg.2093.site.21, 30, 177, 207
908612.3.peg.2092.site.1, 2, 179, 181
908612.3.peg.2092.site.2, 1, 163, 164
908612.3.peg.2092.site.3, 31, 152, 183
908612.3.peg.2092.site.4, 3, 155, 158
908612.3.peg.2092.site.5, 1, 156, 157
908612.3.peg.2092.site.6, 2, 156, 158
908612.3.peg.2092.site.7, 0, 179, 179
908612.3.peg.2092.site.8, 1, 180, 181
908612.3.peg.2092.site.9, 46, 176, 222
908612.3.peg.2092.site.10, 2, 179, 181
908612.3.peg.2092.site.11, 58, 177, 235
908612.3.peg.2092.site.12, 26, 179, 205
908612.3.peg.2092.site.13, 9, 178, 187
908612.3.peg.2092.site.14, 2, 180, 182
908612.3.peg.2092.site.15, 0, 180, 180
908612.3.peg.2092.site.16, 7, 178, 185
908612.3.peg.2092.site.17, 2, 179, 181
908612.3.peg.2092.site.18, 0, 180, 180
908612.3.peg.2763.site.1, 0, 177, 177
908612.3.peg.2763.site.2, 5, 176, 181
908612.3.peg.2763.site.3, 3, 178, 181
908612.3.peg.2763.site.4, 0, 177, 177
908612.3.peg.2763.site.5, 3, 178, 181
908612.3.peg.2763.site.6, 0, 178, 178
908612.3.peg.2763.site.7, 0, 178, 178
908612.3.peg.2763.site.8, 1, 176, 177
908612.3.peg.2763.site.9, 46, 178, 224
908612.3.peg.2763.site.10, 0, 178, 178
908612.3.peg.2763.site.11, 17, 178, 195
908612.3.peg.2763.site.12, 0, 177, 177
908612.3.peg.2763.site.13, 15, 178, 193
908612.3.peg.2763.site.14, 103, 175, 278
908612.3.peg.2763.site.15, 79, 173, 252
908612.3.peg.2763.site.16, 88, 173, 261
908612.3.peg.2763.site.17, 12, 178, 190
908612.3.peg.2763.site.18, 1, 178, 179
908612.3.peg.2763.site.19, 6, 178, 184
908612.3.peg.2763.site.20, 106, 176, 282
908612.3.peg.2763.site.21, 134, 176, 310
908612.3.peg.2763.site.22, 1, 178, 179
908612.3.peg.2763.site.23, 1, 178, 179
908612.3.peg.2763.site.24, 8, 178, 186
908612.3.peg.2763.site.25, 1, 177, 178
908612.3.peg.2763.site.26, 1, 175, 176
908612.3.peg.2090.site.1, 2, 147, 149
908612.3.peg.2090.site.2, 127, 172, 299
908612.3.peg.2090.site.3, 127, 176, 303
908612.3.peg.2090.site.4, 11, 176, 187
908612.3.peg.2090.site.5, 6, 177, 183
908612.3.peg.2979.site.1, 30, 175, 205
908612.3.peg.2979.site.2, 30, 175, 205
908612.3.peg.2979.site.3, 30, 175, 205
908612.3.peg.2979.site.4, 96, 174, 270
908612.3.peg.2979.site.5, 1, 179, 180
908612.3.peg.2979.site.6, 5, 180, 185
908612.3.peg.2979.site.7, 26, 180, 206
908612.3.peg.2979.site.8, 26, 178, 204
908612.3.peg.2979.site.9, 33, 176, 209
908612.3.peg.2979.site.10, 9, 179, 188
908612.3.peg.2979.site.11, 1, 180, 181
908612.3.peg.2979.site.12, 1, 178, 179
908612.3.peg.2979.site.13, 45, 176, 221
908612.3.peg.2979.site.14, 38, 177, 215
908612.3.peg.2979.site.15, 0, 178, 178
908612.3.peg.2979.site.16, 0, 179, 179
908612.3.peg.2979.site.17, 98, 176, 274
908612.3.peg.2979.site.18, 63, 177, 240
908612.3.peg.2979.site.19, 0, 169, 169
908612.3.peg.2979.site.20, 0, 173, 173
908612.3.peg.2979.site.21, 0, 180, 180
908612.3.peg.2979.site.22, 62, 176, 238
908612.3.peg.2979.site.23, 62, 176, 238
908612.3.peg.2979.site.24, 134, 176, 310
908612.3.peg.2979.site.25, 0, 179, 179
908612.3.peg.2979.site.26, 0, 180, 180
908612.3.peg.2979.site.27, 7, 180, 187
908612.3.peg.2979.site.28, 0, 180, 180
908612.3.peg.2163.site.1, 2, 180, 182
908612.3.peg.2163.site.2, 75, 178, 253
908612.3.peg.2163.site.3, 0, 178, 178
908612.3.peg.2163.site.4, 73, 173, 246
908612.3.peg.2163.site.5, 80, 173, 253
908612.3.peg.2163.site.6, 4, 176, 180
908612.3.peg.2163.site.7, 55, 161, 216
908612.3.peg.2163.site.8, 130, 160, 290
908612.3.peg.2163.site.9, 63, 156, 219
908612.3.peg.2163.site.10, 6, 141, 147
908612.3.peg.2163.site.11, 2, 153, 155
908612.3.peg.2163.site.12, 53, 156, 209
908612.3.peg.2163.site.13, 132, 149, 281
908612.3.peg.2163.site.14, 120, 147, 267
908612.3.peg.2163.site.15, 57, 147, 204
908612.3.peg.2163.site.16, 54, 144, 198
908612.3.peg.2163.site.17, 55, 147, 202
908612.3.peg.2163.site.18, 106, 145, 251
908612.3.peg.2163.site.19, 137, 154, 291
908612.3.peg.2163.site.20, 2, 169, 171
908612.3.peg.2163.site.21, 8, 177, 185
908612.3.peg.2163.site.22, 4, 176, 180
908612.3.peg.2163.site.23, 3, 180, 183
908612.3.peg.2162.site.1, 99, 139, 238
908612.3.peg.2162.site.2, 1, 140, 141
908612.3.peg.2162.site.3, 0, 175, 175
908612.3.peg.2162.site.4, 1, 173, 174
908612.3.peg.2162.site.5, 136, 170, 306
908612.3.peg.2162.site.6, 9, 174, 183
908612.3.peg.2162.site.7, 1, 174, 175
908612.3.peg.2162.site.8, 99, 119, 218
908612.3.peg.2162.site.9, 11, 136, 147
908612.3.peg.2162.site.10, 133, 161, 294
908612.3.peg.2162.site.11, 0, 165, 165
908612.3.peg.2162.site.12, 2, 170, 172
908612.3.peg.2162.site.13, 70, 171, 241
908612.3.peg.2162.site.14, 146, 174, 320
908612.3.peg.2162.site.15, 1, 176, 177
908612.3.peg.2162.site.16, 21, 174, 195
908612.3.peg.2162.site.17, 1, 175, 176
908612.3.peg.2162.site.18, 0, 177, 177
908612.3.peg.2162.site.19, 3, 177, 180
908612.3.peg.2162.site.20, 8, 178, 186
908612.3.peg.2162.site.21, 3, 168, 171
908612.3.peg.2162.site.22, 87, 169, 256
908612.3.peg.2162.site.23, 0, 151, 151
908612.3.peg.2162.site.24, 1, 144, 145
908612.3.peg.2162.site.25, 126, 162, 288
908612.3.peg.2162.site.26, 40, 172, 212
908612.3.peg.2162.site.27, 0, 176, 176
908612.3.peg.2161.site.1, 2, 177, 179
908612.3.peg.2161.site.2, 128, 169, 297
908612.3.peg.2161.site.3, 4, 170, 174
908612.3.peg.2161.site.4, 2, 174, 176
908612.3.peg.2161.site.5, 1, 176, 177
908612.3.peg.2161.site.6, 0, 174, 174
908612.3.peg.2161.site.7, 7, 176, 183
908612.3.peg.2161.site.8, 130, 175, 305
908612.3.peg.2161.site.9, 1, 180, 181
908612.3.peg.2161.site.10, 1, 179, 180
908612.3.peg.2161.site.11, 2, 178, 180
908612.3.peg.2161.site.12, 122, 173, 295
908612.3.peg.2161.site.13, 2, 173, 175
908612.3.peg.2161.site.14, 1, 178, 179
908612.3.peg.2161.site.15, 15, 176, 191
908612.3.peg.2161.site.16, 19, 176, 195
908612.3.peg.2161.site.17, 3, 175, 178
908612.3.peg.2161.site.18, 0, 172, 172
908612.3.peg.2161.site.19, 1, 165, 166
908612.3.peg.2161.site.20, 5, 175, 180
908612.3.peg.2161.site.21, 8, 177, 185
908612.3.peg.2161.site.22, 1, 173, 174
908612.3.peg.2164.site.1, 6, 180, 186
908612.3.peg.2164.site.2, 3, 179, 182
908612.3.peg.2164.site.3, 131, 175, 306
908612.3.peg.2164.site.4, 132, 175, 307
908612.3.peg.2164.site.5, 2, 180, 182
908612.3.peg.2164.site.6, 0, 178, 178
908612.3.peg.2164.site.7, 1, 178, 179
908612.3.peg.2164.site.8, 5, 172, 177
908612.3.peg.2164.site.9, 1, 178, 179
908612.3.peg.2164.site.10, 3, 179, 182
908612.3.peg.2164.site.11, 8, 177, 185
908612.3.peg.2164.site.12, 7, 178, 185
908612.3.peg.2164.site.13, 36, 176, 212
908612.3.peg.2164.site.14, 114, 171, 285
908612.3.peg.2164.site.15, 23, 176, 199
908612.3.peg.2164.site.16, 1, 177, 178
908612.3.peg.2164.site.17, 125, 175, 300
908612.3.peg.2164.site.18, 7, 177, 184
908612.3.peg.2164.site.19, 127, 174, 301
908612.3.peg.2164.site.20, 124, 172, 296
908612.3.peg.2164.site.21, 23, 154, 177
908612.3.peg.2164.site.22, 3, 177, 180
908612.3.peg.2977.site.1, 22, 176, 198
908612.3.peg.2977.site.2, 0, 180, 180
908612.3.peg.2977.site.3, 99, 177, 276
908612.3.peg.2977.site.4, 78, 177, 255
908612.3.peg.2977.site.5, 100, 178, 278
908612.3.peg.2977.site.6, 25, 176, 201
908612.3.peg.2977.site.7, 21, 174, 195
908612.3.peg.2977.site.8, 29, 175, 204
908612.3.peg.2977.site.9, 3, 177, 180
908612.3.peg.2977.site.10, 4, 177, 181
908612.3.peg.2977.site.11, 1, 172, 173
908612.3.peg.2977.site.12, 12, 161, 173
908612.3.peg.2977.site.13, 14, 163, 177
908612.3.peg.2977.site.14, 18, 168, 186
908612.3.peg.2977.site.15, 0, 180, 180
908612.3.peg.2977.site.16, 19, 178, 197
908612.3.peg.2977.site.17, 65, 179, 244
908612.3.peg.2977.site.18, 29, 177, 206
908612.3.peg.2977.site.19, 55, 177, 232
908612.3.peg.2977.site.20, 63, 177, 240
908612.3.peg.2977.site.21, 28, 177, 205
908612.3.peg.2977.site.22, 13, 178, 191
908612.3.peg.2977.site.23, 0, 177, 177
908612.3.peg.2977.site.24, 0, 175, 175
908612.3.peg.2977.site.25, 5, 180, 185
908612.3.peg.2977.site.26, 39, 179, 218
908612.3.peg.2977.site.27, 13, 175, 188
908612.3.peg.2977.site.28, 18, 176, 194
908612.3.peg.2977.site.29, 1, 179, 180
908612.3.peg.2977.site.30, 4, 179, 183
908612.3.peg.2977.site.31, 16, 179, 195
908612.3.peg.2977.site.32, 0, 180, 180
908612.3.peg.2977.site.33, 18, 176, 194
908612.3.peg.2977.site.34, 0, 178, 178
908612.3.peg.2977.site.35, 0, 174, 174
908612.3.peg.2977.site.36, 11, 180, 191
908612.3.peg.2572.site.1, 6, 177, 183
908612.3.peg.2572.site.2, 6, 175, 181
908612.3.peg.2572.site.3, 2, 179, 181
908612.3.peg.2572.site.4, 10, 174, 184
908612.3.peg.2572.site.5, 13, 178, 191
908612.3.peg.2572.site.6, 15, 179, 194
908612.3.peg.2572.site.7, 10, 175, 185
908612.3.peg.2572.site.8, 11, 174, 185
908612.3.peg.2572.site.9, 26, 174, 200
908612.3.peg.2572.site.10, 11, 176, 187
908612.3.peg.2572.site.11, 0, 179, 179
908612.3.peg.2572.site.12, 27, 174, 201
908612.3.peg.2572.site.13, 0, 179, 179
908612.3.peg.2572.site.14, 6, 178, 184
908612.3.peg.2572.site.15, 34, 157, 191
908612.3.peg.2572.site.16, 58, 137, 195
908612.3.peg.658.site.1, 1, 180, 181
908612.3.peg.658.site.2, 153, 179, 332
908612.3.peg.658.site.3, 123, 178, 301
908612.3.peg.658.site.4, 139, 177, 316
908612.3.peg.658.site.5, 0, 180, 180
908612.3.peg.658.site.6, 8, 177, 185
908612.3.peg.658.site.7, 2, 178, 180
908612.3.peg.659.site.1, 157, 178, 335
908612.3.peg.659.site.2, 1, 178, 179
908612.3.peg.659.site.3, 157, 179, 336
908612.3.peg.659.site.4, 0, 179, 179
908612.3.peg.659.site.5, 0, 178, 178
908612.3.peg.659.site.6, 25, 173, 198
908612.3.peg.659.site.7, 35, 169, 204
908612.3.peg.659.site.8, 0, 141, 141
908612.3.peg.659.site.9, 1, 116, 117
908612.3.peg.659.site.10, 10, 115, 125
908612.3.peg.659.site.11, 2, 122, 124
908612.3.peg.659.site.12, 31, 131, 162
908612.3.peg.659.site.13, 6, 144, 150
908612.3.peg.659.site.14, 6, 157, 163
908612.3.peg.659.site.15, 1, 160, 161
908612.3.peg.659.site.16, 2, 160, 162
908612.3.peg.659.site.17, 5, 168, 173
908612.3.peg.659.site.18, 53, 167, 220
908612.3.peg.659.site.19, 0, 166, 166
908612.3.peg.659.site.20, 3, 175, 178
908612.3.peg.659.site.21, 55, 174, 229
908612.3.peg.659.site.22, 58, 177, 235
908612.3.peg.659.site.23, 0, 180, 180
908612.3.peg.659.site.24, 1, 179, 180
908612.3.peg.659.site.25, 36, 177, 213
908612.3.peg.659.site.26, 0, 178, 178
908612.3.peg.659.site.27, 0, 180, 180
908612.3.peg.659.site.28, 11, 180, 191
908612.3.peg.659.site.29, 35, 178, 213
908612.3.peg.659.site.30, 35, 176, 211
908612.3.peg.659.site.31, 0, 179, 179
908612.3.peg.659.site.32, 35, 178, 213
908612.3.peg.659.site.33, 35, 178, 213
908612.3.peg.659.site.34, 2, 177, 179
908612.3.peg.659.site.35, 30, 178, 208
908612.3.peg.659.site.36, 30, 178, 208
908612.3.peg.659.site.37, 2, 180, 182
908612.3.peg.650.site.1, 101, 173, 274
908612.3.peg.650.site.2, 12, 176, 188
908612.3.peg.650.site.3, 93, 169, 262
908612.3.peg.650.site.4, 102, 168, 270
908612.3.peg.650.site.5, 8, 171, 179
908612.3.peg.650.site.6, 9, 175, 184
908612.3.peg.650.site.7, 0, 178, 178
908612.3.peg.650.site.8, 28, 162, 190
908612.3.peg.650.site.9, 0, 168, 168
908612.3.peg.650.site.10, 13, 160, 173
908612.3.peg.650.site.11, 30, 177, 207
908612.3.peg.650.site.12, 0, 178, 178
908612.3.peg.650.site.13, 6, 178, 184
908612.3.peg.650.site.14, 41, 177, 218
908612.3.peg.650.site.15, 4, 179, 183
908612.3.peg.650.site.16, 0, 176, 176
908612.3.peg.650.site.17, 7, 174, 181
908612.3.peg.650.site.18, 2, 175, 177
908612.3.peg.650.site.19, 6, 177, 183
908612.3.peg.650.site.20, 0, 179, 179
908612.3.peg.650.site.21, 0, 180, 180
908612.3.peg.650.site.22, 1, 178, 179
908612.3.peg.651.site.1, 6, 179, 185
908612.3.peg.651.site.2, 4, 180, 184
908612.3.peg.652.site.1, 6, 173, 179
908612.3.peg.652.site.2, 2, 170, 172
908612.3.peg.652.site.3, 4, 175, 179
908612.3.peg.652.site.4, 148, 174, 322
908612.3.peg.652.site.5, 1, 178, 179
908612.3.peg.652.site.6, 35, 173, 208
908612.3.peg.652.site.7, 0, 180, 180
908612.3.peg.652.site.8, 10, 178, 188
908612.3.peg.652.site.9, 3, 180, 183
908612.3.peg.652.site.10, 44, 178, 222
908612.3.peg.652.site.11, 151, 179, 330
908612.3.peg.652.site.12, 67, 176, 243
908612.3.peg.652.site.13, 0, 180, 180
908612.3.peg.652.site.14, 8, 179, 187
908612.3.peg.652.site.15, 7, 179, 186
908612.3.peg.652.site.16, 9, 180, 189
908612.3.peg.652.site.17, 31, 178, 209
908612.3.peg.652.site.18, 26, 178, 204
908612.3.peg.652.site.19, 41, 176, 217
908612.3.peg.652.site.20, 0, 176, 176
908612.3.peg.652.site.21, 2, 177, 179
908612.3.peg.652.site.22, 0, 177, 177
908612.3.peg.652.site.23, 0, 177, 177
908612.3.peg.652.site.24, 0, 180, 180
908612.3.peg.652.site.25, 4, 180, 184
908612.3.peg.652.site.26, 144, 175, 319
908612.3.peg.652.site.27, 8, 180, 188
908612.3.peg.652.site.28, 151, 177, 328
908612.3.peg.652.site.29, 65, 177, 242
908612.3.peg.652.site.30, 8, 178, 186
908612.3.peg.652.site.31, 1, 175, 176
908612.3.peg.652.site.32, 41, 173, 214
908612.3.peg.652.site.33, 64, 167, 231
908612.3.peg.652.site.34, 8, 175, 183
908612.3.peg.652.site.35, 6, 177, 183
908612.3.peg.652.site.36, 116, 173, 289
908612.3.peg.652.site.37, 148, 176, 324
908612.3.peg.652.site.38, 0, 180, 180
908612.3.peg.652.site.39, 15, 180, 195
908612.3.peg.652.site.40, 75, 174, 249
908612.3.peg.652.site.41, 73, 174, 247
908612.3.peg.652.site.42, 0, 179, 179
908612.3.peg.652.site.43, 151, 176, 327
908612.3.peg.653.site.1, 8, 154, 162
908612.3.peg.653.site.2, 22, 163, 185
908612.3.peg.653.site.3, 22, 168, 190
908612.3.peg.653.site.4, 1, 176, 177
908612.3.peg.653.site.5, 23, 176, 199
908612.3.peg.653.site.6, 112, 176, 288
908612.3.peg.653.site.7, 56, 120, 176
908612.3.peg.653.site.8, 68, 92, 160
908612.3.peg.653.site.9, 91, 160, 251
908612.3.peg.653.site.10, 1, 178, 179
908612.3.peg.653.site.11, 30, 158, 188
908612.3.peg.653.site.12, 32, 147, 179
908612.3.peg.653.site.13, 31, 150, 181
908612.3.peg.653.site.14, 1, 163, 164
908612.3.peg.653.site.15, 8, 167, 175
908612.3.peg.653.site.16, 108, 171, 279
908612.3.peg.653.site.17, 145, 175, 320
908612.3.peg.653.site.18, 151, 177, 328
908612.3.peg.653.site.19, 0, 180, 180
908612.3.peg.653.site.20, 14, 179, 193
908612.3.peg.653.site.21, 36, 177, 213
908612.3.peg.653.site.22, 142, 174, 316
908612.3.peg.653.site.23, 1, 178, 179
908612.3.peg.653.site.24, 49, 175, 224
908612.3.peg.653.site.25, 1, 179, 180
908612.3.peg.653.site.26, 18, 178, 196
908612.3.peg.653.site.27, 21, 180, 201
908612.3.peg.653.site.28, 49, 173, 222
908612.3.peg.653.site.29, 12, 175, 187
908612.3.peg.653.site.30, 2, 174, 176
908612.3.peg.653.site.31, 22, 168, 190
908612.3.peg.653.site.32, 4, 168, 172
908612.3.peg.653.site.33, 45, 165, 210
908612.3.peg.653.site.34, 12, 166, 178
908612.3.peg.653.site.35, 46, 160, 206
908612.3.peg.653.site.36, 1, 152, 153
908612.3.peg.653.site.37, 31, 146, 177
908612.3.peg.653.site.38, 12, 132, 144
908612.3.peg.654.site.1, 16, 178, 194
908612.3.peg.654.site.2, 6, 180, 186
908612.3.peg.654.site.3, 26, 177, 203
908612.3.peg.654.site.4, 0, 180, 180
908612.3.peg.654.site.5, 0, 180, 180
908612.3.peg.654.site.6, 6, 179, 185
908612.3.peg.654.site.7, 26, 178, 204
908612.3.peg.654.site.8, 6, 180, 186
908612.3.peg.655.site.1, 8, 180, 188
908612.3.peg.655.site.2, 0, 180, 180
908612.3.peg.655.site.3, 8, 180, 188
908612.3.peg.655.site.4, 63, 177, 240
908612.3.peg.655.site.5, 0, 180, 180
908612.3.peg.655.site.6, 21, 179, 200
908612.3.peg.655.site.7, 52, 177, 229
908612.3.peg.655.site.8, 0, 180, 180
908612.3.peg.655.site.9, 5, 180, 185
908612.3.peg.655.site.10, 5, 180, 185
908612.3.peg.656.site.1, 0, 178, 178
908612.3.peg.656.site.2, 0, 178, 178
908612.3.peg.657.site.1, 0, 179, 179
908612.3.peg.657.site.2, 7, 180, 187
908612.3.peg.657.site.3, 4, 180, 184
908612.3.peg.657.site.4, 1, 180, 181
908612.3.peg.657.site.5, 12, 177, 189
908612.3.peg.657.site.6, 29, 177, 206
908612.3.peg.657.site.7, 27, 178, 205
908612.3.peg.657.site.8, 0, 179, 179
908612.3.peg.657.site.9, 3, 179, 182
908612.3.peg.657.site.10, 14, 177, 191
908612.3.peg.657.site.11, 154, 178, 332
908612.3.peg.657.site.12, 12, 174, 186
908612.3.peg.657.site.13, 126, 175, 301
908612.3.peg.657.site.14, 7, 177, 184
908612.3.peg.657.site.15, 0, 178, 178
908612.3.peg.657.site.16, 1, 178, 179
908612.3.peg.657.site.17, 0, 177, 177
908612.3.peg.657.site.18, 2, 178, 180
908612.3.peg.657.site.19, 24, 174, 198
908612.3.peg.657.site.20, 1, 163, 164
908612.3.peg.657.site.21, 1, 164, 165
908612.3.peg.657.site.22, 1, 139, 140
908612.3.peg.657.site.23, 8, 168, 176
908612.3.peg.657.site.24, 8, 171, 179
908612.3.peg.657.site.25, 2, 172, 174
908612.3.peg.657.site.26, 132, 157, 289
908612.3.peg.657.site.27, 14, 62, 76
908612.3.peg.657.site.28, 34, 82, 116
908612.3.peg.498.site.1, 65, 169, 234
908612.3.peg.498.site.2, 20, 114, 134
908612.3.peg.498.site.3, 77, 151, 228
908612.3.peg.498.site.4, 0, 157, 157
908612.3.peg.498.site.5, 90, 159, 249
908612.3.peg.498.site.6, 3, 176, 179
908612.3.peg.498.site.7, 3, 175, 178
908612.3.peg.498.site.8, 1, 179, 180
908612.3.peg.498.site.9, 152, 175, 327
908612.3.peg.498.site.10, 66, 176, 242
908612.3.peg.498.site.11, 22, 179, 201
908612.3.peg.498.site.12, 4, 177, 181
908612.3.peg.498.site.13, 1, 179, 180
908612.3.peg.498.site.14, 137, 171, 308
908612.3.peg.498.site.15, 1, 172, 173
908612.3.peg.498.site.16, 8, 175, 183
908612.3.peg.498.site.17, 2, 176, 178
908612.3.peg.498.site.18, 138, 179, 317
908612.3.peg.499.site.1, 79, 177, 256
908612.3.peg.499.site.2, 8, 171, 179
908612.3.peg.499.site.3, 65, 158, 223
908612.3.peg.499.site.4, 25, 137, 162
908612.3.peg.499.site.5, 6, 159, 165
908612.3.peg.499.site.6, 1, 165, 166
908612.3.peg.499.site.7, 1, 176, 177
908612.3.peg.499.site.8, 51, 167, 218
908612.3.peg.499.site.9, 3, 176, 179
908612.3.peg.492.site.1, 94, 179, 273
908612.3.peg.492.site.2, 93, 180, 273
908612.3.peg.492.site.3, 26, 175, 201
908612.3.peg.492.site.4, 31, 176, 207
908612.3.peg.492.site.5, 2, 178, 180
908612.3.peg.492.site.6, 54, 177, 231
908612.3.peg.492.site.7, 9, 179, 188
908612.3.peg.492.site.8, 0, 180, 180
908612.3.peg.492.site.9, 1, 179, 180
908612.3.peg.492.site.10, 55, 175, 230
908612.3.peg.492.site.11, 3, 180, 183
908612.3.peg.492.site.12, 41, 180, 221
908612.3.peg.492.site.13, 1, 180, 181
908612.3.peg.492.site.14, 57, 177, 234
908612.3.peg.492.site.15, 0, 180, 180
908612.3.peg.492.site.16, 1, 177, 178
908612.3.peg.492.site.17, 0, 178, 178
908612.3.peg.492.site.18, 4, 176, 180
908612.3.peg.492.site.19, 26, 177, 203
908612.3.peg.492.site.20, 72, 161, 233
908612.3.peg.492.site.21, 1, 177, 178
908612.3.peg.492.site.22, 27, 177, 204
908612.3.peg.492.site.23, 27, 176, 203
908612.3.peg.492.site.24, 27, 174, 201
908612.3.peg.492.site.25, 0, 176, 176
908612.3.peg.492.site.26, 4, 180, 184
908612.3.peg.493.site.1, 2, 180, 182
908612.3.peg.493.site.2, 12, 180, 192
908612.3.peg.493.site.3, 12, 180, 192
908612.3.peg.493.site.4, 11, 179, 190
908612.3.peg.493.site.5, 111, 176, 287
908612.3.peg.493.site.6, 141, 178, 319
908612.3.peg.493.site.7, 2, 178, 180
908612.3.peg.493.site.8, 2, 176, 178
908612.3.peg.493.site.9, 88, 176, 264
908612.3.peg.493.site.10, 0, 180, 180
908612.3.peg.493.site.11, 3, 178, 181
908612.3.peg.493.site.12, 2, 180, 182
908612.3.peg.493.site.13, 1, 180, 181
908612.3.peg.493.site.14, 3, 179, 182
908612.3.peg.493.site.15, 10, 177, 187
908612.3.peg.493.site.16, 136, 177, 313
908612.3.peg.493.site.17, 2, 179, 181
908612.3.peg.493.site.18, 0, 179, 179
908612.3.peg.493.site.19, 2, 180, 182
908612.3.peg.493.site.20, 1, 175, 176
908612.3.peg.493.site.21, 92, 168, 260
908612.3.peg.493.site.22, 0, 178, 178
908612.3.peg.493.site.23, 41, 175, 216
908612.3.peg.490.site.1, 0, 177, 177
908612.3.peg.490.site.2, 80, 178, 258
908612.3.peg.490.site.3, 81, 178, 259
908612.3.peg.490.site.4, 52, 177, 229
908612.3.peg.490.site.5, 3, 176, 179
908612.3.peg.490.site.6, 1, 172, 173
908612.3.peg.490.site.7, 9, 176, 185
908612.3.peg.490.site.8, 49, 178, 227
908612.3.peg.490.site.9, 75, 172, 247
908612.3.peg.490.site.10, 76, 172, 248
908612.3.peg.490.site.11, 4, 179, 183
908612.3.peg.490.site.12, 135, 175, 310
908612.3.peg.490.site.13, 0, 180, 180
908612.3.peg.490.site.14, 14, 178, 192
908612.3.peg.496.site.1, 2, 168, 170
908612.3.peg.496.site.2, 12, 162, 174
908612.3.peg.496.site.3, 4, 170, 174
908612.3.peg.496.site.4, 23, 172, 195
908612.3.peg.496.site.5, 0, 176, 176
908612.3.peg.496.site.6, 1, 178, 179
908612.3.peg.496.site.7, 0, 176, 176
908612.3.peg.496.site.8, 64, 169, 233
908612.3.peg.496.site.9, 65, 171, 236
908612.3.peg.496.site.10, 1, 176, 177
908612.3.peg.496.site.11, 29, 173, 202
908612.3.peg.496.site.12, 2, 174, 176
908612.3.peg.496.site.13, 64, 167, 231
908612.3.peg.496.site.14, 66, 170, 236
908612.3.peg.496.site.15, 2, 178, 180
908612.3.peg.496.site.16, 2, 179, 181
908612.3.peg.496.site.17, 0, 177, 177
908612.3.peg.496.site.18, 29, 173, 202
908612.3.peg.496.site.19, 4, 165, 169
908612.3.peg.496.site.20, 28, 164, 192
908612.3.peg.496.site.21, 2, 98, 100
908612.3.peg.496.site.22, 25, 68, 93
908612.3.peg.496.site.23, 5, 106, 111
908612.3.peg.496.site.24, 28, 135, 163
908612.3.peg.496.site.25, 0, 146, 146
908612.3.peg.496.site.26, 2, 164, 166
908612.3.peg.496.site.27, 5, 176, 181
908612.3.peg.496.site.28, 94, 173, 267
908612.3.peg.496.site.29, 3, 178, 181
908612.3.peg.496.site.30, 9, 171, 180
908612.3.peg.496.site.31, 42, 167, 209
908612.3.peg.496.site.32, 0, 171, 171
908612.3.peg.496.site.33, 0, 169, 169
908612.3.peg.496.site.34, 66, 172, 238
908612.3.peg.496.site.35, 26, 179, 205
908612.3.peg.497.site.1, 6, 180, 186
908612.3.peg.497.site.2, 6, 180, 186
908612.3.peg.497.site.3, 30, 180, 210
908612.3.peg.497.site.4, 0, 178, 178
908612.3.peg.497.site.5, 7, 175, 182
908612.3.peg.497.site.6, 5, 174, 179
908612.3.peg.497.site.7, 1, 175, 176
908612.3.peg.497.site.8, 5, 156, 161
908612.3.peg.497.site.9, 1, 154, 155
908612.3.peg.497.site.10, 0, 156, 156
908612.3.peg.497.site.11, 9, 157, 166
908612.3.peg.497.site.12, 3, 155, 158
908612.3.peg.497.site.13, 6, 151, 157
908612.3.peg.497.site.14, 103, 160, 263
908612.3.peg.497.site.15, 28, 149, 177
908612.3.peg.497.site.16, 5, 169, 174
908612.3.peg.497.site.17, 0, 166, 166
908612.3.peg.497.site.18, 1, 161, 162
908612.3.peg.497.site.19, 61, 142, 203
908612.3.peg.497.site.20, 15, 173, 188
908612.3.peg.497.site.21, 79, 172, 251
908612.3.peg.497.site.22, 92, 169, 261
908612.3.peg.497.site.23, 5, 177, 182
908612.3.peg.497.site.24, 9, 177, 186
908612.3.peg.494.site.1, 0, 180, 180
908612.3.peg.494.site.2, 3, 179, 182
908612.3.peg.494.site.3, 2, 179, 181
908612.3.peg.494.site.4, 3, 179, 182
908612.3.peg.494.site.5, 61, 174, 235
908612.3.peg.494.site.6, 97, 174, 271
908612.3.peg.494.site.7, 83, 175, 258
908612.3.peg.495.site.1, 2, 177, 179
908612.3.peg.495.site.2, 15, 149, 164
908612.3.peg.495.site.3, 0, 143, 143
908612.3.peg.495.site.4, 12, 132, 144
908612.3.peg.495.site.5, 1, 133, 134
908612.3.peg.495.site.6, 11, 122, 133
908612.3.peg.495.site.7, 126, 161, 287
908612.3.peg.495.site.8, 0, 163, 163
908612.3.peg.495.site.9, 90, 169, 259
908612.3.peg.495.site.10, 0, 175, 175
908612.3.peg.495.site.11, 1, 173, 174
908612.3.peg.495.site.12, 2, 171, 173
908612.3.peg.495.site.13, 132, 172, 304
908612.3.peg.495.site.14, 153, 176, 329
908612.3.peg.495.site.15, 3, 172, 175
908612.3.peg.495.site.16, 18, 176, 194
908612.3.peg.495.site.17, 8, 174, 182
908612.3.peg.495.site.18, 61, 160, 221
908612.3.peg.495.site.19, 60, 154, 214
908612.3.peg.495.site.20, 4, 156, 160
908612.3.peg.2587.site.1, 3, 179, 182
908612.3.peg.2587.site.2, 6, 177, 183
908612.3.peg.2587.site.3, 0, 177, 177
908612.3.peg.2587.site.4, 55, 178, 233
908612.3.peg.2587.site.5, 2, 177, 179
908612.3.peg.2587.site.6, 0, 174, 174
908612.3.peg.2587.site.7, 10, 172, 182
908612.3.peg.2587.site.8, 2, 180, 182
908612.3.peg.2587.site.9, 0, 178, 178
908612.3.peg.2587.site.10, 89, 174, 263
908612.3.peg.2587.site.11, 75, 175, 250
908612.3.peg.2587.site.12, 27, 178, 205
908612.3.peg.2587.site.13, 12, 179, 191
908612.3.peg.2587.site.14, 10, 180, 190
908612.3.peg.2587.site.15, 0, 179, 179
908612.3.peg.2587.site.16, 3, 179, 182
908612.3.peg.2587.site.17, 6, 178, 184
908612.3.peg.2587.site.18, 80, 174, 254
908612.3.peg.2587.site.19, 79, 173, 252
908612.3.peg.2587.site.20, 37, 176, 213
908612.3.peg.2587.site.21, 10, 176, 186
908612.3.peg.2587.site.22, 6, 180, 186
908612.3.peg.2587.site.23, 25, 179, 204
908612.3.peg.2587.site.24, 7, 180, 187
908612.3.peg.2587.site.25, 8, 178, 186
908612.3.peg.2587.site.26, 12, 180, 192
908612.3.peg.2587.site.27, 66, 172, 238
908612.3.peg.2587.site.28, 36, 178, 214
908612.3.peg.2586.site.1, 0, 178, 178
908612.3.peg.2586.site.2, 0, 159, 159
908612.3.peg.2586.site.3, 49, 149, 198
908612.3.peg.2586.site.4, 7, 146, 153
908612.3.peg.2586.site.5, 34, 115, 149
908612.3.peg.2586.site.6, 4, 126, 130
908612.3.peg.2586.site.7, 2, 125, 127
908612.3.peg.2586.site.8, 1, 162, 163
908612.3.peg.2586.site.9, 37, 176, 213
908612.3.peg.2586.site.10, 2, 179, 181
908612.3.peg.2586.site.11, 34, 178, 212
908612.3.peg.2586.site.12, 0, 179, 179
908612.3.peg.2586.site.13, 1, 179, 180
908612.3.peg.2586.site.14, 0, 178, 178
908612.3.peg.2586.site.15, 0, 180, 180
908612.3.peg.2586.site.16, 33, 176, 209
908612.3.peg.2586.site.17, 76, 175, 251
908612.3.peg.2618.site.1, 1, 178, 179
908612.3.peg.2618.site.2, 98, 178, 276
908612.3.peg.2615.site.1, 0, 179, 179
908612.3.peg.2615.site.2, 0, 180, 180
908612.3.peg.2615.site.3, 24, 178, 202
908612.3.peg.2615.site.4, 108, 173, 281
908612.3.peg.2615.site.5, 4, 179, 183
908612.3.peg.2615.site.6, 0, 175, 175
908612.3.peg.2615.site.7, 0, 169, 169
908612.3.peg.2615.site.8, 2, 174, 176
908612.3.peg.2615.site.9, 21, 174, 195
908612.3.peg.2615.site.10, 9, 177, 186
908612.3.peg.2615.site.11, 0, 176, 176
908612.3.peg.2615.site.12, 2, 177, 179
908612.3.peg.2615.site.13, 0, 176, 176
908612.3.peg.2615.site.14, 30, 172, 202
908612.3.peg.2615.site.15, 64, 175, 239
908612.3.peg.2615.site.16, 22, 174, 196
908612.3.peg.2615.site.17, 0, 174, 174
908612.3.peg.2615.site.18, 0, 176, 176
908612.3.peg.2615.site.19, 2, 180, 182
908612.3.peg.2615.site.20, 0, 177, 177
908612.3.peg.2615.site.21, 0, 175, 175
908612.3.peg.2615.site.22, 0, 178, 178
908612.3.peg.2615.site.23, 18, 168, 186
908612.3.peg.2615.site.24, 12, 170, 182
908612.3.peg.2615.site.25, 4, 170, 174
908612.3.peg.2615.site.26, 0, 174, 174
908612.3.peg.2615.site.27, 3, 178, 181
908612.3.peg.2615.site.28, 0, 177, 177
908612.3.peg.2615.site.29, 12, 178, 190
908612.3.peg.2615.site.30, 9, 173, 182
908612.3.peg.2615.site.31, 22, 170, 192
908612.3.peg.2615.site.32, 5, 176, 181
908612.3.peg.2615.site.33, 12, 173, 185
908612.3.peg.2615.site.34, 0, 179, 179
908612.3.peg.2615.site.35, 52, 173, 225
908612.3.peg.2615.site.36, 3, 179, 182
908612.3.peg.2615.site.37, 1, 180, 181
908612.3.peg.2615.site.38, 4, 180, 184
908612.3.peg.2615.site.39, 3, 178, 181
908612.3.peg.2615.site.40, 2, 180, 182
908612.3.peg.2615.site.41, 6, 175, 181
908612.3.peg.2615.site.42, 4, 178, 182
908612.3.peg.2615.site.43, 0, 171, 171
908612.3.peg.2615.site.44, 77, 148, 225
908612.3.peg.2615.site.45, 88, 171, 259
908612.3.peg.2615.site.46, 8, 179, 187
908612.3.peg.2615.site.47, 74, 178, 252
908612.3.peg.2615.site.48, 0, 180, 180
908612.3.peg.2615.site.49, 63, 176, 239
908612.3.peg.2615.site.50, 0, 178, 178
908612.3.peg.2615.site.51, 2, 178, 180
908612.3.peg.2615.site.52, 52, 168, 220
908612.3.peg.2615.site.53, 55, 169, 224
908612.3.peg.2615.site.54, 8, 176, 184
908612.3.peg.2615.site.55, 80, 176, 256
908612.3.peg.2615.site.56, 3, 178, 181
908612.3.peg.2615.site.57, 11, 179, 190
908612.3.peg.2615.site.58, 0, 179, 179
908612.3.peg.2615.site.59, 4, 177, 181
908612.3.peg.2615.site.60, 1, 170, 171
908612.3.peg.2615.site.61, 49, 167, 216
908612.3.peg.2615.site.62, 1, 161, 162
908612.3.peg.2615.site.63, 1, 158, 159
908612.3.peg.2615.site.64, 3, 144, 147
908612.3.peg.2615.site.65, 0, 172, 172
908612.3.peg.2615.site.66, 3, 164, 167
908612.3.peg.2615.site.67, 50, 160, 210
908612.3.peg.2615.site.68, 4, 175, 179
908612.3.peg.2615.site.69, 44, 176, 220
908612.3.peg.2615.site.70, 2, 178, 180
908612.3.peg.2615.site.71, 18, 176, 194
908612.3.peg.2614.site.1, 2, 149, 151
908612.3.peg.2614.site.2, 2, 172, 174
908612.3.peg.2614.site.3, 0, 179, 179
908612.3.peg.2614.site.4, 13, 175, 188
908612.3.peg.2614.site.5, 14, 175, 189
908612.3.peg.2614.site.6, 5, 176, 181
908612.3.peg.2614.site.7, 35, 170, 205
908612.3.peg.2614.site.8, 7, 165, 172
908612.3.peg.2614.site.9, 73, 159, 232
908612.3.peg.2614.site.10, 1, 179, 180
908612.3.peg.2614.site.11, 1, 171, 172
908612.3.peg.2614.site.12, 66, 175, 241
908612.3.peg.2614.site.13, 42, 174, 216
908612.3.peg.2614.site.14, 1, 178, 179
908612.3.peg.2614.site.15, 3, 179, 182
908612.3.peg.2614.site.16, 1, 178, 179
908612.3.peg.2614.site.17, 60, 177, 237
908612.3.peg.2614.site.18, 108, 179, 287
908612.3.peg.2614.site.19, 0, 180, 180
908612.3.peg.2614.site.20, 28, 179, 207
908612.3.peg.2614.site.21, 1, 179, 180
908612.3.peg.470.site.1, 10, 179, 189
908612.3.peg.470.site.2, 1, 176, 177
908612.3.peg.470.site.3, 50, 175, 225
908612.3.peg.470.site.4, 1, 153, 154
908612.3.peg.470.site.5, 123, 148, 271
908612.3.peg.470.site.6, 115, 141, 256
908612.3.peg.470.site.7, 134, 163, 297
908612.3.peg.470.site.8, 142, 176, 318
908612.3.peg.470.site.9, 8, 171, 179
908612.3.peg.470.site.10, 133, 169, 302
908612.3.peg.470.site.11, 63, 148, 211
908612.3.peg.470.site.12, 39, 176, 215
908612.3.peg.470.site.13, 12, 179, 191
908612.3.peg.470.site.14, 2, 176, 178
908612.3.peg.471.site.1, 3, 144, 147
908612.3.peg.471.site.2, 8, 118, 126
908612.3.peg.471.site.3, 6, 107, 113
908612.3.peg.471.site.4, 4, 106, 110
908612.3.peg.471.site.5, 0, 99, 99
908612.3.peg.471.site.6, 0, 93, 93
908612.3.peg.471.site.7, 14, 101, 115
908612.3.peg.471.site.8, 27, 97, 124
908612.3.peg.471.site.9, 7, 105, 112
908612.3.peg.471.site.10, 5, 116, 121
908612.3.peg.471.site.11, 34, 114, 148
908612.3.peg.471.site.12, 3, 109, 112
908612.3.peg.471.site.13, 0, 114, 114
908612.3.peg.471.site.14, 26, 71, 97
908612.3.peg.471.site.15, 2, 55, 57
908612.3.peg.471.site.16, 13, 57, 70
908612.3.peg.471.site.17, 1, 71, 72
908612.3.peg.471.site.18, 3, 119, 122
908612.3.peg.471.site.19, 6, 128, 134
908612.3.peg.471.site.20, 0, 174, 174
908612.3.peg.471.site.21, 30, 165, 195
908612.3.peg.471.site.22, 49, 160, 209
908612.3.peg.471.site.23, 0, 172, 172
908612.3.peg.471.site.24, 47, 165, 212
908612.3.peg.471.site.25, 3, 173, 176
908612.3.peg.471.site.26, 0, 172, 172
908612.3.peg.471.site.27, 36, 163, 199
908612.3.peg.471.site.28, 2, 166, 168
908612.3.peg.471.site.29, 6, 142, 148
908612.3.peg.471.site.30, 3, 141, 144
908612.3.peg.471.site.31, 70, 130, 200
908612.3.peg.471.site.32, 0, 175, 175
908612.3.peg.471.site.33, 97, 174, 271
908612.3.peg.471.site.34, 0, 172, 172
908612.3.peg.471.site.35, 10, 147, 157
908612.3.peg.471.site.36, 5, 116, 121
908612.3.peg.471.site.37, 33, 125, 158
908612.3.peg.471.site.38, 3, 175, 178
908612.3.peg.471.site.39, 0, 172, 172
908612.3.peg.471.site.40, 115, 171, 286
908612.3.peg.471.site.41, 0, 176, 176
908612.3.peg.471.site.42, 29, 178, 207
908612.3.peg.471.site.43, 0, 180, 180
908612.3.peg.471.site.44, 1, 179, 180
908612.3.peg.471.site.45, 1, 179, 180
908612.3.peg.471.site.46, 1, 178, 179
908612.3.peg.471.site.47, 1, 180, 181
908612.3.peg.471.site.48, 74, 176, 250
908612.3.peg.471.site.49, 17, 179, 196
908612.3.peg.471.site.50, 145, 176, 321
908612.3.peg.471.site.51, 0, 180, 180
908612.3.peg.471.site.52, 0, 180, 180
908612.3.peg.471.site.53, 20, 175, 195
908612.3.peg.471.site.54, 57, 171, 228
908612.3.peg.471.site.55, 0, 178, 178
908612.3.peg.471.site.56, 4, 177, 181
908612.3.peg.471.site.57, 0, 178, 178
908612.3.peg.471.site.58, 154, 177, 331
908612.3.peg.471.site.59, 36, 179, 215
908612.3.peg.471.site.60, 4, 180, 184
908612.3.peg.471.site.61, 7, 180, 187
908612.3.peg.471.site.62, 27, 176, 203
908612.3.peg.471.site.63, 3, 177, 180
908612.3.peg.471.site.64, 6, 179, 185
908612.3.peg.471.site.65, 5, 176, 181
908612.3.peg.471.site.66, 6, 176, 182
908612.3.peg.471.site.67, 13, 168, 181
908612.3.peg.471.site.68, 4, 161, 165
908612.3.peg.471.site.69, 6, 171, 177
908612.3.peg.471.site.70, 45, 171, 216
908612.3.peg.471.site.71, 4, 170, 174
908612.3.peg.471.site.72, 12, 164, 176
908612.3.peg.471.site.73, 29, 158, 187
908612.3.peg.471.site.74, 27, 159, 186
908612.3.peg.471.site.75, 3, 171, 174
908612.3.peg.471.site.76, 3, 164, 167
908612.3.peg.471.site.77, 1, 174, 175
908612.3.peg.471.site.78, 3, 177, 180
908612.3.peg.471.site.79, 4, 178, 182
908612.3.peg.471.site.80, 16, 177, 193
908612.3.peg.471.site.81, 0, 170, 170
908612.3.peg.471.site.82, 10, 145, 155
908612.3.peg.471.site.83, 11, 150, 161
908612.3.peg.472.site.1, 4, 179, 183
908612.3.peg.472.site.2, 0, 179, 179
908612.3.peg.472.site.3, 4, 179, 183
908612.3.peg.472.site.4, 1, 174, 175
908612.3.peg.472.site.5, 26, 179, 205
908612.3.peg.472.site.6, 9, 180, 189
908612.3.peg.472.site.7, 9, 180, 189
908612.3.peg.472.site.8, 73, 175, 248
908612.3.peg.472.site.9, 3, 174, 177
908612.3.peg.472.site.10, 0, 170, 170
908612.3.peg.472.site.11, 30, 174, 204
908612.3.peg.472.site.12, 6, 180, 186
908612.3.peg.472.site.13, 0, 180, 180
908612.3.peg.472.site.14, 0, 178, 178
908612.3.peg.472.site.15, 2, 178, 180
908612.3.peg.472.site.16, 51, 177, 228
908612.3.peg.472.site.17, 4, 179, 183
908612.3.peg.472.site.18, 2, 178, 180
908612.3.peg.472.site.19, 1, 176, 177
908612.3.peg.472.site.20, 0, 158, 158
908612.3.peg.472.site.21, 0, 175, 175
908612.3.peg.472.site.22, 2, 177, 179
908612.3.peg.472.site.23, 31, 176, 207
908612.3.peg.472.site.24, 20, 179, 199
908612.3.peg.472.site.25, 32, 176, 208
908612.3.peg.472.site.26, 155, 171, 326
908612.3.peg.472.site.27, 1, 163, 164
908612.3.peg.472.site.28, 1, 167, 168
908612.3.peg.472.site.29, 5, 152, 157
908612.3.peg.472.site.30, 15, 156, 171
908612.3.peg.472.site.31, 1, 154, 155
908612.3.peg.472.site.32, 3, 171, 174
908612.3.peg.472.site.33, 27, 175, 202
908612.3.peg.472.site.34, 15, 178, 193
908612.3.peg.472.site.35, 5, 177, 182
908612.3.peg.472.site.36, 5, 175, 180
908612.3.peg.473.site.1, 5, 146, 151
908612.3.peg.473.site.2, 0, 171, 171
908612.3.peg.473.site.3, 33, 178, 211
908612.3.peg.473.site.4, 17, 180, 197
908612.3.peg.473.site.5, 16, 179, 195
908612.3.peg.473.site.6, 41, 177, 218
908612.3.peg.473.site.7, 4, 180, 184
908612.3.peg.473.site.8, 36, 176, 212
908612.3.peg.473.site.9, 11, 180, 191
908612.3.peg.473.site.10, 4, 177, 181
908612.3.peg.473.site.11, 2, 179, 181
908612.3.peg.473.site.12, 2, 180, 182
908612.3.peg.473.site.13, 2, 180, 182
908612.3.peg.473.site.14, 9, 177, 186
908612.3.peg.473.site.15, 62, 177, 239
908612.3.peg.475.site.1, 139, 179, 318
908612.3.peg.475.site.2, 3, 179, 182
908612.3.peg.475.site.3, 138, 180, 318
908612.3.peg.475.site.4, 5, 179, 184
908612.3.peg.475.site.5, 14, 178, 192
908612.3.peg.475.site.6, 71, 172, 243
908612.3.peg.475.site.7, 1, 179, 180
908612.3.peg.475.site.8, 39, 177, 216
908612.3.peg.475.site.9, 67, 176, 243
908612.3.peg.476.site.1, 26, 146, 172
908612.3.peg.476.site.2, 32, 162, 194
908612.3.peg.476.site.3, 16, 167, 183
908612.3.peg.476.site.4, 1, 172, 173
908612.3.peg.476.site.5, 19, 176, 195
908612.3.peg.476.site.6, 1, 176, 177
908612.3.peg.476.site.7, 26, 175, 201
908612.3.peg.476.site.8, 10, 176, 186
908612.3.peg.476.site.9, 0, 180, 180
908612.3.peg.476.site.10, 16, 173, 189
908612.3.peg.476.site.11, 3, 172, 175
908612.3.peg.476.site.12, 2, 179, 181
908612.3.peg.476.site.13, 2, 178, 180
908612.3.peg.476.site.14, 1, 176, 177
908612.3.peg.476.site.15, 0, 178, 178
908612.3.peg.476.site.16, 2, 178, 180
908612.3.peg.476.site.17, 29, 173, 202
908612.3.peg.476.site.18, 16, 179, 195
908612.3.peg.476.site.19, 28, 176, 204
908612.3.peg.476.site.20, 2, 177, 179
908612.3.peg.476.site.21, 71, 173, 244
908612.3.peg.476.site.22, 6, 177, 183
908612.3.peg.476.site.23, 13, 180, 193
908612.3.peg.476.site.24, 26, 176, 202
908612.3.peg.476.site.25, 30, 178, 208
908612.3.peg.476.site.26, 53, 172, 225
908612.3.peg.476.site.27, 55, 174, 229
908612.3.peg.476.site.28, 2, 159, 161
908612.3.peg.476.site.29, 25, 163, 188
908612.3.peg.476.site.30, 0, 180, 180
908612.3.peg.476.site.31, 29, 173, 202
908612.3.peg.476.site.32, 1, 179, 180
908612.3.peg.476.site.33, 75, 176, 251
908612.3.peg.476.site.34, 29, 176, 205
908612.3.peg.476.site.35, 3, 152, 155
908612.3.peg.476.site.36, 3, 155, 158
908612.3.peg.476.site.37, 3, 155, 158
908612.3.peg.476.site.38, 82, 152, 234
908612.3.peg.476.site.39, 49, 159, 208
908612.3.peg.476.site.40, 1, 159, 160
908612.3.peg.476.site.41, 48, 161, 209
908612.3.peg.476.site.42, 111, 173, 284
908612.3.peg.476.site.43, 0, 179, 179
908612.3.peg.476.site.44, 5, 180, 185
908612.3.peg.476.site.45, 107, 175, 282
908612.3.peg.476.site.46, 148, 179, 327
908612.3.peg.476.site.47, 3, 180, 183
908612.3.peg.476.site.48, 5, 180, 185
908612.3.peg.476.site.49, 52, 173, 225
908612.3.peg.476.site.50, 40, 174, 214
908612.3.peg.476.site.51, 88, 164, 252
908612.3.peg.476.site.52, 107, 173, 280
908612.3.peg.476.site.53, 4, 180, 184
908612.3.peg.476.site.54, 22, 173, 195
908612.3.peg.476.site.55, 0, 174, 174
908612.3.peg.476.site.56, 16, 168, 184
908612.3.peg.476.site.57, 0, 167, 167
908612.3.peg.476.site.58, 68, 152, 220
908612.3.peg.476.site.59, 44, 68, 112
908612.3.peg.476.site.60, 28, 64, 92
908612.3.peg.478.site.1, 20, 153, 173
908612.3.peg.478.site.2, 106, 158, 264
908612.3.peg.478.site.3, 110, 168, 278
908612.3.peg.478.site.4, 3, 175, 178
908612.3.peg.478.site.5, 148, 177, 325
908612.3.peg.478.site.6, 10, 176, 186
908612.3.peg.478.site.7, 30, 169, 199
908612.3.peg.478.site.8, 16, 166, 182
908612.3.peg.478.site.9, 33, 166, 199
908612.3.peg.478.site.10, 0, 180, 180
908612.3.peg.478.site.11, 0, 180, 180
908612.3.peg.478.site.12, 78, 176, 254
908612.3.peg.478.site.13, 0, 180, 180
908612.3.peg.478.site.14, 16, 177, 193
908612.3.peg.478.site.15, 58, 180, 238
908612.3.peg.478.site.16, 9, 178, 187
908612.3.peg.478.site.17, 74, 175, 249
908612.3.peg.478.site.18, 0, 173, 173
908612.3.peg.478.site.19, 46, 172, 218
908612.3.peg.478.site.20, 5, 174, 179
908612.3.peg.479.site.1, 8, 178, 186
908612.3.peg.479.site.2, 11, 179, 190
908612.3.peg.479.site.3, 2, 179, 181
908612.3.peg.479.site.4, 0, 179, 179
908612.3.peg.479.site.5, 0, 178, 178
908612.3.peg.479.site.6, 2, 176, 178
908612.3.peg.479.site.7, 4, 176, 180
908612.3.peg.479.site.8, 0, 175, 175
908612.3.peg.479.site.9, 0, 174, 174
908612.3.peg.479.site.10, 3, 177, 180
908612.3.peg.479.site.11, 14, 176, 190
908612.3.peg.479.site.12, 0, 178, 178
908612.3.peg.479.site.13, 87, 175, 262
908612.3.peg.479.site.14, 47, 178, 225
908612.3.peg.479.site.15, 7, 180, 187
908612.3.peg.479.site.16, 1, 180, 181
908612.3.peg.479.site.17, 4, 180, 184
908612.3.peg.479.site.18, 3, 180, 183
908612.3.peg.479.site.19, 3, 179, 182
908612.3.peg.479.site.20, 67, 159, 226
908612.3.peg.479.site.21, 0, 150, 150
908612.3.peg.2570.site.1, 1, 176, 177
908612.3.peg.2570.site.2, 0, 170, 170
908612.3.peg.2570.site.3, 31, 156, 187
908612.3.peg.2570.site.4, 12, 161, 173
908612.3.peg.2570.site.5, 7, 169, 176
908612.3.peg.2570.site.6, 11, 169, 180
908612.3.peg.2570.site.7, 2, 174, 176
908612.3.peg.2570.site.8, 90, 172, 262
908612.3.peg.2570.site.9, 10, 150, 160
908612.3.peg.2570.site.10, 0, 120, 120
908612.3.peg.2570.site.11, 0, 142, 142
908612.3.peg.2570.site.12, 3, 161, 164
908612.3.peg.2570.site.13, 2, 172, 174
908612.3.peg.2570.site.14, 39, 160, 199
908612.3.peg.2570.site.15, 8, 154, 162
908612.3.peg.2570.site.16, 2, 158, 160
908612.3.peg.2570.site.17, 3, 161, 164
908612.3.peg.2570.site.18, 3, 162, 165
908612.3.peg.2570.site.19, 11, 167, 178
908612.3.peg.2570.site.20, 2, 166, 168
908612.3.peg.2570.site.21, 1, 177, 178
908612.3.peg.2570.site.22, 9, 176, 185
908612.3.peg.2570.site.23, 10, 172, 182
908612.3.peg.2571.site.1, 8, 158, 166
908612.3.peg.2571.site.2, 97, 129, 226
908612.3.peg.2571.site.3, 19, 147, 166
908612.3.peg.2571.site.4, 26, 135, 161
908612.3.peg.2571.site.5, 81, 132, 213
908612.3.peg.2571.site.6, 9, 135, 144
908612.3.peg.2571.site.7, 77, 133, 210
908612.3.peg.2571.site.8, 10, 126, 136
908612.3.peg.2571.site.9, 2, 127, 129
908612.3.peg.2571.site.10, 5, 132, 137
908612.3.peg.2571.site.11, 0, 148, 148
908612.3.peg.2571.site.12, 4, 163, 167
908612.3.peg.2571.site.13, 10, 161, 171
908612.3.peg.2571.site.14, 13, 131, 144
908612.3.peg.2571.site.15, 3, 178, 181
908612.3.peg.2571.site.16, 7, 178, 185
908612.3.peg.2571.site.17, 10, 175, 185
908612.3.peg.2571.site.18, 98, 175, 273
908612.3.peg.2571.site.19, 5, 177, 182
908612.3.peg.2571.site.20, 6, 179, 185
908612.3.peg.2571.site.21, 31, 173, 204
908612.3.peg.2571.site.22, 51, 172, 223
908612.3.peg.2571.site.23, 78, 170, 248
908612.3.peg.2571.site.24, 6, 172, 178
908612.3.peg.2571.site.25, 37, 169, 206
908612.3.peg.2571.site.26, 11, 169, 180
908612.3.peg.2571.site.27, 10, 175, 185
908612.3.peg.2571.site.28, 5, 178, 183
908612.3.peg.2571.site.29, 27, 175, 202
908612.3.peg.2571.site.30, 0, 175, 175
908612.3.peg.2571.site.31, 119, 172, 291
908612.3.peg.2571.site.32, 6, 163, 169
908612.3.peg.2571.site.33, 20, 169, 189
908612.3.peg.2571.site.34, 127, 171, 298
908612.3.peg.2571.site.35, 70, 176, 246
908612.3.peg.2571.site.36, 4, 174, 178
908612.3.peg.2571.site.37, 76, 168, 244
908612.3.peg.315.site.1, 3, 74, 77
908612.3.peg.315.site.2, 1, 87, 88
908612.3.peg.315.site.3, 3, 100, 103
908612.3.peg.315.site.4, 0, 87, 87
908612.3.peg.315.site.5, 3, 54, 57
908612.3.peg.315.site.6, 10, 54, 64
908612.3.peg.315.site.7, 2, 96, 98
908612.3.peg.315.site.8, 9, 45, 54
908612.3.peg.315.site.9, 5, 48, 53
908612.3.peg.315.site.10, 2, 82, 84
908612.3.peg.315.site.11, 7, 82, 89
908612.3.peg.315.site.12, 0, 82, 82
908612.3.peg.315.site.13, 1, 79, 80
908612.3.peg.315.site.14, 22, 85, 107
908612.3.peg.315.site.15, 14, 113, 127
908612.3.peg.315.site.16, 1, 163, 164
908612.3.peg.317.site.1, 0, 119, 119
908612.3.peg.317.site.2, 1, 118, 119
908612.3.peg.317.site.3, 22, 120, 142
908612.3.peg.317.site.4, 17, 130, 147
908612.3.peg.317.site.5, 2, 130, 132
908612.3.peg.317.site.6, 19, 103, 122
908612.3.peg.317.site.7, 14, 103, 117
908612.3.peg.317.site.8, 2, 109, 111
908612.3.peg.317.site.9, 7, 59, 66
908612.3.peg.317.site.10, 7, 65, 72
908612.3.peg.317.site.11, 5, 24, 29
908612.3.peg.317.site.12, 3, 62, 65
908612.3.peg.317.site.13, 5, 80, 85
908612.3.peg.317.site.14, 5, 67, 72
908612.3.peg.317.site.15, 6, 62, 68
908612.3.peg.317.site.16, 38, 86, 124
908612.3.peg.317.site.17, 0, 173, 173
908612.3.peg.317.site.18, 3, 172, 175
908612.3.peg.317.site.19, 57, 177, 234
908612.3.peg.311.site.1, 28, 176, 204
908612.3.peg.311.site.2, 1, 178, 179
908612.3.peg.311.site.3, 4, 179, 183
908612.3.peg.311.site.4, 0, 180, 180
908612.3.peg.311.site.5, 39, 177, 216
908612.3.peg.311.site.6, 2, 162, 164
908612.3.peg.311.site.7, 64, 141, 205
908612.3.peg.311.site.8, 31, 90, 121
908612.3.peg.311.site.9, 21, 136, 157
908612.3.peg.311.site.10, 4, 177, 181
908612.3.peg.311.site.11, 1, 180, 181
908612.3.peg.311.site.12, 31, 177, 208
908612.3.peg.311.site.13, 3, 176, 179
908612.3.peg.311.site.14, 1, 178, 179
908612.3.peg.311.site.15, 2, 177, 179
908612.3.peg.311.site.16, 2, 176, 178
908612.3.peg.311.site.17, 4, 172, 176
908612.3.peg.311.site.18, 13, 169, 182
908612.3.peg.311.site.19, 79, 168, 247
908612.3.peg.311.site.20, 4, 173, 177
908612.3.peg.311.site.21, 3, 176, 179
908612.3.peg.311.site.22, 8, 174, 182
908612.3.peg.311.site.23, 100, 176, 276
908612.3.peg.311.site.24, 3, 180, 183
908612.3.peg.311.site.25, 30, 177, 207
908612.3.peg.311.site.26, 95, 165, 260
908612.3.peg.311.site.27, 2, 178, 180
908612.3.peg.311.site.28, 0, 180, 180
908612.3.peg.311.site.29, 19, 180, 199
908612.3.peg.310.site.1, 1, 156, 157
908612.3.peg.310.site.2, 0, 158, 158
908612.3.peg.310.site.3, 0, 157, 157
908612.3.peg.310.site.4, 0, 153, 153
908612.3.peg.310.site.5, 7, 172, 179
908612.3.peg.310.site.6, 0, 171, 171
908612.3.peg.310.site.7, 0, 173, 173
908612.3.peg.310.site.8, 0, 172, 172
908612.3.peg.310.site.9, 16, 176, 192
908612.3.peg.310.site.10, 2, 176, 178
908612.3.peg.310.site.11, 3, 179, 182
908612.3.peg.310.site.12, 4, 177, 181
908612.3.peg.310.site.13, 11, 175, 186
908612.3.peg.310.site.14, 106, 171, 277
908612.3.peg.310.site.15, 0, 175, 175
908612.3.peg.310.site.16, 1, 175, 176
908612.3.peg.310.site.17, 120, 170, 290
908612.3.peg.310.site.18, 120, 170, 290
908612.3.peg.310.site.19, 119, 168, 287
908612.3.peg.310.site.20, 70, 176, 246
908612.3.peg.310.site.21, 38, 179, 217
908612.3.peg.310.site.22, 89, 178, 267
908612.3.peg.310.site.23, 37, 175, 212
908612.3.peg.310.site.24, 0, 177, 177
908612.3.peg.310.site.25, 1, 180, 181
908612.3.peg.310.site.26, 10, 179, 189
908612.3.peg.313.site.1, 27, 161, 188
908612.3.peg.313.site.2, 1, 179, 180
908612.3.peg.313.site.3, 2, 176, 178
908612.3.peg.313.site.4, 8, 175, 183
908612.3.peg.313.site.5, 2, 177, 179
908612.3.peg.313.site.6, 4, 144, 148
908612.3.peg.313.site.7, 11, 71, 82
908612.3.peg.313.site.8, 3, 72, 75
908612.3.peg.313.site.9, 3, 70, 73
908612.3.peg.313.site.10, 25, 79, 104
908612.3.peg.313.site.11, 3, 81, 84
908612.3.peg.313.site.12, 5, 135, 140
908612.3.peg.313.site.13, 6, 139, 145
908612.3.peg.313.site.14, 6, 162, 168
908612.3.peg.313.site.15, 82, 161, 243
908612.3.peg.313.site.16, 12, 163, 175
908612.3.peg.313.site.17, 104, 158, 262
908612.3.peg.313.site.18, 70, 122, 192
908612.3.peg.313.site.19, 2, 117, 119
908612.3.peg.313.site.20, 35, 101, 136
908612.3.peg.313.site.21, 42, 115, 157
908612.3.peg.313.site.22, 6, 116, 122
908612.3.peg.313.site.23, 10, 112, 122
908612.3.peg.313.site.24, 2, 117, 119
908612.3.peg.313.site.25, 9, 115, 124
908612.3.peg.313.site.26, 4, 119, 123
908612.3.peg.313.site.27, 42, 119, 161
908612.3.peg.313.site.28, 24, 122, 146
908612.3.peg.313.site.29, 55, 175, 230
908612.3.peg.313.site.30, 17, 175, 192
908612.3.peg.313.site.31, 19, 173, 192
908612.3.peg.313.site.32, 5, 61, 66
908612.3.peg.312.site.1, 2, 180, 182
908612.3.peg.312.site.2, 0, 177, 177
908612.3.peg.312.site.3, 8, 173, 181
908612.3.peg.312.site.4, 7, 170, 177
908612.3.peg.312.site.5, 2, 160, 162
908612.3.peg.312.site.6, 23, 154, 177
908612.3.peg.312.site.7, 26, 138, 164
908612.3.peg.312.site.8, 4, 79, 83
908612.3.peg.312.site.9, 37, 85, 122
908612.3.peg.312.site.10, 38, 90, 128
908612.3.peg.312.site.11, 1, 98, 99
908612.3.peg.312.site.12, 36, 116, 152
908612.3.peg.312.site.13, 6, 137, 143
908612.3.peg.312.site.14, 0, 129, 129
908612.3.peg.312.site.15, 11, 90, 101
908612.3.peg.312.site.16, 4, 74, 78
908612.3.peg.312.site.17, 11, 92, 103
908612.3.peg.2573.site.1, 4, 147, 151
908612.3.peg.2573.site.2, 6, 149, 155
908612.3.peg.2573.site.3, 7, 149, 156
908612.3.peg.2573.site.4, 19, 149, 168
908612.3.peg.2573.site.5, 2, 154, 156
908612.3.peg.2573.site.6, 81, 161, 242
908612.3.peg.2573.site.7, 20, 151, 171
908612.3.peg.2573.site.8, 84, 162, 246
908612.3.peg.2573.site.9, 0, 165, 165
908612.3.peg.2573.site.10, 0, 155, 155
908612.3.peg.2573.site.11, 0, 147, 147
908612.3.peg.2573.site.12, 0, 159, 159
908612.3.peg.2573.site.13, 8, 159, 167
908612.3.peg.2573.site.14, 10, 165, 175
908612.3.peg.2573.site.15, 6, 171, 177
908612.3.peg.2573.site.16, 40, 163, 203
908612.3.peg.2573.site.17, 1, 154, 155
908612.3.peg.2573.site.18, 0, 145, 145
908612.3.peg.2573.site.19, 2, 145, 147
908612.3.peg.2573.site.20, 8, 140, 148
908612.3.peg.2573.site.21, 49, 143, 192
908612.3.peg.2573.site.22, 6, 140, 146
908612.3.peg.2573.site.23, 6, 145, 151
908612.3.peg.2573.site.24, 0, 152, 152
908612.3.peg.2573.site.25, 14, 148, 162
908612.3.peg.2573.site.26, 72, 113, 185
908612.3.peg.2573.site.27, 4, 112, 116
908612.3.peg.2573.site.28, 2, 89, 91
908612.3.peg.2573.site.29, 4, 84, 88
908612.3.peg.2573.site.30, 1, 95, 96
908612.3.peg.2573.site.31, 3, 97, 100
908612.3.peg.2573.site.32, 13, 94, 107
908612.3.peg.2573.site.33, 30, 96, 126
908612.3.peg.2573.site.34, 2, 86, 88
908612.3.peg.2573.site.35, 4, 96, 100
908612.3.peg.2573.site.36, 4, 105, 109
908612.3.peg.2573.site.37, 3, 140, 143
908612.3.peg.2573.site.38, 4, 138, 142
908612.3.peg.2573.site.39, 26, 141, 167
908612.3.peg.2573.site.40, 29, 166, 195
908612.3.peg.2574.site.1, 23, 167, 190
908612.3.peg.2574.site.2, 2, 159, 161
908612.3.peg.2574.site.3, 40, 143, 183
908612.3.peg.2574.site.4, 67, 174, 241
908612.3.peg.2574.site.5, 67, 174, 241
908612.3.peg.2574.site.6, 78, 175, 253
908612.3.peg.2574.site.7, 76, 175, 251
908612.3.peg.2574.site.8, 42, 176, 218
908612.3.peg.2574.site.9, 34, 177, 211
908612.3.peg.2574.site.10, 2, 180, 182
908612.3.peg.2574.site.11, 1, 177, 178
908612.3.peg.2574.site.12, 6, 180, 186
908612.3.peg.2574.site.13, 49, 177, 226
908612.3.peg.2574.site.14, 6, 178, 184
908612.3.peg.2574.site.15, 0, 176, 176
908612.3.peg.2574.site.16, 2, 171, 173
908612.3.peg.2574.site.17, 4, 163, 167
908612.3.peg.2574.site.18, 2, 163, 165
908612.3.peg.2574.site.19, 7, 160, 167
908612.3.peg.2576.site.1, 3, 175, 178
908612.3.peg.2576.site.2, 26, 176, 202
908612.3.peg.2576.site.3, 11, 173, 184
908612.3.peg.2576.site.4, 14, 166, 180
908612.3.peg.2576.site.5, 97, 123, 220
908612.3.peg.2576.site.6, 1, 110, 111
908612.3.peg.2576.site.7, 22, 123, 145
908612.3.peg.2576.site.8, 7, 135, 142
908612.3.peg.2576.site.9, 5, 150, 155
908612.3.peg.2576.site.10, 92, 149, 241
908612.3.peg.2576.site.11, 0, 156, 156
908612.3.peg.2576.site.12, 14, 155, 169
908612.3.peg.2576.site.13, 24, 177, 201
908612.3.peg.2577.site.1, 0, 179, 179
908612.3.peg.2577.site.2, 0, 179, 179
908612.3.peg.2577.site.3, 55, 175, 230
908612.3.peg.2577.site.4, 1, 180, 181
908612.3.peg.2577.site.5, 3, 178, 181
908612.3.peg.2577.site.6, 1, 176, 177
908612.3.peg.2577.site.7, 0, 177, 177
908612.3.peg.2577.site.8, 3, 174, 177
908612.3.peg.2577.site.9, 0, 174, 174
908612.3.peg.2577.site.10, 44, 169, 213
908612.3.peg.2577.site.11, 43, 172, 215
908612.3.peg.2577.site.12, 13, 177, 190
908612.3.peg.2577.site.13, 15, 178, 193
908612.3.peg.2577.site.14, 117, 173, 290
908612.3.peg.2577.site.15, 1, 177, 178
908612.3.peg.2577.site.16, 8, 169, 177
908612.3.peg.2577.site.17, 5, 165, 170
908612.3.peg.2577.site.18, 3, 150, 153
908612.3.peg.2577.site.19, 0, 146, 146
908612.3.peg.2577.site.20, 8, 171, 179
908612.3.peg.2577.site.21, 0, 172, 172
908612.3.peg.2577.site.22, 13, 172, 185
908612.3.peg.2577.site.23, 2, 180, 182
908612.3.peg.2577.site.24, 11, 172, 183
908612.3.peg.2577.site.25, 1, 180, 181
908612.3.peg.2577.site.26, 107, 176, 283
908612.3.peg.2577.site.27, 138, 175, 313
908612.3.peg.2577.site.28, 6, 177, 183
908612.3.peg.2577.site.29, 0, 177, 177
908612.3.peg.2577.site.30, 4, 177, 181
908612.3.peg.2577.site.31, 78, 176, 254
908612.3.peg.2901.site.1, 0, 180, 180
908612.3.peg.2901.site.2, 1, 180, 181
908612.3.peg.2901.site.3, 4, 168, 172
908612.3.peg.2901.site.4, 0, 179, 179
908612.3.peg.2901.site.5, 2, 180, 182
908612.3.peg.2901.site.6, 1, 180, 181
908612.3.peg.2901.site.7, 1, 180, 181
908612.3.peg.2901.site.8, 1, 164, 165
908612.3.peg.2901.site.9, 17, 153, 170
908612.3.peg.2901.site.10, 29, 153, 182
908612.3.peg.2901.site.11, 59, 156, 215
908612.3.peg.2901.site.12, 4, 180, 184
908612.3.peg.2901.site.13, 0, 180, 180
908612.3.peg.2901.site.14, 20, 161, 181
908612.3.peg.2901.site.15, 1, 136, 137
908612.3.peg.2901.site.16, 0, 178, 178
908612.3.peg.2901.site.17, 1, 144, 145
908612.3.peg.2901.site.18, 2, 151, 153
908612.3.peg.2901.site.19, 6, 158, 164
908612.3.peg.2901.site.20, 88, 158, 246
908612.3.peg.2901.site.21, 14, 164, 178
908612.3.peg.2901.site.22, 3, 164, 167
908612.3.peg.2901.site.23, 4, 138, 142
908612.3.peg.2901.site.24, 2, 139, 141
908612.3.peg.2901.site.25, 14, 140, 154
908612.3.peg.2901.site.26, 4, 155, 159
908612.3.peg.2901.site.27, 57, 168, 225
908612.3.peg.2901.site.28, 2, 174, 176
908612.3.peg.2901.site.29, 29, 170, 199
908612.3.peg.2900.site.1, 26, 177, 203
908612.3.peg.2900.site.2, 0, 180, 180
908612.3.peg.2900.site.3, 0, 178, 178
908612.3.peg.2900.site.4, 2, 176, 178
908612.3.peg.2900.site.5, 1, 179, 180
908612.3.peg.2900.site.6, 47, 174, 221
908612.3.peg.2900.site.7, 2, 180, 182
908612.3.peg.2900.site.8, 1, 180, 181
908612.3.peg.2900.site.9, 0, 179, 179
908612.3.peg.2900.site.10, 2, 179, 181
908612.3.peg.2900.site.11, 83, 175, 258
908612.3.peg.2900.site.12, 1, 179, 180
908612.3.peg.2900.site.13, 40, 171, 211
908612.3.peg.2900.site.14, 46, 162, 208
908612.3.peg.2900.site.15, 57, 172, 229
908612.3.peg.2900.site.16, 2, 177, 179
908612.3.peg.2900.site.17, 0, 180, 180
908612.3.peg.2900.site.18, 47, 175, 222
908612.3.peg.1724.site.1, 5, 169, 174
908612.3.peg.1724.site.2, 140, 167, 307
908612.3.peg.1724.site.3, 46, 167, 213
908612.3.peg.1724.site.4, 44, 168, 212
908612.3.peg.1724.site.5, 2, 169, 171
908612.3.peg.1724.site.6, 71, 165, 236
908612.3.peg.1724.site.7, 67, 167, 234
908612.3.peg.1725.site.1, 3, 171, 174
908612.3.peg.1725.site.2, 15, 123, 138
908612.3.peg.1725.site.3, 67, 128, 195
908612.3.peg.1725.site.4, 1, 154, 155
908612.3.peg.1726.site.1, 71, 163, 234
908612.3.peg.1726.site.2, 6, 169, 175
908612.3.peg.1726.site.3, 135, 163, 298
908612.3.peg.1726.site.4, 137, 165, 302
908612.3.peg.1726.site.5, 41, 168, 209
908612.3.peg.1726.site.6, 41, 167, 208
908612.3.peg.1726.site.7, 1, 168, 169
908612.3.peg.1726.site.8, 41, 167, 208
908612.3.peg.1726.site.9, 4, 170, 174
908612.3.peg.1726.site.10, 16, 160, 176
908612.3.peg.1726.site.11, 41, 167, 208
908612.3.peg.1726.site.12, 2, 167, 169
908612.3.peg.1726.site.13, 2, 167, 169
908612.3.peg.2903.site.1, 1, 178, 179
908612.3.peg.2903.site.2, 0, 179, 179
908612.3.peg.2903.site.3, 1, 175, 176
908612.3.peg.2903.site.4, 111, 172, 283
908612.3.peg.2903.site.5, 3, 135, 138
908612.3.peg.2903.site.6, 3, 161, 164
908612.3.peg.2903.site.7, 2, 176, 178
908612.3.peg.2903.site.8, 3, 179, 182
908612.3.peg.2903.site.9, 4, 177, 181
908612.3.peg.2903.site.10, 0, 178, 178
908612.3.peg.2903.site.11, 4, 179, 183
908612.3.peg.2903.site.12, 4, 171, 175
908612.3.peg.2903.site.13, 2, 160, 162
908612.3.peg.2903.site.14, 7, 158, 165
908612.3.peg.2903.site.15, 0, 144, 144
908612.3.peg.2903.site.16, 7, 140, 147
908612.3.peg.2903.site.17, 0, 96, 96
908612.3.peg.2903.site.18, 0, 95, 95
908612.3.peg.2903.site.19, 63, 94, 157
908612.3.peg.2903.site.20, 47, 72, 119
908612.3.peg.2903.site.21, 48, 69, 117
908612.3.peg.2903.site.22, 46, 69, 115
908612.3.peg.2903.site.23, 87, 113, 200
908612.3.peg.2903.site.24, 72, 126, 198
908612.3.peg.2903.site.25, 81, 133, 214
908612.3.peg.2903.site.26, 5, 154, 159
908612.3.peg.2903.site.27, 122, 159, 281
908612.3.peg.2903.site.28, 0, 172, 172
908612.3.peg.2902.site.1, 1, 180, 181
908612.3.peg.2902.site.2, 88, 174, 262
908612.3.peg.2902.site.3, 47, 175, 222
908612.3.peg.2902.site.4, 9, 180, 189
908612.3.peg.2902.site.5, 131, 174, 305
908612.3.peg.2902.site.6, 0, 157, 157
908612.3.peg.2902.site.7, 0, 162, 162
908612.3.peg.2902.site.8, 2, 178, 180
908612.3.peg.2902.site.9, 23, 173, 196
908612.3.peg.2902.site.10, 1, 164, 165
908612.3.peg.2905.site.1, 0, 178, 178
908612.3.peg.2905.site.2, 1, 179, 180
908612.3.peg.2905.site.3, 0, 178, 178
908612.3.peg.2905.site.4, 12, 178, 190
908612.3.peg.2905.site.5, 12, 178, 190
908612.3.peg.2905.site.6, 36, 178, 214
908612.3.peg.2905.site.7, 0, 179, 179
908612.3.peg.2905.site.8, 37, 179, 216
908612.3.peg.2905.site.9, 30, 179, 209
908612.3.peg.2905.site.10, 0, 180, 180
908612.3.peg.2905.site.11, 37, 177, 214
908612.3.peg.2905.site.12, 0, 177, 177
908612.3.peg.2905.site.13, 9, 179, 188
908612.3.peg.2904.site.1, 12, 174, 186
908612.3.peg.2904.site.2, 0, 177, 177
908612.3.peg.2904.site.3, 7, 179, 186
908612.3.peg.2904.site.4, 0, 178, 178
908612.3.peg.2904.site.5, 11, 178, 189
908612.3.peg.2904.site.6, 12, 178, 190
908612.3.peg.2904.site.7, 11, 175, 186
908612.3.peg.2904.site.8, 32, 178, 210
908612.3.peg.2904.site.9, 11, 177, 188
908612.3.peg.2904.site.10, 1, 180, 181
908612.3.peg.2904.site.11, 12, 179, 191
908612.3.peg.2904.site.12, 8, 180, 188
908612.3.peg.2904.site.13, 10, 179, 189
908612.3.peg.2904.site.14, 11, 180, 191
908612.3.peg.2904.site.15, 11, 180, 191
908612.3.peg.2904.site.16, 13, 178, 191
908612.3.peg.2904.site.17, 30, 172, 202
908612.3.peg.2904.site.18, 34, 171, 205
908612.3.peg.2904.site.19, 3, 177, 180
908612.3.peg.2904.site.20, 1, 157, 158
908612.3.peg.2907.site.1, 8, 180, 188
908612.3.peg.2907.site.2, 1, 180, 181
908612.3.peg.2907.site.3, 7, 178, 185
908612.3.peg.2907.site.4, 2, 180, 182
908612.3.peg.2907.site.5, 20, 179, 199
908612.3.peg.2906.site.1, 3, 179, 182
908612.3.peg.2906.site.2, 1, 180, 181
908612.3.peg.2906.site.3, 23, 176, 199
908612.3.peg.2906.site.4, 87, 178, 265
908612.3.peg.2906.site.5, 6, 179, 185
908612.3.peg.2906.site.6, 83, 177, 260
908612.3.peg.2906.site.7, 6, 174, 180
908612.3.peg.2906.site.8, 7, 176, 183
908612.3.peg.2906.site.9, 17, 176, 193
908612.3.peg.2906.site.10, 120, 167, 287
908612.3.peg.2906.site.11, 0, 159, 159
908612.3.peg.2906.site.12, 92, 171, 263
908612.3.peg.2906.site.13, 3, 179, 182
908612.3.peg.2906.site.14, 0, 178, 178
908612.3.peg.2906.site.15, 7, 180, 187
908612.3.peg.2906.site.16, 43, 177, 220
908612.3.peg.48.site.1, 34, 179, 213
908612.3.peg.48.site.2, 0, 178, 178
908612.3.peg.48.site.3, 4, 180, 184
908612.3.peg.48.site.4, 13, 178, 191
908612.3.peg.48.site.5, 0, 177, 177
908612.3.peg.48.site.6, 2, 172, 174
908612.3.peg.48.site.7, 0, 172, 172
908612.3.peg.48.site.8, 62, 176, 238
908612.3.peg.48.site.9, 148, 179, 327
908612.3.peg.48.site.10, 0, 179, 179
908612.3.peg.48.site.11, 4, 178, 182
908612.3.peg.48.site.12, 3, 180, 183
908612.3.peg.48.site.13, 0, 174, 174
908612.3.peg.48.site.14, 3, 168, 171
908612.3.peg.48.site.15, 18, 175, 193
908612.3.peg.48.site.16, 22, 175, 197
908612.3.peg.48.site.17, 1, 178, 179
908612.3.peg.48.site.18, 3, 179, 182
908612.3.peg.48.site.19, 8, 179, 187
908612.3.peg.48.site.20, 83, 175, 258
908612.3.peg.48.site.21, 13, 179, 192
908612.3.peg.48.site.22, 0, 177, 177
908612.3.peg.48.site.23, 1, 178, 179
908612.3.peg.48.site.24, 22, 179, 201
908612.3.peg.40.site.1, 28, 178, 206
908612.3.peg.40.site.2, 0, 179, 179
908612.3.peg.40.site.3, 1, 180, 181
908612.3.peg.40.site.4, 6, 179, 185
908612.3.peg.40.site.5, 7, 179, 186
908612.3.peg.40.site.6, 27, 178, 205
908612.3.peg.40.site.7, 4, 179, 183
908612.3.peg.40.site.8, 0, 180, 180
908612.3.peg.40.site.9, 1, 180, 181
908612.3.peg.40.site.10, 0, 179, 179
908612.3.peg.40.site.11, 25, 179, 204
908612.3.peg.40.site.12, 6, 180, 186
908612.3.peg.40.site.13, 24, 179, 203
908612.3.peg.40.site.14, 127, 180, 307
908612.3.peg.40.site.15, 135, 178, 313
908612.3.peg.40.site.16, 24, 180, 204
908612.3.peg.40.site.17, 23, 179, 202
908612.3.peg.40.site.18, 14, 177, 191
908612.3.peg.40.site.19, 12, 179, 191
908612.3.peg.40.site.20, 10, 180, 190
908612.3.peg.40.site.21, 104, 175, 279
908612.3.peg.40.site.22, 6, 179, 185
908612.3.peg.40.site.23, 8, 179, 187
908612.3.peg.40.site.24, 2, 178, 180
908612.3.peg.40.site.25, 5, 178, 183
908612.3.peg.40.site.26, 3, 180, 183
908612.3.peg.40.site.27, 2, 179, 181
908612.3.peg.40.site.28, 0, 180, 180
908612.3.peg.41.site.1, 2, 180, 182
908612.3.peg.41.site.2, 1, 180, 181
908612.3.peg.41.site.3, 6, 180, 186
908612.3.peg.41.site.4, 29, 180, 209
908612.3.peg.41.site.5, 2, 180, 182
908612.3.peg.41.site.6, 15, 178, 193
908612.3.peg.41.site.7, 6, 180, 186
908612.3.peg.41.site.8, 1, 180, 181
908612.3.peg.41.site.9, 30, 180, 210
908612.3.peg.41.site.10, 140, 177, 317
908612.3.peg.41.site.11, 31, 178, 209
908612.3.peg.41.site.12, 6, 180, 186
908612.3.peg.41.site.13, 7, 180, 187
908612.3.peg.41.site.14, 1, 180, 181
908612.3.peg.41.site.15, 14, 172, 186
908612.3.peg.41.site.16, 1, 133, 134
908612.3.peg.41.site.17, 137, 161, 298
908612.3.peg.41.site.18, 0, 177, 177
908612.3.peg.41.site.19, 6, 179, 185
908612.3.peg.41.site.20, 18, 175, 193
908612.3.peg.41.site.21, 17, 174, 191
908612.3.peg.41.site.22, 1, 161, 162
908612.3.peg.41.site.23, 13, 173, 186
908612.3.peg.41.site.24, 15, 177, 192
908612.3.peg.41.site.25, 13, 175, 188
908612.3.peg.41.site.26, 22, 180, 202
908612.3.peg.41.site.27, 2, 179, 181
908612.3.peg.41.site.28, 2, 179, 181
908612.3.peg.41.site.29, 16, 176, 192
908612.3.peg.41.site.30, 3, 180, 183
908612.3.peg.41.site.31, 15, 173, 188
908612.3.peg.41.site.32, 0, 178, 178
908612.3.peg.41.site.33, 3, 180, 183
908612.3.peg.41.site.34, 8, 180, 188
908612.3.peg.41.site.35, 0, 180, 180
908612.3.peg.41.site.36, 20, 176, 196
908612.3.peg.41.site.37, 16, 176, 192
908612.3.peg.41.site.38, 19, 178, 197
908612.3.peg.41.site.39, 19, 179, 198
908612.3.peg.41.site.40, 0, 180, 180
908612.3.peg.41.site.41, 0, 180, 180
908612.3.peg.42.site.1, 119, 179, 298
908612.3.peg.42.site.2, 104, 171, 275
908612.3.peg.42.site.3, 4, 172, 176
908612.3.peg.42.site.4, 136, 175, 311
908612.3.peg.42.site.5, 104, 174, 278
908612.3.peg.42.site.6, 124, 175, 299
908612.3.peg.42.site.7, 136, 179, 315
908612.3.peg.42.site.8, 108, 177, 285
908612.3.peg.42.site.9, 1, 179, 180
908612.3.peg.42.site.10, 4, 179, 183
908612.3.peg.42.site.11, 0, 175, 175
908612.3.peg.42.site.12, 9, 176, 185
908612.3.peg.42.site.13, 77, 171, 248
908612.3.peg.42.site.14, 77, 171, 248
908612.3.peg.42.site.15, 0, 177, 177
908612.3.peg.42.site.16, 0, 180, 180
908612.3.peg.42.site.17, 9, 179, 188
908612.3.peg.43.site.1, 2, 179, 181
908612.3.peg.43.site.2, 4, 165, 169
908612.3.peg.43.site.3, 6, 129, 135
908612.3.peg.43.site.4, 11, 99, 110
908612.3.peg.43.site.5, 1, 97, 98
908612.3.peg.43.site.6, 30, 110, 140
908612.3.peg.43.site.7, 79, 122, 201
908612.3.peg.43.site.8, 37, 137, 174
908612.3.peg.43.site.9, 43, 154, 197
908612.3.peg.43.site.10, 2, 158, 160
908612.3.peg.43.site.11, 6, 178, 184
908612.3.peg.43.site.12, 113, 176, 289
908612.3.peg.43.site.13, 0, 179, 179
908612.3.peg.43.site.14, 12, 177, 189
908612.3.peg.43.site.15, 5, 178, 183
908612.3.peg.43.site.16, 0, 177, 177
908612.3.peg.43.site.17, 39, 175, 214
908612.3.peg.43.site.18, 27, 176, 203
908612.3.peg.43.site.19, 27, 177, 204
908612.3.peg.43.site.20, 25, 174, 199
908612.3.peg.44.site.1, 24, 177, 201
908612.3.peg.44.site.2, 1, 176, 177
908612.3.peg.44.site.3, 21, 171, 192
908612.3.peg.44.site.4, 148, 173, 321
908612.3.peg.44.site.5, 15, 168, 183
908612.3.peg.44.site.6, 129, 152, 281
908612.3.peg.44.site.7, 12, 152, 164
908612.3.peg.44.site.8, 2, 155, 157
908612.3.peg.44.site.9, 2, 156, 158
908612.3.peg.44.site.10, 21, 171, 192
908612.3.peg.44.site.11, 20, 172, 192
908612.3.peg.44.site.12, 0, 176, 176
908612.3.peg.44.site.13, 0, 178, 178
908612.3.peg.44.site.14, 14, 177, 191
908612.3.peg.44.site.15, 32, 177, 209
908612.3.peg.44.site.16, 1, 180, 181
908612.3.peg.44.site.17, 152, 178, 330
908612.3.peg.44.site.18, 0, 180, 180
908612.3.peg.44.site.19, 0, 178, 178
908612.3.peg.44.site.20, 50, 177, 227
908612.3.peg.44.site.21, 1, 180, 181
908612.3.peg.44.site.22, 3, 180, 183
908612.3.peg.44.site.23, 93, 173, 266
908612.3.peg.44.site.24, 9, 177, 186
908612.3.peg.44.site.25, 153, 177, 330
908612.3.peg.44.site.26, 88, 175, 263
908612.3.peg.44.site.27, 92, 173, 265
908612.3.peg.44.site.28, 110, 169, 279
908612.3.peg.44.site.29, 19, 170, 189
908612.3.peg.44.site.30, 18, 170, 188
908612.3.peg.44.site.31, 14, 178, 192
908612.3.peg.44.site.32, 1, 180, 181
908612.3.peg.44.site.33, 10, 180, 190
908612.3.peg.44.site.34, 152, 177, 329
908612.3.peg.44.site.35, 13, 179, 192
908612.3.peg.44.site.36, 14, 179, 193
908612.3.peg.44.site.37, 0, 179, 179
908612.3.peg.44.site.38, 0, 180, 180
908612.3.peg.45.site.1, 2, 180, 182
908612.3.peg.45.site.2, 67, 176, 243
908612.3.peg.45.site.3, 142, 179, 321
908612.3.peg.45.site.4, 41, 178, 219
908612.3.peg.45.site.5, 68, 177, 245
908612.3.peg.45.site.6, 0, 180, 180
908612.3.peg.45.site.7, 69, 177, 246
908612.3.peg.45.site.8, 141, 178, 319
908612.3.peg.45.site.9, 1, 178, 179
908612.3.peg.45.site.10, 68, 175, 243
908612.3.peg.45.site.11, 68, 177, 245
908612.3.peg.45.site.12, 85, 175, 260
908612.3.peg.45.site.13, 85, 177, 262
908612.3.peg.45.site.14, 40, 178, 218
908612.3.peg.45.site.15, 44, 173, 217
908612.3.peg.45.site.16, 0, 178, 178
908612.3.peg.45.site.17, 6, 180, 186
908612.3.peg.45.site.18, 85, 177, 262
908612.3.peg.45.site.19, 86, 175, 261
908612.3.peg.45.site.20, 0, 180, 180
908612.3.peg.45.site.21, 86, 177, 263
908612.3.peg.45.site.22, 40, 179, 219
908612.3.peg.45.site.23, 7, 180, 187
908612.3.peg.45.site.24, 132, 178, 310
908612.3.peg.45.site.25, 1, 180, 181
908612.3.peg.45.site.26, 128, 175, 303
908612.3.peg.45.site.27, 121, 174, 295
908612.3.peg.45.site.28, 146, 176, 322
908612.3.peg.46.site.1, 59, 176, 235
908612.3.peg.46.site.2, 109, 167, 276
908612.3.peg.46.site.3, 10, 170, 180
908612.3.peg.46.site.4, 7, 177, 184
908612.3.peg.46.site.5, 0, 177, 177
908612.3.peg.46.site.6, 57, 175, 232
908612.3.peg.46.site.7, 57, 176, 233
908612.3.peg.46.site.8, 112, 172, 284
908612.3.peg.46.site.9, 112, 172, 284
908612.3.peg.46.site.10, 7, 175, 182
908612.3.peg.46.site.11, 53, 159, 212
908612.3.peg.46.site.12, 1, 153, 154
908612.3.peg.46.site.13, 111, 143, 254
908612.3.peg.46.site.14, 0, 131, 131
908612.3.peg.46.site.15, 7, 168, 175
908612.3.peg.46.site.16, 2, 176, 178
908612.3.peg.46.site.17, 2, 176, 178
908612.3.peg.46.site.18, 1, 172, 173
908612.3.peg.46.site.19, 29, 173, 202
908612.3.peg.46.site.20, 0, 169, 169
908612.3.peg.46.site.21, 7, 164, 171
908612.3.peg.46.site.22, 6, 176, 182
908612.3.peg.46.site.23, 19, 179, 198
908612.3.peg.46.site.24, 64, 173, 237
908612.3.peg.47.site.1, 46, 177, 223
908612.3.peg.47.site.2, 75, 176, 251
908612.3.peg.47.site.3, 2, 180, 182
908612.3.peg.47.site.4, 3, 179, 182
908612.3.peg.47.site.5, 0, 180, 180
908612.3.peg.47.site.6, 17, 180, 197
908612.3.peg.47.site.7, 0, 179, 179
908612.3.peg.47.site.8, 108, 178, 286
908612.3.peg.47.site.9, 33, 176, 209
908612.3.peg.47.site.10, 137, 174, 311
908612.3.peg.47.site.11, 121, 170, 291
908612.3.peg.47.site.12, 3, 179, 182
908612.3.peg.47.site.13, 0, 179, 179
908612.3.peg.47.site.14, 19, 177, 196
908612.3.peg.47.site.15, 146, 176, 322
908612.3.peg.47.site.16, 1, 177, 178
908612.3.peg.47.site.17, 44, 176, 220
908612.3.peg.47.site.18, 2, 178, 180
908612.3.peg.47.site.19, 2, 178, 180
908612.3.peg.47.site.20, 1, 178, 179
908612.3.peg.47.site.21, 146, 178, 324
908612.3.peg.47.site.22, 154, 179, 333
908612.3.peg.47.site.23, 0, 176, 176
908612.3.peg.47.site.24, 114, 176, 290
908612.3.peg.47.site.25, 2, 177, 179
908612.3.peg.47.site.26, 140, 179, 319
908612.3.peg.47.site.27, 2, 172, 174
908612.3.peg.47.site.28, 116, 167, 283
908612.3.peg.47.site.29, 0, 170, 170
908612.3.peg.47.site.30, 26, 165, 191
908612.3.peg.47.site.31, 19, 126, 145
908612.3.peg.47.site.32, 2, 142, 144
908612.3.peg.47.site.33, 10, 152, 162
908612.3.peg.47.site.34, 6, 169, 175
908612.3.peg.47.site.35, 7, 173, 180
908612.3.peg.47.site.36, 26, 172, 198
908612.3.peg.47.site.37, 10, 173, 183
908612.3.peg.47.site.38, 10, 158, 168
908612.3.peg.47.site.39, 1, 158, 159
908612.3.peg.47.site.40, 14, 158, 172
908612.3.peg.47.site.41, 14, 159, 173
908612.3.peg.47.site.42, 1, 166, 167
908612.3.peg.47.site.43, 4, 170, 174
908612.3.peg.47.site.44, 4, 174, 178
908612.3.peg.47.site.45, 3, 180, 183
908612.3.peg.47.site.46, 26, 178, 204
908612.3.peg.47.site.47, 47, 178, 225
908612.3.peg.47.site.48, 64, 172, 236
908612.3.peg.47.site.49, 28, 163, 191
908612.3.peg.47.site.50, 24, 159, 183
908612.3.peg.47.site.51, 2, 164, 166
908612.3.peg.47.site.52, 2, 175, 177
908612.3.peg.47.site.53, 22, 170, 192
908612.3.peg.47.site.54, 65, 165, 230
908612.3.peg.47.site.55, 14, 162, 176
908612.3.peg.47.site.56, 2, 166, 168
908612.3.peg.47.site.57, 80, 177, 257
908612.3.peg.47.site.58, 8, 180, 188
908612.3.peg.47.site.59, 19, 176, 195
908612.3.peg.47.site.60, 0, 180, 180
908612.3.peg.47.site.61, 3, 180, 183
908612.3.peg.47.site.62, 0, 179, 179
908612.3.peg.47.site.63, 2, 178, 180
908612.3.peg.47.site.64, 0, 178, 178
908612.3.peg.47.site.65, 0, 179, 179
908612.3.peg.47.site.66, 62, 175, 237
908612.3.peg.47.site.67, 0, 180, 180
908612.3.peg.47.site.68, 4, 180, 184
908612.3.peg.47.site.69, 42, 179, 221
908612.3.peg.47.site.70, 17, 178, 195
908612.3.peg.47.site.71, 56, 178, 234
908612.3.peg.47.site.72, 2, 175, 177
908612.3.peg.47.site.73, 3, 171, 174
908612.3.peg.47.site.74, 1, 166, 167
908612.3.peg.47.site.75, 1, 166, 167
908612.3.peg.47.site.76, 9, 175, 184
908612.3.peg.47.site.77, 1, 175, 176
908612.3.peg.47.site.78, 5, 169, 174
908612.3.peg.1478.site.1, 0, 180, 180
908612.3.peg.1478.site.2, 0, 173, 173
908612.3.peg.1478.site.3, 0, 170, 170
908612.3.peg.1478.site.4, 0, 165, 165
908612.3.peg.1478.site.5, 109, 169, 278
908612.3.peg.1478.site.6, 105, 141, 246
908612.3.peg.1478.site.7, 0, 148, 148
908612.3.peg.1478.site.8, 38, 152, 190
908612.3.peg.1479.site.1, 0, 180, 180
908612.3.peg.1479.site.2, 0, 179, 179
908612.3.peg.1479.site.3, 0, 177, 177
908612.3.peg.1479.site.4, 0, 176, 176
908612.3.peg.1479.site.5, 25, 162, 187
908612.3.peg.1472.site.1, 0, 179, 179
908612.3.peg.1472.site.2, 7, 179, 186
908612.3.peg.1472.site.3, 0, 179, 179
908612.3.peg.1472.site.4, 4, 180, 184
908612.3.peg.1472.site.5, 2, 180, 182
908612.3.peg.1472.site.6, 0, 179, 179
908612.3.peg.1472.site.7, 0, 179, 179
908612.3.peg.1472.site.8, 0, 180, 180
908612.3.peg.1472.site.9, 0, 179, 179
908612.3.peg.1472.site.10, 0, 179, 179
908612.3.peg.1472.site.11, 77, 167, 244
908612.3.peg.1475.site.1, 0, 180, 180
908612.3.peg.1475.site.2, 29, 180, 209
908612.3.peg.1475.site.3, 17, 177, 194
908612.3.peg.1056.site.1, 3, 180, 183
908612.3.peg.1056.site.2, 0, 179, 179
908612.3.peg.1056.site.3, 2, 179, 181
908612.3.peg.1056.site.4, 2, 180, 182
908612.3.peg.1056.site.5, 65, 173, 238
908612.3.peg.1056.site.6, 0, 178, 178
908612.3.peg.1056.site.7, 68, 177, 245
908612.3.peg.1056.site.8, 0, 180, 180
908612.3.peg.1056.site.9, 1, 180, 181
908612.3.peg.1057.site.1, 8, 174, 182
908612.3.peg.1057.site.2, 0, 167, 167
908612.3.peg.1057.site.3, 101, 159, 260
908612.3.peg.1057.site.4, 6, 162, 168
908612.3.peg.1057.site.5, 2, 168, 170
908612.3.peg.1057.site.6, 4, 177, 181
908612.3.peg.1057.site.7, 3, 178, 181
908612.3.peg.1057.site.8, 0, 180, 180
908612.3.peg.1057.site.9, 0, 179, 179
908612.3.peg.1057.site.10, 0, 178, 178
908612.3.peg.1057.site.11, 4, 179, 183
908612.3.peg.1057.site.12, 0, 177, 177
908612.3.peg.1057.site.13, 0, 176, 176
908612.3.peg.1057.site.14, 10, 177, 187
908612.3.peg.1057.site.15, 19, 177, 196
908612.3.peg.1057.site.16, 74, 171, 245
908612.3.peg.1057.site.17, 3, 177, 180
908612.3.peg.1057.site.18, 74, 174, 248
908612.3.peg.1057.site.19, 3, 170, 173
908612.3.peg.1057.site.20, 7, 179, 186
908612.3.peg.1057.site.21, 0, 177, 177
908612.3.peg.1057.site.22, 4, 179, 183
908612.3.peg.1057.site.23, 4, 180, 184
908612.3.peg.1057.site.24, 43, 173, 216
908612.3.peg.1057.site.25, 7, 179, 186
908612.3.peg.1057.site.26, 3, 180, 183
908612.3.peg.1057.site.27, 69, 175, 244
908612.3.peg.1054.site.1, 47, 178, 225
908612.3.peg.1054.site.2, 47, 178, 225
908612.3.peg.1054.site.3, 7, 178, 185
908612.3.peg.1054.site.4, 0, 179, 179
908612.3.peg.1054.site.5, 33, 178, 211
908612.3.peg.1054.site.6, 12, 177, 189
908612.3.peg.1054.site.7, 0, 177, 177
908612.3.peg.1054.site.8, 0, 178, 178
908612.3.peg.1055.site.1, 85, 178, 263
908612.3.peg.1055.site.2, 6, 180, 186
908612.3.peg.1055.site.3, 19, 180, 199
908612.3.peg.1055.site.4, 22, 180, 202
908612.3.peg.1055.site.5, 22, 179, 201
908612.3.peg.1055.site.6, 2, 178, 180
908612.3.peg.1055.site.7, 4, 179, 183
908612.3.peg.1055.site.8, 11, 176, 187
908612.3.peg.1055.site.9, 0, 178, 178
908612.3.peg.1055.site.10, 22, 178, 200
908612.3.peg.1055.site.11, 7, 178, 185
908612.3.peg.1055.site.12, 23, 178, 201
908612.3.peg.1055.site.13, 22, 180, 202
908612.3.peg.1052.site.1, 95, 175, 270
908612.3.peg.1052.site.2, 36, 160, 196
908612.3.peg.1052.site.3, 98, 159, 257
908612.3.peg.1052.site.4, 6, 157, 163
908612.3.peg.1052.site.5, 66, 152, 218
908612.3.peg.1052.site.6, 8, 153, 161
908612.3.peg.1052.site.7, 40, 162, 202
908612.3.peg.1052.site.8, 0, 170, 170
908612.3.peg.1052.site.9, 5, 180, 185
908612.3.peg.1052.site.10, 108, 178, 286
908612.3.peg.1052.site.11, 19, 180, 199
908612.3.peg.1052.site.12, 43, 175, 218
908612.3.peg.1052.site.13, 1, 176, 177
908612.3.peg.1052.site.14, 1, 179, 180
908612.3.peg.1052.site.15, 35, 173, 208
908612.3.peg.1052.site.16, 2, 180, 182
908612.3.peg.1052.site.17, 14, 179, 193
908612.3.peg.1052.site.18, 1, 179, 180
908612.3.peg.1052.site.19, 27, 180, 207
908612.3.peg.1052.site.20, 1, 180, 181
908612.3.peg.1052.site.21, 36, 174, 210
908612.3.peg.1052.site.22, 25, 176, 201
908612.3.peg.1052.site.23, 0, 177, 177
908612.3.peg.1053.site.1, 4, 180, 184
908612.3.peg.1053.site.2, 19, 178, 197
908612.3.peg.1053.site.3, 3, 179, 182
908612.3.peg.1053.site.4, 9, 180, 189
908612.3.peg.1053.site.5, 3, 179, 182
908612.3.peg.1053.site.6, 25, 176, 201
908612.3.peg.1053.site.7, 25, 177, 202
908612.3.peg.1053.site.8, 12, 180, 192
908612.3.peg.1053.site.9, 68, 175, 243
908612.3.peg.1053.site.10, 9, 178, 187
908612.3.peg.1053.site.11, 11, 179, 190
908612.3.peg.1053.site.12, 0, 178, 178
908612.3.peg.1053.site.13, 40, 174, 214
908612.3.peg.1053.site.14, 11, 179, 190
908612.3.peg.1053.site.15, 11, 180, 191
908612.3.peg.1053.site.16, 3, 177, 180
908612.3.peg.1053.site.17, 21, 176, 197
908612.3.peg.1050.site.1, 0, 172, 172
908612.3.peg.1050.site.2, 0, 175, 175
908612.3.peg.1050.site.3, 52, 153, 205
908612.3.peg.1050.site.4, 82, 138, 220
908612.3.peg.1050.site.5, 7, 129, 136
908612.3.peg.1050.site.6, 111, 165, 276
908612.3.peg.1050.site.7, 111, 165, 276
908612.3.peg.1050.site.8, 1, 169, 170
908612.3.peg.1050.site.9, 44, 173, 217
908612.3.peg.1050.site.10, 1, 175, 176
908612.3.peg.1050.site.11, 42, 171, 213
908612.3.peg.1050.site.12, 21, 176, 197
908612.3.peg.1050.site.13, 1, 180, 181
908612.3.peg.1050.site.14, 0, 180, 180
908612.3.peg.1050.site.15, 52, 176, 228
908612.3.peg.1050.site.16, 1, 180, 181
908612.3.peg.1050.site.17, 3, 180, 183
908612.3.peg.1050.site.18, 47, 168, 215
908612.3.peg.1050.site.19, 44, 171, 215
908612.3.peg.1050.site.20, 2, 173, 175
908612.3.peg.1050.site.21, 1, 136, 137
908612.3.peg.1050.site.22, 2, 131, 133
908612.3.peg.1050.site.23, 26, 154, 180
908612.3.peg.1050.site.24, 0, 177, 177
908612.3.peg.1051.site.1, 16, 177, 193
908612.3.peg.1508.site.1, 25, 173, 198
908612.3.peg.1508.site.2, 24, 172, 196
908612.3.peg.1508.site.3, 23, 170, 193
908612.3.peg.1508.site.4, 21, 180, 201
908612.3.peg.1508.site.5, 36, 176, 212
908612.3.peg.1508.site.6, 6, 178, 184
908612.3.peg.1508.site.7, 2, 179, 181
908612.3.peg.1508.site.8, 2, 180, 182
908612.3.peg.1508.site.9, 0, 177, 177
908612.3.peg.1508.site.10, 5, 180, 185
908612.3.peg.1508.site.11, 2, 179, 181
908612.3.peg.1508.site.12, 6, 178, 184
908612.3.peg.1508.site.13, 0, 178, 178
908612.3.peg.1508.site.14, 1, 178, 179
908612.3.peg.1508.site.15, 2, 178, 180
908612.3.peg.1508.site.16, 5, 171, 176
908612.3.peg.1508.site.17, 9, 176, 185
908612.3.peg.1509.site.1, 133, 157, 290
908612.3.peg.1509.site.2, 147, 177, 324
908612.3.peg.1509.site.3, 5, 179, 184
908612.3.peg.1509.site.4, 146, 169, 315
908612.3.peg.1509.site.5, 5, 172, 177
908612.3.peg.1509.site.6, 2, 166, 168
908612.3.peg.1509.site.7, 143, 175, 318
908612.3.peg.1509.site.8, 6, 180, 186
908612.3.peg.1509.site.9, 156, 180, 336
908612.3.peg.1509.site.10, 2, 180, 182
908612.3.peg.1509.site.11, 1, 179, 180
908612.3.peg.1509.site.12, 11, 180, 191
908612.3.peg.1509.site.13, 3, 180, 183
908612.3.peg.1509.site.14, 154, 180, 334
908612.3.peg.1509.site.15, 1, 180, 181
908612.3.peg.1058.site.1, 0, 145, 145
908612.3.peg.1058.site.2, 0, 168, 168
908612.3.peg.1058.site.3, 8, 170, 178
908612.3.peg.1058.site.4, 0, 174, 174
908612.3.peg.1058.site.5, 0, 179, 179
908612.3.peg.1058.site.6, 0, 180, 180
908612.3.peg.1058.site.7, 4, 178, 182
908612.3.peg.1058.site.8, 1, 180, 181
908612.3.peg.1058.site.9, 4, 179, 183
908612.3.peg.1058.site.10, 2, 179, 181
908612.3.peg.1058.site.11, 0, 180, 180
908612.3.peg.1058.site.12, 6, 179, 185
908612.3.peg.1058.site.13, 68, 176, 244
908612.3.peg.1058.site.14, 1, 180, 181
908612.3.peg.1058.site.15, 5, 180, 185
908612.3.peg.1058.site.16, 129, 176, 305
908612.3.peg.1058.site.17, 12, 178, 190
908612.3.peg.1058.site.18, 1, 170, 171
908612.3.peg.1058.site.19, 12, 172, 184
908612.3.peg.1058.site.20, 54, 165, 219
908612.3.peg.1058.site.21, 55, 138, 193
908612.3.peg.1058.site.22, 24, 137, 161
908612.3.peg.1058.site.23, 1, 142, 143
908612.3.peg.1058.site.24, 32, 167, 199
908612.3.peg.1058.site.25, 1, 179, 180
908612.3.peg.1058.site.26, 0, 179, 179
908612.3.peg.1059.site.1, 16, 180, 196
908612.3.peg.1059.site.2, 147, 177, 324
908612.3.peg.1059.site.3, 0, 179, 179
908612.3.peg.1059.site.4, 0, 179, 179
908612.3.peg.1059.site.5, 141, 178, 319
908612.3.peg.1059.site.6, 122, 173, 295
908612.3.peg.1059.site.7, 4, 179, 183
908612.3.peg.1059.site.8, 26, 180, 206
908612.3.peg.1059.site.9, 5, 180, 185
908612.3.peg.1059.site.10, 2, 179, 181
908612.3.peg.1059.site.11, 5, 180, 185
908612.3.peg.1059.site.12, 5, 180, 185
908612.3.peg.1059.site.13, 1, 180, 181
908612.3.peg.1059.site.14, 8, 180, 188
908612.3.peg.1059.site.15, 103, 178, 281
908612.3.peg.1059.site.16, 0, 179, 179
908612.3.peg.1059.site.17, 1, 180, 181
908612.3.peg.1059.site.18, 4, 179, 183
908612.3.peg.1059.site.19, 115, 178, 293
908612.3.peg.1059.site.20, 4, 180, 184
908612.3.peg.1059.site.21, 142, 178, 320
908612.3.peg.1059.site.22, 0, 179, 179
908612.3.peg.1059.site.23, 157, 175, 332
908612.3.peg.1059.site.24, 157, 177, 334
908612.3.peg.1059.site.25, 5, 180, 185
908612.3.peg.1059.site.26, 74, 178, 252
908612.3.peg.1059.site.27, 160, 177, 337
908612.3.peg.1059.site.28, 70, 170, 240
908612.3.peg.1059.site.29, 32, 174, 206
908612.3.peg.1059.site.30, 1, 179, 180
908612.3.peg.1059.site.31, 0, 178, 178
908612.3.peg.1751.site.1, 117, 176, 293
908612.3.peg.1751.site.2, 22, 174, 196
908612.3.peg.1751.site.3, 9, 179, 188
908612.3.peg.1751.site.4, 0, 180, 180
908612.3.peg.1751.site.5, 19, 180, 199
908612.3.peg.1751.site.6, 33, 177, 210
908612.3.peg.1751.site.7, 2, 180, 182
908612.3.peg.1751.site.8, 3, 180, 183
908612.3.peg.1751.site.9, 32, 178, 210
908612.3.peg.1751.site.10, 99, 174, 273
908612.3.peg.1751.site.11, 20, 178, 198
908612.3.peg.1750.site.1, 0, 178, 178
908612.3.peg.1754.site.1, 0, 180, 180
908612.3.peg.1754.site.2, 0, 178, 178
908612.3.peg.1754.site.3, 1, 179, 180
908612.3.peg.1754.site.4, 1, 177, 178
908612.3.peg.1754.site.5, 17, 165, 182
908612.3.peg.1754.site.6, 9, 135, 144
908612.3.peg.1754.site.7, 1, 143, 144
908612.3.peg.1754.site.8, 10, 169, 179
908612.3.peg.1754.site.9, 1, 176, 177
908612.3.peg.1754.site.10, 59, 136, 195
908612.3.peg.1754.site.11, 0, 166, 166
908612.3.peg.1754.site.12, 41, 163, 204
908612.3.peg.1754.site.13, 1, 170, 171
908612.3.peg.1754.site.14, 22, 176, 198
908612.3.peg.1754.site.15, 0, 179, 179
908612.3.peg.1754.site.16, 31, 178, 209
908612.3.peg.1754.site.17, 2, 179, 181
908612.3.peg.1754.site.18, 53, 174, 227
908612.3.peg.1754.site.19, 27, 173, 200
908612.3.peg.1754.site.20, 2, 178, 180
908612.3.peg.1754.site.21, 6, 180, 186
908612.3.peg.1754.site.22, 0, 179, 179
908612.3.peg.1754.site.23, 91, 176, 267
908612.3.peg.1754.site.24, 0, 180, 180
908612.3.peg.2888.site.1, 41, 176, 217
908612.3.peg.2888.site.2, 41, 176, 217
908612.3.peg.2888.site.3, 0, 179, 179
908612.3.peg.2888.site.4, 41, 176, 217
908612.3.peg.2888.site.5, 2, 179, 181
908612.3.peg.2888.site.6, 0, 180, 180
908612.3.peg.2888.site.7, 1, 180, 181
908612.3.peg.2888.site.8, 91, 179, 270
908612.3.peg.2888.site.9, 0, 180, 180
908612.3.peg.2889.site.1, 0, 178, 178
908612.3.peg.2889.site.2, 110, 174, 284
908612.3.peg.2889.site.3, 88, 163, 251
908612.3.peg.2889.site.4, 1, 158, 159
908612.3.peg.2889.site.5, 89, 147, 236
908612.3.peg.2889.site.6, 0, 156, 156
908612.3.peg.2889.site.7, 1, 169, 170
908612.3.peg.2889.site.8, 1, 164, 165
908612.3.peg.2889.site.9, 3, 174, 177
908612.3.peg.2889.site.10, 36, 173, 209
908612.3.peg.2889.site.11, 0, 177, 177
908612.3.peg.2889.site.12, 2, 178, 180
908612.3.peg.2889.site.13, 2, 176, 178
908612.3.peg.2889.site.14, 2, 178, 180
908612.3.peg.2889.site.15, 6, 168, 174
908612.3.peg.2889.site.16, 38, 168, 206
908612.3.peg.2889.site.17, 0, 172, 172
908612.3.peg.2889.site.18, 1, 173, 174
908612.3.peg.2889.site.19, 3, 178, 181
908612.3.peg.2889.site.20, 2, 179, 181
908612.3.peg.2889.site.21, 1, 179, 180
908612.3.peg.2889.site.22, 2, 176, 178
908612.3.peg.2889.site.23, 1, 178, 179
908612.3.peg.2889.site.24, 2, 174, 176
908612.3.peg.2889.site.25, 1, 176, 177
908612.3.peg.2889.site.26, 0, 178, 178
908612.3.peg.2889.site.27, 2, 179, 181
908612.3.peg.2889.site.28, 4, 180, 184
908612.3.peg.2889.site.29, 1, 179, 180
908612.3.peg.2889.site.30, 1, 179, 180
908612.3.peg.2889.site.31, 99, 173, 272
908612.3.peg.2889.site.32, 75, 175, 250
908612.3.peg.2889.site.33, 34, 174, 208
908612.3.peg.2558.site.1, 0, 177, 177
908612.3.peg.2558.site.2, 2, 178, 180
908612.3.peg.2558.site.3, 45, 173, 218
908612.3.peg.2558.site.4, 5, 178, 183
908612.3.peg.2558.site.5, 36, 179, 215
908612.3.peg.2558.site.6, 16, 177, 193
908612.3.peg.2558.site.7, 0, 179, 179
908612.3.peg.2558.site.8, 36, 178, 214
908612.3.peg.2558.site.9, 17, 180, 197
908612.3.peg.2558.site.10, 0, 178, 178
908612.3.peg.2558.site.11, 1, 179, 180
908612.3.peg.2559.site.1, 2, 178, 180
908612.3.peg.2559.site.2, 3, 179, 182
908612.3.peg.2559.site.3, 8, 149, 157
908612.3.peg.2559.site.4, 9, 131, 140
908612.3.peg.2559.site.5, 49, 159, 208
908612.3.peg.2559.site.6, 42, 171, 213
908612.3.peg.2559.site.7, 1, 178, 179
908612.3.peg.2559.site.8, 2, 173, 175
908612.3.peg.2559.site.9, 28, 173, 201
908612.3.peg.2559.site.10, 2, 166, 168
908612.3.peg.2559.site.11, 60, 156, 216
908612.3.peg.2559.site.12, 52, 139, 191
908612.3.peg.2559.site.13, 68, 170, 238
908612.3.peg.2559.site.14, 12, 175, 187
908612.3.peg.2559.site.15, 99, 171, 270
908612.3.peg.2559.site.16, 13, 177, 190
908612.3.peg.2559.site.17, 2, 177, 179
908612.3.peg.2559.site.18, 2, 179, 181
908612.3.peg.2559.site.19, 9, 131, 140
908612.3.peg.2559.site.20, 1, 165, 166
908612.3.peg.2559.site.21, 87, 162, 249
908612.3.peg.869.site.1, 17, 176, 193
908612.3.peg.869.site.2, 8, 179, 187
908612.3.peg.869.site.3, 8, 178, 186
908612.3.peg.869.site.4, 0, 180, 180
908612.3.peg.869.site.5, 0, 175, 175
908612.3.peg.869.site.6, 0, 176, 176
908612.3.peg.869.site.7, 0, 180, 180
908612.3.peg.869.site.8, 0, 180, 180
908612.3.peg.869.site.9, 0, 180, 180
908612.3.peg.869.site.10, 73, 173, 246
908612.3.peg.869.site.11, 0, 180, 180
908612.3.peg.869.site.12, 73, 177, 250
908612.3.peg.869.site.13, 61, 176, 237
908612.3.peg.869.site.14, 0, 179, 179
908612.3.peg.869.site.15, 0, 180, 180
908612.3.peg.869.site.16, 0, 180, 180
908612.3.peg.869.site.17, 0, 179, 179
908612.3.peg.869.site.18, 0, 180, 180
908612.3.peg.869.site.19, 0, 180, 180
908612.3.peg.869.site.20, 56, 176, 232
908612.3.peg.869.site.21, 2, 180, 182
908612.3.peg.869.site.22, 0, 180, 180
908612.3.peg.869.site.23, 0, 180, 180
908612.3.peg.869.site.24, 5, 179, 184
908612.3.peg.869.site.25, 0, 180, 180
908612.3.peg.869.site.26, 0, 180, 180
908612.3.peg.869.site.27, 0, 178, 178
908612.3.peg.869.site.28, 134, 174, 308
908612.3.peg.869.site.29, 0, 177, 177
908612.3.peg.869.site.30, 0, 178, 178
908612.3.peg.869.site.31, 0, 174, 174
908612.3.peg.869.site.32, 0, 169, 169
908612.3.peg.869.site.33, 103, 164, 267
908612.3.peg.869.site.34, 0, 179, 179
908612.3.peg.869.site.35, 0, 174, 174
908612.3.peg.869.site.36, 0, 175, 175
908612.3.peg.869.site.37, 0, 178, 178
908612.3.peg.869.site.38, 0, 178, 178
908612.3.peg.869.site.39, 0, 179, 179
908612.3.peg.869.site.40, 0, 178, 178
908612.3.peg.869.site.41, 0, 180, 180
908612.3.peg.869.site.42, 88, 177, 265
908612.3.peg.869.site.43, 2, 180, 182
908612.3.peg.869.site.44, 9, 179, 188
908612.3.peg.869.site.45, 3, 179, 182
908612.3.peg.868.site.1, 68, 147, 215
908612.3.peg.868.site.2, 7, 154, 161
908612.3.peg.868.site.3, 48, 164, 212
908612.3.peg.868.site.4, 50, 165, 215
908612.3.peg.868.site.5, 46, 152, 198
908612.3.peg.868.site.6, 2, 141, 143
908612.3.peg.868.site.7, 67, 155, 222
908612.3.peg.868.site.8, 73, 168, 241
908612.3.peg.867.site.1, 66, 177, 243
908612.3.peg.867.site.2, 1, 178, 179
908612.3.peg.867.site.3, 86, 174, 260
908612.3.peg.867.site.4, 0, 179, 179
908612.3.peg.867.site.5, 0, 179, 179
908612.3.peg.867.site.6, 1, 179, 180
908612.3.peg.867.site.7, 126, 177, 303
908612.3.peg.867.site.8, 6, 178, 184
908612.3.peg.867.site.9, 3, 180, 183
908612.3.peg.867.site.10, 126, 177, 303
908612.3.peg.867.site.11, 2, 180, 182
908612.3.peg.867.site.12, 15, 178, 193
908612.3.peg.867.site.13, 0, 174, 174
908612.3.peg.867.site.14, 11, 159, 170
908612.3.peg.867.site.15, 26, 161, 187
908612.3.peg.867.site.16, 2, 164, 166
908612.3.peg.867.site.17, 123, 175, 298
908612.3.peg.867.site.18, 104, 174, 278
908612.3.peg.867.site.19, 102, 175, 277
908612.3.peg.867.site.20, 114, 174, 288
908612.3.peg.867.site.21, 101, 175, 276
908612.3.peg.867.site.22, 23, 178, 201
908612.3.peg.867.site.23, 84, 179, 263
908612.3.peg.867.site.24, 49, 178, 227
908612.3.peg.867.site.25, 0, 177, 177
908612.3.peg.867.site.26, 2, 176, 178
908612.3.peg.867.site.27, 77, 172, 249
908612.3.peg.867.site.28, 77, 172, 249
908612.3.peg.867.site.29, 79, 172, 251
908612.3.peg.867.site.30, 0, 179, 179
908612.3.peg.866.site.1, 1, 178, 179
908612.3.peg.866.site.2, 23, 178, 201
908612.3.peg.866.site.3, 22, 162, 184
908612.3.peg.866.site.4, 23, 176, 199
908612.3.peg.866.site.5, 2, 176, 178
908612.3.peg.866.site.6, 6, 179, 185
908612.3.peg.866.site.7, 63, 167, 230
908612.3.peg.866.site.8, 21, 123, 144
908612.3.peg.866.site.9, 0, 175, 175
908612.3.peg.865.site.1, 1, 180, 181
908612.3.peg.865.site.2, 1, 180, 181
908612.3.peg.865.site.3, 1, 180, 181
908612.3.peg.865.site.4, 4, 180, 184
908612.3.peg.865.site.5, 30, 179, 209
908612.3.peg.865.site.6, 3, 180, 183
908612.3.peg.865.site.7, 10, 180, 190
908612.3.peg.865.site.8, 1, 180, 181
908612.3.peg.865.site.9, 29, 178, 207
908612.3.peg.865.site.10, 4, 178, 182
908612.3.peg.865.site.11, 2, 177, 179
908612.3.peg.865.site.12, 2, 177, 179
908612.3.peg.865.site.13, 23, 176, 199
908612.3.peg.865.site.14, 0, 179, 179
908612.3.peg.865.site.15, 1, 179, 180
908612.3.peg.865.site.16, 2, 178, 180
908612.3.peg.865.site.17, 2, 179, 181
908612.3.peg.865.site.18, 2, 180, 182
908612.3.peg.865.site.19, 2, 179, 181
908612.3.peg.865.site.20, 61, 171, 232
908612.3.peg.865.site.21, 1, 178, 179
908612.3.peg.865.site.22, 56, 165, 221
908612.3.peg.865.site.23, 2, 163, 165
908612.3.peg.865.site.24, 1, 160, 161
908612.3.peg.865.site.25, 3, 157, 160
908612.3.peg.865.site.26, 0, 177, 177
908612.3.peg.865.site.27, 8, 180, 188
908612.3.peg.865.site.28, 11, 180, 191
908612.3.peg.865.site.29, 11, 180, 191
908612.3.peg.865.site.30, 0, 178, 178
908612.3.peg.865.site.31, 39, 174, 213
908612.3.peg.865.site.32, 33, 176, 209
908612.3.peg.865.site.33, 61, 170, 231
908612.3.peg.865.site.34, 2, 169, 171
908612.3.peg.865.site.35, 22, 166, 188
908612.3.peg.865.site.36, 4, 170, 174
908612.3.peg.865.site.37, 6, 174, 180
908612.3.peg.865.site.38, 1, 177, 178
908612.3.peg.865.site.39, 24, 172, 196
908612.3.peg.865.site.40, 3, 133, 136
908612.3.peg.865.site.41, 9, 126, 135
908612.3.peg.865.site.42, 3, 135, 138
908612.3.peg.865.site.43, 2, 114, 116
908612.3.peg.865.site.44, 1, 125, 126
908612.3.peg.865.site.45, 2, 130, 132
908612.3.peg.865.site.46, 3, 172, 175
908612.3.peg.865.site.47, 19, 170, 189
908612.3.peg.865.site.48, 0, 176, 176
908612.3.peg.865.site.49, 9, 179, 188
908612.3.peg.865.site.50, 2, 180, 182
908612.3.peg.1204.site.1, 1, 180, 181
908612.3.peg.1204.site.2, 1, 179, 180
908612.3.peg.1204.site.3, 3, 178, 181
908612.3.peg.1204.site.4, 0, 180, 180
908612.3.peg.1204.site.5, 0, 178, 178
908612.3.peg.1204.site.6, 0, 180, 180
908612.3.peg.1204.site.7, 0, 179, 179
908612.3.peg.1204.site.8, 4, 180, 184
908612.3.peg.1204.site.9, 0, 180, 180
908612.3.peg.1204.site.10, 22, 179, 201
908612.3.peg.1204.site.11, 22, 178, 200
908612.3.peg.1204.site.12, 3, 180, 183
908612.3.peg.1204.site.13, 2, 180, 182
908612.3.peg.1204.site.14, 0, 178, 178
908612.3.peg.1204.site.15, 16, 179, 195
908612.3.peg.1204.site.16, 23, 176, 199
908612.3.peg.1204.site.17, 1, 175, 176
908612.3.peg.1204.site.18, 1, 175, 176
908612.3.peg.1204.site.19, 22, 171, 193
908612.3.peg.1204.site.20, 3, 180, 183
908612.3.peg.1204.site.21, 56, 175, 231
908612.3.peg.1204.site.22, 43, 162, 205
908612.3.peg.1204.site.23, 0, 169, 169
908612.3.peg.1204.site.24, 1, 171, 172
908612.3.peg.1204.site.25, 5, 172, 177
908612.3.peg.1204.site.26, 5, 149, 154
908612.3.peg.1204.site.27, 8, 140, 148
908612.3.peg.1204.site.28, 13, 138, 151
908612.3.peg.1204.site.29, 1, 174, 175
908612.3.peg.1204.site.30, 76, 173, 249
908612.3.peg.1204.site.31, 2, 177, 179
908612.3.peg.1204.site.32, 20, 173, 193
908612.3.peg.1204.site.33, 0, 179, 179
908612.3.peg.1204.site.34, 78, 173, 251
908612.3.peg.1204.site.35, 6, 177, 183
908612.3.peg.1204.site.36, 5, 180, 185
908612.3.peg.1204.site.37, 4, 171, 175
908612.3.peg.1204.site.38, 46, 166, 212
908612.3.peg.1204.site.39, 77, 175, 252
908612.3.peg.1204.site.40, 58, 178, 236
908612.3.peg.1204.site.41, 1, 180, 181
908612.3.peg.1204.site.42, 16, 140, 156
908612.3.peg.1204.site.43, 5, 71, 76
908612.3.peg.1204.site.44, 14, 68, 82
908612.3.peg.1204.site.45, 2, 68, 70
908612.3.peg.863.site.1, 0, 179, 179
908612.3.peg.863.site.2, 69, 176, 245
908612.3.peg.863.site.3, 27, 179, 206
908612.3.peg.863.site.4, 4, 180, 184
908612.3.peg.863.site.5, 2, 179, 181
908612.3.peg.863.site.6, 46, 174, 220
908612.3.peg.862.site.1, 55, 171, 226
908612.3.peg.862.site.2, 2, 178, 180
908612.3.peg.862.site.3, 14, 176, 190
908612.3.peg.862.site.4, 3, 179, 182
908612.3.peg.862.site.5, 0, 178, 178
908612.3.peg.862.site.6, 1, 175, 176
908612.3.peg.862.site.7, 1, 179, 180
908612.3.peg.862.site.8, 0, 179, 179
908612.3.peg.862.site.9, 34, 174, 208
908612.3.peg.862.site.10, 36, 175, 211
908612.3.peg.862.site.11, 6, 177, 183
908612.3.peg.862.site.12, 0, 178, 178
908612.3.peg.862.site.13, 25, 172, 197
908612.3.peg.862.site.14, 14, 176, 190
908612.3.peg.862.site.15, 4, 178, 182
908612.3.peg.862.site.16, 26, 178, 204
908612.3.peg.862.site.17, 0, 180, 180
908612.3.peg.862.site.18, 5, 180, 185
908612.3.peg.862.site.19, 16, 177, 193
908612.3.peg.862.site.20, 14, 172, 186
908612.3.peg.862.site.21, 15, 162, 177
908612.3.peg.862.site.22, 43, 179, 222
908612.3.peg.862.site.23, 8, 179, 187
908612.3.peg.862.site.24, 26, 174, 200
908612.3.peg.862.site.25, 94, 173, 267
908612.3.peg.862.site.26, 11, 176, 187
908612.3.peg.861.site.1, 10, 177, 187
908612.3.peg.861.site.2, 31, 179, 210
908612.3.peg.861.site.3, 1, 178, 179
908612.3.peg.861.site.4, 56, 178, 234
908612.3.peg.861.site.5, 2, 179, 181
908612.3.peg.861.site.6, 2, 174, 176
908612.3.peg.861.site.7, 7, 177, 184
908612.3.peg.861.site.8, 3, 174, 177
908612.3.peg.861.site.9, 0, 174, 174
908612.3.peg.861.site.10, 1, 173, 174
908612.3.peg.861.site.11, 0, 175, 175
908612.3.peg.861.site.12, 0, 177, 177
908612.3.peg.861.site.13, 47, 173, 220
908612.3.peg.860.site.1, 19, 177, 196
908612.3.peg.860.site.2, 4, 178, 182
908612.3.peg.860.site.3, 10, 180, 190
908612.3.peg.860.site.4, 1, 180, 181
908612.3.peg.860.site.5, 12, 180, 192
908612.3.peg.860.site.6, 2, 180, 182
908612.3.peg.860.site.7, 3, 179, 182
908612.3.peg.860.site.8, 3, 180, 183
908612.3.peg.860.site.9, 3, 178, 181
908612.3.peg.860.site.10, 2, 179, 181
908612.3.peg.860.site.11, 28, 178, 206
908612.3.peg.860.site.12, 2, 180, 182
908612.3.peg.860.site.13, 6, 180, 186
908612.3.peg.860.site.14, 1, 179, 180
908612.3.peg.860.site.15, 29, 178, 207
908612.3.peg.860.site.16, 40, 178, 218
908612.3.peg.860.site.17, 0, 179, 179
908612.3.peg.860.site.18, 13, 180, 193
908612.3.peg.860.site.19, 99, 179, 278
908612.3.peg.860.site.20, 5, 180, 185
908612.3.peg.860.site.21, 5, 180, 185
908612.3.peg.860.site.22, 3, 179, 182
908612.3.peg.860.site.23, 2, 179, 181
908612.3.peg.860.site.24, 5, 180, 185
908612.3.peg.860.site.25, 2, 179, 181
908612.3.peg.860.site.26, 20, 179, 199
908612.3.peg.860.site.27, 110, 175, 285
908612.3.peg.860.site.28, 1, 180, 181
908612.3.peg.860.site.29, 19, 179, 198
908612.3.peg.860.site.30, 19, 179, 198
908612.3.peg.860.site.31, 7, 180, 187
908612.3.peg.860.site.32, 94, 174, 268
908612.3.peg.860.site.33, 51, 174, 225
908612.3.peg.860.site.34, 0, 178, 178
908612.3.peg.860.site.35, 31, 176, 207
908612.3.peg.860.site.36, 0, 179, 179
908612.3.peg.860.site.37, 14, 179, 193
908612.3.peg.860.site.38, 0, 180, 180
908612.3.peg.860.site.39, 15, 180, 195
908612.3.peg.860.site.40, 28, 180, 208
908612.3.peg.860.site.41, 0, 180, 180
908612.3.peg.2426.site.1, 40, 176, 216
908612.3.peg.2426.site.2, 5, 155, 160
908612.3.peg.2426.site.3, 20, 154, 174
908612.3.peg.2426.site.4, 74, 153, 227
908612.3.peg.2426.site.5, 0, 170, 170
908612.3.peg.2426.site.6, 17, 165, 182
908612.3.peg.2426.site.7, 1, 174, 175
908612.3.peg.2426.site.8, 1, 178, 179
908612.3.peg.2426.site.9, 61, 178, 239
908612.3.peg.2426.site.10, 1, 180, 181
908612.3.peg.2426.site.11, 4, 180, 184
908612.3.peg.2426.site.12, 63, 174, 237
908612.3.peg.2426.site.13, 5, 179, 184
908612.3.peg.2426.site.14, 114, 174, 288
908612.3.peg.2426.site.15, 0, 176, 176
908612.3.peg.2426.site.16, 27, 173, 200
908612.3.peg.2426.site.17, 29, 175, 204
908612.3.peg.2426.site.18, 33, 165, 198
908612.3.peg.2426.site.19, 2, 178, 180
908612.3.peg.2426.site.20, 0, 179, 179
908612.3.peg.2426.site.21, 117, 176, 293
908612.3.peg.2426.site.22, 0, 179, 179
908612.3.peg.2426.site.23, 19, 174, 193
908612.3.peg.2426.site.24, 0, 180, 180
908612.3.peg.2426.site.25, 17, 178, 195
908612.3.peg.2426.site.26, 16, 178, 194
908612.3.peg.2426.site.27, 7, 176, 183
908612.3.peg.2426.site.28, 6, 178, 184
908612.3.peg.2426.site.29, 111, 172, 283
908612.3.peg.2426.site.30, 13, 177, 190
908612.3.peg.2426.site.31, 15, 169, 184
908612.3.peg.2426.site.32, 2, 169, 171
908612.3.peg.2426.site.33, 105, 164, 269
908612.3.peg.2426.site.34, 0, 167, 167
908612.3.peg.2426.site.35, 0, 168, 168
908612.3.peg.2426.site.36, 2, 165, 167
908612.3.peg.2426.site.37, 14, 152, 166
908612.3.peg.2426.site.38, 11, 132, 143
908612.3.peg.2426.site.39, 8, 172, 180
908612.3.peg.2426.site.40, 12, 173, 185
908612.3.peg.2426.site.41, 39, 178, 217
908612.3.peg.2426.site.42, 0, 179, 179
908612.3.peg.2426.site.43, 36, 178, 214
908612.3.peg.2426.site.44, 29, 179, 208
908612.3.peg.2426.site.45, 0, 178, 178
908612.3.peg.2426.site.46, 112, 175, 287
908612.3.peg.2426.site.47, 13, 177, 190
908612.3.peg.2427.site.1, 80, 171, 251
908612.3.peg.2427.site.2, 9, 170, 179
908612.3.peg.2427.site.3, 104, 170, 274
908612.3.peg.2427.site.4, 6, 169, 175
908612.3.peg.2427.site.5, 1, 169, 170
908612.3.peg.2427.site.6, 3, 168, 171
908612.3.peg.2427.site.7, 77, 167, 244
908612.3.peg.2427.site.8, 2, 168, 170
908612.3.peg.2427.site.9, 3, 166, 169
908612.3.peg.2427.site.10, 0, 163, 163
908612.3.peg.2427.site.11, 14, 162, 176
908612.3.peg.2427.site.12, 1, 160, 161
908612.3.peg.2427.site.13, 106, 162, 268
908612.3.peg.2427.site.14, 1, 179, 180
908612.3.peg.2427.site.15, 0, 180, 180
908612.3.peg.2427.site.16, 0, 180, 180
908612.3.peg.2427.site.17, 74, 176, 250
908612.3.peg.2427.site.18, 8, 172, 180
908612.3.peg.2427.site.19, 0, 151, 151
908612.3.peg.2427.site.20, 10, 148, 158
908612.3.peg.2427.site.21, 60, 142, 202
908612.3.peg.2427.site.22, 12, 174, 186
908612.3.peg.2427.site.23, 4, 180, 184
908612.3.peg.2427.site.24, 0, 180, 180
908612.3.peg.2424.site.1, 1, 178, 179
908612.3.peg.2424.site.2, 3, 180, 183
908612.3.peg.2424.site.3, 3, 169, 172
908612.3.peg.2424.site.4, 77, 148, 225
908612.3.peg.2424.site.5, 3, 173, 176
908612.3.peg.2424.site.6, 27, 171, 198
908612.3.peg.2424.site.7, 2, 179, 181
908612.3.peg.2424.site.8, 139, 179, 318
908612.3.peg.2424.site.9, 0, 178, 178
908612.3.peg.2424.site.10, 48, 177, 225
908612.3.peg.2424.site.11, 0, 178, 178
908612.3.peg.2424.site.12, 1, 180, 181
908612.3.peg.2424.site.13, 0, 180, 180
908612.3.peg.2424.site.14, 43, 177, 220
908612.3.peg.2424.site.15, 8, 179, 187
908612.3.peg.2424.site.16, 14, 178, 192
908612.3.peg.2424.site.17, 9, 180, 189
908612.3.peg.2424.site.18, 0, 174, 174
908612.3.peg.2424.site.19, 8, 168, 176
908612.3.peg.2424.site.20, 65, 174, 239
908612.3.peg.2424.site.21, 67, 172, 239
908612.3.peg.2424.site.22, 32, 174, 206
908612.3.peg.2424.site.23, 1, 179, 180
908612.3.peg.2424.site.24, 153, 180, 333
908612.3.peg.2424.site.25, 3, 178, 181
908612.3.peg.2424.site.26, 1, 179, 180
908612.3.peg.2424.site.27, 4, 177, 181
908612.3.peg.2424.site.28, 3, 179, 182
908612.3.peg.2424.site.29, 33, 178, 211
908612.3.peg.2424.site.30, 8, 180, 188
908612.3.peg.2424.site.31, 9, 179, 188
908612.3.peg.2425.site.1, 0, 179, 179
908612.3.peg.2425.site.2, 4, 179, 183
908612.3.peg.2425.site.3, 0, 180, 180
908612.3.peg.2425.site.4, 0, 178, 178
908612.3.peg.2425.site.5, 1, 178, 179
908612.3.peg.2425.site.6, 0, 179, 179
908612.3.peg.2425.site.7, 0, 179, 179
908612.3.peg.2425.site.8, 112, 173, 285
908612.3.peg.2425.site.9, 0, 179, 179
908612.3.peg.2425.site.10, 1, 180, 181
908612.3.peg.2425.site.11, 1, 165, 166
908612.3.peg.2425.site.12, 99, 164, 263
908612.3.peg.2425.site.13, 0, 164, 164
908612.3.peg.2425.site.14, 19, 178, 197
908612.3.peg.2425.site.15, 77, 169, 246
908612.3.peg.2425.site.16, 40, 171, 211
908612.3.peg.2425.site.17, 4, 174, 178
908612.3.peg.2425.site.18, 6, 175, 181
908612.3.peg.2422.site.1, 108, 172, 280
908612.3.peg.2422.site.2, 108, 170, 278
908612.3.peg.2422.site.3, 6, 145, 151
908612.3.peg.2422.site.4, 0, 139, 139
908612.3.peg.2422.site.5, 2, 141, 143
908612.3.peg.2422.site.6, 21, 158, 179
908612.3.peg.2422.site.7, 33, 169, 202
908612.3.peg.2422.site.8, 94, 175, 269
908612.3.peg.2422.site.9, 2, 179, 181
908612.3.peg.2422.site.10, 4, 179, 183
908612.3.peg.2422.site.11, 2, 179, 181
908612.3.peg.2422.site.12, 0, 180, 180
908612.3.peg.2422.site.13, 99, 177, 276
908612.3.peg.2422.site.14, 68, 175, 243
908612.3.peg.2422.site.15, 68, 176, 244
908612.3.peg.2422.site.16, 5, 178, 183
908612.3.peg.2422.site.17, 66, 174, 240
908612.3.peg.2422.site.18, 66, 174, 240
908612.3.peg.2422.site.19, 2, 114, 116
908612.3.peg.2422.site.20, 75, 116, 191
908612.3.peg.2422.site.21, 36, 147, 183
908612.3.peg.2422.site.22, 5, 179, 184
908612.3.peg.2422.site.23, 59, 174, 233
908612.3.peg.2422.site.24, 88, 171, 259
908612.3.peg.2422.site.25, 85, 170, 255
908612.3.peg.2422.site.26, 84, 138, 222
908612.3.peg.2422.site.27, 22, 110, 132
908612.3.peg.2422.site.28, 2, 90, 92
908612.3.peg.2422.site.29, 3, 91, 94
908612.3.peg.2423.site.1, 82, 157, 239
908612.3.peg.2423.site.2, 144, 177, 321
908612.3.peg.2423.site.3, 45, 172, 217
908612.3.peg.2423.site.4, 85, 173, 258
908612.3.peg.2423.site.5, 0, 178, 178
908612.3.peg.2423.site.6, 2, 179, 181
908612.3.peg.2423.site.7, 72, 158, 230
908612.3.peg.2423.site.8, 55, 141, 196
908612.3.peg.2423.site.9, 49, 134, 183
908612.3.peg.2423.site.10, 39, 132, 171
908612.3.peg.2423.site.11, 133, 171, 304
908612.3.peg.2423.site.12, 90, 173, 263
908612.3.peg.2423.site.13, 1, 179, 180
908612.3.peg.2423.site.14, 13, 177, 190
908612.3.peg.2423.site.15, 85, 172, 257
908612.3.peg.2423.site.16, 88, 173, 261
908612.3.peg.2423.site.17, 1, 180, 181
908612.3.peg.2423.site.18, 2, 179, 181
908612.3.peg.2423.site.19, 3, 179, 182
908612.3.peg.2423.site.20, 0, 179, 179
908612.3.peg.2423.site.21, 0, 178, 178
908612.3.peg.2423.site.22, 0, 179, 179
908612.3.peg.2423.site.23, 1, 180, 181
908612.3.peg.2423.site.24, 7, 179, 186
908612.3.peg.2423.site.25, 67, 175, 242
908612.3.peg.2423.site.26, 55, 176, 231
908612.3.peg.2423.site.27, 55, 175, 230
908612.3.peg.2423.site.28, 39, 178, 217
908612.3.peg.2423.site.29, 0, 180, 180
908612.3.peg.2423.site.30, 73, 175, 248
908612.3.peg.2423.site.31, 5, 178, 183
908612.3.peg.2423.site.32, 63, 178, 241
908612.3.peg.2423.site.33, 2, 180, 182
908612.3.peg.2423.site.34, 0, 179, 179
908612.3.peg.2423.site.35, 110, 173, 283
908612.3.peg.2423.site.36, 0, 178, 178
908612.3.peg.2423.site.37, 0, 178, 178
908612.3.peg.2423.site.38, 100, 176, 276
908612.3.peg.2423.site.39, 27, 179, 206
908612.3.peg.2423.site.40, 6, 178, 184
908612.3.peg.2423.site.41, 4, 173, 177
908612.3.peg.2423.site.42, 2, 172, 174
908612.3.peg.2423.site.43, 136, 170, 306
908612.3.peg.2420.site.1, 132, 166, 298
908612.3.peg.2420.site.2, 23, 165, 188
908612.3.peg.2420.site.3, 4, 173, 177
908612.3.peg.2420.site.4, 107, 169, 276
908612.3.peg.2420.site.5, 1, 176, 177
908612.3.peg.2420.site.6, 24, 172, 196
908612.3.peg.2420.site.7, 8, 180, 188
908612.3.peg.2420.site.8, 86, 173, 259
908612.3.peg.2420.site.9, 0, 179, 179
908612.3.peg.2420.site.10, 133, 176, 309
908612.3.peg.2420.site.11, 1, 180, 181
908612.3.peg.2420.site.12, 1, 180, 181
908612.3.peg.2420.site.13, 2, 178, 180
908612.3.peg.2420.site.14, 37, 175, 212
908612.3.peg.2420.site.15, 41, 173, 214
908612.3.peg.2420.site.16, 77, 173, 250
908612.3.peg.2420.site.17, 0, 179, 179
908612.3.peg.2420.site.18, 0, 179, 179
908612.3.peg.2420.site.19, 0, 180, 180
908612.3.peg.2420.site.20, 0, 180, 180
908612.3.peg.2420.site.21, 5, 179, 184
908612.3.peg.2420.site.22, 1, 177, 178
908612.3.peg.2420.site.23, 0, 179, 179
908612.3.peg.2420.site.24, 83, 175, 258
908612.3.peg.2420.site.25, 4, 178, 182
908612.3.peg.2420.site.26, 59, 176, 235
908612.3.peg.2420.site.27, 8, 173, 181
908612.3.peg.2420.site.28, 9, 176, 185
908612.3.peg.2420.site.29, 111, 173, 284
908612.3.peg.2420.site.30, 3, 173, 176
908612.3.peg.2420.site.31, 110, 172, 282
908612.3.peg.2420.site.32, 111, 174, 285
908612.3.peg.2420.site.33, 0, 176, 176
908612.3.peg.2420.site.34, 0, 180, 180
908612.3.peg.2420.site.35, 5, 179, 184
908612.3.peg.2420.site.36, 1, 178, 179
908612.3.peg.2296.site.1, 0, 179, 179
908612.3.peg.2296.site.2, 3, 179, 182
908612.3.peg.2296.site.3, 3, 179, 182
908612.3.peg.2296.site.4, 11, 179, 190
908612.3.peg.2296.site.5, 21, 177, 198
908612.3.peg.2296.site.6, 1, 180, 181
908612.3.peg.2296.site.7, 2, 180, 182
908612.3.peg.2296.site.8, 67, 180, 247
908612.3.peg.2296.site.9, 0, 179, 179
908612.3.peg.2296.site.10, 5, 180, 185
908612.3.peg.2296.site.11, 3, 180, 183
908612.3.peg.2296.site.12, 0, 180, 180
908612.3.peg.2428.site.1, 24, 177, 201
908612.3.peg.2428.site.2, 18, 177, 195
908612.3.peg.2428.site.3, 0, 180, 180
908612.3.peg.2428.site.4, 41, 177, 218
908612.3.peg.2428.site.5, 1, 177, 178
908612.3.peg.2428.site.6, 16, 175, 191
908612.3.peg.2428.site.7, 73, 178, 251
908612.3.peg.2428.site.8, 1, 179, 180
908612.3.peg.2428.site.9, 0, 180, 180
908612.3.peg.2428.site.10, 1, 179, 180
908612.3.peg.2428.site.11, 31, 179, 210
908612.3.peg.2429.site.1, 3, 180, 183
908612.3.peg.2429.site.2, 47, 174, 221
908612.3.peg.2429.site.3, 11, 179, 190
908612.3.peg.2429.site.4, 0, 180, 180
908612.3.peg.2429.site.5, 0, 180, 180
908612.3.peg.2429.site.6, 40, 176, 216
908612.3.peg.2429.site.7, 25, 174, 199
908612.3.peg.2429.site.8, 15, 177, 192
908612.3.peg.2429.site.9, 31, 175, 206
908612.3.peg.2429.site.10, 6, 178, 184
908612.3.peg.2429.site.11, 5, 179, 184
908612.3.peg.2429.site.12, 16, 178, 194
908612.3.peg.2429.site.13, 10, 179, 189
908612.3.peg.2429.site.14, 10, 175, 185
908612.3.peg.2429.site.15, 3, 180, 183
908612.3.peg.2429.site.16, 3, 178, 181
908612.3.peg.2429.site.17, 31, 179, 210
908612.3.peg.2429.site.18, 15, 176, 191
908612.3.peg.2429.site.19, 6, 180, 186
908612.3.peg.2429.site.20, 6, 180, 186
908612.3.peg.2429.site.21, 6, 180, 186
908612.3.peg.2429.site.22, 9, 180, 189
908612.3.peg.2429.site.23, 32, 178, 210
908612.3.peg.2429.site.24, 35, 177, 212
908612.3.peg.2429.site.25, 4, 177, 181
908612.3.peg.2429.site.26, 22, 177, 199
908612.3.peg.2429.site.27, 1, 179, 180
908612.3.peg.2429.site.28, 8, 178, 186
908612.3.peg.2429.site.29, 3, 180, 183
908612.3.peg.2429.site.30, 11, 180, 191
908612.3.peg.2429.site.31, 104, 175, 279
908612.3.peg.2429.site.32, 1, 177, 178
908612.3.peg.2429.site.33, 2, 179, 181
908612.3.peg.2429.site.34, 0, 180, 180
908612.3.peg.2429.site.35, 0, 179, 179
908612.3.peg.2429.site.36, 3, 177, 180
908612.3.peg.2429.site.37, 1, 176, 177
908612.3.peg.2429.site.38, 1, 175, 176
908612.3.peg.2429.site.39, 23, 178, 201
908612.3.peg.2429.site.40, 94, 174, 268
908612.3.peg.2429.site.41, 13, 176, 189
908612.3.peg.2429.site.42, 1, 171, 172
908612.3.peg.2429.site.43, 5, 171, 176
908612.3.peg.2429.site.44, 1, 177, 178
908612.3.peg.2429.site.45, 4, 175, 179
908612.3.peg.2956.site.1, 49, 176, 225
908612.3.peg.2956.site.2, 16, 178, 194
908612.3.peg.2956.site.3, 8, 178, 186
908612.3.peg.2956.site.4, 4, 179, 183
908612.3.peg.2956.site.5, 3, 180, 183
908612.3.peg.2956.site.6, 47, 176, 223
908612.3.peg.2956.site.7, 0, 179, 179
908612.3.peg.2956.site.8, 0, 178, 178
908612.3.peg.2956.site.9, 30, 177, 207
908612.3.peg.2956.site.10, 2, 179, 181
908612.3.peg.2956.site.11, 7, 176, 183
908612.3.peg.2956.site.12, 35, 178, 213
908612.3.peg.2956.site.13, 35, 178, 213
908612.3.peg.2956.site.14, 22, 178, 200
908612.3.peg.2956.site.15, 15, 179, 194
908612.3.peg.2956.site.16, 1, 180, 181
908612.3.peg.2956.site.17, 0, 179, 179
908612.3.peg.2956.site.18, 2, 180, 182
908612.3.peg.2956.site.19, 0, 179, 179
908612.3.peg.2956.site.20, 89, 175, 264
908612.3.peg.2956.site.21, 0, 180, 180
908612.3.peg.2956.site.22, 2, 180, 182
908612.3.peg.2956.site.23, 50, 176, 226
908612.3.peg.2957.site.1, 9, 174, 183
908612.3.peg.2957.site.2, 58, 168, 226
908612.3.peg.2957.site.3, 1, 170, 171
908612.3.peg.2957.site.4, 25, 171, 196
908612.3.peg.2957.site.5, 10, 178, 188
908612.3.peg.2957.site.6, 1, 175, 176
908612.3.peg.2957.site.7, 93, 173, 266
908612.3.peg.2957.site.8, 65, 179, 244
908612.3.peg.2957.site.9, 30, 179, 209
908612.3.peg.2957.site.10, 30, 179, 209
908612.3.peg.2957.site.11, 2, 180, 182
908612.3.peg.2957.site.12, 26, 178, 204
908612.3.peg.2954.site.1, 34, 177, 211
908612.3.peg.2954.site.2, 8, 175, 183
908612.3.peg.2954.site.3, 2, 171, 173
908612.3.peg.2954.site.4, 26, 178, 204
908612.3.peg.2954.site.5, 2, 179, 181
908612.3.peg.2954.site.6, 2, 180, 182
908612.3.peg.2954.site.7, 15, 178, 193
908612.3.peg.2954.site.8, 0, 179, 179
908612.3.peg.2954.site.9, 103, 177, 280
908612.3.peg.2954.site.10, 3, 180, 183
908612.3.peg.2954.site.11, 1, 180, 181
908612.3.peg.2954.site.12, 138, 178, 316
908612.3.peg.2954.site.13, 29, 179, 208
908612.3.peg.2954.site.14, 10, 180, 190
908612.3.peg.2954.site.15, 6, 180, 186
908612.3.peg.2954.site.16, 0, 179, 179
908612.3.peg.2955.site.1, 4, 179, 183
908612.3.peg.2955.site.2, 1, 179, 180
908612.3.peg.2955.site.3, 34, 172, 206
908612.3.peg.2955.site.4, 0, 173, 173
908612.3.peg.2955.site.5, 3, 172, 175
908612.3.peg.2955.site.6, 4, 169, 173
908612.3.peg.2955.site.7, 29, 173, 202
908612.3.peg.2955.site.8, 0, 173, 173
908612.3.peg.2955.site.9, 3, 176, 179
908612.3.peg.2955.site.10, 6, 176, 182
908612.3.peg.2955.site.11, 4, 177, 181
908612.3.peg.2955.site.12, 0, 179, 179
908612.3.peg.2955.site.13, 8, 179, 187
908612.3.peg.2955.site.14, 0, 179, 179
908612.3.peg.2955.site.15, 0, 178, 178
908612.3.peg.2955.site.16, 0, 178, 178
908612.3.peg.2952.site.1, 0, 180, 180
908612.3.peg.2952.site.2, 1, 180, 181
908612.3.peg.2952.site.3, 147, 177, 324
908612.3.peg.2952.site.4, 0, 180, 180
908612.3.peg.2952.site.5, 77, 175, 252
908612.3.peg.2952.site.6, 11, 179, 190
908612.3.peg.2952.site.7, 3, 180, 183
908612.3.peg.2952.site.8, 10, 179, 189
908612.3.peg.2952.site.9, 15, 175, 190
908612.3.peg.2952.site.10, 3, 172, 175
908612.3.peg.2952.site.11, 7, 162, 169
908612.3.peg.2952.site.12, 35, 175, 210
908612.3.peg.2952.site.13, 1, 176, 177
908612.3.peg.2952.site.14, 8, 177, 185
908612.3.peg.2952.site.15, 11, 179, 190
908612.3.peg.2952.site.16, 4, 177, 181
908612.3.peg.2952.site.17, 35, 174, 209
908612.3.peg.2952.site.18, 3, 177, 180
908612.3.peg.2953.site.1, 71, 178, 249
908612.3.peg.2953.site.2, 1, 180, 181
908612.3.peg.2953.site.3, 0, 178, 178
908612.3.peg.2953.site.4, 1, 180, 181
908612.3.peg.2953.site.5, 2, 179, 181
908612.3.peg.2953.site.6, 3, 180, 183
908612.3.peg.2953.site.7, 17, 180, 197
908612.3.peg.2953.site.8, 72, 178, 250
908612.3.peg.2953.site.9, 73, 178, 251
908612.3.peg.2953.site.10, 0, 177, 177
908612.3.peg.2953.site.11, 79, 178, 257
908612.3.peg.2953.site.12, 93, 179, 272
908612.3.peg.2953.site.13, 18, 180, 198
908612.3.peg.2953.site.14, 32, 178, 210
908612.3.peg.2953.site.15, 10, 178, 188
908612.3.peg.2953.site.16, 0, 179, 179
908612.3.peg.2953.site.17, 112, 179, 291
908612.3.peg.2953.site.18, 0, 180, 180
908612.3.peg.2953.site.19, 5, 178, 183
908612.3.peg.2953.site.20, 2, 179, 181
908612.3.peg.2950.site.1, 1, 166, 167
908612.3.peg.2950.site.2, 0, 174, 174
908612.3.peg.2950.site.3, 2, 162, 164
908612.3.peg.2950.site.4, 13, 157, 170
908612.3.peg.2950.site.5, 3, 152, 155
908612.3.peg.2950.site.6, 17, 148, 165
908612.3.peg.2950.site.7, 2, 147, 149
908612.3.peg.2950.site.8, 9, 157, 166
908612.3.peg.2950.site.9, 8, 177, 185
908612.3.peg.2950.site.10, 25, 171, 196
908612.3.peg.2950.site.11, 2, 170, 172
908612.3.peg.2950.site.12, 2, 175, 177
908612.3.peg.2950.site.13, 87, 168, 255
908612.3.peg.2950.site.14, 5, 177, 182
908612.3.peg.2950.site.15, 5, 177, 182
908612.3.peg.2950.site.16, 7, 180, 187
908612.3.peg.2950.site.17, 122, 175, 297
908612.3.peg.2950.site.18, 0, 177, 177
908612.3.peg.2950.site.19, 6, 176, 182
908612.3.peg.2950.site.20, 1, 178, 179
908612.3.peg.2950.site.21, 1, 179, 180
908612.3.peg.2950.site.22, 10, 178, 188
908612.3.peg.2950.site.23, 61, 175, 236
908612.3.peg.2950.site.24, 11, 180, 191
908612.3.peg.2950.site.25, 18, 178, 196
908612.3.peg.2950.site.26, 1, 179, 180
908612.3.peg.2950.site.27, 1, 179, 180
908612.3.peg.2950.site.28, 22, 177, 199
908612.3.peg.2950.site.29, 22, 178, 200
908612.3.peg.2950.site.30, 0, 179, 179
908612.3.peg.2950.site.31, 0, 141, 141
908612.3.peg.2950.site.32, 25, 151, 176
908612.3.peg.2950.site.33, 1, 168, 169
908612.3.peg.2950.site.34, 24, 174, 198
908612.3.peg.2950.site.35, 5, 171, 176
908612.3.peg.2950.site.36, 4, 172, 176
908612.3.peg.2950.site.37, 0, 179, 179
908612.3.peg.2950.site.38, 27, 177, 204
908612.3.peg.2950.site.39, 0, 174, 174
908612.3.peg.2950.site.40, 21, 164, 185
908612.3.peg.2950.site.41, 2, 127, 129
908612.3.peg.2950.site.42, 5, 171, 176
908612.3.peg.2950.site.43, 58, 176, 234
908612.3.peg.2950.site.44, 0, 179, 179
908612.3.peg.2950.site.45, 73, 169, 242
908612.3.peg.2950.site.46, 2, 159, 161
908612.3.peg.2950.site.47, 30, 176, 206
908612.3.peg.2351.site.1, 135, 166, 301
908612.3.peg.2351.site.2, 0, 178, 178
908612.3.peg.2351.site.3, 95, 173, 268
908612.3.peg.2351.site.4, 0, 173, 173
908612.3.peg.2351.site.5, 7, 156, 163
908612.3.peg.2351.site.6, 2, 144, 146
908612.3.peg.2351.site.7, 1, 139, 140
908612.3.peg.2351.site.8, 14, 138, 152
908612.3.peg.2351.site.9, 13, 135, 148
908612.3.peg.2351.site.10, 8, 136, 144
908612.3.peg.2351.site.11, 1, 149, 150
908612.3.peg.2351.site.12, 29, 178, 207
908612.3.peg.2351.site.13, 3, 180, 183
908612.3.peg.2351.site.14, 0, 180, 180
908612.3.peg.2351.site.15, 0, 180, 180
908612.3.peg.2351.site.16, 0, 179, 179
908612.3.peg.2351.site.17, 0, 179, 179
908612.3.peg.2351.site.18, 5, 180, 185
908612.3.peg.2351.site.19, 10, 180, 190
908612.3.peg.2351.site.20, 3, 178, 181
908612.3.peg.2351.site.21, 28, 176, 204
908612.3.peg.2351.site.22, 3, 179, 182
908612.3.peg.2958.site.1, 3, 176, 179
908612.3.peg.2958.site.2, 27, 159, 186
908612.3.peg.2958.site.3, 15, 152, 167
908612.3.peg.2958.site.4, 8, 153, 161
908612.3.peg.2958.site.5, 13, 157, 170
908612.3.peg.2958.site.6, 29, 156, 185
908612.3.peg.2958.site.7, 30, 168, 198
908612.3.peg.2958.site.8, 0, 171, 171
908612.3.peg.2958.site.9, 37, 169, 206
908612.3.peg.2958.site.10, 21, 167, 188
908612.3.peg.2958.site.11, 8, 164, 172
908612.3.peg.2958.site.12, 2, 168, 170
908612.3.peg.2958.site.13, 1, 127, 128
908612.3.peg.2958.site.14, 0, 126, 126
908612.3.peg.2958.site.15, 5, 131, 136
908612.3.peg.2958.site.16, 13, 135, 148
908612.3.peg.2958.site.17, 1, 140, 141
908612.3.peg.2958.site.18, 0, 138, 138
908612.3.peg.2958.site.19, 77, 160, 237
908612.3.peg.2958.site.20, 0, 158, 158
908612.3.peg.2958.site.21, 3, 157, 160
908612.3.peg.2958.site.22, 5, 160, 165
908612.3.peg.2958.site.23, 43, 171, 214
908612.3.peg.2958.site.24, 31, 173, 204
908612.3.peg.2959.site.1, 61, 175, 236
908612.3.peg.2959.site.2, 82, 173, 255
908612.3.peg.2959.site.3, 14, 177, 191
908612.3.peg.2959.site.4, 6, 178, 184
908612.3.peg.2959.site.5, 8, 178, 186
908612.3.peg.2959.site.6, 4, 179, 183
908612.3.peg.2959.site.7, 2, 180, 182
908612.3.peg.2959.site.8, 3, 179, 182
908612.3.peg.2959.site.9, 0, 177, 177
908612.3.peg.2959.site.10, 35, 174, 209
908612.3.peg.2959.site.11, 23, 178, 201
908612.3.peg.2959.site.12, 5, 179, 184
908612.3.peg.2959.site.13, 3, 180, 183
908612.3.peg.2959.site.14, 0, 180, 180
908612.3.peg.2959.site.15, 1, 180, 181
908612.3.peg.2959.site.16, 9, 180, 189
908612.3.peg.2959.site.17, 0, 180, 180
908612.3.peg.2959.site.18, 12, 180, 192
908612.3.peg.2959.site.19, 22, 178, 200
908612.3.peg.2959.site.20, 2, 180, 182
908612.3.peg.2959.site.21, 2, 179, 181
908612.3.peg.2959.site.22, 2, 177, 179
908612.3.peg.2959.site.23, 31, 170, 201
908612.3.peg.2959.site.24, 0, 179, 179
908612.3.peg.2959.site.25, 34, 177, 211
908612.3.peg.2959.site.26, 2, 179, 181
908612.3.peg.2959.site.27, 16, 179, 195
908612.3.peg.2959.site.28, 2, 180, 182
908612.3.peg.2959.site.29, 16, 179, 195
908612.3.peg.2959.site.30, 51, 178, 229
908612.3.peg.2959.site.31, 4, 180, 184
908612.3.peg.1874.site.1, 21, 177, 198
908612.3.peg.1874.site.2, 136, 178, 314
908612.3.peg.1874.site.3, 134, 179, 313
908612.3.peg.1874.site.4, 159, 179, 338
908612.3.peg.1874.site.5, 138, 178, 316
908612.3.peg.1874.site.6, 0, 179, 179
908612.3.peg.1874.site.7, 34, 180, 214
908612.3.peg.1874.site.8, 8, 180, 188
908612.3.peg.1874.site.9, 8, 180, 188
908612.3.peg.1874.site.10, 2, 180, 182
908612.3.peg.1874.site.11, 6, 180, 186
908612.3.peg.1874.site.12, 1, 180, 181
908612.3.peg.1874.site.13, 1, 180, 181
908612.3.peg.1874.site.14, 7, 180, 187
908612.3.peg.1874.site.15, 0, 180, 180
908612.3.peg.1874.site.16, 4, 178, 182
908612.3.peg.1874.site.17, 62, 175, 237
908612.3.peg.1874.site.18, 39, 176, 215
908612.3.peg.1874.site.19, 7, 179, 186
908612.3.peg.1874.site.20, 23, 171, 194
908612.3.peg.1874.site.21, 79, 164, 243
908612.3.peg.1874.site.22, 11, 79, 90
908612.3.peg.1874.site.23, 11, 41, 52
908612.3.peg.1874.site.24, 2, 98, 100
908612.3.peg.1874.site.25, 84, 115, 199
908612.3.peg.1875.site.1, 27, 180, 207
908612.3.peg.1875.site.2, 26, 176, 202
908612.3.peg.1875.site.3, 0, 178, 178
908612.3.peg.1875.site.4, 79, 178, 257
908612.3.peg.1875.site.5, 4, 180, 184
908612.3.peg.1875.site.6, 21, 179, 200
908612.3.peg.1875.site.7, 0, 179, 179
908612.3.peg.1875.site.8, 1, 179, 180
908612.3.peg.1875.site.9, 73, 174, 247
908612.3.peg.1875.site.10, 0, 170, 170
908612.3.peg.1875.site.11, 2, 167, 169
908612.3.peg.1875.site.12, 1, 166, 167
908612.3.peg.1875.site.13, 6, 164, 170
908612.3.peg.1875.site.14, 139, 164, 303
908612.3.peg.1876.site.1, 6, 179, 185
908612.3.peg.1876.site.2, 24, 176, 200
908612.3.peg.1876.site.3, 6, 178, 184
908612.3.peg.1876.site.4, 0, 179, 179
908612.3.peg.1876.site.5, 41, 174, 215
908612.3.peg.1876.site.6, 1, 173, 174
908612.3.peg.1876.site.7, 10, 170, 180
908612.3.peg.1876.site.8, 0, 179, 179
908612.3.peg.1876.site.9, 6, 178, 184
908612.3.peg.1876.site.10, 89, 177, 266
908612.3.peg.1876.site.11, 1, 179, 180
908612.3.peg.1876.site.12, 0, 179, 179
908612.3.peg.1876.site.13, 3, 176, 179
908612.3.peg.1876.site.14, 1, 176, 177
908612.3.peg.1876.site.15, 0, 169, 169
908612.3.peg.1876.site.16, 51, 174, 225
908612.3.peg.1876.site.17, 2, 178, 180
908612.3.peg.1876.site.18, 11, 179, 190
908612.3.peg.1876.site.19, 4, 180, 184
908612.3.peg.1876.site.20, 1, 179, 180
908612.3.peg.1876.site.21, 8, 180, 188
908612.3.peg.1876.site.22, 0, 173, 173
908612.3.peg.1876.site.23, 1, 163, 164
908612.3.peg.1876.site.24, 124, 166, 290
908612.3.peg.1876.site.25, 0, 177, 177
908612.3.peg.1876.site.26, 28, 171, 199
908612.3.peg.1876.site.27, 15, 179, 194
908612.3.peg.1876.site.28, 0, 180, 180
908612.3.peg.1876.site.29, 29, 178, 207
908612.3.peg.1876.site.30, 4, 172, 176
908612.3.peg.1876.site.31, 2, 165, 167
908612.3.peg.1876.site.32, 25, 164, 189
908612.3.peg.1876.site.33, 6, 173, 179
908612.3.peg.1876.site.34, 47, 177, 224
908612.3.peg.1876.site.35, 109, 175, 284
908612.3.peg.1876.site.36, 6, 179, 185
908612.3.peg.1876.site.37, 2, 179, 181
908612.3.peg.1876.site.38, 89, 176, 265
908612.3.peg.1876.site.39, 90, 175, 265
908612.3.peg.1876.site.40, 66, 176, 242
908612.3.peg.1876.site.41, 15, 178, 193
908612.3.peg.1876.site.42, 117, 177, 294
908612.3.peg.1876.site.43, 39, 178, 217
908612.3.peg.1876.site.44, 119, 178, 297
908612.3.peg.1876.site.45, 1, 178, 179
908612.3.peg.1876.site.46, 1, 171, 172
908612.3.peg.1876.site.47, 94, 167, 261
908612.3.peg.1876.site.48, 3, 172, 175
908612.3.peg.1876.site.49, 4, 172, 176
908612.3.peg.1876.site.50, 41, 165, 206
908612.3.peg.1876.site.51, 0, 174, 174
908612.3.peg.1876.site.52, 5, 171, 176
908612.3.peg.1876.site.53, 88, 163, 251
908612.3.peg.1876.site.54, 30, 174, 204
908612.3.peg.1876.site.55, 144, 173, 317
908612.3.peg.1876.site.56, 25, 179, 204
908612.3.peg.1876.site.57, 26, 178, 204
908612.3.peg.1876.site.58, 68, 179, 247
908612.3.peg.1876.site.59, 4, 179, 183
908612.3.peg.1876.site.60, 81, 179, 260
908612.3.peg.1876.site.61, 108, 175, 283
908612.3.peg.1876.site.62, 2, 180, 182
908612.3.peg.1876.site.63, 148, 175, 323
908612.3.peg.1876.site.64, 1, 179, 180
908612.3.peg.1876.site.65, 0, 177, 177
908612.3.peg.1876.site.66, 49, 176, 225
908612.3.peg.1876.site.67, 68, 170, 238
908612.3.peg.1876.site.68, 0, 179, 179
908612.3.peg.1876.site.69, 96, 174, 270
908612.3.peg.1876.site.70, 95, 172, 267
908612.3.peg.1876.site.71, 94, 172, 266
908612.3.peg.1876.site.72, 21, 173, 194
908612.3.peg.1876.site.73, 51, 173, 224
908612.3.peg.1877.site.1, 12, 169, 181
908612.3.peg.1877.site.2, 0, 153, 153
908612.3.peg.1877.site.3, 11, 137, 148
908612.3.peg.1877.site.4, 48, 123, 171
908612.3.peg.1877.site.5, 7, 127, 134
908612.3.peg.1877.site.6, 50, 123, 173
908612.3.peg.1877.site.7, 17, 156, 173
908612.3.peg.1877.site.8, 3, 164, 167
908612.3.peg.1877.site.9, 21, 166, 187
908612.3.peg.1877.site.10, 1, 178, 179
908612.3.peg.1877.site.11, 8, 178, 186
908612.3.peg.1877.site.12, 23, 176, 199
908612.3.peg.1877.site.13, 2, 179, 181
908612.3.peg.1877.site.14, 1, 179, 180
908612.3.peg.1877.site.15, 9, 180, 189
908612.3.peg.1877.site.16, 2, 172, 174
908612.3.peg.1877.site.17, 136, 166, 302
908612.3.peg.1877.site.18, 6, 115, 121
908612.3.peg.1877.site.19, 10, 113, 123
908612.3.peg.1877.site.20, 37, 134, 171
908612.3.peg.1877.site.21, 29, 133, 162
908612.3.peg.1877.site.22, 0, 142, 142
908612.3.peg.1877.site.23, 1, 150, 151
908612.3.peg.1877.site.24, 26, 152, 178
908612.3.peg.1877.site.25, 4, 149, 153
908612.3.peg.1877.site.26, 7, 156, 163
908612.3.peg.1877.site.27, 2, 153, 155
908612.3.peg.1877.site.28, 15, 155, 170
908612.3.peg.1877.site.29, 2, 158, 160
908612.3.peg.1877.site.30, 11, 174, 185
908612.3.peg.1877.site.31, 9, 170, 179
908612.3.peg.1877.site.32, 4, 179, 183
908612.3.peg.1877.site.33, 2, 180, 182
908612.3.peg.1877.site.34, 36, 175, 211
908612.3.peg.1877.site.35, 54, 176, 230
908612.3.peg.1870.site.1, 0, 178, 178
908612.3.peg.1870.site.2, 1, 180, 181
908612.3.peg.1870.site.3, 140, 177, 317
908612.3.peg.1870.site.4, 5, 177, 182
908612.3.peg.1870.site.5, 0, 177, 177
908612.3.peg.1870.site.6, 1, 180, 181
908612.3.peg.1870.site.7, 8, 176, 184
908612.3.peg.1870.site.8, 4, 177, 181
908612.3.peg.1870.site.9, 1, 179, 180
908612.3.peg.1870.site.10, 0, 180, 180
908612.3.peg.1870.site.11, 137, 176, 313
908612.3.peg.1870.site.12, 1, 179, 180
908612.3.peg.1870.site.13, 0, 180, 180
908612.3.peg.1871.site.1, 8, 180, 188
908612.3.peg.1871.site.2, 0, 180, 180
908612.3.peg.1871.site.3, 6, 180, 186
908612.3.peg.1871.site.4, 1, 173, 174
908612.3.peg.1871.site.5, 5, 163, 168
908612.3.peg.1871.site.6, 129, 173, 302
908612.3.peg.1871.site.7, 1, 174, 175
908612.3.peg.1871.site.8, 6, 178, 184
908612.3.peg.1871.site.9, 3, 179, 182
908612.3.peg.1871.site.10, 6, 179, 185
908612.3.peg.1871.site.11, 5, 179, 184
908612.3.peg.1871.site.12, 133, 178, 311
908612.3.peg.1871.site.13, 133, 176, 309
908612.3.peg.1871.site.14, 1, 179, 180
908612.3.peg.1871.site.15, 2, 180, 182
908612.3.peg.1871.site.16, 18, 178, 196
908612.3.peg.1871.site.17, 2, 178, 180
908612.3.peg.1871.site.18, 1, 174, 175
908612.3.peg.1871.site.19, 1, 175, 176
908612.3.peg.1871.site.20, 103, 162, 265
908612.3.peg.1871.site.21, 5, 164, 169
908612.3.peg.1871.site.22, 118, 160, 278
908612.3.peg.1871.site.23, 123, 164, 287
908612.3.peg.1871.site.24, 7, 169, 176
908612.3.peg.1871.site.25, 109, 167, 276
908612.3.peg.1872.site.1, 3, 179, 182
908612.3.peg.1872.site.2, 32, 173, 205
908612.3.peg.1872.site.3, 1, 175, 176
908612.3.peg.1872.site.4, 6, 179, 185
908612.3.peg.1872.site.5, 0, 175, 175
908612.3.peg.1872.site.6, 115, 171, 286
908612.3.peg.1872.site.7, 1, 179, 180
908612.3.peg.1872.site.8, 1, 178, 179
908612.3.peg.1872.site.9, 6, 180, 186
908612.3.peg.1872.site.10, 6, 179, 185
908612.3.peg.1872.site.11, 103, 175, 278
908612.3.peg.1872.site.12, 123, 159, 282
908612.3.peg.1872.site.13, 2, 169, 171
908612.3.peg.1872.site.14, 17, 167, 184
908612.3.peg.1872.site.15, 1, 166, 167
908612.3.peg.1872.site.16, 2, 168, 170
908612.3.peg.1872.site.17, 12, 173, 185
908612.3.peg.1872.site.18, 6, 177, 183
908612.3.peg.1872.site.19, 10, 176, 186
908612.3.peg.1872.site.20, 122, 174, 296
908612.3.peg.1872.site.21, 12, 176, 188
908612.3.peg.1872.site.22, 3, 168, 171
908612.3.peg.1872.site.23, 1, 176, 177
908612.3.peg.1872.site.24, 6, 176, 182
908612.3.peg.1872.site.25, 4, 174, 178
908612.3.peg.1872.site.26, 5, 177, 182
908612.3.peg.1872.site.27, 1, 177, 178
908612.3.peg.1872.site.28, 149, 178, 327
908612.3.peg.1872.site.29, 6, 169, 175
908612.3.peg.1872.site.30, 3, 170, 173
908612.3.peg.1872.site.31, 131, 169, 300
908612.3.peg.1872.site.32, 110, 174, 284
908612.3.peg.1872.site.33, 127, 176, 303
908612.3.peg.1872.site.34, 13, 179, 192
908612.3.peg.1872.site.35, 1, 180, 181
908612.3.peg.1872.site.36, 1, 180, 181
908612.3.peg.1872.site.37, 1, 180, 181
908612.3.peg.1873.site.1, 0, 180, 180
908612.3.peg.1873.site.2, 3, 180, 183
908612.3.peg.1873.site.3, 5, 176, 181
908612.3.peg.1873.site.4, 117, 171, 288
908612.3.peg.1873.site.5, 0, 173, 173
908612.3.peg.1873.site.6, 22, 174, 196
908612.3.peg.1873.site.7, 6, 179, 185
908612.3.peg.1873.site.8, 157, 178, 335
908612.3.peg.1873.site.9, 133, 173, 306
908612.3.peg.1873.site.10, 133, 176, 309
908612.3.peg.1878.site.1, 2, 177, 179
908612.3.peg.1878.site.2, 3, 177, 180
908612.3.peg.1878.site.3, 29, 178, 207
908612.3.peg.1878.site.4, 2, 179, 181
908612.3.peg.1878.site.5, 1, 180, 181
908612.3.peg.1878.site.6, 50, 178, 228
908612.3.peg.1878.site.7, 0, 180, 180
908612.3.peg.1878.site.8, 28, 178, 206
908612.3.peg.1878.site.9, 4, 180, 184
908612.3.peg.1878.site.10, 41, 178, 219
908612.3.peg.1878.site.11, 6, 180, 186
908612.3.peg.1879.site.1, 3, 175, 178
908612.3.peg.1879.site.2, 0, 180, 180
908612.3.peg.1879.site.3, 27, 180, 207
908612.3.peg.1879.site.4, 30, 178, 208
908612.3.peg.1879.site.5, 9, 180, 189
908612.3.peg.1879.site.6, 123, 176, 299
908612.3.peg.1879.site.7, 18, 179, 197
908612.3.peg.1879.site.8, 0, 180, 180
908612.3.peg.1879.site.9, 125, 174, 299
908612.3.peg.1879.site.10, 132, 166, 298
908612.3.peg.1879.site.11, 1, 176, 177
908612.3.peg.1879.site.12, 0, 178, 178
908612.3.peg.1879.site.13, 113, 175, 288
908612.3.peg.1879.site.14, 91, 172, 263
908612.3.peg.1879.site.15, 26, 179, 205
908612.3.peg.1879.site.16, 26, 178, 204
908612.3.peg.1879.site.17, 1, 179, 180
908612.3.peg.1879.site.18, 115, 176, 291
908612.3.peg.1879.site.19, 22, 176, 198
908612.3.peg.1879.site.20, 1, 179, 180
908612.3.peg.1879.site.21, 24, 173, 197
908612.3.peg.1879.site.22, 24, 174, 198
908612.3.peg.1879.site.23, 25, 177, 202
908612.3.peg.1879.site.24, 1, 179, 180
908612.3.peg.1879.site.25, 9, 176, 185
908612.3.peg.1879.site.26, 25, 179, 204
908612.3.peg.1879.site.27, 136, 178, 314
908612.3.peg.1879.site.28, 3, 180, 183
908612.3.peg.1879.site.29, 8, 180, 188
908612.3.peg.1879.site.30, 23, 177, 200
908612.3.peg.1879.site.31, 109, 173, 282
908612.3.peg.362.site.1, 77, 172, 249
908612.3.peg.362.site.2, 1, 179, 180
908612.3.peg.362.site.3, 1, 178, 179
908612.3.peg.362.site.4, 1, 158, 159
908612.3.peg.362.site.5, 62, 153, 215
908612.3.peg.362.site.6, 1, 158, 159
908612.3.peg.362.site.7, 68, 161, 229
908612.3.peg.362.site.8, 0, 179, 179
908612.3.peg.362.site.9, 4, 170, 174
908612.3.peg.362.site.10, 0, 175, 175
908612.3.peg.362.site.11, 1, 179, 180
908612.3.peg.362.site.12, 11, 166, 177
908612.3.peg.362.site.13, 96, 175, 271
908612.3.peg.362.site.14, 67, 177, 244
908612.3.peg.362.site.15, 77, 176, 253
908612.3.peg.362.site.16, 41, 177, 218
908612.3.peg.2770.site.1, 63, 174, 237
908612.3.peg.2770.site.2, 2, 179, 181
908612.3.peg.2770.site.3, 15, 177, 192
908612.3.peg.2770.site.4, 15, 176, 191
908612.3.peg.2770.site.5, 1, 177, 178
908612.3.peg.2770.site.6, 0, 179, 179
908612.3.peg.2770.site.7, 0, 177, 177
908612.3.peg.2770.site.8, 25, 177, 202
908612.3.peg.2770.site.9, 1, 179, 180
908612.3.peg.2770.site.10, 4, 179, 183
908612.3.peg.2770.site.11, 0, 178, 178
908612.3.peg.2770.site.12, 90, 148, 238
908612.3.peg.2770.site.13, 33, 143, 176
908612.3.peg.2770.site.14, 79, 141, 220
908612.3.peg.2770.site.15, 46, 148, 194
908612.3.peg.2770.site.16, 0, 165, 165
908612.3.peg.2770.site.17, 2, 167, 169
908612.3.peg.2770.site.18, 65, 165, 230
908612.3.peg.2770.site.19, 43, 175, 218
908612.3.peg.2770.site.20, 43, 173, 216
908612.3.peg.2770.site.21, 3, 178, 181
908612.3.peg.2770.site.22, 55, 167, 222
908612.3.peg.2770.site.23, 0, 175, 175
908612.3.peg.2770.site.24, 1, 178, 179
908612.3.peg.2770.site.25, 3, 178, 181
908612.3.peg.2770.site.26, 2, 178, 180
908612.3.peg.2770.site.27, 45, 174, 219
908612.3.peg.2770.site.28, 108, 175, 283
908612.3.peg.2770.site.29, 40, 177, 217
908612.3.peg.2771.site.1, 0, 179, 179
908612.3.peg.2771.site.2, 41, 178, 219
908612.3.peg.2771.site.3, 10, 175, 185
908612.3.peg.2771.site.4, 37, 168, 205
908612.3.peg.2771.site.5, 14, 155, 169
908612.3.peg.2771.site.6, 22, 156, 178
908612.3.peg.2771.site.7, 22, 99, 121
908612.3.peg.2771.site.8, 7, 112, 119
908612.3.peg.2771.site.9, 4, 115, 119
908612.3.peg.2771.site.10, 9, 171, 180
908612.3.peg.2771.site.11, 7, 165, 172
908612.3.peg.2771.site.12, 81, 175, 256
908612.3.peg.2771.site.13, 18, 177, 195
908612.3.peg.2771.site.14, 0, 166, 166
908612.3.peg.2771.site.15, 0, 178, 178
908612.3.peg.2771.site.16, 8, 177, 185
908612.3.peg.2771.site.17, 68, 176, 244
908612.3.peg.2721.site.1, 55, 177, 232
908612.3.peg.2721.site.2, 2, 180, 182
908612.3.peg.2721.site.3, 1, 180, 181
908612.3.peg.2721.site.4, 146, 171, 317
908612.3.peg.2721.site.5, 62, 161, 223
908612.3.peg.2721.site.6, 0, 79, 79
908612.3.peg.2721.site.7, 0, 69, 69
908612.3.peg.2721.site.8, 5, 51, 56
908612.3.peg.2721.site.9, 0, 60, 60
908612.3.peg.2721.site.10, 1, 147, 148
908612.3.peg.2721.site.11, 1, 161, 162
908612.3.peg.2721.site.12, 1, 166, 167
908612.3.peg.2721.site.13, 7, 163, 170
908612.3.peg.363.site.1, 69, 175, 244
908612.3.peg.363.site.2, 122, 148, 270
908612.3.peg.363.site.3, 4, 153, 157
908612.3.peg.363.site.4, 0, 162, 162
908612.3.peg.363.site.5, 0, 157, 157
908612.3.peg.363.site.6, 39, 158, 197
908612.3.peg.363.site.7, 25, 158, 183
908612.3.peg.363.site.8, 106, 147, 253
908612.3.peg.363.site.9, 1, 150, 151
908612.3.peg.363.site.10, 3, 170, 173
908612.3.peg.363.site.11, 123, 164, 287
908612.3.peg.363.site.12, 1, 174, 175
908612.3.peg.363.site.13, 2, 167, 169
908612.3.peg.363.site.14, 24, 168, 192
908612.3.peg.2398.site.1, 26, 177, 203
908612.3.peg.2398.site.2, 0, 178, 178
908612.3.peg.2398.site.3, 0, 178, 178
908612.3.peg.2398.site.4, 3, 179, 182
908612.3.peg.2398.site.5, 3, 180, 183
908612.3.peg.2398.site.6, 0, 179, 179
908612.3.peg.2398.site.7, 81, 177, 258
908612.3.peg.2398.site.8, 1, 179, 180
908612.3.peg.2398.site.9, 0, 179, 179
908612.3.peg.2398.site.10, 1, 178, 179
908612.3.peg.2398.site.11, 63, 173, 236
908612.3.peg.2398.site.12, 11, 177, 188
908612.3.peg.2398.site.13, 94, 175, 269
908612.3.peg.2398.site.14, 22, 179, 201
908612.3.peg.2398.site.15, 37, 177, 214
908612.3.peg.2398.site.16, 1, 177, 178
908612.3.peg.2398.site.17, 25, 158, 183
908612.3.peg.2398.site.18, 0, 162, 162
908612.3.peg.2398.site.19, 26, 159, 185
908612.3.peg.2398.site.20, 4, 177, 181
908612.3.peg.2398.site.21, 32, 174, 206
908612.3.peg.2398.site.22, 2, 176, 178
908612.3.peg.2398.site.23, 46, 173, 219
908612.3.peg.2398.site.24, 5, 179, 184
908612.3.peg.2398.site.25, 45, 175, 220
908612.3.peg.2398.site.26, 1, 169, 170
908612.3.peg.2398.site.27, 0, 166, 166
908612.3.peg.2398.site.28, 12, 137, 149
908612.3.peg.2398.site.29, 12, 137, 149
908612.3.peg.2398.site.30, 3, 137, 140
908612.3.peg.2398.site.31, 4, 138, 142
908612.3.peg.2398.site.32, 56, 134, 190
908612.3.peg.2398.site.33, 0, 157, 157
908612.3.peg.2398.site.34, 3, 157, 160
908612.3.peg.2398.site.35, 4, 157, 161
908612.3.peg.2398.site.36, 0, 157, 157
908612.3.peg.2398.site.37, 0, 158, 158
908612.3.peg.2398.site.38, 3, 158, 161
908612.3.peg.2398.site.39, 19, 155, 174
908612.3.peg.2398.site.40, 1, 154, 155
908612.3.peg.2398.site.41, 0, 143, 143
908612.3.peg.2398.site.42, 24, 154, 178
908612.3.peg.2398.site.43, 24, 156, 180
908612.3.peg.2398.site.44, 24, 155, 179
908612.3.peg.2398.site.45, 20, 143, 163
908612.3.peg.2398.site.46, 0, 149, 149
908612.3.peg.2399.site.1, 5, 160, 165
908612.3.peg.2399.site.2, 0, 163, 163
908612.3.peg.2399.site.3, 0, 159, 159
908612.3.peg.2399.site.4, 0, 163, 163
908612.3.peg.2399.site.5, 6, 150, 156
908612.3.peg.2399.site.6, 5, 171, 176
908612.3.peg.2399.site.7, 0, 177, 177
908612.3.peg.2399.site.8, 113, 174, 287
908612.3.peg.2399.site.9, 0, 177, 177
908612.3.peg.2399.site.10, 6, 177, 183
908612.3.peg.2399.site.11, 21, 178, 199
908612.3.peg.2399.site.12, 39, 174, 213
908612.3.peg.2399.site.13, 0, 178, 178
908612.3.peg.2399.site.14, 24, 176, 200
908612.3.peg.2399.site.15, 3, 178, 181
908612.3.peg.2399.site.16, 35, 174, 209
908612.3.peg.2399.site.17, 45, 176, 221
908612.3.peg.2399.site.18, 0, 178, 178
908612.3.peg.2399.site.19, 0, 178, 178
908612.3.peg.2399.site.20, 0, 170, 170
908612.3.peg.2399.site.21, 0, 177, 177
908612.3.peg.2399.site.22, 12, 177, 189
908612.3.peg.2399.site.23, 8, 177, 185
908612.3.peg.2399.site.24, 49, 172, 221
908612.3.peg.2399.site.25, 0, 177, 177
908612.3.peg.2399.site.26, 0, 167, 167
908612.3.peg.2399.site.27, 0, 165, 165
908612.3.peg.2399.site.28, 6, 165, 171
908612.3.peg.2399.site.29, 0, 165, 165
908612.3.peg.2399.site.30, 9, 165, 174
908612.3.peg.2399.site.31, 25, 149, 174
908612.3.peg.2399.site.32, 2, 173, 175
908612.3.peg.2399.site.33, 0, 176, 176
908612.3.peg.2399.site.34, 74, 171, 245
908612.3.peg.2399.site.35, 74, 171, 245
908612.3.peg.2399.site.36, 2, 180, 182
908612.3.peg.2399.site.37, 93, 175, 268
908612.3.peg.2399.site.38, 70, 175, 245
908612.3.peg.2399.site.39, 101, 173, 274
908612.3.peg.2399.site.40, 31, 177, 208
908612.3.peg.2399.site.41, 1, 178, 179
908612.3.peg.2399.site.42, 6, 179, 185
908612.3.peg.2399.site.43, 67, 175, 242
908612.3.peg.2399.site.44, 2, 177, 179
908612.3.peg.2399.site.45, 1, 167, 168
908612.3.peg.2399.site.46, 1, 170, 171
908612.3.peg.2399.site.47, 0, 174, 174
908612.3.peg.2399.site.48, 105, 175, 280
908612.3.peg.2399.site.49, 0, 177, 177
908612.3.peg.2399.site.50, 0, 177, 177
908612.3.peg.2399.site.51, 41, 180, 221
908612.3.peg.2399.site.52, 13, 179, 192
908612.3.peg.2399.site.53, 23, 177, 200
908612.3.peg.2399.site.54, 0, 178, 178
908612.3.peg.2399.site.55, 5, 179, 184
908612.3.peg.2399.site.56, 0, 179, 179
908612.3.peg.2399.site.57, 1, 180, 181
908612.3.peg.2399.site.58, 2, 179, 181
908612.3.peg.2399.site.59, 35, 177, 212
908612.3.peg.2720.site.1, 2, 171, 173
908612.3.peg.2720.site.2, 2, 159, 161
908612.3.peg.2720.site.3, 0, 161, 161
908612.3.peg.2720.site.4, 15, 58, 73
908612.3.peg.2720.site.5, 1, 85, 86
908612.3.peg.2720.site.6, 3, 175, 178
908612.3.peg.2720.site.7, 39, 167, 206
908612.3.peg.2720.site.8, 2, 156, 158
908612.3.peg.2720.site.9, 2, 160, 162
908612.3.peg.2720.site.10, 91, 147, 238
908612.3.peg.2720.site.11, 4, 154, 158
908612.3.peg.2720.site.12, 20, 145, 165
908612.3.peg.2720.site.13, 90, 148, 238
908612.3.peg.2720.site.14, 7, 174, 181
908612.3.peg.2720.site.15, 6, 180, 186
908612.3.peg.2720.site.16, 12, 177, 189
908612.3.peg.2720.site.17, 11, 176, 187
908612.3.peg.2720.site.18, 0, 175, 175
908612.3.peg.2720.site.19, 44, 166, 210
908612.3.peg.2720.site.20, 141, 174, 315
908612.3.peg.2720.site.21, 46, 167, 213
908612.3.peg.2720.site.22, 6, 155, 161
908612.3.peg.2720.site.23, 40, 169, 209
908612.3.peg.2720.site.24, 26, 166, 192
908612.3.peg.2720.site.25, 6, 170, 176
908612.3.peg.2720.site.26, 33, 154, 187
908612.3.peg.2720.site.27, 39, 139, 178
908612.3.peg.2720.site.28, 35, 144, 179
908612.3.peg.2720.site.29, 44, 145, 189
908612.3.peg.2720.site.30, 0, 140, 140
908612.3.peg.2720.site.31, 0, 148, 148
908612.3.peg.2720.site.32, 76, 142, 218
908612.3.peg.2720.site.33, 0, 160, 160
908612.3.peg.2720.site.34, 56, 136, 192
908612.3.peg.2720.site.35, 62, 139, 201
908612.3.peg.2720.site.36, 28, 151, 179
908612.3.peg.2720.site.37, 45, 172, 217
908612.3.peg.2720.site.38, 90, 172, 262
908612.3.peg.2720.site.39, 88, 170, 258
908612.3.peg.2720.site.40, 3, 179, 182
908612.3.peg.2720.site.41, 41, 178, 219
908612.3.peg.2720.site.42, 34, 178, 212
908612.3.peg.2720.site.43, 46, 177, 223
908612.3.peg.2720.site.44, 2, 180, 182
908612.3.peg.2720.site.45, 2, 179, 181
908612.3.peg.2395.site.1, 0, 133, 133
908612.3.peg.2395.site.2, 72, 175, 247
908612.3.peg.2395.site.3, 83, 174, 257
908612.3.peg.2395.site.4, 0, 177, 177
908612.3.peg.2395.site.5, 3, 177, 180
908612.3.peg.2395.site.6, 38, 175, 213
908612.3.peg.2395.site.7, 39, 178, 217
908612.3.peg.2395.site.8, 39, 177, 216
908612.3.peg.2395.site.9, 6, 177, 183
908612.3.peg.2395.site.10, 37, 177, 214
908612.3.peg.2395.site.11, 0, 178, 178
908612.3.peg.2395.site.12, 39, 175, 214
908612.3.peg.2395.site.13, 30, 173, 203
908612.3.peg.2395.site.14, 27, 170, 197
908612.3.peg.2395.site.15, 17, 160, 177
908612.3.peg.2395.site.16, 1, 158, 159
908612.3.peg.2395.site.17, 6, 149, 155
908612.3.peg.2395.site.18, 5, 147, 152
908612.3.peg.2395.site.19, 33, 178, 211
908612.3.peg.2395.site.20, 2, 178, 180
908612.3.peg.2395.site.21, 33, 175, 208
908612.3.peg.2395.site.22, 34, 178, 212
908612.3.peg.2395.site.23, 34, 178, 212
908612.3.peg.2395.site.24, 6, 179, 185
908612.3.peg.2395.site.25, 5, 178, 183
908612.3.peg.2395.site.26, 0, 177, 177
908612.3.peg.2395.site.27, 2, 179, 181
908612.3.peg.2395.site.28, 77, 175, 252
908612.3.peg.2395.site.29, 77, 174, 251
908612.3.peg.2395.site.30, 34, 178, 212
908612.3.peg.2395.site.31, 76, 176, 252
908612.3.peg.2395.site.32, 72, 176, 248
908612.3.peg.2395.site.33, 71, 174, 245
908612.3.peg.2395.site.34, 2, 177, 179
908612.3.peg.2395.site.35, 45, 175, 220
908612.3.peg.2395.site.36, 82, 173, 255
908612.3.peg.2395.site.37, 3, 177, 180
908612.3.peg.2395.site.38, 2, 178, 180
908612.3.peg.2395.site.39, 6, 178, 184
908612.3.peg.2395.site.40, 20, 179, 199
908612.3.peg.2395.site.41, 1, 180, 181
908612.3.peg.2395.site.42, 15, 179, 194
908612.3.peg.2395.site.43, 2, 178, 180
908612.3.peg.2395.site.44, 0, 177, 177
908612.3.peg.2395.site.45, 18, 178, 196
908612.3.peg.2395.site.46, 3, 179, 182
908612.3.peg.2395.site.47, 0, 179, 179
908612.3.peg.2395.site.48, 0, 179, 179
908612.3.peg.2395.site.49, 3, 178, 181
908612.3.peg.2395.site.50, 5, 180, 185
908612.3.peg.2395.site.51, 26, 176, 202
908612.3.peg.2395.site.52, 5, 180, 185
908612.3.peg.2395.site.53, 1, 180, 181
908612.3.peg.2395.site.54, 0, 177, 177
908612.3.peg.2395.site.55, 6, 179, 185
908612.3.peg.2395.site.56, 11, 179, 190
908612.3.peg.2395.site.57, 17, 180, 197
908612.3.peg.2395.site.58, 1, 179, 180
908612.3.peg.2395.site.59, 0, 179, 179
908612.3.peg.2395.site.60, 75, 176, 251
908612.3.peg.2395.site.61, 6, 178, 184
908612.3.peg.2395.site.62, 0, 178, 178
908612.3.peg.2395.site.63, 33, 176, 209
908612.3.peg.2396.site.1, 0, 178, 178
908612.3.peg.2396.site.2, 2, 178, 180
908612.3.peg.2396.site.3, 1, 170, 171
908612.3.peg.2396.site.4, 3, 172, 175
908612.3.peg.2396.site.5, 20, 168, 188
908612.3.peg.2396.site.6, 24, 177, 201
908612.3.peg.2396.site.7, 24, 177, 201
908612.3.peg.2396.site.8, 20, 179, 199
908612.3.peg.2396.site.9, 20, 179, 199
908612.3.peg.2396.site.10, 25, 177, 202
908612.3.peg.2396.site.11, 0, 178, 178
908612.3.peg.2396.site.12, 0, 177, 177
908612.3.peg.2396.site.13, 69, 177, 246
908612.3.peg.2396.site.14, 3, 177, 180
908612.3.peg.2396.site.15, 3, 179, 182
908612.3.peg.2396.site.16, 50, 177, 227
908612.3.peg.2396.site.17, 0, 179, 179
908612.3.peg.2396.site.18, 2, 180, 182
908612.3.peg.2396.site.19, 0, 179, 179
908612.3.peg.2396.site.20, 65, 175, 240
908612.3.peg.2396.site.21, 20, 177, 197
908612.3.peg.2396.site.22, 6, 179, 185
908612.3.peg.2396.site.23, 42, 175, 217
908612.3.peg.2396.site.24, 101, 176, 277
908612.3.peg.2396.site.25, 3, 180, 183
908612.3.peg.2396.site.26, 17, 178, 195
908612.3.peg.2396.site.27, 0, 179, 179
908612.3.peg.2396.site.28, 20, 177, 197
908612.3.peg.2396.site.29, 0, 180, 180
908612.3.peg.2396.site.30, 1, 180, 181
908612.3.peg.2396.site.31, 59, 174, 233
908612.3.peg.2396.site.32, 18, 176, 194
908612.3.peg.2396.site.33, 35, 179, 214
908612.3.peg.2396.site.34, 2, 179, 181
908612.3.peg.2396.site.35, 7, 179, 186
908612.3.peg.2396.site.36, 0, 178, 178
908612.3.peg.2396.site.37, 22, 176, 198
908612.3.peg.2396.site.38, 2, 177, 179
908612.3.peg.2397.site.1, 4, 178, 182
908612.3.peg.2397.site.2, 20, 176, 196
908612.3.peg.2397.site.3, 3, 176, 179
908612.3.peg.2397.site.4, 4, 178, 182
908612.3.peg.2397.site.5, 2, 178, 180
908612.3.peg.2397.site.6, 2, 179, 181
908612.3.peg.2397.site.7, 23, 179, 202
908612.3.peg.2397.site.8, 42, 180, 222
908612.3.peg.2397.site.9, 23, 178, 201
908612.3.peg.2397.site.10, 38, 176, 214
908612.3.peg.2397.site.11, 23, 177, 200
908612.3.peg.2723.site.1, 0, 174, 174
908612.3.peg.2723.site.2, 9, 176, 185
908612.3.peg.2723.site.3, 2, 177, 179
908612.3.peg.2723.site.4, 2, 174, 176
908612.3.peg.2723.site.5, 0, 173, 173
908612.3.peg.2723.site.6, 1, 168, 169
908612.3.peg.2723.site.7, 3, 167, 170
908612.3.peg.2723.site.8, 6, 150, 156
908612.3.peg.2723.site.9, 9, 155, 164
908612.3.peg.2722.site.1, 4, 176, 180
908612.3.peg.2722.site.2, 16, 141, 157
908612.3.peg.2722.site.3, 17, 137, 154
908612.3.peg.2722.site.4, 12, 155, 167
908612.3.peg.2722.site.5, 4, 156, 160
908612.3.peg.2722.site.6, 9, 161, 170
908612.3.peg.2722.site.7, 7, 163, 170
908612.3.peg.2722.site.8, 4, 154, 158
908612.3.peg.2722.site.9, 0, 158, 158
908612.3.peg.2722.site.10, 4, 170, 174
908612.3.peg.2725.site.1, 3, 180, 183
908612.3.peg.2725.site.2, 0, 180, 180
908612.3.peg.2725.site.3, 25, 178, 203
908612.3.peg.2725.site.4, 4, 179, 183
908612.3.peg.2725.site.5, 2, 180, 182
908612.3.peg.2725.site.6, 1, 178, 179
908612.3.peg.2725.site.7, 0, 171, 171
908612.3.peg.2725.site.8, 2, 170, 172
908612.3.peg.2725.site.9, 142, 170, 312
908612.3.peg.2725.site.10, 126, 171, 297
908612.3.peg.2725.site.11, 1, 176, 177
908612.3.peg.2725.site.12, 24, 178, 202
908612.3.peg.2725.site.13, 124, 175, 299
908612.3.peg.2725.site.14, 119, 176, 295
908612.3.peg.2725.site.15, 6, 179, 185
908612.3.peg.2725.site.16, 25, 178, 203
908612.3.peg.2725.site.17, 120, 173, 293
908612.3.peg.2725.site.18, 114, 173, 287
908612.3.peg.2725.site.19, 10, 179, 189
908612.3.peg.2725.site.20, 0, 169, 169
908612.3.peg.2725.site.21, 23, 168, 191
908612.3.peg.2725.site.22, 5, 176, 181
908612.3.peg.2725.site.23, 4, 173, 177
908612.3.peg.2725.site.24, 5, 173, 178
908612.3.peg.2725.site.25, 21, 173, 194
908612.3.peg.2725.site.26, 1, 180, 181
908612.3.peg.2725.site.27, 32, 174, 206
908612.3.peg.2725.site.28, 5, 180, 185
908612.3.peg.2725.site.29, 2, 180, 182
908612.3.peg.2725.site.30, 5, 179, 184
908612.3.peg.2725.site.31, 2, 180, 182
908612.3.peg.2725.site.32, 2, 180, 182
908612.3.peg.2724.site.1, 14, 167, 181
908612.3.peg.2724.site.2, 3, 174, 177
908612.3.peg.2724.site.3, 0, 173, 173
908612.3.peg.2724.site.4, 6, 175, 181
908612.3.peg.2724.site.5, 0, 175, 175
908612.3.peg.2724.site.6, 7, 178, 185
908612.3.peg.2724.site.7, 35, 170, 205
908612.3.peg.2724.site.8, 29, 170, 199
908612.3.peg.2724.site.9, 138, 166, 304
908612.3.peg.2727.site.1, 0, 180, 180
908612.3.peg.2727.site.2, 2, 180, 182
908612.3.peg.2727.site.3, 0, 179, 179
908612.3.peg.2727.site.4, 0, 179, 179
908612.3.peg.2727.site.5, 20, 161, 181
908612.3.peg.2727.site.6, 3, 149, 152
908612.3.peg.2727.site.7, 2, 176, 178
908612.3.peg.2727.site.8, 3, 178, 181
908612.3.peg.2727.site.9, 3, 178, 181
908612.3.peg.2727.site.10, 0, 177, 177
908612.3.peg.2727.site.11, 0, 179, 179
908612.3.peg.2727.site.12, 3, 179, 182
908612.3.peg.2727.site.13, 28, 176, 204
908612.3.peg.2727.site.14, 2, 175, 177
908612.3.peg.2727.site.15, 0, 180, 180
908612.3.peg.2727.site.16, 63, 179, 242
908612.3.peg.2727.site.17, 28, 177, 205
908612.3.peg.2727.site.18, 28, 177, 205
908612.3.peg.2727.site.19, 2, 178, 180
908612.3.peg.2727.site.20, 27, 180, 207
908612.3.peg.2727.site.21, 0, 178, 178
908612.3.peg.2727.site.22, 56, 179, 235
908612.3.peg.2727.site.23, 2, 180, 182
908612.3.peg.2727.site.24, 34, 170, 204
908612.3.peg.2727.site.25, 0, 162, 162
908612.3.peg.2727.site.26, 1, 166, 167
908612.3.peg.2727.site.27, 10, 131, 141
908612.3.peg.2727.site.28, 10, 137, 147
908612.3.peg.2727.site.29, 6, 131, 137
908612.3.peg.2727.site.30, 23, 126, 149
908612.3.peg.2727.site.31, 6, 130, 136
908612.3.peg.2727.site.32, 2, 139, 141
908612.3.peg.2727.site.33, 1, 119, 120
908612.3.peg.2727.site.34, 11, 147, 158
908612.3.peg.2727.site.35, 27, 155, 182
908612.3.peg.2727.site.36, 0, 148, 148
908612.3.peg.2727.site.37, 2, 147, 149
908612.3.peg.2727.site.38, 0, 145, 145
908612.3.peg.2727.site.39, 1, 168, 169
908612.3.peg.2727.site.40, 1, 165, 166
908612.3.peg.2727.site.41, 1, 165, 166
908612.3.peg.2727.site.42, 3, 164, 167
908612.3.peg.2726.site.1, 0, 180, 180
908612.3.peg.2726.site.2, 97, 170, 267
908612.3.peg.2726.site.3, 0, 176, 176
908612.3.peg.2726.site.4, 4, 173, 177
908612.3.peg.2726.site.5, 77, 175, 252
908612.3.peg.2726.site.6, 1, 177, 178
908612.3.peg.2726.site.7, 0, 169, 169
908612.3.peg.2726.site.8, 60, 160, 220
908612.3.peg.2726.site.9, 19, 151, 170
908612.3.peg.2726.site.10, 2, 147, 149
908612.3.peg.2726.site.11, 64, 155, 219
908612.3.peg.2726.site.12, 0, 165, 165
908612.3.peg.2726.site.13, 42, 173, 215
908612.3.peg.2726.site.14, 1, 176, 177
908612.3.peg.2726.site.15, 5, 177, 182
908612.3.peg.2176.site.1, 38, 179, 217
908612.3.peg.2176.site.2, 0, 180, 180
908612.3.peg.2176.site.3, 7, 179, 186
908612.3.peg.2176.site.4, 0, 180, 180
908612.3.peg.2176.site.5, 20, 180, 200
908612.3.peg.2176.site.6, 18, 178, 196
908612.3.peg.2176.site.7, 33, 179, 212
908612.3.peg.2176.site.8, 4, 179, 183
908612.3.peg.2176.site.9, 0, 180, 180
908612.3.peg.2176.site.10, 18, 180, 198
908612.3.peg.2177.site.1, 0, 180, 180
908612.3.peg.2177.site.2, 34, 176, 210
908612.3.peg.2177.site.3, 0, 177, 177
908612.3.peg.2177.site.4, 51, 179, 230
908612.3.peg.2177.site.5, 0, 180, 180
908612.3.peg.2177.site.6, 22, 179, 201
908612.3.peg.2177.site.7, 5, 179, 184
908612.3.peg.2177.site.8, 46, 177, 223
908612.3.peg.2177.site.9, 36, 179, 215
908612.3.peg.2177.site.10, 47, 176, 223
908612.3.peg.2177.site.11, 47, 176, 223
908612.3.peg.2177.site.12, 63, 177, 240
908612.3.peg.2178.site.1, 44, 173, 217
908612.3.peg.2178.site.2, 33, 176, 209
908612.3.peg.2178.site.3, 13, 179, 192
908612.3.peg.2178.site.4, 0, 177, 177
908612.3.peg.2178.site.5, 1, 178, 179
908612.3.peg.2178.site.6, 30, 175, 205
908612.3.peg.2178.site.7, 6, 177, 183
908612.3.peg.2178.site.8, 0, 179, 179
908612.3.peg.2178.site.9, 7, 179, 186
908612.3.peg.2178.site.10, 0, 178, 178
908612.3.peg.2178.site.11, 114, 177, 291
908612.3.peg.2178.site.12, 14, 175, 189
908612.3.peg.2178.site.13, 95, 164, 259
908612.3.peg.2178.site.14, 1, 180, 181
908612.3.peg.2178.site.15, 62, 177, 239
908612.3.peg.2178.site.16, 53, 174, 227
908612.3.peg.2178.site.17, 71, 164, 235
908612.3.peg.2178.site.18, 49, 164, 213
908612.3.peg.2178.site.19, 2, 168, 170
908612.3.peg.2178.site.20, 40, 170, 210
908612.3.peg.2178.site.21, 50, 176, 226
908612.3.peg.2178.site.22, 5, 179, 184
908612.3.peg.2178.site.23, 138, 176, 314
908612.3.peg.2178.site.24, 48, 175, 223
908612.3.peg.2178.site.25, 0, 178, 178
908612.3.peg.2178.site.26, 27, 176, 203
908612.3.peg.2178.site.27, 51, 175, 226
908612.3.peg.2178.site.28, 1, 180, 181
908612.3.peg.2178.site.29, 30, 178, 208
908612.3.peg.2178.site.30, 119, 174, 293
908612.3.peg.2178.site.31, 3, 180, 183
908612.3.peg.2178.site.32, 3, 170, 173
908612.3.peg.2178.site.33, 20, 167, 187
908612.3.peg.2178.site.34, 137, 177, 314
908612.3.peg.2178.site.35, 5, 180, 185
908612.3.peg.2178.site.36, 138, 177, 315
908612.3.peg.2178.site.37, 6, 179, 185
908612.3.peg.2178.site.38, 136, 176, 312
908612.3.peg.2178.site.39, 2, 179, 181
908612.3.peg.2178.site.40, 67, 175, 242
908612.3.peg.2178.site.41, 113, 174, 287
908612.3.peg.2178.site.42, 30, 160, 190
908612.3.peg.2178.site.43, 59, 160, 219
908612.3.peg.2178.site.44, 10, 156, 166
908612.3.peg.2178.site.45, 8, 177, 185
908612.3.peg.2178.site.46, 19, 179, 198
908612.3.peg.2178.site.47, 10, 179, 189
908612.3.peg.2178.site.48, 129, 180, 309
908612.3.peg.2178.site.49, 0, 179, 179
908612.3.peg.2178.site.50, 0, 180, 180
908612.3.peg.2178.site.51, 2, 180, 182
908612.3.peg.2178.site.52, 132, 177, 309
908612.3.peg.2178.site.53, 66, 176, 242
908612.3.peg.2178.site.54, 5, 180, 185
908612.3.peg.2178.site.55, 19, 179, 198
908612.3.peg.2178.site.56, 5, 178, 183
908612.3.peg.2178.site.57, 1, 180, 181
908612.3.peg.2178.site.58, 122, 180, 302
908612.3.peg.2178.site.59, 22, 177, 199
908612.3.peg.2178.site.60, 121, 175, 296
908612.3.peg.2178.site.61, 61, 176, 237
908612.3.peg.2178.site.62, 25, 178, 203
908612.3.peg.2178.site.63, 0, 180, 180
908612.3.peg.2178.site.64, 3, 179, 182
908612.3.peg.2178.site.65, 24, 177, 201
908612.3.peg.2179.site.1, 0, 180, 180
908612.3.peg.2179.site.2, 0, 178, 178
908612.3.peg.2179.site.3, 0, 179, 179
908612.3.peg.2179.site.4, 1, 179, 180
908612.3.peg.2179.site.5, 0, 180, 180
908612.3.peg.2179.site.6, 5, 179, 184
908612.3.peg.2179.site.7, 42, 177, 219
908612.3.peg.2179.site.8, 42, 173, 215
908612.3.peg.2080.site.1, 6, 178, 184
908612.3.peg.2080.site.2, 23, 177, 200
908612.3.peg.2080.site.3, 23, 177, 200
908612.3.peg.2080.site.4, 12, 177, 189
908612.3.peg.2080.site.5, 37, 179, 216
908612.3.peg.2080.site.6, 64, 177, 241
908612.3.peg.2080.site.7, 4, 180, 184
908612.3.peg.2080.site.8, 23, 178, 201
908612.3.peg.2080.site.9, 43, 179, 222
908612.3.peg.2080.site.10, 19, 173, 192
908612.3.peg.2080.site.11, 0, 177, 177
908612.3.peg.2080.site.12, 12, 176, 188
908612.3.peg.2080.site.13, 14, 148, 162
908612.3.peg.2080.site.14, 12, 167, 179
908612.3.peg.2080.site.15, 3, 171, 174
908612.3.peg.2080.site.16, 3, 167, 170
908612.3.peg.2080.site.17, 23, 172, 195
908612.3.peg.2081.site.1, 0, 180, 180
908612.3.peg.2081.site.2, 17, 162, 179
908612.3.peg.2081.site.3, 4, 150, 154
908612.3.peg.2081.site.4, 0, 178, 178
908612.3.peg.2081.site.5, 2, 176, 178
908612.3.peg.2081.site.6, 2, 179, 181
908612.3.peg.2081.site.7, 2, 179, 181
908612.3.peg.2081.site.8, 0, 178, 178
908612.3.peg.2081.site.9, 4, 178, 182
908612.3.peg.2081.site.10, 6, 179, 185
908612.3.peg.2081.site.11, 155, 178, 333
908612.3.peg.2081.site.12, 4, 179, 183
908612.3.peg.2081.site.13, 72, 167, 239
908612.3.peg.2082.site.1, 80, 177, 257
908612.3.peg.2082.site.2, 2, 178, 180
908612.3.peg.2082.site.3, 28, 174, 202
908612.3.peg.2082.site.4, 83, 176, 259
908612.3.peg.2082.site.5, 2, 179, 181
908612.3.peg.2083.site.1, 0, 179, 179
908612.3.peg.2083.site.2, 106, 174, 280
908612.3.peg.2083.site.3, 101, 172, 273
908612.3.peg.2083.site.4, 16, 174, 190
908612.3.peg.2083.site.5, 0, 180, 180
908612.3.peg.2083.site.6, 6, 179, 185
908612.3.peg.2083.site.7, 62, 178, 240
908612.3.peg.2083.site.8, 2, 180, 182
908612.3.peg.2084.site.1, 5, 167, 172
908612.3.peg.2084.site.2, 116, 142, 258
908612.3.peg.2084.site.3, 5, 168, 173
908612.3.peg.2084.site.4, 1, 160, 161
908612.3.peg.2084.site.5, 1, 177, 178
908612.3.peg.2084.site.6, 13, 165, 178
908612.3.peg.2084.site.7, 2, 154, 156
908612.3.peg.2084.site.8, 131, 151, 282
908612.3.peg.2085.site.1, 99, 179, 278
908612.3.peg.2085.site.2, 154, 179, 333
908612.3.peg.2085.site.3, 21, 173, 194
908612.3.peg.2085.site.4, 139, 171, 310
908612.3.peg.2085.site.5, 4, 165, 169
908612.3.peg.2085.site.6, 139, 158, 297
908612.3.peg.2085.site.7, 18, 155, 173
908612.3.peg.2085.site.8, 6, 171, 177
908612.3.peg.2085.site.9, 0, 174, 174
908612.3.peg.2085.site.10, 0, 176, 176
908612.3.peg.2085.site.11, 0, 177, 177
908612.3.peg.2085.site.12, 0, 178, 178
908612.3.peg.2085.site.13, 0, 179, 179
908612.3.peg.2085.site.14, 6, 177, 183
908612.3.peg.2085.site.15, 120, 176, 296
908612.3.peg.2085.site.16, 18, 175, 193
908612.3.peg.2086.site.1, 1, 178, 179
908612.3.peg.2086.site.2, 1, 169, 170
908612.3.peg.2086.site.3, 14, 167, 181
908612.3.peg.2086.site.4, 13, 167, 180
908612.3.peg.2086.site.5, 4, 162, 166
908612.3.peg.2086.site.6, 14, 160, 174
908612.3.peg.2086.site.7, 96, 166, 262
908612.3.peg.2086.site.8, 2, 162, 164
908612.3.peg.2086.site.9, 18, 177, 195
908612.3.peg.2086.site.10, 32, 176, 208
908612.3.peg.2086.site.11, 3, 179, 182
908612.3.peg.2086.site.12, 7, 176, 183
908612.3.peg.2086.site.13, 142, 160, 302
908612.3.peg.2086.site.14, 3, 167, 170
908612.3.peg.2086.site.15, 1, 167, 168
908612.3.peg.2086.site.16, 5, 178, 183
908612.3.peg.2086.site.17, 32, 170, 202
908612.3.peg.2086.site.18, 81, 176, 257
908612.3.peg.2086.site.19, 15, 177, 192
908612.3.peg.2086.site.20, 1, 166, 167
908612.3.peg.2086.site.21, 11, 164, 175
908612.3.peg.2086.site.22, 11, 163, 174
908612.3.peg.2086.site.23, 9, 161, 170
908612.3.peg.2086.site.24, 6, 157, 163
908612.3.peg.2086.site.25, 1, 156, 157
908612.3.peg.2086.site.26, 68, 156, 224
908612.3.peg.2086.site.27, 11, 151, 162
908612.3.peg.2086.site.28, 3, 155, 158
908612.3.peg.2086.site.29, 67, 165, 232
908612.3.peg.2086.site.30, 0, 174, 174
908612.3.peg.2086.site.31, 0, 173, 173
908612.3.peg.2086.site.32, 8, 177, 185
908612.3.peg.2086.site.33, 3, 179, 182
908612.3.peg.2086.site.34, 16, 178, 194
908612.3.peg.2086.site.35, 14, 176, 190
908612.3.peg.2086.site.36, 0, 180, 180
908612.3.peg.2086.site.37, 1, 176, 177
908612.3.peg.2086.site.38, 6, 178, 184
908612.3.peg.2086.site.39, 24, 178, 202
908612.3.peg.2086.site.40, 4, 179, 183
908612.3.peg.2086.site.41, 22, 175, 197
908612.3.peg.2086.site.42, 1, 173, 174
908612.3.peg.2086.site.43, 0, 174, 174
908612.3.peg.2086.site.44, 21, 174, 195
908612.3.peg.2086.site.45, 24, 176, 200
908612.3.peg.2086.site.46, 23, 178, 201
908612.3.peg.2086.site.47, 1, 180, 181
908612.3.peg.2086.site.48, 2, 180, 182
908612.3.peg.2086.site.49, 5, 180, 185
908612.3.peg.2086.site.50, 23, 177, 200
908612.3.peg.2086.site.51, 23, 178, 201
908612.3.peg.2087.site.1, 7, 173, 180
908612.3.peg.2087.site.2, 0, 169, 169
908612.3.peg.2087.site.3, 34, 168, 202
908612.3.peg.2087.site.4, 16, 167, 183
908612.3.peg.2087.site.5, 2, 161, 163
908612.3.peg.2087.site.6, 3, 151, 154
908612.3.peg.2087.site.7, 1, 151, 152
908612.3.peg.2089.site.1, 147, 178, 325
908612.3.peg.2089.site.2, 1, 180, 181
908612.3.peg.2089.site.3, 1, 156, 157
908612.3.peg.2089.site.4, 1, 109, 110
908612.3.peg.2089.site.5, 1, 62, 63
908612.3.peg.2089.site.6, 14, 157, 171
908612.3.peg.2089.site.7, 141, 173, 314
908612.3.peg.2089.site.8, 14, 178, 192
908612.3.peg.649.site.1, 1, 179, 180
908612.3.peg.649.site.2, 0, 180, 180
908612.3.peg.649.site.3, 23, 176, 199
908612.3.peg.649.site.4, 19, 171, 190
908612.3.peg.649.site.5, 23, 172, 195
908612.3.peg.649.site.6, 6, 176, 182
908612.3.peg.649.site.7, 22, 175, 197
908612.3.peg.649.site.8, 23, 177, 200
908612.3.peg.649.site.9, 2, 179, 181
908612.3.peg.649.site.10, 0, 180, 180
908612.3.peg.649.site.11, 0, 180, 180
908612.3.peg.649.site.12, 2, 161, 163
908612.3.peg.649.site.13, 0, 173, 173
908612.3.peg.649.site.14, 0, 180, 180
908612.3.peg.649.site.15, 27, 174, 201
908612.3.peg.649.site.16, 0, 179, 179
908612.3.peg.649.site.17, 1, 172, 173
908612.3.peg.649.site.18, 0, 108, 108
908612.3.peg.649.site.19, 82, 157, 239
908612.3.peg.649.site.20, 34, 149, 183
908612.3.peg.649.site.21, 0, 76, 76
908612.3.peg.649.site.22, 0, 74, 74
908612.3.peg.649.site.23, 1, 54, 55
908612.3.peg.649.site.24, 0, 44, 44
908612.3.peg.649.site.25, 1, 62, 63
908612.3.peg.649.site.26, 53, 115, 168
908612.3.peg.649.site.27, 63, 124, 187
908612.3.peg.649.site.28, 71, 132, 203
908612.3.peg.649.site.29, 3, 133, 136
908612.3.peg.649.site.30, 2, 171, 173
908612.3.peg.649.site.31, 6, 168, 174
908612.3.peg.649.site.32, 3, 150, 153
908612.3.peg.649.site.33, 0, 144, 144
908612.3.peg.649.site.34, 0, 148, 148
908612.3.peg.649.site.35, 5, 136, 141
908612.3.peg.649.site.36, 1, 140, 141
908612.3.peg.649.site.37, 0, 142, 142
908612.3.peg.649.site.38, 0, 106, 106
908612.3.peg.649.site.39, 6, 148, 154
908612.3.peg.649.site.40, 26, 154, 180
908612.3.peg.649.site.41, 3, 161, 164
908612.3.peg.649.site.42, 5, 158, 163
908612.3.peg.649.site.43, 28, 155, 183
908612.3.peg.649.site.44, 7, 171, 178
908612.3.peg.649.site.45, 8, 173, 181
908612.3.peg.649.site.46, 7, 179, 186
908612.3.peg.649.site.47, 9, 180, 189
908612.3.peg.649.site.48, 10, 180, 190
908612.3.peg.649.site.49, 2, 180, 182
908612.3.peg.649.site.50, 0, 180, 180
908612.3.peg.649.site.51, 6, 179, 185
908612.3.peg.649.site.52, 4, 180, 184
908612.3.peg.649.site.53, 6, 179, 185
908612.3.peg.649.site.54, 85, 173, 258
908612.3.peg.649.site.55, 0, 178, 178
908612.3.peg.648.site.1, 17, 172, 189
908612.3.peg.648.site.2, 0, 162, 162
908612.3.peg.648.site.3, 27, 170, 197
908612.3.peg.648.site.4, 1, 171, 172
908612.3.peg.648.site.5, 2, 169, 171
908612.3.peg.648.site.6, 0, 171, 171
908612.3.peg.648.site.7, 3, 173, 176
908612.3.peg.648.site.8, 6, 176, 182
908612.3.peg.648.site.9, 0, 180, 180
908612.3.peg.648.site.10, 3, 180, 183
908612.3.peg.643.site.1, 3, 180, 183
908612.3.peg.643.site.2, 68, 178, 246
908612.3.peg.643.site.3, 1, 180, 181
908612.3.peg.643.site.4, 0, 179, 179
908612.3.peg.643.site.5, 8, 179, 187
908612.3.peg.643.site.6, 0, 178, 178
908612.3.peg.643.site.7, 1, 178, 179
908612.3.peg.643.site.8, 50, 173, 223
908612.3.peg.643.site.9, 10, 179, 189
908612.3.peg.643.site.10, 64, 175, 239
908612.3.peg.643.site.11, 69, 177, 246
908612.3.peg.643.site.12, 87, 176, 263
908612.3.peg.643.site.13, 33, 180, 213
908612.3.peg.643.site.14, 58, 170, 228
908612.3.peg.643.site.15, 67, 176, 243
908612.3.peg.643.site.16, 77, 174, 251
908612.3.peg.643.site.17, 14, 176, 190
908612.3.peg.643.site.18, 65, 175, 240
908612.3.peg.643.site.19, 1, 178, 179
908612.3.peg.642.site.1, 1, 147, 148
908612.3.peg.642.site.2, 6, 146, 152
908612.3.peg.642.site.3, 0, 145, 145
908612.3.peg.642.site.4, 6, 150, 156
908612.3.peg.642.site.5, 0, 146, 146
908612.3.peg.642.site.6, 0, 149, 149
908612.3.peg.642.site.7, 23, 170, 193
908612.3.peg.642.site.8, 0, 178, 178
908612.3.peg.642.site.9, 0, 179, 179
908612.3.peg.642.site.10, 1, 172, 173
908612.3.peg.642.site.11, 0, 174, 174
908612.3.peg.642.site.12, 0, 169, 169
908612.3.peg.642.site.13, 16, 150, 166
908612.3.peg.642.site.14, 18, 151, 169
908612.3.peg.642.site.15, 16, 153, 169
908612.3.peg.642.site.16, 27, 165, 192
908612.3.peg.642.site.17, 10, 159, 169
908612.3.peg.642.site.18, 2, 162, 164
908612.3.peg.642.site.19, 31, 172, 203
908612.3.peg.642.site.20, 1, 172, 173
908612.3.peg.642.site.21, 1, 173, 174
908612.3.peg.642.site.22, 1, 174, 175
908612.3.peg.642.site.23, 5, 176, 181
908612.3.peg.642.site.24, 0, 176, 176
908612.3.peg.642.site.25, 16, 177, 193
908612.3.peg.642.site.26, 5, 175, 180
908612.3.peg.642.site.27, 2, 177, 179
908612.3.peg.642.site.28, 2, 177, 179
908612.3.peg.642.site.29, 2, 177, 179
908612.3.peg.642.site.30, 54, 178, 232
908612.3.peg.642.site.31, 1, 179, 180
908612.3.peg.642.site.32, 11, 176, 187
908612.3.peg.642.site.33, 27, 179, 206
908612.3.peg.642.site.34, 0, 179, 179
908612.3.peg.642.site.35, 27, 178, 205
908612.3.peg.640.site.1, 43, 171, 214
908612.3.peg.640.site.2, 41, 169, 210
908612.3.peg.640.site.3, 40, 168, 208
908612.3.peg.640.site.4, 31, 163, 194
908612.3.peg.640.site.5, 4, 180, 184
908612.3.peg.640.site.6, 0, 180, 180
908612.3.peg.640.site.7, 0, 180, 180
908612.3.peg.640.site.8, 22, 177, 199
908612.3.peg.640.site.9, 12, 180, 192
908612.3.peg.640.site.10, 1, 180, 181
908612.3.peg.640.site.11, 0, 178, 178
908612.3.peg.640.site.12, 3, 179, 182
908612.3.peg.640.site.13, 0, 180, 180
908612.3.peg.640.site.14, 9, 179, 188
908612.3.peg.640.site.15, 4, 179, 183
908612.3.peg.640.site.16, 7, 180, 187
908612.3.peg.640.site.17, 4, 175, 179
908612.3.peg.640.site.18, 4, 165, 169
908612.3.peg.640.site.19, 1, 162, 163
908612.3.peg.640.site.20, 5, 165, 170
908612.3.peg.640.site.21, 0, 179, 179
908612.3.peg.640.site.22, 17, 179, 196
908612.3.peg.640.site.23, 17, 179, 196
908612.3.peg.640.site.24, 61, 174, 235
908612.3.peg.640.site.25, 10, 179, 189
908612.3.peg.640.site.26, 5, 180, 185
908612.3.peg.640.site.27, 1, 180, 181
908612.3.peg.640.site.28, 65, 175, 240
908612.3.peg.640.site.29, 27, 175, 202
908612.3.peg.640.site.30, 65, 165, 230
908612.3.peg.640.site.31, 41, 144, 185
908612.3.peg.640.site.32, 49, 179, 228
908612.3.peg.640.site.33, 6, 179, 185
908612.3.peg.640.site.34, 7, 180, 187
908612.3.peg.647.site.1, 0, 180, 180
908612.3.peg.647.site.2, 4, 178, 182
908612.3.peg.647.site.3, 2, 179, 181
908612.3.peg.647.site.4, 2, 175, 177
908612.3.peg.647.site.5, 0, 178, 178
908612.3.peg.647.site.6, 2, 178, 180
908612.3.peg.647.site.7, 2, 177, 179
908612.3.peg.647.site.8, 1, 179, 180
908612.3.peg.647.site.9, 76, 178, 254
908612.3.peg.647.site.10, 61, 177, 238
908612.3.peg.647.site.11, 1, 172, 173
908612.3.peg.647.site.12, 81, 165, 246
908612.3.peg.647.site.13, 0, 175, 175
908612.3.peg.647.site.14, 13, 178, 191
908612.3.peg.647.site.15, 2, 178, 180
908612.3.peg.647.site.16, 9, 179, 188
908612.3.peg.647.site.17, 14, 179, 193
908612.3.peg.647.site.18, 1, 180, 181
908612.3.peg.647.site.19, 74, 164, 238
908612.3.peg.647.site.20, 50, 154, 204
908612.3.peg.647.site.21, 0, 173, 173
908612.3.peg.647.site.22, 1, 173, 174
908612.3.peg.647.site.23, 46, 142, 188
908612.3.peg.647.site.24, 0, 164, 164
908612.3.peg.647.site.25, 0, 174, 174
908612.3.peg.647.site.26, 47, 143, 190
908612.3.peg.647.site.27, 8, 165, 173
908612.3.peg.647.site.28, 69, 156, 225
908612.3.peg.647.site.29, 0, 169, 169
908612.3.peg.647.site.30, 31, 168, 199
908612.3.peg.647.site.31, 15, 169, 184
908612.3.peg.647.site.32, 16, 173, 189
908612.3.peg.647.site.33, 9, 179, 188
908612.3.peg.647.site.34, 33, 175, 208
908612.3.peg.647.site.35, 18, 177, 195
908612.3.peg.647.site.36, 42, 171, 213
908612.3.peg.647.site.37, 18, 176, 194
908612.3.peg.647.site.38, 1, 180, 181
908612.3.peg.647.site.39, 0, 179, 179
908612.3.peg.647.site.40, 2, 179, 181
908612.3.peg.647.site.41, 41, 175, 216
908612.3.peg.647.site.42, 1, 178, 179
908612.3.peg.647.site.43, 30, 165, 195
908612.3.peg.647.site.44, 1, 175, 176
908612.3.peg.647.site.45, 0, 162, 162
908612.3.peg.647.site.46, 5, 173, 178
908612.3.peg.646.site.1, 32, 172, 204
908612.3.peg.646.site.2, 1, 176, 177
908612.3.peg.646.site.3, 142, 177, 319
908612.3.peg.646.site.4, 0, 174, 174
908612.3.peg.646.site.5, 130, 176, 306
908612.3.peg.646.site.6, 0, 178, 178
908612.3.peg.646.site.7, 1, 178, 179
908612.3.peg.646.site.8, 42, 176, 218
908612.3.peg.646.site.9, 1, 139, 140
908612.3.peg.646.site.10, 1, 165, 166
908612.3.peg.646.site.11, 1, 165, 166
908612.3.peg.646.site.12, 7, 170, 177
908612.3.peg.646.site.13, 32, 177, 209
908612.3.peg.646.site.14, 2, 178, 180
908612.3.peg.646.site.15, 1, 158, 159
908612.3.peg.646.site.16, 73, 163, 236
908612.3.peg.646.site.17, 12, 169, 181
908612.3.peg.646.site.18, 10, 171, 181
908612.3.peg.646.site.19, 80, 169, 249
908612.3.peg.646.site.20, 2, 174, 176
908612.3.peg.646.site.21, 76, 165, 241
908612.3.peg.646.site.22, 1, 180, 181
908612.3.peg.645.site.1, 3, 179, 182
908612.3.peg.645.site.2, 3, 179, 182
908612.3.peg.645.site.3, 1, 179, 180
908612.3.peg.645.site.4, 84, 177, 261
908612.3.peg.645.site.5, 85, 175, 260
908612.3.peg.645.site.6, 1, 171, 172
908612.3.peg.645.site.7, 1, 178, 179
908612.3.peg.645.site.8, 4, 178, 182
908612.3.peg.645.site.9, 120, 178, 298
908612.3.peg.645.site.10, 6, 173, 179
908612.3.peg.645.site.11, 114, 174, 288
908612.3.peg.645.site.12, 20, 170, 190
908612.3.peg.645.site.13, 3, 178, 181
908612.3.peg.645.site.14, 4, 170, 174
908612.3.peg.645.site.15, 99, 167, 266
908612.3.peg.645.site.16, 0, 158, 158
908612.3.peg.645.site.17, 2, 162, 164
908612.3.peg.645.site.18, 2, 179, 181
908612.3.peg.645.site.19, 21, 179, 200
908612.3.peg.644.site.1, 3, 180, 183
908612.3.peg.644.site.2, 3, 180, 183
908612.3.peg.644.site.3, 19, 176, 195
908612.3.peg.644.site.4, 45, 175, 220
908612.3.peg.644.site.5, 3, 180, 183
908612.3.peg.644.site.6, 0, 180, 180
908612.3.peg.644.site.7, 8, 179, 187
908612.3.peg.644.site.8, 3, 176, 179
908612.3.peg.644.site.9, 12, 178, 190
908612.3.peg.644.site.10, 45, 176, 221
908612.3.peg.644.site.11, 5, 178, 183
908612.3.peg.644.site.12, 95, 168, 263
908612.3.peg.644.site.13, 1, 177, 178
908612.3.peg.644.site.14, 107, 173, 280
908612.3.peg.644.site.15, 60, 132, 192
908612.3.peg.644.site.16, 1, 168, 169
908612.3.peg.644.site.17, 113, 177, 290
908612.3.peg.489.site.1, 13, 166, 179
908612.3.peg.489.site.2, 7, 177, 184
908612.3.peg.489.site.3, 1, 180, 181
908612.3.peg.489.site.4, 4, 180, 184
908612.3.peg.489.site.5, 1, 180, 181
908612.3.peg.489.site.6, 39, 176, 215
908612.3.peg.489.site.7, 0, 178, 178
908612.3.peg.489.site.8, 0, 178, 178
908612.3.peg.489.site.9, 0, 179, 179
908612.3.peg.489.site.10, 18, 178, 196
908612.3.peg.489.site.11, 2, 179, 181
908612.3.peg.489.site.12, 0, 179, 179
908612.3.peg.489.site.13, 1, 177, 178
908612.3.peg.489.site.14, 5, 179, 184
908612.3.peg.489.site.15, 0, 178, 178
908612.3.peg.489.site.16, 40, 177, 217
908612.3.peg.489.site.17, 1, 179, 180
908612.3.peg.489.site.18, 0, 180, 180
908612.3.peg.489.site.19, 25, 176, 201
908612.3.peg.489.site.20, 44, 176, 220
908612.3.peg.489.site.21, 28, 176, 204
908612.3.peg.489.site.22, 76, 177, 253
908612.3.peg.489.site.23, 4, 178, 182
908612.3.peg.489.site.24, 0, 179, 179
908612.3.peg.489.site.25, 6, 179, 185
908612.3.peg.489.site.26, 37, 175, 212
908612.3.peg.488.site.1, 3, 173, 176
908612.3.peg.488.site.2, 2, 179, 181
908612.3.peg.488.site.3, 82, 170, 252
908612.3.peg.488.site.4, 2, 123, 125
908612.3.peg.488.site.5, 3, 133, 136
908612.3.peg.488.site.6, 24, 133, 157
908612.3.peg.488.site.7, 8, 133, 141
908612.3.peg.488.site.8, 6, 134, 140
908612.3.peg.488.site.9, 0, 149, 149
908612.3.peg.488.site.10, 0, 161, 161
908612.3.peg.488.site.11, 0, 175, 175
908612.3.peg.488.site.12, 9, 175, 184
908612.3.peg.488.site.13, 8, 177, 185
908612.3.peg.488.site.14, 26, 173, 199
908612.3.peg.488.site.15, 0, 176, 176
908612.3.peg.488.site.16, 1, 176, 177
908612.3.peg.488.site.17, 65, 162, 227
908612.3.peg.488.site.18, 82, 160, 242
908612.3.peg.488.site.19, 1, 163, 164
908612.3.peg.488.site.20, 26, 167, 193
908612.3.peg.488.site.21, 1, 174, 175
908612.3.peg.484.site.1, 0, 180, 180
908612.3.peg.484.site.2, 0, 179, 179
908612.3.peg.484.site.3, 1, 180, 181
908612.3.peg.484.site.4, 32, 179, 211
908612.3.peg.484.site.5, 2, 180, 182
908612.3.peg.487.site.1, 0, 179, 179
908612.3.peg.487.site.2, 7, 180, 187
908612.3.peg.487.site.3, 79, 176, 255
908612.3.peg.487.site.4, 8, 178, 186
908612.3.peg.487.site.5, 18, 180, 198
908612.3.peg.487.site.6, 0, 179, 179
908612.3.peg.487.site.7, 0, 178, 178
908612.3.peg.487.site.8, 1, 174, 175
908612.3.peg.487.site.9, 68, 154, 222
908612.3.peg.487.site.10, 1, 144, 145
908612.3.peg.487.site.11, 6, 161, 167
908612.3.peg.487.site.12, 0, 174, 174
908612.3.peg.487.site.13, 31, 173, 204
908612.3.peg.487.site.14, 0, 164, 164
908612.3.peg.487.site.15, 35, 174, 209
908612.3.peg.487.site.16, 2, 176, 178
908612.3.peg.487.site.17, 10, 180, 190
908612.3.peg.487.site.18, 3, 179, 182
908612.3.peg.487.site.19, 0, 180, 180
908612.3.peg.487.site.20, 0, 179, 179
908612.3.peg.487.site.21, 34, 179, 213
908612.3.peg.486.site.1, 0, 179, 179
908612.3.peg.486.site.2, 1, 178, 179
908612.3.peg.486.site.3, 2, 180, 182
908612.3.peg.486.site.4, 0, 179, 179
908612.3.peg.486.site.5, 0, 179, 179
908612.3.peg.486.site.6, 29, 177, 206
908612.3.peg.486.site.7, 0, 179, 179
908612.3.peg.486.site.8, 2, 180, 182
908612.3.peg.486.site.9, 2, 179, 181
908612.3.peg.486.site.10, 38, 177, 215
908612.3.peg.486.site.11, 26, 174, 200
908612.3.peg.486.site.12, 30, 162, 192
908612.3.peg.486.site.13, 55, 159, 214
908612.3.peg.486.site.14, 26, 163, 189
908612.3.peg.486.site.15, 3, 173, 176
908612.3.peg.486.site.16, 2, 173, 175
908612.3.peg.486.site.17, 4, 180, 184
908612.3.peg.481.site.1, 3, 178, 181
908612.3.peg.481.site.2, 6, 178, 184
908612.3.peg.481.site.3, 0, 180, 180
908612.3.peg.481.site.4, 26, 176, 202
908612.3.peg.481.site.5, 30, 177, 207
908612.3.peg.481.site.6, 71, 170, 241
908612.3.peg.481.site.7, 3, 173, 176
908612.3.peg.481.site.8, 0, 165, 165
908612.3.peg.481.site.9, 23, 157, 180
908612.3.peg.481.site.10, 39, 152, 191
908612.3.peg.481.site.11, 3, 171, 174
908612.3.peg.481.site.12, 2, 178, 180
908612.3.peg.481.site.13, 5, 179, 184
908612.3.peg.481.site.14, 0, 180, 180
908612.3.peg.481.site.15, 2, 178, 180
908612.3.peg.481.site.16, 0, 176, 176
908612.3.peg.481.site.17, 1, 176, 177
908612.3.peg.481.site.18, 22, 164, 186
908612.3.peg.481.site.19, 20, 174, 194
908612.3.peg.481.site.20, 96, 176, 272
908612.3.peg.481.site.21, 0, 180, 180
908612.3.peg.481.site.22, 2, 180, 182
908612.3.peg.481.site.23, 0, 177, 177
908612.3.peg.481.site.24, 19, 178, 197
908612.3.peg.480.site.1, 7, 98, 105
908612.3.peg.480.site.2, 6, 81, 87
908612.3.peg.480.site.3, 1, 75, 76
908612.3.peg.480.site.4, 1, 59, 60
908612.3.peg.480.site.5, 5, 60, 65
908612.3.peg.480.site.6, 4, 45, 49
908612.3.peg.480.site.7, 3, 48, 51
908612.3.peg.480.site.8, 0, 59, 59
908612.3.peg.480.site.9, 1, 171, 172
908612.3.peg.480.site.10, 0, 178, 178
908612.3.peg.480.site.11, 4, 170, 174
908612.3.peg.480.site.12, 17, 167, 184
908612.3.peg.480.site.13, 0, 174, 174
908612.3.peg.480.site.14, 4, 171, 175
908612.3.peg.480.site.15, 0, 171, 171
908612.3.peg.480.site.16, 35, 169, 204
908612.3.peg.480.site.17, 3, 178, 181
908612.3.peg.480.site.18, 0, 179, 179
908612.3.peg.480.site.19, 106, 179, 285
908612.3.peg.480.site.20, 35, 174, 209
908612.3.peg.480.site.21, 71, 166, 237
908612.3.peg.480.site.22, 0, 169, 169
908612.3.peg.480.site.23, 20, 177, 197
908612.3.peg.480.site.24, 6, 174, 180
908612.3.peg.483.site.1, 7, 178, 185
908612.3.peg.483.site.2, 1, 180, 181
908612.3.peg.483.site.3, 3, 180, 183
908612.3.peg.483.site.4, 1, 177, 178
908612.3.peg.483.site.5, 22, 179, 201
908612.3.peg.483.site.6, 46, 173, 219
908612.3.peg.483.site.7, 5, 179, 184
908612.3.peg.483.site.8, 0, 180, 180
908612.3.peg.483.site.9, 9, 180, 189
908612.3.peg.483.site.10, 0, 179, 179
908612.3.peg.483.site.11, 0, 179, 179
908612.3.peg.483.site.12, 0, 180, 180
908612.3.peg.483.site.13, 0, 179, 179
908612.3.peg.483.site.14, 10, 177, 187
908612.3.peg.483.site.15, 10, 178, 188
908612.3.peg.483.site.16, 0, 179, 179
908612.3.peg.483.site.17, 0, 175, 175
908612.3.peg.483.site.18, 3, 180, 183
908612.3.peg.483.site.19, 1, 179, 180
908612.3.peg.483.site.20, 30, 176, 206
908612.3.peg.483.site.21, 0, 177, 177
908612.3.peg.483.site.22, 36, 176, 212
908612.3.peg.483.site.23, 9, 177, 186
908612.3.peg.483.site.24, 62, 175, 237
908612.3.peg.483.site.25, 2, 178, 180
908612.3.peg.483.site.26, 0, 180, 180
908612.3.peg.483.site.27, 0, 180, 180
908612.3.peg.483.site.28, 11, 179, 190
908612.3.peg.483.site.29, 52, 175, 227
908612.3.peg.483.site.30, 3, 179, 182
908612.3.peg.483.site.31, 0, 180, 180
908612.3.peg.483.site.32, 2, 180, 182
908612.3.peg.483.site.33, 8, 180, 188
908612.3.peg.483.site.34, 3, 180, 183
908612.3.peg.483.site.35, 0, 179, 179
908612.3.peg.483.site.36, 44, 177, 221
908612.3.peg.483.site.37, 3, 179, 182
908612.3.peg.483.site.38, 2, 180, 182
908612.3.peg.483.site.39, 2, 176, 178
908612.3.peg.483.site.40, 93, 169, 262
908612.3.peg.483.site.41, 0, 179, 179
908612.3.peg.483.site.42, 37, 179, 216
908612.3.peg.483.site.43, 0, 177, 177
908612.3.peg.483.site.44, 0, 180, 180
908612.3.peg.482.site.1, 0, 180, 180
908612.3.peg.482.site.2, 42, 178, 220
908612.3.peg.482.site.3, 34, 179, 213
908612.3.peg.482.site.4, 0, 180, 180
908612.3.peg.482.site.5, 0, 178, 178
908612.3.peg.482.site.6, 0, 180, 180
908612.3.peg.482.site.7, 33, 177, 210
908612.3.peg.482.site.8, 2, 165, 167
908612.3.peg.482.site.9, 91, 168, 259
908612.3.peg.482.site.10, 45, 173, 218
908612.3.peg.482.site.11, 0, 177, 177
908612.3.peg.482.site.12, 1, 180, 181
908612.3.peg.482.site.13, 5, 168, 173
908612.3.peg.482.site.14, 52, 159, 211
908612.3.peg.1504.site.1, 6, 173, 179
908612.3.peg.1504.site.2, 39, 166, 205
908612.3.peg.1504.site.3, 0, 174, 174
908612.3.peg.1504.site.4, 52, 151, 203
908612.3.peg.1504.site.5, 10, 176, 186
908612.3.peg.1504.site.6, 6, 175, 181
908612.3.peg.1504.site.7, 0, 169, 169
908612.3.peg.1504.site.8, 0, 178, 178
908612.3.peg.1504.site.9, 2, 179, 181
908612.3.peg.1504.site.10, 12, 178, 190
908612.3.peg.1504.site.11, 1, 177, 178
908612.3.peg.1504.site.12, 2, 179, 181
908612.3.peg.1505.site.1, 129, 176, 305
908612.3.peg.1505.site.2, 25, 179, 204
908612.3.peg.1505.site.3, 124, 172, 296
908612.3.peg.1505.site.4, 14, 176, 190
908612.3.peg.1505.site.5, 3, 177, 180
908612.3.peg.1505.site.6, 24, 166, 190
908612.3.peg.1505.site.7, 25, 174, 199
908612.3.peg.1505.site.8, 1, 178, 179
908612.3.peg.1505.site.9, 0, 173, 173
908612.3.peg.1505.site.10, 26, 167, 193
908612.3.peg.1505.site.11, 24, 165, 189
908612.3.peg.1505.site.12, 26, 150, 176
908612.3.peg.1505.site.13, 5, 153, 158
908612.3.peg.1505.site.14, 7, 164, 171
908612.3.peg.1505.site.15, 0, 164, 164
908612.3.peg.1505.site.16, 27, 173, 200
908612.3.peg.1505.site.17, 1, 168, 169
908612.3.peg.1505.site.18, 13, 161, 174
908612.3.peg.1505.site.19, 3, 162, 165
908612.3.peg.1505.site.20, 2, 173, 175
908612.3.peg.1505.site.21, 25, 173, 198
908612.3.peg.1505.site.22, 2, 173, 175
908612.3.peg.1505.site.23, 1, 172, 173
908612.3.peg.1505.site.24, 22, 173, 195
908612.3.peg.1505.site.25, 2, 175, 177
908612.3.peg.1505.site.26, 2, 174, 176
908612.3.peg.1505.site.27, 50, 173, 223
908612.3.peg.1505.site.28, 52, 172, 224
908612.3.peg.1505.site.29, 21, 165, 186
908612.3.peg.1505.site.30, 11, 169, 180
908612.3.peg.1505.site.31, 74, 165, 239
908612.3.peg.1505.site.32, 6, 169, 175
908612.3.peg.1505.site.33, 65, 160, 225
908612.3.peg.1505.site.34, 1, 108, 109
908612.3.peg.1505.site.35, 3, 97, 100
908612.3.peg.1506.site.1, 44, 178, 222
908612.3.peg.1506.site.2, 3, 180, 183
908612.3.peg.1506.site.3, 2, 180, 182
908612.3.peg.1506.site.4, 0, 179, 179
908612.3.peg.1506.site.5, 4, 179, 183
908612.3.peg.1507.site.1, 6, 177, 183
908612.3.peg.1507.site.2, 65, 176, 241
908612.3.peg.1507.site.3, 93, 174, 267
908612.3.peg.1507.site.4, 1, 178, 179
908612.3.peg.1507.site.5, 0, 169, 169
908612.3.peg.1507.site.6, 57, 160, 217
908612.3.peg.1507.site.7, 6, 154, 160
908612.3.peg.1507.site.8, 3, 159, 162
908612.3.peg.1507.site.9, 1, 159, 160
908612.3.peg.1507.site.10, 1, 149, 150
908612.3.peg.1507.site.11, 2, 147, 149
908612.3.peg.1507.site.12, 1, 136, 137
908612.3.peg.1507.site.13, 81, 145, 226
908612.3.peg.1507.site.14, 0, 175, 175
908612.3.peg.1507.site.15, 158, 172, 330
908612.3.peg.1507.site.16, 79, 165, 244
908612.3.peg.1507.site.17, 2, 157, 159
908612.3.peg.1507.site.18, 1, 156, 157
908612.3.peg.1507.site.19, 1, 144, 145
908612.3.peg.1507.site.20, 2, 145, 147
908612.3.peg.1507.site.21, 24, 164, 188
908612.3.peg.1507.site.22, 1, 173, 174
908612.3.peg.1507.site.23, 0, 173, 173
908612.3.peg.1507.site.24, 159, 172, 331
908612.3.peg.1500.site.1, 1, 178, 179
908612.3.peg.1500.site.2, 2, 180, 182
908612.3.peg.1500.site.3, 1, 180, 181
908612.3.peg.1500.site.4, 5, 180, 185
908612.3.peg.1500.site.5, 18, 178, 196
908612.3.peg.1500.site.6, 47, 179, 226
908612.3.peg.1500.site.7, 1, 180, 181
908612.3.peg.1500.site.8, 75, 174, 249
908612.3.peg.1500.site.9, 10, 180, 190
908612.3.peg.1500.site.10, 2, 180, 182
908612.3.peg.1500.site.11, 8, 179, 187
908612.3.peg.1500.site.12, 32, 175, 207
908612.3.peg.1500.site.13, 59, 174, 233
908612.3.peg.1500.site.14, 13, 180, 193
908612.3.peg.1500.site.15, 8, 169, 177
908612.3.peg.1500.site.16, 4, 170, 174
908612.3.peg.1500.site.17, 38, 174, 212
908612.3.peg.1500.site.18, 128, 176, 304
908612.3.peg.1500.site.19, 26, 175, 201
908612.3.peg.1500.site.20, 7, 177, 184
908612.3.peg.1500.site.21, 6, 178, 184
908612.3.peg.1500.site.22, 0, 179, 179
908612.3.peg.1500.site.23, 19, 177, 196
908612.3.peg.1500.site.24, 37, 176, 213
908612.3.peg.1500.site.25, 34, 174, 208
908612.3.peg.1500.site.26, 4, 179, 183
908612.3.peg.1500.site.27, 0, 159, 159
908612.3.peg.1500.site.28, 42, 162, 204
908612.3.peg.1500.site.29, 0, 173, 173
908612.3.peg.1500.site.30, 0, 173, 173
908612.3.peg.1500.site.31, 1, 172, 173
908612.3.peg.1500.site.32, 1, 177, 178
908612.3.peg.1500.site.33, 0, 173, 173
908612.3.peg.1500.site.34, 0, 173, 173
908612.3.peg.1500.site.35, 2, 171, 173
908612.3.peg.1500.site.36, 0, 170, 170
908612.3.peg.1500.site.37, 1, 177, 178
908612.3.peg.1500.site.38, 1, 160, 161
908612.3.peg.1500.site.39, 87, 178, 265
908612.3.peg.1500.site.40, 2, 180, 182
908612.3.peg.1500.site.41, 57, 179, 236
908612.3.peg.1500.site.42, 0, 180, 180
908612.3.peg.1500.site.43, 4, 180, 184
908612.3.peg.1500.site.44, 127, 175, 302
908612.3.peg.1500.site.45, 4, 180, 184
908612.3.peg.1500.site.46, 9, 180, 189
908612.3.peg.1500.site.47, 2, 178, 180
908612.3.peg.1500.site.48, 36, 175, 211
908612.3.peg.1500.site.49, 1, 180, 181
908612.3.peg.1500.site.50, 55, 174, 229
908612.3.peg.1500.site.51, 2, 180, 182
908612.3.peg.1500.site.52, 123, 175, 298
908612.3.peg.1500.site.53, 4, 180, 184
908612.3.peg.1500.site.54, 0, 180, 180
908612.3.peg.1500.site.55, 161, 179, 340
908612.3.peg.1500.site.56, 5, 177, 182
908612.3.peg.1501.site.1, 6, 179, 185
908612.3.peg.1501.site.2, 0, 180, 180
908612.3.peg.1501.site.3, 2, 180, 182
908612.3.peg.1501.site.4, 101, 177, 278
908612.3.peg.1501.site.5, 100, 176, 276
908612.3.peg.1501.site.6, 2, 178, 180
908612.3.peg.1501.site.7, 28, 177, 205
908612.3.peg.1501.site.8, 0, 177, 177
908612.3.peg.1501.site.9, 18, 179, 197
908612.3.peg.1501.site.10, 0, 179, 179
908612.3.peg.1501.site.11, 0, 177, 177
908612.3.peg.1501.site.12, 0, 176, 176
908612.3.peg.1501.site.13, 1, 171, 172
908612.3.peg.1501.site.14, 1, 159, 160
908612.3.peg.1501.site.15, 1, 178, 179
908612.3.peg.1501.site.16, 6, 179, 185
908612.3.peg.1501.site.17, 0, 180, 180
908612.3.peg.1501.site.18, 0, 180, 180
908612.3.peg.1501.site.19, 10, 179, 189
908612.3.peg.1501.site.20, 6, 179, 185
908612.3.peg.1501.site.21, 57, 176, 233
908612.3.peg.1501.site.22, 42, 179, 221
908612.3.peg.1501.site.23, 0, 180, 180
908612.3.peg.1501.site.24, 16, 177, 193
908612.3.peg.1501.site.25, 34, 165, 199
908612.3.peg.1502.site.1, 0, 172, 172
908612.3.peg.1502.site.2, 1, 174, 175
908612.3.peg.1502.site.3, 105, 172, 277
908612.3.peg.1502.site.4, 0, 176, 176
908612.3.peg.1502.site.5, 13, 174, 187
908612.3.peg.1502.site.6, 16, 176, 192
908612.3.peg.1502.site.7, 1, 172, 173
908612.3.peg.1502.site.8, 48, 114, 162
908612.3.peg.1502.site.9, 0, 111, 111
908612.3.peg.1502.site.10, 91, 113, 204
908612.3.peg.1502.site.11, 3, 144, 147
908612.3.peg.1502.site.12, 60, 144, 204
908612.3.peg.1502.site.13, 6, 146, 152
908612.3.peg.1502.site.14, 7, 144, 151
908612.3.peg.1502.site.15, 6, 127, 133
908612.3.peg.1502.site.16, 11, 135, 146
908612.3.peg.1502.site.17, 29, 169, 198
908612.3.peg.1502.site.18, 1, 171, 172
908612.3.peg.1502.site.19, 64, 166, 230
908612.3.peg.1502.site.20, 2, 174, 176
908612.3.peg.1502.site.21, 1, 175, 176
908612.3.peg.1502.site.22, 12, 169, 181
908612.3.peg.1502.site.23, 28, 166, 194
908612.3.peg.1502.site.24, 32, 166, 198
908612.3.peg.1502.site.25, 135, 174, 309
908612.3.peg.1502.site.26, 58, 174, 232
908612.3.peg.1502.site.27, 29, 175, 204
908612.3.peg.463.site.1, 0, 169, 169
908612.3.peg.463.site.2, 13, 174, 187
908612.3.peg.463.site.3, 14, 179, 193
908612.3.peg.463.site.4, 0, 179, 179
908612.3.peg.463.site.5, 143, 178, 321
908612.3.peg.463.site.6, 80, 175, 255
908612.3.peg.463.site.7, 0, 180, 180
908612.3.peg.463.site.8, 15, 180, 195
908612.3.peg.463.site.9, 69, 177, 246
908612.3.peg.463.site.10, 6, 180, 186
908612.3.peg.463.site.11, 106, 175, 281
908612.3.peg.463.site.12, 31, 178, 209
908612.3.peg.463.site.13, 32, 179, 211
908612.3.peg.463.site.14, 6, 179, 185
908612.3.peg.463.site.15, 97, 171, 268
908612.3.peg.463.site.16, 0, 174, 174
908612.3.peg.463.site.17, 4, 173, 177
908612.3.peg.463.site.18, 95, 168, 263
908612.3.peg.463.site.19, 6, 179, 185
908612.3.peg.463.site.20, 0, 179, 179
908612.3.peg.463.site.21, 91, 170, 261
908612.3.peg.463.site.22, 0, 177, 177
908612.3.peg.463.site.23, 0, 177, 177
908612.3.peg.463.site.24, 0, 180, 180
908612.3.peg.463.site.25, 2, 180, 182
908612.3.peg.463.site.26, 13, 180, 193
908612.3.peg.462.site.1, 39, 177, 216
908612.3.peg.462.site.2, 70, 176, 246
908612.3.peg.462.site.3, 74, 172, 246
908612.3.peg.462.site.4, 5, 176, 181
908612.3.peg.462.site.5, 116, 171, 287
908612.3.peg.461.site.1, 31, 180, 211
908612.3.peg.461.site.2, 7, 180, 187
908612.3.peg.461.site.3, 3, 180, 183
908612.3.peg.461.site.4, 100, 179, 279
908612.3.peg.461.site.5, 47, 179, 226
908612.3.peg.461.site.6, 66, 179, 245
908612.3.peg.461.site.7, 43, 177, 220
908612.3.peg.461.site.8, 39, 180, 219
908612.3.peg.461.site.9, 4, 179, 183
908612.3.peg.461.site.10, 3, 178, 181
908612.3.peg.461.site.11, 8, 177, 185
908612.3.peg.461.site.12, 3, 179, 182
908612.3.peg.461.site.13, 9, 178, 187
908612.3.peg.461.site.14, 1, 177, 178
908612.3.peg.460.site.1, 64, 169, 233
908612.3.peg.460.site.2, 76, 174, 250
908612.3.peg.460.site.3, 2, 169, 171
908612.3.peg.460.site.4, 2, 170, 172
908612.3.peg.460.site.5, 2, 167, 169
908612.3.peg.460.site.6, 1, 166, 167
908612.3.peg.460.site.7, 1, 166, 167
908612.3.peg.460.site.8, 13, 167, 180
908612.3.peg.460.site.9, 11, 179, 190
908612.3.peg.460.site.10, 4, 180, 184
908612.3.peg.460.site.11, 0, 180, 180
908612.3.peg.460.site.12, 12, 176, 188
908612.3.peg.460.site.13, 0, 176, 176
908612.3.peg.460.site.14, 9, 179, 188
908612.3.peg.460.site.15, 0, 178, 178
908612.3.peg.460.site.16, 0, 178, 178
908612.3.peg.460.site.17, 39, 180, 219
908612.3.peg.460.site.18, 9, 179, 188
908612.3.peg.460.site.19, 7, 180, 187
908612.3.peg.460.site.20, 2, 180, 182
908612.3.peg.460.site.21, 1, 180, 181
908612.3.peg.460.site.22, 5, 178, 183
908612.3.peg.460.site.23, 73, 177, 250
908612.3.peg.460.site.24, 5, 177, 182
908612.3.peg.460.site.25, 145, 180, 325
908612.3.peg.460.site.26, 38, 167, 205
908612.3.peg.460.site.27, 7, 169, 176
908612.3.peg.460.site.28, 6, 171, 177
908612.3.peg.460.site.29, 86, 169, 255
908612.3.peg.460.site.30, 1, 178, 179
908612.3.peg.460.site.31, 3, 179, 182
908612.3.peg.460.site.32, 15, 178, 193
908612.3.peg.460.site.33, 132, 177, 309
908612.3.peg.460.site.34, 36, 179, 215
908612.3.peg.467.site.1, 41, 178, 219
908612.3.peg.467.site.2, 41, 176, 217
908612.3.peg.467.site.3, 0, 176, 176
908612.3.peg.467.site.4, 85, 174, 259
908612.3.peg.467.site.5, 87, 174, 261
908612.3.peg.467.site.6, 1, 177, 178
908612.3.peg.467.site.7, 25, 174, 199
908612.3.peg.467.site.8, 4, 173, 177
908612.3.peg.467.site.9, 33, 174, 207
908612.3.peg.467.site.10, 3, 175, 178
908612.3.peg.467.site.11, 39, 174, 213
908612.3.peg.467.site.12, 0, 170, 170
908612.3.peg.467.site.13, 3, 176, 179
908612.3.peg.467.site.14, 1, 176, 177
908612.3.peg.467.site.15, 2, 178, 180
908612.3.peg.467.site.16, 21, 176, 197
908612.3.peg.467.site.17, 1, 167, 168
908612.3.peg.467.site.18, 25, 164, 189
908612.3.peg.467.site.19, 0, 170, 170
908612.3.peg.467.site.20, 41, 171, 212
908612.3.peg.467.site.21, 2, 168, 170
908612.3.peg.467.site.22, 0, 172, 172
908612.3.peg.467.site.23, 3, 172, 175
908612.3.peg.467.site.24, 3, 173, 176
908612.3.peg.467.site.25, 1, 140, 141
908612.3.peg.467.site.26, 3, 123, 126
908612.3.peg.466.site.1, 2, 178, 180
908612.3.peg.466.site.2, 10, 179, 189
908612.3.peg.466.site.3, 8, 178, 186
908612.3.peg.466.site.4, 28, 177, 205
908612.3.peg.466.site.5, 27, 173, 200
908612.3.peg.466.site.6, 93, 169, 262
908612.3.peg.466.site.7, 7, 171, 178
908612.3.peg.466.site.8, 28, 166, 194
908612.3.peg.466.site.9, 25, 175, 200
908612.3.peg.466.site.10, 2, 180, 182
908612.3.peg.466.site.11, 1, 175, 176
908612.3.peg.466.site.12, 27, 167, 194
908612.3.peg.466.site.13, 1, 172, 173
908612.3.peg.466.site.14, 3, 170, 173
908612.3.peg.466.site.15, 149, 173, 322
908612.3.peg.466.site.16, 0, 177, 177
908612.3.peg.466.site.17, 25, 176, 201
908612.3.peg.466.site.18, 1, 178, 179
908612.3.peg.466.site.19, 11, 175, 186
908612.3.peg.466.site.20, 3, 174, 177
908612.3.peg.466.site.21, 49, 170, 219
908612.3.peg.466.site.22, 55, 171, 226
908612.3.peg.466.site.23, 6, 174, 180
908612.3.peg.464.site.1, 1, 179, 180
908612.3.peg.464.site.2, 35, 179, 214
908612.3.peg.464.site.3, 3, 180, 183
908612.3.peg.464.site.4, 0, 180, 180
908612.3.peg.464.site.5, 3, 179, 182
908612.3.peg.464.site.6, 0, 180, 180
908612.3.peg.464.site.7, 20, 176, 196
908612.3.peg.464.site.8, 3, 180, 183
908612.3.peg.464.site.9, 6, 180, 186
908612.3.peg.464.site.10, 0, 179, 179
908612.3.peg.464.site.11, 1, 179, 180
908612.3.peg.464.site.12, 52, 178, 230
908612.3.peg.464.site.13, 14, 179, 193
908612.3.peg.464.site.14, 3, 180, 183
908612.3.peg.464.site.15, 129, 175, 304
908612.3.peg.464.site.16, 4, 180, 184
908612.3.peg.464.site.17, 125, 177, 302
908612.3.peg.464.site.18, 0, 179, 179
908612.3.peg.464.site.19, 28, 178, 206
908612.3.peg.464.site.20, 5, 178, 183
908612.3.peg.464.site.21, 4, 179, 183
908612.3.peg.464.site.22, 14, 177, 191
908612.3.peg.464.site.23, 5, 178, 183
908612.3.peg.464.site.24, 3, 180, 183
908612.3.peg.464.site.25, 51, 168, 219
908612.3.peg.464.site.26, 2, 170, 172
908612.3.peg.464.site.27, 46, 171, 217
908612.3.peg.464.site.28, 10, 176, 186
908612.3.peg.464.site.29, 8, 174, 182
908612.3.peg.464.site.30, 2, 179, 181
908612.3.peg.464.site.31, 0, 180, 180
908612.3.peg.464.site.32, 4, 180, 184
908612.3.peg.464.site.33, 5, 178, 183
908612.3.peg.464.site.34, 1, 178, 179
908612.3.peg.464.site.35, 7, 174, 181
908612.3.peg.464.site.36, 9, 177, 186
908612.3.peg.464.site.37, 0, 180, 180
908612.3.peg.469.site.1, 16, 177, 193
908612.3.peg.469.site.2, 106, 172, 278
908612.3.peg.469.site.3, 100, 170, 270
908612.3.peg.469.site.4, 126, 158, 284
908612.3.peg.469.site.5, 8, 160, 168
908612.3.peg.469.site.6, 7, 151, 158
908612.3.peg.469.site.7, 5, 141, 146
908612.3.peg.469.site.8, 2, 128, 130
908612.3.peg.469.site.9, 4, 132, 136
908612.3.peg.469.site.10, 2, 150, 152
908612.3.peg.469.site.11, 7, 177, 184
908612.3.peg.469.site.12, 8, 172, 180
908612.3.peg.469.site.13, 1, 160, 161
908612.3.peg.469.site.14, 98, 150, 248
908612.3.peg.469.site.15, 107, 107, 214
908612.3.peg.469.site.16, 67, 118, 185
908612.3.peg.469.site.17, 9, 109, 118
908612.3.peg.469.site.18, 9, 105, 114
908612.3.peg.469.site.19, 20, 86, 106
908612.3.peg.469.site.20, 88, 88, 176
908612.3.peg.469.site.21, 3, 144, 147
908612.3.peg.469.site.22, 0, 169, 169
908612.3.peg.469.site.23, 1, 172, 173
908612.3.peg.469.site.24, 0, 172, 172
908612.3.peg.469.site.25, 5, 175, 180
908612.3.peg.468.site.1, 3, 180, 183
908612.3.peg.468.site.2, 23, 175, 198
908612.3.peg.468.site.3, 101, 171, 272
908612.3.peg.468.site.4, 1, 171, 172
908612.3.peg.468.site.5, 4, 169, 173
908612.3.peg.468.site.6, 0, 172, 172
908612.3.peg.468.site.7, 16, 167, 183
908612.3.peg.468.site.8, 36, 113, 149
908612.3.peg.468.site.9, 47, 136, 183
908612.3.peg.468.site.10, 132, 143, 275
908612.3.peg.468.site.11, 3, 104, 107
908612.3.peg.468.site.12, 4, 114, 118
908612.3.peg.468.site.13, 46, 115, 161
908612.3.peg.468.site.14, 1, 179, 180
908612.3.peg.468.site.15, 144, 177, 321
908612.3.peg.468.site.16, 27, 177, 204
908612.3.peg.468.site.17, 1, 180, 181
908612.3.peg.468.site.18, 28, 174, 202
908612.3.peg.468.site.19, 0, 176, 176
908612.3.peg.468.site.20, 143, 176, 319
908612.3.peg.468.site.21, 13, 176, 189
908612.3.peg.468.site.22, 1, 177, 178
908612.3.peg.468.site.23, 156, 172, 328
908612.3.peg.468.site.24, 0, 173, 173
908612.3.peg.468.site.25, 124, 174, 298
908612.3.peg.468.site.26, 30, 176, 206
908612.3.peg.468.site.27, 4, 177, 181
908612.3.peg.468.site.28, 1, 177, 178
908612.3.peg.468.site.29, 173, 180, 353
908612.3.peg.468.site.30, 2, 180, 182
908612.3.peg.468.site.31, 1, 180, 181
908612.3.peg.468.site.32, 1, 180, 181
908612.3.peg.468.site.33, 3, 179, 182
908612.3.peg.468.site.34, 3, 177, 180
908612.3.peg.468.site.35, 1, 169, 170
908612.3.peg.468.site.36, 6, 116, 122
908612.3.peg.468.site.37, 3, 28, 31
908612.3.peg.468.site.38, 0, 17, 17
908612.3.peg.468.site.39, 1, 22, 23
908612.3.peg.468.site.40, 18, 30, 48
908612.3.peg.468.site.41, 1, 57, 58
908612.3.peg.468.site.42, 1, 103, 104
908612.3.peg.468.site.43, 71, 105, 176
908612.3.peg.468.site.44, 73, 104, 177
908612.3.peg.468.site.45, 20, 138, 158
908612.3.peg.468.site.46, 11, 174, 185
908612.3.peg.468.site.47, 20, 173, 193
908612.3.peg.468.site.48, 1, 170, 171
908612.3.peg.468.site.49, 0, 166, 166
908612.3.peg.468.site.50, 11, 160, 171
908612.3.peg.468.site.51, 140, 146, 286
908612.3.peg.468.site.52, 5, 163, 168
908612.3.peg.468.site.53, 3, 160, 163
908612.3.peg.468.site.54, 152, 160, 312
908612.3.peg.468.site.55, 89, 134, 223
908612.3.peg.468.site.56, 134, 134, 268
908612.3.peg.468.site.57, 2, 117, 119
908612.3.peg.468.site.58, 4, 116, 120
908612.3.peg.468.site.59, 126, 175, 301
908612.3.peg.468.site.60, 153, 177, 330
908612.3.peg.468.site.61, 4, 180, 184
908612.3.peg.468.site.62, 180, 180, 360
908612.3.peg.468.site.63, 121, 175, 296
908612.3.peg.468.site.64, 1, 180, 181
908612.3.peg.468.site.65, 2, 179, 181
908612.3.peg.468.site.66, 4, 177, 181
908612.3.peg.468.site.67, 0, 177, 177
908612.3.peg.468.site.68, 2, 172, 174
908612.3.peg.468.site.69, 165, 173, 338
908612.3.peg.468.site.70, 112, 177, 289
908612.3.peg.2608.site.1, 0, 178, 178
908612.3.peg.2608.site.2, 0, 179, 179
908612.3.peg.2608.site.3, 0, 180, 180
908612.3.peg.2608.site.4, 0, 179, 179
908612.3.peg.2608.site.5, 4, 177, 181
908612.3.peg.2608.site.6, 3, 177, 180
908612.3.peg.2608.site.7, 0, 180, 180
908612.3.peg.2608.site.8, 2, 180, 182
908612.3.peg.2608.site.9, 1, 178, 179
908612.3.peg.2608.site.10, 73, 173, 246
908612.3.peg.2608.site.11, 1, 133, 134
908612.3.peg.2608.site.12, 30, 121, 151
908612.3.peg.2608.site.13, 28, 122, 150
908612.3.peg.2608.site.14, 9, 114, 123
908612.3.peg.2608.site.15, 16, 105, 121
908612.3.peg.2608.site.16, 15, 108, 123
908612.3.peg.2608.site.17, 26, 111, 137
908612.3.peg.2608.site.18, 20, 122, 142
908612.3.peg.2608.site.19, 54, 117, 171
908612.3.peg.2608.site.20, 38, 136, 174
908612.3.peg.2608.site.21, 3, 177, 180
908612.3.peg.2608.site.22, 4, 174, 178
908612.3.peg.2608.site.23, 0, 174, 174
908612.3.peg.2608.site.24, 25, 166, 191
908612.3.peg.2608.site.25, 27, 175, 202
908612.3.peg.2608.site.26, 2, 169, 171
908612.3.peg.2608.site.27, 55, 170, 225
908612.3.peg.2608.site.28, 4, 175, 179
908612.3.peg.2608.site.29, 1, 178, 179
908612.3.peg.2608.site.30, 23, 175, 198
908612.3.peg.2608.site.31, 43, 170, 213
908612.3.peg.2608.site.32, 9, 175, 184
908612.3.peg.2608.site.33, 53, 178, 231
908612.3.peg.2608.site.34, 84, 178, 262
908612.3.peg.2608.site.35, 93, 177, 270
908612.3.peg.2608.site.36, 34, 178, 212
908612.3.peg.2608.site.37, 116, 174, 290
908612.3.peg.2608.site.38, 0, 179, 179
908612.3.peg.2608.site.39, 29, 177, 206
908612.3.peg.2608.site.40, 1, 173, 174
908612.3.peg.2608.site.41, 26, 167, 193
908612.3.peg.2608.site.42, 2, 168, 170
908612.3.peg.2608.site.43, 35, 166, 201
908612.3.peg.2608.site.44, 31, 170, 201
908612.3.peg.2608.site.45, 6, 171, 177
908612.3.peg.2608.site.46, 1, 169, 170
908612.3.peg.2608.site.47, 22, 163, 185
908612.3.peg.2608.site.48, 125, 171, 296
908612.3.peg.2608.site.49, 77, 172, 249
908612.3.peg.2608.site.50, 9, 170, 179
908612.3.peg.2608.site.51, 39, 147, 186
908612.3.peg.2608.site.52, 2, 168, 170
908612.3.peg.2608.site.53, 59, 171, 230
908612.3.peg.2608.site.54, 12, 178, 190
908612.3.peg.2608.site.55, 13, 180, 193
908612.3.peg.1665.site.1, 1, 178, 179
908612.3.peg.1665.site.2, 13, 178, 191
908612.3.peg.1665.site.3, 15, 178, 193
908612.3.peg.1665.site.4, 0, 176, 176
908612.3.peg.1665.site.5, 25, 173, 198
908612.3.peg.1665.site.6, 26, 174, 200
908612.3.peg.1665.site.7, 121, 174, 295
908612.3.peg.1665.site.8, 13, 175, 188
908612.3.peg.1665.site.9, 0, 176, 176
908612.3.peg.1665.site.10, 3, 175, 178
908612.3.peg.1664.site.1, 0, 178, 178
908612.3.peg.1664.site.2, 6, 180, 186
908612.3.peg.1664.site.3, 60, 177, 237
908612.3.peg.1664.site.4, 0, 179, 179
908612.3.peg.1664.site.5, 12, 176, 188
908612.3.peg.1664.site.6, 0, 177, 177
908612.3.peg.1664.site.7, 147, 178, 325
908612.3.peg.1664.site.8, 2, 180, 182
908612.3.peg.1664.site.9, 10, 179, 189
908612.3.peg.1664.site.10, 51, 177, 228
908612.3.peg.1664.site.11, 0, 180, 180
908612.3.peg.1667.site.1, 1, 180, 181
908612.3.peg.1667.site.2, 78, 175, 253
908612.3.peg.1667.site.3, 36, 178, 214
908612.3.peg.1667.site.4, 10, 179, 189
908612.3.peg.1667.site.5, 2, 179, 181
908612.3.peg.1667.site.6, 2, 179, 181
908612.3.peg.1667.site.7, 13, 178, 191
908612.3.peg.1667.site.8, 66, 177, 243
908612.3.peg.1667.site.9, 3, 179, 182
908612.3.peg.1667.site.10, 9, 180, 189
908612.3.peg.1667.site.11, 3, 172, 175
908612.3.peg.1667.site.12, 0, 176, 176
908612.3.peg.1667.site.13, 10, 177, 187
908612.3.peg.1667.site.14, 21, 176, 197
908612.3.peg.1667.site.15, 39, 164, 203
908612.3.peg.1667.site.16, 77, 175, 252
908612.3.peg.1667.site.17, 37, 176, 213
908612.3.peg.1667.site.18, 5, 180, 185
908612.3.peg.1667.site.19, 1, 180, 181
908612.3.peg.1667.site.20, 36, 176, 212
908612.3.peg.1667.site.21, 58, 176, 234
908612.3.peg.1667.site.22, 48, 159, 207
908612.3.peg.1667.site.23, 0, 162, 162
908612.3.peg.1667.site.24, 59, 162, 221
908612.3.peg.1667.site.25, 5, 173, 178
908612.3.peg.1667.site.26, 16, 174, 190
908612.3.peg.1667.site.27, 0, 176, 176
908612.3.peg.1666.site.1, 11, 94, 105
908612.3.peg.1666.site.2, 1, 142, 143
908612.3.peg.1666.site.3, 3, 176, 179
908612.3.peg.1666.site.4, 0, 180, 180
908612.3.peg.1666.site.5, 104, 171, 275
908612.3.peg.1666.site.6, 17, 174, 191
908612.3.peg.1666.site.7, 17, 171, 188
908612.3.peg.1666.site.8, 4, 171, 175
908612.3.peg.1666.site.9, 75, 166, 241
908612.3.peg.1666.site.10, 83, 173, 256
908612.3.peg.1666.site.11, 2, 175, 177
908612.3.peg.1666.site.12, 49, 166, 215
908612.3.peg.1666.site.13, 24, 174, 198
908612.3.peg.1666.site.14, 3, 170, 173
908612.3.peg.1666.site.15, 0, 156, 156
908612.3.peg.1666.site.16, 78, 173, 251
908612.3.peg.1666.site.17, 1, 177, 178
908612.3.peg.1666.site.18, 16, 172, 188
908612.3.peg.1666.site.19, 15, 173, 188
908612.3.peg.1666.site.20, 22, 175, 197
908612.3.peg.1666.site.21, 8, 179, 187
908612.3.peg.1666.site.22, 0, 180, 180
908612.3.peg.1666.site.23, 0, 180, 180
908612.3.peg.1666.site.24, 0, 179, 179
908612.3.peg.1666.site.25, 87, 177, 264
908612.3.peg.1666.site.26, 3, 178, 181
908612.3.peg.1666.site.27, 86, 177, 263
908612.3.peg.1666.site.28, 65, 177, 242
908612.3.peg.1666.site.29, 10, 178, 188
908612.3.peg.1666.site.30, 8, 178, 186
908612.3.peg.1666.site.31, 6, 177, 183
908612.3.peg.1666.site.32, 4, 179, 183
908612.3.peg.1666.site.33, 93, 176, 269
908612.3.peg.1666.site.34, 1, 177, 178
908612.3.peg.1666.site.35, 10, 180, 190
908612.3.peg.1666.site.36, 21, 168, 189
908612.3.peg.1666.site.37, 0, 160, 160
908612.3.peg.1666.site.38, 8, 169, 177
908612.3.peg.71.site.1, 0, 176, 176
908612.3.peg.71.site.2, 2, 174, 176
908612.3.peg.71.site.3, 25, 177, 202
908612.3.peg.71.site.4, 24, 176, 200
908612.3.peg.71.site.5, 23, 176, 199
908612.3.peg.71.site.6, 27, 178, 205
908612.3.peg.71.site.7, 6, 174, 180
908612.3.peg.71.site.8, 0, 175, 175
908612.3.peg.71.site.9, 0, 178, 178
908612.3.peg.71.site.10, 1, 180, 181
908612.3.peg.71.site.11, 8, 178, 186
908612.3.peg.71.site.12, 24, 177, 201
908612.3.peg.71.site.13, 6, 178, 184
908612.3.peg.71.site.14, 85, 175, 260
908612.3.peg.71.site.15, 1, 150, 151
908612.3.peg.71.site.16, 1, 178, 179
908612.3.peg.71.site.17, 0, 178, 178
908612.3.peg.71.site.18, 0, 178, 178
908612.3.peg.71.site.19, 4, 178, 182
908612.3.peg.71.site.20, 0, 177, 177
908612.3.peg.71.site.21, 81, 175, 256
908612.3.peg.71.site.22, 2, 180, 182
908612.3.peg.71.site.23, 53, 178, 231
908612.3.peg.71.site.24, 8, 180, 188
908612.3.peg.1660.site.1, 12, 178, 190
908612.3.peg.1660.site.2, 20, 179, 199
908612.3.peg.1660.site.3, 73, 170, 243
908612.3.peg.1660.site.4, 0, 174, 174
908612.3.peg.1660.site.5, 0, 177, 177
908612.3.peg.1660.site.6, 10, 176, 186
908612.3.peg.1660.site.7, 7, 175, 182
908612.3.peg.1660.site.8, 6, 155, 161
908612.3.peg.1660.site.9, 93, 138, 231
908612.3.peg.1660.site.10, 2, 173, 175
908612.3.peg.1663.site.1, 12, 166, 178
908612.3.peg.1663.site.2, 0, 178, 178
908612.3.peg.1663.site.3, 71, 174, 245
908612.3.peg.1663.site.4, 73, 176, 249
908612.3.peg.1663.site.5, 65, 176, 241
908612.3.peg.1663.site.6, 0, 179, 179
908612.3.peg.1663.site.7, 39, 177, 216
908612.3.peg.1663.site.8, 144, 178, 322
908612.3.peg.1663.site.9, 143, 177, 320
908612.3.peg.1663.site.10, 142, 176, 318
908612.3.peg.1663.site.11, 85, 177, 262
908612.3.peg.72.site.1, 3, 178, 181
908612.3.peg.72.site.2, 13, 164, 177
908612.3.peg.72.site.3, 0, 162, 162
908612.3.peg.72.site.4, 1, 177, 178
908612.3.peg.72.site.5, 26, 177, 203
908612.3.peg.72.site.6, 0, 178, 178
908612.3.peg.72.site.7, 62, 175, 237
908612.3.peg.72.site.8, 20, 169, 189
908612.3.peg.72.site.9, 12, 161, 173
908612.3.peg.72.site.10, 16, 162, 178
908612.3.peg.72.site.11, 6, 166, 172
908612.3.peg.72.site.12, 6, 136, 142
908612.3.peg.72.site.13, 22, 174, 196
908612.3.peg.72.site.14, 23, 175, 198
908612.3.peg.72.site.15, 3, 175, 178
908612.3.peg.72.site.16, 15, 177, 192
908612.3.peg.72.site.17, 14, 173, 187
908612.3.peg.72.site.18, 1, 161, 162
908612.3.peg.72.site.19, 6, 169, 175
908612.3.peg.72.site.20, 1, 173, 174
908612.3.peg.72.site.21, 1, 173, 174
908612.3.peg.72.site.22, 60, 167, 227
908612.3.peg.72.site.23, 0, 171, 171
908612.3.peg.72.site.24, 25, 167, 192
908612.3.peg.72.site.25, 4, 160, 164
908612.3.peg.72.site.26, 1, 166, 167
908612.3.peg.72.site.27, 0, 175, 175
908612.3.peg.72.site.28, 27, 171, 198
908612.3.peg.72.site.29, 23, 169, 192
908612.3.peg.72.site.30, 0, 171, 171
908612.3.peg.72.site.31, 22, 167, 189
908612.3.peg.72.site.32, 19, 165, 184
908612.3.peg.72.site.33, 28, 158, 186
908612.3.peg.1669.site.1, 3, 178, 181
908612.3.peg.1669.site.2, 120, 177, 297
908612.3.peg.1669.site.3, 4, 179, 183
908612.3.peg.1669.site.4, 12, 177, 189
908612.3.peg.1669.site.5, 4, 135, 139
908612.3.peg.1669.site.6, 2, 113, 115
908612.3.peg.1669.site.7, 0, 178, 178
908612.3.peg.1668.site.1, 46, 172, 218
908612.3.peg.1668.site.2, 37, 171, 208
908612.3.peg.1668.site.3, 7, 180, 187
908612.3.peg.1668.site.4, 21, 180, 201
908612.3.peg.1668.site.5, 2, 180, 182
908612.3.peg.1668.site.6, 1, 180, 181
908612.3.peg.1668.site.7, 40, 177, 217
908612.3.peg.1668.site.8, 67, 176, 243
908612.3.peg.1668.site.9, 1, 179, 180
908612.3.peg.1668.site.10, 66, 174, 240
908612.3.peg.1668.site.11, 2, 180, 182
908612.3.peg.1668.site.12, 0, 180, 180
908612.3.peg.1668.site.13, 45, 176, 221
908612.3.peg.1668.site.14, 42, 177, 219
908612.3.peg.1668.site.15, 2, 180, 182
908612.3.peg.1668.site.16, 0, 179, 179
908612.3.peg.1668.site.17, 8, 173, 181
908612.3.peg.1668.site.18, 1, 166, 167
908612.3.peg.1668.site.19, 1, 162, 163
908612.3.peg.1668.site.20, 4, 172, 176
908612.3.peg.1409.site.1, 26, 157, 183
908612.3.peg.1409.site.2, 9, 153, 162
908612.3.peg.1409.site.3, 0, 165, 165
908612.3.peg.1409.site.4, 1, 171, 172
908612.3.peg.1409.site.5, 1, 171, 172
908612.3.peg.1409.site.6, 3, 176, 179
908612.3.peg.1409.site.7, 1, 176, 177
908612.3.peg.1409.site.8, 88, 174, 262
908612.3.peg.1409.site.9, 8, 175, 183
908612.3.peg.1409.site.10, 1, 178, 179
908612.3.peg.1409.site.11, 0, 177, 177
908612.3.peg.1409.site.12, 1, 177, 178
908612.3.peg.1409.site.13, 1, 176, 177
908612.3.peg.1409.site.14, 1, 179, 180
908612.3.peg.1409.site.15, 86, 173, 259
908612.3.peg.1409.site.16, 1, 178, 179
908612.3.peg.1409.site.17, 0, 179, 179
908612.3.peg.1409.site.18, 0, 172, 172
908612.3.peg.1409.site.19, 1, 162, 163
908612.3.peg.1409.site.20, 0, 163, 163
908612.3.peg.1409.site.21, 1, 176, 177
908612.3.peg.1409.site.22, 4, 170, 174
908612.3.peg.1409.site.23, 8, 172, 180
908612.3.peg.1409.site.24, 2, 172, 174
908612.3.peg.1409.site.25, 2, 167, 169
908612.3.peg.1409.site.26, 23, 175, 198
908612.3.peg.1409.site.27, 2, 177, 179
908612.3.peg.1408.site.1, 2, 169, 171
908612.3.peg.1408.site.2, 2, 172, 174
908612.3.peg.1408.site.3, 10, 174, 184
908612.3.peg.1408.site.4, 99, 177, 276
908612.3.peg.1408.site.5, 7, 177, 184
908612.3.peg.1408.site.6, 1, 177, 178
908612.3.peg.1408.site.7, 2, 174, 176
908612.3.peg.1408.site.8, 1, 168, 169
908612.3.peg.1408.site.9, 113, 166, 279
908612.3.peg.1408.site.10, 21, 165, 186
908612.3.peg.1408.site.11, 53, 105, 158
908612.3.peg.1408.site.12, 54, 103, 157
908612.3.peg.1408.site.13, 2, 94, 96
908612.3.peg.1408.site.14, 1, 66, 67
908612.3.peg.1408.site.15, 10, 68, 78
908612.3.peg.1408.site.16, 17, 69, 86
908612.3.peg.1408.site.17, 8, 133, 141
908612.3.peg.1408.site.18, 33, 160, 193
908612.3.peg.99.site.1, 6, 178, 184
908612.3.peg.99.site.2, 2, 169, 171
908612.3.peg.99.site.3, 6, 176, 182
908612.3.peg.99.site.4, 28, 176, 204
908612.3.peg.99.site.5, 160, 173, 333
908612.3.peg.99.site.6, 5, 178, 183
908612.3.peg.99.site.7, 0, 178, 178
908612.3.peg.99.site.8, 50, 172, 222
908612.3.peg.99.site.9, 3, 174, 177
908612.3.peg.99.site.10, 5, 169, 174
908612.3.peg.99.site.11, 0, 172, 172
908612.3.peg.99.site.12, 132, 160, 292
908612.3.peg.99.site.13, 4, 156, 160
908612.3.peg.99.site.14, 2, 153, 155
908612.3.peg.99.site.15, 61, 171, 232
908612.3.peg.99.site.16, 12, 170, 182
908612.3.peg.99.site.17, 3, 171, 174
908612.3.peg.99.site.18, 1, 168, 169
908612.3.peg.99.site.19, 4, 169, 173
908612.3.peg.99.site.20, 3, 168, 171
908612.3.peg.98.site.1, 1, 133, 134
908612.3.peg.98.site.2, 97, 171, 268
908612.3.peg.98.site.3, 0, 170, 170
908612.3.peg.98.site.4, 68, 169, 237
908612.3.peg.98.site.5, 7, 172, 179
908612.3.peg.98.site.6, 47, 157, 204
908612.3.peg.98.site.7, 27, 167, 194
908612.3.peg.98.site.8, 65, 169, 234
908612.3.peg.98.site.9, 2, 162, 164
908612.3.peg.98.site.10, 40, 167, 207
908612.3.peg.98.site.11, 3, 140, 143
908612.3.peg.98.site.12, 1, 111, 112
908612.3.peg.98.site.13, 2, 120, 122
908612.3.peg.98.site.14, 0, 123, 123
908612.3.peg.98.site.15, 3, 149, 152
908612.3.peg.98.site.16, 70, 166, 236
908612.3.peg.98.site.17, 16, 171, 187
908612.3.peg.98.site.18, 29, 175, 204
908612.3.peg.98.site.19, 1, 179, 180
908612.3.peg.98.site.20, 0, 179, 179
908612.3.peg.98.site.21, 47, 176, 223
908612.3.peg.98.site.22, 58, 175, 233
908612.3.peg.98.site.23, 7, 179, 186
908612.3.peg.98.site.24, 86, 174, 260
908612.3.peg.98.site.25, 0, 179, 179
908612.3.peg.1405.site.1, 0, 180, 180
908612.3.peg.1405.site.2, 26, 178, 204
908612.3.peg.1405.site.3, 0, 179, 179
908612.3.peg.1405.site.4, 7, 180, 187
908612.3.peg.1405.site.5, 9, 177, 186
908612.3.peg.1405.site.6, 26, 178, 204
908612.3.peg.1405.site.7, 0, 180, 180
908612.3.peg.1405.site.8, 26, 178, 204
908612.3.peg.1405.site.9, 1, 180, 181
908612.3.peg.1405.site.10, 78, 165, 243
908612.3.peg.1405.site.11, 17, 179, 196
908612.3.peg.1405.site.12, 6, 179, 185
908612.3.peg.1404.site.1, 22, 177, 199
908612.3.peg.1404.site.2, 22, 176, 198
908612.3.peg.1404.site.3, 27, 180, 207
908612.3.peg.1404.site.4, 30, 180, 210
908612.3.peg.1404.site.5, 25, 177, 202
908612.3.peg.1404.site.6, 0, 180, 180
908612.3.peg.1404.site.7, 2, 180, 182
908612.3.peg.1404.site.8, 4, 177, 181
908612.3.peg.1404.site.9, 0, 176, 176
908612.3.peg.1404.site.10, 4, 179, 183
908612.3.peg.1404.site.11, 0, 176, 176
908612.3.peg.1404.site.12, 19, 176, 195
908612.3.peg.1404.site.13, 26, 175, 201
908612.3.peg.1407.site.1, 2, 174, 176
908612.3.peg.1407.site.2, 8, 161, 169
908612.3.peg.1407.site.3, 11, 179, 190
908612.3.peg.1407.site.4, 95, 177, 272
908612.3.peg.1407.site.5, 2, 175, 177
908612.3.peg.1407.site.6, 25, 174, 199
908612.3.peg.1407.site.7, 83, 169, 252
908612.3.peg.1407.site.8, 1, 176, 177
908612.3.peg.1407.site.9, 6, 178, 184
908612.3.peg.1407.site.10, 0, 177, 177
908612.3.peg.1407.site.11, 25, 176, 201
908612.3.peg.1407.site.12, 91, 169, 260
908612.3.peg.1407.site.13, 3, 177, 180
908612.3.peg.1407.site.14, 2, 177, 179
908612.3.peg.1407.site.15, 4, 177, 181
908612.3.peg.1406.site.1, 3, 179, 182
908612.3.peg.1406.site.2, 13, 180, 193
908612.3.peg.1406.site.3, 26, 178, 204
908612.3.peg.1406.site.4, 9, 175, 184
908612.3.peg.1406.site.5, 8, 177, 185
908612.3.peg.1406.site.6, 0, 163, 163
908612.3.peg.1406.site.7, 1, 145, 146
908612.3.peg.1406.site.8, 10, 159, 169
908612.3.peg.1406.site.9, 25, 149, 174
908612.3.peg.1406.site.10, 1, 151, 152
908612.3.peg.1406.site.11, 9, 174, 183
908612.3.peg.1406.site.12, 11, 178, 189
908612.3.peg.1406.site.13, 29, 179, 208
908612.3.peg.1406.site.14, 0, 178, 178
908612.3.peg.1406.site.15, 17, 176, 193
908612.3.peg.1406.site.16, 30, 174, 204
908612.3.peg.1406.site.17, 0, 171, 171
908612.3.peg.1406.site.18, 0, 173, 173
908612.3.peg.1406.site.19, 1, 178, 179
908612.3.peg.1406.site.20, 14, 179, 193
908612.3.peg.1406.site.21, 0, 175, 175
908612.3.peg.1406.site.22, 20, 171, 191
908612.3.peg.1406.site.23, 13, 175, 188
908612.3.peg.1406.site.24, 8, 164, 172
908612.3.peg.1406.site.25, 33, 149, 182
908612.3.peg.1406.site.26, 26, 152, 178
908612.3.peg.1406.site.27, 25, 147, 172
908612.3.peg.1406.site.28, 41, 146, 187
908612.3.peg.1406.site.29, 6, 153, 159
908612.3.peg.1406.site.30, 16, 160, 176
908612.3.peg.1406.site.31, 1, 170, 171
908612.3.peg.1406.site.32, 21, 171, 192
908612.3.peg.1406.site.33, 25, 179, 204
908612.3.peg.1406.site.34, 0, 179, 179
908612.3.peg.1406.site.35, 0, 178, 178
908612.3.peg.1406.site.36, 0, 178, 178
908612.3.peg.1406.site.37, 1, 178, 179
908612.3.peg.1406.site.38, 0, 180, 180
908612.3.peg.1406.site.39, 3, 180, 183
908612.3.peg.1401.site.1, 73, 176, 249
908612.3.peg.1401.site.2, 7, 180, 187
908612.3.peg.1401.site.3, 73, 177, 250
908612.3.peg.1401.site.4, 0, 180, 180
908612.3.peg.1401.site.5, 102, 174, 276
908612.3.peg.1401.site.6, 93, 168, 261
908612.3.peg.1401.site.7, 112, 176, 288
908612.3.peg.1401.site.8, 3, 175, 178
908612.3.peg.1401.site.9, 0, 162, 162
908612.3.peg.1401.site.10, 117, 157, 274
908612.3.peg.1401.site.11, 0, 130, 130
908612.3.peg.1401.site.12, 43, 108, 151
908612.3.peg.1401.site.13, 0, 148, 148
908612.3.peg.1401.site.14, 118, 159, 277
908612.3.peg.1401.site.15, 50, 160, 210
908612.3.peg.1401.site.16, 74, 166, 240
908612.3.peg.1401.site.17, 5, 178, 183
908612.3.peg.1401.site.18, 136, 178, 314
908612.3.peg.1401.site.19, 0, 179, 179
908612.3.peg.1401.site.20, 0, 179, 179
908612.3.peg.1401.site.21, 0, 179, 179
908612.3.peg.1401.site.22, 0, 180, 180
908612.3.peg.1401.site.23, 169, 180, 349
908612.3.peg.1401.site.24, 0, 178, 178
908612.3.peg.1401.site.25, 0, 179, 179
908612.3.peg.1401.site.26, 0, 179, 179
908612.3.peg.1401.site.27, 114, 176, 290
908612.3.peg.1401.site.28, 170, 180, 350
908612.3.peg.1401.site.29, 37, 179, 216
908612.3.peg.1401.site.30, 3, 180, 183
908612.3.peg.92.site.1, 142, 176, 318
908612.3.peg.92.site.2, 7, 180, 187
908612.3.peg.92.site.3, 27, 177, 204
908612.3.peg.92.site.4, 28, 171, 199
908612.3.peg.92.site.5, 11, 171, 182
908612.3.peg.92.site.6, 11, 170, 181
908612.3.peg.92.site.7, 4, 170, 174
908612.3.peg.92.site.8, 134, 166, 300
908612.3.peg.92.site.9, 11, 168, 179
908612.3.peg.92.site.10, 106, 171, 277
908612.3.peg.92.site.11, 3, 178, 181
908612.3.peg.92.site.12, 32, 176, 208
908612.3.peg.92.site.13, 4, 168, 172
908612.3.peg.92.site.14, 0, 178, 178
908612.3.peg.92.site.15, 6, 179, 185
908612.3.peg.1403.site.1, 113, 176, 289
908612.3.peg.1403.site.2, 0, 178, 178
908612.3.peg.1403.site.3, 19, 171, 190
908612.3.peg.1403.site.4, 37, 179, 216
908612.3.peg.1403.site.5, 6, 180, 186
908612.3.peg.1403.site.6, 2, 180, 182
908612.3.peg.1403.site.7, 2, 180, 182
908612.3.peg.1403.site.8, 2, 180, 182
908612.3.peg.90.site.1, 0, 178, 178
908612.3.peg.90.site.2, 1, 162, 163
908612.3.peg.90.site.3, 10, 165, 175
908612.3.peg.90.site.4, 32, 166, 198
908612.3.peg.90.site.5, 14, 168, 182
908612.3.peg.90.site.6, 2, 159, 161
908612.3.peg.90.site.7, 2, 162, 164
908612.3.peg.90.site.8, 2, 164, 166
908612.3.peg.90.site.9, 142, 172, 314
908612.3.peg.90.site.10, 25, 173, 198
908612.3.peg.90.site.11, 25, 175, 200
908612.3.peg.90.site.12, 39, 177, 216
908612.3.peg.90.site.13, 8, 180, 188
908612.3.peg.90.site.14, 1, 180, 181
908612.3.peg.90.site.15, 6, 180, 186
908612.3.peg.90.site.16, 137, 175, 312
908612.3.peg.90.site.17, 122, 167, 289
908612.3.peg.90.site.18, 16, 168, 184
908612.3.peg.90.site.19, 117, 162, 279
908612.3.peg.90.site.20, 113, 158, 271
908612.3.peg.90.site.21, 2, 170, 172
908612.3.peg.90.site.22, 14, 169, 183
908612.3.peg.90.site.23, 4, 171, 175
908612.3.peg.90.site.24, 0, 145, 145
908612.3.peg.90.site.25, 5, 155, 160
908612.3.peg.90.site.26, 0, 123, 123
908612.3.peg.1068.site.1, 21, 90, 111
908612.3.peg.1068.site.2, 2, 72, 74
908612.3.peg.1068.site.3, 33, 99, 132
908612.3.peg.1068.site.4, 48, 116, 164
908612.3.peg.1068.site.5, 42, 111, 153
908612.3.peg.1068.site.6, 116, 155, 271
908612.3.peg.1068.site.7, 2, 170, 172
908612.3.peg.1068.site.8, 2, 171, 173
908612.3.peg.1068.site.9, 11, 161, 172
908612.3.peg.1068.site.10, 12, 157, 169
908612.3.peg.1068.site.11, 109, 166, 275
908612.3.peg.1068.site.12, 104, 169, 273
908612.3.peg.1068.site.13, 14, 172, 186
908612.3.peg.1068.site.14, 20, 179, 199
908612.3.peg.1068.site.15, 141, 179, 320
908612.3.peg.1068.site.16, 0, 180, 180
908612.3.peg.1068.site.17, 12, 180, 192
908612.3.peg.1068.site.18, 6, 180, 186
908612.3.peg.1068.site.19, 133, 179, 312
908612.3.peg.1068.site.20, 0, 180, 180
908612.3.peg.1068.site.21, 2, 180, 182
908612.3.peg.1068.site.22, 0, 180, 180
908612.3.peg.1068.site.23, 0, 179, 179
908612.3.peg.1068.site.24, 2, 169, 171
908612.3.peg.1068.site.25, 0, 170, 170
908612.3.peg.1068.site.26, 143, 174, 317
908612.3.peg.1068.site.27, 180, 180, 360
908612.3.peg.1068.site.28, 33, 178, 211
908612.3.peg.1068.site.29, 180, 180, 360
908612.3.peg.1068.site.30, 2, 180, 182
908612.3.peg.1068.site.31, 141, 179, 320
908612.3.peg.1068.site.32, 116, 179, 295
908612.3.peg.1068.site.33, 3, 180, 183
908612.3.peg.1068.site.34, 16, 179, 195
908612.3.peg.1068.site.35, 0, 173, 173
908612.3.peg.1068.site.36, 103, 165, 268
908612.3.peg.1068.site.37, 2, 161, 163
908612.3.peg.1068.site.38, 123, 160, 283
908612.3.peg.1068.site.39, 11, 168, 179
908612.3.peg.1068.site.40, 104, 168, 272
908612.3.peg.1068.site.41, 112, 175, 287
908612.3.peg.1068.site.42, 4, 180, 184
908612.3.peg.1068.site.43, 6, 180, 186
908612.3.peg.1068.site.44, 0, 180, 180
908612.3.peg.1068.site.45, 137, 178, 315
908612.3.peg.1068.site.46, 3, 178, 181
908612.3.peg.1068.site.47, 2, 179, 181
908612.3.peg.1068.site.48, 22, 179, 201
908612.3.peg.1068.site.49, 4, 176, 180
908612.3.peg.1068.site.50, 40, 175, 215
908612.3.peg.1068.site.51, 40, 176, 216
908612.3.peg.1060.site.1, 5, 144, 149
908612.3.peg.1060.site.2, 49, 118, 167
908612.3.peg.1060.site.3, 17, 102, 119
908612.3.peg.1060.site.4, 5, 113, 118
908612.3.peg.1060.site.5, 1, 103, 104
908612.3.peg.1060.site.6, 11, 107, 118
908612.3.peg.1060.site.7, 79, 121, 200
908612.3.peg.1060.site.8, 3, 120, 123
908612.3.peg.1060.site.9, 1, 126, 127
908612.3.peg.1060.site.10, 5, 124, 129
908612.3.peg.1060.site.11, 24, 119, 143
908612.3.peg.1060.site.12, 6, 148, 154
908612.3.peg.1060.site.13, 66, 158, 224
908612.3.peg.1060.site.14, 1, 177, 178
908612.3.peg.1060.site.15, 0, 175, 175
908612.3.peg.1060.site.16, 6, 179, 185
908612.3.peg.1060.site.17, 3, 180, 183
908612.3.peg.1060.site.18, 2, 180, 182
908612.3.peg.1060.site.19, 2, 178, 180
908612.3.peg.1060.site.20, 1, 180, 181
908612.3.peg.1060.site.21, 0, 174, 174
908612.3.peg.1060.site.22, 2, 164, 166
908612.3.peg.1060.site.23, 89, 177, 266
908612.3.peg.1067.site.1, 0, 176, 176
908612.3.peg.1067.site.2, 91, 176, 267
908612.3.peg.1067.site.3, 15, 178, 193
908612.3.peg.1067.site.4, 43, 177, 220
908612.3.peg.1067.site.5, 95, 176, 271
908612.3.peg.1067.site.6, 22, 178, 200
908612.3.peg.1067.site.7, 91, 175, 266
908612.3.peg.1067.site.8, 11, 178, 189
908612.3.peg.1067.site.9, 1, 180, 181
908612.3.peg.1067.site.10, 118, 175, 293
908612.3.peg.1067.site.11, 0, 179, 179
908612.3.peg.1067.site.12, 140, 177, 317
908612.3.peg.1067.site.13, 12, 177, 189
908612.3.peg.1067.site.14, 18, 180, 198
908612.3.peg.1067.site.15, 77, 175, 252
908612.3.peg.1067.site.16, 25, 177, 202
908612.3.peg.1067.site.17, 107, 178, 285
908612.3.peg.1067.site.18, 110, 178, 288
908612.3.peg.1066.site.1, 9, 177, 186
908612.3.peg.1066.site.2, 3, 178, 181
908612.3.peg.1066.site.3, 1, 177, 178
908612.3.peg.1066.site.4, 0, 177, 177
908612.3.peg.1066.site.5, 93, 173, 266
908612.3.peg.1066.site.6, 18, 171, 189
908612.3.peg.1066.site.7, 45, 170, 215
908612.3.peg.1066.site.8, 61, 175, 236
908612.3.peg.109.site.1, 23, 179, 202
908612.3.peg.109.site.2, 23, 179, 202
908612.3.peg.109.site.3, 1, 180, 181
908612.3.peg.109.site.4, 1, 179, 180
908612.3.peg.109.site.5, 0, 179, 179
908612.3.peg.109.site.6, 1, 180, 181
908612.3.peg.109.site.7, 25, 178, 203
908612.3.peg.109.site.8, 0, 180, 180
908612.3.peg.109.site.9, 3, 179, 182
908612.3.peg.109.site.10, 5, 179, 184
908612.3.peg.109.site.11, 15, 179, 194
908612.3.peg.109.site.12, 7, 179, 186
908612.3.peg.109.site.13, 1, 177, 178
908612.3.peg.109.site.14, 5, 178, 183
908612.3.peg.109.site.15, 15, 174, 189
908612.3.peg.109.site.16, 6, 174, 180
908612.3.peg.100.site.1, 90, 159, 249
908612.3.peg.100.site.2, 31, 159, 190
908612.3.peg.100.site.3, 22, 161, 183
908612.3.peg.100.site.4, 37, 158, 195
908612.3.peg.100.site.5, 1, 166, 167
908612.3.peg.100.site.6, 3, 168, 171
908612.3.peg.100.site.7, 3, 168, 171
908612.3.peg.100.site.8, 3, 166, 169
908612.3.peg.100.site.9, 10, 173, 183
908612.3.peg.100.site.10, 1, 170, 171
908612.3.peg.100.site.11, 3, 165, 168
908612.3.peg.100.site.12, 3, 168, 171
908612.3.peg.100.site.13, 94, 164, 258
908612.3.peg.100.site.14, 65, 162, 227
908612.3.peg.100.site.15, 26, 165, 191
908612.3.peg.100.site.16, 97, 138, 235
908612.3.peg.100.site.17, 0, 115, 115
908612.3.peg.100.site.18, 10, 129, 139
908612.3.peg.100.site.19, 0, 129, 129
908612.3.peg.100.site.20, 6, 128, 134
908612.3.peg.101.site.1, 0, 162, 162
908612.3.peg.101.site.2, 15, 164, 179
908612.3.peg.101.site.3, 19, 166, 185
908612.3.peg.101.site.4, 3, 172, 175
908612.3.peg.101.site.5, 0, 168, 168
908612.3.peg.101.site.6, 2, 167, 169
908612.3.peg.101.site.7, 0, 166, 166
908612.3.peg.101.site.8, 4, 99, 103
908612.3.peg.101.site.9, 3, 102, 105
908612.3.peg.101.site.10, 2, 112, 114
908612.3.peg.101.site.11, 16, 96, 112
908612.3.peg.101.site.12, 59, 89, 148
908612.3.peg.101.site.13, 5, 94, 99
908612.3.peg.101.site.14, 3, 75, 78
908612.3.peg.101.site.15, 13, 59, 72
908612.3.peg.101.site.16, 9, 42, 51
908612.3.peg.101.site.17, 13, 36, 49
908612.3.peg.101.site.18, 17, 53, 70
908612.3.peg.101.site.19, 32, 70, 102
908612.3.peg.101.site.20, 12, 167, 179
908612.3.peg.101.site.21, 3, 178, 181
908612.3.peg.101.site.22, 3, 175, 178
908612.3.peg.101.site.23, 3, 177, 180
908612.3.peg.101.site.24, 10, 177, 187
908612.3.peg.101.site.25, 14, 178, 192
908612.3.peg.101.site.26, 22, 177, 199
908612.3.peg.101.site.27, 3, 178, 181
908612.3.peg.101.site.28, 3, 178, 181
908612.3.peg.101.site.29, 1, 173, 174
908612.3.peg.101.site.30, 6, 176, 182
908612.3.peg.101.site.31, 2, 176, 178
908612.3.peg.101.site.32, 1, 175, 176
908612.3.peg.101.site.33, 1, 175, 176
908612.3.peg.101.site.34, 3, 178, 181
908612.3.peg.101.site.35, 0, 157, 157
908612.3.peg.101.site.36, 2, 154, 156
908612.3.peg.101.site.37, 1, 152, 153
908612.3.peg.101.site.38, 2, 156, 158
908612.3.peg.101.site.39, 3, 155, 158
908612.3.peg.101.site.40, 119, 154, 273
908612.3.peg.101.site.41, 1, 160, 161
908612.3.peg.101.site.42, 25, 165, 190
908612.3.peg.101.site.43, 0, 166, 166
908612.3.peg.101.site.44, 2, 168, 170
908612.3.peg.101.site.45, 2, 166, 168
908612.3.peg.101.site.46, 10, 163, 173
908612.3.peg.101.site.47, 3, 171, 174
908612.3.peg.101.site.48, 0, 173, 173
908612.3.peg.101.site.49, 2, 176, 178
908612.3.peg.101.site.50, 103, 170, 273
908612.3.peg.101.site.51, 23, 165, 188
908612.3.peg.101.site.52, 0, 179, 179
908612.3.peg.101.site.53, 34, 179, 213
908612.3.peg.101.site.54, 2, 178, 180
908612.3.peg.101.site.55, 25, 177, 202
908612.3.peg.101.site.56, 28, 177, 205
908612.3.peg.101.site.57, 80, 176, 256
908612.3.peg.101.site.58, 100, 177, 277
908612.3.peg.101.site.59, 0, 177, 177
908612.3.peg.101.site.60, 0, 177, 177
908612.3.peg.101.site.61, 0, 176, 176
908612.3.peg.101.site.62, 0, 177, 177
908612.3.peg.101.site.63, 0, 177, 177
908612.3.peg.101.site.64, 0, 177, 177
908612.3.peg.101.site.65, 1, 178, 179
908612.3.peg.101.site.66, 1, 177, 178
908612.3.peg.101.site.67, 0, 179, 179
908612.3.peg.101.site.68, 0, 179, 179
908612.3.peg.101.site.69, 0, 178, 178
908612.3.peg.101.site.70, 2, 179, 181
908612.3.peg.101.site.71, 5, 177, 182
908612.3.peg.101.site.72, 2, 179, 181
908612.3.peg.101.site.73, 1, 177, 178
908612.3.peg.101.site.74, 2, 179, 181
908612.3.peg.101.site.75, 2, 179, 181
908612.3.peg.101.site.76, 39, 177, 216
908612.3.peg.101.site.77, 50, 175, 225
908612.3.peg.101.site.78, 53, 178, 231
908612.3.peg.101.site.79, 95, 179, 274
908612.3.peg.102.site.1, 0, 180, 180
908612.3.peg.102.site.2, 3, 180, 183
908612.3.peg.102.site.3, 0, 179, 179
908612.3.peg.102.site.4, 2, 179, 181
908612.3.peg.102.site.5, 2, 178, 180
908612.3.peg.102.site.6, 1, 177, 178
908612.3.peg.102.site.7, 0, 178, 178
908612.3.peg.102.site.8, 111, 174, 285
908612.3.peg.102.site.9, 1, 177, 178
908612.3.peg.102.site.10, 2, 177, 179
908612.3.peg.102.site.11, 80, 176, 256
908612.3.peg.102.site.12, 1, 175, 176
908612.3.peg.103.site.1, 4, 180, 184
908612.3.peg.103.site.2, 12, 178, 190
908612.3.peg.103.site.3, 15, 179, 194
908612.3.peg.103.site.4, 45, 176, 221
908612.3.peg.103.site.5, 2, 178, 180
908612.3.peg.103.site.6, 0, 178, 178
908612.3.peg.103.site.7, 24, 177, 201
908612.3.peg.103.site.8, 20, 178, 198
908612.3.peg.103.site.9, 0, 180, 180
908612.3.peg.103.site.10, 3, 179, 182
908612.3.peg.103.site.11, 0, 180, 180
908612.3.peg.103.site.12, 0, 180, 180
908612.3.peg.104.site.1, 18, 178, 196
908612.3.peg.104.site.2, 54, 175, 229
908612.3.peg.104.site.3, 7, 178, 185
908612.3.peg.104.site.4, 0, 179, 179
908612.3.peg.104.site.5, 46, 179, 225
908612.3.peg.104.site.6, 2, 176, 178
908612.3.peg.104.site.7, 1, 180, 181
908612.3.peg.104.site.8, 7, 179, 186
908612.3.peg.105.site.1, 0, 179, 179
908612.3.peg.105.site.2, 0, 179, 179
908612.3.peg.105.site.3, 0, 176, 176
908612.3.peg.105.site.4, 4, 179, 183
908612.3.peg.105.site.5, 0, 180, 180
908612.3.peg.105.site.6, 63, 178, 241
908612.3.peg.105.site.7, 44, 118, 162
908612.3.peg.105.site.8, 6, 177, 183
908612.3.peg.105.site.9, 27, 179, 206
908612.3.peg.105.site.10, 14, 179, 193
908612.3.peg.105.site.11, 4, 180, 184
908612.3.peg.105.site.12, 0, 178, 178
908612.3.peg.106.site.1, 1, 179, 180
908612.3.peg.106.site.2, 8, 179, 187
908612.3.peg.106.site.3, 3, 180, 183
908612.3.peg.106.site.4, 0, 180, 180
908612.3.peg.106.site.5, 11, 175, 186
908612.3.peg.106.site.6, 0, 164, 164
908612.3.peg.106.site.7, 1, 162, 163
908612.3.peg.106.site.8, 27, 176, 203
908612.3.peg.106.site.9, 0, 178, 178
908612.3.peg.106.site.10, 26, 179, 205
908612.3.peg.106.site.11, 6, 176, 182
908612.3.peg.106.site.12, 84, 174, 258
908612.3.peg.106.site.13, 84, 173, 257
908612.3.peg.106.site.14, 12, 178, 190
908612.3.peg.106.site.15, 16, 171, 187
908612.3.peg.106.site.16, 123, 167, 290
908612.3.peg.106.site.17, 8, 174, 182
908612.3.peg.106.site.18, 0, 176, 176
908612.3.peg.106.site.19, 3, 178, 181
908612.3.peg.106.site.20, 1, 179, 180
908612.3.peg.106.site.21, 4, 179, 183
908612.3.peg.106.site.22, 16, 180, 196
908612.3.peg.107.site.1, 137, 176, 313
908612.3.peg.107.site.2, 1, 171, 172
908612.3.peg.107.site.3, 30, 180, 210
908612.3.peg.107.site.4, 0, 179, 179
908612.3.peg.107.site.5, 116, 179, 295
908612.3.peg.107.site.6, 3, 178, 181
908612.3.peg.107.site.7, 2, 180, 182
908612.3.peg.107.site.8, 0, 180, 180
908612.3.peg.107.site.9, 5, 180, 185
908612.3.peg.107.site.10, 34, 176, 210
908612.3.peg.107.site.11, 1, 178, 179
908612.3.peg.107.site.12, 2, 178, 180
908612.3.peg.107.site.13, 2, 179, 181
908612.3.peg.107.site.14, 34, 178, 212
908612.3.peg.107.site.15, 0, 163, 163
908612.3.peg.107.site.16, 2, 179, 181
908612.3.peg.1081.site.1, 0, 179, 179
908612.3.peg.1081.site.2, 1, 179, 180
908612.3.peg.1081.site.3, 49, 166, 215
908612.3.peg.1081.site.4, 0, 180, 180
908612.3.peg.1080.site.1, 61, 176, 237
908612.3.peg.1080.site.2, 21, 175, 196
908612.3.peg.1080.site.3, 17, 172, 189
908612.3.peg.1080.site.4, 5, 179, 184
908612.3.peg.1080.site.5, 0, 180, 180
908612.3.peg.1080.site.6, 1, 180, 181
908612.3.peg.1080.site.7, 3, 180, 183
908612.3.peg.1080.site.8, 40, 178, 218
908612.3.peg.1080.site.9, 1, 178, 179
908612.3.peg.1080.site.10, 1, 175, 176
908612.3.peg.1080.site.11, 22, 174, 196
908612.3.peg.1080.site.12, 6, 180, 186
908612.3.peg.1083.site.1, 19, 176, 195
908612.3.peg.1083.site.2, 52, 177, 229
908612.3.peg.1083.site.3, 34, 178, 212
908612.3.peg.1083.site.4, 0, 180, 180
908612.3.peg.1083.site.5, 3, 175, 178
908612.3.peg.1083.site.6, 0, 177, 177
908612.3.peg.1083.site.7, 20, 179, 199
908612.3.peg.1083.site.8, 0, 180, 180
908612.3.peg.1083.site.9, 17, 180, 197
908612.3.peg.1083.site.10, 1, 180, 181
908612.3.peg.1083.site.11, 1, 180, 181
908612.3.peg.1083.site.12, 4, 180, 184
908612.3.peg.1083.site.13, 5, 178, 183
908612.3.peg.1083.site.14, 116, 178, 294
908612.3.peg.1083.site.15, 0, 178, 178
908612.3.peg.1083.site.16, 4, 180, 184
908612.3.peg.1083.site.17, 1, 180, 181
908612.3.peg.1083.site.18, 129, 179, 308
908612.3.peg.1083.site.19, 1, 180, 181
908612.3.peg.1082.site.1, 1, 180, 181
908612.3.peg.1082.site.2, 0, 179, 179
908612.3.peg.1082.site.3, 0, 178, 178
908612.3.peg.1082.site.4, 1, 179, 180
908612.3.peg.1082.site.5, 32, 178, 210
908612.3.peg.1082.site.6, 0, 179, 179
908612.3.peg.1082.site.7, 2, 176, 178
908612.3.peg.1085.site.1, 114, 178, 292
908612.3.peg.1084.site.1, 3, 180, 183
908612.3.peg.1084.site.2, 137, 177, 314
908612.3.peg.1084.site.3, 2, 178, 180
908612.3.peg.1084.site.4, 0, 179, 179
908612.3.peg.1084.site.5, 0, 178, 178
908612.3.peg.1084.site.6, 7, 178, 185
908612.3.peg.1084.site.7, 2, 178, 180
908612.3.peg.1084.site.8, 2, 180, 182
908612.3.peg.1084.site.9, 0, 180, 180
908612.3.peg.1084.site.10, 93, 178, 271
908612.3.peg.1087.site.1, 1, 179, 180
908612.3.peg.1087.site.2, 1, 179, 180
908612.3.peg.1087.site.3, 61, 175, 236
908612.3.peg.1087.site.4, 1, 178, 179
908612.3.peg.1087.site.5, 4, 178, 182
908612.3.peg.1087.site.6, 1, 177, 178
908612.3.peg.1087.site.7, 0, 166, 166
908612.3.peg.1087.site.8, 2, 163, 165
908612.3.peg.1087.site.9, 9, 165, 174
908612.3.peg.1087.site.10, 22, 177, 199
908612.3.peg.1087.site.11, 0, 177, 177
908612.3.peg.1087.site.12, 1, 179, 180
908612.3.peg.1087.site.13, 0, 172, 172
908612.3.peg.1087.site.14, 3, 178, 181
908612.3.peg.1087.site.15, 1, 179, 180
908612.3.peg.1087.site.16, 6, 180, 186
908612.3.peg.1087.site.17, 73, 178, 251
908612.3.peg.1087.site.18, 36, 177, 213
908612.3.peg.1087.site.19, 10, 177, 187
908612.3.peg.1087.site.20, 1, 178, 179
908612.3.peg.1087.site.21, 3, 179, 182
908612.3.peg.1087.site.22, 78, 175, 253
908612.3.peg.1087.site.23, 5, 178, 183
908612.3.peg.1087.site.24, 3, 178, 181
908612.3.peg.1087.site.25, 7, 180, 187
908612.3.peg.1087.site.26, 95, 176, 271
908612.3.peg.1087.site.27, 1, 180, 181
908612.3.peg.1087.site.28, 17, 179, 196
908612.3.peg.1087.site.29, 14, 178, 192
908612.3.peg.1087.site.30, 1, 175, 176
908612.3.peg.1087.site.31, 8, 177, 185
908612.3.peg.1087.site.32, 26, 174, 200
908612.3.peg.1087.site.33, 2, 177, 179
908612.3.peg.1087.site.34, 2, 180, 182
908612.3.peg.1087.site.35, 3, 180, 183
908612.3.peg.1087.site.36, 18, 178, 196
908612.3.peg.1087.site.37, 58, 177, 235
908612.3.peg.1087.site.38, 1, 180, 181
908612.3.peg.1087.site.39, 12, 179, 191
908612.3.peg.1087.site.40, 10, 179, 189
908612.3.peg.1087.site.41, 52, 178, 230
908612.3.peg.1087.site.42, 0, 180, 180
908612.3.peg.1087.site.43, 10, 178, 188
908612.3.peg.1087.site.44, 10, 180, 190
908612.3.peg.1087.site.45, 1, 180, 181
908612.3.peg.1087.site.46, 2, 179, 181
908612.3.peg.1086.site.1, 137, 180, 317
908612.3.peg.1086.site.2, 0, 179, 179
908612.3.peg.1086.site.3, 9, 177, 186
908612.3.peg.1086.site.4, 0, 179, 179
908612.3.peg.1086.site.5, 2, 178, 180
908612.3.peg.1086.site.6, 2, 179, 181
908612.3.peg.1086.site.7, 0, 179, 179
908612.3.peg.1086.site.8, 1, 179, 180
908612.3.peg.1086.site.9, 1, 174, 175
908612.3.peg.1086.site.10, 104, 172, 276
908612.3.peg.1086.site.11, 95, 170, 265
908612.3.peg.1086.site.12, 0, 128, 128
908612.3.peg.1086.site.13, 8, 138, 146
908612.3.peg.1086.site.14, 3, 152, 155
908612.3.peg.1086.site.15, 16, 161, 177
908612.3.peg.1086.site.16, 7, 158, 165
908612.3.peg.1086.site.17, 2, 156, 158
908612.3.peg.1086.site.18, 0, 148, 148
908612.3.peg.1086.site.19, 31, 148, 179
908612.3.peg.1086.site.20, 19, 132, 151
908612.3.peg.1086.site.21, 20, 134, 154
908612.3.peg.1086.site.22, 3, 134, 137
908612.3.peg.1086.site.23, 109, 139, 248
908612.3.peg.1086.site.24, 0, 61, 61
908612.3.peg.1086.site.25, 3, 54, 57
908612.3.peg.1086.site.26, 3, 49, 52
908612.3.peg.1086.site.27, 2, 53, 55
908612.3.peg.1086.site.28, 47, 134, 181
908612.3.peg.1086.site.29, 9, 166, 175
908612.3.peg.1086.site.30, 0, 168, 168
908612.3.peg.1086.site.31, 4, 161, 165
908612.3.peg.1086.site.32, 144, 176, 320
908612.3.peg.1086.site.33, 122, 173, 295
908612.3.peg.1086.site.34, 8, 175, 183
908612.3.peg.1086.site.35, 0, 175, 175
908612.3.peg.1086.site.36, 3, 178, 181
908612.3.peg.1086.site.37, 1, 177, 178
908612.3.peg.1086.site.38, 2, 173, 175
908612.3.peg.1086.site.39, 2, 173, 175
908612.3.peg.1086.site.40, 8, 171, 179
908612.3.peg.1086.site.41, 0, 180, 180
908612.3.peg.1086.site.42, 4, 179, 183
908612.3.peg.1086.site.43, 0, 178, 178
908612.3.peg.1086.site.44, 17, 170, 187
908612.3.peg.1086.site.45, 2, 170, 172
908612.3.peg.1086.site.46, 1, 166, 167
908612.3.peg.1086.site.47, 5, 173, 178
908612.3.peg.1086.site.48, 5, 174, 179
908612.3.peg.1086.site.49, 2, 173, 175
908612.3.peg.1086.site.50, 1, 148, 149
908612.3.peg.1086.site.51, 53, 167, 220
908612.3.peg.1086.site.52, 0, 176, 176
908612.3.peg.1086.site.53, 26, 178, 204
908612.3.peg.1086.site.54, 24, 177, 201
908612.3.peg.1086.site.55, 0, 178, 178
908612.3.peg.1086.site.56, 25, 177, 202
908612.3.peg.1086.site.57, 0, 174, 174
908612.3.peg.1086.site.58, 28, 179, 207
908612.3.peg.1086.site.59, 81, 174, 255
908612.3.peg.1086.site.60, 7, 176, 183
908612.3.peg.1086.site.61, 1, 176, 177
908612.3.peg.1086.site.62, 21, 172, 193
908612.3.peg.1086.site.63, 0, 170, 170
908612.3.peg.1086.site.64, 8, 178, 186
908612.3.peg.1086.site.65, 75, 170, 245
908612.3.peg.1086.site.66, 8, 173, 181
908612.3.peg.1086.site.67, 12, 172, 184
908612.3.peg.1086.site.68, 19, 168, 187
908612.3.peg.1086.site.69, 2, 173, 175
908612.3.peg.1086.site.70, 10, 173, 183
908612.3.peg.1086.site.71, 145, 177, 322
908612.3.peg.1086.site.72, 17, 177, 194
908612.3.peg.1086.site.73, 77, 174, 251
908612.3.peg.1086.site.74, 6, 180, 186
908612.3.peg.1086.site.75, 4, 180, 184
908612.3.peg.1086.site.76, 13, 179, 192
908612.3.peg.1086.site.77, 0, 180, 180
908612.3.peg.1086.site.78, 0, 176, 176
908612.3.peg.1086.site.79, 4, 178, 182
908612.3.peg.1086.site.80, 68, 178, 246
908612.3.peg.1086.site.81, 29, 158, 187
908612.3.peg.1086.site.82, 2, 154, 156
908612.3.peg.1086.site.83, 1, 143, 144
908612.3.peg.1086.site.84, 69, 149, 218
908612.3.peg.1086.site.85, 2, 152, 154
908612.3.peg.1086.site.86, 28, 150, 178
908612.3.peg.1086.site.87, 29, 156, 185
908612.3.peg.1086.site.88, 0, 163, 163
908612.3.peg.1086.site.89, 74, 169, 243
908612.3.peg.1086.site.90, 2, 175, 177
908612.3.peg.1086.site.91, 13, 173, 186
908612.3.peg.1086.site.92, 0, 171, 171
908612.3.peg.1086.site.93, 18, 173, 191
908612.3.peg.1086.site.94, 2, 177, 179
908612.3.peg.1086.site.95, 82, 159, 241
908612.3.peg.1086.site.96, 53, 162, 215
908612.3.peg.1086.site.97, 1, 178, 179
908612.3.peg.1086.site.98, 4, 174, 178
908612.3.peg.1086.site.99, 5, 176, 181
908612.3.peg.1086.site.100, 63, 173, 236
908612.3.peg.1086.site.101, 0, 176, 176
908612.3.peg.1086.site.102, 63, 175, 238
908612.3.peg.1086.site.103, 22, 179, 201
908612.3.peg.1086.site.104, 0, 178, 178
908612.3.peg.1086.site.105, 1, 180, 181
908612.3.peg.1086.site.106, 1, 180, 181
908612.3.peg.1086.site.107, 78, 161, 239
908612.3.peg.1086.site.108, 0, 180, 180
908612.3.peg.1086.site.109, 43, 177, 220
908612.3.peg.1086.site.110, 0, 178, 178
908612.3.peg.1086.site.111, 0, 178, 178
908612.3.peg.1086.site.112, 1, 180, 181
908612.3.peg.1086.site.113, 75, 176, 251
908612.3.peg.1086.site.114, 9, 180, 189
908612.3.peg.1086.site.115, 18, 179, 197
908612.3.peg.1086.site.116, 0, 179, 179
908612.3.peg.1086.site.117, 0, 179, 179
908612.3.peg.1086.site.118, 8, 180, 188
908612.3.peg.1086.site.119, 1, 179, 180
908612.3.peg.1086.site.120, 1, 180, 181
908612.3.peg.1086.site.121, 1, 180, 181
908612.3.peg.1086.site.122, 0, 179, 179
908612.3.peg.1089.site.1, 36, 176, 212
908612.3.peg.1089.site.2, 60, 175, 235
908612.3.peg.1089.site.3, 0, 178, 178
908612.3.peg.1089.site.4, 27, 168, 195
908612.3.peg.1089.site.5, 1, 169, 170
908612.3.peg.1089.site.6, 102, 176, 278
908612.3.peg.1089.site.7, 100, 170, 270
908612.3.peg.1089.site.8, 0, 174, 174
908612.3.peg.1089.site.9, 107, 176, 283
908612.3.peg.1089.site.10, 105, 176, 281
908612.3.peg.1089.site.11, 1, 178, 179
908612.3.peg.1089.site.12, 103, 174, 277
908612.3.peg.1089.site.13, 62, 166, 228
908612.3.peg.1089.site.14, 3, 168, 171
908612.3.peg.1089.site.15, 72, 161, 233
908612.3.peg.1089.site.16, 70, 164, 234
908612.3.peg.1089.site.17, 1, 170, 171
908612.3.peg.1089.site.18, 10, 180, 190
908612.3.peg.1089.site.19, 69, 170, 239
908612.3.peg.1089.site.20, 27, 177, 204
908612.3.peg.1089.site.21, 0, 178, 178
908612.3.peg.1089.site.22, 93, 160, 253
908612.3.peg.1089.site.23, 89, 157, 246
908612.3.peg.1089.site.24, 1, 169, 170
908612.3.peg.1089.site.25, 0, 172, 172
908612.3.peg.1089.site.26, 1, 172, 173
908612.3.peg.1089.site.27, 2, 178, 180
908612.3.peg.1088.site.1, 1, 171, 172
908612.3.peg.1088.site.2, 0, 173, 173
908612.3.peg.1088.site.3, 108, 168, 276
908612.3.peg.1088.site.4, 79, 161, 240
908612.3.peg.1088.site.5, 3, 165, 168
908612.3.peg.1088.site.6, 74, 163, 237
908612.3.peg.1088.site.7, 0, 172, 172
908612.3.peg.1088.site.8, 1, 176, 177
908612.3.peg.1088.site.9, 0, 175, 175
908612.3.peg.1088.site.10, 2, 176, 178
908612.3.peg.1088.site.11, 90, 175, 265
908612.3.peg.1088.site.12, 21, 178, 199
908612.3.peg.1088.site.13, 3, 179, 182
908612.3.peg.1088.site.14, 3, 178, 181
908612.3.peg.1088.site.15, 21, 178, 199
908612.3.peg.1088.site.16, 2, 180, 182
908612.3.peg.1311.site.1, 12, 177, 189
908612.3.peg.1311.site.2, 98, 170, 268
908612.3.peg.1311.site.3, 8, 178, 186
908612.3.peg.1311.site.4, 6, 178, 184
908612.3.peg.1310.site.1, 2, 177, 179
908612.3.peg.1310.site.2, 30, 174, 204
908612.3.peg.1310.site.3, 119, 177, 296
908612.3.peg.1310.site.4, 21, 177, 198
908612.3.peg.1310.site.5, 110, 175, 285
908612.3.peg.1310.site.6, 116, 171, 287
908612.3.peg.1310.site.7, 108, 171, 279
908612.3.peg.1310.site.8, 20, 165, 185
908612.3.peg.1310.site.9, 148, 155, 303
908612.3.peg.1310.site.10, 136, 159, 295
908612.3.peg.1310.site.11, 0, 156, 156
908612.3.peg.1310.site.12, 152, 171, 323
908612.3.peg.1310.site.13, 141, 174, 315
908612.3.peg.1310.site.14, 132, 174, 306
908612.3.peg.1310.site.15, 134, 175, 309
908612.3.peg.1310.site.16, 1, 179, 180
908612.3.peg.1310.site.17, 0, 179, 179
908612.3.peg.1310.site.18, 144, 174, 318
908612.3.peg.1310.site.19, 8, 177, 185
908612.3.peg.1310.site.20, 4, 176, 180
908612.3.peg.1310.site.21, 151, 172, 323
908612.3.peg.1310.site.22, 161, 175, 336
908612.3.peg.1310.site.23, 1, 176, 177
908612.3.peg.1310.site.24, 96, 169, 265
908612.3.peg.1310.site.25, 101, 170, 271
908612.3.peg.1310.site.26, 38, 169, 207
908612.3.peg.1310.site.27, 0, 130, 130
908612.3.peg.1310.site.28, 93, 110, 203
908612.3.peg.1310.site.29, 126, 127, 253
908612.3.peg.1310.site.30, 2, 168, 170
908612.3.peg.1313.site.1, 117, 173, 290
908612.3.peg.1313.site.2, 5, 179, 184
908612.3.peg.1313.site.3, 0, 177, 177
908612.3.peg.1313.site.4, 99, 175, 274
908612.3.peg.1313.site.5, 136, 174, 310
908612.3.peg.1313.site.6, 1, 177, 178
908612.3.peg.1313.site.7, 125, 175, 300
908612.3.peg.1313.site.8, 65, 175, 240
908612.3.peg.1313.site.9, 0, 179, 179
908612.3.peg.1313.site.10, 0, 179, 179
908612.3.peg.1313.site.11, 3, 178, 181
908612.3.peg.1313.site.12, 0, 178, 178
908612.3.peg.1313.site.13, 0, 178, 178
908612.3.peg.1313.site.14, 31, 172, 203
908612.3.peg.1313.site.15, 173, 178, 351
908612.3.peg.1313.site.16, 125, 173, 298
908612.3.peg.1313.site.17, 1, 151, 152
908612.3.peg.1313.site.18, 1, 26, 27
908612.3.peg.1313.site.19, 0, 33, 33
908612.3.peg.1313.site.20, 14, 56, 70
908612.3.peg.1313.site.21, 0, 50, 50
908612.3.peg.1313.site.22, 1, 48, 49
908612.3.peg.1313.site.23, 1, 31, 32
908612.3.peg.1313.site.24, 0, 22, 22
908612.3.peg.1313.site.25, 8, 65, 73
908612.3.peg.1313.site.26, 3, 176, 179
908612.3.peg.1313.site.27, 14, 178, 192
908612.3.peg.1313.site.28, 125, 173, 298
908612.3.peg.1313.site.29, 11, 174, 185
908612.3.peg.1313.site.30, 102, 177, 279
908612.3.peg.1313.site.31, 155, 175, 330
908612.3.peg.1313.site.32, 24, 175, 199
908612.3.peg.1313.site.33, 112, 173, 285
908612.3.peg.1313.site.34, 1, 158, 159
908612.3.peg.1313.site.35, 3, 156, 159
908612.3.peg.1313.site.36, 60, 170, 230
908612.3.peg.1313.site.37, 89, 175, 264
908612.3.peg.1313.site.38, 0, 179, 179
908612.3.peg.1312.site.1, 54, 175, 229
908612.3.peg.1312.site.2, 0, 179, 179
908612.3.peg.1312.site.3, 1, 177, 178
908612.3.peg.1312.site.4, 0, 150, 150
908612.3.peg.1312.site.5, 107, 109, 216
908612.3.peg.1312.site.6, 4, 167, 171
908612.3.peg.1312.site.7, 168, 170, 338
908612.3.peg.1312.site.8, 5, 178, 183
908612.3.peg.1315.site.1, 0, 178, 178
908612.3.peg.1315.site.2, 2, 178, 180
908612.3.peg.1315.site.3, 1, 178, 179
908612.3.peg.1315.site.4, 0, 173, 173
908612.3.peg.1314.site.1, 0, 177, 177
908612.3.peg.1314.site.2, 0, 178, 178
908612.3.peg.1314.site.3, 32, 176, 208
908612.3.peg.1314.site.4, 2, 140, 142
908612.3.peg.1314.site.5, 11, 145, 156
908612.3.peg.1314.site.6, 114, 171, 285
908612.3.peg.1314.site.7, 116, 174, 290
908612.3.peg.1314.site.8, 80, 172, 252
908612.3.peg.1314.site.9, 63, 167, 230
908612.3.peg.1314.site.10, 3, 155, 158
908612.3.peg.1314.site.11, 162, 164, 326
908612.3.peg.1314.site.12, 2, 155, 157
908612.3.peg.1314.site.13, 0, 166, 166
908612.3.peg.1314.site.14, 11, 159, 170
908612.3.peg.1314.site.15, 1, 163, 164
908612.3.peg.1314.site.16, 1, 178, 179
908612.3.peg.1314.site.17, 78, 173, 251
908612.3.peg.1314.site.18, 20, 177, 197
908612.3.peg.1314.site.19, 19, 178, 197
908612.3.peg.1314.site.20, 0, 178, 178
908612.3.peg.1314.site.21, 2, 178, 180
908612.3.peg.1317.site.1, 1, 179, 180
908612.3.peg.1317.site.2, 99, 177, 276
908612.3.peg.1317.site.3, 64, 176, 240
908612.3.peg.1317.site.4, 155, 179, 334
908612.3.peg.1317.site.5, 1, 180, 181
908612.3.peg.1317.site.6, 79, 176, 255
908612.3.peg.1317.site.7, 1, 180, 181
908612.3.peg.1317.site.8, 3, 178, 181
908612.3.peg.1317.site.9, 51, 176, 227
908612.3.peg.1317.site.10, 116, 179, 295
908612.3.peg.1317.site.11, 9, 178, 187
908612.3.peg.1317.site.12, 1, 180, 181
908612.3.peg.1317.site.13, 85, 176, 261
908612.3.peg.1317.site.14, 66, 175, 241
908612.3.peg.1317.site.15, 0, 177, 177
908612.3.peg.1317.site.16, 12, 180, 192
908612.3.peg.1317.site.17, 6, 180, 186
908612.3.peg.1317.site.18, 1, 180, 181
908612.3.peg.1317.site.19, 44, 173, 217
908612.3.peg.1317.site.20, 3, 176, 179
908612.3.peg.1317.site.21, 3, 168, 171
908612.3.peg.1317.site.22, 1, 176, 177
908612.3.peg.1317.site.23, 26, 178, 204
908612.3.peg.1317.site.24, 4, 177, 181
908612.3.peg.1317.site.25, 6, 177, 183
908612.3.peg.1317.site.26, 26, 178, 204
908612.3.peg.1317.site.27, 155, 178, 333
908612.3.peg.1317.site.28, 22, 179, 201
908612.3.peg.1317.site.29, 44, 179, 223
908612.3.peg.1317.site.30, 3, 180, 183
908612.3.peg.1317.site.31, 2, 180, 182
908612.3.peg.1317.site.32, 57, 177, 234
908612.3.peg.1317.site.33, 57, 175, 232
908612.3.peg.1317.site.34, 31, 178, 209
908612.3.peg.1317.site.35, 2, 178, 180
908612.3.peg.1317.site.36, 1, 178, 179
908612.3.peg.1317.site.37, 0, 177, 177
908612.3.peg.1317.site.38, 112, 169, 281
908612.3.peg.1317.site.39, 2, 177, 179
908612.3.peg.1317.site.40, 0, 179, 179
908612.3.peg.1317.site.41, 24, 176, 200
908612.3.peg.1317.site.42, 22, 175, 197
908612.3.peg.1317.site.43, 61, 178, 239
908612.3.peg.1317.site.44, 0, 176, 176
908612.3.peg.1317.site.45, 1, 176, 177
908612.3.peg.1317.site.46, 154, 177, 331
908612.3.peg.1317.site.47, 87, 175, 262
908612.3.peg.1317.site.48, 4, 174, 178
908612.3.peg.1317.site.49, 3, 173, 176
908612.3.peg.1317.site.50, 76, 162, 238
908612.3.peg.1317.site.51, 88, 176, 264
908612.3.peg.1317.site.52, 63, 176, 239
908612.3.peg.1317.site.53, 62, 177, 239
908612.3.peg.1317.site.54, 0, 178, 178
908612.3.peg.1317.site.55, 1, 179, 180
908612.3.peg.1317.site.56, 1, 179, 180
908612.3.peg.1317.site.57, 1, 180, 181
908612.3.peg.1317.site.58, 1, 178, 179
908612.3.peg.1317.site.59, 68, 174, 242
908612.3.peg.1317.site.60, 58, 176, 234
908612.3.peg.1317.site.61, 21, 174, 195
908612.3.peg.1317.site.62, 17, 175, 192
908612.3.peg.1317.site.63, 2, 176, 178
908612.3.peg.1317.site.64, 1, 180, 181
908612.3.peg.1317.site.65, 3, 178, 181
908612.3.peg.1317.site.66, 73, 174, 247
908612.3.peg.1317.site.67, 0, 153, 153
908612.3.peg.1317.site.68, 50, 148, 198
908612.3.peg.1317.site.69, 52, 149, 201
908612.3.peg.1317.site.70, 57, 153, 210
908612.3.peg.1317.site.71, 18, 158, 176
908612.3.peg.1317.site.72, 1, 165, 166
908612.3.peg.1317.site.73, 8, 173, 181
908612.3.peg.1317.site.74, 3, 175, 178
908612.3.peg.1317.site.75, 0, 164, 164
908612.3.peg.1317.site.76, 88, 177, 265
908612.3.peg.1317.site.77, 107, 176, 283
908612.3.peg.1317.site.78, 31, 177, 208
908612.3.peg.1317.site.79, 29, 174, 203
908612.3.peg.1317.site.80, 34, 177, 211
908612.3.peg.1317.site.81, 2, 179, 181
908612.3.peg.2568.site.1, 0, 178, 178
908612.3.peg.2568.site.2, 4, 180, 184
908612.3.peg.2568.site.3, 15, 171, 186
908612.3.peg.2568.site.4, 2, 179, 181
908612.3.peg.2568.site.5, 129, 177, 306
908612.3.peg.2568.site.6, 2, 180, 182
908612.3.peg.2568.site.7, 0, 179, 179
908612.3.peg.2568.site.8, 4, 180, 184
908612.3.peg.2568.site.9, 144, 176, 320
908612.3.peg.1319.site.1, 1, 180, 181
908612.3.peg.1318.site.1, 1, 173, 174
908612.3.peg.1318.site.2, 1, 148, 149
908612.3.peg.1318.site.3, 0, 145, 145
908612.3.peg.1318.site.4, 11, 146, 157
908612.3.peg.1318.site.5, 3, 142, 145
908612.3.peg.1318.site.6, 0, 147, 147
908612.3.peg.1318.site.7, 4, 136, 140
908612.3.peg.1318.site.8, 24, 160, 184
908612.3.peg.1318.site.9, 26, 166, 192
908612.3.peg.1318.site.10, 5, 170, 175
908612.3.peg.1318.site.11, 45, 160, 205
908612.3.peg.1318.site.12, 97, 159, 256
908612.3.peg.1318.site.13, 8, 166, 174
908612.3.peg.1318.site.14, 3, 162, 165
908612.3.peg.1318.site.15, 20, 157, 177
908612.3.peg.1318.site.16, 21, 161, 182
908612.3.peg.1318.site.17, 24, 164, 188
908612.3.peg.1318.site.18, 3, 173, 176
908612.3.peg.2565.site.1, 8, 145, 153
908612.3.peg.2565.site.2, 102, 158, 260
908612.3.peg.2565.site.3, 22, 166, 188
908612.3.peg.2565.site.4, 108, 167, 275
908612.3.peg.2565.site.5, 103, 155, 258
908612.3.peg.2565.site.6, 3, 141, 144
908612.3.peg.2565.site.7, 1, 168, 169
908612.3.peg.2565.site.8, 2, 170, 172
908612.3.peg.2565.site.9, 24, 168, 192
908612.3.peg.2565.site.10, 143, 169, 312
908612.3.peg.2565.site.11, 2, 164, 166
908612.3.peg.2565.site.12, 104, 152, 256
908612.3.peg.2565.site.13, 0, 150, 150
908612.3.peg.2565.site.14, 1, 159, 160
908612.3.peg.2565.site.15, 21, 159, 180
908612.3.peg.2565.site.16, 96, 163, 259
908612.3.peg.2565.site.17, 2, 166, 168
908612.3.peg.2565.site.18, 88, 150, 238
908612.3.peg.2565.site.19, 107, 177, 284
908612.3.peg.2565.site.20, 2, 177, 179
908612.3.peg.2564.site.1, 86, 153, 239
908612.3.peg.2564.site.2, 15, 157, 172
908612.3.peg.2564.site.3, 2, 140, 142
908612.3.peg.2564.site.4, 15, 139, 154
908612.3.peg.2564.site.5, 78, 126, 204
908612.3.peg.2564.site.6, 61, 122, 183
908612.3.peg.2564.site.7, 7, 56, 63
908612.3.peg.2564.site.8, 2, 76, 78
908612.3.peg.2564.site.9, 4, 110, 114
908612.3.peg.2564.site.10, 87, 136, 223
908612.3.peg.2564.site.11, 1, 171, 172
908612.3.peg.2563.site.1, 87, 175, 262
908612.3.peg.2562.site.1, 1, 179, 180
908612.3.peg.2562.site.2, 2, 180, 182
908612.3.peg.2562.site.3, 60, 175, 235
908612.3.peg.2562.site.4, 59, 173, 232
908612.3.peg.2562.site.5, 10, 177, 187
908612.3.peg.2562.site.6, 79, 176, 255
908612.3.peg.2562.site.7, 45, 175, 220
908612.3.peg.2562.site.8, 22, 178, 200
908612.3.peg.2562.site.9, 3, 179, 182
908612.3.peg.2562.site.10, 23, 178, 201
908612.3.peg.2562.site.11, 0, 178, 178
908612.3.peg.2561.site.1, 101, 160, 261
908612.3.peg.2561.site.2, 64, 174, 238
908612.3.peg.2561.site.3, 38, 175, 213
908612.3.peg.2561.site.4, 2, 177, 179
908612.3.peg.2561.site.5, 0, 171, 171
908612.3.peg.2561.site.6, 0, 174, 174
908612.3.peg.2561.site.7, 1, 171, 172
908612.3.peg.2561.site.8, 0, 159, 159
908612.3.peg.2561.site.9, 0, 151, 151
908612.3.peg.2561.site.10, 5, 123, 128
908612.3.peg.2561.site.11, 42, 141, 183
908612.3.peg.2561.site.12, 47, 140, 187
908612.3.peg.2561.site.13, 104, 136, 240
908612.3.peg.2561.site.14, 12, 151, 163
908612.3.peg.2561.site.15, 5, 148, 153
908612.3.peg.2561.site.16, 37, 154, 191
908612.3.peg.2561.site.17, 137, 173, 310
908612.3.peg.2561.site.18, 3, 179, 182
908612.3.peg.2561.site.19, 0, 179, 179
908612.3.peg.2561.site.20, 50, 177, 227
908612.3.peg.2561.site.21, 0, 179, 179
908612.3.peg.2561.site.22, 68, 172, 240
908612.3.peg.2561.site.23, 0, 177, 177
908612.3.peg.2561.site.24, 94, 162, 256
908612.3.peg.2561.site.25, 20, 135, 155
908612.3.peg.2560.site.1, 40, 165, 205
908612.3.peg.2560.site.2, 0, 173, 173
908612.3.peg.2560.site.3, 14, 173, 187
908612.3.peg.2560.site.4, 0, 177, 177
908612.3.peg.2560.site.5, 4, 178, 182
908612.3.peg.2560.site.6, 3, 179, 182
908612.3.peg.2560.site.7, 77, 177, 254
908612.3.peg.2560.site.8, 2, 179, 181
908612.3.peg.2560.site.9, 101, 176, 277
908612.3.peg.2560.site.10, 2, 178, 180
908612.3.peg.2560.site.11, 1, 178, 179
908612.3.peg.2560.site.12, 12, 178, 190
908612.3.peg.2419.site.1, 0, 180, 180
908612.3.peg.2419.site.2, 27, 175, 202
908612.3.peg.2419.site.3, 16, 174, 190
908612.3.peg.2419.site.4, 143, 172, 315
908612.3.peg.2419.site.5, 19, 172, 191
908612.3.peg.2419.site.6, 24, 177, 201
908612.3.peg.2419.site.7, 2, 179, 181
908612.3.peg.2419.site.8, 145, 178, 323
908612.3.peg.2419.site.9, 34, 179, 213
908612.3.peg.2419.site.10, 148, 178, 326
908612.3.peg.2418.site.1, 28, 178, 206
908612.3.peg.2418.site.2, 3, 180, 183
908612.3.peg.2418.site.3, 26, 177, 203
908612.3.peg.2418.site.4, 85, 177, 262
908612.3.peg.2418.site.5, 86, 176, 262
908612.3.peg.2418.site.6, 0, 176, 176
908612.3.peg.2418.site.7, 1, 177, 178
908612.3.peg.2418.site.8, 59, 173, 232
908612.3.peg.2418.site.9, 44, 165, 209
908612.3.peg.2418.site.10, 42, 156, 198
908612.3.peg.2418.site.11, 2, 175, 177
908612.3.peg.2418.site.12, 24, 180, 204
908612.3.peg.2418.site.13, 1, 177, 178
908612.3.peg.2418.site.14, 17, 178, 195
908612.3.peg.2418.site.15, 17, 174, 191
908612.3.peg.2418.site.16, 2, 176, 178
908612.3.peg.2418.site.17, 1, 178, 179
908612.3.peg.2418.site.18, 20, 177, 197
908612.3.peg.2418.site.19, 0, 179, 179
908612.3.peg.2418.site.20, 132, 174, 306
908612.3.peg.2418.site.21, 7, 180, 187
908612.3.peg.2418.site.22, 36, 179, 215
908612.3.peg.2418.site.23, 13, 179, 192
908612.3.peg.2418.site.24, 13, 180, 193
908612.3.peg.2413.site.1, 77, 174, 251
908612.3.peg.2413.site.2, 6, 173, 179
908612.3.peg.2413.site.3, 94, 162, 256
908612.3.peg.2413.site.4, 113, 171, 284
908612.3.peg.2413.site.5, 0, 176, 176
908612.3.peg.2413.site.6, 7, 174, 181
908612.3.peg.2413.site.7, 0, 177, 177
908612.3.peg.2413.site.8, 0, 177, 177
908612.3.peg.2413.site.9, 2, 175, 177
908612.3.peg.2413.site.10, 2, 179, 181
908612.3.peg.2413.site.11, 6, 179, 185
908612.3.peg.2413.site.12, 0, 180, 180
908612.3.peg.2413.site.13, 57, 178, 235
908612.3.peg.2413.site.14, 65, 175, 240
908612.3.peg.2413.site.15, 0, 154, 154
908612.3.peg.2413.site.16, 0, 140, 140
908612.3.peg.2413.site.17, 25, 120, 145
908612.3.peg.2413.site.18, 6, 135, 141
908612.3.peg.2413.site.19, 44, 166, 210
908612.3.peg.2413.site.20, 0, 172, 172
908612.3.peg.2413.site.21, 29, 151, 180
908612.3.peg.2413.site.22, 2, 155, 157
908612.3.peg.2413.site.23, 0, 153, 153
908612.3.peg.2413.site.24, 0, 166, 166
908612.3.peg.2413.site.25, 1, 178, 179
908612.3.peg.2413.site.26, 0, 179, 179
908612.3.peg.2413.site.27, 1, 180, 181
908612.3.peg.2413.site.28, 0, 180, 180
908612.3.peg.2413.site.29, 58, 177, 235
908612.3.peg.2413.site.30, 2, 179, 181
908612.3.peg.2413.site.31, 1, 179, 180
908612.3.peg.2413.site.32, 2, 178, 180
908612.3.peg.2413.site.33, 11, 169, 180
908612.3.peg.2413.site.34, 0, 179, 179
908612.3.peg.2413.site.35, 3, 179, 182
908612.3.peg.2413.site.36, 11, 179, 190
908612.3.peg.2413.site.37, 23, 176, 199
908612.3.peg.2413.site.38, 9, 178, 187
908612.3.peg.2413.site.39, 7, 175, 182
908612.3.peg.2413.site.40, 81, 173, 254
908612.3.peg.2413.site.41, 0, 179, 179
908612.3.peg.2413.site.42, 26, 173, 199
908612.3.peg.2413.site.43, 27, 176, 203
908612.3.peg.2413.site.44, 24, 169, 193
908612.3.peg.2413.site.45, 0, 176, 176
908612.3.peg.2413.site.46, 1, 177, 178
908612.3.peg.2413.site.47, 27, 177, 204
908612.3.peg.2413.site.48, 71, 175, 246
908612.3.peg.2413.site.49, 79, 172, 251
908612.3.peg.2413.site.50, 2, 174, 176
908612.3.peg.2413.site.51, 1, 173, 174
908612.3.peg.2413.site.52, 118, 157, 275
908612.3.peg.2413.site.53, 33, 142, 175
908612.3.peg.2413.site.54, 64, 150, 214
908612.3.peg.2413.site.55, 6, 165, 171
908612.3.peg.2413.site.56, 1, 170, 171
908612.3.peg.2413.site.57, 1, 174, 175
908612.3.peg.2413.site.58, 2, 166, 168
908612.3.peg.2413.site.59, 83, 162, 245
908612.3.peg.2413.site.60, 3, 165, 168
908612.3.peg.2413.site.61, 1, 172, 173
908612.3.peg.2413.site.62, 7, 171, 178
908612.3.peg.2413.site.63, 6, 172, 178
908612.3.peg.2413.site.64, 2, 171, 173
908612.3.peg.2413.site.65, 35, 170, 205
908612.3.peg.2413.site.66, 1, 178, 179
908612.3.peg.2413.site.67, 86, 170, 256
908612.3.peg.2413.site.68, 0, 174, 174
908612.3.peg.2413.site.69, 1, 175, 176
908612.3.peg.2413.site.70, 1, 174, 175
908612.3.peg.2413.site.71, 24, 165, 189
908612.3.peg.2412.site.1, 29, 175, 204
908612.3.peg.2412.site.2, 26, 178, 204
908612.3.peg.2412.site.3, 8, 179, 187
908612.3.peg.2412.site.4, 3, 165, 168
908612.3.peg.2412.site.5, 81, 163, 244
908612.3.peg.2412.site.6, 80, 160, 240
908612.3.peg.2412.site.7, 88, 167, 255
908612.3.peg.2412.site.8, 0, 173, 173
908612.3.peg.2412.site.9, 0, 175, 175
908612.3.peg.2412.site.10, 0, 173, 173
908612.3.peg.2412.site.11, 2, 177, 179
908612.3.peg.2412.site.12, 43, 164, 207
908612.3.peg.2412.site.13, 6, 166, 172
908612.3.peg.2412.site.14, 7, 173, 180
908612.3.peg.2412.site.15, 1, 175, 176
908612.3.peg.2412.site.16, 59, 157, 216
908612.3.peg.2412.site.17, 0, 174, 174
908612.3.peg.2412.site.18, 2, 170, 172
908612.3.peg.2412.site.19, 2, 176, 178
908612.3.peg.2412.site.20, 13, 175, 188
908612.3.peg.2412.site.21, 75, 171, 246
908612.3.peg.2412.site.22, 3, 180, 183
908612.3.peg.2412.site.23, 150, 178, 328
908612.3.peg.2412.site.24, 76, 175, 251
908612.3.peg.2412.site.25, 77, 174, 251
908612.3.peg.2412.site.26, 8, 179, 187
908612.3.peg.2412.site.27, 0, 170, 170
908612.3.peg.2412.site.28, 2, 168, 170
908612.3.peg.2412.site.29, 1, 171, 172
908612.3.peg.2412.site.30, 2, 180, 182
908612.3.peg.2412.site.31, 2, 180, 182
908612.3.peg.2412.site.32, 30, 162, 192
908612.3.peg.2412.site.33, 2, 166, 168
908612.3.peg.2412.site.34, 82, 169, 251
908612.3.peg.2412.site.35, 3, 168, 171
908612.3.peg.2412.site.36, 0, 165, 165
908612.3.peg.2412.site.37, 92, 166, 258
908612.3.peg.2412.site.38, 20, 176, 196
908612.3.peg.2412.site.39, 86, 173, 259
908612.3.peg.2412.site.40, 1, 176, 177
908612.3.peg.2412.site.41, 1, 176, 177
908612.3.peg.2412.site.42, 0, 180, 180
908612.3.peg.2412.site.43, 2, 175, 177
908612.3.peg.2412.site.44, 2, 178, 180
908612.3.peg.2412.site.45, 19, 179, 198
908612.3.peg.2412.site.46, 78, 177, 255
908612.3.peg.2412.site.47, 53, 174, 227
908612.3.peg.2412.site.48, 83, 168, 251
908612.3.peg.2412.site.49, 2, 178, 180
908612.3.peg.2412.site.50, 56, 175, 231
908612.3.peg.2412.site.51, 18, 175, 193
908612.3.peg.2412.site.52, 1, 179, 180
908612.3.peg.2412.site.53, 123, 171, 294
908612.3.peg.2412.site.54, 6, 177, 183
908612.3.peg.2412.site.55, 7, 173, 180
908612.3.peg.2411.site.1, 1, 178, 179
908612.3.peg.2411.site.2, 0, 174, 174
908612.3.peg.2410.site.1, 0, 179, 179
908612.3.peg.2410.site.2, 0, 179, 179
908612.3.peg.2410.site.3, 2, 177, 179
908612.3.peg.2410.site.4, 0, 177, 177
908612.3.peg.2410.site.5, 73, 171, 244
908612.3.peg.2410.site.6, 55, 163, 218
908612.3.peg.2410.site.7, 63, 160, 223
908612.3.peg.2410.site.8, 6, 164, 170
908612.3.peg.2410.site.9, 5, 163, 168
908612.3.peg.2410.site.10, 6, 169, 175
908612.3.peg.2410.site.11, 6, 157, 163
908612.3.peg.2410.site.12, 13, 166, 179
908612.3.peg.2410.site.13, 6, 163, 169
908612.3.peg.2410.site.14, 2, 157, 159
908612.3.peg.2410.site.15, 12, 170, 182
908612.3.peg.2410.site.16, 8, 176, 184
908612.3.peg.2410.site.17, 11, 172, 183
908612.3.peg.2410.site.18, 0, 155, 155
908612.3.peg.2410.site.19, 40, 152, 192
908612.3.peg.2410.site.20, 0, 174, 174
908612.3.peg.2410.site.21, 2, 178, 180
908612.3.peg.2410.site.22, 57, 173, 230
908612.3.peg.2410.site.23, 2, 180, 182
908612.3.peg.2410.site.24, 42, 174, 216
908612.3.peg.2410.site.25, 9, 180, 189
908612.3.peg.2417.site.1, 9, 176, 185
908612.3.peg.2417.site.2, 2, 174, 176
908612.3.peg.2417.site.3, 2, 171, 173
908612.3.peg.2417.site.4, 52, 142, 194
908612.3.peg.2417.site.5, 55, 164, 219
908612.3.peg.2417.site.6, 0, 177, 177
908612.3.peg.2417.site.7, 1, 180, 181
908612.3.peg.2417.site.8, 84, 175, 259
908612.3.peg.2417.site.9, 1, 180, 181
908612.3.peg.2417.site.10, 8, 180, 188
908612.3.peg.2417.site.11, 1, 178, 179
908612.3.peg.2417.site.12, 74, 177, 251
908612.3.peg.2417.site.13, 0, 178, 178
908612.3.peg.2417.site.14, 0, 179, 179
908612.3.peg.2417.site.15, 2, 179, 181
908612.3.peg.2417.site.16, 65, 176, 241
908612.3.peg.2417.site.17, 136, 175, 311
908612.3.peg.2417.site.18, 1, 179, 180
908612.3.peg.2417.site.19, 1, 179, 180
908612.3.peg.2417.site.20, 130, 174, 304
908612.3.peg.2417.site.21, 119, 164, 283
908612.3.peg.2417.site.22, 128, 167, 295
908612.3.peg.2417.site.23, 16, 175, 191
908612.3.peg.2417.site.24, 5, 177, 182
908612.3.peg.2417.site.25, 21, 173, 194
908612.3.peg.2417.site.26, 1, 180, 181
908612.3.peg.2417.site.27, 14, 178, 192
908612.3.peg.2417.site.28, 43, 178, 221
908612.3.peg.2417.site.29, 50, 177, 227
908612.3.peg.2417.site.30, 5, 179, 184
908612.3.peg.2417.site.31, 8, 180, 188
908612.3.peg.2417.site.32, 0, 180, 180
908612.3.peg.2417.site.33, 0, 180, 180
908612.3.peg.2417.site.34, 0, 180, 180
908612.3.peg.2417.site.35, 39, 179, 218
908612.3.peg.2417.site.36, 84, 173, 257
908612.3.peg.2417.site.37, 83, 177, 260
908612.3.peg.2417.site.38, 13, 179, 192
908612.3.peg.2417.site.39, 51, 176, 227
908612.3.peg.2417.site.40, 3, 179, 182
908612.3.peg.2417.site.41, 2, 180, 182
908612.3.peg.2417.site.42, 43, 179, 222
908612.3.peg.2417.site.43, 4, 178, 182
908612.3.peg.2417.site.44, 5, 179, 184
908612.3.peg.2417.site.45, 22, 179, 201
908612.3.peg.2417.site.46, 119, 178, 297
908612.3.peg.2417.site.47, 1, 180, 181
908612.3.peg.2417.site.48, 11, 180, 191
908612.3.peg.2417.site.49, 125, 178, 303
908612.3.peg.2417.site.50, 150, 178, 328
908612.3.peg.2417.site.51, 4, 180, 184
908612.3.peg.2417.site.52, 0, 178, 178
908612.3.peg.2417.site.53, 108, 179, 287
908612.3.peg.2417.site.54, 2, 180, 182
908612.3.peg.2417.site.55, 0, 179, 179
908612.3.peg.2417.site.56, 4, 179, 183
908612.3.peg.2415.site.1, 19, 176, 195
908612.3.peg.2415.site.2, 83, 173, 256
908612.3.peg.2415.site.3, 8, 175, 183
908612.3.peg.2415.site.4, 8, 175, 183
908612.3.peg.2415.site.5, 3, 179, 182
908612.3.peg.2415.site.6, 7, 168, 175
908612.3.peg.2415.site.7, 2, 177, 179
908612.3.peg.2415.site.8, 5, 168, 173
908612.3.peg.2415.site.9, 18, 173, 191
908612.3.peg.2415.site.10, 31, 170, 201
908612.3.peg.2415.site.11, 0, 179, 179
908612.3.peg.2415.site.12, 2, 180, 182
908612.3.peg.2415.site.13, 129, 175, 304
908612.3.peg.2415.site.14, 90, 172, 262
908612.3.peg.2415.site.15, 0, 179, 179
908612.3.peg.2415.site.16, 18, 176, 194
908612.3.peg.2415.site.17, 49, 171, 220
908612.3.peg.2415.site.18, 1, 176, 177
908612.3.peg.2415.site.19, 54, 169, 223
908612.3.peg.2415.site.20, 2, 179, 181
908612.3.peg.2415.site.21, 0, 179, 179
908612.3.peg.2414.site.1, 1, 179, 180
908612.3.peg.2414.site.2, 143, 175, 318
908612.3.peg.2414.site.3, 2, 179, 181
908612.3.peg.2414.site.4, 0, 180, 180
908612.3.peg.2414.site.5, 17, 177, 194
908612.3.peg.2414.site.6, 17, 178, 195
908612.3.peg.2414.site.7, 22, 173, 195
908612.3.peg.2414.site.8, 6, 179, 185
908612.3.peg.2414.site.9, 0, 180, 180
908612.3.peg.2414.site.10, 1, 180, 181
908612.3.peg.2414.site.11, 6, 175, 181
908612.3.peg.2414.site.12, 5, 153, 158
908612.3.peg.2414.site.13, 4, 178, 182
908612.3.peg.2414.site.14, 20, 176, 196
908612.3.peg.2414.site.15, 0, 179, 179
908612.3.peg.2414.site.16, 17, 176, 193
908612.3.peg.2414.site.17, 15, 177, 192
908612.3.peg.2969.site.1, 1, 177, 178
908612.3.peg.2969.site.2, 6, 171, 177
908612.3.peg.2969.site.3, 1, 173, 174
908612.3.peg.2969.site.4, 12, 176, 188
908612.3.peg.2969.site.5, 24, 175, 199
908612.3.peg.2969.site.6, 0, 177, 177
908612.3.peg.2969.site.7, 2, 171, 173
908612.3.peg.2969.site.8, 18, 168, 186
908612.3.peg.2969.site.9, 10, 157, 167
908612.3.peg.2969.site.10, 37, 162, 199
908612.3.peg.2968.site.1, 5, 165, 170
908612.3.peg.2968.site.2, 2, 166, 168
908612.3.peg.2968.site.3, 32, 167, 199
908612.3.peg.2968.site.4, 4, 170, 174
908612.3.peg.2968.site.5, 6, 155, 161
908612.3.peg.2968.site.6, 1, 151, 152
908612.3.peg.2968.site.7, 4, 116, 120
908612.3.peg.2968.site.8, 2, 9, 11
908612.3.peg.2968.site.9, 7, 34, 41
908612.3.peg.2968.site.10, 1, 28, 29
908612.3.peg.2968.site.11, 13, 15, 28
908612.3.peg.2968.site.12, 28, 34, 62
908612.3.peg.2968.site.13, 2, 42, 44
908612.3.peg.2968.site.14, 60, 74, 134
908612.3.peg.2968.site.15, 76, 82, 158
908612.3.peg.2968.site.16, 4, 110, 114
908612.3.peg.2968.site.17, 1, 118, 119
908612.3.peg.2968.site.18, 3, 93, 96
908612.3.peg.2968.site.19, 84, 89, 173
908612.3.peg.2968.site.20, 62, 68, 130
908612.3.peg.2968.site.21, 7, 64, 71
908612.3.peg.2968.site.22, 50, 56, 106
908612.3.peg.2968.site.23, 25, 46, 71
908612.3.peg.2968.site.24, 3, 58, 61
908612.3.peg.2968.site.25, 3, 72, 75
908612.3.peg.2968.site.26, 78, 84, 162
908612.3.peg.2968.site.27, 132, 138, 270
908612.3.peg.2968.site.28, 100, 147, 247
908612.3.peg.2968.site.29, 10, 110, 120
908612.3.peg.2968.site.30, 84, 100, 184
908612.3.peg.2968.site.31, 1, 145, 146
908612.3.peg.2963.site.1, 40, 155, 195
908612.3.peg.2963.site.2, 0, 171, 171
908612.3.peg.2963.site.3, 44, 170, 214
908612.3.peg.2963.site.4, 30, 169, 199
908612.3.peg.2963.site.5, 5, 171, 176
908612.3.peg.2963.site.6, 39, 167, 206
908612.3.peg.2963.site.7, 101, 169, 270
908612.3.peg.2963.site.8, 16, 130, 146
908612.3.peg.2963.site.9, 12, 124, 136
908612.3.peg.2963.site.10, 25, 119, 144
908612.3.peg.2963.site.11, 3, 159, 162
908612.3.peg.2963.site.12, 52, 152, 204
908612.3.peg.2963.site.13, 2, 171, 173
908612.3.peg.2962.site.1, 11, 163, 174
908612.3.peg.2962.site.2, 29, 162, 191
908612.3.peg.2962.site.3, 77, 164, 241
908612.3.peg.2962.site.4, 0, 166, 166
908612.3.peg.2962.site.5, 101, 161, 262
908612.3.peg.2962.site.6, 2, 170, 172
908612.3.peg.2962.site.7, 0, 172, 172
908612.3.peg.2962.site.8, 44, 174, 218
908612.3.peg.2962.site.9, 5, 173, 178
908612.3.peg.2962.site.10, 5, 176, 181
908612.3.peg.2962.site.11, 9, 178, 187
908612.3.peg.2962.site.12, 4, 178, 182
908612.3.peg.2962.site.13, 5, 179, 184
908612.3.peg.2962.site.14, 97, 177, 274
908612.3.peg.2962.site.15, 2, 177, 179
908612.3.peg.2962.site.16, 5, 178, 183
908612.3.peg.2961.site.1, 75, 171, 246
908612.3.peg.2961.site.2, 0, 179, 179
908612.3.peg.2961.site.3, 28, 170, 198
908612.3.peg.2961.site.4, 25, 173, 198
908612.3.peg.2961.site.5, 6, 165, 171
908612.3.peg.2961.site.6, 38, 163, 201
908612.3.peg.2961.site.7, 1, 168, 169
908612.3.peg.2961.site.8, 2, 178, 180
908612.3.peg.2961.site.9, 41, 152, 193
908612.3.peg.2961.site.10, 53, 149, 202
908612.3.peg.2961.site.11, 5, 148, 153
908612.3.peg.2961.site.12, 16, 139, 155
908612.3.peg.2961.site.13, 1, 165, 166
908612.3.peg.2961.site.14, 2, 164, 166
908612.3.peg.2961.site.15, 118, 164, 282
908612.3.peg.2961.site.16, 2, 168, 170
908612.3.peg.2961.site.17, 140, 168, 308
908612.3.peg.2961.site.18, 13, 172, 185
908612.3.peg.2961.site.19, 18, 175, 193
908612.3.peg.2961.site.20, 18, 170, 188
908612.3.peg.2961.site.21, 18, 171, 189
908612.3.peg.2961.site.22, 39, 161, 200
908612.3.peg.2961.site.23, 106, 156, 262
908612.3.peg.2961.site.24, 2, 172, 174
908612.3.peg.2961.site.25, 118, 172, 290
908612.3.peg.2961.site.26, 0, 164, 164
908612.3.peg.2961.site.27, 2, 165, 167
908612.3.peg.2961.site.28, 5, 151, 156
908612.3.peg.2961.site.29, 1, 153, 154
908612.3.peg.2961.site.30, 67, 146, 213
908612.3.peg.2961.site.31, 3, 154, 157
908612.3.peg.2961.site.32, 66, 146, 212
908612.3.peg.2961.site.33, 11, 139, 150
908612.3.peg.2961.site.34, 1, 146, 147
908612.3.peg.2961.site.35, 4, 173, 177
908612.3.peg.2961.site.36, 2, 174, 176
908612.3.peg.2961.site.37, 2, 179, 181
908612.3.peg.2961.site.38, 2, 178, 180
908612.3.peg.2961.site.39, 2, 179, 181
908612.3.peg.2961.site.40, 92, 173, 265
908612.3.peg.2961.site.41, 2, 180, 182
908612.3.peg.2961.site.42, 67, 175, 242
908612.3.peg.2961.site.43, 0, 179, 179
908612.3.peg.2961.site.44, 0, 179, 179
908612.3.peg.2961.site.45, 76, 154, 230
908612.3.peg.2960.site.1, 2, 174, 176
908612.3.peg.2960.site.2, 32, 168, 200
908612.3.peg.2960.site.3, 2, 129, 131
908612.3.peg.2960.site.4, 1, 154, 155
908612.3.peg.2960.site.5, 18, 164, 182
908612.3.peg.2960.site.6, 28, 163, 191
908612.3.peg.2960.site.7, 18, 163, 181
908612.3.peg.2960.site.8, 3, 171, 174
908612.3.peg.2960.site.9, 50, 151, 201
908612.3.peg.2960.site.10, 1, 162, 163
908612.3.peg.2960.site.11, 1, 158, 159
908612.3.peg.2960.site.12, 0, 143, 143
908612.3.peg.2960.site.13, 0, 164, 164
908612.3.peg.2960.site.14, 0, 166, 166
908612.3.peg.2960.site.15, 19, 165, 184
908612.3.peg.2960.site.16, 10, 160, 170
908612.3.peg.2960.site.17, 12, 158, 170
908612.3.peg.2960.site.18, 1, 159, 160
908612.3.peg.2960.site.19, 2, 160, 162
908612.3.peg.2960.site.20, 2, 166, 168
908612.3.peg.2960.site.21, 4, 164, 168
908612.3.peg.2960.site.22, 69, 172, 241
908612.3.peg.2967.site.1, 3, 175, 178
908612.3.peg.2967.site.2, 0, 177, 177
908612.3.peg.2967.site.3, 99, 177, 276
908612.3.peg.2967.site.4, 2, 180, 182
908612.3.peg.2967.site.5, 105, 176, 281
908612.3.peg.2967.site.6, 0, 180, 180
908612.3.peg.2967.site.7, 5, 180, 185
908612.3.peg.2967.site.8, 4, 180, 184
908612.3.peg.2967.site.9, 0, 180, 180
908612.3.peg.2967.site.10, 26, 178, 204
908612.3.peg.2967.site.11, 2, 178, 180
908612.3.peg.2967.site.12, 16, 180, 196
908612.3.peg.2967.site.13, 25, 179, 204
908612.3.peg.2967.site.14, 1, 176, 177
908612.3.peg.2967.site.15, 1, 179, 180
908612.3.peg.2967.site.16, 8, 177, 185
908612.3.peg.2967.site.17, 2, 179, 181
908612.3.peg.2967.site.18, 1, 176, 177
908612.3.peg.2967.site.19, 1, 176, 177
908612.3.peg.2967.site.20, 1, 178, 179
908612.3.peg.2967.site.21, 1, 178, 179
908612.3.peg.2967.site.22, 1, 176, 177
908612.3.peg.2967.site.23, 10, 179, 189
908612.3.peg.2967.site.24, 77, 175, 252
908612.3.peg.2967.site.25, 0, 176, 176
908612.3.peg.2967.site.26, 59, 178, 237
908612.3.peg.2967.site.27, 20, 178, 198
908612.3.peg.2967.site.28, 5, 178, 183
908612.3.peg.2966.site.1, 0, 169, 169
908612.3.peg.2966.site.2, 2, 166, 168
908612.3.peg.2966.site.3, 22, 161, 183
908612.3.peg.2966.site.4, 3, 162, 165
908612.3.peg.2966.site.5, 56, 153, 209
908612.3.peg.2966.site.6, 4, 150, 154
908612.3.peg.2966.site.7, 60, 167, 227
908612.3.peg.2966.site.8, 1, 167, 168
908612.3.peg.2966.site.9, 0, 168, 168
908612.3.peg.2966.site.10, 99, 163, 262
908612.3.peg.2966.site.11, 87, 149, 236
908612.3.peg.2966.site.12, 3, 147, 150
908612.3.peg.2966.site.13, 57, 110, 167
908612.3.peg.2966.site.14, 2, 119, 121
908612.3.peg.2966.site.15, 2, 157, 159
908612.3.peg.2965.site.1, 6, 179, 185
908612.3.peg.2965.site.2, 70, 176, 246
908612.3.peg.2965.site.3, 73, 177, 250
908612.3.peg.2965.site.4, 4, 178, 182
908612.3.peg.2965.site.5, 37, 179, 216
908612.3.peg.2965.site.6, 63, 178, 241
908612.3.peg.2965.site.7, 6, 177, 183
908612.3.peg.2965.site.8, 0, 175, 175
908612.3.peg.2965.site.9, 28, 177, 205
908612.3.peg.2965.site.10, 5, 180, 185
908612.3.peg.2965.site.11, 174, 177, 351
908612.3.peg.2965.site.12, 5, 180, 185
908612.3.peg.2965.site.13, 156, 176, 332
908612.3.peg.2965.site.14, 71, 176, 247
908612.3.peg.2965.site.15, 0, 171, 171
908612.3.peg.2965.site.16, 64, 170, 234
908612.3.peg.2965.site.17, 2, 166, 168
908612.3.peg.2965.site.18, 31, 177, 208
908612.3.peg.2965.site.19, 14, 178, 192
908612.3.peg.2965.site.20, 3, 177, 180
908612.3.peg.2965.site.21, 6, 179, 185
908612.3.peg.2965.site.22, 1, 178, 179
908612.3.peg.2965.site.23, 10, 177, 187
908612.3.peg.2965.site.24, 94, 176, 270
908612.3.peg.2965.site.25, 0, 176, 176
908612.3.peg.2965.site.26, 2, 177, 179
908612.3.peg.2964.site.1, 0, 176, 176
908612.3.peg.2964.site.2, 3, 176, 179
908612.3.peg.2964.site.3, 1, 167, 168
908612.3.peg.2964.site.4, 2, 162, 164
908612.3.peg.2964.site.5, 96, 149, 245
908612.3.peg.2964.site.6, 6, 143, 149
908612.3.peg.2964.site.7, 4, 141, 145
908612.3.peg.2964.site.8, 1, 124, 125
908612.3.peg.2964.site.9, 24, 125, 149
908612.3.peg.2964.site.10, 1, 136, 137
908612.3.peg.2964.site.11, 49, 143, 192
908612.3.peg.2964.site.12, 1, 156, 157
908612.3.peg.2964.site.13, 1, 161, 162
908612.3.peg.2964.site.14, 20, 168, 188
908612.3.peg.2964.site.15, 104, 179, 283
908612.3.peg.2964.site.16, 2, 178, 180
908612.3.peg.1889.site.1, 0, 180, 180
908612.3.peg.1889.site.2, 20, 172, 192
908612.3.peg.1889.site.3, 25, 179, 204
908612.3.peg.1889.site.4, 0, 180, 180
908612.3.peg.1889.site.5, 8, 178, 186
908612.3.peg.1889.site.6, 6, 179, 185
908612.3.peg.1889.site.7, 32, 175, 207
908612.3.peg.1889.site.8, 3, 176, 179
908612.3.peg.1889.site.9, 5, 177, 182
908612.3.peg.1889.site.10, 3, 174, 177
908612.3.peg.1889.site.11, 4, 175, 179
908612.3.peg.1889.site.12, 29, 175, 204
908612.3.peg.1888.site.1, 3, 178, 181
908612.3.peg.1888.site.2, 49, 174, 223
908612.3.peg.1888.site.3, 5, 177, 182
908612.3.peg.1888.site.4, 1, 178, 179
908612.3.peg.1888.site.5, 16, 175, 191
908612.3.peg.1888.site.6, 1, 171, 172
908612.3.peg.1888.site.7, 0, 179, 179
908612.3.peg.1888.site.8, 2, 176, 178
908612.3.peg.1888.site.9, 3, 176, 179
908612.3.peg.1888.site.10, 11, 174, 185
908612.3.peg.1888.site.11, 21, 174, 195
908612.3.peg.1888.site.12, 0, 175, 175
908612.3.peg.1888.site.13, 24, 177, 201
908612.3.peg.1888.site.14, 24, 178, 202
908612.3.peg.1888.site.15, 16, 167, 183
908612.3.peg.1888.site.16, 1, 173, 174
908612.3.peg.1888.site.17, 9, 179, 188
908612.3.peg.1881.site.1, 2, 179, 181
908612.3.peg.1881.site.2, 4, 178, 182
908612.3.peg.1881.site.3, 4, 178, 182
908612.3.peg.1881.site.4, 106, 176, 282
908612.3.peg.1881.site.5, 1, 171, 172
908612.3.peg.1881.site.6, 2, 152, 154
908612.3.peg.1881.site.7, 83, 140, 223
908612.3.peg.1881.site.8, 61, 145, 206
908612.3.peg.1881.site.9, 46, 178, 224
908612.3.peg.1881.site.10, 24, 180, 204
908612.3.peg.1881.site.11, 71, 174, 245
908612.3.peg.1881.site.12, 19, 179, 198
908612.3.peg.1881.site.13, 9, 180, 189
908612.3.peg.1881.site.14, 10, 179, 189
908612.3.peg.1881.site.15, 10, 180, 190
908612.3.peg.1881.site.16, 1, 179, 180
908612.3.peg.1881.site.17, 0, 179, 179
908612.3.peg.1881.site.18, 109, 176, 285
908612.3.peg.1881.site.19, 85, 171, 256
908612.3.peg.1881.site.20, 14, 173, 187
908612.3.peg.1881.site.21, 68, 169, 237
908612.3.peg.1881.site.22, 102, 172, 274
908612.3.peg.1881.site.23, 70, 175, 245
908612.3.peg.1881.site.24, 3, 178, 181
908612.3.peg.1881.site.25, 100, 170, 270
908612.3.peg.1881.site.26, 26, 175, 201
908612.3.peg.1881.site.27, 111, 174, 285
908612.3.peg.1881.site.28, 88, 176, 264
908612.3.peg.1881.site.29, 47, 177, 224
908612.3.peg.1881.site.30, 104, 176, 280
908612.3.peg.1881.site.31, 1, 180, 181
908612.3.peg.1881.site.32, 102, 175, 277
908612.3.peg.1881.site.33, 11, 179, 190
908612.3.peg.1881.site.34, 34, 179, 213
908612.3.peg.1881.site.35, 8, 180, 188
908612.3.peg.1881.site.36, 6, 178, 184
908612.3.peg.1881.site.37, 40, 174, 214
908612.3.peg.1881.site.38, 6, 177, 183
908612.3.peg.1881.site.39, 129, 163, 292
908612.3.peg.1881.site.40, 3, 175, 178
908612.3.peg.1881.site.41, 2, 178, 180
908612.3.peg.1881.site.42, 2, 179, 181
908612.3.peg.1881.site.43, 125, 177, 302
908612.3.peg.1881.site.44, 33, 176, 209
908612.3.peg.1881.site.45, 1, 175, 176
908612.3.peg.1881.site.46, 33, 178, 211
908612.3.peg.1881.site.47, 5, 179, 184
908612.3.peg.1881.site.48, 4, 177, 181
908612.3.peg.1881.site.49, 125, 174, 299
908612.3.peg.1881.site.50, 159, 176, 335
908612.3.peg.1881.site.51, 0, 177, 177
908612.3.peg.1881.site.52, 160, 177, 337
908612.3.peg.1881.site.53, 161, 177, 338
908612.3.peg.1881.site.54, 0, 178, 178
908612.3.peg.1881.site.55, 2, 180, 182
908612.3.peg.1881.site.56, 2, 180, 182
908612.3.peg.1881.site.57, 2, 179, 181
908612.3.peg.1881.site.58, 57, 178, 235
908612.3.peg.1881.site.59, 59, 177, 236
908612.3.peg.1881.site.60, 88, 179, 267
908612.3.peg.1881.site.61, 1, 177, 178
908612.3.peg.1881.site.62, 3, 173, 176
908612.3.peg.1881.site.63, 0, 131, 131
908612.3.peg.1881.site.64, 8, 170, 178
908612.3.peg.1881.site.65, 64, 170, 234
908612.3.peg.1881.site.66, 66, 174, 240
908612.3.peg.1881.site.67, 74, 174, 248
908612.3.peg.1881.site.68, 68, 176, 244
908612.3.peg.1881.site.69, 2, 179, 181
908612.3.peg.1881.site.70, 0, 178, 178
908612.3.peg.1881.site.71, 5, 180, 185
908612.3.peg.1882.site.1, 0, 164, 164
908612.3.peg.1882.site.2, 3, 170, 173
908612.3.peg.1882.site.3, 7, 180, 187
908612.3.peg.1882.site.4, 13, 179, 192
908612.3.peg.1882.site.5, 3, 176, 179
908612.3.peg.1882.site.6, 0, 178, 178
908612.3.peg.1882.site.7, 0, 177, 177
908612.3.peg.1882.site.8, 25, 179, 204
908612.3.peg.1882.site.9, 0, 177, 177
908612.3.peg.1882.site.10, 19, 179, 198
908612.3.peg.1882.site.11, 58, 180, 238
908612.3.peg.1882.site.12, 4, 175, 179
908612.3.peg.1882.site.13, 9, 176, 185
908612.3.peg.1882.site.14, 16, 172, 188
908612.3.peg.1882.site.15, 20, 177, 197
908612.3.peg.1882.site.16, 5, 179, 184
908612.3.peg.1882.site.17, 2, 177, 179
908612.3.peg.1882.site.18, 3, 158, 161
908612.3.peg.1882.site.19, 81, 157, 238
908612.3.peg.1882.site.20, 3, 161, 164
908612.3.peg.1882.site.21, 0, 159, 159
908612.3.peg.1882.site.22, 2, 162, 164
908612.3.peg.1882.site.23, 4, 165, 169
908612.3.peg.1882.site.24, 4, 164, 168
908612.3.peg.1882.site.25, 13, 164, 177
908612.3.peg.1882.site.26, 0, 166, 166
908612.3.peg.1882.site.27, 7, 169, 176
908612.3.peg.1882.site.28, 7, 173, 180
908612.3.peg.1882.site.29, 6, 176, 182
908612.3.peg.1882.site.30, 25, 177, 202
908612.3.peg.1882.site.31, 13, 175, 188
908612.3.peg.1882.site.32, 18, 179, 197
908612.3.peg.1882.site.33, 40, 176, 216
908612.3.peg.1882.site.34, 0, 177, 177
908612.3.peg.1882.site.35, 3, 177, 180
908612.3.peg.1882.site.36, 3, 173, 176
908612.3.peg.1882.site.37, 0, 171, 171
908612.3.peg.1882.site.38, 26, 169, 195
908612.3.peg.1882.site.39, 0, 167, 167
908612.3.peg.1882.site.40, 9, 169, 178
908612.3.peg.1882.site.41, 10, 172, 182
908612.3.peg.1882.site.42, 0, 169, 169
908612.3.peg.1882.site.43, 3, 152, 155
908612.3.peg.1882.site.44, 2, 162, 164
908612.3.peg.1882.site.45, 1, 163, 164
908612.3.peg.1882.site.46, 31, 170, 201
908612.3.peg.1882.site.47, 0, 174, 174
908612.3.peg.1882.site.48, 14, 175, 189
908612.3.peg.1882.site.49, 4, 161, 165
908612.3.peg.1882.site.50, 3, 179, 182
908612.3.peg.1882.site.51, 29, 179, 208
908612.3.peg.1882.site.52, 39, 176, 215
908612.3.peg.1882.site.53, 5, 172, 177
908612.3.peg.1882.site.54, 5, 172, 177
908612.3.peg.1885.site.1, 0, 180, 180
908612.3.peg.1885.site.2, 1, 179, 180
908612.3.peg.1885.site.3, 1, 180, 181
908612.3.peg.1885.site.4, 21, 180, 201
908612.3.peg.1885.site.5, 4, 180, 184
908612.3.peg.1885.site.6, 10, 180, 190
908612.3.peg.1885.site.7, 3, 180, 183
908612.3.peg.1885.site.8, 27, 179, 206
908612.3.peg.1885.site.9, 1, 179, 180
908612.3.peg.1885.site.10, 0, 179, 179
908612.3.peg.1885.site.11, 24, 178, 202
908612.3.peg.1885.site.12, 70, 177, 247
908612.3.peg.1885.site.13, 2, 176, 178
908612.3.peg.1885.site.14, 0, 176, 176
908612.3.peg.1885.site.15, 44, 175, 219
908612.3.peg.1885.site.16, 10, 177, 187
908612.3.peg.1885.site.17, 0, 180, 180
908612.3.peg.1884.site.1, 22, 178, 200
908612.3.peg.1884.site.2, 0, 179, 179
908612.3.peg.1884.site.3, 3, 179, 182
908612.3.peg.1884.site.4, 1, 179, 180
908612.3.peg.1884.site.5, 8, 179, 187
908612.3.peg.1884.site.6, 0, 179, 179
908612.3.peg.1884.site.7, 1, 180, 181
908612.3.peg.1887.site.1, 1, 179, 180
908612.3.peg.1887.site.2, 22, 178, 200
908612.3.peg.1887.site.3, 22, 180, 202
908612.3.peg.1887.site.4, 24, 178, 202
908612.3.peg.1887.site.5, 2, 178, 180
908612.3.peg.1887.site.6, 24, 178, 202
908612.3.peg.1887.site.7, 1, 179, 180
908612.3.peg.1887.site.8, 24, 177, 201
908612.3.peg.1887.site.9, 49, 176, 225
908612.3.peg.1887.site.10, 6, 180, 186
908612.3.peg.1887.site.11, 24, 180, 204
908612.3.peg.1887.site.12, 0, 180, 180
908612.3.peg.1887.site.13, 1, 179, 180
908612.3.peg.1887.site.14, 0, 179, 179
908612.3.peg.1886.site.1, 0, 180, 180
908612.3.peg.1886.site.2, 20, 179, 199
908612.3.peg.1886.site.3, 0, 177, 177
908612.3.peg.1886.site.4, 9, 179, 188
908612.3.peg.1886.site.5, 21, 178, 199
908612.3.peg.1886.site.6, 5, 168, 173
908612.3.peg.1886.site.7, 22, 174, 196
908612.3.peg.1886.site.8, 0, 179, 179
908612.3.peg.1886.site.9, 106, 174, 280
908612.3.peg.1886.site.10, 1, 178, 179
908612.3.peg.1886.site.11, 21, 178, 199
908612.3.peg.1886.site.12, 19, 175, 194
908612.3.peg.1886.site.13, 4, 173, 177
908612.3.peg.1988.site.1, 56, 179, 235
908612.3.peg.1988.site.2, 0, 180, 180
908612.3.peg.1988.site.3, 16, 179, 195
908612.3.peg.1988.site.4, 14, 178, 192
908612.3.peg.1988.site.5, 15, 179, 194
908612.3.peg.1988.site.6, 12, 178, 190
908612.3.peg.1988.site.7, 12, 178, 190
908612.3.peg.1988.site.8, 1, 179, 180
908612.3.peg.1988.site.9, 0, 180, 180
908612.3.peg.2983.site.1, 18, 178, 196
908612.3.peg.2983.site.2, 47, 180, 227
908612.3.peg.2983.site.3, 25, 180, 205
908612.3.peg.2983.site.4, 23, 178, 201
908612.3.peg.2983.site.5, 0, 180, 180
908612.3.peg.2983.site.6, 23, 178, 201
908612.3.peg.2983.site.7, 29, 179, 208
908612.3.peg.2983.site.8, 3, 179, 182
908612.3.peg.2983.site.9, 3, 179, 182
908612.3.peg.2983.site.10, 28, 178, 206
908612.3.peg.2983.site.11, 28, 178, 206
908612.3.peg.2983.site.12, 38, 176, 214
908612.3.peg.2983.site.13, 3, 180, 183
908612.3.peg.2983.site.14, 28, 178, 206
908612.3.peg.2983.site.15, 30, 177, 207
908612.3.peg.2983.site.16, 1, 178, 179
908612.3.peg.2983.site.17, 25, 178, 203
908612.3.peg.2983.site.18, 25, 177, 202
908612.3.peg.2983.site.19, 3, 179, 182
908612.3.peg.2983.site.20, 9, 180, 189
908612.3.peg.2983.site.21, 25, 180, 205
908612.3.peg.2983.site.22, 9, 179, 188
908612.3.peg.2983.site.23, 28, 174, 202
908612.3.peg.2983.site.24, 25, 169, 194
908612.3.peg.2983.site.25, 0, 171, 171
908612.3.peg.2983.site.26, 27, 178, 205
908612.3.peg.2983.site.27, 21, 144, 165
908612.3.peg.2983.site.28, 10, 112, 122
908612.3.peg.2983.site.29, 35, 176, 211
908612.3.peg.2983.site.30, 32, 177, 209
908612.3.peg.2983.site.31, 0, 179, 179
908612.3.peg.2983.site.32, 9, 179, 188
908612.3.peg.2983.site.33, 0, 179, 179
908612.3.peg.2983.site.34, 1, 180, 181
908612.3.peg.2983.site.35, 3, 180, 183
908612.3.peg.2983.site.36, 25, 178, 203
908612.3.peg.2983.site.37, 0, 179, 179
908612.3.peg.2983.site.38, 0, 167, 167
908612.3.peg.2983.site.39, 3, 155, 158
908612.3.peg.2983.site.40, 24, 146, 170
908612.3.peg.2983.site.41, 37, 148, 185
908612.3.peg.2983.site.42, 24, 174, 198
908612.3.peg.2985.site.1, 63, 142, 205
908612.3.peg.2985.site.2, 65, 149, 214
908612.3.peg.2985.site.3, 0, 154, 154
908612.3.peg.2985.site.4, 29, 153, 182
908612.3.peg.2985.site.5, 3, 176, 179
908612.3.peg.2985.site.6, 35, 175, 210
908612.3.peg.2985.site.7, 5, 177, 182
908612.3.peg.2985.site.8, 70, 175, 245
908612.3.peg.2985.site.9, 1, 178, 179
908612.3.peg.2985.site.10, 74, 176, 250
908612.3.peg.2985.site.11, 91, 173, 264
908612.3.peg.2985.site.12, 2, 179, 181
908612.3.peg.2985.site.13, 73, 177, 250
908612.3.peg.2985.site.14, 74, 172, 246
908612.3.peg.2985.site.15, 17, 173, 190
908612.3.peg.2985.site.16, 1, 179, 180
908612.3.peg.2985.site.17, 55, 178, 233
908612.3.peg.2985.site.18, 57, 179, 236
908612.3.peg.2985.site.19, 6, 180, 186
908612.3.peg.2985.site.20, 76, 179, 255
908612.3.peg.2985.site.21, 3, 180, 183
908612.3.peg.2985.site.22, 34, 177, 211
908612.3.peg.2985.site.23, 0, 180, 180
908612.3.peg.2985.site.24, 0, 179, 179
908612.3.peg.2984.site.1, 23, 179, 202
908612.3.peg.2984.site.2, 0, 179, 179
908612.3.peg.2984.site.3, 2, 180, 182
908612.3.peg.2984.site.4, 23, 180, 203
908612.3.peg.2984.site.5, 3, 177, 180
908612.3.peg.2984.site.6, 0, 179, 179
908612.3.peg.2987.site.1, 0, 180, 180
908612.3.peg.2987.site.2, 0, 179, 179
908612.3.peg.2987.site.3, 6, 179, 185
908612.3.peg.2987.site.4, 21, 178, 199
908612.3.peg.2987.site.5, 9, 180, 189
908612.3.peg.2987.site.6, 15, 179, 194
908612.3.peg.2987.site.7, 2, 178, 180
908612.3.peg.2987.site.8, 150, 176, 326
908612.3.peg.2987.site.9, 7, 179, 186
908612.3.peg.2987.site.10, 3, 180, 183
908612.3.peg.2987.site.11, 29, 178, 207
908612.3.peg.2987.site.12, 115, 178, 293
908612.3.peg.2987.site.13, 116, 178, 294
908612.3.peg.2987.site.14, 116, 178, 294
908612.3.peg.2987.site.15, 10, 177, 187
908612.3.peg.2987.site.16, 5, 180, 185
908612.3.peg.2987.site.17, 0, 180, 180
908612.3.peg.2987.site.18, 110, 179, 289
908612.3.peg.1989.site.1, 54, 177, 231
908612.3.peg.1989.site.2, 1, 176, 177
908612.3.peg.1989.site.3, 38, 166, 204
908612.3.peg.1989.site.4, 3, 176, 179
908612.3.peg.1989.site.5, 121, 175, 296
908612.3.peg.1989.site.6, 2, 174, 176
908612.3.peg.1989.site.7, 2, 172, 174
908612.3.peg.1989.site.8, 9, 154, 163
908612.3.peg.1989.site.9, 1, 147, 148
908612.3.peg.1989.site.10, 3, 160, 163
908612.3.peg.1989.site.11, 27, 161, 188
908612.3.peg.1989.site.12, 32, 167, 199
908612.3.peg.1989.site.13, 27, 168, 195
908612.3.peg.1989.site.14, 2, 158, 160
908612.3.peg.1989.site.15, 2, 160, 162
908612.3.peg.1989.site.16, 1, 157, 158
908612.3.peg.1989.site.17, 53, 178, 231
908612.3.peg.1989.site.18, 35, 177, 212
908612.3.peg.1989.site.19, 31, 143, 174
908612.3.peg.1989.site.20, 1, 142, 143
908612.3.peg.1989.site.21, 30, 153, 183
908612.3.peg.1989.site.22, 1, 166, 167
908612.3.peg.1989.site.23, 2, 175, 177
908612.3.peg.2989.site.1, 3, 180, 183
908612.3.peg.2989.site.2, 1, 180, 181
908612.3.peg.2989.site.3, 24, 177, 201
908612.3.peg.2989.site.4, 2, 177, 179
908612.3.peg.2989.site.5, 4, 179, 183
908612.3.peg.2989.site.6, 0, 180, 180
908612.3.peg.2989.site.7, 59, 177, 236
908612.3.peg.2989.site.8, 58, 177, 235
908612.3.peg.2989.site.9, 5, 178, 183
908612.3.peg.2989.site.10, 0, 180, 180
908612.3.peg.2989.site.11, 31, 179, 210
908612.3.peg.2989.site.12, 3, 180, 183
908612.3.peg.2989.site.13, 1, 180, 181
908612.3.peg.2989.site.14, 20, 179, 199
908612.3.peg.2989.site.15, 41, 177, 218
908612.3.peg.2988.site.1, 0, 177, 177
908612.3.peg.2988.site.2, 108, 178, 286
908612.3.peg.2988.site.3, 4, 180, 184
908612.3.peg.2988.site.4, 9, 180, 189
908612.3.peg.2988.site.5, 5, 180, 185
908612.3.peg.2988.site.6, 40, 177, 217
908612.3.peg.2988.site.7, 89, 176, 265
908612.3.peg.2988.site.8, 5, 180, 185
908612.3.peg.2988.site.9, 3, 180, 183
908612.3.peg.2988.site.10, 103, 178, 281
908612.3.peg.2988.site.11, 8, 177, 185
908612.3.peg.2988.site.12, 1, 180, 181
908612.3.peg.2988.site.13, 19, 180, 199
908612.3.peg.2988.site.14, 3, 168, 171
908612.3.peg.2988.site.15, 1, 177, 178
908612.3.peg.2988.site.16, 17, 178, 195
908612.3.peg.2988.site.17, 0, 180, 180
908612.3.peg.2988.site.18, 80, 179, 259
908612.3.peg.2988.site.19, 2, 180, 182
908612.3.peg.2988.site.20, 15, 178, 193
908612.3.peg.2988.site.21, 15, 178, 193
908612.3.peg.2988.site.22, 11, 178, 189
908612.3.peg.2988.site.23, 1, 180, 181
908612.3.peg.2988.site.24, 2, 180, 182
908612.3.peg.2988.site.25, 0, 180, 180
908612.3.peg.2988.site.26, 5, 180, 185
908612.3.peg.2988.site.27, 11, 180, 191
908612.3.peg.2988.site.28, 0, 180, 180
908612.3.peg.2988.site.29, 75, 174, 249
908612.3.peg.2988.site.30, 74, 173, 247
908612.3.peg.2988.site.31, 152, 176, 328
908612.3.peg.2988.site.32, 10, 180, 190
908612.3.peg.2988.site.33, 18, 179, 197
908612.3.peg.2988.site.34, 92, 178, 270
908612.3.peg.2988.site.35, 24, 179, 203
908612.3.peg.2988.site.36, 24, 180, 204
908612.3.peg.2988.site.37, 0, 180, 180
908612.3.peg.2988.site.38, 0, 178, 178
908612.3.peg.2988.site.39, 2, 180, 182
908612.3.peg.2550.site.1, 5, 175, 180
908612.3.peg.2550.site.2, 0, 174, 174
908612.3.peg.2550.site.3, 21, 171, 192
908612.3.peg.2550.site.4, 3, 153, 156
908612.3.peg.2550.site.5, 45, 160, 205
908612.3.peg.2550.site.6, 111, 169, 280
908612.3.peg.2550.site.7, 115, 168, 283
908612.3.peg.2550.site.8, 145, 170, 315
908612.3.peg.2550.site.9, 50, 159, 209
908612.3.peg.2550.site.10, 1, 175, 176
908612.3.peg.2550.site.11, 5, 171, 176
908612.3.peg.2550.site.12, 5, 178, 183
908612.3.peg.2550.site.13, 21, 177, 198
908612.3.peg.852.site.1, 5, 177, 182
908612.3.peg.852.site.2, 0, 179, 179
908612.3.peg.852.site.3, 0, 178, 178
908612.3.peg.852.site.4, 6, 179, 185
908612.3.peg.852.site.5, 17, 177, 194
908612.3.peg.852.site.6, 0, 178, 178
908612.3.peg.852.site.7, 0, 180, 180
908612.3.peg.852.site.8, 16, 178, 194
908612.3.peg.852.site.9, 1, 180, 181
908612.3.peg.852.site.10, 4, 178, 182
908612.3.peg.852.site.11, 62, 175, 237
908612.3.peg.852.site.12, 0, 180, 180
908612.3.peg.852.site.13, 1, 179, 180
908612.3.peg.852.site.14, 0, 180, 180
908612.3.peg.852.site.15, 1, 179, 180
908612.3.peg.852.site.16, 27, 177, 204
908612.3.peg.852.site.17, 74, 175, 249
908612.3.peg.852.site.18, 21, 178, 199
908612.3.peg.852.site.19, 28, 178, 206
908612.3.peg.852.site.20, 64, 173, 237
908612.3.peg.852.site.21, 14, 177, 191
908612.3.peg.852.site.22, 14, 178, 192
908612.3.peg.852.site.23, 6, 177, 183
908612.3.peg.852.site.24, 3, 180, 183
908612.3.peg.852.site.25, 1, 180, 181
908612.3.peg.852.site.26, 0, 180, 180
908612.3.peg.852.site.27, 2, 180, 182
908612.3.peg.852.site.28, 146, 175, 321
908612.3.peg.852.site.29, 17, 174, 191
908612.3.peg.852.site.30, 150, 178, 328
908612.3.peg.852.site.31, 18, 176, 194
908612.3.peg.852.site.32, 2, 178, 180
908612.3.peg.852.site.33, 3, 180, 183
908612.3.peg.852.site.34, 57, 174, 231
908612.3.peg.852.site.35, 0, 179, 179
908612.3.peg.852.site.36, 0, 179, 179
908612.3.peg.852.site.37, 1, 177, 178
908612.3.peg.852.site.38, 2, 174, 176
908612.3.peg.852.site.39, 53, 172, 225
908612.3.peg.852.site.40, 1, 176, 177
908612.3.peg.852.site.41, 41, 166, 207
908612.3.peg.852.site.42, 130, 175, 305
908612.3.peg.852.site.43, 38, 175, 213
908612.3.peg.852.site.44, 13, 178, 191
908612.3.peg.852.site.45, 3, 180, 183
908612.3.peg.852.site.46, 28, 177, 205
908612.3.peg.852.site.47, 3, 178, 181
908612.3.peg.852.site.48, 55, 174, 229
908612.3.peg.853.site.1, 4, 179, 183
908612.3.peg.853.site.2, 0, 180, 180
908612.3.peg.853.site.3, 0, 179, 179
908612.3.peg.853.site.4, 1, 180, 181
908612.3.peg.853.site.5, 42, 172, 214
908612.3.peg.853.site.6, 0, 174, 174
908612.3.peg.853.site.7, 5, 178, 183
908612.3.peg.853.site.8, 0, 180, 180
908612.3.peg.853.site.9, 2, 180, 182
908612.3.peg.853.site.10, 6, 179, 185
908612.3.peg.853.site.11, 53, 175, 228
908612.3.peg.850.site.1, 21, 179, 200
908612.3.peg.850.site.2, 14, 179, 193
908612.3.peg.850.site.3, 0, 180, 180
908612.3.peg.850.site.4, 5, 179, 184
908612.3.peg.850.site.5, 2, 180, 182
908612.3.peg.850.site.6, 69, 174, 243
908612.3.peg.850.site.7, 18, 178, 196
908612.3.peg.850.site.8, 28, 179, 207
908612.3.peg.850.site.9, 1, 177, 178
908612.3.peg.850.site.10, 2, 178, 180
908612.3.peg.850.site.11, 124, 155, 279
908612.3.peg.864.site.1, 2, 180, 182
908612.3.peg.864.site.2, 0, 180, 180
908612.3.peg.864.site.3, 0, 177, 177
908612.3.peg.864.site.4, 2, 169, 171
908612.3.peg.864.site.5, 0, 129, 129
908612.3.peg.864.site.6, 0, 174, 174
908612.3.peg.864.site.7, 7, 176, 183
908612.3.peg.864.site.8, 5, 175, 180
908612.3.peg.864.site.9, 1, 176, 177
908612.3.peg.864.site.10, 0, 174, 174
908612.3.peg.864.site.11, 0, 171, 171
908612.3.peg.864.site.12, 0, 171, 171
908612.3.peg.864.site.13, 26, 173, 199
908612.3.peg.864.site.14, 21, 174, 195
908612.3.peg.864.site.15, 1, 175, 176
908612.3.peg.864.site.16, 30, 160, 190
908612.3.peg.856.site.1, 19, 179, 198
908612.3.peg.856.site.2, 19, 177, 196
908612.3.peg.856.site.3, 1, 174, 175
908612.3.peg.856.site.4, 19, 177, 196
908612.3.peg.856.site.5, 1, 179, 180
908612.3.peg.856.site.6, 45, 175, 220
908612.3.peg.856.site.7, 43, 174, 217
908612.3.peg.856.site.8, 1, 178, 179
908612.3.peg.856.site.9, 3, 179, 182
908612.3.peg.856.site.10, 18, 178, 196
908612.3.peg.856.site.11, 0, 176, 176
908612.3.peg.856.site.12, 1, 178, 179
908612.3.peg.856.site.13, 18, 168, 186
908612.3.peg.856.site.14, 4, 162, 166
908612.3.peg.856.site.15, 18, 176, 194
908612.3.peg.856.site.16, 31, 173, 204
908612.3.peg.857.site.1, 2, 180, 182
908612.3.peg.857.site.2, 0, 180, 180
908612.3.peg.857.site.3, 27, 169, 196
908612.3.peg.857.site.4, 5, 179, 184
908612.3.peg.857.site.5, 2, 177, 179
908612.3.peg.857.site.6, 2, 172, 174
908612.3.peg.857.site.7, 1, 177, 178
908612.3.peg.857.site.8, 1, 178, 179
908612.3.peg.857.site.9, 47, 175, 222
908612.3.peg.857.site.10, 46, 174, 220
908612.3.peg.857.site.11, 47, 176, 223
908612.3.peg.857.site.12, 62, 138, 200
908612.3.peg.857.site.13, 54, 129, 183
908612.3.peg.857.site.14, 51, 125, 176
908612.3.peg.857.site.15, 20, 91, 111
908612.3.peg.857.site.16, 43, 96, 139
908612.3.peg.857.site.17, 0, 180, 180
908612.3.peg.857.site.18, 17, 178, 195
908612.3.peg.857.site.19, 0, 179, 179
908612.3.peg.857.site.20, 3, 179, 182
908612.3.peg.857.site.21, 0, 180, 180
908612.3.peg.857.site.22, 0, 178, 178
908612.3.peg.857.site.23, 29, 178, 207
908612.3.peg.857.site.24, 124, 177, 301
908612.3.peg.857.site.25, 85, 173, 258
908612.3.peg.857.site.26, 1, 178, 179
908612.3.peg.857.site.27, 0, 178, 178
908612.3.peg.857.site.28, 2, 179, 181
908612.3.peg.857.site.29, 44, 178, 222
908612.3.peg.857.site.30, 12, 180, 192
908612.3.peg.857.site.31, 28, 179, 207
908612.3.peg.857.site.32, 88, 177, 265
908612.3.peg.857.site.33, 0, 175, 175
908612.3.peg.857.site.34, 5, 170, 175
908612.3.peg.857.site.35, 2, 168, 170
908612.3.peg.857.site.36, 4, 180, 184
908612.3.peg.857.site.37, 4, 178, 182
908612.3.peg.857.site.38, 3, 175, 178
908612.3.peg.857.site.39, 19, 172, 191
908612.3.peg.857.site.40, 10, 173, 183
908612.3.peg.857.site.41, 14, 165, 179
908612.3.peg.857.site.42, 13, 180, 193
908612.3.peg.857.site.43, 1, 180, 181
908612.3.peg.857.site.44, 26, 179, 205
908612.3.peg.857.site.45, 23, 176, 199
908612.3.peg.857.site.46, 23, 176, 199
908612.3.peg.857.site.47, 0, 179, 179
908612.3.peg.857.site.48, 41, 177, 218
908612.3.peg.854.site.1, 0, 178, 178
908612.3.peg.854.site.2, 48, 172, 220
908612.3.peg.854.site.3, 48, 173, 221
908612.3.peg.854.site.4, 0, 179, 179
908612.3.peg.854.site.5, 18, 176, 194
908612.3.peg.854.site.6, 9, 178, 187
908612.3.peg.854.site.7, 4, 175, 179
908612.3.peg.854.site.8, 3, 175, 178
908612.3.peg.854.site.9, 31, 177, 208
908612.3.peg.854.site.10, 21, 173, 194
908612.3.peg.854.site.11, 0, 168, 168
908612.3.peg.854.site.12, 4, 174, 178
908612.3.peg.854.site.13, 20, 178, 198
908612.3.peg.854.site.14, 5, 180, 185
908612.3.peg.854.site.15, 23, 180, 203
908612.3.peg.854.site.16, 3, 176, 179
908612.3.peg.854.site.17, 3, 175, 178
908612.3.peg.854.site.18, 1, 139, 140
908612.3.peg.854.site.19, 11, 103, 114
908612.3.peg.854.site.20, 10, 85, 95
908612.3.peg.854.site.21, 10, 118, 128
908612.3.peg.854.site.22, 1, 162, 163
908612.3.peg.854.site.23, 1, 169, 170
908612.3.peg.854.site.24, 4, 150, 154
908612.3.peg.854.site.25, 47, 149, 196
908612.3.peg.854.site.26, 46, 162, 208
908612.3.peg.854.site.27, 1, 173, 174
908612.3.peg.854.site.28, 4, 175, 179
908612.3.peg.854.site.29, 1, 172, 173
908612.3.peg.854.site.30, 2, 167, 169
908612.3.peg.855.site.1, 38, 155, 193
908612.3.peg.855.site.2, 43, 161, 204
908612.3.peg.855.site.3, 3, 170, 173
908612.3.peg.855.site.4, 18, 169, 187
908612.3.peg.855.site.5, 3, 178, 181
908612.3.peg.855.site.6, 3, 178, 181
908612.3.peg.855.site.7, 10, 179, 189
908612.3.peg.855.site.8, 6, 178, 184
908612.3.peg.855.site.9, 57, 172, 229
908612.3.peg.855.site.10, 1, 173, 174
908612.3.peg.855.site.11, 35, 171, 206
908612.3.peg.855.site.12, 2, 169, 171
908612.3.peg.855.site.13, 3, 163, 166
908612.3.peg.855.site.14, 1, 172, 173
908612.3.peg.855.site.15, 2, 179, 181
908612.3.peg.2884.site.1, 0, 179, 179
908612.3.peg.2884.site.2, 5, 178, 183
908612.3.peg.2884.site.3, 0, 180, 180
908612.3.peg.858.site.1, 0, 158, 158
908612.3.peg.858.site.2, 0, 148, 148
908612.3.peg.858.site.3, 2, 151, 153
908612.3.peg.858.site.4, 1, 148, 149
908612.3.peg.858.site.5, 1, 146, 147
908612.3.peg.858.site.6, 91, 157, 248
908612.3.peg.858.site.7, 1, 177, 178
908612.3.peg.858.site.8, 8, 179, 187
908612.3.peg.858.site.9, 21, 177, 198
908612.3.peg.858.site.10, 1, 178, 179
908612.3.peg.858.site.11, 14, 178, 192
908612.3.peg.858.site.12, 5, 179, 184
908612.3.peg.858.site.13, 66, 175, 241
908612.3.peg.858.site.14, 22, 179, 201
908612.3.peg.858.site.15, 0, 179, 179
908612.3.peg.858.site.16, 21, 174, 195
908612.3.peg.858.site.17, 2, 165, 167
908612.3.peg.858.site.18, 1, 156, 157
908612.3.peg.858.site.19, 12, 145, 157
908612.3.peg.858.site.20, 53, 168, 221
908612.3.peg.858.site.21, 37, 177, 214
908612.3.peg.858.site.22, 21, 179, 200
908612.3.peg.858.site.23, 31, 176, 207
908612.3.peg.858.site.24, 50, 175, 225
908612.3.peg.858.site.25, 36, 176, 212
908612.3.peg.858.site.26, 23, 175, 198
908612.3.peg.858.site.27, 24, 170, 194
908612.3.peg.858.site.28, 0, 167, 167
908612.3.peg.858.site.29, 1, 171, 172
908612.3.peg.858.site.30, 28, 166, 194
908612.3.peg.858.site.31, 6, 159, 165
908612.3.peg.858.site.32, 32, 171, 203
908612.3.peg.858.site.33, 16, 117, 133
908612.3.peg.858.site.34, 24, 119, 143
908612.3.peg.858.site.35, 4, 138, 142
908612.3.peg.858.site.36, 10, 164, 174
908612.3.peg.858.site.37, 0, 178, 178
908612.3.peg.858.site.38, 1, 179, 180
908612.3.peg.2557.site.1, 33, 155, 188
908612.3.peg.2554.site.1, 1, 180, 181
908612.3.peg.2554.site.2, 23, 180, 203
908612.3.peg.2554.site.3, 1, 179, 180
908612.3.peg.2554.site.4, 1, 176, 177
908612.3.peg.2554.site.5, 2, 180, 182
908612.3.peg.2554.site.6, 3, 180, 183
908612.3.peg.2554.site.7, 52, 176, 228
908612.3.peg.2554.site.8, 9, 178, 187
908612.3.peg.2554.site.9, 47, 178, 225
908612.3.peg.2554.site.10, 12, 179, 191
908612.3.peg.2554.site.11, 107, 178, 285
908612.3.peg.2554.site.12, 3, 179, 182
908612.3.peg.2554.site.13, 45, 177, 222
908612.3.peg.2554.site.14, 3, 180, 183
908612.3.peg.2554.site.15, 45, 178, 223
908612.3.peg.2554.site.16, 0, 180, 180
908612.3.peg.2554.site.17, 8, 180, 188
908612.3.peg.2554.site.18, 3, 180, 183
908612.3.peg.2554.site.19, 17, 176, 193
908612.3.peg.2554.site.20, 2, 173, 175
908612.3.peg.2554.site.21, 0, 162, 162
908612.3.peg.2554.site.22, 2, 156, 158
908612.3.peg.2887.site.1, 2, 178, 180
908612.3.peg.2887.site.2, 3, 175, 178
908612.3.peg.2887.site.3, 23, 178, 201
908612.3.peg.2887.site.4, 8, 180, 188
908612.3.peg.2887.site.5, 68, 178, 246
908612.3.peg.2887.site.6, 0, 180, 180
908612.3.peg.2887.site.7, 7, 180, 187
908612.3.peg.2887.site.8, 0, 180, 180
908612.3.peg.2887.site.9, 27, 177, 204
908612.3.peg.2887.site.10, 0, 180, 180
908612.3.peg.2887.site.11, 14, 178, 192
908612.3.peg.2887.site.12, 0, 180, 180
908612.3.peg.2887.site.13, 0, 180, 180
908612.3.peg.2887.site.14, 5, 179, 184
908612.3.peg.2887.site.15, 3, 180, 183
908612.3.peg.2887.site.16, 71, 178, 249
908612.3.peg.2887.site.17, 0, 179, 179
908612.3.peg.2887.site.18, 1, 179, 180
908612.3.peg.2887.site.19, 48, 176, 224
908612.3.peg.2887.site.20, 1, 180, 181
908612.3.peg.2887.site.21, 19, 179, 198
908612.3.peg.2347.site.1, 118, 168, 286
908612.3.peg.2347.site.2, 0, 176, 176
908612.3.peg.2347.site.3, 0, 180, 180
908612.3.peg.2347.site.4, 81, 171, 252
908612.3.peg.2347.site.5, 0, 178, 178
908612.3.peg.2347.site.6, 0, 179, 179
908612.3.peg.2347.site.7, 1, 180, 181
908612.3.peg.2347.site.8, 5, 178, 183
908612.3.peg.2347.site.9, 6, 170, 176
908612.3.peg.2347.site.10, 78, 172, 250
908612.3.peg.2347.site.11, 76, 174, 250
908612.3.peg.2347.site.12, 2, 179, 181
908612.3.peg.2347.site.13, 72, 171, 243
908612.3.peg.2347.site.14, 2, 179, 181
908612.3.peg.2347.site.15, 46, 166, 212
908612.3.peg.2347.site.16, 0, 173, 173
908612.3.peg.2347.site.17, 0, 173, 173
908612.3.peg.2347.site.18, 125, 172, 297
908612.3.peg.2347.site.19, 2, 175, 177
908612.3.peg.2347.site.20, 0, 178, 178
908612.3.peg.2347.site.21, 5, 175, 180
908612.3.peg.2347.site.22, 0, 178, 178
908612.3.peg.2347.site.23, 44, 177, 221
908612.3.peg.2347.site.24, 0, 179, 179
908612.3.peg.2346.site.1, 5, 178, 183
908612.3.peg.2346.site.2, 50, 174, 224
908612.3.peg.2346.site.3, 2, 179, 181
908612.3.peg.2346.site.4, 30, 176, 206
908612.3.peg.2346.site.5, 31, 177, 208
908612.3.peg.2346.site.6, 26, 171, 197
908612.3.peg.2346.site.7, 6, 142, 148
908612.3.peg.2346.site.8, 0, 159, 159
908612.3.peg.2346.site.9, 28, 162, 190
908612.3.peg.2346.site.10, 1, 169, 170
908612.3.peg.2346.site.11, 5, 179, 184
908612.3.peg.2346.site.12, 41, 177, 218
908612.3.peg.2346.site.13, 0, 178, 178
908612.3.peg.2346.site.14, 1, 175, 176
908612.3.peg.2346.site.15, 1, 178, 179
908612.3.peg.2346.site.16, 8, 176, 184
908612.3.peg.2346.site.17, 38, 171, 209
908612.3.peg.2346.site.18, 70, 169, 239
908612.3.peg.2346.site.19, 75, 165, 240
908612.3.peg.2346.site.20, 2, 138, 140
908612.3.peg.2346.site.21, 40, 158, 198
908612.3.peg.2346.site.22, 40, 174, 214
908612.3.peg.2346.site.23, 9, 168, 177
908612.3.peg.2346.site.24, 34, 153, 187
908612.3.peg.2346.site.25, 15, 155, 170
908612.3.peg.2346.site.26, 9, 151, 160
908612.3.peg.2346.site.27, 2, 142, 144
908612.3.peg.2346.site.28, 7, 133, 140
908612.3.peg.2346.site.29, 1, 119, 120
908612.3.peg.2346.site.30, 1, 134, 135
908612.3.peg.2346.site.31, 11, 123, 134
908612.3.peg.2346.site.32, 15, 146, 161
908612.3.peg.2346.site.33, 1, 171, 172
908612.3.peg.2346.site.34, 4, 176, 180
908612.3.peg.2346.site.35, 13, 175, 188
908612.3.peg.2346.site.36, 4, 178, 182
908612.3.peg.2346.site.37, 19, 177, 196
908612.3.peg.2346.site.38, 0, 177, 177
908612.3.peg.2346.site.39, 4, 178, 182
908612.3.peg.2346.site.40, 29, 174, 203
908612.3.peg.2346.site.41, 1, 180, 181
908612.3.peg.2346.site.42, 5, 176, 181
908612.3.peg.2346.site.43, 27, 170, 197
908612.3.peg.2346.site.44, 20, 168, 188
908612.3.peg.2346.site.45, 4, 166, 170
908612.3.peg.2346.site.46, 1, 161, 162
908612.3.peg.2346.site.47, 26, 140, 166
908612.3.peg.2346.site.48, 17, 131, 148
908612.3.peg.2346.site.49, 0, 170, 170
908612.3.peg.2346.site.50, 4, 169, 173
908612.3.peg.2346.site.51, 1, 173, 174
908612.3.peg.2346.site.52, 1, 179, 180
908612.3.peg.2346.site.53, 27, 177, 204
908612.3.peg.2346.site.54, 39, 176, 215
908612.3.peg.2346.site.55, 0, 179, 179
908612.3.peg.2346.site.56, 4, 178, 182
908612.3.peg.2346.site.57, 5, 180, 185
908612.3.peg.2346.site.58, 1, 180, 181
908612.3.peg.2346.site.59, 27, 175, 202
908612.3.peg.2346.site.60, 6, 179, 185
908612.3.peg.2346.site.61, 7, 105, 112
908612.3.peg.2346.site.62, 2, 123, 125
908612.3.peg.2346.site.63, 10, 145, 155
908612.3.peg.2346.site.64, 22, 160, 182
908612.3.peg.2346.site.65, 3, 168, 171
908612.3.peg.2346.site.66, 22, 166, 188
908612.3.peg.2346.site.67, 20, 164, 184
908612.3.peg.2346.site.68, 15, 163, 178
908612.3.peg.2346.site.69, 11, 174, 185
908612.3.peg.2346.site.70, 3, 173, 176
908612.3.peg.2346.site.71, 26, 171, 197
908612.3.peg.2346.site.72, 25, 171, 196
908612.3.peg.2346.site.73, 7, 151, 158
908612.3.peg.2344.site.1, 69, 133, 202
908612.3.peg.2344.site.2, 15, 131, 146
908612.3.peg.2344.site.3, 16, 126, 142
908612.3.peg.2344.site.4, 22, 154, 176
908612.3.peg.2344.site.5, 86, 158, 244
908612.3.peg.2344.site.6, 8, 158, 166
908612.3.peg.2344.site.7, 9, 161, 170
908612.3.peg.2344.site.8, 1, 162, 163
908612.3.peg.2344.site.9, 2, 175, 177
908612.3.peg.2344.site.10, 5, 177, 182
908612.3.peg.2344.site.11, 31, 175, 206
908612.3.peg.2344.site.12, 0, 174, 174
908612.3.peg.2344.site.13, 2, 173, 175
908612.3.peg.2344.site.14, 20, 171, 191
908612.3.peg.2344.site.15, 29, 178, 207
908612.3.peg.2344.site.16, 27, 176, 203
908612.3.peg.2344.site.17, 24, 176, 200
908612.3.peg.2344.site.18, 5, 174, 179
908612.3.peg.2344.site.19, 20, 165, 185
908612.3.peg.2344.site.20, 17, 161, 178
908612.3.peg.2344.site.21, 3, 131, 134
908612.3.peg.2344.site.22, 58, 119, 177
908612.3.peg.2342.site.1, 68, 147, 215
908612.3.peg.2342.site.2, 0, 164, 164
908612.3.peg.2342.site.3, 28, 165, 193
908612.3.peg.2342.site.4, 0, 153, 153
908612.3.peg.2342.site.5, 4, 128, 132
908612.3.peg.2342.site.6, 4, 127, 131
908612.3.peg.2342.site.7, 1, 134, 135
908612.3.peg.2342.site.8, 6, 165, 171
908612.3.peg.2342.site.9, 71, 169, 240
908612.3.peg.2342.site.10, 40, 170, 210
908612.3.peg.2342.site.11, 28, 175, 203
908612.3.peg.2342.site.12, 3, 178, 181
908612.3.peg.2342.site.13, 7, 178, 185
908612.3.peg.2342.site.14, 5, 172, 177
908612.3.peg.2342.site.15, 6, 178, 184
908612.3.peg.2342.site.16, 45, 174, 219
908612.3.peg.2342.site.17, 45, 172, 217
908612.3.peg.2342.site.18, 42, 173, 215
908612.3.peg.2342.site.19, 3, 172, 175
908612.3.peg.2342.site.20, 45, 173, 218
908612.3.peg.2342.site.21, 5, 178, 183
908612.3.peg.2342.site.22, 10, 179, 189
908612.3.peg.2342.site.23, 0, 178, 178
908612.3.peg.2342.site.24, 71, 168, 239
908612.3.peg.2342.site.25, 18, 172, 190
908612.3.peg.2342.site.26, 47, 170, 217
908612.3.peg.2342.site.27, 22, 168, 190
908612.3.peg.2342.site.28, 1, 173, 174
908612.3.peg.2342.site.29, 45, 170, 215
908612.3.peg.2342.site.30, 0, 171, 171
908612.3.peg.2342.site.31, 76, 161, 237
908612.3.peg.2342.site.32, 85, 163, 248
908612.3.peg.2342.site.33, 1, 143, 144
908612.3.peg.2342.site.34, 75, 159, 234
908612.3.peg.2342.site.35, 18, 164, 182
908612.3.peg.2342.site.36, 18, 160, 178
908612.3.peg.2342.site.37, 0, 164, 164
908612.3.peg.2341.site.1, 118, 177, 295
908612.3.peg.2341.site.2, 116, 170, 286
908612.3.peg.2341.site.3, 0, 169, 169
908612.3.peg.2341.site.4, 67, 141, 208
908612.3.peg.2341.site.5, 72, 147, 219
908612.3.peg.2341.site.6, 92, 159, 251
908612.3.peg.2341.site.7, 1, 157, 158
908612.3.peg.2341.site.8, 2, 158, 160
908612.3.peg.2341.site.9, 75, 136, 211
908612.3.peg.2341.site.10, 9, 144, 153
908612.3.peg.2341.site.11, 109, 140, 249
908612.3.peg.2341.site.12, 109, 136, 245
908612.3.peg.2341.site.13, 9, 135, 144
908612.3.peg.2341.site.14, 17, 140, 157
908612.3.peg.2341.site.15, 19, 168, 187
908612.3.peg.2341.site.16, 8, 176, 184
908612.3.peg.2341.site.17, 139, 174, 313
908612.3.peg.2341.site.18, 2, 171, 173
908612.3.peg.2341.site.19, 143, 173, 316
908612.3.peg.2341.site.20, 115, 177, 292
908612.3.peg.2341.site.21, 104, 174, 278
908612.3.peg.2341.site.22, 57, 177, 234
908612.3.peg.2341.site.23, 4, 174, 178
908612.3.peg.2341.site.24, 44, 176, 220
908612.3.peg.2340.site.1, 1, 178, 179
908612.3.peg.2340.site.2, 8, 180, 188
908612.3.peg.2340.site.3, 0, 180, 180
908612.3.peg.2340.site.4, 0, 179, 179
908612.3.peg.2340.site.5, 46, 178, 224
908612.3.peg.2340.site.6, 5, 178, 183
908612.3.peg.2340.site.7, 30, 172, 202
908612.3.peg.2340.site.8, 1, 177, 178
908612.3.peg.2340.site.9, 7, 179, 186
908612.3.peg.2340.site.10, 3, 176, 179
908612.3.peg.2340.site.11, 0, 178, 178
908612.3.peg.2340.site.12, 1, 171, 172
908612.3.peg.2340.site.13, 2, 175, 177
908612.3.peg.2340.site.14, 23, 172, 195
908612.3.peg.2340.site.15, 0, 179, 179
908612.3.peg.2340.site.16, 0, 179, 179
908612.3.peg.2348.site.1, 19, 179, 198
908612.3.peg.2348.site.2, 21, 179, 200
908612.3.peg.2348.site.3, 16, 179, 195
908612.3.peg.2348.site.4, 3, 179, 182
908612.3.peg.2348.site.5, 53, 175, 228
908612.3.peg.2188.site.1, 1, 179, 180
908612.3.peg.2188.site.2, 0, 180, 180
908612.3.peg.2188.site.3, 11, 180, 191
908612.3.peg.2188.site.4, 7, 179, 186
908612.3.peg.2188.site.5, 60, 176, 236
908612.3.peg.2188.site.6, 2, 179, 181
908612.3.peg.2188.site.7, 3, 179, 182
908612.3.peg.2188.site.8, 6, 178, 184
908612.3.peg.2188.site.9, 4, 180, 184
908612.3.peg.2188.site.10, 5, 178, 183
908612.3.peg.2188.site.11, 18, 177, 195
908612.3.peg.2188.site.12, 58, 176, 234
908612.3.peg.2188.site.13, 2, 154, 156
908612.3.peg.2798.site.1, 63, 172, 235
908612.3.peg.2798.site.2, 73, 177, 250
908612.3.peg.2798.site.3, 41, 178, 219
908612.3.peg.2798.site.4, 6, 180, 186
908612.3.peg.2798.site.5, 28, 173, 201
908612.3.peg.2798.site.6, 5, 175, 180
908612.3.peg.2798.site.7, 0, 178, 178
908612.3.peg.2798.site.8, 6, 179, 185
908612.3.peg.2798.site.9, 3, 178, 181
908612.3.peg.2798.site.10, 0, 178, 178
908612.3.peg.2798.site.11, 11, 179, 190
908612.3.peg.2798.site.12, 3, 180, 183
908612.3.peg.2798.site.13, 147, 179, 326
908612.3.peg.2798.site.14, 1, 179, 180
908612.3.peg.2798.site.15, 27, 177, 204
908612.3.peg.2798.site.16, 66, 177, 243
908612.3.peg.2798.site.17, 58, 175, 233
908612.3.peg.2798.site.18, 1, 180, 181
908612.3.peg.2798.site.19, 67, 175, 242
908612.3.peg.2798.site.20, 7, 177, 184
908612.3.peg.2798.site.21, 0, 177, 177
908612.3.peg.2798.site.22, 5, 168, 173
908612.3.peg.2798.site.23, 1, 178, 179
908612.3.peg.2798.site.24, 0, 177, 177
908612.3.peg.2798.site.25, 4, 159, 163
908612.3.peg.2798.site.26, 3, 160, 163
908612.3.peg.2798.site.27, 0, 166, 166
908612.3.peg.2798.site.28, 35, 167, 202
908612.3.peg.2798.site.29, 1, 177, 178
908612.3.peg.2798.site.30, 6, 176, 182
908612.3.peg.2798.site.31, 90, 171, 261
908612.3.peg.2798.site.32, 1, 178, 179
908612.3.peg.2798.site.33, 1, 176, 177
908612.3.peg.2798.site.34, 1, 180, 181
908612.3.peg.2798.site.35, 1, 179, 180
908612.3.peg.2798.site.36, 45, 177, 222
908612.3.peg.2798.site.37, 43, 175, 218
908612.3.peg.2798.site.38, 4, 178, 182
908612.3.peg.2798.site.39, 0, 179, 179
908612.3.peg.2798.site.40, 2, 179, 181
908612.3.peg.2798.site.41, 1, 177, 178
908612.3.peg.2798.site.42, 1, 172, 173
908612.3.peg.2798.site.43, 2, 173, 175
908612.3.peg.2798.site.44, 0, 175, 175
908612.3.peg.2798.site.45, 1, 134, 135
908612.3.peg.2798.site.46, 11, 132, 143
908612.3.peg.2798.site.47, 3, 138, 141
908612.3.peg.2798.site.48, 10, 145, 155
908612.3.peg.2798.site.49, 71, 151, 222
908612.3.peg.2798.site.50, 19, 156, 175
908612.3.peg.2183.site.1, 104, 150, 254
908612.3.peg.2183.site.2, 116, 158, 274
908612.3.peg.2183.site.3, 6, 165, 171
908612.3.peg.2183.site.4, 1, 170, 171
908612.3.peg.2183.site.5, 2, 177, 179
908612.3.peg.2183.site.6, 18, 178, 196
908612.3.peg.2183.site.7, 1, 180, 181
908612.3.peg.2183.site.8, 20, 179, 199
908612.3.peg.2183.site.9, 0, 180, 180
908612.3.peg.2183.site.10, 19, 178, 197
908612.3.peg.2183.site.11, 19, 178, 197
908612.3.peg.2183.site.12, 4, 179, 183
908612.3.peg.2183.site.13, 115, 176, 291
908612.3.peg.2183.site.14, 16, 177, 193
908612.3.peg.2183.site.15, 15, 178, 193
908612.3.peg.2183.site.16, 5, 179, 184
908612.3.peg.2183.site.17, 13, 180, 193
908612.3.peg.2183.site.18, 0, 180, 180
908612.3.peg.2183.site.19, 130, 176, 306
908612.3.peg.2183.site.20, 16, 178, 194
908612.3.peg.2183.site.21, 16, 178, 194
908612.3.peg.2183.site.22, 16, 179, 195
908612.3.peg.2183.site.23, 111, 178, 289
908612.3.peg.2183.site.24, 111, 178, 289
908612.3.peg.2183.site.25, 0, 179, 179
908612.3.peg.2183.site.26, 89, 178, 267
908612.3.peg.2183.site.27, 29, 176, 205
908612.3.peg.2183.site.28, 15, 177, 192
908612.3.peg.2183.site.29, 0, 178, 178
908612.3.peg.2183.site.30, 132, 172, 304
908612.3.peg.2183.site.31, 134, 175, 309
908612.3.peg.2183.site.32, 6, 172, 178
908612.3.peg.2182.site.1, 0, 180, 180
908612.3.peg.2182.site.2, 26, 178, 204
908612.3.peg.2182.site.3, 29, 177, 206
908612.3.peg.2182.site.4, 66, 176, 242
908612.3.peg.2182.site.5, 112, 178, 290
908612.3.peg.2182.site.6, 8, 180, 188
908612.3.peg.2182.site.7, 145, 177, 322
908612.3.peg.2182.site.8, 26, 177, 203
908612.3.peg.2182.site.9, 14, 177, 191
908612.3.peg.2182.site.10, 1, 178, 179
908612.3.peg.2182.site.11, 26, 178, 204
908612.3.peg.2182.site.12, 26, 177, 203
908612.3.peg.2182.site.13, 3, 179, 182
908612.3.peg.2182.site.14, 28, 179, 207
908612.3.peg.2182.site.15, 31, 175, 206
908612.3.peg.2182.site.16, 1, 174, 175
908612.3.peg.2182.site.17, 5, 174, 179
908612.3.peg.2182.site.18, 18, 164, 182
908612.3.peg.2182.site.19, 3, 146, 149
908612.3.peg.2182.site.20, 2, 147, 149
908612.3.peg.2185.site.1, 3, 179, 182
908612.3.peg.2185.site.2, 48, 178, 226
908612.3.peg.2185.site.3, 2, 180, 182
908612.3.peg.2185.site.4, 135, 177, 312
908612.3.peg.2185.site.5, 67, 177, 244
908612.3.peg.2185.site.6, 144, 176, 320
908612.3.peg.2185.site.7, 134, 178, 312
908612.3.peg.2185.site.8, 129, 170, 299
908612.3.peg.2185.site.9, 64, 176, 240
908612.3.peg.2185.site.10, 42, 177, 219
908612.3.peg.2185.site.11, 158, 179, 337
908612.3.peg.2185.site.12, 68, 180, 248
908612.3.peg.2185.site.13, 67, 177, 244
908612.3.peg.2185.site.14, 1, 179, 180
908612.3.peg.2185.site.15, 2, 179, 181
908612.3.peg.2185.site.16, 7, 180, 187
908612.3.peg.2185.site.17, 134, 176, 310
908612.3.peg.2185.site.18, 0, 180, 180
908612.3.peg.2185.site.19, 76, 177, 253
908612.3.peg.2185.site.20, 1, 180, 181
908612.3.peg.2185.site.21, 16, 173, 189
908612.3.peg.2185.site.22, 35, 177, 212
908612.3.peg.2185.site.23, 1, 179, 180
908612.3.peg.2185.site.24, 38, 158, 196
908612.3.peg.2185.site.25, 0, 155, 155
908612.3.peg.2185.site.26, 100, 170, 270
908612.3.peg.2185.site.27, 1, 166, 167
908612.3.peg.2185.site.28, 1, 176, 177
908612.3.peg.2185.site.29, 35, 172, 207
908612.3.peg.2185.site.30, 53, 175, 228
908612.3.peg.2185.site.31, 0, 180, 180
908612.3.peg.2185.site.32, 9, 180, 189
908612.3.peg.2185.site.33, 48, 175, 223
908612.3.peg.2185.site.34, 7, 179, 186
908612.3.peg.2185.site.35, 129, 175, 304
908612.3.peg.2185.site.36, 93, 175, 268
908612.3.peg.2185.site.37, 63, 175, 238
908612.3.peg.2185.site.38, 0, 175, 175
908612.3.peg.2185.site.39, 57, 170, 227
908612.3.peg.2185.site.40, 57, 171, 228
908612.3.peg.2185.site.41, 0, 174, 174
908612.3.peg.2185.site.42, 51, 173, 224
908612.3.peg.2185.site.43, 0, 167, 167
908612.3.peg.2185.site.44, 108, 167, 275
908612.3.peg.2185.site.45, 3, 170, 173
908612.3.peg.2185.site.46, 2, 177, 179
908612.3.peg.2185.site.47, 102, 167, 269
908612.3.peg.2185.site.48, 13, 170, 183
908612.3.peg.2185.site.49, 8, 178, 186
908612.3.peg.2185.site.50, 8, 174, 182
908612.3.peg.2185.site.51, 107, 170, 277
908612.3.peg.2185.site.52, 0, 177, 177
908612.3.peg.2185.site.53, 0, 179, 179
908612.3.peg.2185.site.54, 3, 180, 183
908612.3.peg.2185.site.55, 0, 178, 178
908612.3.peg.2185.site.56, 0, 177, 177
908612.3.peg.2185.site.57, 0, 177, 177
908612.3.peg.2185.site.58, 0, 180, 180
908612.3.peg.2185.site.59, 0, 176, 176
908612.3.peg.2185.site.60, 99, 170, 269
908612.3.peg.2185.site.61, 0, 180, 180
908612.3.peg.2185.site.62, 0, 180, 180
908612.3.peg.2185.site.63, 11, 180, 191
908612.3.peg.2185.site.64, 11, 180, 191
908612.3.peg.2185.site.65, 17, 179, 196
908612.3.peg.2185.site.66, 107, 176, 283
908612.3.peg.2185.site.67, 2, 180, 182
908612.3.peg.2185.site.68, 0, 178, 178
908612.3.peg.2185.site.69, 105, 175, 280
908612.3.peg.2185.site.70, 105, 175, 280
908612.3.peg.2185.site.71, 96, 176, 272
908612.3.peg.2185.site.72, 0, 178, 178
908612.3.peg.2185.site.73, 4, 180, 184
908612.3.peg.2185.site.74, 11, 178, 189
908612.3.peg.2185.site.75, 100, 174, 274
908612.3.peg.2185.site.76, 4, 178, 182
908612.3.peg.2185.site.77, 46, 177, 223
908612.3.peg.2185.site.78, 1, 178, 179
908612.3.peg.2185.site.79, 123, 176, 299
908612.3.peg.2185.site.80, 1, 177, 178
908612.3.peg.2187.site.1, 40, 180, 220
908612.3.peg.2187.site.2, 73, 177, 250
908612.3.peg.2187.site.3, 1, 180, 181
908612.3.peg.2187.site.4, 1, 179, 180
908612.3.peg.2187.site.5, 9, 179, 188
908612.3.peg.2186.site.1, 4, 177, 181
908612.3.peg.2186.site.2, 0, 179, 179
908612.3.peg.2186.site.3, 1, 168, 169
908612.3.peg.2186.site.4, 1, 164, 165
908612.3.peg.2186.site.5, 1, 175, 176
908612.3.peg.2186.site.6, 2, 177, 179
908612.3.peg.2186.site.7, 32, 167, 199
908612.3.peg.2186.site.8, 4, 150, 154
908612.3.peg.2186.site.9, 0, 180, 180
908612.3.peg.2743.site.1, 0, 180, 180
908612.3.peg.2743.site.2, 1, 180, 181
908612.3.peg.2743.site.3, 42, 177, 219
908612.3.peg.2743.site.4, 1, 180, 181
908612.3.peg.2743.site.5, 0, 179, 179
908612.3.peg.2743.site.6, 0, 179, 179
908612.3.peg.2743.site.7, 1, 180, 181
908612.3.peg.2743.site.8, 0, 178, 178
908612.3.peg.2743.site.9, 24, 176, 200
908612.3.peg.2743.site.10, 0, 176, 176
908612.3.peg.2743.site.11, 0, 180, 180
908612.3.peg.2743.site.12, 2, 179, 181
908612.3.peg.2743.site.13, 1, 180, 181
908612.3.peg.2743.site.14, 8, 180, 188
908612.3.peg.2743.site.15, 0, 180, 180
908612.3.peg.2743.site.16, 2, 174, 176
908612.3.peg.2743.site.17, 2, 177, 179
908612.3.peg.2743.site.18, 0, 174, 174
908612.3.peg.2743.site.19, 10, 156, 166
908612.3.peg.2743.site.20, 2, 180, 182
908612.3.peg.2743.site.21, 1, 178, 179
908612.3.peg.2743.site.22, 11, 177, 188
908612.3.peg.2743.site.23, 2, 179, 181
908612.3.peg.2743.site.24, 37, 176, 213
908612.3.peg.2743.site.25, 0, 178, 178
908612.3.peg.2742.site.1, 130, 177, 307
908612.3.peg.2742.site.2, 129, 174, 303
908612.3.peg.2742.site.3, 0, 179, 179
908612.3.peg.2742.site.4, 92, 177, 269
908612.3.peg.2742.site.5, 3, 180, 183
908612.3.peg.2742.site.6, 1, 180, 181
908612.3.peg.2742.site.7, 16, 178, 194
908612.3.peg.2742.site.8, 51, 178, 229
908612.3.peg.2742.site.9, 14, 179, 193
908612.3.peg.2742.site.10, 15, 180, 195
908612.3.peg.2742.site.11, 0, 180, 180
908612.3.peg.2742.site.12, 19, 179, 198
908612.3.peg.2742.site.13, 31, 175, 206
908612.3.peg.2742.site.14, 0, 179, 179
908612.3.peg.2742.site.15, 28, 174, 202
908612.3.peg.2742.site.16, 27, 176, 203
908612.3.peg.2742.site.17, 0, 176, 176
908612.3.peg.2742.site.18, 32, 174, 206
908612.3.peg.2742.site.19, 10, 171, 181
908612.3.peg.2742.site.20, 28, 170, 198
908612.3.peg.2742.site.21, 0, 174, 174
908612.3.peg.2742.site.22, 51, 175, 226
908612.3.peg.2742.site.23, 0, 180, 180
908612.3.peg.2742.site.24, 35, 175, 210
908612.3.peg.2742.site.25, 36, 177, 213
908612.3.peg.2742.site.26, 38, 178, 216
908612.3.peg.2741.site.1, 90, 161, 251
908612.3.peg.2741.site.2, 4, 171, 175
908612.3.peg.2741.site.3, 46, 177, 223
908612.3.peg.2741.site.4, 0, 178, 178
908612.3.peg.2741.site.5, 102, 175, 277
908612.3.peg.2741.site.6, 115, 175, 290
908612.3.peg.2741.site.7, 0, 179, 179
908612.3.peg.2741.site.8, 22, 177, 199
908612.3.peg.2741.site.9, 7, 157, 164
908612.3.peg.2741.site.10, 0, 156, 156
908612.3.peg.2741.site.11, 66, 165, 231
908612.3.peg.2741.site.12, 43, 159, 202
908612.3.peg.2741.site.13, 75, 170, 245
908612.3.peg.2741.site.14, 4, 173, 177
908612.3.peg.2741.site.15, 1, 175, 176
908612.3.peg.2741.site.16, 16, 179, 195
908612.3.peg.2741.site.17, 6, 177, 183
908612.3.peg.2741.site.18, 43, 164, 207
908612.3.peg.2741.site.19, 1, 175, 176
908612.3.peg.2741.site.20, 1, 177, 178
908612.3.peg.2741.site.21, 1, 177, 178
908612.3.peg.2741.site.22, 0, 178, 178
908612.3.peg.2741.site.23, 41, 168, 209
908612.3.peg.2741.site.24, 44, 173, 217
908612.3.peg.2741.site.25, 0, 180, 180
908612.3.peg.2741.site.26, 2, 179, 181
908612.3.peg.2740.site.1, 3, 179, 182
908612.3.peg.2740.site.2, 0, 176, 176
908612.3.peg.2740.site.3, 44, 175, 219
908612.3.peg.2740.site.4, 0, 179, 179
908612.3.peg.2740.site.5, 3, 180, 183
908612.3.peg.2740.site.6, 46, 177, 223
908612.3.peg.2740.site.7, 21, 179, 200
908612.3.peg.2740.site.8, 96, 171, 267
908612.3.peg.2740.site.9, 32, 174, 206
908612.3.peg.2740.site.10, 36, 162, 198
908612.3.peg.2740.site.11, 4, 162, 166
908612.3.peg.2740.site.12, 0, 148, 148
908612.3.peg.2740.site.13, 92, 164, 256
908612.3.peg.2740.site.14, 3, 180, 183
908612.3.peg.2740.site.15, 22, 178, 200
908612.3.peg.2740.site.16, 45, 175, 220
908612.3.peg.2740.site.17, 2, 179, 181
908612.3.peg.2740.site.18, 5, 179, 184
908612.3.peg.2740.site.19, 4, 180, 184
908612.3.peg.2740.site.20, 4, 180, 184
908612.3.peg.2740.site.21, 53, 173, 226
908612.3.peg.2740.site.22, 46, 177, 223
908612.3.peg.2740.site.23, 0, 180, 180
908612.3.peg.2740.site.24, 4, 180, 184
908612.3.peg.2740.site.25, 6, 180, 186
908612.3.peg.2740.site.26, 2, 178, 180
908612.3.peg.2740.site.27, 13, 146, 159
908612.3.peg.2740.site.28, 2, 157, 159
908612.3.peg.2740.site.29, 33, 161, 194
908612.3.peg.2740.site.30, 0, 162, 162
908612.3.peg.2740.site.31, 33, 154, 187
908612.3.peg.2740.site.32, 107, 159, 266
908612.3.peg.2747.site.1, 1, 177, 178
908612.3.peg.2747.site.2, 107, 176, 283
908612.3.peg.2747.site.3, 0, 179, 179
908612.3.peg.2747.site.4, 2, 178, 180
908612.3.peg.2747.site.5, 3, 180, 183
908612.3.peg.2747.site.6, 9, 178, 187
908612.3.peg.2747.site.7, 9, 174, 183
908612.3.peg.2747.site.8, 1, 175, 176
908612.3.peg.2747.site.9, 0, 164, 164
908612.3.peg.2747.site.10, 1, 171, 172
908612.3.peg.2747.site.11, 1, 177, 178
908612.3.peg.2746.site.1, 0, 180, 180
908612.3.peg.2746.site.2, 3, 180, 183
908612.3.peg.2746.site.3, 0, 164, 164
908612.3.peg.2746.site.4, 7, 171, 178
908612.3.peg.2746.site.5, 7, 168, 175
908612.3.peg.2746.site.6, 10, 168, 178
908612.3.peg.2746.site.7, 3, 171, 174
908612.3.peg.2746.site.8, 0, 173, 173
908612.3.peg.2746.site.9, 0, 174, 174
908612.3.peg.2746.site.10, 0, 175, 175
908612.3.peg.2746.site.11, 3, 176, 179
908612.3.peg.2746.site.12, 3, 178, 181
908612.3.peg.2746.site.13, 3, 178, 181
908612.3.peg.2746.site.14, 11, 180, 191
908612.3.peg.2746.site.15, 0, 179, 179
908612.3.peg.2746.site.16, 10, 180, 190
908612.3.peg.2746.site.17, 2, 162, 164
908612.3.peg.2746.site.18, 0, 162, 162
908612.3.peg.2746.site.19, 6, 176, 182
908612.3.peg.2745.site.1, 0, 173, 173
908612.3.peg.2745.site.2, 27, 162, 189
908612.3.peg.2745.site.3, 31, 175, 206
908612.3.peg.2745.site.4, 86, 154, 240
908612.3.peg.2745.site.5, 0, 162, 162
908612.3.peg.2745.site.6, 13, 171, 184
908612.3.peg.2745.site.7, 0, 172, 172
908612.3.peg.2745.site.8, 4, 166, 170
908612.3.peg.2745.site.9, 4, 168, 172
908612.3.peg.2745.site.10, 0, 169, 169
908612.3.peg.2745.site.11, 3, 170, 173
908612.3.peg.2745.site.12, 9, 174, 183
908612.3.peg.2745.site.13, 11, 178, 189
908612.3.peg.2745.site.14, 13, 177, 190
908612.3.peg.2745.site.15, 4, 176, 180
908612.3.peg.2745.site.16, 8, 168, 176
908612.3.peg.2745.site.17, 72, 161, 233
908612.3.peg.2745.site.18, 1, 163, 164
908612.3.peg.2745.site.19, 6, 164, 170
908612.3.peg.2745.site.20, 1, 179, 180
908612.3.peg.2744.site.1, 85, 176, 261
908612.3.peg.2744.site.2, 1, 179, 180
908612.3.peg.2744.site.3, 49, 175, 224
908612.3.peg.2744.site.4, 51, 169, 220
908612.3.peg.2744.site.5, 3, 175, 178
908612.3.peg.2744.site.6, 1, 178, 179
908612.3.peg.2744.site.7, 1, 170, 171
908612.3.peg.2749.site.1, 1, 176, 177
908612.3.peg.2749.site.2, 0, 177, 177
908612.3.peg.2749.site.3, 0, 176, 176
908612.3.peg.2749.site.4, 1, 164, 165
908612.3.peg.2749.site.5, 0, 155, 155
908612.3.peg.2749.site.6, 0, 109, 109
908612.3.peg.2749.site.7, 0, 109, 109
908612.3.peg.2749.site.8, 0, 97, 97
908612.3.peg.2749.site.9, 0, 88, 88
908612.3.peg.2749.site.10, 5, 85, 90
908612.3.peg.2749.site.11, 1, 83, 84
908612.3.peg.2749.site.12, 0, 84, 84
908612.3.peg.2749.site.13, 6, 99, 105
908612.3.peg.2749.site.14, 1, 126, 127
908612.3.peg.2749.site.15, 26, 121, 147
908612.3.peg.2749.site.16, 5, 128, 133
908612.3.peg.2749.site.17, 12, 151, 163
908612.3.peg.2749.site.18, 1, 157, 158
908612.3.peg.2749.site.19, 36, 155, 191
908612.3.peg.2749.site.20, 13, 163, 176
908612.3.peg.2749.site.21, 3, 163, 166
908612.3.peg.2749.site.22, 44, 148, 192
908612.3.peg.2749.site.23, 0, 166, 166
908612.3.peg.2749.site.24, 0, 178, 178
908612.3.peg.2749.site.25, 14, 174, 188
908612.3.peg.2749.site.26, 1, 175, 176
908612.3.peg.2749.site.27, 0, 170, 170
908612.3.peg.2749.site.28, 26, 166, 192
908612.3.peg.2749.site.29, 1, 170, 171
908612.3.peg.2749.site.30, 24, 169, 193
908612.3.peg.2749.site.31, 4, 170, 174
908612.3.peg.2749.site.32, 34, 164, 198
908612.3.peg.2749.site.33, 0, 173, 173
908612.3.peg.2749.site.34, 0, 174, 174
908612.3.peg.2749.site.35, 27, 167, 194
908612.3.peg.2749.site.36, 10, 169, 179
908612.3.peg.2749.site.37, 0, 175, 175
908612.3.peg.2749.site.38, 6, 179, 185
908612.3.peg.2749.site.39, 0, 178, 178
908612.3.peg.2749.site.40, 3, 178, 181
908612.3.peg.2749.site.41, 14, 180, 194
908612.3.peg.2749.site.42, 38, 174, 212
908612.3.peg.2749.site.43, 37, 175, 212
908612.3.peg.2749.site.44, 49, 176, 225
908612.3.peg.2749.site.45, 2, 178, 180
908612.3.peg.2749.site.46, 18, 178, 196
908612.3.peg.2749.site.47, 1, 177, 178
908612.3.peg.2749.site.48, 9, 176, 185
908612.3.peg.2749.site.49, 1, 179, 180
908612.3.peg.2749.site.50, 1, 179, 180
908612.3.peg.2749.site.51, 54, 174, 228
908612.3.peg.2749.site.52, 1, 178, 179
908612.3.peg.2749.site.53, 1, 177, 178
908612.3.peg.2749.site.54, 1, 179, 180
908612.3.peg.2749.site.55, 36, 172, 208
908612.3.peg.2749.site.56, 22, 169, 191
908612.3.peg.2749.site.57, 53, 166, 219
908612.3.peg.2749.site.58, 53, 172, 225
908612.3.peg.2818.site.1, 4, 178, 182
908612.3.peg.2818.site.2, 30, 178, 208
908612.3.peg.2818.site.3, 6, 179, 185
908612.3.peg.2818.site.4, 0, 179, 179
908612.3.peg.2818.site.5, 0, 180, 180
908612.3.peg.2818.site.6, 0, 179, 179
908612.3.peg.2818.site.7, 2, 180, 182
908612.3.peg.2818.site.8, 2, 180, 182
908612.3.peg.2818.site.9, 2, 180, 182
908612.3.peg.2818.site.10, 22, 177, 199
908612.3.peg.2818.site.11, 34, 178, 212
908612.3.peg.2818.site.12, 4, 179, 183
908612.3.peg.2818.site.13, 0, 180, 180
908612.3.peg.2818.site.14, 33, 175, 208
908612.3.peg.2818.site.15, 96, 177, 273
908612.3.peg.2818.site.16, 0, 177, 177
908612.3.peg.2818.site.17, 0, 179, 179
908612.3.peg.2818.site.18, 34, 176, 210
908612.3.peg.2818.site.19, 23, 174, 197
908612.3.peg.2818.site.20, 41, 174, 215
908612.3.peg.2817.site.1, 22, 179, 201
908612.3.peg.2817.site.2, 2, 179, 181
908612.3.peg.2817.site.3, 132, 177, 309
908612.3.peg.2817.site.4, 150, 175, 325
908612.3.peg.2817.site.5, 10, 180, 190
908612.3.peg.2817.site.6, 6, 180, 186
908612.3.peg.2817.site.7, 0, 125, 125
908612.3.peg.2817.site.8, 4, 168, 172
908612.3.peg.2817.site.9, 61, 146, 207
908612.3.peg.2817.site.10, 0, 162, 162
908612.3.peg.2817.site.11, 0, 167, 167
908612.3.peg.2817.site.12, 0, 173, 173
908612.3.peg.2817.site.13, 38, 173, 211
908612.3.peg.2817.site.14, 3, 178, 181
908612.3.peg.2817.site.15, 1, 180, 181
908612.3.peg.2817.site.16, 59, 172, 231
908612.3.peg.2817.site.17, 21, 173, 194
908612.3.peg.2817.site.18, 83, 172, 255
908612.3.peg.2817.site.19, 17, 173, 190
908612.3.peg.2817.site.20, 31, 174, 205
908612.3.peg.2817.site.21, 2, 176, 178
908612.3.peg.2817.site.22, 121, 174, 295
908612.3.peg.2817.site.23, 14, 178, 192
908612.3.peg.2799.site.1, 0, 179, 179
908612.3.peg.2799.site.2, 6, 180, 186
908612.3.peg.2799.site.3, 18, 176, 194
908612.3.peg.2799.site.4, 2, 180, 182
908612.3.peg.2799.site.5, 0, 177, 177
908612.3.peg.2799.site.6, 0, 180, 180
908612.3.peg.2799.site.7, 1, 179, 180
908612.3.peg.2799.site.8, 2, 178, 180
908612.3.peg.2799.site.9, 0, 179, 179
908612.3.peg.2799.site.10, 0, 179, 179
908612.3.peg.2799.site.11, 1, 180, 181
908612.3.peg.2799.site.12, 1, 176, 177
908612.3.peg.2799.site.13, 1, 179, 180
908612.3.peg.2799.site.14, 0, 180, 180
908612.3.peg.2799.site.15, 0, 180, 180
908612.3.peg.2799.site.16, 9, 177, 186
908612.3.peg.2816.site.1, 4, 180, 184
908612.3.peg.2816.site.2, 1, 178, 179
908612.3.peg.2816.site.3, 4, 178, 182
908612.3.peg.2816.site.4, 1, 177, 178
908612.3.peg.2816.site.5, 5, 179, 184
908612.3.peg.2816.site.6, 0, 179, 179
908612.3.peg.2816.site.7, 0, 178, 178
908612.3.peg.670.site.1, 0, 126, 126
908612.3.peg.670.site.2, 1, 167, 168
908612.3.peg.671.site.1, 0, 180, 180
908612.3.peg.671.site.2, 0, 179, 179
908612.3.peg.671.site.3, 0, 180, 180
908612.3.peg.671.site.4, 15, 177, 192
908612.3.peg.671.site.5, 41, 178, 219
908612.3.peg.671.site.6, 144, 179, 323
908612.3.peg.671.site.7, 146, 177, 323
908612.3.peg.671.site.8, 0, 179, 179
908612.3.peg.671.site.9, 0, 178, 178
908612.3.peg.671.site.10, 0, 180, 180
908612.3.peg.671.site.11, 10, 180, 190
908612.3.peg.671.site.12, 0, 178, 178
908612.3.peg.671.site.13, 0, 179, 179
908612.3.peg.671.site.14, 73, 177, 250
908612.3.peg.671.site.15, 5, 179, 184
908612.3.peg.671.site.16, 6, 175, 181
908612.3.peg.671.site.17, 13, 176, 189
908612.3.peg.671.site.18, 0, 178, 178
908612.3.peg.671.site.19, 153, 180, 333
908612.3.peg.2951.site.1, 82, 171, 253
908612.3.peg.2951.site.2, 3, 174, 177
908612.3.peg.2951.site.3, 14, 178, 192
908612.3.peg.2951.site.4, 80, 177, 257
908612.3.peg.2951.site.5, 2, 178, 180
908612.3.peg.2951.site.6, 15, 178, 193
908612.3.peg.2951.site.7, 11, 165, 176
908612.3.peg.299.site.1, 23, 91, 114
908612.3.peg.299.site.2, 55, 85, 140
908612.3.peg.299.site.3, 7, 80, 87
908612.3.peg.299.site.4, 6, 78, 84
908612.3.peg.299.site.5, 4, 78, 82
908612.3.peg.299.site.6, 5, 81, 86
908612.3.peg.299.site.7, 10, 129, 139
908612.3.peg.299.site.8, 1, 168, 169
908612.3.peg.299.site.9, 5, 119, 124
908612.3.peg.299.site.10, 120, 143, 263
908612.3.peg.299.site.11, 5, 149, 154
908612.3.peg.299.site.12, 16, 147, 163
908612.3.peg.299.site.13, 33, 162, 195
908612.3.peg.299.site.14, 68, 149, 217
908612.3.peg.299.site.15, 2, 124, 126
908612.3.peg.299.site.16, 15, 133, 148
908612.3.peg.299.site.17, 34, 168, 202
908612.3.peg.299.site.18, 3, 174, 177
908612.3.peg.299.site.19, 57, 160, 217
908612.3.peg.299.site.20, 6, 157, 163
908612.3.peg.299.site.21, 54, 155, 209
908612.3.peg.299.site.22, 2, 138, 140
908612.3.peg.299.site.23, 7, 141, 148
908612.3.peg.299.site.24, 2, 139, 141
908612.3.peg.299.site.25, 7, 156, 163
908612.3.peg.299.site.26, 103, 167, 270
908612.3.peg.299.site.27, 50, 131, 181
908612.3.peg.299.site.28, 51, 136, 187
908612.3.peg.299.site.29, 55, 130, 185
908612.3.peg.299.site.30, 40, 139, 179
908612.3.peg.299.site.31, 35, 159, 194
908612.3.peg.299.site.32, 32, 159, 191
908612.3.peg.299.site.33, 67, 170, 237
908612.3.peg.299.site.34, 15, 178, 193
908612.3.peg.299.site.35, 1, 180, 181
908612.3.peg.299.site.36, 57, 178, 235
908612.3.peg.290.site.1, 0, 174, 174
908612.3.peg.290.site.2, 84, 169, 253
908612.3.peg.290.site.3, 61, 110, 171
908612.3.peg.290.site.4, 43, 92, 135
908612.3.peg.290.site.5, 71, 121, 192
908612.3.peg.290.site.6, 68, 128, 196
908612.3.peg.290.site.7, 23, 153, 176
908612.3.peg.290.site.8, 1, 172, 173
908612.3.peg.291.site.1, 16, 174, 190
908612.3.peg.291.site.2, 11, 173, 184
908612.3.peg.291.site.3, 101, 173, 274
908612.3.peg.291.site.4, 0, 179, 179
908612.3.peg.291.site.5, 123, 172, 295
908612.3.peg.291.site.6, 106, 178, 284
908612.3.peg.291.site.7, 127, 178, 305
908612.3.peg.291.site.8, 2, 178, 180
908612.3.peg.291.site.9, 2, 179, 181
908612.3.peg.291.site.10, 8, 178, 186
908612.3.peg.291.site.11, 127, 178, 305
908612.3.peg.291.site.12, 126, 177, 303
908612.3.peg.291.site.13, 2, 175, 177
908612.3.peg.291.site.14, 2, 176, 178
908612.3.peg.291.site.15, 0, 177, 177
908612.3.peg.292.site.1, 1, 180, 181
908612.3.peg.292.site.2, 14, 179, 193
908612.3.peg.292.site.3, 100, 175, 275
908612.3.peg.292.site.4, 88, 176, 264
908612.3.peg.292.site.5, 14, 180, 194
908612.3.peg.292.site.6, 0, 179, 179
908612.3.peg.292.site.7, 0, 180, 180
908612.3.peg.292.site.8, 80, 174, 254
908612.3.peg.292.site.9, 0, 180, 180
908612.3.peg.292.site.10, 2, 179, 181
908612.3.peg.293.site.1, 2, 180, 182
908612.3.peg.293.site.2, 2, 180, 182
908612.3.peg.293.site.3, 130, 174, 304
908612.3.peg.293.site.4, 27, 177, 204
908612.3.peg.293.site.5, 140, 177, 317
908612.3.peg.293.site.6, 23, 177, 200
908612.3.peg.293.site.7, 110, 175, 285
908612.3.peg.293.site.8, 135, 176, 311
908612.3.peg.293.site.9, 10, 179, 189
908612.3.peg.294.site.1, 85, 173, 258
908612.3.peg.295.site.1, 3, 174, 177
908612.3.peg.295.site.2, 1, 173, 174
908612.3.peg.295.site.3, 1, 178, 179
908612.3.peg.295.site.4, 8, 179, 187
908612.3.peg.295.site.5, 0, 179, 179
908612.3.peg.296.site.1, 11, 167, 178
908612.3.peg.296.site.2, 24, 163, 187
908612.3.peg.296.site.3, 1, 177, 178
908612.3.peg.296.site.4, 5, 180, 185
908612.3.peg.296.site.5, 0, 166, 166
908612.3.peg.296.site.6, 89, 128, 217
908612.3.peg.296.site.7, 11, 171, 182
908612.3.peg.296.site.8, 1, 178, 179
908612.3.peg.456.site.1, 6, 180, 186
908612.3.peg.456.site.2, 86, 178, 264
908612.3.peg.456.site.3, 17, 178, 195
908612.3.peg.456.site.4, 5, 176, 181
908612.3.peg.456.site.5, 6, 178, 184
908612.3.peg.456.site.6, 39, 173, 212
908612.3.peg.456.site.7, 0, 180, 180
908612.3.peg.457.site.1, 2, 158, 160
908612.3.peg.457.site.2, 71, 150, 221
908612.3.peg.457.site.3, 0, 159, 159
908612.3.peg.457.site.4, 0, 143, 143
908612.3.peg.457.site.5, 18, 143, 161
908612.3.peg.457.site.6, 52, 142, 194
908612.3.peg.457.site.7, 21, 140, 161
908612.3.peg.457.site.8, 13, 147, 160
908612.3.peg.457.site.9, 7, 149, 156
908612.3.peg.457.site.10, 73, 168, 241
908612.3.peg.457.site.11, 29, 172, 201
908612.3.peg.457.site.12, 0, 174, 174
908612.3.peg.457.site.13, 117, 176, 293
908612.3.peg.457.site.14, 1, 172, 173
908612.3.peg.457.site.15, 0, 166, 166
908612.3.peg.457.site.16, 0, 152, 152
908612.3.peg.457.site.17, 1, 143, 144
908612.3.peg.457.site.18, 47, 131, 178
908612.3.peg.457.site.19, 1, 170, 171
908612.3.peg.454.site.1, 0, 179, 179
908612.3.peg.454.site.2, 0, 179, 179
908612.3.peg.454.site.3, 0, 179, 179
908612.3.peg.454.site.4, 50, 177, 227
908612.3.peg.454.site.5, 0, 154, 154
908612.3.peg.454.site.6, 1, 160, 161
908612.3.peg.454.site.7, 0, 164, 164
908612.3.peg.454.site.8, 62, 163, 225
908612.3.peg.454.site.9, 1, 171, 172
908612.3.peg.454.site.10, 15, 170, 185
908612.3.peg.454.site.11, 0, 177, 177
908612.3.peg.454.site.12, 3, 176, 179
908612.3.peg.454.site.13, 2, 177, 179
908612.3.peg.454.site.14, 3, 176, 179
908612.3.peg.454.site.15, 7, 166, 173
908612.3.peg.454.site.16, 0, 179, 179
908612.3.peg.454.site.17, 6, 178, 184
908612.3.peg.454.site.18, 0, 177, 177
908612.3.peg.454.site.19, 0, 179, 179
908612.3.peg.454.site.20, 70, 177, 247
908612.3.peg.454.site.21, 4, 179, 183
908612.3.peg.454.site.22, 2, 177, 179
908612.3.peg.454.site.23, 96, 179, 275
908612.3.peg.454.site.24, 5, 180, 185
908612.3.peg.454.site.25, 136, 176, 312
908612.3.peg.454.site.26, 4, 176, 180
908612.3.peg.454.site.27, 58, 174, 232
908612.3.peg.454.site.28, 1, 178, 179
908612.3.peg.454.site.29, 103, 175, 278
908612.3.peg.454.site.30, 2, 177, 179
908612.3.peg.454.site.31, 2, 180, 182
908612.3.peg.454.site.32, 7, 179, 186
908612.3.peg.454.site.33, 0, 175, 175
908612.3.peg.454.site.34, 151, 170, 321
908612.3.peg.454.site.35, 18, 175, 193
908612.3.peg.454.site.36, 16, 167, 183
908612.3.peg.454.site.37, 2, 111, 113
908612.3.peg.454.site.38, 2, 117, 119
908612.3.peg.455.site.1, 3, 124, 127
908612.3.peg.455.site.2, 27, 175, 202
908612.3.peg.455.site.3, 0, 178, 178
908612.3.peg.455.site.4, 5, 178, 183
908612.3.peg.455.site.5, 0, 170, 170
908612.3.peg.455.site.6, 0, 173, 173
908612.3.peg.455.site.7, 0, 166, 166
908612.3.peg.455.site.8, 0, 169, 169
908612.3.peg.455.site.9, 96, 169, 265
908612.3.peg.455.site.10, 1, 170, 171
908612.3.peg.455.site.11, 5, 173, 178
908612.3.peg.455.site.12, 5, 178, 183
908612.3.peg.455.site.13, 106, 177, 283
908612.3.peg.455.site.14, 1, 177, 178
908612.3.peg.455.site.15, 44, 173, 217
908612.3.peg.455.site.16, 23, 175, 198
908612.3.peg.455.site.17, 0, 176, 176
908612.3.peg.455.site.18, 9, 176, 185
908612.3.peg.455.site.19, 1, 176, 177
908612.3.peg.455.site.20, 8, 178, 186
908612.3.peg.455.site.21, 43, 178, 221
908612.3.peg.452.site.1, 1, 175, 176
908612.3.peg.452.site.2, 4, 173, 177
908612.3.peg.452.site.3, 2, 173, 175
908612.3.peg.452.site.4, 82, 161, 243
908612.3.peg.452.site.5, 1, 171, 172
908612.3.peg.452.site.6, 29, 177, 206
908612.3.peg.452.site.7, 28, 172, 200
908612.3.peg.452.site.8, 116, 176, 292
908612.3.peg.452.site.9, 119, 177, 296
908612.3.peg.452.site.10, 0, 180, 180
908612.3.peg.452.site.11, 68, 178, 246
908612.3.peg.450.site.1, 2, 179, 181
908612.3.peg.450.site.2, 57, 176, 233
908612.3.peg.450.site.3, 42, 177, 219
908612.3.peg.450.site.4, 0, 175, 175
908612.3.peg.450.site.5, 3, 170, 173
908612.3.peg.450.site.6, 17, 175, 192
908612.3.peg.450.site.7, 3, 176, 179
908612.3.peg.450.site.8, 151, 174, 325
908612.3.peg.450.site.9, 3, 179, 182
908612.3.peg.450.site.10, 83, 177, 260
908612.3.peg.450.site.11, 3, 178, 181
908612.3.peg.450.site.12, 0, 179, 179
908612.3.peg.450.site.13, 2, 179, 181
908612.3.peg.450.site.14, 0, 180, 180
908612.3.peg.450.site.15, 16, 179, 195
908612.3.peg.450.site.16, 0, 179, 179
908612.3.peg.450.site.17, 85, 178, 263
908612.3.peg.450.site.18, 5, 177, 182
908612.3.peg.450.site.19, 0, 178, 178
908612.3.peg.450.site.20, 11, 180, 191
908612.3.peg.458.site.1, 95, 174, 269
908612.3.peg.458.site.2, 50, 171, 221
908612.3.peg.458.site.3, 1, 173, 174
908612.3.peg.458.site.4, 61, 176, 237
908612.3.peg.458.site.5, 3, 176, 179
908612.3.peg.458.site.6, 48, 176, 224
908612.3.peg.458.site.7, 49, 176, 225
908612.3.peg.458.site.8, 53, 177, 230
908612.3.peg.458.site.9, 1, 178, 179
908612.3.peg.458.site.10, 0, 178, 178
908612.3.peg.458.site.11, 3, 178, 181
908612.3.peg.458.site.12, 13, 176, 189
908612.3.peg.458.site.13, 36, 177, 213
908612.3.peg.458.site.14, 36, 178, 214
908612.3.peg.458.site.15, 0, 179, 179
908612.3.peg.458.site.16, 0, 179, 179
908612.3.peg.458.site.17, 6, 180, 186
908612.3.peg.458.site.18, 11, 176, 187
908612.3.peg.458.site.19, 6, 179, 185
908612.3.peg.458.site.20, 3, 176, 179
908612.3.peg.458.site.21, 72, 177, 249
908612.3.peg.458.site.22, 2, 180, 182
908612.3.peg.884.site.1, 105, 174, 279
908612.3.peg.884.site.2, 3, 180, 183
908612.3.peg.884.site.3, 1, 175, 176
908612.3.peg.884.site.4, 0, 177, 177
908612.3.peg.884.site.5, 0, 177, 177
908612.3.peg.884.site.6, 0, 174, 174
908612.3.peg.884.site.7, 1, 175, 176
908612.3.peg.884.site.8, 0, 177, 177
908612.3.peg.884.site.9, 36, 174, 210
908612.3.peg.884.site.10, 33, 169, 202
908612.3.peg.884.site.11, 0, 173, 173
908612.3.peg.884.site.12, 2, 179, 181
908612.3.peg.884.site.13, 5, 161, 166
908612.3.peg.884.site.14, 53, 164, 217
908612.3.peg.884.site.15, 28, 171, 199
908612.3.peg.884.site.16, 8, 177, 185
908612.3.peg.884.site.17, 16, 176, 192
908612.3.peg.884.site.18, 7, 179, 186
908612.3.peg.884.site.19, 11, 175, 186
908612.3.peg.884.site.20, 3, 178, 181
908612.3.peg.884.site.21, 144, 179, 323
908612.3.peg.884.site.22, 2, 180, 182
908612.3.peg.884.site.23, 27, 172, 199
908612.3.peg.884.site.24, 117, 176, 293
908612.3.peg.884.site.25, 144, 179, 323
908612.3.peg.884.site.26, 1, 180, 181
908612.3.peg.884.site.27, 0, 180, 180
908612.3.peg.884.site.28, 4, 179, 183
908612.3.peg.884.site.29, 24, 178, 202
908612.3.peg.884.site.30, 111, 175, 286
908612.3.peg.884.site.31, 122, 178, 300
908612.3.peg.884.site.32, 2, 179, 181
908612.3.peg.884.site.33, 0, 178, 178
908612.3.peg.884.site.34, 0, 180, 180
908612.3.peg.884.site.35, 3, 180, 183
908612.3.peg.884.site.36, 12, 178, 190
908612.3.peg.1676.site.1, 4, 180, 184
908612.3.peg.1676.site.2, 64, 177, 241
908612.3.peg.1676.site.3, 0, 174, 174
908612.3.peg.1676.site.4, 2, 170, 172
908612.3.peg.1676.site.5, 0, 176, 176
908612.3.peg.1676.site.6, 113, 175, 288
908612.3.peg.1676.site.7, 4, 178, 182
908612.3.peg.1676.site.8, 121, 175, 296
908612.3.peg.1676.site.9, 1, 179, 180
908612.3.peg.1676.site.10, 4, 180, 184
908612.3.peg.1676.site.11, 58, 176, 234
908612.3.peg.1676.site.12, 1, 177, 178
908612.3.peg.1676.site.13, 115, 171, 286
908612.3.peg.1676.site.14, 39, 178, 217
908612.3.peg.1677.site.1, 6, 180, 186
908612.3.peg.1677.site.2, 5, 178, 183
908612.3.peg.1677.site.3, 4, 178, 182
908612.3.peg.1677.site.4, 0, 179, 179
908612.3.peg.1677.site.5, 62, 176, 238
908612.3.peg.1677.site.6, 0, 179, 179
908612.3.peg.1677.site.7, 32, 177, 209
908612.3.peg.1677.site.8, 2, 179, 181
908612.3.peg.1677.site.9, 64, 177, 241
908612.3.peg.1677.site.10, 0, 179, 179
908612.3.peg.1677.site.11, 19, 178, 197
908612.3.peg.1677.site.12, 46, 177, 223
908612.3.peg.1677.site.13, 137, 178, 315
908612.3.peg.1677.site.14, 2, 177, 179
908612.3.peg.1677.site.15, 41, 174, 215
908612.3.peg.1677.site.16, 27, 165, 192
908612.3.peg.1677.site.17, 24, 161, 185
908612.3.peg.1677.site.18, 3, 154, 157
908612.3.peg.1677.site.19, 1, 154, 155
908612.3.peg.1677.site.20, 18, 152, 170
908612.3.peg.1677.site.21, 16, 165, 181
908612.3.peg.1677.site.22, 15, 164, 179
908612.3.peg.1677.site.23, 15, 163, 178
908612.3.peg.1677.site.24, 12, 161, 173
908612.3.peg.1677.site.25, 6, 159, 165
908612.3.peg.1677.site.26, 7, 152, 159
908612.3.peg.1677.site.27, 1, 145, 146
908612.3.peg.1677.site.28, 2, 147, 149
908612.3.peg.1677.site.29, 2, 145, 147
908612.3.peg.1677.site.30, 0, 180, 180
908612.3.peg.1677.site.31, 3, 180, 183
908612.3.peg.1677.site.32, 34, 178, 212
908612.3.peg.1677.site.33, 15, 179, 194
908612.3.peg.1677.site.34, 32, 178, 210
908612.3.peg.1677.site.35, 14, 179, 193
908612.3.peg.1677.site.36, 103, 178, 281
908612.3.peg.1677.site.37, 10, 180, 190
908612.3.peg.1677.site.38, 1, 180, 181
908612.3.peg.1677.site.39, 58, 176, 234
908612.3.peg.1677.site.40, 5, 177, 182
908612.3.peg.1677.site.41, 0, 174, 174
908612.3.peg.1677.site.42, 13, 115, 128
908612.3.peg.1677.site.43, 0, 102, 102
908612.3.peg.1677.site.44, 1, 106, 107
908612.3.peg.1677.site.45, 1, 102, 103
908612.3.peg.1674.site.1, 2, 179, 181
908612.3.peg.1674.site.2, 7, 178, 185
908612.3.peg.1674.site.3, 0, 179, 179
908612.3.peg.1674.site.4, 2, 179, 181
908612.3.peg.1674.site.5, 62, 175, 237
908612.3.peg.1674.site.6, 3, 176, 179
908612.3.peg.1674.site.7, 3, 180, 183
908612.3.peg.1674.site.8, 9, 178, 187
908612.3.peg.1674.site.9, 50, 177, 227
908612.3.peg.1674.site.10, 0, 180, 180
908612.3.peg.1674.site.11, 26, 177, 203
908612.3.peg.1674.site.12, 4, 180, 184
908612.3.peg.1674.site.13, 51, 173, 224
908612.3.peg.1674.site.14, 10, 172, 182
908612.3.peg.1674.site.15, 3, 174, 177
908612.3.peg.1674.site.16, 11, 176, 187
908612.3.peg.1674.site.17, 84, 167, 251
908612.3.peg.1674.site.18, 2, 176, 178
908612.3.peg.1674.site.19, 1, 175, 176
908612.3.peg.1674.site.20, 3, 177, 180
908612.3.peg.1674.site.21, 3, 155, 158
908612.3.peg.1674.site.22, 22, 82, 104
908612.3.peg.1674.site.23, 19, 80, 99
908612.3.peg.1674.site.24, 40, 73, 113
908612.3.peg.1674.site.25, 21, 61, 82
908612.3.peg.1674.site.26, 1, 46, 47
908612.3.peg.1674.site.27, 0, 75, 75
908612.3.peg.1674.site.28, 41, 81, 122
908612.3.peg.1674.site.29, 3, 81, 84
908612.3.peg.1674.site.30, 8, 103, 111
908612.3.peg.1674.site.31, 35, 110, 145
908612.3.peg.1674.site.32, 74, 111, 185
908612.3.peg.1674.site.33, 3, 160, 163
908612.3.peg.1674.site.34, 23, 160, 183
908612.3.peg.1674.site.35, 38, 167, 205
908612.3.peg.1674.site.36, 7, 169, 176
908612.3.peg.1674.site.37, 4, 176, 180
908612.3.peg.1674.site.38, 6, 176, 182
908612.3.peg.1674.site.39, 99, 177, 276
908612.3.peg.1674.site.40, 10, 177, 187
908612.3.peg.1674.site.41, 24, 169, 193
908612.3.peg.1674.site.42, 25, 172, 197
908612.3.peg.1674.site.43, 69, 164, 233
908612.3.peg.1674.site.44, 3, 177, 180
908612.3.peg.1674.site.45, 27, 179, 206
908612.3.peg.1674.site.46, 26, 178, 204
908612.3.peg.1674.site.47, 0, 179, 179
908612.3.peg.1674.site.48, 6, 178, 184
908612.3.peg.1674.site.49, 136, 178, 314
908612.3.peg.1675.site.1, 116, 179, 295
908612.3.peg.1675.site.2, 3, 178, 181
908612.3.peg.1675.site.3, 0, 178, 178
908612.3.peg.1675.site.4, 2, 179, 181
908612.3.peg.1675.site.5, 13, 173, 186
908612.3.peg.1675.site.6, 3, 171, 174
908612.3.peg.1675.site.7, 0, 170, 170
908612.3.peg.1675.site.8, 3, 177, 180
908612.3.peg.1675.site.9, 92, 171, 263
908612.3.peg.1675.site.10, 2, 174, 176
908612.3.peg.1675.site.11, 65, 173, 238
908612.3.peg.1675.site.12, 27, 172, 199
908612.3.peg.1675.site.13, 122, 175, 297
908612.3.peg.1675.site.14, 2, 180, 182
908612.3.peg.1675.site.15, 29, 179, 208
908612.3.peg.1675.site.16, 4, 179, 183
908612.3.peg.1675.site.17, 3, 179, 182
908612.3.peg.1675.site.18, 0, 180, 180
908612.3.peg.1675.site.19, 4, 179, 183
908612.3.peg.1672.site.1, 2, 168, 170
908612.3.peg.1672.site.2, 20, 160, 180
908612.3.peg.1672.site.3, 4, 172, 176
908612.3.peg.1672.site.4, 3, 176, 179
908612.3.peg.1672.site.5, 2, 179, 181
908612.3.peg.1672.site.6, 0, 179, 179
908612.3.peg.1672.site.7, 38, 180, 218
908612.3.peg.1672.site.8, 55, 178, 233
908612.3.peg.1672.site.9, 7, 179, 186
908612.3.peg.1672.site.10, 0, 179, 179
908612.3.peg.1672.site.11, 0, 180, 180
908612.3.peg.1672.site.12, 0, 179, 179
908612.3.peg.1672.site.13, 1, 180, 181
908612.3.peg.1673.site.1, 1, 154, 155
908612.3.peg.1673.site.2, 5, 158, 163
908612.3.peg.1673.site.3, 1, 170, 171
908612.3.peg.1673.site.4, 2, 179, 181
908612.3.peg.1673.site.5, 6, 180, 186
908612.3.peg.1673.site.6, 1, 180, 181
908612.3.peg.1673.site.7, 1, 180, 181
908612.3.peg.1673.site.8, 5, 179, 184
908612.3.peg.1673.site.9, 0, 179, 179
908612.3.peg.1673.site.10, 3, 179, 182
908612.3.peg.1673.site.11, 9, 179, 188
908612.3.peg.1673.site.12, 22, 178, 200
908612.3.peg.1673.site.13, 49, 179, 228
908612.3.peg.1673.site.14, 3, 180, 183
908612.3.peg.1673.site.15, 3, 180, 183
908612.3.peg.1673.site.16, 0, 179, 179
908612.3.peg.1673.site.17, 1, 179, 180
908612.3.peg.1673.site.18, 54, 179, 233
908612.3.peg.1673.site.19, 2, 180, 182
908612.3.peg.1670.site.1, 5, 179, 184
908612.3.peg.1670.site.2, 2, 180, 182
908612.3.peg.1670.site.3, 0, 180, 180
908612.3.peg.1670.site.4, 22, 178, 200
908612.3.peg.1670.site.5, 0, 180, 180
908612.3.peg.1670.site.6, 0, 178, 178
908612.3.peg.1670.site.7, 67, 175, 242
908612.3.peg.1670.site.8, 2, 180, 182
908612.3.peg.1670.site.9, 0, 180, 180
908612.3.peg.1670.site.10, 2, 179, 181
908612.3.peg.1671.site.1, 2, 147, 149
908612.3.peg.1671.site.2, 0, 171, 171
908612.3.peg.1671.site.3, 7, 177, 184
908612.3.peg.1671.site.4, 78, 172, 250
908612.3.peg.1671.site.5, 78, 174, 252
908612.3.peg.1671.site.6, 66, 176, 242
908612.3.peg.1671.site.7, 7, 178, 185
908612.3.peg.1671.site.8, 67, 174, 241
908612.3.peg.1671.site.9, 2, 179, 181
908612.3.peg.1671.site.10, 70, 177, 247
908612.3.peg.1671.site.11, 65, 178, 243
908612.3.peg.1671.site.12, 2, 179, 181
908612.3.peg.1671.site.13, 4, 180, 184
908612.3.peg.1671.site.14, 0, 180, 180
908612.3.peg.1671.site.15, 0, 180, 180
908612.3.peg.1671.site.16, 67, 178, 245
908612.3.peg.1671.site.17, 2, 179, 181
908612.3.peg.1671.site.18, 60, 177, 237
908612.3.peg.1671.site.19, 0, 180, 180
908612.3.peg.1671.site.20, 0, 180, 180
908612.3.peg.1671.site.21, 0, 179, 179
908612.3.peg.1671.site.22, 66, 176, 242
908612.3.peg.1671.site.23, 73, 177, 250
908612.3.peg.1671.site.24, 2, 179, 181
908612.3.peg.68.site.1, 2, 174, 176
908612.3.peg.68.site.2, 3, 178, 181
908612.3.peg.68.site.3, 18, 180, 198
908612.3.peg.68.site.4, 3, 180, 183
908612.3.peg.68.site.5, 113, 176, 289
908612.3.peg.68.site.6, 0, 177, 177
908612.3.peg.68.site.7, 0, 180, 180
908612.3.peg.68.site.8, 3, 180, 183
908612.3.peg.68.site.9, 0, 180, 180
908612.3.peg.68.site.10, 56, 175, 231
908612.3.peg.69.site.1, 6, 178, 184
908612.3.peg.69.site.2, 60, 174, 234
908612.3.peg.69.site.3, 56, 177, 233
908612.3.peg.69.site.4, 44, 175, 219
908612.3.peg.69.site.5, 18, 179, 197
908612.3.peg.69.site.6, 24, 179, 203
908612.3.peg.69.site.7, 9, 174, 183
908612.3.peg.69.site.8, 1, 179, 180
908612.3.peg.69.site.9, 4, 179, 183
908612.3.peg.69.site.10, 5, 177, 182
908612.3.peg.69.site.11, 3, 180, 183
908612.3.peg.69.site.12, 6, 176, 182
908612.3.peg.69.site.13, 2, 178, 180
908612.3.peg.69.site.14, 6, 179, 185
908612.3.peg.69.site.15, 36, 176, 212
908612.3.peg.69.site.16, 0, 177, 177
908612.3.peg.69.site.17, 8, 177, 185
908612.3.peg.69.site.18, 4, 180, 184
908612.3.peg.69.site.19, 19, 177, 196
908612.3.peg.69.site.20, 6, 180, 186
908612.3.peg.69.site.21, 0, 179, 179
908612.3.peg.69.site.22, 43, 177, 220
908612.3.peg.69.site.23, 3, 180, 183
908612.3.peg.69.site.24, 68, 175, 243
908612.3.peg.69.site.25, 43, 176, 219
908612.3.peg.69.site.26, 48, 176, 224
908612.3.peg.69.site.27, 20, 180, 200
908612.3.peg.69.site.28, 0, 177, 177
908612.3.peg.69.site.29, 29, 178, 207
908612.3.peg.69.site.30, 25, 180, 205
908612.3.peg.69.site.31, 1, 179, 180
908612.3.peg.69.site.32, 135, 177, 312
908612.3.peg.69.site.33, 0, 176, 176
908612.3.peg.69.site.34, 1, 173, 174
908612.3.peg.69.site.35, 27, 169, 196
908612.3.peg.69.site.36, 120, 170, 290
908612.3.peg.69.site.37, 0, 173, 173
908612.3.peg.69.site.38, 25, 166, 191
908612.3.peg.69.site.39, 1, 173, 174
908612.3.peg.69.site.40, 53, 170, 223
908612.3.peg.69.site.41, 0, 178, 178
908612.3.peg.69.site.42, 29, 177, 206
908612.3.peg.1678.site.1, 0, 180, 180
908612.3.peg.1678.site.2, 90, 176, 266
908612.3.peg.1678.site.3, 0, 180, 180
908612.3.peg.1678.site.4, 41, 180, 221
908612.3.peg.1678.site.5, 51, 179, 230
908612.3.peg.1678.site.6, 14, 176, 190
908612.3.peg.1678.site.7, 7, 178, 185
908612.3.peg.1678.site.8, 12, 179, 191
908612.3.peg.1678.site.9, 1, 180, 181
908612.3.peg.1678.site.10, 31, 174, 205
908612.3.peg.1678.site.11, 26, 165, 191
908612.3.peg.1678.site.12, 88, 167, 255
908612.3.peg.1678.site.13, 20, 177, 197
908612.3.peg.1678.site.14, 0, 179, 179
908612.3.peg.1678.site.15, 99, 177, 276
908612.3.peg.1678.site.16, 7, 180, 187
908612.3.peg.1678.site.17, 0, 180, 180
908612.3.peg.1678.site.18, 13, 176, 189
908612.3.peg.1678.site.19, 92, 172, 264
908612.3.peg.1678.site.20, 2, 175, 177
908612.3.peg.1678.site.21, 95, 172, 267
908612.3.peg.1678.site.22, 0, 179, 179
908612.3.peg.1678.site.23, 68, 171, 239
908612.3.peg.1678.site.24, 73, 176, 249
908612.3.peg.1678.site.25, 3, 178, 181
908612.3.peg.1678.site.26, 6, 177, 183
908612.3.peg.1678.site.27, 35, 174, 209
908612.3.peg.1678.site.28, 35, 174, 209
908612.3.peg.1678.site.29, 30, 174, 204
908612.3.peg.1678.site.30, 3, 165, 168
908612.3.peg.1678.site.31, 11, 169, 180
908612.3.peg.1678.site.32, 0, 170, 170
908612.3.peg.1678.site.33, 29, 169, 198
908612.3.peg.1678.site.34, 4, 174, 178
908612.3.peg.1678.site.35, 13, 171, 184
908612.3.peg.1678.site.36, 30, 178, 208
908612.3.peg.1678.site.37, 30, 179, 209
908612.3.peg.1678.site.38, 0, 180, 180
908612.3.peg.1678.site.39, 0, 180, 180
908612.3.peg.1678.site.40, 6, 180, 186
908612.3.peg.1678.site.41, 0, 179, 179
908612.3.peg.1679.site.1, 4, 179, 183
908612.3.peg.1679.site.2, 3, 180, 183
908612.3.peg.1679.site.3, 28, 178, 206
908612.3.peg.1679.site.4, 70, 179, 249
908612.3.peg.1679.site.5, 25, 178, 203
908612.3.peg.1679.site.6, 6, 179, 185
908612.3.peg.1679.site.7, 3, 179, 182
908612.3.peg.1679.site.8, 3, 179, 182
908612.3.peg.1679.site.9, 3, 175, 178
908612.3.peg.1679.site.10, 11, 177, 188
908612.3.peg.1679.site.11, 11, 178, 189
908612.3.peg.1679.site.12, 12, 180, 192
908612.3.peg.1679.site.13, 13, 180, 193
908612.3.peg.1679.site.14, 0, 178, 178
908612.3.peg.1679.site.15, 15, 178, 193
908612.3.peg.1679.site.16, 3, 170, 173
908612.3.peg.1679.site.17, 0, 165, 165
908612.3.peg.1679.site.18, 8, 179, 187
908612.3.peg.1679.site.19, 0, 178, 178
908612.3.peg.1679.site.20, 29, 178, 207
908612.3.peg.1679.site.21, 45, 178, 223
908612.3.peg.1679.site.22, 29, 134, 163
908612.3.peg.88.site.1, 0, 177, 177
908612.3.peg.88.site.2, 0, 178, 178
908612.3.peg.88.site.3, 13, 178, 191
908612.3.peg.88.site.4, 1, 180, 181
908612.3.peg.88.site.5, 13, 179, 192
908612.3.peg.88.site.6, 13, 179, 192
908612.3.peg.88.site.7, 4, 177, 181
908612.3.peg.88.site.8, 4, 171, 175
908612.3.peg.88.site.9, 32, 167, 199
908612.3.peg.88.site.10, 2, 169, 171
908612.3.peg.88.site.11, 3, 169, 172
908612.3.peg.88.site.12, 1, 173, 174
908612.3.peg.88.site.13, 12, 178, 190
908612.3.peg.88.site.14, 13, 180, 193
908612.3.peg.88.site.15, 12, 177, 189
908612.3.peg.88.site.16, 12, 178, 190
908612.3.peg.88.site.17, 1, 180, 181
908612.3.peg.88.site.18, 0, 178, 178
908612.3.peg.88.site.19, 26, 177, 203
908612.3.peg.88.site.20, 9, 175, 184
908612.3.peg.88.site.21, 0, 179, 179
908612.3.peg.88.site.22, 0, 177, 177
908612.3.peg.88.site.23, 13, 179, 192
908612.3.peg.88.site.24, 13, 179, 192
908612.3.peg.88.site.25, 13, 179, 192
908612.3.peg.88.site.26, 13, 179, 192
908612.3.peg.88.site.27, 16, 178, 194
908612.3.peg.88.site.28, 42, 151, 193
908612.3.peg.89.site.1, 9, 169, 178
908612.3.peg.89.site.2, 11, 174, 185
908612.3.peg.89.site.3, 7, 178, 185
908612.3.peg.89.site.4, 14, 177, 191
908612.3.peg.89.site.5, 1, 180, 181
908612.3.peg.89.site.6, 0, 176, 176
908612.3.peg.89.site.7, 3, 167, 170
908612.3.peg.89.site.8, 4, 168, 172
908612.3.peg.89.site.9, 2, 168, 170
908612.3.peg.89.site.10, 1, 177, 178
908612.3.peg.89.site.11, 13, 177, 190
908612.3.peg.89.site.12, 13, 164, 177
908612.3.peg.89.site.13, 6, 180, 186
908612.3.peg.89.site.14, 0, 178, 178
908612.3.peg.89.site.15, 9, 179, 188
908612.3.peg.89.site.16, 0, 178, 178
908612.3.peg.89.site.17, 127, 173, 300
908612.3.peg.89.site.18, 2, 173, 175
908612.3.peg.89.site.19, 9, 143, 152
908612.3.peg.89.site.20, 1, 149, 150
908612.3.peg.89.site.21, 1, 160, 161
908612.3.peg.89.site.22, 0, 162, 162
908612.3.peg.89.site.23, 0, 163, 163
908612.3.peg.89.site.24, 1, 166, 167
908612.3.peg.89.site.25, 14, 179, 193
908612.3.peg.89.site.26, 13, 175, 188
908612.3.peg.89.site.27, 138, 167, 305
908612.3.peg.89.site.28, 100, 141, 241
908612.3.peg.89.site.29, 88, 133, 221
908612.3.peg.89.site.30, 83, 127, 210
908612.3.peg.89.site.31, 3, 151, 154
908612.3.peg.89.site.32, 7, 166, 173
908612.3.peg.89.site.33, 2, 177, 179
908612.3.peg.89.site.34, 123, 171, 294
908612.3.peg.89.site.35, 119, 173, 292
908612.3.peg.89.site.36, 17, 171, 188
908612.3.peg.89.site.37, 17, 171, 188
908612.3.peg.89.site.38, 16, 173, 189
908612.3.peg.89.site.39, 19, 178, 197
908612.3.peg.89.site.40, 127, 177, 304
908612.3.peg.89.site.41, 127, 177, 304
908612.3.peg.89.site.42, 22, 177, 199
908612.3.peg.89.site.43, 0, 179, 179
908612.3.peg.89.site.44, 30, 178, 208
908612.3.peg.89.site.45, 3, 180, 183
908612.3.peg.89.site.46, 0, 178, 178
908612.3.peg.1418.site.1, 0, 176, 176
908612.3.peg.1418.site.2, 113, 174, 287
908612.3.peg.1418.site.3, 33, 166, 199
908612.3.peg.1418.site.4, 0, 176, 176
908612.3.peg.1419.site.1, 16, 175, 191
908612.3.peg.1419.site.2, 9, 176, 185
908612.3.peg.1419.site.3, 1, 175, 176
908612.3.peg.1419.site.4, 0, 160, 160
908612.3.peg.1419.site.5, 131, 162, 293
908612.3.peg.1419.site.6, 3, 179, 182
908612.3.peg.1419.site.7, 18, 178, 196
908612.3.peg.1419.site.8, 8, 178, 186
908612.3.peg.1419.site.9, 0, 180, 180
908612.3.peg.84.site.1, 0, 178, 178
908612.3.peg.84.site.2, 10, 177, 187
908612.3.peg.84.site.3, 1, 178, 179
908612.3.peg.84.site.4, 53, 176, 229
908612.3.peg.84.site.5, 3, 178, 181
908612.3.peg.84.site.6, 6, 177, 183
908612.3.peg.84.site.7, 1, 177, 178
908612.3.peg.84.site.8, 5, 177, 182
908612.3.peg.84.site.9, 0, 176, 176
908612.3.peg.84.site.10, 23, 176, 199
908612.3.peg.84.site.11, 71, 175, 246
908612.3.peg.84.site.12, 38, 176, 214
908612.3.peg.84.site.13, 3, 178, 181
908612.3.peg.84.site.14, 41, 176, 217
908612.3.peg.84.site.15, 4, 178, 182
908612.3.peg.84.site.16, 3, 178, 181
908612.3.peg.84.site.17, 0, 178, 178
908612.3.peg.84.site.18, 9, 176, 185
908612.3.peg.84.site.19, 72, 174, 246
908612.3.peg.84.site.20, 47, 178, 225
908612.3.peg.84.site.21, 3, 178, 181
908612.3.peg.84.site.22, 0, 178, 178
908612.3.peg.84.site.23, 0, 168, 168
908612.3.peg.1417.site.1, 20, 177, 197
908612.3.peg.1417.site.2, 7, 162, 169
908612.3.peg.87.site.1, 0, 180, 180
908612.3.peg.87.site.2, 11, 178, 189
908612.3.peg.87.site.3, 2, 178, 180
908612.3.peg.87.site.4, 13, 176, 189
908612.3.peg.87.site.5, 17, 180, 197
908612.3.peg.87.site.6, 17, 180, 197
908612.3.peg.87.site.7, 32, 177, 209
908612.3.peg.87.site.8, 2, 163, 165
908612.3.peg.87.site.9, 0, 180, 180
908612.3.peg.87.site.10, 15, 179, 194
908612.3.peg.87.site.11, 26, 178, 204
908612.3.peg.87.site.12, 26, 179, 205
908612.3.peg.87.site.13, 0, 179, 179
908612.3.peg.87.site.14, 0, 179, 179
908612.3.peg.87.site.15, 0, 180, 180
908612.3.peg.87.site.16, 20, 180, 200
908612.3.peg.87.site.17, 1, 179, 180
908612.3.peg.87.site.18, 20, 180, 200
908612.3.peg.87.site.19, 26, 178, 204
908612.3.peg.87.site.20, 22, 176, 198
908612.3.peg.87.site.21, 1, 180, 181
908612.3.peg.87.site.22, 21, 176, 197
908612.3.peg.87.site.23, 20, 180, 200
908612.3.peg.87.site.24, 20, 179, 199
908612.3.peg.87.site.25, 30, 177, 207
908612.3.peg.87.site.26, 0, 178, 178
908612.3.peg.87.site.27, 14, 179, 193
908612.3.peg.87.site.28, 10, 179, 189
908612.3.peg.87.site.29, 0, 179, 179
908612.3.peg.87.site.30, 18, 180, 198
908612.3.peg.87.site.31, 18, 180, 198
908612.3.peg.87.site.32, 1, 180, 181
908612.3.peg.87.site.33, 15, 178, 193
908612.3.peg.87.site.34, 9, 172, 181
908612.3.peg.87.site.35, 3, 166, 169
908612.3.peg.87.site.36, 15, 178, 193
908612.3.peg.87.site.37, 17, 180, 197
908612.3.peg.87.site.38, 0, 178, 178
908612.3.peg.87.site.39, 18, 180, 198
908612.3.peg.87.site.40, 0, 179, 179
908612.3.peg.87.site.41, 1, 180, 181
908612.3.peg.87.site.42, 0, 180, 180
908612.3.peg.87.site.43, 21, 180, 201
908612.3.peg.87.site.44, 10, 180, 190
908612.3.peg.87.site.45, 21, 179, 200
908612.3.peg.87.site.46, 21, 179, 200
908612.3.peg.87.site.47, 18, 179, 197
908612.3.peg.87.site.48, 0, 178, 178
908612.3.peg.87.site.49, 103, 174, 277
908612.3.peg.87.site.50, 0, 179, 179
908612.3.peg.87.site.51, 0, 180, 180
908612.3.peg.87.site.52, 1, 180, 181
908612.3.peg.1413.site.1, 2, 178, 180
908612.3.peg.1413.site.2, 0, 179, 179
908612.3.peg.1413.site.3, 4, 171, 175
908612.3.peg.1413.site.4, 3, 175, 178
908612.3.peg.1413.site.5, 4, 176, 180
908612.3.peg.1413.site.6, 42, 174, 216
908612.3.peg.1413.site.7, 0, 177, 177
908612.3.peg.1413.site.8, 0, 179, 179
908612.3.peg.1413.site.9, 0, 180, 180
908612.3.peg.1413.site.10, 82, 177, 259
908612.3.peg.1413.site.11, 3, 178, 181
908612.3.peg.1413.site.12, 21, 178, 199
908612.3.peg.1413.site.13, 3, 179, 182
908612.3.peg.1413.site.14, 0, 179, 179
908612.3.peg.1413.site.15, 7, 179, 186
908612.3.peg.1413.site.16, 3, 180, 183
908612.3.peg.1413.site.17, 0, 179, 179
908612.3.peg.1413.site.18, 0, 180, 180
908612.3.peg.1413.site.19, 22, 178, 200
908612.3.peg.1413.site.20, 19, 178, 197
908612.3.peg.1413.site.21, 42, 171, 213
908612.3.peg.1413.site.22, 19, 177, 196
908612.3.peg.1413.site.23, 14, 175, 189
908612.3.peg.1413.site.24, 40, 176, 216
908612.3.peg.1413.site.25, 0, 179, 179
908612.3.peg.1413.site.26, 21, 179, 200
908612.3.peg.1413.site.27, 0, 179, 179
908612.3.peg.1413.site.28, 0, 179, 179
908612.3.peg.1413.site.29, 0, 180, 180
908612.3.peg.1413.site.30, 13, 179, 192
908612.3.peg.1413.site.31, 0, 180, 180
908612.3.peg.1413.site.32, 29, 179, 208
908612.3.peg.1413.site.33, 52, 177, 229
908612.3.peg.1413.site.34, 0, 180, 180
908612.3.peg.1413.site.35, 2, 178, 180
908612.3.peg.1413.site.36, 0, 178, 178
908612.3.peg.1411.site.1, 108, 177, 285
908612.3.peg.1411.site.2, 0, 180, 180
908612.3.peg.1411.site.3, 113, 176, 289
908612.3.peg.1411.site.4, 117, 179, 296
908612.3.peg.1411.site.5, 4, 170, 174
908612.3.peg.1411.site.6, 37, 161, 198
908612.3.peg.1411.site.7, 44, 174, 218
908612.3.peg.1411.site.8, 1, 174, 175
908612.3.peg.1411.site.9, 59, 173, 232
908612.3.peg.1411.site.10, 2, 180, 182
908612.3.peg.1411.site.11, 2, 180, 182
908612.3.peg.1411.site.12, 2, 180, 182
908612.3.peg.1411.site.13, 1, 180, 181
908612.3.peg.1411.site.14, 4, 180, 184
908612.3.peg.1411.site.15, 71, 176, 247
908612.3.peg.1411.site.16, 38, 168, 206
908612.3.peg.1411.site.17, 2, 170, 172
908612.3.peg.1411.site.18, 0, 174, 174
908612.3.peg.1411.site.19, 32, 175, 207
908612.3.peg.1411.site.20, 122, 172, 294
908612.3.peg.1411.site.21, 3, 179, 182
908612.3.peg.1411.site.22, 8, 179, 187
908612.3.peg.1411.site.23, 71, 173, 244
908612.3.peg.1411.site.24, 43, 174, 217
908612.3.peg.1411.site.25, 3, 178, 181
908612.3.peg.1411.site.26, 0, 154, 154
908612.3.peg.1411.site.27, 0, 157, 157
908612.3.peg.1687.site.1, 2, 151, 153
908612.3.peg.1687.site.2, 20, 172, 192
908612.3.peg.1687.site.3, 5, 180, 185
908612.3.peg.1687.site.4, 164, 179, 343
908612.3.peg.1687.site.5, 0, 180, 180
908612.3.peg.1687.site.6, 6, 180, 186
908612.3.peg.1687.site.7, 26, 174, 200
908612.3.peg.1687.site.8, 16, 178, 194
908612.3.peg.1687.site.9, 78, 175, 253
908612.3.peg.1687.site.10, 4, 177, 181
908612.3.peg.1687.site.11, 1, 178, 179
908612.3.peg.1687.site.12, 8, 179, 187
908612.3.peg.1687.site.13, 3, 180, 183
908612.3.peg.1687.site.14, 3, 177, 180
908612.3.peg.1687.site.15, 0, 179, 179
908612.3.peg.1687.site.16, 1, 171, 172
908612.3.peg.1687.site.17, 0, 174, 174
908612.3.peg.1687.site.18, 28, 173, 201
908612.3.peg.1687.site.19, 126, 175, 301
908612.3.peg.1687.site.20, 28, 176, 204
908612.3.peg.1687.site.21, 48, 176, 224
908612.3.peg.1687.site.22, 138, 177, 315
908612.3.peg.1687.site.23, 14, 179, 193
908612.3.peg.1687.site.24, 2, 180, 182
908612.3.peg.1687.site.25, 2, 180, 182
908612.3.peg.1078.site.1, 7, 178, 185
908612.3.peg.1078.site.2, 3, 178, 181
908612.3.peg.1078.site.3, 13, 60, 73
908612.3.peg.1078.site.4, 47, 99, 146
908612.3.peg.1078.site.5, 3, 103, 106
908612.3.peg.1079.site.1, 57, 177, 234
908612.3.peg.1079.site.2, 10, 178, 188
908612.3.peg.1079.site.3, 0, 176, 176
908612.3.peg.1079.site.4, 0, 174, 174
908612.3.peg.1079.site.5, 0, 178, 178
908612.3.peg.1079.site.6, 1, 179, 180
908612.3.peg.1079.site.7, 4, 178, 182
908612.3.peg.1079.site.8, 1, 178, 179
908612.3.peg.1079.site.9, 103, 173, 276
908612.3.peg.1079.site.10, 95, 162, 257
908612.3.peg.1079.site.11, 7, 176, 183
908612.3.peg.1079.site.12, 60, 176, 236
908612.3.peg.1686.site.1, 7, 179, 186
908612.3.peg.1686.site.2, 1, 179, 180
908612.3.peg.1686.site.3, 1, 179, 180
908612.3.peg.1686.site.4, 130, 176, 306
908612.3.peg.1686.site.5, 7, 170, 177
908612.3.peg.1686.site.6, 9, 153, 162
908612.3.peg.1686.site.7, 0, 165, 165
908612.3.peg.1686.site.8, 19, 170, 189
908612.3.peg.1686.site.9, 4, 168, 172
908612.3.peg.1686.site.10, 0, 179, 179
908612.3.peg.1686.site.11, 61, 172, 233
908612.3.peg.1686.site.12, 62, 173, 235
908612.3.peg.1686.site.13, 0, 180, 180
908612.3.peg.1686.site.14, 0, 180, 180
908612.3.peg.1686.site.15, 43, 176, 219
908612.3.peg.1686.site.16, 0, 179, 179
908612.3.peg.1686.site.17, 59, 175, 234
908612.3.peg.1686.site.18, 2, 177, 179
908612.3.peg.1686.site.19, 42, 176, 218
908612.3.peg.1686.site.20, 19, 177, 196
908612.3.peg.1686.site.21, 0, 180, 180
908612.3.peg.1686.site.22, 4, 180, 184
908612.3.peg.1074.site.1, 63, 173, 236
908612.3.peg.1074.site.2, 32, 178, 210
908612.3.peg.1074.site.3, 94, 175, 269
908612.3.peg.1074.site.4, 0, 180, 180
908612.3.peg.1074.site.5, 94, 175, 269
908612.3.peg.1074.site.6, 140, 177, 317
908612.3.peg.1074.site.7, 76, 177, 253
908612.3.peg.1074.site.8, 96, 177, 273
908612.3.peg.1074.site.9, 94, 175, 269
908612.3.peg.1074.site.10, 27, 164, 191
908612.3.peg.1074.site.11, 52, 176, 228
908612.3.peg.1074.site.12, 8, 178, 186
908612.3.peg.1074.site.13, 92, 174, 266
908612.3.peg.1074.site.14, 33, 164, 197
908612.3.peg.1074.site.15, 11, 155, 166
908612.3.peg.1074.site.16, 2, 146, 148
908612.3.peg.1074.site.17, 12, 155, 167
908612.3.peg.1074.site.18, 35, 177, 212
908612.3.peg.1074.site.19, 27, 173, 200
908612.3.peg.1076.site.1, 0, 178, 178
908612.3.peg.1076.site.2, 0, 178, 178
908612.3.peg.1076.site.3, 49, 176, 225
908612.3.peg.1076.site.4, 51, 178, 229
908612.3.peg.1076.site.5, 91, 178, 269
908612.3.peg.1076.site.6, 37, 180, 217
908612.3.peg.1076.site.7, 36, 179, 215
908612.3.peg.1076.site.8, 120, 177, 297
908612.3.peg.1076.site.9, 84, 179, 263
908612.3.peg.1076.site.10, 113, 179, 292
908612.3.peg.1076.site.11, 6, 178, 184
908612.3.peg.1076.site.12, 0, 180, 180
908612.3.peg.1076.site.13, 0, 180, 180
908612.3.peg.1076.site.14, 0, 180, 180
908612.3.peg.1076.site.15, 4, 180, 184
908612.3.peg.1076.site.16, 66, 177, 243
908612.3.peg.1076.site.17, 0, 176, 176
908612.3.peg.1076.site.18, 25, 177, 202
908612.3.peg.1076.site.19, 0, 177, 177
908612.3.peg.1076.site.20, 25, 176, 201
908612.3.peg.1076.site.21, 29, 178, 207
908612.3.peg.1076.site.22, 76, 177, 253
908612.3.peg.1076.site.23, 25, 176, 201
908612.3.peg.1076.site.24, 7, 160, 167
908612.3.peg.1076.site.25, 3, 153, 156
908612.3.peg.1076.site.26, 8, 160, 168
908612.3.peg.1076.site.27, 7, 168, 175
908612.3.peg.1076.site.28, 1, 174, 175
908612.3.peg.1076.site.29, 6, 163, 169
908612.3.peg.1076.site.30, 12, 164, 176
908612.3.peg.1076.site.31, 11, 163, 174
908612.3.peg.1076.site.32, 10, 162, 172
908612.3.peg.1076.site.33, 42, 159, 201
908612.3.peg.1076.site.34, 10, 163, 173
908612.3.peg.1076.site.35, 23, 175, 198
908612.3.peg.1076.site.36, 26, 178, 204
908612.3.peg.1076.site.37, 0, 179, 179
908612.3.peg.1076.site.38, 0, 179, 179
908612.3.peg.1077.site.1, 3, 180, 183
908612.3.peg.1077.site.2, 3, 180, 183
908612.3.peg.1077.site.3, 18, 172, 190
908612.3.peg.1077.site.4, 0, 175, 175
908612.3.peg.1077.site.5, 19, 173, 192
908612.3.peg.1070.site.1, 27, 169, 196
908612.3.peg.1070.site.2, 0, 180, 180
908612.3.peg.1070.site.3, 18, 179, 197
908612.3.peg.1070.site.4, 1, 173, 174
908612.3.peg.1070.site.5, 0, 175, 175
908612.3.peg.1070.site.6, 67, 175, 242
908612.3.peg.1070.site.7, 49, 176, 225
908612.3.peg.1070.site.8, 2, 178, 180
908612.3.peg.1070.site.9, 46, 174, 220
908612.3.peg.1070.site.10, 46, 174, 220
908612.3.peg.1070.site.11, 3, 176, 179
908612.3.peg.1071.site.1, 37, 163, 200
908612.3.peg.1071.site.2, 3, 174, 177
908612.3.peg.1071.site.3, 42, 176, 218
908612.3.peg.1071.site.4, 39, 177, 216
908612.3.peg.1071.site.5, 0, 180, 180
908612.3.peg.1071.site.6, 39, 175, 214
908612.3.peg.1071.site.7, 42, 175, 217
908612.3.peg.1071.site.8, 5, 180, 185
908612.3.peg.1071.site.9, 1, 180, 181
908612.3.peg.1071.site.10, 51, 177, 228
908612.3.peg.1071.site.11, 50, 175, 225
908612.3.peg.1071.site.12, 12, 179, 191
908612.3.peg.1071.site.13, 1, 180, 181
908612.3.peg.1071.site.14, 6, 180, 186
908612.3.peg.1071.site.15, 43, 175, 218
908612.3.peg.1071.site.16, 6, 179, 185
908612.3.peg.1071.site.17, 40, 176, 216
908612.3.peg.1071.site.18, 1, 180, 181
908612.3.peg.1071.site.19, 65, 174, 239
908612.3.peg.1071.site.20, 66, 174, 240
908612.3.peg.1072.site.1, 83, 173, 256
908612.3.peg.1072.site.2, 3, 179, 182
908612.3.peg.1072.site.3, 78, 174, 252
908612.3.peg.1072.site.4, 9, 179, 188
908612.3.peg.1072.site.5, 38, 175, 213
908612.3.peg.1072.site.6, 16, 179, 195
908612.3.peg.1072.site.7, 82, 172, 254
908612.3.peg.1072.site.8, 0, 178, 178
908612.3.peg.1072.site.9, 0, 179, 179
908612.3.peg.1072.site.10, 81, 174, 255
908612.3.peg.1072.site.11, 86, 174, 260
908612.3.peg.118.site.1, 26, 174, 200
908612.3.peg.118.site.2, 27, 176, 203
908612.3.peg.118.site.3, 2, 179, 181
908612.3.peg.118.site.4, 4, 180, 184
908612.3.peg.118.site.5, 8, 179, 187
908612.3.peg.118.site.6, 7, 180, 187
908612.3.peg.118.site.7, 0, 179, 179
908612.3.peg.118.site.8, 17, 177, 194
908612.3.peg.118.site.9, 30, 178, 208
908612.3.peg.118.site.10, 1, 176, 177
908612.3.peg.118.site.11, 20, 168, 188
908612.3.peg.118.site.12, 3, 151, 154
908612.3.peg.118.site.13, 4, 151, 155
908612.3.peg.118.site.14, 4, 151, 155
908612.3.peg.118.site.15, 4, 151, 155
908612.3.peg.118.site.16, 4, 151, 155
908612.3.peg.118.site.17, 21, 172, 193
908612.3.peg.2589.site.1, 7, 180, 187
908612.3.peg.2589.site.2, 0, 180, 180
908612.3.peg.2589.site.3, 0, 180, 180
908612.3.peg.2589.site.4, 4, 179, 183
908612.3.peg.2589.site.5, 1, 180, 181
908612.3.peg.2589.site.6, 39, 178, 217
908612.3.peg.2589.site.7, 36, 178, 214
908612.3.peg.2589.site.8, 79, 168, 247
908612.3.peg.2589.site.9, 65, 173, 238
908612.3.peg.2589.site.10, 64, 170, 234
908612.3.peg.2589.site.11, 1, 179, 180
908612.3.peg.2589.site.12, 33, 178, 211
908612.3.peg.2589.site.13, 2, 178, 180
908612.3.peg.2589.site.14, 35, 178, 213
908612.3.peg.2589.site.15, 0, 179, 179
908612.3.peg.2589.site.16, 0, 177, 177
908612.3.peg.2589.site.17, 29, 174, 203
908612.3.peg.111.site.1, 13, 176, 189
908612.3.peg.111.site.2, 3, 178, 181
908612.3.peg.111.site.3, 0, 178, 178
908612.3.peg.111.site.4, 0, 178, 178
908612.3.peg.111.site.5, 3, 176, 179
908612.3.peg.111.site.6, 2, 168, 170
908612.3.peg.111.site.7, 1, 148, 149
908612.3.peg.111.site.8, 0, 151, 151
908612.3.peg.111.site.9, 0, 144, 144
908612.3.peg.111.site.10, 1, 152, 153
908612.3.peg.111.site.11, 2, 177, 179
908612.3.peg.111.site.12, 0, 178, 178
908612.3.peg.111.site.13, 2, 180, 182
908612.3.peg.111.site.14, 0, 179, 179
908612.3.peg.111.site.15, 3, 178, 181
908612.3.peg.111.site.16, 1, 179, 180
908612.3.peg.111.site.17, 5, 179, 184
908612.3.peg.111.site.18, 0, 180, 180
908612.3.peg.111.site.19, 5, 175, 180
908612.3.peg.111.site.20, 3, 177, 180
908612.3.peg.111.site.21, 0, 177, 177
908612.3.peg.111.site.22, 2, 176, 178
908612.3.peg.111.site.23, 107, 170, 277
908612.3.peg.111.site.24, 1, 176, 177
908612.3.peg.111.site.25, 6, 173, 179
908612.3.peg.111.site.26, 6, 175, 181
908612.3.peg.111.site.27, 9, 174, 183
908612.3.peg.111.site.28, 1, 175, 176
908612.3.peg.111.site.29, 12, 175, 187
908612.3.peg.111.site.30, 5, 177, 182
908612.3.peg.111.site.31, 0, 171, 171
908612.3.peg.111.site.32, 54, 174, 228
908612.3.peg.111.site.33, 17, 176, 193
908612.3.peg.111.site.34, 1, 180, 181
908612.3.peg.111.site.35, 3, 180, 183
908612.3.peg.111.site.36, 1, 157, 158
908612.3.peg.111.site.37, 7, 176, 183
908612.3.peg.111.site.38, 8, 176, 184
908612.3.peg.111.site.39, 1, 179, 180
908612.3.peg.111.site.40, 112, 176, 288
908612.3.peg.111.site.41, 0, 173, 173
908612.3.peg.111.site.42, 0, 175, 175
908612.3.peg.111.site.43, 130, 159, 289
908612.3.peg.111.site.44, 136, 165, 301
908612.3.peg.111.site.45, 29, 173, 202
908612.3.peg.111.site.46, 120, 168, 288
908612.3.peg.111.site.47, 139, 173, 312
908612.3.peg.111.site.48, 51, 176, 227
908612.3.peg.111.site.49, 28, 173, 201
908612.3.peg.117.site.1, 27, 178, 205
908612.3.peg.117.site.2, 0, 180, 180
908612.3.peg.117.site.3, 28, 178, 206
908612.3.peg.117.site.4, 9, 174, 183
908612.3.peg.117.site.5, 21, 172, 193
908612.3.peg.117.site.6, 20, 171, 191
908612.3.peg.117.site.7, 21, 171, 192
908612.3.peg.117.site.8, 5, 179, 184
908612.3.peg.117.site.9, 27, 177, 204
908612.3.peg.117.site.10, 27, 176, 203
908612.3.peg.117.site.11, 1, 178, 179
908612.3.peg.117.site.12, 2, 176, 178
908612.3.peg.117.site.13, 0, 180, 180
908612.3.peg.117.site.14, 10, 179, 189
908612.3.peg.117.site.15, 43, 176, 219
908612.3.peg.117.site.16, 0, 179, 179
908612.3.peg.117.site.17, 2, 180, 182
908612.3.peg.117.site.18, 20, 122, 142
908612.3.peg.117.site.19, 16, 132, 148
908612.3.peg.117.site.20, 8, 131, 139
908612.3.peg.117.site.21, 8, 132, 140
908612.3.peg.117.site.22, 13, 158, 171
908612.3.peg.117.site.23, 15, 164, 179
908612.3.peg.117.site.24, 17, 168, 185
908612.3.peg.117.site.25, 19, 170, 189
908612.3.peg.117.site.26, 0, 167, 167
908612.3.peg.115.site.1, 6, 179, 185
908612.3.peg.115.site.2, 4, 179, 183
908612.3.peg.115.site.3, 18, 180, 198
908612.3.peg.115.site.4, 49, 179, 228
908612.3.peg.115.site.5, 15, 180, 195
908612.3.peg.115.site.6, 14, 178, 192
908612.3.peg.115.site.7, 0, 179, 179
908612.3.peg.115.site.8, 48, 180, 228
908612.3.peg.115.site.9, 40, 179, 219
908612.3.peg.115.site.10, 4, 180, 184
908612.3.peg.115.site.11, 1, 180, 181
908612.3.peg.115.site.12, 1, 180, 181
908612.3.peg.115.site.13, 41, 180, 221
908612.3.peg.115.site.14, 4, 180, 184
908612.3.peg.115.site.15, 14, 178, 192
908612.3.peg.115.site.16, 35, 177, 212
908612.3.peg.115.site.17, 19, 179, 198
908612.3.peg.115.site.18, 0, 179, 179
908612.3.peg.115.site.19, 43, 180, 223
908612.3.peg.115.site.20, 25, 180, 205
908612.3.peg.115.site.21, 17, 180, 197
908612.3.peg.115.site.22, 70, 180, 250
908612.3.peg.115.site.23, 68, 180, 248
908612.3.peg.115.site.24, 63, 180, 243
908612.3.peg.115.site.25, 23, 179, 202
908612.3.peg.115.site.26, 23, 178, 201
908612.3.peg.115.site.27, 1, 180, 181
908612.3.peg.115.site.28, 130, 180, 310
908612.3.peg.115.site.29, 2, 180, 182
908612.3.peg.115.site.30, 17, 180, 197
908612.3.peg.115.site.31, 45, 180, 225
908612.3.peg.115.site.32, 24, 180, 204
908612.3.peg.115.site.33, 23, 179, 202
908612.3.peg.115.site.34, 1, 179, 180
908612.3.peg.115.site.35, 8, 180, 188
908612.3.peg.115.site.36, 0, 179, 179
908612.3.peg.115.site.37, 10, 180, 190
908612.3.peg.115.site.38, 0, 180, 180
908612.3.peg.115.site.39, 25, 180, 205
908612.3.peg.115.site.40, 76, 177, 253
908612.3.peg.115.site.41, 12, 180, 192
908612.3.peg.115.site.42, 7, 179, 186
908612.3.peg.115.site.43, 23, 180, 203
908612.3.peg.115.site.44, 27, 180, 207
908612.3.peg.115.site.45, 5, 180, 185
908612.3.peg.115.site.46, 0, 180, 180
908612.3.peg.115.site.47, 3, 178, 181
908612.3.peg.115.site.48, 16, 180, 196
908612.3.peg.115.site.49, 29, 179, 208
908612.3.peg.115.site.50, 22, 179, 201
908612.3.peg.115.site.51, 20, 176, 196
908612.3.peg.115.site.52, 1, 180, 181
908612.3.peg.115.site.53, 19, 180, 199
908612.3.peg.115.site.54, 19, 179, 198
908612.3.peg.115.site.55, 7, 180, 187
908612.3.peg.115.site.56, 19, 180, 199
908612.3.peg.115.site.57, 37, 179, 216
908612.3.peg.115.site.58, 22, 179, 201
908612.3.peg.115.site.59, 34, 178, 212
908612.3.peg.115.site.60, 30, 172, 202
908612.3.peg.115.site.61, 25, 175, 200
908612.3.peg.114.site.1, 42, 179, 221
908612.3.peg.114.site.2, 0, 164, 164
908612.3.peg.114.site.3, 3, 159, 162
908612.3.peg.114.site.4, 29, 82, 111
908612.3.peg.114.site.5, 19, 72, 91
908612.3.peg.114.site.6, 26, 79, 105
908612.3.peg.114.site.7, 52, 132, 184
908612.3.peg.114.site.8, 51, 150, 201
908612.3.peg.114.site.9, 117, 169, 286
908612.3.peg.114.site.10, 147, 174, 321
908612.3.peg.114.site.11, 1, 179, 180
908612.3.peg.114.site.12, 165, 176, 341
908612.3.peg.114.site.13, 147, 176, 323
908612.3.peg.114.site.14, 17, 177, 194
908612.3.peg.114.site.15, 1, 179, 180
908612.3.peg.114.site.16, 0, 179, 179
908612.3.peg.114.site.17, 21, 174, 195
908612.3.peg.114.site.18, 17, 175, 192
908612.3.peg.114.site.19, 17, 177, 194
908612.3.peg.114.site.20, 19, 178, 197
908612.3.peg.114.site.21, 171, 178, 349
908612.3.peg.114.site.22, 123, 179, 302
908612.3.peg.114.site.23, 43, 179, 222
908612.3.peg.114.site.24, 39, 179, 218
908612.3.peg.114.site.25, 40, 180, 220
908612.3.peg.114.site.26, 15, 179, 194
908612.3.peg.114.site.27, 2, 179, 181
908612.3.peg.114.site.28, 3, 180, 183
908612.3.peg.114.site.29, 19, 180, 199
908612.3.peg.114.site.30, 19, 180, 199
908612.3.peg.114.site.31, 0, 180, 180
908612.3.peg.114.site.32, 164, 179, 343
908612.3.peg.114.site.33, 37, 180, 217
908612.3.peg.114.site.34, 38, 180, 218
908612.3.peg.114.site.35, 1, 180, 181
908612.3.peg.114.site.36, 19, 180, 199
908612.3.peg.114.site.37, 12, 180, 192
908612.3.peg.114.site.38, 0, 179, 179
908612.3.peg.114.site.39, 14, 176, 190
908612.3.peg.114.site.40, 9, 170, 179
908612.3.peg.114.site.41, 10, 167, 177
908612.3.peg.114.site.42, 85, 153, 238
908612.3.peg.114.site.43, 59, 115, 174
908612.3.peg.114.site.44, 33, 89, 122
908612.3.peg.114.site.45, 36, 92, 128
908612.3.peg.114.site.46, 64, 120, 184
908612.3.peg.114.site.47, 26, 169, 195
908612.3.peg.114.site.48, 23, 173, 196
908612.3.peg.114.site.49, 8, 160, 168
908612.3.peg.114.site.50, 7, 160, 167
908612.3.peg.114.site.51, 38, 170, 208
908612.3.peg.114.site.52, 8, 178, 186
908612.3.peg.114.site.53, 0, 179, 179
908612.3.peg.1092.site.1, 0, 179, 179
908612.3.peg.1092.site.2, 2, 180, 182
908612.3.peg.1092.site.3, 0, 178, 178
908612.3.peg.1092.site.4, 2, 172, 174
908612.3.peg.1092.site.5, 149, 179, 328
908612.3.peg.1093.site.1, 129, 176, 305
908612.3.peg.1093.site.2, 75, 113, 188
908612.3.peg.1093.site.3, 56, 94, 150
908612.3.peg.1093.site.4, 40, 104, 144
908612.3.peg.1093.site.5, 29, 63, 92
908612.3.peg.1093.site.6, 10, 43, 53
908612.3.peg.1093.site.7, 11, 57, 68
908612.3.peg.1093.site.8, 13, 79, 92
908612.3.peg.1093.site.9, 36, 110, 146
908612.3.peg.1093.site.10, 91, 120, 211
908612.3.peg.1093.site.11, 94, 137, 231
908612.3.peg.1093.site.12, 0, 170, 170
908612.3.peg.1093.site.13, 5, 178, 183
908612.3.peg.1090.site.1, 7, 95, 102
908612.3.peg.1090.site.2, 87, 173, 260
908612.3.peg.1090.site.3, 0, 179, 179
908612.3.peg.1090.site.4, 2, 180, 182
908612.3.peg.1090.site.5, 0, 180, 180
908612.3.peg.1090.site.6, 56, 175, 231
908612.3.peg.1090.site.7, 6, 177, 183
908612.3.peg.1090.site.8, 0, 176, 176
908612.3.peg.1091.site.1, 5, 162, 167
908612.3.peg.1091.site.2, 4, 160, 164
908612.3.peg.1091.site.3, 2, 162, 164
908612.3.peg.1091.site.4, 79, 148, 227
908612.3.peg.1091.site.5, 4, 168, 172
908612.3.peg.1091.site.6, 15, 173, 188
908612.3.peg.1091.site.7, 3, 155, 158
908612.3.peg.1091.site.8, 11, 164, 175
908612.3.peg.1091.site.9, 5, 170, 175
908612.3.peg.1091.site.10, 56, 172, 228
908612.3.peg.1091.site.11, 17, 171, 188
908612.3.peg.1091.site.12, 0, 174, 174
908612.3.peg.1091.site.13, 5, 179, 184
908612.3.peg.1091.site.14, 3, 180, 183
908612.3.peg.1091.site.15, 126, 178, 304
908612.3.peg.1091.site.16, 3, 180, 183
908612.3.peg.1096.site.1, 2, 177, 179
908612.3.peg.1096.site.2, 0, 168, 168
908612.3.peg.1096.site.3, 3, 178, 181
908612.3.peg.1096.site.4, 1, 178, 179
908612.3.peg.1096.site.5, 1, 174, 175
908612.3.peg.1096.site.6, 99, 168, 267
908612.3.peg.1096.site.7, 97, 175, 272
908612.3.peg.1096.site.8, 148, 176, 324
908612.3.peg.1096.site.9, 10, 178, 188
908612.3.peg.1096.site.10, 15, 180, 195
908612.3.peg.1096.site.11, 12, 179, 191
908612.3.peg.1096.site.12, 2, 178, 180
908612.3.peg.1096.site.13, 2, 178, 180
908612.3.peg.1096.site.14, 143, 172, 315
908612.3.peg.1096.site.15, 8, 173, 181
908612.3.peg.1096.site.16, 133, 171, 304
908612.3.peg.1096.site.17, 112, 175, 287
908612.3.peg.1096.site.18, 112, 176, 288
908612.3.peg.1096.site.19, 9, 178, 187
908612.3.peg.1096.site.20, 1, 178, 179
908612.3.peg.1096.site.21, 114, 176, 290
908612.3.peg.1096.site.22, 100, 173, 273
908612.3.peg.1096.site.23, 0, 180, 180
908612.3.peg.1096.site.24, 150, 177, 327
908612.3.peg.1096.site.25, 1, 180, 181
908612.3.peg.1097.site.1, 3, 177, 180
908612.3.peg.1097.site.2, 5, 158, 163
908612.3.peg.1097.site.3, 58, 119, 177
908612.3.peg.1097.site.4, 58, 124, 182
908612.3.peg.1097.site.5, 18, 177, 195
908612.3.peg.1097.site.6, 79, 175, 254
908612.3.peg.1097.site.7, 29, 178, 207
908612.3.peg.1097.site.8, 3, 179, 182
908612.3.peg.1097.site.9, 107, 172, 279
908612.3.peg.1097.site.10, 5, 175, 180
908612.3.peg.1097.site.11, 18, 179, 197
908612.3.peg.1097.site.12, 68, 175, 243
908612.3.peg.1097.site.13, 114, 167, 281
908612.3.peg.1097.site.14, 32, 160, 192
908612.3.peg.1097.site.15, 15, 174, 189
908612.3.peg.1097.site.16, 70, 172, 242
908612.3.peg.1097.site.17, 0, 179, 179
908612.3.peg.1097.site.18, 102, 176, 278
908612.3.peg.1094.site.1, 3, 180, 183
908612.3.peg.1094.site.2, 5, 178, 183
908612.3.peg.1094.site.3, 3, 178, 181
908612.3.peg.1094.site.4, 1, 179, 180
908612.3.peg.1094.site.5, 7, 180, 187
908612.3.peg.1094.site.6, 5, 175, 180
908612.3.peg.1094.site.7, 0, 170, 170
908612.3.peg.1094.site.8, 0, 176, 176
908612.3.peg.1094.site.9, 137, 177, 314
908612.3.peg.1094.site.10, 0, 178, 178
908612.3.peg.1094.site.11, 0, 176, 176
908612.3.peg.1094.site.12, 0, 169, 169
908612.3.peg.1095.site.1, 150, 177, 327
908612.3.peg.1095.site.2, 11, 148, 159
908612.3.peg.1095.site.3, 94, 149, 243
908612.3.peg.1095.site.4, 40, 158, 198
908612.3.peg.1095.site.5, 111, 155, 266
908612.3.peg.1095.site.6, 9, 165, 174
908612.3.peg.1095.site.7, 98, 169, 267
908612.3.peg.1095.site.8, 99, 171, 270
908612.3.peg.1095.site.9, 110, 173, 283
908612.3.peg.1095.site.10, 1, 179, 180
908612.3.peg.1098.site.1, 2, 180, 182
908612.3.peg.1098.site.2, 10, 179, 189
908612.3.peg.1098.site.3, 2, 179, 181
908612.3.peg.1098.site.4, 0, 179, 179
908612.3.peg.1098.site.5, 8, 179, 187
908612.3.peg.1098.site.6, 101, 174, 275
908612.3.peg.1098.site.7, 2, 159, 161
908612.3.peg.1098.site.8, 7, 174, 181
908612.3.peg.1098.site.9, 3, 176, 179
908612.3.peg.1098.site.10, 18, 179, 197
908612.3.peg.1098.site.11, 3, 180, 183
908612.3.peg.1098.site.12, 55, 178, 233
908612.3.peg.1098.site.13, 81, 177, 258
908612.3.peg.1098.site.14, 9, 179, 188
908612.3.peg.1098.site.15, 9, 180, 189
908612.3.peg.1098.site.16, 62, 176, 238
908612.3.peg.1098.site.17, 3, 180, 183
908612.3.peg.1098.site.18, 100, 177, 277
908612.3.peg.1098.site.19, 0, 180, 180
908612.3.peg.1098.site.20, 14, 180, 194
908612.3.peg.1099.site.1, 0, 179, 179
908612.3.peg.1099.site.2, 0, 179, 179
908612.3.peg.1099.site.3, 147, 174, 321
908612.3.peg.1099.site.4, 141, 169, 310
908612.3.peg.1099.site.5, 36, 161, 197
908612.3.peg.1099.site.6, 99, 150, 249
908612.3.peg.1099.site.7, 3, 160, 163
908612.3.peg.1099.site.8, 44, 175, 219
908612.3.peg.1099.site.9, 22, 176, 198
908612.3.peg.1099.site.10, 103, 170, 273
908612.3.peg.1099.site.11, 0, 170, 170
908612.3.peg.1099.site.12, 23, 162, 185
908612.3.peg.1099.site.13, 98, 162, 260
908612.3.peg.1099.site.14, 0, 135, 135
908612.3.peg.1099.site.15, 31, 132, 163
908612.3.peg.1099.site.16, 3, 173, 176
908612.3.peg.1099.site.17, 146, 174, 320
908612.3.peg.1099.site.18, 8, 177, 185
908612.3.peg.1099.site.19, 36, 162, 198
908612.3.peg.1099.site.20, 5, 170, 175
908612.3.peg.1099.site.21, 0, 179, 179
908612.3.peg.1099.site.22, 1, 179, 180
908612.3.peg.1099.site.23, 2, 177, 179
908612.3.peg.1099.site.24, 0, 179, 179
908612.3.peg.1099.site.25, 46, 176, 222
908612.3.peg.1099.site.26, 35, 178, 213
908612.3.peg.1099.site.27, 3, 180, 183
908612.3.peg.1099.site.28, 3, 180, 183
908612.3.peg.1099.site.29, 1, 180, 181
908612.3.peg.1099.site.30, 7, 180, 187
908612.3.peg.1099.site.31, 3, 179, 182
908612.3.peg.1099.site.32, 0, 174, 174
908612.3.peg.1099.site.33, 0, 177, 177
908612.3.peg.1099.site.34, 26, 176, 202
908612.3.peg.1099.site.35, 1, 163, 164
908612.3.peg.1099.site.36, 142, 154, 296
908612.3.peg.1099.site.37, 6, 157, 163
908612.3.peg.1099.site.38, 3, 158, 161
908612.3.peg.1099.site.39, 0, 175, 175
908612.3.peg.1303.site.1, 35, 170, 205
908612.3.peg.1303.site.2, 121, 167, 288
908612.3.peg.1303.site.3, 7, 178, 185
908612.3.peg.1303.site.4, 5, 178, 183
908612.3.peg.1303.site.5, 6, 179, 185
908612.3.peg.1303.site.6, 0, 180, 180
908612.3.peg.1303.site.7, 9, 180, 189
908612.3.peg.1303.site.8, 3, 178, 181
908612.3.peg.1303.site.9, 3, 179, 182
908612.3.peg.1303.site.10, 113, 174, 287
908612.3.peg.1303.site.11, 154, 176, 330
908612.3.peg.1303.site.12, 59, 86, 145
908612.3.peg.1303.site.13, 32, 76, 108
908612.3.peg.1303.site.14, 61, 83, 144
908612.3.peg.1303.site.15, 3, 177, 180
908612.3.peg.1303.site.16, 17, 177, 194
908612.3.peg.1303.site.17, 2, 179, 181
908612.3.peg.1303.site.18, 3, 179, 182
908612.3.peg.1303.site.19, 15, 178, 193
908612.3.peg.1303.site.20, 2, 178, 180
908612.3.peg.1303.site.21, 50, 145, 195
908612.3.peg.1303.site.22, 1, 126, 127
908612.3.peg.1303.site.23, 3, 103, 106
908612.3.peg.1303.site.24, 2, 112, 114
908612.3.peg.1303.site.25, 2, 133, 135
908612.3.peg.2588.site.1, 37, 180, 217
908612.3.peg.2588.site.2, 37, 179, 216
908612.3.peg.2588.site.3, 20, 177, 197
908612.3.peg.2588.site.4, 21, 177, 198
908612.3.peg.2588.site.5, 5, 178, 183
908612.3.peg.2588.site.6, 5, 177, 182
908612.3.peg.2588.site.7, 36, 177, 213
908612.3.peg.2588.site.8, 1, 176, 177
908612.3.peg.2588.site.9, 36, 174, 210
908612.3.peg.2588.site.10, 3, 175, 178
908612.3.peg.2588.site.11, 54, 173, 227
908612.3.peg.2588.site.12, 1, 178, 179
908612.3.peg.2588.site.13, 5, 180, 185
908612.3.peg.1301.site.1, 82, 175, 257
908612.3.peg.1301.site.2, 6, 178, 184
908612.3.peg.1301.site.3, 3, 177, 180
908612.3.peg.1301.site.4, 102, 172, 274
908612.3.peg.1301.site.5, 1, 179, 180
908612.3.peg.1301.site.6, 1, 179, 180
908612.3.peg.1301.site.7, 2, 179, 181
908612.3.peg.1301.site.8, 1, 180, 181
908612.3.peg.1301.site.9, 9, 180, 189
908612.3.peg.1301.site.10, 14, 178, 192
908612.3.peg.1301.site.11, 77, 172, 249
908612.3.peg.1301.site.12, 0, 179, 179
908612.3.peg.1301.site.13, 13, 179, 192
908612.3.peg.1301.site.14, 38, 174, 212
908612.3.peg.1301.site.15, 1, 180, 181
908612.3.peg.1301.site.16, 0, 180, 180
908612.3.peg.1301.site.17, 51, 174, 225
908612.3.peg.1301.site.18, 41, 174, 215
908612.3.peg.1301.site.19, 6, 180, 186
908612.3.peg.1301.site.20, 35, 175, 210
908612.3.peg.1301.site.21, 36, 176, 212
908612.3.peg.1301.site.22, 29, 167, 196
908612.3.peg.1301.site.23, 25, 164, 189
908612.3.peg.1301.site.24, 18, 157, 175
908612.3.peg.1301.site.25, 23, 162, 185
908612.3.peg.1301.site.26, 17, 177, 194
908612.3.peg.1301.site.27, 3, 180, 183
908612.3.peg.1301.site.28, 123, 166, 289
908612.3.peg.1301.site.29, 11, 169, 180
908612.3.peg.1301.site.30, 57, 177, 234
908612.3.peg.1306.site.1, 1, 180, 181
908612.3.peg.1306.site.2, 28, 176, 204
908612.3.peg.1306.site.3, 5, 178, 183
908612.3.peg.1306.site.4, 0, 156, 156
908612.3.peg.1306.site.5, 6, 153, 159
908612.3.peg.1306.site.6, 0, 158, 158
908612.3.peg.1306.site.7, 2, 162, 164
908612.3.peg.1306.site.8, 1, 179, 180
908612.3.peg.1306.site.9, 6, 179, 185
908612.3.peg.1306.site.10, 3, 179, 182
908612.3.peg.1306.site.11, 4, 178, 182
908612.3.peg.1306.site.12, 1, 177, 178
908612.3.peg.1306.site.13, 0, 170, 170
908612.3.peg.1306.site.14, 1, 180, 181
908612.3.peg.1306.site.15, 41, 163, 204
908612.3.peg.1306.site.16, 0, 172, 172
908612.3.peg.1306.site.17, 2, 178, 180
908612.3.peg.1306.site.18, 0, 180, 180
908612.3.peg.1306.site.19, 0, 180, 180
908612.3.peg.1306.site.20, 57, 176, 233
908612.3.peg.1306.site.21, 1, 180, 181
908612.3.peg.1306.site.22, 1, 180, 181
908612.3.peg.1307.site.1, 0, 180, 180
908612.3.peg.1307.site.2, 13, 177, 190
908612.3.peg.1307.site.3, 0, 176, 176
908612.3.peg.1307.site.4, 3, 171, 174
908612.3.peg.1307.site.5, 3, 171, 174
908612.3.peg.1307.site.6, 3, 170, 173
908612.3.peg.1307.site.7, 1, 172, 173
908612.3.peg.1307.site.8, 0, 172, 172
908612.3.peg.1307.site.9, 0, 175, 175
908612.3.peg.1307.site.10, 15, 175, 190
908612.3.peg.1307.site.11, 147, 174, 321
908612.3.peg.1307.site.12, 1, 175, 176
908612.3.peg.1307.site.13, 1, 168, 169
908612.3.peg.1307.site.14, 1, 168, 169
908612.3.peg.1307.site.15, 1, 150, 151
908612.3.peg.1307.site.16, 8, 180, 188
908612.3.peg.1307.site.17, 151, 178, 329
908612.3.peg.1307.site.18, 5, 180, 185
908612.3.peg.1307.site.19, 58, 176, 234
908612.3.peg.1307.site.20, 5, 180, 185
908612.3.peg.1307.site.21, 6, 180, 186
908612.3.peg.1307.site.22, 18, 177, 195
908612.3.peg.1307.site.23, 59, 176, 235
908612.3.peg.1307.site.24, 91, 177, 268
908612.3.peg.1307.site.25, 32, 177, 209
908612.3.peg.1307.site.26, 1, 180, 181
908612.3.peg.1307.site.27, 16, 179, 195
908612.3.peg.1307.site.28, 1, 180, 181
908612.3.peg.1307.site.29, 2, 180, 182
908612.3.peg.1307.site.30, 29, 178, 207
908612.3.peg.1307.site.31, 1, 178, 179
908612.3.peg.1307.site.32, 2, 180, 182
908612.3.peg.1307.site.33, 24, 178, 202
908612.3.peg.1304.site.1, 0, 178, 178
908612.3.peg.1304.site.2, 3, 180, 183
908612.3.peg.1304.site.3, 2, 180, 182
908612.3.peg.1304.site.4, 0, 179, 179
908612.3.peg.1304.site.5, 33, 177, 210
908612.3.peg.1304.site.6, 6, 178, 184
908612.3.peg.1304.site.7, 11, 180, 191
908612.3.peg.1304.site.8, 2, 180, 182
908612.3.peg.1304.site.9, 8, 180, 188
908612.3.peg.1304.site.10, 31, 161, 192
908612.3.peg.1305.site.1, 10, 178, 188
908612.3.peg.1305.site.2, 2, 180, 182
908612.3.peg.1305.site.3, 5, 179, 184
908612.3.peg.1305.site.4, 12, 178, 190
908612.3.peg.1305.site.5, 124, 176, 300
908612.3.peg.1305.site.6, 125, 175, 300
908612.3.peg.1305.site.7, 0, 179, 179
908612.3.peg.1305.site.8, 1, 176, 177
908612.3.peg.1305.site.9, 48, 170, 218
908612.3.peg.1305.site.10, 41, 157, 198
908612.3.peg.1305.site.11, 22, 166, 188
908612.3.peg.1305.site.12, 51, 175, 226
908612.3.peg.1305.site.13, 55, 167, 222
908612.3.peg.1305.site.14, 0, 179, 179
908612.3.peg.1305.site.15, 0, 180, 180
908612.3.peg.1305.site.16, 51, 177, 228
908612.3.peg.1305.site.17, 56, 177, 233
908612.3.peg.1305.site.18, 14, 177, 191
908612.3.peg.1305.site.19, 3, 179, 182
908612.3.peg.1308.site.1, 4, 177, 181
908612.3.peg.1308.site.2, 1, 180, 181
908612.3.peg.1308.site.3, 129, 177, 306
908612.3.peg.1308.site.4, 14, 177, 191
908612.3.peg.1308.site.5, 114, 170, 284
908612.3.peg.1308.site.6, 0, 163, 163
908612.3.peg.1308.site.7, 129, 167, 296
908612.3.peg.1308.site.8, 1, 175, 176
908612.3.peg.1308.site.9, 112, 170, 282
908612.3.peg.1308.site.10, 3, 169, 172
908612.3.peg.1308.site.11, 1, 174, 175
908612.3.peg.1308.site.12, 140, 179, 319
908612.3.peg.1308.site.13, 148, 178, 326
908612.3.peg.1308.site.14, 120, 172, 292
908612.3.peg.1308.site.15, 1, 176, 177
908612.3.peg.1308.site.16, 10, 174, 184
908612.3.peg.1308.site.17, 3, 178, 181
908612.3.peg.1308.site.18, 23, 87, 110
908612.3.peg.1308.site.19, 36, 99, 135
908612.3.peg.1308.site.20, 6, 155, 161
908612.3.peg.1308.site.21, 6, 175, 181
908612.3.peg.1308.site.22, 0, 176, 176
908612.3.peg.1308.site.23, 7, 162, 169
908612.3.peg.1308.site.24, 2, 158, 160
908612.3.peg.1308.site.25, 2, 160, 162
908612.3.peg.1308.site.26, 0, 158, 158
908612.3.peg.1308.site.27, 85, 138, 223
908612.3.peg.1308.site.28, 1, 128, 129
908612.3.peg.1308.site.29, 3, 161, 164
908612.3.peg.1308.site.30, 0, 148, 148
908612.3.peg.1308.site.31, 137, 178, 315
908612.3.peg.1308.site.32, 115, 178, 293
908612.3.peg.1308.site.33, 6, 179, 185
908612.3.peg.1308.site.34, 133, 179, 312
908612.3.peg.1309.site.1, 1, 177, 178
908612.3.peg.1309.site.2, 4, 178, 182
908612.3.peg.1309.site.3, 20, 179, 199
908612.3.peg.1309.site.4, 120, 176, 296
908612.3.peg.1309.site.5, 1, 179, 180
908612.3.peg.2408.site.1, 0, 179, 179
908612.3.peg.2408.site.2, 6, 176, 182
908612.3.peg.2408.site.3, 24, 176, 200
908612.3.peg.2408.site.4, 1, 179, 180
908612.3.peg.2408.site.5, 2, 178, 180
908612.3.peg.2408.site.6, 22, 175, 197
908612.3.peg.2408.site.7, 2, 175, 177
908612.3.peg.2408.site.8, 10, 176, 186
908612.3.peg.2408.site.9, 7, 178, 185
908612.3.peg.2408.site.10, 2, 179, 181
908612.3.peg.2408.site.11, 18, 173, 191
908612.3.peg.2408.site.12, 2, 178, 180
908612.3.peg.2408.site.13, 1, 180, 181
908612.3.peg.2408.site.14, 19, 176, 195
908612.3.peg.2408.site.15, 0, 180, 180
908612.3.peg.2408.site.16, 1, 180, 181
908612.3.peg.2408.site.17, 48, 175, 223
908612.3.peg.2408.site.18, 2, 176, 178
908612.3.peg.2408.site.19, 1, 159, 160
908612.3.peg.2408.site.20, 22, 157, 179
908612.3.peg.2408.site.21, 21, 140, 161
908612.3.peg.2408.site.22, 64, 136, 200
908612.3.peg.2408.site.23, 61, 131, 192
908612.3.peg.2408.site.24, 87, 131, 218
908612.3.peg.2408.site.25, 80, 159, 239
908612.3.peg.2408.site.26, 7, 170, 177
908612.3.peg.2408.site.27, 1, 175, 176
908612.3.peg.2409.site.1, 125, 174, 299
908612.3.peg.2409.site.2, 1, 178, 179
908612.3.peg.2409.site.3, 15, 178, 193
908612.3.peg.2409.site.4, 118, 173, 291
908612.3.peg.2409.site.5, 0, 180, 180
908612.3.peg.2409.site.6, 2, 180, 182
908612.3.peg.2409.site.7, 72, 176, 248
908612.3.peg.2409.site.8, 11, 132, 143
908612.3.peg.2409.site.9, 75, 114, 189
908612.3.peg.2404.site.1, 3, 180, 183
908612.3.peg.2404.site.2, 59, 175, 234
908612.3.peg.2404.site.3, 62, 176, 238
908612.3.peg.2404.site.4, 0, 180, 180
908612.3.peg.2404.site.5, 0, 179, 179
908612.3.peg.2404.site.6, 62, 176, 238
908612.3.peg.2404.site.7, 2, 177, 179
908612.3.peg.2404.site.8, 0, 178, 178
908612.3.peg.2404.site.9, 4, 178, 182
908612.3.peg.2404.site.10, 0, 178, 178
908612.3.peg.2404.site.11, 42, 174, 216
908612.3.peg.2404.site.12, 2, 180, 182
908612.3.peg.2404.site.13, 53, 174, 227
908612.3.peg.2404.site.14, 2, 179, 181
908612.3.peg.2404.site.15, 0, 177, 177
908612.3.peg.2404.site.16, 0, 178, 178
908612.3.peg.2404.site.17, 0, 175, 175
908612.3.peg.2404.site.18, 0, 178, 178
908612.3.peg.2404.site.19, 95, 171, 266
908612.3.peg.2404.site.20, 9, 172, 181
908612.3.peg.2404.site.21, 2, 167, 169
908612.3.peg.2404.site.22, 120, 165, 285
908612.3.peg.2404.site.23, 117, 174, 291
908612.3.peg.2404.site.24, 1, 175, 176
908612.3.peg.2404.site.25, 2, 162, 164
908612.3.peg.2404.site.26, 0, 150, 150
908612.3.peg.2405.site.1, 1, 179, 180
908612.3.peg.2405.site.2, 122, 178, 300
908612.3.peg.2405.site.3, 146, 178, 324
908612.3.peg.2405.site.4, 143, 175, 318
908612.3.peg.2405.site.5, 144, 176, 320
908612.3.peg.2405.site.6, 101, 175, 276
908612.3.peg.2405.site.7, 1, 179, 180
908612.3.peg.2405.site.8, 99, 175, 274
908612.3.peg.2405.site.9, 145, 177, 322
908612.3.peg.2405.site.10, 12, 180, 192
908612.3.peg.2405.site.11, 3, 179, 182
908612.3.peg.2405.site.12, 134, 179, 313
908612.3.peg.2405.site.13, 101, 177, 278
908612.3.peg.2405.site.14, 1, 180, 181
908612.3.peg.2405.site.15, 2, 177, 179
908612.3.peg.2405.site.16, 149, 175, 324
908612.3.peg.2405.site.17, 27, 179, 206
908612.3.peg.2405.site.18, 1, 180, 181
908612.3.peg.2405.site.19, 112, 176, 288
908612.3.peg.2405.site.20, 153, 177, 330
908612.3.peg.2406.site.1, 8, 178, 186
908612.3.peg.2406.site.2, 17, 176, 193
908612.3.peg.2406.site.3, 0, 173, 173
908612.3.peg.2406.site.4, 8, 169, 177
908612.3.peg.2406.site.5, 19, 155, 174
908612.3.peg.2406.site.6, 136, 152, 288
908612.3.peg.2406.site.7, 0, 158, 158
908612.3.peg.2406.site.8, 9, 169, 178
908612.3.peg.2406.site.9, 15, 174, 189
908612.3.peg.2406.site.10, 8, 172, 180
908612.3.peg.2406.site.11, 0, 177, 177
908612.3.peg.2406.site.12, 13, 180, 193
908612.3.peg.2406.site.13, 0, 178, 178
908612.3.peg.2406.site.14, 11, 180, 191
908612.3.peg.2406.site.15, 10, 179, 189
908612.3.peg.2406.site.16, 0, 177, 177
908612.3.peg.2406.site.17, 0, 175, 175
908612.3.peg.2406.site.18, 29, 171, 200
908612.3.peg.2406.site.19, 49, 172, 221
908612.3.peg.2406.site.20, 10, 171, 181
908612.3.peg.2406.site.21, 5, 151, 156
908612.3.peg.2406.site.22, 5, 156, 161
908612.3.peg.2406.site.23, 0, 154, 154
908612.3.peg.2406.site.24, 1, 154, 155
908612.3.peg.2406.site.25, 18, 152, 170
908612.3.peg.2406.site.26, 1, 161, 162
908612.3.peg.2406.site.27, 4, 169, 173
908612.3.peg.2406.site.28, 4, 168, 172
908612.3.peg.2406.site.29, 13, 171, 184
908612.3.peg.2406.site.30, 0, 179, 179
908612.3.peg.2406.site.31, 0, 178, 178
908612.3.peg.2406.site.32, 41, 174, 215
908612.3.peg.2406.site.33, 2, 179, 181
908612.3.peg.2406.site.34, 1, 180, 181
908612.3.peg.2406.site.35, 0, 174, 174
908612.3.peg.2406.site.36, 51, 174, 225
908612.3.peg.2406.site.37, 21, 176, 197
908612.3.peg.2406.site.38, 16, 178, 194
908612.3.peg.2406.site.39, 15, 180, 195
908612.3.peg.2406.site.40, 29, 180, 209
908612.3.peg.2406.site.41, 0, 178, 178
908612.3.peg.2406.site.42, 24, 178, 202
908612.3.peg.2406.site.43, 0, 174, 174
908612.3.peg.2406.site.44, 11, 158, 169
908612.3.peg.2406.site.45, 75, 152, 227
908612.3.peg.2406.site.46, 72, 152, 224
908612.3.peg.2406.site.47, 73, 160, 233
908612.3.peg.2406.site.48, 0, 170, 170
908612.3.peg.2406.site.49, 1, 175, 176
908612.3.peg.2406.site.50, 30, 163, 193
908612.3.peg.2406.site.51, 79, 170, 249
908612.3.peg.2406.site.52, 0, 178, 178
908612.3.peg.2406.site.53, 3, 180, 183
908612.3.peg.2406.site.54, 3, 153, 156
908612.3.peg.2406.site.55, 3, 175, 178
908612.3.peg.2407.site.1, 36, 157, 193
908612.3.peg.2407.site.2, 31, 151, 182
908612.3.peg.2407.site.3, 31, 133, 164
908612.3.peg.2407.site.4, 6, 165, 171
908612.3.peg.2407.site.5, 16, 166, 182
908612.3.peg.2407.site.6, 49, 167, 216
908612.3.peg.2407.site.7, 71, 170, 241
908612.3.peg.2407.site.8, 23, 175, 198
908612.3.peg.2407.site.9, 8, 169, 177
908612.3.peg.2407.site.10, 13, 176, 189
908612.3.peg.2407.site.11, 14, 169, 183
908612.3.peg.2407.site.12, 9, 172, 181
908612.3.peg.2407.site.13, 72, 149, 221
908612.3.peg.2407.site.14, 1, 168, 169
908612.3.peg.2407.site.15, 24, 166, 190
908612.3.peg.2407.site.16, 9, 172, 181
908612.3.peg.2407.site.17, 16, 169, 185
908612.3.peg.2400.site.1, 28, 177, 205
908612.3.peg.2400.site.2, 22, 176, 198
908612.3.peg.2400.site.3, 22, 177, 199
908612.3.peg.2400.site.4, 21, 175, 196
908612.3.peg.2400.site.5, 2, 178, 180
908612.3.peg.2400.site.6, 3, 176, 179
908612.3.peg.2400.site.7, 109, 144, 253
908612.3.peg.2401.site.1, 17, 174, 191
908612.3.peg.2401.site.2, 0, 180, 180
908612.3.peg.2401.site.3, 0, 179, 179
908612.3.peg.2401.site.4, 0, 179, 179
908612.3.peg.2401.site.5, 2, 177, 179
908612.3.peg.2401.site.6, 0, 167, 167
908612.3.peg.2401.site.7, 4, 154, 158
908612.3.peg.2401.site.8, 1, 175, 176
908612.3.peg.2401.site.9, 0, 178, 178
908612.3.peg.2401.site.10, 7, 167, 174
908612.3.peg.2401.site.11, 1, 151, 152
908612.3.peg.2401.site.12, 0, 151, 151
908612.3.peg.2401.site.13, 3, 156, 159
908612.3.peg.2401.site.14, 1, 159, 160
908612.3.peg.2401.site.15, 16, 162, 178
908612.3.peg.2401.site.16, 0, 171, 171
908612.3.peg.2401.site.17, 3, 172, 175
908612.3.peg.2401.site.18, 0, 176, 176
908612.3.peg.2402.site.1, 24, 177, 201
908612.3.peg.2402.site.2, 25, 178, 203
908612.3.peg.2402.site.3, 24, 180, 204
908612.3.peg.2402.site.4, 22, 174, 196
908612.3.peg.2402.site.5, 48, 177, 225
908612.3.peg.2402.site.6, 4, 178, 182
908612.3.peg.2402.site.7, 2, 180, 182
908612.3.peg.2402.site.8, 4, 179, 183
908612.3.peg.2402.site.9, 5, 178, 183
908612.3.peg.2402.site.10, 2, 180, 182
908612.3.peg.2402.site.11, 6, 179, 185
908612.3.peg.2402.site.12, 28, 177, 205
908612.3.peg.2402.site.13, 7, 178, 185
908612.3.peg.2402.site.14, 6, 178, 184
908612.3.peg.2402.site.15, 0, 176, 176
908612.3.peg.2402.site.16, 2, 169, 171
908612.3.peg.2402.site.17, 0, 168, 168
908612.3.peg.2402.site.18, 49, 166, 215
908612.3.peg.2402.site.19, 2, 178, 180
908612.3.peg.2403.site.1, 2, 180, 182
908612.3.peg.2403.site.2, 4, 180, 184
908612.3.peg.2403.site.3, 15, 178, 193
908612.3.peg.2403.site.4, 15, 180, 195
908612.3.peg.2403.site.5, 22, 178, 200
908612.3.peg.2403.site.6, 0, 180, 180
908612.3.peg.2403.site.7, 4, 180, 184
908612.3.peg.2978.site.1, 127, 177, 304
908612.3.peg.2978.site.2, 0, 175, 175
908612.3.peg.2978.site.3, 98, 170, 268
908612.3.peg.2978.site.4, 96, 168, 264
908612.3.peg.2978.site.5, 0, 167, 167
908612.3.peg.2978.site.6, 12, 155, 167
908612.3.peg.2978.site.7, 19, 162, 181
908612.3.peg.2978.site.8, 49, 166, 215
908612.3.peg.2978.site.9, 29, 169, 198
908612.3.peg.2978.site.10, 20, 173, 193
908612.3.peg.2978.site.11, 35, 178, 213
908612.3.peg.2978.site.12, 93, 177, 270
908612.3.peg.2978.site.13, 4, 180, 184
908612.3.peg.2978.site.14, 11, 177, 188
908612.3.peg.2978.site.15, 55, 169, 224
908612.3.peg.2978.site.16, 5, 180, 185
908612.3.peg.2978.site.17, 5, 177, 182
908612.3.peg.2978.site.18, 6, 179, 185
908612.3.peg.2978.site.19, 35, 177, 212
908612.3.peg.2978.site.20, 0, 179, 179
908612.3.peg.2978.site.21, 0, 180, 180
908612.3.peg.1689.site.1, 1, 180, 181
908612.3.peg.1689.site.2, 0, 179, 179
908612.3.peg.1689.site.3, 0, 180, 180
908612.3.peg.1689.site.4, 6, 179, 185
908612.3.peg.1689.site.5, 3, 180, 183
908612.3.peg.1689.site.6, 2, 180, 182
908612.3.peg.1689.site.7, 0, 179, 179
908612.3.peg.1689.site.8, 0, 179, 179
908612.3.peg.1689.site.9, 12, 179, 191
908612.3.peg.1689.site.10, 0, 180, 180
908612.3.peg.1689.site.11, 2, 177, 179
908612.3.peg.1689.site.12, 80, 110, 190
908612.3.peg.1689.site.13, 2, 171, 173
908612.3.peg.1689.site.14, 18, 180, 198
908612.3.peg.1689.site.15, 1, 180, 181
908612.3.peg.1689.site.16, 23, 178, 201
908612.3.peg.1689.site.17, 0, 177, 177
908612.3.peg.1689.site.18, 1, 180, 181
908612.3.peg.1689.site.19, 15, 178, 193
908612.3.peg.1689.site.20, 0, 178, 178
908612.3.peg.1689.site.21, 0, 178, 178
908612.3.peg.1689.site.22, 80, 176, 256
908612.3.peg.1689.site.23, 44, 179, 223
908612.3.peg.1689.site.24, 80, 175, 255
908612.3.peg.1689.site.25, 99, 172, 271
908612.3.peg.1689.site.26, 43, 173, 216
908612.3.peg.1689.site.27, 0, 180, 180
908612.3.peg.1689.site.28, 8, 178, 186
908612.3.peg.1689.site.29, 2, 179, 181
908612.3.peg.1689.site.30, 5, 180, 185
908612.3.peg.1689.site.31, 1, 180, 181
908612.3.peg.1689.site.32, 129, 178, 307
908612.3.peg.1689.site.33, 155, 179, 334
908612.3.peg.1689.site.34, 133, 177, 310
908612.3.peg.1689.site.35, 3, 180, 183
908612.3.peg.1689.site.36, 4, 177, 181
908612.3.peg.1689.site.37, 23, 178, 201
908612.3.peg.1689.site.38, 3, 180, 183
908612.3.peg.1689.site.39, 98, 177, 275
908612.3.peg.1689.site.40, 1, 180, 181
908612.3.peg.2974.site.1, 0, 175, 175
908612.3.peg.2974.site.2, 30, 176, 206
908612.3.peg.2974.site.3, 1, 180, 181
908612.3.peg.2974.site.4, 9, 178, 187
908612.3.peg.2974.site.5, 31, 178, 209
908612.3.peg.2974.site.6, 65, 176, 241
908612.3.peg.2974.site.7, 2, 180, 182
908612.3.peg.2974.site.8, 7, 175, 182
908612.3.peg.2974.site.9, 20, 178, 198
908612.3.peg.2974.site.10, 15, 164, 179
908612.3.peg.2974.site.11, 60, 165, 225
908612.3.peg.2974.site.12, 34, 171, 205
908612.3.peg.2974.site.13, 29, 179, 208
908612.3.peg.2974.site.14, 15, 180, 195
908612.3.peg.2975.site.1, 15, 180, 195
908612.3.peg.2975.site.2, 16, 129, 145
908612.3.peg.2975.site.3, 15, 119, 134
908612.3.peg.2975.site.4, 22, 135, 157
908612.3.peg.2975.site.5, 9, 170, 179
908612.3.peg.2975.site.6, 53, 164, 217
908612.3.peg.2975.site.7, 6, 153, 159
908612.3.peg.2975.site.8, 7, 118, 125
908612.3.peg.2975.site.9, 1, 113, 114
908612.3.peg.2975.site.10, 1, 113, 114
908612.3.peg.2975.site.11, 1, 114, 115
908612.3.peg.2975.site.12, 6, 119, 125
908612.3.peg.2975.site.13, 21, 174, 195
908612.3.peg.2976.site.1, 31, 178, 209
908612.3.peg.2976.site.2, 21, 178, 199
908612.3.peg.2976.site.3, 2, 177, 179
908612.3.peg.2976.site.4, 2, 170, 172
908612.3.peg.2976.site.5, 17, 165, 182
908612.3.peg.2976.site.6, 23, 171, 194
908612.3.peg.2976.site.7, 45, 174, 219
908612.3.peg.2976.site.8, 25, 173, 198
908612.3.peg.2976.site.9, 23, 170, 193
908612.3.peg.2976.site.10, 58, 175, 233
908612.3.peg.2976.site.11, 1, 178, 179
908612.3.peg.2976.site.12, 13, 163, 176
908612.3.peg.2976.site.13, 23, 174, 197
908612.3.peg.2976.site.14, 0, 180, 180
908612.3.peg.2976.site.15, 30, 178, 208
908612.3.peg.2976.site.16, 18, 177, 195
908612.3.peg.2976.site.17, 22, 171, 193
908612.3.peg.2976.site.18, 22, 171, 193
908612.3.peg.2976.site.19, 1, 180, 181
908612.3.peg.2976.site.20, 38, 178, 216
908612.3.peg.2976.site.21, 69, 176, 245
908612.3.peg.2976.site.22, 26, 176, 202
908612.3.peg.2976.site.23, 62, 172, 234
908612.3.peg.2976.site.24, 58, 164, 222
908612.3.peg.2976.site.25, 1, 74, 75
908612.3.peg.2976.site.26, 24, 75, 99
908612.3.peg.2976.site.27, 92, 165, 257
908612.3.peg.2976.site.28, 88, 161, 249
908612.3.peg.2976.site.29, 2, 178, 180
908612.3.peg.2976.site.30, 32, 178, 210
908612.3.peg.2976.site.31, 22, 171, 193
908612.3.peg.2976.site.32, 91, 168, 259
908612.3.peg.2976.site.33, 0, 180, 180
908612.3.peg.2976.site.34, 30, 178, 208
908612.3.peg.2976.site.35, 31, 179, 210
908612.3.peg.2976.site.36, 121, 176, 297
908612.3.peg.2976.site.37, 127, 177, 304
908612.3.peg.2976.site.38, 19, 177, 196
908612.3.peg.2976.site.39, 1, 178, 179
908612.3.peg.2976.site.40, 50, 175, 225
908612.3.peg.2976.site.41, 12, 176, 188
908612.3.peg.2976.site.42, 108, 176, 284
908612.3.peg.2976.site.43, 22, 178, 200
908612.3.peg.2976.site.44, 12, 179, 191
908612.3.peg.2976.site.45, 2, 176, 178
908612.3.peg.2976.site.46, 3, 168, 171
908612.3.peg.2976.site.47, 30, 115, 145
908612.3.peg.2976.site.48, 11, 108, 119
908612.3.peg.2976.site.49, 18, 94, 112
908612.3.peg.2976.site.50, 0, 179, 179
908612.3.peg.2976.site.51, 11, 179, 190
908612.3.peg.1136.site.1, 0, 179, 179
908612.3.peg.1136.site.2, 0, 177, 177
908612.3.peg.1136.site.3, 0, 177, 177
908612.3.peg.1136.site.4, 1, 178, 179
908612.3.peg.1136.site.5, 0, 179, 179
908612.3.peg.1136.site.6, 20, 179, 199
908612.3.peg.1136.site.7, 2, 178, 180
908612.3.peg.1136.site.8, 2, 178, 180
908612.3.peg.1136.site.9, 1, 179, 180
908612.3.peg.1136.site.10, 0, 176, 176
908612.3.peg.1136.site.11, 1, 179, 180
908612.3.peg.1136.site.12, 0, 179, 179
908612.3.peg.2970.site.1, 22, 169, 191
908612.3.peg.2970.site.2, 8, 171, 179
908612.3.peg.2970.site.3, 28, 168, 196
908612.3.peg.2970.site.4, 19, 167, 186
908612.3.peg.2970.site.5, 23, 168, 191
908612.3.peg.2970.site.6, 32, 170, 202
908612.3.peg.2970.site.7, 2, 167, 169
908612.3.peg.2970.site.8, 11, 170, 181
908612.3.peg.2970.site.9, 3, 168, 171
908612.3.peg.2970.site.10, 7, 141, 148
908612.3.peg.2970.site.11, 23, 163, 186
908612.3.peg.2970.site.12, 21, 165, 186
908612.3.peg.2970.site.13, 18, 157, 175
908612.3.peg.2970.site.14, 6, 163, 169
908612.3.peg.2970.site.15, 16, 164, 180
908612.3.peg.2970.site.16, 7, 176, 183
908612.3.peg.2970.site.17, 1, 176, 177
908612.3.peg.2970.site.18, 3, 174, 177
908612.3.peg.2970.site.19, 15, 173, 188
908612.3.peg.2970.site.20, 4, 177, 181
908612.3.peg.2970.site.21, 26, 176, 202
908612.3.peg.2970.site.22, 9, 175, 184
908612.3.peg.2970.site.23, 9, 174, 183
908612.3.peg.2970.site.24, 1, 173, 174
908612.3.peg.2970.site.25, 0, 176, 176
908612.3.peg.2970.site.26, 4, 174, 178
908612.3.peg.2970.site.27, 0, 172, 172
908612.3.peg.2970.site.28, 0, 172, 172
908612.3.peg.2970.site.29, 2, 169, 171
908612.3.peg.2970.site.30, 78, 170, 248
908612.3.peg.2970.site.31, 87, 172, 259
908612.3.peg.2970.site.32, 2, 177, 179
908612.3.peg.2970.site.33, 67, 175, 242
908612.3.peg.2970.site.34, 3, 177, 180
908612.3.peg.2970.site.35, 6, 177, 183
908612.3.peg.2970.site.36, 3, 178, 181
908612.3.peg.2970.site.37, 8, 176, 184
908612.3.peg.2970.site.38, 3, 171, 174
908612.3.peg.2970.site.39, 8, 172, 180
908612.3.peg.2970.site.40, 26, 176, 202
908612.3.peg.2970.site.41, 51, 176, 227
908612.3.peg.2970.site.42, 0, 179, 179
908612.3.peg.2970.site.43, 3, 180, 183
908612.3.peg.2970.site.44, 6, 178, 184
908612.3.peg.2970.site.45, 15, 176, 191
908612.3.peg.2970.site.46, 23, 173, 196
908612.3.peg.2970.site.47, 53, 168, 221
908612.3.peg.2970.site.48, 1, 177, 178
908612.3.peg.2970.site.49, 8, 179, 187
908612.3.peg.2970.site.50, 5, 177, 182
908612.3.peg.2970.site.51, 16, 174, 190
908612.3.peg.2970.site.52, 63, 146, 209
908612.3.peg.2970.site.53, 5, 150, 155
908612.3.peg.2970.site.54, 6, 143, 149
908612.3.peg.2970.site.55, 76, 140, 216
908612.3.peg.2970.site.56, 54, 105, 159
908612.3.peg.2970.site.57, 0, 90, 90
908612.3.peg.2970.site.58, 3, 88, 91
908612.3.peg.2970.site.59, 17, 106, 123
908612.3.peg.2970.site.60, 100, 144, 244
908612.3.peg.2970.site.61, 0, 172, 172
908612.3.peg.2970.site.62, 6, 176, 182
908612.3.peg.2970.site.63, 22, 177, 199
908612.3.peg.2970.site.64, 91, 170, 261
908612.3.peg.2970.site.65, 3, 175, 178
908612.3.peg.2970.site.66, 0, 178, 178
908612.3.peg.2970.site.67, 57, 171, 228
908612.3.peg.2970.site.68, 8, 176, 184
908612.3.peg.2970.site.69, 52, 172, 224
908612.3.peg.2970.site.70, 13, 172, 185
908612.3.peg.2970.site.71, 13, 170, 183
908612.3.peg.2970.site.72, 85, 169, 254
908612.3.peg.2970.site.73, 1, 171, 172
908612.3.peg.2970.site.74, 13, 170, 183
908612.3.peg.2970.site.75, 86, 172, 258
908612.3.peg.2970.site.76, 17, 177, 194
908612.3.peg.2970.site.77, 4, 177, 181
908612.3.peg.2970.site.78, 92, 154, 246
908612.3.peg.2970.site.79, 70, 129, 199
908612.3.peg.2970.site.80, 20, 81, 101
908612.3.peg.2970.site.81, 1, 63, 64
908612.3.peg.2970.site.82, 3, 65, 68
908612.3.peg.2970.site.83, 5, 68, 73
908612.3.peg.2970.site.84, 3, 76, 79
908612.3.peg.2970.site.85, 17, 78, 95
908612.3.peg.2970.site.86, 16, 79, 95
908612.3.peg.2970.site.87, 1, 119, 120
908612.3.peg.2970.site.88, 0, 118, 118
908612.3.peg.2970.site.89, 75, 133, 208
908612.3.peg.2970.site.90, 81, 141, 222
908612.3.peg.2971.site.1, 79, 141, 220
908612.3.peg.2971.site.2, 8, 119, 127
908612.3.peg.2971.site.3, 20, 115, 135
908612.3.peg.2971.site.4, 14, 111, 125
908612.3.peg.2971.site.5, 9, 100, 109
908612.3.peg.2971.site.6, 48, 107, 155
908612.3.peg.2971.site.7, 1, 109, 110
908612.3.peg.2971.site.8, 7, 139, 146
908612.3.peg.2971.site.9, 20, 164, 184
908612.3.peg.2971.site.10, 34, 136, 170
908612.3.peg.2971.site.11, 3, 122, 125
908612.3.peg.2971.site.12, 2, 118, 120
908612.3.peg.2971.site.13, 7, 129, 136
908612.3.peg.2971.site.14, 6, 127, 133
908612.3.peg.2971.site.15, 72, 125, 197
908612.3.peg.2971.site.16, 5, 157, 162
908612.3.peg.2971.site.17, 4, 161, 165
908612.3.peg.2971.site.18, 7, 169, 176
908612.3.peg.2971.site.19, 5, 177, 182
908612.3.peg.2971.site.20, 5, 176, 181
908612.3.peg.2971.site.21, 2, 177, 179
908612.3.peg.2971.site.22, 99, 161, 260
908612.3.peg.2971.site.23, 106, 162, 268
908612.3.peg.2971.site.24, 78, 157, 235
908612.3.peg.2971.site.25, 48, 171, 219
908612.3.peg.2971.site.26, 109, 174, 283
908612.3.peg.2971.site.27, 1, 177, 178
908612.3.peg.2971.site.28, 3, 176, 179
908612.3.peg.2971.site.29, 2, 151, 153
908612.3.peg.2971.site.30, 55, 139, 194
908612.3.peg.2971.site.31, 47, 130, 177
908612.3.peg.2971.site.32, 1, 131, 132
908612.3.peg.2971.site.33, 50, 147, 197
908612.3.peg.2971.site.34, 51, 146, 197
908612.3.peg.2971.site.35, 61, 138, 199
908612.3.peg.2971.site.36, 1, 158, 159
908612.3.peg.2972.site.1, 1, 167, 168
908612.3.peg.2972.site.2, 102, 166, 268
908612.3.peg.2972.site.3, 6, 167, 173
908612.3.peg.2972.site.4, 1, 170, 171
908612.3.peg.2972.site.5, 13, 173, 186
908612.3.peg.2972.site.6, 1, 174, 175
908612.3.peg.2972.site.7, 6, 173, 179
908612.3.peg.2972.site.8, 0, 171, 171
908612.3.peg.2972.site.9, 89, 175, 264
908612.3.peg.2972.site.10, 1, 172, 173
908612.3.peg.2972.site.11, 11, 167, 178
908612.3.peg.2972.site.12, 71, 172, 243
908612.3.peg.2972.site.13, 94, 172, 266
908612.3.peg.2972.site.14, 107, 173, 280
908612.3.peg.2973.site.1, 0, 178, 178
908612.3.peg.2973.site.2, 43, 169, 212
908612.3.peg.2973.site.3, 0, 164, 164
908612.3.peg.2973.site.4, 2, 166, 168
908612.3.peg.2973.site.5, 6, 163, 169
908612.3.peg.2973.site.6, 2, 164, 166
908612.3.peg.2973.site.7, 80, 174, 254
908612.3.peg.2973.site.8, 5, 180, 185
908612.3.peg.2973.site.9, 8, 180, 188
908612.3.peg.2973.site.10, 82, 176, 258
908612.3.peg.2973.site.11, 2, 179, 181
908612.3.peg.2973.site.12, 67, 177, 244
908612.3.peg.2973.site.13, 0, 179, 179
908612.3.peg.2973.site.14, 6, 180, 186
908612.3.peg.2973.site.15, 81, 175, 256
908612.3.peg.2973.site.16, 0, 179, 179
908612.3.peg.1898.site.1, 0, 178, 178
908612.3.peg.1898.site.2, 45, 176, 221
908612.3.peg.1898.site.3, 6, 180, 186
908612.3.peg.1898.site.4, 47, 178, 225
908612.3.peg.1898.site.5, 1, 180, 181
908612.3.peg.1898.site.6, 46, 174, 220
908612.3.peg.1898.site.7, 39, 176, 215
908612.3.peg.1898.site.8, 48, 179, 227
908612.3.peg.1898.site.9, 6, 180, 186
908612.3.peg.1898.site.10, 47, 177, 224
908612.3.peg.1898.site.11, 45, 176, 221
908612.3.peg.1898.site.12, 3, 180, 183
908612.3.peg.1898.site.13, 0, 179, 179
908612.3.peg.1899.site.1, 18, 180, 198
908612.3.peg.1899.site.2, 4, 180, 184
908612.3.peg.1899.site.3, 1, 179, 180
908612.3.peg.1899.site.4, 13, 180, 193
908612.3.peg.1899.site.5, 4, 180, 184
908612.3.peg.1899.site.6, 2, 179, 181
908612.3.peg.1899.site.7, 1, 179, 180
908612.3.peg.1899.site.8, 27, 177, 204
908612.3.peg.1899.site.9, 32, 178, 210
908612.3.peg.1899.site.10, 1, 178, 179
908612.3.peg.1893.site.1, 0, 179, 179
908612.3.peg.1893.site.2, 0, 180, 180
908612.3.peg.1893.site.3, 80, 176, 256
908612.3.peg.1893.site.4, 2, 179, 181
908612.3.peg.1893.site.5, 1, 180, 181
908612.3.peg.1893.site.6, 1, 179, 180
908612.3.peg.1893.site.7, 2, 177, 179
908612.3.peg.1893.site.8, 9, 176, 185
908612.3.peg.1893.site.9, 18, 177, 195
908612.3.peg.1893.site.10, 1, 178, 179
908612.3.peg.1893.site.11, 2, 179, 181
908612.3.peg.1893.site.12, 8, 179, 187
908612.3.peg.1893.site.13, 2, 178, 180
908612.3.peg.1893.site.14, 21, 173, 194
908612.3.peg.1893.site.15, 72, 175, 247
908612.3.peg.1893.site.16, 43, 175, 218
908612.3.peg.1893.site.17, 1, 179, 180
908612.3.peg.1893.site.18, 33, 178, 211
908612.3.peg.1893.site.19, 70, 176, 246
908612.3.peg.1893.site.20, 0, 179, 179
908612.3.peg.1893.site.21, 4, 178, 182
908612.3.peg.1893.site.22, 29, 177, 206
908612.3.peg.1893.site.23, 1, 180, 181
908612.3.peg.1893.site.24, 64, 173, 237
908612.3.peg.1893.site.25, 66, 174, 240
908612.3.peg.1893.site.26, 0, 179, 179
908612.3.peg.1893.site.27, 2, 179, 181
908612.3.peg.1893.site.28, 1, 178, 179
908612.3.peg.1893.site.29, 25, 174, 199
908612.3.peg.1893.site.30, 70, 173, 243
908612.3.peg.1893.site.31, 16, 177, 193
908612.3.peg.1893.site.32, 105, 176, 281
908612.3.peg.1893.site.33, 2, 179, 181
908612.3.peg.1893.site.34, 104, 175, 279
908612.3.peg.1893.site.35, 10, 179, 189
908612.3.peg.1893.site.36, 77, 173, 250
908612.3.peg.1893.site.37, 0, 180, 180
908612.3.peg.1893.site.38, 2, 180, 182
908612.3.peg.1893.site.39, 0, 180, 180
908612.3.peg.1893.site.40, 16, 179, 195
908612.3.peg.1893.site.41, 36, 178, 214
908612.3.peg.1893.site.42, 34, 177, 211
908612.3.peg.1893.site.43, 23, 176, 199
908612.3.peg.1893.site.44, 0, 179, 179
908612.3.peg.1893.site.45, 140, 176, 316
908612.3.peg.1893.site.46, 11, 177, 188
908612.3.peg.1893.site.47, 0, 180, 180
908612.3.peg.1893.site.48, 5, 180, 185
908612.3.peg.1893.site.49, 107, 180, 287
908612.3.peg.1893.site.50, 5, 180, 185
908612.3.peg.1893.site.51, 27, 178, 205
908612.3.peg.1893.site.52, 25, 177, 202
908612.3.peg.1893.site.53, 101, 172, 273
908612.3.peg.1893.site.54, 17, 180, 197
908612.3.peg.1893.site.55, 2, 179, 181
908612.3.peg.1893.site.56, 6, 175, 181
908612.3.peg.1893.site.57, 38, 176, 214
908612.3.peg.1893.site.58, 1, 180, 181
908612.3.peg.1893.site.59, 2, 180, 182
908612.3.peg.1893.site.60, 85, 179, 264
908612.3.peg.1893.site.61, 0, 178, 178
908612.3.peg.1893.site.62, 6, 178, 184
908612.3.peg.1891.site.1, 7, 177, 184
908612.3.peg.1891.site.2, 8, 180, 188
908612.3.peg.1891.site.3, 24, 176, 200
908612.3.peg.1891.site.4, 34, 177, 211
908612.3.peg.1891.site.5, 0, 179, 179
908612.3.peg.1891.site.6, 2, 90, 92
908612.3.peg.1891.site.7, 3, 89, 92
908612.3.peg.1891.site.8, 2, 90, 92
908612.3.peg.1891.site.9, 2, 88, 90
908612.3.peg.1891.site.10, 1, 111, 112
908612.3.peg.1891.site.11, 11, 140, 151
908612.3.peg.1891.site.12, 60, 150, 210
908612.3.peg.1891.site.13, 7, 157, 164
908612.3.peg.1891.site.14, 0, 164, 164
908612.3.peg.1891.site.15, 4, 178, 182
908612.3.peg.1891.site.16, 85, 172, 257
908612.3.peg.1896.site.1, 37, 177, 214
908612.3.peg.1896.site.2, 110, 179, 289
908612.3.peg.1896.site.3, 34, 178, 212
908612.3.peg.1896.site.4, 47, 173, 220
908612.3.peg.1896.site.5, 2, 180, 182
908612.3.peg.1896.site.6, 77, 176, 253
908612.3.peg.1896.site.7, 2, 180, 182
908612.3.peg.1896.site.8, 6, 178, 184
908612.3.peg.1896.site.9, 0, 178, 178
908612.3.peg.1896.site.10, 2, 179, 181
908612.3.peg.1896.site.11, 1, 180, 181
908612.3.peg.1896.site.12, 118, 175, 293
908612.3.peg.1896.site.13, 2, 180, 182
908612.3.peg.1896.site.14, 1, 179, 180
908612.3.peg.1896.site.15, 4, 180, 184
908612.3.peg.1896.site.16, 0, 180, 180
908612.3.peg.1896.site.17, 6, 179, 185
908612.3.peg.1896.site.18, 0, 179, 179
908612.3.peg.1896.site.19, 3, 180, 183
908612.3.peg.1896.site.20, 38, 180, 218
908612.3.peg.1896.site.21, 21, 180, 201
908612.3.peg.1896.site.22, 1, 180, 181
908612.3.peg.1896.site.23, 23, 175, 198
908612.3.peg.1896.site.24, 7, 178, 185
908612.3.peg.1896.site.25, 1, 180, 181
908612.3.peg.1896.site.26, 6, 180, 186
908612.3.peg.1896.site.27, 6, 180, 186
908612.3.peg.1896.site.28, 0, 180, 180
908612.3.peg.1896.site.29, 0, 180, 180
908612.3.peg.1896.site.30, 2, 180, 182
908612.3.peg.1896.site.31, 2, 179, 181
908612.3.peg.1896.site.32, 64, 177, 241
908612.3.peg.1896.site.33, 2, 179, 181
908612.3.peg.1896.site.34, 4, 180, 184
908612.3.peg.1896.site.35, 9, 176, 185
908612.3.peg.1896.site.36, 28, 177, 205
908612.3.peg.1896.site.37, 51, 172, 223
908612.3.peg.1896.site.38, 4, 178, 182
908612.3.peg.1896.site.39, 0, 179, 179
908612.3.peg.1896.site.40, 93, 174, 267
908612.3.peg.1896.site.41, 0, 180, 180
908612.3.peg.1896.site.42, 2, 180, 182
908612.3.peg.1896.site.43, 89, 180, 269
908612.3.peg.1896.site.44, 0, 180, 180
908612.3.peg.1896.site.45, 2, 178, 180
908612.3.peg.1896.site.46, 27, 179, 206
908612.3.peg.1896.site.47, 33, 179, 212
908612.3.peg.1896.site.48, 85, 174, 259
908612.3.peg.1896.site.49, 0, 178, 178
908612.3.peg.1896.site.50, 3, 179, 182
908612.3.peg.1897.site.1, 3, 178, 181
908612.3.peg.1897.site.2, 0, 179, 179
908612.3.peg.1897.site.3, 11, 177, 188
908612.3.peg.1897.site.4, 3, 177, 180
908612.3.peg.1897.site.5, 46, 180, 226
908612.3.peg.1897.site.6, 103, 178, 281
908612.3.peg.1894.site.1, 0, 177, 177
908612.3.peg.1894.site.2, 2, 179, 181
908612.3.peg.1894.site.3, 29, 175, 204
908612.3.peg.1894.site.4, 1, 179, 180
908612.3.peg.1894.site.5, 51, 176, 227
908612.3.peg.1894.site.6, 0, 177, 177
908612.3.peg.1894.site.7, 2, 180, 182
908612.3.peg.1894.site.8, 81, 178, 259
908612.3.peg.1894.site.9, 55, 178, 233
908612.3.peg.1894.site.10, 0, 180, 180
908612.3.peg.1894.site.11, 6, 176, 182
908612.3.peg.1894.site.12, 48, 171, 219
908612.3.peg.1894.site.13, 53, 175, 228
908612.3.peg.1894.site.14, 16, 176, 192
908612.3.peg.1894.site.15, 0, 176, 176
908612.3.peg.1894.site.16, 1, 172, 173
908612.3.peg.1895.site.1, 1, 179, 180
908612.3.peg.1895.site.2, 107, 178, 285
908612.3.peg.1895.site.3, 68, 177, 245
908612.3.peg.1895.site.4, 2, 179, 181
908612.3.peg.1895.site.5, 24, 178, 202
908612.3.peg.1895.site.6, 6, 180, 186
908612.3.peg.1895.site.7, 14, 179, 193
908612.3.peg.1895.site.8, 12, 178, 190
908612.3.peg.1895.site.9, 3, 180, 183
908612.3.peg.1895.site.10, 0, 179, 179
908612.3.peg.1895.site.11, 0, 178, 178
908612.3.peg.1895.site.12, 3, 179, 182
908612.3.peg.1895.site.13, 33, 175, 208
908612.3.peg.1895.site.14, 1, 179, 180
908612.3.peg.1895.site.15, 128, 179, 307
908612.3.peg.1895.site.16, 0, 180, 180
908612.3.peg.1895.site.17, 1, 180, 181
908612.3.peg.1895.site.18, 5, 180, 185
908612.3.peg.1895.site.19, 10, 179, 189
908612.3.peg.1895.site.20, 80, 177, 257
908612.3.peg.1895.site.21, 0, 180, 180
908612.3.peg.1895.site.22, 1, 177, 178
908612.3.peg.1895.site.23, 36, 178, 214
908612.3.peg.1895.site.24, 6, 179, 185
908612.3.peg.1895.site.25, 34, 177, 211
908612.3.peg.1895.site.26, 3, 179, 182
908612.3.peg.1895.site.27, 1, 179, 180
908612.3.peg.1895.site.28, 10, 180, 190
908612.3.peg.1895.site.29, 1, 177, 178
908612.3.peg.1895.site.30, 0, 175, 175
908612.3.peg.1895.site.31, 3, 180, 183
908612.3.peg.1895.site.32, 3, 179, 182
908612.3.peg.1895.site.33, 0, 179, 179
908612.3.peg.2992.site.1, 35, 179, 214
908612.3.peg.2992.site.2, 2, 180, 182
908612.3.peg.2992.site.3, 18, 177, 195
908612.3.peg.2992.site.4, 9, 175, 184
908612.3.peg.2992.site.5, 3, 177, 180
908612.3.peg.2992.site.6, 93, 178, 271
908612.3.peg.2992.site.7, 59, 175, 234
908612.3.peg.2992.site.8, 56, 173, 229
908612.3.peg.2992.site.9, 6, 153, 159
908612.3.peg.2992.site.10, 135, 160, 295
908612.3.peg.2992.site.11, 1, 163, 164
908612.3.peg.2992.site.12, 0, 165, 165
908612.3.peg.2992.site.13, 3, 171, 174
908612.3.peg.2992.site.14, 8, 175, 183
908612.3.peg.2992.site.15, 0, 178, 178
908612.3.peg.2992.site.16, 3, 178, 181
908612.3.peg.2992.site.17, 66, 172, 238
908612.3.peg.2992.site.18, 64, 174, 238
908612.3.peg.2992.site.19, 54, 178, 232
908612.3.peg.2993.site.1, 3, 138, 141
908612.3.peg.2993.site.2, 20, 146, 166
908612.3.peg.2993.site.3, 41, 149, 190
908612.3.peg.2993.site.4, 23, 161, 184
908612.3.peg.2993.site.5, 7, 178, 185
908612.3.peg.2993.site.6, 1, 180, 181
908612.3.peg.2993.site.7, 2, 180, 182
908612.3.peg.2993.site.8, 37, 177, 214
908612.3.peg.2993.site.9, 49, 174, 223
908612.3.peg.2993.site.10, 29, 154, 183
908612.3.peg.2993.site.11, 8, 125, 133
908612.3.peg.2993.site.12, 11, 138, 149
908612.3.peg.2993.site.13, 22, 137, 159
908612.3.peg.2993.site.14, 54, 170, 224
908612.3.peg.2993.site.15, 1, 176, 177
908612.3.peg.2993.site.16, 1, 172, 173
908612.3.peg.2993.site.17, 4, 173, 177
908612.3.peg.2993.site.18, 90, 171, 261
908612.3.peg.2993.site.19, 75, 167, 242
908612.3.peg.2993.site.20, 75, 170, 245
908612.3.peg.2993.site.21, 48, 162, 210
908612.3.peg.2993.site.22, 16, 161, 177
908612.3.peg.2993.site.23, 3, 158, 161
908612.3.peg.2993.site.24, 5, 167, 172
908612.3.peg.2993.site.25, 1, 165, 166
908612.3.peg.2993.site.26, 1, 167, 168
908612.3.peg.2993.site.27, 38, 166, 204
908612.3.peg.2993.site.28, 14, 167, 181
908612.3.peg.2993.site.29, 5, 173, 178
908612.3.peg.2993.site.30, 29, 174, 203
908612.3.peg.2993.site.31, 1, 177, 178
908612.3.peg.2993.site.32, 0, 176, 176
908612.3.peg.2993.site.33, 29, 174, 203
908612.3.peg.2993.site.34, 1, 175, 176
908612.3.peg.2993.site.35, 7, 178, 185
908612.3.peg.2993.site.36, 1, 177, 178
908612.3.peg.2993.site.37, 1, 178, 179
908612.3.peg.2993.site.38, 20, 179, 199
908612.3.peg.2993.site.39, 11, 179, 190
908612.3.peg.2993.site.40, 0, 178, 178
908612.3.peg.2993.site.41, 82, 173, 255
908612.3.peg.2993.site.42, 3, 165, 168
908612.3.peg.2993.site.43, 0, 163, 163
908612.3.peg.2993.site.44, 44, 172, 216
908612.3.peg.2993.site.45, 32, 173, 205
908612.3.peg.2990.site.1, 47, 179, 226
908612.3.peg.2990.site.2, 11, 180, 191
908612.3.peg.2990.site.3, 13, 178, 191
908612.3.peg.2990.site.4, 18, 180, 198
908612.3.peg.2990.site.5, 28, 178, 206
908612.3.peg.2990.site.6, 14, 178, 192
908612.3.peg.2990.site.7, 33, 180, 213
908612.3.peg.2990.site.8, 1, 180, 181
908612.3.peg.2991.site.1, 5, 179, 184
908612.3.peg.2991.site.2, 50, 178, 228
908612.3.peg.2991.site.3, 1, 178, 179
908612.3.peg.2991.site.4, 97, 177, 274
908612.3.peg.2991.site.5, 75, 176, 251
908612.3.peg.2991.site.6, 7, 177, 184
908612.3.peg.2991.site.7, 0, 177, 177
908612.3.peg.2991.site.8, 56, 172, 228
908612.3.peg.2991.site.9, 116, 176, 292
908612.3.peg.2991.site.10, 10, 178, 188
908612.3.peg.2991.site.11, 0, 167, 167
908612.3.peg.2991.site.12, 5, 172, 177
908612.3.peg.2991.site.13, 20, 172, 192
908612.3.peg.2991.site.14, 99, 174, 273
908612.3.peg.2991.site.15, 13, 175, 188
908612.3.peg.2991.site.16, 3, 166, 169
908612.3.peg.2991.site.17, 6, 163, 169
908612.3.peg.2991.site.18, 13, 151, 164
908612.3.peg.2991.site.19, 27, 169, 196
908612.3.peg.2991.site.20, 4, 175, 179
908612.3.peg.2991.site.21, 4, 175, 179
908612.3.peg.2991.site.22, 112, 165, 277
908612.3.peg.2991.site.23, 26, 178, 204
908612.3.peg.2991.site.24, 6, 180, 186
908612.3.peg.2991.site.25, 2, 180, 182
908612.3.peg.2991.site.26, 111, 176, 287
908612.3.peg.2991.site.27, 84, 176, 260
908612.3.peg.2991.site.28, 86, 177, 263
908612.3.peg.2991.site.29, 71, 176, 247
908612.3.peg.2991.site.30, 0, 179, 179
908612.3.peg.2991.site.31, 2, 180, 182
908612.3.peg.2991.site.32, 4, 180, 184
908612.3.peg.2991.site.33, 20, 179, 199
908612.3.peg.2991.site.34, 44, 177, 221
908612.3.peg.2991.site.35, 53, 177, 230
908612.3.peg.2991.site.36, 49, 177, 226
908612.3.peg.2991.site.37, 5, 178, 183
908612.3.peg.2991.site.38, 39, 180, 219
908612.3.peg.2996.site.1, 31, 179, 210
908612.3.peg.2996.site.2, 2, 179, 181
908612.3.peg.2996.site.3, 2, 179, 181
908612.3.peg.2996.site.4, 137, 177, 314
908612.3.peg.2996.site.5, 42, 177, 219
908612.3.peg.2996.site.6, 97, 179, 276
908612.3.peg.2996.site.7, 3, 179, 182
908612.3.peg.2996.site.8, 3, 178, 181
908612.3.peg.2996.site.9, 1, 173, 174
908612.3.peg.2996.site.10, 2, 159, 161
908612.3.peg.2996.site.11, 5, 170, 175
908612.3.peg.2996.site.12, 6, 179, 185
908612.3.peg.2996.site.13, 3, 180, 183
908612.3.peg.2996.site.14, 135, 177, 312
908612.3.peg.2997.site.1, 2, 170, 172
908612.3.peg.2997.site.2, 3, 130, 133
908612.3.peg.2997.site.3, 30, 113, 143
908612.3.peg.2997.site.4, 0, 111, 111
908612.3.peg.2997.site.5, 6, 76, 82
908612.3.peg.2997.site.6, 16, 64, 80
908612.3.peg.2997.site.7, 36, 83, 119
908612.3.peg.2997.site.8, 1, 163, 164
908612.3.peg.2997.site.9, 4, 169, 173
908612.3.peg.2997.site.10, 0, 177, 177
908612.3.peg.2997.site.11, 94, 133, 227
908612.3.peg.2997.site.12, 4, 133, 137
908612.3.peg.2997.site.13, 67, 104, 171
908612.3.peg.2997.site.14, 44, 66, 110
908612.3.peg.2997.site.15, 32, 69, 101
908612.3.peg.2997.site.16, 162, 176, 338
908612.3.peg.2997.site.17, 17, 177, 194
908612.3.peg.2997.site.18, 5, 170, 175
908612.3.peg.2997.site.19, 124, 166, 290
908612.3.peg.2997.site.20, 7, 165, 172
908612.3.peg.2997.site.21, 1, 164, 165
908612.3.peg.2997.site.22, 1, 169, 170
908612.3.peg.2997.site.23, 20, 172, 192
908612.3.peg.2997.site.24, 1, 176, 177
908612.3.peg.2997.site.25, 4, 179, 183
908612.3.peg.2997.site.26, 4, 179, 183
908612.3.peg.2997.site.27, 0, 180, 180
908612.3.peg.2995.site.1, 1, 174, 175
908612.3.peg.2995.site.2, 6, 173, 179
908612.3.peg.2995.site.3, 1, 175, 176
908612.3.peg.2995.site.4, 5, 176, 181
908612.3.peg.2995.site.5, 0, 176, 176
908612.3.peg.2995.site.6, 66, 173, 239
908612.3.peg.2995.site.7, 1, 175, 176
908612.3.peg.2995.site.8, 6, 177, 183
908612.3.peg.2995.site.9, 6, 174, 180
908612.3.peg.2995.site.10, 137, 174, 311
908612.3.peg.2995.site.11, 14, 175, 189
908612.3.peg.2995.site.12, 0, 176, 176
908612.3.peg.2995.site.13, 137, 175, 312
908612.3.peg.2995.site.14, 9, 174, 183
908612.3.peg.2995.site.15, 4, 172, 176
908612.3.peg.2995.site.16, 137, 175, 312
908612.3.peg.2995.site.17, 7, 176, 183
908612.3.peg.2995.site.18, 150, 174, 324
908612.3.peg.2995.site.19, 25, 176, 201
908612.3.peg.2995.site.20, 4, 174, 178
908612.3.peg.2995.site.21, 138, 177, 315
908612.3.peg.2995.site.22, 138, 176, 314
908612.3.peg.2995.site.23, 3, 171, 174
908612.3.peg.2995.site.24, 21, 175, 196
908612.3.peg.2998.site.1, 5, 180, 185
908612.3.peg.2998.site.2, 1, 180, 181
908612.3.peg.2998.site.3, 3, 180, 183
908612.3.peg.2998.site.4, 0, 178, 178
908612.3.peg.2998.site.5, 158, 175, 333
908612.3.peg.2998.site.6, 0, 180, 180
908612.3.peg.2998.site.7, 65, 173, 238
908612.3.peg.2998.site.8, 79, 169, 248
908612.3.peg.2998.site.9, 0, 175, 175
908612.3.peg.2998.site.10, 1, 176, 177
908612.3.peg.2998.site.11, 131, 167, 298
908612.3.peg.2998.site.12, 6, 175, 181
908612.3.peg.2998.site.13, 28, 175, 203
908612.3.peg.2998.site.14, 10, 176, 186
908612.3.peg.2998.site.15, 2, 177, 179
908612.3.peg.2998.site.16, 157, 172, 329
908612.3.peg.2998.site.17, 116, 167, 283
908612.3.peg.2998.site.18, 2, 177, 179
908612.3.peg.2998.site.19, 36, 172, 208
908612.3.peg.2998.site.20, 8, 179, 187
908612.3.peg.2998.site.21, 0, 179, 179
908612.3.peg.2998.site.22, 35, 174, 209
908612.3.peg.2998.site.23, 3, 178, 181
908612.3.peg.2998.site.24, 29, 171, 200
908612.3.peg.2998.site.25, 0, 171, 171
908612.3.peg.2998.site.26, 0, 141, 141
908612.3.peg.2998.site.27, 76, 88, 164
908612.3.peg.2998.site.28, 28, 44, 72
908612.3.peg.2998.site.29, 45, 64, 109
908612.3.peg.2998.site.30, 79, 95, 174
908612.3.peg.2998.site.31, 99, 139, 238
908612.3.peg.2998.site.32, 0, 176, 176
908612.3.peg.2998.site.33, 0, 173, 173
908612.3.peg.2998.site.34, 2, 176, 178
908612.3.peg.2998.site.35, 0, 177, 177
908612.3.peg.2998.site.36, 2, 177, 179
908612.3.peg.2998.site.37, 3, 176, 179
908612.3.peg.2998.site.38, 6, 176, 182
908612.3.peg.2998.site.39, 1, 176, 177
908612.3.peg.2998.site.40, 1, 178, 179
908612.3.peg.2998.site.41, 35, 173, 208
908612.3.peg.2998.site.42, 0, 178, 178
908612.3.peg.2998.site.43, 2, 178, 180
908612.3.peg.2998.site.44, 3, 178, 181
908612.3.peg.2998.site.45, 34, 178, 212
908612.3.peg.2998.site.46, 1, 180, 181
908612.3.peg.2998.site.47, 1, 180, 181
908612.3.peg.2998.site.48, 1, 180, 181
908612.3.peg.2998.site.49, 6, 180, 186
908612.3.peg.2998.site.50, 1, 180, 181
908612.3.peg.2998.site.51, 5, 180, 185
908612.3.peg.2998.site.52, 5, 178, 183
908612.3.peg.2998.site.53, 5, 180, 185
908612.3.peg.2998.site.54, 5, 180, 185
908612.3.peg.2998.site.55, 5, 178, 183
908612.3.peg.2998.site.56, 4, 177, 181
908612.3.peg.2998.site.57, 7, 176, 183
908612.3.peg.2998.site.58, 3, 178, 181
908612.3.peg.2998.site.59, 4, 178, 182
908612.3.peg.2998.site.60, 0, 180, 180
908612.3.peg.2998.site.61, 0, 180, 180
908612.3.peg.2998.site.62, 5, 179, 184
908612.3.peg.2998.site.63, 3, 175, 178
908612.3.peg.2998.site.64, 0, 178, 178
908612.3.peg.2998.site.65, 3, 178, 181
908612.3.peg.2998.site.66, 1, 176, 177
908612.3.peg.2998.site.67, 1, 176, 177
908612.3.peg.2998.site.68, 7, 172, 179
908612.3.peg.2998.site.69, 1, 164, 165
908612.3.peg.2998.site.70, 27, 149, 176
908612.3.peg.2998.site.71, 1, 152, 153
908612.3.peg.2998.site.72, 5, 165, 170
908612.3.peg.2998.site.73, 0, 169, 169
908612.3.peg.2998.site.74, 0, 173, 173
908612.3.peg.2998.site.75, 5, 177, 182
908612.3.peg.2998.site.76, 6, 178, 184
908612.3.peg.2998.site.77, 2, 179, 181
908612.3.peg.2998.site.78, 18, 179, 197
908612.3.peg.2998.site.79, 0, 179, 179
908612.3.peg.2998.site.80, 5, 179, 184
908612.3.peg.2998.site.81, 8, 179, 187
908612.3.peg.2998.site.82, 37, 177, 214
908612.3.peg.2998.site.83, 11, 179, 190
908612.3.peg.2998.site.84, 4, 179, 183
908612.3.peg.2998.site.85, 5, 178, 183
908612.3.peg.2998.site.86, 5, 174, 179
908612.3.peg.2998.site.87, 17, 169, 186
908612.3.peg.2998.site.88, 28, 168, 196
908612.3.peg.2998.site.89, 11, 170, 181
908612.3.peg.2998.site.90, 5, 180, 185
908612.3.peg.2998.site.91, 5, 179, 184
908612.3.peg.2998.site.92, 1, 180, 181
908612.3.peg.2998.site.93, 83, 175, 258
908612.3.peg.2998.site.94, 101, 174, 275
908612.3.peg.2998.site.95, 109, 176, 285
908612.3.peg.2998.site.96, 12, 178, 190
908612.3.peg.2998.site.97, 5, 180, 185
908612.3.peg.2998.site.98, 74, 179, 253
908612.3.peg.2998.site.99, 5, 179, 184
908612.3.peg.2998.site.100, 5, 180, 185
908612.3.peg.2998.site.101, 5, 180, 185
908612.3.peg.2999.site.1, 3, 178, 181
908612.3.peg.2999.site.2, 0, 173, 173
908612.3.peg.2999.site.3, 78, 166, 244
908612.3.peg.2999.site.4, 78, 171, 249
908612.3.peg.2999.site.5, 16, 175, 191
908612.3.peg.2999.site.6, 7, 180, 187
908612.3.peg.2999.site.7, 0, 176, 176
908612.3.peg.2999.site.8, 2, 177, 179
908612.3.peg.2999.site.9, 5, 180, 185
908612.3.peg.2999.site.10, 80, 176, 256
908612.3.peg.2999.site.11, 0, 180, 180
908612.3.peg.2999.site.12, 2, 180, 182
908612.3.peg.2999.site.13, 2, 180, 182
908612.3.peg.2999.site.14, 6, 179, 185
908612.3.peg.2999.site.15, 7, 180, 187
908612.3.peg.2999.site.16, 5, 180, 185
908612.3.peg.2999.site.17, 0, 179, 179
908612.3.peg.2999.site.18, 3, 180, 183
908612.3.peg.2999.site.19, 5, 180, 185
908612.3.peg.2999.site.20, 4, 180, 184
908612.3.peg.2999.site.21, 91, 177, 268
908612.3.peg.2999.site.22, 5, 180, 185
908612.3.peg.2999.site.23, 5, 180, 185
908612.3.peg.2999.site.24, 3, 175, 178
908612.3.peg.2999.site.25, 92, 173, 265
908612.3.peg.2999.site.26, 3, 180, 183
908612.3.peg.2999.site.27, 5, 180, 185
908612.3.peg.2999.site.28, 94, 176, 270
908612.3.peg.2999.site.29, 28, 176, 204
908612.3.peg.2999.site.30, 29, 177, 206
908612.3.peg.2999.site.31, 93, 175, 268
908612.3.peg.2999.site.32, 4, 179, 183
908612.3.peg.2999.site.33, 70, 174, 244
908612.3.peg.2999.site.34, 93, 175, 268
908612.3.peg.2999.site.35, 94, 177, 271
908612.3.peg.2999.site.36, 4, 179, 183
908612.3.peg.2999.site.37, 4, 179, 183
908612.3.peg.2999.site.38, 2, 180, 182
908612.3.peg.2999.site.39, 5, 180, 185
908612.3.peg.2999.site.40, 3, 180, 183
908612.3.peg.2999.site.41, 7, 180, 187
908612.3.peg.2999.site.42, 4, 178, 182
908612.3.peg.845.site.1, 47, 178, 225
908612.3.peg.845.site.2, 1, 179, 180
908612.3.peg.845.site.3, 0, 179, 179
908612.3.peg.845.site.4, 7, 177, 184
908612.3.peg.845.site.5, 35, 170, 205
908612.3.peg.845.site.6, 46, 172, 218
908612.3.peg.845.site.7, 58, 171, 229
908612.3.peg.845.site.8, 1, 178, 179
908612.3.peg.844.site.1, 42, 178, 220
908612.3.peg.844.site.2, 4, 177, 181
908612.3.peg.844.site.3, 1, 135, 136
908612.3.peg.844.site.4, 10, 146, 156
908612.3.peg.844.site.5, 0, 168, 168
908612.3.peg.844.site.6, 0, 175, 175
908612.3.peg.844.site.7, 0, 176, 176
908612.3.peg.844.site.8, 0, 175, 175
908612.3.peg.844.site.9, 4, 165, 169
908612.3.peg.844.site.10, 9, 159, 168
908612.3.peg.844.site.11, 11, 155, 166
908612.3.peg.844.site.12, 4, 155, 159
908612.3.peg.844.site.13, 46, 149, 195
908612.3.peg.844.site.14, 3, 118, 121
908612.3.peg.844.site.15, 5, 145, 150
908612.3.peg.844.site.16, 32, 165, 197
908612.3.peg.844.site.17, 0, 169, 169
908612.3.peg.844.site.18, 108, 167, 275
908612.3.peg.844.site.19, 14, 173, 187
908612.3.peg.844.site.20, 2, 163, 165
908612.3.peg.844.site.21, 4, 168, 172
908612.3.peg.844.site.22, 4, 166, 170
908612.3.peg.844.site.23, 6, 145, 151
908612.3.peg.844.site.24, 35, 163, 198
908612.3.peg.844.site.25, 3, 173, 176
908612.3.peg.844.site.26, 2, 175, 177
908612.3.peg.844.site.27, 5, 178, 183
908612.3.peg.844.site.28, 0, 180, 180
908612.3.peg.844.site.29, 4, 171, 175
908612.3.peg.844.site.30, 4, 171, 175
908612.3.peg.844.site.31, 0, 170, 170
908612.3.peg.844.site.32, 57, 170, 227
908612.3.peg.844.site.33, 0, 172, 172
908612.3.peg.844.site.34, 2, 171, 173
908612.3.peg.844.site.35, 7, 176, 183
908612.3.peg.844.site.36, 7, 175, 182
908612.3.peg.844.site.37, 7, 176, 183
908612.3.peg.844.site.38, 1, 172, 173
908612.3.peg.844.site.39, 9, 168, 177
908612.3.peg.844.site.40, 7, 168, 175
908612.3.peg.844.site.41, 10, 170, 180
908612.3.peg.847.site.1, 48, 178, 226
908612.3.peg.847.site.2, 0, 178, 178
908612.3.peg.847.site.3, 71, 176, 247
908612.3.peg.847.site.4, 1, 180, 181
908612.3.peg.847.site.5, 117, 175, 292
908612.3.peg.847.site.6, 125, 174, 299
908612.3.peg.847.site.7, 0, 180, 180
908612.3.peg.847.site.8, 44, 179, 223
908612.3.peg.847.site.9, 49, 179, 228
908612.3.peg.847.site.10, 65, 175, 240
908612.3.peg.847.site.11, 2, 179, 181
908612.3.peg.847.site.12, 83, 176, 259
908612.3.peg.847.site.13, 71, 175, 246
908612.3.peg.847.site.14, 11, 178, 189
908612.3.peg.846.site.1, 49, 177, 226
908612.3.peg.846.site.2, 8, 180, 188
908612.3.peg.846.site.3, 46, 177, 223
908612.3.peg.846.site.4, 41, 176, 217
908612.3.peg.846.site.5, 16, 177, 193
908612.3.peg.846.site.6, 3, 179, 182
908612.3.peg.846.site.7, 0, 179, 179
908612.3.peg.841.site.1, 0, 172, 172
908612.3.peg.841.site.2, 96, 171, 267
908612.3.peg.841.site.3, 1, 174, 175
908612.3.peg.841.site.4, 99, 169, 268
908612.3.peg.841.site.5, 45, 172, 217
908612.3.peg.841.site.6, 1, 177, 178
908612.3.peg.841.site.7, 0, 178, 178
908612.3.peg.841.site.8, 22, 178, 200
908612.3.peg.841.site.9, 8, 180, 188
908612.3.peg.841.site.10, 140, 171, 311
908612.3.peg.841.site.11, 143, 172, 315
908612.3.peg.841.site.12, 22, 158, 180
908612.3.peg.841.site.13, 2, 162, 164
908612.3.peg.841.site.14, 1, 161, 162
908612.3.peg.841.site.15, 31, 163, 194
908612.3.peg.841.site.16, 1, 173, 174
908612.3.peg.841.site.17, 4, 172, 176
908612.3.peg.841.site.18, 8, 172, 180
908612.3.peg.841.site.19, 10, 176, 186
908612.3.peg.841.site.20, 0, 176, 176
908612.3.peg.841.site.21, 1, 169, 170
908612.3.peg.841.site.22, 46, 157, 203
908612.3.peg.841.site.23, 32, 153, 185
908612.3.peg.841.site.24, 23, 178, 201
908612.3.peg.841.site.25, 2, 179, 181
908612.3.peg.2575.site.1, 1, 157, 158
908612.3.peg.2575.site.2, 1, 155, 156
908612.3.peg.2575.site.3, 0, 180, 180
908612.3.peg.2575.site.4, 0, 180, 180
908612.3.peg.2575.site.5, 37, 167, 204
908612.3.peg.2575.site.6, 2, 155, 157
908612.3.peg.2575.site.7, 7, 167, 174
908612.3.peg.2575.site.8, 0, 173, 173
908612.3.peg.2575.site.9, 3, 176, 179
908612.3.peg.2575.site.10, 0, 173, 173
908612.3.peg.2575.site.11, 88, 170, 258
908612.3.peg.2575.site.12, 0, 180, 180
908612.3.peg.2575.site.13, 120, 177, 297
908612.3.peg.2575.site.14, 2, 180, 182
908612.3.peg.2575.site.15, 1, 178, 179
908612.3.peg.2575.site.16, 10, 176, 186
908612.3.peg.2575.site.17, 82, 173, 255
908612.3.peg.2575.site.18, 26, 177, 203
908612.3.peg.2575.site.19, 3, 180, 183
908612.3.peg.2575.site.20, 22, 177, 199
908612.3.peg.2575.site.21, 1, 179, 180
908612.3.peg.2575.site.22, 127, 174, 301
908612.3.peg.2575.site.23, 1, 178, 179
908612.3.peg.2575.site.24, 20, 175, 195
908612.3.peg.2575.site.25, 29, 176, 205
908612.3.peg.2575.site.26, 1, 166, 167
908612.3.peg.2575.site.27, 150, 168, 318
908612.3.peg.2575.site.28, 0, 50, 50
908612.3.peg.2575.site.29, 12, 174, 186
908612.3.peg.2575.site.30, 7, 174, 181
908612.3.peg.2575.site.31, 156, 174, 330
908612.3.peg.2575.site.32, 1, 179, 180
908612.3.peg.2575.site.33, 8, 180, 188
908612.3.peg.2575.site.34, 14, 177, 191
908612.3.peg.2575.site.35, 8, 179, 187
908612.3.peg.2575.site.36, 8, 177, 185
908612.3.peg.2575.site.37, 3, 180, 183
908612.3.peg.2575.site.38, 1, 179, 180
908612.3.peg.843.site.1, 44, 175, 219
908612.3.peg.843.site.2, 53, 176, 229
908612.3.peg.843.site.3, 9, 173, 182
908612.3.peg.843.site.4, 37, 173, 210
908612.3.peg.843.site.5, 43, 169, 212
908612.3.peg.843.site.6, 4, 170, 174
908612.3.peg.843.site.7, 50, 177, 227
908612.3.peg.843.site.8, 23, 179, 202
908612.3.peg.843.site.9, 5, 180, 185
908612.3.peg.843.site.10, 13, 178, 191
908612.3.peg.843.site.11, 13, 179, 192
908612.3.peg.842.site.1, 15, 178, 193
908612.3.peg.842.site.2, 68, 175, 243
908612.3.peg.842.site.3, 52, 164, 216
908612.3.peg.842.site.4, 59, 171, 230
908612.3.peg.842.site.5, 60, 173, 233
908612.3.peg.842.site.6, 59, 176, 235
908612.3.peg.842.site.7, 61, 175, 236
908612.3.peg.842.site.8, 71, 174, 245
908612.3.peg.842.site.9, 1, 179, 180
908612.3.peg.842.site.10, 82, 175, 257
908612.3.peg.842.site.11, 6, 178, 184
908612.3.peg.842.site.12, 0, 175, 175
908612.3.peg.842.site.13, 0, 139, 139
908612.3.peg.842.site.14, 2, 140, 142
908612.3.peg.842.site.15, 57, 148, 205
908612.3.peg.2578.site.1, 134, 166, 300
908612.3.peg.2578.site.2, 3, 168, 171
908612.3.peg.2578.site.3, 5, 143, 148
908612.3.peg.2578.site.4, 1, 137, 138
908612.3.peg.2578.site.5, 80, 128, 208
908612.3.peg.2578.site.6, 17, 141, 158
908612.3.peg.2578.site.7, 63, 139, 202
908612.3.peg.2578.site.8, 115, 147, 262
908612.3.peg.2578.site.9, 14, 161, 175
908612.3.peg.2578.site.10, 5, 161, 166
908612.3.peg.2578.site.11, 1, 167, 168
908612.3.peg.2578.site.12, 1, 169, 170
908612.3.peg.2578.site.13, 69, 171, 240
908612.3.peg.2578.site.14, 129, 176, 305
908612.3.peg.2578.site.15, 90, 172, 262
908612.3.peg.2578.site.16, 1, 175, 176
908612.3.peg.2578.site.17, 10, 170, 180
908612.3.peg.2578.site.18, 31, 170, 201
908612.3.peg.2578.site.19, 30, 176, 206
908612.3.peg.2578.site.20, 41, 174, 215
908612.3.peg.2578.site.21, 79, 173, 252
908612.3.peg.2578.site.22, 12, 176, 188
908612.3.peg.2578.site.23, 25, 176, 201
908612.3.peg.2578.site.24, 38, 177, 215
908612.3.peg.2578.site.25, 0, 173, 173
908612.3.peg.2578.site.26, 8, 176, 184
908612.3.peg.2578.site.27, 8, 176, 184
908612.3.peg.2578.site.28, 6, 179, 185
908612.3.peg.2578.site.29, 6, 180, 186
908612.3.peg.2578.site.30, 48, 175, 223
908612.3.peg.2578.site.31, 4, 179, 183
908612.3.peg.2578.site.32, 47, 175, 222
908612.3.peg.2578.site.33, 51, 178, 229
908612.3.peg.2578.site.34, 13, 179, 192
908612.3.peg.2578.site.35, 36, 172, 208
908612.3.peg.2578.site.36, 41, 174, 215
908612.3.peg.2578.site.37, 0, 173, 173
908612.3.peg.2578.site.38, 0, 173, 173
908612.3.peg.2578.site.39, 86, 168, 254
908612.3.peg.2578.site.40, 42, 169, 211
908612.3.peg.2578.site.41, 5, 163, 168
908612.3.peg.2578.site.42, 1, 159, 160
908612.3.peg.2578.site.43, 23, 155, 178
908612.3.peg.2578.site.44, 18, 151, 169
908612.3.peg.2578.site.45, 75, 160, 235
908612.3.peg.2578.site.46, 72, 158, 230
908612.3.peg.2578.site.47, 24, 166, 190
908612.3.peg.2578.site.48, 79, 172, 251
908612.3.peg.2578.site.49, 81, 176, 257
908612.3.peg.2578.site.50, 1, 180, 181
908612.3.peg.2579.site.1, 32, 172, 204
908612.3.peg.2579.site.2, 2, 179, 181
908612.3.peg.2579.site.3, 42, 178, 220
908612.3.peg.2579.site.4, 34, 171, 205
908612.3.peg.2579.site.5, 7, 179, 186
908612.3.peg.2579.site.6, 40, 176, 216
908612.3.peg.2579.site.7, 14, 178, 192
908612.3.peg.2579.site.8, 5, 179, 184
908612.3.peg.2579.site.9, 25, 164, 189
908612.3.peg.2579.site.10, 40, 171, 211
908612.3.peg.2579.site.11, 11, 175, 186
908612.3.peg.2579.site.12, 79, 165, 244
908612.3.peg.2579.site.13, 3, 174, 177
908612.3.peg.2579.site.14, 1, 175, 176
908612.3.peg.2579.site.15, 75, 163, 238
908612.3.peg.2579.site.16, 3, 180, 183
908612.3.peg.2579.site.17, 0, 180, 180
908612.3.peg.2579.site.18, 0, 180, 180
908612.3.peg.2579.site.19, 2, 180, 182
908612.3.peg.849.site.1, 65, 177, 242
908612.3.peg.849.site.2, 2, 171, 173
908612.3.peg.849.site.3, 0, 163, 163
908612.3.peg.849.site.4, 23, 166, 189
908612.3.peg.849.site.5, 4, 169, 173
908612.3.peg.849.site.6, 0, 152, 152
908612.3.peg.849.site.7, 27, 165, 192
908612.3.peg.849.site.8, 2, 179, 181
908612.3.peg.849.site.9, 101, 176, 277
908612.3.peg.849.site.10, 1, 175, 176
908612.3.peg.849.site.11, 17, 149, 166
908612.3.peg.849.site.12, 12, 150, 162
908612.3.peg.849.site.13, 0, 141, 141
908612.3.peg.849.site.14, 6, 137, 143
908612.3.peg.849.site.15, 12, 138, 150
908612.3.peg.849.site.16, 16, 128, 144
908612.3.peg.849.site.17, 0, 148, 148
908612.3.peg.849.site.18, 27, 145, 172
908612.3.peg.849.site.19, 67, 160, 227
908612.3.peg.849.site.20, 78, 149, 227
908612.3.peg.849.site.21, 88, 165, 253
908612.3.peg.849.site.22, 122, 160, 282
908612.3.peg.849.site.23, 108, 165, 273
908612.3.peg.849.site.24, 127, 164, 291
908612.3.peg.849.site.25, 81, 142, 223
908612.3.peg.849.site.26, 82, 143, 225
908612.3.peg.849.site.27, 8, 167, 175
908612.3.peg.849.site.28, 0, 180, 180
908612.3.peg.849.site.29, 0, 179, 179
908612.3.peg.848.site.1, 49, 179, 228
908612.3.peg.848.site.2, 6, 180, 186
908612.3.peg.848.site.3, 0, 180, 180
908612.3.peg.848.site.4, 1, 162, 163
908612.3.peg.848.site.5, 4, 175, 179
908612.3.peg.848.site.6, 2, 175, 177
908612.3.peg.848.site.7, 80, 175, 255
908612.3.peg.848.site.8, 30, 175, 205
908612.3.peg.848.site.9, 1, 171, 172
908612.3.peg.848.site.10, 102, 172, 274
908612.3.peg.848.site.11, 49, 178, 227
908612.3.peg.848.site.12, 2, 176, 178
908612.3.peg.848.site.13, 20, 175, 195
908612.3.peg.848.site.14, 108, 176, 284
908612.3.peg.848.site.15, 109, 177, 286
908612.3.peg.848.site.16, 0, 180, 180
908612.3.peg.848.site.17, 24, 179, 203
908612.3.peg.848.site.18, 83, 178, 261
908612.3.peg.848.site.19, 0, 177, 177
908612.3.peg.848.site.20, 76, 179, 255
908612.3.peg.1144.site.1, 71, 145, 216
908612.3.peg.1144.site.2, 100, 168, 268
908612.3.peg.1144.site.3, 76, 143, 219
908612.3.peg.1144.site.4, 9, 79, 88
908612.3.peg.1144.site.5, 4, 73, 77
908612.3.peg.1144.site.6, 49, 116, 165
908612.3.peg.1144.site.7, 107, 175, 282
908612.3.peg.1144.site.8, 0, 180, 180
908612.3.peg.1144.site.9, 0, 179, 179
908612.3.peg.1144.site.10, 107, 176, 283
908612.3.peg.1144.site.11, 0, 179, 179
908612.3.peg.1144.site.12, 2, 180, 182
908612.3.peg.1144.site.13, 2, 180, 182
908612.3.peg.1144.site.14, 24, 179, 203
908612.3.peg.1144.site.15, 106, 175, 281
908612.3.peg.1144.site.16, 106, 175, 281
908612.3.peg.1144.site.17, 0, 180, 180
908612.3.peg.1144.site.18, 2, 180, 182
908612.3.peg.1144.site.19, 147, 178, 325
908612.3.peg.1144.site.20, 102, 177, 279
908612.3.peg.1144.site.21, 1, 180, 181
908612.3.peg.1144.site.22, 107, 174, 281
908612.3.peg.1144.site.23, 107, 173, 280
908612.3.peg.1144.site.24, 2, 178, 180
908612.3.peg.1144.site.25, 1, 180, 181
908612.3.peg.1144.site.26, 0, 180, 180
908612.3.peg.1145.site.1, 0, 180, 180
908612.3.peg.1145.site.2, 163, 180, 343
908612.3.peg.1145.site.3, 0, 180, 180
908612.3.peg.1145.site.4, 1, 179, 180
908612.3.peg.1145.site.5, 0, 179, 179
908612.3.peg.1145.site.6, 81, 171, 252
908612.3.peg.1145.site.7, 1, 179, 180
908612.3.peg.1145.site.8, 64, 172, 236
908612.3.peg.1145.site.9, 0, 177, 177
908612.3.peg.1145.site.10, 20, 173, 193
908612.3.peg.1145.site.11, 43, 156, 199
908612.3.peg.1145.site.12, 3, 172, 175
908612.3.peg.1145.site.13, 51, 176, 227
908612.3.peg.1145.site.14, 1, 180, 181
908612.3.peg.1145.site.15, 10, 178, 188
908612.3.peg.1145.site.16, 130, 175, 305
908612.3.peg.1145.site.17, 15, 170, 185
908612.3.peg.1145.site.18, 68, 173, 241
908612.3.peg.1145.site.19, 3, 173, 176
908612.3.peg.1145.site.20, 22, 153, 175
908612.3.peg.1145.site.21, 21, 171, 192
908612.3.peg.1145.site.22, 25, 176, 201
908612.3.peg.1145.site.23, 0, 180, 180
908612.3.peg.1145.site.24, 25, 177, 202
908612.3.peg.1145.site.25, 1, 179, 180
908612.3.peg.1145.site.26, 2, 178, 180
908612.3.peg.1145.site.27, 1, 177, 178
908612.3.peg.1145.site.28, 116, 173, 289
908612.3.peg.1145.site.29, 96, 163, 259
908612.3.peg.1145.site.30, 9, 163, 172
908612.3.peg.1145.site.31, 150, 179, 329
908612.3.peg.1145.site.32, 51, 177, 228
908612.3.peg.1145.site.33, 6, 178, 184
908612.3.peg.1145.site.34, 6, 176, 182
908612.3.peg.1145.site.35, 0, 179, 179
908612.3.peg.1145.site.36, 6, 179, 185
908612.3.peg.1145.site.37, 3, 180, 183
908612.3.peg.1145.site.38, 80, 175, 255
908612.3.peg.1145.site.39, 1, 180, 181
908612.3.peg.1145.site.40, 1, 179, 180
908612.3.peg.1145.site.41, 4, 171, 175
908612.3.peg.1145.site.42, 4, 180, 184
908612.3.peg.1145.site.43, 0, 179, 179
908612.3.peg.1145.site.44, 7, 179, 186
908612.3.peg.1145.site.45, 1, 180, 181
908612.3.peg.1145.site.46, 1, 180, 181
908612.3.peg.1145.site.47, 1, 180, 181
908612.3.peg.1145.site.48, 3, 178, 181
908612.3.peg.1145.site.49, 0, 178, 178
908612.3.peg.1145.site.50, 1, 179, 180
908612.3.peg.1145.site.51, 0, 180, 180
908612.3.peg.1145.site.52, 0, 180, 180
908612.3.peg.1145.site.53, 0, 178, 178
908612.3.peg.1145.site.54, 4, 175, 179
908612.3.peg.1145.site.55, 2, 176, 178
908612.3.peg.1145.site.56, 3, 177, 180
908612.3.peg.1145.site.57, 0, 176, 176
908612.3.peg.1145.site.58, 6, 176, 182
908612.3.peg.1145.site.59, 77, 175, 252
908612.3.peg.1145.site.60, 28, 174, 202
908612.3.peg.1145.site.61, 136, 174, 310
908612.3.peg.1145.site.62, 25, 173, 198
908612.3.peg.1145.site.63, 6, 172, 178
908612.3.peg.1145.site.64, 0, 177, 177
908612.3.peg.1145.site.65, 2, 177, 179
908612.3.peg.1145.site.66, 3, 177, 180
908612.3.peg.1145.site.67, 118, 176, 294
908612.3.peg.1145.site.68, 59, 173, 232
908612.3.peg.1146.site.1, 0, 177, 177
908612.3.peg.1146.site.2, 96, 175, 271
908612.3.peg.1146.site.3, 46, 176, 222
908612.3.peg.1146.site.4, 4, 178, 182
908612.3.peg.1146.site.5, 26, 175, 201
908612.3.peg.1146.site.6, 84, 177, 261
908612.3.peg.1146.site.7, 97, 168, 265
908612.3.peg.1146.site.8, 72, 166, 238
908612.3.peg.1146.site.9, 0, 171, 171
908612.3.peg.1146.site.10, 29, 160, 189
908612.3.peg.1146.site.11, 7, 169, 176
908612.3.peg.1146.site.12, 101, 176, 277
908612.3.peg.1146.site.13, 43, 176, 219
908612.3.peg.1146.site.14, 63, 175, 238
908612.3.peg.1146.site.15, 96, 174, 270
908612.3.peg.1146.site.16, 59, 177, 236
908612.3.peg.1146.site.17, 0, 177, 177
908612.3.peg.1146.site.18, 41, 172, 213
908612.3.peg.1146.site.19, 42, 174, 216
908612.3.peg.1146.site.20, 0, 178, 178
908612.3.peg.1146.site.21, 1, 178, 179
908612.3.peg.1146.site.22, 30, 176, 206
908612.3.peg.1146.site.23, 6, 178, 184
908612.3.peg.1146.site.24, 0, 178, 178
908612.3.peg.1146.site.25, 8, 178, 186
908612.3.peg.1146.site.26, 33, 177, 210
908612.3.peg.1146.site.27, 64, 176, 240
908612.3.peg.1140.site.1, 0, 179, 179
908612.3.peg.1140.site.2, 1, 179, 180
908612.3.peg.1140.site.3, 64, 174, 238
908612.3.peg.1140.site.4, 0, 178, 178
908612.3.peg.1140.site.5, 6, 178, 184
908612.3.peg.1140.site.6, 6, 178, 184
908612.3.peg.1140.site.7, 57, 176, 233
908612.3.peg.1140.site.8, 4, 179, 183
908612.3.peg.1140.site.9, 2, 177, 179
908612.3.peg.1140.site.10, 2, 178, 180
908612.3.peg.1140.site.11, 0, 179, 179
908612.3.peg.1140.site.12, 3, 179, 182
908612.3.peg.1140.site.13, 2, 178, 180
908612.3.peg.1140.site.14, 2, 178, 180
908612.3.peg.1140.site.15, 3, 179, 182
908612.3.peg.1140.site.16, 2, 179, 181
908612.3.peg.1140.site.17, 144, 176, 320
908612.3.peg.2352.site.1, 0, 179, 179
908612.3.peg.2352.site.2, 3, 176, 179
908612.3.peg.2352.site.3, 3, 173, 176
908612.3.peg.2352.site.4, 18, 167, 185
908612.3.peg.2352.site.5, 16, 164, 180
908612.3.peg.2352.site.6, 16, 165, 181
908612.3.peg.2352.site.7, 17, 175, 192
908612.3.peg.2352.site.8, 44, 177, 221
908612.3.peg.2352.site.9, 2, 179, 181
908612.3.peg.2352.site.10, 129, 174, 303
908612.3.peg.2352.site.11, 39, 175, 214
908612.3.peg.2352.site.12, 54, 176, 230
908612.3.peg.2352.site.13, 3, 176, 179
908612.3.peg.2352.site.14, 0, 176, 176
908612.3.peg.2352.site.15, 2, 177, 179
908612.3.peg.2352.site.16, 54, 177, 231
908612.3.peg.2352.site.17, 38, 179, 217
908612.3.peg.2352.site.18, 11, 179, 190
908612.3.peg.2352.site.19, 28, 180, 208
908612.3.peg.2352.site.20, 0, 179, 179
908612.3.peg.2353.site.1, 95, 127, 222
908612.3.peg.2353.site.2, 21, 138, 159
908612.3.peg.2353.site.3, 26, 166, 192
908612.3.peg.2353.site.4, 145, 174, 319
908612.3.peg.2353.site.5, 6, 176, 182
908612.3.peg.2353.site.6, 79, 173, 252
908612.3.peg.2353.site.7, 142, 176, 318
908612.3.peg.2353.site.8, 19, 177, 196
908612.3.peg.2353.site.9, 2, 176, 178
908612.3.peg.2353.site.10, 120, 171, 291
908612.3.peg.2353.site.11, 87, 143, 230
908612.3.peg.2353.site.12, 92, 144, 236
908612.3.peg.2353.site.13, 0, 144, 144
908612.3.peg.2353.site.14, 0, 149, 149
908612.3.peg.2354.site.1, 1, 61, 62
908612.3.peg.2354.site.2, 0, 128, 128
908612.3.peg.2354.site.3, 109, 126, 235
908612.3.peg.2354.site.4, 0, 174, 174
908612.3.peg.2354.site.5, 0, 180, 180
908612.3.peg.2354.site.6, 0, 180, 180
908612.3.peg.2354.site.7, 2, 178, 180
908612.3.peg.2355.site.1, 119, 177, 296
908612.3.peg.2355.site.2, 7, 180, 187
908612.3.peg.2355.site.3, 3, 180, 183
908612.3.peg.2355.site.4, 78, 176, 254
908612.3.peg.2355.site.5, 0, 178, 178
908612.3.peg.2355.site.6, 1, 176, 177
908612.3.peg.2355.site.7, 115, 175, 290
908612.3.peg.2355.site.8, 1, 180, 181
908612.3.peg.2355.site.9, 78, 176, 254
908612.3.peg.1141.site.1, 6, 165, 171
908612.3.peg.1141.site.2, 19, 149, 168
908612.3.peg.1141.site.3, 0, 97, 97
908612.3.peg.1141.site.4, 0, 90, 90
908612.3.peg.1141.site.5, 38, 168, 206
908612.3.peg.1141.site.6, 5, 175, 180
908612.3.peg.1141.site.7, 3, 178, 181
908612.3.peg.1141.site.8, 3, 171, 174
908612.3.peg.1141.site.9, 7, 177, 184
908612.3.peg.1141.site.10, 35, 174, 209
908612.3.peg.1141.site.11, 5, 173, 178
908612.3.peg.1141.site.12, 38, 165, 203
908612.3.peg.1141.site.13, 20, 176, 196
908612.3.peg.1141.site.14, 16, 177, 193
908612.3.peg.1141.site.15, 11, 178, 189
908612.3.peg.1141.site.16, 6, 179, 185
908612.3.peg.1141.site.17, 62, 159, 221
908612.3.peg.1141.site.18, 7, 174, 181
908612.3.peg.1141.site.19, 0, 179, 179
908612.3.peg.2198.site.1, 0, 176, 176
908612.3.peg.2198.site.2, 2, 179, 181
908612.3.peg.2198.site.3, 2, 178, 180
908612.3.peg.2198.site.4, 0, 173, 173
908612.3.peg.2198.site.5, 0, 173, 173
908612.3.peg.2198.site.6, 5, 179, 184
908612.3.peg.2198.site.7, 6, 179, 185
908612.3.peg.2198.site.8, 0, 176, 176
908612.3.peg.2198.site.9, 0, 177, 177
908612.3.peg.2198.site.10, 70, 174, 244
908612.3.peg.2198.site.11, 15, 177, 192
908612.3.peg.2198.site.12, 0, 179, 179
908612.3.peg.2198.site.13, 85, 173, 258
908612.3.peg.2198.site.14, 146, 173, 319
908612.3.peg.2198.site.15, 162, 178, 340
908612.3.peg.2198.site.16, 5, 177, 182
908612.3.peg.2198.site.17, 10, 178, 188
908612.3.peg.2198.site.18, 71, 169, 240
908612.3.peg.2198.site.19, 70, 170, 240
908612.3.peg.2198.site.20, 1, 180, 181
908612.3.peg.2198.site.21, 87, 175, 262
908612.3.peg.2198.site.22, 2, 178, 180
908612.3.peg.2199.site.1, 128, 174, 302
908612.3.peg.2199.site.2, 1, 179, 180
908612.3.peg.2199.site.3, 0, 180, 180
908612.3.peg.2199.site.4, 2, 180, 182
908612.3.peg.2199.site.5, 2, 180, 182
908612.3.peg.2199.site.6, 65, 174, 239
908612.3.peg.2199.site.7, 0, 180, 180
908612.3.peg.2199.site.8, 67, 176, 243
908612.3.peg.2199.site.9, 3, 179, 182
908612.3.peg.2199.site.10, 0, 179, 179
908612.3.peg.2199.site.11, 0, 179, 179
908612.3.peg.2199.site.12, 3, 179, 182
908612.3.peg.2199.site.13, 79, 168, 247
908612.3.peg.1634.site.1, 7, 179, 186
908612.3.peg.1634.site.2, 0, 178, 178
908612.3.peg.1634.site.3, 7, 178, 185
908612.3.peg.1634.site.4, 73, 174, 247
908612.3.peg.1634.site.5, 52, 178, 230
908612.3.peg.1634.site.6, 3, 180, 183
908612.3.peg.1634.site.7, 0, 180, 180
908612.3.peg.1634.site.8, 8, 180, 188
908612.3.peg.1634.site.9, 50, 177, 227
908612.3.peg.1634.site.10, 0, 176, 176
908612.3.peg.1634.site.11, 2, 179, 181
908612.3.peg.1634.site.12, 28, 175, 203
908612.3.peg.1634.site.13, 57, 173, 230
908612.3.peg.1634.site.14, 50, 168, 218
908612.3.peg.1634.site.15, 6, 158, 164
908612.3.peg.1634.site.16, 4, 168, 172
908612.3.peg.1634.site.17, 3, 170, 173
908612.3.peg.1634.site.18, 88, 172, 260
908612.3.peg.1634.site.19, 37, 162, 199
908612.3.peg.1634.site.20, 37, 158, 195
908612.3.peg.1634.site.21, 5, 178, 183
908612.3.peg.1634.site.22, 0, 180, 180
908612.3.peg.1634.site.23, 5, 179, 184
908612.3.peg.1634.site.24, 6, 179, 185
908612.3.peg.1634.site.25, 139, 175, 314
908612.3.peg.1634.site.26, 1, 180, 181
908612.3.peg.1634.site.27, 49, 178, 227
908612.3.peg.1634.site.28, 45, 180, 225
908612.3.peg.1634.site.29, 0, 180, 180
908612.3.peg.1634.site.30, 129, 179, 308
908612.3.peg.1634.site.31, 129, 180, 309
908612.3.peg.1634.site.32, 38, 178, 216
908612.3.peg.1634.site.33, 97, 179, 276
908612.3.peg.1634.site.34, 0, 178, 178
908612.3.peg.1634.site.35, 46, 178, 224
908612.3.peg.1634.site.36, 0, 177, 177
908612.3.peg.1634.site.37, 0, 179, 179
908612.3.peg.1634.site.38, 146, 175, 321
908612.3.peg.1634.site.39, 12, 176, 188
908612.3.peg.1634.site.40, 4, 177, 181
908612.3.peg.1634.site.41, 0, 179, 179
908612.3.peg.1634.site.42, 46, 179, 225
908612.3.peg.1634.site.43, 0, 173, 173
908612.3.peg.1634.site.44, 25, 175, 200
908612.3.peg.2193.site.1, 1, 179, 180
908612.3.peg.2193.site.2, 44, 179, 223
908612.3.peg.2190.site.1, 0, 180, 180
908612.3.peg.2190.site.2, 32, 176, 208
908612.3.peg.2190.site.3, 2, 180, 182
908612.3.peg.2190.site.4, 10, 178, 188
908612.3.peg.2190.site.5, 1, 179, 180
908612.3.peg.2190.site.6, 28, 176, 204
908612.3.peg.2190.site.7, 26, 176, 202
908612.3.peg.2190.site.8, 4, 177, 181
908612.3.peg.2190.site.9, 7, 180, 187
908612.3.peg.2190.site.10, 5, 177, 182
908612.3.peg.2190.site.11, 0, 180, 180
908612.3.peg.2190.site.12, 22, 168, 190
908612.3.peg.2190.site.13, 44, 119, 163
908612.3.peg.2190.site.14, 11, 177, 188
908612.3.peg.2190.site.15, 7, 179, 186
908612.3.peg.2190.site.16, 16, 177, 193
908612.3.peg.2190.site.17, 0, 179, 179
908612.3.peg.2190.site.18, 7, 178, 185
908612.3.peg.2190.site.19, 10, 178, 188
908612.3.peg.2190.site.20, 107, 175, 282
908612.3.peg.2190.site.21, 0, 176, 176
908612.3.peg.2190.site.22, 6, 179, 185
908612.3.peg.2190.site.23, 8, 172, 180
908612.3.peg.2190.site.24, 16, 165, 181
908612.3.peg.2190.site.25, 4, 155, 159
908612.3.peg.2190.site.26, 2, 159, 161
908612.3.peg.2190.site.27, 51, 175, 226
908612.3.peg.2190.site.28, 2, 179, 181
908612.3.peg.2190.site.29, 2, 178, 180
908612.3.peg.2190.site.30, 0, 180, 180
908612.3.peg.2190.site.31, 2, 179, 181
908612.3.peg.2190.site.32, 1, 179, 180
908612.3.peg.2190.site.33, 70, 176, 246
908612.3.peg.2190.site.34, 0, 179, 179
908612.3.peg.2190.site.35, 11, 180, 191
908612.3.peg.2190.site.36, 12, 180, 192
908612.3.peg.2190.site.37, 0, 180, 180
908612.3.peg.2190.site.38, 20, 179, 199
908612.3.peg.2191.site.1, 1, 172, 173
908612.3.peg.2191.site.2, 42, 175, 217
908612.3.peg.2191.site.3, 41, 176, 217
908612.3.peg.2191.site.4, 23, 179, 202
908612.3.peg.2191.site.5, 51, 178, 229
908612.3.peg.2191.site.6, 48, 177, 225
908612.3.peg.2191.site.7, 3, 145, 148
908612.3.peg.2196.site.1, 7, 177, 184
908612.3.peg.2196.site.2, 4, 178, 182
908612.3.peg.2196.site.3, 5, 177, 182
908612.3.peg.2196.site.4, 86, 180, 266
908612.3.peg.2196.site.5, 1, 171, 172
908612.3.peg.2196.site.6, 27, 169, 196
908612.3.peg.2196.site.7, 70, 161, 231
908612.3.peg.2196.site.8, 14, 104, 118
908612.3.peg.2196.site.9, 32, 63, 95
908612.3.peg.2197.site.1, 3, 42, 45
908612.3.peg.2197.site.2, 0, 79, 79
908612.3.peg.2197.site.3, 0, 178, 178
908612.3.peg.2197.site.4, 3, 140, 143
908612.3.peg.2197.site.5, 21, 168, 189
908612.3.peg.2197.site.6, 97, 171, 268
908612.3.peg.2197.site.7, 13, 178, 191
908612.3.peg.2197.site.8, 3, 180, 183
908612.3.peg.2197.site.9, 8, 178, 186
908612.3.peg.2197.site.10, 2, 179, 181
908612.3.peg.2197.site.11, 16, 173, 189
908612.3.peg.2197.site.12, 14, 174, 188
908612.3.peg.2197.site.13, 86, 171, 257
908612.3.peg.2197.site.14, 61, 176, 237
908612.3.peg.2197.site.15, 67, 174, 241
908612.3.peg.2197.site.16, 20, 176, 196
908612.3.peg.2197.site.17, 0, 179, 179
908612.3.peg.2197.site.18, 2, 180, 182
908612.3.peg.2197.site.19, 0, 180, 180
908612.3.peg.2197.site.20, 2, 179, 181
908612.3.peg.2197.site.21, 13, 177, 190
908612.3.peg.2197.site.22, 9, 175, 184
908612.3.peg.2197.site.23, 110, 170, 280
908612.3.peg.2197.site.24, 5, 176, 181
908612.3.peg.2197.site.25, 13, 178, 191
908612.3.peg.2194.site.1, 50, 176, 226
908612.3.peg.2194.site.2, 84, 173, 257
908612.3.peg.2194.site.3, 5, 178, 183
908612.3.peg.2194.site.4, 3, 180, 183
908612.3.peg.2194.site.5, 0, 179, 179
908612.3.peg.2194.site.6, 0, 180, 180
908612.3.peg.2194.site.7, 138, 178, 316
908612.3.peg.2194.site.8, 91, 178, 269
908612.3.peg.2195.site.1, 30, 179, 209
908612.3.peg.2195.site.2, 6, 179, 185
908612.3.peg.2195.site.3, 14, 143, 157
908612.3.peg.2195.site.4, 62, 126, 188
908612.3.peg.2195.site.5, 9, 137, 146
908612.3.peg.2195.site.6, 9, 137, 146
908612.3.peg.2195.site.7, 0, 138, 138
908612.3.peg.2195.site.8, 77, 154, 231
908612.3.peg.2195.site.9, 4, 175, 179
908612.3.peg.2195.site.10, 113, 167, 280
908612.3.peg.2195.site.11, 10, 176, 186
908612.3.peg.2195.site.12, 56, 175, 231
908612.3.peg.2195.site.13, 0, 178, 178
908612.3.peg.2195.site.14, 18, 178, 196
908612.3.peg.2195.site.15, 29, 174, 203
908612.3.peg.2754.site.1, 59, 174, 233
908612.3.peg.2754.site.2, 128, 178, 306
908612.3.peg.2754.site.3, 34, 177, 211
908612.3.peg.2754.site.4, 15, 179, 194
908612.3.peg.2754.site.5, 0, 180, 180
908612.3.peg.2754.site.6, 30, 179, 209
908612.3.peg.2754.site.7, 34, 173, 207
908612.3.peg.2754.site.8, 15, 177, 192
908612.3.peg.2754.site.9, 23, 174, 197
908612.3.peg.2754.site.10, 1, 180, 181
908612.3.peg.2754.site.11, 15, 179, 194
908612.3.peg.2754.site.12, 2, 180, 182
908612.3.peg.2754.site.13, 0, 179, 179
908612.3.peg.2754.site.14, 0, 154, 154
908612.3.peg.2754.site.15, 3, 178, 181
908612.3.peg.2754.site.16, 155, 177, 332
908612.3.peg.2754.site.17, 9, 180, 189
908612.3.peg.2754.site.18, 2, 178, 180
908612.3.peg.2754.site.19, 83, 174, 257
908612.3.peg.2755.site.1, 8, 177, 185
908612.3.peg.2755.site.2, 28, 178, 206
908612.3.peg.2755.site.3, 0, 178, 178
908612.3.peg.2755.site.4, 82, 177, 259
908612.3.peg.2755.site.5, 24, 177, 201
908612.3.peg.2755.site.6, 32, 149, 181
908612.3.peg.2755.site.7, 6, 168, 174
908612.3.peg.2755.site.8, 1, 176, 177
908612.3.peg.2755.site.9, 5, 178, 183
908612.3.peg.2755.site.10, 82, 174, 256
908612.3.peg.2755.site.11, 113, 177, 290
908612.3.peg.2755.site.12, 0, 179, 179
908612.3.peg.2755.site.13, 2, 180, 182
908612.3.peg.2756.site.1, 0, 176, 176
908612.3.peg.2756.site.2, 101, 170, 271
908612.3.peg.2756.site.3, 148, 174, 322
908612.3.peg.2756.site.4, 44, 147, 191
908612.3.peg.2756.site.5, 1, 160, 161
908612.3.peg.2756.site.6, 1, 152, 153
908612.3.peg.2756.site.7, 2, 159, 161
908612.3.peg.2756.site.8, 0, 174, 174
908612.3.peg.2756.site.9, 4, 176, 180
908612.3.peg.2756.site.10, 11, 178, 189
908612.3.peg.2756.site.11, 10, 173, 183
908612.3.peg.2756.site.12, 0, 177, 177
908612.3.peg.2756.site.13, 1, 179, 180
908612.3.peg.2756.site.14, 2, 177, 179
908612.3.peg.2756.site.15, 4, 179, 183
908612.3.peg.2756.site.16, 4, 179, 183
908612.3.peg.2756.site.17, 24, 179, 203
908612.3.peg.2756.site.18, 135, 177, 312
908612.3.peg.2756.site.19, 4, 178, 182
908612.3.peg.2756.site.20, 0, 180, 180
908612.3.peg.2756.site.21, 149, 176, 325
908612.3.peg.2756.site.22, 59, 173, 232
908612.3.peg.2756.site.23, 0, 174, 174
908612.3.peg.2756.site.24, 15, 172, 187
908612.3.peg.2756.site.25, 0, 162, 162
908612.3.peg.2756.site.26, 27, 140, 167
908612.3.peg.2756.site.27, 49, 149, 198
908612.3.peg.2756.site.28, 4, 160, 164
908612.3.peg.2756.site.29, 3, 169, 172
908612.3.peg.2756.site.30, 0, 173, 173
908612.3.peg.2756.site.31, 2, 174, 176
908612.3.peg.2756.site.32, 18, 168, 186
908612.3.peg.2756.site.33, 75, 165, 240
908612.3.peg.2756.site.34, 89, 168, 257
908612.3.peg.2756.site.35, 49, 172, 221
908612.3.peg.2756.site.36, 4, 177, 181
908612.3.peg.2756.site.37, 4, 176, 180
908612.3.peg.2756.site.38, 0, 179, 179
908612.3.peg.2756.site.39, 43, 176, 219
908612.3.peg.2756.site.40, 0, 179, 179
908612.3.peg.2756.site.41, 28, 179, 207
908612.3.peg.2757.site.1, 0, 179, 179
908612.3.peg.2757.site.2, 30, 172, 202
908612.3.peg.2757.site.3, 47, 173, 220
908612.3.peg.2757.site.4, 44, 172, 216
908612.3.peg.2757.site.5, 3, 177, 180
908612.3.peg.2757.site.6, 1, 179, 180
908612.3.peg.2750.site.1, 3, 180, 183
908612.3.peg.2750.site.2, 58, 173, 231
908612.3.peg.2750.site.3, 57, 172, 229
908612.3.peg.2750.site.4, 3, 180, 183
908612.3.peg.2750.site.5, 2, 179, 181
908612.3.peg.2750.site.6, 5, 179, 184
908612.3.peg.2750.site.7, 1, 178, 179
908612.3.peg.2750.site.8, 0, 180, 180
908612.3.peg.2750.site.9, 0, 179, 179
908612.3.peg.2750.site.10, 0, 179, 179
908612.3.peg.2750.site.11, 1, 174, 175
908612.3.peg.2750.site.12, 1, 177, 178
908612.3.peg.2750.site.13, 54, 176, 230
908612.3.peg.2750.site.14, 54, 176, 230
908612.3.peg.2750.site.15, 3, 180, 183
908612.3.peg.2750.site.16, 18, 178, 196
908612.3.peg.2750.site.17, 21, 177, 198
908612.3.peg.2750.site.18, 22, 178, 200
908612.3.peg.2750.site.19, 22, 179, 201
908612.3.peg.2750.site.20, 76, 177, 253
908612.3.peg.2750.site.21, 4, 180, 184
908612.3.peg.2750.site.22, 52, 177, 229
908612.3.peg.2750.site.23, 4, 179, 183
908612.3.peg.2750.site.24, 11, 180, 191
908612.3.peg.2750.site.25, 0, 179, 179
908612.3.peg.2751.site.1, 5, 177, 182
908612.3.peg.2751.site.2, 3, 177, 180
908612.3.peg.2751.site.3, 3, 124, 127
908612.3.peg.2751.site.4, 0, 118, 118
908612.3.peg.2751.site.5, 33, 109, 142
908612.3.peg.2751.site.6, 1, 129, 130
908612.3.peg.2751.site.7, 4, 129, 133
908612.3.peg.2751.site.8, 2, 140, 142
908612.3.peg.2751.site.9, 2, 143, 145
908612.3.peg.2751.site.10, 4, 139, 143
908612.3.peg.2751.site.11, 0, 156, 156
908612.3.peg.2751.site.12, 31, 176, 207
908612.3.peg.2751.site.13, 32, 177, 209
908612.3.peg.2751.site.14, 2, 180, 182
908612.3.peg.2751.site.15, 3, 180, 183
908612.3.peg.2751.site.16, 31, 179, 210
908612.3.peg.2751.site.17, 48, 177, 225
908612.3.peg.2751.site.18, 5, 180, 185
908612.3.peg.2751.site.19, 11, 178, 189
908612.3.peg.2751.site.20, 105, 177, 282
908612.3.peg.2751.site.21, 3, 180, 183
908612.3.peg.2751.site.22, 109, 177, 286
908612.3.peg.2751.site.23, 118, 178, 296
908612.3.peg.2751.site.24, 129, 177, 306
908612.3.peg.2751.site.25, 8, 180, 188
908612.3.peg.2751.site.26, 50, 178, 228
908612.3.peg.2751.site.27, 8, 179, 187
908612.3.peg.2751.site.28, 0, 179, 179
908612.3.peg.2751.site.29, 11, 178, 189
908612.3.peg.2751.site.30, 4, 178, 182
908612.3.peg.2751.site.31, 0, 171, 171
908612.3.peg.2751.site.32, 1, 169, 170
908612.3.peg.2751.site.33, 30, 156, 186
908612.3.peg.2751.site.34, 129, 153, 282
908612.3.peg.2751.site.35, 25, 136, 161
908612.3.peg.2751.site.36, 2, 154, 156
908612.3.peg.2751.site.37, 22, 174, 196
908612.3.peg.2751.site.38, 4, 173, 177
908612.3.peg.2751.site.39, 2, 179, 181
908612.3.peg.2751.site.40, 18, 179, 197
908612.3.peg.2752.site.1, 1, 174, 175
908612.3.peg.2752.site.2, 31, 144, 175
908612.3.peg.2752.site.3, 18, 178, 196
908612.3.peg.2752.site.4, 3, 178, 181
908612.3.peg.2752.site.5, 0, 180, 180
908612.3.peg.2752.site.6, 16, 180, 196
908612.3.peg.2752.site.7, 1, 179, 180
908612.3.peg.2752.site.8, 6, 177, 183
908612.3.peg.2752.site.9, 2, 179, 181
908612.3.peg.2752.site.10, 17, 179, 196
908612.3.peg.2752.site.11, 0, 180, 180
908612.3.peg.2753.site.1, 44, 170, 214
908612.3.peg.2753.site.2, 126, 173, 299
908612.3.peg.2753.site.3, 0, 174, 174
908612.3.peg.2753.site.4, 0, 168, 168
908612.3.peg.2753.site.5, 50, 156, 206
908612.3.peg.2758.site.1, 93, 176, 269
908612.3.peg.2758.site.2, 0, 180, 180
908612.3.peg.2758.site.3, 85, 176, 261
908612.3.peg.2758.site.4, 0, 178, 178
908612.3.peg.2758.site.5, 91, 173, 264
908612.3.peg.2758.site.6, 1, 171, 172
908612.3.peg.2758.site.7, 0, 172, 172
908612.3.peg.2759.site.1, 0, 180, 180
908612.3.peg.2759.site.2, 5, 180, 185
908612.3.peg.2759.site.3, 0, 178, 178
908612.3.peg.2759.site.4, 63, 176, 239
908612.3.peg.2759.site.5, 2, 180, 182
908612.3.peg.2759.site.6, 37, 176, 213
908612.3.peg.2759.site.7, 1, 179, 180
908612.3.peg.2759.site.8, 0, 180, 180
908612.3.peg.2759.site.9, 0, 179, 179
908612.3.peg.2759.site.10, 13, 180, 193
908612.3.peg.2759.site.11, 76, 178, 254
908612.3.peg.2759.site.12, 0, 180, 180
908612.3.peg.2759.site.13, 0, 177, 177
908612.3.peg.2759.site.14, 0, 175, 175
908612.3.peg.2759.site.15, 4, 178, 182
908612.3.peg.2759.site.16, 22, 179, 201
908612.3.peg.2759.site.17, 119, 174, 293
908612.3.peg.2759.site.18, 54, 176, 230
908612.3.peg.2759.site.19, 1, 178, 179
908612.3.peg.2759.site.20, 58, 174, 232
908612.3.peg.2759.site.21, 4, 180, 184
908612.3.peg.2759.site.22, 125, 175, 300
908612.3.peg.2759.site.23, 8, 180, 188
908612.3.peg.2759.site.24, 78, 177, 255
908612.3.peg.2759.site.25, 3, 178, 181
908612.3.peg.2759.site.26, 3, 178, 181
908612.3.peg.2759.site.27, 13, 180, 193
908612.3.peg.2759.site.28, 60, 173, 233
908612.3.peg.2759.site.29, 60, 174, 234
908612.3.peg.2759.site.30, 1, 180, 181
908612.3.peg.2759.site.31, 20, 178, 198
908612.3.peg.2759.site.32, 13, 154, 167
908612.3.peg.2759.site.33, 9, 115, 124
908612.3.peg.2759.site.34, 8, 102, 110
908612.3.peg.2759.site.35, 8, 103, 111
908612.3.peg.2759.site.36, 11, 107, 118
908612.3.peg.2759.site.37, 13, 108, 121
908612.3.peg.2759.site.38, 45, 135, 180
908612.3.peg.2759.site.39, 1, 166, 167
908612.3.peg.2759.site.40, 8, 172, 180
908612.3.peg.2759.site.41, 72, 173, 245
908612.3.peg.2759.site.42, 56, 161, 217
908612.3.peg.2759.site.43, 84, 120, 204
908612.3.peg.2759.site.44, 3, 113, 116
908612.3.peg.2759.site.45, 0, 131, 131
908612.3.peg.2759.site.46, 0, 149, 149
908612.3.peg.2759.site.47, 4, 179, 183
908612.3.peg.2759.site.48, 1, 149, 150
908612.3.peg.2759.site.49, 1, 152, 153
908612.3.peg.2759.site.50, 3, 178, 181
908612.3.peg.2759.site.51, 124, 174, 298
908612.3.peg.2759.site.52, 0, 178, 178
908612.3.peg.2759.site.53, 15, 177, 192
908612.3.peg.2759.site.54, 0, 179, 179
908612.3.peg.2759.site.55, 144, 178, 322
908612.3.peg.2759.site.56, 4, 179, 183
908612.3.peg.2759.site.57, 0, 179, 179
908612.3.peg.2759.site.58, 3, 180, 183
908612.3.peg.2759.site.59, 29, 180, 209
908612.3.peg.661.site.1, 146, 178, 324
908612.3.peg.661.site.2, 2, 179, 181
908612.3.peg.661.site.3, 71, 171, 242
908612.3.peg.661.site.4, 10, 177, 187
908612.3.peg.661.site.5, 62, 173, 235
908612.3.peg.661.site.6, 6, 174, 180
908612.3.peg.661.site.7, 3, 175, 178
908612.3.peg.660.site.1, 0, 177, 177
908612.3.peg.660.site.2, 5, 177, 182
908612.3.peg.660.site.3, 24, 176, 200
908612.3.peg.660.site.4, 3, 174, 177
908612.3.peg.660.site.5, 12, 164, 176
908612.3.peg.660.site.6, 23, 173, 196
908612.3.peg.660.site.7, 0, 179, 179
908612.3.peg.660.site.8, 0, 179, 179
908612.3.peg.660.site.9, 32, 178, 210
908612.3.peg.660.site.10, 8, 180, 188
908612.3.peg.660.site.11, 2, 180, 182
908612.3.peg.660.site.12, 113, 175, 288
908612.3.peg.660.site.13, 0, 180, 180
908612.3.peg.660.site.14, 72, 175, 247
908612.3.peg.660.site.15, 7, 174, 181
908612.3.peg.660.site.16, 104, 160, 264
908612.3.peg.660.site.17, 115, 160, 275
908612.3.peg.660.site.18, 31, 175, 206
908612.3.peg.660.site.19, 104, 168, 272
908612.3.peg.660.site.20, 2, 179, 181
908612.3.peg.660.site.21, 77, 178, 255
908612.3.peg.660.site.22, 73, 173, 246
908612.3.peg.660.site.23, 1, 178, 179
908612.3.peg.660.site.24, 4, 178, 182
908612.3.peg.660.site.25, 2, 177, 179
908612.3.peg.660.site.26, 2, 177, 179
908612.3.peg.660.site.27, 1, 179, 180
908612.3.peg.660.site.28, 2, 179, 181
908612.3.peg.660.site.29, 0, 174, 174
908612.3.peg.660.site.30, 36, 178, 214
908612.3.peg.660.site.31, 0, 180, 180
908612.3.peg.660.site.32, 0, 179, 179
908612.3.peg.660.site.33, 7, 176, 183
908612.3.peg.660.site.34, 2, 180, 182
908612.3.peg.660.site.35, 2, 179, 181
908612.3.peg.660.site.36, 1, 179, 180
908612.3.peg.660.site.37, 1, 179, 180
908612.3.peg.660.site.38, 3, 180, 183
908612.3.peg.660.site.39, 0, 179, 179
908612.3.peg.660.site.40, 25, 180, 205
908612.3.peg.660.site.41, 22, 177, 199
908612.3.peg.660.site.42, 0, 180, 180
908612.3.peg.660.site.43, 33, 177, 210
908612.3.peg.660.site.44, 1, 179, 180
908612.3.peg.660.site.45, 1, 179, 180
908612.3.peg.660.site.46, 46, 176, 222
908612.3.peg.660.site.47, 38, 178, 216
908612.3.peg.660.site.48, 53, 177, 230
908612.3.peg.660.site.49, 2, 177, 179
908612.3.peg.660.site.50, 0, 180, 180
908612.3.peg.660.site.51, 1, 180, 181
908612.3.peg.662.site.1, 3, 161, 164
908612.3.peg.662.site.2, 4, 179, 183
908612.3.peg.662.site.3, 17, 179, 196
908612.3.peg.662.site.4, 0, 180, 180
908612.3.peg.662.site.5, 3, 171, 174
908612.3.peg.665.site.1, 0, 180, 180
908612.3.peg.665.site.2, 0, 179, 179
908612.3.peg.665.site.3, 10, 180, 190
908612.3.peg.665.site.4, 6, 178, 184
908612.3.peg.665.site.5, 64, 166, 230
908612.3.peg.665.site.6, 77, 167, 244
908612.3.peg.665.site.7, 82, 172, 254
908612.3.peg.665.site.8, 5, 179, 184
908612.3.peg.665.site.9, 0, 180, 180
908612.3.peg.665.site.10, 22, 178, 200
908612.3.peg.665.site.11, 3, 173, 176
908612.3.peg.665.site.12, 0, 172, 172
908612.3.peg.665.site.13, 1, 177, 178
908612.3.peg.665.site.14, 11, 176, 187
908612.3.peg.665.site.15, 1, 178, 179
908612.3.peg.665.site.16, 13, 179, 192
908612.3.peg.665.site.17, 1, 179, 180
908612.3.peg.665.site.18, 31, 178, 209
908612.3.peg.665.site.19, 31, 178, 209
908612.3.peg.665.site.20, 0, 179, 179
908612.3.peg.665.site.21, 25, 178, 203
908612.3.peg.665.site.22, 0, 179, 179
908612.3.peg.665.site.23, 96, 171, 267
908612.3.peg.664.site.1, 23, 178, 201
908612.3.peg.664.site.2, 13, 177, 190
908612.3.peg.664.site.3, 40, 176, 216
908612.3.peg.664.site.4, 24, 178, 202
908612.3.peg.664.site.5, 15, 177, 192
908612.3.peg.664.site.6, 0, 179, 179
908612.3.peg.664.site.7, 0, 180, 180
908612.3.peg.664.site.8, 49, 178, 227
908612.3.peg.664.site.9, 3, 174, 177
908612.3.peg.664.site.10, 10, 180, 190
908612.3.peg.664.site.11, 5, 178, 183
908612.3.peg.664.site.12, 35, 176, 211
908612.3.peg.664.site.13, 8, 178, 186
908612.3.peg.664.site.14, 74, 177, 251
908612.3.peg.664.site.15, 2, 179, 181
908612.3.peg.664.site.16, 9, 178, 187
908612.3.peg.664.site.17, 5, 180, 185
908612.3.peg.664.site.18, 29, 177, 206
908612.3.peg.664.site.19, 0, 180, 180
908612.3.peg.664.site.20, 3, 179, 182
908612.3.peg.667.site.1, 1, 180, 181
908612.3.peg.667.site.2, 2, 179, 181
908612.3.peg.667.site.3, 1, 180, 181
908612.3.peg.667.site.4, 5, 178, 183
908612.3.peg.667.site.5, 16, 157, 173
908612.3.peg.667.site.6, 0, 180, 180
908612.3.peg.667.site.7, 2, 179, 181
908612.3.peg.667.site.8, 110, 175, 285
908612.3.peg.667.site.9, 1, 179, 180
908612.3.peg.667.site.10, 1, 179, 180
908612.3.peg.667.site.11, 1, 179, 180
908612.3.peg.666.site.1, 2, 159, 161
908612.3.peg.666.site.2, 25, 163, 188
908612.3.peg.666.site.3, 1, 171, 172
908612.3.peg.666.site.4, 87, 170, 257
908612.3.peg.666.site.5, 92, 177, 269
908612.3.peg.666.site.6, 47, 179, 226
908612.3.peg.666.site.7, 98, 178, 276
908612.3.peg.666.site.8, 73, 177, 250
908612.3.peg.666.site.9, 8, 178, 186
908612.3.peg.666.site.10, 0, 180, 180
908612.3.peg.666.site.11, 5, 179, 184
908612.3.peg.666.site.12, 54, 179, 233
908612.3.peg.666.site.13, 80, 176, 256
908612.3.peg.669.site.1, 7, 179, 186
908612.3.peg.669.site.2, 2, 179, 181
908612.3.peg.669.site.3, 38, 174, 212
908612.3.peg.669.site.4, 1, 177, 178
908612.3.peg.669.site.5, 63, 169, 232
908612.3.peg.669.site.6, 0, 166, 166
908612.3.peg.669.site.7, 1, 179, 180
908612.3.peg.669.site.8, 11, 176, 187
908612.3.peg.669.site.9, 9, 177, 186
908612.3.peg.669.site.10, 2, 175, 177
908612.3.peg.669.site.11, 2, 175, 177
908612.3.peg.669.site.12, 4, 178, 182
908612.3.peg.669.site.13, 7, 178, 185
908612.3.peg.669.site.14, 3, 180, 183
908612.3.peg.669.site.15, 0, 177, 177
908612.3.peg.669.site.16, 2, 178, 180
908612.3.peg.669.site.17, 2, 149, 151
908612.3.peg.669.site.18, 9, 168, 177
908612.3.peg.669.site.19, 2, 168, 170
908612.3.peg.669.site.20, 4, 180, 184
908612.3.peg.669.site.21, 23, 153, 176
908612.3.peg.669.site.22, 10, 159, 169
908612.3.peg.669.site.23, 0, 168, 168
908612.3.peg.669.site.24, 14, 162, 176
908612.3.peg.669.site.25, 1, 180, 181
908612.3.peg.669.site.26, 5, 179, 184
908612.3.peg.669.site.27, 90, 177, 267
908612.3.peg.669.site.28, 2, 180, 182
908612.3.peg.669.site.29, 0, 180, 180
908612.3.peg.669.site.30, 40, 179, 219
908612.3.peg.669.site.31, 0, 178, 178
908612.3.peg.669.site.32, 153, 177, 330
908612.3.peg.669.site.33, 1, 178, 179
908612.3.peg.668.site.1, 1, 179, 180
908612.3.peg.668.site.2, 18, 180, 198
908612.3.peg.668.site.3, 54, 173, 227
908612.3.peg.668.site.4, 97, 176, 273
908612.3.peg.668.site.5, 1, 180, 181
908612.3.peg.668.site.6, 3, 180, 183
908612.3.peg.668.site.7, 2, 179, 181
908612.3.peg.668.site.8, 113, 175, 288
908612.3.peg.668.site.9, 111, 174, 285
908612.3.peg.668.site.10, 2, 178, 180
908612.3.peg.668.site.11, 1, 180, 181
908612.3.peg.668.site.12, 128, 178, 306
908612.3.peg.668.site.13, 25, 176, 201
908612.3.peg.668.site.14, 22, 178, 200
908612.3.peg.668.site.15, 4, 174, 178
908612.3.peg.668.site.16, 63, 172, 235
908612.3.peg.668.site.17, 32, 179, 211
908612.3.peg.668.site.18, 9, 179, 188
908612.3.peg.668.site.19, 96, 168, 264
908612.3.peg.668.site.20, 4, 175, 179
908612.3.peg.668.site.21, 61, 174, 235
908612.3.peg.668.site.22, 2, 178, 180
908612.3.peg.668.site.23, 6, 180, 186
908612.3.peg.668.site.24, 35, 179, 214
908612.3.peg.668.site.25, 0, 176, 176
908612.3.peg.668.site.26, 1, 172, 173
908612.3.peg.668.site.27, 11, 172, 183
908612.3.peg.668.site.28, 0, 173, 173
908612.3.peg.668.site.29, 50, 172, 222
908612.3.peg.668.site.30, 0, 178, 178
908612.3.peg.668.site.31, 0, 179, 179
908612.3.peg.597.site.1, 11, 180, 191
908612.3.peg.597.site.2, 28, 88, 116
908612.3.peg.597.site.3, 15, 91, 106
908612.3.peg.596.site.1, 0, 179, 179
908612.3.peg.596.site.2, 1, 180, 181
908612.3.peg.596.site.3, 21, 179, 200
908612.3.peg.596.site.4, 0, 180, 180
908612.3.peg.596.site.5, 0, 179, 179
908612.3.peg.596.site.6, 13, 178, 191
908612.3.peg.596.site.7, 2, 179, 181
908612.3.peg.596.site.8, 40, 168, 208
908612.3.peg.596.site.9, 12, 173, 185
908612.3.peg.596.site.10, 44, 116, 160
908612.3.peg.596.site.11, 37, 108, 145
908612.3.peg.595.site.1, 0, 171, 171
908612.3.peg.595.site.2, 2, 174, 176
908612.3.peg.595.site.3, 18, 174, 192
908612.3.peg.595.site.4, 18, 175, 193
908612.3.peg.595.site.5, 54, 174, 228
908612.3.peg.595.site.6, 1, 179, 180
908612.3.peg.595.site.7, 59, 175, 234
908612.3.peg.595.site.8, 1, 179, 180
908612.3.peg.595.site.9, 1, 180, 181
908612.3.peg.595.site.10, 0, 179, 179
908612.3.peg.595.site.11, 63, 170, 233
908612.3.peg.595.site.12, 67, 177, 244
908612.3.peg.595.site.13, 3, 177, 180
908612.3.peg.595.site.14, 45, 174, 219
908612.3.peg.595.site.15, 1, 172, 173
908612.3.peg.595.site.16, 3, 179, 182
908612.3.peg.594.site.1, 0, 179, 179
908612.3.peg.594.site.2, 0, 179, 179
908612.3.peg.594.site.3, 0, 179, 179
908612.3.peg.594.site.4, 2, 180, 182
908612.3.peg.593.site.1, 20, 177, 197
908612.3.peg.593.site.2, 3, 174, 177
908612.3.peg.593.site.3, 0, 171, 171
908612.3.peg.593.site.4, 53, 170, 223
908612.3.peg.593.site.5, 0, 173, 173
908612.3.peg.593.site.6, 2, 175, 177
908612.3.peg.593.site.7, 4, 179, 183
908612.3.peg.593.site.8, 1, 175, 176
908612.3.peg.593.site.9, 3, 170, 173
908612.3.peg.593.site.10, 56, 168, 224
908612.3.peg.593.site.11, 0, 171, 171
908612.3.peg.593.site.12, 3, 174, 177
908612.3.peg.593.site.13, 66, 171, 237
908612.3.peg.593.site.14, 6, 177, 183
908612.3.peg.593.site.15, 36, 175, 211
908612.3.peg.593.site.16, 5, 178, 183
908612.3.peg.593.site.17, 5, 179, 184
908612.3.peg.593.site.18, 62, 172, 234
908612.3.peg.593.site.19, 27, 174, 201
908612.3.peg.593.site.20, 41, 176, 217
908612.3.peg.593.site.21, 22, 179, 201
908612.3.peg.593.site.22, 24, 178, 202
908612.3.peg.592.site.1, 1, 176, 177
908612.3.peg.592.site.2, 9, 167, 176
908612.3.peg.592.site.3, 46, 158, 204
908612.3.peg.592.site.4, 16, 160, 176
908612.3.peg.592.site.5, 17, 171, 188
908612.3.peg.592.site.6, 2, 175, 177
908612.3.peg.592.site.7, 18, 165, 183
908612.3.peg.592.site.8, 104, 151, 255
908612.3.peg.592.site.9, 2, 156, 158
908612.3.peg.592.site.10, 4, 144, 148
908612.3.peg.592.site.11, 10, 151, 161
908612.3.peg.592.site.12, 0, 174, 174
908612.3.peg.592.site.13, 0, 179, 179
908612.3.peg.592.site.14, 20, 179, 199
908612.3.peg.592.site.15, 11, 179, 190
908612.3.peg.592.site.16, 1, 178, 179
908612.3.peg.592.site.17, 6, 178, 184
908612.3.peg.592.site.18, 3, 161, 164
908612.3.peg.592.site.19, 106, 164, 270
908612.3.peg.592.site.20, 9, 169, 178
908612.3.peg.592.site.21, 1, 178, 179
908612.3.peg.592.site.22, 18, 178, 196
908612.3.peg.592.site.23, 69, 173, 242
908612.3.peg.592.site.24, 47, 172, 219
908612.3.peg.592.site.25, 129, 174, 303
908612.3.peg.592.site.26, 131, 180, 311
908612.3.peg.592.site.27, 18, 179, 197
908612.3.peg.592.site.28, 25, 179, 204
908612.3.peg.591.site.1, 53, 175, 228
908612.3.peg.591.site.2, 3, 179, 182
908612.3.peg.591.site.3, 10, 179, 189
908612.3.peg.591.site.4, 2, 176, 178
908612.3.peg.591.site.5, 1, 177, 178
908612.3.peg.591.site.6, 14, 178, 192
908612.3.peg.591.site.7, 0, 174, 174
908612.3.peg.591.site.8, 34, 169, 203
908612.3.peg.591.site.9, 3, 178, 181
908612.3.peg.591.site.10, 3, 180, 183
908612.3.peg.591.site.11, 0, 179, 179
908612.3.peg.591.site.12, 4, 179, 183
908612.3.peg.591.site.13, 0, 180, 180
908612.3.peg.591.site.14, 40, 178, 218
908612.3.peg.591.site.15, 60, 178, 238
908612.3.peg.591.site.16, 60, 178, 238
908612.3.peg.591.site.17, 3, 174, 177
908612.3.peg.591.site.18, 0, 172, 172
908612.3.peg.590.site.1, 23, 179, 202
908612.3.peg.590.site.2, 2, 179, 181
908612.3.peg.590.site.3, 0, 180, 180
908612.3.peg.590.site.4, 5, 180, 185
908612.3.peg.590.site.5, 13, 180, 193
908612.3.peg.590.site.6, 75, 172, 247
908612.3.peg.590.site.7, 0, 179, 179
908612.3.peg.590.site.8, 136, 172, 308
908612.3.peg.598.site.1, 0, 180, 180
908612.3.peg.598.site.2, 3, 178, 181
908612.3.peg.598.site.3, 57, 165, 222
908612.3.peg.598.site.4, 0, 179, 179
908612.3.peg.598.site.5, 70, 177, 247
908612.3.peg.598.site.6, 0, 180, 180
908612.3.peg.598.site.7, 50, 177, 227
908612.3.peg.598.site.8, 6, 178, 184
908612.3.peg.598.site.9, 24, 179, 203
908612.3.peg.598.site.10, 10, 180, 190
908612.3.peg.598.site.11, 6, 180, 186
908612.3.peg.598.site.12, 48, 177, 225
908612.3.peg.598.site.13, 41, 177, 218
908612.3.peg.598.site.14, 42, 177, 219
908612.3.peg.598.site.15, 14, 178, 192
908612.3.peg.289.site.1, 7, 177, 184
908612.3.peg.289.site.2, 1, 179, 180
908612.3.peg.289.site.3, 12, 178, 190
908612.3.peg.289.site.4, 10, 175, 185
908612.3.peg.289.site.5, 22, 176, 198
908612.3.peg.289.site.6, 9, 175, 184
908612.3.peg.289.site.7, 93, 170, 263
908612.3.peg.289.site.8, 13, 174, 187
908612.3.peg.289.site.9, 27, 160, 187
908612.3.peg.289.site.10, 1, 171, 172
908612.3.peg.289.site.11, 17, 173, 190
908612.3.peg.289.site.12, 0, 175, 175
908612.3.peg.289.site.13, 0, 179, 179
908612.3.peg.289.site.14, 106, 154, 260
908612.3.peg.289.site.15, 96, 165, 261
908612.3.peg.289.site.16, 1, 180, 181
908612.3.peg.289.site.17, 0, 180, 180
908612.3.peg.289.site.18, 92, 177, 269
908612.3.peg.289.site.19, 91, 176, 267
908612.3.peg.289.site.20, 2, 179, 181
908612.3.peg.289.site.21, 1, 179, 180
908612.3.peg.289.site.22, 111, 175, 286
908612.3.peg.289.site.23, 99, 174, 273
908612.3.peg.289.site.24, 94, 169, 263
908612.3.peg.289.site.25, 4, 157, 161
908612.3.peg.289.site.26, 1, 171, 172
908612.3.peg.289.site.27, 1, 179, 180
908612.3.peg.289.site.28, 107, 174, 281
908612.3.peg.289.site.29, 3, 180, 183
908612.3.peg.289.site.30, 45, 175, 220
908612.3.peg.289.site.31, 5, 179, 184
908612.3.peg.289.site.32, 3, 179, 182
908612.3.peg.289.site.33, 2, 179, 181
908612.3.peg.289.site.34, 1, 175, 176
908612.3.peg.289.site.35, 1, 176, 177
908612.3.peg.289.site.36, 1, 169, 170
908612.3.peg.289.site.37, 35, 163, 198
908612.3.peg.289.site.38, 12, 178, 190
908612.3.peg.289.site.39, 35, 175, 210
908612.3.peg.289.site.40, 0, 171, 171
908612.3.peg.289.site.41, 10, 173, 183
908612.3.peg.289.site.42, 36, 169, 205
908612.3.peg.289.site.43, 38, 173, 211
908612.3.peg.289.site.44, 1, 179, 180
908612.3.peg.288.site.1, 49, 177, 226
908612.3.peg.288.site.2, 53, 176, 229
908612.3.peg.288.site.3, 1, 176, 177
908612.3.peg.288.site.4, 93, 174, 267
908612.3.peg.288.site.5, 4, 180, 184
908612.3.peg.288.site.6, 93, 175, 268
908612.3.peg.288.site.7, 23, 180, 203
908612.3.peg.288.site.8, 150, 177, 327
908612.3.peg.288.site.9, 92, 175, 267
908612.3.peg.288.site.10, 1, 180, 181
908612.3.peg.288.site.11, 12, 180, 192
908612.3.peg.288.site.12, 96, 176, 272
908612.3.peg.288.site.13, 10, 179, 189
908612.3.peg.288.site.14, 0, 179, 179
908612.3.peg.288.site.15, 8, 178, 186
908612.3.peg.288.site.16, 3, 178, 181
908612.3.peg.288.site.17, 7, 170, 177
908612.3.peg.288.site.18, 96, 177, 273
908612.3.peg.288.site.19, 10, 179, 189
908612.3.peg.288.site.20, 109, 174, 283
908612.3.peg.288.site.21, 0, 179, 179
908612.3.peg.288.site.22, 122, 177, 299
908612.3.peg.288.site.23, 2, 180, 182
908612.3.peg.288.site.24, 2, 180, 182
908612.3.peg.3001.site.1, 1, 179, 180
908612.3.peg.3001.site.2, 38, 177, 215
908612.3.peg.3001.site.3, 0, 171, 171
908612.3.peg.3001.site.4, 27, 167, 194
908612.3.peg.3001.site.5, 4, 173, 177
908612.3.peg.3001.site.6, 1, 172, 173
908612.3.peg.3001.site.7, 3, 169, 172
908612.3.peg.3001.site.8, 3, 168, 171
908612.3.peg.3001.site.9, 11, 165, 176
908612.3.peg.3001.site.10, 34, 132, 166
908612.3.peg.3001.site.11, 13, 126, 139
908612.3.peg.3001.site.12, 3, 34, 37
908612.3.peg.3000.site.1, 7, 179, 186
908612.3.peg.3000.site.2, 4, 180, 184
908612.3.peg.3000.site.3, 0, 177, 177
908612.3.peg.3000.site.4, 4, 175, 179
908612.3.peg.3000.site.5, 4, 176, 180
908612.3.peg.3000.site.6, 1, 174, 175
908612.3.peg.3000.site.7, 14, 172, 186
908612.3.peg.3000.site.8, 49, 177, 226
908612.3.peg.3000.site.9, 3, 178, 181
908612.3.peg.3000.site.10, 5, 177, 182
908612.3.peg.3000.site.11, 3, 177, 180
908612.3.peg.3000.site.12, 46, 174, 220
908612.3.peg.3000.site.13, 22, 174, 196
908612.3.peg.3000.site.14, 60, 161, 221
908612.3.peg.3000.site.15, 58, 159, 217
908612.3.peg.3000.site.16, 50, 153, 203
908612.3.peg.3000.site.17, 0, 135, 135
908612.3.peg.3000.site.18, 0, 137, 137
908612.3.peg.3000.site.19, 0, 152, 152
908612.3.peg.3000.site.20, 2, 148, 150
908612.3.peg.3000.site.21, 50, 148, 198
908612.3.peg.3000.site.22, 8, 155, 163
908612.3.peg.3000.site.23, 1, 156, 157
908612.3.peg.3000.site.24, 34, 161, 195
908612.3.peg.3000.site.25, 3, 158, 161
908612.3.peg.3000.site.26, 0, 166, 166
908612.3.peg.3000.site.27, 0, 169, 169
908612.3.peg.3000.site.28, 3, 178, 181
908612.3.peg.3000.site.29, 1, 179, 180
908612.3.peg.3000.site.30, 4, 180, 184
908612.3.peg.3000.site.31, 4, 180, 184
908612.3.peg.3000.site.32, 19, 180, 199
908612.3.peg.3000.site.33, 4, 180, 184
908612.3.peg.3000.site.34, 25, 177, 202
908612.3.peg.3000.site.35, 4, 175, 179
908612.3.peg.3000.site.36, 4, 176, 180
908612.3.peg.3000.site.37, 3, 173, 176
908612.3.peg.3000.site.38, 0, 176, 176
908612.3.peg.3000.site.39, 1, 176, 177
908612.3.peg.3000.site.40, 1, 177, 178
908612.3.peg.3000.site.41, 59, 174, 233
908612.3.peg.3000.site.42, 87, 174, 261
908612.3.peg.3000.site.43, 4, 179, 183
908612.3.peg.3000.site.44, 23, 173, 196
908612.3.peg.3000.site.45, 0, 170, 170
908612.3.peg.3000.site.46, 3, 173, 176
908612.3.peg.3000.site.47, 7, 179, 186
908612.3.peg.3000.site.48, 0, 178, 178
908612.3.peg.3000.site.49, 45, 178, 223
908612.3.peg.3000.site.50, 4, 180, 184
908612.3.peg.3000.site.51, 83, 176, 259
908612.3.peg.3000.site.52, 42, 177, 219
908612.3.peg.3000.site.53, 19, 178, 197
908612.3.peg.3000.site.54, 3, 178, 181
908612.3.peg.3000.site.55, 24, 178, 202
908612.3.peg.3000.site.56, 24, 180, 204
908612.3.peg.3000.site.57, 4, 180, 184
908612.3.peg.449.site.1, 0, 180, 180
908612.3.peg.449.site.2, 1, 180, 181
908612.3.peg.449.site.3, 1, 172, 173
908612.3.peg.449.site.4, 17, 158, 175
908612.3.peg.449.site.5, 34, 174, 208
908612.3.peg.449.site.6, 6, 178, 184
908612.3.peg.449.site.7, 6, 178, 184
908612.3.peg.449.site.8, 3, 179, 182
908612.3.peg.449.site.9, 2, 173, 175
908612.3.peg.449.site.10, 0, 178, 178
908612.3.peg.449.site.11, 22, 176, 198
908612.3.peg.449.site.12, 3, 171, 174
908612.3.peg.449.site.13, 4, 171, 175
908612.3.peg.448.site.1, 2, 180, 182
908612.3.peg.448.site.2, 6, 180, 186
908612.3.peg.448.site.3, 0, 167, 167
908612.3.peg.448.site.4, 0, 161, 161
908612.3.peg.448.site.5, 3, 172, 175
908612.3.peg.448.site.6, 3, 178, 181
908612.3.peg.448.site.7, 0, 173, 173
908612.3.peg.448.site.8, 2, 170, 172
908612.3.peg.448.site.9, 24, 165, 189
908612.3.peg.448.site.10, 17, 167, 184
908612.3.peg.448.site.11, 0, 175, 175
908612.3.peg.448.site.12, 23, 170, 193
908612.3.peg.448.site.13, 5, 176, 181
908612.3.peg.448.site.14, 3, 172, 175
908612.3.peg.448.site.15, 2, 179, 181
908612.3.peg.448.site.16, 6, 179, 185
908612.3.peg.448.site.17, 0, 180, 180
908612.3.peg.448.site.18, 152, 177, 329
908612.3.peg.441.site.1, 11, 178, 189
908612.3.peg.441.site.2, 5, 180, 185
908612.3.peg.441.site.3, 99, 172, 271
908612.3.peg.441.site.4, 4, 176, 180
908612.3.peg.441.site.5, 0, 178, 178
908612.3.peg.441.site.6, 0, 179, 179
908612.3.peg.441.site.7, 0, 180, 180
908612.3.peg.441.site.8, 6, 180, 186
908612.3.peg.440.site.1, 0, 175, 175
908612.3.peg.440.site.2, 6, 177, 183
908612.3.peg.440.site.3, 43, 177, 220
908612.3.peg.440.site.4, 1, 179, 180
908612.3.peg.440.site.5, 30, 175, 205
908612.3.peg.440.site.6, 6, 179, 185
908612.3.peg.440.site.7, 4, 180, 184
908612.3.peg.440.site.8, 10, 176, 186
908612.3.peg.440.site.9, 0, 178, 178
908612.3.peg.440.site.10, 2, 178, 180
908612.3.peg.440.site.11, 49, 178, 227
908612.3.peg.440.site.12, 4, 177, 181
908612.3.peg.440.site.13, 90, 177, 267
908612.3.peg.440.site.14, 135, 175, 310
908612.3.peg.440.site.15, 148, 175, 323
908612.3.peg.440.site.16, 3, 179, 182
908612.3.peg.440.site.17, 86, 175, 261
908612.3.peg.440.site.18, 3, 179, 182
908612.3.peg.440.site.19, 41, 178, 219
908612.3.peg.440.site.20, 7, 179, 186
908612.3.peg.443.site.1, 2, 178, 180
908612.3.peg.443.site.2, 35, 178, 213
908612.3.peg.443.site.3, 0, 179, 179
908612.3.peg.443.site.4, 2, 178, 180
908612.3.peg.443.site.5, 2, 179, 181
908612.3.peg.443.site.6, 3, 177, 180
908612.3.peg.443.site.7, 2, 178, 180
908612.3.peg.443.site.8, 26, 179, 205
908612.3.peg.443.site.9, 31, 176, 207
908612.3.peg.443.site.10, 29, 180, 209
908612.3.peg.443.site.11, 0, 179, 179
908612.3.peg.443.site.12, 4, 180, 184
908612.3.peg.443.site.13, 0, 179, 179
908612.3.peg.443.site.14, 6, 178, 184
908612.3.peg.443.site.15, 1, 180, 181
908612.3.peg.443.site.16, 30, 174, 204
908612.3.peg.443.site.17, 12, 175, 187
908612.3.peg.443.site.18, 11, 178, 189
908612.3.peg.443.site.19, 3, 178, 181
908612.3.peg.443.site.20, 17, 178, 195
908612.3.peg.443.site.21, 8, 177, 185
908612.3.peg.443.site.22, 5, 179, 184
908612.3.peg.443.site.23, 4, 179, 183
908612.3.peg.443.site.24, 1, 178, 179
908612.3.peg.443.site.25, 0, 177, 177
908612.3.peg.443.site.26, 0, 178, 178
908612.3.peg.443.site.27, 3, 179, 182
908612.3.peg.443.site.28, 29, 178, 207
908612.3.peg.443.site.29, 34, 173, 207
908612.3.peg.443.site.30, 5, 179, 184
908612.3.peg.443.site.31, 0, 179, 179
908612.3.peg.443.site.32, 19, 173, 192
908612.3.peg.443.site.33, 21, 174, 195
908612.3.peg.442.site.1, 59, 174, 233
908612.3.peg.442.site.2, 0, 180, 180
908612.3.peg.442.site.3, 81, 167, 248
908612.3.peg.442.site.4, 2, 173, 175
908612.3.peg.442.site.5, 79, 170, 249
908612.3.peg.442.site.6, 25, 169, 194
908612.3.peg.442.site.7, 2, 175, 177
908612.3.peg.442.site.8, 65, 159, 224
908612.3.peg.442.site.9, 22, 121, 143
908612.3.peg.442.site.10, 18, 117, 135
908612.3.peg.442.site.11, 65, 163, 228
908612.3.peg.442.site.12, 73, 172, 245
908612.3.peg.442.site.13, 1, 180, 181
908612.3.peg.442.site.14, 37, 178, 215
908612.3.peg.442.site.15, 0, 180, 180
908612.3.peg.442.site.16, 0, 179, 179
908612.3.peg.442.site.17, 41, 154, 195
908612.3.peg.442.site.18, 28, 143, 171
908612.3.peg.442.site.19, 10, 146, 156
908612.3.peg.442.site.20, 2, 147, 149
908612.3.peg.442.site.21, 44, 155, 199
908612.3.peg.442.site.22, 0, 175, 175
908612.3.peg.442.site.23, 1, 166, 167
908612.3.peg.442.site.24, 30, 167, 197
908612.3.peg.442.site.25, 50, 158, 208
908612.3.peg.442.site.26, 2, 162, 164
908612.3.peg.442.site.27, 31, 155, 186
908612.3.peg.442.site.28, 39, 151, 190
908612.3.peg.442.site.29, 35, 156, 191
908612.3.peg.442.site.30, 16, 167, 183
908612.3.peg.444.site.1, 3, 180, 183
908612.3.peg.444.site.2, 0, 179, 179
908612.3.peg.444.site.3, 3, 177, 180
908612.3.peg.444.site.4, 110, 178, 288
908612.3.peg.444.site.5, 2, 180, 182
908612.3.peg.444.site.6, 2, 179, 181
908612.3.peg.444.site.7, 4, 180, 184
908612.3.peg.444.site.8, 6, 174, 180
908612.3.peg.444.site.9, 7, 175, 182
908612.3.peg.444.site.10, 3, 177, 180
908612.3.peg.444.site.11, 0, 176, 176
908612.3.peg.444.site.12, 28, 173, 201
908612.3.peg.444.site.13, 7, 166, 173
908612.3.peg.444.site.14, 3, 167, 170
908612.3.peg.444.site.15, 2, 176, 178
908612.3.peg.444.site.16, 23, 176, 199
908612.3.peg.444.site.17, 0, 175, 175
908612.3.peg.447.site.1, 1, 165, 166
908612.3.peg.447.site.2, 5, 179, 184
908612.3.peg.447.site.3, 11, 179, 190
908612.3.peg.447.site.4, 35, 166, 201
908612.3.peg.447.site.5, 59, 165, 224
908612.3.peg.447.site.6, 53, 158, 211
908612.3.peg.447.site.7, 134, 170, 304
908612.3.peg.447.site.8, 1, 171, 172
908612.3.peg.447.site.9, 16, 161, 177
908612.3.peg.447.site.10, 67, 156, 223
908612.3.peg.447.site.11, 1, 177, 178
908612.3.peg.447.site.12, 80, 174, 254
908612.3.peg.447.site.13, 6, 178, 184
908612.3.peg.447.site.14, 29, 174, 203
908612.3.peg.447.site.15, 28, 179, 207
908612.3.peg.447.site.16, 60, 180, 240
908612.3.peg.447.site.17, 28, 177, 205
908612.3.peg.447.site.18, 26, 174, 200
908612.3.peg.447.site.19, 1, 171, 172
908612.3.peg.447.site.20, 86, 168, 254
908612.3.peg.447.site.21, 107, 168, 275
908612.3.peg.447.site.22, 2, 177, 179
908612.3.peg.447.site.23, 2, 178, 180
908612.3.peg.447.site.24, 8, 179, 187
908612.3.peg.447.site.25, 134, 165, 299
908612.3.peg.447.site.26, 139, 171, 310
908612.3.peg.447.site.27, 4, 179, 183
908612.3.peg.447.site.28, 71, 180, 251
908612.3.peg.447.site.29, 21, 180, 201
908612.3.peg.447.site.30, 3, 180, 183
908612.3.peg.447.site.31, 0, 179, 179
908612.3.peg.447.site.32, 0, 179, 179
908612.3.peg.447.site.33, 1, 180, 181
908612.3.peg.447.site.34, 0, 180, 180
