site, alts, refs, total
1120974.3.peg.1532.site.1, 3, 102, 105
1120974.3.peg.1532.site.2, 70, 140, 210
1120974.3.peg.1532.site.3, 118, 144, 262
1120974.3.peg.1532.site.4, 0, 135, 135
1120974.3.peg.1532.site.5, 31, 135, 166
1120974.3.peg.1532.site.6, 22, 124, 146
1120974.3.peg.1532.site.7, 17, 40, 57
1120974.3.peg.1532.site.8, 0, 32, 32
1120974.3.peg.1532.site.9, 4, 29, 33
1120974.3.peg.1532.site.10, 7, 32, 39
1120974.3.peg.1532.site.11, 13, 77, 90
1120974.3.peg.1532.site.12, 89, 177, 266
1120974.3.peg.1532.site.13, 4, 213, 217
1120974.3.peg.1532.site.14, 3, 214, 217
1120974.3.peg.1532.site.15, 102, 212, 314
1120974.3.peg.1532.site.16, 102, 211, 313
1120974.3.peg.1532.site.17, 107, 211, 318
1120974.3.peg.1532.site.18, 105, 212, 317
1120974.3.peg.1532.site.19, 6, 215, 221
1120974.3.peg.1532.site.20, 216, 216, 432
1120974.3.peg.1532.site.21, 6, 215, 221
1120974.3.peg.1532.site.22, 0, 213, 213
1120974.3.peg.1532.site.23, 92, 207, 299
1120974.3.peg.1532.site.24, 57, 170, 227
1120974.3.peg.1532.site.25, 59, 170, 229
1120974.3.peg.1532.site.26, 82, 193, 275
1120974.3.peg.1532.site.27, 0, 197, 197
1120974.3.peg.1532.site.28, 6, 214, 220
1120974.3.peg.1821.site.1, 205, 212, 417
1120974.3.peg.1821.site.2, 194, 212, 406
1120974.3.peg.1821.site.3, 190, 213, 403
1120974.3.peg.1821.site.4, 190, 213, 403
1120974.3.peg.1821.site.5, 2, 206, 208
1120974.3.peg.1821.site.6, 122, 143, 265
1120974.3.peg.1821.site.7, 9, 123, 132
1120974.3.peg.1821.site.8, 93, 125, 218
1120974.3.peg.1821.site.9, 36, 58, 94
1120974.3.peg.1821.site.10, 38, 48, 86
1120974.3.peg.1821.site.11, 85, 108, 193
1120974.3.peg.1821.site.12, 186, 208, 394
1120974.3.peg.1821.site.13, 191, 209, 400
1120974.3.peg.1821.site.14, 156, 179, 335
1120974.3.peg.1821.site.15, 4, 150, 154
1120974.3.peg.1821.site.16, 108, 132, 240
1120974.3.peg.1821.site.17, 10, 25, 35
1120974.3.peg.1127.site.1, 130, 210, 340
1120974.3.peg.1127.site.2, 6, 216, 222
1120974.3.peg.1127.site.3, 16, 212, 228
1120974.3.peg.1127.site.4, 0, 212, 212
1120974.3.peg.1127.site.5, 0, 212, 212
1120974.3.peg.1127.site.6, 0, 213, 213
1120974.3.peg.1127.site.7, 124, 211, 335
1120974.3.peg.1127.site.8, 79, 209, 288
1120974.3.peg.1127.site.9, 196, 203, 399
1120974.3.peg.1127.site.10, 189, 196, 385
1120974.3.peg.1127.site.11, 6, 112, 118
1120974.3.peg.1127.site.12, 8, 189, 197
1120974.3.peg.1127.site.13, 91, 177, 268
1120974.3.peg.1127.site.14, 0, 142, 142
1120974.3.peg.1127.site.15, 93, 120, 213
1120974.3.peg.1127.site.16, 40, 114, 154
1120974.3.peg.1127.site.17, 64, 137, 201
1120974.3.peg.1127.site.18, 0, 168, 168
1120974.3.peg.1127.site.19, 1, 191, 192
1120974.3.peg.1127.site.20, 204, 204, 408
1120974.3.peg.1127.site.21, 0, 215, 215
1120974.3.peg.1127.site.22, 148, 208, 356
1120974.3.peg.1127.site.23, 1, 210, 211
1120974.3.peg.1127.site.24, 131, 194, 325
1120974.3.peg.1127.site.25, 184, 196, 380
1120974.3.peg.1127.site.26, 98, 175, 273
1120974.3.peg.1127.site.27, 64, 160, 224
1120974.3.peg.1127.site.28, 106, 194, 300
1120974.3.peg.1127.site.29, 5, 205, 210
1120974.3.peg.1127.site.30, 147, 204, 351
1120974.3.peg.1127.site.31, 148, 205, 353
1120974.3.peg.1127.site.32, 0, 214, 214
1120974.3.peg.1127.site.33, 151, 210, 361
1120974.3.peg.1127.site.34, 138, 203, 341
1120974.3.peg.1127.site.35, 0, 208, 208
1120974.3.peg.1127.site.36, 180, 200, 380
1120974.3.peg.1127.site.37, 2, 122, 124
1120974.3.peg.1127.site.38, 65, 123, 188
1120974.3.peg.1127.site.39, 155, 209, 364
1120974.3.peg.1127.site.40, 196, 209, 405
1120974.3.peg.1127.site.41, 3, 199, 202
1120974.3.peg.1127.site.42, 133, 199, 332
1120974.3.peg.1127.site.43, 99, 153, 252
1120974.3.peg.1127.site.44, 0, 166, 166
1120974.3.peg.1127.site.45, 0, 143, 143
1120974.3.peg.1127.site.46, 0, 146, 146
1120974.3.peg.1127.site.47, 70, 132, 202
1120974.3.peg.1127.site.48, 4, 200, 204
1120974.3.peg.1127.site.49, 0, 204, 204
1120974.3.peg.1127.site.50, 40, 197, 237
1120974.3.peg.1127.site.51, 0, 213, 213
1120974.3.peg.1127.site.52, 0, 213, 213
1120974.3.peg.1127.site.53, 0, 196, 196
1120974.3.peg.1127.site.54, 131, 182, 313
1120974.3.peg.1127.site.55, 110, 161, 271
1120974.3.peg.1127.site.56, 122, 170, 292
1120974.3.peg.1127.site.57, 157, 202, 359
1120974.3.peg.1127.site.58, 212, 216, 428
1120974.3.peg.1127.site.59, 8, 215, 223
1120974.3.peg.1127.site.60, 155, 210, 365
1120974.3.peg.1127.site.61, 140, 191, 331
1120974.3.peg.1127.site.62, 95, 143, 238
1120974.3.peg.1127.site.63, 0, 150, 150
1120974.3.peg.1127.site.64, 0, 143, 143
1120974.3.peg.1127.site.65, 0, 141, 141
1120974.3.peg.1127.site.66, 8, 112, 120
1120974.3.peg.1127.site.67, 50, 77, 127
1120974.3.peg.1127.site.68, 7, 96, 103
1120974.3.peg.1127.site.69, 17, 109, 126
1120974.3.peg.1127.site.70, 33, 81, 114
1120974.3.peg.1127.site.71, 97, 154, 251
1120974.3.peg.1127.site.72, 157, 205, 362
1120974.3.peg.1127.site.73, 3, 177, 180
1120974.3.peg.1127.site.74, 8, 171, 179
1120974.3.peg.1127.site.75, 153, 212, 365
1120974.3.peg.1127.site.76, 153, 211, 364
1120974.3.peg.1127.site.77, 36, 213, 249
1120974.3.peg.1127.site.78, 162, 210, 372
1120974.3.peg.1127.site.79, 6, 215, 221
1120974.3.peg.1127.site.80, 163, 205, 368
1120974.3.peg.1127.site.81, 175, 214, 389
1120974.3.peg.1127.site.82, 1, 215, 216
1120974.3.peg.1126.site.1, 118, 214, 332
1120974.3.peg.1126.site.2, 115, 212, 327
1120974.3.peg.1126.site.3, 0, 215, 215
1120974.3.peg.1126.site.4, 0, 215, 215
1120974.3.peg.1126.site.5, 0, 216, 216
1120974.3.peg.1126.site.6, 113, 211, 324
1120974.3.peg.1126.site.7, 0, 189, 189
1120974.3.peg.1126.site.8, 179, 214, 393
1120974.3.peg.1126.site.9, 118, 214, 332
1120974.3.peg.1126.site.10, 0, 215, 215
1120974.3.peg.1126.site.11, 4, 213, 217
1120974.3.peg.1126.site.12, 108, 208, 316
1120974.3.peg.1126.site.13, 107, 207, 314
1120974.3.peg.1126.site.14, 108, 209, 317
1120974.3.peg.1126.site.15, 118, 209, 327
1120974.3.peg.1126.site.16, 135, 201, 336
1120974.3.peg.1126.site.17, 109, 187, 296
1120974.3.peg.1126.site.18, 198, 201, 399
1120974.3.peg.1126.site.19, 11, 211, 222
1120974.3.peg.1126.site.20, 67, 211, 278
1120974.3.peg.1126.site.21, 11, 214, 225
1120974.3.peg.1126.site.22, 0, 213, 213
1120974.3.peg.1126.site.23, 66, 211, 277
1120974.3.peg.1126.site.24, 66, 207, 273
1120974.3.peg.1126.site.25, 113, 205, 318
1120974.3.peg.1126.site.26, 94, 187, 281
1120974.3.peg.1126.site.27, 111, 204, 315
1120974.3.peg.1536.site.1, 22, 211, 233
1120974.3.peg.1536.site.2, 0, 215, 215
1120974.3.peg.1536.site.3, 107, 212, 319
1120974.3.peg.1536.site.4, 107, 211, 318
1120974.3.peg.1536.site.5, 0, 216, 216
1120974.3.peg.1536.site.6, 0, 214, 214
1120974.3.peg.1536.site.7, 104, 208, 312
1120974.3.peg.1536.site.8, 13, 207, 220
1120974.3.peg.1536.site.9, 120, 211, 331
1120974.3.peg.1536.site.10, 43, 133, 176
1120974.3.peg.1536.site.11, 113, 212, 325
1120974.3.peg.1536.site.12, 9, 215, 224
1120974.3.peg.1536.site.13, 0, 211, 211
1120974.3.peg.1536.site.14, 5, 212, 217
1120974.3.peg.1536.site.15, 0, 210, 210
1120974.3.peg.1536.site.16, 0, 205, 205
1120974.3.peg.1536.site.17, 0, 206, 206
1120974.3.peg.1536.site.18, 72, 208, 280
1120974.3.peg.1536.site.19, 99, 197, 296
1120974.3.peg.1536.site.20, 1, 198, 199
1120974.3.peg.1536.site.21, 20, 147, 167
1120974.3.peg.1536.site.22, 35, 131, 166
1120974.3.peg.1536.site.23, 61, 119, 180
1120974.3.peg.1536.site.24, 9, 92, 101
1120974.3.peg.1536.site.25, 10, 101, 111
1120974.3.peg.1536.site.26, 13, 89, 102
1120974.3.peg.1536.site.27, 0, 163, 163
1120974.3.peg.1536.site.28, 0, 202, 202
1120974.3.peg.1536.site.29, 0, 207, 207
1120974.3.peg.1536.site.30, 5, 210, 215
1120974.3.peg.1536.site.31, 4, 213, 217
1120974.3.peg.1536.site.32, 204, 204, 408
1120974.3.peg.1536.site.33, 1, 195, 196
1120974.3.peg.1536.site.34, 0, 201, 201
1120974.3.peg.1536.site.35, 0, 200, 200
1120974.3.peg.1536.site.36, 4, 204, 208
1120974.3.peg.1536.site.37, 103, 199, 302
1120974.3.peg.1536.site.38, 0, 210, 210
1120974.3.peg.1536.site.39, 19, 214, 233
1120974.3.peg.1536.site.40, 4, 215, 219
1120974.3.peg.1536.site.41, 3, 211, 214
1120974.3.peg.1536.site.42, 0, 199, 199
1120974.3.peg.1536.site.43, 83, 118, 201
1120974.3.peg.1536.site.44, 144, 178, 322
1120974.3.peg.1536.site.45, 141, 176, 317
1120974.3.peg.1536.site.46, 1, 194, 195
1120974.3.peg.1536.site.47, 21, 193, 214
1120974.3.peg.1536.site.48, 60, 106, 166
1120974.3.peg.1536.site.49, 24, 70, 94
1120974.3.peg.1536.site.50, 6, 64, 70
1120974.3.peg.1536.site.51, 6, 52, 58
1120974.3.peg.1536.site.52, 36, 52, 88
1120974.3.peg.1536.site.53, 3, 56, 59
1120974.3.peg.1536.site.54, 63, 108, 171
1120974.3.peg.1536.site.55, 1, 157, 158
1120974.3.peg.1536.site.56, 1, 145, 146
1120974.3.peg.1536.site.57, 153, 166, 319
1120974.3.peg.1536.site.58, 117, 159, 276
1120974.3.peg.1536.site.59, 4, 177, 181
1120974.3.peg.1536.site.60, 0, 183, 183
1120974.3.peg.1536.site.61, 0, 159, 159
1120974.3.peg.1536.site.62, 27, 155, 182
1120974.3.peg.1536.site.63, 146, 158, 304
1120974.3.peg.1536.site.64, 3, 163, 166
1120974.3.peg.1536.site.65, 83, 156, 239
1120974.3.peg.1536.site.66, 16, 153, 169
1120974.3.peg.1536.site.67, 89, 140, 229
1120974.3.peg.1536.site.68, 2, 136, 138
1120974.3.peg.1536.site.69, 19, 126, 145
1120974.3.peg.1536.site.70, 80, 127, 207
1120974.3.peg.1536.site.71, 4, 199, 203
1120974.3.peg.1536.site.72, 156, 202, 358
1120974.3.peg.1536.site.73, 149, 198, 347
1120974.3.peg.1536.site.74, 14, 191, 205
1120974.3.peg.1536.site.75, 141, 189, 330
1120974.3.peg.1536.site.76, 155, 204, 359
1120974.3.peg.619.site.1, 0, 210, 210
1120974.3.peg.618.site.1, 4, 31, 35
1120974.3.peg.618.site.2, 3, 43, 46
1120974.3.peg.618.site.3, 3, 51, 54
1120974.3.peg.618.site.4, 25, 53, 78
1120974.3.peg.618.site.5, 44, 69, 113
1120974.3.peg.618.site.6, 71, 96, 167
1120974.3.peg.618.site.7, 14, 155, 169
1120974.3.peg.618.site.8, 43, 91, 134
1120974.3.peg.618.site.9, 60, 93, 153
1120974.3.peg.618.site.10, 66, 114, 180
1120974.3.peg.618.site.11, 15, 130, 145
1120974.3.peg.618.site.12, 164, 189, 353
1120974.3.peg.618.site.13, 142, 166, 308
1120974.3.peg.618.site.14, 129, 154, 283
1120974.3.peg.618.site.15, 12, 159, 171
1120974.3.peg.618.site.16, 67, 100, 167
1120974.3.peg.618.site.17, 0, 202, 202
1120974.3.peg.618.site.18, 0, 212, 212
1120974.3.peg.618.site.19, 0, 181, 181
1120974.3.peg.618.site.20, 0, 175, 175
1120974.3.peg.618.site.21, 0, 195, 195
1120974.3.peg.618.site.22, 3, 193, 196
1120974.3.peg.618.site.23, 94, 130, 224
1120974.3.peg.618.site.24, 1, 76, 77
1120974.3.peg.618.site.25, 19, 55, 74
1120974.3.peg.618.site.26, 23, 63, 86
1120974.3.peg.618.site.27, 16, 65, 81
1120974.3.peg.618.site.28, 21, 54, 75
1120974.3.peg.618.site.29, 44, 57, 101
1120974.3.peg.618.site.30, 27, 61, 88
1120974.3.peg.618.site.31, 23, 63, 86
1120974.3.peg.618.site.32, 29, 61, 90
1120974.3.peg.618.site.33, 50, 56, 106
1120974.3.peg.618.site.34, 2, 48, 50
1120974.3.peg.618.site.35, 2, 42, 44
1120974.3.peg.618.site.36, 3, 43, 46
1120974.3.peg.618.site.37, 0, 214, 214
1120974.3.peg.618.site.38, 4, 213, 217
1120974.3.peg.618.site.39, 0, 212, 212
1120974.3.peg.618.site.40, 1, 210, 211
1120974.3.peg.618.site.41, 46, 213, 259
1120974.3.peg.618.site.42, 0, 215, 215
1120974.3.peg.618.site.43, 0, 215, 215
1120974.3.peg.618.site.44, 68, 207, 275
1120974.3.peg.617.site.1, 70, 74, 144
1120974.3.peg.617.site.2, 145, 165, 310
1120974.3.peg.617.site.3, 1, 167, 168
1120974.3.peg.617.site.4, 0, 183, 183
1120974.3.peg.617.site.5, 3, 192, 195
1120974.3.peg.617.site.6, 8, 198, 206
1120974.3.peg.617.site.7, 132, 153, 285
1120974.3.peg.617.site.8, 121, 140, 261
1120974.3.peg.617.site.9, 128, 146, 274
1120974.3.peg.617.site.10, 24, 47, 71
1120974.3.peg.617.site.11, 24, 46, 70
1120974.3.peg.617.site.12, 22, 45, 67
1120974.3.peg.617.site.13, 56, 93, 149
1120974.3.peg.617.site.14, 0, 91, 91
1120974.3.peg.617.site.15, 153, 159, 312
1120974.3.peg.616.site.1, 23, 23, 46
1120974.3.peg.616.site.2, 4, 121, 125
1120974.3.peg.616.site.3, 89, 109, 198
1120974.3.peg.616.site.4, 1, 30, 31
1120974.3.peg.616.site.5, 136, 157, 293
1120974.3.peg.616.site.6, 135, 156, 291
1120974.3.peg.616.site.7, 160, 180, 340
1120974.3.peg.616.site.8, 132, 176, 308
1120974.3.peg.616.site.9, 86, 129, 215
1120974.3.peg.616.site.10, 105, 150, 255
1120974.3.peg.616.site.11, 54, 61, 115
1120974.3.peg.616.site.12, 33, 54, 87
1120974.3.peg.616.site.13, 17, 38, 55
1120974.3.peg.616.site.14, 13, 34, 47
1120974.3.peg.616.site.15, 26, 48, 74
1120974.3.peg.616.site.16, 192, 202, 394
1120974.3.peg.616.site.17, 4, 211, 215
1120974.3.peg.616.site.18, 4, 212, 216
1120974.3.peg.616.site.19, 189, 210, 399
1120974.3.peg.616.site.20, 187, 208, 395
1120974.3.peg.729.site.1, 129, 137, 266
1120974.3.peg.729.site.2, 139, 147, 286
1120974.3.peg.729.site.3, 164, 173, 337
1120974.3.peg.729.site.4, 91, 142, 233
1120974.3.peg.729.site.5, 24, 121, 145
1120974.3.peg.729.site.6, 123, 130, 253
1120974.3.peg.729.site.7, 7, 113, 120
1120974.3.peg.729.site.8, 113, 113, 226
1120974.3.peg.729.site.9, 40, 144, 184
1120974.3.peg.729.site.10, 2, 196, 198
1120974.3.peg.729.site.11, 92, 192, 284
1120974.3.peg.729.site.12, 0, 205, 205
1120974.3.peg.729.site.13, 95, 193, 288
1120974.3.peg.729.site.14, 4, 204, 208
1120974.3.peg.729.site.15, 38, 200, 238
1120974.3.peg.729.site.16, 0, 200, 200
1120974.3.peg.729.site.17, 4, 204, 208
1120974.3.peg.729.site.18, 211, 211, 422
1120974.3.peg.729.site.19, 7, 207, 214
1120974.3.peg.729.site.20, 102, 203, 305
1120974.3.peg.729.site.21, 6, 207, 213
1120974.3.peg.729.site.22, 197, 197, 394
1120974.3.peg.729.site.23, 201, 201, 402
1120974.3.peg.729.site.24, 5, 205, 210
1120974.3.peg.729.site.25, 1, 210, 211
1120974.3.peg.729.site.26, 58, 204, 262
1120974.3.peg.729.site.27, 54, 204, 258
1120974.3.peg.729.site.28, 94, 206, 300
1120974.3.peg.729.site.29, 10, 210, 220
1120974.3.peg.729.site.30, 0, 212, 212
1120974.3.peg.729.site.31, 8, 212, 220
1120974.3.peg.729.site.32, 71, 207, 278
1120974.3.peg.729.site.33, 33, 209, 242
1120974.3.peg.729.site.34, 9, 210, 219
1120974.3.peg.729.site.35, 3, 203, 206
1120974.3.peg.729.site.36, 66, 204, 270
1120974.3.peg.729.site.37, 13, 207, 220
1120974.3.peg.729.site.38, 173, 210, 383
1120974.3.peg.729.site.39, 104, 205, 309
1120974.3.peg.729.site.40, 4, 211, 215
1120974.3.peg.729.site.41, 59, 207, 266
1120974.3.peg.729.site.42, 58, 206, 264
1120974.3.peg.729.site.43, 23, 212, 235
1120974.3.peg.729.site.44, 182, 182, 364
1120974.3.peg.729.site.45, 64, 168, 232
1120974.3.peg.729.site.46, 122, 152, 274
1120974.3.peg.729.site.47, 57, 159, 216
1120974.3.peg.729.site.48, 74, 184, 258
1120974.3.peg.729.site.49, 72, 206, 278
1120974.3.peg.729.site.50, 151, 151, 302
1120974.3.peg.729.site.51, 98, 127, 225
1120974.3.peg.729.site.52, 20, 127, 147
1120974.3.peg.729.site.53, 20, 124, 144
1120974.3.peg.729.site.54, 97, 126, 223
1120974.3.peg.729.site.55, 0, 147, 147
1120974.3.peg.729.site.56, 56, 145, 201
1120974.3.peg.729.site.57, 63, 134, 197
1120974.3.peg.729.site.58, 1, 165, 166
1120974.3.peg.728.site.1, 172, 201, 373
1120974.3.peg.728.site.2, 2, 206, 208
1120974.3.peg.728.site.3, 10, 211, 221
1120974.3.peg.728.site.4, 3, 212, 215
1120974.3.peg.728.site.5, 3, 212, 215
1120974.3.peg.728.site.6, 3, 212, 215
1120974.3.peg.728.site.7, 22, 211, 233
1120974.3.peg.728.site.8, 0, 211, 211
1120974.3.peg.728.site.9, 7, 211, 218
1120974.3.peg.728.site.10, 29, 207, 236
1120974.3.peg.728.site.11, 50, 75, 125
1120974.3.peg.728.site.12, 16, 77, 93
1120974.3.peg.728.site.13, 55, 80, 135
1120974.3.peg.728.site.14, 49, 110, 159
1120974.3.peg.728.site.15, 1, 191, 192
1120974.3.peg.728.site.16, 136, 190, 326
1120974.3.peg.728.site.17, 162, 206, 368
1120974.3.peg.728.site.18, 4, 210, 214
1120974.3.peg.728.site.19, 1, 204, 205
1120974.3.peg.728.site.20, 58, 160, 218
1120974.3.peg.728.site.21, 48, 145, 193
1120974.3.peg.728.site.22, 12, 119, 131
1120974.3.peg.728.site.23, 53, 151, 204
1120974.3.peg.728.site.24, 3, 160, 163
1120974.3.peg.728.site.25, 103, 137, 240
1120974.3.peg.725.site.1, 35, 210, 245
1120974.3.peg.725.site.2, 146, 206, 352
1120974.3.peg.725.site.3, 4, 211, 215
1120974.3.peg.725.site.4, 0, 209, 209
1120974.3.peg.725.site.5, 0, 203, 203
1120974.3.peg.725.site.6, 4, 208, 212
1120974.3.peg.725.site.7, 0, 207, 207
1120974.3.peg.725.site.8, 0, 209, 209
1120974.3.peg.725.site.9, 0, 209, 209
1120974.3.peg.725.site.10, 35, 210, 245
1120974.3.peg.725.site.11, 1, 212, 213
1120974.3.peg.725.site.12, 1, 212, 213
1120974.3.peg.725.site.13, 1, 212, 213
1120974.3.peg.725.site.14, 191, 212, 403
1120974.3.peg.725.site.15, 192, 207, 399
1120974.3.peg.725.site.16, 0, 209, 209
1120974.3.peg.725.site.17, 145, 206, 351
1120974.3.peg.725.site.18, 1, 211, 212
1120974.3.peg.725.site.19, 156, 200, 356
1120974.3.peg.725.site.20, 183, 210, 393
1120974.3.peg.725.site.21, 168, 210, 378
1120974.3.peg.725.site.22, 9, 212, 221
1120974.3.peg.724.site.1, 38, 60, 98
1120974.3.peg.724.site.2, 98, 120, 218
1120974.3.peg.724.site.3, 103, 125, 228
1120974.3.peg.724.site.4, 13, 154, 167
1120974.3.peg.724.site.5, 53, 195, 248
1120974.3.peg.724.site.6, 53, 196, 249
1120974.3.peg.724.site.7, 120, 200, 320
1120974.3.peg.724.site.8, 156, 156, 312
1120974.3.peg.724.site.9, 3, 155, 158
1120974.3.peg.724.site.10, 0, 152, 152
1120974.3.peg.724.site.11, 0, 152, 152
1120974.3.peg.724.site.12, 1, 152, 153
1120974.3.peg.724.site.13, 14, 151, 165
1120974.3.peg.724.site.14, 51, 79, 130
1120974.3.peg.724.site.15, 37, 65, 102
1120974.3.peg.724.site.16, 40, 68, 108
1120974.3.peg.724.site.17, 30, 58, 88
1120974.3.peg.724.site.18, 4, 77, 81
1120974.3.peg.724.site.19, 4, 134, 138
1120974.3.peg.724.site.20, 0, 209, 209
1120974.3.peg.724.site.21, 208, 210, 418
1120974.3.peg.724.site.22, 0, 209, 209
1120974.3.peg.724.site.23, 95, 206, 301
1120974.3.peg.724.site.24, 1, 212, 213
1120974.3.peg.724.site.25, 185, 207, 392
1120974.3.peg.724.site.26, 29, 203, 232
1120974.3.peg.724.site.27, 185, 208, 393
1120974.3.peg.724.site.28, 1, 208, 209
1120974.3.peg.724.site.29, 180, 205, 385
1120974.3.peg.724.site.30, 34, 210, 244
1120974.3.peg.724.site.31, 189, 212, 401
1120974.3.peg.724.site.32, 21, 209, 230
1120974.3.peg.724.site.33, 35, 211, 246
1120974.3.peg.724.site.34, 0, 211, 211
1120974.3.peg.724.site.35, 3, 212, 215
1120974.3.peg.724.site.36, 0, 212, 212
1120974.3.peg.727.site.1, 1, 213, 214
1120974.3.peg.727.site.2, 188, 204, 392
1120974.3.peg.727.site.3, 143, 191, 334
1120974.3.peg.727.site.4, 81, 122, 203
1120974.3.peg.727.site.5, 91, 127, 218
1120974.3.peg.727.site.6, 83, 124, 207
1120974.3.peg.727.site.7, 112, 153, 265
1120974.3.peg.727.site.8, 165, 208, 373
1120974.3.peg.727.site.9, 5, 211, 216
1120974.3.peg.727.site.10, 7, 209, 216
1120974.3.peg.727.site.11, 9, 210, 219
1120974.3.peg.727.site.12, 21, 211, 232
1120974.3.peg.727.site.13, 2, 212, 214
1120974.3.peg.727.site.14, 14, 210, 224
1120974.3.peg.727.site.15, 210, 212, 422
1120974.3.peg.727.site.16, 0, 212, 212
1120974.3.peg.727.site.17, 1, 211, 212
1120974.3.peg.727.site.18, 4, 211, 215
1120974.3.peg.727.site.19, 8, 208, 216
1120974.3.peg.727.site.20, 8, 206, 214
1120974.3.peg.727.site.21, 5, 205, 210
1120974.3.peg.727.site.22, 0, 209, 209
1120974.3.peg.727.site.23, 9, 209, 218
1120974.3.peg.727.site.24, 4, 211, 215
1120974.3.peg.727.site.25, 6, 210, 216
1120974.3.peg.727.site.26, 3, 210, 213
1120974.3.peg.727.site.27, 154, 204, 358
1120974.3.peg.727.site.28, 2, 203, 205
1120974.3.peg.727.site.29, 0, 202, 202
1120974.3.peg.727.site.30, 0, 183, 183
1120974.3.peg.727.site.31, 0, 184, 184
1120974.3.peg.727.site.32, 131, 157, 288
1120974.3.peg.727.site.33, 91, 145, 236
1120974.3.peg.727.site.34, 27, 155, 182
1120974.3.peg.727.site.35, 14, 191, 205
1120974.3.peg.727.site.36, 14, 187, 201
1120974.3.peg.727.site.37, 152, 203, 355
1120974.3.peg.727.site.38, 107, 167, 274
1120974.3.peg.727.site.39, 151, 182, 333
1120974.3.peg.726.site.1, 74, 154, 228
1120974.3.peg.726.site.2, 8, 53, 61
1120974.3.peg.726.site.3, 1, 42, 43
1120974.3.peg.726.site.4, 2, 37, 39
1120974.3.peg.726.site.5, 4, 38, 42
1120974.3.peg.726.site.6, 49, 52, 101
1120974.3.peg.726.site.7, 61, 139, 200
1120974.3.peg.726.site.8, 2, 170, 172
1120974.3.peg.726.site.9, 188, 212, 400
1120974.3.peg.726.site.10, 19, 211, 230
1120974.3.peg.726.site.11, 4, 211, 215
1120974.3.peg.726.site.12, 183, 210, 393
1120974.3.peg.726.site.13, 17, 210, 227
1120974.3.peg.726.site.14, 181, 208, 389
1120974.3.peg.726.site.15, 184, 209, 393
1120974.3.peg.726.site.16, 159, 205, 364
1120974.3.peg.726.site.17, 145, 192, 337
1120974.3.peg.726.site.18, 119, 166, 285
1120974.3.peg.726.site.19, 152, 179, 331
1120974.3.peg.726.site.20, 22, 207, 229
1120974.3.peg.726.site.21, 210, 213, 423
1120974.3.peg.726.site.22, 6, 213, 219
1120974.3.peg.726.site.23, 11, 214, 225
1120974.3.peg.726.site.24, 29, 210, 239
1120974.3.peg.726.site.25, 11, 166, 177
1120974.3.peg.726.site.26, 38, 83, 121
1120974.3.peg.726.site.27, 53, 99, 152
1120974.3.peg.726.site.28, 96, 140, 236
1120974.3.peg.726.site.29, 109, 152, 261
1120974.3.peg.726.site.30, 6, 212, 218
1120974.3.peg.726.site.31, 17, 213, 230
1120974.3.peg.726.site.32, 172, 212, 384
1120974.3.peg.726.site.33, 2, 213, 215
1120974.3.peg.726.site.34, 171, 209, 380
1120974.3.peg.726.site.35, 0, 213, 213
1120974.3.peg.721.site.1, 1, 213, 214
1120974.3.peg.721.site.2, 201, 212, 413
1120974.3.peg.721.site.3, 172, 204, 376
1120974.3.peg.721.site.4, 162, 194, 356
1120974.3.peg.721.site.5, 2, 198, 200
1120974.3.peg.721.site.6, 2, 195, 197
1120974.3.peg.721.site.7, 11, 188, 199
1120974.3.peg.721.site.8, 1, 132, 133
1120974.3.peg.721.site.9, 4, 52, 56
1120974.3.peg.721.site.10, 4, 51, 55
1120974.3.peg.721.site.11, 18, 57, 75
1120974.3.peg.721.site.12, 149, 197, 346
1120974.3.peg.721.site.13, 0, 209, 209
1120974.3.peg.721.site.14, 17, 203, 220
1120974.3.peg.721.site.15, 151, 196, 347
1120974.3.peg.721.site.16, 160, 192, 352
1120974.3.peg.721.site.17, 168, 193, 361
1120974.3.peg.721.site.18, 1, 160, 161
1120974.3.peg.721.site.19, 91, 137, 228
1120974.3.peg.721.site.20, 36, 68, 104
1120974.3.peg.721.site.21, 25, 58, 83
1120974.3.peg.721.site.22, 7, 41, 48
1120974.3.peg.721.site.23, 43, 43, 86
1120974.3.peg.721.site.24, 8, 42, 50
1120974.3.peg.721.site.25, 13, 54, 67
1120974.3.peg.721.site.26, 13, 55, 68
1120974.3.peg.721.site.27, 14, 42, 56
1120974.3.peg.721.site.28, 30, 51, 81
1120974.3.peg.721.site.29, 22, 55, 77
1120974.3.peg.721.site.30, 106, 146, 252
1120974.3.peg.721.site.31, 13, 184, 197
1120974.3.peg.721.site.32, 1, 193, 194
1120974.3.peg.721.site.33, 0, 211, 211
1120974.3.peg.720.site.1, 2, 206, 208
1120974.3.peg.720.site.2, 6, 210, 216
1120974.3.peg.720.site.3, 161, 208, 369
1120974.3.peg.720.site.4, 168, 195, 363
1120974.3.peg.720.site.5, 158, 203, 361
1120974.3.peg.720.site.6, 1, 207, 208
1120974.3.peg.720.site.7, 164, 210, 374
1120974.3.peg.720.site.8, 165, 210, 375
1120974.3.peg.720.site.9, 167, 211, 378
1120974.3.peg.720.site.10, 166, 210, 376
1120974.3.peg.720.site.11, 167, 211, 378
1120974.3.peg.720.site.12, 0, 212, 212
1120974.3.peg.720.site.13, 166, 207, 373
1120974.3.peg.720.site.14, 1, 208, 209
1120974.3.peg.720.site.15, 167, 210, 377
1120974.3.peg.720.site.16, 6, 213, 219
1120974.3.peg.720.site.17, 1, 211, 212
1120974.3.peg.720.site.18, 165, 208, 373
1120974.3.peg.720.site.19, 181, 205, 386
1120974.3.peg.720.site.20, 1, 213, 214
1120974.3.peg.720.site.21, 3, 213, 216
1120974.3.peg.720.site.22, 165, 211, 376
1120974.3.peg.720.site.23, 2, 211, 213
1120974.3.peg.720.site.24, 4, 209, 213
1120974.3.peg.720.site.25, 181, 211, 392
1120974.3.peg.720.site.26, 182, 212, 394
1120974.3.peg.720.site.27, 1, 213, 214
1120974.3.peg.723.site.1, 4, 65, 69
1120974.3.peg.723.site.2, 14, 56, 70
1120974.3.peg.723.site.3, 20, 61, 81
1120974.3.peg.723.site.4, 72, 82, 154
1120974.3.peg.723.site.5, 12, 93, 105
1120974.3.peg.723.site.6, 4, 122, 126
1120974.3.peg.723.site.7, 4, 191, 195
1120974.3.peg.723.site.8, 0, 176, 176
1120974.3.peg.723.site.9, 64, 96, 160
1120974.3.peg.723.site.10, 21, 160, 181
1120974.3.peg.723.site.11, 0, 163, 163
1120974.3.peg.723.site.12, 23, 161, 184
1120974.3.peg.723.site.13, 140, 168, 308
1120974.3.peg.723.site.14, 151, 175, 326
1120974.3.peg.723.site.15, 155, 196, 351
1120974.3.peg.723.site.16, 5, 210, 215
1120974.3.peg.723.site.17, 0, 212, 212
1120974.3.peg.723.site.18, 5, 213, 218
1120974.3.peg.723.site.19, 17, 209, 226
1120974.3.peg.723.site.20, 0, 213, 213
1120974.3.peg.723.site.21, 181, 209, 390
1120974.3.peg.723.site.22, 212, 212, 424
1120974.3.peg.723.site.23, 173, 208, 381
1120974.3.peg.723.site.24, 168, 209, 377
1120974.3.peg.723.site.25, 7, 212, 219
1120974.3.peg.723.site.26, 7, 211, 218
1120974.3.peg.723.site.27, 0, 211, 211
1120974.3.peg.723.site.28, 2, 213, 215
1120974.3.peg.723.site.29, 1, 212, 213
1120974.3.peg.723.site.30, 1, 212, 213
1120974.3.peg.723.site.31, 158, 210, 368
1120974.3.peg.723.site.32, 181, 207, 388
1120974.3.peg.723.site.33, 1, 211, 212
1120974.3.peg.723.site.34, 5, 209, 214
1120974.3.peg.723.site.35, 0, 212, 212
1120974.3.peg.723.site.36, 0, 212, 212
1120974.3.peg.723.site.37, 1, 212, 213
1120974.3.peg.723.site.38, 188, 210, 398
1120974.3.peg.723.site.39, 172, 194, 366
1120974.3.peg.722.site.1, 11, 210, 221
1120974.3.peg.722.site.2, 22, 211, 233
1120974.3.peg.722.site.3, 172, 209, 381
1120974.3.peg.722.site.4, 1, 208, 209
1120974.3.peg.722.site.5, 1, 207, 208
1120974.3.peg.722.site.6, 195, 210, 405
1120974.3.peg.722.site.7, 27, 200, 227
1120974.3.peg.722.site.8, 165, 196, 361
1120974.3.peg.722.site.9, 134, 166, 300
1120974.3.peg.722.site.10, 74, 106, 180
1120974.3.peg.722.site.11, 87, 99, 186
1120974.3.peg.722.site.12, 109, 146, 255
1120974.3.peg.722.site.13, 31, 159, 190
1120974.3.peg.722.site.14, 101, 140, 241
1120974.3.peg.722.site.15, 100, 139, 239
1120974.3.peg.722.site.16, 7, 164, 171
1120974.3.peg.722.site.17, 20, 144, 164
1120974.3.peg.722.site.18, 10, 81, 91
1120974.3.peg.722.site.19, 5, 97, 102
1120974.3.peg.722.site.20, 9, 46, 55
1120974.3.peg.722.site.21, 149, 158, 307
1120974.3.peg.722.site.22, 168, 203, 371
1120974.3.peg.722.site.23, 178, 207, 385
1120974.3.peg.722.site.24, 17, 212, 229
1120974.3.peg.722.site.25, 1, 213, 214
1120974.3.peg.722.site.26, 170, 210, 380
1120974.3.peg.722.site.27, 205, 212, 417
1120974.3.peg.722.site.28, 10, 211, 221
1120974.3.peg.722.site.29, 9, 209, 218
1120974.3.peg.722.site.30, 172, 211, 383
1120974.3.peg.1399.site.1, 0, 210, 210
1120974.3.peg.1399.site.2, 0, 213, 213
1120974.3.peg.1399.site.3, 0, 214, 214
1120974.3.peg.1399.site.4, 0, 213, 213
1120974.3.peg.1399.site.5, 0, 213, 213
1120974.3.peg.1399.site.6, 0, 215, 215
1120974.3.peg.1399.site.7, 155, 212, 367
1120974.3.peg.1399.site.8, 0, 215, 215
1120974.3.peg.1399.site.9, 1, 211, 212
1120974.3.peg.1399.site.10, 5, 208, 213
1120974.3.peg.1399.site.11, 2, 206, 208
1120974.3.peg.1399.site.12, 41, 205, 246
1120974.3.peg.1399.site.13, 2, 216, 218
1120974.3.peg.1644.site.1, 4, 168, 172
1120974.3.peg.1644.site.2, 131, 168, 299
1120974.3.peg.1644.site.3, 113, 150, 263
1120974.3.peg.1644.site.4, 97, 133, 230
1120974.3.peg.1644.site.5, 64, 107, 171
1120974.3.peg.1644.site.6, 0, 170, 170
1120974.3.peg.1644.site.7, 133, 169, 302
1120974.3.peg.1644.site.8, 156, 172, 328
1120974.3.peg.1644.site.9, 3, 173, 176
1120974.3.peg.1644.site.10, 155, 191, 346
1120974.3.peg.1644.site.11, 40, 209, 249
1120974.3.peg.1644.site.12, 2, 215, 217
1120974.3.peg.1644.site.13, 178, 213, 391
1120974.3.peg.1644.site.14, 129, 210, 339
1120974.3.peg.1644.site.15, 171, 208, 379
1120974.3.peg.1644.site.16, 42, 208, 250
1120974.3.peg.1644.site.17, 127, 208, 335
1120974.3.peg.1644.site.18, 4, 211, 215
1120974.3.peg.1644.site.19, 4, 216, 220
1120974.3.peg.1644.site.20, 177, 212, 389
1120974.3.peg.1397.site.1, 1, 214, 215
1120974.3.peg.1397.site.2, 9, 214, 223
1120974.3.peg.1397.site.3, 0, 212, 212
1120974.3.peg.1397.site.4, 172, 210, 382
1120974.3.peg.1394.site.1, 0, 166, 166
1120974.3.peg.1394.site.2, 1, 153, 154
1120974.3.peg.1394.site.3, 37, 146, 183
1120974.3.peg.1394.site.4, 94, 143, 237
1120974.3.peg.1394.site.5, 0, 144, 144
1120974.3.peg.1394.site.6, 0, 208, 208
1120974.3.peg.1394.site.7, 5, 209, 214
1120974.3.peg.1394.site.8, 0, 206, 206
1120974.3.peg.1394.site.9, 0, 206, 206
1120974.3.peg.1394.site.10, 0, 200, 200
1120974.3.peg.1394.site.11, 0, 119, 119
1120974.3.peg.1394.site.12, 95, 127, 222
1120974.3.peg.1394.site.13, 0, 144, 144
1120974.3.peg.1394.site.14, 0, 146, 146
1120974.3.peg.1394.site.15, 23, 128, 151
1120974.3.peg.1394.site.16, 56, 128, 184
1120974.3.peg.1394.site.17, 1, 182, 183
1120974.3.peg.1394.site.18, 5, 176, 181
1120974.3.peg.1394.site.19, 6, 173, 179
1120974.3.peg.1394.site.20, 16, 172, 188
1120974.3.peg.1394.site.21, 4, 181, 185
1120974.3.peg.1394.site.22, 127, 182, 309
1120974.3.peg.1394.site.23, 86, 166, 252
1120974.3.peg.1395.site.1, 0, 212, 212
1120974.3.peg.1395.site.2, 155, 213, 368
1120974.3.peg.1395.site.3, 157, 213, 370
1120974.3.peg.1395.site.4, 157, 212, 369
1120974.3.peg.1640.site.1, 3, 200, 203
1120974.3.peg.1640.site.2, 4, 213, 217
1120974.3.peg.1640.site.3, 6, 209, 215
1120974.3.peg.1640.site.4, 208, 213, 421
1120974.3.peg.1640.site.5, 161, 211, 372
1120974.3.peg.1640.site.6, 190, 213, 403
1120974.3.peg.1640.site.7, 173, 209, 382
1120974.3.peg.1640.site.8, 5, 209, 214
1120974.3.peg.1640.site.9, 0, 213, 213
1120974.3.peg.1640.site.10, 0, 215, 215
1120974.3.peg.1640.site.11, 174, 210, 384
1120974.3.peg.1640.site.12, 175, 212, 387
1120974.3.peg.1640.site.13, 176, 212, 388
1120974.3.peg.1640.site.14, 109, 205, 314
1120974.3.peg.1640.site.15, 164, 197, 361
1120974.3.peg.1640.site.16, 61, 208, 269
1120974.3.peg.1640.site.17, 0, 206, 206
1120974.3.peg.1640.site.18, 18, 214, 232
1120974.3.peg.1640.site.19, 171, 208, 379
1120974.3.peg.1640.site.20, 0, 194, 194
1120974.3.peg.1640.site.21, 54, 92, 146
1120974.3.peg.1640.site.22, 2, 205, 207
1120974.3.peg.1640.site.23, 175, 210, 385
1120974.3.peg.1640.site.24, 64, 215, 279
1120974.3.peg.1640.site.25, 0, 216, 216
1120974.3.peg.1640.site.26, 65, 216, 281
1120974.3.peg.1640.site.27, 1, 216, 217
1120974.3.peg.1640.site.28, 178, 215, 393
1120974.3.peg.1640.site.29, 112, 214, 326
1120974.3.peg.1640.site.30, 176, 212, 388
1120974.3.peg.1640.site.31, 110, 212, 322
1120974.3.peg.1640.site.32, 209, 209, 418
1120974.3.peg.1640.site.33, 52, 210, 262
1120974.3.peg.1640.site.34, 1, 204, 205
1120974.3.peg.1640.site.35, 33, 69, 102
1120974.3.peg.1640.site.36, 34, 70, 104
1120974.3.peg.1393.site.1, 0, 215, 215
1120974.3.peg.1393.site.2, 0, 216, 216
1120974.3.peg.1393.site.3, 36, 212, 248
1120974.3.peg.1393.site.4, 38, 213, 251
1120974.3.peg.1393.site.5, 4, 215, 219
1120974.3.peg.1393.site.6, 0, 215, 215
1120974.3.peg.1393.site.7, 0, 216, 216
1120974.3.peg.1393.site.8, 0, 214, 214
1120974.3.peg.1393.site.9, 2, 216, 218
1120974.3.peg.1390.site.1, 0, 147, 147
1120974.3.peg.1390.site.2, 2, 211, 213
1120974.3.peg.430.site.1, 0, 214, 214
1120974.3.peg.430.site.2, 0, 215, 215
1120974.3.peg.430.site.3, 0, 214, 214
1120974.3.peg.430.site.4, 0, 209, 209
1120974.3.peg.430.site.5, 0, 215, 215
1120974.3.peg.430.site.6, 0, 216, 216
1120974.3.peg.430.site.7, 0, 216, 216
1120974.3.peg.430.site.8, 0, 216, 216
1120974.3.peg.430.site.9, 0, 216, 216
1120974.3.peg.430.site.10, 14, 214, 228
1120974.3.peg.430.site.11, 15, 215, 230
1120974.3.peg.430.site.12, 0, 215, 215
1120974.3.peg.430.site.13, 176, 214, 390
1120974.3.peg.430.site.14, 176, 214, 390
1120974.3.peg.430.site.15, 3, 216, 219
1120974.3.peg.430.site.16, 0, 215, 215
1120974.3.peg.430.site.17, 207, 214, 421
1120974.3.peg.430.site.18, 0, 212, 212
1120974.3.peg.430.site.19, 0, 211, 211
1120974.3.peg.430.site.20, 40, 183, 223
1120974.3.peg.430.site.21, 111, 181, 292
1120974.3.peg.430.site.22, 108, 181, 289
1120974.3.peg.430.site.23, 0, 198, 198
1120974.3.peg.430.site.24, 125, 199, 324
1120974.3.peg.430.site.25, 3, 211, 214
1120974.3.peg.430.site.26, 4, 207, 211
1120974.3.peg.430.site.27, 177, 193, 370
1120974.3.peg.433.site.1, 0, 215, 215
1120974.3.peg.433.site.2, 0, 213, 213
1120974.3.peg.433.site.3, 0, 216, 216
1120974.3.peg.433.site.4, 8, 216, 224
1120974.3.peg.433.site.5, 4, 215, 219
1120974.3.peg.433.site.6, 20, 213, 233
1120974.3.peg.433.site.7, 20, 215, 235
1120974.3.peg.433.site.8, 121, 208, 329
1120974.3.peg.433.site.9, 16, 209, 225
1120974.3.peg.433.site.10, 20, 212, 232
1120974.3.peg.433.site.11, 0, 213, 213
1120974.3.peg.433.site.12, 21, 212, 233
1120974.3.peg.433.site.13, 3, 211, 214
1120974.3.peg.433.site.14, 0, 207, 207
1120974.3.peg.433.site.15, 5, 213, 218
1120974.3.peg.433.site.16, 0, 209, 209
1120974.3.peg.433.site.17, 5, 214, 219
1120974.3.peg.432.site.1, 1, 195, 196
1120974.3.peg.432.site.2, 2, 197, 199
1120974.3.peg.432.site.3, 3, 198, 201
1120974.3.peg.432.site.4, 0, 215, 215
1120974.3.peg.432.site.5, 23, 215, 238
1120974.3.peg.432.site.6, 4, 216, 220
1120974.3.peg.432.site.7, 0, 213, 213
1120974.3.peg.432.site.8, 0, 214, 214
1120974.3.peg.432.site.9, 9, 196, 205
1120974.3.peg.432.site.10, 0, 208, 208
1120974.3.peg.432.site.11, 5, 214, 219
1120974.3.peg.432.site.12, 20, 213, 233
1120974.3.peg.432.site.13, 0, 215, 215
1120974.3.peg.432.site.14, 0, 208, 208
1120974.3.peg.432.site.15, 42, 195, 237
1120974.3.peg.432.site.16, 19, 198, 217
1120974.3.peg.432.site.17, 7, 198, 205
1120974.3.peg.432.site.18, 4, 184, 188
1120974.3.peg.432.site.19, 155, 158, 313
1120974.3.peg.432.site.20, 0, 152, 152
1120974.3.peg.432.site.21, 0, 101, 101
1120974.3.peg.432.site.22, 25, 56, 81
1120974.3.peg.432.site.23, 23, 58, 81
1120974.3.peg.432.site.24, 46, 205, 251
1120974.3.peg.432.site.25, 4, 214, 218
1120974.3.peg.432.site.26, 18, 210, 228
1120974.3.peg.432.site.27, 39, 207, 246
1120974.3.peg.432.site.28, 24, 214, 238
1120974.3.peg.432.site.29, 163, 210, 373
1120974.3.peg.432.site.30, 2, 215, 217
1120974.3.peg.432.site.31, 2, 213, 215
1120974.3.peg.432.site.32, 2, 212, 214
1120974.3.peg.432.site.33, 22, 194, 216
1120974.3.peg.432.site.34, 18, 190, 208
1120974.3.peg.432.site.35, 17, 187, 204
1120974.3.peg.432.site.36, 22, 215, 237
1120974.3.peg.432.site.37, 22, 212, 234
1120974.3.peg.432.site.38, 4, 213, 217
1120974.3.peg.432.site.39, 6, 214, 220
1120974.3.peg.432.site.40, 2, 212, 214
1120974.3.peg.432.site.41, 162, 212, 374
1120974.3.peg.432.site.42, 10, 213, 223
1120974.3.peg.435.site.1, 1, 216, 217
1120974.3.peg.435.site.2, 0, 214, 214
1120974.3.peg.435.site.3, 0, 216, 216
1120974.3.peg.435.site.4, 135, 210, 345
1120974.3.peg.435.site.5, 20, 210, 230
1120974.3.peg.435.site.6, 8, 212, 220
1120974.3.peg.435.site.7, 124, 211, 335
1120974.3.peg.435.site.8, 119, 209, 328
1120974.3.peg.435.site.9, 57, 212, 269
1120974.3.peg.435.site.10, 107, 208, 315
1120974.3.peg.435.site.11, 206, 213, 419
1120974.3.peg.435.site.12, 205, 212, 417
1120974.3.peg.435.site.13, 167, 210, 377
1120974.3.peg.435.site.14, 0, 216, 216
1120974.3.peg.435.site.15, 0, 216, 216
1120974.3.peg.435.site.16, 4, 215, 219
1120974.3.peg.435.site.17, 4, 215, 219
1120974.3.peg.435.site.18, 114, 207, 321
1120974.3.peg.435.site.19, 3, 210, 213
1120974.3.peg.435.site.20, 2, 213, 215
1120974.3.peg.435.site.21, 0, 216, 216
1120974.3.peg.434.site.1, 187, 213, 400
1120974.3.peg.434.site.2, 0, 212, 212
1120974.3.peg.434.site.3, 14, 214, 228
1120974.3.peg.434.site.4, 93, 187, 280
1120974.3.peg.434.site.5, 14, 150, 164
1120974.3.peg.434.site.6, 111, 201, 312
1120974.3.peg.434.site.7, 0, 213, 213
1120974.3.peg.434.site.8, 0, 214, 214
1120974.3.peg.434.site.9, 34, 212, 246
1120974.3.peg.434.site.10, 21, 215, 236
1120974.3.peg.434.site.11, 2, 213, 215
1120974.3.peg.434.site.12, 2, 212, 214
1120974.3.peg.434.site.13, 0, 213, 213
1120974.3.peg.434.site.14, 0, 210, 210
1120974.3.peg.434.site.15, 212, 212, 424
1120974.3.peg.434.site.16, 76, 203, 279
1120974.3.peg.434.site.17, 73, 190, 263
1120974.3.peg.434.site.18, 2, 195, 197
1120974.3.peg.434.site.19, 4, 205, 209
1120974.3.peg.434.site.20, 0, 213, 213
1120974.3.peg.434.site.21, 20, 208, 228
1120974.3.peg.434.site.22, 1, 215, 216
1120974.3.peg.434.site.23, 4, 214, 218
1120974.3.peg.434.site.24, 3, 214, 217
1120974.3.peg.434.site.25, 0, 213, 213
1120974.3.peg.437.site.1, 4, 22, 26
1120974.3.peg.437.site.2, 27, 27, 54
1120974.3.peg.437.site.3, 2, 61, 63
1120974.3.peg.437.site.4, 10, 37, 47
1120974.3.peg.437.site.5, 1, 27, 28
1120974.3.peg.437.site.6, 0, 38, 38
1120974.3.peg.437.site.7, 17, 44, 61
1120974.3.peg.437.site.8, 4, 56, 60
1120974.3.peg.437.site.9, 3, 181, 184
1120974.3.peg.437.site.10, 2, 216, 218
1120974.3.peg.437.site.11, 187, 212, 399
1120974.3.peg.437.site.12, 1, 216, 217
1120974.3.peg.437.site.13, 190, 213, 403
1120974.3.peg.438.site.1, 0, 216, 216
1120974.3.peg.438.site.2, 6, 216, 222
1120974.3.peg.438.site.3, 4, 215, 219
1120974.3.peg.438.site.4, 0, 216, 216
1120974.3.peg.438.site.5, 1, 214, 215
1120974.3.peg.438.site.6, 4, 215, 219
1120974.3.peg.438.site.7, 0, 215, 215
1120974.3.peg.438.site.8, 4, 216, 220
1120974.3.peg.1248.site.1, 8, 216, 224
1120974.3.peg.1248.site.2, 0, 215, 215
1120974.3.peg.1248.site.3, 0, 214, 214
1120974.3.peg.1248.site.4, 2, 216, 218
1120974.3.peg.1248.site.5, 0, 214, 214
1120974.3.peg.1248.site.6, 1, 210, 211
1120974.3.peg.1248.site.7, 149, 213, 362
1120974.3.peg.1248.site.8, 8, 215, 223
1120974.3.peg.1248.site.9, 159, 208, 367
1120974.3.peg.1248.site.10, 6, 199, 205
1120974.3.peg.1248.site.11, 11, 175, 186
1120974.3.peg.1248.site.12, 7, 209, 216
1120974.3.peg.1248.site.13, 7, 210, 217
1120974.3.peg.1248.site.14, 6, 173, 179
1120974.3.peg.1248.site.15, 6, 192, 198
1120974.3.peg.1248.site.16, 5, 171, 176
1120974.3.peg.1248.site.17, 17, 175, 192
1120974.3.peg.1248.site.18, 133, 173, 306
1120974.3.peg.1248.site.19, 115, 178, 293
1120974.3.peg.1248.site.20, 0, 207, 207
1120974.3.peg.1249.site.1, 2, 185, 187
1120974.3.peg.1249.site.2, 132, 165, 297
1120974.3.peg.1249.site.3, 1, 130, 131
1120974.3.peg.1249.site.4, 123, 143, 266
1120974.3.peg.1249.site.5, 187, 194, 381
1120974.3.peg.1249.site.6, 10, 207, 217
1120974.3.peg.1249.site.7, 0, 210, 210
1120974.3.peg.1249.site.8, 0, 211, 211
1120974.3.peg.1249.site.9, 163, 204, 367
1120974.3.peg.1249.site.10, 0, 199, 199
1120974.3.peg.1249.site.11, 1, 189, 190
1120974.3.peg.1249.site.12, 1, 187, 188
1120974.3.peg.1249.site.13, 0, 171, 171
1120974.3.peg.1249.site.14, 6, 191, 197
1120974.3.peg.1249.site.15, 136, 182, 318
1120974.3.peg.1249.site.16, 0, 215, 215
1120974.3.peg.1249.site.17, 25, 212, 237
1120974.3.peg.1249.site.18, 0, 206, 206
1120974.3.peg.1249.site.19, 24, 211, 235
1120974.3.peg.1249.site.20, 8, 208, 216
1120974.3.peg.1249.site.21, 16, 193, 209
1120974.3.peg.1249.site.22, 164, 209, 373
1120974.3.peg.1249.site.23, 164, 201, 365
1120974.3.peg.1249.site.24, 1, 156, 157
1120974.3.peg.1249.site.25, 0, 209, 209
1120974.3.peg.1249.site.26, 169, 206, 375
1120974.3.peg.1249.site.27, 1, 210, 211
1120974.3.peg.1249.site.28, 1, 195, 196
1120974.3.peg.1249.site.29, 119, 175, 294
1120974.3.peg.1249.site.30, 1, 190, 191
1120974.3.peg.1249.site.31, 1, 127, 128
1120974.3.peg.1249.site.32, 2, 198, 200
1120974.3.peg.1241.site.1, 0, 113, 113
1120974.3.peg.1241.site.2, 3, 215, 218
1120974.3.peg.1241.site.3, 0, 212, 212
1120974.3.peg.1241.site.4, 153, 193, 346
1120974.3.peg.1241.site.5, 160, 188, 348
1120974.3.peg.1241.site.6, 1, 208, 209
1120974.3.peg.1241.site.7, 2, 212, 214
1120974.3.peg.1241.site.8, 2, 209, 211
1120974.3.peg.1241.site.9, 110, 202, 312
1120974.3.peg.1241.site.10, 42, 195, 237
1120974.3.peg.1241.site.11, 73, 167, 240
1120974.3.peg.1241.site.12, 141, 165, 306
1120974.3.peg.1241.site.13, 140, 164, 304
1120974.3.peg.1241.site.14, 73, 165, 238
1120974.3.peg.1241.site.15, 38, 186, 224
1120974.3.peg.1241.site.16, 21, 209, 230
1120974.3.peg.1241.site.17, 38, 191, 229
1120974.3.peg.1241.site.18, 50, 186, 236
1120974.3.peg.1241.site.19, 142, 187, 329
1120974.3.peg.1241.site.20, 9, 190, 199
1120974.3.peg.1241.site.21, 29, 183, 212
1120974.3.peg.1241.site.22, 20, 175, 195
1120974.3.peg.1241.site.23, 130, 174, 304
1120974.3.peg.1241.site.24, 141, 183, 324
1120974.3.peg.1241.site.25, 5, 201, 206
1120974.3.peg.1241.site.26, 2, 212, 214
1120974.3.peg.1241.site.27, 21, 214, 235
1120974.3.peg.1241.site.28, 36, 208, 244
1120974.3.peg.1241.site.29, 190, 196, 386
1120974.3.peg.1241.site.30, 31, 181, 212
1120974.3.peg.1241.site.31, 36, 169, 205
1120974.3.peg.1241.site.32, 121, 165, 286
1120974.3.peg.1241.site.33, 6, 205, 211
1120974.3.peg.1241.site.34, 115, 210, 325
1120974.3.peg.1241.site.35, 114, 208, 322
1120974.3.peg.1241.site.36, 4, 214, 218
1120974.3.peg.1241.site.37, 4, 214, 218
1120974.3.peg.1241.site.38, 37, 199, 236
1120974.3.peg.1241.site.39, 2, 206, 208
1120974.3.peg.1241.site.40, 38, 203, 241
1120974.3.peg.1241.site.41, 182, 211, 393
1120974.3.peg.1241.site.42, 3, 216, 219
1120974.3.peg.1241.site.43, 51, 212, 263
1120974.3.peg.1241.site.44, 131, 212, 343
1120974.3.peg.1241.site.45, 44, 213, 257
1120974.3.peg.1241.site.46, 130, 212, 342
1120974.3.peg.1241.site.47, 207, 213, 420
1120974.3.peg.1241.site.48, 46, 214, 260
1120974.3.peg.1241.site.49, 130, 210, 340
1120974.3.peg.1241.site.50, 130, 210, 340
1120974.3.peg.1241.site.51, 3, 215, 218
1120974.3.peg.1241.site.52, 0, 215, 215
1120974.3.peg.1241.site.53, 130, 210, 340
1120974.3.peg.1241.site.54, 46, 213, 259
1120974.3.peg.1241.site.55, 46, 213, 259
1120974.3.peg.1241.site.56, 1, 214, 215
1120974.3.peg.1241.site.57, 142, 190, 332
1120974.3.peg.1241.site.58, 2, 194, 196
1120974.3.peg.1241.site.59, 1, 192, 193
1120974.3.peg.1241.site.60, 2, 199, 201
1120974.3.peg.1241.site.61, 148, 201, 349
1120974.3.peg.1241.site.62, 185, 208, 393
1120974.3.peg.1241.site.63, 189, 210, 399
1120974.3.peg.1241.site.64, 49, 214, 263
1120974.3.peg.1241.site.65, 48, 214, 262
1120974.3.peg.1241.site.66, 49, 214, 263
1120974.3.peg.1241.site.67, 0, 216, 216
1120974.3.peg.1241.site.68, 47, 215, 262
1120974.3.peg.1241.site.69, 2, 197, 199
1120974.3.peg.1241.site.70, 15, 184, 199
1120974.3.peg.1241.site.71, 15, 185, 200
1120974.3.peg.1241.site.72, 6, 179, 185
1120974.3.peg.1241.site.73, 120, 180, 300
1120974.3.peg.1241.site.74, 121, 195, 316
1120974.3.peg.1241.site.75, 35, 209, 244
1120974.3.peg.1242.site.1, 39, 213, 252
1120974.3.peg.1242.site.2, 39, 213, 252
1120974.3.peg.1242.site.3, 38, 213, 251
1120974.3.peg.1242.site.4, 39, 213, 252
1120974.3.peg.1242.site.5, 39, 214, 253
1120974.3.peg.1242.site.6, 196, 215, 411
1120974.3.peg.1242.site.7, 0, 216, 216
1120974.3.peg.1242.site.8, 11, 215, 226
1120974.3.peg.1242.site.9, 39, 214, 253
1120974.3.peg.1242.site.10, 39, 212, 251
1120974.3.peg.1242.site.11, 11, 215, 226
1120974.3.peg.1242.site.12, 39, 214, 253
1120974.3.peg.1242.site.13, 2, 215, 217
1120974.3.peg.1242.site.14, 194, 215, 409
1120974.3.peg.1242.site.15, 8, 216, 224
1120974.3.peg.1242.site.16, 154, 211, 365
1120974.3.peg.1242.site.17, 154, 211, 365
1120974.3.peg.1242.site.18, 2, 213, 215
1120974.3.peg.1242.site.19, 0, 216, 216
1120974.3.peg.1242.site.20, 3, 215, 218
1120974.3.peg.1242.site.21, 42, 213, 255
1120974.3.peg.1242.site.22, 158, 213, 371
1120974.3.peg.1242.site.23, 37, 213, 250
1120974.3.peg.1242.site.24, 114, 211, 325
1120974.3.peg.1242.site.25, 7, 214, 221
1120974.3.peg.1242.site.26, 47, 216, 263
1120974.3.peg.1242.site.27, 2, 216, 218
1120974.3.peg.1242.site.28, 150, 209, 359
1120974.3.peg.1242.site.29, 0, 214, 214
1120974.3.peg.1242.site.30, 1, 204, 205
1120974.3.peg.1242.site.31, 12, 214, 226
1120974.3.peg.1242.site.32, 10, 216, 226
1120974.3.peg.1242.site.33, 178, 212, 390
1120974.3.peg.1242.site.34, 0, 215, 215
1120974.3.peg.1242.site.35, 157, 212, 369
1120974.3.peg.1242.site.36, 161, 209, 370
1120974.3.peg.1242.site.37, 1, 211, 212
1120974.3.peg.1242.site.38, 5, 165, 170
1120974.3.peg.1242.site.39, 57, 101, 158
1120974.3.peg.1242.site.40, 47, 104, 151
1120974.3.peg.1242.site.41, 47, 107, 154
1120974.3.peg.1242.site.42, 71, 130, 201
1120974.3.peg.1242.site.43, 1, 207, 208
1120974.3.peg.1242.site.44, 70, 127, 197
1120974.3.peg.1242.site.45, 39, 97, 136
1120974.3.peg.1242.site.46, 45, 102, 147
1120974.3.peg.1242.site.47, 1, 117, 118
1120974.3.peg.1242.site.48, 149, 207, 356
1120974.3.peg.1242.site.49, 7, 213, 220
1120974.3.peg.1242.site.50, 151, 206, 357
1120974.3.peg.1242.site.51, 0, 214, 214
1120974.3.peg.1242.site.52, 155, 210, 365
1120974.3.peg.1242.site.53, 158, 210, 368
1120974.3.peg.1242.site.54, 0, 214, 214
1120974.3.peg.1242.site.55, 158, 213, 371
1120974.3.peg.1242.site.56, 149, 200, 349
1120974.3.peg.1242.site.57, 0, 201, 201
1120974.3.peg.1242.site.58, 0, 195, 195
1120974.3.peg.1242.site.59, 0, 174, 174
1120974.3.peg.1242.site.60, 0, 213, 213
1120974.3.peg.1242.site.61, 193, 215, 408
1120974.3.peg.1242.site.62, 1, 214, 215
1120974.3.peg.1242.site.63, 1, 214, 215
1120974.3.peg.1242.site.64, 151, 206, 357
1120974.3.peg.1242.site.65, 0, 213, 213
1120974.3.peg.1242.site.66, 0, 215, 215
1120974.3.peg.1242.site.67, 158, 212, 370
1120974.3.peg.1242.site.68, 188, 210, 398
1120974.3.peg.1242.site.69, 188, 211, 399
1120974.3.peg.1242.site.70, 187, 211, 398
1120974.3.peg.1242.site.71, 186, 209, 395
1120974.3.peg.1242.site.72, 169, 195, 364
1120974.3.peg.1242.site.73, 7, 210, 217
1120974.3.peg.1242.site.74, 4, 211, 215
1120974.3.peg.1242.site.75, 193, 212, 405
1120974.3.peg.1242.site.76, 175, 211, 386
1120974.3.peg.1242.site.77, 182, 208, 390
1120974.3.peg.1242.site.78, 1, 211, 212
1120974.3.peg.1242.site.79, 201, 213, 414
1120974.3.peg.1242.site.80, 199, 213, 412
1120974.3.peg.1242.site.81, 6, 214, 220
1120974.3.peg.1242.site.82, 6, 214, 220
1120974.3.peg.1242.site.83, 0, 213, 213
1120974.3.peg.1242.site.84, 183, 209, 392
1120974.3.peg.1242.site.85, 0, 209, 209
1120974.3.peg.1242.site.86, 203, 214, 417
1120974.3.peg.1242.site.87, 134, 163, 297
1120974.3.peg.1242.site.88, 124, 147, 271
1120974.3.peg.1242.site.89, 90, 126, 216
1120974.3.peg.1242.site.90, 9, 195, 204
1120974.3.peg.1242.site.91, 4, 191, 195
1120974.3.peg.1242.site.92, 2, 27, 29
1120974.3.peg.1242.site.93, 64, 88, 152
1120974.3.peg.1242.site.94, 179, 203, 382
1120974.3.peg.1242.site.95, 1, 214, 215
1120974.3.peg.1242.site.96, 10, 213, 223
1120974.3.peg.1242.site.97, 3, 215, 218
1120974.3.peg.1242.site.98, 204, 215, 419
1120974.3.peg.1242.site.99, 0, 216, 216
1120974.3.peg.1242.site.100, 212, 216, 428
1120974.3.peg.1242.site.101, 182, 205, 387
1120974.3.peg.1242.site.102, 166, 210, 376
1120974.3.peg.1242.site.103, 185, 208, 393
1120974.3.peg.1242.site.104, 17, 215, 232
1120974.3.peg.1242.site.105, 1, 216, 217
1120974.3.peg.1242.site.106, 169, 211, 380
1120974.3.peg.1242.site.107, 7, 204, 211
1120974.3.peg.1242.site.108, 5, 196, 201
1120974.3.peg.1242.site.109, 3, 195, 198
1120974.3.peg.1242.site.110, 1, 191, 192
1120974.3.peg.1242.site.111, 0, 192, 192
1120974.3.peg.1242.site.112, 0, 198, 198
1120974.3.peg.1242.site.113, 4, 216, 220
1120974.3.peg.1242.site.114, 0, 214, 214
1120974.3.peg.1242.site.115, 193, 215, 408
1120974.3.peg.1242.site.116, 192, 214, 406
1120974.3.peg.1242.site.117, 193, 215, 408
1120974.3.peg.1242.site.118, 9, 215, 224
1120974.3.peg.1242.site.119, 216, 216, 432
1120974.3.peg.1242.site.120, 31, 210, 241
1120974.3.peg.1242.site.121, 177, 199, 376
1120974.3.peg.1242.site.122, 161, 183, 344
1120974.3.peg.1242.site.123, 160, 183, 343
1120974.3.peg.1242.site.124, 4, 214, 218
1120974.3.peg.1242.site.125, 0, 211, 211
1120974.3.peg.1244.site.1, 0, 214, 214
1120974.3.peg.1244.site.2, 3, 212, 215
1120974.3.peg.1244.site.3, 0, 215, 215
1120974.3.peg.1244.site.4, 192, 212, 404
1120974.3.peg.1244.site.5, 32, 209, 241
1120974.3.peg.1244.site.6, 1, 214, 215
1120974.3.peg.1244.site.7, 16, 209, 225
1120974.3.peg.1244.site.8, 13, 205, 218
1120974.3.peg.1244.site.9, 10, 202, 212
1120974.3.peg.1244.site.10, 3, 212, 215
1120974.3.peg.1244.site.11, 1, 198, 199
1120974.3.peg.1244.site.12, 185, 193, 378
1120974.3.peg.1244.site.13, 157, 182, 339
1120974.3.peg.1244.site.14, 178, 190, 368
1120974.3.peg.1244.site.15, 3, 210, 213
1120974.3.peg.1244.site.16, 152, 210, 362
1120974.3.peg.1244.site.17, 150, 211, 361
1120974.3.peg.1244.site.18, 3, 212, 215
1120974.3.peg.1244.site.19, 150, 211, 361
1120974.3.peg.1244.site.20, 0, 211, 211
1120974.3.peg.1244.site.21, 4, 184, 188
1120974.3.peg.1244.site.22, 6, 184, 190
1120974.3.peg.1244.site.23, 145, 172, 317
1120974.3.peg.1244.site.24, 4, 197, 201
1120974.3.peg.1244.site.25, 184, 210, 394
1120974.3.peg.1244.site.26, 3, 214, 217
1120974.3.peg.1244.site.27, 0, 213, 213
1120974.3.peg.1244.site.28, 1, 214, 215
1120974.3.peg.1244.site.29, 0, 214, 214
1120974.3.peg.1244.site.30, 2, 184, 186
1120974.3.peg.1244.site.31, 177, 183, 360
1120974.3.peg.1244.site.32, 0, 212, 212
1120974.3.peg.1244.site.33, 0, 211, 211
1120974.3.peg.1244.site.34, 0, 214, 214
1120974.3.peg.1244.site.35, 0, 181, 181
1120974.3.peg.1244.site.36, 123, 145, 268
1120974.3.peg.1245.site.1, 0, 212, 212
1120974.3.peg.1245.site.2, 170, 188, 358
1120974.3.peg.1245.site.3, 0, 207, 207
1120974.3.peg.1245.site.4, 7, 200, 207
1120974.3.peg.1245.site.5, 7, 199, 206
1120974.3.peg.1245.site.6, 18, 214, 232
1120974.3.peg.1245.site.7, 9, 213, 222
1120974.3.peg.1245.site.8, 4, 142, 146
1120974.3.peg.1245.site.9, 134, 140, 274
1120974.3.peg.1245.site.10, 141, 147, 288
1120974.3.peg.1245.site.11, 110, 133, 243
1120974.3.peg.1245.site.12, 153, 206, 359
1120974.3.peg.1245.site.13, 29, 206, 235
1120974.3.peg.1245.site.14, 0, 210, 210
1120974.3.peg.1245.site.15, 179, 201, 380
1120974.3.peg.1245.site.16, 2, 204, 206
1120974.3.peg.1245.site.17, 174, 197, 371
1120974.3.peg.1245.site.18, 0, 214, 214
1120974.3.peg.1245.site.19, 62, 207, 269
1120974.3.peg.1245.site.20, 7, 214, 221
1120974.3.peg.1245.site.21, 123, 210, 333
1120974.3.peg.1245.site.22, 12, 214, 226
1120974.3.peg.1245.site.23, 119, 209, 328
1120974.3.peg.1245.site.24, 3, 209, 212
1120974.3.peg.1245.site.25, 202, 208, 410
1120974.3.peg.1245.site.26, 0, 209, 209
1120974.3.peg.1245.site.27, 4, 212, 216
1120974.3.peg.1245.site.28, 106, 188, 294
1120974.3.peg.1245.site.29, 1, 191, 192
1120974.3.peg.1245.site.30, 1, 207, 208
1120974.3.peg.1245.site.31, 1, 207, 208
1120974.3.peg.1245.site.32, 1, 208, 209
1120974.3.peg.1245.site.33, 3, 210, 213
1120974.3.peg.1246.site.1, 8, 216, 224
1120974.3.peg.1246.site.2, 9, 212, 221
1120974.3.peg.1246.site.3, 8, 209, 217
1120974.3.peg.1246.site.4, 124, 206, 330
1120974.3.peg.1246.site.5, 121, 203, 324
1120974.3.peg.1246.site.6, 119, 201, 320
1120974.3.peg.1246.site.7, 0, 211, 211
1120974.3.peg.1246.site.8, 0, 210, 210
1120974.3.peg.1246.site.9, 182, 208, 390
1120974.3.peg.1246.site.10, 182, 208, 390
1120974.3.peg.1246.site.11, 187, 209, 396
1120974.3.peg.1246.site.12, 4, 215, 219
1120974.3.peg.1246.site.13, 129, 208, 337
1120974.3.peg.1246.site.14, 0, 216, 216
1120974.3.peg.1247.site.1, 0, 215, 215
1120974.3.peg.1247.site.2, 2, 213, 215
1120974.3.peg.1247.site.3, 127, 209, 336
1120974.3.peg.1247.site.4, 0, 214, 214
1120974.3.peg.1247.site.5, 15, 214, 229
1120974.3.peg.1247.site.6, 47, 211, 258
1120974.3.peg.1247.site.7, 1, 214, 215
1120974.3.peg.1247.site.8, 31, 214, 245
1120974.3.peg.1247.site.9, 201, 216, 417
1120974.3.peg.1247.site.10, 1, 215, 216
1120974.3.peg.1247.site.11, 164, 213, 377
1120974.3.peg.1247.site.12, 207, 215, 422
1120974.3.peg.1247.site.13, 176, 211, 387
1120974.3.peg.1247.site.14, 6, 216, 222
1120974.3.peg.1247.site.15, 3, 214, 217
1120974.3.peg.1247.site.16, 1, 214, 215
1120974.3.peg.1247.site.17, 20, 214, 234
1120974.3.peg.1247.site.18, 22, 213, 235
1120974.3.peg.1247.site.19, 0, 216, 216
1120974.3.peg.1247.site.20, 208, 216, 424
1120974.3.peg.1247.site.21, 1, 216, 217
1120974.3.peg.1247.site.22, 41, 213, 254
1120974.3.peg.1247.site.23, 0, 215, 215
1120974.3.peg.1247.site.24, 0, 214, 214
1120974.3.peg.1247.site.25, 0, 215, 215
1120974.3.peg.1247.site.26, 4, 215, 219
1120974.3.peg.1247.site.27, 4, 214, 218
1120974.3.peg.1247.site.28, 201, 215, 416
1120974.3.peg.1804.site.1, 118, 200, 318
1120974.3.peg.1804.site.2, 10, 95, 105
1120974.3.peg.1804.site.3, 4, 88, 92
1120974.3.peg.1804.site.4, 11, 93, 104
1120974.3.peg.1804.site.5, 9, 106, 115
1120974.3.peg.1804.site.6, 50, 131, 181
1120974.3.peg.1804.site.7, 126, 206, 332
1120974.3.peg.1804.site.8, 130, 210, 340
1120974.3.peg.1804.site.9, 188, 207, 395
1120974.3.peg.1804.site.10, 113, 203, 316
1120974.3.peg.1804.site.11, 6, 202, 208
1120974.3.peg.1804.site.12, 106, 195, 301
1120974.3.peg.1804.site.13, 107, 196, 303
1120974.3.peg.1804.site.14, 62, 191, 253
1120974.3.peg.1804.site.15, 116, 205, 321
1120974.3.peg.1804.site.16, 120, 208, 328
1120974.3.peg.1804.site.17, 0, 211, 211
1120974.3.peg.1804.site.18, 0, 210, 210
1120974.3.peg.1804.site.19, 58, 208, 266
1120974.3.peg.1804.site.20, 154, 210, 364
1120974.3.peg.1804.site.21, 60, 205, 265
1120974.3.peg.1804.site.22, 1, 208, 209
1120974.3.peg.1804.site.23, 1, 209, 210
1120974.3.peg.1804.site.24, 166, 208, 374
1120974.3.peg.1804.site.25, 0, 210, 210
1120974.3.peg.1804.site.26, 2, 213, 215
1120974.3.peg.1804.site.27, 166, 211, 377
1120974.3.peg.1804.site.28, 0, 214, 214
1120974.3.peg.1804.site.29, 8, 215, 223
1120974.3.peg.1804.site.30, 5, 215, 220
1120974.3.peg.1804.site.31, 175, 213, 388
1120974.3.peg.1804.site.32, 4, 214, 218
1120974.3.peg.1804.site.33, 11, 215, 226
1120974.3.peg.1804.site.34, 4, 216, 220
1120974.3.peg.1804.site.35, 13, 213, 226
1120974.3.peg.1804.site.36, 78, 208, 286
1120974.3.peg.1804.site.37, 3, 209, 212
1120974.3.peg.1804.site.38, 0, 206, 206
1120974.3.peg.1804.site.39, 0, 207, 207
1120974.3.peg.1804.site.40, 2, 200, 202
1120974.3.peg.1805.site.1, 2, 213, 215
1120974.3.peg.1805.site.2, 91, 206, 297
1120974.3.peg.1805.site.3, 90, 205, 295
1120974.3.peg.1805.site.4, 83, 206, 289
1120974.3.peg.1805.site.5, 100, 207, 307
1120974.3.peg.1805.site.6, 73, 184, 257
1120974.3.peg.1805.site.7, 55, 163, 218
1120974.3.peg.1805.site.8, 53, 172, 225
1120974.3.peg.1805.site.9, 79, 201, 280
1120974.3.peg.1805.site.10, 2, 204, 206
1120974.3.peg.1805.site.11, 1, 209, 210
1120974.3.peg.1805.site.12, 1, 209, 210
1120974.3.peg.1805.site.13, 80, 204, 284
1120974.3.peg.1805.site.14, 1, 209, 210
1120974.3.peg.1805.site.15, 6, 199, 205
1120974.3.peg.1805.site.16, 3, 154, 157
1120974.3.peg.1805.site.17, 30, 146, 176
1120974.3.peg.1805.site.18, 28, 146, 174
1120974.3.peg.1805.site.19, 27, 146, 173
1120974.3.peg.1805.site.20, 119, 143, 262
1120974.3.peg.1805.site.21, 3, 145, 148
1120974.3.peg.1805.site.22, 1, 125, 126
1120974.3.peg.1805.site.23, 1, 126, 127
1120974.3.peg.1805.site.24, 4, 127, 131
1120974.3.peg.1805.site.25, 3, 124, 127
1120974.3.peg.1805.site.26, 97, 127, 224
1120974.3.peg.1805.site.27, 4, 126, 130
1120974.3.peg.1805.site.28, 92, 123, 215
1120974.3.peg.1805.site.29, 0, 105, 105
1120974.3.peg.1805.site.30, 58, 87, 145
1120974.3.peg.1805.site.31, 18, 48, 66
1120974.3.peg.1805.site.32, 18, 48, 66
1120974.3.peg.1805.site.33, 9, 98, 107
1120974.3.peg.1805.site.34, 100, 128, 228
1120974.3.peg.1805.site.35, 2, 130, 132
1120974.3.peg.1805.site.36, 105, 132, 237
1120974.3.peg.1805.site.37, 2, 148, 150
1120974.3.peg.1805.site.38, 0, 153, 153
1120974.3.peg.1805.site.39, 13, 142, 155
1120974.3.peg.1805.site.40, 14, 143, 157
1120974.3.peg.1805.site.41, 20, 139, 159
1120974.3.peg.1805.site.42, 22, 139, 161
1120974.3.peg.1805.site.43, 0, 157, 157
1120974.3.peg.1805.site.44, 9, 203, 212
1120974.3.peg.1805.site.45, 11, 207, 218
1120974.3.peg.1805.site.46, 2, 210, 212
1120974.3.peg.1805.site.47, 90, 208, 298
1120974.3.peg.1805.site.48, 98, 211, 309
1120974.3.peg.1805.site.49, 93, 212, 305
1120974.3.peg.1805.site.50, 95, 211, 306
1120974.3.peg.1805.site.51, 2, 215, 217
1120974.3.peg.1805.site.52, 2, 214, 216
1120974.3.peg.1805.site.53, 91, 210, 301
1120974.3.peg.1805.site.54, 94, 208, 302
1120974.3.peg.1805.site.55, 42, 197, 239
1120974.3.peg.1805.site.56, 42, 191, 233
1120974.3.peg.1805.site.57, 5, 157, 162
1120974.3.peg.1805.site.58, 31, 152, 183
1120974.3.peg.1805.site.59, 3, 153, 156
1120974.3.peg.1805.site.60, 33, 152, 185
1120974.3.peg.1805.site.61, 42, 161, 203
1120974.3.peg.1805.site.62, 175, 183, 358
1120974.3.peg.1805.site.63, 3, 206, 209
1120974.3.peg.1805.site.64, 89, 205, 294
1120974.3.peg.1805.site.65, 1, 212, 213
1120974.3.peg.1805.site.66, 95, 212, 307
1120974.3.peg.1805.site.67, 46, 214, 260
1120974.3.peg.1805.site.68, 45, 213, 258
1120974.3.peg.1805.site.69, 45, 214, 259
1120974.3.peg.1805.site.70, 3, 216, 219
1120974.3.peg.1805.site.71, 3, 216, 219
1120974.3.peg.1805.site.72, 2, 215, 217
1120974.3.peg.1805.site.73, 51, 211, 262
1120974.3.peg.1805.site.74, 2, 216, 218
1120974.3.peg.1805.site.75, 48, 204, 252
1120974.3.peg.1805.site.76, 40, 202, 242
1120974.3.peg.1805.site.77, 39, 203, 242
1120974.3.peg.1805.site.78, 0, 204, 204
1120974.3.peg.1805.site.79, 32, 193, 225
1120974.3.peg.1805.site.80, 42, 192, 234
1120974.3.peg.1805.site.81, 4, 191, 195
1120974.3.peg.1805.site.82, 0, 196, 196
1120974.3.peg.1805.site.83, 0, 174, 174
1120974.3.peg.1805.site.84, 32, 190, 222
1120974.3.peg.1805.site.85, 35, 193, 228
1120974.3.peg.1805.site.86, 32, 193, 225
1120974.3.peg.1805.site.87, 39, 202, 241
1120974.3.peg.1805.site.88, 9, 211, 220
1120974.3.peg.1805.site.89, 1, 215, 216
1120974.3.peg.1805.site.90, 0, 216, 216
1120974.3.peg.1805.site.91, 55, 172, 227
1120974.3.peg.1805.site.92, 27, 145, 172
1120974.3.peg.1805.site.93, 18, 135, 153
1120974.3.peg.1805.site.94, 2, 133, 135
1120974.3.peg.1805.site.95, 10, 128, 138
1120974.3.peg.1805.site.96, 1, 118, 119
1120974.3.peg.1805.site.97, 5, 123, 128
1120974.3.peg.1805.site.98, 11, 129, 140
1120974.3.peg.1805.site.99, 10, 128, 138
1120974.3.peg.1805.site.100, 8, 126, 134
1120974.3.peg.1805.site.101, 6, 126, 132
1120974.3.peg.1805.site.102, 3, 125, 128
1120974.3.peg.1805.site.103, 3, 116, 119
1120974.3.peg.1805.site.104, 112, 116, 228
1120974.3.peg.1805.site.105, 2, 114, 116
1120974.3.peg.1805.site.106, 110, 116, 226
1120974.3.peg.1805.site.107, 11, 126, 137
1120974.3.peg.1805.site.108, 11, 129, 140
1120974.3.peg.1805.site.109, 92, 118, 210
1120974.3.peg.1805.site.110, 1, 116, 117
1120974.3.peg.1805.site.111, 3, 117, 120
1120974.3.peg.1805.site.112, 1, 117, 118
1120974.3.peg.1805.site.113, 2, 115, 117
1120974.3.peg.1805.site.114, 3, 114, 117
1120974.3.peg.1805.site.115, 3, 113, 116
1120974.3.peg.1805.site.116, 2, 113, 115
1120974.3.peg.1805.site.117, 0, 114, 114
1120974.3.peg.1805.site.118, 2, 117, 119
1120974.3.peg.1805.site.119, 10, 118, 128
1120974.3.peg.1805.site.120, 1, 125, 126
1120974.3.peg.1805.site.121, 12, 120, 132
1120974.3.peg.1805.site.122, 17, 126, 143
1120974.3.peg.1805.site.123, 1, 130, 131
1120974.3.peg.1805.site.124, 4, 120, 124
1120974.3.peg.1805.site.125, 2, 137, 139
1120974.3.peg.1805.site.126, 25, 134, 159
1120974.3.peg.1802.site.1, 1, 178, 179
1120974.3.peg.1802.site.2, 144, 179, 323
1120974.3.peg.1802.site.3, 129, 165, 294
1120974.3.peg.1802.site.4, 46, 83, 129
1120974.3.peg.1802.site.5, 1, 113, 114
1120974.3.peg.1802.site.6, 70, 105, 175
1120974.3.peg.1802.site.7, 92, 127, 219
1120974.3.peg.1802.site.8, 126, 160, 286
1120974.3.peg.1802.site.9, 0, 173, 173
1120974.3.peg.1802.site.10, 5, 201, 206
1120974.3.peg.1802.site.11, 0, 208, 208
1120974.3.peg.1802.site.12, 0, 210, 210
1120974.3.peg.1802.site.13, 159, 196, 355
1120974.3.peg.1802.site.14, 118, 170, 288
1120974.3.peg.1802.site.15, 0, 163, 163
1120974.3.peg.1802.site.16, 0, 152, 152
1120974.3.peg.1802.site.17, 93, 144, 237
1120974.3.peg.1802.site.18, 34, 210, 244
1120974.3.peg.1802.site.19, 110, 210, 320
1120974.3.peg.1802.site.20, 111, 212, 323
1120974.3.peg.1802.site.21, 112, 213, 325
1120974.3.peg.1802.site.22, 204, 215, 419
1120974.3.peg.1802.site.23, 0, 213, 213
1120974.3.peg.1802.site.24, 6, 213, 219
1120974.3.peg.1802.site.25, 158, 206, 364
1120974.3.peg.1802.site.26, 115, 211, 326
1120974.3.peg.1802.site.27, 160, 211, 371
1120974.3.peg.1802.site.28, 1, 214, 215
1120974.3.peg.1802.site.29, 157, 207, 364
1120974.3.peg.1802.site.30, 139, 189, 328
1120974.3.peg.1802.site.31, 0, 173, 173
1120974.3.peg.1802.site.32, 10, 21, 31
1120974.3.peg.1802.site.33, 5, 16, 21
1120974.3.peg.1802.site.34, 9, 44, 53
1120974.3.peg.1802.site.35, 3, 52, 55
1120974.3.peg.1802.site.36, 29, 50, 79
1120974.3.peg.1802.site.37, 2, 51, 53
1120974.3.peg.1802.site.38, 4, 53, 57
1120974.3.peg.1802.site.39, 82, 131, 213
1120974.3.peg.1802.site.40, 0, 114, 114
1120974.3.peg.1802.site.41, 85, 138, 223
1120974.3.peg.1802.site.42, 0, 51, 51
1120974.3.peg.1802.site.43, 1, 51, 52
1120974.3.peg.1802.site.44, 31, 52, 83
1120974.3.peg.1802.site.45, 7, 53, 60
1120974.3.peg.1802.site.46, 1, 53, 54
1120974.3.peg.1802.site.47, 13, 65, 78
1120974.3.peg.1802.site.48, 23, 75, 98
1120974.3.peg.1802.site.49, 51, 135, 186
1120974.3.peg.1802.site.50, 1, 198, 199
1120974.3.peg.1802.site.51, 2, 199, 201
1120974.3.peg.1802.site.52, 2, 199, 201
1120974.3.peg.1802.site.53, 2, 212, 214
1120974.3.peg.1802.site.54, 101, 211, 312
1120974.3.peg.1802.site.55, 109, 199, 308
1120974.3.peg.1802.site.56, 77, 181, 258
1120974.3.peg.1802.site.57, 1, 170, 171
1120974.3.peg.1802.site.58, 4, 175, 179
1120974.3.peg.1802.site.59, 69, 158, 227
1120974.3.peg.1802.site.60, 78, 168, 246
1120974.3.peg.1802.site.61, 1, 175, 176
1120974.3.peg.1802.site.62, 4, 173, 177
1120974.3.peg.1802.site.63, 1, 204, 205
1120974.3.peg.1802.site.64, 113, 202, 315
1120974.3.peg.1802.site.65, 102, 209, 311
1120974.3.peg.1802.site.66, 85, 172, 257
1120974.3.peg.1802.site.67, 11, 101, 112
1120974.3.peg.1802.site.68, 8, 97, 105
1120974.3.peg.1802.site.69, 8, 97, 105
1120974.3.peg.1802.site.70, 36, 128, 164
1120974.3.peg.1802.site.71, 103, 189, 292
1120974.3.peg.1802.site.72, 127, 210, 337
1120974.3.peg.1802.site.73, 4, 215, 219
1120974.3.peg.1802.site.74, 118, 214, 332
1120974.3.peg.1802.site.75, 193, 205, 398
1120974.3.peg.1802.site.76, 80, 174, 254
1120974.3.peg.1802.site.77, 1, 77, 78
1120974.3.peg.1802.site.78, 67, 78, 145
1120974.3.peg.1803.site.1, 118, 192, 310
1120974.3.peg.1803.site.2, 0, 210, 210
1120974.3.peg.1803.site.3, 89, 160, 249
1120974.3.peg.1803.site.4, 38, 111, 149
1120974.3.peg.1803.site.5, 7, 102, 109
1120974.3.peg.1803.site.6, 106, 204, 310
1120974.3.peg.1803.site.7, 131, 207, 338
1120974.3.peg.1803.site.8, 53, 215, 268
1120974.3.peg.1803.site.9, 4, 216, 220
1120974.3.peg.1803.site.10, 189, 212, 401
1120974.3.peg.1803.site.11, 4, 216, 220
1120974.3.peg.1803.site.12, 3, 214, 217
1120974.3.peg.1808.site.1, 32, 143, 175
1120974.3.peg.1808.site.2, 11, 123, 134
1120974.3.peg.1808.site.3, 11, 124, 135
1120974.3.peg.1808.site.4, 1, 126, 127
1120974.3.peg.1808.site.5, 9, 125, 134
1120974.3.peg.1808.site.6, 1, 127, 128
1120974.3.peg.1808.site.7, 10, 114, 124
1120974.3.peg.1808.site.8, 2, 117, 119
1120974.3.peg.1808.site.9, 0, 141, 141
1120974.3.peg.1808.site.10, 18, 136, 154
1120974.3.peg.1808.site.11, 29, 148, 177
1120974.3.peg.1808.site.12, 0, 154, 154
1120974.3.peg.1808.site.13, 1, 155, 156
1120974.3.peg.1808.site.14, 16, 136, 152
1120974.3.peg.1808.site.15, 13, 133, 146
1120974.3.peg.1808.site.16, 5, 128, 133
1120974.3.peg.1808.site.17, 16, 138, 154
1120974.3.peg.1808.site.18, 1, 163, 164
1120974.3.peg.1808.site.19, 1, 194, 195
1120974.3.peg.1808.site.20, 71, 199, 270
1120974.3.peg.1808.site.21, 76, 204, 280
1120974.3.peg.1808.site.22, 79, 208, 287
1120974.3.peg.1808.site.23, 71, 202, 273
1120974.3.peg.1808.site.24, 8, 207, 215
1120974.3.peg.1808.site.25, 28, 202, 230
1120974.3.peg.1734.site.1, 191, 195, 386
1120974.3.peg.1734.site.2, 4, 184, 188
1120974.3.peg.1734.site.3, 191, 192, 383
1120974.3.peg.1734.site.4, 0, 198, 198
1120974.3.peg.1734.site.5, 38, 196, 234
1120974.3.peg.1734.site.6, 0, 193, 193
1120974.3.peg.1734.site.7, 35, 192, 227
1120974.3.peg.1734.site.8, 0, 200, 200
1120974.3.peg.1734.site.9, 0, 205, 205
1120974.3.peg.1734.site.10, 96, 201, 297
1120974.3.peg.1734.site.11, 46, 211, 257
1120974.3.peg.1734.site.12, 184, 210, 394
1120974.3.peg.1734.site.13, 137, 211, 348
1120974.3.peg.1734.site.14, 45, 211, 256
1120974.3.peg.1734.site.15, 4, 216, 220
1120974.3.peg.1734.site.16, 0, 212, 212
1120974.3.peg.1734.site.17, 206, 211, 417
1120974.3.peg.1734.site.18, 2, 214, 216
1120974.3.peg.1734.site.19, 1, 201, 202
1120974.3.peg.1734.site.20, 1, 200, 201
1120974.3.peg.1734.site.21, 126, 192, 318
1120974.3.peg.1734.site.22, 0, 211, 211
1120974.3.peg.1734.site.23, 0, 212, 212
1120974.3.peg.1734.site.24, 0, 215, 215
1120974.3.peg.1734.site.25, 7, 197, 204
1120974.3.peg.1734.site.26, 148, 207, 355
1120974.3.peg.1734.site.27, 7, 213, 220
1120974.3.peg.1734.site.28, 4, 206, 210
1120974.3.peg.1734.site.29, 0, 215, 215
1120974.3.peg.1734.site.30, 75, 195, 270
1120974.3.peg.1734.site.31, 0, 181, 181
1120974.3.peg.1734.site.32, 59, 196, 255
1120974.3.peg.1734.site.33, 124, 205, 329
1120974.3.peg.1734.site.34, 216, 216, 432
1120974.3.peg.1734.site.35, 9, 216, 225
1120974.3.peg.1734.site.36, 0, 215, 215
1120974.3.peg.1734.site.37, 0, 216, 216
1120974.3.peg.1734.site.38, 190, 212, 402
1120974.3.peg.1734.site.39, 4, 213, 217
1120974.3.peg.1734.site.40, 1, 214, 215
1120974.3.peg.1734.site.41, 0, 212, 212
1120974.3.peg.1734.site.42, 8, 206, 214
1120974.3.peg.1734.site.43, 107, 198, 305
1120974.3.peg.1734.site.44, 125, 213, 338
1120974.3.peg.1734.site.45, 4, 216, 220
1120974.3.peg.1734.site.46, 109, 210, 319
1120974.3.peg.1734.site.47, 0, 215, 215
1120974.3.peg.1734.site.48, 183, 207, 390
1120974.3.peg.1734.site.49, 0, 215, 215
1120974.3.peg.1734.site.50, 0, 216, 216
1120974.3.peg.1735.site.1, 3, 216, 219
1120974.3.peg.1735.site.2, 9, 216, 225
1120974.3.peg.1735.site.3, 3, 180, 183
1120974.3.peg.1735.site.4, 6, 206, 212
1120974.3.peg.1735.site.5, 85, 192, 277
1120974.3.peg.1735.site.6, 2, 200, 202
1120974.3.peg.1735.site.7, 0, 215, 215
1120974.3.peg.1735.site.8, 84, 211, 295
1120974.3.peg.1735.site.9, 76, 205, 281
1120974.3.peg.1735.site.10, 5, 213, 218
1120974.3.peg.1736.site.1, 0, 214, 214
1120974.3.peg.1736.site.2, 0, 213, 213
1120974.3.peg.1736.site.3, 2, 214, 216
1120974.3.peg.1736.site.4, 4, 215, 219
1120974.3.peg.1736.site.5, 79, 212, 291
1120974.3.peg.1736.site.6, 11, 213, 224
1120974.3.peg.1736.site.7, 2, 215, 217
1120974.3.peg.1736.site.8, 111, 209, 320
1120974.3.peg.1736.site.9, 3, 215, 218
1120974.3.peg.1736.site.10, 135, 213, 348
1120974.3.peg.1736.site.11, 2, 214, 216
1120974.3.peg.1736.site.12, 1, 213, 214
1120974.3.peg.1736.site.13, 2, 214, 216
1120974.3.peg.1736.site.14, 0, 215, 215
1120974.3.peg.1736.site.15, 3, 215, 218
1120974.3.peg.1736.site.16, 7, 213, 220
1120974.3.peg.1736.site.17, 2, 216, 218
1120974.3.peg.1736.site.18, 3, 215, 218
1120974.3.peg.1736.site.19, 201, 213, 414
1120974.3.peg.1736.site.20, 201, 214, 415
1120974.3.peg.1736.site.21, 2, 213, 215
1120974.3.peg.1736.site.22, 5, 212, 217
1120974.3.peg.1736.site.23, 10, 212, 222
1120974.3.peg.1736.site.24, 85, 211, 296
1120974.3.peg.1736.site.25, 113, 208, 321
1120974.3.peg.1736.site.26, 0, 214, 214
1120974.3.peg.1736.site.27, 0, 215, 215
1120974.3.peg.1736.site.28, 118, 210, 328
1120974.3.peg.1736.site.29, 6, 215, 221
1120974.3.peg.1736.site.30, 118, 210, 328
1120974.3.peg.1736.site.31, 12, 215, 227
1120974.3.peg.1737.site.1, 1, 216, 217
1120974.3.peg.1737.site.2, 114, 208, 322
1120974.3.peg.1737.site.3, 3, 101, 104
1120974.3.peg.1737.site.4, 7, 105, 112
1120974.3.peg.1737.site.5, 9, 107, 116
1120974.3.peg.1737.site.6, 15, 112, 127
1120974.3.peg.1737.site.7, 119, 208, 327
1120974.3.peg.1737.site.8, 4, 208, 212
1120974.3.peg.1737.site.9, 0, 206, 206
1120974.3.peg.1737.site.10, 1, 212, 213
1120974.3.peg.1737.site.11, 4, 211, 215
1120974.3.peg.1737.site.12, 128, 206, 334
1120974.3.peg.1737.site.13, 1, 212, 213
1120974.3.peg.1737.site.14, 1, 216, 217
1120974.3.peg.1731.site.1, 10, 90, 100
1120974.3.peg.1731.site.2, 211, 211, 422
1120974.3.peg.1731.site.3, 12, 211, 223
1120974.3.peg.1731.site.4, 4, 216, 220
1120974.3.peg.1731.site.5, 109, 213, 322
1120974.3.peg.1731.site.6, 214, 216, 430
1120974.3.peg.1731.site.7, 4, 215, 219
1120974.3.peg.1731.site.8, 1, 215, 216
1120974.3.peg.1731.site.9, 4, 215, 219
1120974.3.peg.1731.site.10, 117, 208, 325
1120974.3.peg.1731.site.11, 15, 215, 230
1120974.3.peg.1731.site.12, 14, 211, 225
1120974.3.peg.1732.site.1, 11, 119, 130
1120974.3.peg.1732.site.2, 65, 172, 237
1120974.3.peg.1732.site.3, 0, 206, 206
1120974.3.peg.1732.site.4, 55, 181, 236
1120974.3.peg.1732.site.5, 83, 188, 271
1120974.3.peg.1732.site.6, 1, 196, 197
1120974.3.peg.1732.site.7, 2, 208, 210
1120974.3.peg.1732.site.8, 12, 178, 190
1120974.3.peg.1732.site.9, 10, 184, 194
1120974.3.peg.1732.site.10, 11, 175, 186
1120974.3.peg.1732.site.11, 11, 133, 144
1120974.3.peg.1732.site.12, 0, 149, 149
1120974.3.peg.1732.site.13, 60, 150, 210
1120974.3.peg.1732.site.14, 89, 147, 236
1120974.3.peg.1732.site.15, 4, 205, 209
1120974.3.peg.1732.site.16, 0, 215, 215
1120974.3.peg.1733.site.1, 21, 215, 236
1120974.3.peg.1733.site.2, 16, 212, 228
1120974.3.peg.1733.site.3, 0, 215, 215
1120974.3.peg.1733.site.4, 0, 215, 215
1120974.3.peg.1733.site.5, 0, 215, 215
1120974.3.peg.1733.site.6, 48, 210, 258
1120974.3.peg.1733.site.7, 0, 215, 215
1120974.3.peg.1733.site.8, 1, 216, 217
1120974.3.peg.1733.site.9, 210, 214, 424
1120974.3.peg.1733.site.10, 47, 212, 259
1120974.3.peg.1733.site.11, 44, 211, 255
1120974.3.peg.1733.site.12, 46, 212, 258
1120974.3.peg.1733.site.13, 135, 208, 343
1120974.3.peg.1733.site.14, 0, 195, 195
1120974.3.peg.1733.site.15, 46, 211, 257
1120974.3.peg.1733.site.16, 111, 161, 272
1120974.3.peg.1733.site.17, 44, 201, 245
1120974.3.peg.1733.site.18, 213, 213, 426
1120974.3.peg.1733.site.19, 45, 210, 255
1120974.3.peg.1733.site.20, 5, 212, 217
1120974.3.peg.1733.site.21, 73, 207, 280
1120974.3.peg.1733.site.22, 186, 211, 397
1120974.3.peg.1733.site.23, 68, 204, 272
1120974.3.peg.1733.site.24, 120, 211, 331
1120974.3.peg.1733.site.25, 17, 214, 231
1120974.3.peg.1738.site.1, 0, 216, 216
1120974.3.peg.1738.site.2, 0, 215, 215
1120974.3.peg.1738.site.3, 1, 214, 215
1120974.3.peg.1738.site.4, 192, 195, 387
1120974.3.peg.1738.site.5, 33, 194, 227
1120974.3.peg.1738.site.6, 1, 208, 209
1120974.3.peg.1738.site.7, 0, 209, 209
1120974.3.peg.1738.site.8, 0, 200, 200
1120974.3.peg.1738.site.9, 22, 207, 229
1120974.3.peg.1738.site.10, 0, 214, 214
1120974.3.peg.1738.site.11, 123, 210, 333
1120974.3.peg.1738.site.12, 1, 216, 217
1120974.3.peg.1738.site.13, 0, 213, 213
1120974.3.peg.1738.site.14, 124, 207, 331
1120974.3.peg.1738.site.15, 4, 208, 212
1120974.3.peg.1738.site.16, 0, 198, 198
1120974.3.peg.1738.site.17, 0, 195, 195
1120974.3.peg.1738.site.18, 118, 197, 315
1120974.3.peg.1738.site.19, 6, 194, 200
1120974.3.peg.1738.site.20, 1, 182, 183
1120974.3.peg.1738.site.21, 3, 209, 212
1120974.3.peg.1738.site.22, 1, 210, 211
1120974.3.peg.1738.site.23, 179, 206, 385
1120974.3.peg.1738.site.24, 201, 210, 411
1120974.3.peg.1738.site.25, 10, 212, 222
1120974.3.peg.1738.site.26, 0, 211, 211
1120974.3.peg.1738.site.27, 1, 188, 189
1120974.3.peg.1738.site.28, 6, 185, 191
1120974.3.peg.1738.site.29, 7, 190, 197
1120974.3.peg.1738.site.30, 108, 166, 274
1120974.3.peg.1738.site.31, 0, 182, 182
1120974.3.peg.1738.site.32, 131, 188, 319
1120974.3.peg.1738.site.33, 147, 207, 354
1120974.3.peg.1738.site.34, 0, 207, 207
1120974.3.peg.1738.site.35, 150, 211, 361
1120974.3.peg.1738.site.36, 127, 209, 336
1120974.3.peg.1738.site.37, 151, 210, 361
1120974.3.peg.1739.site.1, 1, 63, 64
1120974.3.peg.1739.site.2, 11, 65, 76
1120974.3.peg.1739.site.3, 121, 185, 306
1120974.3.peg.1739.site.4, 131, 192, 323
1120974.3.peg.1739.site.5, 144, 203, 347
1120974.3.peg.1739.site.6, 144, 205, 349
1120974.3.peg.1739.site.7, 148, 211, 359
1120974.3.peg.1739.site.8, 0, 215, 215
1120974.3.peg.1739.site.9, 2, 213, 215
1120974.3.peg.1739.site.10, 0, 215, 215
1120974.3.peg.1739.site.11, 1, 214, 215
1120974.3.peg.1739.site.12, 7, 213, 220
1120974.3.peg.1739.site.13, 56, 200, 256
1120974.3.peg.1739.site.14, 0, 201, 201
1120974.3.peg.1739.site.15, 157, 185, 342
1120974.3.peg.1739.site.16, 6, 67, 73
1120974.3.peg.1020.site.1, 54, 193, 247
1120974.3.peg.1020.site.2, 120, 194, 314
1120974.3.peg.1020.site.3, 61, 202, 263
1120974.3.peg.1020.site.4, 188, 212, 400
1120974.3.peg.1020.site.5, 188, 214, 402
1120974.3.peg.1020.site.6, 0, 214, 214
1120974.3.peg.1020.site.7, 187, 213, 400
1120974.3.peg.1020.site.8, 188, 213, 401
1120974.3.peg.1020.site.9, 186, 214, 400
1120974.3.peg.1020.site.10, 189, 214, 403
1120974.3.peg.1020.site.11, 0, 215, 215
1120974.3.peg.1020.site.12, 0, 215, 215
1120974.3.peg.1020.site.13, 0, 215, 215
1120974.3.peg.1020.site.14, 188, 214, 402
1120974.3.peg.1020.site.15, 107, 206, 313
1120974.3.peg.1020.site.16, 108, 208, 316
1120974.3.peg.1020.site.17, 0, 214, 214
1120974.3.peg.1021.site.1, 111, 210, 321
1120974.3.peg.1021.site.2, 111, 210, 321
1120974.3.peg.1021.site.3, 111, 211, 322
1120974.3.peg.1021.site.4, 1, 216, 217
1120974.3.peg.1021.site.5, 74, 212, 286
1120974.3.peg.1021.site.6, 74, 210, 284
1120974.3.peg.1021.site.7, 73, 207, 280
1120974.3.peg.1021.site.8, 0, 213, 213
1120974.3.peg.1021.site.9, 6, 215, 221
1120974.3.peg.1021.site.10, 0, 211, 211
1120974.3.peg.1021.site.11, 1, 215, 216
1120974.3.peg.1021.site.12, 0, 216, 216
1120974.3.peg.1021.site.13, 70, 214, 284
1120974.3.peg.1022.site.1, 0, 215, 215
1120974.3.peg.1022.site.2, 199, 213, 412
1120974.3.peg.1022.site.3, 76, 205, 281
1120974.3.peg.1022.site.4, 54, 164, 218
1120974.3.peg.1022.site.5, 55, 161, 216
1120974.3.peg.1022.site.6, 0, 185, 185
1120974.3.peg.1022.site.7, 64, 211, 275
1120974.3.peg.1022.site.8, 0, 214, 214
1120974.3.peg.1022.site.9, 193, 212, 405
1120974.3.peg.1022.site.10, 0, 214, 214
1120974.3.peg.1022.site.11, 191, 215, 406
1120974.3.peg.1022.site.12, 187, 211, 398
1120974.3.peg.1022.site.13, 185, 208, 393
1120974.3.peg.1022.site.14, 188, 211, 399
1120974.3.peg.1022.site.15, 188, 212, 400
1120974.3.peg.1022.site.16, 0, 216, 216
1120974.3.peg.1022.site.17, 191, 213, 404
1120974.3.peg.1022.site.18, 0, 214, 214
1120974.3.peg.1022.site.19, 4, 216, 220
1120974.3.peg.1022.site.20, 124, 208, 332
1120974.3.peg.1022.site.21, 4, 215, 219
1120974.3.peg.1022.site.22, 4, 215, 219
1120974.3.peg.1022.site.23, 57, 206, 263
1120974.3.peg.1022.site.24, 40, 193, 233
1120974.3.peg.1022.site.25, 125, 205, 330
1120974.3.peg.1022.site.26, 0, 212, 212
1120974.3.peg.1022.site.27, 0, 199, 199
1120974.3.peg.1022.site.28, 80, 95, 175
1120974.3.peg.1022.site.29, 1, 216, 217
1120974.3.peg.1022.site.30, 0, 216, 216
1120974.3.peg.1022.site.31, 54, 211, 265
1120974.3.peg.1022.site.32, 145, 211, 356
1120974.3.peg.1022.site.33, 195, 214, 409
1120974.3.peg.1022.site.34, 0, 215, 215
1120974.3.peg.1022.site.35, 9, 172, 181
1120974.3.peg.1022.site.36, 44, 205, 249
1120974.3.peg.1022.site.37, 137, 212, 349
1120974.3.peg.1022.site.38, 52, 213, 265
1120974.3.peg.1022.site.39, 52, 213, 265
1120974.3.peg.1022.site.40, 52, 213, 265
1120974.3.peg.1023.site.1, 4, 216, 220
1120974.3.peg.1023.site.2, 4, 216, 220
1120974.3.peg.1023.site.3, 211, 214, 425
1120974.3.peg.1023.site.4, 15, 211, 226
1120974.3.peg.1023.site.5, 51, 211, 262
1120974.3.peg.1023.site.6, 193, 210, 403
1120974.3.peg.1023.site.7, 4, 211, 215
1120974.3.peg.1023.site.8, 11, 213, 224
1120974.3.peg.1023.site.9, 4, 216, 220
1120974.3.peg.1023.site.10, 190, 212, 402
1120974.3.peg.1023.site.11, 4, 216, 220
1120974.3.peg.1023.site.12, 130, 210, 340
1120974.3.peg.1023.site.13, 0, 215, 215
1120974.3.peg.1023.site.14, 51, 212, 263
1120974.3.peg.1023.site.15, 0, 216, 216
1120974.3.peg.1023.site.16, 1, 214, 215
1120974.3.peg.1023.site.17, 212, 215, 427
1120974.3.peg.1023.site.18, 4, 215, 219
1120974.3.peg.1023.site.19, 191, 213, 404
1120974.3.peg.1024.site.1, 133, 212, 345
1120974.3.peg.1024.site.2, 55, 215, 270
1120974.3.peg.1025.site.1, 3, 210, 213
1120974.3.peg.1025.site.2, 4, 208, 212
1120974.3.peg.1025.site.3, 67, 210, 277
1120974.3.peg.1025.site.4, 69, 208, 277
1120974.3.peg.1025.site.5, 190, 213, 403
1120974.3.peg.1025.site.6, 10, 214, 224
1120974.3.peg.1025.site.7, 10, 214, 224
1120974.3.peg.1025.site.8, 135, 212, 347
1120974.3.peg.1025.site.9, 146, 212, 358
1120974.3.peg.1025.site.10, 54, 213, 267
1120974.3.peg.1025.site.11, 4, 215, 219
1120974.3.peg.1025.site.12, 146, 213, 359
1120974.3.peg.1025.site.13, 12, 216, 228
1120974.3.peg.1025.site.14, 136, 212, 348
1120974.3.peg.1025.site.15, 132, 214, 346
1120974.3.peg.1025.site.16, 129, 214, 343
1120974.3.peg.1025.site.17, 215, 215, 430
1120974.3.peg.1025.site.18, 12, 213, 225
1120974.3.peg.1025.site.19, 4, 216, 220
1120974.3.peg.1025.site.20, 126, 206, 332
1120974.3.peg.1025.site.21, 197, 207, 404
1120974.3.peg.1025.site.22, 1, 196, 197
1120974.3.peg.1025.site.23, 0, 214, 214
1120974.3.peg.1025.site.24, 118, 209, 327
1120974.3.peg.1025.site.25, 65, 155, 220
1120974.3.peg.1025.site.26, 0, 146, 146
1120974.3.peg.1025.site.27, 9, 92, 101
1120974.3.peg.1025.site.28, 2, 87, 89
1120974.3.peg.1025.site.29, 6, 87, 93
1120974.3.peg.1025.site.30, 3, 94, 97
1120974.3.peg.1025.site.31, 44, 140, 184
1120974.3.peg.1026.site.1, 1, 212, 213
1120974.3.peg.1026.site.2, 0, 213, 213
1120974.3.peg.1026.site.3, 13, 210, 223
1120974.3.peg.1026.site.4, 191, 210, 401
1120974.3.peg.1026.site.5, 1, 215, 216
1120974.3.peg.1026.site.6, 72, 212, 284
1120974.3.peg.1026.site.7, 178, 180, 358
1120974.3.peg.1026.site.8, 118, 139, 257
1120974.3.peg.1026.site.9, 115, 209, 324
1120974.3.peg.1026.site.10, 207, 215, 422
1120974.3.peg.1026.site.11, 3, 211, 214
1120974.3.peg.1026.site.12, 192, 209, 401
1120974.3.peg.1027.site.1, 2, 202, 204
1120974.3.peg.1027.site.2, 7, 203, 210
1120974.3.peg.1027.site.3, 58, 192, 250
1120974.3.peg.1027.site.4, 57, 193, 250
1120974.3.peg.1027.site.5, 15, 189, 204
1120974.3.peg.1027.site.6, 139, 139, 278
1120974.3.peg.1027.site.7, 130, 144, 274
1120974.3.peg.1027.site.8, 117, 117, 234
1120974.3.peg.1027.site.9, 103, 125, 228
1120974.3.peg.1027.site.10, 193, 212, 405
1120974.3.peg.1027.site.11, 192, 213, 405
1120974.3.peg.1027.site.12, 194, 215, 409
1120974.3.peg.1027.site.13, 10, 216, 226
1120974.3.peg.3178.site.1, 0, 216, 216
1120974.3.peg.3178.site.2, 0, 195, 195
1120974.3.peg.3178.site.3, 127, 180, 307
1120974.3.peg.3178.site.4, 3, 216, 219
1120974.3.peg.3178.site.5, 4, 214, 218
1120974.3.peg.3178.site.6, 4, 216, 220
1120974.3.peg.3178.site.7, 152, 211, 363
1120974.3.peg.3178.site.8, 74, 210, 284
1120974.3.peg.3178.site.9, 198, 214, 412
1120974.3.peg.3178.site.10, 0, 216, 216
1120974.3.peg.3178.site.11, 205, 214, 419
1120974.3.peg.3178.site.12, 0, 214, 214
1120974.3.peg.3178.site.13, 81, 214, 295
1120974.3.peg.3178.site.14, 2, 210, 212
1120974.3.peg.3178.site.15, 76, 207, 283
1120974.3.peg.3178.site.16, 81, 212, 293
1120974.3.peg.3178.site.17, 1, 216, 217
1120974.3.peg.3178.site.18, 9, 213, 222
1120974.3.peg.3178.site.19, 0, 211, 211
1120974.3.peg.3179.site.1, 1, 208, 209
1120974.3.peg.3179.site.2, 11, 189, 200
1120974.3.peg.3179.site.3, 0, 210, 210
1120974.3.peg.3179.site.4, 13, 208, 221
1120974.3.peg.3179.site.5, 12, 204, 216
1120974.3.peg.3179.site.6, 0, 206, 206
1120974.3.peg.3179.site.7, 0, 202, 202
1120974.3.peg.3179.site.8, 1, 206, 207
1120974.3.peg.3179.site.9, 8, 204, 212
1120974.3.peg.3179.site.10, 31, 211, 242
1120974.3.peg.3179.site.11, 0, 208, 208
1120974.3.peg.3179.site.12, 73, 202, 275
1120974.3.peg.3179.site.13, 67, 195, 262
1120974.3.peg.3179.site.14, 175, 196, 371
1120974.3.peg.923.site.1, 180, 204, 384
1120974.3.peg.923.site.2, 0, 212, 212
1120974.3.peg.923.site.3, 69, 212, 281
1120974.3.peg.923.site.4, 68, 210, 278
1120974.3.peg.923.site.5, 117, 209, 326
1120974.3.peg.923.site.6, 0, 215, 215
1120974.3.peg.923.site.7, 115, 210, 325
1120974.3.peg.923.site.8, 70, 211, 281
1120974.3.peg.923.site.9, 188, 211, 399
1120974.3.peg.923.site.10, 0, 181, 181
1120974.3.peg.923.site.11, 6, 144, 150
1120974.3.peg.923.site.12, 2, 143, 145
1120974.3.peg.923.site.13, 2, 144, 146
1120974.3.peg.923.site.14, 8, 153, 161
1120974.3.peg.923.site.15, 80, 205, 285
1120974.3.peg.923.site.16, 112, 208, 320
1120974.3.peg.923.site.17, 1, 212, 213
1120974.3.peg.923.site.18, 144, 171, 315
1120974.3.peg.923.site.19, 138, 165, 303
1120974.3.peg.922.site.1, 0, 214, 214
1120974.3.peg.922.site.2, 1, 211, 212
1120974.3.peg.922.site.3, 3, 213, 216
1120974.3.peg.922.site.4, 1, 216, 217
1120974.3.peg.922.site.5, 191, 212, 403
1120974.3.peg.922.site.6, 149, 210, 359
1120974.3.peg.922.site.7, 0, 214, 214
1120974.3.peg.922.site.8, 200, 213, 413
1120974.3.peg.922.site.9, 14, 192, 206
1120974.3.peg.922.site.10, 128, 193, 321
1120974.3.peg.922.site.11, 13, 197, 210
1120974.3.peg.922.site.12, 134, 197, 331
1120974.3.peg.922.site.13, 193, 206, 399
1120974.3.peg.922.site.14, 147, 209, 356
1120974.3.peg.921.site.1, 3, 215, 218
1120974.3.peg.921.site.2, 182, 214, 396
1120974.3.peg.921.site.3, 9, 54, 63
1120974.3.peg.921.site.4, 25, 79, 104
1120974.3.peg.921.site.5, 26, 80, 106
1120974.3.peg.921.site.6, 127, 179, 306
1120974.3.peg.921.site.7, 161, 213, 374
1120974.3.peg.921.site.8, 0, 216, 216
1120974.3.peg.921.site.9, 0, 213, 213
1120974.3.peg.921.site.10, 0, 216, 216
1120974.3.peg.921.site.11, 162, 212, 374
1120974.3.peg.921.site.12, 4, 58, 62
1120974.3.peg.921.site.13, 5, 56, 61
1120974.3.peg.921.site.14, 0, 132, 132
1120974.3.peg.921.site.15, 58, 109, 167
1120974.3.peg.921.site.16, 0, 160, 160
1120974.3.peg.921.site.17, 2, 212, 214
1120974.3.peg.921.site.18, 0, 214, 214
1120974.3.peg.921.site.19, 1, 210, 211
1120974.3.peg.921.site.20, 157, 211, 368
1120974.3.peg.921.site.21, 0, 213, 213
1120974.3.peg.921.site.22, 191, 213, 404
1120974.3.peg.920.site.1, 2, 216, 218
1120974.3.peg.920.site.2, 0, 216, 216
1120974.3.peg.920.site.3, 1, 215, 216
1120974.3.peg.920.site.4, 12, 215, 227
1120974.3.peg.920.site.5, 7, 213, 220
1120974.3.peg.920.site.6, 201, 214, 415
1120974.3.peg.920.site.7, 1, 214, 215
1120974.3.peg.920.site.8, 0, 216, 216
1120974.3.peg.920.site.9, 178, 213, 391
1120974.3.peg.920.site.10, 177, 212, 389
1120974.3.peg.920.site.11, 3, 216, 219
1120974.3.peg.920.site.12, 0, 215, 215
1120974.3.peg.920.site.13, 0, 216, 216
1120974.3.peg.920.site.14, 0, 215, 215
1120974.3.peg.920.site.15, 172, 210, 382
1120974.3.peg.920.site.16, 2, 214, 216
1120974.3.peg.920.site.17, 162, 202, 364
1120974.3.peg.920.site.18, 5, 213, 218
1120974.3.peg.920.site.19, 2, 214, 216
1120974.3.peg.920.site.20, 0, 214, 214
1120974.3.peg.920.site.21, 0, 215, 215
1120974.3.peg.920.site.22, 173, 211, 384
1120974.3.peg.920.site.23, 177, 213, 390
1120974.3.peg.920.site.24, 192, 214, 406
1120974.3.peg.920.site.25, 147, 204, 351
1120974.3.peg.920.site.26, 0, 197, 197
1120974.3.peg.920.site.27, 33, 93, 126
1120974.3.peg.920.site.28, 24, 84, 108
1120974.3.peg.920.site.29, 24, 84, 108
1120974.3.peg.291.site.1, 0, 215, 215
1120974.3.peg.291.site.2, 1, 216, 217
1120974.3.peg.291.site.3, 66, 215, 281
1120974.3.peg.291.site.4, 5, 214, 219
1120974.3.peg.291.site.5, 1, 216, 217
1120974.3.peg.291.site.6, 5, 215, 220
1120974.3.peg.291.site.7, 5, 214, 219
1120974.3.peg.291.site.8, 6, 216, 222
1120974.3.peg.291.site.9, 6, 216, 222
1120974.3.peg.291.site.10, 6, 216, 222
1120974.3.peg.291.site.11, 1, 215, 216
1120974.3.peg.291.site.12, 1, 214, 215
1120974.3.peg.291.site.13, 0, 216, 216
1120974.3.peg.291.site.14, 5, 215, 220
1120974.3.peg.291.site.15, 5, 215, 220
1120974.3.peg.291.site.16, 0, 213, 213
1120974.3.peg.291.site.17, 10, 211, 221
1120974.3.peg.291.site.18, 2, 211, 213
1120974.3.peg.291.site.19, 0, 214, 214
1120974.3.peg.291.site.20, 1, 211, 212
1120974.3.peg.291.site.21, 0, 210, 210
1120974.3.peg.291.site.22, 27, 204, 231
1120974.3.peg.291.site.23, 159, 203, 362
1120974.3.peg.291.site.24, 14, 199, 213
1120974.3.peg.291.site.25, 3, 209, 212
1120974.3.peg.291.site.26, 4, 214, 218
1120974.3.peg.291.site.27, 3, 212, 215
1120974.3.peg.291.site.28, 152, 205, 357
1120974.3.peg.291.site.29, 0, 199, 199
1120974.3.peg.291.site.30, 0, 198, 198
1120974.3.peg.291.site.31, 15, 187, 202
1120974.3.peg.291.site.32, 0, 196, 196
1120974.3.peg.291.site.33, 0, 194, 194
1120974.3.peg.291.site.34, 0, 195, 195
1120974.3.peg.291.site.35, 0, 197, 197
1120974.3.peg.291.site.36, 0, 201, 201
1120974.3.peg.291.site.37, 0, 204, 204
1120974.3.peg.291.site.38, 0, 210, 210
1120974.3.peg.291.site.39, 159, 208, 367
1120974.3.peg.291.site.40, 6, 212, 218
1120974.3.peg.291.site.41, 1, 215, 216
1120974.3.peg.291.site.42, 1, 216, 217
1120974.3.peg.291.site.43, 216, 216, 432
1120974.3.peg.291.site.44, 151, 208, 359
1120974.3.peg.291.site.45, 0, 213, 213
1120974.3.peg.291.site.46, 46, 212, 258
1120974.3.peg.291.site.47, 151, 210, 361
1120974.3.peg.291.site.48, 199, 213, 412
1120974.3.peg.291.site.49, 6, 216, 222
1120974.3.peg.291.site.50, 5, 213, 218
1120974.3.peg.291.site.51, 179, 210, 389
1120974.3.peg.291.site.52, 4, 212, 216
1120974.3.peg.291.site.53, 8, 212, 220
1120974.3.peg.291.site.54, 2, 204, 206
1120974.3.peg.291.site.55, 141, 186, 327
1120974.3.peg.291.site.56, 147, 199, 346
1120974.3.peg.291.site.57, 32, 203, 235
1120974.3.peg.291.site.58, 0, 188, 188
1120974.3.peg.291.site.59, 26, 174, 200
1120974.3.peg.291.site.60, 5, 170, 175
1120974.3.peg.291.site.61, 3, 164, 167
1120974.3.peg.291.site.62, 4, 160, 164
1120974.3.peg.291.site.63, 4, 153, 157
1120974.3.peg.291.site.64, 1, 149, 150
1120974.3.peg.291.site.65, 122, 148, 270
1120974.3.peg.291.site.66, 4, 146, 150
1120974.3.peg.291.site.67, 161, 205, 366
1120974.3.peg.291.site.68, 0, 215, 215
1120974.3.peg.291.site.69, 164, 209, 373
1120974.3.peg.291.site.70, 0, 200, 200
1120974.3.peg.291.site.71, 1, 213, 214
1120974.3.peg.291.site.72, 0, 211, 211
1120974.3.peg.291.site.73, 8, 216, 224
1120974.3.peg.291.site.74, 1, 216, 217
1120974.3.peg.291.site.75, 0, 214, 214
1120974.3.peg.291.site.76, 0, 213, 213
1120974.3.peg.290.site.1, 0, 216, 216
1120974.3.peg.290.site.2, 9, 215, 224
1120974.3.peg.290.site.3, 9, 215, 224
1120974.3.peg.290.site.4, 213, 215, 428
1120974.3.peg.290.site.5, 6, 215, 221
1120974.3.peg.293.site.1, 153, 193, 346
1120974.3.peg.293.site.2, 160, 200, 360
1120974.3.peg.293.site.3, 135, 201, 336
1120974.3.peg.293.site.4, 0, 202, 202
1120974.3.peg.293.site.5, 0, 205, 205
1120974.3.peg.293.site.6, 1, 212, 213
1120974.3.peg.293.site.7, 1, 216, 217
1120974.3.peg.293.site.8, 0, 215, 215
1120974.3.peg.293.site.9, 1, 216, 217
1120974.3.peg.293.site.10, 2, 213, 215
1120974.3.peg.293.site.11, 173, 213, 386
1120974.3.peg.293.site.12, 21, 212, 233
1120974.3.peg.293.site.13, 21, 207, 228
1120974.3.peg.293.site.14, 20, 212, 232
1120974.3.peg.293.site.15, 150, 209, 359
1120974.3.peg.293.site.16, 0, 216, 216
1120974.3.peg.293.site.17, 146, 208, 354
1120974.3.peg.293.site.18, 20, 209, 229
1120974.3.peg.293.site.19, 13, 199, 212
1120974.3.peg.293.site.20, 17, 196, 213
1120974.3.peg.293.site.21, 100, 140, 240
1120974.3.peg.293.site.22, 0, 162, 162
1120974.3.peg.293.site.23, 151, 153, 304
1120974.3.peg.293.site.24, 0, 195, 195
1120974.3.peg.293.site.25, 1, 200, 201
1120974.3.peg.293.site.26, 150, 192, 342
1120974.3.peg.293.site.27, 158, 200, 358
1120974.3.peg.293.site.28, 0, 213, 213
1120974.3.peg.293.site.29, 1, 215, 216
1120974.3.peg.293.site.30, 150, 189, 339
1120974.3.peg.293.site.31, 193, 195, 388
1120974.3.peg.293.site.32, 1, 192, 193
1120974.3.peg.293.site.33, 186, 207, 393
1120974.3.peg.293.site.34, 1, 209, 210
1120974.3.peg.293.site.35, 3, 211, 214
1120974.3.peg.292.site.1, 164, 210, 374
1120974.3.peg.292.site.2, 17, 214, 231
1120974.3.peg.292.site.3, 1, 216, 217
1120974.3.peg.292.site.4, 16, 215, 231
1120974.3.peg.292.site.5, 163, 207, 370
1120974.3.peg.292.site.6, 4, 191, 195
1120974.3.peg.292.site.7, 174, 188, 362
1120974.3.peg.292.site.8, 154, 168, 322
1120974.3.peg.292.site.9, 20, 186, 206
1120974.3.peg.292.site.10, 1, 187, 188
1120974.3.peg.292.site.11, 1, 186, 187
1120974.3.peg.292.site.12, 0, 189, 189
1120974.3.peg.292.site.13, 175, 208, 383
1120974.3.peg.292.site.14, 161, 209, 370
1120974.3.peg.292.site.15, 0, 209, 209
1120974.3.peg.292.site.16, 112, 155, 267
1120974.3.peg.292.site.17, 65, 111, 176
1120974.3.peg.292.site.18, 58, 106, 164
1120974.3.peg.292.site.19, 18, 97, 115
1120974.3.peg.292.site.20, 26, 73, 99
1120974.3.peg.292.site.21, 26, 73, 99
1120974.3.peg.292.site.22, 21, 69, 90
1120974.3.peg.292.site.23, 131, 160, 291
1120974.3.peg.292.site.24, 114, 150, 264
1120974.3.peg.292.site.25, 0, 107, 107
1120974.3.peg.292.site.26, 15, 25, 40
1120974.3.peg.292.site.27, 29, 40, 69
1120974.3.peg.292.site.28, 28, 39, 67
1120974.3.peg.292.site.29, 2, 56, 58
1120974.3.peg.292.site.30, 77, 88, 165
1120974.3.peg.292.site.31, 1, 207, 208
1120974.3.peg.292.site.32, 4, 211, 215
1120974.3.peg.292.site.33, 4, 212, 216
1120974.3.peg.292.site.34, 0, 213, 213
1120974.3.peg.292.site.35, 0, 212, 212
1120974.3.peg.292.site.36, 183, 209, 392
1120974.3.peg.292.site.37, 1, 183, 184
1120974.3.peg.292.site.38, 9, 122, 131
1120974.3.peg.292.site.39, 26, 55, 81
1120974.3.peg.2613.site.1, 1, 17, 18
1120974.3.peg.2613.site.2, 1, 16, 17
1120974.3.peg.2613.site.3, 5, 25, 30
1120974.3.peg.2613.site.4, 11, 31, 42
1120974.3.peg.2613.site.5, 13, 33, 46
1120974.3.peg.2613.site.6, 143, 200, 343
1120974.3.peg.2613.site.7, 37, 207, 244
1120974.3.peg.2613.site.8, 195, 214, 409
1120974.3.peg.2613.site.9, 1, 212, 213
1120974.3.peg.2613.site.10, 0, 215, 215
1120974.3.peg.2613.site.11, 0, 215, 215
1120974.3.peg.2613.site.12, 4, 215, 219
1120974.3.peg.2613.site.13, 181, 208, 389
1120974.3.peg.2613.site.14, 5, 216, 221
1120974.3.peg.2613.site.15, 174, 202, 376
1120974.3.peg.929.site.1, 3, 214, 217
1120974.3.peg.929.site.2, 7, 213, 220
1120974.3.peg.929.site.3, 7, 214, 221
1120974.3.peg.929.site.4, 94, 211, 305
1120974.3.peg.929.site.5, 2, 215, 217
1120974.3.peg.929.site.6, 0, 216, 216
1120974.3.peg.929.site.7, 0, 212, 212
1120974.3.peg.929.site.8, 0, 215, 215
1120974.3.peg.929.site.9, 5, 215, 220
1120974.3.peg.929.site.10, 0, 216, 216
1120974.3.peg.929.site.11, 2, 216, 218
1120974.3.peg.929.site.12, 7, 215, 222
1120974.3.peg.929.site.13, 11, 215, 226
1120974.3.peg.929.site.14, 8, 216, 224
1120974.3.peg.929.site.15, 2, 216, 218
1120974.3.peg.2616.site.1, 23, 131, 154
1120974.3.peg.2616.site.2, 30, 69, 99
1120974.3.peg.2616.site.3, 64, 78, 142
1120974.3.peg.2616.site.4, 76, 91, 167
1120974.3.peg.2616.site.5, 25, 206, 231
1120974.3.peg.2616.site.6, 6, 208, 214
1120974.3.peg.2616.site.7, 179, 204, 383
1120974.3.peg.2616.site.8, 35, 51, 86
1120974.3.peg.2616.site.9, 2, 140, 142
1120974.3.peg.2616.site.10, 57, 73, 130
1120974.3.peg.2616.site.11, 81, 96, 177
1120974.3.peg.2616.site.12, 1, 12, 13
1120974.3.peg.2616.site.13, 5, 12, 17
1120974.3.peg.2616.site.14, 12, 22, 34
1120974.3.peg.2616.site.15, 7, 31, 38
1120974.3.peg.2616.site.16, 3, 27, 30
1120974.3.peg.2616.site.17, 1, 26, 27
1120974.3.peg.2616.site.18, 1, 28, 29
1120974.3.peg.2616.site.19, 9, 35, 44
1120974.3.peg.2616.site.20, 30, 56, 86
1120974.3.peg.2616.site.21, 3, 195, 198
1120974.3.peg.2616.site.22, 0, 213, 213
1120974.3.peg.2616.site.23, 25, 212, 237
1120974.3.peg.2616.site.24, 160, 210, 370
1120974.3.peg.2616.site.25, 3, 215, 218
1120974.3.peg.2616.site.26, 26, 214, 240
1120974.3.peg.2616.site.27, 189, 214, 403
1120974.3.peg.2616.site.28, 1, 215, 216
1120974.3.peg.2616.site.29, 1, 215, 216
1120974.3.peg.2616.site.30, 162, 212, 374
1120974.3.peg.2616.site.31, 31, 215, 246
1120974.3.peg.2616.site.32, 24, 214, 238
1120974.3.peg.2616.site.33, 187, 214, 401
1120974.3.peg.2616.site.34, 188, 215, 403
1120974.3.peg.2616.site.35, 97, 124, 221
1120974.3.peg.2616.site.36, 29, 56, 85
1120974.3.peg.2617.site.1, 153, 205, 358
1120974.3.peg.2617.site.2, 188, 210, 398
1120974.3.peg.2617.site.3, 0, 212, 212
1120974.3.peg.2617.site.4, 0, 212, 212
1120974.3.peg.2617.site.5, 182, 207, 389
1120974.3.peg.2617.site.6, 150, 208, 358
1120974.3.peg.2617.site.7, 185, 210, 395
1120974.3.peg.2617.site.8, 177, 203, 380
1120974.3.peg.2617.site.9, 6, 214, 220
1120974.3.peg.2617.site.10, 183, 208, 391
1120974.3.peg.2617.site.11, 186, 211, 397
1120974.3.peg.2617.site.12, 186, 210, 396
1120974.3.peg.2617.site.13, 186, 212, 398
1120974.3.peg.2617.site.14, 154, 209, 363
1120974.3.peg.2614.site.1, 186, 213, 399
1120974.3.peg.2614.site.2, 188, 213, 401
1120974.3.peg.2614.site.3, 215, 216, 431
1120974.3.peg.2614.site.4, 2, 214, 216
1120974.3.peg.2614.site.5, 187, 211, 398
1120974.3.peg.2614.site.6, 187, 211, 398
1120974.3.peg.2614.site.7, 1, 161, 162
1120974.3.peg.2614.site.8, 32, 38, 70
1120974.3.peg.2614.site.9, 29, 34, 63
1120974.3.peg.2614.site.10, 88, 107, 195
1120974.3.peg.2615.site.1, 12, 216, 228
1120974.3.peg.2615.site.2, 12, 214, 226
1120974.3.peg.2615.site.3, 12, 214, 226
1120974.3.peg.2615.site.4, 0, 216, 216
1120974.3.peg.2615.site.5, 0, 216, 216
1120974.3.peg.2615.site.6, 20, 209, 229
1120974.3.peg.2615.site.7, 3, 215, 218
1120974.3.peg.2615.site.8, 206, 216, 422
1120974.3.peg.2106.site.1, 40, 214, 254
1120974.3.peg.2106.site.2, 0, 215, 215
1120974.3.peg.2106.site.3, 2, 213, 215
1120974.3.peg.2106.site.4, 56, 211, 267
1120974.3.peg.2106.site.5, 41, 210, 251
1120974.3.peg.2106.site.6, 41, 210, 251
1120974.3.peg.2106.site.7, 2, 213, 215
1120974.3.peg.2106.site.8, 216, 216, 432
1120974.3.peg.2106.site.9, 4, 216, 220
1120974.3.peg.2106.site.10, 4, 216, 220
1120974.3.peg.2106.site.11, 180, 213, 393
1120974.3.peg.2106.site.12, 4, 216, 220
1120974.3.peg.2106.site.13, 47, 82, 129
1120974.3.peg.2106.site.14, 54, 89, 143
1120974.3.peg.2106.site.15, 19, 83, 102
1120974.3.peg.2106.site.16, 98, 129, 227
1120974.3.peg.2106.site.17, 104, 135, 239
1120974.3.peg.2106.site.18, 2, 209, 211
1120974.3.peg.2106.site.19, 0, 207, 207
1120974.3.peg.2106.site.20, 2, 207, 209
1120974.3.peg.2106.site.21, 174, 205, 379
1120974.3.peg.2106.site.22, 2, 202, 204
1120974.3.peg.2106.site.23, 178, 209, 387
1120974.3.peg.2106.site.24, 178, 211, 389
1120974.3.peg.2106.site.25, 2, 214, 216
1120974.3.peg.2106.site.26, 181, 211, 392
1120974.3.peg.2106.site.27, 4, 215, 219
1120974.3.peg.2106.site.28, 1, 215, 216
1120974.3.peg.2106.site.29, 3, 212, 215
1120974.3.peg.2106.site.30, 196, 210, 406
1120974.3.peg.2106.site.31, 30, 205, 235
1120974.3.peg.2106.site.32, 162, 192, 354
1120974.3.peg.2106.site.33, 3, 216, 219
1120974.3.peg.2106.site.34, 175, 213, 388
1120974.3.peg.2106.site.35, 68, 107, 175
1120974.3.peg.2104.site.1, 0, 213, 213
1120974.3.peg.2104.site.2, 170, 209, 379
1120974.3.peg.2104.site.3, 1, 212, 213
1120974.3.peg.2104.site.4, 1, 214, 215
1120974.3.peg.2104.site.5, 1, 214, 215
1120974.3.peg.2104.site.6, 32, 214, 246
1120974.3.peg.2104.site.7, 0, 197, 197
1120974.3.peg.2104.site.8, 176, 213, 389
1120974.3.peg.2104.site.9, 0, 215, 215
1120974.3.peg.2104.site.10, 174, 209, 383
1120974.3.peg.2104.site.11, 161, 192, 353
1120974.3.peg.2104.site.12, 174, 212, 386
1120974.3.peg.2104.site.13, 0, 216, 216
1120974.3.peg.2104.site.14, 0, 214, 214
1120974.3.peg.2104.site.15, 35, 214, 249
1120974.3.peg.2104.site.16, 0, 214, 214
1120974.3.peg.2104.site.17, 4, 203, 207
1120974.3.peg.2104.site.18, 9, 214, 223
1120974.3.peg.2104.site.19, 120, 197, 317
1120974.3.peg.2104.site.20, 0, 209, 209
1120974.3.peg.2104.site.21, 0, 207, 207
1120974.3.peg.2104.site.22, 0, 201, 201
1120974.3.peg.2104.site.23, 0, 203, 203
1120974.3.peg.2104.site.24, 1, 202, 203
1120974.3.peg.2104.site.25, 140, 168, 308
1120974.3.peg.2104.site.26, 47, 195, 242
1120974.3.peg.2104.site.27, 44, 196, 240
1120974.3.peg.2104.site.28, 122, 200, 322
1120974.3.peg.2104.site.29, 27, 202, 229
1120974.3.peg.2104.site.30, 2, 205, 207
1120974.3.peg.2104.site.31, 42, 200, 242
1120974.3.peg.2104.site.32, 1, 211, 212
1120974.3.peg.2104.site.33, 4, 213, 217
1120974.3.peg.2104.site.34, 3, 208, 211
1120974.3.peg.2104.site.35, 0, 198, 198
1120974.3.peg.2104.site.36, 198, 198, 396
1120974.3.peg.2104.site.37, 3, 209, 212
1120974.3.peg.2104.site.38, 4, 212, 216
1120974.3.peg.2104.site.39, 62, 209, 271
1120974.3.peg.2104.site.40, 60, 214, 274
1120974.3.peg.2104.site.41, 178, 209, 387
1120974.3.peg.2104.site.42, 179, 211, 390
1120974.3.peg.2104.site.43, 182, 213, 395
1120974.3.peg.2105.site.1, 2, 214, 216
1120974.3.peg.2105.site.2, 1, 213, 214
1120974.3.peg.2105.site.3, 6, 198, 204
1120974.3.peg.2105.site.4, 137, 155, 292
1120974.3.peg.2105.site.5, 88, 112, 200
1120974.3.peg.2105.site.6, 33, 51, 84
1120974.3.peg.2105.site.7, 29, 46, 75
1120974.3.peg.2105.site.8, 8, 103, 111
1120974.3.peg.2105.site.9, 103, 126, 229
1120974.3.peg.2105.site.10, 0, 168, 168
1120974.3.peg.2105.site.11, 1, 193, 194
1120974.3.peg.2105.site.12, 174, 208, 382
1120974.3.peg.2105.site.13, 189, 215, 404
1120974.3.peg.2105.site.14, 0, 216, 216
1120974.3.peg.2105.site.15, 7, 215, 222
1120974.3.peg.2105.site.16, 0, 215, 215
1120974.3.peg.2105.site.17, 50, 212, 262
1120974.3.peg.2105.site.18, 49, 212, 261
1120974.3.peg.2105.site.19, 208, 208, 416
1120974.3.peg.2105.site.20, 25, 215, 240
1120974.3.peg.2105.site.21, 192, 214, 406
1120974.3.peg.2105.site.22, 191, 213, 404
1120974.3.peg.2105.site.23, 193, 215, 408
1120974.3.peg.2105.site.24, 192, 213, 405
1120974.3.peg.2105.site.25, 192, 214, 406
1120974.3.peg.2105.site.26, 192, 213, 405
1120974.3.peg.2105.site.27, 0, 199, 199
1120974.3.peg.2105.site.28, 2, 215, 217
1120974.3.peg.2105.site.29, 14, 216, 230
1120974.3.peg.2102.site.1, 193, 214, 407
1120974.3.peg.2102.site.2, 193, 214, 407
1120974.3.peg.2102.site.3, 4, 177, 181
1120974.3.peg.2102.site.4, 7, 29, 36
1120974.3.peg.2102.site.5, 34, 57, 91
1120974.3.peg.2102.site.6, 7, 168, 175
1120974.3.peg.2102.site.7, 176, 199, 375
1120974.3.peg.2102.site.8, 6, 198, 204
1120974.3.peg.2102.site.9, 195, 210, 405
1120974.3.peg.2102.site.10, 5, 216, 221
1120974.3.peg.2102.site.11, 193, 215, 408
1120974.3.peg.2102.site.12, 192, 213, 405
1120974.3.peg.2102.site.13, 193, 215, 408
1120974.3.peg.2102.site.14, 5, 216, 221
1120974.3.peg.2102.site.15, 0, 213, 213
1120974.3.peg.2102.site.16, 172, 213, 385
1120974.3.peg.2102.site.17, 20, 212, 232
1120974.3.peg.2102.site.18, 5, 215, 220
1120974.3.peg.2102.site.19, 4, 214, 218
1120974.3.peg.2102.site.20, 0, 213, 213
1120974.3.peg.2102.site.21, 0, 188, 188
1120974.3.peg.2103.site.1, 11, 214, 225
1120974.3.peg.2103.site.2, 166, 211, 377
1120974.3.peg.2103.site.3, 5, 216, 221
1120974.3.peg.2103.site.4, 0, 214, 214
1120974.3.peg.2103.site.5, 4, 214, 218
1120974.3.peg.2103.site.6, 172, 213, 385
1120974.3.peg.2100.site.1, 158, 211, 369
1120974.3.peg.2100.site.2, 43, 210, 253
1120974.3.peg.2100.site.3, 2, 216, 218
1120974.3.peg.2100.site.4, 3, 216, 219
1120974.3.peg.2100.site.5, 154, 208, 362
1120974.3.peg.2100.site.6, 10, 214, 224
1120974.3.peg.2100.site.7, 0, 215, 215
1120974.3.peg.2100.site.8, 0, 214, 214
1120974.3.peg.2100.site.9, 0, 216, 216
1120974.3.peg.2100.site.10, 10, 213, 223
1120974.3.peg.2100.site.11, 1, 216, 217
1120974.3.peg.2101.site.1, 50, 209, 259
1120974.3.peg.2101.site.2, 0, 213, 213
1120974.3.peg.2101.site.3, 206, 216, 422
1120974.3.peg.2101.site.4, 193, 214, 407
1120974.3.peg.2101.site.5, 0, 216, 216
1120974.3.peg.2101.site.6, 215, 215, 430
1120974.3.peg.2101.site.7, 186, 216, 402
1120974.3.peg.2101.site.8, 185, 214, 399
1120974.3.peg.2101.site.9, 193, 214, 407
1120974.3.peg.2101.site.10, 0, 215, 215
1120974.3.peg.2108.site.1, 2, 42, 44
1120974.3.peg.2108.site.2, 2, 214, 216
1120974.3.peg.2108.site.3, 161, 211, 372
1120974.3.peg.2108.site.4, 163, 214, 377
1120974.3.peg.2108.site.5, 162, 212, 374
1120974.3.peg.2108.site.6, 1, 216, 217
1120974.3.peg.2108.site.7, 111, 191, 302
1120974.3.peg.2108.site.8, 79, 160, 239
1120974.3.peg.2108.site.9, 11, 203, 214
1120974.3.peg.2108.site.10, 1, 187, 188
1120974.3.peg.2108.site.11, 8, 89, 97
1120974.3.peg.2108.site.12, 3, 84, 87
1120974.3.peg.2108.site.13, 156, 156, 312
1120974.3.peg.2108.site.14, 13, 207, 220
1120974.3.peg.2108.site.15, 152, 207, 359
1120974.3.peg.2108.site.16, 10, 206, 216
1120974.3.peg.2108.site.17, 107, 199, 306
1120974.3.peg.2108.site.18, 0, 167, 167
1120974.3.peg.2108.site.19, 67, 207, 274
1120974.3.peg.2108.site.20, 2, 213, 215
1120974.3.peg.2108.site.21, 122, 211, 333
1120974.3.peg.2108.site.22, 4, 215, 219
1120974.3.peg.2108.site.23, 0, 216, 216
1120974.3.peg.2108.site.24, 44, 209, 253
1120974.3.peg.2108.site.25, 43, 212, 255
1120974.3.peg.2109.site.1, 43, 201, 244
1120974.3.peg.2109.site.2, 76, 210, 286
1120974.3.peg.2109.site.3, 1, 216, 217
1120974.3.peg.2109.site.4, 107, 212, 319
1120974.3.peg.2109.site.5, 123, 211, 334
1120974.3.peg.2109.site.6, 0, 214, 214
1120974.3.peg.2109.site.7, 24, 215, 239
1120974.3.peg.2109.site.8, 23, 214, 237
1120974.3.peg.2109.site.9, 1, 216, 217
1120974.3.peg.2109.site.10, 0, 216, 216
1120974.3.peg.2109.site.11, 0, 215, 215
1120974.3.peg.2109.site.12, 1, 215, 216
1120974.3.peg.2109.site.13, 4, 215, 219
1120974.3.peg.2109.site.14, 24, 216, 240
1120974.3.peg.2109.site.15, 171, 211, 382
1120974.3.peg.2109.site.16, 3, 215, 218
1120974.3.peg.2109.site.17, 186, 214, 400
1120974.3.peg.2109.site.18, 20, 213, 233
1120974.3.peg.2109.site.19, 0, 215, 215
1120974.3.peg.2109.site.20, 24, 216, 240
1120974.3.peg.2109.site.21, 25, 214, 239
1120974.3.peg.2109.site.22, 1, 215, 216
1120974.3.peg.2109.site.23, 25, 214, 239
1120974.3.peg.2109.site.24, 26, 214, 240
1120974.3.peg.2109.site.25, 146, 203, 349
1120974.3.peg.2109.site.26, 0, 205, 205
1120974.3.peg.2109.site.27, 0, 216, 216
1120974.3.peg.2296.site.1, 21, 42, 63
1120974.3.peg.2296.site.2, 39, 60, 99
1120974.3.peg.2296.site.3, 45, 195, 240
1120974.3.peg.2296.site.4, 5, 210, 215
1120974.3.peg.2296.site.5, 5, 215, 220
1120974.3.peg.2296.site.6, 5, 214, 219
1120974.3.peg.2296.site.7, 133, 208, 341
1120974.3.peg.2296.site.8, 49, 203, 252
1120974.3.peg.2296.site.9, 1, 172, 173
1120974.3.peg.2296.site.10, 0, 179, 179
1120974.3.peg.2296.site.11, 18, 201, 219
1120974.3.peg.2296.site.12, 130, 209, 339
1120974.3.peg.2296.site.13, 184, 207, 391
1120974.3.peg.2296.site.14, 214, 215, 429
1120974.3.peg.2296.site.15, 185, 209, 394
1120974.3.peg.2296.site.16, 22, 90, 112
1120974.3.peg.2296.site.17, 177, 188, 365
1120974.3.peg.2296.site.18, 1, 187, 188
1120974.3.peg.2297.site.1, 3, 215, 218
1120974.3.peg.2297.site.2, 42, 214, 256
1120974.3.peg.2297.site.3, 38, 213, 251
1120974.3.peg.2297.site.4, 149, 215, 364
1120974.3.peg.2297.site.5, 145, 215, 360
1120974.3.peg.2297.site.6, 39, 214, 253
1120974.3.peg.2297.site.7, 3, 216, 219
1120974.3.peg.2297.site.8, 0, 215, 215
1120974.3.peg.2294.site.1, 155, 174, 329
1120974.3.peg.2294.site.2, 8, 178, 186
1120974.3.peg.2294.site.3, 15, 180, 195
1120974.3.peg.2294.site.4, 146, 146, 292
1120974.3.peg.2294.site.5, 136, 138, 274
1120974.3.peg.2294.site.6, 2, 117, 119
1120974.3.peg.2294.site.7, 3, 104, 107
1120974.3.peg.2294.site.8, 81, 88, 169
1120974.3.peg.2294.site.9, 135, 135, 270
1120974.3.peg.2294.site.10, 213, 213, 426
1120974.3.peg.2294.site.11, 205, 205, 410
1120974.3.peg.2294.site.12, 108, 210, 318
1120974.3.peg.2294.site.13, 100, 208, 308
1120974.3.peg.2294.site.14, 6, 215, 221
1120974.3.peg.2294.site.15, 116, 207, 323
1120974.3.peg.2294.site.16, 1, 214, 215
1120974.3.peg.2294.site.17, 92, 210, 302
1120974.3.peg.2294.site.18, 0, 215, 215
1120974.3.peg.2294.site.19, 0, 214, 214
1120974.3.peg.2294.site.20, 0, 215, 215
1120974.3.peg.2294.site.21, 35, 214, 249
1120974.3.peg.2294.site.22, 192, 213, 405
1120974.3.peg.2294.site.23, 83, 208, 291
1120974.3.peg.2294.site.24, 3, 210, 213
1120974.3.peg.2294.site.25, 179, 180, 359
1120974.3.peg.2295.site.1, 13, 215, 228
1120974.3.peg.2295.site.2, 20, 212, 232
1120974.3.peg.2295.site.3, 1, 216, 217
1120974.3.peg.2295.site.4, 216, 216, 432
1120974.3.peg.2295.site.5, 62, 173, 235
1120974.3.peg.2295.site.6, 54, 165, 219
1120974.3.peg.2295.site.7, 51, 157, 208
1120974.3.peg.2295.site.8, 165, 165, 330
1120974.3.peg.2295.site.9, 0, 176, 176
1120974.3.peg.2295.site.10, 4, 178, 182
1120974.3.peg.2295.site.11, 182, 182, 364
1120974.3.peg.2295.site.12, 103, 158, 261
1120974.3.peg.2295.site.13, 0, 152, 152
1120974.3.peg.2295.site.14, 48, 163, 211
1120974.3.peg.2295.site.15, 0, 184, 184
1120974.3.peg.2295.site.16, 176, 187, 363
1120974.3.peg.2295.site.17, 1, 200, 201
1120974.3.peg.2295.site.18, 0, 197, 197
1120974.3.peg.2295.site.19, 54, 195, 249
1120974.3.peg.2295.site.20, 48, 189, 237
1120974.3.peg.2295.site.21, 4, 166, 170
1120974.3.peg.2295.site.22, 127, 139, 266
1120974.3.peg.2295.site.23, 1, 61, 62
1120974.3.peg.2295.site.24, 11, 34, 45
1120974.3.peg.2295.site.25, 2, 24, 26
1120974.3.peg.2295.site.26, 4, 26, 30
1120974.3.peg.2295.site.27, 9, 33, 42
1120974.3.peg.2295.site.28, 32, 55, 87
1120974.3.peg.2295.site.29, 17, 145, 162
1120974.3.peg.2295.site.30, 19, 147, 166
1120974.3.peg.2295.site.31, 16, 175, 191
1120974.3.peg.2295.site.32, 1, 172, 173
1120974.3.peg.2295.site.33, 1, 166, 167
1120974.3.peg.2295.site.34, 40, 207, 247
1120974.3.peg.2295.site.35, 4, 216, 220
1120974.3.peg.2295.site.36, 172, 193, 365
1120974.3.peg.2295.site.37, 44, 64, 108
1120974.3.peg.2295.site.38, 2, 19, 21
1120974.3.peg.2292.site.1, 1, 214, 215
1120974.3.peg.2292.site.2, 18, 213, 231
1120974.3.peg.2292.site.3, 0, 212, 212
1120974.3.peg.2292.site.4, 10, 214, 224
1120974.3.peg.2292.site.5, 89, 201, 290
1120974.3.peg.2292.site.6, 164, 197, 361
1120974.3.peg.2292.site.7, 80, 115, 195
1120974.3.peg.2292.site.8, 2, 117, 119
1120974.3.peg.2292.site.9, 0, 147, 147
1120974.3.peg.2292.site.10, 12, 27, 39
1120974.3.peg.2292.site.11, 15, 16, 31
1120974.3.peg.2292.site.12, 3, 5, 8
1120974.3.peg.2292.site.13, 9, 11, 20
1120974.3.peg.2292.site.14, 21, 35, 56
1120974.3.peg.2292.site.15, 36, 89, 125
1120974.3.peg.2292.site.16, 4, 173, 177
1120974.3.peg.2292.site.17, 83, 203, 286
1120974.3.peg.2292.site.18, 85, 208, 293
1120974.3.peg.2292.site.19, 93, 207, 300
1120974.3.peg.2292.site.20, 0, 215, 215
1120974.3.peg.2292.site.21, 4, 215, 219
1120974.3.peg.2292.site.22, 4, 215, 219
1120974.3.peg.2292.site.23, 4, 216, 220
1120974.3.peg.2292.site.24, 3, 213, 216
1120974.3.peg.2292.site.25, 3, 210, 213
1120974.3.peg.2292.site.26, 0, 212, 212
1120974.3.peg.2292.site.27, 0, 212, 212
1120974.3.peg.2292.site.28, 3, 214, 217
1120974.3.peg.2292.site.29, 1, 215, 216
1120974.3.peg.2292.site.30, 188, 213, 401
1120974.3.peg.2292.site.31, 4, 215, 219
1120974.3.peg.2292.site.32, 4, 215, 219
1120974.3.peg.2292.site.33, 193, 214, 407
1120974.3.peg.2292.site.34, 0, 216, 216
1120974.3.peg.2292.site.35, 13, 214, 227
1120974.3.peg.2292.site.36, 19, 214, 233
1120974.3.peg.2292.site.37, 6, 214, 220
1120974.3.peg.2292.site.38, 1, 203, 204
1120974.3.peg.2292.site.39, 14, 204, 218
1120974.3.peg.2292.site.40, 0, 200, 200
1120974.3.peg.2292.site.41, 4, 205, 209
1120974.3.peg.2292.site.42, 16, 199, 215
1120974.3.peg.2292.site.43, 162, 208, 370
1120974.3.peg.2292.site.44, 15, 209, 224
1120974.3.peg.2292.site.45, 7, 163, 170
1120974.3.peg.2292.site.46, 1, 181, 182
1120974.3.peg.2292.site.47, 107, 152, 259
1120974.3.peg.2292.site.48, 0, 136, 136
1120974.3.peg.2292.site.49, 4, 133, 137
1120974.3.peg.2293.site.1, 151, 214, 365
1120974.3.peg.2293.site.2, 140, 213, 353
1120974.3.peg.2293.site.3, 1, 215, 216
1120974.3.peg.2293.site.4, 140, 212, 352
1120974.3.peg.2293.site.5, 0, 216, 216
1120974.3.peg.2293.site.6, 198, 213, 411
1120974.3.peg.2293.site.7, 0, 215, 215
1120974.3.peg.2293.site.8, 1, 216, 217
1120974.3.peg.2293.site.9, 1, 215, 216
1120974.3.peg.2293.site.10, 11, 215, 226
1120974.3.peg.2293.site.11, 1, 215, 216
1120974.3.peg.2293.site.12, 9, 216, 225
1120974.3.peg.2293.site.13, 147, 207, 354
1120974.3.peg.2293.site.14, 1, 214, 215
1120974.3.peg.2293.site.15, 0, 211, 211
1120974.3.peg.2293.site.16, 0, 213, 213
1120974.3.peg.2293.site.17, 0, 212, 212
1120974.3.peg.2293.site.18, 1, 215, 216
1120974.3.peg.2293.site.19, 194, 214, 408
1120974.3.peg.2293.site.20, 5, 203, 208
1120974.3.peg.2290.site.1, 0, 216, 216
1120974.3.peg.2290.site.2, 4, 216, 220
1120974.3.peg.2290.site.3, 6, 216, 222
1120974.3.peg.2290.site.4, 24, 214, 238
1120974.3.peg.2290.site.5, 24, 212, 236
1120974.3.peg.2290.site.6, 23, 210, 233
1120974.3.peg.2290.site.7, 1, 210, 211
1120974.3.peg.2290.site.8, 0, 207, 207
1120974.3.peg.2290.site.9, 0, 205, 205
1120974.3.peg.2290.site.10, 0, 162, 162
1120974.3.peg.2290.site.11, 0, 185, 185
1120974.3.peg.2290.site.12, 14, 193, 207
1120974.3.peg.2290.site.13, 4, 214, 218
1120974.3.peg.2290.site.14, 27, 212, 239
1120974.3.peg.2290.site.15, 28, 212, 240
1120974.3.peg.2290.site.16, 4, 214, 218
1120974.3.peg.2290.site.17, 17, 213, 230
1120974.3.peg.2290.site.18, 35, 211, 246
1120974.3.peg.2290.site.19, 0, 215, 215
1120974.3.peg.2290.site.20, 4, 216, 220
1120974.3.peg.2290.site.21, 4, 215, 219
1120974.3.peg.2290.site.22, 32, 213, 245
1120974.3.peg.2290.site.23, 4, 215, 219
1120974.3.peg.2290.site.24, 4, 214, 218
1120974.3.peg.2290.site.25, 51, 213, 264
1120974.3.peg.2290.site.26, 1, 216, 217
1120974.3.peg.2290.site.27, 1, 215, 216
1120974.3.peg.2290.site.28, 51, 211, 262
1120974.3.peg.2290.site.29, 0, 207, 207
1120974.3.peg.2290.site.30, 49, 209, 258
1120974.3.peg.2290.site.31, 3, 216, 219
1120974.3.peg.2290.site.32, 2, 184, 186
1120974.3.peg.2290.site.33, 1, 183, 184
1120974.3.peg.2290.site.34, 3, 172, 175
1120974.3.peg.2290.site.35, 0, 213, 213
1120974.3.peg.2290.site.36, 41, 213, 254
1120974.3.peg.2290.site.37, 110, 183, 293
1120974.3.peg.2290.site.38, 3, 186, 189
1120974.3.peg.2290.site.39, 5, 187, 192
1120974.3.peg.2290.site.40, 1, 216, 217
1120974.3.peg.2290.site.41, 106, 210, 316
1120974.3.peg.2290.site.42, 0, 215, 215
1120974.3.peg.2290.site.43, 5, 214, 219
1120974.3.peg.2290.site.44, 69, 196, 265
1120974.3.peg.2290.site.45, 9, 76, 85
1120974.3.peg.2290.site.46, 32, 59, 91
1120974.3.peg.2290.site.47, 29, 56, 85
1120974.3.peg.2290.site.48, 32, 59, 91
1120974.3.peg.2290.site.49, 24, 62, 86
1120974.3.peg.2290.site.50, 52, 152, 204
1120974.3.peg.2290.site.51, 1, 180, 181
1120974.3.peg.2290.site.52, 1, 186, 187
1120974.3.peg.2290.site.53, 1, 194, 195
1120974.3.peg.2290.site.54, 1, 200, 201
1120974.3.peg.2290.site.55, 3, 173, 176
1120974.3.peg.2290.site.56, 0, 176, 176
1120974.3.peg.2290.site.57, 1, 186, 187
1120974.3.peg.2290.site.58, 208, 211, 419
1120974.3.peg.2290.site.59, 77, 213, 290
1120974.3.peg.2290.site.60, 0, 212, 212
1120974.3.peg.2290.site.61, 7, 214, 221
1120974.3.peg.2927.site.1, 0, 215, 215
1120974.3.peg.2927.site.2, 177, 212, 389
1120974.3.peg.2927.site.3, 177, 212, 389
1120974.3.peg.2928.site.1, 8, 209, 217
1120974.3.peg.2928.site.2, 181, 214, 395
1120974.3.peg.2928.site.3, 6, 214, 220
1120974.3.peg.2928.site.4, 197, 214, 411
1120974.3.peg.2928.site.5, 181, 213, 394
1120974.3.peg.2928.site.6, 180, 213, 393
1120974.3.peg.2928.site.7, 10, 216, 226
1120974.3.peg.2928.site.8, 197, 213, 410
1120974.3.peg.2928.site.9, 180, 211, 391
1120974.3.peg.2928.site.10, 11, 206, 217
1120974.3.peg.2929.site.1, 5, 215, 220
1120974.3.peg.2929.site.2, 16, 215, 231
1120974.3.peg.2929.site.3, 0, 216, 216
1120974.3.peg.2298.site.1, 142, 216, 358
1120974.3.peg.2298.site.2, 176, 196, 372
1120974.3.peg.2298.site.3, 173, 189, 362
1120974.3.peg.2298.site.4, 93, 186, 279
1120974.3.peg.2298.site.5, 66, 148, 214
1120974.3.peg.2298.site.6, 77, 159, 236
1120974.3.peg.2298.site.7, 2, 123, 125
1120974.3.peg.2298.site.8, 35, 111, 146
1120974.3.peg.2298.site.9, 75, 152, 227
1120974.3.peg.2298.site.10, 0, 214, 214
1120974.3.peg.2298.site.11, 1, 215, 216
1120974.3.peg.2298.site.12, 196, 209, 405
1120974.3.peg.2298.site.13, 5, 210, 215
1120974.3.peg.2298.site.14, 7, 205, 212
1120974.3.peg.2298.site.15, 4, 207, 211
1120974.3.peg.2298.site.16, 1, 211, 212
1120974.3.peg.2298.site.17, 4, 210, 214
1120974.3.peg.2298.site.18, 130, 211, 341
1120974.3.peg.2298.site.19, 4, 191, 195
1120974.3.peg.2298.site.20, 60, 138, 198
1120974.3.peg.2298.site.21, 46, 129, 175
1120974.3.peg.2298.site.22, 30, 111, 141
1120974.3.peg.2298.site.23, 78, 165, 243
1120974.3.peg.2298.site.24, 73, 153, 226
1120974.3.peg.2299.site.1, 61, 210, 271
1120974.3.peg.2299.site.2, 61, 210, 271
1120974.3.peg.2299.site.3, 62, 211, 273
1120974.3.peg.2299.site.4, 3, 215, 218
1120974.3.peg.2299.site.5, 64, 214, 278
1120974.3.peg.2299.site.6, 3, 216, 219
1120974.3.peg.2299.site.7, 75, 213, 288
1120974.3.peg.2299.site.8, 155, 212, 367
1120974.3.peg.2299.site.9, 25, 205, 230
1120974.3.peg.2299.site.10, 35, 206, 241
1120974.3.peg.2299.site.11, 172, 206, 378
1120974.3.peg.2299.site.12, 35, 132, 167
1120974.3.peg.2299.site.13, 34, 138, 172
1120974.3.peg.2299.site.14, 40, 137, 177
1120974.3.peg.2299.site.15, 6, 153, 159
1120974.3.peg.2299.site.16, 1, 181, 182
1120974.3.peg.2299.site.17, 92, 178, 270
1120974.3.peg.2299.site.18, 2, 192, 194
1120974.3.peg.2299.site.19, 4, 206, 210
1120974.3.peg.2299.site.20, 154, 206, 360
1120974.3.peg.2299.site.21, 154, 205, 359
1120974.3.peg.2299.site.22, 0, 215, 215
1120974.3.peg.2299.site.23, 68, 210, 278
1120974.3.peg.2299.site.24, 38, 211, 249
1120974.3.peg.2299.site.25, 38, 209, 247
1120974.3.peg.2299.site.26, 42, 213, 255
1120974.3.peg.2299.site.27, 37, 215, 252
1120974.3.peg.2299.site.28, 80, 206, 286
1120974.3.peg.2299.site.29, 33, 197, 230
1120974.3.peg.2299.site.30, 35, 164, 199
1120974.3.peg.2299.site.31, 3, 145, 148
1120974.3.peg.2299.site.32, 10, 138, 148
1120974.3.peg.2299.site.33, 6, 136, 142
1120974.3.peg.2299.site.34, 7, 144, 151
1120974.3.peg.2299.site.35, 57, 186, 243
1120974.3.peg.2299.site.36, 1, 216, 217
1120974.3.peg.2299.site.37, 133, 212, 345
1120974.3.peg.2299.site.38, 64, 214, 278
1120974.3.peg.2299.site.39, 64, 213, 277
1120974.3.peg.2299.site.40, 138, 215, 353
1120974.3.peg.2299.site.41, 40, 213, 253
1120974.3.peg.2299.site.42, 0, 216, 216
1120974.3.peg.2299.site.43, 89, 211, 300
1120974.3.peg.2299.site.44, 0, 215, 215
1120974.3.peg.2299.site.45, 18, 215, 233
1120974.3.peg.2299.site.46, 99, 212, 311
1120974.3.peg.2299.site.47, 99, 214, 313
1120974.3.peg.2299.site.48, 4, 215, 219
1120974.3.peg.3173.site.1, 0, 214, 214
1120974.3.peg.3173.site.2, 6, 215, 221
1120974.3.peg.3173.site.3, 4, 215, 219
1120974.3.peg.3173.site.4, 0, 215, 215
1120974.3.peg.3173.site.5, 5, 216, 221
1120974.3.peg.3173.site.6, 55, 214, 269
1120974.3.peg.3173.site.7, 0, 216, 216
1120974.3.peg.3173.site.8, 5, 213, 218
1120974.3.peg.3173.site.9, 175, 212, 387
1120974.3.peg.3173.site.10, 172, 211, 383
1120974.3.peg.3173.site.11, 176, 215, 391
1120974.3.peg.3173.site.12, 180, 215, 395
1120974.3.peg.3173.site.13, 5, 216, 221
1120974.3.peg.3173.site.14, 2, 215, 217
1120974.3.peg.3173.site.15, 8, 216, 224
1120974.3.peg.3173.site.16, 118, 210, 328
1120974.3.peg.3173.site.17, 5, 216, 221
1120974.3.peg.3173.site.18, 107, 193, 300
1120974.3.peg.3173.site.19, 20, 215, 235
1120974.3.peg.3173.site.20, 25, 214, 239
1120974.3.peg.3173.site.21, 13, 213, 226
1120974.3.peg.3173.site.22, 25, 215, 240
1120974.3.peg.3173.site.23, 25, 215, 240
1120974.3.peg.3173.site.24, 5, 216, 221
1120974.3.peg.3173.site.25, 12, 216, 228
1120974.3.peg.3173.site.26, 142, 214, 356
1120974.3.peg.3173.site.27, 2, 215, 217
1120974.3.peg.3173.site.28, 25, 214, 239
1120974.3.peg.3173.site.29, 0, 214, 214
1120974.3.peg.3173.site.30, 191, 214, 405
1120974.3.peg.3173.site.31, 1, 195, 196
1120974.3.peg.3173.site.32, 5, 189, 194
1120974.3.peg.3173.site.33, 0, 158, 158
1120974.3.peg.3173.site.34, 0, 149, 149
1120974.3.peg.3173.site.35, 0, 147, 147
1120974.3.peg.3173.site.36, 1, 216, 217
1120974.3.peg.3173.site.37, 1, 214, 215
1120974.3.peg.3173.site.38, 10, 212, 222
1120974.3.peg.3173.site.39, 11, 212, 223
1120974.3.peg.3173.site.40, 136, 208, 344
1120974.3.peg.3173.site.41, 6, 212, 218
1120974.3.peg.3173.site.42, 1, 211, 212
1120974.3.peg.3173.site.43, 16, 207, 223
1120974.3.peg.3173.site.44, 0, 192, 192
1120974.3.peg.3173.site.45, 6, 208, 214
1120974.3.peg.3173.site.46, 10, 214, 224
1120974.3.peg.3173.site.47, 17, 216, 233
1120974.3.peg.3173.site.48, 17, 215, 232
1120974.3.peg.3173.site.49, 17, 209, 226
1120974.3.peg.3173.site.50, 16, 208, 224
1120974.3.peg.3173.site.51, 211, 211, 422
1120974.3.peg.3173.site.52, 17, 211, 228
1120974.3.peg.3173.site.53, 34, 214, 248
1120974.3.peg.3173.site.54, 191, 211, 402
1120974.3.peg.3173.site.55, 5, 200, 205
1120974.3.peg.3173.site.56, 0, 195, 195
1120974.3.peg.3173.site.57, 2, 202, 204
1120974.3.peg.3173.site.58, 205, 210, 415
1120974.3.peg.3173.site.59, 0, 207, 207
1120974.3.peg.3173.site.60, 2, 172, 174
1120974.3.peg.3173.site.61, 0, 198, 198
1120974.3.peg.3173.site.62, 49, 207, 256
1120974.3.peg.3173.site.63, 138, 183, 321
1120974.3.peg.3173.site.64, 22, 184, 206
1120974.3.peg.3173.site.65, 32, 198, 230
1120974.3.peg.3173.site.66, 9, 214, 223
1120974.3.peg.3173.site.67, 7, 213, 220
1120974.3.peg.3173.site.68, 1, 183, 184
1120974.3.peg.3173.site.69, 12, 177, 189
1120974.3.peg.3173.site.70, 0, 182, 182
1120974.3.peg.3173.site.71, 2, 214, 216
1120974.3.peg.3173.site.72, 0, 214, 214
1120974.3.peg.3173.site.73, 138, 212, 350
1120974.3.peg.3173.site.74, 11, 209, 220
1120974.3.peg.3173.site.75, 42, 206, 248
1120974.3.peg.3173.site.76, 41, 205, 246
1120974.3.peg.3173.site.77, 42, 206, 248
1120974.3.peg.3173.site.78, 2, 207, 209
1120974.3.peg.2728.site.1, 5, 215, 220
1120974.3.peg.2728.site.2, 3, 209, 212
1120974.3.peg.2728.site.3, 4, 206, 210
1120974.3.peg.2728.site.4, 4, 210, 214
1120974.3.peg.2728.site.5, 24, 213, 237
1120974.3.peg.2728.site.6, 17, 214, 231
1120974.3.peg.2728.site.7, 4, 215, 219
1120974.3.peg.2728.site.8, 116, 210, 326
1120974.3.peg.2728.site.9, 119, 209, 328
1120974.3.peg.2728.site.10, 119, 210, 329
1120974.3.peg.2728.site.11, 141, 209, 350
1120974.3.peg.2728.site.12, 212, 215, 427
1120974.3.peg.2728.site.13, 193, 212, 405
1120974.3.peg.2728.site.14, 0, 214, 214
1120974.3.peg.2729.site.1, 5, 216, 221
1120974.3.peg.2729.site.2, 0, 215, 215
1120974.3.peg.2729.site.3, 12, 215, 227
1120974.3.peg.2729.site.4, 118, 212, 330
1120974.3.peg.2729.site.5, 16, 214, 230
1120974.3.peg.2729.site.6, 119, 211, 330
1120974.3.peg.2729.site.7, 0, 216, 216
1120974.3.peg.2729.site.8, 179, 211, 390
1120974.3.peg.2729.site.9, 185, 212, 397
1120974.3.peg.2729.site.10, 179, 213, 392
1120974.3.peg.2729.site.11, 21, 214, 235
1120974.3.peg.2729.site.12, 0, 216, 216
1120974.3.peg.2729.site.13, 206, 211, 417
1120974.3.peg.2729.site.14, 62, 212, 274
1120974.3.peg.2729.site.15, 0, 215, 215
1120974.3.peg.2729.site.16, 59, 211, 270
1120974.3.peg.2729.site.17, 182, 212, 394
1120974.3.peg.2729.site.18, 3, 213, 216
1120974.3.peg.2729.site.19, 3, 213, 216
1120974.3.peg.2729.site.20, 62, 209, 271
1120974.3.peg.2729.site.21, 3, 213, 216
1120974.3.peg.2729.site.22, 0, 215, 215
1120974.3.peg.2729.site.23, 54, 213, 267
1120974.3.peg.2729.site.24, 0, 214, 214
1120974.3.peg.2729.site.25, 0, 214, 214
1120974.3.peg.2729.site.26, 0, 213, 213
1120974.3.peg.2729.site.27, 1, 215, 216
1120974.3.peg.2729.site.28, 4, 215, 219
1120974.3.peg.2729.site.29, 2, 216, 218
1120974.3.peg.2729.site.30, 51, 208, 259
1120974.3.peg.2729.site.31, 207, 210, 417
1120974.3.peg.2729.site.32, 141, 207, 348
1120974.3.peg.2729.site.33, 2, 214, 216
1120974.3.peg.2729.site.34, 50, 212, 262
1120974.3.peg.2729.site.35, 123, 197, 320
1120974.3.peg.2729.site.36, 91, 166, 257
1120974.3.peg.2729.site.37, 130, 205, 335
1120974.3.peg.2729.site.38, 203, 213, 416
1120974.3.peg.2729.site.39, 1, 213, 214
1120974.3.peg.2729.site.40, 128, 202, 330
1120974.3.peg.2729.site.41, 127, 201, 328
1120974.3.peg.2729.site.42, 127, 202, 329
1120974.3.peg.2729.site.43, 4, 216, 220
1120974.3.peg.2729.site.44, 1, 216, 217
1120974.3.peg.2729.site.45, 132, 208, 340
1120974.3.peg.2729.site.46, 52, 209, 261
1120974.3.peg.2729.site.47, 192, 208, 400
1120974.3.peg.2729.site.48, 142, 213, 355
1120974.3.peg.2729.site.49, 199, 212, 411
1120974.3.peg.2729.site.50, 48, 212, 260
1120974.3.peg.2729.site.51, 0, 214, 214
1120974.3.peg.2729.site.52, 12, 215, 227
1120974.3.peg.2729.site.53, 141, 210, 351
1120974.3.peg.2729.site.54, 7, 215, 222
1120974.3.peg.2729.site.55, 137, 209, 346
1120974.3.peg.2729.site.56, 135, 210, 345
1120974.3.peg.2729.site.57, 142, 211, 353
1120974.3.peg.2729.site.58, 6, 216, 222
1120974.3.peg.2729.site.59, 2, 215, 217
1120974.3.peg.2729.site.60, 15, 216, 231
1120974.3.peg.2729.site.61, 2, 216, 218
1120974.3.peg.2729.site.62, 8, 216, 224
1120974.3.peg.2729.site.63, 0, 215, 215
1120974.3.peg.2729.site.64, 184, 212, 396
1120974.3.peg.2729.site.65, 0, 215, 215
1120974.3.peg.2729.site.66, 7, 215, 222
1120974.3.peg.2729.site.67, 141, 212, 353
1120974.3.peg.2729.site.68, 140, 210, 350
1120974.3.peg.2729.site.69, 0, 215, 215
1120974.3.peg.2729.site.70, 136, 209, 345
1120974.3.peg.2729.site.71, 9, 216, 225
1120974.3.peg.2729.site.72, 4, 215, 219
1120974.3.peg.2729.site.73, 2, 215, 217
1120974.3.peg.2729.site.74, 2, 216, 218
1120974.3.peg.2729.site.75, 4, 216, 220
1120974.3.peg.2729.site.76, 142, 212, 354
1120974.3.peg.2726.site.1, 195, 212, 407
1120974.3.peg.2726.site.2, 195, 212, 407
1120974.3.peg.2726.site.3, 1, 214, 215
1120974.3.peg.2726.site.4, 156, 173, 329
1120974.3.peg.2726.site.5, 1, 178, 179
1120974.3.peg.2726.site.6, 150, 168, 318
1120974.3.peg.2726.site.7, 146, 171, 317
1120974.3.peg.2726.site.8, 157, 175, 332
1120974.3.peg.2726.site.9, 171, 189, 360
1120974.3.peg.2726.site.10, 173, 198, 371
1120974.3.peg.2726.site.11, 1, 215, 216
1120974.3.peg.2726.site.12, 2, 215, 217
1120974.3.peg.2726.site.13, 196, 213, 409
1120974.3.peg.2726.site.14, 1, 214, 215
1120974.3.peg.2726.site.15, 195, 213, 408
1120974.3.peg.2726.site.16, 200, 213, 413
1120974.3.peg.2726.site.17, 2, 215, 217
1120974.3.peg.2726.site.18, 4, 214, 218
1120974.3.peg.2726.site.19, 208, 213, 421
1120974.3.peg.2726.site.20, 3, 213, 216
1120974.3.peg.2726.site.21, 8, 214, 222
1120974.3.peg.2726.site.22, 8, 215, 223
1120974.3.peg.2726.site.23, 198, 215, 413
1120974.3.peg.2726.site.24, 1, 216, 217
1120974.3.peg.2726.site.25, 197, 215, 412
1120974.3.peg.2726.site.26, 50, 214, 264
1120974.3.peg.2726.site.27, 1, 215, 216
1120974.3.peg.2726.site.28, 1, 210, 211
1120974.3.peg.2726.site.29, 4, 212, 216
1120974.3.peg.2726.site.30, 2, 209, 211
1120974.3.peg.2726.site.31, 0, 205, 205
1120974.3.peg.2726.site.32, 4, 195, 199
1120974.3.peg.2726.site.33, 2, 199, 201
1120974.3.peg.2726.site.34, 198, 198, 396
1120974.3.peg.2726.site.35, 1, 211, 212
1120974.3.peg.2726.site.36, 2, 215, 217
1120974.3.peg.2726.site.37, 0, 186, 186
1120974.3.peg.2726.site.38, 62, 137, 199
1120974.3.peg.2726.site.39, 103, 104, 207
1120974.3.peg.2726.site.40, 105, 106, 211
1120974.3.peg.2726.site.41, 26, 98, 124
1120974.3.peg.2726.site.42, 44, 115, 159
1120974.3.peg.2726.site.43, 63, 127, 190
1120974.3.peg.2726.site.44, 0, 211, 211
1120974.3.peg.2726.site.45, 62, 207, 269
1120974.3.peg.2726.site.46, 207, 209, 416
1120974.3.peg.2726.site.47, 203, 209, 412
1120974.3.peg.2726.site.48, 2, 212, 214
1120974.3.peg.2726.site.49, 128, 205, 333
1120974.3.peg.2726.site.50, 128, 207, 335
1120974.3.peg.2726.site.51, 1, 215, 216
1120974.3.peg.2726.site.52, 4, 216, 220
1120974.3.peg.2726.site.53, 5, 215, 220
1120974.3.peg.2726.site.54, 1, 213, 214
1120974.3.peg.2726.site.55, 73, 211, 284
1120974.3.peg.2726.site.56, 0, 214, 214
1120974.3.peg.2726.site.57, 1, 215, 216
1120974.3.peg.2726.site.58, 57, 208, 265
1120974.3.peg.2726.site.59, 133, 210, 343
1120974.3.peg.2726.site.60, 55, 211, 266
1120974.3.peg.2726.site.61, 141, 207, 348
1120974.3.peg.2726.site.62, 1, 214, 215
1120974.3.peg.2726.site.63, 1, 215, 216
1120974.3.peg.2726.site.64, 209, 214, 423
1120974.3.peg.2726.site.65, 142, 212, 354
1120974.3.peg.2726.site.66, 3, 213, 216
1120974.3.peg.2726.site.67, 50, 214, 264
1120974.3.peg.2726.site.68, 143, 212, 355
1120974.3.peg.2726.site.69, 135, 213, 348
1120974.3.peg.2726.site.70, 7, 212, 219
1120974.3.peg.2726.site.71, 6, 205, 211
1120974.3.peg.2726.site.72, 3, 215, 218
1120974.3.peg.2726.site.73, 194, 211, 405
1120974.3.peg.2726.site.74, 49, 214, 263
1120974.3.peg.2726.site.75, 49, 214, 263
1120974.3.peg.2726.site.76, 49, 215, 264
1120974.3.peg.2726.site.77, 46, 205, 251
1120974.3.peg.2726.site.78, 73, 179, 252
1120974.3.peg.2726.site.79, 3, 204, 207
1120974.3.peg.2726.site.80, 51, 208, 259
1120974.3.peg.2726.site.81, 213, 215, 428
1120974.3.peg.2726.site.82, 206, 214, 420
1120974.3.peg.2727.site.1, 0, 197, 197
1120974.3.peg.2727.site.2, 51, 201, 252
1120974.3.peg.2727.site.3, 1, 202, 203
1120974.3.peg.2727.site.4, 42, 172, 214
1120974.3.peg.2727.site.5, 59, 178, 237
1120974.3.peg.2727.site.6, 43, 176, 219
1120974.3.peg.2727.site.7, 0, 179, 179
1120974.3.peg.2727.site.8, 38, 166, 204
1120974.3.peg.2727.site.9, 77, 207, 284
1120974.3.peg.2727.site.10, 0, 215, 215
1120974.3.peg.2727.site.11, 4, 215, 219
1120974.3.peg.2727.site.12, 3, 213, 216
1120974.3.peg.2727.site.13, 68, 209, 277
1120974.3.peg.2727.site.14, 209, 215, 424
1120974.3.peg.2727.site.15, 2, 216, 218
1120974.3.peg.2727.site.16, 73, 212, 285
1120974.3.peg.2727.site.17, 71, 210, 281
1120974.3.peg.2727.site.18, 78, 212, 290
1120974.3.peg.2724.site.1, 198, 216, 414
1120974.3.peg.2724.site.2, 163, 216, 379
1120974.3.peg.2724.site.3, 12, 215, 227
1120974.3.peg.2724.site.4, 209, 214, 423
1120974.3.peg.2724.site.5, 3, 209, 212
1120974.3.peg.2724.site.6, 18, 180, 198
1120974.3.peg.2724.site.7, 207, 207, 414
1120974.3.peg.2724.site.8, 15, 204, 219
1120974.3.peg.2724.site.9, 190, 206, 396
1120974.3.peg.2724.site.10, 32, 212, 244
1120974.3.peg.2724.site.11, 215, 215, 430
1120974.3.peg.2724.site.12, 1, 211, 212
1120974.3.peg.2724.site.13, 2, 210, 212
1120974.3.peg.2724.site.14, 2, 216, 218
1120974.3.peg.2724.site.15, 191, 208, 399
1120974.3.peg.2724.site.16, 207, 211, 418
1120974.3.peg.2724.site.17, 2, 209, 211
1120974.3.peg.2724.site.18, 0, 211, 211
1120974.3.peg.2724.site.19, 164, 209, 373
1120974.3.peg.2724.site.20, 214, 214, 428
1120974.3.peg.2724.site.21, 2, 216, 218
1120974.3.peg.2724.site.22, 2, 214, 216
1120974.3.peg.2724.site.23, 146, 209, 355
1120974.3.peg.2725.site.1, 4, 215, 219
1120974.3.peg.2725.site.2, 187, 212, 399
1120974.3.peg.2725.site.3, 9, 215, 224
1120974.3.peg.2725.site.4, 2, 216, 218
1120974.3.peg.2725.site.5, 1, 216, 217
1120974.3.peg.2725.site.6, 187, 212, 399
1120974.3.peg.2725.site.7, 0, 215, 215
1120974.3.peg.2725.site.8, 0, 216, 216
1120974.3.peg.2725.site.9, 8, 213, 221
1120974.3.peg.2725.site.10, 210, 214, 424
1120974.3.peg.2725.site.11, 213, 215, 428
1120974.3.peg.2722.site.1, 5, 215, 220
1120974.3.peg.2722.site.2, 41, 215, 256
1120974.3.peg.2722.site.3, 113, 212, 325
1120974.3.peg.2722.site.4, 2, 216, 218
1120974.3.peg.2722.site.5, 198, 215, 413
1120974.3.peg.2722.site.6, 198, 216, 414
1120974.3.peg.2722.site.7, 121, 213, 334
1120974.3.peg.2722.site.8, 0, 213, 213
1120974.3.peg.2722.site.9, 1, 213, 214
1120974.3.peg.2722.site.10, 9, 211, 220
1120974.3.peg.2722.site.11, 190, 209, 399
1120974.3.peg.2722.site.12, 190, 209, 399
1120974.3.peg.2722.site.13, 43, 211, 254
1120974.3.peg.2722.site.14, 183, 213, 396
1120974.3.peg.2722.site.15, 11, 213, 224
1120974.3.peg.2722.site.16, 185, 207, 392
1120974.3.peg.2722.site.17, 180, 202, 382
1120974.3.peg.2722.site.18, 2, 176, 178
1120974.3.peg.2723.site.1, 1, 216, 217
1120974.3.peg.2723.site.2, 0, 216, 216
1120974.3.peg.2723.site.3, 158, 212, 370
1120974.3.peg.2723.site.4, 1, 214, 215
1120974.3.peg.2723.site.5, 193, 213, 406
1120974.3.peg.2723.site.6, 194, 214, 408
1120974.3.peg.2723.site.7, 180, 213, 393
1120974.3.peg.2723.site.8, 1, 216, 217
1120974.3.peg.2723.site.9, 36, 213, 249
1120974.3.peg.2723.site.10, 2, 207, 209
1120974.3.peg.2723.site.11, 196, 198, 394
1120974.3.peg.2723.site.12, 177, 197, 374
1120974.3.peg.2723.site.13, 35, 196, 231
1120974.3.peg.2723.site.14, 168, 188, 356
1120974.3.peg.2723.site.15, 2, 214, 216
1120974.3.peg.2723.site.16, 193, 213, 406
1120974.3.peg.2721.site.1, 211, 215, 426
1120974.3.peg.2721.site.2, 194, 211, 405
1120974.3.peg.2721.site.3, 192, 209, 401
1120974.3.peg.2721.site.4, 2, 215, 217
1120974.3.peg.2721.site.5, 3, 214, 217
1120974.3.peg.2721.site.6, 180, 201, 381
1120974.3.peg.2721.site.7, 190, 207, 397
1120974.3.peg.2721.site.8, 197, 214, 411
1120974.3.peg.2721.site.9, 192, 214, 406
1120974.3.peg.2721.site.10, 0, 200, 200
1120974.3.peg.2721.site.11, 44, 65, 109
1120974.3.peg.2721.site.12, 10, 27, 37
1120974.3.peg.2721.site.13, 5, 22, 27
1120974.3.peg.2721.site.14, 10, 27, 37
1120974.3.peg.2721.site.15, 14, 37, 51
1120974.3.peg.2721.site.16, 1, 164, 165
1120974.3.peg.2721.site.17, 195, 212, 407
1120974.3.peg.2721.site.18, 39, 211, 250
1120974.3.peg.2721.site.19, 5, 214, 219
1120974.3.peg.2721.site.20, 0, 216, 216
1120974.3.peg.2721.site.21, 0, 216, 216
1120974.3.peg.2721.site.22, 209, 216, 425
1120974.3.peg.2721.site.23, 1, 216, 217
1120974.3.peg.2721.site.24, 8, 216, 224
1120974.3.peg.2721.site.25, 203, 216, 419
1120974.3.peg.2721.site.26, 196, 214, 410
1120974.3.peg.2721.site.27, 198, 216, 414
1120974.3.peg.2721.site.28, 41, 214, 255
1120974.3.peg.2432.site.1, 128, 211, 339
1120974.3.peg.2433.site.1, 201, 214, 415
1120974.3.peg.2433.site.2, 12, 215, 227
1120974.3.peg.2433.site.3, 183, 215, 398
1120974.3.peg.2433.site.4, 190, 215, 405
1120974.3.peg.2433.site.5, 0, 213, 213
1120974.3.peg.2433.site.6, 4, 213, 217
1120974.3.peg.2433.site.7, 52, 214, 266
1120974.3.peg.2433.site.8, 128, 208, 336
1120974.3.peg.2433.site.9, 7, 207, 214
1120974.3.peg.2433.site.10, 179, 205, 384
1120974.3.peg.2433.site.11, 0, 209, 209
1120974.3.peg.2433.site.12, 181, 206, 387
1120974.3.peg.2433.site.13, 0, 214, 214
1120974.3.peg.2433.site.14, 129, 211, 340
1120974.3.peg.2433.site.15, 195, 208, 403
1120974.3.peg.2433.site.16, 170, 195, 365
1120974.3.peg.2430.site.1, 33, 214, 247
1120974.3.peg.2430.site.2, 0, 213, 213
1120974.3.peg.2430.site.3, 33, 213, 246
1120974.3.peg.2430.site.4, 4, 215, 219
1120974.3.peg.2430.site.5, 41, 212, 253
1120974.3.peg.2430.site.6, 1, 216, 217
1120974.3.peg.2430.site.7, 4, 214, 218
1120974.3.peg.2430.site.8, 192, 213, 405
1120974.3.peg.2430.site.9, 4, 214, 218
1120974.3.peg.2430.site.10, 1, 163, 164
1120974.3.peg.2430.site.11, 0, 185, 185
1120974.3.peg.2430.site.12, 31, 190, 221
1120974.3.peg.2430.site.13, 2, 181, 183
1120974.3.peg.2430.site.14, 29, 182, 211
1120974.3.peg.2430.site.15, 100, 192, 292
1120974.3.peg.2430.site.16, 0, 200, 200
1120974.3.peg.2430.site.17, 110, 207, 317
1120974.3.peg.2430.site.18, 197, 209, 406
1120974.3.peg.2430.site.19, 2, 215, 217
1120974.3.peg.2430.site.20, 3, 216, 219
1120974.3.peg.2430.site.21, 202, 213, 415
1120974.3.peg.2430.site.22, 159, 174, 333
1120974.3.peg.2430.site.23, 24, 195, 219
1120974.3.peg.2430.site.24, 2, 213, 215
1120974.3.peg.2430.site.25, 49, 213, 262
1120974.3.peg.2430.site.26, 1, 211, 212
1120974.3.peg.2430.site.27, 0, 214, 214
1120974.3.peg.2430.site.28, 1, 213, 214
1120974.3.peg.2430.site.29, 2, 215, 217
1120974.3.peg.2430.site.30, 1, 214, 215
1120974.3.peg.2430.site.31, 2, 215, 217
1120974.3.peg.2430.site.32, 2, 215, 217
1120974.3.peg.2430.site.33, 213, 215, 428
1120974.3.peg.2430.site.34, 178, 210, 388
1120974.3.peg.2430.site.35, 3, 207, 210
1120974.3.peg.2430.site.36, 1, 208, 209
1120974.3.peg.2430.site.37, 189, 191, 380
1120974.3.peg.2430.site.38, 1, 216, 217
1120974.3.peg.2430.site.39, 1, 216, 217
1120974.3.peg.2430.site.40, 0, 215, 215
1120974.3.peg.2430.site.41, 0, 216, 216
1120974.3.peg.2430.site.42, 0, 216, 216
1120974.3.peg.2430.site.43, 2, 216, 218
1120974.3.peg.2430.site.44, 2, 216, 218
1120974.3.peg.2430.site.45, 1, 156, 157
1120974.3.peg.2430.site.46, 18, 54, 72
1120974.3.peg.2430.site.47, 4, 39, 43
1120974.3.peg.2430.site.48, 4, 40, 44
1120974.3.peg.2430.site.49, 85, 164, 249
1120974.3.peg.2430.site.50, 74, 200, 274
1120974.3.peg.2430.site.51, 125, 155, 280
1120974.3.peg.2430.site.52, 1, 172, 173
1120974.3.peg.2430.site.53, 96, 133, 229
1120974.3.peg.2430.site.54, 117, 148, 265
1120974.3.peg.2430.site.55, 1, 159, 160
1120974.3.peg.2430.site.56, 0, 208, 208
1120974.3.peg.2430.site.57, 0, 215, 215
1120974.3.peg.2430.site.58, 4, 183, 187
1120974.3.peg.2430.site.59, 35, 71, 106
1120974.3.peg.2430.site.60, 39, 73, 112
1120974.3.peg.2430.site.61, 35, 72, 107
1120974.3.peg.2430.site.62, 2, 74, 76
1120974.3.peg.2430.site.63, 1, 60, 61
1120974.3.peg.2430.site.64, 13, 53, 66
1120974.3.peg.2430.site.65, 6, 46, 52
1120974.3.peg.2430.site.66, 5, 52, 57
1120974.3.peg.2431.site.1, 158, 195, 353
1120974.3.peg.2431.site.2, 175, 213, 388
1120974.3.peg.2431.site.3, 65, 207, 272
1120974.3.peg.2431.site.4, 172, 208, 380
1120974.3.peg.2431.site.5, 176, 211, 387
1120974.3.peg.2431.site.6, 196, 213, 409
1120974.3.peg.2431.site.7, 0, 216, 216
1120974.3.peg.2431.site.8, 103, 204, 307
1120974.3.peg.2431.site.9, 173, 207, 380
1120974.3.peg.2431.site.10, 6, 203, 209
1120974.3.peg.2431.site.11, 167, 201, 368
1120974.3.peg.2431.site.12, 63, 199, 262
1120974.3.peg.2431.site.13, 103, 208, 311
1120974.3.peg.2431.site.14, 1, 214, 215
1120974.3.peg.2431.site.15, 110, 211, 321
1120974.3.peg.2431.site.16, 127, 211, 338
1120974.3.peg.2431.site.17, 65, 213, 278
1120974.3.peg.2431.site.18, 2, 216, 218
1120974.3.peg.2431.site.19, 178, 212, 390
1120974.3.peg.2431.site.20, 112, 208, 320
1120974.3.peg.2431.site.21, 4, 215, 219
1120974.3.peg.2431.site.22, 111, 212, 323
1120974.3.peg.2431.site.23, 0, 215, 215
1120974.3.peg.2431.site.24, 1, 216, 217
1120974.3.peg.2431.site.25, 5, 214, 219
1120974.3.peg.2431.site.26, 111, 210, 321
1120974.3.peg.2431.site.27, 1, 216, 217
1120974.3.peg.2431.site.28, 112, 209, 321
1120974.3.peg.2431.site.29, 2, 216, 218
1120974.3.peg.2431.site.30, 61, 209, 270
1120974.3.peg.2431.site.31, 61, 211, 272
1120974.3.peg.2431.site.32, 63, 209, 272
1120974.3.peg.2431.site.33, 111, 208, 319
1120974.3.peg.2431.site.34, 178, 211, 389
1120974.3.peg.2431.site.35, 61, 210, 271
1120974.3.peg.2431.site.36, 62, 211, 273
1120974.3.peg.2431.site.37, 62, 211, 273
1120974.3.peg.2431.site.38, 1, 215, 216
1120974.3.peg.2431.site.39, 0, 216, 216
1120974.3.peg.2431.site.40, 201, 214, 415
1120974.3.peg.2431.site.41, 165, 199, 364
1120974.3.peg.2431.site.42, 156, 190, 346
1120974.3.peg.2431.site.43, 108, 145, 253
1120974.3.peg.2431.site.44, 99, 136, 235
1120974.3.peg.2431.site.45, 114, 151, 265
1120974.3.peg.2431.site.46, 74, 198, 272
1120974.3.peg.2431.site.47, 109, 207, 316
1120974.3.peg.2431.site.48, 110, 209, 319
1120974.3.peg.2431.site.49, 2, 214, 216
1120974.3.peg.2431.site.50, 1, 215, 216
1120974.3.peg.2431.site.51, 132, 208, 340
1120974.3.peg.2431.site.52, 0, 215, 215
1120974.3.peg.2431.site.53, 0, 215, 215
1120974.3.peg.2431.site.54, 4, 216, 220
1120974.3.peg.2431.site.55, 200, 213, 413
1120974.3.peg.2431.site.56, 2, 216, 218
1120974.3.peg.2436.site.1, 8, 215, 223
1120974.3.peg.2436.site.2, 30, 214, 244
1120974.3.peg.2436.site.3, 46, 211, 257
1120974.3.peg.2436.site.4, 148, 210, 358
1120974.3.peg.2436.site.5, 0, 216, 216
1120974.3.peg.2436.site.6, 0, 214, 214
1120974.3.peg.2436.site.7, 10, 215, 225
1120974.3.peg.2436.site.8, 46, 213, 259
1120974.3.peg.2436.site.9, 3, 213, 216
1120974.3.peg.2436.site.10, 0, 212, 212
1120974.3.peg.2437.site.1, 26, 212, 238
1120974.3.peg.2437.site.2, 9, 213, 222
1120974.3.peg.2437.site.3, 9, 213, 222
1120974.3.peg.2437.site.4, 166, 210, 376
1120974.3.peg.2437.site.5, 205, 215, 420
1120974.3.peg.2437.site.6, 13, 211, 224
1120974.3.peg.2437.site.7, 166, 207, 373
1120974.3.peg.2437.site.8, 0, 213, 213
1120974.3.peg.2437.site.9, 0, 213, 213
1120974.3.peg.2437.site.10, 0, 212, 212
1120974.3.peg.2437.site.11, 157, 212, 369
1120974.3.peg.2437.site.12, 41, 212, 253
1120974.3.peg.2437.site.13, 50, 213, 263
1120974.3.peg.2437.site.14, 154, 210, 364
1120974.3.peg.2437.site.15, 7, 211, 218
1120974.3.peg.2437.site.16, 0, 212, 212
1120974.3.peg.2437.site.17, 24, 215, 239
1120974.3.peg.2437.site.18, 0, 215, 215
1120974.3.peg.2437.site.19, 0, 159, 159
1120974.3.peg.2437.site.20, 24, 215, 239
1120974.3.peg.2437.site.21, 4, 215, 219
1120974.3.peg.2437.site.22, 196, 212, 408
1120974.3.peg.2437.site.23, 0, 216, 216
1120974.3.peg.2437.site.24, 166, 214, 380
1120974.3.peg.2437.site.25, 34, 212, 246
1120974.3.peg.2437.site.26, 0, 216, 216
1120974.3.peg.2434.site.1, 0, 200, 200
1120974.3.peg.2434.site.2, 1, 197, 198
1120974.3.peg.2434.site.3, 0, 193, 193
1120974.3.peg.2434.site.4, 0, 198, 198
1120974.3.peg.2434.site.5, 2, 201, 203
1120974.3.peg.2434.site.6, 200, 207, 407
1120974.3.peg.2434.site.7, 0, 215, 215
1120974.3.peg.2434.site.8, 0, 215, 215
1120974.3.peg.2434.site.9, 120, 211, 331
1120974.3.peg.2434.site.10, 2, 216, 218
1120974.3.peg.2434.site.11, 0, 212, 212
1120974.3.peg.2434.site.12, 184, 206, 390
1120974.3.peg.2434.site.13, 0, 206, 206
1120974.3.peg.2434.site.14, 119, 212, 331
1120974.3.peg.2434.site.15, 4, 211, 215
1120974.3.peg.2434.site.16, 0, 200, 200
1120974.3.peg.2434.site.17, 0, 192, 192
1120974.3.peg.2434.site.18, 0, 215, 215
1120974.3.peg.2434.site.19, 11, 215, 226
1120974.3.peg.2434.site.20, 214, 216, 430
1120974.3.peg.2434.site.21, 18, 214, 232
1120974.3.peg.2435.site.1, 0, 215, 215
1120974.3.peg.2435.site.2, 4, 215, 219
1120974.3.peg.2435.site.3, 4, 215, 219
1120974.3.peg.2435.site.4, 47, 211, 258
1120974.3.peg.2435.site.5, 0, 216, 216
1120974.3.peg.2435.site.6, 20, 213, 233
1120974.3.peg.2435.site.7, 190, 192, 382
1120974.3.peg.2435.site.8, 50, 196, 246
1120974.3.peg.2435.site.9, 0, 200, 200
1120974.3.peg.2435.site.10, 201, 203, 404
1120974.3.peg.2435.site.11, 60, 206, 266
1120974.3.peg.2435.site.12, 4, 213, 217
1120974.3.peg.2435.site.13, 131, 210, 341
1120974.3.peg.2435.site.14, 0, 216, 216
1120974.3.peg.2435.site.15, 57, 207, 264
1120974.3.peg.2435.site.16, 0, 215, 215
1120974.3.peg.2435.site.17, 57, 215, 272
1120974.3.peg.2435.site.18, 2, 215, 217
1120974.3.peg.2435.site.19, 2, 214, 216
1120974.3.peg.2435.site.20, 2, 214, 216
1120974.3.peg.2435.site.21, 0, 215, 215
1120974.3.peg.2435.site.22, 5, 213, 218
1120974.3.peg.2435.site.23, 0, 213, 213
1120974.3.peg.2435.site.24, 50, 207, 257
1120974.3.peg.2435.site.25, 8, 207, 215
1120974.3.peg.2435.site.26, 3, 202, 205
1120974.3.peg.2435.site.27, 54, 213, 267
1120974.3.peg.2435.site.28, 4, 213, 217
1120974.3.peg.2435.site.29, 47, 200, 247
1120974.3.peg.2435.site.30, 34, 182, 216
1120974.3.peg.2435.site.31, 18, 185, 203
1120974.3.peg.2435.site.32, 10, 174, 184
1120974.3.peg.2435.site.33, 22, 177, 199
1120974.3.peg.2435.site.34, 13, 170, 183
1120974.3.peg.2435.site.35, 7, 165, 172
1120974.3.peg.2435.site.36, 4, 170, 174
1120974.3.peg.2435.site.37, 18, 181, 199
1120974.3.peg.2435.site.38, 0, 215, 215
1120974.3.peg.2435.site.39, 57, 214, 271
1120974.3.peg.2435.site.40, 186, 213, 399
1120974.3.peg.2435.site.41, 129, 213, 342
1120974.3.peg.2435.site.42, 187, 213, 400
1120974.3.peg.2435.site.43, 192, 214, 406
1120974.3.peg.2435.site.44, 189, 212, 401
1120974.3.peg.2435.site.45, 1, 216, 217
1120974.3.peg.2435.site.46, 3, 211, 214
1120974.3.peg.2435.site.47, 3, 212, 215
1120974.3.peg.2435.site.48, 10, 214, 224
1120974.3.peg.2435.site.49, 0, 216, 216
1120974.3.peg.2435.site.50, 193, 214, 407
1120974.3.peg.2435.site.51, 1, 212, 213
1120974.3.peg.2435.site.52, 198, 214, 412
1120974.3.peg.2435.site.53, 124, 210, 334
1120974.3.peg.2435.site.54, 0, 216, 216
1120974.3.peg.2435.site.55, 195, 215, 410
1120974.3.peg.2435.site.56, 183, 213, 396
1120974.3.peg.2435.site.57, 169, 208, 377
1120974.3.peg.2435.site.58, 182, 188, 370
1120974.3.peg.2435.site.59, 0, 190, 190
1120974.3.peg.2435.site.60, 34, 213, 247
1120974.3.peg.2435.site.61, 186, 212, 398
1120974.3.peg.2435.site.62, 145, 213, 358
1120974.3.peg.2435.site.63, 208, 216, 424
1120974.3.peg.2435.site.64, 13, 195, 208
1120974.3.peg.2435.site.65, 4, 204, 208
1120974.3.peg.2435.site.66, 139, 202, 341
1120974.3.peg.2435.site.67, 69, 161, 230
1120974.3.peg.2435.site.68, 125, 152, 277
1120974.3.peg.2435.site.69, 11, 45, 56
1120974.3.peg.2435.site.70, 22, 55, 77
1120974.3.peg.2435.site.71, 204, 211, 415
1120974.3.peg.2435.site.72, 0, 215, 215
1120974.3.peg.2435.site.73, 37, 214, 251
1120974.3.peg.2435.site.74, 0, 216, 216
1120974.3.peg.2438.site.1, 24, 215, 239
1120974.3.peg.2438.site.2, 165, 213, 378
1120974.3.peg.2438.site.3, 0, 216, 216
1120974.3.peg.2438.site.4, 13, 215, 228
1120974.3.peg.2438.site.5, 165, 214, 379
1120974.3.peg.2438.site.6, 35, 209, 244
1120974.3.peg.2438.site.7, 2, 213, 215
1120974.3.peg.2438.site.8, 194, 209, 403
1120974.3.peg.2438.site.9, 0, 213, 213
1120974.3.peg.2438.site.10, 0, 212, 212
1120974.3.peg.2438.site.11, 0, 215, 215
1120974.3.peg.2438.site.12, 8, 214, 222
1120974.3.peg.2438.site.13, 4, 216, 220
1120974.3.peg.2438.site.14, 6, 215, 221
1120974.3.peg.2438.site.15, 1, 215, 216
1120974.3.peg.2438.site.16, 4, 215, 219
1120974.3.peg.2438.site.17, 176, 212, 388
1120974.3.peg.2438.site.18, 11, 216, 227
1120974.3.peg.2438.site.19, 173, 213, 386
1120974.3.peg.2438.site.20, 173, 213, 386
1120974.3.peg.2439.site.1, 0, 213, 213
1120974.3.peg.2439.site.2, 174, 211, 385
1120974.3.peg.2439.site.3, 0, 212, 212
1120974.3.peg.2439.site.4, 168, 203, 371
1120974.3.peg.2439.site.5, 166, 202, 368
1120974.3.peg.2439.site.6, 152, 187, 339
1120974.3.peg.2439.site.7, 4, 202, 206
1120974.3.peg.2439.site.8, 0, 209, 209
1120974.3.peg.2439.site.9, 7, 209, 216
1120974.3.peg.2439.site.10, 181, 210, 391
1120974.3.peg.3039.site.1, 143, 213, 356
1120974.3.peg.3039.site.2, 0, 214, 214
1120974.3.peg.3039.site.3, 214, 214, 428
1120974.3.peg.3039.site.4, 36, 214, 250
1120974.3.peg.3039.site.5, 0, 215, 215
1120974.3.peg.3039.site.6, 8, 216, 224
1120974.3.peg.3039.site.7, 215, 215, 430
1120974.3.peg.3039.site.8, 209, 211, 420
1120974.3.peg.3039.site.9, 64, 212, 276
1120974.3.peg.3039.site.10, 138, 208, 346
1120974.3.peg.3039.site.11, 3, 212, 215
1120974.3.peg.3039.site.12, 137, 207, 344
1120974.3.peg.3039.site.13, 138, 207, 345
1120974.3.peg.3039.site.14, 138, 206, 344
1120974.3.peg.3039.site.15, 6, 216, 222
1120974.3.peg.3039.site.16, 1, 216, 217
1120974.3.peg.3039.site.17, 49, 210, 259
1120974.3.peg.3039.site.18, 69, 212, 281
1120974.3.peg.3039.site.19, 97, 208, 305
1120974.3.peg.3039.site.20, 45, 214, 259
1120974.3.peg.3259.site.1, 133, 177, 310
1120974.3.peg.3259.site.2, 1, 188, 189
1120974.3.peg.3259.site.3, 177, 201, 378
1120974.3.peg.3259.site.4, 29, 214, 243
1120974.3.peg.3259.site.5, 22, 214, 236
1120974.3.peg.3259.site.6, 0, 214, 214
1120974.3.peg.3259.site.7, 211, 215, 426
1120974.3.peg.3259.site.8, 163, 212, 375
1120974.3.peg.3259.site.9, 3, 215, 218
1120974.3.peg.3259.site.10, 3, 215, 218
1120974.3.peg.3259.site.11, 0, 215, 215
1120974.3.peg.3259.site.12, 0, 210, 210
1120974.3.peg.3259.site.13, 165, 208, 373
1120974.3.peg.3259.site.14, 0, 211, 211
1120974.3.peg.3259.site.15, 4, 213, 217
1120974.3.peg.3259.site.16, 161, 204, 365
1120974.3.peg.3259.site.17, 0, 97, 97
1120974.3.peg.3259.site.18, 0, 159, 159
1120974.3.peg.3259.site.19, 0, 169, 169
1120974.3.peg.3259.site.20, 0, 204, 204
1120974.3.peg.3259.site.21, 4, 210, 214
1120974.3.peg.3259.site.22, 0, 211, 211
1120974.3.peg.3259.site.23, 164, 206, 370
1120974.3.peg.3259.site.24, 8, 215, 223
1120974.3.peg.3259.site.25, 171, 212, 383
1120974.3.peg.3259.site.26, 170, 211, 381
1120974.3.peg.3259.site.27, 187, 203, 390
1120974.3.peg.3259.site.28, 4, 216, 220
1120974.3.peg.3255.site.1, 11, 187, 198
1120974.3.peg.3255.site.2, 61, 73, 134
1120974.3.peg.3255.site.3, 35, 48, 83
1120974.3.peg.3255.site.4, 27, 40, 67
1120974.3.peg.3255.site.5, 2, 20, 22
1120974.3.peg.3255.site.6, 9, 22, 31
1120974.3.peg.3255.site.7, 165, 177, 342
1120974.3.peg.3255.site.8, 0, 204, 204
1120974.3.peg.3255.site.9, 2, 211, 213
1120974.3.peg.3255.site.10, 182, 204, 386
1120974.3.peg.3255.site.11, 180, 203, 383
1120974.3.peg.3255.site.12, 177, 199, 376
1120974.3.peg.3255.site.13, 118, 141, 259
1120974.3.peg.3255.site.14, 108, 132, 240
1120974.3.peg.3254.site.1, 0, 208, 208
1120974.3.peg.3254.site.2, 0, 211, 211
1120974.3.peg.3254.site.3, 2, 215, 217
1120974.3.peg.3254.site.4, 0, 216, 216
1120974.3.peg.3254.site.5, 1, 203, 204
1120974.3.peg.3254.site.6, 1, 196, 197
1120974.3.peg.3254.site.7, 0, 203, 203
1120974.3.peg.3254.site.8, 1, 209, 210
1120974.3.peg.3254.site.9, 8, 211, 219
1120974.3.peg.3254.site.10, 199, 207, 406
1120974.3.peg.3254.site.11, 172, 181, 353
1120974.3.peg.3254.site.12, 153, 162, 315
1120974.3.peg.3254.site.13, 160, 170, 330
1120974.3.peg.3254.site.14, 5, 204, 209
1120974.3.peg.3254.site.15, 189, 200, 389
1120974.3.peg.3254.site.16, 183, 194, 377
1120974.3.peg.3254.site.17, 132, 139, 271
1120974.3.peg.3254.site.18, 0, 118, 118
1120974.3.peg.3257.site.1, 2, 212, 214
1120974.3.peg.3257.site.2, 109, 130, 239
1120974.3.peg.3257.site.3, 183, 203, 386
1120974.3.peg.3257.site.4, 173, 195, 368
1120974.3.peg.3257.site.5, 175, 196, 371
1120974.3.peg.3256.site.1, 61, 196, 257
1120974.3.peg.3256.site.2, 173, 197, 370
1120974.3.peg.3256.site.3, 185, 210, 395
1120974.3.peg.3256.site.4, 189, 214, 403
1120974.3.peg.3256.site.5, 2, 210, 212
1120974.3.peg.3256.site.6, 66, 209, 275
1120974.3.peg.3256.site.7, 5, 212, 217
1120974.3.peg.3256.site.8, 0, 213, 213
1120974.3.peg.3256.site.9, 0, 211, 211
1120974.3.peg.3256.site.10, 13, 213, 226
1120974.3.peg.3256.site.11, 0, 213, 213
1120974.3.peg.3256.site.12, 182, 207, 389
1120974.3.peg.3256.site.13, 153, 180, 333
1120974.3.peg.3256.site.14, 154, 182, 336
1120974.3.peg.3256.site.15, 41, 182, 223
1120974.3.peg.3256.site.16, 48, 191, 239
1120974.3.peg.3256.site.17, 166, 192, 358
1120974.3.peg.3256.site.18, 178, 205, 383
1120974.3.peg.3256.site.19, 4, 197, 201
1120974.3.peg.3256.site.20, 170, 192, 362
1120974.3.peg.3256.site.21, 14, 208, 222
1120974.3.peg.3256.site.22, 18, 208, 226
1120974.3.peg.3256.site.23, 12, 195, 207
1120974.3.peg.3256.site.24, 1, 193, 194
1120974.3.peg.3256.site.25, 156, 165, 321
1120974.3.peg.3256.site.26, 199, 213, 412
1120974.3.peg.3256.site.27, 101, 208, 309
1120974.3.peg.3256.site.28, 185, 208, 393
1120974.3.peg.3256.site.29, 77, 102, 179
1120974.3.peg.3256.site.30, 127, 138, 265
1120974.3.peg.3256.site.31, 82, 86, 168
1120974.3.peg.3256.site.32, 130, 209, 339
1120974.3.peg.3256.site.33, 54, 210, 264
1120974.3.peg.3256.site.34, 188, 211, 399
1120974.3.peg.3256.site.35, 2, 215, 217
1120974.3.peg.3256.site.36, 11, 215, 226
1120974.3.peg.3256.site.37, 189, 211, 400
1120974.3.peg.3256.site.38, 190, 212, 402
1120974.3.peg.3256.site.39, 9, 213, 222
1120974.3.peg.3251.site.1, 29, 214, 243
1120974.3.peg.3251.site.2, 2, 203, 205
1120974.3.peg.3251.site.3, 3, 195, 198
1120974.3.peg.3251.site.4, 4, 212, 216
1120974.3.peg.3251.site.5, 6, 212, 218
1120974.3.peg.3251.site.6, 199, 200, 399
1120974.3.peg.3251.site.7, 0, 212, 212
1120974.3.peg.3251.site.8, 21, 210, 231
1120974.3.peg.3251.site.9, 6, 205, 211
1120974.3.peg.3251.site.10, 7, 192, 199
1120974.3.peg.3251.site.11, 4, 192, 196
1120974.3.peg.3251.site.12, 1, 189, 190
1120974.3.peg.3251.site.13, 24, 212, 236
1120974.3.peg.3251.site.14, 4, 216, 220
1120974.3.peg.3251.site.15, 27, 210, 237
1120974.3.peg.3251.site.16, 5, 209, 214
1120974.3.peg.3251.site.17, 7, 200, 207
1120974.3.peg.3251.site.18, 0, 190, 190
1120974.3.peg.3251.site.19, 10, 187, 197
1120974.3.peg.3251.site.20, 27, 191, 218
1120974.3.peg.3251.site.21, 27, 195, 222
1120974.3.peg.3251.site.22, 137, 195, 332
1120974.3.peg.3251.site.23, 162, 192, 354
1120974.3.peg.3251.site.24, 24, 177, 201
1120974.3.peg.3251.site.25, 2, 207, 209
1120974.3.peg.3251.site.26, 169, 199, 368
1120974.3.peg.3251.site.27, 169, 194, 363
1120974.3.peg.3251.site.28, 155, 182, 337
1120974.3.peg.3251.site.29, 2, 210, 212
1120974.3.peg.3251.site.30, 0, 214, 214
1120974.3.peg.3059.site.1, 121, 149, 270
1120974.3.peg.3059.site.2, 96, 195, 291
1120974.3.peg.3059.site.3, 23, 198, 221
1120974.3.peg.3059.site.4, 0, 213, 213
1120974.3.peg.3059.site.5, 100, 197, 297
1120974.3.peg.3059.site.6, 56, 140, 196
1120974.3.peg.3059.site.7, 37, 62, 99
1120974.3.peg.3059.site.8, 47, 70, 117
1120974.3.peg.3059.site.9, 47, 72, 119
1120974.3.peg.3059.site.10, 55, 77, 132
1120974.3.peg.3059.site.11, 75, 99, 174
1120974.3.peg.3059.site.12, 156, 176, 332
1120974.3.peg.3059.site.13, 2, 203, 205
1120974.3.peg.3059.site.14, 2, 206, 208
1120974.3.peg.3059.site.15, 186, 207, 393
1120974.3.peg.3059.site.16, 181, 206, 387
1120974.3.peg.3059.site.17, 111, 198, 309
1120974.3.peg.3059.site.18, 5, 208, 213
1120974.3.peg.3059.site.19, 175, 199, 374
1120974.3.peg.3059.site.20, 6, 209, 215
1120974.3.peg.3059.site.21, 0, 211, 211
1120974.3.peg.3059.site.22, 0, 212, 212
1120974.3.peg.3059.site.23, 148, 178, 326
1120974.3.peg.3059.site.24, 146, 175, 321
1120974.3.peg.3059.site.25, 22, 214, 236
1120974.3.peg.3059.site.26, 184, 213, 397
1120974.3.peg.3059.site.27, 183, 212, 395
1120974.3.peg.3059.site.28, 71, 211, 282
1120974.3.peg.3059.site.29, 1, 168, 169
1120974.3.peg.3059.site.30, 0, 80, 80
1120974.3.peg.3059.site.31, 13, 41, 54
1120974.3.peg.3059.site.32, 30, 50, 80
1120974.3.peg.3059.site.33, 145, 152, 297
1120974.3.peg.3059.site.34, 158, 182, 340
1120974.3.peg.3059.site.35, 0, 207, 207
1120974.3.peg.3059.site.36, 162, 186, 348
1120974.3.peg.3059.site.37, 181, 204, 385
1120974.3.peg.3059.site.38, 0, 209, 209
1120974.3.peg.3059.site.39, 4, 215, 219
1120974.3.peg.3059.site.40, 204, 214, 418
1120974.3.peg.3059.site.41, 4, 210, 214
1120974.3.peg.3059.site.42, 4, 213, 217
1120974.3.peg.3059.site.43, 8, 210, 218
1120974.3.peg.3059.site.44, 0, 209, 209
1120974.3.peg.3059.site.45, 203, 208, 411
1120974.3.peg.3059.site.46, 0, 206, 206
1120974.3.peg.3059.site.47, 198, 203, 401
1120974.3.peg.3059.site.48, 4, 212, 216
1120974.3.peg.3059.site.49, 0, 211, 211
1120974.3.peg.3059.site.50, 161, 184, 345
1120974.3.peg.3059.site.51, 78, 102, 180
1120974.3.peg.3059.site.52, 79, 103, 182
1120974.3.peg.3059.site.53, 75, 99, 174
1120974.3.peg.3059.site.54, 93, 117, 210
1120974.3.peg.3059.site.55, 0, 213, 213
1120974.3.peg.3059.site.56, 156, 208, 364
1120974.3.peg.3059.site.57, 0, 215, 215
1120974.3.peg.3059.site.58, 162, 215, 377
1120974.3.peg.3059.site.59, 201, 207, 408
1120974.3.peg.3059.site.60, 7, 189, 196
1120974.3.peg.3059.site.61, 165, 182, 347
1120974.3.peg.3059.site.62, 2, 186, 188
1120974.3.peg.3059.site.63, 20, 184, 204
1120974.3.peg.3059.site.64, 29, 208, 237
1120974.3.peg.3059.site.65, 0, 215, 215
1120974.3.peg.3059.site.66, 161, 214, 375
1120974.3.peg.3059.site.67, 202, 213, 415
1120974.3.peg.3059.site.68, 4, 211, 215
1120974.3.peg.3059.site.69, 0, 215, 215
1120974.3.peg.3059.site.70, 0, 215, 215
1120974.3.peg.3059.site.71, 5, 214, 219
1120974.3.peg.3059.site.72, 4, 215, 219
1120974.3.peg.3059.site.73, 3, 215, 218
1120974.3.peg.3059.site.74, 0, 214, 214
1120974.3.peg.3059.site.75, 210, 212, 422
1120974.3.peg.3059.site.76, 0, 213, 213
1120974.3.peg.3059.site.77, 202, 204, 406
1120974.3.peg.3059.site.78, 148, 190, 338
1120974.3.peg.3059.site.79, 65, 198, 263
1120974.3.peg.3059.site.80, 195, 209, 404
1120974.3.peg.3059.site.81, 5, 182, 187
1120974.3.peg.3059.site.82, 64, 194, 258
1120974.3.peg.3059.site.83, 103, 192, 295
1120974.3.peg.3059.site.84, 92, 109, 201
1120974.3.peg.3059.site.85, 68, 87, 155
1120974.3.peg.3059.site.86, 104, 195, 299
1120974.3.peg.3059.site.87, 110, 202, 312
1120974.3.peg.3059.site.88, 193, 212, 405
1120974.3.peg.3253.site.1, 164, 213, 377
1120974.3.peg.3253.site.2, 28, 215, 243
1120974.3.peg.3253.site.3, 20, 206, 226
1120974.3.peg.3253.site.4, 0, 211, 211
1120974.3.peg.3253.site.5, 13, 177, 190
1120974.3.peg.3253.site.6, 67, 92, 159
1120974.3.peg.3253.site.7, 61, 86, 147
1120974.3.peg.3253.site.8, 72, 96, 168
1120974.3.peg.3253.site.9, 4, 111, 115
1120974.3.peg.3253.site.10, 4, 172, 176
1120974.3.peg.3253.site.11, 21, 195, 216
1120974.3.peg.3253.site.12, 20, 189, 209
1120974.3.peg.3253.site.13, 17, 183, 200
1120974.3.peg.3253.site.14, 19, 169, 188
1120974.3.peg.3253.site.15, 160, 179, 339
1120974.3.peg.3253.site.16, 3, 185, 188
1120974.3.peg.3253.site.17, 137, 178, 315
1120974.3.peg.3253.site.18, 0, 186, 186
1120974.3.peg.3253.site.19, 0, 189, 189
1120974.3.peg.3253.site.20, 140, 188, 328
1120974.3.peg.3253.site.21, 0, 207, 207
1120974.3.peg.3253.site.22, 0, 215, 215
1120974.3.peg.3252.site.1, 0, 215, 215
1120974.3.peg.3252.site.2, 174, 206, 380
1120974.3.peg.3252.site.3, 211, 215, 426
1120974.3.peg.3252.site.4, 2, 216, 218
1120974.3.peg.3252.site.5, 3, 178, 181
1120974.3.peg.3252.site.6, 35, 68, 103
1120974.3.peg.3252.site.7, 7, 38, 45
1120974.3.peg.3252.site.8, 12, 38, 50
1120974.3.peg.3252.site.9, 7, 42, 49
1120974.3.peg.3252.site.10, 6, 120, 126
1120974.3.peg.3252.site.11, 157, 170, 327
1120974.3.peg.3252.site.12, 6, 177, 183
1120974.3.peg.3038.site.1, 76, 211, 287
1120974.3.peg.3038.site.2, 140, 211, 351
1120974.3.peg.3038.site.3, 56, 212, 268
1120974.3.peg.3038.site.4, 5, 215, 220
1120974.3.peg.3038.site.5, 138, 210, 348
1120974.3.peg.3038.site.6, 47, 202, 249
1120974.3.peg.3038.site.7, 54, 211, 265
1120974.3.peg.3038.site.8, 7, 212, 219
1120974.3.peg.3038.site.9, 128, 197, 325
1120974.3.peg.3038.site.10, 206, 209, 415
1120974.3.peg.3038.site.11, 0, 215, 215
1120974.3.peg.3038.site.12, 5, 212, 217
1120974.3.peg.3038.site.13, 5, 214, 219
1120974.3.peg.3038.site.14, 133, 210, 343
1120974.3.peg.3038.site.15, 51, 211, 262
1120974.3.peg.3038.site.16, 0, 216, 216
1120974.3.peg.3038.site.17, 3, 210, 213
1120974.3.peg.3038.site.18, 209, 213, 422
1120974.3.peg.3038.site.19, 78, 212, 290
1120974.3.peg.3038.site.20, 7, 216, 223
1120974.3.peg.3038.site.21, 76, 208, 284
1120974.3.peg.3197.site.1, 3, 35, 38
1120974.3.peg.3197.site.2, 8, 40, 48
1120974.3.peg.3197.site.3, 121, 154, 275
1120974.3.peg.3197.site.4, 38, 138, 176
1120974.3.peg.3197.site.5, 49, 137, 186
1120974.3.peg.3197.site.6, 79, 152, 231
1120974.3.peg.3197.site.7, 114, 138, 252
1120974.3.peg.3197.site.8, 3, 157, 160
1120974.3.peg.3197.site.9, 1, 166, 167
1120974.3.peg.3197.site.10, 11, 144, 155
1120974.3.peg.3197.site.11, 66, 147, 213
1120974.3.peg.3197.site.12, 0, 204, 204
1120974.3.peg.3197.site.13, 1, 216, 217
1120974.3.peg.3197.site.14, 139, 162, 301
1120974.3.peg.3197.site.15, 23, 185, 208
1120974.3.peg.3197.site.16, 170, 190, 360
1120974.3.peg.3197.site.17, 0, 202, 202
1120974.3.peg.3197.site.18, 43, 207, 250
1120974.3.peg.3197.site.19, 4, 213, 217
1120974.3.peg.3197.site.20, 15, 210, 225
1120974.3.peg.3197.site.21, 179, 210, 389
1120974.3.peg.3197.site.22, 15, 215, 230
1120974.3.peg.3197.site.23, 177, 211, 388
1120974.3.peg.3197.site.24, 0, 214, 214
1120974.3.peg.3050.site.1, 95, 116, 211
1120974.3.peg.3050.site.2, 23, 44, 67
1120974.3.peg.3050.site.3, 2, 23, 25
1120974.3.peg.3050.site.4, 4, 25, 29
1120974.3.peg.3050.site.5, 128, 150, 278
1120974.3.peg.3050.site.6, 164, 186, 350
1120974.3.peg.3050.site.7, 193, 212, 405
1120974.3.peg.3050.site.8, 0, 216, 216
1120974.3.peg.3050.site.9, 145, 199, 344
1120974.3.peg.3050.site.10, 1, 206, 207
1120974.3.peg.3050.site.11, 181, 205, 386
1120974.3.peg.3050.site.12, 191, 211, 402
1120974.3.peg.3050.site.13, 3, 214, 217
1120974.3.peg.3050.site.14, 110, 133, 243
1120974.3.peg.3050.site.15, 98, 117, 215
1120974.3.peg.3050.site.16, 1, 21, 22
1120974.3.peg.3050.site.17, 6, 27, 33
1120974.3.peg.3050.site.18, 14, 35, 49
1120974.3.peg.3050.site.19, 21, 42, 63
1120974.3.peg.3050.site.20, 188, 211, 399
1120974.3.peg.3050.site.21, 1, 216, 217
1120974.3.peg.3050.site.22, 2, 215, 217
1120974.3.peg.3050.site.23, 184, 203, 387
1120974.3.peg.3050.site.24, 179, 198, 377
1120974.3.peg.3050.site.25, 182, 206, 388
1120974.3.peg.3050.site.26, 37, 209, 246
1120974.3.peg.3050.site.27, 78, 211, 289
1120974.3.peg.3050.site.28, 188, 211, 399
1120974.3.peg.3050.site.29, 0, 212, 212
1120974.3.peg.3050.site.30, 191, 214, 405
1120974.3.peg.3050.site.31, 192, 213, 405
1120974.3.peg.3050.site.32, 193, 213, 406
1120974.3.peg.3050.site.33, 189, 211, 400
1120974.3.peg.602.site.1, 0, 215, 215
1120974.3.peg.602.site.2, 214, 214, 428
1120974.3.peg.602.site.3, 212, 212, 424
1120974.3.peg.602.site.4, 6, 206, 212
1120974.3.peg.602.site.5, 69, 194, 263
1120974.3.peg.602.site.6, 0, 180, 180
1120974.3.peg.602.site.7, 0, 189, 189
1120974.3.peg.602.site.8, 97, 188, 285
1120974.3.peg.602.site.9, 1, 193, 194
1120974.3.peg.602.site.10, 60, 203, 263
1120974.3.peg.602.site.11, 63, 207, 270
1120974.3.peg.602.site.12, 2, 215, 217
1120974.3.peg.603.site.1, 0, 206, 206
1120974.3.peg.603.site.2, 181, 213, 394
1120974.3.peg.603.site.3, 35, 210, 245
1120974.3.peg.603.site.4, 151, 209, 360
1120974.3.peg.603.site.5, 153, 176, 329
1120974.3.peg.603.site.6, 86, 87, 173
1120974.3.peg.603.site.7, 15, 54, 69
1120974.3.peg.603.site.8, 2, 56, 58
1120974.3.peg.603.site.9, 18, 43, 61
1120974.3.peg.603.site.10, 18, 56, 74
1120974.3.peg.603.site.11, 116, 117, 233
1120974.3.peg.603.site.12, 154, 178, 332
1120974.3.peg.603.site.13, 6, 203, 209
1120974.3.peg.603.site.14, 2, 209, 211
1120974.3.peg.603.site.15, 0, 207, 207
1120974.3.peg.603.site.16, 57, 190, 247
1120974.3.peg.603.site.17, 152, 174, 326
1120974.3.peg.603.site.18, 20, 157, 177
1120974.3.peg.603.site.19, 10, 147, 157
1120974.3.peg.603.site.20, 123, 146, 269
1120974.3.peg.603.site.21, 123, 146, 269
1120974.3.peg.603.site.22, 55, 192, 247
1120974.3.peg.600.site.1, 3, 216, 219
1120974.3.peg.600.site.2, 197, 213, 410
1120974.3.peg.600.site.3, 1, 205, 206
1120974.3.peg.600.site.4, 0, 198, 198
1120974.3.peg.600.site.5, 1, 209, 210
1120974.3.peg.600.site.6, 2, 210, 212
1120974.3.peg.600.site.7, 0, 215, 215
1120974.3.peg.600.site.8, 1, 216, 217
1120974.3.peg.600.site.9, 0, 215, 215
1120974.3.peg.600.site.10, 1, 213, 214
1120974.3.peg.600.site.11, 153, 209, 362
1120974.3.peg.600.site.12, 0, 213, 213
1120974.3.peg.600.site.13, 4, 214, 218
1120974.3.peg.600.site.14, 154, 208, 362
1120974.3.peg.600.site.15, 3, 208, 211
1120974.3.peg.600.site.16, 0, 212, 212
1120974.3.peg.600.site.17, 155, 208, 363
1120974.3.peg.601.site.1, 5, 205, 210
1120974.3.peg.601.site.2, 7, 175, 182
1120974.3.peg.601.site.3, 4, 178, 182
1120974.3.peg.601.site.4, 1, 182, 183
1120974.3.peg.601.site.5, 153, 179, 332
1120974.3.peg.601.site.6, 4, 182, 186
1120974.3.peg.601.site.7, 5, 164, 169
1120974.3.peg.601.site.8, 38, 175, 213
1120974.3.peg.601.site.9, 4, 201, 205
1120974.3.peg.601.site.10, 0, 208, 208
1120974.3.peg.601.site.11, 4, 210, 214
1120974.3.peg.601.site.12, 125, 205, 330
1120974.3.peg.601.site.13, 142, 209, 351
1120974.3.peg.601.site.14, 136, 213, 349
1120974.3.peg.601.site.15, 0, 216, 216
1120974.3.peg.605.site.1, 58, 62, 120
1120974.3.peg.605.site.2, 60, 199, 259
1120974.3.peg.605.site.3, 67, 206, 273
1120974.3.peg.605.site.4, 117, 211, 328
1120974.3.peg.605.site.5, 1, 215, 216
1120974.3.peg.605.site.6, 1, 215, 216
1120974.3.peg.605.site.7, 1, 211, 212
1120974.3.peg.605.site.8, 1, 213, 214
1120974.3.peg.605.site.9, 173, 195, 368
1120974.3.peg.605.site.10, 116, 167, 283
1120974.3.peg.605.site.11, 2, 144, 146
1120974.3.peg.605.site.12, 3, 143, 146
1120974.3.peg.605.site.13, 11, 154, 165
1120974.3.peg.605.site.14, 9, 151, 160
1120974.3.peg.605.site.15, 68, 205, 273
1120974.3.peg.605.site.16, 73, 210, 283
1120974.3.peg.605.site.17, 73, 212, 285
1120974.3.peg.605.site.18, 2, 211, 213
1120974.3.peg.605.site.19, 2, 214, 216
1120974.3.peg.605.site.20, 1, 215, 216
1120974.3.peg.605.site.21, 70, 210, 280
1120974.3.peg.605.site.22, 3, 215, 218
1120974.3.peg.605.site.23, 76, 211, 287
1120974.3.peg.605.site.24, 190, 214, 404
1120974.3.peg.605.site.25, 0, 216, 216
1120974.3.peg.605.site.26, 31, 168, 199
1120974.3.peg.605.site.27, 19, 177, 196
1120974.3.peg.605.site.28, 26, 160, 186
1120974.3.peg.605.site.29, 14, 152, 166
1120974.3.peg.605.site.30, 2, 156, 158
1120974.3.peg.605.site.31, 7, 151, 158
1120974.3.peg.605.site.32, 2, 143, 145
1120974.3.peg.605.site.33, 2, 144, 146
1120974.3.peg.605.site.34, 2, 143, 145
1120974.3.peg.605.site.35, 153, 178, 331
1120974.3.peg.605.site.36, 151, 175, 326
1120974.3.peg.605.site.37, 147, 170, 317
1120974.3.peg.605.site.38, 100, 126, 226
1120974.3.peg.605.site.39, 33, 60, 93
1120974.3.peg.605.site.40, 17, 43, 60
1120974.3.peg.605.site.41, 4, 31, 35
1120974.3.peg.605.site.42, 3, 28, 31
1120974.3.peg.605.site.43, 4, 31, 35
1120974.3.peg.605.site.44, 17, 44, 61
1120974.3.peg.605.site.45, 34, 60, 94
1120974.3.peg.605.site.46, 78, 102, 180
1120974.3.peg.738.site.1, 166, 208, 374
1120974.3.peg.738.site.2, 165, 207, 372
1120974.3.peg.738.site.3, 166, 206, 372
1120974.3.peg.738.site.4, 175, 204, 379
1120974.3.peg.738.site.5, 167, 208, 375
1120974.3.peg.738.site.6, 15, 207, 222
1120974.3.peg.738.site.7, 150, 208, 358
1120974.3.peg.738.site.8, 0, 210, 210
1120974.3.peg.738.site.9, 157, 197, 354
1120974.3.peg.738.site.10, 150, 190, 340
1120974.3.peg.738.site.11, 141, 181, 322
1120974.3.peg.738.site.12, 150, 206, 356
1120974.3.peg.738.site.13, 4, 211, 215
1120974.3.peg.738.site.14, 4, 211, 215
1120974.3.peg.738.site.15, 0, 211, 211
1120974.3.peg.738.site.16, 1, 212, 213
1120974.3.peg.738.site.17, 3, 212, 215
1120974.3.peg.738.site.18, 4, 212, 216
1120974.3.peg.738.site.19, 189, 212, 401
1120974.3.peg.738.site.20, 14, 210, 224
1120974.3.peg.738.site.21, 10, 209, 219
1120974.3.peg.738.site.22, 11, 208, 219
1120974.3.peg.738.site.23, 0, 211, 211
1120974.3.peg.738.site.24, 0, 211, 211
1120974.3.peg.738.site.25, 5, 212, 217
1120974.3.peg.738.site.26, 184, 210, 394
1120974.3.peg.738.site.27, 171, 208, 379
1120974.3.peg.738.site.28, 9, 211, 220
1120974.3.peg.738.site.29, 178, 210, 388
1120974.3.peg.738.site.30, 4, 212, 216
1120974.3.peg.738.site.31, 1, 212, 213
1120974.3.peg.738.site.32, 174, 211, 385
1120974.3.peg.738.site.33, 161, 209, 370
1120974.3.peg.738.site.34, 147, 209, 356
1120974.3.peg.738.site.35, 159, 207, 366
1120974.3.peg.738.site.36, 0, 212, 212
1120974.3.peg.738.site.37, 0, 211, 211
1120974.3.peg.738.site.38, 147, 209, 356
1120974.3.peg.738.site.39, 16, 210, 226
1120974.3.peg.738.site.40, 185, 207, 392
1120974.3.peg.738.site.41, 4, 210, 214
1120974.3.peg.738.site.42, 175, 209, 384
1120974.3.peg.738.site.43, 158, 207, 365
1120974.3.peg.738.site.44, 11, 208, 219
1120974.3.peg.738.site.45, 158, 206, 364
1120974.3.peg.738.site.46, 191, 208, 399
1120974.3.peg.738.site.47, 0, 207, 207
1120974.3.peg.738.site.48, 3, 209, 212
1120974.3.peg.738.site.49, 6, 207, 213
1120974.3.peg.738.site.50, 139, 205, 344
1120974.3.peg.738.site.51, 4, 209, 213
1120974.3.peg.738.site.52, 150, 202, 352
1120974.3.peg.738.site.53, 153, 201, 354
1120974.3.peg.738.site.54, 120, 168, 288
1120974.3.peg.738.site.55, 132, 194, 326
1120974.3.peg.738.site.56, 182, 209, 391
1120974.3.peg.738.site.57, 0, 206, 206
1120974.3.peg.738.site.58, 158, 206, 364
1120974.3.peg.738.site.59, 190, 202, 392
1120974.3.peg.738.site.60, 0, 203, 203
1120974.3.peg.738.site.61, 0, 207, 207
1120974.3.peg.738.site.62, 138, 187, 325
1120974.3.peg.738.site.63, 138, 140, 278
1120974.3.peg.738.site.64, 27, 77, 104
1120974.3.peg.738.site.65, 17, 79, 96
1120974.3.peg.738.site.66, 5, 50, 55
1120974.3.peg.738.site.67, 2, 47, 49
1120974.3.peg.738.site.68, 2, 48, 50
1120974.3.peg.738.site.69, 57, 102, 159
1120974.3.peg.738.site.70, 129, 174, 303
1120974.3.peg.738.site.71, 163, 206, 369
1120974.3.peg.738.site.72, 167, 206, 373
1120974.3.peg.738.site.73, 165, 208, 373
1120974.3.peg.738.site.74, 161, 204, 365
1120974.3.peg.738.site.75, 17, 199, 216
1120974.3.peg.738.site.76, 148, 190, 338
1120974.3.peg.738.site.77, 0, 194, 194
1120974.3.peg.738.site.78, 191, 191, 382
1120974.3.peg.738.site.79, 5, 153, 158
1120974.3.peg.738.site.80, 4, 163, 167
1120974.3.peg.738.site.81, 7, 165, 172
1120974.3.peg.738.site.82, 108, 157, 265
1120974.3.peg.738.site.83, 105, 148, 253
1120974.3.peg.738.site.84, 2, 148, 150
1120974.3.peg.738.site.85, 59, 87, 146
1120974.3.peg.738.site.86, 8, 53, 61
1120974.3.peg.738.site.87, 7, 55, 62
1120974.3.peg.738.site.88, 19, 68, 87
1120974.3.peg.738.site.89, 77, 120, 197
1120974.3.peg.738.site.90, 84, 109, 193
1120974.3.peg.738.site.91, 69, 111, 180
1120974.3.peg.738.site.92, 91, 133, 224
1120974.3.peg.738.site.93, 0, 147, 147
1120974.3.peg.739.site.1, 146, 190, 336
1120974.3.peg.739.site.2, 19, 185, 204
1120974.3.peg.739.site.3, 139, 185, 324
1120974.3.peg.739.site.4, 134, 182, 316
1120974.3.peg.739.site.5, 1, 129, 130
1120974.3.peg.739.site.6, 61, 101, 162
1120974.3.peg.739.site.7, 56, 102, 158
1120974.3.peg.739.site.8, 63, 106, 169
1120974.3.peg.739.site.9, 6, 208, 214
1120974.3.peg.739.site.10, 3, 211, 214
1120974.3.peg.739.site.11, 4, 210, 214
1120974.3.peg.739.site.12, 167, 206, 373
1120974.3.peg.739.site.13, 167, 206, 373
1120974.3.peg.739.site.14, 0, 209, 209
1120974.3.peg.739.site.15, 166, 208, 374
1120974.3.peg.739.site.16, 166, 208, 374
1120974.3.peg.739.site.17, 0, 212, 212
1120974.3.peg.739.site.18, 121, 201, 322
1120974.3.peg.739.site.19, 118, 200, 318
1120974.3.peg.739.site.20, 24, 207, 231
1120974.3.peg.739.site.21, 15, 203, 218
1120974.3.peg.739.site.22, 141, 191, 332
1120974.3.peg.739.site.23, 0, 184, 184
1120974.3.peg.739.site.24, 12, 186, 198
1120974.3.peg.739.site.25, 15, 203, 218
1120974.3.peg.739.site.26, 15, 207, 222
1120974.3.peg.739.site.27, 183, 209, 392
1120974.3.peg.739.site.28, 150, 210, 360
1120974.3.peg.739.site.29, 17, 210, 227
1120974.3.peg.739.site.30, 0, 211, 211
1120974.3.peg.739.site.31, 108, 204, 312
1120974.3.peg.739.site.32, 57, 206, 263
1120974.3.peg.739.site.33, 6, 207, 213
1120974.3.peg.739.site.34, 40, 205, 245
1120974.3.peg.739.site.35, 6, 202, 208
1120974.3.peg.739.site.36, 36, 204, 240
1120974.3.peg.739.site.37, 173, 183, 356
1120974.3.peg.739.site.38, 140, 166, 306
1120974.3.peg.739.site.39, 168, 174, 342
1120974.3.peg.739.site.40, 4, 187, 191
1120974.3.peg.739.site.41, 4, 183, 187
1120974.3.peg.739.site.42, 7, 174, 181
1120974.3.peg.739.site.43, 10, 183, 193
1120974.3.peg.739.site.44, 122, 178, 300
1120974.3.peg.739.site.45, 130, 175, 305
1120974.3.peg.736.site.1, 22, 50, 72
1120974.3.peg.736.site.2, 56, 83, 139
1120974.3.peg.736.site.3, 180, 207, 387
1120974.3.peg.736.site.4, 182, 209, 391
1120974.3.peg.736.site.5, 181, 206, 387
1120974.3.peg.736.site.6, 184, 208, 392
1120974.3.peg.736.site.7, 185, 209, 394
1120974.3.peg.736.site.8, 163, 207, 370
1120974.3.peg.736.site.9, 5, 211, 216
1120974.3.peg.736.site.10, 54, 80, 134
1120974.3.peg.736.site.11, 44, 72, 116
1120974.3.peg.736.site.12, 40, 67, 107
1120974.3.peg.736.site.13, 179, 205, 384
1120974.3.peg.736.site.14, 5, 211, 216
1120974.3.peg.736.site.15, 11, 212, 223
1120974.3.peg.736.site.16, 181, 207, 388
1120974.3.peg.736.site.17, 125, 152, 277
1120974.3.peg.736.site.18, 58, 86, 144
1120974.3.peg.736.site.19, 8, 37, 45
1120974.3.peg.736.site.20, 33, 60, 93
1120974.3.peg.736.site.21, 5, 212, 217
1120974.3.peg.736.site.22, 184, 208, 392
1120974.3.peg.736.site.23, 14, 211, 225
1120974.3.peg.736.site.24, 17, 209, 226
1120974.3.peg.736.site.25, 183, 205, 388
1120974.3.peg.736.site.26, 165, 205, 370
1120974.3.peg.736.site.27, 0, 211, 211
1120974.3.peg.736.site.28, 182, 206, 388
1120974.3.peg.736.site.29, 1, 210, 211
1120974.3.peg.736.site.30, 4, 209, 213
1120974.3.peg.736.site.31, 0, 211, 211
1120974.3.peg.736.site.32, 1, 211, 212
1120974.3.peg.736.site.33, 0, 211, 211
1120974.3.peg.736.site.34, 1, 211, 212
1120974.3.peg.736.site.35, 183, 208, 391
1120974.3.peg.736.site.36, 1, 210, 211
1120974.3.peg.736.site.37, 0, 209, 209
1120974.3.peg.736.site.38, 0, 209, 209
1120974.3.peg.736.site.39, 185, 207, 392
1120974.3.peg.736.site.40, 17, 207, 224
1120974.3.peg.736.site.41, 162, 185, 347
1120974.3.peg.736.site.42, 89, 111, 200
1120974.3.peg.736.site.43, 15, 38, 53
1120974.3.peg.736.site.44, 3, 27, 30
1120974.3.peg.736.site.45, 8, 32, 40
1120974.3.peg.736.site.46, 49, 81, 130
1120974.3.peg.736.site.47, 3, 184, 187
1120974.3.peg.736.site.48, 3, 201, 204
1120974.3.peg.736.site.49, 4, 205, 209
1120974.3.peg.736.site.50, 169, 195, 364
1120974.3.peg.736.site.51, 2, 201, 203
1120974.3.peg.736.site.52, 78, 107, 185
1120974.3.peg.736.site.53, 1, 48, 49
1120974.3.peg.737.site.1, 0, 212, 212
1120974.3.peg.737.site.2, 170, 208, 378
1120974.3.peg.737.site.3, 2, 212, 214
1120974.3.peg.737.site.4, 6, 206, 212
1120974.3.peg.737.site.5, 162, 202, 364
1120974.3.peg.737.site.6, 10, 210, 220
1120974.3.peg.737.site.7, 115, 208, 323
1120974.3.peg.737.site.8, 165, 207, 372
1120974.3.peg.737.site.9, 10, 209, 219
1120974.3.peg.737.site.10, 6, 211, 217
1120974.3.peg.737.site.11, 0, 212, 212
1120974.3.peg.737.site.12, 49, 209, 258
1120974.3.peg.737.site.13, 3, 212, 215
1120974.3.peg.737.site.14, 3, 212, 215
1120974.3.peg.737.site.15, 168, 208, 376
1120974.3.peg.737.site.16, 3, 210, 213
1120974.3.peg.737.site.17, 47, 211, 258
1120974.3.peg.737.site.18, 12, 212, 224
1120974.3.peg.737.site.19, 9, 211, 220
1120974.3.peg.737.site.20, 2, 212, 214
1120974.3.peg.737.site.21, 2, 211, 213
1120974.3.peg.737.site.22, 18, 210, 228
1120974.3.peg.737.site.23, 129, 206, 335
1120974.3.peg.737.site.24, 117, 195, 312
1120974.3.peg.737.site.25, 24, 198, 222
1120974.3.peg.737.site.26, 0, 202, 202
1120974.3.peg.737.site.27, 0, 205, 205
1120974.3.peg.737.site.28, 60, 203, 263
1120974.3.peg.737.site.29, 0, 205, 205
1120974.3.peg.737.site.30, 158, 202, 360
1120974.3.peg.737.site.31, 164, 207, 371
1120974.3.peg.737.site.32, 24, 210, 234
1120974.3.peg.737.site.33, 42, 208, 250
1120974.3.peg.734.site.1, 3, 212, 215
1120974.3.peg.734.site.2, 3, 211, 214
1120974.3.peg.735.site.1, 3, 212, 215
1120974.3.peg.735.site.2, 180, 210, 390
1120974.3.peg.735.site.3, 112, 143, 255
1120974.3.peg.735.site.4, 11, 56, 67
1120974.3.peg.735.site.5, 5, 176, 181
1120974.3.peg.735.site.6, 20, 177, 197
1120974.3.peg.735.site.7, 94, 144, 238
1120974.3.peg.735.site.8, 132, 164, 296
1120974.3.peg.735.site.9, 2, 185, 187
1120974.3.peg.735.site.10, 172, 206, 378
1120974.3.peg.735.site.11, 18, 211, 229
1120974.3.peg.735.site.12, 14, 205, 219
1120974.3.peg.732.site.1, 19, 207, 226
1120974.3.peg.732.site.2, 7, 196, 203
1120974.3.peg.732.site.3, 5, 191, 196
1120974.3.peg.732.site.4, 2, 190, 192
1120974.3.peg.732.site.5, 11, 197, 208
1120974.3.peg.732.site.6, 17, 203, 220
1120974.3.peg.732.site.7, 19, 204, 223
1120974.3.peg.732.site.8, 1, 204, 205
1120974.3.peg.732.site.9, 151, 210, 361
1120974.3.peg.732.site.10, 148, 208, 356
1120974.3.peg.732.site.11, 0, 212, 212
1120974.3.peg.732.site.12, 26, 210, 236
1120974.3.peg.732.site.13, 13, 83, 96
1120974.3.peg.732.site.14, 2, 70, 72
1120974.3.peg.732.site.15, 125, 191, 316
1120974.3.peg.732.site.16, 27, 210, 237
1120974.3.peg.732.site.17, 8, 212, 220
1120974.3.peg.732.site.18, 17, 211, 228
1120974.3.peg.732.site.19, 119, 207, 326
1120974.3.peg.732.site.20, 208, 208, 416
1120974.3.peg.732.site.21, 67, 82, 149
1120974.3.peg.732.site.22, 80, 85, 165
1120974.3.peg.732.site.23, 9, 78, 87
1120974.3.peg.732.site.24, 0, 68, 68
1120974.3.peg.732.site.25, 126, 186, 312
1120974.3.peg.732.site.26, 0, 211, 211
1120974.3.peg.732.site.27, 122, 205, 327
1120974.3.peg.732.site.28, 19, 211, 230
1120974.3.peg.732.site.29, 0, 192, 192
1120974.3.peg.732.site.30, 193, 193, 386
1120974.3.peg.732.site.31, 2, 194, 196
1120974.3.peg.732.site.32, 2, 194, 196
1120974.3.peg.732.site.33, 4, 196, 200
1120974.3.peg.733.site.1, 1, 209, 210
1120974.3.peg.733.site.2, 0, 209, 209
1120974.3.peg.733.site.3, 6, 212, 218
1120974.3.peg.733.site.4, 127, 211, 338
1120974.3.peg.733.site.5, 127, 209, 336
1120974.3.peg.730.site.1, 41, 147, 188
1120974.3.peg.730.site.2, 1, 109, 110
1120974.3.peg.730.site.3, 0, 110, 110
1120974.3.peg.730.site.4, 23, 114, 137
1120974.3.peg.730.site.5, 31, 138, 169
1120974.3.peg.730.site.6, 64, 175, 239
1120974.3.peg.730.site.7, 4, 209, 213
1120974.3.peg.730.site.8, 158, 210, 368
1120974.3.peg.730.site.9, 197, 209, 406
1120974.3.peg.730.site.10, 99, 204, 303
1120974.3.peg.730.site.11, 157, 209, 366
1120974.3.peg.730.site.12, 159, 209, 368
1120974.3.peg.730.site.13, 161, 209, 370
1120974.3.peg.730.site.14, 2, 210, 212
1120974.3.peg.730.site.15, 0, 212, 212
1120974.3.peg.730.site.16, 162, 211, 373
1120974.3.peg.730.site.17, 160, 210, 370
1120974.3.peg.730.site.18, 158, 208, 366
1120974.3.peg.730.site.19, 32, 209, 241
1120974.3.peg.730.site.20, 6, 210, 216
1120974.3.peg.730.site.21, 119, 209, 328
1120974.3.peg.730.site.22, 0, 212, 212
1120974.3.peg.730.site.23, 201, 211, 412
1120974.3.peg.730.site.24, 162, 210, 372
1120974.3.peg.730.site.25, 35, 210, 245
1120974.3.peg.730.site.26, 48, 211, 259
1120974.3.peg.730.site.27, 35, 210, 245
1120974.3.peg.730.site.28, 35, 210, 245
1120974.3.peg.730.site.29, 6, 211, 217
1120974.3.peg.730.site.30, 161, 209, 370
1120974.3.peg.730.site.31, 195, 209, 404
1120974.3.peg.730.site.32, 169, 210, 379
1120974.3.peg.730.site.33, 0, 212, 212
1120974.3.peg.730.site.34, 145, 184, 329
1120974.3.peg.730.site.35, 90, 133, 223
1120974.3.peg.730.site.36, 100, 142, 242
1120974.3.peg.730.site.37, 26, 187, 213
1120974.3.peg.730.site.38, 163, 207, 370
1120974.3.peg.730.site.39, 3, 211, 214
1120974.3.peg.730.site.40, 3, 210, 213
1120974.3.peg.730.site.41, 126, 205, 331
1120974.3.peg.730.site.42, 167, 209, 376
1120974.3.peg.730.site.43, 3, 210, 213
1120974.3.peg.730.site.44, 168, 210, 378
1120974.3.peg.730.site.45, 0, 209, 209
1120974.3.peg.730.site.46, 29, 206, 235
1120974.3.peg.730.site.47, 165, 209, 374
1120974.3.peg.730.site.48, 164, 208, 372
1120974.3.peg.730.site.49, 164, 208, 372
1120974.3.peg.730.site.50, 163, 207, 370
1120974.3.peg.730.site.51, 161, 206, 367
1120974.3.peg.730.site.52, 160, 205, 365
1120974.3.peg.730.site.53, 4, 209, 213
1120974.3.peg.730.site.54, 31, 209, 240
1120974.3.peg.730.site.55, 29, 201, 230
1120974.3.peg.730.site.56, 5, 203, 208
1120974.3.peg.730.site.57, 125, 173, 298
1120974.3.peg.730.site.58, 76, 124, 200
1120974.3.peg.730.site.59, 52, 100, 152
1120974.3.peg.731.site.1, 11, 59, 70
1120974.3.peg.731.site.2, 42, 90, 132
1120974.3.peg.731.site.3, 12, 212, 224
1120974.3.peg.731.site.4, 0, 212, 212
1120974.3.peg.731.site.5, 9, 211, 220
1120974.3.peg.731.site.6, 212, 212, 424
1120974.3.peg.731.site.7, 2, 211, 213
1120974.3.peg.731.site.8, 10, 211, 221
1120974.3.peg.731.site.9, 8, 211, 219
1120974.3.peg.731.site.10, 7, 210, 217
1120974.3.peg.731.site.11, 1, 204, 205
1120974.3.peg.731.site.12, 109, 200, 309
1120974.3.peg.731.site.13, 0, 203, 203
1120974.3.peg.1384.site.1, 0, 200, 200
1120974.3.peg.1384.site.2, 52, 76, 128
1120974.3.peg.1384.site.3, 44, 80, 124
1120974.3.peg.1384.site.4, 0, 104, 104
1120974.3.peg.1384.site.5, 80, 109, 189
1120974.3.peg.1384.site.6, 0, 214, 214
1120974.3.peg.1384.site.7, 0, 214, 214
1120974.3.peg.1384.site.8, 0, 214, 214
1120974.3.peg.1384.site.9, 0, 211, 211
1120974.3.peg.1387.site.1, 3, 215, 218
1120974.3.peg.1387.site.2, 153, 212, 365
1120974.3.peg.1387.site.3, 4, 215, 219
1120974.3.peg.1387.site.4, 0, 214, 214
1120974.3.peg.1386.site.1, 0, 215, 215
1120974.3.peg.1386.site.2, 0, 214, 214
1120974.3.peg.1386.site.3, 0, 215, 215
1120974.3.peg.1386.site.4, 2, 216, 218
1120974.3.peg.1386.site.5, 161, 209, 370
1120974.3.peg.1386.site.6, 161, 211, 372
1120974.3.peg.1386.site.7, 0, 213, 213
1120974.3.peg.1386.site.8, 0, 213, 213
1120974.3.peg.1386.site.9, 0, 214, 214
1120974.3.peg.1381.site.1, 193, 204, 397
1120974.3.peg.1381.site.2, 168, 210, 378
1120974.3.peg.1381.site.3, 0, 216, 216
1120974.3.peg.1380.site.1, 121, 204, 325
1120974.3.peg.1380.site.2, 0, 206, 206
1120974.3.peg.1380.site.3, 0, 131, 131
1120974.3.peg.1380.site.4, 17, 127, 144
1120974.3.peg.1380.site.5, 37, 122, 159
1120974.3.peg.1380.site.6, 55, 123, 178
1120974.3.peg.1380.site.7, 0, 151, 151
1120974.3.peg.1380.site.8, 0, 155, 155
1120974.3.peg.1380.site.9, 0, 154, 154
1120974.3.peg.1380.site.10, 0, 149, 149
1120974.3.peg.1380.site.11, 0, 147, 147
1120974.3.peg.1380.site.12, 13, 77, 90
1120974.3.peg.1380.site.13, 0, 98, 98
1120974.3.peg.1380.site.14, 0, 89, 89
1120974.3.peg.1380.site.15, 0, 63, 63
1120974.3.peg.1380.site.16, 13, 61, 74
1120974.3.peg.1380.site.17, 0, 192, 192
1120974.3.peg.1380.site.18, 0, 202, 202
1120974.3.peg.1380.site.19, 0, 204, 204
1120974.3.peg.1380.site.20, 0, 204, 204
1120974.3.peg.1380.site.21, 105, 174, 279
1120974.3.peg.1380.site.22, 59, 160, 219
1120974.3.peg.1380.site.23, 147, 159, 306
1120974.3.peg.1380.site.24, 0, 188, 188
1120974.3.peg.1380.site.25, 107, 185, 292
1120974.3.peg.1380.site.26, 125, 213, 338
1120974.3.peg.1380.site.27, 132, 206, 338
1120974.3.peg.1382.site.1, 1, 214, 215
1120974.3.peg.1382.site.2, 164, 209, 373
1120974.3.peg.1382.site.3, 37, 213, 250
1120974.3.peg.1382.site.4, 0, 216, 216
1120974.3.peg.422.site.1, 1, 112, 113
1120974.3.peg.422.site.2, 13, 164, 177
1120974.3.peg.422.site.3, 1, 209, 210
1120974.3.peg.422.site.4, 53, 206, 259
1120974.3.peg.422.site.5, 3, 146, 149
1120974.3.peg.422.site.6, 8, 151, 159
1120974.3.peg.422.site.7, 13, 156, 169
1120974.3.peg.422.site.8, 0, 215, 215
1120974.3.peg.422.site.9, 1, 216, 217
1120974.3.peg.422.site.10, 0, 215, 215
1120974.3.peg.422.site.11, 3, 216, 219
1120974.3.peg.422.site.12, 28, 214, 242
1120974.3.peg.422.site.13, 24, 212, 236
1120974.3.peg.422.site.14, 2, 212, 214
1120974.3.peg.422.site.15, 211, 215, 426
1120974.3.peg.422.site.16, 203, 214, 417
1120974.3.peg.422.site.17, 4, 209, 213
1120974.3.peg.422.site.18, 15, 211, 226
1120974.3.peg.422.site.19, 1, 214, 215
1120974.3.peg.422.site.20, 177, 211, 388
1120974.3.peg.422.site.21, 0, 202, 202
1120974.3.peg.422.site.22, 2, 178, 180
1120974.3.peg.422.site.23, 153, 178, 331
1120974.3.peg.422.site.24, 149, 171, 320
1120974.3.peg.422.site.25, 128, 149, 277
1120974.3.peg.422.site.26, 84, 120, 204
1120974.3.peg.422.site.27, 1, 216, 217
1120974.3.peg.422.site.28, 190, 214, 404
1120974.3.peg.422.site.29, 2, 215, 217
1120974.3.peg.422.site.30, 197, 213, 410
1120974.3.peg.423.site.1, 209, 212, 421
1120974.3.peg.423.site.2, 0, 210, 210
1120974.3.peg.423.site.3, 122, 138, 260
1120974.3.peg.423.site.4, 137, 143, 280
1120974.3.peg.423.site.5, 26, 124, 150
1120974.3.peg.423.site.6, 72, 119, 191
1120974.3.peg.423.site.7, 102, 119, 221
1120974.3.peg.423.site.8, 111, 128, 239
1120974.3.peg.423.site.9, 10, 142, 152
1120974.3.peg.423.site.10, 0, 181, 181
1120974.3.peg.423.site.11, 164, 169, 333
1120974.3.peg.423.site.12, 165, 177, 342
1120974.3.peg.423.site.13, 168, 168, 336
1120974.3.peg.423.site.14, 135, 149, 284
1120974.3.peg.423.site.15, 13, 110, 123
1120974.3.peg.423.site.16, 81, 94, 175
1120974.3.peg.423.site.17, 65, 78, 143
1120974.3.peg.423.site.18, 73, 82, 155
1120974.3.peg.423.site.19, 1, 84, 85
1120974.3.peg.423.site.20, 48, 160, 208
1120974.3.peg.423.site.21, 64, 177, 241
1120974.3.peg.423.site.22, 92, 206, 298
1120974.3.peg.421.site.1, 0, 216, 216
1120974.3.peg.421.site.2, 214, 215, 429
1120974.3.peg.421.site.3, 0, 215, 215
1120974.3.peg.421.site.4, 0, 214, 214
1120974.3.peg.421.site.5, 1, 215, 216
1120974.3.peg.421.site.6, 3, 186, 189
1120974.3.peg.421.site.7, 34, 209, 243
1120974.3.peg.421.site.8, 0, 198, 198
1120974.3.peg.421.site.9, 0, 210, 210
1120974.3.peg.421.site.10, 0, 208, 208
1120974.3.peg.421.site.11, 3, 176, 179
1120974.3.peg.421.site.12, 3, 215, 218
1120974.3.peg.421.site.13, 35, 205, 240
1120974.3.peg.421.site.14, 1, 201, 202
1120974.3.peg.421.site.15, 8, 197, 205
1120974.3.peg.421.site.16, 26, 188, 214
1120974.3.peg.421.site.17, 20, 189, 209
1120974.3.peg.421.site.18, 6, 212, 218
1120974.3.peg.421.site.19, 110, 213, 323
1120974.3.peg.421.site.20, 103, 213, 316
1120974.3.peg.421.site.21, 54, 187, 241
1120974.3.peg.426.site.1, 195, 210, 405
1120974.3.peg.426.site.2, 19, 212, 231
1120974.3.peg.426.site.3, 192, 211, 403
1120974.3.peg.426.site.4, 1, 214, 215
1120974.3.peg.426.site.5, 1, 216, 217
1120974.3.peg.426.site.6, 0, 215, 215
1120974.3.peg.426.site.7, 1, 215, 216
1120974.3.peg.427.site.1, 193, 213, 406
1120974.3.peg.427.site.2, 61, 143, 204
1120974.3.peg.424.site.1, 199, 212, 411
1120974.3.peg.424.site.2, 215, 215, 430
1120974.3.peg.424.site.3, 10, 172, 182
1120974.3.peg.425.site.1, 41, 60, 101
1120974.3.peg.425.site.2, 8, 173, 181
1120974.3.peg.425.site.3, 4, 189, 193
1120974.3.peg.425.site.4, 7, 202, 209
1120974.3.peg.425.site.5, 153, 169, 322
1120974.3.peg.425.site.6, 152, 159, 311
1120974.3.peg.425.site.7, 145, 162, 307
1120974.3.peg.425.site.8, 197, 213, 410
1120974.3.peg.425.site.9, 197, 213, 410
1120974.3.peg.425.site.10, 197, 213, 410
1120974.3.peg.425.site.11, 112, 123, 235
1120974.3.peg.428.site.1, 0, 213, 213
1120974.3.peg.428.site.2, 2, 215, 217
1120974.3.peg.428.site.3, 3, 214, 217
1120974.3.peg.428.site.4, 196, 214, 410
1120974.3.peg.428.site.5, 4, 216, 220
1120974.3.peg.428.site.6, 13, 211, 224
1120974.3.peg.428.site.7, 179, 210, 389
1120974.3.peg.428.site.8, 12, 211, 223
1120974.3.peg.428.site.9, 215, 215, 430
1120974.3.peg.428.site.10, 212, 216, 428
1120974.3.peg.428.site.11, 11, 211, 222
1120974.3.peg.428.site.12, 0, 213, 213
1120974.3.peg.428.site.13, 0, 212, 212
1120974.3.peg.428.site.14, 6, 211, 217
1120974.3.peg.428.site.15, 0, 214, 214
1120974.3.peg.428.site.16, 193, 213, 406
1120974.3.peg.428.site.17, 12, 25, 37
1120974.3.peg.428.site.18, 12, 24, 36
1120974.3.peg.428.site.19, 7, 17, 24
1120974.3.peg.428.site.20, 6, 16, 22
1120974.3.peg.428.site.21, 19, 35, 54
1120974.3.peg.428.site.22, 32, 42, 74
1120974.3.peg.428.site.23, 19, 39, 58
1120974.3.peg.429.site.1, 0, 215, 215
1120974.3.peg.429.site.2, 0, 213, 213
1120974.3.peg.429.site.3, 0, 211, 211
1120974.3.peg.429.site.4, 0, 211, 211
1120974.3.peg.429.site.5, 0, 210, 210
1120974.3.peg.429.site.6, 215, 215, 430
1120974.3.peg.429.site.7, 0, 214, 214
1120974.3.peg.429.site.8, 19, 209, 228
1120974.3.peg.429.site.9, 9, 211, 220
1120974.3.peg.429.site.10, 191, 214, 405
1120974.3.peg.429.site.11, 198, 215, 413
1120974.3.peg.429.site.12, 0, 215, 215
1120974.3.peg.429.site.13, 0, 214, 214
1120974.3.peg.429.site.14, 146, 205, 351
1120974.3.peg.429.site.15, 147, 206, 353
1120974.3.peg.429.site.16, 1, 210, 211
1120974.3.peg.429.site.17, 143, 202, 345
1120974.3.peg.429.site.18, 0, 199, 199
1120974.3.peg.429.site.19, 0, 184, 184
1120974.3.peg.429.site.20, 0, 201, 201
1120974.3.peg.429.site.21, 0, 201, 201
1120974.3.peg.429.site.22, 0, 202, 202
1120974.3.peg.429.site.23, 0, 204, 204
1120974.3.peg.429.site.24, 146, 203, 349
1120974.3.peg.429.site.25, 0, 211, 211
1120974.3.peg.429.site.26, 0, 213, 213
1120974.3.peg.429.site.27, 1, 213, 214
1120974.3.peg.429.site.28, 216, 216, 432
1120974.3.peg.429.site.29, 0, 215, 215
1120974.3.peg.429.site.30, 1, 215, 216
1120974.3.peg.429.site.31, 0, 212, 212
1120974.3.peg.429.site.32, 15, 214, 229
1120974.3.peg.1259.site.1, 2, 212, 214
1120974.3.peg.1259.site.2, 0, 216, 216
1120974.3.peg.1259.site.3, 9, 215, 224
1120974.3.peg.1259.site.4, 0, 215, 215
1120974.3.peg.1259.site.5, 0, 215, 215
1120974.3.peg.1259.site.6, 201, 215, 416
1120974.3.peg.1259.site.7, 194, 212, 406
1120974.3.peg.1259.site.8, 194, 213, 407
1120974.3.peg.1259.site.9, 196, 215, 411
1120974.3.peg.1259.site.10, 39, 214, 253
1120974.3.peg.1259.site.11, 0, 216, 216
1120974.3.peg.1259.site.12, 0, 212, 212
1120974.3.peg.1259.site.13, 132, 210, 342
1120974.3.peg.1259.site.14, 5, 216, 221
1120974.3.peg.1259.site.15, 51, 214, 265
1120974.3.peg.1259.site.16, 50, 215, 265
1120974.3.peg.1258.site.1, 88, 208, 296
1120974.3.peg.1258.site.2, 19, 215, 234
1120974.3.peg.1258.site.3, 99, 209, 308
1120974.3.peg.1258.site.4, 0, 213, 213
1120974.3.peg.1258.site.5, 2, 214, 216
1120974.3.peg.1258.site.6, 169, 211, 380
1120974.3.peg.1258.site.7, 14, 213, 227
1120974.3.peg.1258.site.8, 212, 215, 427
1120974.3.peg.1258.site.9, 107, 208, 315
1120974.3.peg.1258.site.10, 102, 208, 310
1120974.3.peg.1257.site.1, 64, 140, 204
1120974.3.peg.1257.site.2, 19, 136, 155
1120974.3.peg.1257.site.3, 64, 136, 200
1120974.3.peg.1257.site.4, 100, 141, 241
1120974.3.peg.1257.site.5, 17, 150, 167
1120974.3.peg.1257.site.6, 1, 149, 150
1120974.3.peg.1257.site.7, 71, 145, 216
1120974.3.peg.1257.site.8, 65, 140, 205
1120974.3.peg.1257.site.9, 27, 141, 168
1120974.3.peg.1257.site.10, 64, 127, 191
1120974.3.peg.1257.site.11, 0, 151, 151
1120974.3.peg.1257.site.12, 15, 211, 226
1120974.3.peg.1257.site.13, 4, 178, 182
1120974.3.peg.1257.site.14, 96, 187, 283
1120974.3.peg.1257.site.15, 40, 191, 231
1120974.3.peg.1257.site.16, 193, 193, 386
1120974.3.peg.1257.site.17, 12, 188, 200
1120974.3.peg.1257.site.18, 36, 199, 235
1120974.3.peg.1257.site.19, 2, 184, 186
1120974.3.peg.1257.site.20, 38, 187, 225
1120974.3.peg.1257.site.21, 19, 209, 228
1120974.3.peg.1257.site.22, 0, 214, 214
1120974.3.peg.1257.site.23, 105, 204, 309
1120974.3.peg.1257.site.24, 107, 207, 314
1120974.3.peg.1257.site.25, 45, 213, 258
1120974.3.peg.1257.site.26, 0, 215, 215
1120974.3.peg.1256.site.1, 0, 215, 215
1120974.3.peg.1256.site.2, 0, 215, 215
1120974.3.peg.1256.site.3, 158, 214, 372
1120974.3.peg.1256.site.4, 0, 214, 214
1120974.3.peg.1256.site.5, 8, 213, 221
1120974.3.peg.1256.site.6, 143, 202, 345
1120974.3.peg.1256.site.7, 133, 184, 317
1120974.3.peg.1256.site.8, 37, 197, 234
1120974.3.peg.1256.site.9, 0, 212, 212
1120974.3.peg.1256.site.10, 39, 213, 252
1120974.3.peg.1256.site.11, 6, 214, 220
1120974.3.peg.1256.site.12, 135, 209, 344
1120974.3.peg.1256.site.13, 139, 210, 349
1120974.3.peg.1256.site.14, 1, 208, 209
1120974.3.peg.1256.site.15, 0, 211, 211
1120974.3.peg.1256.site.16, 7, 212, 219
1120974.3.peg.1256.site.17, 6, 214, 220
1120974.3.peg.1256.site.18, 147, 210, 357
1120974.3.peg.1256.site.19, 138, 211, 349
1120974.3.peg.1256.site.20, 99, 210, 309
1120974.3.peg.1256.site.21, 3, 215, 218
1120974.3.peg.1256.site.22, 0, 214, 214
1120974.3.peg.1256.site.23, 0, 215, 215
1120974.3.peg.1256.site.24, 1, 215, 216
1120974.3.peg.1256.site.25, 99, 211, 310
1120974.3.peg.1256.site.26, 44, 211, 255
1120974.3.peg.1256.site.27, 0, 215, 215
1120974.3.peg.1256.site.28, 2, 216, 218
1120974.3.peg.1256.site.29, 28, 214, 242
1120974.3.peg.1256.site.30, 0, 214, 214
1120974.3.peg.1256.site.31, 9, 214, 223
1120974.3.peg.1256.site.32, 10, 214, 224
1120974.3.peg.1256.site.33, 98, 209, 307
1120974.3.peg.1256.site.34, 153, 211, 364
1120974.3.peg.1256.site.35, 5, 212, 217
1120974.3.peg.1256.site.36, 88, 204, 292
1120974.3.peg.1256.site.37, 126, 195, 321
1120974.3.peg.1256.site.38, 49, 152, 201
1120974.3.peg.1255.site.1, 4, 216, 220
1120974.3.peg.1255.site.2, 34, 216, 250
1120974.3.peg.1255.site.3, 1, 216, 217
1120974.3.peg.1255.site.4, 2, 216, 218
1120974.3.peg.1255.site.5, 0, 213, 213
1120974.3.peg.1255.site.6, 4, 216, 220
1120974.3.peg.1255.site.7, 152, 214, 366
1120974.3.peg.1255.site.8, 5, 214, 219
1120974.3.peg.1255.site.9, 58, 215, 273
1120974.3.peg.1255.site.10, 0, 216, 216
1120974.3.peg.1255.site.11, 35, 215, 250
1120974.3.peg.1255.site.12, 149, 212, 361
1120974.3.peg.1255.site.13, 210, 215, 425
1120974.3.peg.1254.site.1, 0, 214, 214
1120974.3.peg.1254.site.2, 5, 215, 220
1120974.3.peg.1254.site.3, 0, 214, 214
1120974.3.peg.1254.site.4, 0, 215, 215
1120974.3.peg.1254.site.5, 11, 209, 220
1120974.3.peg.1254.site.6, 31, 207, 238
1120974.3.peg.1253.site.1, 123, 212, 335
1120974.3.peg.1253.site.2, 117, 208, 325
1120974.3.peg.1253.site.3, 122, 210, 332
1120974.3.peg.1253.site.4, 120, 208, 328
1120974.3.peg.1253.site.5, 121, 207, 328
1120974.3.peg.1253.site.6, 43, 211, 254
1120974.3.peg.1253.site.7, 120, 208, 328
1120974.3.peg.1253.site.8, 16, 213, 229
1120974.3.peg.1253.site.9, 210, 216, 426
1120974.3.peg.1253.site.10, 124, 210, 334
1120974.3.peg.1253.site.11, 53, 212, 265
1120974.3.peg.1253.site.12, 53, 210, 263
1120974.3.peg.1253.site.13, 0, 212, 212
1120974.3.peg.1253.site.14, 0, 213, 213
1120974.3.peg.1253.site.15, 38, 211, 249
1120974.3.peg.1253.site.16, 116, 212, 328
1120974.3.peg.1253.site.17, 0, 215, 215
1120974.3.peg.1253.site.18, 5, 216, 221
1120974.3.peg.1253.site.19, 154, 211, 365
1120974.3.peg.1253.site.20, 0, 214, 214
1120974.3.peg.1253.site.21, 2, 214, 216
1120974.3.peg.1253.site.22, 5, 196, 201
1120974.3.peg.1253.site.23, 184, 208, 392
1120974.3.peg.1253.site.24, 39, 211, 250
1120974.3.peg.1253.site.25, 4, 208, 212
1120974.3.peg.1253.site.26, 52, 203, 255
1120974.3.peg.1253.site.27, 108, 208, 316
1120974.3.peg.1253.site.28, 33, 198, 231
1120974.3.peg.1253.site.29, 2, 192, 194
1120974.3.peg.1253.site.30, 2, 204, 206
1120974.3.peg.1253.site.31, 0, 214, 214
1120974.3.peg.1253.site.32, 2, 215, 217
1120974.3.peg.1253.site.33, 2, 185, 187
1120974.3.peg.1253.site.34, 0, 212, 212
1120974.3.peg.1253.site.35, 11, 211, 222
1120974.3.peg.1253.site.36, 2, 211, 213
1120974.3.peg.1253.site.37, 207, 216, 423
1120974.3.peg.1253.site.38, 36, 214, 250
1120974.3.peg.1252.site.1, 2, 212, 214
1120974.3.peg.1252.site.2, 2, 215, 217
1120974.3.peg.1252.site.3, 0, 215, 215
1120974.3.peg.1252.site.4, 2, 215, 217
1120974.3.peg.1252.site.5, 29, 211, 240
1120974.3.peg.1252.site.6, 30, 212, 242
1120974.3.peg.1252.site.7, 0, 216, 216
1120974.3.peg.1252.site.8, 191, 201, 392
1120974.3.peg.1252.site.9, 1, 189, 190
1120974.3.peg.1252.site.10, 23, 207, 230
1120974.3.peg.1252.site.11, 175, 206, 381
1120974.3.peg.1252.site.12, 24, 213, 237
1120974.3.peg.1252.site.13, 0, 214, 214
1120974.3.peg.1252.site.14, 0, 215, 215
1120974.3.peg.1252.site.15, 37, 212, 249
1120974.3.peg.1252.site.16, 34, 211, 245
1120974.3.peg.1252.site.17, 29, 213, 242
1120974.3.peg.1252.site.18, 38, 211, 249
1120974.3.peg.1252.site.19, 5, 207, 212
1120974.3.peg.1252.site.20, 130, 209, 339
1120974.3.peg.1252.site.21, 37, 211, 248
1120974.3.peg.1252.site.22, 3, 207, 210
1120974.3.peg.1252.site.23, 1, 206, 207
1120974.3.peg.1252.site.24, 0, 209, 209
1120974.3.peg.1252.site.25, 1, 177, 178
1120974.3.peg.1252.site.26, 5, 178, 183
1120974.3.peg.1252.site.27, 1, 172, 173
1120974.3.peg.1252.site.28, 135, 152, 287
1120974.3.peg.1252.site.29, 104, 157, 261
1120974.3.peg.1252.site.30, 113, 167, 280
1120974.3.peg.1252.site.31, 154, 181, 335
1120974.3.peg.1252.site.32, 28, 195, 223
1120974.3.peg.1252.site.33, 0, 203, 203
1120974.3.peg.1252.site.34, 0, 187, 187
1120974.3.peg.1252.site.35, 121, 166, 287
1120974.3.peg.1252.site.36, 0, 177, 177
1120974.3.peg.1252.site.37, 11, 209, 220
1120974.3.peg.1252.site.38, 0, 216, 216
1120974.3.peg.1252.site.39, 0, 215, 215
1120974.3.peg.1251.site.1, 3, 195, 198
1120974.3.peg.1250.site.1, 1, 202, 203
1120974.3.peg.1250.site.2, 8, 208, 216
1120974.3.peg.1250.site.3, 0, 212, 212
1120974.3.peg.1250.site.4, 0, 211, 211
1120974.3.peg.1250.site.5, 129, 210, 339
1120974.3.peg.1250.site.6, 0, 215, 215
1120974.3.peg.1250.site.7, 0, 214, 214
1120974.3.peg.1250.site.8, 1, 215, 216
1120974.3.peg.1250.site.9, 14, 215, 229
1120974.3.peg.1250.site.10, 4, 214, 218
1120974.3.peg.1250.site.11, 131, 210, 341
1120974.3.peg.1250.site.12, 133, 211, 344
1120974.3.peg.1250.site.13, 1, 207, 208
1120974.3.peg.1250.site.14, 24, 203, 227
1120974.3.peg.1250.site.15, 1, 213, 214
1120974.3.peg.1250.site.16, 1, 212, 213
1120974.3.peg.1250.site.17, 32, 210, 242
1120974.3.peg.1250.site.18, 31, 210, 241
1120974.3.peg.1250.site.19, 33, 210, 243
1120974.3.peg.1250.site.20, 1, 213, 214
1120974.3.peg.1815.site.1, 116, 204, 320
1120974.3.peg.1815.site.2, 63, 206, 269
1120974.3.peg.1815.site.3, 0, 211, 211
1120974.3.peg.1815.site.4, 5, 212, 217
1120974.3.peg.1815.site.5, 0, 212, 212
1120974.3.peg.1815.site.6, 18, 211, 229
1120974.3.peg.1815.site.7, 69, 210, 279
1120974.3.peg.1815.site.8, 67, 209, 276
1120974.3.peg.1815.site.9, 1, 210, 211
1120974.3.peg.1815.site.10, 0, 209, 209
1120974.3.peg.1815.site.11, 2, 211, 213
1120974.3.peg.1814.site.1, 174, 189, 363
1120974.3.peg.1814.site.2, 157, 206, 363
1120974.3.peg.1814.site.3, 32, 202, 234
1120974.3.peg.1814.site.4, 0, 211, 211
1120974.3.peg.1814.site.5, 14, 210, 224
1120974.3.peg.1814.site.6, 182, 209, 391
1120974.3.peg.1814.site.7, 22, 160, 182
1120974.3.peg.1814.site.8, 18, 211, 229
1120974.3.peg.1814.site.9, 0, 215, 215
1120974.3.peg.1814.site.10, 0, 214, 214
1120974.3.peg.1814.site.11, 12, 214, 226
1120974.3.peg.1814.site.12, 0, 214, 214
1120974.3.peg.1814.site.13, 202, 212, 414
1120974.3.peg.1814.site.14, 4, 216, 220
1120974.3.peg.1814.site.15, 0, 216, 216
1120974.3.peg.1814.site.16, 0, 216, 216
1120974.3.peg.1814.site.17, 3, 214, 217
1120974.3.peg.1814.site.18, 2, 213, 215
1120974.3.peg.1814.site.19, 3, 211, 214
1120974.3.peg.1814.site.20, 1, 210, 211
1120974.3.peg.1814.site.21, 13, 202, 215
1120974.3.peg.1814.site.22, 66, 203, 269
1120974.3.peg.1814.site.23, 64, 202, 266
1120974.3.peg.1814.site.24, 2, 205, 207
1120974.3.peg.1814.site.25, 26, 165, 191
1120974.3.peg.1814.site.26, 112, 146, 258
1120974.3.peg.1814.site.27, 142, 172, 314
1120974.3.peg.1814.site.28, 8, 144, 152
1120974.3.peg.1814.site.29, 0, 139, 139
1120974.3.peg.1817.site.1, 107, 201, 308
1120974.3.peg.1817.site.2, 7, 209, 216
1120974.3.peg.1817.site.3, 113, 200, 313
1120974.3.peg.1817.site.4, 8, 208, 216
1120974.3.peg.1817.site.5, 48, 204, 252
1120974.3.peg.1817.site.6, 68, 206, 274
1120974.3.peg.1817.site.7, 8, 209, 217
1120974.3.peg.1817.site.8, 6, 210, 216
1120974.3.peg.1817.site.9, 1, 206, 207
1120974.3.peg.1817.site.10, 2, 148, 150
1120974.3.peg.1817.site.11, 1, 173, 174
1120974.3.peg.1817.site.12, 0, 206, 206
1120974.3.peg.1817.site.13, 1, 210, 211
1120974.3.peg.1817.site.14, 131, 206, 337
1120974.3.peg.1817.site.15, 213, 215, 428
1120974.3.peg.1817.site.16, 133, 208, 341
1120974.3.peg.1817.site.17, 8, 214, 222
1120974.3.peg.1817.site.18, 4, 214, 218
1120974.3.peg.1817.site.19, 12, 214, 226
1120974.3.peg.1817.site.20, 2, 210, 212
1120974.3.peg.1817.site.21, 0, 213, 213
1120974.3.peg.1817.site.22, 115, 183, 298
1120974.3.peg.1817.site.23, 69, 143, 212
1120974.3.peg.1817.site.24, 95, 162, 257
1120974.3.peg.1817.site.25, 1, 194, 195
1120974.3.peg.1817.site.26, 0, 201, 201
1120974.3.peg.1817.site.27, 179, 196, 375
1120974.3.peg.1817.site.28, 63, 137, 200
1120974.3.peg.1817.site.29, 72, 147, 219
1120974.3.peg.1817.site.30, 6, 77, 83
1120974.3.peg.1817.site.31, 2, 74, 76
1120974.3.peg.1817.site.32, 4, 215, 219
1120974.3.peg.1817.site.33, 6, 214, 220
1120974.3.peg.1817.site.34, 0, 214, 214
1120974.3.peg.1817.site.35, 2, 215, 217
1120974.3.peg.1817.site.36, 113, 209, 322
1120974.3.peg.1817.site.37, 15, 214, 229
1120974.3.peg.1817.site.38, 12, 213, 225
1120974.3.peg.1817.site.39, 158, 213, 371
1120974.3.peg.1817.site.40, 0, 211, 211
1120974.3.peg.1817.site.41, 147, 204, 351
1120974.3.peg.1817.site.42, 4, 201, 205
1120974.3.peg.1817.site.43, 103, 194, 297
1120974.3.peg.1817.site.44, 38, 200, 238
1120974.3.peg.1817.site.45, 7, 198, 205
1120974.3.peg.1817.site.46, 24, 199, 223
1120974.3.peg.1817.site.47, 4, 211, 215
1120974.3.peg.1816.site.1, 109, 204, 313
1120974.3.peg.1816.site.2, 105, 198, 303
1120974.3.peg.1816.site.3, 3, 208, 211
1120974.3.peg.1816.site.4, 0, 206, 206
1120974.3.peg.1816.site.5, 109, 205, 314
1120974.3.peg.1816.site.6, 0, 208, 208
1120974.3.peg.1816.site.7, 206, 208, 414
1120974.3.peg.1811.site.1, 72, 212, 284
1120974.3.peg.1811.site.2, 0, 216, 216
1120974.3.peg.1811.site.3, 71, 215, 286
1120974.3.peg.1811.site.4, 71, 214, 285
1120974.3.peg.1811.site.5, 0, 216, 216
1120974.3.peg.1811.site.6, 64, 212, 276
1120974.3.peg.1811.site.7, 4, 214, 218
1120974.3.peg.1811.site.8, 0, 214, 214
1120974.3.peg.1811.site.9, 35, 212, 247
1120974.3.peg.1811.site.10, 43, 213, 256
1120974.3.peg.1811.site.11, 0, 215, 215
1120974.3.peg.1811.site.12, 35, 211, 246
1120974.3.peg.1811.site.13, 210, 214, 424
1120974.3.peg.1811.site.14, 2, 215, 217
1120974.3.peg.1811.site.15, 175, 203, 378
1120974.3.peg.1811.site.16, 10, 45, 55
1120974.3.peg.1811.site.17, 5, 33, 38
1120974.3.peg.1810.site.1, 60, 196, 256
1120974.3.peg.1810.site.2, 184, 213, 397
1120974.3.peg.1810.site.3, 73, 210, 283
1120974.3.peg.1810.site.4, 213, 214, 427
1120974.3.peg.1810.site.5, 68, 203, 271
1120974.3.peg.1810.site.6, 72, 212, 284
1120974.3.peg.1810.site.7, 211, 215, 426
1120974.3.peg.1810.site.8, 1, 214, 215
1120974.3.peg.1810.site.9, 132, 211, 343
1120974.3.peg.1810.site.10, 87, 211, 298
1120974.3.peg.1810.site.11, 74, 212, 286
1120974.3.peg.1810.site.12, 74, 213, 287
1120974.3.peg.1810.site.13, 73, 211, 284
1120974.3.peg.1810.site.14, 4, 214, 218
1120974.3.peg.1812.site.1, 176, 214, 390
1120974.3.peg.1812.site.2, 151, 212, 363
1120974.3.peg.1812.site.3, 0, 214, 214
1120974.3.peg.1812.site.4, 26, 212, 238
1120974.3.peg.1812.site.5, 180, 208, 388
1120974.3.peg.1812.site.6, 145, 174, 319
1120974.3.peg.1812.site.7, 185, 210, 395
1120974.3.peg.1812.site.8, 0, 213, 213
1120974.3.peg.1812.site.9, 208, 216, 424
1120974.3.peg.1812.site.10, 26, 215, 241
1120974.3.peg.1812.site.11, 27, 215, 242
1120974.3.peg.1812.site.12, 0, 216, 216
1120974.3.peg.1819.site.1, 50, 211, 261
1120974.3.peg.1819.site.2, 4, 198, 202
1120974.3.peg.1819.site.3, 104, 157, 261
1120974.3.peg.1819.site.4, 87, 211, 298
1120974.3.peg.1819.site.5, 85, 212, 297
1120974.3.peg.1819.site.6, 2, 212, 214
1120974.3.peg.1819.site.7, 32, 207, 239
1120974.3.peg.1819.site.8, 84, 202, 286
1120974.3.peg.1819.site.9, 50, 204, 254
1120974.3.peg.1819.site.10, 0, 209, 209
1120974.3.peg.1819.site.11, 92, 209, 301
1120974.3.peg.1819.site.12, 94, 210, 304
1120974.3.peg.1819.site.13, 154, 209, 363
1120974.3.peg.1819.site.14, 212, 213, 425
1120974.3.peg.1819.site.15, 62, 210, 272
1120974.3.peg.1819.site.16, 143, 209, 352
1120974.3.peg.1819.site.17, 9, 211, 220
1120974.3.peg.1819.site.18, 82, 210, 292
1120974.3.peg.1819.site.19, 35, 212, 247
1120974.3.peg.1819.site.20, 83, 212, 295
1120974.3.peg.1819.site.21, 2, 214, 216
1120974.3.peg.1819.site.22, 80, 211, 291
1120974.3.peg.1818.site.1, 3, 207, 210
1120974.3.peg.1818.site.2, 91, 177, 268
1120974.3.peg.1818.site.3, 0, 153, 153
1120974.3.peg.1818.site.4, 78, 151, 229
1120974.3.peg.1818.site.5, 0, 159, 159
1120974.3.peg.1818.site.6, 1, 204, 205
1120974.3.peg.1818.site.7, 90, 196, 286
1120974.3.peg.1818.site.8, 12, 161, 173
1120974.3.peg.1818.site.9, 75, 141, 216
1120974.3.peg.1818.site.10, 12, 74, 86
1120974.3.peg.1818.site.11, 13, 61, 74
1120974.3.peg.1818.site.12, 0, 189, 189
1120974.3.peg.1818.site.13, 87, 192, 279
1120974.3.peg.1818.site.14, 34, 211, 245
1120974.3.peg.1818.site.15, 2, 213, 215
1120974.3.peg.1818.site.16, 9, 213, 222
1120974.3.peg.1818.site.17, 43, 209, 252
1120974.3.peg.1818.site.18, 0, 214, 214
1120974.3.peg.1818.site.19, 0, 213, 213
1120974.3.peg.1818.site.20, 117, 207, 324
1120974.3.peg.1818.site.21, 140, 199, 339
1120974.3.peg.1818.site.22, 129, 191, 320
1120974.3.peg.1818.site.23, 7, 202, 209
1120974.3.peg.1818.site.24, 8, 206, 214
1120974.3.peg.1657.site.1, 21, 91, 112
1120974.3.peg.1657.site.2, 14, 201, 215
1120974.3.peg.1657.site.3, 119, 195, 314
1120974.3.peg.1657.site.4, 105, 180, 285
1120974.3.peg.1657.site.5, 122, 196, 318
1120974.3.peg.1657.site.6, 125, 205, 330
1120974.3.peg.1657.site.7, 49, 198, 247
1120974.3.peg.1657.site.8, 4, 174, 178
1120974.3.peg.1657.site.9, 5, 168, 173
1120974.3.peg.1657.site.10, 4, 169, 173
1120974.3.peg.1657.site.11, 18, 184, 202
1120974.3.peg.1657.site.12, 200, 211, 411
1120974.3.peg.1657.site.13, 184, 213, 397
1120974.3.peg.1657.site.14, 181, 210, 391
1120974.3.peg.1657.site.15, 0, 213, 213
1120974.3.peg.1657.site.16, 0, 213, 213
1120974.3.peg.1657.site.17, 0, 214, 214
1120974.3.peg.1657.site.18, 0, 216, 216
1120974.3.peg.1657.site.19, 0, 215, 215
1120974.3.peg.1657.site.20, 0, 214, 214
1120974.3.peg.1657.site.21, 0, 214, 214
1120974.3.peg.1657.site.22, 1, 216, 217
1120974.3.peg.1657.site.23, 0, 216, 216
1120974.3.peg.1657.site.24, 0, 214, 214
1120974.3.peg.1657.site.25, 74, 212, 286
1120974.3.peg.1657.site.26, 0, 215, 215
1120974.3.peg.1657.site.27, 0, 215, 215
1120974.3.peg.1657.site.28, 151, 212, 363
1120974.3.peg.1657.site.29, 1, 216, 217
1120974.3.peg.1657.site.30, 0, 212, 212
1120974.3.peg.1657.site.31, 1, 213, 214
1120974.3.peg.1657.site.32, 0, 216, 216
1120974.3.peg.1657.site.33, 0, 216, 216
1120974.3.peg.1657.site.34, 10, 215, 225
1120974.3.peg.1657.site.35, 0, 216, 216
1120974.3.peg.1657.site.36, 0, 216, 216
1120974.3.peg.1657.site.37, 1, 215, 216
1120974.3.peg.1657.site.38, 0, 214, 214
1120974.3.peg.1657.site.39, 186, 214, 400
1120974.3.peg.1656.site.1, 59, 145, 204
1120974.3.peg.1656.site.2, 69, 154, 223
1120974.3.peg.1656.site.3, 115, 150, 265
1120974.3.peg.1656.site.4, 189, 214, 403
1120974.3.peg.1656.site.5, 127, 211, 338
1120974.3.peg.1656.site.6, 10, 216, 226
1120974.3.peg.1656.site.7, 179, 212, 391
1120974.3.peg.1656.site.8, 9, 215, 224
1120974.3.peg.1656.site.9, 179, 212, 391
1120974.3.peg.1656.site.10, 176, 212, 388
1120974.3.peg.1656.site.11, 0, 211, 211
1120974.3.peg.1656.site.12, 163, 198, 361
1120974.3.peg.1656.site.13, 164, 199, 363
1120974.3.peg.1656.site.14, 0, 212, 212
1120974.3.peg.1656.site.15, 4, 216, 220
1120974.3.peg.1656.site.16, 180, 213, 393
1120974.3.peg.1656.site.17, 185, 213, 398
1120974.3.peg.1656.site.18, 15, 214, 229
1120974.3.peg.1656.site.19, 126, 210, 336
1120974.3.peg.1656.site.20, 48, 212, 260
1120974.3.peg.1656.site.21, 50, 207, 257
1120974.3.peg.1656.site.22, 100, 187, 287
1120974.3.peg.1656.site.23, 101, 187, 288
1120974.3.peg.1656.site.24, 171, 207, 378
1120974.3.peg.1656.site.25, 53, 89, 142
1120974.3.peg.1656.site.26, 40, 76, 116
1120974.3.peg.1656.site.27, 117, 201, 318
1120974.3.peg.1656.site.28, 47, 211, 258
1120974.3.peg.1656.site.29, 180, 213, 393
1120974.3.peg.1656.site.30, 178, 211, 389
1120974.3.peg.1659.site.1, 27, 206, 233
1120974.3.peg.1659.site.2, 173, 206, 379
1120974.3.peg.1659.site.3, 177, 206, 383
1120974.3.peg.1659.site.4, 1, 206, 207
1120974.3.peg.1659.site.5, 15, 211, 226
1120974.3.peg.1659.site.6, 1, 209, 210
1120974.3.peg.1659.site.7, 10, 210, 220
1120974.3.peg.1659.site.8, 180, 212, 392
1120974.3.peg.1659.site.9, 0, 213, 213
1120974.3.peg.1659.site.10, 1, 213, 214
1120974.3.peg.1659.site.11, 180, 212, 392
1120974.3.peg.1659.site.12, 10, 213, 223
1120974.3.peg.1659.site.13, 10, 214, 224
1120974.3.peg.1659.site.14, 10, 212, 222
1120974.3.peg.1659.site.15, 1, 214, 215
1120974.3.peg.1659.site.16, 52, 212, 264
1120974.3.peg.1659.site.17, 6, 214, 220
1120974.3.peg.1659.site.18, 59, 211, 270
1120974.3.peg.1659.site.19, 52, 210, 262
1120974.3.peg.1658.site.1, 0, 216, 216
1120974.3.peg.1658.site.2, 1, 153, 154
1120974.3.peg.1658.site.3, 108, 212, 320
1120974.3.peg.1658.site.4, 0, 215, 215
1120974.3.peg.1658.site.5, 0, 214, 214
1120974.3.peg.1658.site.6, 102, 211, 313
1120974.3.peg.1658.site.7, 5, 215, 220
1120974.3.peg.1658.site.8, 97, 212, 309
1120974.3.peg.1658.site.9, 97, 212, 309
1120974.3.peg.1658.site.10, 206, 215, 421
1120974.3.peg.1658.site.11, 9, 215, 224
1120974.3.peg.1658.site.12, 195, 213, 408
1120974.3.peg.1658.site.13, 2, 214, 216
1120974.3.peg.1658.site.14, 3, 210, 213
1120974.3.peg.1658.site.15, 153, 205, 358
1120974.3.peg.1658.site.16, 0, 210, 210
1120974.3.peg.1658.site.17, 178, 210, 388
1120974.3.peg.1728.site.1, 0, 189, 189
1120974.3.peg.1728.site.2, 5, 210, 215
1120974.3.peg.1728.site.3, 0, 212, 212
1120974.3.peg.1728.site.4, 195, 213, 408
1120974.3.peg.1728.site.5, 111, 211, 322
1120974.3.peg.1723.site.1, 16, 215, 231
1120974.3.peg.1723.site.2, 11, 215, 226
1120974.3.peg.1723.site.3, 5, 216, 221
1120974.3.peg.1723.site.4, 185, 213, 398
1120974.3.peg.1723.site.5, 0, 214, 214
1120974.3.peg.1723.site.6, 112, 209, 321
1120974.3.peg.1723.site.7, 112, 211, 323
1120974.3.peg.1723.site.8, 8, 215, 223
1120974.3.peg.1723.site.9, 0, 216, 216
1120974.3.peg.1722.site.1, 80, 100, 180
1120974.3.peg.1722.site.2, 0, 197, 197
1120974.3.peg.1722.site.3, 0, 215, 215
1120974.3.peg.1722.site.4, 0, 212, 212
1120974.3.peg.1722.site.5, 136, 208, 344
1120974.3.peg.1722.site.6, 0, 216, 216
1120974.3.peg.1722.site.7, 44, 96, 140
1120974.3.peg.1722.site.8, 6, 75, 81
1120974.3.peg.1722.site.9, 41, 71, 112
1120974.3.peg.1722.site.10, 81, 111, 192
1120974.3.peg.1722.site.11, 12, 212, 224
1120974.3.peg.1722.site.12, 185, 215, 400
1120974.3.peg.1722.site.13, 0, 214, 214
1120974.3.peg.1722.site.14, 186, 216, 402
1120974.3.peg.1721.site.1, 0, 214, 214
1120974.3.peg.1721.site.2, 173, 213, 386
1120974.3.peg.1721.site.3, 171, 211, 382
1120974.3.peg.1721.site.4, 4, 215, 219
1120974.3.peg.1721.site.5, 9, 215, 224
1120974.3.peg.1721.site.6, 187, 214, 401
1120974.3.peg.1721.site.7, 0, 216, 216
1120974.3.peg.1721.site.8, 216, 216, 432
1120974.3.peg.1721.site.9, 56, 208, 264
1120974.3.peg.1721.site.10, 118, 158, 276
1120974.3.peg.1721.site.11, 30, 70, 100
1120974.3.peg.1721.site.12, 34, 54, 88
1120974.3.peg.1721.site.13, 25, 47, 72
1120974.3.peg.1721.site.14, 2, 44, 46
1120974.3.peg.1721.site.15, 10, 55, 65
1120974.3.peg.1721.site.16, 1, 42, 43
1120974.3.peg.1721.site.17, 22, 42, 64
1120974.3.peg.1721.site.18, 120, 159, 279
1120974.3.peg.1721.site.19, 17, 83, 100
1120974.3.peg.1721.site.20, 25, 65, 90
1120974.3.peg.1721.site.21, 7, 47, 54
1120974.3.peg.1721.site.22, 1, 39, 40
1120974.3.peg.1721.site.23, 39, 39, 78
1120974.3.peg.1721.site.24, 39, 39, 78
1120974.3.peg.1721.site.25, 3, 44, 47
1120974.3.peg.1721.site.26, 22, 44, 66
1120974.3.peg.1721.site.27, 22, 44, 66
1120974.3.peg.1721.site.28, 22, 44, 66
1120974.3.peg.1721.site.29, 2, 23, 25
1120974.3.peg.1721.site.30, 15, 20, 35
1120974.3.peg.1721.site.31, 21, 21, 42
1120974.3.peg.1721.site.32, 6, 26, 32
1120974.3.peg.1721.site.33, 26, 46, 72
1120974.3.peg.1721.site.34, 29, 50, 79
1120974.3.peg.1721.site.35, 7, 54, 61
1120974.3.peg.1721.site.36, 32, 52, 84
1120974.3.peg.1721.site.37, 16, 45, 61
1120974.3.peg.1721.site.38, 20, 40, 60
1120974.3.peg.1721.site.39, 22, 42, 64
1120974.3.peg.1721.site.40, 6, 40, 46
1120974.3.peg.1721.site.41, 16, 36, 52
1120974.3.peg.1721.site.42, 14, 34, 48
1120974.3.peg.1721.site.43, 15, 35, 50
1120974.3.peg.1721.site.44, 4, 28, 32
1120974.3.peg.1721.site.45, 1, 21, 22
1120974.3.peg.1721.site.46, 1, 21, 22
1120974.3.peg.1721.site.47, 13, 20, 33
1120974.3.peg.1721.site.48, 4, 20, 24
1120974.3.peg.1721.site.49, 20, 20, 40
1120974.3.peg.1721.site.50, 20, 20, 40
1120974.3.peg.1721.site.51, 40, 63, 103
1120974.3.peg.1721.site.52, 43, 66, 109
1120974.3.peg.1721.site.53, 105, 105, 210
1120974.3.peg.1721.site.54, 0, 127, 127
1120974.3.peg.1721.site.55, 0, 85, 85
1120974.3.peg.1721.site.56, 65, 65, 130
1120974.3.peg.1721.site.57, 2, 95, 97
1120974.3.peg.1721.site.58, 1, 94, 95
1120974.3.peg.1721.site.59, 4, 99, 103
1120974.3.peg.1721.site.60, 15, 108, 123
1120974.3.peg.1721.site.61, 0, 116, 116
1120974.3.peg.1721.site.62, 55, 148, 203
1120974.3.peg.1721.site.63, 163, 201, 364
1120974.3.peg.1721.site.64, 103, 143, 246
1120974.3.peg.1721.site.65, 5, 213, 218
1120974.3.peg.1721.site.66, 176, 213, 389
1120974.3.peg.1721.site.67, 48, 209, 257
1120974.3.peg.1720.site.1, 57, 211, 268
1120974.3.peg.1720.site.2, 0, 201, 201
1120974.3.peg.1720.site.3, 0, 204, 204
1120974.3.peg.1720.site.4, 36, 190, 226
1120974.3.peg.1720.site.5, 0, 177, 177
1120974.3.peg.1720.site.6, 21, 176, 197
1120974.3.peg.1720.site.7, 14, 169, 183
1120974.3.peg.1720.site.8, 21, 170, 191
1120974.3.peg.1720.site.9, 0, 182, 182
1120974.3.peg.1720.site.10, 0, 188, 188
1120974.3.peg.1720.site.11, 0, 215, 215
1120974.3.peg.1720.site.12, 1, 215, 216
1120974.3.peg.1720.site.13, 12, 210, 222
1120974.3.peg.1720.site.14, 52, 205, 257
1120974.3.peg.1720.site.15, 78, 165, 243
1120974.3.peg.1720.site.16, 3, 160, 163
1120974.3.peg.1720.site.17, 0, 164, 164
1120974.3.peg.1720.site.18, 9, 86, 95
1120974.3.peg.1720.site.19, 6, 192, 198
1120974.3.peg.1720.site.20, 52, 127, 179
1120974.3.peg.1720.site.21, 69, 148, 217
1120974.3.peg.1720.site.22, 122, 196, 318
1120974.3.peg.1720.site.23, 138, 212, 350
1120974.3.peg.1720.site.24, 11, 214, 225
1120974.3.peg.1720.site.25, 84, 212, 296
1120974.3.peg.1720.site.26, 139, 210, 349
1120974.3.peg.1720.site.27, 6, 180, 186
1120974.3.peg.1720.site.28, 7, 79, 86
1120974.3.peg.1720.site.29, 11, 77, 88
1120974.3.peg.1720.site.30, 77, 77, 154
1120974.3.peg.1720.site.31, 0, 76, 76
1120974.3.peg.1720.site.32, 7, 77, 84
1120974.3.peg.1720.site.33, 1, 78, 79
1120974.3.peg.1720.site.34, 4, 78, 82
1120974.3.peg.1720.site.35, 4, 77, 81
1120974.3.peg.1720.site.36, 4, 85, 89
1120974.3.peg.1720.site.37, 15, 90, 105
1120974.3.peg.1720.site.38, 10, 86, 96
1120974.3.peg.1720.site.39, 8, 84, 92
1120974.3.peg.1720.site.40, 72, 147, 219
1120974.3.peg.1720.site.41, 51, 205, 256
1120974.3.peg.1720.site.42, 118, 193, 311
1120974.3.peg.1720.site.43, 135, 209, 344
1120974.3.peg.1720.site.44, 153, 211, 364
1120974.3.peg.1720.site.45, 131, 209, 340
1120974.3.peg.1720.site.46, 99, 177, 276
1120974.3.peg.1720.site.47, 1, 105, 106
1120974.3.peg.1726.site.1, 164, 211, 375
1120974.3.peg.1726.site.2, 2, 216, 218
1120974.3.peg.1726.site.3, 8, 205, 213
1120974.3.peg.1726.site.4, 11, 209, 220
1120974.3.peg.1726.site.5, 213, 213, 426
1120974.3.peg.1726.site.6, 0, 215, 215
1120974.3.peg.1726.site.7, 5, 215, 220
1120974.3.peg.1726.site.8, 0, 216, 216
1120974.3.peg.1726.site.9, 166, 213, 379
1120974.3.peg.1726.site.10, 15, 215, 230
1120974.3.peg.1726.site.11, 16, 215, 231
1120974.3.peg.1726.site.12, 16, 215, 231
1120974.3.peg.1726.site.13, 16, 216, 232
1120974.3.peg.1726.site.14, 16, 215, 231
1120974.3.peg.1725.site.1, 0, 212, 212
1120974.3.peg.1725.site.2, 14, 213, 227
1120974.3.peg.1725.site.3, 8, 215, 223
1120974.3.peg.1725.site.4, 5, 216, 221
1120974.3.peg.1725.site.5, 35, 211, 246
1120974.3.peg.1725.site.6, 0, 211, 211
1120974.3.peg.1725.site.7, 0, 216, 216
1120974.3.peg.1725.site.8, 42, 212, 254
1120974.3.peg.1725.site.9, 11, 214, 225
1120974.3.peg.1725.site.10, 158, 211, 369
1120974.3.peg.1725.site.11, 16, 178, 194
1120974.3.peg.1725.site.12, 112, 178, 290
1120974.3.peg.1725.site.13, 0, 158, 158
1120974.3.peg.1725.site.14, 77, 140, 217
1120974.3.peg.1725.site.15, 16, 142, 158
1120974.3.peg.1725.site.16, 84, 147, 231
1120974.3.peg.1725.site.17, 86, 150, 236
1120974.3.peg.1725.site.18, 99, 163, 262
1120974.3.peg.1725.site.19, 1, 211, 212
1120974.3.peg.1725.site.20, 146, 210, 356
1120974.3.peg.1725.site.21, 20, 213, 233
1120974.3.peg.1725.site.22, 197, 214, 411
1120974.3.peg.1724.site.1, 0, 215, 215
1120974.3.peg.1724.site.2, 0, 215, 215
1120974.3.peg.1724.site.3, 0, 215, 215
1120974.3.peg.1724.site.4, 0, 216, 216
1120974.3.peg.934.site.1, 195, 207, 402
1120974.3.peg.934.site.2, 168, 205, 373
1120974.3.peg.934.site.3, 172, 212, 384
1120974.3.peg.934.site.4, 15, 214, 229
1120974.3.peg.934.site.5, 19, 215, 234
1120974.3.peg.934.site.6, 1, 216, 217
1120974.3.peg.934.site.7, 3, 215, 218
1120974.3.peg.934.site.8, 0, 212, 212
1120974.3.peg.934.site.9, 0, 212, 212
1120974.3.peg.934.site.10, 13, 210, 223
1120974.3.peg.934.site.11, 0, 212, 212
1120974.3.peg.934.site.12, 172, 213, 385
1120974.3.peg.934.site.13, 0, 215, 215
1120974.3.peg.934.site.14, 9, 214, 223
1120974.3.peg.934.site.15, 0, 215, 215
1120974.3.peg.934.site.16, 0, 215, 215
1120974.3.peg.934.site.17, 173, 211, 384
1120974.3.peg.934.site.18, 199, 211, 410
1120974.3.peg.934.site.19, 4, 200, 204
1120974.3.peg.935.site.1, 3, 214, 217
1120974.3.peg.935.site.2, 2, 214, 216
1120974.3.peg.935.site.3, 167, 212, 379
1120974.3.peg.935.site.4, 11, 216, 227
1120974.3.peg.935.site.5, 190, 211, 401
1120974.3.peg.935.site.6, 19, 39, 58
1120974.3.peg.284.site.1, 195, 212, 407
1120974.3.peg.284.site.2, 214, 215, 429
1120974.3.peg.284.site.3, 183, 211, 394
1120974.3.peg.284.site.4, 171, 207, 378
1120974.3.peg.284.site.5, 211, 211, 422
1120974.3.peg.284.site.6, 207, 207, 414
1120974.3.peg.284.site.7, 207, 207, 414
1120974.3.peg.284.site.8, 34, 206, 240
1120974.3.peg.284.site.9, 40, 209, 249
1120974.3.peg.284.site.10, 208, 208, 416
1120974.3.peg.284.site.11, 215, 215, 430
1120974.3.peg.284.site.12, 7, 215, 222
1120974.3.peg.284.site.13, 30, 212, 242
1120974.3.peg.284.site.14, 50, 209, 259
1120974.3.peg.285.site.1, 10, 210, 220
1120974.3.peg.285.site.2, 0, 211, 211
1120974.3.peg.285.site.3, 0, 214, 214
1120974.3.peg.285.site.4, 2, 210, 212
1120974.3.peg.285.site.5, 1, 199, 200
1120974.3.peg.285.site.6, 13, 191, 204
1120974.3.peg.285.site.7, 11, 185, 196
1120974.3.peg.285.site.8, 0, 194, 194
1120974.3.peg.285.site.9, 0, 214, 214
1120974.3.peg.285.site.10, 0, 214, 214
1120974.3.peg.285.site.11, 32, 213, 245
1120974.3.peg.285.site.12, 1, 216, 217
1120974.3.peg.285.site.13, 216, 216, 432
1120974.3.peg.285.site.14, 0, 215, 215
1120974.3.peg.285.site.15, 1, 215, 216
1120974.3.peg.285.site.16, 35, 211, 246
1120974.3.peg.930.site.1, 2, 214, 216
1120974.3.peg.930.site.2, 0, 216, 216
1120974.3.peg.930.site.3, 55, 213, 268
1120974.3.peg.930.site.4, 2, 215, 217
1120974.3.peg.930.site.5, 195, 212, 407
1120974.3.peg.930.site.6, 0, 215, 215
1120974.3.peg.930.site.7, 0, 216, 216
1120974.3.peg.930.site.8, 200, 208, 408
1120974.3.peg.930.site.9, 0, 216, 216
1120974.3.peg.930.site.10, 142, 210, 352
1120974.3.peg.930.site.11, 73, 210, 283
1120974.3.peg.930.site.12, 15, 212, 227
1120974.3.peg.930.site.13, 70, 213, 283
1120974.3.peg.930.site.14, 58, 210, 268
1120974.3.peg.930.site.15, 0, 215, 215
1120974.3.peg.930.site.16, 1, 216, 217
1120974.3.peg.930.site.17, 1, 215, 216
1120974.3.peg.930.site.18, 1, 216, 217
1120974.3.peg.930.site.19, 66, 211, 277
1120974.3.peg.930.site.20, 0, 216, 216
1120974.3.peg.930.site.21, 78, 213, 291
1120974.3.peg.930.site.22, 1, 215, 216
1120974.3.peg.930.site.23, 39, 210, 249
1120974.3.peg.930.site.24, 0, 212, 212
1120974.3.peg.930.site.25, 0, 215, 215
1120974.3.peg.930.site.26, 1, 215, 216
1120974.3.peg.930.site.27, 76, 210, 286
1120974.3.peg.930.site.28, 77, 212, 289
1120974.3.peg.930.site.29, 1, 214, 215
1120974.3.peg.930.site.30, 1, 214, 215
1120974.3.peg.930.site.31, 1, 214, 215
1120974.3.peg.930.site.32, 74, 214, 288
1120974.3.peg.930.site.33, 0, 216, 216
1120974.3.peg.930.site.34, 1, 216, 217
1120974.3.peg.930.site.35, 1, 216, 217
1120974.3.peg.930.site.36, 67, 211, 278
1120974.3.peg.930.site.37, 0, 215, 215
1120974.3.peg.930.site.38, 10, 214, 224
1120974.3.peg.930.site.39, 21, 213, 234
1120974.3.peg.930.site.40, 0, 215, 215
1120974.3.peg.930.site.41, 69, 212, 281
1120974.3.peg.930.site.42, 70, 213, 283
1120974.3.peg.930.site.43, 4, 216, 220
1120974.3.peg.930.site.44, 1, 192, 193
1120974.3.peg.930.site.45, 69, 185, 254
1120974.3.peg.930.site.46, 62, 212, 274
1120974.3.peg.930.site.47, 187, 213, 400
1120974.3.peg.930.site.48, 62, 211, 273
1120974.3.peg.931.site.1, 0, 214, 214
1120974.3.peg.931.site.2, 60, 211, 271
1120974.3.peg.931.site.3, 58, 202, 260
1120974.3.peg.931.site.4, 129, 208, 337
1120974.3.peg.931.site.5, 0, 216, 216
1120974.3.peg.931.site.6, 201, 212, 413
1120974.3.peg.931.site.7, 0, 215, 215
1120974.3.peg.931.site.8, 0, 214, 214
1120974.3.peg.931.site.9, 6, 215, 221
1120974.3.peg.931.site.10, 24, 211, 235
1120974.3.peg.931.site.11, 1, 216, 217
1120974.3.peg.931.site.12, 120, 213, 333
1120974.3.peg.931.site.13, 182, 214, 396
1120974.3.peg.931.site.14, 182, 213, 395
1120974.3.peg.931.site.15, 154, 187, 341
1120974.3.peg.931.site.16, 106, 140, 246
1120974.3.peg.931.site.17, 7, 143, 150
1120974.3.peg.931.site.18, 110, 140, 250
1120974.3.peg.931.site.19, 122, 189, 311
1120974.3.peg.931.site.20, 0, 215, 215
1120974.3.peg.931.site.21, 138, 212, 350
1120974.3.peg.931.site.22, 3, 215, 218
1120974.3.peg.931.site.23, 0, 215, 215
1120974.3.peg.931.site.24, 1, 215, 216
1120974.3.peg.931.site.25, 1, 216, 217
1120974.3.peg.931.site.26, 154, 176, 330
1120974.3.peg.931.site.27, 145, 167, 312
1120974.3.peg.932.site.1, 182, 203, 385
1120974.3.peg.932.site.2, 0, 207, 207
1120974.3.peg.932.site.3, 151, 195, 346
1120974.3.peg.932.site.4, 10, 31, 41
1120974.3.peg.932.site.5, 4, 23, 27
1120974.3.peg.932.site.6, 15, 34, 49
1120974.3.peg.932.site.7, 36, 57, 93
1120974.3.peg.932.site.8, 1, 135, 136
1120974.3.peg.932.site.9, 3, 212, 215
1120974.3.peg.932.site.10, 187, 210, 397
1120974.3.peg.932.site.11, 9, 213, 222
1120974.3.peg.1645.site.1, 177, 213, 390
1120974.3.peg.1645.site.2, 10, 214, 224
1120974.3.peg.1645.site.3, 4, 216, 220
1120974.3.peg.1645.site.4, 0, 216, 216
1120974.3.peg.1645.site.5, 9, 215, 224
1120974.3.peg.1645.site.6, 0, 216, 216
1120974.3.peg.1645.site.7, 172, 211, 383
1120974.3.peg.1645.site.8, 15, 210, 225
1120974.3.peg.1645.site.9, 170, 206, 376
1120974.3.peg.1645.site.10, 117, 200, 317
1120974.3.peg.1645.site.11, 174, 210, 384
1120974.3.peg.1645.site.12, 4, 206, 210
1120974.3.peg.1645.site.13, 124, 207, 331
1120974.3.peg.1645.site.14, 0, 206, 206
1120974.3.peg.1645.site.15, 119, 206, 325
1120974.3.peg.1645.site.16, 15, 211, 226
1120974.3.peg.1645.site.17, 125, 214, 339
1120974.3.peg.1645.site.18, 125, 213, 338
1120974.3.peg.1645.site.19, 125, 213, 338
1120974.3.peg.1645.site.20, 126, 209, 335
1120974.3.peg.1645.site.21, 0, 215, 215
1120974.3.peg.1645.site.22, 198, 199, 397
1120974.3.peg.1645.site.23, 172, 209, 381
1120974.3.peg.1645.site.24, 168, 206, 374
1120974.3.peg.1645.site.25, 0, 215, 215
1120974.3.peg.1645.site.26, 174, 212, 386
1120974.3.peg.1645.site.27, 2, 211, 213
1120974.3.peg.1645.site.28, 1, 216, 217
1120974.3.peg.1645.site.29, 0, 214, 214
1120974.3.peg.1645.site.30, 175, 208, 383
1120974.3.peg.2601.site.1, 65, 211, 276
1120974.3.peg.2601.site.2, 5, 213, 218
1120974.3.peg.2601.site.3, 3, 216, 219
1120974.3.peg.2601.site.4, 0, 216, 216
1120974.3.peg.2601.site.5, 38, 210, 248
1120974.3.peg.2601.site.6, 138, 199, 337
1120974.3.peg.2601.site.7, 181, 205, 386
1120974.3.peg.2601.site.8, 34, 205, 239
1120974.3.peg.2601.site.9, 26, 199, 225
1120974.3.peg.2601.site.10, 165, 197, 362
1120974.3.peg.2601.site.11, 111, 194, 305
1120974.3.peg.2601.site.12, 182, 191, 373
1120974.3.peg.2601.site.13, 6, 191, 197
1120974.3.peg.2601.site.14, 171, 180, 351
1120974.3.peg.2601.site.15, 37, 181, 218
1120974.3.peg.2601.site.16, 3, 183, 186
1120974.3.peg.2601.site.17, 0, 182, 182
1120974.3.peg.2601.site.18, 1, 172, 173
1120974.3.peg.2601.site.19, 78, 185, 263
1120974.3.peg.2601.site.20, 0, 189, 189
1120974.3.peg.2601.site.21, 2, 193, 195
1120974.3.peg.2601.site.22, 0, 213, 213
1120974.3.peg.2601.site.23, 0, 214, 214
1120974.3.peg.2601.site.24, 30, 214, 244
1120974.3.peg.2601.site.25, 125, 210, 335
1120974.3.peg.2601.site.26, 0, 216, 216
1120974.3.peg.2600.site.1, 207, 211, 418
1120974.3.peg.2600.site.2, 0, 209, 209
1120974.3.peg.2600.site.3, 115, 206, 321
1120974.3.peg.2600.site.4, 111, 205, 316
1120974.3.peg.2600.site.5, 205, 211, 416
1120974.3.peg.2600.site.6, 1, 205, 206
1120974.3.peg.2600.site.7, 180, 195, 375
1120974.3.peg.2600.site.8, 4, 172, 176
1120974.3.peg.2600.site.9, 144, 158, 302
1120974.3.peg.2600.site.10, 168, 179, 347
1120974.3.peg.2600.site.11, 187, 198, 385
1120974.3.peg.2600.site.12, 0, 213, 213
1120974.3.peg.2600.site.13, 213, 213, 426
1120974.3.peg.2600.site.14, 0, 212, 212
1120974.3.peg.2600.site.15, 206, 215, 421
1120974.3.peg.2600.site.16, 2, 214, 216
1120974.3.peg.2600.site.17, 7, 214, 221
1120974.3.peg.2600.site.18, 1, 215, 216
1120974.3.peg.2600.site.19, 1, 216, 217
1120974.3.peg.2600.site.20, 206, 214, 420
1120974.3.peg.2600.site.21, 7, 214, 221
1120974.3.peg.2600.site.22, 206, 214, 420
1120974.3.peg.2600.site.23, 209, 214, 423
1120974.3.peg.2600.site.24, 202, 208, 410
1120974.3.peg.2600.site.25, 2, 199, 201
1120974.3.peg.2600.site.26, 3, 188, 191
1120974.3.peg.2600.site.27, 3, 194, 197
1120974.3.peg.2600.site.28, 2, 197, 199
1120974.3.peg.2600.site.29, 1, 196, 197
1120974.3.peg.2600.site.30, 0, 205, 205
1120974.3.peg.2600.site.31, 1, 203, 204
1120974.3.peg.2600.site.32, 0, 194, 194
1120974.3.peg.2600.site.33, 125, 210, 335
1120974.3.peg.2603.site.1, 0, 193, 193
1120974.3.peg.2603.site.2, 0, 194, 194
1120974.3.peg.2603.site.3, 0, 193, 193
1120974.3.peg.2603.site.4, 9, 210, 219
1120974.3.peg.2603.site.5, 0, 213, 213
1120974.3.peg.2603.site.6, 125, 207, 332
1120974.3.peg.2603.site.7, 13, 209, 222
1120974.3.peg.2603.site.8, 0, 197, 197
1120974.3.peg.2603.site.9, 17, 213, 230
1120974.3.peg.2603.site.10, 35, 211, 246
1120974.3.peg.2603.site.11, 0, 215, 215
1120974.3.peg.2603.site.12, 0, 215, 215
1120974.3.peg.2603.site.13, 4, 216, 220
1120974.3.peg.2603.site.14, 0, 216, 216
1120974.3.peg.2603.site.15, 18, 213, 231
1120974.3.peg.2603.site.16, 0, 214, 214
1120974.3.peg.2603.site.17, 0, 214, 214
1120974.3.peg.2603.site.18, 0, 215, 215
1120974.3.peg.2603.site.19, 0, 215, 215
1120974.3.peg.2603.site.20, 18, 214, 232
1120974.3.peg.2603.site.21, 18, 214, 232
1120974.3.peg.2603.site.22, 0, 214, 214
1120974.3.peg.2603.site.23, 0, 215, 215
1120974.3.peg.2603.site.24, 18, 214, 232
1120974.3.peg.2603.site.25, 17, 213, 230
1120974.3.peg.2603.site.26, 1, 211, 212
1120974.3.peg.2605.site.1, 0, 214, 214
1120974.3.peg.2605.site.2, 96, 210, 306
1120974.3.peg.2605.site.3, 0, 216, 216
1120974.3.peg.2605.site.4, 21, 212, 233
1120974.3.peg.2605.site.5, 7, 215, 222
1120974.3.peg.2605.site.6, 7, 214, 221
1120974.3.peg.939.site.1, 1, 216, 217
1120974.3.peg.939.site.2, 4, 216, 220
1120974.3.peg.939.site.3, 4, 216, 220
1120974.3.peg.939.site.4, 4, 216, 220
1120974.3.peg.939.site.5, 1, 216, 217
1120974.3.peg.939.site.6, 3, 215, 218
1120974.3.peg.939.site.7, 4, 213, 217
1120974.3.peg.939.site.8, 2, 213, 215
1120974.3.peg.939.site.9, 0, 212, 212
1120974.3.peg.939.site.10, 16, 209, 225
1120974.3.peg.939.site.11, 155, 196, 351
1120974.3.peg.939.site.12, 167, 208, 375
1120974.3.peg.939.site.13, 0, 210, 210
1120974.3.peg.939.site.14, 1, 209, 210
1120974.3.peg.939.site.15, 1, 211, 212
1120974.3.peg.939.site.16, 1, 207, 208
1120974.3.peg.939.site.17, 8, 207, 215
1120974.3.peg.939.site.18, 124, 163, 287
1120974.3.peg.939.site.19, 2, 122, 124
1120974.3.peg.939.site.20, 58, 103, 161
1120974.3.peg.939.site.21, 0, 101, 101
1120974.3.peg.939.site.22, 75, 124, 199
1120974.3.peg.939.site.23, 0, 172, 172
1120974.3.peg.939.site.24, 0, 215, 215
1120974.3.peg.939.site.25, 153, 204, 357
1120974.3.peg.939.site.26, 1, 216, 217
1120974.3.peg.939.site.27, 0, 214, 214
1120974.3.peg.939.site.28, 1, 216, 217
1120974.3.peg.939.site.29, 0, 215, 215
1120974.3.peg.939.site.30, 2, 216, 218
1120974.3.peg.939.site.31, 0, 216, 216
1120974.3.peg.939.site.32, 0, 215, 215
1120974.3.peg.939.site.33, 1, 214, 215
1120974.3.peg.939.site.34, 5, 215, 220
1120974.3.peg.939.site.35, 171, 212, 383
1120974.3.peg.939.site.36, 198, 213, 411
1120974.3.peg.939.site.37, 0, 211, 211
1120974.3.peg.939.site.38, 0, 214, 214
1120974.3.peg.939.site.39, 4, 215, 219
1120974.3.peg.939.site.40, 209, 213, 422
1120974.3.peg.939.site.41, 193, 213, 406
1120974.3.peg.939.site.42, 0, 214, 214
1120974.3.peg.939.site.43, 3, 215, 218
1120974.3.peg.939.site.44, 0, 212, 212
1120974.3.peg.939.site.45, 0, 212, 212
1120974.3.peg.939.site.46, 5, 216, 221
1120974.3.peg.939.site.47, 199, 213, 412
1120974.3.peg.939.site.48, 188, 213, 401
1120974.3.peg.939.site.49, 0, 216, 216
1120974.3.peg.939.site.50, 215, 215, 430
1120974.3.peg.939.site.51, 15, 214, 229
1120974.3.peg.288.site.1, 0, 215, 215
1120974.3.peg.288.site.2, 181, 210, 391
1120974.3.peg.288.site.3, 5, 210, 215
1120974.3.peg.288.site.4, 178, 208, 386
1120974.3.peg.288.site.5, 15, 206, 221
1120974.3.peg.288.site.6, 179, 209, 388
1120974.3.peg.288.site.7, 15, 210, 225
1120974.3.peg.288.site.8, 0, 208, 208
1120974.3.peg.288.site.9, 12, 213, 225
1120974.3.peg.288.site.10, 33, 205, 238
1120974.3.peg.288.site.11, 3, 205, 208
1120974.3.peg.288.site.12, 3, 201, 204
1120974.3.peg.288.site.13, 6, 197, 203
1120974.3.peg.288.site.14, 48, 159, 207
1120974.3.peg.288.site.15, 0, 160, 160
1120974.3.peg.288.site.16, 12, 203, 215
1120974.3.peg.289.site.1, 72, 203, 275
1120974.3.peg.289.site.2, 71, 201, 272
1120974.3.peg.289.site.3, 107, 201, 308
1120974.3.peg.289.site.4, 69, 200, 269
1120974.3.peg.289.site.5, 171, 195, 366
1120974.3.peg.289.site.6, 153, 178, 331
1120974.3.peg.289.site.7, 150, 174, 324
1120974.3.peg.289.site.8, 47, 179, 226
1120974.3.peg.289.site.9, 0, 200, 200
1120974.3.peg.289.site.10, 181, 208, 389
1120974.3.peg.289.site.11, 196, 209, 405
1120974.3.peg.289.site.12, 72, 212, 284
1120974.3.peg.289.site.13, 14, 205, 219
1120974.3.peg.289.site.14, 142, 158, 300
1120974.3.peg.289.site.15, 8, 158, 166
1120974.3.peg.289.site.16, 23, 151, 174
1120974.3.peg.2115.site.1, 1, 182, 183
1120974.3.peg.2115.site.2, 1, 187, 188
1120974.3.peg.2115.site.3, 1, 194, 195
1120974.3.peg.2115.site.4, 1, 170, 171
1120974.3.peg.2115.site.5, 4, 152, 156
1120974.3.peg.2115.site.6, 11, 172, 183
1120974.3.peg.2115.site.7, 1, 208, 209
1120974.3.peg.2115.site.8, 8, 214, 222
1120974.3.peg.2115.site.9, 3, 216, 219
1120974.3.peg.2115.site.10, 1, 213, 214
1120974.3.peg.2115.site.11, 1, 206, 207
1120974.3.peg.2115.site.12, 1, 212, 213
1120974.3.peg.2115.site.13, 0, 206, 206
1120974.3.peg.2115.site.14, 1, 210, 211
1120974.3.peg.2115.site.15, 0, 211, 211
1120974.3.peg.2115.site.16, 0, 202, 202
1120974.3.peg.2115.site.17, 0, 216, 216
1120974.3.peg.2115.site.18, 139, 209, 348
1120974.3.peg.2115.site.19, 0, 216, 216
1120974.3.peg.2115.site.20, 0, 216, 216
1120974.3.peg.2115.site.21, 90, 213, 303
1120974.3.peg.2115.site.22, 214, 215, 429
1120974.3.peg.2115.site.23, 0, 214, 214
1120974.3.peg.2115.site.24, 122, 211, 333
1120974.3.peg.2115.site.25, 50, 212, 262
1120974.3.peg.2115.site.26, 115, 209, 324
1120974.3.peg.2115.site.27, 118, 209, 327
1120974.3.peg.2115.site.28, 1, 214, 215
1120974.3.peg.2115.site.29, 121, 208, 329
1120974.3.peg.2115.site.30, 120, 207, 327
1120974.3.peg.2115.site.31, 118, 208, 326
1120974.3.peg.2115.site.32, 3, 216, 219
1120974.3.peg.2114.site.1, 26, 211, 237
1120974.3.peg.2114.site.2, 0, 212, 212
1120974.3.peg.2114.site.3, 1, 193, 194
1120974.3.peg.2114.site.4, 1, 204, 205
1120974.3.peg.2114.site.5, 0, 204, 204
1120974.3.peg.2114.site.6, 173, 214, 387
1120974.3.peg.1647.site.1, 1, 205, 206
1120974.3.peg.1647.site.2, 51, 206, 257
1120974.3.peg.1647.site.3, 120, 204, 324
1120974.3.peg.1647.site.4, 30, 112, 142
1120974.3.peg.1647.site.5, 0, 210, 210
1120974.3.peg.1647.site.6, 35, 122, 157
1120974.3.peg.2111.site.1, 38, 203, 241
1120974.3.peg.2111.site.2, 0, 215, 215
1120974.3.peg.2111.site.3, 2, 214, 216
1120974.3.peg.2111.site.4, 3, 215, 218
1120974.3.peg.2111.site.5, 3, 215, 218
1120974.3.peg.2111.site.6, 0, 211, 211
1120974.3.peg.2111.site.7, 0, 213, 213
1120974.3.peg.2110.site.1, 0, 206, 206
1120974.3.peg.2110.site.2, 23, 214, 237
1120974.3.peg.2110.site.3, 1, 215, 216
1120974.3.peg.2113.site.1, 3, 214, 217
1120974.3.peg.2113.site.2, 0, 216, 216
1120974.3.peg.2113.site.3, 0, 215, 215
1120974.3.peg.2113.site.4, 2, 215, 217
1120974.3.peg.2113.site.5, 4, 215, 219
1120974.3.peg.2113.site.6, 0, 214, 214
1120974.3.peg.2112.site.1, 120, 211, 331
1120974.3.peg.2112.site.2, 1, 214, 215
1120974.3.peg.2112.site.3, 32, 213, 245
1120974.3.peg.2112.site.4, 2, 215, 217
1120974.3.peg.2112.site.5, 2, 215, 217
1120974.3.peg.2112.site.6, 2, 214, 216
1120974.3.peg.2112.site.7, 0, 210, 210
1120974.3.peg.2112.site.8, 213, 213, 426
1120974.3.peg.2112.site.9, 156, 210, 366
1120974.3.peg.2112.site.10, 3, 216, 219
1120974.3.peg.2112.site.11, 0, 215, 215
1120974.3.peg.2119.site.1, 151, 214, 365
1120974.3.peg.2119.site.2, 159, 209, 368
1120974.3.peg.2119.site.3, 162, 207, 369
1120974.3.peg.2119.site.4, 5, 213, 218
1120974.3.peg.2119.site.5, 3, 203, 206
1120974.3.peg.2119.site.6, 147, 192, 339
1120974.3.peg.2119.site.7, 161, 209, 370
1120974.3.peg.2118.site.1, 0, 216, 216
1120974.3.peg.2118.site.2, 0, 215, 215
1120974.3.peg.2118.site.3, 168, 212, 380
1120974.3.peg.2118.site.4, 0, 215, 215
1120974.3.peg.2118.site.5, 40, 212, 252
1120974.3.peg.2118.site.6, 0, 216, 216
1120974.3.peg.2118.site.7, 110, 198, 308
1120974.3.peg.2118.site.8, 85, 187, 272
1120974.3.peg.2118.site.9, 156, 181, 337
1120974.3.peg.2118.site.10, 96, 185, 281
1120974.3.peg.2118.site.11, 5, 192, 197
1120974.3.peg.2118.site.12, 0, 197, 197
1120974.3.peg.2118.site.13, 113, 202, 315
1120974.3.peg.2118.site.14, 102, 191, 293
1120974.3.peg.2118.site.15, 38, 211, 249
1120974.3.peg.2118.site.16, 3, 215, 218
1120974.3.peg.2118.site.17, 117, 205, 322
1120974.3.peg.2118.site.18, 65, 118, 183
1120974.3.peg.2118.site.19, 11, 99, 110
1120974.3.peg.2118.site.20, 3, 216, 219
1120974.3.peg.2118.site.21, 160, 213, 373
1120974.3.peg.2118.site.22, 160, 212, 372
1120974.3.peg.1641.site.1, 179, 214, 393
1120974.3.peg.1641.site.2, 179, 214, 393
1120974.3.peg.1641.site.3, 180, 214, 394
1120974.3.peg.1641.site.4, 179, 213, 392
1120974.3.peg.1641.site.5, 176, 210, 386
1120974.3.peg.1641.site.6, 178, 212, 390
1120974.3.peg.1641.site.7, 0, 211, 211
1120974.3.peg.1641.site.8, 175, 208, 383
1120974.3.peg.1641.site.9, 9, 213, 222
1120974.3.peg.1641.site.10, 163, 200, 363
1120974.3.peg.1641.site.11, 4, 205, 209
1120974.3.peg.1641.site.12, 121, 158, 279
1120974.3.peg.1641.site.13, 33, 72, 105
1120974.3.peg.1641.site.14, 19, 58, 77
1120974.3.peg.1641.site.15, 14, 53, 67
1120974.3.peg.1641.site.16, 5, 43, 48
1120974.3.peg.1641.site.17, 3, 41, 44
1120974.3.peg.1641.site.18, 64, 102, 166
1120974.3.peg.1641.site.19, 130, 168, 298
1120974.3.peg.1641.site.20, 2, 40, 42
1120974.3.peg.1641.site.21, 67, 105, 172
1120974.3.peg.1641.site.22, 97, 101, 198
1120974.3.peg.1641.site.23, 64, 83, 147
1120974.3.peg.1641.site.24, 11, 47, 58
1120974.3.peg.1641.site.25, 1, 40, 41
1120974.3.peg.1641.site.26, 2, 38, 40
1120974.3.peg.1641.site.27, 1, 36, 37
1120974.3.peg.1641.site.28, 6, 35, 41
1120974.3.peg.1641.site.29, 38, 95, 133
1120974.3.peg.1641.site.30, 65, 101, 166
1120974.3.peg.1641.site.31, 158, 194, 352
1120974.3.peg.1641.site.32, 1, 37, 38
1120974.3.peg.1641.site.33, 2, 38, 40
1120974.3.peg.1641.site.34, 3, 39, 42
1120974.3.peg.1641.site.35, 10, 40, 50
1120974.3.peg.1641.site.36, 1, 37, 38
1120974.3.peg.1641.site.37, 8, 37, 45
1120974.3.peg.1641.site.38, 36, 36, 72
1120974.3.peg.1641.site.39, 4, 41, 45
1120974.3.peg.1641.site.40, 53, 89, 142
1120974.3.peg.1641.site.41, 36, 36, 72
1120974.3.peg.1641.site.42, 30, 66, 96
1120974.3.peg.1641.site.43, 15, 72, 87
1120974.3.peg.1641.site.44, 40, 76, 116
1120974.3.peg.1641.site.45, 180, 215, 395
1120974.3.peg.2937.site.1, 4, 215, 219
1120974.3.peg.2937.site.2, 22, 213, 235
1120974.3.peg.2937.site.3, 0, 213, 213
1120974.3.peg.2937.site.4, 20, 212, 232
1120974.3.peg.2937.site.5, 6, 212, 218
1120974.3.peg.2937.site.6, 13, 212, 225
1120974.3.peg.2937.site.7, 1, 194, 195
1120974.3.peg.2937.site.8, 4, 198, 202
1120974.3.peg.2937.site.9, 4, 197, 201
1120974.3.peg.2937.site.10, 3, 196, 199
1120974.3.peg.2937.site.11, 41, 196, 237
1120974.3.peg.2937.site.12, 0, 202, 202
1120974.3.peg.2937.site.13, 13, 206, 219
1120974.3.peg.2937.site.14, 37, 215, 252
1120974.3.peg.2937.site.15, 22, 214, 236
1120974.3.peg.2937.site.16, 0, 215, 215
1120974.3.peg.2937.site.17, 0, 214, 214
1120974.3.peg.2937.site.18, 0, 216, 216
1120974.3.peg.2937.site.19, 4, 215, 219
1120974.3.peg.2937.site.20, 78, 214, 292
1120974.3.peg.2937.site.21, 43, 212, 255
1120974.3.peg.2937.site.22, 4, 216, 220
1120974.3.peg.2937.site.23, 20, 211, 231
1120974.3.peg.2937.site.24, 75, 207, 282
1120974.3.peg.2937.site.25, 0, 210, 210
1120974.3.peg.2937.site.26, 2, 209, 211
1120974.3.peg.2937.site.27, 1, 211, 212
1120974.3.peg.2937.site.28, 19, 211, 230
1120974.3.peg.2937.site.29, 16, 170, 186
1120974.3.peg.2937.site.30, 1, 170, 171
1120974.3.peg.2937.site.31, 9, 168, 177
1120974.3.peg.2937.site.32, 11, 174, 185
1120974.3.peg.2937.site.33, 3, 188, 191
1120974.3.peg.2937.site.34, 2, 187, 189
1120974.3.peg.2937.site.35, 2, 187, 189
1120974.3.peg.2937.site.36, 0, 185, 185
1120974.3.peg.2937.site.37, 2, 176, 178
1120974.3.peg.2937.site.38, 5, 185, 190
1120974.3.peg.2937.site.39, 7, 190, 197
1120974.3.peg.2937.site.40, 12, 208, 220
1120974.3.peg.2937.site.41, 0, 209, 209
1120974.3.peg.2937.site.42, 4, 214, 218
1120974.3.peg.2937.site.43, 4, 215, 219
1120974.3.peg.2937.site.44, 1, 213, 214
1120974.3.peg.2937.site.45, 0, 211, 211
1120974.3.peg.2937.site.46, 9, 210, 219
1120974.3.peg.2937.site.47, 0, 210, 210
1120974.3.peg.2937.site.48, 18, 209, 227
1120974.3.peg.2937.site.49, 0, 213, 213
1120974.3.peg.2937.site.50, 0, 213, 213
1120974.3.peg.2937.site.51, 4, 211, 215
1120974.3.peg.2937.site.52, 0, 208, 208
1120974.3.peg.2937.site.53, 5, 211, 216
1120974.3.peg.2937.site.54, 18, 210, 228
1120974.3.peg.2937.site.55, 18, 209, 227
1120974.3.peg.2937.site.56, 18, 208, 226
1120974.3.peg.2937.site.57, 17, 210, 227
1120974.3.peg.2937.site.58, 20, 211, 231
1120974.3.peg.2937.site.59, 9, 214, 223
1120974.3.peg.2937.site.60, 4, 216, 220
1120974.3.peg.2937.site.61, 22, 212, 234
1120974.3.peg.2284.site.1, 24, 117, 141
1120974.3.peg.2284.site.2, 0, 181, 181
1120974.3.peg.2284.site.3, 3, 184, 187
1120974.3.peg.2284.site.4, 1, 205, 206
1120974.3.peg.2284.site.5, 129, 210, 339
1120974.3.peg.2284.site.6, 4, 214, 218
1120974.3.peg.2284.site.7, 0, 206, 206
1120974.3.peg.2284.site.8, 5, 207, 212
1120974.3.peg.2284.site.9, 33, 189, 222
1120974.3.peg.2284.site.10, 0, 212, 212
1120974.3.peg.2284.site.11, 1, 212, 213
1120974.3.peg.2284.site.12, 140, 212, 352
1120974.3.peg.2284.site.13, 1, 215, 216
1120974.3.peg.2284.site.14, 0, 216, 216
1120974.3.peg.2284.site.15, 16, 215, 231
1120974.3.peg.2287.site.1, 0, 27, 27
1120974.3.peg.2287.site.2, 27, 27, 54
1120974.3.peg.2287.site.3, 13, 39, 52
1120974.3.peg.2287.site.4, 14, 198, 212
1120974.3.peg.2287.site.5, 13, 194, 207
1120974.3.peg.2287.site.6, 0, 204, 204
1120974.3.peg.2287.site.7, 1, 211, 212
1120974.3.peg.2287.site.8, 193, 211, 404
1120974.3.peg.2287.site.9, 3, 175, 178
1120974.3.peg.2287.site.10, 2, 172, 174
1120974.3.peg.2287.site.11, 152, 170, 322
1120974.3.peg.2287.site.12, 101, 118, 219
1120974.3.peg.2287.site.13, 4, 124, 128
1120974.3.peg.2287.site.14, 1, 112, 113
1120974.3.peg.2287.site.15, 82, 98, 180
1120974.3.peg.2287.site.16, 1, 143, 144
1120974.3.peg.2287.site.17, 1, 216, 217
1120974.3.peg.2287.site.18, 200, 215, 415
1120974.3.peg.2287.site.19, 27, 211, 238
1120974.3.peg.2287.site.20, 28, 212, 240
1120974.3.peg.2286.site.1, 60, 206, 266
1120974.3.peg.2286.site.2, 210, 212, 422
1120974.3.peg.2286.site.3, 60, 206, 266
1120974.3.peg.2286.site.4, 62, 208, 270
1120974.3.peg.2286.site.5, 73, 209, 282
1120974.3.peg.2286.site.6, 136, 209, 345
1120974.3.peg.2286.site.7, 65, 209, 274
1120974.3.peg.2286.site.8, 2, 215, 217
1120974.3.peg.2286.site.9, 50, 209, 259
1120974.3.peg.2286.site.10, 202, 206, 408
1120974.3.peg.2286.site.11, 6, 197, 203
1120974.3.peg.2286.site.12, 46, 197, 243
1120974.3.peg.2286.site.13, 204, 208, 412
1120974.3.peg.2286.site.14, 198, 202, 400
1120974.3.peg.2286.site.15, 17, 210, 227
1120974.3.peg.2286.site.16, 52, 204, 256
1120974.3.peg.2286.site.17, 7, 198, 205
1120974.3.peg.2286.site.18, 5, 180, 185
1120974.3.peg.2286.site.19, 76, 148, 224
1120974.3.peg.2286.site.20, 9, 175, 184
1120974.3.peg.2286.site.21, 20, 178, 198
1120974.3.peg.2286.site.22, 132, 159, 291
1120974.3.peg.2286.site.23, 2, 166, 168
1120974.3.peg.2286.site.24, 1, 184, 185
1120974.3.peg.2286.site.25, 5, 209, 214
1120974.3.peg.2286.site.26, 9, 212, 221
1120974.3.peg.2286.site.27, 16, 213, 229
1120974.3.peg.2286.site.28, 175, 210, 385
1120974.3.peg.2286.site.29, 192, 211, 403
1120974.3.peg.2286.site.30, 1, 216, 217
1120974.3.peg.2286.site.31, 174, 211, 385
1120974.3.peg.2286.site.32, 4, 216, 220
1120974.3.peg.2286.site.33, 4, 211, 215
1120974.3.peg.2286.site.34, 212, 212, 424
1120974.3.peg.2286.site.35, 151, 204, 355
1120974.3.peg.2286.site.36, 191, 207, 398
1120974.3.peg.2286.site.37, 3, 215, 218
1120974.3.peg.2286.site.38, 3, 213, 216
1120974.3.peg.2286.site.39, 1, 192, 193
1120974.3.peg.2286.site.40, 0, 168, 168
1120974.3.peg.2286.site.41, 54, 70, 124
1120974.3.peg.2286.site.42, 30, 47, 77
1120974.3.peg.2286.site.43, 32, 49, 81
1120974.3.peg.2286.site.44, 26, 41, 67
1120974.3.peg.2286.site.45, 1, 87, 88
1120974.3.peg.2286.site.46, 93, 93, 186
1120974.3.peg.2286.site.47, 2, 88, 90
1120974.3.peg.2286.site.48, 47, 61, 108
1120974.3.peg.2286.site.49, 99, 118, 217
1120974.3.peg.2286.site.50, 111, 131, 242
1120974.3.peg.2286.site.51, 0, 135, 135
1120974.3.peg.2286.site.52, 49, 49, 98
1120974.3.peg.2281.site.1, 205, 214, 419
1120974.3.peg.2281.site.2, 206, 215, 421
1120974.3.peg.2281.site.3, 2, 213, 215
1120974.3.peg.2281.site.4, 1, 211, 212
1120974.3.peg.2281.site.5, 10, 127, 137
1120974.3.peg.2281.site.6, 0, 189, 189
1120974.3.peg.2281.site.7, 193, 213, 406
1120974.3.peg.2281.site.8, 19, 214, 233
1120974.3.peg.2281.site.9, 12, 211, 223
1120974.3.peg.2281.site.10, 186, 211, 397
1120974.3.peg.2281.site.11, 53, 171, 224
1120974.3.peg.2281.site.12, 33, 58, 91
1120974.3.peg.2281.site.13, 56, 81, 137
1120974.3.peg.2281.site.14, 7, 210, 217
1120974.3.peg.2281.site.15, 2, 215, 217
1120974.3.peg.2281.site.16, 1, 215, 216
1120974.3.peg.2281.site.17, 0, 214, 214
1120974.3.peg.2281.site.18, 205, 214, 419
1120974.3.peg.2281.site.19, 0, 216, 216
1120974.3.peg.2281.site.20, 202, 212, 414
1120974.3.peg.2281.site.21, 96, 207, 303
1120974.3.peg.1642.site.1, 33, 51, 84
1120974.3.peg.1642.site.2, 33, 72, 105
1120974.3.peg.1642.site.3, 26, 65, 91
1120974.3.peg.1642.site.4, 1, 67, 68
1120974.3.peg.1642.site.5, 10, 61, 71
1120974.3.peg.1642.site.6, 10, 48, 58
1120974.3.peg.1642.site.7, 9, 47, 56
1120974.3.peg.1642.site.8, 72, 73, 145
1120974.3.peg.1642.site.9, 6, 92, 98
1120974.3.peg.1642.site.10, 0, 84, 84
1120974.3.peg.1642.site.11, 5, 89, 94
1120974.3.peg.1642.site.12, 10, 94, 104
1120974.3.peg.1642.site.13, 20, 104, 124
1120974.3.peg.1642.site.14, 7, 187, 194
1120974.3.peg.1642.site.15, 115, 198, 313
1120974.3.peg.1642.site.16, 6, 207, 213
1120974.3.peg.1642.site.17, 160, 197, 357
1120974.3.peg.1642.site.18, 130, 167, 297
1120974.3.peg.1642.site.19, 0, 140, 140
1120974.3.peg.1642.site.20, 16, 100, 116
1120974.3.peg.2283.site.1, 0, 216, 216
1120974.3.peg.2283.site.2, 2, 216, 218
1120974.3.peg.2283.site.3, 20, 214, 234
1120974.3.peg.2283.site.4, 0, 214, 214
1120974.3.peg.2283.site.5, 3, 214, 217
1120974.3.peg.2283.site.6, 73, 210, 283
1120974.3.peg.2283.site.7, 77, 210, 287
1120974.3.peg.2283.site.8, 93, 208, 301
1120974.3.peg.2283.site.9, 0, 209, 209
1120974.3.peg.2283.site.10, 0, 213, 213
1120974.3.peg.2283.site.11, 8, 214, 222
1120974.3.peg.2283.site.12, 0, 210, 210
1120974.3.peg.2283.site.13, 129, 204, 333
1120974.3.peg.2283.site.14, 0, 213, 213
1120974.3.peg.2283.site.15, 0, 214, 214
1120974.3.peg.2283.site.16, 0, 214, 214
1120974.3.peg.2283.site.17, 145, 209, 354
1120974.3.peg.2283.site.18, 26, 212, 238
1120974.3.peg.2283.site.19, 1, 195, 196
1120974.3.peg.2283.site.20, 5, 187, 192
1120974.3.peg.2283.site.21, 1, 183, 184
1120974.3.peg.2283.site.22, 2, 181, 183
1120974.3.peg.2283.site.23, 0, 176, 176
1120974.3.peg.2283.site.24, 0, 174, 174
1120974.3.peg.2283.site.25, 4, 164, 168
1120974.3.peg.2282.site.1, 199, 211, 410
1120974.3.peg.2282.site.2, 0, 214, 214
1120974.3.peg.2282.site.3, 2, 216, 218
1120974.3.peg.2282.site.4, 2, 216, 218
1120974.3.peg.2282.site.5, 107, 209, 316
1120974.3.peg.2282.site.6, 69, 199, 268
1120974.3.peg.2282.site.7, 70, 204, 274
1120974.3.peg.2282.site.8, 1, 210, 211
1120974.3.peg.2282.site.9, 69, 209, 278
1120974.3.peg.2282.site.10, 20, 212, 232
1120974.3.peg.2282.site.11, 10, 209, 219
1120974.3.peg.2282.site.12, 1, 208, 209
1120974.3.peg.2282.site.13, 73, 207, 280
1120974.3.peg.2282.site.14, 97, 199, 296
1120974.3.peg.2282.site.15, 16, 189, 205
1120974.3.peg.2282.site.16, 60, 157, 217
1120974.3.peg.2282.site.17, 159, 164, 323
1120974.3.peg.2282.site.18, 157, 162, 319
1120974.3.peg.2282.site.19, 161, 166, 327
1120974.3.peg.2282.site.20, 99, 183, 282
1120974.3.peg.2282.site.21, 66, 194, 260
1120974.3.peg.2282.site.22, 0, 195, 195
1120974.3.peg.2282.site.23, 70, 204, 274
1120974.3.peg.2282.site.24, 1, 197, 198
1120974.3.peg.2282.site.25, 13, 174, 187
1120974.3.peg.2282.site.26, 2, 172, 174
1120974.3.peg.2282.site.27, 181, 201, 382
1120974.3.peg.2282.site.28, 10, 211, 221
1120974.3.peg.2282.site.29, 2, 215, 217
1120974.3.peg.2282.site.30, 2, 215, 217
1120974.3.peg.2282.site.31, 20, 214, 234
1120974.3.peg.2282.site.32, 2, 216, 218
1120974.3.peg.2289.site.1, 3, 216, 219
1120974.3.peg.2289.site.2, 0, 215, 215
1120974.3.peg.2289.site.3, 1, 214, 215
1120974.3.peg.2289.site.4, 208, 215, 423
1120974.3.peg.2289.site.5, 0, 215, 215
1120974.3.peg.2289.site.6, 3, 215, 218
1120974.3.peg.2289.site.7, 123, 202, 325
1120974.3.peg.2289.site.8, 208, 208, 416
1120974.3.peg.2289.site.9, 129, 205, 334
1120974.3.peg.2289.site.10, 17, 215, 232
1120974.3.peg.2289.site.11, 26, 214, 240
1120974.3.peg.2289.site.12, 63, 212, 275
1120974.3.peg.2289.site.13, 2, 214, 216
1120974.3.peg.2289.site.14, 1, 216, 217
1120974.3.peg.2289.site.15, 3, 216, 219
1120974.3.peg.2289.site.16, 26, 211, 237
1120974.3.peg.2288.site.1, 11, 215, 226
1120974.3.peg.2288.site.2, 9, 214, 223
1120974.3.peg.2288.site.3, 213, 213, 426
1120974.3.peg.2288.site.4, 20, 206, 226
1120974.3.peg.2288.site.5, 211, 211, 422
1120974.3.peg.2288.site.6, 0, 209, 209
1120974.3.peg.2288.site.7, 195, 208, 403
1120974.3.peg.2288.site.8, 188, 212, 400
1120974.3.peg.2288.site.9, 178, 202, 380
1120974.3.peg.2288.site.10, 1, 215, 216
1120974.3.peg.2288.site.11, 189, 213, 402
1120974.3.peg.2288.site.12, 9, 213, 222
1120974.3.peg.2288.site.13, 182, 206, 388
1120974.3.peg.2288.site.14, 154, 179, 333
1120974.3.peg.2288.site.15, 155, 180, 335
1120974.3.peg.2288.site.16, 126, 133, 259
1120974.3.peg.2288.site.17, 7, 190, 197
1120974.3.peg.2938.site.1, 7, 211, 218
1120974.3.peg.2938.site.2, 0, 208, 208
1120974.3.peg.2938.site.3, 52, 205, 257
1120974.3.peg.2938.site.4, 0, 210, 210
1120974.3.peg.2938.site.5, 0, 211, 211
1120974.3.peg.2938.site.6, 13, 211, 224
1120974.3.peg.2938.site.7, 18, 210, 228
1120974.3.peg.2938.site.8, 22, 211, 233
1120974.3.peg.2938.site.9, 0, 215, 215
1120974.3.peg.2938.site.10, 57, 211, 268
1120974.3.peg.2938.site.11, 57, 208, 265
1120974.3.peg.2938.site.12, 151, 208, 359
1120974.3.peg.2938.site.13, 216, 216, 432
1120974.3.peg.2938.site.14, 34, 211, 245
1120974.3.peg.2938.site.15, 150, 206, 356
1120974.3.peg.2938.site.16, 151, 207, 358
1120974.3.peg.2938.site.17, 1, 216, 217
1120974.3.peg.2938.site.18, 154, 208, 362
1120974.3.peg.2938.site.19, 116, 212, 328
1120974.3.peg.2938.site.20, 145, 208, 353
1120974.3.peg.2938.site.21, 55, 175, 230
1120974.3.peg.2938.site.22, 1, 179, 180
1120974.3.peg.2938.site.23, 138, 199, 337
1120974.3.peg.2938.site.24, 23, 202, 225
1120974.3.peg.2938.site.25, 59, 198, 257
1120974.3.peg.2938.site.26, 70, 207, 277
1120974.3.peg.2938.site.27, 128, 210, 338
1120974.3.peg.2938.site.28, 4, 212, 216
1120974.3.peg.2938.site.29, 4, 209, 213
1120974.3.peg.2738.site.1, 183, 205, 388
1120974.3.peg.2738.site.2, 171, 193, 364
1120974.3.peg.2738.site.3, 183, 205, 388
1120974.3.peg.2738.site.4, 124, 194, 318
1120974.3.peg.2738.site.5, 5, 151, 156
1120974.3.peg.2738.site.6, 80, 102, 182
1120974.3.peg.2738.site.7, 47, 50, 97
1120974.3.peg.2738.site.8, 45, 67, 112
1120974.3.peg.2738.site.9, 66, 88, 154
1120974.3.peg.2738.site.10, 110, 132, 242
1120974.3.peg.2738.site.11, 154, 159, 313
1120974.3.peg.2738.site.12, 121, 144, 265
1120974.3.peg.2738.site.13, 123, 146, 269
1120974.3.peg.2738.site.14, 1, 160, 161
1120974.3.peg.2738.site.15, 100, 124, 224
1120974.3.peg.2738.site.16, 18, 39, 57
1120974.3.peg.2738.site.17, 20, 40, 60
1120974.3.peg.2738.site.18, 19, 43, 62
1120974.3.peg.2738.site.19, 3, 33, 36
1120974.3.peg.2738.site.20, 5, 26, 31
1120974.3.peg.2738.site.21, 5, 25, 30
1120974.3.peg.2738.site.22, 12, 34, 46
1120974.3.peg.2738.site.23, 4, 42, 46
1120974.3.peg.2738.site.24, 45, 53, 98
1120974.3.peg.2738.site.25, 1, 141, 142
1120974.3.peg.2738.site.26, 176, 199, 375
1120974.3.peg.2738.site.27, 20, 45, 65
1120974.3.peg.2738.site.28, 13, 34, 47
1120974.3.peg.2738.site.29, 17, 42, 59
1120974.3.peg.2738.site.30, 120, 144, 264
1120974.3.peg.2738.site.31, 180, 202, 382
1120974.3.peg.2738.site.32, 4, 188, 192
1120974.3.peg.2738.site.33, 136, 160, 296
1120974.3.peg.2738.site.34, 141, 165, 306
1120974.3.peg.2738.site.35, 143, 167, 310
1120974.3.peg.2738.site.36, 147, 171, 318
1120974.3.peg.2738.site.37, 146, 170, 316
1120974.3.peg.2735.site.1, 0, 200, 200
1120974.3.peg.2735.site.2, 0, 211, 211
1120974.3.peg.2735.site.3, 181, 205, 386
1120974.3.peg.2735.site.4, 203, 208, 411
1120974.3.peg.2735.site.5, 1, 205, 206
1120974.3.peg.2735.site.6, 37, 212, 249
1120974.3.peg.2735.site.7, 173, 197, 370
1120974.3.peg.2735.site.8, 12, 160, 172
1120974.3.peg.2735.site.9, 114, 169, 283
1120974.3.peg.2735.site.10, 122, 142, 264
1120974.3.peg.2735.site.11, 23, 160, 183
1120974.3.peg.2735.site.12, 126, 150, 276
1120974.3.peg.2735.site.13, 130, 155, 285
1120974.3.peg.2735.site.14, 38, 207, 245
1120974.3.peg.2736.site.1, 187, 211, 398
1120974.3.peg.2736.site.2, 142, 214, 356
1120974.3.peg.2736.site.3, 0, 214, 214
1120974.3.peg.2736.site.4, 192, 212, 404
1120974.3.peg.2736.site.5, 191, 212, 403
1120974.3.peg.2736.site.6, 187, 211, 398
1120974.3.peg.2736.site.7, 192, 213, 405
1120974.3.peg.2736.site.8, 66, 85, 151
1120974.3.peg.2731.site.1, 148, 174, 322
1120974.3.peg.2731.site.2, 150, 185, 335
1120974.3.peg.2731.site.3, 176, 201, 377
1120974.3.peg.2731.site.4, 187, 213, 400
1120974.3.peg.2731.site.5, 0, 216, 216
1120974.3.peg.2731.site.6, 179, 213, 392
1120974.3.peg.2731.site.7, 0, 214, 214
1120974.3.peg.2731.site.8, 0, 214, 214
1120974.3.peg.2731.site.9, 0, 215, 215
1120974.3.peg.2731.site.10, 0, 214, 214
1120974.3.peg.2731.site.11, 188, 215, 403
1120974.3.peg.2731.site.12, 0, 212, 212
1120974.3.peg.2731.site.13, 184, 211, 395
1120974.3.peg.2731.site.14, 187, 211, 398
1120974.3.peg.2731.site.15, 41, 70, 111
1120974.3.peg.2731.site.16, 29, 58, 87
1120974.3.peg.2731.site.17, 21, 50, 71
1120974.3.peg.2731.site.18, 11, 40, 51
1120974.3.peg.2731.site.19, 46, 75, 121
1120974.3.peg.2731.site.20, 0, 148, 148
1120974.3.peg.2731.site.21, 0, 187, 187
1120974.3.peg.2731.site.22, 164, 192, 356
1120974.3.peg.2731.site.23, 5, 203, 208
1120974.3.peg.2731.site.24, 180, 209, 389
1120974.3.peg.2731.site.25, 185, 214, 399
1120974.3.peg.2731.site.26, 0, 213, 213
1120974.3.peg.2731.site.27, 1, 214, 215
1120974.3.peg.2731.site.28, 38, 211, 249
1120974.3.peg.2731.site.29, 180, 212, 392
1120974.3.peg.2731.site.30, 0, 119, 119
1120974.3.peg.2731.site.31, 3, 35, 38
1120974.3.peg.2731.site.32, 5, 32, 37
1120974.3.peg.2731.site.33, 35, 66, 101
1120974.3.peg.2731.site.34, 35, 66, 101
1120974.3.peg.2731.site.35, 15, 46, 61
1120974.3.peg.2731.site.36, 9, 40, 49
1120974.3.peg.2731.site.37, 3, 56, 59
1120974.3.peg.2731.site.38, 26, 54, 80
1120974.3.peg.2731.site.39, 24, 52, 76
1120974.3.peg.2731.site.40, 8, 38, 46
1120974.3.peg.2731.site.41, 23, 28, 51
1120974.3.peg.2731.site.42, 10, 38, 48
1120974.3.peg.2731.site.43, 3, 44, 47
1120974.3.peg.2731.site.44, 145, 174, 319
1120974.3.peg.2731.site.45, 132, 201, 333
1120974.3.peg.2731.site.46, 137, 204, 341
1120974.3.peg.2731.site.47, 0, 201, 201
1120974.3.peg.2731.site.48, 1, 75, 76
1120974.3.peg.2731.site.49, 78, 91, 169
1120974.3.peg.2731.site.50, 83, 110, 193
1120974.3.peg.2731.site.51, 53, 159, 212
1120974.3.peg.2731.site.52, 187, 214, 401
1120974.3.peg.2731.site.53, 5, 214, 219
1120974.3.peg.2731.site.54, 0, 216, 216
1120974.3.peg.2731.site.55, 5, 214, 219
1120974.3.peg.2731.site.56, 0, 214, 214
1120974.3.peg.2731.site.57, 5, 215, 220
1120974.3.peg.2731.site.58, 0, 216, 216
1120974.3.peg.2731.site.59, 206, 216, 422
1120974.3.peg.2731.site.60, 190, 215, 405
1120974.3.peg.2731.site.61, 1, 215, 216
1120974.3.peg.2731.site.62, 189, 214, 403
1120974.3.peg.2731.site.63, 190, 213, 403
1120974.3.peg.2731.site.64, 199, 208, 407
1120974.3.peg.2731.site.65, 1, 198, 199
1120974.3.peg.2731.site.66, 152, 177, 329
1120974.3.peg.2731.site.67, 87, 112, 199
1120974.3.peg.2731.site.68, 1, 27, 28
1120974.3.peg.2731.site.69, 7, 33, 40
1120974.3.peg.2731.site.70, 51, 77, 128
1120974.3.peg.2731.site.71, 66, 98, 164
1120974.3.peg.2731.site.72, 2, 215, 217
1120974.3.peg.2731.site.73, 5, 216, 221
1120974.3.peg.2731.site.74, 199, 214, 413
1120974.3.peg.2731.site.75, 19, 214, 233
1120974.3.peg.2731.site.76, 188, 214, 402
1120974.3.peg.2731.site.77, 190, 216, 406
1120974.3.peg.2731.site.78, 2, 216, 218
1120974.3.peg.2731.site.79, 185, 214, 399
1120974.3.peg.2731.site.80, 0, 215, 215
1120974.3.peg.2731.site.81, 188, 213, 401
1120974.3.peg.2730.site.1, 1, 214, 215
1120974.3.peg.2730.site.2, 13, 213, 226
1120974.3.peg.2730.site.3, 0, 215, 215
1120974.3.peg.2730.site.4, 212, 214, 426
1120974.3.peg.2730.site.5, 0, 212, 212
1120974.3.peg.2730.site.6, 0, 214, 214
1120974.3.peg.2730.site.7, 0, 214, 214
1120974.3.peg.2730.site.8, 144, 208, 352
1120974.3.peg.2730.site.9, 5, 214, 219
1120974.3.peg.2730.site.10, 8, 214, 222
1120974.3.peg.2730.site.11, 3, 214, 217
1120974.3.peg.2730.site.12, 3, 216, 219
1120974.3.peg.2730.site.13, 193, 213, 406
1120974.3.peg.2730.site.14, 178, 212, 390
1120974.3.peg.2730.site.15, 179, 200, 379
1120974.3.peg.2730.site.16, 144, 178, 322
1120974.3.peg.2730.site.17, 165, 184, 349
1120974.3.peg.2730.site.18, 17, 38, 55
1120974.3.peg.2730.site.19, 4, 25, 29
1120974.3.peg.2730.site.20, 10, 23, 33
1120974.3.peg.2730.site.21, 11, 32, 43
1120974.3.peg.2730.site.22, 4, 34, 38
1120974.3.peg.2730.site.23, 20, 42, 62
1120974.3.peg.2730.site.24, 34, 56, 90
1120974.3.peg.2730.site.25, 44, 77, 121
1120974.3.peg.2730.site.26, 92, 126, 218
1120974.3.peg.2730.site.27, 170, 194, 364
1120974.3.peg.2730.site.28, 0, 215, 215
1120974.3.peg.2733.site.1, 189, 214, 403
1120974.3.peg.2733.site.2, 189, 214, 403
1120974.3.peg.2733.site.3, 0, 216, 216
1120974.3.peg.2733.site.4, 189, 214, 403
1120974.3.peg.2733.site.5, 189, 214, 403
1120974.3.peg.2733.site.6, 151, 181, 332
1120974.3.peg.2733.site.7, 108, 139, 247
1120974.3.peg.2733.site.8, 4, 109, 113
1120974.3.peg.2733.site.9, 63, 93, 156
1120974.3.peg.2733.site.10, 26, 31, 57
1120974.3.peg.2733.site.11, 0, 28, 28
1120974.3.peg.2733.site.12, 2, 32, 34
1120974.3.peg.2733.site.13, 7, 32, 39
1120974.3.peg.2733.site.14, 124, 208, 332
1120974.3.peg.2733.site.15, 187, 214, 401
1120974.3.peg.2732.site.1, 188, 213, 401
1120974.3.peg.2732.site.2, 178, 203, 381
1120974.3.peg.2421.site.1, 0, 215, 215
1120974.3.peg.2421.site.2, 195, 215, 410
1120974.3.peg.2421.site.3, 4, 215, 219
1120974.3.peg.2421.site.4, 194, 215, 409
1120974.3.peg.2421.site.5, 183, 204, 387
1120974.3.peg.2421.site.6, 184, 205, 389
1120974.3.peg.2421.site.7, 188, 207, 395
1120974.3.peg.2421.site.8, 194, 214, 408
1120974.3.peg.2421.site.9, 191, 211, 402
1120974.3.peg.2421.site.10, 33, 54, 87
1120974.3.peg.2421.site.11, 39, 60, 99
1120974.3.peg.2421.site.12, 18, 39, 57
1120974.3.peg.2421.site.13, 9, 55, 64
1120974.3.peg.2421.site.14, 87, 99, 186
1120974.3.peg.2421.site.15, 63, 136, 199
1120974.3.peg.2421.site.16, 81, 93, 174
1120974.3.peg.2421.site.17, 7, 20, 27
1120974.3.peg.2421.site.18, 128, 140, 268
1120974.3.peg.2421.site.19, 195, 208, 403
1120974.3.peg.2421.site.20, 211, 215, 426
1120974.3.peg.2421.site.21, 6, 213, 219
1120974.3.peg.2421.site.22, 200, 211, 411
1120974.3.peg.2421.site.23, 185, 197, 382
1120974.3.peg.2421.site.24, 2, 135, 137
1120974.3.peg.2421.site.25, 18, 50, 68
1120974.3.peg.2421.site.26, 5, 18, 23
1120974.3.peg.2421.site.27, 1, 13, 14
1120974.3.peg.2421.site.28, 1, 13, 14
1120974.3.peg.2421.site.29, 3, 15, 18
1120974.3.peg.2421.site.30, 4, 16, 20
1120974.3.peg.2421.site.31, 5, 22, 27
1120974.3.peg.2421.site.32, 1, 24, 25
1120974.3.peg.2421.site.33, 7, 29, 36
1120974.3.peg.2421.site.34, 25, 47, 72
1120974.3.peg.2421.site.35, 3, 162, 165
1120974.3.peg.2421.site.36, 94, 120, 214
1120974.3.peg.2421.site.37, 6, 168, 174
1120974.3.peg.2421.site.38, 15, 101, 116
1120974.3.peg.2421.site.39, 100, 104, 204
1120974.3.peg.2421.site.40, 2, 101, 103
1120974.3.peg.2421.site.41, 0, 83, 83
1120974.3.peg.2421.site.42, 16, 33, 49
1120974.3.peg.2421.site.43, 75, 88, 163
1120974.3.peg.2421.site.44, 191, 204, 395
1120974.3.peg.2421.site.45, 10, 214, 224
1120974.3.peg.2421.site.46, 202, 213, 415
1120974.3.peg.2420.site.1, 1, 214, 215
1120974.3.peg.2420.site.2, 143, 211, 354
1120974.3.peg.2420.site.3, 145, 212, 357
1120974.3.peg.2420.site.4, 144, 209, 353
1120974.3.peg.2420.site.5, 41, 110, 151
1120974.3.peg.2420.site.6, 20, 89, 109
1120974.3.peg.2420.site.7, 4, 72, 76
1120974.3.peg.2420.site.8, 17, 85, 102
1120974.3.peg.2420.site.9, 128, 195, 323
1120974.3.peg.2420.site.10, 0, 213, 213
1120974.3.peg.2420.site.11, 19, 209, 228
1120974.3.peg.2420.site.12, 0, 214, 214
1120974.3.peg.2420.site.13, 157, 197, 354
1120974.3.peg.2420.site.14, 161, 201, 362
1120974.3.peg.2420.site.15, 156, 198, 354
1120974.3.peg.2420.site.16, 0, 214, 214
1120974.3.peg.2420.site.17, 1, 215, 216
1120974.3.peg.2420.site.18, 106, 175, 281
1120974.3.peg.2420.site.19, 76, 145, 221
1120974.3.peg.2420.site.20, 27, 97, 124
1120974.3.peg.2420.site.21, 28, 67, 95
1120974.3.peg.2420.site.22, 4, 67, 71
1120974.3.peg.2420.site.23, 0, 69, 69
1120974.3.peg.2420.site.24, 4, 82, 86
1120974.3.peg.2420.site.25, 93, 158, 251
1120974.3.peg.2420.site.26, 131, 197, 328
1120974.3.peg.2420.site.27, 137, 202, 339
1120974.3.peg.2420.site.28, 1, 209, 210
1120974.3.peg.2420.site.29, 141, 168, 309
1120974.3.peg.2420.site.30, 2, 33, 35
1120974.3.peg.2420.site.31, 41, 43, 84
1120974.3.peg.2420.site.32, 4, 97, 101
1120974.3.peg.2420.site.33, 67, 98, 165
1120974.3.peg.2420.site.34, 39, 65, 104
1120974.3.peg.2420.site.35, 44, 71, 115
1120974.3.peg.2420.site.36, 31, 71, 102
1120974.3.peg.2420.site.37, 4, 67, 71
1120974.3.peg.2420.site.38, 4, 40, 44
1120974.3.peg.2420.site.39, 2, 35, 37
1120974.3.peg.2420.site.40, 1, 32, 33
1120974.3.peg.2420.site.41, 0, 33, 33
1120974.3.peg.2420.site.42, 3, 38, 41
1120974.3.peg.2420.site.43, 8, 48, 56
1120974.3.peg.2420.site.44, 22, 54, 76
1120974.3.peg.2420.site.45, 8, 65, 73
1120974.3.peg.2420.site.46, 50, 136, 186
1120974.3.peg.2420.site.47, 4, 212, 216
1120974.3.peg.2420.site.48, 182, 212, 394
1120974.3.peg.2420.site.49, 1, 216, 217
1120974.3.peg.2420.site.50, 70, 210, 280
1120974.3.peg.2420.site.51, 1, 214, 215
1120974.3.peg.2420.site.52, 0, 214, 214
1120974.3.peg.2420.site.53, 177, 208, 385
1120974.3.peg.2420.site.54, 149, 179, 328
1120974.3.peg.2420.site.55, 167, 197, 364
1120974.3.peg.2420.site.56, 179, 209, 388
1120974.3.peg.2420.site.57, 70, 210, 280
1120974.3.peg.2420.site.58, 2, 215, 217
1120974.3.peg.2420.site.59, 166, 188, 354
1120974.3.peg.2420.site.60, 126, 147, 273
1120974.3.peg.2420.site.61, 2, 66, 68
1120974.3.peg.2420.site.62, 3, 27, 30
1120974.3.peg.2420.site.63, 27, 51, 78
1120974.3.peg.2420.site.64, 144, 167, 311
1120974.3.peg.2420.site.65, 47, 69, 116
1120974.3.peg.2420.site.66, 34, 58, 92
1120974.3.peg.2420.site.67, 1, 59, 60
1120974.3.peg.2420.site.68, 1, 46, 47
1120974.3.peg.2420.site.69, 9, 30, 39
1120974.3.peg.2420.site.70, 7, 28, 35
1120974.3.peg.2420.site.71, 8, 29, 37
1120974.3.peg.2420.site.72, 10, 27, 37
1120974.3.peg.2420.site.73, 7, 45, 52
1120974.3.peg.2420.site.74, 41, 63, 104
1120974.3.peg.2420.site.75, 182, 202, 384
1120974.3.peg.2420.site.76, 183, 204, 387
1120974.3.peg.2420.site.77, 138, 159, 297
1120974.3.peg.2420.site.78, 1, 147, 148
1120974.3.peg.2420.site.79, 10, 21, 31
1120974.3.peg.2420.site.80, 5, 21, 26
1120974.3.peg.2420.site.81, 2, 21, 23
1120974.3.peg.2420.site.82, 44, 65, 109
1120974.3.peg.2420.site.83, 93, 114, 207
1120974.3.peg.2420.site.84, 142, 163, 305
1120974.3.peg.2423.site.1, 13, 215, 228
1120974.3.peg.2423.site.2, 13, 216, 229
1120974.3.peg.2423.site.3, 13, 216, 229
1120974.3.peg.2423.site.4, 13, 215, 228
1120974.3.peg.2423.site.5, 204, 213, 417
1120974.3.peg.2423.site.6, 4, 207, 211
1120974.3.peg.2423.site.7, 4, 206, 210
1120974.3.peg.2423.site.8, 11, 214, 225
1120974.3.peg.2423.site.9, 164, 213, 377
1120974.3.peg.2423.site.10, 162, 214, 376
1120974.3.peg.2423.site.11, 161, 213, 374
1120974.3.peg.2423.site.12, 1, 215, 216
1120974.3.peg.2423.site.13, 175, 214, 389
1120974.3.peg.2423.site.14, 175, 214, 389
1120974.3.peg.2423.site.15, 175, 214, 389
1120974.3.peg.2423.site.16, 149, 208, 357
1120974.3.peg.2423.site.17, 173, 213, 386
1120974.3.peg.2423.site.18, 171, 211, 382
1120974.3.peg.2423.site.19, 171, 211, 382
1120974.3.peg.2423.site.20, 58, 112, 170
1120974.3.peg.2423.site.21, 11, 68, 79
1120974.3.peg.2423.site.22, 16, 71, 87
1120974.3.peg.2423.site.23, 157, 211, 368
1120974.3.peg.2423.site.24, 2, 215, 217
1120974.3.peg.2423.site.25, 0, 215, 215
1120974.3.peg.2423.site.26, 4, 215, 219
1120974.3.peg.2423.site.27, 0, 216, 216
1120974.3.peg.2423.site.28, 34, 216, 250
1120974.3.peg.2423.site.29, 25, 213, 238
1120974.3.peg.2423.site.30, 11, 209, 220
1120974.3.peg.2422.site.1, 187, 200, 387
1120974.3.peg.2422.site.2, 171, 198, 369
1120974.3.peg.2422.site.3, 202, 215, 417
1120974.3.peg.2422.site.4, 3, 216, 219
1120974.3.peg.2422.site.5, 4, 215, 219
1120974.3.peg.2422.site.6, 15, 214, 229
1120974.3.peg.2422.site.7, 0, 215, 215
1120974.3.peg.2422.site.8, 4, 215, 219
1120974.3.peg.2422.site.9, 201, 214, 415
1120974.3.peg.2422.site.10, 188, 213, 401
1120974.3.peg.2422.site.11, 187, 212, 399
1120974.3.peg.2422.site.12, 158, 185, 343
1120974.3.peg.2422.site.13, 7, 34, 41
1120974.3.peg.2422.site.14, 4, 31, 35
1120974.3.peg.2422.site.15, 16, 43, 59
1120974.3.peg.2422.site.16, 29, 49, 78
1120974.3.peg.2422.site.17, 31, 60, 91
1120974.3.peg.2422.site.18, 3, 214, 217
1120974.3.peg.2422.site.19, 3, 214, 217
1120974.3.peg.2422.site.20, 180, 213, 393
1120974.3.peg.2422.site.21, 21, 215, 236
1120974.3.peg.2422.site.22, 21, 212, 233
1120974.3.peg.2422.site.23, 197, 214, 411
1120974.3.peg.2422.site.24, 1, 216, 217
1120974.3.peg.2422.site.25, 203, 215, 418
1120974.3.peg.2422.site.26, 19, 215, 234
1120974.3.peg.2422.site.27, 0, 214, 214
1120974.3.peg.2422.site.28, 1, 216, 217
1120974.3.peg.2422.site.29, 0, 216, 216
1120974.3.peg.2422.site.30, 181, 213, 394
1120974.3.peg.2422.site.31, 11, 216, 227
1120974.3.peg.2422.site.32, 1, 216, 217
1120974.3.peg.2422.site.33, 179, 213, 392
1120974.3.peg.2422.site.34, 3, 215, 218
1120974.3.peg.2424.site.1, 2, 215, 217
1120974.3.peg.2424.site.2, 2, 216, 218
1120974.3.peg.2424.site.3, 5, 215, 220
1120974.3.peg.2424.site.4, 4, 216, 220
1120974.3.peg.2424.site.5, 1, 215, 216
1120974.3.peg.2424.site.6, 4, 216, 220
1120974.3.peg.2424.site.7, 158, 211, 369
1120974.3.peg.2424.site.8, 72, 133, 205
1120974.3.peg.2424.site.9, 0, 100, 100
1120974.3.peg.2424.site.10, 0, 107, 107
1120974.3.peg.2424.site.11, 2, 134, 136
1120974.3.peg.2424.site.12, 3, 135, 138
1120974.3.peg.2424.site.13, 14, 133, 147
1120974.3.peg.2424.site.14, 10, 142, 152
1120974.3.peg.2424.site.15, 22, 155, 177
1120974.3.peg.2424.site.16, 67, 198, 265
1120974.3.peg.2424.site.17, 70, 204, 274
1120974.3.peg.2424.site.18, 104, 211, 315
1120974.3.peg.2424.site.19, 0, 211, 211
1120974.3.peg.2424.site.20, 7, 214, 221
1120974.3.peg.2424.site.21, 35, 207, 242
1120974.3.peg.2424.site.22, 4, 211, 215
1120974.3.peg.2424.site.23, 26, 203, 229
1120974.3.peg.2424.site.24, 4, 216, 220
1120974.3.peg.2424.site.25, 35, 208, 243
1120974.3.peg.2424.site.26, 43, 191, 234
1120974.3.peg.2424.site.27, 21, 169, 190
1120974.3.peg.2424.site.28, 17, 158, 175
1120974.3.peg.2424.site.29, 2, 158, 160
1120974.3.peg.2424.site.30, 2, 163, 165
1120974.3.peg.2424.site.31, 2, 161, 163
1120974.3.peg.2424.site.32, 3, 161, 164
1120974.3.peg.2424.site.33, 0, 159, 159
1120974.3.peg.2424.site.34, 0, 160, 160
1120974.3.peg.2424.site.35, 0, 159, 159
1120974.3.peg.2424.site.36, 0, 157, 157
1120974.3.peg.2424.site.37, 4, 150, 154
1120974.3.peg.2424.site.38, 15, 168, 183
1120974.3.peg.2424.site.39, 28, 176, 204
1120974.3.peg.2424.site.40, 57, 210, 267
1120974.3.peg.2424.site.41, 52, 210, 262
1120974.3.peg.2427.site.1, 9, 209, 218
1120974.3.peg.2427.site.2, 7, 201, 208
1120974.3.peg.2427.site.3, 6, 205, 211
1120974.3.peg.2427.site.4, 0, 200, 200
1120974.3.peg.2427.site.5, 0, 215, 215
1120974.3.peg.2427.site.6, 45, 214, 259
1120974.3.peg.2427.site.7, 4, 214, 218
1120974.3.peg.2427.site.8, 44, 215, 259
1120974.3.peg.2427.site.9, 1, 212, 213
1120974.3.peg.2427.site.10, 4, 216, 220
1120974.3.peg.2427.site.11, 67, 211, 278
1120974.3.peg.2427.site.12, 0, 216, 216
1120974.3.peg.2427.site.13, 0, 214, 214
1120974.3.peg.2427.site.14, 5, 215, 220
1120974.3.peg.2427.site.15, 9, 216, 225
1120974.3.peg.2427.site.16, 5, 216, 221
1120974.3.peg.2427.site.17, 199, 215, 414
1120974.3.peg.2427.site.18, 0, 214, 214
1120974.3.peg.2427.site.19, 0, 214, 214
1120974.3.peg.2427.site.20, 5, 211, 216
1120974.3.peg.2427.site.21, 0, 215, 215
1120974.3.peg.2427.site.22, 3, 208, 211
1120974.3.peg.2427.site.23, 2, 205, 207
1120974.3.peg.2427.site.24, 3, 201, 204
1120974.3.peg.2427.site.25, 3, 204, 207
1120974.3.peg.2427.site.26, 1, 207, 208
1120974.3.peg.2427.site.27, 0, 211, 211
1120974.3.peg.2427.site.28, 213, 213, 426
1120974.3.peg.2427.site.29, 7, 213, 220
1120974.3.peg.2427.site.30, 0, 212, 212
1120974.3.peg.2427.site.31, 8, 211, 219
1120974.3.peg.2427.site.32, 0, 213, 213
1120974.3.peg.2427.site.33, 8, 212, 220
1120974.3.peg.2427.site.34, 8, 212, 220
1120974.3.peg.2427.site.35, 0, 215, 215
1120974.3.peg.2427.site.36, 9, 213, 222
1120974.3.peg.2427.site.37, 8, 213, 221
1120974.3.peg.2427.site.38, 8, 213, 221
1120974.3.peg.2426.site.1, 209, 209, 418
1120974.3.peg.2426.site.2, 1, 212, 213
1120974.3.peg.2426.site.3, 64, 208, 272
1120974.3.peg.2426.site.4, 3, 214, 217
1120974.3.peg.2429.site.1, 1, 136, 137
1120974.3.peg.2429.site.2, 1, 169, 170
1120974.3.peg.2429.site.3, 0, 212, 212
1120974.3.peg.2429.site.4, 0, 214, 214
1120974.3.peg.2429.site.5, 49, 215, 264
1120974.3.peg.2429.site.6, 49, 215, 264
1120974.3.peg.2429.site.7, 48, 215, 263
1120974.3.peg.2429.site.8, 1, 216, 217
1120974.3.peg.2429.site.9, 109, 208, 317
1120974.3.peg.2429.site.10, 0, 216, 216
1120974.3.peg.2429.site.11, 6, 216, 222
1120974.3.peg.2429.site.12, 1, 213, 214
1120974.3.peg.2429.site.13, 44, 211, 255
1120974.3.peg.2429.site.14, 10, 215, 225
1120974.3.peg.2429.site.15, 1, 214, 215
1120974.3.peg.2429.site.16, 0, 214, 214
1120974.3.peg.2429.site.17, 4, 215, 219
1120974.3.peg.2429.site.18, 0, 212, 212
1120974.3.peg.2429.site.19, 68, 206, 274
1120974.3.peg.2429.site.20, 73, 212, 285
1120974.3.peg.2429.site.21, 1, 216, 217
1120974.3.peg.2429.site.22, 68, 212, 280
1120974.3.peg.2429.site.23, 34, 212, 246
1120974.3.peg.2429.site.24, 4, 215, 219
1120974.3.peg.2429.site.25, 205, 213, 418
1120974.3.peg.2429.site.26, 65, 207, 272
1120974.3.peg.2429.site.27, 2, 213, 215
1120974.3.peg.2429.site.28, 0, 216, 216
1120974.3.peg.2429.site.29, 0, 216, 216
1120974.3.peg.2429.site.30, 156, 213, 369
1120974.3.peg.2429.site.31, 2, 216, 218
1120974.3.peg.2429.site.32, 195, 215, 410
1120974.3.peg.2429.site.33, 1, 213, 214
1120974.3.peg.2429.site.34, 119, 209, 328
1120974.3.peg.2429.site.35, 158, 210, 368
1120974.3.peg.2429.site.36, 28, 213, 241
1120974.3.peg.2429.site.37, 0, 215, 215
1120974.3.peg.2429.site.38, 4, 216, 220
1120974.3.peg.2429.site.39, 122, 207, 329
1120974.3.peg.2429.site.40, 4, 215, 219
1120974.3.peg.2429.site.41, 28, 215, 243
1120974.3.peg.2429.site.42, 0, 216, 216
1120974.3.peg.2429.site.43, 200, 212, 412
1120974.3.peg.2429.site.44, 2, 216, 218
1120974.3.peg.2429.site.45, 128, 212, 340
1120974.3.peg.2429.site.46, 0, 215, 215
1120974.3.peg.2429.site.47, 165, 213, 378
1120974.3.peg.2429.site.48, 0, 216, 216
1120974.3.peg.2429.site.49, 33, 209, 242
1120974.3.peg.2429.site.50, 29, 207, 236
1120974.3.peg.2429.site.51, 123, 212, 335
1120974.3.peg.2429.site.52, 124, 211, 335
1120974.3.peg.2429.site.53, 33, 211, 244
1120974.3.peg.2428.site.1, 1, 202, 203
1120974.3.peg.2428.site.2, 6, 173, 179
1120974.3.peg.2428.site.3, 14, 182, 196
1120974.3.peg.2428.site.4, 0, 199, 199
1120974.3.peg.2428.site.5, 98, 207, 305
1120974.3.peg.2428.site.6, 0, 210, 210
1120974.3.peg.2428.site.7, 44, 214, 258
1120974.3.peg.2428.site.8, 1, 216, 217
1120974.3.peg.2428.site.9, 1, 216, 217
1120974.3.peg.2428.site.10, 8, 214, 222
1120974.3.peg.2428.site.11, 9, 214, 223
1120974.3.peg.2428.site.12, 0, 215, 215
1120974.3.peg.2428.site.13, 0, 215, 215
1120974.3.peg.2428.site.14, 42, 210, 252
1120974.3.peg.2428.site.15, 40, 208, 248
1120974.3.peg.2428.site.16, 3, 208, 211
1120974.3.peg.2428.site.17, 0, 208, 208
1120974.3.peg.2428.site.18, 3, 210, 213
1120974.3.peg.2428.site.19, 39, 212, 251
1120974.3.peg.2428.site.20, 0, 212, 212
1120974.3.peg.2428.site.21, 41, 206, 247
1120974.3.peg.2428.site.22, 1, 211, 212
1120974.3.peg.2428.site.23, 1, 209, 210
1120974.3.peg.2428.site.24, 0, 198, 198
1120974.3.peg.2428.site.25, 1, 192, 193
1120974.3.peg.2428.site.26, 0, 139, 139
1120974.3.peg.2428.site.27, 0, 119, 119
1120974.3.peg.2428.site.28, 41, 96, 137
1120974.3.peg.2428.site.29, 9, 62, 71
1120974.3.peg.2428.site.30, 2, 56, 58
1120974.3.peg.2428.site.31, 3, 56, 59
1120974.3.peg.2428.site.32, 9, 62, 71
1120974.3.peg.3089.site.1, 80, 137, 217
1120974.3.peg.3089.site.2, 1, 213, 214
1120974.3.peg.3089.site.3, 51, 210, 261
1120974.3.peg.3089.site.4, 0, 215, 215
1120974.3.peg.3089.site.5, 106, 210, 316
1120974.3.peg.3089.site.6, 105, 209, 314
1120974.3.peg.3089.site.7, 105, 210, 315
1120974.3.peg.3089.site.8, 105, 212, 317
1120974.3.peg.3089.site.9, 109, 207, 316
1120974.3.peg.3089.site.10, 3, 215, 218
1120974.3.peg.3089.site.11, 111, 208, 319
1120974.3.peg.3089.site.12, 118, 206, 324
1120974.3.peg.3089.site.13, 101, 207, 308
1120974.3.peg.3089.site.14, 106, 205, 311
1120974.3.peg.3089.site.15, 3, 213, 216
1120974.3.peg.3089.site.16, 4, 214, 218
1120974.3.peg.3089.site.17, 2, 212, 214
1120974.3.peg.3089.site.18, 0, 215, 215
1120974.3.peg.3089.site.19, 105, 209, 314
1120974.3.peg.3089.site.20, 105, 209, 314
1120974.3.peg.3089.site.21, 0, 216, 216
1120974.3.peg.3089.site.22, 0, 215, 215
1120974.3.peg.3089.site.23, 210, 216, 426
1120974.3.peg.3089.site.24, 145, 211, 356
1120974.3.peg.3089.site.25, 144, 208, 352
1120974.3.peg.3089.site.26, 40, 211, 251
1120974.3.peg.3089.site.27, 43, 200, 243
1120974.3.peg.3089.site.28, 58, 196, 254
1120974.3.peg.3089.site.29, 4, 207, 211
1120974.3.peg.3089.site.30, 37, 203, 240
1120974.3.peg.3089.site.31, 29, 208, 237
1120974.3.peg.3089.site.32, 7, 212, 219
1120974.3.peg.3089.site.33, 0, 216, 216
1120974.3.peg.3089.site.34, 71, 208, 279
1120974.3.peg.3089.site.35, 62, 210, 272
1120974.3.peg.3089.site.36, 64, 214, 278
1120974.3.peg.3089.site.37, 212, 215, 427
1120974.3.peg.3089.site.38, 117, 204, 321
1120974.3.peg.3089.site.39, 68, 206, 274
1120974.3.peg.3089.site.40, 7, 216, 223
1120974.3.peg.3089.site.41, 2, 214, 216
1120974.3.peg.3089.site.42, 66, 210, 276
1120974.3.peg.3089.site.43, 122, 208, 330
1120974.3.peg.3089.site.44, 3, 213, 216
1120974.3.peg.3089.site.45, 3, 214, 217
1120974.3.peg.3089.site.46, 6, 214, 220
1120974.3.peg.3089.site.47, 194, 212, 406
1120974.3.peg.3089.site.48, 0, 214, 214
1120974.3.peg.3089.site.49, 124, 208, 332
1120974.3.peg.3089.site.50, 0, 216, 216
1120974.3.peg.3089.site.51, 3, 216, 219
1120974.3.peg.3089.site.52, 0, 214, 214
1120974.3.peg.3089.site.53, 68, 209, 277
1120974.3.peg.3089.site.54, 62, 206, 268
1120974.3.peg.3089.site.55, 62, 207, 269
1120974.3.peg.3089.site.56, 2, 215, 217
1120974.3.peg.3250.site.1, 6, 215, 221
1120974.3.peg.3250.site.2, 3, 216, 219
1120974.3.peg.3250.site.3, 208, 216, 424
1120974.3.peg.3250.site.4, 154, 212, 366
1120974.3.peg.3080.site.1, 38, 212, 250
1120974.3.peg.3080.site.2, 1, 210, 211
1120974.3.peg.3080.site.3, 189, 208, 397
1120974.3.peg.3080.site.4, 193, 213, 406
1120974.3.peg.3080.site.5, 2, 216, 218
1120974.3.peg.3080.site.6, 0, 215, 215
1120974.3.peg.3080.site.7, 191, 213, 404
1120974.3.peg.3080.site.8, 153, 213, 366
1120974.3.peg.3080.site.9, 10, 216, 226
1120974.3.peg.3080.site.10, 0, 214, 214
1120974.3.peg.3080.site.11, 4, 211, 215
1120974.3.peg.3080.site.12, 151, 210, 361
1120974.3.peg.3080.site.13, 192, 214, 406
1120974.3.peg.3080.site.14, 192, 214, 406
1120974.3.peg.3080.site.15, 9, 213, 222
1120974.3.peg.3080.site.16, 10, 215, 225
1120974.3.peg.3080.site.17, 189, 210, 399
1120974.3.peg.3080.site.18, 4, 191, 195
1120974.3.peg.3080.site.19, 189, 211, 400
1120974.3.peg.3080.site.20, 4, 214, 218
1120974.3.peg.3080.site.21, 1, 216, 217
1120974.3.peg.3080.site.22, 4, 215, 219
1120974.3.peg.3080.site.23, 17, 214, 231
1120974.3.peg.3080.site.24, 9, 215, 224
1120974.3.peg.3080.site.25, 1, 216, 217
1120974.3.peg.3080.site.26, 9, 215, 224
1120974.3.peg.3080.site.27, 2, 214, 216
1120974.3.peg.3080.site.28, 2, 203, 205
1120974.3.peg.3080.site.29, 5, 199, 204
1120974.3.peg.3080.site.30, 38, 198, 236
1120974.3.peg.3080.site.31, 3, 197, 200
1120974.3.peg.3080.site.32, 37, 203, 240
1120974.3.peg.3080.site.33, 2, 206, 208
1120974.3.peg.3080.site.34, 2, 205, 207
1120974.3.peg.3080.site.35, 9, 196, 205
1120974.3.peg.3080.site.36, 192, 201, 393
1120974.3.peg.3080.site.37, 171, 192, 363
1120974.3.peg.3080.site.38, 12, 188, 200
1120974.3.peg.3080.site.39, 5, 93, 98
1120974.3.peg.3080.site.40, 37, 42, 79
1120974.3.peg.3080.site.41, 0, 21, 21
1120974.3.peg.3080.site.42, 11, 113, 124
1120974.3.peg.3080.site.43, 0, 199, 199
1120974.3.peg.3080.site.44, 182, 201, 383
1120974.3.peg.3080.site.45, 161, 178, 339
1120974.3.peg.3080.site.46, 1, 197, 198
1120974.3.peg.3080.site.47, 0, 199, 199
1120974.3.peg.3080.site.48, 0, 211, 211
1120974.3.peg.3080.site.49, 190, 210, 400
1120974.3.peg.3080.site.50, 180, 198, 378
1120974.3.peg.3080.site.51, 184, 203, 387
1120974.3.peg.3080.site.52, 189, 207, 396
1120974.3.peg.3080.site.53, 177, 196, 373
1120974.3.peg.3080.site.54, 180, 186, 366
1120974.3.peg.3080.site.55, 180, 190, 370
1120974.3.peg.3080.site.56, 4, 214, 218
1120974.3.peg.3080.site.57, 5, 214, 219
1120974.3.peg.3080.site.58, 153, 209, 362
1120974.3.peg.3080.site.59, 193, 210, 403
1120974.3.peg.3080.site.60, 87, 109, 196
1120974.3.peg.3080.site.61, 15, 32, 47
1120974.3.peg.3080.site.62, 12, 31, 43
1120974.3.peg.3080.site.63, 19, 36, 55
1120974.3.peg.3080.site.64, 149, 155, 304
1120974.3.peg.3080.site.65, 80, 134, 214
1120974.3.peg.3080.site.66, 21, 147, 168
1120974.3.peg.3080.site.67, 17, 168, 185
1120974.3.peg.3080.site.68, 155, 180, 335
1120974.3.peg.3080.site.69, 135, 194, 329
1120974.3.peg.3080.site.70, 176, 197, 373
1120974.3.peg.3080.site.71, 13, 212, 225
1120974.3.peg.3080.site.72, 0, 214, 214
1120974.3.peg.3080.site.73, 4, 216, 220
1120974.3.peg.3080.site.74, 172, 212, 384
1120974.3.peg.3080.site.75, 183, 209, 392
1120974.3.peg.3080.site.76, 34, 214, 248
1120974.3.peg.3080.site.77, 34, 212, 246
1120974.3.peg.3080.site.78, 0, 214, 214
1120974.3.peg.3081.site.1, 145, 190, 335
1120974.3.peg.3081.site.2, 177, 201, 378
1120974.3.peg.3081.site.3, 0, 210, 210
1120974.3.peg.3081.site.4, 0, 216, 216
1120974.3.peg.3081.site.5, 0, 215, 215
1120974.3.peg.3081.site.6, 0, 211, 211
1120974.3.peg.3081.site.7, 0, 210, 210
1120974.3.peg.3081.site.8, 0, 214, 214
1120974.3.peg.3082.site.1, 101, 130, 231
1120974.3.peg.3082.site.2, 1, 134, 135
1120974.3.peg.3082.site.3, 79, 109, 188
1120974.3.peg.3082.site.4, 18, 47, 65
1120974.3.peg.3082.site.5, 8, 43, 51
1120974.3.peg.3082.site.6, 15, 44, 59
1120974.3.peg.3082.site.7, 14, 43, 57
1120974.3.peg.3082.site.8, 45, 74, 119
1120974.3.peg.3082.site.9, 210, 214, 424
1120974.3.peg.3082.site.10, 4, 215, 219
1120974.3.peg.3082.site.11, 3, 213, 216
1120974.3.peg.3082.site.12, 186, 211, 397
1120974.3.peg.3082.site.13, 183, 209, 392
1120974.3.peg.3082.site.14, 32, 214, 246
1120974.3.peg.3082.site.15, 185, 211, 396
1120974.3.peg.3082.site.16, 32, 213, 245
1120974.3.peg.3082.site.17, 0, 212, 212
1120974.3.peg.3082.site.18, 13, 215, 228
1120974.3.peg.3082.site.19, 6, 214, 220
1120974.3.peg.3082.site.20, 9, 212, 221
1120974.3.peg.3082.site.21, 184, 209, 393
1120974.3.peg.3082.site.22, 149, 206, 355
1120974.3.peg.3082.site.23, 32, 215, 247
1120974.3.peg.3082.site.24, 0, 214, 214
1120974.3.peg.3082.site.25, 153, 210, 363
1120974.3.peg.3082.site.26, 188, 213, 401
1120974.3.peg.3083.site.1, 187, 212, 399
1120974.3.peg.3083.site.2, 71, 207, 278
1120974.3.peg.3083.site.3, 59, 196, 255
1120974.3.peg.3083.site.4, 194, 200, 394
1120974.3.peg.3083.site.5, 62, 195, 257
1120974.3.peg.3083.site.6, 176, 202, 378
1120974.3.peg.3083.site.7, 152, 176, 328
1120974.3.peg.3083.site.8, 71, 84, 155
1120974.3.peg.3083.site.9, 1, 159, 160
1120974.3.peg.3083.site.10, 48, 97, 145
1120974.3.peg.3083.site.11, 123, 149, 272
1120974.3.peg.3083.site.12, 0, 206, 206
1120974.3.peg.3083.site.13, 0, 213, 213
1120974.3.peg.3083.site.14, 4, 212, 216
1120974.3.peg.3083.site.15, 0, 213, 213
1120974.3.peg.3083.site.16, 0, 215, 215
1120974.3.peg.3083.site.17, 163, 192, 355
1120974.3.peg.3083.site.18, 9, 201, 210
1120974.3.peg.3083.site.19, 0, 199, 199
1120974.3.peg.3083.site.20, 194, 208, 402
1120974.3.peg.3083.site.21, 0, 207, 207
1120974.3.peg.3083.site.22, 167, 207, 374
1120974.3.peg.3083.site.23, 164, 205, 369
1120974.3.peg.3083.site.24, 171, 212, 383
1120974.3.peg.3083.site.25, 2, 214, 216
1120974.3.peg.3083.site.26, 6, 216, 222
1120974.3.peg.3083.site.27, 0, 215, 215
1120974.3.peg.3084.site.1, 30, 204, 234
1120974.3.peg.3084.site.2, 1, 215, 216
1120974.3.peg.3084.site.3, 193, 209, 402
1120974.3.peg.3084.site.4, 2, 215, 217
1120974.3.peg.3084.site.5, 3, 216, 219
1120974.3.peg.3084.site.6, 3, 216, 219
1120974.3.peg.3084.site.7, 2, 213, 215
1120974.3.peg.3085.site.1, 0, 216, 216
1120974.3.peg.3085.site.2, 38, 210, 248
1120974.3.peg.3085.site.3, 138, 208, 346
1120974.3.peg.3085.site.4, 122, 192, 314
1120974.3.peg.3085.site.5, 135, 204, 339
1120974.3.peg.3085.site.6, 200, 213, 413
1120974.3.peg.3085.site.7, 22, 213, 235
1120974.3.peg.3085.site.8, 1, 214, 215
1120974.3.peg.3085.site.9, 1, 214, 215
1120974.3.peg.3085.site.10, 200, 214, 414
1120974.3.peg.3085.site.11, 169, 208, 377
1120974.3.peg.3085.site.12, 54, 211, 265
1120974.3.peg.3085.site.13, 169, 211, 380
1120974.3.peg.3085.site.14, 54, 213, 267
1120974.3.peg.3085.site.15, 57, 209, 266
1120974.3.peg.3085.site.16, 50, 209, 259
1120974.3.peg.3085.site.17, 0, 211, 211
1120974.3.peg.3086.site.1, 175, 203, 378
1120974.3.peg.3086.site.2, 204, 208, 412
1120974.3.peg.3086.site.3, 180, 206, 386
1120974.3.peg.3086.site.4, 1, 214, 215
1120974.3.peg.3086.site.5, 4, 215, 219
1120974.3.peg.3086.site.6, 183, 210, 393
1120974.3.peg.3086.site.7, 176, 210, 386
1120974.3.peg.3086.site.8, 1, 212, 213
1120974.3.peg.3086.site.9, 180, 212, 392
1120974.3.peg.3086.site.10, 4, 213, 217
1120974.3.peg.3086.site.11, 5, 213, 218
1120974.3.peg.3086.site.12, 5, 214, 219
1120974.3.peg.3086.site.13, 178, 209, 387
1120974.3.peg.3086.site.14, 166, 188, 354
1120974.3.peg.3086.site.15, 4, 172, 176
1120974.3.peg.3086.site.16, 0, 181, 181
1120974.3.peg.3086.site.17, 2, 192, 194
1120974.3.peg.3086.site.18, 176, 204, 380
1120974.3.peg.3086.site.19, 5, 210, 215
1120974.3.peg.3086.site.20, 3, 210, 213
1120974.3.peg.3086.site.21, 207, 212, 419
1120974.3.peg.3086.site.22, 5, 213, 218
1120974.3.peg.3086.site.23, 1, 205, 206
1120974.3.peg.3086.site.24, 0, 215, 215
1120974.3.peg.3086.site.25, 1, 215, 216
1120974.3.peg.3086.site.26, 181, 211, 392
1120974.3.peg.3086.site.27, 9, 215, 224
1120974.3.peg.3087.site.1, 185, 214, 399
1120974.3.peg.3087.site.2, 187, 213, 400
1120974.3.peg.3087.site.3, 181, 211, 392
1120974.3.peg.3087.site.4, 181, 211, 392
1120974.3.peg.3087.site.5, 182, 212, 394
1120974.3.peg.3087.site.6, 2, 214, 216
1120974.3.peg.3087.site.7, 4, 215, 219
1120974.3.peg.3087.site.8, 182, 214, 396
1120974.3.peg.3087.site.9, 175, 208, 383
1120974.3.peg.3087.site.10, 0, 181, 181
1120974.3.peg.3087.site.11, 193, 214, 407
1120974.3.peg.3087.site.12, 2, 215, 217
1120974.3.peg.3087.site.13, 182, 212, 394
1120974.3.peg.3087.site.14, 180, 213, 393
1120974.3.peg.3087.site.15, 179, 209, 388
1120974.3.peg.3087.site.16, 179, 209, 388
1120974.3.peg.3087.site.17, 178, 208, 386
1120974.3.peg.3087.site.18, 179, 213, 392
1120974.3.peg.3087.site.19, 18, 213, 231
1120974.3.peg.3087.site.20, 184, 215, 399
1120974.3.peg.3087.site.21, 183, 213, 396
1120974.3.peg.3087.site.22, 179, 210, 389
1120974.3.peg.3087.site.23, 1, 213, 214
1120974.3.peg.3087.site.24, 177, 207, 384
1120974.3.peg.3087.site.25, 157, 186, 343
1120974.3.peg.3087.site.26, 147, 174, 321
1120974.3.peg.3087.site.27, 23, 180, 203
1120974.3.peg.3087.site.28, 193, 200, 393
1120974.3.peg.3087.site.29, 2, 201, 203
1120974.3.peg.3087.site.30, 173, 204, 377
1120974.3.peg.3087.site.31, 184, 215, 399
1120974.3.peg.3087.site.32, 212, 215, 427
1120974.3.peg.3087.site.33, 27, 215, 242
1120974.3.peg.3087.site.34, 184, 215, 399
1120974.3.peg.3087.site.35, 177, 212, 389
1120974.3.peg.3087.site.36, 6, 202, 208
1120974.3.peg.3087.site.37, 50, 82, 132
1120974.3.peg.3087.site.38, 18, 49, 67
1120974.3.peg.3087.site.39, 96, 128, 224
1120974.3.peg.3087.site.40, 186, 188, 374
1120974.3.peg.3087.site.41, 3, 212, 215
1120974.3.peg.3087.site.42, 43, 71, 114
1120974.3.peg.3062.site.1, 51, 195, 246
1120974.3.peg.3062.site.2, 3, 208, 211
1120974.3.peg.3062.site.3, 197, 210, 407
1120974.3.peg.3062.site.4, 19, 190, 209
1120974.3.peg.3062.site.5, 16, 192, 208
1120974.3.peg.3062.site.6, 3, 188, 191
1120974.3.peg.3062.site.7, 19, 195, 214
1120974.3.peg.3062.site.8, 23, 198, 221
1120974.3.peg.3062.site.9, 26, 202, 228
1120974.3.peg.3062.site.10, 2, 206, 208
1120974.3.peg.3062.site.11, 31, 193, 224
1120974.3.peg.3062.site.12, 29, 195, 224
1120974.3.peg.3062.site.13, 124, 188, 312
1120974.3.peg.3062.site.14, 5, 197, 202
1120974.3.peg.3062.site.15, 37, 213, 250
1120974.3.peg.3062.site.16, 38, 212, 250
1120974.3.peg.3062.site.17, 159, 213, 372
1120974.3.peg.3062.site.18, 38, 214, 252
1120974.3.peg.3062.site.19, 38, 215, 253
1120974.3.peg.3062.site.20, 38, 215, 253
1120974.3.peg.3063.site.1, 38, 215, 253
1120974.3.peg.3063.site.2, 38, 215, 253
1120974.3.peg.3063.site.3, 22, 191, 213
1120974.3.peg.3063.site.4, 18, 193, 211
1120974.3.peg.3063.site.5, 21, 196, 217
1120974.3.peg.3063.site.6, 5, 183, 188
1120974.3.peg.3063.site.7, 177, 192, 369
1120974.3.peg.3063.site.8, 17, 195, 212
1120974.3.peg.3063.site.9, 26, 203, 229
1120974.3.peg.3063.site.10, 37, 215, 252
1120974.3.peg.3063.site.11, 4, 216, 220
1120974.3.peg.3063.site.12, 55, 212, 267
1120974.3.peg.3063.site.13, 38, 215, 253
1120974.3.peg.3063.site.14, 0, 216, 216
1120974.3.peg.3063.site.15, 37, 213, 250
1120974.3.peg.3063.site.16, 34, 212, 246
1120974.3.peg.3063.site.17, 0, 212, 212
1120974.3.peg.3063.site.18, 25, 203, 228
1120974.3.peg.3063.site.19, 23, 200, 223
1120974.3.peg.3063.site.20, 19, 197, 216
1120974.3.peg.3063.site.21, 4, 201, 205
1120974.3.peg.3063.site.22, 9, 188, 197
1120974.3.peg.3063.site.23, 12, 190, 202
1120974.3.peg.3063.site.24, 14, 194, 208
1120974.3.peg.3063.site.25, 192, 196, 388
1120974.3.peg.3063.site.26, 20, 197, 217
1120974.3.peg.3063.site.27, 4, 207, 211
1120974.3.peg.3063.site.28, 33, 196, 229
1120974.3.peg.3063.site.29, 40, 201, 241
1120974.3.peg.3063.site.30, 35, 214, 249
1120974.3.peg.3063.site.31, 35, 214, 249
1120974.3.peg.3063.site.32, 0, 215, 215
1120974.3.peg.3063.site.33, 0, 216, 216
1120974.3.peg.3063.site.34, 214, 215, 429
1120974.3.peg.3063.site.35, 35, 211, 246
1120974.3.peg.3063.site.36, 34, 210, 244
1120974.3.peg.3063.site.37, 5, 209, 214
1120974.3.peg.3063.site.38, 5, 211, 216
1120974.3.peg.3063.site.39, 5, 209, 214
1120974.3.peg.3060.site.1, 193, 213, 406
1120974.3.peg.3060.site.2, 6, 213, 219
1120974.3.peg.3060.site.3, 14, 214, 228
1120974.3.peg.3060.site.4, 71, 211, 282
1120974.3.peg.3060.site.5, 14, 214, 228
1120974.3.peg.3060.site.6, 0, 215, 215
1120974.3.peg.3060.site.7, 117, 210, 327
1120974.3.peg.3060.site.8, 125, 210, 335
1120974.3.peg.3060.site.9, 2, 215, 217
1120974.3.peg.3060.site.10, 0, 214, 214
1120974.3.peg.3060.site.11, 69, 211, 280
1120974.3.peg.3060.site.12, 2, 213, 215
1120974.3.peg.3060.site.13, 6, 13, 19
1120974.3.peg.3060.site.14, 17, 20, 37
1120974.3.peg.3060.site.15, 11, 14, 25
1120974.3.peg.3060.site.16, 16, 16, 32
1120974.3.peg.3060.site.17, 20, 20, 40
1120974.3.peg.3060.site.18, 119, 126, 245
1120974.3.peg.3060.site.19, 118, 138, 256
1120974.3.peg.3061.site.1, 183, 209, 392
1120974.3.peg.3061.site.2, 211, 216, 427
1120974.3.peg.3061.site.3, 14, 214, 228
1120974.3.peg.3061.site.4, 0, 215, 215
1120974.3.peg.3061.site.5, 5, 214, 219
1120974.3.peg.3061.site.6, 12, 201, 213
1120974.3.peg.3061.site.7, 2, 202, 204
1120974.3.peg.3061.site.8, 7, 209, 216
1120974.3.peg.3061.site.9, 5, 210, 215
1120974.3.peg.3061.site.10, 2, 213, 215
1120974.3.peg.3061.site.11, 0, 216, 216
1120974.3.peg.3061.site.12, 188, 213, 401
1120974.3.peg.3061.site.13, 184, 214, 398
1120974.3.peg.3061.site.14, 14, 210, 224
1120974.3.peg.3061.site.15, 10, 214, 224
1120974.3.peg.3061.site.16, 10, 214, 224
1120974.3.peg.3061.site.17, 9, 213, 222
1120974.3.peg.3061.site.18, 8, 212, 220
1120974.3.peg.3061.site.19, 197, 203, 400
1120974.3.peg.3061.site.20, 0, 204, 204
1120974.3.peg.3061.site.21, 10, 208, 218
1120974.3.peg.3061.site.22, 3, 207, 210
1120974.3.peg.3066.site.1, 0, 178, 178
1120974.3.peg.3066.site.2, 0, 199, 199
1120974.3.peg.3066.site.3, 49, 194, 243
1120974.3.peg.3066.site.4, 49, 194, 243
1120974.3.peg.3066.site.5, 4, 194, 198
1120974.3.peg.3066.site.6, 17, 163, 180
1120974.3.peg.3066.site.7, 14, 160, 174
1120974.3.peg.3066.site.8, 30, 177, 207
1120974.3.peg.3066.site.9, 0, 187, 187
1120974.3.peg.3066.site.10, 40, 187, 227
1120974.3.peg.3066.site.11, 0, 215, 215
1120974.3.peg.3066.site.12, 1, 209, 210
1120974.3.peg.3066.site.13, 51, 199, 250
1120974.3.peg.3066.site.14, 4, 153, 157
1120974.3.peg.3066.site.15, 2, 151, 153
1120974.3.peg.3066.site.16, 1, 150, 151
1120974.3.peg.3066.site.17, 12, 159, 171
1120974.3.peg.3066.site.18, 0, 200, 200
1120974.3.peg.3066.site.19, 57, 192, 249
1120974.3.peg.3066.site.20, 40, 182, 222
1120974.3.peg.3066.site.21, 1, 179, 180
1120974.3.peg.3066.site.22, 6, 154, 160
1120974.3.peg.3066.site.23, 19, 144, 163
1120974.3.peg.3066.site.24, 17, 150, 167
1120974.3.peg.3066.site.25, 20, 145, 165
1120974.3.peg.3066.site.26, 46, 181, 227
1120974.3.peg.3066.site.27, 70, 190, 260
1120974.3.peg.3066.site.28, 52, 196, 248
1120974.3.peg.3066.site.29, 1, 214, 215
1120974.3.peg.3066.site.30, 0, 214, 214
1120974.3.peg.3067.site.1, 6, 215, 221
1120974.3.peg.3067.site.2, 190, 212, 402
1120974.3.peg.3067.site.3, 0, 216, 216
1120974.3.peg.3067.site.4, 208, 214, 422
1120974.3.peg.3067.site.5, 4, 212, 216
1120974.3.peg.3067.site.6, 202, 214, 416
1120974.3.peg.3067.site.7, 5, 212, 217
1120974.3.peg.3067.site.8, 5, 209, 214
1120974.3.peg.3067.site.9, 0, 209, 209
1120974.3.peg.3067.site.10, 0, 210, 210
1120974.3.peg.3067.site.11, 5, 213, 218
1120974.3.peg.3067.site.12, 5, 215, 220
1120974.3.peg.3067.site.13, 5, 215, 220
1120974.3.peg.3067.site.14, 5, 214, 219
1120974.3.peg.3067.site.15, 4, 216, 220
1120974.3.peg.3067.site.16, 1, 215, 216
1120974.3.peg.3067.site.17, 1, 211, 212
1120974.3.peg.3067.site.18, 1, 214, 215
1120974.3.peg.3067.site.19, 191, 212, 403
1120974.3.peg.3067.site.20, 190, 211, 401
1120974.3.peg.3067.site.21, 192, 202, 394
1120974.3.peg.3067.site.22, 169, 191, 360
1120974.3.peg.3067.site.23, 182, 205, 387
1120974.3.peg.3067.site.24, 188, 211, 399
1120974.3.peg.3067.site.25, 189, 209, 398
1120974.3.peg.3067.site.26, 185, 212, 397
1120974.3.peg.3067.site.27, 5, 215, 220
1120974.3.peg.3064.site.1, 212, 213, 425
1120974.3.peg.3064.site.2, 24, 202, 226
1120974.3.peg.3064.site.3, 209, 209, 418
1120974.3.peg.3064.site.4, 26, 206, 232
1120974.3.peg.3064.site.5, 35, 214, 249
1120974.3.peg.3064.site.6, 38, 214, 252
1120974.3.peg.3064.site.7, 35, 213, 248
1120974.3.peg.3064.site.8, 211, 212, 423
1120974.3.peg.3064.site.9, 39, 215, 254
1120974.3.peg.3064.site.10, 38, 212, 250
1120974.3.peg.3064.site.11, 37, 207, 244
1120974.3.peg.3064.site.12, 2, 210, 212
1120974.3.peg.3064.site.13, 2, 213, 215
1120974.3.peg.3064.site.14, 2, 216, 218
1120974.3.peg.3064.site.15, 4, 216, 220
1120974.3.peg.3064.site.16, 5, 216, 221
1120974.3.peg.3064.site.17, 0, 212, 212
1120974.3.peg.3064.site.18, 1, 208, 209
1120974.3.peg.3064.site.19, 40, 198, 238
1120974.3.peg.3064.site.20, 23, 183, 206
1120974.3.peg.3064.site.21, 8, 176, 184
1120974.3.peg.3064.site.22, 0, 182, 182
1120974.3.peg.3064.site.23, 8, 136, 144
1120974.3.peg.3064.site.24, 35, 210, 245
1120974.3.peg.3064.site.25, 55, 207, 262
1120974.3.peg.3064.site.26, 38, 208, 246
1120974.3.peg.3064.site.27, 33, 209, 242
1120974.3.peg.3064.site.28, 1, 210, 211
1120974.3.peg.3064.site.29, 4, 208, 212
1120974.3.peg.3064.site.30, 11, 206, 217
1120974.3.peg.3064.site.31, 43, 202, 245
1120974.3.peg.3064.site.32, 51, 208, 259
1120974.3.peg.3064.site.33, 49, 205, 254
1120974.3.peg.3064.site.34, 0, 215, 215
1120974.3.peg.3064.site.35, 11, 207, 218
1120974.3.peg.3064.site.36, 49, 195, 244
1120974.3.peg.3064.site.37, 9, 161, 170
1120974.3.peg.3064.site.38, 9, 161, 170
1120974.3.peg.3064.site.39, 2, 156, 158
1120974.3.peg.3064.site.40, 2, 155, 157
1120974.3.peg.3064.site.41, 1, 153, 154
1120974.3.peg.3064.site.42, 3, 151, 154
1120974.3.peg.3064.site.43, 2, 151, 153
1120974.3.peg.3064.site.44, 6, 157, 163
1120974.3.peg.3064.site.45, 44, 182, 226
1120974.3.peg.3064.site.46, 0, 211, 211
1120974.3.peg.3064.site.47, 0, 212, 212
1120974.3.peg.3064.site.48, 63, 211, 274
1120974.3.peg.3064.site.49, 79, 204, 283
1120974.3.peg.3064.site.50, 59, 207, 266
1120974.3.peg.3064.site.51, 1, 151, 152
1120974.3.peg.3064.site.52, 74, 211, 285
1120974.3.peg.3064.site.53, 0, 214, 214
1120974.3.peg.3064.site.54, 62, 208, 270
1120974.3.peg.3064.site.55, 64, 213, 277
1120974.3.peg.3064.site.56, 0, 215, 215
1120974.3.peg.3064.site.57, 44, 192, 236
1120974.3.peg.3064.site.58, 28, 176, 204
1120974.3.peg.3064.site.59, 1, 178, 179
1120974.3.peg.3064.site.60, 1, 178, 179
1120974.3.peg.3064.site.61, 9, 178, 187
1120974.3.peg.3064.site.62, 29, 178, 207
1120974.3.peg.3064.site.63, 4, 182, 186
1120974.3.peg.3064.site.64, 9, 181, 190
1120974.3.peg.3064.site.65, 32, 178, 210
1120974.3.peg.3064.site.66, 14, 153, 167
1120974.3.peg.3064.site.67, 2, 151, 153
1120974.3.peg.3065.site.1, 18, 166, 184
1120974.3.peg.3065.site.2, 5, 216, 221
1120974.3.peg.3065.site.3, 4, 216, 220
1120974.3.peg.3065.site.4, 0, 215, 215
1120974.3.peg.3065.site.5, 2, 214, 216
1120974.3.peg.3065.site.6, 85, 208, 293
1120974.3.peg.3065.site.7, 65, 209, 274
1120974.3.peg.3065.site.8, 66, 209, 275
1120974.3.peg.3065.site.9, 66, 210, 276
1120974.3.peg.3065.site.10, 67, 213, 280
1120974.3.peg.3065.site.11, 68, 211, 279
1120974.3.peg.3068.site.1, 186, 211, 397
1120974.3.peg.3068.site.2, 204, 211, 415
1120974.3.peg.3068.site.3, 171, 194, 365
1120974.3.peg.3068.site.4, 170, 189, 359
1120974.3.peg.3068.site.5, 72, 90, 162
1120974.3.peg.3068.site.6, 77, 94, 171
1120974.3.peg.3068.site.7, 174, 196, 370
1120974.3.peg.3068.site.8, 2, 208, 210
1120974.3.peg.3068.site.9, 1, 205, 206
1120974.3.peg.3068.site.10, 0, 199, 199
1120974.3.peg.3068.site.11, 192, 209, 401
1120974.3.peg.3068.site.12, 5, 214, 219
1120974.3.peg.3068.site.13, 0, 215, 215
1120974.3.peg.3068.site.14, 0, 214, 214
1120974.3.peg.3069.site.1, 4, 214, 218
1120974.3.peg.3069.site.2, 185, 211, 396
1120974.3.peg.3069.site.3, 0, 211, 211
1120974.3.peg.3069.site.4, 3, 203, 206
1120974.3.peg.3069.site.5, 0, 198, 198
1120974.3.peg.3069.site.6, 183, 196, 379
1120974.3.peg.3069.site.7, 0, 197, 197
1120974.3.peg.3069.site.8, 10, 207, 217
1120974.3.peg.3069.site.9, 0, 212, 212
1120974.3.peg.3069.site.10, 176, 205, 381
1120974.3.peg.3069.site.11, 57, 195, 252
1120974.3.peg.3069.site.12, 32, 162, 194
1120974.3.peg.3069.site.13, 29, 167, 196
1120974.3.peg.3069.site.14, 30, 162, 192
1120974.3.peg.3069.site.15, 20, 210, 230
1120974.3.peg.3069.site.16, 70, 209, 279
1120974.3.peg.3069.site.17, 0, 211, 211
1120974.3.peg.3069.site.18, 123, 211, 334
1120974.3.peg.3069.site.19, 10, 214, 224
1120974.3.peg.3069.site.20, 0, 214, 214
1120974.3.peg.3069.site.21, 212, 214, 426
1120974.3.peg.3069.site.22, 1, 209, 210
1120974.3.peg.3069.site.23, 0, 206, 206
1120974.3.peg.3069.site.24, 180, 207, 387
1120974.3.peg.3069.site.25, 9, 213, 222
1120974.3.peg.3260.site.1, 169, 211, 380
1120974.3.peg.3260.site.2, 24, 215, 239
1120974.3.peg.3260.site.3, 6, 216, 222
1120974.3.peg.3260.site.4, 143, 208, 351
1120974.3.peg.3260.site.5, 168, 211, 379
1120974.3.peg.3260.site.6, 173, 212, 385
1120974.3.peg.3260.site.7, 23, 213, 236
1120974.3.peg.3260.site.8, 171, 211, 382
1120974.3.peg.3260.site.9, 0, 215, 215
1120974.3.peg.3260.site.10, 170, 210, 380
1120974.3.peg.3260.site.11, 176, 210, 386
1120974.3.peg.3260.site.12, 139, 181, 320
1120974.3.peg.3260.site.13, 0, 191, 191
1120974.3.peg.3260.site.14, 146, 186, 332
1120974.3.peg.3260.site.15, 164, 207, 371
1120974.3.peg.3260.site.16, 170, 212, 382
1120974.3.peg.3260.site.17, 169, 211, 380
1120974.3.peg.3260.site.18, 2, 215, 217
1120974.3.peg.3260.site.19, 2, 215, 217
1120974.3.peg.3260.site.20, 177, 214, 391
1120974.3.peg.3260.site.21, 2, 215, 217
1120974.3.peg.3260.site.22, 2, 216, 218
1120974.3.peg.3260.site.23, 200, 211, 411
1120974.3.peg.3260.site.24, 1, 215, 216
1120974.3.peg.3261.site.1, 25, 214, 239
1120974.3.peg.3261.site.2, 171, 212, 383
1120974.3.peg.3261.site.3, 0, 215, 215
1120974.3.peg.3261.site.4, 4, 216, 220
1120974.3.peg.3261.site.5, 171, 211, 382
1120974.3.peg.3261.site.6, 28, 210, 238
1120974.3.peg.3262.site.1, 2, 216, 218
1120974.3.peg.3262.site.2, 13, 214, 227
1120974.3.peg.3262.site.3, 0, 215, 215
1120974.3.peg.3262.site.4, 0, 216, 216
1120974.3.peg.3262.site.5, 0, 216, 216
1120974.3.peg.3262.site.6, 0, 215, 215
1120974.3.peg.3262.site.7, 176, 214, 390
1120974.3.peg.3262.site.8, 0, 212, 212
1120974.3.peg.3263.site.1, 19, 210, 229
1120974.3.peg.3263.site.2, 0, 211, 211
1120974.3.peg.3263.site.3, 0, 210, 210
1120974.3.peg.3263.site.4, 24, 204, 228
1120974.3.peg.3263.site.5, 2, 182, 184
1120974.3.peg.3263.site.6, 1, 182, 183
1120974.3.peg.3263.site.7, 2, 181, 183
1120974.3.peg.3263.site.8, 4, 184, 188
1120974.3.peg.3263.site.9, 4, 181, 185
1120974.3.peg.3263.site.10, 1, 177, 178
1120974.3.peg.3263.site.11, 0, 181, 181
1120974.3.peg.3263.site.12, 0, 181, 181
1120974.3.peg.3263.site.13, 37, 183, 220
1120974.3.peg.3263.site.14, 34, 181, 215
1120974.3.peg.3263.site.15, 139, 146, 285
1120974.3.peg.3263.site.16, 115, 133, 248
1120974.3.peg.3263.site.17, 104, 125, 229
1120974.3.peg.3263.site.18, 10, 152, 162
1120974.3.peg.3263.site.19, 0, 157, 157
1120974.3.peg.3263.site.20, 16, 156, 172
1120974.3.peg.3263.site.21, 121, 144, 265
1120974.3.peg.3263.site.22, 139, 151, 290
1120974.3.peg.3263.site.23, 122, 145, 267
1120974.3.peg.2700.site.1, 188, 198, 386
1120974.3.peg.2700.site.2, 0, 200, 200
1120974.3.peg.2700.site.3, 0, 200, 200
1120974.3.peg.2700.site.4, 0, 213, 213
1120974.3.peg.2700.site.5, 1, 215, 216
1120974.3.peg.2700.site.6, 0, 216, 216
1120974.3.peg.2700.site.7, 2, 213, 215
1120974.3.peg.2700.site.8, 1, 216, 217
1120974.3.peg.2700.site.9, 29, 215, 244
1120974.3.peg.2700.site.10, 8, 216, 224
1120974.3.peg.2700.site.11, 0, 215, 215
1120974.3.peg.2700.site.12, 107, 212, 319
1120974.3.peg.2700.site.13, 194, 213, 407
1120974.3.peg.2700.site.14, 133, 212, 345
1120974.3.peg.2700.site.15, 133, 212, 345
1120974.3.peg.2700.site.16, 6, 181, 187
1120974.3.peg.2700.site.17, 22, 191, 213
1120974.3.peg.2700.site.18, 20, 195, 215
1120974.3.peg.2700.site.19, 116, 199, 315
1120974.3.peg.2700.site.20, 141, 199, 340
1120974.3.peg.2700.site.21, 121, 204, 325
1120974.3.peg.2701.site.1, 0, 214, 214
1120974.3.peg.2701.site.2, 128, 208, 336
1120974.3.peg.2701.site.3, 2, 215, 217
1120974.3.peg.2701.site.4, 0, 216, 216
1120974.3.peg.2701.site.5, 131, 212, 343
1120974.3.peg.2701.site.6, 3, 215, 218
1120974.3.peg.2701.site.7, 135, 213, 348
1120974.3.peg.2701.site.8, 187, 209, 396
1120974.3.peg.2701.site.9, 25, 212, 237
1120974.3.peg.2701.site.10, 189, 212, 401
1120974.3.peg.2701.site.11, 128, 210, 338
1120974.3.peg.2701.site.12, 130, 208, 338
1120974.3.peg.2701.site.13, 26, 214, 240
1120974.3.peg.2701.site.14, 0, 216, 216
1120974.3.peg.2701.site.15, 1, 213, 214
1120974.3.peg.2701.site.16, 184, 213, 397
1120974.3.peg.2701.site.17, 185, 212, 397
1120974.3.peg.2701.site.18, 2, 216, 218
1120974.3.peg.2701.site.19, 4, 216, 220
1120974.3.peg.2701.site.20, 0, 216, 216
1120974.3.peg.2701.site.21, 1, 216, 217
1120974.3.peg.2701.site.22, 72, 208, 280
1120974.3.peg.2701.site.23, 0, 213, 213
1120974.3.peg.2701.site.24, 39, 198, 237
1120974.3.peg.2701.site.25, 18, 203, 221
1120974.3.peg.2701.site.26, 0, 208, 208
1120974.3.peg.2701.site.27, 3, 206, 209
1120974.3.peg.2701.site.28, 66, 181, 247
1120974.3.peg.2701.site.29, 1, 212, 213
1120974.3.peg.2701.site.30, 21, 212, 233
1120974.3.peg.2701.site.31, 7, 215, 222
1120974.3.peg.2701.site.32, 78, 213, 291
1120974.3.peg.2701.site.33, 78, 212, 290
1120974.3.peg.2701.site.34, 11, 215, 226
1120974.3.peg.2701.site.35, 0, 216, 216
1120974.3.peg.2701.site.36, 25, 213, 238
1120974.3.peg.2701.site.37, 75, 211, 286
1120974.3.peg.2701.site.38, 101, 210, 311
1120974.3.peg.2701.site.39, 26, 212, 238
1120974.3.peg.2701.site.40, 0, 213, 213
1120974.3.peg.2701.site.41, 22, 206, 228
1120974.3.peg.2701.site.42, 0, 209, 209
1120974.3.peg.2701.site.43, 2, 165, 167
1120974.3.peg.2701.site.44, 1, 173, 174
1120974.3.peg.2701.site.45, 3, 186, 189
1120974.3.peg.2701.site.46, 3, 187, 190
1120974.3.peg.2701.site.47, 1, 190, 191
1120974.3.peg.2701.site.48, 0, 191, 191
1120974.3.peg.2701.site.49, 1, 190, 191
1120974.3.peg.2701.site.50, 0, 190, 190
1120974.3.peg.2701.site.51, 2, 174, 176
1120974.3.peg.2701.site.52, 5, 177, 182
1120974.3.peg.2701.site.53, 7, 187, 194
1120974.3.peg.2701.site.54, 66, 186, 252
1120974.3.peg.2701.site.55, 68, 198, 266
1120974.3.peg.2701.site.56, 10, 211, 221
1120974.3.peg.2701.site.57, 5, 213, 218
1120974.3.peg.2701.site.58, 27, 212, 239
1120974.3.peg.2701.site.59, 27, 212, 239
1120974.3.peg.2701.site.60, 1, 216, 217
1120974.3.peg.2701.site.61, 17, 215, 232
1120974.3.peg.2701.site.62, 22, 212, 234
1120974.3.peg.2701.site.63, 20, 213, 233
1120974.3.peg.2701.site.64, 20, 211, 231
1120974.3.peg.2701.site.65, 1, 214, 215
1120974.3.peg.2701.site.66, 23, 208, 231
1120974.3.peg.2701.site.67, 1, 209, 210
1120974.3.peg.2701.site.68, 20, 205, 225
1120974.3.peg.2701.site.69, 12, 185, 197
1120974.3.peg.2701.site.70, 9, 184, 193
1120974.3.peg.2701.site.71, 9, 178, 187
1120974.3.peg.2701.site.72, 1, 185, 186
1120974.3.peg.2701.site.73, 13, 196, 209
1120974.3.peg.2701.site.74, 1, 216, 217
1120974.3.peg.2701.site.75, 20, 214, 234
1120974.3.peg.2701.site.76, 0, 215, 215
1120974.3.peg.2701.site.77, 22, 213, 235
1120974.3.peg.2701.site.78, 3, 216, 219
1120974.3.peg.2701.site.79, 0, 214, 214
1120974.3.peg.2701.site.80, 2, 216, 218
1120974.3.peg.2701.site.81, 1, 215, 216
1120974.3.peg.2701.site.82, 20, 211, 231
1120974.3.peg.2701.site.83, 2, 214, 216
1120974.3.peg.2701.site.84, 19, 209, 228
1120974.3.peg.2701.site.85, 2, 212, 214
1120974.3.peg.2701.site.86, 64, 206, 270
1120974.3.peg.2701.site.87, 63, 207, 270
1120974.3.peg.2701.site.88, 58, 208, 266
1120974.3.peg.2701.site.89, 4, 216, 220
1120974.3.peg.2701.site.90, 73, 207, 280
1120974.3.peg.2701.site.91, 2, 188, 190
1120974.3.peg.2701.site.92, 3, 207, 210
1120974.3.peg.2701.site.93, 4, 210, 214
1120974.3.peg.2701.site.94, 4, 215, 219
1120974.3.peg.2701.site.95, 0, 213, 213
1120974.3.peg.2701.site.96, 0, 216, 216
1120974.3.peg.2701.site.97, 70, 211, 281
1120974.3.peg.2702.site.1, 136, 213, 349
1120974.3.peg.2702.site.2, 4, 214, 218
1120974.3.peg.2702.site.3, 4, 208, 212
1120974.3.peg.2702.site.4, 70, 203, 273
1120974.3.peg.2702.site.5, 3, 185, 188
1120974.3.peg.2702.site.6, 53, 174, 227
1120974.3.peg.2702.site.7, 57, 181, 238
1120974.3.peg.2702.site.8, 0, 216, 216
1120974.3.peg.2702.site.9, 59, 211, 270
1120974.3.peg.2702.site.10, 59, 212, 271
1120974.3.peg.2702.site.11, 58, 209, 267
1120974.3.peg.2702.site.12, 67, 191, 258
1120974.3.peg.2702.site.13, 99, 174, 273
1120974.3.peg.2702.site.14, 59, 115, 174
1120974.3.peg.2702.site.15, 47, 128, 175
1120974.3.peg.2702.site.16, 54, 157, 211
1120974.3.peg.2702.site.17, 83, 154, 237
1120974.3.peg.2702.site.18, 122, 213, 335
1120974.3.peg.2702.site.19, 109, 215, 324
1120974.3.peg.2702.site.20, 120, 213, 333
1120974.3.peg.2704.site.1, 9, 151, 160
1120974.3.peg.2704.site.2, 8, 214, 222
1120974.3.peg.2704.site.3, 58, 214, 272
1120974.3.peg.2704.site.4, 69, 210, 279
1120974.3.peg.2704.site.5, 71, 211, 282
1120974.3.peg.2704.site.6, 67, 212, 279
1120974.3.peg.2704.site.7, 73, 211, 284
1120974.3.peg.2704.site.8, 9, 215, 224
1120974.3.peg.2704.site.9, 9, 215, 224
1120974.3.peg.2705.site.1, 2, 194, 196
1120974.3.peg.2705.site.2, 1, 187, 188
1120974.3.peg.2705.site.3, 0, 186, 186
1120974.3.peg.2705.site.4, 3, 169, 172
1120974.3.peg.2705.site.5, 16, 158, 174
1120974.3.peg.2705.site.6, 8, 142, 150
1120974.3.peg.2705.site.7, 11, 142, 153
1120974.3.peg.2705.site.8, 5, 144, 149
1120974.3.peg.2705.site.9, 64, 204, 268
1120974.3.peg.2705.site.10, 69, 210, 279
1120974.3.peg.2705.site.11, 1, 214, 215
1120974.3.peg.2705.site.12, 67, 212, 279
1120974.3.peg.2705.site.13, 13, 215, 228
1120974.3.peg.2705.site.14, 76, 212, 288
1120974.3.peg.2705.site.15, 75, 210, 285
1120974.3.peg.2705.site.16, 75, 211, 286
1120974.3.peg.2705.site.17, 76, 211, 287
1120974.3.peg.2705.site.18, 192, 206, 398
1120974.3.peg.2705.site.19, 114, 189, 303
1120974.3.peg.2705.site.20, 3, 35, 38
1120974.3.peg.2705.site.21, 0, 30, 30
1120974.3.peg.2707.site.1, 10, 213, 223
1120974.3.peg.2707.site.2, 194, 213, 407
1120974.3.peg.2707.site.3, 6, 214, 220
1120974.3.peg.2707.site.4, 6, 216, 222
1120974.3.peg.2707.site.5, 175, 214, 389
1120974.3.peg.2707.site.6, 2, 215, 217
1120974.3.peg.2707.site.7, 194, 216, 410
1120974.3.peg.2707.site.8, 184, 202, 386
1120974.3.peg.2707.site.9, 178, 200, 378
1120974.3.peg.2707.site.10, 0, 200, 200
1120974.3.peg.2707.site.11, 106, 128, 234
1120974.3.peg.2707.site.12, 10, 210, 220
1120974.3.peg.2707.site.13, 200, 213, 413
1120974.3.peg.2707.site.14, 189, 209, 398
1120974.3.peg.2707.site.15, 6, 210, 216
1120974.3.peg.2707.site.16, 180, 201, 381
1120974.3.peg.2707.site.17, 186, 207, 393
1120974.3.peg.2707.site.18, 185, 208, 393
1120974.3.peg.2707.site.19, 158, 182, 340
1120974.3.peg.2707.site.20, 49, 74, 123
1120974.3.peg.2707.site.21, 14, 29, 43
1120974.3.peg.2707.site.22, 9, 33, 42
1120974.3.peg.2707.site.23, 1, 88, 89
1120974.3.peg.2707.site.24, 142, 168, 310
1120974.3.peg.2707.site.25, 6, 191, 197
1120974.3.peg.2707.site.26, 6, 194, 200
1120974.3.peg.2707.site.27, 6, 186, 192
1120974.3.peg.2707.site.28, 165, 191, 356
1120974.3.peg.2707.site.29, 41, 204, 245
1120974.3.peg.2707.site.30, 183, 210, 393
1120974.3.peg.2707.site.31, 136, 210, 346
1120974.3.peg.2707.site.32, 187, 213, 400
1120974.3.peg.2707.site.33, 1, 216, 217
1120974.3.peg.2707.site.34, 129, 214, 343
1120974.3.peg.2707.site.35, 113, 208, 321
1120974.3.peg.2707.site.36, 1, 216, 217
1120974.3.peg.2707.site.37, 127, 206, 333
1120974.3.peg.2707.site.38, 17, 215, 232
1120974.3.peg.2707.site.39, 0, 216, 216
1120974.3.peg.2707.site.40, 6, 215, 221
1120974.3.peg.2707.site.41, 4, 216, 220
1120974.3.peg.2707.site.42, 1, 215, 216
1120974.3.peg.2707.site.43, 117, 214, 331
1120974.3.peg.2707.site.44, 7, 216, 223
1120974.3.peg.2707.site.45, 11, 213, 224
1120974.3.peg.2707.site.46, 195, 215, 410
1120974.3.peg.2707.site.47, 18, 215, 233
1120974.3.peg.2707.site.48, 74, 206, 280
1120974.3.peg.2707.site.49, 4, 204, 208
1120974.3.peg.2707.site.50, 212, 212, 424
1120974.3.peg.2707.site.51, 7, 216, 223
1120974.3.peg.2707.site.52, 2, 215, 217
1120974.3.peg.2707.site.53, 0, 213, 213
1120974.3.peg.639.site.1, 4, 214, 218
1120974.3.peg.639.site.2, 35, 176, 211
1120974.3.peg.639.site.3, 206, 211, 417
1120974.3.peg.639.site.4, 0, 216, 216
1120974.3.peg.639.site.5, 60, 213, 273
1120974.3.peg.639.site.6, 0, 214, 214
1120974.3.peg.639.site.7, 132, 210, 342
1120974.3.peg.639.site.8, 0, 216, 216
1120974.3.peg.639.site.9, 134, 208, 342
1120974.3.peg.639.site.10, 183, 205, 388
1120974.3.peg.639.site.11, 2, 216, 218
1120974.3.peg.639.site.12, 192, 214, 406
1120974.3.peg.639.site.13, 189, 215, 404
1120974.3.peg.639.site.14, 46, 212, 258
1120974.3.peg.639.site.15, 2, 214, 216
1120974.3.peg.639.site.16, 138, 211, 349
1120974.3.peg.639.site.17, 203, 205, 408
1120974.3.peg.639.site.18, 0, 204, 204
1120974.3.peg.639.site.19, 103, 130, 233
1120974.3.peg.639.site.20, 27, 156, 183
1120974.3.peg.639.site.21, 45, 208, 253
1120974.3.peg.639.site.22, 81, 156, 237
1120974.3.peg.639.site.23, 27, 117, 144
1120974.3.peg.639.site.24, 77, 141, 218
1120974.3.peg.639.site.25, 42, 155, 197
1120974.3.peg.639.site.26, 5, 137, 142
1120974.3.peg.639.site.27, 116, 145, 261
1120974.3.peg.639.site.28, 78, 113, 191
1120974.3.peg.639.site.29, 16, 87, 103
1120974.3.peg.639.site.30, 4, 57, 61
1120974.3.peg.639.site.31, 15, 72, 87
1120974.3.peg.639.site.32, 8, 65, 73
1120974.3.peg.639.site.33, 15, 70, 85
1120974.3.peg.639.site.34, 43, 136, 179
1120974.3.peg.639.site.35, 0, 140, 140
1120974.3.peg.639.site.36, 0, 186, 186
1120974.3.peg.639.site.37, 3, 198, 201
1120974.3.peg.639.site.38, 4, 210, 214
1120974.3.peg.639.site.39, 3, 180, 183
1120974.3.peg.639.site.40, 2, 170, 172
1120974.3.peg.639.site.41, 13, 65, 78
1120974.3.peg.639.site.42, 20, 85, 105
1120974.3.peg.639.site.43, 3, 213, 216
1120974.3.peg.639.site.44, 1, 215, 216
1120974.3.peg.639.site.45, 4, 214, 218
1120974.3.peg.639.site.46, 1, 216, 217
1120974.3.peg.639.site.47, 190, 213, 403
1120974.3.peg.638.site.1, 2, 198, 200
1120974.3.peg.638.site.2, 12, 202, 214
1120974.3.peg.638.site.3, 146, 205, 351
1120974.3.peg.638.site.4, 1, 210, 211
1120974.3.peg.638.site.5, 17, 211, 228
1120974.3.peg.638.site.6, 1, 214, 215
1120974.3.peg.638.site.7, 4, 216, 220
1120974.3.peg.638.site.8, 61, 210, 271
1120974.3.peg.638.site.9, 62, 211, 273
1120974.3.peg.638.site.10, 4, 212, 216
1120974.3.peg.638.site.11, 0, 214, 214
1120974.3.peg.638.site.12, 3, 213, 216
1120974.3.peg.638.site.13, 89, 213, 302
1120974.3.peg.638.site.14, 75, 206, 281
1120974.3.peg.638.site.15, 0, 213, 213
1120974.3.peg.638.site.16, 0, 214, 214
1120974.3.peg.638.site.17, 0, 212, 212
1120974.3.peg.638.site.18, 202, 213, 415
1120974.3.peg.638.site.19, 132, 206, 338
1120974.3.peg.638.site.20, 8, 215, 223
1120974.3.peg.638.site.21, 8, 215, 223
1120974.3.peg.638.site.22, 0, 216, 216
1120974.3.peg.638.site.23, 8, 211, 219
1120974.3.peg.638.site.24, 0, 213, 213
1120974.3.peg.638.site.25, 4, 211, 215
1120974.3.peg.638.site.26, 9, 214, 223
1120974.3.peg.638.site.27, 11, 208, 219
1120974.3.peg.638.site.28, 0, 213, 213
1120974.3.peg.637.site.1, 1, 213, 214
1120974.3.peg.637.site.2, 7, 215, 222
1120974.3.peg.637.site.3, 2, 216, 218
1120974.3.peg.637.site.4, 11, 213, 224
1120974.3.peg.637.site.5, 3, 208, 211
1120974.3.peg.637.site.6, 9, 204, 213
1120974.3.peg.637.site.7, 1, 190, 191
1120974.3.peg.637.site.8, 41, 183, 224
1120974.3.peg.637.site.9, 42, 197, 239
1120974.3.peg.637.site.10, 5, 199, 204
1120974.3.peg.637.site.11, 197, 209, 406
1120974.3.peg.637.site.12, 44, 210, 254
1120974.3.peg.637.site.13, 0, 211, 211
1120974.3.peg.637.site.14, 0, 202, 202
1120974.3.peg.637.site.15, 57, 191, 248
1120974.3.peg.637.site.16, 116, 204, 320
1120974.3.peg.637.site.17, 113, 201, 314
1120974.3.peg.637.site.18, 4, 199, 203
1120974.3.peg.637.site.19, 103, 188, 291
1120974.3.peg.637.site.20, 52, 138, 190
1120974.3.peg.637.site.21, 4, 82, 86
1120974.3.peg.637.site.22, 0, 79, 79
1120974.3.peg.636.site.1, 11, 190, 201
1120974.3.peg.636.site.2, 205, 213, 418
1120974.3.peg.636.site.3, 215, 215, 430
1120974.3.peg.636.site.4, 0, 216, 216
1120974.3.peg.636.site.5, 4, 215, 219
1120974.3.peg.636.site.6, 2, 215, 217
1120974.3.peg.636.site.7, 5, 214, 219
1120974.3.peg.636.site.8, 4, 214, 218
1120974.3.peg.635.site.1, 2, 216, 218
1120974.3.peg.635.site.2, 20, 207, 227
1120974.3.peg.635.site.3, 11, 211, 222
1120974.3.peg.635.site.4, 1, 205, 206
1120974.3.peg.635.site.5, 0, 208, 208
1120974.3.peg.635.site.6, 12, 206, 218
1120974.3.peg.635.site.7, 5, 160, 165
1120974.3.peg.635.site.8, 9, 170, 179
1120974.3.peg.635.site.9, 5, 165, 170
1120974.3.peg.635.site.10, 0, 169, 169
1120974.3.peg.635.site.11, 1, 199, 200
1120974.3.peg.635.site.12, 0, 199, 199
1120974.3.peg.635.site.13, 6, 192, 198
1120974.3.peg.635.site.14, 2, 187, 189
1120974.3.peg.635.site.15, 1, 169, 170
1120974.3.peg.635.site.16, 1, 170, 171
1120974.3.peg.635.site.17, 3, 163, 166
1120974.3.peg.635.site.18, 0, 159, 159
1120974.3.peg.635.site.19, 1, 194, 195
1120974.3.peg.634.site.1, 0, 182, 182
1120974.3.peg.634.site.2, 1, 184, 185
1120974.3.peg.634.site.3, 1, 199, 200
1120974.3.peg.634.site.4, 1, 213, 214
1120974.3.peg.634.site.5, 0, 213, 213
1120974.3.peg.634.site.6, 1, 212, 213
1120974.3.peg.634.site.7, 1, 214, 215
1120974.3.peg.634.site.8, 180, 208, 388
1120974.3.peg.634.site.9, 0, 212, 212
1120974.3.peg.634.site.10, 29, 216, 245
1120974.3.peg.634.site.11, 213, 214, 427
1120974.3.peg.634.site.12, 1, 214, 215
1120974.3.peg.633.site.1, 151, 208, 359
1120974.3.peg.633.site.2, 2, 187, 189
1120974.3.peg.633.site.3, 18, 135, 153
1120974.3.peg.633.site.4, 3, 114, 117
1120974.3.peg.633.site.5, 8, 138, 146
1120974.3.peg.633.site.6, 10, 189, 199
1120974.3.peg.633.site.7, 198, 199, 397
1120974.3.peg.633.site.8, 9, 214, 223
1120974.3.peg.633.site.9, 1, 213, 214
1120974.3.peg.632.site.1, 136, 214, 350
1120974.3.peg.632.site.2, 173, 191, 364
1120974.3.peg.632.site.3, 3, 185, 188
1120974.3.peg.632.site.4, 214, 215, 429
1120974.3.peg.632.site.5, 187, 215, 402
1120974.3.peg.632.site.6, 0, 215, 215
1120974.3.peg.632.site.7, 158, 214, 372
1120974.3.peg.632.site.8, 4, 215, 219
1120974.3.peg.632.site.9, 123, 211, 334
1120974.3.peg.632.site.10, 1, 216, 217
1120974.3.peg.632.site.11, 4, 213, 217
1120974.3.peg.632.site.12, 69, 210, 279
1120974.3.peg.632.site.13, 70, 210, 280
1120974.3.peg.632.site.14, 1, 215, 216
1120974.3.peg.632.site.15, 1, 216, 217
1120974.3.peg.632.site.16, 4, 216, 220
1120974.3.peg.632.site.17, 0, 210, 210
1120974.3.peg.632.site.18, 0, 211, 211
1120974.3.peg.632.site.19, 148, 206, 354
1120974.3.peg.631.site.1, 0, 216, 216
1120974.3.peg.631.site.2, 0, 215, 215
1120974.3.peg.631.site.3, 0, 216, 216
1120974.3.peg.631.site.4, 0, 216, 216
1120974.3.peg.631.site.5, 0, 216, 216
1120974.3.peg.631.site.6, 11, 215, 226
1120974.3.peg.631.site.7, 0, 212, 212
1120974.3.peg.631.site.8, 11, 215, 226
1120974.3.peg.631.site.9, 0, 215, 215
1120974.3.peg.631.site.10, 25, 214, 239
1120974.3.peg.631.site.11, 53, 211, 264
1120974.3.peg.631.site.12, 87, 210, 297
1120974.3.peg.631.site.13, 0, 207, 207
1120974.3.peg.631.site.14, 24, 132, 156
1120974.3.peg.631.site.15, 5, 82, 87
1120974.3.peg.631.site.16, 5, 82, 87
1120974.3.peg.631.site.17, 6, 83, 89
1120974.3.peg.631.site.18, 0, 212, 212
1120974.3.peg.631.site.19, 1, 215, 216
1120974.3.peg.631.site.20, 48, 208, 256
1120974.3.peg.631.site.21, 135, 209, 344
1120974.3.peg.631.site.22, 0, 212, 212
1120974.3.peg.631.site.23, 0, 215, 215
1120974.3.peg.631.site.24, 49, 210, 259
1120974.3.peg.631.site.25, 166, 215, 381
1120974.3.peg.631.site.26, 0, 215, 215
1120974.3.peg.631.site.27, 0, 215, 215
1120974.3.peg.631.site.28, 23, 214, 237
1120974.3.peg.631.site.29, 0, 215, 215
1120974.3.peg.630.site.1, 2, 135, 137
1120974.3.peg.630.site.2, 3, 134, 137
1120974.3.peg.630.site.3, 0, 140, 140
1120974.3.peg.630.site.4, 1, 204, 205
1120974.3.peg.630.site.5, 4, 216, 220
1120974.3.peg.630.site.6, 4, 216, 220
1120974.3.peg.630.site.7, 4, 216, 220
1120974.3.peg.630.site.8, 79, 211, 290
1120974.3.peg.630.site.9, 165, 211, 376
1120974.3.peg.630.site.10, 77, 210, 287
1120974.3.peg.630.site.11, 4, 215, 219
1120974.3.peg.630.site.12, 0, 214, 214
1120974.3.peg.630.site.13, 72, 205, 277
1120974.3.peg.630.site.14, 72, 200, 272
1120974.3.peg.630.site.15, 72, 201, 273
1120974.3.peg.630.site.16, 36, 172, 208
1120974.3.peg.630.site.17, 0, 216, 216
1120974.3.peg.630.site.18, 76, 211, 287
1120974.3.peg.2951.site.1, 0, 215, 215
1120974.3.peg.2951.site.2, 13, 216, 229
1120974.3.peg.2951.site.3, 13, 215, 228
1120974.3.peg.2951.site.4, 214, 216, 430
1120974.3.peg.2951.site.5, 0, 216, 216
1120974.3.peg.2951.site.6, 0, 215, 215
1120974.3.peg.2951.site.7, 0, 214, 214
1120974.3.peg.2951.site.8, 18, 216, 234
1120974.3.peg.2951.site.9, 179, 214, 393
1120974.3.peg.2951.site.10, 13, 216, 229
1120974.3.peg.2951.site.11, 13, 216, 229
1120974.3.peg.2951.site.12, 5, 216, 221
1120974.3.peg.2951.site.13, 192, 213, 405
1120974.3.peg.2951.site.14, 192, 213, 405
1120974.3.peg.2951.site.15, 0, 215, 215
1120974.3.peg.2951.site.16, 192, 214, 406
1120974.3.peg.2951.site.17, 192, 214, 406
1120974.3.peg.2951.site.18, 1, 215, 216
1120974.3.peg.2951.site.19, 194, 212, 406
1120974.3.peg.2951.site.20, 202, 208, 410
1120974.3.peg.2951.site.21, 2, 211, 213
1120974.3.peg.2951.site.22, 5, 205, 210
1120974.3.peg.2951.site.23, 179, 209, 388
1120974.3.peg.2951.site.24, 8, 214, 222
1120974.3.peg.2951.site.25, 214, 216, 430
1120974.3.peg.2951.site.26, 182, 212, 394
1120974.3.peg.2951.site.27, 5, 215, 220
1120974.3.peg.2951.site.28, 5, 215, 220
1120974.3.peg.2951.site.29, 182, 208, 390
1120974.3.peg.2951.site.30, 176, 205, 381
1120974.3.peg.2951.site.31, 1, 210, 211
1120974.3.peg.2951.site.32, 0, 216, 216
1120974.3.peg.2951.site.33, 183, 212, 395
1120974.3.peg.2951.site.34, 198, 213, 411
1120974.3.peg.2951.site.35, 176, 209, 385
1120974.3.peg.2951.site.36, 177, 213, 390
1120974.3.peg.2951.site.37, 0, 215, 215
1120974.3.peg.2953.site.1, 110, 212, 322
1120974.3.peg.2953.site.2, 110, 212, 322
1120974.3.peg.2953.site.3, 0, 214, 214
1120974.3.peg.2953.site.4, 133, 214, 347
1120974.3.peg.2953.site.5, 163, 212, 375
1120974.3.peg.2953.site.6, 160, 209, 369
1120974.3.peg.2953.site.7, 44, 103, 147
1120974.3.peg.2953.site.8, 71, 129, 200
1120974.3.peg.2953.site.9, 31, 141, 172
1120974.3.peg.2953.site.10, 112, 167, 279
1120974.3.peg.2953.site.11, 50, 152, 202
1120974.3.peg.2953.site.12, 44, 167, 211
1120974.3.peg.2953.site.13, 45, 189, 234
1120974.3.peg.2953.site.14, 101, 202, 303
1120974.3.peg.2953.site.15, 153, 211, 364
1120974.3.peg.2953.site.16, 1, 216, 217
1120974.3.peg.2953.site.17, 47, 213, 260
1120974.3.peg.2953.site.18, 1, 214, 215
1120974.3.peg.2953.site.19, 48, 210, 258
1120974.3.peg.2953.site.20, 9, 212, 221
1120974.3.peg.2953.site.21, 142, 212, 354
1120974.3.peg.2953.site.22, 1, 215, 216
1120974.3.peg.2953.site.23, 142, 210, 352
1120974.3.peg.2953.site.24, 1, 215, 216
1120974.3.peg.2953.site.25, 188, 211, 399
1120974.3.peg.2953.site.26, 187, 212, 399
1120974.3.peg.2953.site.27, 0, 214, 214
1120974.3.peg.2953.site.28, 0, 214, 214
1120974.3.peg.2953.site.29, 187, 211, 398
1120974.3.peg.2953.site.30, 194, 212, 406
1120974.3.peg.2953.site.31, 124, 213, 337
1120974.3.peg.2953.site.32, 63, 213, 276
1120974.3.peg.2953.site.33, 0, 216, 216
1120974.3.peg.2953.site.34, 63, 213, 276
1120974.3.peg.2953.site.35, 124, 213, 337
1120974.3.peg.2953.site.36, 0, 216, 216
1120974.3.peg.2953.site.37, 124, 214, 338
1120974.3.peg.2953.site.38, 124, 214, 338
1120974.3.peg.2953.site.39, 0, 216, 216
1120974.3.peg.2953.site.40, 187, 212, 399
1120974.3.peg.2953.site.41, 4, 216, 220
1120974.3.peg.2953.site.42, 4, 216, 220
1120974.3.peg.2953.site.43, 212, 215, 427
1120974.3.peg.2953.site.44, 122, 212, 334
1120974.3.peg.2953.site.45, 119, 209, 328
1120974.3.peg.2953.site.46, 202, 214, 416
1120974.3.peg.2953.site.47, 66, 211, 277
1120974.3.peg.2953.site.48, 207, 215, 422
1120974.3.peg.2953.site.49, 123, 211, 334
1120974.3.peg.2953.site.50, 1, 214, 215
1120974.3.peg.2953.site.51, 190, 212, 402
1120974.3.peg.2953.site.52, 131, 211, 342
1120974.3.peg.2953.site.53, 130, 210, 340
1120974.3.peg.2953.site.54, 58, 212, 270
1120974.3.peg.2953.site.55, 131, 210, 341
1120974.3.peg.2953.site.56, 185, 208, 393
1120974.3.peg.2953.site.57, 185, 206, 391
1120974.3.peg.2953.site.58, 27, 48, 75
1120974.3.peg.2953.site.59, 22, 46, 68
1120974.3.peg.2953.site.60, 9, 32, 41
1120974.3.peg.2953.site.61, 18, 30, 48
1120974.3.peg.2953.site.62, 38, 60, 98
1120974.3.peg.2953.site.63, 118, 140, 258
1120974.3.peg.2953.site.64, 178, 192, 370
1120974.3.peg.2953.site.65, 179, 202, 381
1120974.3.peg.2953.site.66, 193, 213, 406
1120974.3.peg.2953.site.67, 1, 215, 216
1120974.3.peg.2953.site.68, 0, 214, 214
1120974.3.peg.2952.site.1, 171, 210, 381
1120974.3.peg.2952.site.2, 0, 216, 216
1120974.3.peg.2952.site.3, 0, 215, 215
1120974.3.peg.2952.site.4, 210, 215, 425
1120974.3.peg.2952.site.5, 6, 216, 222
1120974.3.peg.2952.site.6, 179, 212, 391
1120974.3.peg.2952.site.7, 204, 213, 417
1120974.3.peg.2952.site.8, 179, 213, 392
1120974.3.peg.2952.site.9, 192, 213, 405
1120974.3.peg.2952.site.10, 175, 212, 387
1120974.3.peg.2952.site.11, 174, 212, 386
1120974.3.peg.2952.site.12, 3, 213, 216
1120974.3.peg.2952.site.13, 6, 213, 219
1120974.3.peg.2952.site.14, 27, 213, 240
1120974.3.peg.2952.site.15, 4, 215, 219
1120974.3.peg.2952.site.16, 9, 213, 222
1120974.3.peg.2952.site.17, 9, 216, 225
1120974.3.peg.2952.site.18, 178, 212, 390
1120974.3.peg.2952.site.19, 188, 214, 402
1120974.3.peg.2952.site.20, 4, 216, 220
1120974.3.peg.2952.site.21, 7, 212, 219
1120974.3.peg.2952.site.22, 7, 214, 221
1120974.3.peg.2952.site.23, 7, 215, 222
1120974.3.peg.2952.site.24, 193, 214, 407
1120974.3.peg.2952.site.25, 2, 214, 216
1120974.3.peg.2952.site.26, 111, 208, 319
1120974.3.peg.2952.site.27, 109, 208, 317
1120974.3.peg.2952.site.28, 169, 205, 374
1120974.3.peg.2952.site.29, 63, 205, 268
1120974.3.peg.2952.site.30, 175, 211, 386
1120974.3.peg.2952.site.31, 111, 213, 324
1120974.3.peg.2952.site.32, 199, 216, 415
1120974.3.peg.2952.site.33, 4, 215, 219
1120974.3.peg.2952.site.34, 4, 214, 218
1120974.3.peg.2952.site.35, 111, 209, 320
1120974.3.peg.2952.site.36, 4, 215, 219
1120974.3.peg.2952.site.37, 113, 212, 325
1120974.3.peg.2952.site.38, 0, 215, 215
1120974.3.peg.2952.site.39, 0, 215, 215
1120974.3.peg.2952.site.40, 110, 213, 323
1120974.3.peg.2952.site.41, 4, 216, 220
1120974.3.peg.2952.site.42, 4, 216, 220
1120974.3.peg.2952.site.43, 109, 210, 319
1120974.3.peg.2952.site.44, 110, 213, 323
1120974.3.peg.2952.site.45, 108, 210, 318
1120974.3.peg.2952.site.46, 4, 215, 219
1120974.3.peg.2952.site.47, 3, 213, 216
1120974.3.peg.2952.site.48, 4, 214, 218
1120974.3.peg.2952.site.49, 4, 215, 219
1120974.3.peg.2952.site.50, 186, 211, 397
1120974.3.peg.2952.site.51, 7, 209, 216
1120974.3.peg.2952.site.52, 4, 213, 217
1120974.3.peg.2952.site.53, 4, 214, 218
1120974.3.peg.2952.site.54, 4, 213, 217
1120974.3.peg.2952.site.55, 4, 216, 220
1120974.3.peg.2952.site.56, 4, 216, 220
1120974.3.peg.2952.site.57, 4, 215, 219
1120974.3.peg.2952.site.58, 10, 213, 223
1120974.3.peg.2952.site.59, 176, 209, 385
1120974.3.peg.2952.site.60, 177, 208, 385
1120974.3.peg.2952.site.61, 65, 207, 272
1120974.3.peg.2952.site.62, 94, 190, 284
1120974.3.peg.2952.site.63, 24, 203, 227
1120974.3.peg.2952.site.64, 6, 211, 217
1120974.3.peg.2952.site.65, 108, 209, 317
1120974.3.peg.2952.site.66, 1, 212, 213
1120974.3.peg.2952.site.67, 108, 208, 316
1120974.3.peg.2952.site.68, 2, 214, 216
1120974.3.peg.2952.site.69, 1, 215, 216
1120974.3.peg.2952.site.70, 188, 214, 402
1120974.3.peg.2952.site.71, 125, 212, 337
1120974.3.peg.2952.site.72, 111, 210, 321
1120974.3.peg.2952.site.73, 1, 211, 212
1120974.3.peg.2952.site.74, 0, 212, 212
1120974.3.peg.2952.site.75, 1, 213, 214
1120974.3.peg.2952.site.76, 1, 212, 213
1120974.3.peg.2952.site.77, 2, 214, 216
1120974.3.peg.2952.site.78, 149, 213, 362
1120974.3.peg.2952.site.79, 4, 216, 220
1120974.3.peg.2952.site.80, 34, 212, 246
1120974.3.peg.2952.site.81, 4, 216, 220
1120974.3.peg.2952.site.82, 4, 215, 219
1120974.3.peg.2952.site.83, 10, 214, 224
1120974.3.peg.2952.site.84, 5, 215, 220
1120974.3.peg.2952.site.85, 2, 216, 218
1120974.3.peg.2952.site.86, 31, 214, 245
1120974.3.peg.2952.site.87, 43, 212, 255
1120974.3.peg.2952.site.88, 31, 212, 243
1120974.3.peg.2952.site.89, 6, 211, 217
1120974.3.peg.2957.site.1, 1, 21, 22
1120974.3.peg.2957.site.2, 73, 95, 168
1120974.3.peg.2957.site.3, 172, 212, 384
1120974.3.peg.2957.site.4, 171, 210, 381
1120974.3.peg.2957.site.5, 1, 214, 215
1120974.3.peg.2957.site.6, 214, 215, 429
1120974.3.peg.2957.site.7, 0, 216, 216
1120974.3.peg.2957.site.8, 8, 215, 223
1120974.3.peg.2957.site.9, 0, 216, 216
1120974.3.peg.2957.site.10, 0, 215, 215
1120974.3.peg.2957.site.11, 0, 213, 213
1120974.3.peg.2957.site.12, 4, 216, 220
1120974.3.peg.2957.site.13, 0, 215, 215
1120974.3.peg.2957.site.14, 0, 212, 212
1120974.3.peg.2957.site.15, 1, 211, 212
1120974.3.peg.2957.site.16, 0, 212, 212
1120974.3.peg.2957.site.17, 0, 214, 214
1120974.3.peg.2957.site.18, 40, 214, 254
1120974.3.peg.2957.site.19, 0, 214, 214
1120974.3.peg.2957.site.20, 208, 213, 421
1120974.3.peg.2957.site.21, 193, 211, 404
1120974.3.peg.2957.site.22, 0, 216, 216
1120974.3.peg.2957.site.23, 32, 212, 244
1120974.3.peg.2957.site.24, 28, 215, 243
1120974.3.peg.2957.site.25, 208, 214, 422
1120974.3.peg.2957.site.26, 31, 214, 245
1120974.3.peg.2957.site.27, 8, 215, 223
1120974.3.peg.2957.site.28, 193, 212, 405
1120974.3.peg.2957.site.29, 32, 214, 246
1120974.3.peg.2957.site.30, 32, 215, 247
1120974.3.peg.2957.site.31, 0, 214, 214
1120974.3.peg.2957.site.32, 0, 215, 215
1120974.3.peg.2957.site.33, 1, 216, 217
1120974.3.peg.2957.site.34, 0, 215, 215
1120974.3.peg.2957.site.35, 0, 216, 216
1120974.3.peg.2957.site.36, 163, 212, 375
1120974.3.peg.2957.site.37, 0, 215, 215
1120974.3.peg.2957.site.38, 166, 215, 381
1120974.3.peg.2957.site.39, 14, 197, 211
1120974.3.peg.2957.site.40, 0, 190, 190
1120974.3.peg.2957.site.41, 0, 212, 212
1120974.3.peg.2957.site.42, 1, 211, 212
1120974.3.peg.2957.site.43, 0, 214, 214
1120974.3.peg.2957.site.44, 163, 215, 378
1120974.3.peg.2957.site.45, 4, 215, 219
1120974.3.peg.2957.site.46, 0, 214, 214
1120974.3.peg.2957.site.47, 1, 216, 217
1120974.3.peg.2957.site.48, 155, 206, 361
1120974.3.peg.2957.site.49, 0, 213, 213
1120974.3.peg.2957.site.50, 1, 216, 217
1120974.3.peg.2957.site.51, 35, 214, 249
1120974.3.peg.2957.site.52, 33, 214, 247
1120974.3.peg.2957.site.53, 191, 211, 402
1120974.3.peg.2957.site.54, 14, 98, 112
1120974.3.peg.2957.site.55, 67, 88, 155
1120974.3.peg.2957.site.56, 112, 132, 244
1120974.3.peg.2957.site.57, 160, 214, 374
1120974.3.peg.2957.site.58, 158, 213, 371
1120974.3.peg.2957.site.59, 148, 212, 360
1120974.3.peg.2957.site.60, 191, 211, 402
1120974.3.peg.2957.site.61, 6, 213, 219
1120974.3.peg.2957.site.62, 194, 212, 406
1120974.3.peg.2957.site.63, 3, 216, 219
1120974.3.peg.2957.site.64, 0, 215, 215
1120974.3.peg.2957.site.65, 1, 215, 216
1120974.3.peg.2957.site.66, 0, 213, 213
1120974.3.peg.2957.site.67, 149, 208, 357
1120974.3.peg.2957.site.68, 149, 207, 356
1120974.3.peg.2957.site.69, 0, 196, 196
1120974.3.peg.2957.site.70, 0, 198, 198
1120974.3.peg.700.site.1, 0, 215, 215
1120974.3.peg.700.site.2, 0, 215, 215
1120974.3.peg.700.site.3, 1, 214, 215
1120974.3.peg.700.site.4, 112, 208, 320
1120974.3.peg.700.site.5, 0, 216, 216
1120974.3.peg.700.site.6, 0, 213, 213
1120974.3.peg.700.site.7, 0, 213, 213
1120974.3.peg.700.site.8, 49, 205, 254
1120974.3.peg.1411.site.1, 14, 214, 228
1120974.3.peg.1411.site.2, 215, 215, 430
1120974.3.peg.1411.site.3, 152, 178, 330
1120974.3.peg.1411.site.4, 160, 186, 346
1120974.3.peg.1411.site.5, 0, 206, 206
1120974.3.peg.1411.site.6, 1, 211, 212
1120974.3.peg.1411.site.7, 195, 216, 411
1120974.3.peg.1411.site.8, 0, 204, 204
1120974.3.peg.1411.site.9, 18, 202, 220
1120974.3.peg.1411.site.10, 158, 209, 367
1120974.3.peg.1411.site.11, 1, 211, 212
1120974.3.peg.1411.site.12, 158, 208, 366
1120974.3.peg.1411.site.13, 158, 209, 367
1120974.3.peg.1411.site.14, 1, 215, 216
1120974.3.peg.1411.site.15, 3, 215, 218
1120974.3.peg.1411.site.16, 26, 216, 242
1120974.3.peg.1411.site.17, 0, 215, 215
1120974.3.peg.1411.site.18, 0, 213, 213
1120974.3.peg.1411.site.19, 0, 211, 211
1120974.3.peg.1411.site.20, 0, 210, 210
1120974.3.peg.1411.site.21, 0, 207, 207
1120974.3.peg.1411.site.22, 4, 213, 217
1120974.3.peg.1411.site.23, 4, 215, 219
1120974.3.peg.1410.site.1, 184, 214, 398
1120974.3.peg.1410.site.2, 44, 213, 257
1120974.3.peg.1410.site.3, 209, 212, 421
1120974.3.peg.1410.site.4, 50, 210, 260
1120974.3.peg.1410.site.5, 0, 215, 215
1120974.3.peg.1410.site.6, 3, 212, 215
1120974.3.peg.1410.site.7, 48, 212, 260
1120974.3.peg.1413.site.1, 2, 216, 218
1120974.3.peg.1413.site.2, 5, 215, 220
1120974.3.peg.1413.site.3, 2, 215, 217
1120974.3.peg.417.site.1, 0, 185, 185
1120974.3.peg.417.site.2, 14, 206, 220
1120974.3.peg.417.site.3, 16, 207, 223
1120974.3.peg.417.site.4, 16, 210, 226
1120974.3.peg.417.site.5, 16, 214, 230
1120974.3.peg.416.site.1, 136, 199, 335
1120974.3.peg.416.site.2, 3, 212, 215
1120974.3.peg.416.site.3, 4, 212, 216
1120974.3.peg.416.site.4, 0, 212, 212
1120974.3.peg.416.site.5, 207, 211, 418
1120974.3.peg.416.site.6, 113, 203, 316
1120974.3.peg.416.site.7, 9, 193, 202
1120974.3.peg.416.site.8, 2, 183, 185
1120974.3.peg.416.site.9, 1, 185, 186
1120974.3.peg.416.site.10, 45, 186, 231
1120974.3.peg.416.site.11, 22, 207, 229
1120974.3.peg.416.site.12, 209, 213, 422
1120974.3.peg.416.site.13, 26, 203, 229
1120974.3.peg.416.site.14, 2, 206, 208
1120974.3.peg.416.site.15, 1, 198, 199
1120974.3.peg.416.site.16, 12, 193, 205
1120974.3.peg.416.site.17, 13, 206, 219
1120974.3.peg.416.site.18, 14, 206, 220
1120974.3.peg.416.site.19, 0, 213, 213
1120974.3.peg.416.site.20, 15, 214, 229
1120974.3.peg.416.site.21, 0, 205, 205
1120974.3.peg.416.site.22, 131, 140, 271
1120974.3.peg.416.site.23, 4, 195, 199
1120974.3.peg.416.site.24, 5, 201, 206
1120974.3.peg.416.site.25, 0, 198, 198
1120974.3.peg.416.site.26, 2, 213, 215
1120974.3.peg.416.site.27, 212, 216, 428
1120974.3.peg.416.site.28, 0, 215, 215
1120974.3.peg.416.site.29, 142, 213, 355
1120974.3.peg.416.site.30, 3, 216, 219
1120974.3.peg.415.site.1, 41, 209, 250
1120974.3.peg.415.site.2, 0, 211, 211
1120974.3.peg.415.site.3, 2, 211, 213
1120974.3.peg.415.site.4, 0, 211, 211
1120974.3.peg.415.site.5, 38, 211, 249
1120974.3.peg.415.site.6, 206, 210, 416
1120974.3.peg.415.site.7, 148, 207, 355
1120974.3.peg.415.site.8, 4, 208, 212
1120974.3.peg.415.site.9, 104, 206, 310
1120974.3.peg.415.site.10, 17, 192, 209
1120974.3.peg.415.site.11, 17, 192, 209
1120974.3.peg.415.site.12, 4, 208, 212
1120974.3.peg.415.site.13, 5, 209, 214
1120974.3.peg.415.site.14, 0, 210, 210
1120974.3.peg.415.site.15, 0, 210, 210
1120974.3.peg.415.site.16, 2, 210, 212
1120974.3.peg.415.site.17, 0, 209, 209
1120974.3.peg.1415.site.1, 165, 205, 370
1120974.3.peg.1415.site.2, 168, 207, 375
1120974.3.peg.1415.site.3, 142, 184, 326
1120974.3.peg.1415.site.4, 95, 138, 233
1120974.3.peg.1415.site.5, 173, 212, 385
1120974.3.peg.1415.site.6, 6, 216, 222
1120974.3.peg.1415.site.7, 0, 216, 216
1120974.3.peg.1415.site.8, 171, 212, 383
1120974.3.peg.1415.site.9, 2, 215, 217
1120974.3.peg.1415.site.10, 169, 212, 381
1120974.3.peg.1415.site.11, 5, 215, 220
1120974.3.peg.1415.site.12, 192, 215, 407
1120974.3.peg.1415.site.13, 195, 214, 409
1120974.3.peg.419.site.1, 16, 214, 230
1120974.3.peg.419.site.2, 148, 211, 359
1120974.3.peg.419.site.3, 155, 209, 364
1120974.3.peg.419.site.4, 193, 209, 402
1120974.3.peg.419.site.5, 38, 212, 250
1120974.3.peg.419.site.6, 19, 213, 232
1120974.3.peg.419.site.7, 23, 211, 234
1120974.3.peg.419.site.8, 10, 209, 219
1120974.3.peg.419.site.9, 0, 213, 213
1120974.3.peg.419.site.10, 0, 213, 213
1120974.3.peg.419.site.11, 6, 202, 208
1120974.3.peg.419.site.12, 130, 195, 325
1120974.3.peg.419.site.13, 97, 180, 277
1120974.3.peg.419.site.14, 7, 173, 180
1120974.3.peg.419.site.15, 3, 168, 171
1120974.3.peg.1414.site.1, 1, 216, 217
1120974.3.peg.1414.site.2, 200, 213, 413
1120974.3.peg.1414.site.3, 0, 211, 211
1120974.3.peg.1414.site.4, 0, 214, 214
1120974.3.peg.1414.site.5, 7, 215, 222
1120974.3.peg.1414.site.6, 8, 215, 223
1120974.3.peg.1414.site.7, 12, 215, 227
1120974.3.peg.1414.site.8, 192, 212, 404
1120974.3.peg.1414.site.9, 4, 213, 217
1120974.3.peg.1414.site.10, 192, 211, 403
1120974.3.peg.1414.site.11, 165, 214, 379
1120974.3.peg.1414.site.12, 4, 215, 219
1120974.3.peg.1414.site.13, 1, 187, 188
1120974.3.peg.1414.site.14, 164, 185, 349
1120974.3.peg.1414.site.15, 4, 194, 198
1120974.3.peg.1414.site.16, 2, 207, 209
1120974.3.peg.1414.site.17, 2, 202, 204
1120974.3.peg.1414.site.18, 8, 198, 206
1120974.3.peg.1417.site.1, 0, 214, 214
1120974.3.peg.1417.site.2, 0, 214, 214
1120974.3.peg.1417.site.3, 150, 206, 356
1120974.3.peg.1417.site.4, 1, 209, 210
1120974.3.peg.1417.site.5, 0, 214, 214
1120974.3.peg.1417.site.6, 0, 215, 215
1120974.3.peg.1417.site.7, 0, 215, 215
1120974.3.peg.1417.site.8, 157, 210, 367
1120974.3.peg.1417.site.9, 4, 215, 219
1120974.3.peg.1417.site.10, 164, 213, 377
1120974.3.peg.1417.site.11, 184, 214, 398
1120974.3.peg.1417.site.12, 184, 213, 397
1120974.3.peg.1417.site.13, 0, 215, 215
1120974.3.peg.1417.site.14, 0, 214, 214
1120974.3.peg.1538.site.1, 25, 212, 237
1120974.3.peg.1538.site.2, 70, 209, 279
1120974.3.peg.1538.site.3, 70, 210, 280
1120974.3.peg.1538.site.4, 69, 208, 277
1120974.3.peg.1538.site.5, 70, 209, 279
1120974.3.peg.1538.site.6, 212, 212, 424
1120974.3.peg.1538.site.7, 99, 205, 304
1120974.3.peg.1538.site.8, 72, 209, 281
1120974.3.peg.1538.site.9, 196, 199, 395
1120974.3.peg.1538.site.10, 143, 174, 317
1120974.3.peg.1538.site.11, 161, 161, 322
1120974.3.peg.1538.site.12, 157, 177, 334
1120974.3.peg.1538.site.13, 0, 216, 216
1120974.3.peg.1538.site.14, 6, 214, 220
1120974.3.peg.1538.site.15, 180, 211, 391
1120974.3.peg.1538.site.16, 3, 191, 194
1120974.3.peg.1538.site.17, 0, 198, 198
1120974.3.peg.1538.site.18, 37, 162, 199
1120974.3.peg.1538.site.19, 46, 206, 252
1120974.3.peg.1538.site.20, 1, 208, 209
1120974.3.peg.1538.site.21, 1, 50, 51
1120974.3.peg.1538.site.22, 2, 20, 22
1120974.3.peg.1538.site.23, 1, 4, 5
1120974.3.peg.1538.site.24, 1, 5, 6
1120974.3.peg.1538.site.25, 1, 6, 7
1120974.3.peg.1538.site.26, 4, 9, 13
1120974.3.peg.1538.site.27, 8, 16, 24
1120974.3.peg.1538.site.28, 4, 44, 48
1120974.3.peg.1538.site.29, 58, 136, 194
1120974.3.peg.1538.site.30, 63, 150, 213
1120974.3.peg.1538.site.31, 54, 159, 213
1120974.3.peg.1538.site.32, 15, 153, 168
1120974.3.peg.1538.site.33, 45, 153, 198
1120974.3.peg.1538.site.34, 0, 147, 147
1120974.3.peg.1538.site.35, 1, 146, 147
1120974.3.peg.1538.site.36, 79, 140, 219
1120974.3.peg.1538.site.37, 17, 126, 143
1120974.3.peg.1538.site.38, 17, 122, 139
1120974.3.peg.1538.site.39, 78, 105, 183
1120974.3.peg.1538.site.40, 129, 170, 299
1120974.3.peg.1538.site.41, 9, 210, 219
1120974.3.peg.1538.site.42, 166, 208, 374
1120974.3.peg.1538.site.43, 204, 215, 419
1120974.3.peg.1538.site.44, 0, 215, 215
1120974.3.peg.1538.site.45, 174, 212, 386
1120974.3.peg.1538.site.46, 174, 212, 386
1120974.3.peg.1538.site.47, 176, 215, 391
1120974.3.peg.1539.site.1, 0, 214, 214
1120974.3.peg.1539.site.2, 0, 213, 213
1120974.3.peg.1539.site.3, 0, 214, 214
1120974.3.peg.1539.site.4, 1, 214, 215
1120974.3.peg.1539.site.5, 32, 206, 238
1120974.3.peg.1539.site.6, 13, 139, 152
1120974.3.peg.1539.site.7, 10, 134, 144
1120974.3.peg.1539.site.8, 11, 138, 149
1120974.3.peg.1539.site.9, 6, 121, 127
1120974.3.peg.1539.site.10, 23, 130, 153
1120974.3.peg.1539.site.11, 12, 164, 176
1120974.3.peg.1539.site.12, 1, 153, 154
1120974.3.peg.1539.site.13, 151, 151, 302
1120974.3.peg.1539.site.14, 0, 147, 147
1120974.3.peg.1539.site.15, 0, 158, 158
1120974.3.peg.1539.site.16, 0, 170, 170
1120974.3.peg.1539.site.17, 9, 163, 172
1120974.3.peg.1539.site.18, 21, 59, 80
1120974.3.peg.1539.site.19, 15, 54, 69
1120974.3.peg.1539.site.20, 20, 60, 80
1120974.3.peg.1539.site.21, 20, 59, 79
1120974.3.peg.1539.site.22, 9, 71, 80
1120974.3.peg.1539.site.23, 54, 61, 115
1120974.3.peg.1539.site.24, 5, 44, 49
1120974.3.peg.1539.site.25, 6, 43, 49
1120974.3.peg.1539.site.26, 97, 97, 194
1120974.3.peg.1539.site.27, 37, 78, 115
1120974.3.peg.1539.site.28, 0, 82, 82
1120974.3.peg.1539.site.29, 28, 68, 96
1120974.3.peg.1539.site.30, 23, 63, 86
1120974.3.peg.1539.site.31, 50, 90, 140
1120974.3.peg.1539.site.32, 31, 162, 193
1120974.3.peg.1539.site.33, 173, 213, 386
1120974.3.peg.1820.site.1, 0, 212, 212
1120974.3.peg.1820.site.2, 75, 207, 282
1120974.3.peg.1820.site.3, 5, 210, 215
1120974.3.peg.1820.site.4, 3, 211, 214
1120974.3.peg.1820.site.5, 1, 210, 211
1120974.3.peg.1820.site.6, 40, 209, 249
1120974.3.peg.1820.site.7, 78, 212, 290
1120974.3.peg.1820.site.8, 70, 212, 282
1120974.3.peg.1820.site.9, 78, 213, 291
1120974.3.peg.1820.site.10, 70, 211, 281
1120974.3.peg.1820.site.11, 3, 214, 217
1120974.3.peg.1820.site.12, 3, 213, 216
1120974.3.peg.1820.site.13, 72, 211, 283
1120974.3.peg.1820.site.14, 0, 212, 212
1120974.3.peg.1820.site.15, 204, 211, 415
1120974.3.peg.1820.site.16, 0, 209, 209
1120974.3.peg.1820.site.17, 0, 204, 204
1120974.3.peg.1820.site.18, 190, 213, 403
1120974.3.peg.1820.site.19, 207, 214, 421
1120974.3.peg.1820.site.20, 5, 213, 218
1120974.3.peg.1820.site.21, 1, 211, 212
1120974.3.peg.1820.site.22, 150, 209, 359
1120974.3.peg.1820.site.23, 94, 177, 271
1120974.3.peg.1820.site.24, 136, 143, 279
1120974.3.peg.1820.site.25, 128, 135, 263
1120974.3.peg.1820.site.26, 68, 128, 196
1120974.3.peg.1820.site.27, 67, 126, 193
1120974.3.peg.1820.site.28, 20, 211, 231
1120974.3.peg.1820.site.29, 187, 210, 397
1120974.3.peg.1820.site.30, 188, 210, 398
1120974.3.peg.1533.site.1, 0, 216, 216
1120974.3.peg.1533.site.2, 8, 215, 223
1120974.3.peg.1533.site.3, 108, 211, 319
1120974.3.peg.1533.site.4, 5, 215, 220
1120974.3.peg.1533.site.5, 1, 200, 201
1120974.3.peg.1533.site.6, 94, 193, 287
1120974.3.peg.1533.site.7, 1, 200, 201
1120974.3.peg.1533.site.8, 94, 199, 293
1120974.3.peg.1533.site.9, 85, 207, 292
1120974.3.peg.1533.site.10, 95, 205, 300
1120974.3.peg.1533.site.11, 85, 198, 283
1120974.3.peg.1533.site.12, 4, 209, 213
1120974.3.peg.1533.site.13, 3, 214, 217
1120974.3.peg.1533.site.14, 0, 216, 216
1120974.3.peg.1533.site.15, 97, 211, 308
1120974.3.peg.1533.site.16, 97, 211, 308
1120974.3.peg.1533.site.17, 4, 216, 220
1120974.3.peg.1533.site.18, 4, 215, 219
1120974.3.peg.1533.site.19, 1, 215, 216
1120974.3.peg.1533.site.20, 0, 214, 214
1120974.3.peg.1533.site.21, 0, 214, 214
1120974.3.peg.1533.site.22, 181, 210, 391
1120974.3.peg.1533.site.23, 198, 214, 412
1120974.3.peg.1533.site.24, 13, 211, 224
1120974.3.peg.1533.site.25, 6, 215, 221
1120974.3.peg.1533.site.26, 185, 213, 398
1120974.3.peg.1533.site.27, 186, 214, 400
1120974.3.peg.1822.site.1, 3, 21, 24
1120974.3.peg.1822.site.2, 7, 140, 147
1120974.3.peg.1822.site.3, 125, 126, 251
1120974.3.peg.1822.site.4, 106, 125, 231
1120974.3.peg.1822.site.5, 4, 127, 131
1120974.3.peg.1822.site.6, 11, 127, 138
1120974.3.peg.1822.site.7, 2, 127, 129
1120974.3.peg.1822.site.8, 100, 129, 229
1120974.3.peg.1822.site.9, 8, 136, 144
1120974.3.peg.1822.site.10, 124, 148, 272
1120974.3.peg.1822.site.11, 47, 172, 219
1120974.3.peg.1822.site.12, 2, 208, 210
1120974.3.peg.1824.site.1, 5, 29, 34
1120974.3.peg.1824.site.2, 3, 29, 32
1120974.3.peg.1824.site.3, 2, 29, 31
1120974.3.peg.1824.site.4, 9, 35, 44
1120974.3.peg.1824.site.5, 25, 50, 75
1120974.3.peg.1824.site.6, 57, 82, 139
1120974.3.peg.1824.site.7, 191, 205, 396
1120974.3.peg.1824.site.8, 182, 203, 385
1120974.3.peg.1824.site.9, 1, 176, 177
1120974.3.peg.1537.site.1, 172, 211, 383
1120974.3.peg.1537.site.2, 162, 210, 372
1120974.3.peg.1537.site.3, 1, 215, 216
1120974.3.peg.1537.site.4, 1, 214, 215
1120974.3.peg.1537.site.5, 1, 214, 215
1120974.3.peg.1537.site.6, 0, 213, 213
1120974.3.peg.1537.site.7, 19, 212, 231
1120974.3.peg.1537.site.8, 182, 213, 395
1120974.3.peg.1537.site.9, 19, 212, 231
1120974.3.peg.1537.site.10, 126, 212, 338
1120974.3.peg.1537.site.11, 91, 210, 301
1120974.3.peg.1537.site.12, 91, 203, 294
1120974.3.peg.1534.site.1, 0, 216, 216
1120974.3.peg.1534.site.2, 1, 216, 217
1120974.3.peg.1534.site.3, 210, 214, 424
1120974.3.peg.1534.site.4, 46, 76, 122
1120974.3.peg.1534.site.5, 33, 63, 96
1120974.3.peg.1534.site.6, 16, 45, 61
1120974.3.peg.1534.site.7, 1, 34, 35
1120974.3.peg.1534.site.8, 94, 120, 214
1120974.3.peg.1534.site.9, 125, 145, 270
1120974.3.peg.1534.site.10, 116, 130, 246
1120974.3.peg.1534.site.11, 38, 113, 151
1120974.3.peg.1534.site.12, 50, 80, 130
1120974.3.peg.1534.site.13, 4, 32, 36
1120974.3.peg.1534.site.14, 29, 50, 79
1120974.3.peg.1534.site.15, 68, 99, 167
1120974.3.peg.1534.site.16, 6, 112, 118
1120974.3.peg.1534.site.17, 96, 173, 269
1120974.3.peg.1534.site.18, 204, 208, 412
1120974.3.peg.1534.site.19, 99, 206, 305
1120974.3.peg.1534.site.20, 209, 213, 422
1120974.3.peg.1534.site.21, 105, 210, 315
1120974.3.peg.1534.site.22, 12, 211, 223
1120974.3.peg.1626.site.1, 13, 202, 215
1120974.3.peg.1626.site.2, 43, 100, 143
1120974.3.peg.1626.site.3, 41, 99, 140
1120974.3.peg.1626.site.4, 124, 178, 302
1120974.3.peg.1626.site.5, 153, 209, 362
1120974.3.peg.1626.site.6, 140, 209, 349
1120974.3.peg.1626.site.7, 23, 214, 237
1120974.3.peg.1626.site.8, 9, 214, 223
1120974.3.peg.1626.site.9, 164, 212, 376
1120974.3.peg.1626.site.10, 4, 215, 219
1120974.3.peg.1626.site.11, 194, 213, 407
1120974.3.peg.1626.site.12, 141, 210, 351
1120974.3.peg.1626.site.13, 8, 58, 66
1120974.3.peg.1626.site.14, 6, 56, 62
1120974.3.peg.1626.site.15, 0, 210, 210
1120974.3.peg.1626.site.16, 1, 212, 213
1120974.3.peg.1626.site.17, 0, 212, 212
1120974.3.peg.1626.site.18, 143, 210, 353
1120974.3.peg.1626.site.19, 165, 211, 376
1120974.3.peg.1626.site.20, 1, 214, 215
1120974.3.peg.1626.site.21, 45, 212, 257
1120974.3.peg.1626.site.22, 1, 203, 204
1120974.3.peg.1626.site.23, 6, 196, 202
1120974.3.peg.1626.site.24, 163, 185, 348
1120974.3.peg.1626.site.25, 3, 195, 198
1120974.3.peg.1626.site.26, 4, 198, 202
1120974.3.peg.1626.site.27, 42, 211, 253
1120974.3.peg.1626.site.28, 0, 178, 178
1120974.3.peg.1627.site.1, 184, 211, 395
1120974.3.peg.1627.site.2, 1, 215, 216
1120974.3.peg.1627.site.3, 0, 215, 215
1120974.3.peg.1627.site.4, 129, 209, 338
1120974.3.peg.1627.site.5, 0, 213, 213
1120974.3.peg.1627.site.6, 92, 211, 303
1120974.3.peg.1627.site.7, 0, 215, 215
1120974.3.peg.1627.site.8, 114, 209, 323
1120974.3.peg.1627.site.9, 7, 214, 221
1120974.3.peg.1627.site.10, 128, 212, 340
1120974.3.peg.1627.site.11, 74, 211, 285
1120974.3.peg.1627.site.12, 22, 214, 236
1120974.3.peg.1627.site.13, 0, 216, 216
1120974.3.peg.1627.site.14, 113, 209, 322
1120974.3.peg.1627.site.15, 0, 215, 215
1120974.3.peg.1627.site.16, 78, 208, 286
1120974.3.peg.1627.site.17, 0, 215, 215
1120974.3.peg.1627.site.18, 22, 213, 235
1120974.3.peg.1627.site.19, 2, 215, 217
1120974.3.peg.1627.site.20, 22, 213, 235
1120974.3.peg.1627.site.21, 216, 216, 432
1120974.3.peg.1627.site.22, 212, 215, 427
1120974.3.peg.1627.site.23, 155, 213, 368
1120974.3.peg.1627.site.24, 155, 214, 369
1120974.3.peg.1627.site.25, 0, 215, 215
1120974.3.peg.1627.site.26, 146, 206, 352
1120974.3.peg.1624.site.1, 158, 203, 361
1120974.3.peg.1624.site.2, 161, 205, 366
1120974.3.peg.1624.site.3, 8, 58, 66
1120974.3.peg.1624.site.4, 6, 56, 62
1120974.3.peg.1624.site.5, 161, 210, 371
1120974.3.peg.1624.site.6, 37, 84, 121
1120974.3.peg.1624.site.7, 25, 74, 99
1120974.3.peg.1624.site.8, 27, 77, 104
1120974.3.peg.1624.site.9, 48, 96, 144
1120974.3.peg.1624.site.10, 14, 162, 176
1120974.3.peg.1624.site.11, 0, 214, 214
1120974.3.peg.1624.site.12, 28, 213, 241
1120974.3.peg.1624.site.13, 136, 213, 349
1120974.3.peg.1624.site.14, 105, 149, 254
1120974.3.peg.1624.site.15, 96, 155, 251
1120974.3.peg.1624.site.16, 148, 191, 339
1120974.3.peg.1624.site.17, 18, 76, 94
1120974.3.peg.1624.site.18, 18, 62, 80
1120974.3.peg.1624.site.19, 3, 47, 50
1120974.3.peg.1624.site.20, 162, 204, 366
1120974.3.peg.1624.site.21, 76, 122, 198
1120974.3.peg.1624.site.22, 43, 84, 127
1120974.3.peg.1624.site.23, 25, 70, 95
1120974.3.peg.1624.site.24, 12, 60, 72
1120974.3.peg.1624.site.25, 6, 69, 75
1120974.3.peg.1624.site.26, 114, 171, 285
1120974.3.peg.1624.site.27, 148, 205, 353
1120974.3.peg.1624.site.28, 57, 213, 270
1120974.3.peg.1624.site.29, 18, 216, 234
1120974.3.peg.1624.site.30, 154, 210, 364
1120974.3.peg.1624.site.31, 165, 202, 367
1120974.3.peg.1624.site.32, 4, 73, 77
1120974.3.peg.1624.site.33, 37, 61, 98
1120974.3.peg.1624.site.34, 8, 64, 72
1120974.3.peg.1624.site.35, 9, 65, 74
1120974.3.peg.1624.site.36, 11, 67, 78
1120974.3.peg.1624.site.37, 38, 107, 145
1120974.3.peg.1624.site.38, 43, 108, 151
1120974.3.peg.1624.site.39, 19, 75, 94
1120974.3.peg.1624.site.40, 1, 57, 58
1120974.3.peg.1624.site.41, 1, 57, 58
1120974.3.peg.1624.site.42, 1, 62, 63
1120974.3.peg.1624.site.43, 22, 58, 80
1120974.3.peg.1624.site.44, 0, 58, 58
1120974.3.peg.1624.site.45, 2, 60, 62
1120974.3.peg.1624.site.46, 10, 68, 78
1120974.3.peg.1624.site.47, 37, 95, 132
1120974.3.peg.1624.site.48, 4, 61, 65
1120974.3.peg.1624.site.49, 0, 55, 55
1120974.3.peg.1624.site.50, 10, 57, 67
1120974.3.peg.1624.site.51, 89, 147, 236
1120974.3.peg.1622.site.1, 0, 202, 202
1120974.3.peg.1622.site.2, 125, 210, 335
1120974.3.peg.1622.site.3, 128, 209, 337
1120974.3.peg.1622.site.4, 2, 215, 217
1120974.3.peg.1622.site.5, 175, 214, 389
1120974.3.peg.1622.site.6, 0, 214, 214
1120974.3.peg.1622.site.7, 2, 216, 218
1120974.3.peg.1622.site.8, 186, 215, 401
1120974.3.peg.1622.site.9, 186, 215, 401
1120974.3.peg.1622.site.10, 75, 207, 282
1120974.3.peg.1622.site.11, 81, 210, 291
1120974.3.peg.1622.site.12, 80, 209, 289
1120974.3.peg.1622.site.13, 191, 215, 406
1120974.3.peg.1622.site.14, 82, 211, 293
1120974.3.peg.1622.site.15, 82, 211, 293
1120974.3.peg.1622.site.16, 0, 215, 215
1120974.3.peg.1622.site.17, 103, 211, 314
1120974.3.peg.1622.site.18, 123, 207, 330
1120974.3.peg.1622.site.19, 3, 211, 214
1120974.3.peg.1622.site.20, 5, 213, 218
1120974.3.peg.1622.site.21, 4, 206, 210
1120974.3.peg.1622.site.22, 1, 216, 217
1120974.3.peg.1622.site.23, 3, 215, 218
1120974.3.peg.1622.site.24, 0, 216, 216
1120974.3.peg.1622.site.25, 99, 211, 310
1120974.3.peg.1622.site.26, 12, 215, 227
1120974.3.peg.1622.site.27, 189, 216, 405
1120974.3.peg.1622.site.28, 82, 209, 291
1120974.3.peg.1622.site.29, 15, 214, 229
1120974.3.peg.1622.site.30, 3, 215, 218
1120974.3.peg.1622.site.31, 3, 215, 218
1120974.3.peg.1622.site.32, 81, 208, 289
1120974.3.peg.1622.site.33, 0, 215, 215
1120974.3.peg.1622.site.34, 3, 214, 217
1120974.3.peg.1622.site.35, 0, 208, 208
1120974.3.peg.1622.site.36, 97, 194, 291
1120974.3.peg.1622.site.37, 105, 201, 306
1120974.3.peg.1622.site.38, 211, 214, 425
1120974.3.peg.1622.site.39, 81, 207, 288
1120974.3.peg.1622.site.40, 0, 214, 214
1120974.3.peg.1622.site.41, 115, 211, 326
1120974.3.peg.1622.site.42, 1, 216, 217
1120974.3.peg.1622.site.43, 24, 216, 240
1120974.3.peg.1622.site.44, 7, 216, 223
1120974.3.peg.1622.site.45, 74, 211, 285
1120974.3.peg.1622.site.46, 76, 195, 271
1120974.3.peg.1622.site.47, 45, 160, 205
1120974.3.peg.1622.site.48, 17, 154, 171
1120974.3.peg.1622.site.49, 65, 198, 263
1120974.3.peg.1622.site.50, 73, 204, 277
1120974.3.peg.1622.site.51, 22, 210, 232
1120974.3.peg.1622.site.52, 4, 212, 216
1120974.3.peg.1622.site.53, 140, 209, 349
1120974.3.peg.1622.site.54, 4, 216, 220
1120974.3.peg.1622.site.55, 12, 212, 224
1120974.3.peg.1622.site.56, 18, 210, 228
1120974.3.peg.1622.site.57, 0, 213, 213
1120974.3.peg.1623.site.1, 18, 210, 228
1120974.3.peg.1623.site.2, 0, 214, 214
1120974.3.peg.1623.site.3, 193, 212, 405
1120974.3.peg.1623.site.4, 4, 216, 220
1120974.3.peg.1623.site.5, 11, 216, 227
1120974.3.peg.1623.site.6, 1, 215, 216
1120974.3.peg.1623.site.7, 0, 212, 212
1120974.3.peg.1623.site.8, 17, 211, 228
1120974.3.peg.1623.site.9, 7, 213, 220
1120974.3.peg.1623.site.10, 2, 216, 218
1120974.3.peg.1623.site.11, 2, 216, 218
1120974.3.peg.1623.site.12, 0, 215, 215
1120974.3.peg.1623.site.13, 0, 216, 216
1120974.3.peg.1623.site.14, 29, 211, 240
1120974.3.peg.1623.site.15, 2, 215, 217
1120974.3.peg.1623.site.16, 31, 210, 241
1120974.3.peg.1623.site.17, 19, 213, 232
1120974.3.peg.1623.site.18, 0, 210, 210
1120974.3.peg.1623.site.19, 11, 201, 212
1120974.3.peg.1623.site.20, 9, 202, 211
1120974.3.peg.1623.site.21, 8, 201, 209
1120974.3.peg.1623.site.22, 4, 200, 204
1120974.3.peg.1623.site.23, 0, 203, 203
1120974.3.peg.1623.site.24, 3, 202, 205
1120974.3.peg.1623.site.25, 10, 209, 219
1120974.3.peg.1623.site.26, 3, 212, 215
1120974.3.peg.1623.site.27, 8, 206, 214
1120974.3.peg.1623.site.28, 0, 211, 211
1120974.3.peg.1623.site.29, 121, 206, 327
1120974.3.peg.1623.site.30, 5, 203, 208
1120974.3.peg.1623.site.31, 126, 204, 330
1120974.3.peg.1623.site.32, 0, 195, 195
1120974.3.peg.1623.site.33, 125, 197, 322
1120974.3.peg.1623.site.34, 3, 200, 203
1120974.3.peg.1623.site.35, 4, 201, 205
1120974.3.peg.1623.site.36, 10, 205, 215
1120974.3.peg.1623.site.37, 54, 215, 269
1120974.3.peg.1623.site.38, 167, 213, 380
1120974.3.peg.1623.site.39, 46, 211, 257
1120974.3.peg.1623.site.40, 74, 213, 287
1120974.3.peg.1623.site.41, 41, 213, 254
1120974.3.peg.1623.site.42, 0, 215, 215
1120974.3.peg.1623.site.43, 41, 212, 253
1120974.3.peg.1623.site.44, 18, 108, 126
1120974.3.peg.1623.site.45, 16, 141, 157
1120974.3.peg.1623.site.46, 2, 184, 186
1120974.3.peg.1623.site.47, 11, 182, 193
1120974.3.peg.1623.site.48, 0, 188, 188
1120974.3.peg.1623.site.49, 21, 189, 210
1120974.3.peg.1623.site.50, 41, 212, 253
1120974.3.peg.1623.site.51, 12, 216, 228
1120974.3.peg.1623.site.52, 152, 210, 362
1120974.3.peg.1623.site.53, 156, 211, 367
1120974.3.peg.1623.site.54, 158, 212, 370
1120974.3.peg.1623.site.55, 0, 215, 215
1120974.3.peg.1623.site.56, 32, 213, 245
1120974.3.peg.1623.site.57, 26, 215, 241
1120974.3.peg.1623.site.58, 0, 216, 216
1120974.3.peg.1623.site.59, 202, 214, 416
1120974.3.peg.1623.site.60, 19, 213, 232
1120974.3.peg.1623.site.61, 170, 214, 384
1120974.3.peg.1623.site.62, 157, 214, 371
1120974.3.peg.1623.site.63, 4, 212, 216
1120974.3.peg.1623.site.64, 169, 212, 381
1120974.3.peg.1623.site.65, 146, 211, 357
1120974.3.peg.1623.site.66, 162, 204, 366
1120974.3.peg.1623.site.67, 164, 205, 369
1120974.3.peg.1623.site.68, 163, 203, 366
1120974.3.peg.1620.site.1, 114, 211, 325
1120974.3.peg.1620.site.2, 0, 214, 214
1120974.3.peg.1620.site.3, 1, 206, 207
1120974.3.peg.1620.site.4, 0, 214, 214
1120974.3.peg.1620.site.5, 69, 210, 279
1120974.3.peg.1620.site.6, 1, 215, 216
1120974.3.peg.1620.site.7, 0, 214, 214
1120974.3.peg.1620.site.8, 0, 215, 215
1120974.3.peg.1620.site.9, 1, 214, 215
1120974.3.peg.1620.site.10, 10, 214, 224
1120974.3.peg.1620.site.11, 176, 212, 388
1120974.3.peg.1620.site.12, 67, 214, 281
1120974.3.peg.1620.site.13, 0, 216, 216
1120974.3.peg.1620.site.14, 0, 215, 215
1120974.3.peg.1620.site.15, 0, 216, 216
1120974.3.peg.1620.site.16, 0, 215, 215
1120974.3.peg.1620.site.17, 0, 216, 216
1120974.3.peg.1620.site.18, 1, 215, 216
1120974.3.peg.1620.site.19, 0, 216, 216
1120974.3.peg.1620.site.20, 0, 214, 214
1120974.3.peg.1620.site.21, 6, 214, 220
1120974.3.peg.1620.site.22, 6, 213, 219
1120974.3.peg.1620.site.23, 80, 202, 282
1120974.3.peg.1620.site.24, 50, 83, 133
1120974.3.peg.1620.site.25, 46, 79, 125
1120974.3.peg.1620.site.26, 4, 78, 82
1120974.3.peg.1620.site.27, 19, 52, 71
1120974.3.peg.1620.site.28, 6, 35, 41
1120974.3.peg.1620.site.29, 9, 39, 48
1120974.3.peg.1620.site.30, 28, 63, 91
1120974.3.peg.1620.site.31, 48, 81, 129
1120974.3.peg.1620.site.32, 110, 141, 251
1120974.3.peg.1620.site.33, 11, 212, 223
1120974.3.peg.1620.site.34, 40, 159, 199
1120974.3.peg.1620.site.35, 31, 153, 184
1120974.3.peg.1620.site.36, 18, 173, 191
1120974.3.peg.1620.site.37, 0, 209, 209
1120974.3.peg.1620.site.38, 0, 212, 212
1120974.3.peg.1620.site.39, 4, 209, 213
1120974.3.peg.1620.site.40, 20, 210, 230
1120974.3.peg.1620.site.41, 5, 212, 217
1120974.3.peg.1620.site.42, 5, 215, 220
1120974.3.peg.1620.site.43, 0, 215, 215
1120974.3.peg.1620.site.44, 171, 214, 385
1120974.3.peg.1620.site.45, 0, 216, 216
1120974.3.peg.1620.site.46, 171, 213, 384
1120974.3.peg.1620.site.47, 171, 214, 385
1120974.3.peg.1620.site.48, 80, 214, 294
1120974.3.peg.1620.site.49, 79, 213, 292
1120974.3.peg.1620.site.50, 0, 216, 216
1120974.3.peg.1620.site.51, 1, 216, 217
1120974.3.peg.1620.site.52, 4, 213, 217
1120974.3.peg.1621.site.1, 4, 216, 220
1120974.3.peg.1621.site.2, 10, 216, 226
1120974.3.peg.1621.site.3, 2, 214, 216
1120974.3.peg.1621.site.4, 0, 212, 212
1120974.3.peg.1621.site.5, 0, 211, 211
1120974.3.peg.1621.site.6, 0, 211, 211
1120974.3.peg.1621.site.7, 1, 212, 213
1120974.3.peg.1621.site.8, 3, 215, 218
1120974.3.peg.1621.site.9, 9, 215, 224
1120974.3.peg.1621.site.10, 128, 211, 339
1120974.3.peg.1621.site.11, 4, 215, 219
1120974.3.peg.1621.site.12, 1, 216, 217
1120974.3.peg.1621.site.13, 1, 215, 216
1120974.3.peg.1621.site.14, 127, 212, 339
1120974.3.peg.1621.site.15, 127, 213, 340
1120974.3.peg.1621.site.16, 127, 212, 339
1120974.3.peg.1621.site.17, 119, 210, 329
1120974.3.peg.1621.site.18, 52, 215, 267
1120974.3.peg.1621.site.19, 128, 214, 342
1120974.3.peg.1628.site.1, 101, 143, 244
1120974.3.peg.1628.site.2, 137, 153, 290
1120974.3.peg.1628.site.3, 28, 63, 91
1120974.3.peg.1628.site.4, 128, 198, 326
1120974.3.peg.1628.site.5, 125, 208, 333
1120974.3.peg.1628.site.6, 0, 210, 210
1120974.3.peg.1628.site.7, 50, 209, 259
1120974.3.peg.1628.site.8, 177, 208, 385
1120974.3.peg.1628.site.9, 174, 208, 382
1120974.3.peg.1628.site.10, 173, 206, 379
1120974.3.peg.1628.site.11, 173, 206, 379
1120974.3.peg.1628.site.12, 174, 207, 381
1120974.3.peg.1628.site.13, 4, 216, 220
1120974.3.peg.1628.site.14, 0, 215, 215
1120974.3.peg.1628.site.15, 1, 216, 217
1120974.3.peg.1628.site.16, 5, 216, 221
1120974.3.peg.1628.site.17, 3, 214, 217
1120974.3.peg.1628.site.18, 1, 211, 212
1120974.3.peg.1628.site.19, 86, 203, 289
1120974.3.peg.1628.site.20, 136, 205, 341
1120974.3.peg.1628.site.21, 10, 209, 219
1120974.3.peg.1628.site.22, 0, 209, 209
1120974.3.peg.1628.site.23, 6, 209, 215
1120974.3.peg.1628.site.24, 0, 209, 209
1120974.3.peg.1628.site.25, 169, 205, 374
1120974.3.peg.1629.site.1, 1, 210, 211
1120974.3.peg.1629.site.2, 168, 204, 372
1120974.3.peg.1629.site.3, 169, 206, 375
1120974.3.peg.1629.site.4, 188, 204, 392
1120974.3.peg.1629.site.5, 36, 207, 243
1120974.3.peg.1629.site.6, 36, 207, 243
1120974.3.peg.1629.site.7, 168, 201, 369
1120974.3.peg.1629.site.8, 209, 209, 418
1120974.3.peg.1629.site.9, 0, 207, 207
1120974.3.peg.1629.site.10, 1, 208, 209
1120974.3.peg.1629.site.11, 34, 205, 239
1120974.3.peg.1629.site.12, 188, 204, 392
1120974.3.peg.1629.site.13, 9, 208, 217
1120974.3.peg.1629.site.14, 2, 210, 212
1120974.3.peg.1629.site.15, 3, 214, 217
1120974.3.peg.1629.site.16, 4, 215, 219
1120974.3.peg.1629.site.17, 0, 212, 212
1120974.3.peg.1629.site.18, 173, 208, 381
1120974.3.peg.1629.site.19, 183, 210, 393
1120974.3.peg.1629.site.20, 0, 211, 211
1120974.3.peg.1629.site.21, 3, 211, 214
1120974.3.peg.1629.site.22, 167, 205, 372
1120974.3.peg.1629.site.23, 95, 116, 211
1120974.3.peg.1629.site.24, 94, 104, 198
1120974.3.peg.1629.site.25, 16, 38, 54
1120974.3.peg.1629.site.26, 5, 26, 31
1120974.3.peg.1629.site.27, 5, 26, 31
1120974.3.peg.1629.site.28, 1, 65, 66
1120974.3.peg.1629.site.29, 95, 105, 200
1120974.3.peg.1629.site.30, 169, 190, 359
1120974.3.peg.1629.site.31, 0, 202, 202
1120974.3.peg.1629.site.32, 36, 205, 241
1120974.3.peg.1629.site.33, 19, 210, 229
1120974.3.peg.1629.site.34, 16, 211, 227
1120974.3.peg.1629.site.35, 18, 201, 219
1120974.3.peg.1629.site.36, 17, 194, 211
1120974.3.peg.1629.site.37, 1, 193, 194
1120974.3.peg.1629.site.38, 7, 198, 205
1120974.3.peg.1629.site.39, 8, 198, 206
1120974.3.peg.1629.site.40, 0, 212, 212
1120974.3.peg.1629.site.41, 0, 212, 212
1120974.3.peg.1629.site.42, 1, 211, 212
1120974.3.peg.1629.site.43, 2, 212, 214
1120974.3.peg.1629.site.44, 38, 206, 244
1120974.3.peg.1629.site.45, 36, 207, 243
1120974.3.peg.1629.site.46, 0, 201, 201
1120974.3.peg.1629.site.47, 3, 191, 194
1120974.3.peg.1629.site.48, 1, 190, 191
1120974.3.peg.1629.site.49, 10, 187, 197
1120974.3.peg.1629.site.50, 1, 212, 213
1120974.3.peg.1629.site.51, 212, 212, 424
1120974.3.peg.1629.site.52, 208, 210, 418
1120974.3.peg.1629.site.53, 0, 211, 211
1120974.3.peg.1629.site.54, 4, 216, 220
1120974.3.peg.1629.site.55, 4, 216, 220
1120974.3.peg.1629.site.56, 4, 216, 220
1120974.3.peg.1629.site.57, 4, 216, 220
1120974.3.peg.1629.site.58, 4, 216, 220
1120974.3.peg.1629.site.59, 4, 216, 220
1120974.3.peg.1629.site.60, 4, 216, 220
1120974.3.peg.1629.site.61, 2, 212, 214
1120974.3.peg.1629.site.62, 2, 208, 210
1120974.3.peg.1629.site.63, 11, 210, 221
1120974.3.peg.1629.site.64, 35, 210, 245
1120974.3.peg.1629.site.65, 33, 210, 243
1120974.3.peg.1629.site.66, 14, 214, 228
1120974.3.peg.1629.site.67, 42, 214, 256
1120974.3.peg.1629.site.68, 90, 211, 301
1120974.3.peg.1629.site.69, 114, 208, 322
1120974.3.peg.1629.site.70, 0, 211, 211
1120974.3.peg.1629.site.71, 113, 207, 320
1120974.3.peg.1629.site.72, 1, 211, 212
1120974.3.peg.1629.site.73, 2, 214, 216
1120974.3.peg.1629.site.74, 2, 214, 216
1120974.3.peg.1629.site.75, 1, 212, 213
1120974.3.peg.1629.site.76, 43, 210, 253
1120974.3.peg.1629.site.77, 0, 213, 213
1120974.3.peg.1629.site.78, 1, 212, 213
1120974.3.peg.1758.site.1, 117, 209, 326
1120974.3.peg.1758.site.2, 29, 215, 244
1120974.3.peg.1758.site.3, 39, 212, 251
1120974.3.peg.1758.site.4, 0, 213, 213
1120974.3.peg.1758.site.5, 0, 212, 212
1120974.3.peg.1758.site.6, 0, 210, 210
1120974.3.peg.1758.site.7, 1, 214, 215
1120974.3.peg.1758.site.8, 4, 213, 217
1120974.3.peg.1758.site.9, 1, 214, 215
1120974.3.peg.1758.site.10, 0, 211, 211
1120974.3.peg.1758.site.11, 0, 213, 213
1120974.3.peg.1758.site.12, 38, 214, 252
1120974.3.peg.1759.site.1, 172, 214, 386
1120974.3.peg.1759.site.2, 4, 215, 219
1120974.3.peg.1759.site.3, 4, 216, 220
1120974.3.peg.1759.site.4, 4, 216, 220
1120974.3.peg.1759.site.5, 1, 214, 215
1120974.3.peg.1759.site.6, 11, 206, 217
1120974.3.peg.1759.site.7, 133, 210, 343
1120974.3.peg.1759.site.8, 0, 215, 215
1120974.3.peg.1759.site.9, 137, 209, 346
1120974.3.peg.1759.site.10, 4, 215, 219
1120974.3.peg.1759.site.11, 135, 211, 346
1120974.3.peg.1759.site.12, 189, 214, 403
1120974.3.peg.1759.site.13, 138, 210, 348
1120974.3.peg.1759.site.14, 125, 199, 324
1120974.3.peg.1759.site.15, 0, 206, 206
1120974.3.peg.1759.site.16, 0, 170, 170
1120974.3.peg.1759.site.17, 0, 152, 152
1120974.3.peg.1759.site.18, 68, 131, 199
1120974.3.peg.1756.site.1, 154, 207, 361
1120974.3.peg.1756.site.2, 157, 210, 367
1120974.3.peg.1756.site.3, 147, 200, 347
1120974.3.peg.1756.site.4, 84, 204, 288
1120974.3.peg.1756.site.5, 4, 204, 208
1120974.3.peg.1756.site.6, 97, 199, 296
1120974.3.peg.1756.site.7, 0, 208, 208
1120974.3.peg.1756.site.8, 202, 213, 415
1120974.3.peg.1756.site.9, 1, 207, 208
1120974.3.peg.1756.site.10, 13, 204, 217
1120974.3.peg.1756.site.11, 83, 211, 294
1120974.3.peg.1756.site.12, 190, 211, 401
1120974.3.peg.1756.site.13, 3, 213, 216
1120974.3.peg.1756.site.14, 10, 209, 219
1120974.3.peg.1756.site.15, 36, 204, 240
1120974.3.peg.1756.site.16, 40, 207, 247
1120974.3.peg.1756.site.17, 4, 210, 214
1120974.3.peg.1756.site.18, 9, 211, 220
1120974.3.peg.1756.site.19, 38, 200, 238
1120974.3.peg.1756.site.20, 0, 206, 206
1120974.3.peg.1756.site.21, 1, 215, 216
1120974.3.peg.1756.site.22, 35, 203, 238
1120974.3.peg.1756.site.23, 0, 206, 206
1120974.3.peg.1756.site.24, 197, 199, 396
1120974.3.peg.1756.site.25, 156, 175, 331
1120974.3.peg.1756.site.26, 1, 90, 91
1120974.3.peg.1757.site.1, 25, 38, 63
1120974.3.peg.1757.site.2, 25, 43, 68
1120974.3.peg.1757.site.3, 0, 198, 198
1120974.3.peg.1757.site.4, 1, 208, 209
1120974.3.peg.1757.site.5, 1, 208, 209
1120974.3.peg.1757.site.6, 2, 213, 215
1120974.3.peg.1757.site.7, 4, 214, 218
1120974.3.peg.1757.site.8, 60, 201, 261
1120974.3.peg.1757.site.9, 10, 209, 219
1120974.3.peg.1757.site.10, 204, 204, 408
1120974.3.peg.1757.site.11, 216, 216, 432
1120974.3.peg.1757.site.12, 4, 215, 219
1120974.3.peg.1757.site.13, 112, 207, 319
1120974.3.peg.1757.site.14, 130, 209, 339
1120974.3.peg.1757.site.15, 0, 209, 209
1120974.3.peg.1757.site.16, 94, 112, 206
1120974.3.peg.1757.site.17, 95, 116, 211
1120974.3.peg.1757.site.18, 116, 169, 285
1120974.3.peg.1757.site.19, 0, 213, 213
1120974.3.peg.1757.site.20, 0, 215, 215
1120974.3.peg.1757.site.21, 194, 211, 405
1120974.3.peg.1757.site.22, 0, 213, 213
1120974.3.peg.1757.site.23, 195, 212, 407
1120974.3.peg.1757.site.24, 0, 216, 216
1120974.3.peg.1757.site.25, 4, 216, 220
1120974.3.peg.1757.site.26, 1, 215, 216
1120974.3.peg.1757.site.27, 0, 216, 216
1120974.3.peg.1757.site.28, 206, 215, 421
1120974.3.peg.1757.site.29, 204, 213, 417
1120974.3.peg.1754.site.1, 6, 216, 222
1120974.3.peg.1754.site.2, 0, 215, 215
1120974.3.peg.1754.site.3, 2, 216, 218
1120974.3.peg.1754.site.4, 180, 207, 387
1120974.3.peg.1754.site.5, 0, 209, 209
1120974.3.peg.1754.site.6, 0, 206, 206
1120974.3.peg.1754.site.7, 0, 208, 208
1120974.3.peg.1754.site.8, 0, 211, 211
1120974.3.peg.1754.site.9, 4, 208, 212
1120974.3.peg.1754.site.10, 4, 210, 214
1120974.3.peg.1754.site.11, 11, 33, 44
1120974.3.peg.1754.site.12, 14, 44, 58
1120974.3.peg.1754.site.13, 5, 49, 54
1120974.3.peg.1754.site.14, 34, 58, 92
1120974.3.peg.1754.site.15, 1, 69, 70
1120974.3.peg.1754.site.16, 7, 92, 99
1120974.3.peg.1754.site.17, 97, 121, 218
1120974.3.peg.1754.site.18, 97, 127, 224
1120974.3.peg.1754.site.19, 93, 122, 215
1120974.3.peg.1754.site.20, 3, 35, 38
1120974.3.peg.1754.site.21, 14, 33, 47
1120974.3.peg.1754.site.22, 2, 35, 37
1120974.3.peg.1754.site.23, 19, 52, 71
1120974.3.peg.1754.site.24, 29, 62, 91
1120974.3.peg.1754.site.25, 192, 192, 384
1120974.3.peg.1754.site.26, 2, 160, 162
1120974.3.peg.1754.site.27, 2, 177, 179
1120974.3.peg.1754.site.28, 12, 125, 137
1120974.3.peg.1754.site.29, 33, 64, 97
1120974.3.peg.1754.site.30, 21, 53, 74
1120974.3.peg.1754.site.31, 3, 207, 210
1120974.3.peg.1754.site.32, 3, 206, 209
1120974.3.peg.1754.site.33, 1, 183, 184
1120974.3.peg.1754.site.34, 1, 122, 123
1120974.3.peg.1754.site.35, 93, 126, 219
1120974.3.peg.1754.site.36, 97, 131, 228
1120974.3.peg.1754.site.37, 6, 191, 197
1120974.3.peg.1755.site.1, 4, 215, 219
1120974.3.peg.1755.site.2, 190, 213, 403
1120974.3.peg.1755.site.3, 7, 216, 223
1120974.3.peg.1755.site.4, 0, 215, 215
1120974.3.peg.1755.site.5, 0, 214, 214
1120974.3.peg.1755.site.6, 0, 211, 211
1120974.3.peg.1755.site.7, 3, 215, 218
1120974.3.peg.1755.site.8, 0, 216, 216
1120974.3.peg.1755.site.9, 4, 216, 220
1120974.3.peg.1755.site.10, 186, 208, 394
1120974.3.peg.1755.site.11, 188, 207, 395
1120974.3.peg.1755.site.12, 1, 210, 211
1120974.3.peg.1755.site.13, 187, 212, 399
1120974.3.peg.1755.site.14, 0, 212, 212
1120974.3.peg.1755.site.15, 155, 213, 368
1120974.3.peg.1752.site.1, 11, 32, 43
1120974.3.peg.1752.site.2, 23, 44, 67
1120974.3.peg.1752.site.3, 66, 87, 153
1120974.3.peg.1752.site.4, 119, 139, 258
1120974.3.peg.1752.site.5, 130, 150, 280
1120974.3.peg.1752.site.6, 141, 157, 298
1120974.3.peg.1752.site.7, 147, 165, 312
1120974.3.peg.1752.site.8, 1, 210, 211
1120974.3.peg.1752.site.9, 32, 182, 214
1120974.3.peg.1752.site.10, 185, 186, 371
1120974.3.peg.1752.site.11, 24, 175, 199
1120974.3.peg.1752.site.12, 25, 174, 199
1120974.3.peg.1752.site.13, 22, 171, 193
1120974.3.peg.1752.site.14, 169, 170, 339
1120974.3.peg.1752.site.15, 18, 167, 185
1120974.3.peg.1752.site.16, 60, 207, 267
1120974.3.peg.1752.site.17, 1, 214, 215
1120974.3.peg.1752.site.18, 62, 210, 272
1120974.3.peg.1752.site.19, 64, 213, 277
1120974.3.peg.1752.site.20, 143, 213, 356
1120974.3.peg.1752.site.21, 64, 212, 276
1120974.3.peg.1752.site.22, 0, 214, 214
1120974.3.peg.1752.site.23, 63, 212, 275
1120974.3.peg.1752.site.24, 0, 213, 213
1120974.3.peg.1752.site.25, 0, 213, 213
1120974.3.peg.1752.site.26, 0, 212, 212
1120974.3.peg.1752.site.27, 0, 212, 212
1120974.3.peg.1752.site.28, 32, 153, 185
1120974.3.peg.1752.site.29, 33, 151, 184
1120974.3.peg.1752.site.30, 27, 152, 179
1120974.3.peg.1752.site.31, 0, 135, 135
1120974.3.peg.1752.site.32, 7, 202, 209
1120974.3.peg.1752.site.33, 4, 213, 217
1120974.3.peg.1752.site.34, 1, 133, 134
1120974.3.peg.1752.site.35, 1, 135, 136
1120974.3.peg.1752.site.36, 24, 135, 159
1120974.3.peg.1752.site.37, 0, 134, 134
1120974.3.peg.1752.site.38, 0, 124, 124
1120974.3.peg.1752.site.39, 0, 132, 132
1120974.3.peg.1752.site.40, 3, 131, 134
1120974.3.peg.1752.site.41, 0, 136, 136
1120974.3.peg.1752.site.42, 122, 135, 257
1120974.3.peg.1753.site.1, 4, 215, 219
1120974.3.peg.1753.site.2, 4, 216, 220
1120974.3.peg.1753.site.3, 102, 210, 312
1120974.3.peg.1753.site.4, 178, 211, 389
1120974.3.peg.1753.site.5, 5, 214, 219
1120974.3.peg.1753.site.6, 3, 211, 214
1120974.3.peg.1753.site.7, 173, 207, 380
1120974.3.peg.1753.site.8, 0, 214, 214
1120974.3.peg.1753.site.9, 0, 212, 212
1120974.3.peg.1753.site.10, 171, 206, 377
1120974.3.peg.1753.site.11, 201, 206, 407
1120974.3.peg.1753.site.12, 178, 213, 391
1120974.3.peg.1753.site.13, 0, 216, 216
1120974.3.peg.1753.site.14, 2, 216, 218
1120974.3.peg.1753.site.15, 11, 212, 223
1120974.3.peg.1753.site.16, 11, 207, 218
1120974.3.peg.1753.site.17, 167, 201, 368
1120974.3.peg.1753.site.18, 174, 209, 383
1120974.3.peg.1753.site.19, 173, 209, 382
1120974.3.peg.1753.site.20, 4, 212, 216
1120974.3.peg.1753.site.21, 0, 213, 213
1120974.3.peg.1753.site.22, 41, 216, 257
1120974.3.peg.1753.site.23, 0, 214, 214
1120974.3.peg.1753.site.24, 46, 212, 258
1120974.3.peg.2638.site.1, 21, 184, 205
1120974.3.peg.2638.site.2, 3, 188, 191
1120974.3.peg.2638.site.3, 4, 213, 217
1120974.3.peg.2638.site.4, 4, 216, 220
1120974.3.peg.2638.site.5, 28, 215, 243
1120974.3.peg.2638.site.6, 25, 213, 238
1120974.3.peg.2638.site.7, 24, 213, 237
1120974.3.peg.2638.site.8, 53, 213, 266
1120974.3.peg.2638.site.9, 0, 215, 215
1120974.3.peg.2638.site.10, 19, 215, 234
1120974.3.peg.2638.site.11, 0, 215, 215
1120974.3.peg.2638.site.12, 0, 216, 216
1120974.3.peg.2638.site.13, 0, 214, 214
1120974.3.peg.2638.site.14, 2, 216, 218
1120974.3.peg.2638.site.15, 53, 211, 264
1120974.3.peg.2638.site.16, 1, 215, 216
1120974.3.peg.2638.site.17, 6, 213, 219
1120974.3.peg.2638.site.18, 44, 210, 254
1120974.3.peg.2638.site.19, 0, 207, 207
1120974.3.peg.2638.site.20, 28, 203, 231
1120974.3.peg.2638.site.21, 0, 203, 203
1120974.3.peg.2638.site.22, 42, 202, 244
1120974.3.peg.2638.site.23, 42, 202, 244
1120974.3.peg.2638.site.24, 26, 213, 239
1120974.3.peg.2638.site.25, 0, 215, 215
1120974.3.peg.2638.site.26, 6, 216, 222
1120974.3.peg.2638.site.27, 3, 211, 214
1120974.3.peg.2638.site.28, 10, 210, 220
1120974.3.peg.2638.site.29, 0, 211, 211
1120974.3.peg.2638.site.30, 4, 214, 218
1120974.3.peg.2638.site.31, 28, 216, 244
1120974.3.peg.2638.site.32, 0, 215, 215
1120974.3.peg.2638.site.33, 0, 215, 215
1120974.3.peg.2638.site.34, 8, 215, 223
1120974.3.peg.2638.site.35, 25, 214, 239
1120974.3.peg.2638.site.36, 2, 202, 204
1120974.3.peg.2638.site.37, 44, 204, 248
1120974.3.peg.2638.site.38, 0, 185, 185
1120974.3.peg.2638.site.39, 29, 189, 218
1120974.3.peg.2638.site.40, 5, 204, 209
1120974.3.peg.2638.site.41, 1, 207, 208
1120974.3.peg.2638.site.42, 37, 207, 244
1120974.3.peg.2638.site.43, 40, 212, 252
1120974.3.peg.2638.site.44, 0, 213, 213
1120974.3.peg.2638.site.45, 8, 216, 224
1120974.3.peg.2638.site.46, 54, 213, 267
1120974.3.peg.2634.site.1, 4, 216, 220
1120974.3.peg.2634.site.2, 4, 216, 220
1120974.3.peg.2634.site.3, 1, 216, 217
1120974.3.peg.2634.site.4, 0, 215, 215
1120974.3.peg.2634.site.5, 0, 215, 215
1120974.3.peg.2634.site.6, 0, 215, 215
1120974.3.peg.2634.site.7, 0, 215, 215
1120974.3.peg.2634.site.8, 0, 215, 215
1120974.3.peg.2634.site.9, 4, 216, 220
1120974.3.peg.2634.site.10, 4, 165, 169
1120974.3.peg.2634.site.11, 5, 164, 169
1120974.3.peg.2634.site.12, 1, 166, 167
1120974.3.peg.2634.site.13, 4, 167, 171
1120974.3.peg.2634.site.14, 0, 165, 165
1120974.3.peg.2636.site.1, 49, 208, 257
1120974.3.peg.2636.site.2, 48, 213, 261
1120974.3.peg.2636.site.3, 0, 214, 214
1120974.3.peg.2636.site.4, 44, 200, 244
1120974.3.peg.2636.site.5, 0, 212, 212
1120974.3.peg.2636.site.6, 46, 211, 257
1120974.3.peg.2636.site.7, 1, 215, 216
1120974.3.peg.2636.site.8, 47, 210, 257
1120974.3.peg.2636.site.9, 0, 213, 213
1120974.3.peg.2636.site.10, 90, 209, 299
1120974.3.peg.2636.site.11, 0, 212, 212
1120974.3.peg.2636.site.12, 0, 212, 212
1120974.3.peg.2636.site.13, 32, 209, 241
1120974.3.peg.2636.site.14, 0, 213, 213
1120974.3.peg.2636.site.15, 0, 207, 207
1120974.3.peg.2636.site.16, 0, 199, 199
1120974.3.peg.2636.site.17, 18, 187, 205
1120974.3.peg.2636.site.18, 16, 185, 201
1120974.3.peg.2636.site.19, 5, 181, 186
1120974.3.peg.2636.site.20, 50, 175, 225
1120974.3.peg.2636.site.21, 9, 178, 187
1120974.3.peg.2636.site.22, 38, 208, 246
1120974.3.peg.2636.site.23, 6, 216, 222
1120974.3.peg.2636.site.24, 27, 215, 242
1120974.3.peg.2636.site.25, 0, 216, 216
1120974.3.peg.2636.site.26, 44, 213, 257
1120974.3.peg.2636.site.27, 32, 210, 242
1120974.3.peg.2636.site.28, 41, 207, 248
1120974.3.peg.2636.site.29, 4, 213, 217
1120974.3.peg.2636.site.30, 0, 212, 212
1120974.3.peg.2636.site.31, 0, 212, 212
1120974.3.peg.2636.site.32, 24, 195, 219
1120974.3.peg.2636.site.33, 23, 195, 218
1120974.3.peg.2636.site.34, 3, 198, 201
1120974.3.peg.2636.site.35, 23, 198, 221
1120974.3.peg.2636.site.36, 1, 206, 207
1120974.3.peg.2636.site.37, 20, 42, 62
1120974.3.peg.2636.site.38, 7, 29, 36
1120974.3.peg.2636.site.39, 5, 25, 30
1120974.3.peg.2636.site.40, 1, 53, 54
1120974.3.peg.2636.site.41, 64, 74, 138
1120974.3.peg.2636.site.42, 106, 127, 233
1120974.3.peg.2636.site.43, 1, 192, 193
1120974.3.peg.2636.site.44, 178, 199, 377
1120974.3.peg.2636.site.45, 189, 211, 400
1120974.3.peg.2636.site.46, 1, 214, 215
1120974.3.peg.2636.site.47, 6, 212, 218
1120974.3.peg.2636.site.48, 10, 33, 43
1120974.3.peg.2637.site.1, 192, 214, 406
1120974.3.peg.2637.site.2, 203, 215, 418
1120974.3.peg.2637.site.3, 184, 207, 391
1120974.3.peg.2637.site.4, 28, 210, 238
1120974.3.peg.2637.site.5, 150, 202, 352
1120974.3.peg.2637.site.6, 185, 209, 394
1120974.3.peg.2637.site.7, 0, 214, 214
1120974.3.peg.2637.site.8, 154, 178, 332
1120974.3.peg.2637.site.9, 0, 202, 202
1120974.3.peg.2637.site.10, 182, 206, 388
1120974.3.peg.2637.site.11, 0, 209, 209
1120974.3.peg.2637.site.12, 9, 209, 218
1120974.3.peg.2637.site.13, 0, 216, 216
1120974.3.peg.2637.site.14, 18, 212, 230
1120974.3.peg.2637.site.15, 0, 216, 216
1120974.3.peg.2637.site.16, 20, 215, 235
1120974.3.peg.2637.site.17, 52, 213, 265
1120974.3.peg.2630.site.1, 40, 185, 225
1120974.3.peg.2630.site.2, 2, 195, 197
1120974.3.peg.2630.site.3, 25, 205, 230
1120974.3.peg.2630.site.4, 0, 206, 206
1120974.3.peg.2630.site.5, 0, 212, 212
1120974.3.peg.2630.site.6, 18, 212, 230
1120974.3.peg.2630.site.7, 27, 206, 233
1120974.3.peg.2630.site.8, 23, 215, 238
1120974.3.peg.2630.site.9, 0, 214, 214
1120974.3.peg.2630.site.10, 0, 215, 215
1120974.3.peg.2630.site.11, 18, 215, 233
1120974.3.peg.2630.site.12, 185, 208, 393
1120974.3.peg.2630.site.13, 181, 203, 384
1120974.3.peg.2630.site.14, 0, 209, 209
1120974.3.peg.2630.site.15, 0, 213, 213
1120974.3.peg.2630.site.16, 200, 213, 413
1120974.3.peg.2630.site.17, 160, 211, 371
1120974.3.peg.2630.site.18, 0, 214, 214
1120974.3.peg.2630.site.19, 27, 215, 242
1120974.3.peg.2630.site.20, 162, 212, 374
1120974.3.peg.2630.site.21, 5, 215, 220
1120974.3.peg.2630.site.22, 29, 213, 242
1120974.3.peg.2630.site.23, 192, 213, 405
1120974.3.peg.2630.site.24, 192, 213, 405
1120974.3.peg.2630.site.25, 29, 214, 243
1120974.3.peg.2630.site.26, 13, 215, 228
1120974.3.peg.2630.site.27, 29, 212, 241
1120974.3.peg.2630.site.28, 0, 209, 209
1120974.3.peg.2630.site.29, 172, 172, 344
1120974.3.peg.2630.site.30, 138, 160, 298
1120974.3.peg.2630.site.31, 159, 181, 340
1120974.3.peg.2630.site.32, 1, 32, 33
1120974.3.peg.2630.site.33, 14, 35, 49
1120974.3.peg.2630.site.34, 3, 30, 33
1120974.3.peg.2630.site.35, 9, 28, 37
1120974.3.peg.2630.site.36, 4, 31, 35
1120974.3.peg.2630.site.37, 37, 60, 97
1120974.3.peg.2630.site.38, 9, 59, 68
1120974.3.peg.2630.site.39, 85, 108, 193
1120974.3.peg.2630.site.40, 4, 152, 156
1120974.3.peg.2630.site.41, 170, 194, 364
1120974.3.peg.2631.site.1, 30, 62, 92
1120974.3.peg.2631.site.2, 2, 203, 205
1120974.3.peg.2631.site.3, 14, 201, 215
1120974.3.peg.2631.site.4, 23, 209, 232
1120974.3.peg.2631.site.5, 0, 188, 188
1120974.3.peg.2631.site.6, 4, 188, 192
1120974.3.peg.2631.site.7, 185, 208, 393
1120974.3.peg.2631.site.8, 27, 210, 237
1120974.3.peg.2631.site.9, 1, 211, 212
1120974.3.peg.2631.site.10, 7, 194, 201
1120974.3.peg.2631.site.11, 157, 182, 339
1120974.3.peg.2631.site.12, 2, 212, 214
1120974.3.peg.2631.site.13, 1, 211, 212
1120974.3.peg.2631.site.14, 27, 213, 240
1120974.3.peg.2631.site.15, 9, 194, 203
1120974.3.peg.2631.site.16, 12, 197, 209
1120974.3.peg.2631.site.17, 20, 208, 228
1120974.3.peg.2631.site.18, 26, 213, 239
1120974.3.peg.2631.site.19, 159, 212, 371
1120974.3.peg.2631.site.20, 0, 208, 208
1120974.3.peg.2631.site.21, 138, 191, 329
1120974.3.peg.2631.site.22, 9, 65, 74
1120974.3.peg.2631.site.23, 10, 67, 77
1120974.3.peg.2631.site.24, 12, 67, 79
1120974.3.peg.2631.site.25, 171, 207, 378
1120974.3.peg.2631.site.26, 1, 215, 216
1120974.3.peg.2631.site.27, 158, 204, 362
1120974.3.peg.2631.site.28, 167, 213, 380
1120974.3.peg.2631.site.29, 169, 214, 383
1120974.3.peg.2631.site.30, 0, 215, 215
1120974.3.peg.2631.site.31, 1, 215, 216
1120974.3.peg.2631.site.32, 165, 211, 376
1120974.3.peg.2631.site.33, 157, 205, 362
1120974.3.peg.2631.site.34, 0, 214, 214
1120974.3.peg.2631.site.35, 0, 215, 215
1120974.3.peg.2631.site.36, 158, 209, 367
1120974.3.peg.2631.site.37, 1, 178, 179
1120974.3.peg.2631.site.38, 58, 111, 169
1120974.3.peg.2632.site.1, 30, 59, 89
1120974.3.peg.2632.site.2, 5, 54, 59
1120974.3.peg.2632.site.3, 0, 54, 54
1120974.3.peg.2632.site.4, 32, 80, 112
1120974.3.peg.2632.site.5, 41, 88, 129
1120974.3.peg.2632.site.6, 32, 80, 112
1120974.3.peg.2632.site.7, 47, 94, 141
1120974.3.peg.2632.site.8, 1, 204, 205
1120974.3.peg.2632.site.9, 0, 215, 215
1120974.3.peg.2632.site.10, 0, 214, 214
1120974.3.peg.2632.site.11, 0, 214, 214
1120974.3.peg.2632.site.12, 159, 209, 368
1120974.3.peg.2632.site.13, 110, 154, 264
1120974.3.peg.2632.site.14, 123, 172, 295
1120974.3.peg.2632.site.15, 1, 185, 186
1120974.3.peg.2632.site.16, 0, 215, 215
1120974.3.peg.2632.site.17, 0, 216, 216
1120974.3.peg.2633.site.1, 4, 214, 218
1120974.3.peg.2633.site.2, 0, 213, 213
1120974.3.peg.2633.site.3, 0, 215, 215
1120974.3.peg.2633.site.4, 27, 214, 241
1120974.3.peg.2633.site.5, 1, 214, 215
1120974.3.peg.2633.site.6, 2, 211, 213
1120974.3.peg.2633.site.7, 137, 186, 323
1120974.3.peg.2633.site.8, 0, 191, 191
1120974.3.peg.2633.site.9, 1, 211, 212
1120974.3.peg.2633.site.10, 1, 212, 213
1120974.3.peg.2633.site.11, 4, 213, 217
1120974.3.peg.2633.site.12, 163, 213, 376
1120974.3.peg.2633.site.13, 13, 214, 227
1120974.3.peg.2633.site.14, 4, 215, 219
1120974.3.peg.2633.site.15, 0, 215, 215
1120974.3.peg.2633.site.16, 90, 207, 297
1120974.3.peg.2633.site.17, 167, 212, 379
1120974.3.peg.2633.site.18, 166, 211, 377
1120974.3.peg.2633.site.19, 4, 213, 217
1120974.3.peg.2633.site.20, 0, 211, 211
1120974.3.peg.2633.site.21, 119, 207, 326
1120974.3.peg.2633.site.22, 168, 213, 381
1120974.3.peg.2633.site.23, 195, 214, 409
1120974.3.peg.2633.site.24, 0, 208, 208
1120974.3.peg.2633.site.25, 5, 212, 217
1120974.3.peg.2633.site.26, 0, 212, 212
1120974.3.peg.2633.site.27, 182, 211, 393
1120974.3.peg.2633.site.28, 189, 211, 400
1120974.3.peg.2633.site.29, 1, 200, 201
1120974.3.peg.2633.site.30, 92, 142, 234
1120974.3.peg.2633.site.31, 1, 165, 166
1120974.3.peg.2633.site.32, 143, 191, 334
1120974.3.peg.2633.site.33, 155, 204, 359
1120974.3.peg.2633.site.34, 32, 214, 246
1120974.3.peg.2633.site.35, 16, 214, 230
1120974.3.peg.2633.site.36, 0, 215, 215
1120974.3.peg.2633.site.37, 159, 208, 367
1120974.3.peg.2633.site.38, 157, 206, 363
1120974.3.peg.2633.site.39, 139, 189, 328
1120974.3.peg.2633.site.40, 20, 187, 207
1120974.3.peg.2633.site.41, 1, 183, 184
1120974.3.peg.2633.site.42, 113, 178, 291
1120974.3.peg.2633.site.43, 117, 166, 283
1120974.3.peg.2633.site.44, 2, 168, 170
1120974.3.peg.2633.site.45, 113, 163, 276
1120974.3.peg.2633.site.46, 5, 172, 177
1120974.3.peg.2633.site.47, 0, 177, 177
1120974.3.peg.2633.site.48, 120, 191, 311
1120974.3.peg.2633.site.49, 0, 205, 205
1120974.3.peg.2633.site.50, 158, 205, 363
1120974.3.peg.2633.site.51, 0, 215, 215
1120974.3.peg.2633.site.52, 0, 215, 215
1120974.3.peg.2633.site.53, 39, 214, 253
1120974.3.peg.2633.site.54, 0, 216, 216
1120974.3.peg.2128.site.1, 7, 213, 220
1120974.3.peg.2128.site.2, 116, 210, 326
1120974.3.peg.2128.site.3, 4, 214, 218
1120974.3.peg.2128.site.4, 121, 205, 326
1120974.3.peg.2128.site.5, 11, 96, 107
1120974.3.peg.2128.site.6, 4, 89, 93
1120974.3.peg.2128.site.7, 7, 91, 98
1120974.3.peg.2128.site.8, 96, 157, 253
1120974.3.peg.2128.site.9, 205, 205, 410
1120974.3.peg.2128.site.10, 1, 214, 215
1120974.3.peg.2128.site.11, 126, 196, 322
1120974.3.peg.2128.site.12, 42, 185, 227
1120974.3.peg.2128.site.13, 130, 201, 331
1120974.3.peg.2128.site.14, 22, 214, 236
1120974.3.peg.2128.site.15, 4, 216, 220
1120974.3.peg.2128.site.16, 1, 216, 217
1120974.3.peg.2128.site.17, 0, 216, 216
1120974.3.peg.2128.site.18, 152, 212, 364
1120974.3.peg.2128.site.19, 153, 213, 366
1120974.3.peg.2128.site.20, 13, 191, 204
1120974.3.peg.2128.site.21, 125, 183, 308
1120974.3.peg.2128.site.22, 135, 194, 329
1120974.3.peg.2128.site.23, 5, 190, 195
1120974.3.peg.2128.site.24, 121, 183, 304
1120974.3.peg.2128.site.25, 115, 177, 292
1120974.3.peg.2128.site.26, 62, 90, 152
1120974.3.peg.2128.site.27, 6, 211, 217
1120974.3.peg.2128.site.28, 187, 214, 401
1120974.3.peg.2128.site.29, 188, 214, 402
1120974.3.peg.2128.site.30, 3, 215, 218
1120974.3.peg.2128.site.31, 185, 211, 396
1120974.3.peg.2128.site.32, 150, 176, 326
1120974.3.peg.2128.site.33, 161, 187, 348
1120974.3.peg.2128.site.34, 184, 211, 395
1120974.3.peg.2128.site.35, 155, 183, 338
1120974.3.peg.2128.site.36, 8, 37, 45
1120974.3.peg.2128.site.37, 5, 34, 39
1120974.3.peg.2128.site.38, 205, 207, 412
1120974.3.peg.2128.site.39, 1, 213, 214
1120974.3.peg.2128.site.40, 187, 216, 403
1120974.3.peg.2128.site.41, 14, 214, 228
1120974.3.peg.2128.site.42, 187, 214, 401
1120974.3.peg.2128.site.43, 14, 214, 228
1120974.3.peg.2128.site.44, 5, 214, 219
1120974.3.peg.2128.site.45, 14, 208, 222
1120974.3.peg.2128.site.46, 145, 170, 315
1120974.3.peg.2128.site.47, 134, 161, 295
1120974.3.peg.2128.site.48, 7, 193, 200
1120974.3.peg.2128.site.49, 124, 152, 276
1120974.3.peg.2128.site.50, 96, 124, 220
1120974.3.peg.2128.site.51, 86, 114, 200
1120974.3.peg.2128.site.52, 0, 208, 208
1120974.3.peg.2128.site.53, 2, 215, 217
1120974.3.peg.2128.site.54, 173, 214, 387
1120974.3.peg.2128.site.55, 212, 213, 425
1120974.3.peg.2128.site.56, 0, 216, 216
1120974.3.peg.2128.site.57, 183, 213, 396
1120974.3.peg.2128.site.58, 1, 215, 216
1120974.3.peg.2129.site.1, 22, 213, 235
1120974.3.peg.2129.site.2, 9, 214, 223
1120974.3.peg.2129.site.3, 180, 215, 395
1120974.3.peg.2129.site.4, 9, 213, 222
1120974.3.peg.2129.site.5, 128, 163, 291
1120974.3.peg.2129.site.6, 102, 146, 248
1120974.3.peg.2129.site.7, 125, 158, 283
1120974.3.peg.2129.site.8, 161, 194, 355
1120974.3.peg.2129.site.9, 0, 204, 204
1120974.3.peg.2129.site.10, 0, 205, 205
1120974.3.peg.2129.site.11, 0, 210, 210
1120974.3.peg.2129.site.12, 195, 202, 397
1120974.3.peg.2129.site.13, 73, 120, 193
1120974.3.peg.2129.site.14, 31, 79, 110
1120974.3.peg.2129.site.15, 2, 116, 118
1120974.3.peg.2129.site.16, 75, 118, 193
1120974.3.peg.2129.site.17, 4, 155, 159
1120974.3.peg.2129.site.18, 57, 94, 151
1120974.3.peg.2129.site.19, 6, 186, 192
1120974.3.peg.2129.site.20, 8, 192, 200
1120974.3.peg.2129.site.21, 1, 206, 207
1120974.3.peg.2129.site.22, 1, 207, 208
1120974.3.peg.2129.site.23, 163, 211, 374
1120974.3.peg.2129.site.24, 28, 209, 237
1120974.3.peg.2129.site.25, 2, 216, 218
1120974.3.peg.2129.site.26, 15, 213, 228
1120974.3.peg.2129.site.27, 191, 213, 404
1120974.3.peg.2129.site.28, 176, 212, 388
1120974.3.peg.2129.site.29, 23, 216, 239
1120974.3.peg.2120.site.1, 4, 213, 217
1120974.3.peg.2120.site.2, 7, 216, 223
1120974.3.peg.2121.site.1, 36, 213, 249
1120974.3.peg.2121.site.2, 130, 209, 339
1120974.3.peg.2121.site.3, 115, 199, 314
1120974.3.peg.2121.site.4, 109, 188, 297
1120974.3.peg.2121.site.5, 15, 200, 215
1120974.3.peg.2121.site.6, 4, 210, 214
1120974.3.peg.2121.site.7, 4, 211, 215
1120974.3.peg.2121.site.8, 1, 212, 213
1120974.3.peg.2121.site.9, 1, 216, 217
1120974.3.peg.2121.site.10, 12, 215, 227
1120974.3.peg.2121.site.11, 5, 216, 221
1120974.3.peg.2121.site.12, 132, 210, 342
1120974.3.peg.2121.site.13, 124, 203, 327
1120974.3.peg.2121.site.14, 68, 162, 230
1120974.3.peg.2121.site.15, 33, 125, 158
1120974.3.peg.2121.site.16, 3, 84, 87
1120974.3.peg.2121.site.17, 51, 81, 132
1120974.3.peg.2121.site.18, 8, 82, 90
1120974.3.peg.2121.site.19, 42, 79, 121
1120974.3.peg.2121.site.20, 4, 164, 168
1120974.3.peg.2121.site.21, 198, 211, 409
1120974.3.peg.2121.site.22, 4, 215, 219
1120974.3.peg.2121.site.23, 3, 212, 215
1120974.3.peg.2121.site.24, 3, 212, 215
1120974.3.peg.2121.site.25, 14, 214, 228
1120974.3.peg.2121.site.26, 14, 214, 228
1120974.3.peg.2121.site.27, 159, 210, 369
1120974.3.peg.2121.site.28, 159, 212, 371
1120974.3.peg.2121.site.29, 211, 211, 422
1120974.3.peg.2121.site.30, 173, 207, 380
1120974.3.peg.2121.site.31, 14, 209, 223
1120974.3.peg.2121.site.32, 4, 210, 214
1120974.3.peg.2121.site.33, 16, 208, 224
1120974.3.peg.2121.site.34, 172, 208, 380
1120974.3.peg.2121.site.35, 0, 208, 208
1120974.3.peg.2121.site.36, 0, 207, 207
1120974.3.peg.2121.site.37, 183, 213, 396
1120974.3.peg.2121.site.38, 13, 214, 227
1120974.3.peg.2121.site.39, 176, 214, 390
1120974.3.peg.2121.site.40, 14, 215, 229
1120974.3.peg.2121.site.41, 175, 213, 388
1120974.3.peg.2122.site.1, 40, 212, 252
1120974.3.peg.2122.site.2, 9, 208, 217
1120974.3.peg.2122.site.3, 32, 179, 211
1120974.3.peg.2122.site.4, 49, 86, 135
1120974.3.peg.2122.site.5, 32, 71, 103
1120974.3.peg.2122.site.6, 12, 182, 194
1120974.3.peg.2122.site.7, 156, 189, 345
1120974.3.peg.2122.site.8, 13, 194, 207
1120974.3.peg.2122.site.9, 136, 182, 318
1120974.3.peg.2122.site.10, 4, 182, 186
1120974.3.peg.2122.site.11, 3, 177, 180
1120974.3.peg.2122.site.12, 192, 192, 384
1120974.3.peg.2122.site.13, 39, 216, 255
1120974.3.peg.2122.site.14, 45, 208, 253
1120974.3.peg.2122.site.15, 27, 214, 241
1120974.3.peg.2122.site.16, 0, 213, 213
1120974.3.peg.2122.site.17, 114, 194, 308
1120974.3.peg.2122.site.18, 100, 177, 277
1120974.3.peg.2122.site.19, 116, 195, 311
1120974.3.peg.2122.site.20, 8, 214, 222
1120974.3.peg.2122.site.21, 8, 214, 222
1120974.3.peg.2122.site.22, 8, 215, 223
1120974.3.peg.2122.site.23, 4, 216, 220
1120974.3.peg.2122.site.24, 7, 214, 221
1120974.3.peg.2122.site.25, 121, 208, 329
1120974.3.peg.2122.site.26, 1, 216, 217
1120974.3.peg.2122.site.27, 133, 213, 346
1120974.3.peg.2122.site.28, 1, 216, 217
1120974.3.peg.2122.site.29, 62, 213, 275
1120974.3.peg.2122.site.30, 61, 208, 269
1120974.3.peg.2122.site.31, 81, 174, 255
1120974.3.peg.2122.site.32, 4, 185, 189
1120974.3.peg.2122.site.33, 102, 195, 297
1120974.3.peg.2122.site.34, 116, 206, 322
1120974.3.peg.2122.site.35, 0, 214, 214
1120974.3.peg.2122.site.36, 6, 216, 222
1120974.3.peg.2122.site.37, 66, 211, 277
1120974.3.peg.2122.site.38, 0, 215, 215
1120974.3.peg.2122.site.39, 1, 204, 205
1120974.3.peg.2122.site.40, 0, 199, 199
1120974.3.peg.2122.site.41, 6, 202, 208
1120974.3.peg.2122.site.42, 165, 205, 370
1120974.3.peg.2122.site.43, 170, 209, 379
1120974.3.peg.2122.site.44, 5, 201, 206
1120974.3.peg.2122.site.45, 13, 209, 222
1120974.3.peg.2122.site.46, 89, 211, 300
1120974.3.peg.2122.site.47, 28, 213, 241
1120974.3.peg.2122.site.48, 49, 210, 259
1120974.3.peg.2122.site.49, 5, 214, 219
1120974.3.peg.2122.site.50, 50, 212, 262
1120974.3.peg.2122.site.51, 10, 215, 225
1120974.3.peg.2122.site.52, 45, 213, 258
1120974.3.peg.2122.site.53, 46, 213, 259
1120974.3.peg.2122.site.54, 75, 211, 286
1120974.3.peg.2122.site.55, 45, 213, 258
1120974.3.peg.2122.site.56, 0, 215, 215
1120974.3.peg.2122.site.57, 21, 103, 124
1120974.3.peg.2122.site.58, 9, 60, 69
1120974.3.peg.2122.site.59, 0, 31, 31
1120974.3.peg.2123.site.1, 39, 209, 248
1120974.3.peg.2123.site.2, 40, 212, 252
1120974.3.peg.2123.site.3, 41, 212, 253
1120974.3.peg.2123.site.4, 0, 214, 214
1120974.3.peg.2123.site.5, 11, 215, 226
1120974.3.peg.2123.site.6, 0, 215, 215
1120974.3.peg.2123.site.7, 83, 213, 296
1120974.3.peg.2123.site.8, 1, 212, 213
1120974.3.peg.2123.site.9, 42, 210, 252
1120974.3.peg.2123.site.10, 23, 214, 237
1120974.3.peg.2123.site.11, 2, 213, 215
1120974.3.peg.2123.site.12, 0, 214, 214
1120974.3.peg.2123.site.13, 0, 213, 213
1120974.3.peg.2123.site.14, 0, 215, 215
1120974.3.peg.2123.site.15, 118, 214, 332
1120974.3.peg.2123.site.16, 215, 215, 430
1120974.3.peg.2123.site.17, 41, 212, 253
1120974.3.peg.2123.site.18, 116, 214, 330
1120974.3.peg.2123.site.19, 9, 216, 225
1120974.3.peg.2123.site.20, 117, 213, 330
1120974.3.peg.2123.site.21, 6, 216, 222
1120974.3.peg.2123.site.22, 2, 215, 217
1120974.3.peg.2123.site.23, 2, 215, 217
1120974.3.peg.2123.site.24, 2, 215, 217
1120974.3.peg.2123.site.25, 200, 216, 416
1120974.3.peg.2123.site.26, 25, 214, 239
1120974.3.peg.2123.site.27, 115, 211, 326
1120974.3.peg.2123.site.28, 4, 214, 218
1120974.3.peg.2123.site.29, 5, 215, 220
1120974.3.peg.2123.site.30, 13, 215, 228
1120974.3.peg.2123.site.31, 6, 215, 221
1120974.3.peg.2123.site.32, 26, 214, 240
1120974.3.peg.2124.site.1, 4, 199, 203
1120974.3.peg.2124.site.2, 204, 212, 416
1120974.3.peg.2124.site.3, 205, 210, 415
1120974.3.peg.2124.site.4, 4, 202, 206
1120974.3.peg.2124.site.5, 1, 215, 216
1120974.3.peg.2125.site.1, 215, 215, 430
1120974.3.peg.2125.site.2, 2, 216, 218
1120974.3.peg.2125.site.3, 0, 216, 216
1120974.3.peg.2125.site.4, 0, 215, 215
1120974.3.peg.2125.site.5, 0, 216, 216
1120974.3.peg.2125.site.6, 13, 215, 228
1120974.3.peg.2125.site.7, 216, 216, 432
1120974.3.peg.2125.site.8, 10, 216, 226
1120974.3.peg.2125.site.9, 13, 215, 228
1120974.3.peg.2125.site.10, 40, 214, 254
1120974.3.peg.2125.site.11, 0, 215, 215
1120974.3.peg.2125.site.12, 154, 213, 367
1120974.3.peg.2125.site.13, 0, 215, 215
1120974.3.peg.2125.site.14, 23, 215, 238
1120974.3.peg.2125.site.15, 159, 208, 367
1120974.3.peg.2125.site.16, 8, 213, 221
1120974.3.peg.2125.site.17, 1, 215, 216
1120974.3.peg.2126.site.1, 152, 212, 364
1120974.3.peg.2126.site.2, 4, 215, 219
1120974.3.peg.2126.site.3, 173, 212, 385
1120974.3.peg.2126.site.4, 170, 214, 384
1120974.3.peg.2126.site.5, 8, 216, 224
1120974.3.peg.2126.site.6, 164, 212, 376
1120974.3.peg.2126.site.7, 6, 215, 221
1120974.3.peg.2126.site.8, 170, 212, 382
1120974.3.peg.2126.site.9, 169, 211, 380
1120974.3.peg.2126.site.10, 19, 198, 217
1120974.3.peg.2126.site.11, 150, 181, 331
1120974.3.peg.2126.site.12, 1, 208, 209
1120974.3.peg.2126.site.13, 129, 208, 337
1120974.3.peg.2126.site.14, 54, 208, 262
1120974.3.peg.2126.site.15, 117, 196, 313
1120974.3.peg.2126.site.16, 0, 202, 202
1120974.3.peg.2126.site.17, 4, 213, 217
1120974.3.peg.2126.site.18, 2, 216, 218
1120974.3.peg.2126.site.19, 136, 213, 349
1120974.3.peg.2126.site.20, 1, 216, 217
1120974.3.peg.2126.site.21, 148, 212, 360
1120974.3.peg.2126.site.22, 4, 216, 220
1120974.3.peg.2126.site.23, 141, 213, 354
1120974.3.peg.2126.site.24, 3, 216, 219
1120974.3.peg.2126.site.25, 216, 216, 432
1120974.3.peg.2126.site.26, 135, 210, 345
1120974.3.peg.2126.site.27, 7, 214, 221
1120974.3.peg.2126.site.28, 143, 207, 350
1120974.3.peg.2126.site.29, 7, 214, 221
1120974.3.peg.2126.site.30, 1, 216, 217
1120974.3.peg.2126.site.31, 38, 212, 250
1120974.3.peg.2126.site.32, 7, 214, 221
1120974.3.peg.2126.site.33, 134, 214, 348
1120974.3.peg.2126.site.34, 19, 216, 235
1120974.3.peg.2126.site.35, 1, 215, 216
1120974.3.peg.2126.site.36, 1, 214, 215
1120974.3.peg.2126.site.37, 1, 212, 213
1120974.3.peg.2126.site.38, 94, 199, 293
1120974.3.peg.2126.site.39, 5, 169, 174
1120974.3.peg.2126.site.40, 8, 73, 81
1120974.3.peg.2126.site.41, 18, 65, 83
1120974.3.peg.2126.site.42, 1, 66, 67
1120974.3.peg.2126.site.43, 5, 70, 75
1120974.3.peg.2126.site.44, 3, 86, 89
1120974.3.peg.2126.site.45, 133, 195, 328
1120974.3.peg.2126.site.46, 117, 180, 297
1120974.3.peg.2126.site.47, 20, 65, 85
1120974.3.peg.2126.site.48, 11, 57, 68
1120974.3.peg.2126.site.49, 5, 54, 59
1120974.3.peg.2126.site.50, 9, 74, 83
1120974.3.peg.2126.site.51, 7, 134, 141
1120974.3.peg.2126.site.52, 10, 164, 174
1120974.3.peg.2126.site.53, 120, 203, 323
1120974.3.peg.2126.site.54, 37, 212, 249
1120974.3.peg.2126.site.55, 139, 210, 349
1120974.3.peg.2126.site.56, 0, 215, 215
1120974.3.peg.2126.site.57, 109, 209, 318
1120974.3.peg.2126.site.58, 110, 209, 319
1120974.3.peg.2127.site.1, 50, 77, 127
1120974.3.peg.2127.site.2, 26, 55, 81
1120974.3.peg.2127.site.3, 1, 41, 42
1120974.3.peg.2127.site.4, 6, 35, 41
1120974.3.peg.2127.site.5, 11, 39, 50
1120974.3.peg.2127.site.6, 9, 38, 47
1120974.3.peg.2127.site.7, 29, 58, 87
1120974.3.peg.2127.site.8, 34, 63, 97
1120974.3.peg.2127.site.9, 57, 86, 143
1120974.3.peg.2127.site.10, 4, 89, 93
1120974.3.peg.2127.site.11, 68, 106, 174
1120974.3.peg.2127.site.12, 123, 193, 316
1120974.3.peg.2127.site.13, 147, 176, 323
1120974.3.peg.2127.site.14, 20, 185, 205
1120974.3.peg.2127.site.15, 15, 133, 148
1120974.3.peg.2127.site.16, 112, 153, 265
1120974.3.peg.2127.site.17, 210, 214, 424
1120974.3.peg.2127.site.18, 21, 213, 234
1120974.3.peg.2127.site.19, 166, 208, 374
1120974.3.peg.2127.site.20, 1, 212, 213
1120974.3.peg.2127.site.21, 0, 206, 206
1120974.3.peg.2127.site.22, 125, 179, 304
1120974.3.peg.2127.site.23, 97, 97, 194
1120974.3.peg.2127.site.24, 0, 82, 82
1120974.3.peg.2127.site.25, 3, 63, 66
1120974.3.peg.2127.site.26, 2, 65, 67
1120974.3.peg.2127.site.27, 39, 68, 107
1120974.3.peg.2127.site.28, 32, 83, 115
1120974.3.peg.2127.site.29, 0, 183, 183
1120974.3.peg.2127.site.30, 17, 151, 168
1120974.3.peg.2127.site.31, 0, 160, 160
1120974.3.peg.2127.site.32, 127, 206, 333
1120974.3.peg.2127.site.33, 0, 216, 216
1120974.3.peg.2127.site.34, 0, 216, 216
1120974.3.peg.2127.site.35, 0, 214, 214
1120974.3.peg.2127.site.36, 132, 208, 340
1120974.3.peg.2127.site.37, 0, 213, 213
1120974.3.peg.388.site.1, 1, 213, 214
1120974.3.peg.388.site.2, 2, 212, 214
1120974.3.peg.388.site.3, 168, 212, 380
1120974.3.peg.388.site.4, 179, 215, 394
1120974.3.peg.388.site.5, 20, 215, 235
1120974.3.peg.388.site.6, 0, 216, 216
1120974.3.peg.388.site.7, 0, 214, 214
1120974.3.peg.388.site.8, 4, 214, 218
1120974.3.peg.388.site.9, 144, 212, 356
1120974.3.peg.388.site.10, 189, 213, 402
1120974.3.peg.388.site.11, 22, 212, 234
1120974.3.peg.388.site.12, 162, 188, 350
1120974.3.peg.388.site.13, 165, 187, 352
1120974.3.peg.388.site.14, 13, 198, 211
1120974.3.peg.388.site.15, 0, 215, 215
1120974.3.peg.387.site.1, 4, 215, 219
1120974.3.peg.387.site.2, 183, 210, 393
1120974.3.peg.387.site.3, 183, 209, 392
1120974.3.peg.387.site.4, 163, 207, 370
1120974.3.peg.387.site.5, 163, 208, 371
1120974.3.peg.387.site.6, 0, 203, 203
1120974.3.peg.387.site.7, 2, 186, 188
1120974.3.peg.387.site.8, 0, 213, 213
1120974.3.peg.387.site.9, 0, 214, 214
1120974.3.peg.387.site.10, 0, 213, 213
1120974.3.peg.387.site.11, 163, 206, 369
1120974.3.peg.387.site.12, 11, 216, 227
1120974.3.peg.387.site.13, 1, 216, 217
1120974.3.peg.387.site.14, 1, 216, 217
1120974.3.peg.387.site.15, 7, 213, 220
1120974.3.peg.387.site.16, 37, 213, 250
1120974.3.peg.387.site.17, 191, 214, 405
1120974.3.peg.387.site.18, 215, 215, 430
1120974.3.peg.387.site.19, 216, 216, 432
1120974.3.peg.387.site.20, 165, 215, 380
1120974.3.peg.387.site.21, 2, 216, 218
1120974.3.peg.387.site.22, 190, 214, 404
1120974.3.peg.387.site.23, 3, 215, 218
1120974.3.peg.387.site.24, 153, 166, 319
1120974.3.peg.387.site.25, 2, 153, 155
1120974.3.peg.387.site.26, 172, 187, 359
1120974.3.peg.387.site.27, 3, 210, 213
1120974.3.peg.385.site.1, 0, 215, 215
1120974.3.peg.385.site.2, 2, 208, 210
1120974.3.peg.385.site.3, 178, 192, 370
1120974.3.peg.385.site.4, 0, 191, 191
1120974.3.peg.385.site.5, 8, 192, 200
1120974.3.peg.385.site.6, 167, 202, 369
1120974.3.peg.385.site.7, 126, 202, 328
1120974.3.peg.385.site.8, 131, 204, 335
1120974.3.peg.385.site.9, 1, 205, 206
1120974.3.peg.385.site.10, 153, 188, 341
1120974.3.peg.382.site.1, 135, 152, 287
1120974.3.peg.382.site.2, 123, 141, 264
1120974.3.peg.382.site.3, 0, 130, 130
1120974.3.peg.382.site.4, 14, 194, 208
1120974.3.peg.382.site.5, 196, 198, 394
1120974.3.peg.382.site.6, 1, 211, 212
1120974.3.peg.382.site.7, 187, 205, 392
1120974.3.peg.382.site.8, 1, 201, 202
1120974.3.peg.382.site.9, 1, 205, 206
1120974.3.peg.382.site.10, 5, 206, 211
1120974.3.peg.382.site.11, 187, 207, 394
1120974.3.peg.382.site.12, 10, 213, 223
1120974.3.peg.382.site.13, 36, 212, 248
1120974.3.peg.382.site.14, 36, 212, 248
1120974.3.peg.382.site.15, 36, 214, 250
1120974.3.peg.382.site.16, 154, 212, 366
1120974.3.peg.382.site.17, 0, 214, 214
1120974.3.peg.382.site.18, 161, 213, 374
1120974.3.peg.381.site.1, 1, 216, 217
1120974.3.peg.381.site.2, 137, 210, 347
1120974.3.peg.381.site.3, 52, 125, 177
1120974.3.peg.381.site.4, 63, 139, 202
1120974.3.peg.381.site.5, 144, 153, 297
1120974.3.peg.381.site.6, 4, 198, 202
1120974.3.peg.381.site.7, 122, 194, 316
1120974.3.peg.381.site.8, 112, 178, 290
1120974.3.peg.381.site.9, 160, 164, 324
1120974.3.peg.381.site.10, 137, 141, 278
1120974.3.peg.381.site.11, 89, 149, 238
1120974.3.peg.381.site.12, 71, 98, 169
1120974.3.peg.381.site.13, 72, 99, 171
1120974.3.peg.381.site.14, 6, 189, 195
1120974.3.peg.381.site.15, 147, 174, 321
1120974.3.peg.381.site.16, 0, 209, 209
1120974.3.peg.381.site.17, 0, 210, 210
1120974.3.peg.381.site.18, 19, 208, 227
1120974.3.peg.381.site.19, 45, 208, 253
1120974.3.peg.381.site.20, 6, 212, 218
1120974.3.peg.381.site.21, 1, 198, 199
1120974.3.peg.380.site.1, 148, 203, 351
1120974.3.peg.380.site.2, 138, 193, 331
1120974.3.peg.380.site.3, 38, 95, 133
1120974.3.peg.380.site.4, 8, 66, 74
1120974.3.peg.380.site.5, 2, 47, 49
1120974.3.peg.380.site.6, 10, 69, 79
1120974.3.peg.380.site.7, 44, 101, 145
1120974.3.peg.380.site.8, 131, 199, 330
1120974.3.peg.380.site.9, 133, 203, 336
1120974.3.peg.380.site.10, 2, 213, 215
1120974.3.peg.380.site.11, 133, 208, 341
1120974.3.peg.380.site.12, 135, 209, 344
1120974.3.peg.380.site.13, 137, 210, 347
1120974.3.peg.380.site.14, 11, 211, 222
1120974.3.peg.380.site.15, 2, 214, 216
1120974.3.peg.2252.site.1, 31, 58, 89
1120974.3.peg.2252.site.2, 22, 46, 68
1120974.3.peg.2252.site.3, 19, 43, 62
1120974.3.peg.2252.site.4, 19, 25, 44
1120974.3.peg.2252.site.5, 6, 30, 36
1120974.3.peg.2252.site.6, 1, 40, 41
1120974.3.peg.2252.site.7, 12, 36, 48
1120974.3.peg.2252.site.8, 17, 59, 76
1120974.3.peg.2252.site.9, 142, 158, 300
1120974.3.peg.2252.site.10, 141, 159, 300
1120974.3.peg.2252.site.11, 0, 174, 174
1120974.3.peg.2252.site.12, 2, 201, 203
1120974.3.peg.2252.site.13, 141, 198, 339
1120974.3.peg.2252.site.14, 120, 178, 298
1120974.3.peg.2252.site.15, 133, 188, 321
1120974.3.peg.2252.site.16, 3, 212, 215
1120974.3.peg.2253.site.1, 0, 187, 187
1120974.3.peg.2253.site.2, 7, 172, 179
1120974.3.peg.2253.site.3, 14, 192, 206
1120974.3.peg.2253.site.4, 180, 205, 385
1120974.3.peg.2253.site.5, 63, 63, 126
1120974.3.peg.2253.site.6, 13, 24, 37
1120974.3.peg.2253.site.7, 13, 149, 162
1120974.3.peg.2253.site.8, 22, 208, 230
1120974.3.peg.2253.site.9, 0, 210, 210
1120974.3.peg.2253.site.10, 3, 210, 213
1120974.3.peg.2253.site.11, 1, 211, 212
1120974.3.peg.2253.site.12, 4, 45, 49
1120974.3.peg.2253.site.13, 105, 146, 251
1120974.3.peg.2253.site.14, 0, 204, 204
1120974.3.peg.2253.site.15, 16, 214, 230
1120974.3.peg.2253.site.16, 0, 216, 216
1120974.3.peg.2253.site.17, 29, 215, 244
1120974.3.peg.2253.site.18, 0, 210, 210
1120974.3.peg.2253.site.19, 196, 211, 407
1120974.3.peg.2253.site.20, 40, 212, 252
1120974.3.peg.2253.site.21, 16, 213, 229
1120974.3.peg.2253.site.22, 3, 215, 218
1120974.3.peg.2250.site.1, 1, 185, 186
1120974.3.peg.2250.site.2, 2, 186, 188
1120974.3.peg.2250.site.3, 3, 215, 218
1120974.3.peg.2250.site.4, 16, 215, 231
1120974.3.peg.2250.site.5, 25, 215, 240
1120974.3.peg.2250.site.6, 0, 213, 213
1120974.3.peg.2250.site.7, 4, 215, 219
1120974.3.peg.2250.site.8, 16, 215, 231
1120974.3.peg.2250.site.9, 20, 210, 230
1120974.3.peg.2250.site.10, 2, 212, 214
1120974.3.peg.2250.site.11, 2, 213, 215
1120974.3.peg.2251.site.1, 183, 215, 398
1120974.3.peg.2251.site.2, 4, 216, 220
1120974.3.peg.2251.site.3, 2, 212, 214
1120974.3.peg.2251.site.4, 24, 209, 233
1120974.3.peg.2251.site.5, 0, 195, 195
1120974.3.peg.2251.site.6, 199, 208, 407
1120974.3.peg.2256.site.1, 106, 213, 319
1120974.3.peg.2256.site.2, 191, 214, 405
1120974.3.peg.2256.site.3, 69, 214, 283
1120974.3.peg.2256.site.4, 15, 214, 229
1120974.3.peg.2256.site.5, 0, 216, 216
1120974.3.peg.2256.site.6, 0, 215, 215
1120974.3.peg.2256.site.7, 0, 215, 215
1120974.3.peg.2256.site.8, 1, 216, 217
1120974.3.peg.2256.site.9, 196, 211, 407
1120974.3.peg.2256.site.10, 0, 216, 216
1120974.3.peg.2256.site.11, 198, 213, 411
1120974.3.peg.2257.site.1, 190, 208, 398
1120974.3.peg.2257.site.2, 2, 208, 210
1120974.3.peg.2257.site.3, 18, 147, 165
1120974.3.peg.2257.site.4, 136, 144, 280
1120974.3.peg.2257.site.5, 2, 214, 216
1120974.3.peg.2257.site.6, 194, 210, 404
1120974.3.peg.2257.site.7, 139, 156, 295
1120974.3.peg.2257.site.8, 7, 31, 38
1120974.3.peg.2257.site.9, 24, 42, 66
1120974.3.peg.2254.site.1, 0, 214, 214
1120974.3.peg.2254.site.2, 16, 214, 230
1120974.3.peg.2254.site.3, 99, 210, 309
1120974.3.peg.2254.site.4, 83, 213, 296
1120974.3.peg.2254.site.5, 0, 214, 214
1120974.3.peg.2254.site.6, 68, 184, 252
1120974.3.peg.2254.site.7, 0, 193, 193
1120974.3.peg.2254.site.8, 112, 193, 305
1120974.3.peg.2254.site.9, 80, 168, 248
1120974.3.peg.2254.site.10, 1, 196, 197
1120974.3.peg.2254.site.11, 6, 203, 209
1120974.3.peg.2254.site.12, 82, 184, 266
1120974.3.peg.2254.site.13, 0, 208, 208
1120974.3.peg.2254.site.14, 16, 213, 229
1120974.3.peg.2254.site.15, 195, 211, 406
1120974.3.peg.2254.site.16, 195, 211, 406
1120974.3.peg.2254.site.17, 200, 213, 413
1120974.3.peg.2254.site.18, 192, 208, 400
1120974.3.peg.2254.site.19, 191, 207, 398
1120974.3.peg.2254.site.20, 189, 205, 394
1120974.3.peg.2254.site.21, 1, 214, 215
1120974.3.peg.2254.site.22, 98, 206, 304
1120974.3.peg.2254.site.23, 1, 210, 211
1120974.3.peg.2254.site.24, 71, 208, 279
1120974.3.peg.2254.site.25, 194, 204, 398
1120974.3.peg.2254.site.26, 0, 202, 202
1120974.3.peg.2254.site.27, 108, 196, 304
1120974.3.peg.2254.site.28, 140, 148, 288
1120974.3.peg.2254.site.29, 38, 146, 184
1120974.3.peg.2254.site.30, 12, 182, 194
1120974.3.peg.2254.site.31, 0, 187, 187
1120974.3.peg.2254.site.32, 187, 187, 374
1120974.3.peg.2254.site.33, 8, 205, 213
1120974.3.peg.2254.site.34, 0, 208, 208
1120974.3.peg.2255.site.1, 1, 195, 196
1120974.3.peg.2255.site.2, 100, 196, 296
1120974.3.peg.2255.site.3, 1, 216, 217
1120974.3.peg.2255.site.4, 1, 215, 216
1120974.3.peg.2255.site.5, 15, 214, 229
1120974.3.peg.2255.site.6, 4, 215, 219
1120974.3.peg.2255.site.7, 4, 215, 219
1120974.3.peg.2255.site.8, 47, 211, 258
1120974.3.peg.2255.site.9, 7, 215, 222
1120974.3.peg.2255.site.10, 11, 215, 226
1120974.3.peg.2255.site.11, 171, 211, 382
1120974.3.peg.2255.site.12, 11, 215, 226
1120974.3.peg.2255.site.13, 150, 210, 360
1120974.3.peg.2255.site.14, 185, 211, 396
1120974.3.peg.2255.site.15, 10, 212, 222
1120974.3.peg.2255.site.16, 204, 210, 414
1120974.3.peg.2255.site.17, 16, 199, 215
1120974.3.peg.2255.site.18, 28, 205, 233
1120974.3.peg.2255.site.19, 17, 206, 223
1120974.3.peg.2255.site.20, 21, 205, 226
1120974.3.peg.2255.site.21, 186, 213, 399
1120974.3.peg.2255.site.22, 0, 214, 214
1120974.3.peg.2255.site.23, 16, 213, 229
1120974.3.peg.2255.site.24, 214, 214, 428
1120974.3.peg.2255.site.25, 150, 180, 330
1120974.3.peg.2255.site.26, 150, 176, 326
1120974.3.peg.2255.site.27, 137, 163, 300
1120974.3.peg.2255.site.28, 53, 141, 194
1120974.3.peg.2255.site.29, 159, 185, 344
1120974.3.peg.2255.site.30, 4, 211, 215
1120974.3.peg.2255.site.31, 4, 214, 218
1120974.3.peg.2255.site.32, 0, 207, 207
1120974.3.peg.2255.site.33, 5, 203, 208
1120974.3.peg.2255.site.34, 67, 203, 270
1120974.3.peg.2255.site.35, 104, 204, 308
1120974.3.peg.2255.site.36, 197, 197, 394
1120974.3.peg.2255.site.37, 71, 201, 272
1120974.3.peg.2255.site.38, 60, 185, 245
1120974.3.peg.2255.site.39, 77, 204, 281
1120974.3.peg.2255.site.40, 79, 207, 286
1120974.3.peg.2255.site.41, 3, 170, 173
1120974.3.peg.2255.site.42, 94, 102, 196
1120974.3.peg.2255.site.43, 25, 36, 61
1120974.3.peg.2255.site.44, 11, 22, 33
1120974.3.peg.2255.site.45, 71, 88, 159
1120974.3.peg.2255.site.46, 166, 173, 339
1120974.3.peg.2255.site.47, 12, 210, 222
1120974.3.peg.2255.site.48, 194, 210, 404
1120974.3.peg.2255.site.49, 125, 209, 334
1120974.3.peg.2708.site.1, 0, 214, 214
1120974.3.peg.2708.site.2, 0, 214, 214
1120974.3.peg.2708.site.3, 31, 212, 243
1120974.3.peg.2708.site.4, 188, 211, 399
1120974.3.peg.2708.site.5, 31, 211, 242
1120974.3.peg.2708.site.6, 193, 212, 405
1120974.3.peg.2708.site.7, 13, 211, 224
1120974.3.peg.2708.site.8, 0, 214, 214
1120974.3.peg.2708.site.9, 31, 213, 244
1120974.3.peg.2708.site.10, 31, 212, 243
1120974.3.peg.2708.site.11, 184, 213, 397
1120974.3.peg.2708.site.12, 0, 216, 216
1120974.3.peg.2708.site.13, 21, 213, 234
1120974.3.peg.2708.site.14, 5, 215, 220
1120974.3.peg.2708.site.15, 47, 209, 256
1120974.3.peg.2708.site.16, 161, 211, 372
1120974.3.peg.2708.site.17, 172, 194, 366
1120974.3.peg.2708.site.18, 19, 41, 60
1120974.3.peg.2708.site.19, 5, 27, 32
1120974.3.peg.2708.site.20, 5, 27, 32
1120974.3.peg.2708.site.21, 4, 22, 26
1120974.3.peg.2708.site.22, 9, 23, 32
1120974.3.peg.2708.site.23, 1, 23, 24
1120974.3.peg.2708.site.24, 1, 23, 24
1120974.3.peg.2708.site.25, 10, 23, 33
1120974.3.peg.2708.site.26, 1, 23, 24
1120974.3.peg.2708.site.27, 2, 25, 27
1120974.3.peg.2708.site.28, 0, 23, 23
1120974.3.peg.2708.site.29, 53, 78, 131
1120974.3.peg.2708.site.30, 0, 212, 212
1120974.3.peg.2708.site.31, 0, 215, 215
1120974.3.peg.2708.site.32, 5, 216, 221
1120974.3.peg.2708.site.33, 4, 216, 220
1120974.3.peg.2708.site.34, 7, 215, 222
1120974.3.peg.2708.site.35, 203, 214, 417
1120974.3.peg.2708.site.36, 185, 213, 398
1120974.3.peg.2708.site.37, 204, 215, 419
1120974.3.peg.2708.site.38, 11, 215, 226
1120974.3.peg.2708.site.39, 0, 213, 213
1120974.3.peg.2708.site.40, 5, 214, 219
1120974.3.peg.2258.site.1, 153, 170, 323
1120974.3.peg.2258.site.2, 17, 75, 92
1120974.3.peg.2258.site.3, 39, 55, 94
1120974.3.peg.2258.site.4, 45, 45, 90
1120974.3.peg.2258.site.5, 5, 31, 36
1120974.3.peg.2258.site.6, 8, 28, 36
1120974.3.peg.2258.site.7, 0, 174, 174
1120974.3.peg.2258.site.8, 2, 215, 217
1120974.3.peg.2258.site.9, 6, 214, 220
1120974.3.peg.2258.site.10, 2, 215, 217
1120974.3.peg.2258.site.11, 7, 212, 219
1120974.3.peg.2258.site.12, 87, 208, 295
1120974.3.peg.2258.site.13, 0, 215, 215
1120974.3.peg.2258.site.14, 0, 216, 216
1120974.3.peg.2258.site.15, 216, 216, 432
1120974.3.peg.2258.site.16, 6, 216, 222
1120974.3.peg.2258.site.17, 6, 216, 222
1120974.3.peg.2258.site.18, 6, 211, 217
1120974.3.peg.2258.site.19, 3, 215, 218
1120974.3.peg.2258.site.20, 84, 208, 292
1120974.3.peg.2258.site.21, 86, 210, 296
1120974.3.peg.2258.site.22, 86, 210, 296
1120974.3.peg.2258.site.23, 195, 212, 407
1120974.3.peg.2258.site.24, 0, 214, 214
1120974.3.peg.2258.site.25, 83, 206, 289
1120974.3.peg.2258.site.26, 0, 208, 208
1120974.3.peg.2258.site.27, 0, 206, 206
1120974.3.peg.2258.site.28, 0, 211, 211
1120974.3.peg.2258.site.29, 0, 214, 214
1120974.3.peg.2258.site.30, 76, 207, 283
1120974.3.peg.2258.site.31, 75, 201, 276
1120974.3.peg.2258.site.32, 182, 206, 388
1120974.3.peg.2258.site.33, 1, 197, 198
1120974.3.peg.2258.site.34, 1, 203, 204
1120974.3.peg.2258.site.35, 0, 203, 203
1120974.3.peg.2258.site.36, 10, 208, 218
1120974.3.peg.2258.site.37, 3, 203, 206
1120974.3.peg.2258.site.38, 3, 141, 144
1120974.3.peg.2258.site.39, 19, 138, 157
1120974.3.peg.2258.site.40, 1, 123, 124
1120974.3.peg.2258.site.41, 4, 213, 217
1120974.3.peg.2258.site.42, 5, 214, 219
1120974.3.peg.2258.site.43, 5, 214, 219
1120974.3.peg.2259.site.1, 105, 213, 318
1120974.3.peg.2259.site.2, 0, 200, 200
1120974.3.peg.2259.site.3, 140, 140, 280
1120974.3.peg.2259.site.4, 3, 134, 137
1120974.3.peg.2259.site.5, 9, 132, 141
1120974.3.peg.2259.site.6, 8, 131, 139
1120974.3.peg.2259.site.7, 0, 136, 136
1120974.3.peg.2259.site.8, 126, 140, 266
1120974.3.peg.2259.site.9, 1, 121, 122
1120974.3.peg.2259.site.10, 85, 85, 170
1120974.3.peg.2259.site.11, 0, 59, 59
1120974.3.peg.2259.site.12, 68, 72, 140
1120974.3.peg.2259.site.13, 1, 137, 138
1120974.3.peg.2259.site.14, 79, 193, 272
1120974.3.peg.2259.site.15, 1, 207, 208
1120974.3.peg.2259.site.16, 0, 206, 206
1120974.3.peg.2259.site.17, 133, 202, 335
1120974.3.peg.2259.site.18, 94, 190, 284
1120974.3.peg.2259.site.19, 145, 167, 312
1120974.3.peg.2259.site.20, 4, 25, 29
1120974.3.peg.2259.site.21, 3, 71, 74
1120974.3.peg.2259.site.22, 4, 26, 30
1120974.3.peg.2259.site.23, 55, 77, 132
1120974.3.peg.2259.site.24, 0, 211, 211
1120974.3.peg.2414.site.1, 60, 189, 249
1120974.3.peg.2414.site.2, 72, 192, 264
1120974.3.peg.2414.site.3, 119, 211, 330
1120974.3.peg.2414.site.4, 4, 216, 220
1120974.3.peg.2414.site.5, 0, 215, 215
1120974.3.peg.2414.site.6, 0, 215, 215
1120974.3.peg.2414.site.7, 116, 209, 325
1120974.3.peg.2414.site.8, 114, 207, 321
1120974.3.peg.2414.site.9, 191, 213, 404
1120974.3.peg.2414.site.10, 5, 216, 221
1120974.3.peg.2414.site.11, 4, 216, 220
1120974.3.peg.2414.site.12, 14, 209, 223
1120974.3.peg.2414.site.13, 79, 104, 183
1120974.3.peg.2414.site.14, 29, 55, 84
1120974.3.peg.2414.site.15, 7, 34, 41
1120974.3.peg.2414.site.16, 6, 32, 38
1120974.3.peg.2414.site.17, 0, 181, 181
1120974.3.peg.2414.site.18, 1, 215, 216
1120974.3.peg.2414.site.19, 1, 215, 216
1120974.3.peg.2414.site.20, 6, 211, 217
1120974.3.peg.2414.site.21, 161, 165, 326
1120974.3.peg.2414.site.22, 20, 48, 68
1120974.3.peg.2415.site.1, 54, 83, 137
1120974.3.peg.2415.site.2, 156, 185, 341
1120974.3.peg.2415.site.3, 188, 211, 399
1120974.3.peg.2415.site.4, 0, 212, 212
1120974.3.peg.2415.site.5, 117, 212, 329
1120974.3.peg.2415.site.6, 0, 206, 206
1120974.3.peg.2415.site.7, 4, 169, 173
1120974.3.peg.2415.site.8, 147, 175, 322
1120974.3.peg.2415.site.9, 0, 212, 212
1120974.3.peg.2415.site.10, 12, 198, 210
1120974.3.peg.2415.site.11, 186, 209, 395
1120974.3.peg.2415.site.12, 188, 211, 399
1120974.3.peg.2415.site.13, 196, 211, 407
1120974.3.peg.2415.site.14, 8, 213, 221
1120974.3.peg.2415.site.15, 0, 214, 214
1120974.3.peg.2416.site.1, 0, 214, 214
1120974.3.peg.2416.site.2, 13, 213, 226
1120974.3.peg.2416.site.3, 1, 216, 217
1120974.3.peg.2416.site.4, 189, 213, 402
1120974.3.peg.2416.site.5, 0, 214, 214
1120974.3.peg.2416.site.6, 177, 213, 390
1120974.3.peg.2416.site.7, 13, 214, 227
1120974.3.peg.2416.site.8, 0, 212, 212
1120974.3.peg.2416.site.9, 169, 203, 372
1120974.3.peg.2416.site.10, 159, 191, 350
1120974.3.peg.2416.site.11, 0, 198, 198
1120974.3.peg.2416.site.12, 0, 204, 204
1120974.3.peg.2416.site.13, 175, 212, 387
1120974.3.peg.2416.site.14, 26, 213, 239
1120974.3.peg.2416.site.15, 173, 211, 384
1120974.3.peg.2416.site.16, 166, 204, 370
1120974.3.peg.2416.site.17, 189, 215, 404
1120974.3.peg.2416.site.18, 11, 214, 225
1120974.3.peg.2416.site.19, 178, 212, 390
1120974.3.peg.2417.site.1, 0, 215, 215
1120974.3.peg.2417.site.2, 0, 216, 216
1120974.3.peg.2417.site.3, 180, 213, 393
1120974.3.peg.2417.site.4, 181, 214, 395
1120974.3.peg.2410.site.1, 1, 216, 217
1120974.3.peg.2410.site.2, 10, 213, 223
1120974.3.peg.2410.site.3, 62, 212, 274
1120974.3.peg.2410.site.4, 0, 209, 209
1120974.3.peg.2410.site.5, 22, 205, 227
1120974.3.peg.2410.site.6, 4, 212, 216
1120974.3.peg.2410.site.7, 22, 207, 229
1120974.3.peg.2410.site.8, 35, 204, 239
1120974.3.peg.2410.site.9, 132, 201, 333
1120974.3.peg.2410.site.10, 128, 197, 325
1120974.3.peg.2410.site.11, 145, 198, 343
1120974.3.peg.2410.site.12, 118, 184, 302
1120974.3.peg.2410.site.13, 119, 183, 302
1120974.3.peg.2410.site.14, 21, 188, 209
1120974.3.peg.2410.site.15, 137, 189, 326
1120974.3.peg.2410.site.16, 1, 185, 186
1120974.3.peg.2410.site.17, 145, 209, 354
1120974.3.peg.2410.site.18, 1, 214, 215
1120974.3.peg.2410.site.19, 203, 215, 418
1120974.3.peg.2411.site.1, 20, 214, 234
1120974.3.peg.2411.site.2, 20, 215, 235
1120974.3.peg.2411.site.3, 0, 216, 216
1120974.3.peg.2411.site.4, 51, 213, 264
1120974.3.peg.2411.site.5, 19, 208, 227
1120974.3.peg.2411.site.6, 115, 193, 308
1120974.3.peg.2411.site.7, 0, 161, 161
1120974.3.peg.2411.site.8, 2, 153, 155
1120974.3.peg.2411.site.9, 0, 184, 184
1120974.3.peg.2411.site.10, 3, 191, 194
1120974.3.peg.2411.site.11, 0, 205, 205
1120974.3.peg.2411.site.12, 2, 201, 203
1120974.3.peg.2411.site.13, 0, 210, 210
1120974.3.peg.2411.site.14, 135, 205, 340
1120974.3.peg.2411.site.15, 1, 207, 208
1120974.3.peg.2411.site.16, 144, 200, 344
1120974.3.peg.2411.site.17, 105, 162, 267
1120974.3.peg.2411.site.18, 22, 211, 233
1120974.3.peg.2411.site.19, 187, 210, 397
1120974.3.peg.2411.site.20, 189, 211, 400
1120974.3.peg.2411.site.21, 122, 209, 331
1120974.3.peg.2411.site.22, 64, 212, 276
1120974.3.peg.2411.site.23, 188, 210, 398
1120974.3.peg.2411.site.24, 2, 209, 211
1120974.3.peg.2411.site.25, 2, 204, 206
1120974.3.peg.2412.site.1, 11, 214, 225
1120974.3.peg.2412.site.2, 2, 214, 216
1120974.3.peg.2412.site.3, 141, 211, 352
1120974.3.peg.2412.site.4, 0, 215, 215
1120974.3.peg.2412.site.5, 5, 215, 220
1120974.3.peg.2412.site.6, 152, 210, 362
1120974.3.peg.2412.site.7, 127, 206, 333
1120974.3.peg.2412.site.8, 62, 210, 272
1120974.3.peg.2412.site.9, 1, 212, 213
1120974.3.peg.2412.site.10, 5, 214, 219
1120974.3.peg.2412.site.11, 7, 207, 214
1120974.3.peg.2412.site.12, 5, 209, 214
1120974.3.peg.2412.site.13, 110, 200, 310
1120974.3.peg.2412.site.14, 187, 210, 397
1120974.3.peg.2412.site.15, 184, 207, 391
1120974.3.peg.2413.site.1, 0, 214, 214
1120974.3.peg.2413.site.2, 9, 214, 223
1120974.3.peg.2413.site.3, 5, 216, 221
1120974.3.peg.2413.site.4, 182, 206, 388
1120974.3.peg.2413.site.5, 211, 213, 424
1120974.3.peg.2418.site.1, 4, 215, 219
1120974.3.peg.2418.site.2, 4, 215, 219
1120974.3.peg.2418.site.3, 4, 214, 218
1120974.3.peg.2418.site.4, 7, 215, 222
1120974.3.peg.2418.site.5, 1, 211, 212
1120974.3.peg.2418.site.6, 181, 211, 392
1120974.3.peg.2418.site.7, 0, 212, 212
1120974.3.peg.2418.site.8, 180, 209, 389
1120974.3.peg.2418.site.9, 3, 215, 218
1120974.3.peg.2418.site.10, 4, 216, 220
1120974.3.peg.2418.site.11, 164, 198, 362
1120974.3.peg.2418.site.12, 78, 114, 192
1120974.3.peg.2418.site.13, 133, 167, 300
1120974.3.peg.2418.site.14, 198, 214, 412
1120974.3.peg.2418.site.15, 0, 214, 214
1120974.3.peg.2418.site.16, 179, 214, 393
1120974.3.peg.2418.site.17, 181, 213, 394
1120974.3.peg.2418.site.18, 214, 216, 430
1120974.3.peg.2418.site.19, 1, 216, 217
1120974.3.peg.2418.site.20, 7, 215, 222
1120974.3.peg.2419.site.1, 152, 212, 364
1120974.3.peg.2419.site.2, 143, 213, 356
1120974.3.peg.2419.site.3, 154, 213, 367
1120974.3.peg.2419.site.4, 153, 211, 364
1120974.3.peg.2419.site.5, 5, 216, 221
1120974.3.peg.3099.site.1, 1, 103, 104
1120974.3.peg.3099.site.2, 71, 103, 174
1120974.3.peg.3099.site.3, 7, 38, 45
1120974.3.peg.3099.site.4, 8, 38, 46
1120974.3.peg.3099.site.5, 0, 169, 169
1120974.3.peg.3099.site.6, 26, 214, 240
1120974.3.peg.3099.site.7, 16, 213, 229
1120974.3.peg.3099.site.8, 162, 165, 327
1120974.3.peg.3099.site.9, 16, 159, 175
1120974.3.peg.3099.site.10, 5, 33, 38
1120974.3.peg.3099.site.11, 26, 52, 78
1120974.3.peg.3099.site.12, 27, 147, 174
1120974.3.peg.3099.site.13, 66, 96, 162
1120974.3.peg.3099.site.14, 24, 54, 78
1120974.3.peg.3099.site.15, 19, 48, 67
1120974.3.peg.3099.site.16, 111, 194, 305
1120974.3.peg.3099.site.17, 2, 215, 217
1120974.3.peg.3098.site.1, 173, 205, 378
1120974.3.peg.3098.site.2, 0, 209, 209
1120974.3.peg.3098.site.3, 61, 209, 270
1120974.3.peg.3098.site.4, 178, 211, 389
1120974.3.peg.3098.site.5, 112, 207, 319
1120974.3.peg.3098.site.6, 10, 215, 225
1120974.3.peg.3098.site.7, 114, 210, 324
1120974.3.peg.3098.site.8, 114, 210, 324
1120974.3.peg.3098.site.9, 0, 211, 211
1120974.3.peg.3098.site.10, 62, 213, 275
1120974.3.peg.3098.site.11, 127, 210, 337
1120974.3.peg.3098.site.12, 62, 213, 275
1120974.3.peg.3098.site.13, 62, 210, 272
1120974.3.peg.3098.site.14, 116, 213, 329
1120974.3.peg.3098.site.15, 117, 211, 328
1120974.3.peg.3098.site.16, 0, 216, 216
1120974.3.peg.3098.site.17, 0, 216, 216
1120974.3.peg.3098.site.18, 215, 215, 430
1120974.3.peg.3097.site.1, 72, 209, 281
1120974.3.peg.3096.site.1, 1, 152, 153
1120974.3.peg.3096.site.2, 12, 187, 199
1120974.3.peg.3096.site.3, 4, 209, 213
1120974.3.peg.3096.site.4, 1, 208, 209
1120974.3.peg.3096.site.5, 136, 138, 274
1120974.3.peg.3096.site.6, 120, 203, 323
1120974.3.peg.3096.site.7, 107, 190, 297
1120974.3.peg.3096.site.8, 3, 209, 212
1120974.3.peg.3096.site.9, 3, 210, 213
1120974.3.peg.3096.site.10, 118, 201, 319
1120974.3.peg.3096.site.11, 5, 205, 210
1120974.3.peg.3096.site.12, 143, 206, 349
1120974.3.peg.3096.site.13, 1, 213, 214
1120974.3.peg.3096.site.14, 1, 213, 214
1120974.3.peg.3096.site.15, 1, 213, 214
1120974.3.peg.3096.site.16, 177, 207, 384
1120974.3.peg.3096.site.17, 0, 211, 211
1120974.3.peg.3096.site.18, 178, 207, 385
1120974.3.peg.3096.site.19, 19, 208, 227
1120974.3.peg.3096.site.20, 0, 209, 209
1120974.3.peg.3096.site.21, 20, 209, 229
1120974.3.peg.3096.site.22, 53, 211, 264
1120974.3.peg.3096.site.23, 1, 211, 212
1120974.3.peg.3096.site.24, 0, 211, 211
1120974.3.peg.3096.site.25, 1, 209, 210
1120974.3.peg.3096.site.26, 0, 209, 209
1120974.3.peg.3096.site.27, 5, 212, 217
1120974.3.peg.3096.site.28, 2, 211, 213
1120974.3.peg.3096.site.29, 2, 213, 215
1120974.3.peg.3096.site.30, 3, 214, 217
1120974.3.peg.3096.site.31, 78, 211, 289
1120974.3.peg.3096.site.32, 207, 211, 418
1120974.3.peg.3096.site.33, 125, 210, 335
1120974.3.peg.3096.site.34, 4, 214, 218
1120974.3.peg.3096.site.35, 178, 208, 386
1120974.3.peg.3096.site.36, 188, 209, 397
1120974.3.peg.3096.site.37, 178, 208, 386
1120974.3.peg.3096.site.38, 153, 183, 336
1120974.3.peg.3095.site.1, 49, 214, 263
1120974.3.peg.3095.site.2, 93, 214, 307
1120974.3.peg.3095.site.3, 47, 212, 259
1120974.3.peg.3095.site.4, 0, 216, 216
1120974.3.peg.3095.site.5, 142, 212, 354
1120974.3.peg.3095.site.6, 143, 214, 357
1120974.3.peg.3095.site.7, 80, 215, 295
1120974.3.peg.3095.site.8, 62, 214, 276
1120974.3.peg.3095.site.9, 0, 216, 216
1120974.3.peg.3095.site.10, 62, 214, 276
1120974.3.peg.3095.site.11, 9, 214, 223
1120974.3.peg.3095.site.12, 138, 210, 348
1120974.3.peg.3095.site.13, 134, 205, 339
1120974.3.peg.3095.site.14, 67, 199, 266
1120974.3.peg.3095.site.15, 46, 201, 247
1120974.3.peg.3095.site.16, 107, 201, 308
1120974.3.peg.3095.site.17, 76, 208, 284
1120974.3.peg.3095.site.18, 9, 214, 223
1120974.3.peg.3095.site.19, 128, 211, 339
1120974.3.peg.3095.site.20, 62, 207, 269
1120974.3.peg.3095.site.21, 62, 210, 272
1120974.3.peg.3095.site.22, 43, 211, 254
1120974.3.peg.3095.site.23, 125, 212, 337
1120974.3.peg.3095.site.24, 0, 210, 210
1120974.3.peg.3095.site.25, 17, 215, 232
1120974.3.peg.3095.site.26, 25, 214, 239
1120974.3.peg.3095.site.27, 77, 213, 290
1120974.3.peg.3095.site.28, 1, 216, 217
1120974.3.peg.3094.site.1, 114, 182, 296
1120974.3.peg.3094.site.2, 52, 167, 219
1120974.3.peg.3094.site.3, 40, 155, 195
1120974.3.peg.3094.site.4, 0, 181, 181
1120974.3.peg.3094.site.5, 45, 199, 244
1120974.3.peg.3094.site.6, 46, 216, 262
1120974.3.peg.3094.site.7, 46, 216, 262
1120974.3.peg.3094.site.8, 208, 214, 422
1120974.3.peg.3094.site.9, 46, 210, 256
1120974.3.peg.3094.site.10, 41, 194, 235
1120974.3.peg.3094.site.11, 0, 210, 210
1120974.3.peg.3094.site.12, 2, 215, 217
1120974.3.peg.3094.site.13, 0, 215, 215
1120974.3.peg.3094.site.14, 143, 214, 357
1120974.3.peg.3093.site.1, 1, 215, 216
1120974.3.peg.3093.site.2, 61, 214, 275
1120974.3.peg.3093.site.3, 1, 215, 216
1120974.3.peg.3093.site.4, 0, 215, 215
1120974.3.peg.3093.site.5, 116, 212, 328
1120974.3.peg.3093.site.6, 4, 209, 213
1120974.3.peg.3093.site.7, 107, 176, 283
1120974.3.peg.3093.site.8, 111, 180, 291
1120974.3.peg.3093.site.9, 119, 187, 306
1120974.3.peg.3093.site.10, 4, 184, 188
1120974.3.peg.3093.site.11, 57, 154, 211
1120974.3.peg.3093.site.12, 55, 162, 217
1120974.3.peg.3093.site.13, 146, 209, 355
1120974.3.peg.3093.site.14, 10, 214, 224
1120974.3.peg.3093.site.15, 144, 209, 353
1120974.3.peg.3093.site.16, 2, 216, 218
1120974.3.peg.3093.site.17, 0, 215, 215
1120974.3.peg.3093.site.18, 146, 212, 358
1120974.3.peg.3093.site.19, 74, 194, 268
1120974.3.peg.3093.site.20, 82, 201, 283
1120974.3.peg.3093.site.21, 2, 203, 205
1120974.3.peg.3093.site.22, 83, 193, 276
1120974.3.peg.3093.site.23, 86, 198, 284
1120974.3.peg.3093.site.24, 43, 206, 249
1120974.3.peg.3093.site.25, 1, 212, 213
1120974.3.peg.3093.site.26, 94, 199, 293
1120974.3.peg.3093.site.27, 18, 87, 105
1120974.3.peg.3093.site.28, 64, 83, 147
1120974.3.peg.3093.site.29, 82, 88, 170
1120974.3.peg.3093.site.30, 75, 138, 213
1120974.3.peg.3093.site.31, 141, 209, 350
1120974.3.peg.3093.site.32, 144, 212, 356
1120974.3.peg.3093.site.33, 153, 212, 365
1120974.3.peg.3092.site.1, 145, 212, 357
1120974.3.peg.3092.site.2, 17, 179, 196
1120974.3.peg.3092.site.3, 76, 184, 260
1120974.3.peg.3092.site.4, 145, 212, 357
1120974.3.peg.3092.site.5, 38, 213, 251
1120974.3.peg.3092.site.6, 150, 212, 362
1120974.3.peg.3092.site.7, 25, 153, 178
1120974.3.peg.3092.site.8, 12, 141, 153
1120974.3.peg.3092.site.9, 25, 152, 177
1120974.3.peg.3092.site.10, 31, 156, 187
1120974.3.peg.3092.site.11, 44, 213, 257
1120974.3.peg.3092.site.12, 61, 213, 274
1120974.3.peg.3092.site.13, 38, 212, 250
1120974.3.peg.3092.site.14, 144, 210, 354
1120974.3.peg.3092.site.15, 145, 211, 356
1120974.3.peg.3092.site.16, 0, 215, 215
1120974.3.peg.3092.site.17, 38, 206, 244
1120974.3.peg.3092.site.18, 0, 205, 205
1120974.3.peg.3092.site.19, 142, 209, 351
1120974.3.peg.3092.site.20, 128, 195, 323
1120974.3.peg.3092.site.21, 0, 186, 186
1120974.3.peg.3092.site.22, 128, 171, 299
1120974.3.peg.3092.site.23, 72, 136, 208
1120974.3.peg.3092.site.24, 7, 177, 184
1120974.3.peg.3092.site.25, 11, 180, 191
1120974.3.peg.3092.site.26, 132, 191, 323
1120974.3.peg.3092.site.27, 82, 214, 296
1120974.3.peg.3092.site.28, 214, 216, 430
1120974.3.peg.3092.site.29, 1, 211, 212
1120974.3.peg.3092.site.30, 0, 212, 212
1120974.3.peg.3092.site.31, 62, 213, 275
1120974.3.peg.3092.site.32, 80, 206, 286
1120974.3.peg.3091.site.1, 7, 29, 36
1120974.3.peg.3091.site.2, 14, 22, 36
1120974.3.peg.3091.site.3, 4, 7, 11
1120974.3.peg.3091.site.4, 8, 11, 19
1120974.3.peg.3091.site.5, 2, 21, 23
1120974.3.peg.3091.site.6, 5, 56, 61
1120974.3.peg.3091.site.7, 0, 193, 193
1120974.3.peg.3091.site.8, 2, 209, 211
1120974.3.peg.3091.site.9, 191, 212, 403
1120974.3.peg.3091.site.10, 189, 213, 402
1120974.3.peg.3091.site.11, 210, 216, 426
1120974.3.peg.3091.site.12, 10, 214, 224
1120974.3.peg.3091.site.13, 120, 203, 323
1120974.3.peg.3091.site.14, 18, 213, 231
1120974.3.peg.3091.site.15, 3, 213, 216
1120974.3.peg.3091.site.16, 4, 215, 219
1120974.3.peg.3091.site.17, 207, 209, 416
1120974.3.peg.3091.site.18, 4, 210, 214
1120974.3.peg.3091.site.19, 67, 200, 267
1120974.3.peg.3091.site.20, 202, 212, 414
1120974.3.peg.3091.site.21, 59, 209, 268
1120974.3.peg.3091.site.22, 54, 205, 259
1120974.3.peg.3091.site.23, 82, 147, 229
1120974.3.peg.3091.site.24, 100, 170, 270
1120974.3.peg.3091.site.25, 52, 154, 206
1120974.3.peg.3091.site.26, 1, 166, 167
1120974.3.peg.3091.site.27, 168, 176, 344
1120974.3.peg.3091.site.28, 39, 178, 217
1120974.3.peg.3091.site.29, 0, 169, 169
1120974.3.peg.3091.site.30, 0, 191, 191
1120974.3.peg.3091.site.31, 47, 202, 249
1120974.3.peg.3091.site.32, 43, 207, 250
1120974.3.peg.3091.site.33, 1, 214, 215
1120974.3.peg.3071.site.1, 90, 210, 300
1120974.3.peg.3071.site.2, 90, 211, 301
1120974.3.peg.3071.site.3, 93, 205, 298
1120974.3.peg.3071.site.4, 0, 214, 214
1120974.3.peg.3071.site.5, 72, 212, 284
1120974.3.peg.3071.site.6, 71, 209, 280
1120974.3.peg.3071.site.7, 196, 215, 411
1120974.3.peg.3071.site.8, 125, 211, 336
1120974.3.peg.3071.site.9, 75, 209, 284
1120974.3.peg.3071.site.10, 73, 212, 285
1120974.3.peg.3071.site.11, 88, 204, 292
1120974.3.peg.3071.site.12, 2, 209, 211
1120974.3.peg.3071.site.13, 186, 210, 396
1120974.3.peg.3071.site.14, 203, 213, 416
1120974.3.peg.3071.site.15, 133, 211, 344
1120974.3.peg.3071.site.16, 32, 110, 142
1120974.3.peg.3071.site.17, 8, 86, 94
1120974.3.peg.3071.site.18, 10, 88, 98
1120974.3.peg.3071.site.19, 13, 91, 104
1120974.3.peg.3071.site.20, 56, 104, 160
1120974.3.peg.3071.site.21, 42, 118, 160
1120974.3.peg.3071.site.22, 0, 207, 207
1120974.3.peg.3071.site.23, 9, 213, 222
1120974.3.peg.3071.site.24, 5, 214, 219
1120974.3.peg.3071.site.25, 0, 213, 213
1120974.3.peg.3071.site.26, 149, 210, 359
1120974.3.peg.3071.site.27, 136, 211, 347
1120974.3.peg.3071.site.28, 64, 211, 275
1120974.3.peg.3070.site.1, 14, 215, 229
1120974.3.peg.3070.site.2, 10, 214, 224
1120974.3.peg.3070.site.3, 211, 214, 425
1120974.3.peg.3070.site.4, 71, 212, 283
1120974.3.peg.3070.site.5, 0, 215, 215
1120974.3.peg.3070.site.6, 10, 214, 224
1120974.3.peg.3070.site.7, 186, 212, 398
1120974.3.peg.3070.site.8, 69, 212, 281
1120974.3.peg.3070.site.9, 122, 209, 331
1120974.3.peg.3070.site.10, 0, 214, 214
1120974.3.peg.3073.site.1, 0, 215, 215
1120974.3.peg.3073.site.2, 63, 213, 276
1120974.3.peg.3073.site.3, 63, 214, 277
1120974.3.peg.3073.site.4, 65, 212, 277
1120974.3.peg.3073.site.5, 65, 212, 277
1120974.3.peg.3073.site.6, 0, 205, 205
1120974.3.peg.3072.site.1, 153, 213, 366
1120974.3.peg.3072.site.2, 3, 216, 219
1120974.3.peg.3072.site.3, 4, 216, 220
1120974.3.peg.3072.site.4, 0, 216, 216
1120974.3.peg.3072.site.5, 0, 215, 215
1120974.3.peg.3072.site.6, 4, 215, 219
1120974.3.peg.3072.site.7, 4, 216, 220
1120974.3.peg.3072.site.8, 10, 181, 191
1120974.3.peg.3072.site.9, 5, 191, 196
1120974.3.peg.3072.site.10, 144, 207, 351
1120974.3.peg.3072.site.11, 0, 216, 216
1120974.3.peg.3072.site.12, 36, 212, 248
1120974.3.peg.3072.site.13, 37, 214, 251
1120974.3.peg.3072.site.14, 141, 163, 304
1120974.3.peg.3072.site.15, 41, 63, 104
1120974.3.peg.3072.site.16, 4, 26, 30
1120974.3.peg.3072.site.17, 1, 23, 24
1120974.3.peg.3072.site.18, 2, 23, 25
1120974.3.peg.3072.site.19, 7, 23, 30
1120974.3.peg.3072.site.20, 1, 22, 23
1120974.3.peg.3072.site.21, 0, 21, 21
1120974.3.peg.3072.site.22, 1, 23, 24
1120974.3.peg.3072.site.23, 4, 153, 157
1120974.3.peg.3072.site.24, 3, 167, 170
1120974.3.peg.3072.site.25, 29, 185, 214
1120974.3.peg.3072.site.26, 177, 197, 374
1120974.3.peg.3072.site.27, 182, 202, 384
1120974.3.peg.3072.site.28, 4, 205, 209
1120974.3.peg.3072.site.29, 0, 204, 204
1120974.3.peg.3072.site.30, 10, 165, 175
1120974.3.peg.3072.site.31, 17, 162, 179
1120974.3.peg.3072.site.32, 128, 147, 275
1120974.3.peg.3072.site.33, 2, 152, 154
1120974.3.peg.3072.site.34, 3, 152, 155
1120974.3.peg.3072.site.35, 1, 158, 159
1120974.3.peg.3072.site.36, 0, 158, 158
1120974.3.peg.3072.site.37, 2, 156, 158
1120974.3.peg.3072.site.38, 1, 157, 158
1120974.3.peg.3072.site.39, 149, 156, 305
1120974.3.peg.3072.site.40, 14, 58, 72
1120974.3.peg.3072.site.41, 8, 34, 42
1120974.3.peg.3072.site.42, 12, 27, 39
1120974.3.peg.3072.site.43, 12, 28, 40
1120974.3.peg.3072.site.44, 20, 47, 67
1120974.3.peg.3072.site.45, 11, 72, 83
1120974.3.peg.3072.site.46, 0, 99, 99
1120974.3.peg.3072.site.47, 72, 98, 170
1120974.3.peg.3072.site.48, 51, 119, 170
1120974.3.peg.3072.site.49, 66, 214, 280
1120974.3.peg.3072.site.50, 212, 214, 426
1120974.3.peg.3072.site.51, 0, 205, 205
1120974.3.peg.3072.site.52, 17, 175, 192
1120974.3.peg.3072.site.53, 22, 170, 192
1120974.3.peg.3072.site.54, 4, 176, 180
1120974.3.peg.3072.site.55, 7, 181, 188
1120974.3.peg.3072.site.56, 4, 189, 193
1120974.3.peg.3072.site.57, 44, 197, 241
1120974.3.peg.3072.site.58, 45, 196, 241
1120974.3.peg.3072.site.59, 148, 172, 320
1120974.3.peg.3072.site.60, 28, 177, 205
1120974.3.peg.3072.site.61, 1, 154, 155
1120974.3.peg.3072.site.62, 2, 155, 157
1120974.3.peg.3072.site.63, 1, 154, 155
1120974.3.peg.3072.site.64, 0, 155, 155
1120974.3.peg.3072.site.65, 16, 169, 185
1120974.3.peg.3072.site.66, 71, 198, 269
1120974.3.peg.3072.site.67, 10, 215, 225
1120974.3.peg.3072.site.68, 63, 211, 274
1120974.3.peg.3075.site.1, 125, 201, 326
1120974.3.peg.3075.site.2, 9, 211, 220
1120974.3.peg.3075.site.3, 2, 209, 211
1120974.3.peg.3075.site.4, 4, 203, 207
1120974.3.peg.3075.site.5, 9, 205, 214
1120974.3.peg.3075.site.6, 1, 209, 210
1120974.3.peg.3075.site.7, 177, 177, 354
1120974.3.peg.3075.site.8, 22, 165, 187
1120974.3.peg.3075.site.9, 106, 145, 251
1120974.3.peg.3075.site.10, 0, 184, 184
1120974.3.peg.3074.site.1, 0, 213, 213
1120974.3.peg.3074.site.2, 178, 200, 378
1120974.3.peg.3074.site.3, 168, 190, 358
1120974.3.peg.3074.site.4, 178, 200, 378
1120974.3.peg.3074.site.5, 187, 207, 394
1120974.3.peg.3074.site.6, 67, 213, 280
1120974.3.peg.3074.site.7, 67, 213, 280
1120974.3.peg.3074.site.8, 68, 214, 282
1120974.3.peg.3074.site.9, 209, 216, 425
1120974.3.peg.3074.site.10, 73, 214, 287
1120974.3.peg.3074.site.11, 9, 215, 224
1120974.3.peg.3074.site.12, 0, 215, 215
1120974.3.peg.3074.site.13, 196, 198, 394
1120974.3.peg.3074.site.14, 1, 195, 196
1120974.3.peg.3074.site.15, 0, 204, 204
1120974.3.peg.3074.site.16, 65, 203, 268
1120974.3.peg.3077.site.1, 171, 185, 356
1120974.3.peg.3077.site.2, 0, 191, 191
1120974.3.peg.3077.site.3, 79, 178, 257
1120974.3.peg.3077.site.4, 167, 195, 362
1120974.3.peg.3077.site.5, 170, 198, 368
1120974.3.peg.3077.site.6, 178, 206, 384
1120974.3.peg.3077.site.7, 0, 213, 213
1120974.3.peg.3077.site.8, 185, 210, 395
1120974.3.peg.3077.site.9, 182, 207, 389
1120974.3.peg.3077.site.10, 4, 204, 208
1120974.3.peg.3077.site.11, 60, 165, 225
1120974.3.peg.3077.site.12, 153, 179, 332
1120974.3.peg.3077.site.13, 169, 194, 363
1120974.3.peg.3077.site.14, 169, 195, 364
1120974.3.peg.3077.site.15, 96, 206, 302
1120974.3.peg.3077.site.16, 0, 211, 211
1120974.3.peg.3077.site.17, 175, 199, 374
1120974.3.peg.3077.site.18, 151, 177, 328
1120974.3.peg.3077.site.19, 169, 195, 364
1120974.3.peg.3077.site.20, 169, 195, 364
1120974.3.peg.3077.site.21, 1, 216, 217
1120974.3.peg.3077.site.22, 1, 216, 217
1120974.3.peg.3077.site.23, 143, 209, 352
1120974.3.peg.3077.site.24, 2, 215, 217
1120974.3.peg.3077.site.25, 144, 210, 354
1120974.3.peg.3077.site.26, 185, 210, 395
1120974.3.peg.3077.site.27, 178, 203, 381
1120974.3.peg.3077.site.28, 0, 186, 186
1120974.3.peg.3077.site.29, 23, 83, 106
1120974.3.peg.3077.site.30, 100, 136, 236
1120974.3.peg.3077.site.31, 188, 213, 401
1120974.3.peg.3076.site.1, 2, 203, 205
1120974.3.peg.3076.site.2, 182, 194, 376
1120974.3.peg.3076.site.3, 0, 171, 171
1120974.3.peg.3076.site.4, 1, 130, 131
1120974.3.peg.3076.site.5, 0, 128, 128
1120974.3.peg.3076.site.6, 30, 144, 174
1120974.3.peg.3076.site.7, 39, 158, 197
1120974.3.peg.3076.site.8, 3, 189, 192
1120974.3.peg.3076.site.9, 2, 213, 215
1120974.3.peg.3076.site.10, 75, 207, 282
1120974.3.peg.3076.site.11, 110, 206, 316
1120974.3.peg.3076.site.12, 2, 214, 216
1120974.3.peg.3076.site.13, 128, 214, 342
1120974.3.peg.3076.site.14, 120, 213, 333
1120974.3.peg.3076.site.15, 212, 214, 426
1120974.3.peg.3076.site.16, 124, 212, 336
1120974.3.peg.3076.site.17, 208, 214, 422
1120974.3.peg.3076.site.18, 4, 215, 219
1120974.3.peg.3076.site.19, 4, 215, 219
1120974.3.peg.3076.site.20, 0, 216, 216
1120974.3.peg.3076.site.21, 122, 211, 333
1120974.3.peg.3076.site.22, 0, 215, 215
1120974.3.peg.3076.site.23, 2, 210, 212
1120974.3.peg.3076.site.24, 72, 198, 270
1120974.3.peg.3076.site.25, 41, 150, 191
1120974.3.peg.3076.site.26, 2, 214, 216
1120974.3.peg.3076.site.27, 98, 121, 219
1120974.3.peg.3076.site.28, 2, 177, 179
1120974.3.peg.3076.site.29, 0, 215, 215
1120974.3.peg.3076.site.30, 187, 213, 400
1120974.3.peg.3076.site.31, 187, 209, 396
1120974.3.peg.3076.site.32, 80, 208, 288
1120974.3.peg.3076.site.33, 200, 213, 413
1120974.3.peg.3076.site.34, 1, 214, 215
1120974.3.peg.3079.site.1, 51, 75, 126
1120974.3.peg.3079.site.2, 108, 142, 250
1120974.3.peg.3079.site.3, 112, 146, 258
1120974.3.peg.3079.site.4, 119, 209, 328
1120974.3.peg.3079.site.5, 179, 213, 392
1120974.3.peg.3079.site.6, 0, 214, 214
1120974.3.peg.3079.site.7, 164, 201, 365
1120974.3.peg.3079.site.8, 58, 95, 153
1120974.3.peg.3079.site.9, 34, 71, 105
1120974.3.peg.3079.site.10, 36, 72, 108
1120974.3.peg.3079.site.11, 4, 183, 187
1120974.3.peg.3079.site.12, 52, 87, 139
1120974.3.peg.3079.site.13, 45, 79, 124
1120974.3.peg.3079.site.14, 28, 63, 91
1120974.3.peg.3079.site.15, 5, 141, 146
1120974.3.peg.3079.site.16, 137, 165, 302
1120974.3.peg.3079.site.17, 125, 151, 276
1120974.3.peg.3079.site.18, 8, 152, 160
1120974.3.peg.3079.site.19, 158, 188, 346
1120974.3.peg.3079.site.20, 134, 164, 298
1120974.3.peg.3079.site.21, 120, 149, 269
1120974.3.peg.3079.site.22, 119, 146, 265
1120974.3.peg.3079.site.23, 102, 132, 234
1120974.3.peg.3079.site.24, 128, 152, 280
1120974.3.peg.3079.site.25, 2, 195, 197
1120974.3.peg.3079.site.26, 157, 189, 346
1120974.3.peg.3079.site.27, 114, 195, 309
1120974.3.peg.3079.site.28, 181, 211, 392
1120974.3.peg.3079.site.29, 178, 207, 385
1120974.3.peg.3079.site.30, 82, 209, 291
1120974.3.peg.3079.site.31, 184, 210, 394
1120974.3.peg.3079.site.32, 182, 208, 390
1120974.3.peg.3079.site.33, 15, 205, 220
1120974.3.peg.3079.site.34, 12, 199, 211
1120974.3.peg.3079.site.35, 166, 193, 359
1120974.3.peg.3079.site.36, 0, 183, 183
1120974.3.peg.3079.site.37, 91, 121, 212
1120974.3.peg.3079.site.38, 73, 101, 174
1120974.3.peg.3079.site.39, 56, 84, 140
1120974.3.peg.3079.site.40, 58, 86, 144
1120974.3.peg.3079.site.41, 64, 88, 152
1120974.3.peg.3079.site.42, 24, 114, 138
1120974.3.peg.3079.site.43, 5, 125, 130
1120974.3.peg.3079.site.44, 37, 136, 173
1120974.3.peg.3079.site.45, 138, 160, 298
1120974.3.peg.3079.site.46, 79, 183, 262
1120974.3.peg.3079.site.47, 1, 210, 211
1120974.3.peg.3079.site.48, 100, 206, 306
1120974.3.peg.3079.site.49, 101, 207, 308
1120974.3.peg.3079.site.50, 3, 215, 218
1120974.3.peg.3079.site.51, 3, 215, 218
1120974.3.peg.3079.site.52, 4, 216, 220
1120974.3.peg.3079.site.53, 106, 210, 316
1120974.3.peg.3079.site.54, 86, 191, 277
1120974.3.peg.3079.site.55, 60, 165, 225
1120974.3.peg.3079.site.56, 40, 143, 183
1120974.3.peg.3079.site.57, 1, 38, 39
1120974.3.peg.3079.site.58, 2, 27, 29
1120974.3.peg.3079.site.59, 16, 39, 55
1120974.3.peg.3079.site.60, 4, 58, 62
1120974.3.peg.3079.site.61, 62, 104, 166
1120974.3.peg.3079.site.62, 100, 143, 243
1120974.3.peg.3079.site.63, 146, 154, 300
1120974.3.peg.3079.site.64, 126, 168, 294
1120974.3.peg.3079.site.65, 185, 213, 398
1120974.3.peg.3078.site.1, 138, 157, 295
1120974.3.peg.3078.site.2, 139, 166, 305
1120974.3.peg.3078.site.3, 123, 195, 318
1120974.3.peg.3078.site.4, 198, 212, 410
1120974.3.peg.3078.site.5, 197, 213, 410
1120974.3.peg.3078.site.6, 193, 209, 402
1120974.3.peg.3078.site.7, 185, 201, 386
1120974.3.peg.3078.site.8, 3, 19, 22
1120974.3.peg.3078.site.9, 2, 91, 93
1120974.3.peg.3078.site.10, 155, 171, 326
1120974.3.peg.3078.site.11, 18, 190, 208
1120974.3.peg.3078.site.12, 198, 214, 412
1120974.3.peg.3078.site.13, 0, 213, 213
1120974.3.peg.3078.site.14, 167, 208, 375
1120974.3.peg.3078.site.15, 0, 205, 205
1120974.3.peg.3078.site.16, 1, 181, 182
1120974.3.peg.3078.site.17, 166, 210, 376
1120974.3.peg.3078.site.18, 29, 165, 194
1120974.3.peg.3078.site.19, 27, 163, 190
1120974.3.peg.3078.site.20, 49, 207, 256
1120974.3.peg.3078.site.21, 25, 213, 238
1120974.3.peg.3078.site.22, 29, 213, 242
1120974.3.peg.3078.site.23, 27, 208, 235
1120974.3.peg.3078.site.24, 2, 177, 179
1120974.3.peg.3078.site.25, 154, 170, 324
1120974.3.peg.3078.site.26, 7, 17, 24
1120974.3.peg.3078.site.27, 12, 29, 41
1120974.3.peg.3078.site.28, 11, 16, 27
1120974.3.peg.3078.site.29, 17, 17, 34
1120974.3.peg.3078.site.30, 18, 35, 53
1120974.3.peg.3078.site.31, 55, 64, 119
1120974.3.peg.3078.site.32, 49, 65, 114
1120974.3.peg.3078.site.33, 7, 69, 76
1120974.3.peg.3078.site.34, 42, 67, 109
1120974.3.peg.3078.site.35, 19, 44, 63
1120974.3.peg.3078.site.36, 73, 96, 169
1120974.3.peg.3078.site.37, 8, 196, 204
1120974.3.peg.3078.site.38, 181, 203, 384
1120974.3.peg.3078.site.39, 1, 214, 215
1120974.3.peg.3078.site.40, 191, 212, 403
1120974.3.peg.3078.site.41, 62, 207, 269
1120974.3.peg.3078.site.42, 42, 201, 243
1120974.3.peg.3078.site.43, 39, 197, 236
1120974.3.peg.3078.site.44, 121, 210, 331
1120974.3.peg.3078.site.45, 67, 211, 278
1120974.3.peg.3078.site.46, 0, 213, 213
1120974.3.peg.3078.site.47, 189, 212, 401
1120974.3.peg.3078.site.48, 10, 185, 195
1120974.3.peg.3078.site.49, 3, 53, 56
1120974.3.peg.3078.site.50, 14, 40, 54
1120974.3.peg.3078.site.51, 14, 39, 53
1120974.3.peg.3078.site.52, 4, 29, 33
1120974.3.peg.3078.site.53, 15, 24, 39
1120974.3.peg.3078.site.54, 26, 26, 52
1120974.3.peg.3078.site.55, 0, 25, 25
1120974.3.peg.3276.site.1, 19, 61, 80
1120974.3.peg.3276.site.2, 3, 150, 153
1120974.3.peg.3276.site.3, 0, 113, 113
1120974.3.peg.3276.site.4, 163, 190, 353
1120974.3.peg.3276.site.5, 108, 186, 294
1120974.3.peg.3276.site.6, 1, 190, 191
1120974.3.peg.3276.site.7, 50, 181, 231
1120974.3.peg.3276.site.8, 9, 179, 188
1120974.3.peg.3276.site.9, 165, 176, 341
1120974.3.peg.3276.site.10, 87, 152, 239
1120974.3.peg.3276.site.11, 5, 163, 168
1120974.3.peg.3276.site.12, 87, 156, 243
1120974.3.peg.3276.site.13, 1, 154, 155
1120974.3.peg.3276.site.14, 6, 162, 168
1120974.3.peg.3276.site.15, 170, 198, 368
1120974.3.peg.3276.site.16, 0, 194, 194
1120974.3.peg.3276.site.17, 42, 191, 233
1120974.3.peg.3276.site.18, 1, 198, 199
1120974.3.peg.3276.site.19, 4, 213, 217
1120974.3.peg.3276.site.20, 199, 206, 405
1120974.3.peg.3276.site.21, 127, 212, 339
1120974.3.peg.3276.site.22, 181, 213, 394
1120974.3.peg.3275.site.1, 44, 215, 259
1120974.3.peg.3275.site.2, 135, 209, 344
1120974.3.peg.3275.site.3, 44, 211, 255
1120974.3.peg.3274.site.1, 169, 204, 373
1120974.3.peg.3274.site.2, 9, 191, 200
1120974.3.peg.3274.site.3, 194, 201, 395
1120974.3.peg.3274.site.4, 15, 214, 229
1120974.3.peg.3274.site.5, 47, 212, 259
1120974.3.peg.3274.site.6, 129, 210, 339
1120974.3.peg.3274.site.7, 0, 214, 214
1120974.3.peg.3274.site.8, 128, 209, 337
1120974.3.peg.3274.site.9, 0, 216, 216
1120974.3.peg.3274.site.10, 0, 200, 200
1120974.3.peg.3274.site.11, 9, 214, 223
1120974.3.peg.3274.site.12, 0, 215, 215
1120974.3.peg.3274.site.13, 129, 212, 341
1120974.3.peg.3274.site.14, 134, 212, 346
1120974.3.peg.3274.site.15, 181, 213, 394
1120974.3.peg.3273.site.1, 185, 213, 398
1120974.3.peg.3273.site.2, 133, 204, 337
1120974.3.peg.3273.site.3, 45, 213, 258
1120974.3.peg.3273.site.4, 184, 212, 396
1120974.3.peg.3273.site.5, 185, 213, 398
1120974.3.peg.3273.site.6, 4, 214, 218
1120974.3.peg.3273.site.7, 172, 213, 385
1120974.3.peg.3273.site.8, 9, 216, 225
1120974.3.peg.3273.site.9, 9, 215, 224
1120974.3.peg.3273.site.10, 9, 215, 224
1120974.3.peg.3279.site.1, 1, 214, 215
1120974.3.peg.3279.site.2, 1, 215, 216
1120974.3.peg.3279.site.3, 0, 215, 215
1120974.3.peg.3279.site.4, 188, 215, 403
1120974.3.peg.3279.site.5, 188, 214, 402
1120974.3.peg.3279.site.6, 9, 212, 221
1120974.3.peg.3279.site.7, 121, 202, 323
1120974.3.peg.3279.site.8, 120, 201, 321
1120974.3.peg.3279.site.9, 118, 198, 316
1120974.3.peg.3279.site.10, 132, 160, 292
1120974.3.peg.3279.site.11, 4, 140, 144
1120974.3.peg.3279.site.12, 5, 148, 153
1120974.3.peg.3279.site.13, 171, 183, 354
1120974.3.peg.3279.site.14, 1, 206, 207
1120974.3.peg.3279.site.15, 3, 88, 91
1120974.3.peg.3279.site.16, 34, 62, 96
1120974.3.peg.3279.site.17, 40, 68, 108
1120974.3.peg.3279.site.18, 19, 47, 66
1120974.3.peg.3279.site.19, 23, 51, 74
1120974.3.peg.3279.site.20, 31, 51, 82
1120974.3.peg.3279.site.21, 41, 66, 107
1120974.3.peg.3279.site.22, 0, 106, 106
1120974.3.peg.3279.site.23, 0, 113, 113
1120974.3.peg.3279.site.24, 30, 201, 231
1120974.3.peg.3279.site.25, 0, 213, 213
1120974.3.peg.3279.site.26, 205, 215, 420
1120974.3.peg.3279.site.27, 0, 215, 215
1120974.3.peg.3279.site.28, 6, 216, 222
1120974.3.peg.3279.site.29, 0, 216, 216
1120974.3.peg.3279.site.30, 39, 213, 252
1120974.3.peg.3278.site.1, 136, 211, 347
1120974.3.peg.3278.site.2, 1, 216, 217
1120974.3.peg.3278.site.3, 4, 216, 220
1120974.3.peg.3278.site.4, 39, 215, 254
1120974.3.peg.3278.site.5, 22, 215, 237
1120974.3.peg.3278.site.6, 11, 215, 226
1120974.3.peg.3278.site.7, 21, 214, 235
1120974.3.peg.3278.site.8, 38, 214, 252
1120974.3.peg.3278.site.9, 14, 213, 227
1120974.3.peg.3278.site.10, 137, 198, 335
1120974.3.peg.3278.site.11, 37, 212, 249
1120974.3.peg.3278.site.12, 38, 212, 250
1120974.3.peg.620.site.1, 52, 206, 258
1120974.3.peg.620.site.2, 73, 211, 284
1120974.3.peg.620.site.3, 75, 212, 287
1120974.3.peg.620.site.4, 5, 215, 220
1120974.3.peg.620.site.5, 166, 213, 379
1120974.3.peg.620.site.6, 5, 216, 221
1120974.3.peg.620.site.7, 3, 206, 209
1120974.3.peg.620.site.8, 34, 167, 201
1120974.3.peg.620.site.9, 28, 162, 190
1120974.3.peg.620.site.10, 6, 169, 175
1120974.3.peg.620.site.11, 24, 160, 184
1120974.3.peg.620.site.12, 4, 168, 172
1120974.3.peg.620.site.13, 35, 172, 207
1120974.3.peg.620.site.14, 51, 188, 239
1120974.3.peg.620.site.15, 0, 213, 213
1120974.3.peg.620.site.16, 1, 214, 215
1120974.3.peg.620.site.17, 1, 214, 215
1120974.3.peg.620.site.18, 80, 210, 290
1120974.3.peg.620.site.19, 74, 212, 286
1120974.3.peg.620.site.20, 4, 215, 219
1120974.3.peg.620.site.21, 76, 208, 284
1120974.3.peg.620.site.22, 1, 214, 215
1120974.3.peg.620.site.23, 81, 210, 291
1120974.3.peg.620.site.24, 2, 211, 213
1120974.3.peg.620.site.25, 27, 163, 190
1120974.3.peg.620.site.26, 16, 152, 168
1120974.3.peg.620.site.27, 21, 149, 170
1120974.3.peg.620.site.28, 7, 145, 152
1120974.3.peg.620.site.29, 11, 149, 160
1120974.3.peg.620.site.30, 0, 198, 198
1120974.3.peg.620.site.31, 0, 216, 216
1120974.3.peg.620.site.32, 90, 206, 296
1120974.3.peg.620.site.33, 4, 214, 218
1120974.3.peg.620.site.34, 71, 211, 282
1120974.3.peg.620.site.35, 5, 216, 221
1120974.3.peg.620.site.36, 9, 213, 222
1120974.3.peg.620.site.37, 0, 215, 215
1120974.3.peg.620.site.38, 0, 214, 214
1120974.3.peg.621.site.1, 8, 216, 224
1120974.3.peg.621.site.2, 0, 216, 216
1120974.3.peg.621.site.3, 3, 215, 218
1120974.3.peg.621.site.4, 157, 208, 365
1120974.3.peg.621.site.5, 156, 209, 365
1120974.3.peg.621.site.6, 2, 212, 214
1120974.3.peg.621.site.7, 165, 212, 377
1120974.3.peg.621.site.8, 193, 211, 404
1120974.3.peg.621.site.9, 190, 209, 399
1120974.3.peg.621.site.10, 3, 211, 214
1120974.3.peg.621.site.11, 158, 209, 367
1120974.3.peg.621.site.12, 1, 212, 213
1120974.3.peg.621.site.13, 1, 204, 205
1120974.3.peg.621.site.14, 0, 213, 213
1120974.3.peg.621.site.15, 0, 215, 215
1120974.3.peg.621.site.16, 0, 215, 215
1120974.3.peg.621.site.17, 0, 211, 211
1120974.3.peg.621.site.18, 0, 215, 215
1120974.3.peg.621.site.19, 199, 214, 413
1120974.3.peg.621.site.20, 180, 214, 394
1120974.3.peg.621.site.21, 3, 214, 217
1120974.3.peg.621.site.22, 64, 110, 174
1120974.3.peg.621.site.23, 181, 211, 392
1120974.3.peg.621.site.24, 181, 212, 393
1120974.3.peg.621.site.25, 151, 212, 363
1120974.3.peg.621.site.26, 172, 211, 383
1120974.3.peg.621.site.27, 0, 213, 213
1120974.3.peg.621.site.28, 134, 207, 341
1120974.3.peg.621.site.29, 133, 205, 338
1120974.3.peg.621.site.30, 135, 207, 342
1120974.3.peg.621.site.31, 134, 206, 340
1120974.3.peg.621.site.32, 10, 216, 226
1120974.3.peg.621.site.33, 162, 209, 371
1120974.3.peg.621.site.34, 16, 211, 227
1120974.3.peg.621.site.35, 43, 209, 252
1120974.3.peg.621.site.36, 177, 215, 392
1120974.3.peg.621.site.37, 2, 215, 217
1120974.3.peg.621.site.38, 0, 216, 216
1120974.3.peg.621.site.39, 3, 216, 219
1120974.3.peg.621.site.40, 64, 211, 275
1120974.3.peg.621.site.41, 63, 211, 274
1120974.3.peg.621.site.42, 0, 214, 214
1120974.3.peg.621.site.43, 63, 211, 274
1120974.3.peg.621.site.44, 0, 214, 214
1120974.3.peg.621.site.45, 0, 213, 213
1120974.3.peg.621.site.46, 3, 213, 216
1120974.3.peg.621.site.47, 0, 216, 216
1120974.3.peg.621.site.48, 64, 212, 276
1120974.3.peg.621.site.49, 60, 213, 273
1120974.3.peg.621.site.50, 159, 210, 369
1120974.3.peg.621.site.51, 154, 208, 362
1120974.3.peg.621.site.52, 132, 211, 343
1120974.3.peg.621.site.53, 129, 207, 336
1120974.3.peg.621.site.54, 126, 205, 331
1120974.3.peg.621.site.55, 0, 214, 214
1120974.3.peg.622.site.1, 98, 211, 309
1120974.3.peg.622.site.2, 4, 203, 207
1120974.3.peg.622.site.3, 174, 208, 382
1120974.3.peg.622.site.4, 0, 196, 196
1120974.3.peg.622.site.5, 198, 198, 396
1120974.3.peg.622.site.6, 2, 197, 199
1120974.3.peg.622.site.7, 195, 195, 390
1120974.3.peg.622.site.8, 0, 197, 197
1120974.3.peg.622.site.9, 184, 196, 380
1120974.3.peg.622.site.10, 0, 196, 196
1120974.3.peg.622.site.11, 1, 197, 198
1120974.3.peg.622.site.12, 2, 197, 199
1120974.3.peg.622.site.13, 5, 189, 194
1120974.3.peg.622.site.14, 54, 71, 125
1120974.3.peg.622.site.15, 45, 62, 107
1120974.3.peg.622.site.16, 31, 47, 78
1120974.3.peg.622.site.17, 41, 58, 99
1120974.3.peg.622.site.18, 66, 82, 148
1120974.3.peg.622.site.19, 173, 189, 362
1120974.3.peg.622.site.20, 158, 193, 351
1120974.3.peg.622.site.21, 0, 195, 195
1120974.3.peg.622.site.22, 197, 197, 394
1120974.3.peg.622.site.23, 0, 192, 192
1120974.3.peg.622.site.24, 61, 188, 249
1120974.3.peg.622.site.25, 128, 189, 317
1120974.3.peg.622.site.26, 1, 214, 215
1120974.3.peg.622.site.27, 1, 215, 216
1120974.3.peg.622.site.28, 2, 215, 217
1120974.3.peg.622.site.29, 173, 204, 377
1120974.3.peg.622.site.30, 5, 67, 72
1120974.3.peg.622.site.31, 3, 58, 61
1120974.3.peg.622.site.32, 107, 136, 243
1120974.3.peg.622.site.33, 100, 129, 229
1120974.3.peg.622.site.34, 12, 43, 55
1120974.3.peg.622.site.35, 5, 28, 33
1120974.3.peg.622.site.36, 8, 31, 39
1120974.3.peg.622.site.37, 21, 43, 64
1120974.3.peg.622.site.38, 6, 111, 117
1120974.3.peg.622.site.39, 24, 168, 192
1120974.3.peg.622.site.40, 48, 200, 248
1120974.3.peg.622.site.41, 20, 201, 221
1120974.3.peg.622.site.42, 5, 214, 219
1120974.3.peg.622.site.43, 0, 209, 209
1120974.3.peg.622.site.44, 1, 211, 212
1120974.3.peg.623.site.1, 4, 162, 166
1120974.3.peg.623.site.2, 4, 205, 209
1120974.3.peg.623.site.3, 0, 199, 199
1120974.3.peg.623.site.4, 12, 206, 218
1120974.3.peg.623.site.5, 12, 205, 217
1120974.3.peg.623.site.6, 54, 209, 263
1120974.3.peg.623.site.7, 29, 214, 243
1120974.3.peg.623.site.8, 26, 214, 240
1120974.3.peg.623.site.9, 60, 214, 274
1120974.3.peg.623.site.10, 58, 212, 270
1120974.3.peg.623.site.11, 51, 206, 257
1120974.3.peg.623.site.12, 5, 198, 203
1120974.3.peg.623.site.13, 20, 183, 203
1120974.3.peg.623.site.14, 57, 202, 259
1120974.3.peg.623.site.15, 55, 205, 260
1120974.3.peg.623.site.16, 66, 209, 275
1120974.3.peg.624.site.1, 208, 214, 422
1120974.3.peg.624.site.2, 5, 215, 220
1120974.3.peg.624.site.3, 99, 211, 310
1120974.3.peg.624.site.4, 200, 201, 401
1120974.3.peg.624.site.5, 99, 202, 301
1120974.3.peg.624.site.6, 0, 211, 211
1120974.3.peg.624.site.7, 1, 213, 214
1120974.3.peg.624.site.8, 0, 209, 209
1120974.3.peg.624.site.9, 105, 208, 313
1120974.3.peg.624.site.10, 1, 211, 212
1120974.3.peg.624.site.11, 5, 212, 217
1120974.3.peg.624.site.12, 46, 210, 256
1120974.3.peg.624.site.13, 1, 207, 208
1120974.3.peg.624.site.14, 61, 208, 269
1120974.3.peg.624.site.15, 0, 215, 215
1120974.3.peg.624.site.16, 102, 206, 308
1120974.3.peg.624.site.17, 1, 215, 216
1120974.3.peg.624.site.18, 22, 209, 231
1120974.3.peg.624.site.19, 12, 209, 221
1120974.3.peg.624.site.20, 20, 211, 231
1120974.3.peg.624.site.21, 5, 213, 218
1120974.3.peg.624.site.22, 58, 210, 268
1120974.3.peg.624.site.23, 175, 211, 386
1120974.3.peg.624.site.24, 15, 206, 221
1120974.3.peg.624.site.25, 7, 201, 208
1120974.3.peg.624.site.26, 0, 195, 195
1120974.3.peg.624.site.27, 3, 194, 197
1120974.3.peg.624.site.28, 0, 198, 198
1120974.3.peg.624.site.29, 2, 193, 195
1120974.3.peg.624.site.30, 6, 196, 202
1120974.3.peg.625.site.1, 1, 201, 202
1120974.3.peg.625.site.2, 4, 201, 205
1120974.3.peg.625.site.3, 7, 204, 211
1120974.3.peg.625.site.4, 14, 212, 226
1120974.3.peg.625.site.5, 2, 215, 217
1120974.3.peg.625.site.6, 17, 213, 230
1120974.3.peg.625.site.7, 0, 211, 211
1120974.3.peg.625.site.8, 0, 215, 215
1120974.3.peg.625.site.9, 112, 205, 317
1120974.3.peg.625.site.10, 11, 207, 218
1120974.3.peg.625.site.11, 0, 209, 209
1120974.3.peg.625.site.12, 0, 209, 209
1120974.3.peg.625.site.13, 0, 211, 211
1120974.3.peg.625.site.14, 1, 210, 211
1120974.3.peg.625.site.15, 166, 210, 376
1120974.3.peg.625.site.16, 12, 215, 227
1120974.3.peg.625.site.17, 0, 207, 207
1120974.3.peg.625.site.18, 22, 212, 234
1120974.3.peg.625.site.19, 22, 212, 234
1120974.3.peg.625.site.20, 9, 215, 224
1120974.3.peg.625.site.21, 29, 214, 243
1120974.3.peg.625.site.22, 6, 215, 221
1120974.3.peg.625.site.23, 28, 214, 242
1120974.3.peg.625.site.24, 109, 212, 321
1120974.3.peg.625.site.25, 28, 213, 241
1120974.3.peg.625.site.26, 6, 215, 221
1120974.3.peg.625.site.27, 29, 214, 243
1120974.3.peg.625.site.28, 104, 205, 309
1120974.3.peg.625.site.29, 107, 204, 311
1120974.3.peg.625.site.30, 13, 212, 225
1120974.3.peg.625.site.31, 2, 216, 218
1120974.3.peg.625.site.32, 0, 215, 215
1120974.3.peg.625.site.33, 142, 215, 357
1120974.3.peg.625.site.34, 140, 215, 355
1120974.3.peg.625.site.35, 140, 214, 354
1120974.3.peg.625.site.36, 0, 216, 216
1120974.3.peg.625.site.37, 0, 215, 215
1120974.3.peg.625.site.38, 3, 212, 215
1120974.3.peg.625.site.39, 0, 214, 214
1120974.3.peg.625.site.40, 0, 197, 197
1120974.3.peg.625.site.41, 23, 160, 183
1120974.3.peg.625.site.42, 90, 121, 211
1120974.3.peg.625.site.43, 75, 109, 184
1120974.3.peg.625.site.44, 0, 153, 153
1120974.3.peg.625.site.45, 105, 140, 245
1120974.3.peg.625.site.46, 67, 137, 204
1120974.3.peg.625.site.47, 117, 153, 270
1120974.3.peg.625.site.48, 0, 181, 181
1120974.3.peg.625.site.49, 0, 207, 207
1120974.3.peg.625.site.50, 18, 106, 124
1120974.3.peg.625.site.51, 19, 126, 145
1120974.3.peg.625.site.52, 82, 126, 208
1120974.3.peg.625.site.53, 79, 130, 209
1120974.3.peg.625.site.54, 114, 147, 261
1120974.3.peg.625.site.55, 109, 165, 274
1120974.3.peg.625.site.56, 25, 182, 207
1120974.3.peg.625.site.57, 2, 213, 215
1120974.3.peg.625.site.58, 33, 213, 246
1120974.3.peg.625.site.59, 2, 215, 217
1120974.3.peg.625.site.60, 72, 210, 282
1120974.3.peg.625.site.61, 0, 216, 216
1120974.3.peg.625.site.62, 106, 208, 314
1120974.3.peg.625.site.63, 158, 211, 369
1120974.3.peg.625.site.64, 36, 212, 248
1120974.3.peg.627.site.1, 0, 211, 211
1120974.3.peg.627.site.2, 0, 216, 216
1120974.3.peg.627.site.3, 4, 216, 220
1120974.3.peg.627.site.4, 8, 212, 220
1120974.3.peg.627.site.5, 4, 215, 219
1120974.3.peg.627.site.6, 24, 212, 236
1120974.3.peg.627.site.7, 27, 214, 241
1120974.3.peg.627.site.8, 4, 211, 215
1120974.3.peg.627.site.9, 0, 205, 205
1120974.3.peg.627.site.10, 0, 216, 216
1120974.3.peg.627.site.11, 0, 214, 214
1120974.3.peg.627.site.12, 0, 216, 216
1120974.3.peg.627.site.13, 23, 210, 233
1120974.3.peg.627.site.14, 99, 177, 276
1120974.3.peg.627.site.15, 136, 166, 302
1120974.3.peg.627.site.16, 141, 171, 312
1120974.3.peg.627.site.17, 5, 216, 221
1120974.3.peg.627.site.18, 153, 210, 363
1120974.3.peg.627.site.19, 177, 204, 381
1120974.3.peg.627.site.20, 3, 174, 177
1120974.3.peg.627.site.21, 61, 200, 261
1120974.3.peg.627.site.22, 59, 151, 210
1120974.3.peg.627.site.23, 60, 142, 202
1120974.3.peg.627.site.24, 45, 133, 178
1120974.3.peg.627.site.25, 39, 126, 165
1120974.3.peg.629.site.1, 11, 205, 216
1120974.3.peg.629.site.2, 2, 205, 207
1120974.3.peg.629.site.3, 3, 199, 202
1120974.3.peg.629.site.4, 19, 202, 221
1120974.3.peg.629.site.5, 1, 204, 205
1120974.3.peg.629.site.6, 48, 195, 243
1120974.3.peg.629.site.7, 66, 191, 257
1120974.3.peg.629.site.8, 64, 189, 253
1120974.3.peg.629.site.9, 7, 143, 150
1120974.3.peg.629.site.10, 7, 136, 143
1120974.3.peg.629.site.11, 9, 141, 150
1120974.3.peg.629.site.12, 1, 147, 148
1120974.3.peg.629.site.13, 0, 170, 170
1120974.3.peg.629.site.14, 2, 132, 134
1120974.3.peg.629.site.15, 2, 133, 135
1120974.3.peg.629.site.16, 1, 132, 133
1120974.3.peg.629.site.17, 2, 133, 135
1120974.3.peg.629.site.18, 2, 133, 135
1120974.3.peg.629.site.19, 2, 133, 135
1120974.3.peg.629.site.20, 0, 140, 140
1120974.3.peg.714.site.1, 97, 209, 306
1120974.3.peg.714.site.2, 12, 213, 225
1120974.3.peg.714.site.3, 93, 202, 295
1120974.3.peg.714.site.4, 127, 176, 303
1120974.3.peg.714.site.5, 98, 144, 242
1120974.3.peg.714.site.6, 58, 155, 213
1120974.3.peg.714.site.7, 2, 190, 192
1120974.3.peg.714.site.8, 0, 208, 208
1120974.3.peg.714.site.9, 4, 215, 219
1120974.3.peg.714.site.10, 100, 206, 306
1120974.3.peg.714.site.11, 0, 214, 214
1120974.3.peg.714.site.12, 0, 215, 215
1120974.3.peg.714.site.13, 17, 214, 231
1120974.3.peg.714.site.14, 96, 209, 305
1120974.3.peg.714.site.15, 2, 200, 202
1120974.3.peg.714.site.16, 59, 157, 216
1120974.3.peg.714.site.17, 50, 148, 198
1120974.3.peg.714.site.18, 7, 107, 114
1120974.3.peg.714.site.19, 1, 100, 101
1120974.3.peg.714.site.20, 101, 198, 299
1120974.3.peg.714.site.21, 0, 208, 208
1120974.3.peg.714.site.22, 109, 205, 314
1120974.3.peg.714.site.23, 2, 206, 208
1120974.3.peg.714.site.24, 111, 205, 316
1120974.3.peg.714.site.25, 3, 211, 214
1120974.3.peg.714.site.26, 46, 213, 259
1120974.3.peg.714.site.27, 0, 215, 215
1120974.3.peg.714.site.28, 2, 213, 215
1120974.3.peg.714.site.29, 4, 213, 217
1120974.3.peg.714.site.30, 0, 204, 204
1120974.3.peg.714.site.31, 151, 205, 356
1120974.3.peg.714.site.32, 33, 212, 245
1120974.3.peg.714.site.33, 151, 209, 360
1120974.3.peg.714.site.34, 154, 211, 365
1120974.3.peg.714.site.35, 190, 216, 406
1120974.3.peg.714.site.36, 43, 214, 257
1120974.3.peg.714.site.37, 170, 215, 385
1120974.3.peg.714.site.38, 0, 213, 213
1120974.3.peg.714.site.39, 148, 213, 361
1120974.3.peg.714.site.40, 34, 213, 247
1120974.3.peg.714.site.41, 11, 215, 226
1120974.3.peg.714.site.42, 1, 216, 217
1120974.3.peg.714.site.43, 150, 212, 362
1120974.3.peg.714.site.44, 146, 211, 357
1120974.3.peg.715.site.1, 0, 100, 100
1120974.3.peg.715.site.2, 7, 67, 74
1120974.3.peg.715.site.3, 4, 66, 70
1120974.3.peg.715.site.4, 50, 197, 247
1120974.3.peg.715.site.5, 145, 208, 353
1120974.3.peg.715.site.6, 0, 211, 211
1120974.3.peg.715.site.7, 190, 212, 402
1120974.3.peg.715.site.8, 150, 210, 360
1120974.3.peg.715.site.9, 56, 215, 271
1120974.3.peg.715.site.10, 14, 212, 226
1120974.3.peg.715.site.11, 181, 208, 389
1120974.3.peg.715.site.12, 170, 211, 381
1120974.3.peg.715.site.13, 17, 213, 230
1120974.3.peg.715.site.14, 2, 215, 217
1120974.3.peg.715.site.15, 0, 216, 216
1120974.3.peg.715.site.16, 16, 215, 231
1120974.3.peg.715.site.17, 14, 216, 230
1120974.3.peg.715.site.18, 49, 215, 264
1120974.3.peg.715.site.19, 49, 214, 263
1120974.3.peg.715.site.20, 42, 214, 256
1120974.3.peg.715.site.21, 22, 216, 238
1120974.3.peg.715.site.22, 101, 213, 314
1120974.3.peg.715.site.23, 8, 215, 223
1120974.3.peg.715.site.24, 70, 214, 284
1120974.3.peg.715.site.25, 115, 212, 327
1120974.3.peg.715.site.26, 0, 215, 215
1120974.3.peg.715.site.27, 4, 215, 219
1120974.3.peg.715.site.28, 0, 214, 214
1120974.3.peg.715.site.29, 0, 213, 213
1120974.3.peg.715.site.30, 1, 216, 217
1120974.3.peg.715.site.31, 108, 211, 319
1120974.3.peg.715.site.32, 4, 214, 218
1120974.3.peg.715.site.33, 55, 212, 267
1120974.3.peg.715.site.34, 49, 212, 261
1120974.3.peg.715.site.35, 126, 213, 339
1120974.3.peg.715.site.36, 124, 211, 335
1120974.3.peg.716.site.1, 12, 214, 226
1120974.3.peg.716.site.2, 2, 215, 217
1120974.3.peg.716.site.3, 89, 211, 300
1120974.3.peg.716.site.4, 79, 202, 281
1120974.3.peg.716.site.5, 65, 187, 252
1120974.3.peg.716.site.6, 147, 161, 308
1120974.3.peg.716.site.7, 131, 159, 290
1120974.3.peg.716.site.8, 87, 212, 299
1120974.3.peg.716.site.9, 178, 213, 391
1120974.3.peg.716.site.10, 5, 214, 219
1120974.3.peg.716.site.11, 7, 187, 194
1120974.3.peg.716.site.12, 7, 159, 166
1120974.3.peg.716.site.13, 0, 183, 183
1120974.3.peg.716.site.14, 1, 199, 200
1120974.3.peg.716.site.15, 12, 213, 225
1120974.3.peg.716.site.16, 175, 200, 375
1120974.3.peg.716.site.17, 158, 194, 352
1120974.3.peg.716.site.18, 160, 194, 354
1120974.3.peg.716.site.19, 170, 197, 367
1120974.3.peg.716.site.20, 3, 199, 202
1120974.3.peg.716.site.21, 8, 211, 219
1120974.3.peg.716.site.22, 0, 214, 214
1120974.3.peg.716.site.23, 4, 216, 220
1120974.3.peg.716.site.24, 183, 211, 394
1120974.3.peg.716.site.25, 166, 203, 369
1120974.3.peg.716.site.26, 18, 177, 195
1120974.3.peg.716.site.27, 36, 73, 109
1120974.3.peg.717.site.1, 177, 207, 384
1120974.3.peg.717.site.2, 171, 210, 381
1120974.3.peg.717.site.3, 8, 215, 223
1120974.3.peg.717.site.4, 176, 214, 390
1120974.3.peg.717.site.5, 4, 216, 220
1120974.3.peg.717.site.6, 6, 215, 221
1120974.3.peg.717.site.7, 2, 215, 217
1120974.3.peg.717.site.8, 180, 213, 393
1120974.3.peg.717.site.9, 0, 215, 215
1120974.3.peg.717.site.10, 1, 216, 217
1120974.3.peg.717.site.11, 169, 214, 383
1120974.3.peg.717.site.12, 169, 214, 383
1120974.3.peg.717.site.13, 3, 213, 216
1120974.3.peg.717.site.14, 3, 212, 215
1120974.3.peg.717.site.15, 168, 210, 378
1120974.3.peg.717.site.16, 166, 206, 372
1120974.3.peg.717.site.17, 150, 205, 355
1120974.3.peg.717.site.18, 145, 200, 345
1120974.3.peg.717.site.19, 102, 158, 260
1120974.3.peg.717.site.20, 24, 81, 105
1120974.3.peg.717.site.21, 11, 69, 80
1120974.3.peg.717.site.22, 45, 54, 99
1120974.3.peg.717.site.23, 2, 55, 57
1120974.3.peg.717.site.24, 2, 49, 51
1120974.3.peg.717.site.25, 9, 53, 62
1120974.3.peg.717.site.26, 13, 56, 69
1120974.3.peg.717.site.27, 34, 81, 115
1120974.3.peg.717.site.28, 34, 185, 219
1120974.3.peg.717.site.29, 152, 198, 350
1120974.3.peg.717.site.30, 90, 133, 223
1120974.3.peg.717.site.31, 4, 100, 104
1120974.3.peg.717.site.32, 20, 69, 89
1120974.3.peg.717.site.33, 5, 52, 57
1120974.3.peg.711.site.1, 107, 206, 313
1120974.3.peg.711.site.2, 0, 215, 215
1120974.3.peg.711.site.3, 114, 209, 323
1120974.3.peg.711.site.4, 116, 211, 327
1120974.3.peg.711.site.5, 116, 211, 327
1120974.3.peg.711.site.6, 67, 210, 277
1120974.3.peg.711.site.7, 0, 215, 215
1120974.3.peg.711.site.8, 113, 209, 322
1120974.3.peg.711.site.9, 112, 211, 323
1120974.3.peg.711.site.10, 112, 211, 323
1120974.3.peg.711.site.11, 0, 215, 215
1120974.3.peg.711.site.12, 115, 212, 327
1120974.3.peg.711.site.13, 170, 214, 384
1120974.3.peg.711.site.14, 4, 216, 220
1120974.3.peg.711.site.15, 112, 211, 323
1120974.3.peg.711.site.16, 0, 213, 213
1120974.3.peg.711.site.17, 102, 201, 303
1120974.3.peg.711.site.18, 103, 205, 308
1120974.3.peg.711.site.19, 107, 207, 314
1120974.3.peg.711.site.20, 0, 211, 211
1120974.3.peg.711.site.21, 108, 207, 315
1120974.3.peg.711.site.22, 4, 215, 219
1120974.3.peg.711.site.23, 3, 213, 216
1120974.3.peg.713.site.1, 8, 211, 219
1120974.3.peg.713.site.2, 98, 208, 306
1120974.3.peg.713.site.3, 121, 214, 335
1120974.3.peg.713.site.4, 123, 213, 336
1120974.3.peg.713.site.5, 114, 212, 326
1120974.3.peg.713.site.6, 12, 216, 228
1120974.3.peg.713.site.7, 11, 215, 226
1120974.3.peg.713.site.8, 8, 215, 223
1120974.3.peg.713.site.9, 8, 214, 222
1120974.3.peg.713.site.10, 8, 215, 223
1120974.3.peg.713.site.11, 102, 211, 313
1120974.3.peg.713.site.12, 0, 216, 216
1120974.3.peg.713.site.13, 4, 213, 217
1120974.3.peg.713.site.14, 4, 213, 217
1120974.3.peg.713.site.15, 106, 210, 316
1120974.3.peg.713.site.16, 12, 216, 228
1120974.3.peg.713.site.17, 99, 211, 310
1120974.3.peg.713.site.18, 56, 211, 267
1120974.3.peg.713.site.19, 0, 215, 215
1120974.3.peg.713.site.20, 104, 210, 314
1120974.3.peg.713.site.21, 104, 210, 314
1120974.3.peg.713.site.22, 113, 212, 325
1120974.3.peg.713.site.23, 179, 216, 395
1120974.3.peg.713.site.24, 2, 216, 218
1120974.3.peg.713.site.25, 5, 216, 221
1120974.3.peg.713.site.26, 7, 216, 223
1120974.3.peg.713.site.27, 0, 216, 216
1120974.3.peg.713.site.28, 0, 214, 214
1120974.3.peg.713.site.29, 3, 215, 218
1120974.3.peg.718.site.1, 150, 200, 350
1120974.3.peg.718.site.2, 198, 209, 407
1120974.3.peg.718.site.3, 165, 209, 374
1120974.3.peg.718.site.4, 165, 206, 371
1120974.3.peg.718.site.5, 0, 205, 205
1120974.3.peg.718.site.6, 77, 180, 257
1120974.3.peg.718.site.7, 43, 147, 190
1120974.3.peg.718.site.8, 16, 118, 134
1120974.3.peg.718.site.9, 9, 111, 120
1120974.3.peg.718.site.10, 62, 164, 226
1120974.3.peg.718.site.11, 10, 202, 212
1120974.3.peg.718.site.12, 159, 197, 356
1120974.3.peg.718.site.13, 146, 185, 331
1120974.3.peg.718.site.14, 0, 185, 185
1120974.3.peg.718.site.15, 11, 113, 124
1120974.3.peg.718.site.16, 98, 109, 207
1120974.3.peg.718.site.17, 2, 200, 202
1120974.3.peg.718.site.18, 4, 203, 207
1120974.3.peg.718.site.19, 4, 202, 206
1120974.3.peg.718.site.20, 108, 206, 314
1120974.3.peg.718.site.21, 114, 210, 324
1120974.3.peg.718.site.22, 8, 213, 221
1120974.3.peg.719.site.1, 3, 149, 152
1120974.3.peg.719.site.2, 0, 215, 215
1120974.3.peg.719.site.3, 117, 213, 330
1120974.3.peg.719.site.4, 190, 215, 405
1120974.3.peg.719.site.5, 168, 212, 380
1120974.3.peg.719.site.6, 9, 212, 221
1120974.3.peg.719.site.7, 156, 203, 359
1120974.3.peg.719.site.8, 74, 123, 197
1120974.3.peg.719.site.9, 74, 123, 197
1120974.3.peg.719.site.10, 124, 174, 298
1120974.3.peg.719.site.11, 0, 216, 216
1120974.3.peg.719.site.12, 164, 212, 376
1120974.3.peg.719.site.13, 93, 211, 304
1120974.3.peg.719.site.14, 11, 214, 225
1120974.3.peg.719.site.15, 1, 214, 215
1120974.3.peg.719.site.16, 96, 210, 306
1120974.3.peg.719.site.17, 68, 209, 277
1120974.3.peg.719.site.18, 178, 214, 392
1120974.3.peg.719.site.19, 96, 211, 307
1120974.3.peg.719.site.20, 96, 211, 307
1120974.3.peg.719.site.21, 166, 214, 380
1120974.3.peg.719.site.22, 0, 212, 212
1120974.3.peg.719.site.23, 164, 209, 373
1120974.3.peg.719.site.24, 58, 209, 267
1120974.3.peg.719.site.25, 0, 214, 214
1120974.3.peg.719.site.26, 1, 210, 211
1120974.3.peg.719.site.27, 58, 204, 262
1120974.3.peg.719.site.28, 54, 202, 256
1120974.3.peg.719.site.29, 31, 166, 197
1120974.3.peg.719.site.30, 181, 181, 362
1120974.3.peg.719.site.31, 32, 168, 200
1120974.3.peg.719.site.32, 29, 177, 206
1120974.3.peg.719.site.33, 20, 172, 192
1120974.3.peg.719.site.34, 0, 163, 163
1120974.3.peg.719.site.35, 10, 160, 170
1120974.3.peg.719.site.36, 1, 161, 162
1120974.3.peg.719.site.37, 36, 161, 197
1120974.3.peg.719.site.38, 5, 182, 187
1120974.3.peg.719.site.39, 5, 210, 215
1120974.3.peg.719.site.40, 51, 209, 260
1120974.3.peg.719.site.41, 4, 216, 220
1120974.3.peg.719.site.42, 61, 211, 272
1120974.3.peg.719.site.43, 3, 213, 216
1120974.3.peg.719.site.44, 24, 212, 236
1120974.3.peg.719.site.45, 62, 207, 269
1120974.3.peg.719.site.46, 24, 213, 237
1120974.3.peg.719.site.47, 61, 209, 270
1120974.3.peg.719.site.48, 64, 210, 274
1120974.3.peg.719.site.49, 24, 213, 237
1120974.3.peg.719.site.50, 57, 207, 264
1120974.3.peg.719.site.51, 162, 208, 370
1120974.3.peg.719.site.52, 15, 211, 226
1120974.3.peg.719.site.53, 54, 203, 257
1120974.3.peg.719.site.54, 54, 201, 255
1120974.3.peg.719.site.55, 73, 83, 156
1120974.3.peg.719.site.56, 4, 46, 50
1120974.3.peg.719.site.57, 1, 42, 43
1120974.3.peg.719.site.58, 2, 44, 46
1120974.3.peg.719.site.59, 1, 104, 105
1120974.3.peg.719.site.60, 64, 104, 168
1120974.3.peg.719.site.61, 8, 100, 108
1120974.3.peg.719.site.62, 27, 112, 139
1120974.3.peg.719.site.63, 56, 196, 252
1120974.3.peg.719.site.64, 165, 206, 371
1120974.3.peg.719.site.65, 152, 195, 347
1120974.3.peg.719.site.66, 5, 185, 190
1120974.3.peg.719.site.67, 4, 85, 89
1120974.3.peg.719.site.68, 0, 66, 66
1120974.3.peg.719.site.69, 11, 58, 69
1120974.3.peg.719.site.70, 7, 53, 60
1120974.3.peg.719.site.71, 0, 63, 63
1120974.3.peg.719.site.72, 15, 62, 77
1120974.3.peg.719.site.73, 18, 65, 83
1120974.3.peg.719.site.74, 27, 73, 100
1120974.3.peg.719.site.75, 4, 106, 110
1120974.3.peg.719.site.76, 53, 108, 161
1120974.3.peg.719.site.77, 20, 83, 103
1120974.3.peg.719.site.78, 28, 64, 92
1120974.3.peg.719.site.79, 28, 64, 92
1120974.3.peg.719.site.80, 6, 69, 75
1120974.3.peg.719.site.81, 18, 72, 90
1120974.3.peg.719.site.82, 25, 80, 105
1120974.3.peg.719.site.83, 76, 131, 207
1120974.3.peg.719.site.84, 92, 147, 239
1120974.3.peg.719.site.85, 149, 201, 350
1120974.3.peg.719.site.86, 155, 206, 361
1120974.3.peg.719.site.87, 155, 209, 364
1120974.3.peg.719.site.88, 5, 205, 210
1120974.3.peg.719.site.89, 6, 213, 219
1120974.3.peg.719.site.90, 3, 200, 203
1120974.3.peg.719.site.91, 137, 191, 328
1120974.3.peg.719.site.92, 10, 182, 192
1120974.3.peg.719.site.93, 1, 212, 213
1120974.3.peg.719.site.94, 177, 211, 388
1120974.3.peg.719.site.95, 14, 211, 225
1120974.3.peg.719.site.96, 5, 208, 213
1120974.3.peg.719.site.97, 0, 206, 206
1120974.3.peg.719.site.98, 172, 206, 378
1120974.3.peg.719.site.99, 140, 167, 307
1120974.3.peg.719.site.100, 10, 144, 154
1120974.3.peg.719.site.101, 1, 33, 34
1120974.3.peg.719.site.102, 8, 63, 71
1120974.3.peg.719.site.103, 5, 69, 74
1120974.3.peg.719.site.104, 3, 69, 72
1120974.3.peg.719.site.105, 24, 66, 90
1120974.3.peg.719.site.106, 8, 60, 68
1120974.3.peg.719.site.107, 28, 164, 192
1120974.3.peg.719.site.108, 10, 210, 220
1120974.3.peg.719.site.109, 0, 213, 213
1120974.3.peg.719.site.110, 9, 211, 220
1120974.3.peg.719.site.111, 159, 209, 368
1120974.3.peg.719.site.112, 181, 213, 394
1120974.3.peg.719.site.113, 148, 209, 357
1120974.3.peg.719.site.114, 0, 119, 119
1120974.3.peg.719.site.115, 66, 99, 165
1120974.3.peg.719.site.116, 2, 63, 65
1120974.3.peg.719.site.117, 26, 100, 126
1120974.3.peg.719.site.118, 125, 198, 323
1120974.3.peg.719.site.119, 150, 209, 359
1120974.3.peg.719.site.120, 22, 213, 235
1120974.3.peg.719.site.121, 136, 211, 347
1120974.3.peg.719.site.122, 170, 213, 383
1120974.3.peg.719.site.123, 30, 211, 241
1120974.3.peg.719.site.124, 0, 212, 212
1120974.3.peg.719.site.125, 0, 213, 213
1120974.3.peg.719.site.126, 30, 207, 237
1120974.3.peg.719.site.127, 28, 211, 239
1120974.3.peg.719.site.128, 0, 213, 213
1120974.3.peg.719.site.129, 1, 213, 214
1120974.3.peg.719.site.130, 213, 213, 426
1120974.3.peg.719.site.131, 0, 213, 213
1120974.3.peg.719.site.132, 1, 212, 213
1120974.3.peg.719.site.133, 0, 213, 213
1120974.3.peg.719.site.134, 167, 210, 377
1120974.3.peg.719.site.135, 24, 211, 235
1120974.3.peg.719.site.136, 13, 200, 213
1120974.3.peg.719.site.137, 4, 187, 191
1120974.3.peg.719.site.138, 7, 191, 198
1120974.3.peg.719.site.139, 28, 153, 181
1120974.3.peg.719.site.140, 8, 84, 92
1120974.3.peg.719.site.141, 9, 70, 79
1120974.3.peg.719.site.142, 171, 171, 342
1120974.3.peg.719.site.143, 11, 210, 221
1120974.3.peg.719.site.144, 43, 209, 252
1120974.3.peg.719.site.145, 47, 211, 258
1120974.3.peg.719.site.146, 13, 212, 225
1120974.3.peg.719.site.147, 21, 213, 234
1120974.3.peg.719.site.148, 135, 208, 343
1120974.3.peg.719.site.149, 7, 213, 220
1120974.3.peg.719.site.150, 136, 210, 346
1120974.3.peg.719.site.151, 0, 213, 213
1120974.3.peg.719.site.152, 2, 213, 215
1120974.3.peg.719.site.153, 2, 198, 200
1120974.3.peg.719.site.154, 143, 195, 338
1120974.3.peg.719.site.155, 75, 135, 210
1120974.3.peg.719.site.156, 73, 123, 196
1120974.3.peg.719.site.157, 38, 53, 91
1120974.3.peg.719.site.158, 2, 50, 52
1120974.3.peg.719.site.159, 1, 48, 49
1120974.3.peg.719.site.160, 4, 154, 158
1120974.3.peg.719.site.161, 14, 206, 220
1120974.3.peg.719.site.162, 17, 210, 227
1120974.3.peg.719.site.163, 164, 208, 372
1120974.3.peg.719.site.164, 4, 211, 215
1120974.3.peg.1760.site.1, 174, 207, 381
1120974.3.peg.1760.site.2, 176, 209, 385
1120974.3.peg.1760.site.3, 115, 197, 312
1120974.3.peg.1760.site.4, 0, 201, 201
1120974.3.peg.1760.site.5, 1, 206, 207
1120974.3.peg.1760.site.6, 40, 201, 241
1120974.3.peg.1760.site.7, 50, 203, 253
1120974.3.peg.1760.site.8, 53, 208, 261
1120974.3.peg.1760.site.9, 189, 207, 396
1120974.3.peg.1760.site.10, 205, 215, 420
1120974.3.peg.1760.site.11, 9, 212, 221
1120974.3.peg.1838.site.1, 81, 210, 291
1120974.3.peg.1838.site.2, 73, 209, 282
1120974.3.peg.1838.site.3, 6, 215, 221
1120974.3.peg.1838.site.4, 86, 208, 294
1120974.3.peg.1838.site.5, 0, 214, 214
1120974.3.peg.1838.site.6, 7, 213, 220
1120974.3.peg.1838.site.7, 0, 213, 213
1120974.3.peg.1838.site.8, 4, 212, 216
1120974.3.peg.1838.site.9, 12, 216, 228
1120974.3.peg.1838.site.10, 12, 213, 225
1120974.3.peg.1838.site.11, 186, 212, 398
1120974.3.peg.1838.site.12, 171, 203, 374
1120974.3.peg.1838.site.13, 4, 212, 216
1120974.3.peg.1838.site.14, 13, 199, 212
1120974.3.peg.1838.site.15, 5, 213, 218
1120974.3.peg.1838.site.16, 5, 214, 219
1120974.3.peg.1838.site.17, 5, 216, 221
1120974.3.peg.1837.site.1, 1, 212, 213
1120974.3.peg.1837.site.2, 0, 210, 210
1120974.3.peg.1837.site.3, 1, 212, 213
1120974.3.peg.1837.site.4, 0, 214, 214
1120974.3.peg.1837.site.5, 6, 215, 221
1120974.3.peg.1837.site.6, 6, 216, 222
1120974.3.peg.1837.site.7, 206, 215, 421
1120974.3.peg.1837.site.8, 4, 216, 220
1120974.3.peg.1837.site.9, 79, 211, 290
1120974.3.peg.1837.site.10, 3, 215, 218
1120974.3.peg.1837.site.11, 93, 211, 304
1120974.3.peg.1837.site.12, 2, 214, 216
1120974.3.peg.1837.site.13, 85, 210, 295
1120974.3.peg.1837.site.14, 83, 211, 294
1120974.3.peg.1837.site.15, 0, 216, 216
1120974.3.peg.1837.site.16, 0, 216, 216
1120974.3.peg.1837.site.17, 79, 212, 291
1120974.3.peg.1837.site.18, 120, 212, 332
1120974.3.peg.1837.site.19, 0, 212, 212
1120974.3.peg.1837.site.20, 0, 210, 210
1120974.3.peg.1837.site.21, 0, 214, 214
1120974.3.peg.1837.site.22, 193, 209, 402
1120974.3.peg.1836.site.1, 3, 213, 216
1120974.3.peg.1836.site.2, 0, 215, 215
1120974.3.peg.1836.site.3, 191, 212, 403
1120974.3.peg.1836.site.4, 2, 216, 218
1120974.3.peg.1836.site.5, 6, 214, 220
1120974.3.peg.1836.site.6, 88, 209, 297
1120974.3.peg.1836.site.7, 7, 216, 223
1120974.3.peg.1836.site.8, 2, 215, 217
1120974.3.peg.1836.site.9, 87, 210, 297
1120974.3.peg.1836.site.10, 9, 141, 150
1120974.3.peg.1836.site.11, 7, 139, 146
1120974.3.peg.1836.site.12, 10, 142, 152
1120974.3.peg.1836.site.13, 2, 138, 140
1120974.3.peg.1836.site.14, 18, 155, 173
1120974.3.peg.1836.site.15, 18, 155, 173
1120974.3.peg.1836.site.16, 37, 171, 208
1120974.3.peg.1836.site.17, 9, 214, 223
1120974.3.peg.1836.site.18, 2, 216, 218
1120974.3.peg.1836.site.19, 0, 215, 215
1120974.3.peg.1836.site.20, 78, 208, 286
1120974.3.peg.1835.site.1, 0, 216, 216
1120974.3.peg.1835.site.2, 1, 216, 217
1120974.3.peg.1835.site.3, 3, 215, 218
1120974.3.peg.1835.site.4, 85, 179, 264
1120974.3.peg.1835.site.5, 0, 182, 182
1120974.3.peg.1835.site.6, 0, 192, 192
1120974.3.peg.1835.site.7, 201, 208, 409
1120974.3.peg.1835.site.8, 0, 202, 202
1120974.3.peg.1835.site.9, 75, 179, 254
1120974.3.peg.1835.site.10, 84, 184, 268
1120974.3.peg.1835.site.11, 2, 198, 200
1120974.3.peg.1835.site.12, 6, 209, 215
1120974.3.peg.1835.site.13, 5, 187, 192
1120974.3.peg.1835.site.14, 1, 186, 187
1120974.3.peg.1835.site.15, 182, 201, 383
1120974.3.peg.1835.site.16, 181, 197, 378
1120974.3.peg.1835.site.17, 183, 203, 386
1120974.3.peg.1835.site.18, 177, 196, 373
1120974.3.peg.1835.site.19, 107, 127, 234
1120974.3.peg.1835.site.20, 3, 148, 151
1120974.3.peg.1835.site.21, 24, 45, 69
1120974.3.peg.1835.site.22, 98, 117, 215
1120974.3.peg.1835.site.23, 151, 170, 321
1120974.3.peg.1835.site.24, 2, 201, 203
1120974.3.peg.1835.site.25, 193, 213, 406
1120974.3.peg.1835.site.26, 0, 216, 216
1120974.3.peg.1834.site.1, 193, 211, 404
1120974.3.peg.1834.site.2, 190, 211, 401
1120974.3.peg.1834.site.3, 139, 208, 347
1120974.3.peg.1834.site.4, 48, 209, 257
1120974.3.peg.1834.site.5, 139, 207, 346
1120974.3.peg.1834.site.6, 185, 205, 390
1120974.3.peg.1834.site.7, 17, 208, 225
1120974.3.peg.1834.site.8, 138, 205, 343
1120974.3.peg.1834.site.9, 5, 208, 213
1120974.3.peg.1834.site.10, 209, 210, 419
1120974.3.peg.1834.site.11, 1, 213, 214
1120974.3.peg.1834.site.12, 55, 211, 266
1120974.3.peg.1834.site.13, 21, 213, 234
1120974.3.peg.1834.site.14, 0, 215, 215
1120974.3.peg.1834.site.15, 0, 215, 215
1120974.3.peg.1834.site.16, 1, 215, 216
1120974.3.peg.1834.site.17, 139, 211, 350
1120974.3.peg.1834.site.18, 50, 213, 263
1120974.3.peg.1834.site.19, 137, 213, 350
1120974.3.peg.1834.site.20, 3, 215, 218
1120974.3.peg.1834.site.21, 213, 213, 426
1120974.3.peg.1834.site.22, 19, 213, 232
1120974.3.peg.1834.site.23, 0, 216, 216
1120974.3.peg.1834.site.24, 4, 215, 219
1120974.3.peg.1834.site.25, 141, 212, 353
1120974.3.peg.1834.site.26, 0, 213, 213
1120974.3.peg.1834.site.27, 0, 206, 206
1120974.3.peg.1834.site.28, 212, 212, 424
1120974.3.peg.1834.site.29, 200, 202, 402
1120974.3.peg.1834.site.30, 99, 162, 261
1120974.3.peg.1834.site.31, 138, 210, 348
1120974.3.peg.1834.site.32, 188, 213, 401
1120974.3.peg.1834.site.33, 185, 210, 395
1120974.3.peg.1834.site.34, 3, 215, 218
1120974.3.peg.1834.site.35, 5, 206, 211
1120974.3.peg.1834.site.36, 4, 194, 198
1120974.3.peg.1834.site.37, 22, 207, 229
1120974.3.peg.1834.site.38, 73, 211, 284
1120974.3.peg.1834.site.39, 0, 215, 215
1120974.3.peg.1834.site.40, 1, 215, 216
1120974.3.peg.1834.site.41, 46, 212, 258
1120974.3.peg.1834.site.42, 25, 210, 235
1120974.3.peg.1834.site.43, 6, 214, 220
1120974.3.peg.1834.site.44, 0, 210, 210
1120974.3.peg.1834.site.45, 13, 214, 227
1120974.3.peg.1834.site.46, 0, 214, 214
1120974.3.peg.1834.site.47, 2, 214, 216
1120974.3.peg.1834.site.48, 3, 206, 209
1120974.3.peg.1834.site.49, 20, 204, 224
1120974.3.peg.1834.site.50, 101, 212, 313
1120974.3.peg.1834.site.51, 0, 215, 215
1120974.3.peg.1834.site.52, 22, 213, 235
1120974.3.peg.1834.site.53, 187, 213, 400
1120974.3.peg.1834.site.54, 15, 213, 228
1120974.3.peg.1834.site.55, 4, 214, 218
1120974.3.peg.1834.site.56, 0, 215, 215
1120974.3.peg.1834.site.57, 12, 202, 214
1120974.3.peg.1834.site.58, 1, 197, 198
1120974.3.peg.1834.site.59, 193, 194, 387
1120974.3.peg.1834.site.60, 1, 182, 183
1120974.3.peg.1834.site.61, 12, 184, 196
1120974.3.peg.1834.site.62, 192, 194, 386
1120974.3.peg.1834.site.63, 0, 199, 199
1120974.3.peg.1834.site.64, 185, 208, 393
1120974.3.peg.1834.site.65, 9, 212, 221
1120974.3.peg.1834.site.66, 100, 208, 308
1120974.3.peg.1834.site.67, 213, 215, 428
1120974.3.peg.1834.site.68, 9, 214, 223
1120974.3.peg.1834.site.69, 0, 215, 215
1120974.3.peg.1834.site.70, 21, 214, 235
1120974.3.peg.1834.site.71, 124, 211, 335
1120974.3.peg.1834.site.72, 0, 216, 216
1120974.3.peg.1834.site.73, 5, 214, 219
1120974.3.peg.1834.site.74, 0, 213, 213
1120974.3.peg.1833.site.1, 35, 53, 88
1120974.3.peg.1833.site.2, 145, 214, 359
1120974.3.peg.1833.site.3, 1, 214, 215
1120974.3.peg.1833.site.4, 141, 213, 354
1120974.3.peg.1833.site.5, 46, 215, 261
1120974.3.peg.1833.site.6, 141, 212, 353
1120974.3.peg.1833.site.7, 142, 212, 354
1120974.3.peg.1833.site.8, 142, 209, 351
1120974.3.peg.1833.site.9, 141, 209, 350
1120974.3.peg.1833.site.10, 22, 210, 232
1120974.3.peg.1833.site.11, 143, 205, 348
1120974.3.peg.1833.site.12, 1, 210, 211
1120974.3.peg.1833.site.13, 12, 211, 223
1120974.3.peg.1833.site.14, 8, 213, 221
1120974.3.peg.1833.site.15, 8, 213, 221
1120974.3.peg.1833.site.16, 140, 206, 346
1120974.3.peg.1833.site.17, 3, 189, 192
1120974.3.peg.1833.site.18, 141, 187, 328
1120974.3.peg.1833.site.19, 5, 197, 202
1120974.3.peg.1833.site.20, 10, 190, 200
1120974.3.peg.1833.site.21, 0, 199, 199
1120974.3.peg.1833.site.22, 144, 213, 357
1120974.3.peg.1833.site.23, 22, 214, 236
1120974.3.peg.1833.site.24, 143, 212, 355
1120974.3.peg.1833.site.25, 149, 212, 361
1120974.3.peg.1833.site.26, 140, 210, 350
1120974.3.peg.1833.site.27, 143, 211, 354
1120974.3.peg.1833.site.28, 21, 212, 233
1120974.3.peg.1833.site.29, 124, 187, 311
1120974.3.peg.1833.site.30, 2, 214, 216
1120974.3.peg.1833.site.31, 1, 213, 214
1120974.3.peg.1833.site.32, 9, 212, 221
1120974.3.peg.1635.site.1, 216, 216, 432
1120974.3.peg.1635.site.2, 27, 215, 242
1120974.3.peg.1635.site.3, 2, 212, 214
1120974.3.peg.1635.site.4, 30, 210, 240
1120974.3.peg.1635.site.5, 160, 214, 374
1120974.3.peg.1635.site.6, 148, 213, 361
1120974.3.peg.1635.site.7, 183, 186, 369
1120974.3.peg.1635.site.8, 120, 202, 322
1120974.3.peg.1635.site.9, 32, 212, 244
1120974.3.peg.1635.site.10, 34, 211, 245
1120974.3.peg.1635.site.11, 34, 213, 247
1120974.3.peg.1635.site.12, 35, 215, 250
1120974.3.peg.1635.site.13, 34, 213, 247
1120974.3.peg.1635.site.14, 48, 209, 257
1120974.3.peg.1635.site.15, 10, 206, 216
1120974.3.peg.1635.site.16, 0, 210, 210
1120974.3.peg.1635.site.17, 0, 214, 214
1120974.3.peg.1635.site.18, 36, 212, 248
1120974.3.peg.1635.site.19, 213, 215, 428
1120974.3.peg.1635.site.20, 124, 209, 333
1120974.3.peg.1635.site.21, 164, 213, 377
1120974.3.peg.1635.site.22, 162, 212, 374
1120974.3.peg.1635.site.23, 173, 215, 388
1120974.3.peg.1635.site.24, 0, 215, 215
1120974.3.peg.1635.site.25, 35, 213, 248
1120974.3.peg.1635.site.26, 36, 213, 249
1120974.3.peg.1635.site.27, 2, 216, 218
1120974.3.peg.1635.site.28, 0, 216, 216
1120974.3.peg.1635.site.29, 46, 209, 255
1120974.3.peg.1634.site.1, 169, 195, 364
1120974.3.peg.1634.site.2, 113, 125, 238
1120974.3.peg.1634.site.3, 2, 194, 196
1120974.3.peg.1634.site.4, 0, 214, 214
1120974.3.peg.1634.site.5, 128, 202, 330
1120974.3.peg.1634.site.6, 0, 209, 209
1120974.3.peg.1634.site.7, 176, 207, 383
1120974.3.peg.1634.site.8, 122, 198, 320
1120974.3.peg.1634.site.9, 60, 210, 270
1120974.3.peg.1634.site.10, 132, 212, 344
1120974.3.peg.1634.site.11, 0, 211, 211
1120974.3.peg.1634.site.12, 58, 214, 272
1120974.3.peg.1634.site.13, 0, 214, 214
1120974.3.peg.1634.site.14, 56, 213, 269
1120974.3.peg.1634.site.15, 0, 216, 216
1120974.3.peg.1634.site.16, 3, 207, 210
1120974.3.peg.1634.site.17, 3, 212, 215
1120974.3.peg.1634.site.18, 0, 207, 207
1120974.3.peg.1634.site.19, 51, 205, 256
1120974.3.peg.1634.site.20, 55, 209, 264
1120974.3.peg.1634.site.21, 53, 207, 260
1120974.3.peg.1634.site.22, 57, 206, 263
1120974.3.peg.1634.site.23, 0, 200, 200
1120974.3.peg.1634.site.24, 1, 191, 192
1120974.3.peg.1634.site.25, 2, 172, 174
1120974.3.peg.1634.site.26, 3, 206, 209
1120974.3.peg.1634.site.27, 0, 207, 207
1120974.3.peg.1634.site.28, 48, 203, 251
1120974.3.peg.1634.site.29, 16, 211, 227
1120974.3.peg.1634.site.30, 3, 212, 215
1120974.3.peg.1634.site.31, 0, 213, 213
1120974.3.peg.1634.site.32, 188, 203, 391
1120974.3.peg.1634.site.33, 4, 216, 220
1120974.3.peg.1634.site.34, 207, 214, 421
1120974.3.peg.1637.site.1, 161, 212, 373
1120974.3.peg.1637.site.2, 161, 214, 375
1120974.3.peg.1637.site.3, 141, 212, 353
1120974.3.peg.1637.site.4, 128, 211, 339
1120974.3.peg.1637.site.5, 11, 215, 226
1120974.3.peg.1637.site.6, 0, 212, 212
1120974.3.peg.1637.site.7, 0, 214, 214
1120974.3.peg.1637.site.8, 0, 214, 214
1120974.3.peg.1637.site.9, 0, 214, 214
1120974.3.peg.1637.site.10, 0, 214, 214
1120974.3.peg.1637.site.11, 152, 213, 365
1120974.3.peg.1637.site.12, 0, 215, 215
1120974.3.peg.1637.site.13, 0, 214, 214
1120974.3.peg.1637.site.14, 0, 216, 216
1120974.3.peg.1637.site.15, 4, 214, 218
1120974.3.peg.1637.site.16, 23, 214, 237
1120974.3.peg.1637.site.17, 58, 213, 271
1120974.3.peg.1637.site.18, 2, 214, 216
1120974.3.peg.1637.site.19, 0, 216, 216
1120974.3.peg.1637.site.20, 23, 214, 237
1120974.3.peg.1637.site.21, 148, 207, 355
1120974.3.peg.1637.site.22, 58, 189, 247
1120974.3.peg.1637.site.23, 13, 199, 212
1120974.3.peg.1636.site.1, 1, 215, 216
1120974.3.peg.1636.site.2, 49, 211, 260
1120974.3.peg.1636.site.3, 177, 212, 389
1120974.3.peg.1636.site.4, 2, 216, 218
1120974.3.peg.1636.site.5, 32, 211, 243
1120974.3.peg.1636.site.6, 42, 210, 252
1120974.3.peg.1636.site.7, 0, 215, 215
1120974.3.peg.1636.site.8, 31, 211, 242
1120974.3.peg.1636.site.9, 14, 198, 212
1120974.3.peg.1636.site.10, 4, 186, 190
1120974.3.peg.1636.site.11, 5, 188, 193
1120974.3.peg.1636.site.12, 14, 210, 224
1120974.3.peg.1636.site.13, 30, 211, 241
1120974.3.peg.1636.site.14, 18, 214, 232
1120974.3.peg.1636.site.15, 45, 214, 259
1120974.3.peg.1636.site.16, 32, 214, 246
1120974.3.peg.1636.site.17, 32, 213, 245
1120974.3.peg.1636.site.18, 9, 214, 223
1120974.3.peg.1636.site.19, 205, 207, 412
1120974.3.peg.1636.site.20, 76, 206, 282
1120974.3.peg.1636.site.21, 3, 211, 214
1120974.3.peg.1636.site.22, 130, 202, 332
1120974.3.peg.1636.site.23, 204, 206, 410
1120974.3.peg.1636.site.24, 126, 203, 329
1120974.3.peg.1636.site.25, 180, 198, 378
1120974.3.peg.1636.site.26, 44, 211, 255
1120974.3.peg.1636.site.27, 0, 214, 214
1120974.3.peg.1636.site.28, 22, 213, 235
1120974.3.peg.1636.site.29, 0, 215, 215
1120974.3.peg.1636.site.30, 34, 212, 246
1120974.3.peg.1636.site.31, 44, 215, 259
1120974.3.peg.1636.site.32, 10, 212, 222
1120974.3.peg.1636.site.33, 131, 213, 344
1120974.3.peg.1636.site.34, 18, 215, 233
1120974.3.peg.1636.site.35, 4, 212, 216
1120974.3.peg.1636.site.36, 18, 211, 229
1120974.3.peg.1636.site.37, 82, 205, 287
1120974.3.peg.1636.site.38, 2, 208, 210
1120974.3.peg.1636.site.39, 0, 211, 211
1120974.3.peg.1636.site.40, 127, 210, 337
1120974.3.peg.1636.site.41, 52, 215, 267
1120974.3.peg.1631.site.1, 2, 210, 212
1120974.3.peg.1631.site.2, 9, 213, 222
1120974.3.peg.1631.site.3, 6, 215, 221
1120974.3.peg.1631.site.4, 0, 215, 215
1120974.3.peg.1631.site.5, 4, 216, 220
1120974.3.peg.1631.site.6, 0, 216, 216
1120974.3.peg.1631.site.7, 13, 215, 228
1120974.3.peg.1631.site.8, 0, 215, 215
1120974.3.peg.1631.site.9, 0, 216, 216
1120974.3.peg.1631.site.10, 163, 213, 376
1120974.3.peg.1631.site.11, 0, 214, 214
1120974.3.peg.1631.site.12, 163, 214, 377
1120974.3.peg.1631.site.13, 38, 212, 250
1120974.3.peg.1631.site.14, 37, 212, 249
1120974.3.peg.1631.site.15, 9, 215, 224
1120974.3.peg.1631.site.16, 41, 214, 255
1120974.3.peg.1631.site.17, 167, 213, 380
1120974.3.peg.1631.site.18, 10, 216, 226
1120974.3.peg.1631.site.19, 42, 211, 253
1120974.3.peg.1631.site.20, 42, 210, 252
1120974.3.peg.1631.site.21, 124, 212, 336
1120974.3.peg.1631.site.22, 48, 211, 259
1120974.3.peg.1631.site.23, 20, 205, 225
1120974.3.peg.1631.site.24, 23, 186, 209
1120974.3.peg.1631.site.25, 12, 169, 181
1120974.3.peg.1630.site.1, 4, 215, 219
1120974.3.peg.1630.site.2, 53, 214, 267
1120974.3.peg.1630.site.3, 45, 212, 257
1120974.3.peg.1630.site.4, 100, 212, 312
1120974.3.peg.1630.site.5, 215, 216, 431
1120974.3.peg.1630.site.6, 18, 213, 231
1120974.3.peg.1630.site.7, 96, 207, 303
1120974.3.peg.1630.site.8, 162, 206, 368
1120974.3.peg.1630.site.9, 50, 212, 262
1120974.3.peg.1630.site.10, 113, 209, 322
1120974.3.peg.1630.site.11, 0, 215, 215
1120974.3.peg.1630.site.12, 120, 209, 329
1120974.3.peg.1630.site.13, 143, 199, 342
1120974.3.peg.1630.site.14, 167, 208, 375
1120974.3.peg.1630.site.15, 0, 213, 213
1120974.3.peg.1630.site.16, 112, 210, 322
1120974.3.peg.1630.site.17, 112, 205, 317
1120974.3.peg.1630.site.18, 210, 211, 421
1120974.3.peg.1630.site.19, 4, 213, 217
1120974.3.peg.1630.site.20, 1, 215, 216
1120974.3.peg.1633.site.1, 0, 215, 215
1120974.3.peg.1633.site.2, 5, 215, 220
1120974.3.peg.1633.site.3, 6, 216, 222
1120974.3.peg.1633.site.4, 65, 214, 279
1120974.3.peg.1633.site.5, 0, 216, 216
1120974.3.peg.1633.site.6, 5, 215, 220
1120974.3.peg.1633.site.7, 209, 215, 424
1120974.3.peg.1633.site.8, 6, 202, 208
1120974.3.peg.1633.site.9, 79, 204, 283
1120974.3.peg.1633.site.10, 198, 213, 411
1120974.3.peg.1633.site.11, 216, 216, 432
1120974.3.peg.1633.site.12, 116, 211, 327
1120974.3.peg.1633.site.13, 177, 212, 389
1120974.3.peg.1633.site.14, 120, 212, 332
1120974.3.peg.1633.site.15, 4, 215, 219
1120974.3.peg.1633.site.16, 10, 216, 226
1120974.3.peg.1633.site.17, 0, 208, 208
1120974.3.peg.1632.site.1, 15, 179, 194
1120974.3.peg.1632.site.2, 11, 172, 183
1120974.3.peg.1632.site.3, 44, 204, 248
1120974.3.peg.1632.site.4, 0, 212, 212
1120974.3.peg.1632.site.5, 54, 213, 267
1120974.3.peg.1632.site.6, 0, 214, 214
1120974.3.peg.1632.site.7, 4, 216, 220
1120974.3.peg.1632.site.8, 195, 211, 406
1120974.3.peg.1632.site.9, 10, 211, 221
1120974.3.peg.1632.site.10, 1, 212, 213
1120974.3.peg.1632.site.11, 19, 208, 227
1120974.3.peg.1632.site.12, 132, 201, 333
1120974.3.peg.1632.site.13, 19, 93, 112
1120974.3.peg.1632.site.14, 18, 88, 106
1120974.3.peg.1632.site.15, 3, 73, 76
1120974.3.peg.1632.site.16, 43, 117, 160
1120974.3.peg.1632.site.17, 69, 144, 213
1120974.3.peg.1632.site.18, 50, 181, 231
1120974.3.peg.1632.site.19, 0, 209, 209
1120974.3.peg.1632.site.20, 0, 209, 209
1120974.3.peg.1632.site.21, 2, 214, 216
1120974.3.peg.1632.site.22, 1, 215, 216
1120974.3.peg.1632.site.23, 0, 212, 212
1120974.3.peg.1632.site.24, 0, 211, 211
1120974.3.peg.1632.site.25, 1, 207, 208
1120974.3.peg.1632.site.26, 8, 212, 220
1120974.3.peg.1632.site.27, 0, 210, 210
1120974.3.peg.1632.site.28, 4, 211, 215
1120974.3.peg.1632.site.29, 8, 192, 200
1120974.3.peg.1632.site.30, 2, 185, 187
1120974.3.peg.1632.site.31, 70, 189, 259
1120974.3.peg.1632.site.32, 5, 201, 206
1120974.3.peg.1632.site.33, 205, 211, 416
1120974.3.peg.1632.site.34, 76, 198, 274
1120974.3.peg.1632.site.35, 6, 213, 219
1120974.3.peg.1632.site.36, 5, 216, 221
1120974.3.peg.1639.site.1, 2, 43, 45
1120974.3.peg.1639.site.2, 34, 68, 102
1120974.3.peg.1639.site.3, 110, 154, 264
1120974.3.peg.1639.site.4, 29, 192, 221
1120974.3.peg.1639.site.5, 137, 183, 320
1120974.3.peg.1639.site.6, 175, 195, 370
1120974.3.peg.1639.site.7, 184, 209, 393
1120974.3.peg.1639.site.8, 198, 213, 411
1120974.3.peg.1639.site.9, 0, 215, 215
1120974.3.peg.1639.site.10, 215, 215, 430
1120974.3.peg.1639.site.11, 188, 214, 402
1120974.3.peg.1639.site.12, 188, 214, 402
1120974.3.peg.1639.site.13, 3, 215, 218
1120974.3.peg.1639.site.14, 195, 214, 409
1120974.3.peg.1639.site.15, 189, 214, 403
1120974.3.peg.1639.site.16, 0, 216, 216
1120974.3.peg.1639.site.17, 192, 215, 407
1120974.3.peg.1639.site.18, 192, 215, 407
1120974.3.peg.1639.site.19, 3, 213, 216
1120974.3.peg.1639.site.20, 189, 211, 400
1120974.3.peg.1639.site.21, 210, 213, 423
1120974.3.peg.1639.site.22, 106, 209, 315
1120974.3.peg.1639.site.23, 169, 210, 379
1120974.3.peg.1639.site.24, 40, 208, 248
1120974.3.peg.1639.site.25, 92, 208, 300
1120974.3.peg.1639.site.26, 1, 214, 215
1120974.3.peg.1639.site.27, 76, 209, 285
1120974.3.peg.1639.site.28, 166, 208, 374
1120974.3.peg.1639.site.29, 168, 209, 377
1120974.3.peg.1639.site.30, 196, 213, 409
1120974.3.peg.1639.site.31, 77, 210, 287
1120974.3.peg.1639.site.32, 0, 216, 216
1120974.3.peg.1639.site.33, 175, 213, 388
1120974.3.peg.1639.site.34, 9, 215, 224
1120974.3.peg.1639.site.35, 0, 215, 215
1120974.3.peg.1638.site.1, 85, 207, 292
1120974.3.peg.1638.site.2, 97, 208, 305
1120974.3.peg.1638.site.3, 121, 209, 330
1120974.3.peg.1638.site.4, 4, 216, 220
1120974.3.peg.1638.site.5, 93, 210, 303
1120974.3.peg.1638.site.6, 92, 208, 300
1120974.3.peg.1638.site.7, 215, 215, 430
1120974.3.peg.1638.site.8, 3, 214, 217
1120974.3.peg.1638.site.9, 75, 212, 287
1120974.3.peg.1638.site.10, 0, 215, 215
1120974.3.peg.1638.site.11, 75, 212, 287
1120974.3.peg.1638.site.12, 133, 211, 344
1120974.3.peg.1638.site.13, 133, 210, 343
1120974.3.peg.1638.site.14, 0, 216, 216
1120974.3.peg.1638.site.15, 134, 212, 346
1120974.3.peg.1638.site.16, 38, 215, 253
1120974.3.peg.1638.site.17, 1, 214, 215
1120974.3.peg.1638.site.18, 23, 214, 237
1120974.3.peg.1638.site.19, 174, 214, 388
1120974.3.peg.1638.site.20, 37, 213, 250
1120974.3.peg.1638.site.21, 37, 212, 249
1120974.3.peg.1638.site.22, 23, 213, 236
1120974.3.peg.1638.site.23, 67, 204, 271
1120974.3.peg.1638.site.24, 16, 199, 215
1120974.3.peg.1638.site.25, 22, 190, 212
1120974.3.peg.1638.site.26, 14, 184, 198
1120974.3.peg.1638.site.27, 13, 184, 197
1120974.3.peg.1638.site.28, 0, 190, 190
1120974.3.peg.1638.site.29, 14, 184, 198
1120974.3.peg.1638.site.30, 44, 210, 254
1120974.3.peg.1638.site.31, 44, 210, 254
1120974.3.peg.1638.site.32, 45, 212, 257
1120974.3.peg.1741.site.1, 10, 178, 188
1120974.3.peg.1741.site.2, 117, 147, 264
1120974.3.peg.1741.site.3, 0, 183, 183
1120974.3.peg.1741.site.4, 158, 188, 346
1120974.3.peg.1741.site.5, 140, 170, 310
1120974.3.peg.1741.site.6, 102, 133, 235
1120974.3.peg.1741.site.7, 1, 116, 117
1120974.3.peg.1741.site.8, 66, 105, 171
1120974.3.peg.1741.site.9, 80, 120, 200
1120974.3.peg.1741.site.10, 29, 164, 193
1120974.3.peg.1741.site.11, 0, 216, 216
1120974.3.peg.1741.site.12, 25, 214, 239
1120974.3.peg.1741.site.13, 23, 214, 237
1120974.3.peg.1741.site.14, 22, 213, 235
1120974.3.peg.1741.site.15, 6, 214, 220
1120974.3.peg.1741.site.16, 20, 210, 230
1120974.3.peg.1741.site.17, 12, 203, 215
1120974.3.peg.1741.site.18, 15, 203, 218
1120974.3.peg.1741.site.19, 7, 198, 205
1120974.3.peg.1741.site.20, 3, 196, 199
1120974.3.peg.1741.site.21, 5, 198, 203
1120974.3.peg.1741.site.22, 3, 196, 199
1120974.3.peg.1741.site.23, 26, 211, 237
1120974.3.peg.1741.site.24, 0, 215, 215
1120974.3.peg.1741.site.25, 2, 214, 216
1120974.3.peg.1741.site.26, 206, 206, 412
1120974.3.peg.1741.site.27, 10, 202, 212
1120974.3.peg.1741.site.28, 190, 194, 384
1120974.3.peg.1741.site.29, 2, 192, 194
1120974.3.peg.1741.site.30, 12, 203, 215
1120974.3.peg.1741.site.31, 184, 213, 397
1120974.3.peg.1741.site.32, 159, 211, 370
1120974.3.peg.1741.site.33, 181, 211, 392
1120974.3.peg.1741.site.34, 213, 214, 427
1120974.3.peg.1741.site.35, 16, 211, 227
1120974.3.peg.1741.site.36, 155, 208, 363
1120974.3.peg.1741.site.37, 156, 208, 364
1120974.3.peg.1741.site.38, 179, 210, 389
1120974.3.peg.1741.site.39, 29, 215, 244
1120974.3.peg.1741.site.40, 0, 215, 215
1120974.3.peg.1741.site.41, 146, 211, 357
1120974.3.peg.1741.site.42, 34, 210, 244
1120974.3.peg.1741.site.43, 0, 209, 209
1120974.3.peg.1741.site.44, 32, 178, 210
1120974.3.peg.1741.site.45, 28, 60, 88
1120974.3.peg.1741.site.46, 180, 208, 388
1120974.3.peg.1741.site.47, 184, 214, 398
1120974.3.peg.1741.site.48, 185, 213, 398
1120974.3.peg.1741.site.49, 0, 216, 216
1120974.3.peg.1741.site.50, 15, 212, 227
1120974.3.peg.1741.site.51, 120, 203, 323
1120974.3.peg.1741.site.52, 55, 205, 260
1120974.3.peg.1741.site.53, 130, 160, 290
1120974.3.peg.1741.site.54, 7, 149, 156
1120974.3.peg.1741.site.55, 2, 109, 111
1120974.3.peg.1741.site.56, 42, 63, 105
1120974.3.peg.1741.site.57, 35, 47, 82
1120974.3.peg.1741.site.58, 12, 35, 47
1120974.3.peg.1741.site.59, 11, 34, 45
1120974.3.peg.1741.site.60, 10, 32, 42
1120974.3.peg.1740.site.1, 186, 214, 400
1120974.3.peg.1740.site.2, 0, 216, 216
1120974.3.peg.2618.site.1, 0, 216, 216
1120974.3.peg.2618.site.2, 1, 215, 216
1120974.3.peg.2618.site.3, 0, 212, 212
1120974.3.peg.2618.site.4, 0, 212, 212
1120974.3.peg.2618.site.5, 0, 214, 214
1120974.3.peg.2618.site.6, 0, 215, 215
1120974.3.peg.2618.site.7, 0, 216, 216
1120974.3.peg.2618.site.8, 0, 214, 214
1120974.3.peg.2618.site.9, 2, 216, 218
1120974.3.peg.2618.site.10, 0, 215, 215
1120974.3.peg.296.site.1, 10, 211, 221
1120974.3.peg.296.site.2, 183, 207, 390
1120974.3.peg.296.site.3, 9, 207, 216
1120974.3.peg.926.site.1, 129, 199, 328
1120974.3.peg.926.site.2, 0, 213, 213
1120974.3.peg.926.site.3, 60, 212, 272
1120974.3.peg.926.site.4, 0, 214, 214
1120974.3.peg.926.site.5, 138, 209, 347
1120974.3.peg.926.site.6, 1, 214, 215
1120974.3.peg.926.site.7, 22, 210, 232
1120974.3.peg.926.site.8, 134, 206, 340
1120974.3.peg.926.site.9, 130, 200, 330
1120974.3.peg.926.site.10, 97, 162, 259
1120974.3.peg.926.site.11, 32, 160, 192
1120974.3.peg.926.site.12, 42, 198, 240
1120974.3.peg.926.site.13, 0, 181, 181
1120974.3.peg.926.site.14, 24, 96, 120
1120974.3.peg.926.site.15, 18, 93, 111
1120974.3.peg.926.site.16, 52, 86, 138
1120974.3.peg.926.site.17, 84, 105, 189
1120974.3.peg.926.site.18, 38, 115, 153
1120974.3.peg.926.site.19, 85, 159, 244
1120974.3.peg.926.site.20, 118, 190, 308
1120974.3.peg.926.site.21, 124, 196, 320
1120974.3.peg.926.site.22, 166, 193, 359
1120974.3.peg.926.site.23, 21, 188, 209
1120974.3.peg.926.site.24, 114, 181, 295
1120974.3.peg.926.site.25, 0, 213, 213
1120974.3.peg.926.site.26, 29, 212, 241
1120974.3.peg.926.site.27, 109, 209, 318
1120974.3.peg.926.site.28, 127, 210, 337
1120974.3.peg.926.site.29, 17, 213, 230
1120974.3.peg.926.site.30, 106, 208, 314
1120974.3.peg.926.site.31, 124, 213, 337
1120974.3.peg.926.site.32, 15, 213, 228
1120974.3.peg.926.site.33, 17, 214, 231
1120974.3.peg.926.site.34, 4, 214, 218
1120974.3.peg.926.site.35, 0, 212, 212
1120974.3.peg.926.site.36, 0, 212, 212
1120974.3.peg.926.site.37, 16, 160, 176
1120974.3.peg.926.site.38, 43, 142, 185
1120974.3.peg.926.site.39, 125, 149, 274
1120974.3.peg.926.site.40, 45, 144, 189
1120974.3.peg.926.site.41, 44, 139, 183
1120974.3.peg.926.site.42, 144, 147, 291
1120974.3.peg.926.site.43, 61, 161, 222
1120974.3.peg.926.site.44, 131, 206, 337
1120974.3.peg.926.site.45, 125, 210, 335
1120974.3.peg.926.site.46, 116, 209, 325
1120974.3.peg.926.site.47, 95, 206, 301
1120974.3.peg.926.site.48, 19, 196, 215
1120974.3.peg.926.site.49, 109, 199, 308
1120974.3.peg.926.site.50, 5, 213, 218
1120974.3.peg.926.site.51, 85, 186, 271
1120974.3.peg.926.site.52, 81, 182, 263
1120974.3.peg.925.site.1, 138, 192, 330
1120974.3.peg.925.site.2, 142, 195, 337
1120974.3.peg.925.site.3, 4, 210, 214
1120974.3.peg.2610.site.1, 153, 153, 306
1120974.3.peg.2610.site.2, 46, 174, 220
1120974.3.peg.2610.site.3, 211, 211, 422
1120974.3.peg.2610.site.4, 129, 206, 335
1120974.3.peg.2610.site.5, 19, 209, 228
1120974.3.peg.2610.site.6, 9, 209, 218
1120974.3.peg.2610.site.7, 189, 208, 397
1120974.3.peg.2610.site.8, 2, 215, 217
1120974.3.peg.2610.site.9, 19, 215, 234
1120974.3.peg.2610.site.10, 2, 211, 213
1120974.3.peg.2610.site.11, 182, 205, 387
1120974.3.peg.2610.site.12, 176, 195, 371
1120974.3.peg.2610.site.13, 200, 200, 400
1120974.3.peg.2610.site.14, 131, 148, 279
1120974.3.peg.2610.site.15, 92, 110, 202
1120974.3.peg.2610.site.16, 133, 148, 281
1120974.3.peg.2610.site.17, 114, 136, 250
1120974.3.peg.2610.site.18, 6, 191, 197
1120974.3.peg.2610.site.19, 6, 194, 200
1120974.3.peg.2610.site.20, 172, 195, 367
1120974.3.peg.2610.site.21, 3, 190, 193
1120974.3.peg.2610.site.22, 177, 193, 370
1120974.3.peg.2610.site.23, 176, 192, 368
1120974.3.peg.2610.site.24, 193, 204, 397
1120974.3.peg.2610.site.25, 184, 201, 385
1120974.3.peg.2610.site.26, 42, 64, 106
1120974.3.peg.2610.site.27, 2, 22, 24
1120974.3.peg.2610.site.28, 43, 65, 108
1120974.3.peg.2610.site.29, 53, 73, 126
1120974.3.peg.2610.site.30, 2, 186, 188
1120974.3.peg.2610.site.31, 60, 201, 261
1120974.3.peg.2610.site.32, 0, 212, 212
1120974.3.peg.2610.site.33, 199, 214, 413
1120974.3.peg.2610.site.34, 200, 216, 416
1120974.3.peg.2610.site.35, 0, 216, 216
1120974.3.peg.2610.site.36, 194, 215, 409
1120974.3.peg.2610.site.37, 0, 215, 215
1120974.3.peg.2610.site.38, 4, 216, 220
1120974.3.peg.2139.site.1, 121, 202, 323
1120974.3.peg.2139.site.2, 103, 209, 312
1120974.3.peg.2139.site.3, 7, 214, 221
1120974.3.peg.2139.site.4, 212, 212, 424
1120974.3.peg.2139.site.5, 210, 211, 421
1120974.3.peg.2139.site.6, 44, 204, 248
1120974.3.peg.2139.site.7, 2, 210, 212
1120974.3.peg.2139.site.8, 38, 209, 247
1120974.3.peg.2139.site.9, 51, 212, 263
1120974.3.peg.2139.site.10, 39, 211, 250
1120974.3.peg.2139.site.11, 26, 212, 238
1120974.3.peg.2139.site.12, 40, 210, 250
1120974.3.peg.2139.site.13, 170, 211, 381
1120974.3.peg.2139.site.14, 215, 215, 430
1120974.3.peg.2139.site.15, 0, 214, 214
1120974.3.peg.2139.site.16, 65, 214, 279
1120974.3.peg.2139.site.17, 5, 215, 220
1120974.3.peg.2139.site.18, 149, 212, 361
1120974.3.peg.2139.site.19, 150, 212, 362
1120974.3.peg.2139.site.20, 22, 212, 234
1120974.3.peg.2139.site.21, 127, 192, 319
1120974.3.peg.2139.site.22, 34, 134, 168
1120974.3.peg.2139.site.23, 63, 128, 191
1120974.3.peg.2139.site.24, 0, 89, 89
1120974.3.peg.2139.site.25, 49, 115, 164
1120974.3.peg.2139.site.26, 74, 139, 213
1120974.3.peg.2139.site.27, 52, 210, 262
1120974.3.peg.2139.site.28, 146, 211, 357
1120974.3.peg.2139.site.29, 1, 214, 215
1120974.3.peg.2139.site.30, 149, 212, 361
1120974.3.peg.2139.site.31, 40, 213, 253
1120974.3.peg.2139.site.32, 40, 212, 252
1120974.3.peg.2139.site.33, 146, 201, 347
1120974.3.peg.2139.site.34, 24, 202, 226
1120974.3.peg.2139.site.35, 0, 208, 208
1120974.3.peg.2139.site.36, 32, 209, 241
1120974.3.peg.2139.site.37, 32, 209, 241
1120974.3.peg.2139.site.38, 152, 207, 359
1120974.3.peg.2139.site.39, 33, 209, 242
1120974.3.peg.2139.site.40, 56, 210, 266
1120974.3.peg.2139.site.41, 55, 209, 264
1120974.3.peg.2139.site.42, 0, 212, 212
1120974.3.peg.2139.site.43, 33, 209, 242
1120974.3.peg.2139.site.44, 33, 208, 241
1120974.3.peg.2139.site.45, 0, 205, 205
1120974.3.peg.2139.site.46, 0, 205, 205
1120974.3.peg.2139.site.47, 32, 207, 239
1120974.3.peg.2139.site.48, 33, 207, 240
1120974.3.peg.2139.site.49, 32, 206, 238
1120974.3.peg.2139.site.50, 106, 201, 307
1120974.3.peg.2139.site.51, 30, 204, 234
1120974.3.peg.2139.site.52, 2, 209, 211
1120974.3.peg.2139.site.53, 0, 215, 215
1120974.3.peg.2139.site.54, 3, 215, 218
1120974.3.peg.2139.site.55, 26, 202, 228
1120974.3.peg.2139.site.56, 11, 188, 199
1120974.3.peg.2139.site.57, 10, 187, 197
1120974.3.peg.2139.site.58, 2, 187, 189
1120974.3.peg.2139.site.59, 19, 197, 216
1120974.3.peg.2139.site.60, 12, 214, 226
1120974.3.peg.2139.site.61, 3, 215, 218
1120974.3.peg.2139.site.62, 41, 213, 254
1120974.3.peg.2139.site.63, 4, 216, 220
1120974.3.peg.2139.site.64, 0, 214, 214
1120974.3.peg.2139.site.65, 61, 213, 274
1120974.3.peg.2139.site.66, 63, 213, 276
1120974.3.peg.2139.site.67, 0, 216, 216
1120974.3.peg.2139.site.68, 2, 215, 217
1120974.3.peg.2139.site.69, 0, 215, 215
1120974.3.peg.2139.site.70, 212, 216, 428
1120974.3.peg.2139.site.71, 0, 215, 215
1120974.3.peg.2139.site.72, 158, 198, 356
1120974.3.peg.2139.site.73, 144, 184, 328
1120974.3.peg.2139.site.74, 143, 183, 326
1120974.3.peg.2139.site.75, 155, 195, 350
1120974.3.peg.2139.site.76, 4, 212, 216
1120974.3.peg.2134.site.1, 1, 156, 157
1120974.3.peg.2134.site.2, 68, 98, 166
1120974.3.peg.2134.site.3, 57, 95, 152
1120974.3.peg.2134.site.4, 13, 54, 67
1120974.3.peg.2134.site.5, 5, 51, 56
1120974.3.peg.2134.site.6, 35, 81, 116
1120974.3.peg.2134.site.7, 68, 97, 165
1120974.3.peg.2134.site.8, 17, 105, 122
1120974.3.peg.2134.site.9, 143, 143, 286
1120974.3.peg.2134.site.10, 82, 182, 264
1120974.3.peg.2134.site.11, 0, 192, 192
1120974.3.peg.2134.site.12, 100, 145, 245
1120974.3.peg.2134.site.13, 117, 162, 279
1120974.3.peg.2134.site.14, 97, 142, 239
1120974.3.peg.2134.site.15, 91, 134, 225
1120974.3.peg.2134.site.16, 77, 120, 197
1120974.3.peg.2134.site.17, 3, 46, 49
1120974.3.peg.2134.site.18, 7, 46, 53
1120974.3.peg.2134.site.19, 42, 49, 91
1120974.3.peg.2134.site.20, 10, 52, 62
1120974.3.peg.2134.site.21, 3, 64, 67
1120974.3.peg.2134.site.22, 73, 118, 191
1120974.3.peg.2134.site.23, 21, 173, 194
1120974.3.peg.2134.site.24, 159, 204, 363
1120974.3.peg.2134.site.25, 1, 214, 215
1120974.3.peg.2134.site.26, 0, 214, 214
1120974.3.peg.2134.site.27, 2, 216, 218
1120974.3.peg.2134.site.28, 170, 210, 380
1120974.3.peg.2134.site.29, 165, 208, 373
1120974.3.peg.2134.site.30, 37, 79, 116
1120974.3.peg.2134.site.31, 36, 42, 78
1120974.3.peg.2134.site.32, 66, 71, 137
1120974.3.peg.2134.site.33, 151, 168, 319
1120974.3.peg.2134.site.34, 43, 212, 255
1120974.3.peg.2134.site.35, 174, 214, 388
1120974.3.peg.2134.site.36, 192, 216, 408
1120974.3.peg.2134.site.37, 171, 211, 382
1120974.3.peg.2134.site.38, 0, 214, 214
1120974.3.peg.2134.site.39, 173, 213, 386
1120974.3.peg.2134.site.40, 180, 215, 395
1120974.3.peg.2134.site.41, 3, 216, 219
1120974.3.peg.2134.site.42, 175, 215, 390
1120974.3.peg.2134.site.43, 1, 215, 216
1120974.3.peg.2134.site.44, 21, 215, 236
1120974.3.peg.2134.site.45, 51, 212, 263
1120974.3.peg.2134.site.46, 0, 214, 214
1120974.3.peg.2134.site.47, 52, 211, 263
1120974.3.peg.2134.site.48, 0, 205, 205
1120974.3.peg.2134.site.49, 50, 195, 245
1120974.3.peg.2134.site.50, 0, 197, 197
1120974.3.peg.2134.site.51, 170, 207, 377
1120974.3.peg.2134.site.52, 167, 207, 374
1120974.3.peg.2134.site.53, 171, 211, 382
1120974.3.peg.2134.site.54, 144, 184, 328
1120974.3.peg.2134.site.55, 161, 179, 340
1120974.3.peg.2134.site.56, 160, 199, 359
1120974.3.peg.2134.site.57, 122, 163, 285
1120974.3.peg.2134.site.58, 23, 127, 150
1120974.3.peg.2133.site.1, 163, 204, 367
1120974.3.peg.2133.site.2, 3, 202, 205
1120974.3.peg.2133.site.3, 140, 181, 321
1120974.3.peg.2133.site.4, 171, 186, 357
1120974.3.peg.2133.site.5, 46, 203, 249
1120974.3.peg.2133.site.6, 31, 73, 104
1120974.3.peg.2133.site.7, 154, 195, 349
1120974.3.peg.2133.site.8, 3, 211, 214
1120974.3.peg.2133.site.9, 113, 210, 323
1120974.3.peg.2133.site.10, 0, 213, 213
1120974.3.peg.2133.site.11, 44, 202, 246
1120974.3.peg.2133.site.12, 39, 195, 234
1120974.3.peg.2133.site.13, 167, 167, 334
1120974.3.peg.2133.site.14, 2, 160, 162
1120974.3.peg.2133.site.15, 0, 158, 158
1120974.3.peg.2132.site.1, 3, 213, 216
1120974.3.peg.2132.site.2, 162, 203, 365
1120974.3.peg.2132.site.3, 47, 205, 252
1120974.3.peg.2132.site.4, 162, 203, 365
1120974.3.peg.2132.site.5, 153, 194, 347
1120974.3.peg.2132.site.6, 130, 173, 303
1120974.3.peg.2132.site.7, 1, 198, 199
1120974.3.peg.2132.site.8, 1, 212, 213
1120974.3.peg.2132.site.9, 168, 206, 374
1120974.3.peg.2132.site.10, 6, 211, 217
1120974.3.peg.2132.site.11, 100, 199, 299
1120974.3.peg.2132.site.12, 100, 197, 297
1120974.3.peg.2132.site.13, 10, 169, 179
1120974.3.peg.2132.site.14, 40, 82, 122
1120974.3.peg.2132.site.15, 24, 66, 90
1120974.3.peg.2132.site.16, 5, 47, 52
1120974.3.peg.2132.site.17, 0, 42, 42
1120974.3.peg.2132.site.18, 0, 41, 41
1120974.3.peg.2132.site.19, 2, 41, 43
1120974.3.peg.2132.site.20, 1, 42, 43
1120974.3.peg.2132.site.21, 28, 43, 71
1120974.3.peg.2132.site.22, 10, 42, 52
1120974.3.peg.2132.site.23, 1, 44, 45
1120974.3.peg.2132.site.24, 1, 50, 51
1120974.3.peg.2132.site.25, 5, 50, 55
1120974.3.peg.2132.site.26, 7, 50, 57
1120974.3.peg.2132.site.27, 8, 50, 58
1120974.3.peg.2131.site.1, 4, 215, 219
1120974.3.peg.2131.site.2, 14, 215, 229
1120974.3.peg.2131.site.3, 4, 216, 220
1120974.3.peg.2131.site.4, 27, 215, 242
1120974.3.peg.2131.site.5, 41, 211, 252
1120974.3.peg.2131.site.6, 18, 215, 233
1120974.3.peg.2131.site.7, 17, 213, 230
1120974.3.peg.2131.site.8, 0, 215, 215
1120974.3.peg.2131.site.9, 41, 213, 254
1120974.3.peg.2131.site.10, 0, 215, 215
1120974.3.peg.2131.site.11, 3, 216, 219
1120974.3.peg.2131.site.12, 0, 216, 216
1120974.3.peg.2131.site.13, 38, 213, 251
1120974.3.peg.2131.site.14, 2, 214, 216
1120974.3.peg.2131.site.15, 31, 202, 233
1120974.3.peg.2131.site.16, 28, 204, 232
1120974.3.peg.2131.site.17, 1, 214, 215
1120974.3.peg.2131.site.18, 1, 216, 217
1120974.3.peg.2131.site.19, 75, 211, 286
1120974.3.peg.2131.site.20, 37, 211, 248
1120974.3.peg.2131.site.21, 144, 212, 356
1120974.3.peg.2131.site.22, 147, 214, 361
1120974.3.peg.2131.site.23, 25, 205, 230
1120974.3.peg.2130.site.1, 0, 215, 215
1120974.3.peg.2130.site.2, 166, 213, 379
1120974.3.peg.2130.site.3, 171, 211, 382
1120974.3.peg.2130.site.4, 9, 209, 218
1120974.3.peg.2130.site.5, 11, 210, 221
1120974.3.peg.2130.site.6, 168, 209, 377
1120974.3.peg.2130.site.7, 195, 213, 408
1120974.3.peg.2130.site.8, 0, 213, 213
1120974.3.peg.2130.site.9, 6, 212, 218
1120974.3.peg.2130.site.10, 79, 212, 291
1120974.3.peg.2130.site.11, 195, 213, 408
1120974.3.peg.2130.site.12, 18, 210, 228
1120974.3.peg.2130.site.13, 149, 182, 331
1120974.3.peg.2130.site.14, 150, 183, 333
1120974.3.peg.2130.site.15, 183, 211, 394
1120974.3.peg.2130.site.16, 172, 209, 381
1120974.3.peg.2130.site.17, 0, 212, 212
1120974.3.peg.2130.site.18, 0, 211, 211
1120974.3.peg.2130.site.19, 1, 212, 213
1120974.3.peg.2130.site.20, 2, 213, 215
1120974.3.peg.2130.site.21, 4, 216, 220
1120974.3.peg.2130.site.22, 18, 215, 233
1120974.3.peg.2130.site.23, 13, 212, 225
1120974.3.peg.2130.site.24, 1, 216, 217
1120974.3.peg.2130.site.25, 33, 212, 245
1120974.3.peg.2130.site.26, 1, 216, 217
1120974.3.peg.2130.site.27, 1, 215, 216
1120974.3.peg.2130.site.28, 19, 213, 232
1120974.3.peg.2130.site.29, 11, 214, 225
1120974.3.peg.2130.site.30, 1, 216, 217
1120974.3.peg.2130.site.31, 7, 215, 222
1120974.3.peg.2130.site.32, 0, 215, 215
1120974.3.peg.2130.site.33, 20, 214, 234
1120974.3.peg.2130.site.34, 1, 214, 215
1120974.3.peg.2130.site.35, 75, 213, 288
1120974.3.peg.390.site.1, 1, 216, 217
1120974.3.peg.390.site.2, 0, 216, 216
1120974.3.peg.390.site.3, 1, 215, 216
1120974.3.peg.390.site.4, 1, 215, 216
1120974.3.peg.390.site.5, 1, 215, 216
1120974.3.peg.390.site.6, 0, 214, 214
1120974.3.peg.390.site.7, 4, 215, 219
1120974.3.peg.390.site.8, 13, 213, 226
1120974.3.peg.390.site.9, 0, 214, 214
1120974.3.peg.390.site.10, 16, 214, 230
1120974.3.peg.390.site.11, 212, 216, 428
1120974.3.peg.390.site.12, 0, 215, 215
1120974.3.peg.390.site.13, 0, 215, 215
1120974.3.peg.390.site.14, 185, 211, 396
1120974.3.peg.390.site.15, 213, 215, 428
1120974.3.peg.390.site.16, 8, 213, 221
1120974.3.peg.390.site.17, 12, 213, 225
1120974.3.peg.390.site.18, 4, 214, 218
1120974.3.peg.390.site.19, 180, 204, 384
1120974.3.peg.390.site.20, 189, 209, 398
1120974.3.peg.390.site.21, 16, 213, 229
1120974.3.peg.390.site.22, 187, 212, 399
1120974.3.peg.390.site.23, 4, 216, 220
1120974.3.peg.390.site.24, 4, 216, 220
1120974.3.peg.390.site.25, 13, 215, 228
1120974.3.peg.390.site.26, 189, 215, 404
1120974.3.peg.391.site.1, 182, 210, 392
1120974.3.peg.391.site.2, 178, 206, 384
1120974.3.peg.391.site.3, 0, 209, 209
1120974.3.peg.391.site.4, 201, 209, 410
1120974.3.peg.391.site.5, 1, 210, 211
1120974.3.peg.391.site.6, 182, 210, 392
1120974.3.peg.391.site.7, 1, 207, 208
1120974.3.peg.391.site.8, 1, 206, 207
1120974.3.peg.391.site.9, 1, 201, 202
1120974.3.peg.391.site.10, 1, 195, 196
1120974.3.peg.391.site.11, 13, 208, 221
1120974.3.peg.391.site.12, 25, 211, 236
1120974.3.peg.391.site.13, 0, 215, 215
1120974.3.peg.391.site.14, 187, 211, 398
1120974.3.peg.391.site.15, 210, 213, 423
1120974.3.peg.391.site.16, 0, 214, 214
1120974.3.peg.391.site.17, 2, 216, 218
1120974.3.peg.391.site.18, 180, 208, 388
1120974.3.peg.391.site.19, 181, 211, 392
1120974.3.peg.391.site.20, 203, 209, 412
1120974.3.peg.391.site.21, 0, 209, 209
1120974.3.peg.391.site.22, 0, 210, 210
1120974.3.peg.391.site.23, 4, 210, 214
1120974.3.peg.391.site.24, 0, 212, 212
1120974.3.peg.391.site.25, 0, 213, 213
1120974.3.peg.391.site.26, 206, 213, 419
1120974.3.peg.391.site.27, 189, 213, 402
1120974.3.peg.391.site.28, 11, 210, 221
1120974.3.peg.391.site.29, 200, 209, 409
1120974.3.peg.391.site.30, 185, 210, 395
1120974.3.peg.2242.site.1, 1, 207, 208
1120974.3.peg.2242.site.2, 19, 208, 227
1120974.3.peg.2242.site.3, 2, 204, 206
1120974.3.peg.2242.site.4, 45, 201, 246
1120974.3.peg.2242.site.5, 1, 204, 205
1120974.3.peg.2242.site.6, 130, 201, 331
1120974.3.peg.2242.site.7, 175, 198, 373
1120974.3.peg.2242.site.8, 1, 204, 205
1120974.3.peg.2242.site.9, 1, 204, 205
1120974.3.peg.2242.site.10, 1, 203, 204
1120974.3.peg.2242.site.11, 1, 192, 193
1120974.3.peg.2242.site.12, 58, 193, 251
1120974.3.peg.2242.site.13, 183, 189, 372
1120974.3.peg.2242.site.14, 194, 199, 393
1120974.3.peg.2242.site.15, 0, 207, 207
1120974.3.peg.2242.site.16, 3, 201, 204
1120974.3.peg.2242.site.17, 3, 210, 213
1120974.3.peg.2242.site.18, 125, 206, 331
1120974.3.peg.2242.site.19, 14, 210, 224
1120974.3.peg.2242.site.20, 14, 211, 225
1120974.3.peg.2242.site.21, 54, 204, 258
1120974.3.peg.2242.site.22, 22, 205, 227
1120974.3.peg.2242.site.23, 55, 204, 259
1120974.3.peg.2242.site.24, 202, 205, 407
1120974.3.peg.2242.site.25, 209, 210, 419
1120974.3.peg.2242.site.26, 2, 208, 210
1120974.3.peg.2242.site.27, 70, 200, 270
1120974.3.peg.2242.site.28, 0, 205, 205
1120974.3.peg.2242.site.29, 170, 207, 377
1120974.3.peg.2242.site.30, 31, 208, 239
1120974.3.peg.2242.site.31, 0, 178, 178
1120974.3.peg.2245.site.1, 0, 215, 215
1120974.3.peg.2245.site.2, 2, 214, 216
1120974.3.peg.2245.site.3, 2, 215, 217
1120974.3.peg.2245.site.4, 20, 216, 236
1120974.3.peg.2245.site.5, 1, 216, 217
1120974.3.peg.2245.site.6, 38, 213, 251
1120974.3.peg.2245.site.7, 38, 212, 250
1120974.3.peg.2245.site.8, 1, 213, 214
1120974.3.peg.2245.site.9, 37, 206, 243
1120974.3.peg.2245.site.10, 4, 205, 209
1120974.3.peg.2245.site.11, 74, 197, 271
1120974.3.peg.2245.site.12, 40, 195, 235
1120974.3.peg.2245.site.13, 20, 188, 208
1120974.3.peg.2245.site.14, 67, 194, 261
1120974.3.peg.2245.site.15, 70, 195, 265
1120974.3.peg.2245.site.16, 166, 207, 373
1120974.3.peg.2245.site.17, 115, 206, 321
1120974.3.peg.2245.site.18, 78, 207, 285
1120974.3.peg.2245.site.19, 0, 213, 213
1120974.3.peg.2245.site.20, 61, 202, 263
1120974.3.peg.2245.site.21, 1, 216, 217
1120974.3.peg.2245.site.22, 144, 213, 357
1120974.3.peg.2245.site.23, 146, 215, 361
1120974.3.peg.2245.site.24, 0, 215, 215
1120974.3.peg.2245.site.25, 2, 216, 218
1120974.3.peg.2245.site.26, 67, 212, 279
1120974.3.peg.2245.site.27, 0, 216, 216
1120974.3.peg.2245.site.28, 118, 211, 329
1120974.3.peg.2245.site.29, 1, 216, 217
1120974.3.peg.2245.site.30, 1, 216, 217
1120974.3.peg.2245.site.31, 67, 213, 280
1120974.3.peg.2245.site.32, 0, 212, 212
1120974.3.peg.2245.site.33, 8, 215, 223
1120974.3.peg.2245.site.34, 189, 214, 403
1120974.3.peg.2245.site.35, 190, 215, 405
1120974.3.peg.2245.site.36, 179, 204, 383
1120974.3.peg.2245.site.37, 40, 205, 245
1120974.3.peg.2245.site.38, 189, 208, 397
1120974.3.peg.2244.site.1, 4, 208, 212
1120974.3.peg.2244.site.2, 2, 207, 209
1120974.3.peg.2244.site.3, 77, 203, 280
1120974.3.peg.2244.site.4, 9, 204, 213
1120974.3.peg.2244.site.5, 4, 210, 214
1120974.3.peg.2244.site.6, 79, 210, 289
1120974.3.peg.2244.site.7, 2, 215, 217
1120974.3.peg.2244.site.8, 65, 213, 278
1120974.3.peg.2244.site.9, 190, 207, 397
1120974.3.peg.2244.site.10, 59, 210, 269
1120974.3.peg.2244.site.11, 76, 209, 285
1120974.3.peg.2244.site.12, 73, 203, 276
1120974.3.peg.2244.site.13, 3, 209, 212
1120974.3.peg.2244.site.14, 9, 213, 222
1120974.3.peg.2244.site.15, 86, 213, 299
1120974.3.peg.2244.site.16, 39, 213, 252
1120974.3.peg.2244.site.17, 1, 214, 215
1120974.3.peg.2244.site.18, 162, 210, 372
1120974.3.peg.2244.site.19, 1, 213, 214
1120974.3.peg.2244.site.20, 203, 213, 416
1120974.3.peg.2247.site.1, 21, 214, 235
1120974.3.peg.2247.site.2, 33, 216, 249
1120974.3.peg.2247.site.3, 1, 216, 217
1120974.3.peg.2247.site.4, 37, 216, 253
1120974.3.peg.2247.site.5, 30, 216, 246
1120974.3.peg.2247.site.6, 2, 216, 218
1120974.3.peg.2247.site.7, 3, 216, 219
1120974.3.peg.2247.site.8, 2, 213, 215
1120974.3.peg.2247.site.9, 144, 201, 345
1120974.3.peg.2247.site.10, 13, 188, 201
1120974.3.peg.2247.site.11, 0, 187, 187
1120974.3.peg.2247.site.12, 1, 181, 182
1120974.3.peg.2247.site.13, 6, 182, 188
1120974.3.peg.2247.site.14, 3, 187, 190
1120974.3.peg.2247.site.15, 8, 190, 198
1120974.3.peg.2247.site.16, 19, 201, 220
1120974.3.peg.2247.site.17, 30, 211, 241
1120974.3.peg.2247.site.18, 2, 212, 214
1120974.3.peg.2247.site.19, 163, 212, 375
1120974.3.peg.2247.site.20, 29, 205, 234
1120974.3.peg.2247.site.21, 203, 204, 407
1120974.3.peg.2247.site.22, 6, 205, 211
1120974.3.peg.2247.site.23, 4, 206, 210
1120974.3.peg.2247.site.24, 0, 200, 200
1120974.3.peg.2247.site.25, 0, 198, 198
1120974.3.peg.2247.site.26, 0, 208, 208
1120974.3.peg.2247.site.27, 46, 206, 252
1120974.3.peg.2247.site.28, 214, 215, 429
1120974.3.peg.2247.site.29, 0, 214, 214
1120974.3.peg.2247.site.30, 211, 213, 424
1120974.3.peg.2247.site.31, 5, 213, 218
1120974.3.peg.2247.site.32, 160, 209, 369
1120974.3.peg.2247.site.33, 4, 215, 219
1120974.3.peg.2247.site.34, 13, 186, 199
1120974.3.peg.2247.site.35, 1, 184, 185
1120974.3.peg.2247.site.36, 7, 177, 184
1120974.3.peg.2247.site.37, 1, 177, 178
1120974.3.peg.2247.site.38, 21, 197, 218
1120974.3.peg.2246.site.1, 188, 214, 402
1120974.3.peg.2246.site.2, 189, 215, 404
1120974.3.peg.2246.site.3, 5, 216, 221
1120974.3.peg.2246.site.4, 50, 211, 261
1120974.3.peg.2246.site.5, 24, 160, 184
1120974.3.peg.2246.site.6, 114, 161, 275
1120974.3.peg.2246.site.7, 139, 158, 297
1120974.3.peg.2246.site.8, 115, 148, 263
1120974.3.peg.2246.site.9, 113, 142, 255
1120974.3.peg.2246.site.10, 13, 142, 155
1120974.3.peg.2246.site.11, 11, 132, 143
1120974.3.peg.2246.site.12, 107, 164, 271
1120974.3.peg.2246.site.13, 107, 176, 283
1120974.3.peg.2246.site.14, 0, 211, 211
1120974.3.peg.2246.site.15, 0, 212, 212
1120974.3.peg.2246.site.16, 0, 205, 205
1120974.3.peg.2246.site.17, 0, 201, 201
1120974.3.peg.2246.site.18, 2, 166, 168
1120974.3.peg.2246.site.19, 44, 151, 195
1120974.3.peg.2246.site.20, 1, 188, 189
1120974.3.peg.2246.site.21, 44, 189, 233
1120974.3.peg.2246.site.22, 20, 204, 224
1120974.3.peg.2246.site.23, 138, 210, 348
1120974.3.peg.2246.site.24, 0, 214, 214
1120974.3.peg.2246.site.25, 2, 214, 216
1120974.3.peg.2246.site.26, 136, 208, 344
1120974.3.peg.2246.site.27, 0, 212, 212
1120974.3.peg.2246.site.28, 0, 212, 212
1120974.3.peg.2246.site.29, 2, 214, 216
1120974.3.peg.2246.site.30, 1, 215, 216
1120974.3.peg.2246.site.31, 26, 216, 242
1120974.3.peg.2246.site.32, 0, 213, 213
1120974.3.peg.2246.site.33, 1, 215, 216
1120974.3.peg.2246.site.34, 0, 212, 212
1120974.3.peg.2246.site.35, 16, 212, 228
1120974.3.peg.2246.site.36, 2, 214, 216
1120974.3.peg.2246.site.37, 2, 215, 217
1120974.3.peg.2246.site.38, 4, 216, 220
1120974.3.peg.2246.site.39, 4, 210, 214
1120974.3.peg.2246.site.40, 4, 208, 212
1120974.3.peg.2246.site.41, 2, 193, 195
1120974.3.peg.2246.site.42, 4, 192, 196
1120974.3.peg.2246.site.43, 13, 188, 201
1120974.3.peg.2246.site.44, 0, 193, 193
1120974.3.peg.2249.site.1, 1, 215, 216
1120974.3.peg.2249.site.2, 6, 211, 217
1120974.3.peg.2249.site.3, 154, 213, 367
1120974.3.peg.2249.site.4, 0, 213, 213
1120974.3.peg.2249.site.5, 157, 214, 371
1120974.3.peg.2249.site.6, 1, 206, 207
1120974.3.peg.2249.site.7, 21, 49, 70
1120974.3.peg.2249.site.8, 7, 99, 106
1120974.3.peg.2249.site.9, 27, 215, 242
1120974.3.peg.2249.site.10, 2, 215, 217
1120974.3.peg.2249.site.11, 0, 214, 214
1120974.3.peg.2249.site.12, 26, 178, 204
1120974.3.peg.2249.site.13, 189, 214, 403
1120974.3.peg.2249.site.14, 155, 212, 367
1120974.3.peg.2249.site.15, 3, 215, 218
1120974.3.peg.2249.site.16, 189, 214, 403
1120974.3.peg.2249.site.17, 162, 187, 349
1120974.3.peg.2249.site.18, 145, 174, 319
1120974.3.peg.2249.site.19, 6, 169, 175
1120974.3.peg.2249.site.20, 1, 181, 182
1120974.3.peg.2249.site.21, 8, 185, 193
1120974.3.peg.2249.site.22, 4, 201, 205
1120974.3.peg.2249.site.23, 4, 187, 191
1120974.3.peg.2623.site.1, 4, 209, 213
1120974.3.peg.2623.site.2, 151, 206, 357
1120974.3.peg.2623.site.3, 4, 108, 112
1120974.3.peg.2623.site.4, 78, 136, 214
1120974.3.peg.2623.site.5, 106, 117, 223
1120974.3.peg.2623.site.6, 55, 110, 165
1120974.3.peg.2623.site.7, 1, 166, 167
1120974.3.peg.2623.site.8, 97, 151, 248
1120974.3.peg.2623.site.9, 101, 206, 307
1120974.3.peg.2623.site.10, 0, 214, 214
1120974.3.peg.2623.site.11, 48, 205, 253
1120974.3.peg.2623.site.12, 4, 207, 211
1120974.3.peg.2623.site.13, 51, 208, 259
1120974.3.peg.2623.site.14, 42, 196, 238
1120974.3.peg.2623.site.15, 0, 210, 210
1120974.3.peg.2623.site.16, 0, 214, 214
1120974.3.peg.2623.site.17, 44, 195, 239
1120974.3.peg.2623.site.18, 41, 215, 256
1120974.3.peg.2623.site.19, 45, 214, 259
1120974.3.peg.2623.site.20, 8, 216, 224
1120974.3.peg.2623.site.21, 2, 216, 218
1120974.3.peg.2623.site.22, 176, 212, 388
1120974.3.peg.2623.site.23, 214, 216, 430
1120974.3.peg.2623.site.24, 6, 178, 184
1120974.3.peg.2623.site.25, 0, 203, 203
1120974.3.peg.2623.site.26, 155, 205, 360
1120974.3.peg.2623.site.27, 8, 211, 219
1120974.3.peg.2623.site.28, 160, 208, 368
1120974.3.peg.2623.site.29, 0, 202, 202
1120974.3.peg.2623.site.30, 0, 202, 202
1120974.3.peg.2623.site.31, 95, 204, 299
1120974.3.peg.2623.site.32, 0, 213, 213
1120974.3.peg.2623.site.33, 172, 210, 382
1120974.3.peg.2623.site.34, 0, 215, 215
1120974.3.peg.2623.site.35, 0, 213, 213
1120974.3.peg.2623.site.36, 37, 213, 250
1120974.3.peg.2622.site.1, 0, 215, 215
1120974.3.peg.2622.site.2, 215, 215, 430
1120974.3.peg.2622.site.3, 6, 214, 220
1120974.3.peg.2622.site.4, 148, 211, 359
1120974.3.peg.2622.site.5, 0, 215, 215
1120974.3.peg.2622.site.6, 165, 212, 377
1120974.3.peg.2622.site.7, 152, 210, 362
1120974.3.peg.2622.site.8, 3, 209, 212
1120974.3.peg.2622.site.9, 148, 207, 355
1120974.3.peg.2622.site.10, 1, 213, 214
1120974.3.peg.2622.site.11, 3, 215, 218
1120974.3.peg.2622.site.12, 153, 210, 363
1120974.3.peg.2621.site.1, 40, 204, 244
1120974.3.peg.2621.site.2, 18, 183, 201
1120974.3.peg.2621.site.3, 18, 184, 202
1120974.3.peg.2621.site.4, 27, 191, 218
1120974.3.peg.2621.site.5, 45, 209, 254
1120974.3.peg.2621.site.6, 62, 208, 270
1120974.3.peg.2621.site.7, 1, 210, 211
1120974.3.peg.2621.site.8, 4, 212, 216
1120974.3.peg.2621.site.9, 61, 204, 265
1120974.3.peg.2621.site.10, 38, 199, 237
1120974.3.peg.2621.site.11, 0, 171, 171
1120974.3.peg.2621.site.12, 39, 181, 220
1120974.3.peg.2621.site.13, 1, 173, 174
1120974.3.peg.2621.site.14, 0, 179, 179
1120974.3.peg.2621.site.15, 1, 178, 179
1120974.3.peg.2621.site.16, 172, 172, 344
1120974.3.peg.2621.site.17, 30, 114, 144
1120974.3.peg.2621.site.18, 0, 50, 50
1120974.3.peg.2621.site.19, 4, 205, 209
1120974.3.peg.2621.site.20, 10, 215, 225
1120974.3.peg.2621.site.21, 0, 215, 215
1120974.3.peg.2621.site.22, 0, 215, 215
1120974.3.peg.2620.site.1, 4, 216, 220
1120974.3.peg.2620.site.2, 0, 216, 216
1120974.3.peg.2620.site.3, 54, 211, 265
1120974.3.peg.2620.site.4, 2, 214, 216
1120974.3.peg.2620.site.5, 39, 211, 250
1120974.3.peg.2620.site.6, 39, 213, 252
1120974.3.peg.2620.site.7, 0, 214, 214
1120974.3.peg.2620.site.8, 0, 209, 209
1120974.3.peg.2620.site.9, 64, 208, 272
1120974.3.peg.2620.site.10, 4, 216, 220
1120974.3.peg.2620.site.11, 48, 205, 253
1120974.3.peg.2620.site.12, 7, 208, 215
1120974.3.peg.2620.site.13, 40, 213, 253
1120974.3.peg.2620.site.14, 4, 216, 220
1120974.3.peg.2620.site.15, 46, 211, 257
1120974.3.peg.2620.site.16, 5, 215, 220
1120974.3.peg.2620.site.17, 0, 216, 216
1120974.3.peg.2620.site.18, 4, 216, 220
1120974.3.peg.2620.site.19, 0, 216, 216
1120974.3.peg.2620.site.20, 46, 212, 258
1120974.3.peg.2620.site.21, 44, 210, 254
1120974.3.peg.2620.site.22, 1, 206, 207
1120974.3.peg.2620.site.23, 45, 208, 253
1120974.3.peg.2620.site.24, 5, 203, 208
1120974.3.peg.2620.site.25, 0, 211, 211
1120974.3.peg.2627.site.1, 28, 210, 238
1120974.3.peg.2627.site.2, 26, 209, 235
1120974.3.peg.2627.site.3, 25, 207, 232
1120974.3.peg.2627.site.4, 1, 210, 211
1120974.3.peg.2627.site.5, 149, 198, 347
1120974.3.peg.2627.site.6, 5, 214, 219
1120974.3.peg.2627.site.7, 205, 212, 417
1120974.3.peg.2627.site.8, 203, 205, 408
1120974.3.peg.2627.site.9, 15, 198, 213
1120974.3.peg.2627.site.10, 27, 207, 234
1120974.3.peg.2627.site.11, 179, 210, 389
1120974.3.peg.2627.site.12, 137, 212, 349
1120974.3.peg.2627.site.13, 27, 206, 233
1120974.3.peg.2627.site.14, 3, 211, 214
1120974.3.peg.2627.site.15, 102, 120, 222
1120974.3.peg.2627.site.16, 17, 37, 54
1120974.3.peg.2627.site.17, 9, 29, 38
1120974.3.peg.2627.site.18, 10, 28, 38
1120974.3.peg.2627.site.19, 17, 36, 53
1120974.3.peg.2627.site.20, 25, 44, 69
1120974.3.peg.2626.site.1, 0, 215, 215
1120974.3.peg.2626.site.2, 168, 213, 381
1120974.3.peg.2626.site.3, 31, 211, 242
1120974.3.peg.2626.site.4, 39, 214, 253
1120974.3.peg.2626.site.5, 0, 216, 216
1120974.3.peg.2626.site.6, 0, 215, 215
1120974.3.peg.2626.site.7, 199, 205, 404
1120974.3.peg.2626.site.8, 27, 211, 238
1120974.3.peg.2626.site.9, 28, 211, 239
1120974.3.peg.2626.site.10, 29, 212, 241
1120974.3.peg.2626.site.11, 213, 215, 428
1120974.3.peg.2625.site.1, 189, 209, 398
1120974.3.peg.2625.site.2, 4, 216, 220
1120974.3.peg.2625.site.3, 102, 206, 308
1120974.3.peg.2625.site.4, 4, 213, 217
1120974.3.peg.2625.site.5, 0, 209, 209
1120974.3.peg.2625.site.6, 89, 193, 282
1120974.3.peg.2625.site.7, 87, 165, 252
1120974.3.peg.2625.site.8, 48, 153, 201
1120974.3.peg.2625.site.9, 11, 116, 127
1120974.3.peg.2625.site.10, 83, 111, 194
1120974.3.peg.2625.site.11, 5, 109, 114
1120974.3.peg.2625.site.12, 10, 115, 125
1120974.3.peg.2625.site.13, 16, 119, 135
1120974.3.peg.2625.site.14, 125, 212, 337
1120974.3.peg.2625.site.15, 193, 213, 406
1120974.3.peg.2625.site.16, 193, 214, 407
1120974.3.peg.2625.site.17, 2, 210, 212
1120974.3.peg.2625.site.18, 191, 212, 403
1120974.3.peg.2625.site.19, 191, 211, 402
1120974.3.peg.2625.site.20, 7, 214, 221
1120974.3.peg.2625.site.21, 194, 213, 407
1120974.3.peg.2625.site.22, 195, 215, 410
1120974.3.peg.2625.site.23, 0, 216, 216
1120974.3.peg.2625.site.24, 1, 212, 213
1120974.3.peg.2625.site.25, 0, 164, 164
1120974.3.peg.2625.site.26, 0, 215, 215
1120974.3.peg.2625.site.27, 201, 211, 412
1120974.3.peg.2625.site.28, 191, 211, 402
1120974.3.peg.2625.site.29, 5, 216, 221
1120974.3.peg.2625.site.30, 5, 215, 220
1120974.3.peg.2625.site.31, 2, 214, 216
1120974.3.peg.2625.site.32, 45, 201, 246
1120974.3.peg.2625.site.33, 114, 135, 249
1120974.3.peg.2625.site.34, 4, 99, 103
1120974.3.peg.2625.site.35, 10, 162, 172
1120974.3.peg.2625.site.36, 163, 166, 329
1120974.3.peg.2625.site.37, 156, 177, 333
1120974.3.peg.2625.site.38, 155, 179, 334
1120974.3.peg.2625.site.39, 12, 37, 49
1120974.3.peg.2625.site.40, 170, 194, 364
1120974.3.peg.2625.site.41, 0, 213, 213
1120974.3.peg.2625.site.42, 213, 215, 428
1120974.3.peg.2625.site.43, 213, 215, 428
1120974.3.peg.2625.site.44, 4, 216, 220
1120974.3.peg.2625.site.45, 213, 216, 429
1120974.3.peg.2625.site.46, 0, 213, 213
1120974.3.peg.2625.site.47, 4, 216, 220
1120974.3.peg.2625.site.48, 184, 205, 389
1120974.3.peg.2629.site.1, 148, 199, 347
1120974.3.peg.2629.site.2, 116, 170, 286
1120974.3.peg.2629.site.3, 1, 57, 58
1120974.3.peg.2629.site.4, 45, 57, 102
1120974.3.peg.2629.site.5, 1, 54, 55
1120974.3.peg.2629.site.6, 2, 52, 54
1120974.3.peg.2629.site.7, 3, 52, 55
1120974.3.peg.2629.site.8, 8, 55, 63
1120974.3.peg.2629.site.9, 32, 65, 97
1120974.3.peg.2629.site.10, 19, 78, 97
1120974.3.peg.2629.site.11, 1, 61, 62
1120974.3.peg.2629.site.12, 59, 61, 120
1120974.3.peg.2628.site.1, 0, 215, 215
1120974.3.peg.2628.site.2, 1, 214, 215
1120974.3.peg.2628.site.3, 4, 215, 219
1120974.3.peg.2628.site.4, 32, 213, 245
1120974.3.peg.2628.site.5, 0, 214, 214
1120974.3.peg.2628.site.6, 1, 215, 216
1120974.3.peg.2628.site.7, 197, 215, 412
1120974.3.peg.2628.site.8, 161, 209, 370
1120974.3.peg.2628.site.9, 37, 91, 128
1120974.3.peg.2628.site.10, 28, 82, 110
1120974.3.peg.2628.site.11, 28, 82, 110
1120974.3.peg.2628.site.12, 52, 100, 152
1120974.3.peg.2628.site.13, 0, 183, 183
1120974.3.peg.2628.site.14, 0, 214, 214
1120974.3.peg.2393.site.1, 4, 216, 220
1120974.3.peg.2393.site.2, 31, 214, 245
1120974.3.peg.2393.site.3, 0, 213, 213
1120974.3.peg.2393.site.4, 153, 213, 366
1120974.3.peg.2393.site.5, 0, 214, 214
1120974.3.peg.2393.site.6, 0, 215, 215
1120974.3.peg.2393.site.7, 136, 212, 348
1120974.3.peg.2393.site.8, 48, 214, 262
1120974.3.peg.2393.site.9, 206, 214, 420
1120974.3.peg.2393.site.10, 135, 212, 347
1120974.3.peg.2393.site.11, 134, 212, 346
1120974.3.peg.2393.site.12, 10, 215, 225
1120974.3.peg.2393.site.13, 46, 212, 258
1120974.3.peg.2393.site.14, 2, 216, 218
1120974.3.peg.2393.site.15, 0, 214, 214
1120974.3.peg.2393.site.16, 145, 210, 355
1120974.3.peg.2393.site.17, 5, 216, 221
1120974.3.peg.2393.site.18, 5, 213, 218
1120974.3.peg.2393.site.19, 2, 216, 218
1120974.3.peg.2393.site.20, 2, 213, 215
1120974.3.peg.2392.site.1, 2, 216, 218
1120974.3.peg.2392.site.2, 2, 216, 218
1120974.3.peg.2392.site.3, 2, 216, 218
1120974.3.peg.2392.site.4, 182, 208, 390
1120974.3.peg.2392.site.5, 170, 198, 368
1120974.3.peg.2392.site.6, 177, 204, 381
1120974.3.peg.2392.site.7, 0, 195, 195
1120974.3.peg.2392.site.8, 0, 202, 202
1120974.3.peg.2392.site.9, 0, 212, 212
1120974.3.peg.2392.site.10, 2, 209, 211
1120974.3.peg.2392.site.11, 4, 209, 213
1120974.3.peg.2392.site.12, 61, 89, 150
1120974.3.peg.2392.site.13, 16, 46, 62
1120974.3.peg.2392.site.14, 10, 26, 36
1120974.3.peg.2392.site.15, 3, 30, 33
1120974.3.peg.2392.site.16, 0, 211, 211
1120974.3.peg.2392.site.17, 7, 213, 220
1120974.3.peg.2392.site.18, 5, 214, 219
1120974.3.peg.2392.site.19, 6, 211, 217
1120974.3.peg.2392.site.20, 0, 213, 213
1120974.3.peg.2392.site.21, 0, 213, 213
1120974.3.peg.2392.site.22, 185, 215, 400
1120974.3.peg.2392.site.23, 2, 210, 212
1120974.3.peg.2392.site.24, 154, 198, 352
1120974.3.peg.2392.site.25, 135, 182, 317
1120974.3.peg.2392.site.26, 0, 206, 206
1120974.3.peg.2392.site.27, 0, 207, 207
1120974.3.peg.2392.site.28, 0, 210, 210
1120974.3.peg.2391.site.1, 190, 214, 404
1120974.3.peg.2391.site.2, 44, 213, 257
1120974.3.peg.2391.site.3, 4, 212, 216
1120974.3.peg.2391.site.4, 39, 207, 246
1120974.3.peg.2391.site.5, 2, 155, 157
1120974.3.peg.2391.site.6, 8, 157, 165
1120974.3.peg.2391.site.7, 4, 199, 203
1120974.3.peg.2391.site.8, 138, 203, 341
1120974.3.peg.2391.site.9, 146, 201, 347
1120974.3.peg.2391.site.10, 178, 202, 380
1120974.3.peg.2391.site.11, 199, 207, 406
1120974.3.peg.2391.site.12, 26, 211, 237
1120974.3.peg.2391.site.13, 18, 212, 230
1120974.3.peg.2391.site.14, 202, 213, 415
1120974.3.peg.2391.site.15, 7, 214, 221
1120974.3.peg.2391.site.16, 181, 206, 387
1120974.3.peg.2391.site.17, 5, 204, 209
1120974.3.peg.2391.site.18, 5, 208, 213
1120974.3.peg.2391.site.19, 168, 193, 361
1120974.3.peg.2391.site.20, 3, 194, 197
1120974.3.peg.2391.site.21, 1, 205, 206
1120974.3.peg.2391.site.22, 1, 210, 211
1120974.3.peg.2391.site.23, 5, 211, 216
1120974.3.peg.2391.site.24, 5, 204, 209
1120974.3.peg.2391.site.25, 0, 211, 211
1120974.3.peg.2391.site.26, 3, 210, 213
1120974.3.peg.2391.site.27, 14, 212, 226
1120974.3.peg.2391.site.28, 182, 204, 386
1120974.3.peg.2391.site.29, 2, 214, 216
1120974.3.peg.2391.site.30, 2, 216, 218
1120974.3.peg.2397.site.1, 187, 212, 399
1120974.3.peg.2397.site.2, 8, 212, 220
1120974.3.peg.2397.site.3, 188, 212, 400
1120974.3.peg.2397.site.4, 188, 213, 401
1120974.3.peg.2397.site.5, 190, 207, 397
1120974.3.peg.2397.site.6, 172, 196, 368
1120974.3.peg.2397.site.7, 166, 191, 357
1120974.3.peg.2397.site.8, 141, 166, 307
1120974.3.peg.2397.site.9, 91, 117, 208
1120974.3.peg.2397.site.10, 110, 136, 246
1120974.3.peg.2397.site.11, 77, 103, 180
1120974.3.peg.2397.site.12, 13, 38, 51
1120974.3.peg.2397.site.13, 13, 27, 40
1120974.3.peg.2397.site.14, 9, 33, 42
1120974.3.peg.2397.site.15, 8, 56, 64
1120974.3.peg.2397.site.16, 0, 216, 216
1120974.3.peg.2397.site.17, 192, 214, 406
1120974.3.peg.2397.site.18, 67, 91, 158
1120974.3.peg.2397.site.19, 52, 76, 128
1120974.3.peg.2397.site.20, 15, 40, 55
1120974.3.peg.2397.site.21, 5, 25, 30
1120974.3.peg.2397.site.22, 6, 31, 37
1120974.3.peg.2397.site.23, 169, 193, 362
1120974.3.peg.2396.site.1, 9, 216, 225
1120974.3.peg.2396.site.2, 188, 213, 401
1120974.3.peg.2396.site.3, 4, 216, 220
1120974.3.peg.2396.site.4, 8, 216, 224
1120974.3.peg.2396.site.5, 204, 216, 420
1120974.3.peg.2396.site.6, 189, 214, 403
1120974.3.peg.2396.site.7, 3, 215, 218
1120974.3.peg.2396.site.8, 0, 216, 216
1120974.3.peg.2395.site.1, 1, 215, 216
1120974.3.peg.2395.site.2, 3, 213, 216
1120974.3.peg.2395.site.3, 5, 212, 217
1120974.3.peg.2395.site.4, 0, 213, 213
1120974.3.peg.2395.site.5, 168, 202, 370
1120974.3.peg.2395.site.6, 177, 198, 375
1120974.3.peg.2395.site.7, 188, 196, 384
1120974.3.peg.2395.site.8, 0, 195, 195
1120974.3.peg.2395.site.9, 166, 201, 367
1120974.3.peg.2395.site.10, 165, 201, 366
1120974.3.peg.2395.site.11, 23, 54, 77
1120974.3.peg.2395.site.12, 25, 55, 80
1120974.3.peg.2395.site.13, 22, 52, 74
1120974.3.peg.2395.site.14, 35, 65, 100
1120974.3.peg.2395.site.15, 5, 215, 220
1120974.3.peg.2395.site.16, 183, 212, 395
1120974.3.peg.2399.site.1, 79, 212, 291
1120974.3.peg.2399.site.2, 78, 211, 289
1120974.3.peg.2399.site.3, 75, 213, 288
1120974.3.peg.2399.site.4, 208, 216, 424
1120974.3.peg.2399.site.5, 79, 213, 292
1120974.3.peg.2399.site.6, 69, 212, 281
1120974.3.peg.2399.site.7, 69, 212, 281
1120974.3.peg.2399.site.8, 0, 216, 216
1120974.3.peg.2399.site.9, 10, 215, 225
1120974.3.peg.2399.site.10, 4, 214, 218
1120974.3.peg.2399.site.11, 84, 212, 296
1120974.3.peg.2399.site.12, 9, 213, 222
1120974.3.peg.2399.site.13, 0, 212, 212
1120974.3.peg.2399.site.14, 72, 213, 285
1120974.3.peg.2399.site.15, 72, 213, 285
1120974.3.peg.2399.site.16, 215, 215, 430
1120974.3.peg.2399.site.17, 72, 213, 285
1120974.3.peg.2399.site.18, 0, 212, 212
1120974.3.peg.2399.site.19, 71, 211, 282
1120974.3.peg.2399.site.20, 68, 212, 280
1120974.3.peg.2399.site.21, 1, 216, 217
1120974.3.peg.2399.site.22, 69, 211, 280
1120974.3.peg.2399.site.23, 69, 211, 280
1120974.3.peg.2399.site.24, 4, 212, 216
1120974.3.peg.2399.site.25, 0, 215, 215
1120974.3.peg.2399.site.26, 0, 214, 214
1120974.3.peg.2399.site.27, 0, 211, 211
1120974.3.peg.2399.site.28, 68, 211, 279
1120974.3.peg.2399.site.29, 0, 213, 213
1120974.3.peg.2399.site.30, 56, 211, 267
1120974.3.peg.2399.site.31, 0, 214, 214
1120974.3.peg.2399.site.32, 68, 212, 280
1120974.3.peg.2399.site.33, 50, 193, 243
1120974.3.peg.2399.site.34, 14, 157, 171
1120974.3.peg.2399.site.35, 20, 162, 182
1120974.3.peg.2399.site.36, 63, 212, 275
1120974.3.peg.2399.site.37, 6, 215, 221
1120974.3.peg.2399.site.38, 210, 214, 424
1120974.3.peg.2399.site.39, 66, 212, 278
1120974.3.peg.2399.site.40, 66, 211, 277
1120974.3.peg.2399.site.41, 67, 212, 279
1120974.3.peg.2399.site.42, 120, 197, 317
1120974.3.peg.2399.site.43, 186, 200, 386
1120974.3.peg.2399.site.44, 194, 207, 401
1120974.3.peg.2399.site.45, 199, 213, 412
1120974.3.peg.2399.site.46, 11, 214, 225
1120974.3.peg.2399.site.47, 11, 213, 224
1120974.3.peg.2399.site.48, 201, 214, 415
1120974.3.peg.2399.site.49, 200, 214, 414
1120974.3.peg.2399.site.50, 200, 214, 414
1120974.3.peg.2399.site.51, 201, 215, 416
1120974.3.peg.2399.site.52, 0, 216, 216
1120974.3.peg.2399.site.53, 198, 212, 410
1120974.3.peg.2399.site.54, 2, 215, 217
1120974.3.peg.2399.site.55, 0, 210, 210
1120974.3.peg.2399.site.56, 68, 203, 271
1120974.3.peg.2398.site.1, 16, 159, 175
1120974.3.peg.2398.site.2, 120, 142, 262
1120974.3.peg.2398.site.3, 0, 143, 143
1120974.3.peg.2398.site.4, 1, 145, 146
1120974.3.peg.2398.site.5, 124, 144, 268
1120974.3.peg.2398.site.6, 4, 143, 147
1120974.3.peg.2398.site.7, 1, 144, 145
1120974.3.peg.2398.site.8, 21, 142, 163
1120974.3.peg.2398.site.9, 1, 145, 146
1120974.3.peg.2398.site.10, 1, 143, 144
1120974.3.peg.2398.site.11, 1, 147, 148
1120974.3.peg.2398.site.12, 1, 147, 148
1120974.3.peg.2398.site.13, 11, 146, 157
1120974.3.peg.2398.site.14, 1, 148, 149
1120974.3.peg.2398.site.15, 0, 148, 148
1120974.3.peg.2398.site.16, 1, 146, 147
1120974.3.peg.2398.site.17, 1, 148, 149
1120974.3.peg.2398.site.18, 1, 145, 146
1120974.3.peg.2398.site.19, 4, 150, 154
1120974.3.peg.2398.site.20, 70, 213, 283
1120974.3.peg.2398.site.21, 67, 208, 275
1120974.3.peg.2398.site.22, 118, 210, 328
1120974.3.peg.2398.site.23, 14, 156, 170
1120974.3.peg.2398.site.24, 4, 153, 157
1120974.3.peg.2398.site.25, 64, 198, 262
1120974.3.peg.2398.site.26, 4, 140, 144
1120974.3.peg.2398.site.27, 138, 140, 278
1120974.3.peg.2398.site.28, 13, 145, 158
1120974.3.peg.2398.site.29, 49, 182, 231
1120974.3.peg.2398.site.30, 1, 215, 216
1120974.3.peg.2398.site.31, 214, 216, 430
1120974.3.peg.2398.site.32, 79, 213, 292
1120974.3.peg.2398.site.33, 68, 212, 280
1120974.3.peg.2398.site.34, 60, 211, 271
1120974.3.peg.2398.site.35, 78, 211, 289
1120974.3.peg.2398.site.36, 77, 210, 287
1120974.3.peg.2398.site.37, 76, 209, 285
1120974.3.peg.1596.site.1, 0, 44, 44
1120974.3.peg.1596.site.2, 0, 214, 214
1120974.3.peg.1596.site.3, 167, 209, 376
1120974.3.peg.1596.site.4, 151, 195, 346
1120974.3.peg.1596.site.5, 85, 197, 282
1120974.3.peg.1596.site.6, 89, 212, 301
1120974.3.peg.1596.site.7, 91, 214, 305
1120974.3.peg.1596.site.8, 88, 211, 299
1120974.3.peg.1596.site.9, 83, 206, 289
1120974.3.peg.1596.site.10, 0, 215, 215
1120974.3.peg.1596.site.11, 0, 214, 214
1120974.3.peg.1596.site.12, 7, 214, 221
1120974.3.peg.1596.site.13, 72, 209, 281
1120974.3.peg.1596.site.14, 89, 211, 300
1120974.3.peg.1596.site.15, 163, 209, 372
1120974.3.peg.1596.site.16, 73, 210, 283
1120974.3.peg.1596.site.17, 119, 211, 330
1120974.3.peg.2409.site.1, 1, 210, 211
1120974.3.peg.2409.site.2, 9, 42, 51
1120974.3.peg.2409.site.3, 4, 37, 41
1120974.3.peg.2409.site.4, 2, 35, 37
1120974.3.peg.2409.site.5, 1, 34, 35
1120974.3.peg.2409.site.6, 22, 52, 74
1120974.3.peg.2409.site.7, 9, 82, 91
1120974.3.peg.2409.site.8, 42, 69, 111
1120974.3.peg.2409.site.9, 0, 59, 59
1120974.3.peg.2409.site.10, 28, 54, 82
1120974.3.peg.2409.site.11, 0, 50, 50
1120974.3.peg.2409.site.12, 48, 57, 105
1120974.3.peg.2409.site.13, 39, 67, 106
1120974.3.peg.2409.site.14, 8, 66, 74
1120974.3.peg.2409.site.15, 0, 67, 67
1120974.3.peg.2409.site.16, 0, 70, 70
1120974.3.peg.2409.site.17, 0, 176, 176
1120974.3.peg.2409.site.18, 0, 203, 203
1120974.3.peg.2409.site.19, 146, 209, 355
1120974.3.peg.2409.site.20, 0, 212, 212
1120974.3.peg.2409.site.21, 1, 214, 215
1120974.3.peg.2409.site.22, 191, 213, 404
1120974.3.peg.2409.site.23, 0, 213, 213
1120974.3.peg.2409.site.24, 30, 216, 246
1120974.3.peg.2409.site.25, 175, 205, 380
1120974.3.peg.2409.site.26, 130, 160, 290
1120974.3.peg.2409.site.27, 0, 212, 212
1120974.3.peg.2409.site.28, 177, 206, 383
1120974.3.peg.2409.site.29, 178, 207, 385
1120974.3.peg.2409.site.30, 198, 215, 413
1120974.3.peg.2409.site.31, 187, 213, 400
1120974.3.peg.2409.site.32, 0, 216, 216
1120974.3.peg.2409.site.33, 1, 212, 213
1120974.3.peg.2409.site.34, 0, 206, 206
1120974.3.peg.2409.site.35, 1, 195, 196
1120974.3.peg.2409.site.36, 156, 169, 325
1120974.3.peg.2409.site.37, 17, 186, 203
1120974.3.peg.2409.site.38, 0, 156, 156
1120974.3.peg.2409.site.39, 117, 142, 259
1120974.3.peg.2409.site.40, 113, 148, 261
1120974.3.peg.2409.site.41, 15, 153, 168
1120974.3.peg.2409.site.42, 109, 143, 252
1120974.3.peg.2409.site.43, 2, 173, 175
1120974.3.peg.2409.site.44, 1, 214, 215
1120974.3.peg.2409.site.45, 145, 216, 361
1120974.3.peg.2409.site.46, 0, 214, 214
1120974.3.peg.2409.site.47, 23, 214, 237
1120974.3.peg.2409.site.48, 145, 214, 359
1120974.3.peg.2409.site.49, 141, 210, 351
1120974.3.peg.2409.site.50, 112, 181, 293
1120974.3.peg.2409.site.51, 87, 155, 242
1120974.3.peg.2409.site.52, 17, 172, 189
1120974.3.peg.2409.site.53, 102, 170, 272
1120974.3.peg.2409.site.54, 109, 177, 286
1120974.3.peg.2409.site.55, 112, 180, 292
1120974.3.peg.2409.site.56, 103, 170, 273
1120974.3.peg.2409.site.57, 101, 168, 269
1120974.3.peg.2409.site.58, 101, 167, 268
1120974.3.peg.2409.site.59, 0, 167, 167
1120974.3.peg.2409.site.60, 0, 177, 177
1120974.3.peg.2409.site.61, 115, 182, 297
1120974.3.peg.2409.site.62, 98, 188, 286
1120974.3.peg.2409.site.63, 140, 207, 347
1120974.3.peg.2409.site.64, 138, 204, 342
1120974.3.peg.2409.site.65, 134, 202, 336
1120974.3.peg.2409.site.66, 105, 195, 300
1120974.3.peg.2409.site.67, 148, 203, 351
1120974.3.peg.2409.site.68, 0, 206, 206
1120974.3.peg.2408.site.1, 185, 212, 397
1120974.3.peg.2408.site.2, 144, 212, 356
1120974.3.peg.2408.site.3, 1, 214, 215
1120974.3.peg.2408.site.4, 10, 215, 225
1120974.3.peg.2408.site.5, 0, 214, 214
1120974.3.peg.2408.site.6, 10, 213, 223
1120974.3.peg.2408.site.7, 154, 211, 365
1120974.3.peg.2408.site.8, 188, 213, 401
1120974.3.peg.2408.site.9, 1, 216, 217
1120974.3.peg.2408.site.10, 195, 211, 406
1120974.3.peg.2408.site.11, 193, 208, 401
1120974.3.peg.2408.site.12, 6, 215, 221
1120974.3.peg.2408.site.13, 183, 213, 396
1120974.3.peg.2403.site.1, 2, 214, 216
1120974.3.peg.2403.site.2, 185, 205, 390
1120974.3.peg.2403.site.3, 187, 208, 395
1120974.3.peg.2403.site.4, 184, 209, 393
1120974.3.peg.2403.site.5, 182, 206, 388
1120974.3.peg.2403.site.6, 182, 195, 377
1120974.3.peg.2403.site.7, 95, 119, 214
1120974.3.peg.2403.site.8, 4, 30, 34
1120974.3.peg.2403.site.9, 1, 26, 27
1120974.3.peg.2403.site.10, 1, 26, 27
1120974.3.peg.2403.site.11, 28, 30, 58
1120974.3.peg.2403.site.12, 65, 92, 157
1120974.3.peg.2403.site.13, 41, 86, 127
1120974.3.peg.2403.site.14, 25, 74, 99
1120974.3.peg.2403.site.15, 15, 46, 61
1120974.3.peg.2403.site.16, 42, 45, 87
1120974.3.peg.2403.site.17, 12, 43, 55
1120974.3.peg.2403.site.18, 15, 46, 61
1120974.3.peg.2403.site.19, 16, 47, 63
1120974.3.peg.2403.site.20, 0, 48, 48
1120974.3.peg.2403.site.21, 35, 38, 73
1120974.3.peg.2403.site.22, 2, 37, 39
1120974.3.peg.2403.site.23, 4, 33, 37
1120974.3.peg.2403.site.24, 8, 45, 53
1120974.3.peg.2403.site.25, 7, 44, 51
1120974.3.peg.2403.site.26, 112, 149, 261
1120974.3.peg.2403.site.27, 135, 171, 306
1120974.3.peg.2403.site.28, 90, 127, 217
1120974.3.peg.2403.site.29, 113, 150, 263
1120974.3.peg.2403.site.30, 26, 156, 182
1120974.3.peg.2403.site.31, 52, 88, 140
1120974.3.peg.2403.site.32, 12, 49, 61
1120974.3.peg.2403.site.33, 12, 49, 61
1120974.3.peg.2403.site.34, 5, 40, 45
1120974.3.peg.2403.site.35, 26, 35, 61
1120974.3.peg.2403.site.36, 32, 36, 68
1120974.3.peg.2403.site.37, 27, 143, 170
1120974.3.peg.2403.site.38, 143, 152, 295
1120974.3.peg.2403.site.39, 8, 172, 180
1120974.3.peg.2403.site.40, 153, 188, 341
1120974.3.peg.2403.site.41, 0, 154, 154
1120974.3.peg.2403.site.42, 0, 150, 150
1120974.3.peg.2403.site.43, 109, 145, 254
1120974.3.peg.2403.site.44, 4, 112, 116
1120974.3.peg.2403.site.45, 8, 39, 47
1120974.3.peg.2403.site.46, 1, 43, 44
1120974.3.peg.2403.site.47, 4, 45, 49
1120974.3.peg.2403.site.48, 1, 100, 101
1120974.3.peg.2403.site.49, 31, 111, 142
1120974.3.peg.2403.site.50, 10, 87, 97
1120974.3.peg.2403.site.51, 9, 91, 100
1120974.3.peg.2403.site.52, 51, 119, 170
1120974.3.peg.2403.site.53, 53, 132, 185
1120974.3.peg.2403.site.54, 0, 215, 215
1120974.3.peg.2403.site.55, 124, 203, 327
1120974.3.peg.2403.site.56, 2, 209, 211
1120974.3.peg.2403.site.57, 133, 208, 341
1120974.3.peg.2403.site.58, 0, 210, 210
1120974.3.peg.2403.site.59, 127, 212, 339
1120974.3.peg.2403.site.60, 0, 216, 216
1120974.3.peg.2403.site.61, 133, 210, 343
1120974.3.peg.2403.site.62, 136, 213, 349
1120974.3.peg.2403.site.63, 0, 214, 214
1120974.3.peg.2403.site.64, 154, 212, 366
1120974.3.peg.2403.site.65, 48, 131, 179
1120974.3.peg.2403.site.66, 23, 189, 212
1120974.3.peg.2403.site.67, 1, 205, 206
1120974.3.peg.2403.site.68, 127, 211, 338
1120974.3.peg.2403.site.69, 41, 213, 254
1120974.3.peg.2403.site.70, 40, 211, 251
1120974.3.peg.2403.site.71, 163, 204, 367
1120974.3.peg.2403.site.72, 124, 205, 329
1120974.3.peg.2403.site.73, 40, 211, 251
1120974.3.peg.2403.site.74, 0, 216, 216
1120974.3.peg.2403.site.75, 129, 212, 341
1120974.3.peg.2403.site.76, 106, 187, 293
1120974.3.peg.2400.site.1, 0, 215, 215
1120974.3.peg.2400.site.2, 2, 216, 218
1120974.3.peg.2400.site.3, 12, 204, 216
1120974.3.peg.2400.site.4, 15, 207, 222
1120974.3.peg.2400.site.5, 0, 214, 214
1120974.3.peg.2400.site.6, 4, 214, 218
1120974.3.peg.2400.site.7, 2, 213, 215
1120974.3.peg.2400.site.8, 5, 214, 219
1120974.3.peg.2400.site.9, 0, 212, 212
1120974.3.peg.2400.site.10, 0, 215, 215
1120974.3.peg.2400.site.11, 0, 214, 214
1120974.3.peg.2400.site.12, 2, 215, 217
1120974.3.peg.2400.site.13, 0, 215, 215
1120974.3.peg.2400.site.14, 3, 212, 215
1120974.3.peg.2400.site.15, 0, 211, 211
1120974.3.peg.2400.site.16, 0, 215, 215
1120974.3.peg.2400.site.17, 1, 216, 217
1120974.3.peg.2400.site.18, 4, 214, 218
1120974.3.peg.2400.site.19, 206, 212, 418
1120974.3.peg.2400.site.20, 198, 212, 410
1120974.3.peg.2400.site.21, 213, 215, 428
1120974.3.peg.2400.site.22, 195, 210, 405
1120974.3.peg.2400.site.23, 197, 211, 408
1120974.3.peg.2400.site.24, 174, 190, 364
1120974.3.peg.2400.site.25, 150, 202, 352
1120974.3.peg.2400.site.26, 5, 211, 216
1120974.3.peg.2400.site.27, 10, 212, 222
1120974.3.peg.2400.site.28, 0, 214, 214
1120974.3.peg.2400.site.29, 197, 213, 410
1120974.3.peg.2400.site.30, 0, 213, 213
1120974.3.peg.2400.site.31, 0, 215, 215
1120974.3.peg.2400.site.32, 0, 216, 216
1120974.3.peg.2400.site.33, 8, 214, 222
1120974.3.peg.2400.site.34, 8, 214, 222
1120974.3.peg.2400.site.35, 2, 216, 218
1120974.3.peg.2400.site.36, 152, 213, 365
1120974.3.peg.2400.site.37, 34, 212, 246
1120974.3.peg.2400.site.38, 206, 215, 421
1120974.3.peg.2400.site.39, 32, 212, 244
1120974.3.peg.2400.site.40, 32, 212, 244
1120974.3.peg.2400.site.41, 34, 213, 247
1120974.3.peg.2400.site.42, 205, 213, 418
1120974.3.peg.2400.site.43, 0, 216, 216
1120974.3.peg.2400.site.44, 151, 210, 361
1120974.3.peg.2400.site.45, 188, 203, 391
1120974.3.peg.2400.site.46, 194, 208, 402
1120974.3.peg.2400.site.47, 200, 208, 408
1120974.3.peg.2400.site.48, 195, 209, 404
1120974.3.peg.2400.site.49, 193, 207, 400
1120974.3.peg.2400.site.50, 7, 206, 213
1120974.3.peg.2400.site.51, 203, 215, 418
1120974.3.peg.2400.site.52, 4, 215, 219
1120974.3.peg.2400.site.53, 207, 215, 422
1120974.3.peg.2400.site.54, 75, 211, 286
1120974.3.peg.2400.site.55, 183, 196, 379
1120974.3.peg.2400.site.56, 155, 158, 313
1120974.3.peg.2400.site.57, 57, 61, 118
1120974.3.peg.2400.site.58, 65, 68, 133
1120974.3.peg.2400.site.59, 75, 84, 159
1120974.3.peg.2400.site.60, 4, 183, 187
1120974.3.peg.2400.site.61, 210, 213, 423
1120974.3.peg.2400.site.62, 203, 215, 418
1120974.3.peg.2400.site.63, 203, 215, 418
1120974.3.peg.2400.site.64, 4, 213, 217
1120974.3.peg.2400.site.65, 142, 164, 306
1120974.3.peg.2400.site.66, 67, 89, 156
1120974.3.peg.2400.site.67, 31, 82, 113
1120974.3.peg.2400.site.68, 55, 77, 132
1120974.3.peg.2400.site.69, 51, 73, 124
1120974.3.peg.2400.site.70, 0, 213, 213
1120974.3.peg.2400.site.71, 207, 214, 421
1120974.3.peg.2400.site.72, 202, 212, 414
1120974.3.peg.2400.site.73, 0, 213, 213
1120974.3.peg.2400.site.74, 24, 210, 234
1120974.3.peg.2400.site.75, 12, 199, 211
1120974.3.peg.2400.site.76, 4, 203, 207
1120974.3.peg.2400.site.77, 14, 202, 216
1120974.3.peg.2400.site.78, 15, 204, 219
1120974.3.peg.2400.site.79, 20, 210, 230
1120974.3.peg.2400.site.80, 169, 210, 379
1120974.3.peg.2400.site.81, 0, 214, 214
1120974.3.peg.2400.site.82, 23, 212, 235
1120974.3.peg.2400.site.83, 21, 212, 233
1120974.3.peg.2400.site.84, 182, 211, 393
1120974.3.peg.2400.site.85, 194, 215, 409
1120974.3.peg.2400.site.86, 194, 215, 409
1120974.3.peg.2400.site.87, 192, 213, 405
1120974.3.peg.2400.site.88, 194, 215, 409
1120974.3.peg.2400.site.89, 192, 212, 404
1120974.3.peg.2400.site.90, 0, 200, 200
1120974.3.peg.2407.site.1, 74, 212, 286
1120974.3.peg.2407.site.2, 0, 215, 215
1120974.3.peg.2407.site.3, 191, 204, 395
1120974.3.peg.2407.site.4, 0, 203, 203
1120974.3.peg.2407.site.5, 0, 190, 190
1120974.3.peg.2407.site.6, 186, 203, 389
1120974.3.peg.2407.site.7, 0, 215, 215
1120974.3.peg.2407.site.8, 4, 210, 214
1120974.3.peg.2407.site.9, 4, 190, 194
1120974.3.peg.2407.site.10, 0, 194, 194
1120974.3.peg.2407.site.11, 40, 203, 243
1120974.3.peg.2407.site.12, 4, 208, 212
1120974.3.peg.2407.site.13, 0, 211, 211
1120974.3.peg.2407.site.14, 161, 185, 346
1120974.3.peg.2407.site.15, 169, 191, 360
1120974.3.peg.2407.site.16, 0, 204, 204
1120974.3.peg.2407.site.17, 36, 208, 244
1120974.3.peg.2407.site.18, 3, 206, 209
1120974.3.peg.2407.site.19, 36, 209, 245
1120974.3.peg.2407.site.20, 136, 199, 335
1120974.3.peg.2407.site.21, 34, 198, 232
1120974.3.peg.2407.site.22, 148, 213, 361
1120974.3.peg.2407.site.23, 36, 214, 250
1120974.3.peg.2407.site.24, 0, 214, 214
1120974.3.peg.2407.site.25, 148, 213, 361
1120974.3.peg.2407.site.26, 2, 214, 216
1120974.3.peg.2407.site.27, 185, 213, 398
1120974.3.peg.2407.site.28, 36, 211, 247
1120974.3.peg.2407.site.29, 183, 212, 395
1120974.3.peg.2406.site.1, 211, 215, 426
1120974.3.peg.2406.site.2, 4, 216, 220
1120974.3.peg.2406.site.3, 2, 213, 215
1120974.3.peg.2406.site.4, 2, 214, 216
1120974.3.peg.2406.site.5, 211, 215, 426
1120974.3.peg.2406.site.6, 188, 207, 395
1120974.3.peg.2406.site.7, 183, 203, 386
1120974.3.peg.2406.site.8, 191, 210, 401
1120974.3.peg.2406.site.9, 193, 212, 405
1120974.3.peg.2406.site.10, 6, 212, 218
1120974.3.peg.2406.site.11, 191, 211, 402
1120974.3.peg.2406.site.12, 4, 207, 211
1120974.3.peg.2406.site.13, 144, 168, 312
1120974.3.peg.2406.site.14, 141, 165, 306
1120974.3.peg.2406.site.15, 135, 159, 294
1120974.3.peg.2406.site.16, 73, 195, 268
1120974.3.peg.2406.site.17, 8, 211, 219
1120974.3.peg.2406.site.18, 0, 216, 216
1120974.3.peg.2406.site.19, 194, 211, 405
1120974.3.peg.2406.site.20, 193, 210, 403
1120974.3.peg.2406.site.21, 194, 211, 405
1120974.3.peg.2406.site.22, 190, 208, 398
1120974.3.peg.2406.site.23, 4, 112, 116
1120974.3.peg.2405.site.1, 0, 212, 212
1120974.3.peg.2405.site.2, 45, 211, 256
1120974.3.peg.2405.site.3, 5, 216, 221
1120974.3.peg.2405.site.4, 42, 213, 255
1120974.3.peg.2405.site.5, 1, 216, 217
1120974.3.peg.2405.site.6, 14, 216, 230
1120974.3.peg.2405.site.7, 166, 193, 359
1120974.3.peg.2405.site.8, 37, 197, 234
1120974.3.peg.2405.site.9, 40, 208, 248
1120974.3.peg.2405.site.10, 41, 210, 251
1120974.3.peg.2405.site.11, 42, 212, 254
1120974.3.peg.2405.site.12, 149, 211, 360
1120974.3.peg.2405.site.13, 4, 215, 219
1120974.3.peg.2405.site.14, 4, 216, 220
1120974.3.peg.2405.site.15, 142, 211, 353
1120974.3.peg.2405.site.16, 6, 216, 222
1120974.3.peg.2405.site.17, 60, 208, 268
1120974.3.peg.2405.site.18, 209, 214, 423
1120974.3.peg.2405.site.19, 2, 214, 216
1120974.3.peg.2405.site.20, 53, 200, 253
1120974.3.peg.2405.site.21, 50, 199, 249
1120974.3.peg.2405.site.22, 48, 192, 240
1120974.3.peg.2405.site.23, 51, 200, 251
1120974.3.peg.2405.site.24, 58, 207, 265
1120974.3.peg.2405.site.25, 145, 208, 353
1120974.3.peg.2405.site.26, 58, 208, 266
1120974.3.peg.2405.site.27, 201, 211, 412
1120974.3.peg.2405.site.28, 59, 206, 265
1120974.3.peg.2405.site.29, 59, 209, 268
1120974.3.peg.2405.site.30, 53, 204, 257
1120974.3.peg.2405.site.31, 189, 199, 388
1120974.3.peg.2405.site.32, 33, 179, 212
1120974.3.peg.2405.site.33, 41, 188, 229
1120974.3.peg.2404.site.1, 173, 212, 385
1120974.3.peg.2404.site.2, 2, 215, 217
1120974.3.peg.2404.site.3, 38, 211, 249
1120974.3.peg.2404.site.4, 0, 216, 216
1120974.3.peg.2404.site.5, 170, 210, 380
1120974.3.peg.2404.site.6, 171, 210, 381
1120974.3.peg.2404.site.7, 173, 212, 385
1120974.3.peg.2404.site.8, 172, 211, 383
1120974.3.peg.2404.site.9, 170, 209, 379
1120974.3.peg.2404.site.10, 0, 213, 213
1120974.3.peg.2404.site.11, 168, 202, 370
1120974.3.peg.2404.site.12, 174, 210, 384
1120974.3.peg.2404.site.13, 4, 215, 219
1120974.3.peg.2404.site.14, 166, 211, 377
1120974.3.peg.2404.site.15, 40, 211, 251
1120974.3.peg.2404.site.16, 38, 210, 248
1120974.3.peg.2404.site.17, 60, 105, 165
1120974.3.peg.2404.site.18, 3, 105, 108
1120974.3.peg.2404.site.19, 71, 119, 190
1120974.3.peg.2404.site.20, 115, 163, 278
1120974.3.peg.2404.site.21, 125, 172, 297
1120974.3.peg.2404.site.22, 2, 209, 211
1120974.3.peg.2404.site.23, 164, 211, 375
1120974.3.peg.2404.site.24, 0, 215, 215
1120974.3.peg.2404.site.25, 165, 213, 378
1120974.3.peg.2404.site.26, 164, 212, 376
1120974.3.peg.2404.site.27, 160, 208, 368
1120974.3.peg.2404.site.28, 2, 168, 170
1120974.3.peg.2404.site.29, 15, 168, 183
1120974.3.peg.2404.site.30, 0, 167, 167
1120974.3.peg.2404.site.31, 118, 158, 276
1120974.3.peg.2404.site.32, 124, 168, 292
1120974.3.peg.2404.site.33, 118, 207, 325
1120974.3.peg.2404.site.34, 169, 211, 380
1120974.3.peg.2404.site.35, 60, 213, 273
1120974.3.peg.2404.site.36, 46, 213, 259
1120974.3.peg.1662.site.1, 40, 94, 134
1120974.3.peg.1662.site.2, 12, 111, 123
1120974.3.peg.1662.site.3, 5, 209, 214
1120974.3.peg.1662.site.4, 151, 205, 356
1120974.3.peg.1662.site.5, 5, 210, 215
1120974.3.peg.1662.site.6, 189, 209, 398
1120974.3.peg.1662.site.7, 169, 197, 366
1120974.3.peg.1662.site.8, 48, 197, 245
1120974.3.peg.1662.site.9, 143, 193, 336
1120974.3.peg.1662.site.10, 26, 214, 240
1120974.3.peg.1662.site.11, 184, 215, 399
1120974.3.peg.1662.site.12, 5, 216, 221
1120974.3.peg.1662.site.13, 4, 211, 215
1120974.3.peg.1662.site.14, 0, 216, 216
1120974.3.peg.1662.site.15, 0, 216, 216
1120974.3.peg.1662.site.16, 6, 215, 221
1120974.3.peg.1662.site.17, 182, 215, 397
1120974.3.peg.1662.site.18, 0, 213, 213
1120974.3.peg.1662.site.19, 52, 204, 256
1120974.3.peg.1662.site.20, 8, 178, 186
1120974.3.peg.1662.site.21, 107, 181, 288
1120974.3.peg.1662.site.22, 166, 191, 357
1120974.3.peg.1662.site.23, 165, 213, 378
1120974.3.peg.1662.site.24, 4, 215, 219
1120974.3.peg.1662.site.25, 7, 214, 221
1120974.3.peg.1662.site.26, 198, 215, 413
1120974.3.peg.1662.site.27, 164, 212, 376
1120974.3.peg.1662.site.28, 199, 216, 415
1120974.3.peg.1662.site.29, 6, 208, 214
1120974.3.peg.1662.site.30, 103, 193, 296
1120974.3.peg.1662.site.31, 100, 189, 289
1120974.3.peg.1662.site.32, 0, 206, 206
1120974.3.peg.1662.site.33, 44, 201, 245
1120974.3.peg.1662.site.34, 2, 213, 215
1120974.3.peg.1662.site.35, 196, 213, 409
1120974.3.peg.1662.site.36, 165, 214, 379
1120974.3.peg.1662.site.37, 199, 216, 415
1120974.3.peg.1662.site.38, 0, 215, 215
1120974.3.peg.1662.site.39, 0, 216, 216
1120974.3.peg.1662.site.40, 0, 215, 215
1120974.3.peg.1662.site.41, 43, 212, 255
1120974.3.peg.1662.site.42, 19, 211, 230
1120974.3.peg.1662.site.43, 161, 210, 371
1120974.3.peg.1662.site.44, 163, 213, 376
1120974.3.peg.3201.site.1, 0, 215, 215
1120974.3.peg.3201.site.2, 4, 216, 220
1120974.3.peg.1597.site.1, 84, 211, 295
1120974.3.peg.1597.site.2, 79, 205, 284
1120974.3.peg.1597.site.3, 8, 205, 213
1120974.3.peg.1597.site.4, 78, 199, 277
1120974.3.peg.1597.site.5, 79, 203, 282
1120974.3.peg.1597.site.6, 83, 202, 285
1120974.3.peg.1597.site.7, 81, 205, 286
1120974.3.peg.1597.site.8, 45, 150, 195
1120974.3.peg.1597.site.9, 13, 213, 226
1120974.3.peg.1597.site.10, 13, 213, 226
1120974.3.peg.1597.site.11, 95, 209, 304
1120974.3.peg.1597.site.12, 110, 210, 320
1120974.3.peg.1597.site.13, 8, 215, 223
1120974.3.peg.1597.site.14, 5, 216, 221
1120974.3.peg.1597.site.15, 66, 211, 277
1120974.3.peg.1597.site.16, 43, 213, 256
1120974.3.peg.1597.site.17, 5, 203, 208
1120974.3.peg.1597.site.18, 12, 192, 204
1120974.3.peg.1597.site.19, 99, 198, 297
1120974.3.peg.2920.site.1, 9, 208, 217
1120974.3.peg.2920.site.2, 162, 206, 368
1120974.3.peg.2920.site.3, 11, 206, 217
1120974.3.peg.2921.site.1, 5, 207, 212
1120974.3.peg.2921.site.2, 1, 206, 207
1120974.3.peg.2921.site.3, 198, 202, 400
1120974.3.peg.2921.site.4, 0, 134, 134
1120974.3.peg.2921.site.5, 48, 93, 141
1120974.3.peg.2921.site.6, 45, 49, 94
1120974.3.peg.2921.site.7, 9, 46, 55
1120974.3.peg.2921.site.8, 143, 188, 331
1120974.3.peg.2921.site.9, 2, 200, 202
1120974.3.peg.2921.site.10, 158, 203, 361
1120974.3.peg.2921.site.11, 0, 207, 207
1120974.3.peg.2921.site.12, 194, 208, 402
1120974.3.peg.2921.site.13, 0, 207, 207
1120974.3.peg.2921.site.14, 10, 200, 210
1120974.3.peg.2921.site.15, 8, 199, 207
1120974.3.peg.2921.site.16, 155, 202, 357
1120974.3.peg.2921.site.17, 8, 203, 211
1120974.3.peg.2921.site.18, 18, 204, 222
1120974.3.peg.2921.site.19, 8, 203, 211
1120974.3.peg.2921.site.20, 18, 205, 223
1120974.3.peg.2921.site.21, 166, 206, 372
1120974.3.peg.2921.site.22, 159, 207, 366
1120974.3.peg.2921.site.23, 15, 206, 221
1120974.3.peg.2921.site.24, 0, 206, 206
1120974.3.peg.2921.site.25, 10, 207, 217
1120974.3.peg.2921.site.26, 8, 205, 213
1120974.3.peg.2921.site.27, 8, 207, 215
1120974.3.peg.1666.site.1, 1, 214, 215
1120974.3.peg.1666.site.2, 75, 210, 285
1120974.3.peg.1666.site.3, 1, 213, 214
1120974.3.peg.1666.site.4, 82, 211, 293
1120974.3.peg.1666.site.5, 4, 215, 219
1120974.3.peg.1666.site.6, 47, 212, 259
1120974.3.peg.1666.site.7, 6, 213, 219
1120974.3.peg.1666.site.8, 1, 208, 209
1120974.3.peg.1666.site.9, 28, 215, 243
1120974.3.peg.1666.site.10, 48, 212, 260
1120974.3.peg.1666.site.11, 15, 216, 231
1120974.3.peg.1666.site.12, 2, 212, 214
1120974.3.peg.2922.site.1, 126, 172, 298
1120974.3.peg.2922.site.2, 100, 123, 223
1120974.3.peg.2922.site.3, 3, 47, 50
1120974.3.peg.2922.site.4, 2, 42, 44
1120974.3.peg.2922.site.5, 1, 30, 31
1120974.3.peg.2922.site.6, 2, 28, 30
1120974.3.peg.2922.site.7, 0, 35, 35
1120974.3.peg.2922.site.8, 4, 47, 51
1120974.3.peg.2922.site.9, 35, 51, 86
1120974.3.peg.2922.site.10, 16, 130, 146
1120974.3.peg.2922.site.11, 68, 153, 221
1120974.3.peg.2922.site.12, 5, 182, 187
1120974.3.peg.2922.site.13, 1, 199, 200
1120974.3.peg.2922.site.14, 0, 198, 198
1120974.3.peg.2922.site.15, 0, 208, 208
1120974.3.peg.2922.site.16, 0, 208, 208
1120974.3.peg.2922.site.17, 16, 207, 223
1120974.3.peg.2922.site.18, 4, 209, 213
1120974.3.peg.2922.site.19, 73, 204, 277
1120974.3.peg.2922.site.20, 83, 205, 288
1120974.3.peg.2922.site.21, 17, 208, 225
1120974.3.peg.2922.site.22, 0, 207, 207
1120974.3.peg.2922.site.23, 2, 207, 209
1120974.3.peg.2922.site.24, 76, 204, 280
1120974.3.peg.2922.site.25, 32, 205, 237
1120974.3.peg.2922.site.26, 196, 208, 404
1120974.3.peg.2922.site.27, 96, 203, 299
1120974.3.peg.2922.site.28, 0, 207, 207
1120974.3.peg.2922.site.29, 4, 207, 211
1120974.3.peg.2922.site.30, 105, 202, 307
1120974.3.peg.2922.site.31, 81, 203, 284
1120974.3.peg.2922.site.32, 0, 206, 206
1120974.3.peg.2922.site.33, 15, 205, 220
1120974.3.peg.2922.site.34, 0, 205, 205
1120974.3.peg.2922.site.35, 2, 207, 209
1120974.3.peg.2922.site.36, 4, 208, 212
1120974.3.peg.2922.site.37, 92, 203, 295
1120974.3.peg.2922.site.38, 34, 207, 241
1120974.3.peg.2922.site.39, 5, 209, 214
1120974.3.peg.1667.site.1, 186, 214, 400
1120974.3.peg.1667.site.2, 177, 213, 390
1120974.3.peg.1667.site.3, 3, 216, 219
1120974.3.peg.1667.site.4, 2, 216, 218
1120974.3.peg.1667.site.5, 7, 216, 223
1120974.3.peg.1667.site.6, 0, 215, 215
1120974.3.peg.1667.site.7, 124, 208, 332
1120974.3.peg.1667.site.8, 41, 202, 243
1120974.3.peg.1667.site.9, 0, 171, 171
1120974.3.peg.1667.site.10, 2, 215, 217
1120974.3.peg.1667.site.11, 173, 197, 370
1120974.3.peg.1667.site.12, 2, 76, 78
1120974.3.peg.1667.site.13, 22, 42, 64
1120974.3.peg.1667.site.14, 16, 35, 51
1120974.3.peg.1667.site.15, 4, 211, 215
1120974.3.peg.1667.site.16, 17, 212, 229
1120974.3.peg.1667.site.17, 0, 210, 210
1120974.3.peg.1667.site.18, 179, 209, 388
1120974.3.peg.1667.site.19, 50, 211, 261
1120974.3.peg.1667.site.20, 0, 215, 215
1120974.3.peg.1667.site.21, 64, 211, 275
1120974.3.peg.1667.site.22, 11, 212, 223
1120974.3.peg.1667.site.23, 6, 211, 217
1120974.3.peg.1667.site.24, 0, 214, 214
1120974.3.peg.1667.site.25, 4, 216, 220
1120974.3.peg.1667.site.26, 0, 216, 216
1120974.3.peg.1667.site.27, 53, 214, 267
1120974.3.peg.1667.site.28, 49, 207, 256
1120974.3.peg.2923.site.1, 94, 203, 297
1120974.3.peg.2923.site.2, 77, 199, 276
1120974.3.peg.2923.site.3, 15, 203, 218
1120974.3.peg.2923.site.4, 88, 103, 191
1120974.3.peg.2923.site.5, 89, 101, 190
1120974.3.peg.2923.site.6, 4, 110, 114
1120974.3.peg.2923.site.7, 0, 121, 121
1120974.3.peg.2923.site.8, 10, 125, 135
1120974.3.peg.2923.site.9, 5, 142, 147
1120974.3.peg.2923.site.10, 175, 175, 350
1120974.3.peg.2923.site.11, 15, 209, 224
1120974.3.peg.2923.site.12, 177, 203, 380
1120974.3.peg.2923.site.13, 14, 205, 219
1120974.3.peg.2923.site.14, 0, 207, 207
1120974.3.peg.2923.site.15, 2, 207, 209
1120974.3.peg.2923.site.16, 170, 206, 376
1120974.3.peg.2923.site.17, 14, 207, 221
1120974.3.peg.2923.site.18, 13, 207, 220
1120974.3.peg.2923.site.19, 9, 208, 217
1120974.3.peg.2923.site.20, 1, 204, 205
1120974.3.peg.2923.site.21, 1, 201, 202
1120974.3.peg.2923.site.22, 0, 204, 204
1120974.3.peg.2923.site.23, 1, 209, 210
1120974.3.peg.2923.site.24, 0, 208, 208
1120974.3.peg.2923.site.25, 0, 204, 204
1120974.3.peg.2923.site.26, 0, 207, 207
1120974.3.peg.2923.site.27, 1, 202, 203
1120974.3.peg.2923.site.28, 1, 208, 209
1120974.3.peg.2923.site.29, 0, 204, 204
1120974.3.peg.2923.site.30, 0, 206, 206
1120974.3.peg.2923.site.31, 0, 206, 206
1120974.3.peg.2923.site.32, 0, 206, 206
1120974.3.peg.2923.site.33, 0, 207, 207
1120974.3.peg.2923.site.34, 0, 200, 200
1120974.3.peg.2923.site.35, 0, 204, 204
1120974.3.peg.2923.site.36, 0, 196, 196
1120974.3.peg.2923.site.37, 0, 208, 208
1120974.3.peg.2923.site.38, 169, 206, 375
1120974.3.peg.2923.site.39, 0, 207, 207
1120974.3.peg.2923.site.40, 5, 206, 211
1120974.3.peg.2923.site.41, 1, 206, 207
1120974.3.peg.2923.site.42, 5, 209, 214
1120974.3.peg.1664.site.1, 53, 211, 264
1120974.3.peg.1664.site.2, 0, 214, 214
1120974.3.peg.1664.site.3, 25, 211, 236
1120974.3.peg.1664.site.4, 104, 206, 310
1120974.3.peg.1664.site.5, 14, 215, 229
1120974.3.peg.1664.site.6, 4, 215, 219
1120974.3.peg.1664.site.7, 48, 212, 260
1120974.3.peg.1664.site.8, 47, 213, 260
1120974.3.peg.1664.site.9, 211, 214, 425
1120974.3.peg.1664.site.10, 54, 214, 268
1120974.3.peg.1664.site.11, 165, 213, 378
1120974.3.peg.2924.site.1, 191, 207, 398
1120974.3.peg.2924.site.2, 1, 208, 209
1120974.3.peg.2924.site.3, 187, 197, 384
1120974.3.peg.1665.site.1, 211, 215, 426
1120974.3.peg.1665.site.2, 37, 214, 251
1120974.3.peg.1665.site.3, 45, 211, 256
1120974.3.peg.1665.site.4, 161, 211, 372
1120974.3.peg.1665.site.5, 41, 214, 255
1120974.3.peg.2925.site.1, 187, 204, 391
1120974.3.peg.2925.site.2, 0, 215, 215
1120974.3.peg.2925.site.3, 207, 213, 420
1120974.3.peg.2925.site.4, 0, 212, 212
1120974.3.peg.2925.site.5, 5, 213, 218
1120974.3.peg.2925.site.6, 13, 210, 223
1120974.3.peg.2925.site.7, 7, 206, 213
1120974.3.peg.2925.site.8, 4, 205, 209
1120974.3.peg.2925.site.9, 1, 212, 213
1120974.3.peg.2925.site.10, 126, 208, 334
1120974.3.peg.2925.site.11, 1, 213, 214
1120974.3.peg.2925.site.12, 1, 215, 216
1120974.3.peg.2925.site.13, 1, 216, 217
1120974.3.peg.2925.site.14, 127, 211, 338
1120974.3.peg.2925.site.15, 52, 138, 190
1120974.3.peg.2925.site.16, 4, 106, 110
1120974.3.peg.2925.site.17, 35, 124, 159
1120974.3.peg.2925.site.18, 0, 182, 182
1120974.3.peg.2925.site.19, 56, 199, 255
1120974.3.peg.2925.site.20, 9, 196, 205
1120974.3.peg.2925.site.21, 77, 171, 248
1120974.3.peg.2925.site.22, 6, 98, 104
1120974.3.peg.2925.site.23, 2, 95, 97
1120974.3.peg.2925.site.24, 6, 98, 104
1120974.3.peg.2925.site.25, 5, 97, 102
1120974.3.peg.2925.site.26, 41, 127, 168
1120974.3.peg.2925.site.27, 114, 204, 318
1120974.3.peg.2925.site.28, 12, 215, 227
1120974.3.peg.2925.site.29, 2, 216, 218
1120974.3.peg.2925.site.30, 3, 213, 216
1120974.3.peg.2925.site.31, 4, 215, 219
1120974.3.peg.2925.site.32, 14, 213, 227
1120974.3.peg.2925.site.33, 0, 216, 216
1120974.3.peg.2925.site.34, 12, 215, 227
1120974.3.peg.2925.site.35, 9, 215, 224
1120974.3.peg.3044.site.1, 0, 212, 212
1120974.3.peg.3044.site.2, 187, 212, 399
1120974.3.peg.3044.site.3, 185, 209, 394
1120974.3.peg.3044.site.4, 184, 208, 392
1120974.3.peg.3044.site.5, 5, 197, 202
1120974.3.peg.3044.site.6, 4, 74, 78
1120974.3.peg.3044.site.7, 5, 81, 86
1120974.3.peg.3044.site.8, 0, 81, 81
1120974.3.peg.3044.site.9, 6, 100, 106
1120974.3.peg.3044.site.10, 7, 101, 108
1120974.3.peg.3044.site.11, 0, 84, 84
1120974.3.peg.3044.site.12, 56, 73, 129
1120974.3.peg.3044.site.13, 1, 55, 56
1120974.3.peg.3044.site.14, 9, 33, 42
1120974.3.peg.3044.site.15, 1, 45, 46
1120974.3.peg.3044.site.16, 18, 44, 62
1120974.3.peg.3044.site.17, 18, 44, 62
1120974.3.peg.3044.site.18, 18, 42, 60
1120974.3.peg.3044.site.19, 21, 47, 68
1120974.3.peg.3044.site.20, 66, 89, 155
1120974.3.peg.3044.site.21, 72, 98, 170
1120974.3.peg.3044.site.22, 0, 143, 143
1120974.3.peg.3044.site.23, 135, 146, 281
1120974.3.peg.3044.site.24, 61, 84, 145
1120974.3.peg.3044.site.25, 115, 140, 255
1120974.3.peg.3044.site.26, 29, 53, 82
1120974.3.peg.3044.site.27, 0, 213, 213
1120974.3.peg.3045.site.1, 2, 213, 215
1120974.3.peg.3045.site.2, 0, 211, 211
1120974.3.peg.3045.site.3, 4, 212, 216
1120974.3.peg.3045.site.4, 1, 208, 209
1120974.3.peg.3045.site.5, 0, 216, 216
1120974.3.peg.3045.site.6, 0, 214, 214
1120974.3.peg.3045.site.7, 0, 215, 215
1120974.3.peg.3046.site.1, 0, 215, 215
1120974.3.peg.3046.site.2, 0, 215, 215
1120974.3.peg.3046.site.3, 159, 183, 342
1120974.3.peg.3046.site.4, 181, 205, 386
1120974.3.peg.3046.site.5, 0, 211, 211
1120974.3.peg.3046.site.6, 188, 211, 399
1120974.3.peg.3046.site.7, 187, 211, 398
1120974.3.peg.3046.site.8, 190, 214, 404
1120974.3.peg.3046.site.9, 40, 66, 106
1120974.3.peg.3046.site.10, 42, 67, 109
1120974.3.peg.3046.site.11, 42, 68, 110
1120974.3.peg.3046.site.12, 99, 123, 222
1120974.3.peg.3046.site.13, 99, 125, 224
1120974.3.peg.3046.site.14, 202, 214, 416
1120974.3.peg.3046.site.15, 0, 212, 212
1120974.3.peg.3046.site.16, 99, 199, 298
1120974.3.peg.3046.site.17, 134, 159, 293
1120974.3.peg.3046.site.18, 16, 112, 128
1120974.3.peg.3046.site.19, 91, 115, 206
1120974.3.peg.3046.site.20, 110, 112, 222
1120974.3.peg.3046.site.21, 74, 98, 172
1120974.3.peg.3046.site.22, 87, 111, 198
1120974.3.peg.3046.site.23, 0, 215, 215
1120974.3.peg.3046.site.24, 5, 216, 221
1120974.3.peg.3046.site.25, 195, 215, 410
1120974.3.peg.3046.site.26, 194, 214, 408
1120974.3.peg.3046.site.27, 1, 215, 216
1120974.3.peg.3046.site.28, 1, 215, 216
1120974.3.peg.3046.site.29, 0, 216, 216
1120974.3.peg.3046.site.30, 0, 215, 215
1120974.3.peg.3046.site.31, 0, 211, 211
1120974.3.peg.3046.site.32, 67, 206, 273
1120974.3.peg.3046.site.33, 2, 209, 211
1120974.3.peg.3046.site.34, 2, 206, 208
1120974.3.peg.3046.site.35, 78, 201, 279
1120974.3.peg.3046.site.36, 62, 200, 262
1120974.3.peg.3046.site.37, 55, 194, 249
1120974.3.peg.3046.site.38, 3, 196, 199
1120974.3.peg.3046.site.39, 0, 189, 189
1120974.3.peg.3046.site.40, 25, 138, 163
1120974.3.peg.3046.site.41, 100, 122, 222
1120974.3.peg.3046.site.42, 118, 125, 243
1120974.3.peg.3046.site.43, 16, 135, 151
1120974.3.peg.3046.site.44, 108, 131, 239
1120974.3.peg.3046.site.45, 67, 193, 260
1120974.3.peg.3046.site.46, 0, 207, 207
1120974.3.peg.3046.site.47, 0, 213, 213
1120974.3.peg.3046.site.48, 214, 214, 428
1120974.3.peg.3047.site.1, 0, 212, 212
1120974.3.peg.3047.site.2, 0, 214, 214
1120974.3.peg.3047.site.3, 186, 212, 398
1120974.3.peg.3047.site.4, 0, 213, 213
1120974.3.peg.3047.site.5, 112, 205, 317
1120974.3.peg.3047.site.6, 45, 186, 231
1120974.3.peg.3047.site.7, 20, 160, 180
1120974.3.peg.3047.site.8, 19, 160, 179
1120974.3.peg.3047.site.9, 5, 152, 157
1120974.3.peg.3047.site.10, 10, 150, 160
1120974.3.peg.3047.site.11, 10, 151, 161
1120974.3.peg.3047.site.12, 27, 167, 194
1120974.3.peg.3047.site.13, 60, 201, 261
1120974.3.peg.3047.site.14, 0, 209, 209
1120974.3.peg.3047.site.15, 111, 200, 311
1120974.3.peg.3040.site.1, 0, 209, 209
1120974.3.peg.2926.site.1, 7, 211, 218
1120974.3.peg.2926.site.2, 36, 209, 245
1120974.3.peg.2926.site.3, 3, 211, 214
1120974.3.peg.2926.site.4, 13, 209, 222
1120974.3.peg.2926.site.5, 3, 156, 159
1120974.3.peg.2926.site.6, 47, 171, 218
1120974.3.peg.2926.site.7, 48, 170, 218
1120974.3.peg.2926.site.8, 106, 162, 268
1120974.3.peg.2926.site.9, 4, 215, 219
1120974.3.peg.2926.site.10, 6, 212, 218
1120974.3.peg.2926.site.11, 0, 213, 213
1120974.3.peg.2926.site.12, 157, 213, 370
1120974.3.peg.2926.site.13, 1, 216, 217
1120974.3.peg.2926.site.14, 14, 213, 227
1120974.3.peg.2926.site.15, 0, 213, 213
1120974.3.peg.2926.site.16, 0, 212, 212
1120974.3.peg.2926.site.17, 0, 212, 212
1120974.3.peg.2926.site.18, 0, 212, 212
1120974.3.peg.2926.site.19, 0, 214, 214
1120974.3.peg.2926.site.20, 0, 216, 216
1120974.3.peg.2926.site.21, 0, 216, 216
1120974.3.peg.2926.site.22, 1, 216, 217
1120974.3.peg.2926.site.23, 203, 215, 418
1120974.3.peg.2926.site.24, 190, 214, 404
1120974.3.peg.2926.site.25, 4, 213, 217
1120974.3.peg.2926.site.26, 0, 208, 208
1120974.3.peg.2926.site.27, 0, 211, 211
1120974.3.peg.2926.site.28, 0, 211, 211
1120974.3.peg.2926.site.29, 0, 214, 214
1120974.3.peg.2926.site.30, 0, 213, 213
1120974.3.peg.2926.site.31, 0, 214, 214
1120974.3.peg.3042.site.1, 0, 215, 215
1120974.3.peg.3042.site.2, 0, 215, 215
1120974.3.peg.3042.site.3, 0, 216, 216
1120974.3.peg.3042.site.4, 38, 211, 249
1120974.3.peg.3042.site.5, 0, 215, 215
1120974.3.peg.3042.site.6, 2, 216, 218
1120974.3.peg.3042.site.7, 4, 208, 212
1120974.3.peg.3042.site.8, 87, 202, 289
1120974.3.peg.3042.site.9, 2, 197, 199
1120974.3.peg.3042.site.10, 1, 155, 156
1120974.3.peg.3042.site.11, 47, 165, 212
1120974.3.peg.3042.site.12, 98, 156, 254
1120974.3.peg.3042.site.13, 84, 141, 225
1120974.3.peg.3042.site.14, 67, 125, 192
1120974.3.peg.3042.site.15, 70, 119, 189
1120974.3.peg.3042.site.16, 6, 122, 128
1120974.3.peg.3042.site.17, 1, 108, 109
1120974.3.peg.3042.site.18, 72, 102, 174
1120974.3.peg.3042.site.19, 80, 137, 217
1120974.3.peg.3042.site.20, 35, 190, 225
1120974.3.peg.3042.site.21, 0, 215, 215
1120974.3.peg.3042.site.22, 47, 208, 255
1120974.3.peg.3043.site.1, 122, 212, 334
1120974.3.peg.3043.site.2, 1, 215, 216
1120974.3.peg.3043.site.3, 37, 211, 248
1120974.3.peg.3043.site.4, 30, 207, 237
1120974.3.peg.3043.site.5, 28, 205, 233
1120974.3.peg.3043.site.6, 24, 200, 224
1120974.3.peg.3043.site.7, 33, 206, 239
1120974.3.peg.3043.site.8, 0, 212, 212
1120974.3.peg.3043.site.9, 147, 210, 357
1120974.3.peg.3043.site.10, 2, 216, 218
1120974.3.peg.3043.site.11, 47, 213, 260
1120974.3.peg.3043.site.12, 3, 215, 218
1120974.3.peg.3043.site.13, 0, 215, 215
1120974.3.peg.3043.site.14, 158, 214, 372
1120974.3.peg.3043.site.15, 154, 212, 366
1120974.3.peg.3043.site.16, 149, 205, 354
1120974.3.peg.3043.site.17, 1, 201, 202
1120974.3.peg.3043.site.18, 136, 193, 329
1120974.3.peg.3043.site.19, 136, 194, 330
1120974.3.peg.3043.site.20, 0, 192, 192
1120974.3.peg.3043.site.21, 1, 195, 196
1120974.3.peg.3043.site.22, 49, 197, 246
1120974.3.peg.3043.site.23, 147, 204, 351
1120974.3.peg.3043.site.24, 148, 206, 354
1120974.3.peg.3043.site.25, 113, 171, 284
1120974.3.peg.3043.site.26, 85, 143, 228
1120974.3.peg.3043.site.27, 57, 116, 173
1120974.3.peg.3043.site.28, 27, 87, 114
1120974.3.peg.3043.site.29, 17, 77, 94
1120974.3.peg.3043.site.30, 9, 69, 78
1120974.3.peg.3043.site.31, 2, 63, 65
1120974.3.peg.3043.site.32, 1, 61, 62
1120974.3.peg.3043.site.33, 4, 61, 65
1120974.3.peg.3043.site.34, 0, 59, 59
1120974.3.peg.3043.site.35, 13, 61, 74
1120974.3.peg.3043.site.36, 1, 60, 61
1120974.3.peg.3043.site.37, 45, 66, 111
1120974.3.peg.3043.site.38, 44, 64, 108
1120974.3.peg.3043.site.39, 32, 91, 123
1120974.3.peg.3043.site.40, 79, 101, 180
1120974.3.peg.3043.site.41, 0, 101, 101
1120974.3.peg.3043.site.42, 88, 112, 200
1120974.3.peg.3043.site.43, 5, 196, 201
1120974.3.peg.3043.site.44, 0, 216, 216
1120974.3.peg.3043.site.45, 0, 214, 214
1120974.3.peg.3043.site.46, 0, 213, 213
1120974.3.peg.3043.site.47, 0, 211, 211
1120974.3.peg.3048.site.1, 40, 154, 194
1120974.3.peg.3048.site.2, 186, 195, 381
1120974.3.peg.3048.site.3, 118, 209, 327
1120974.3.peg.3048.site.4, 9, 214, 223
1120974.3.peg.3048.site.5, 0, 211, 211
1120974.3.peg.3048.site.6, 8, 213, 221
1120974.3.peg.3048.site.7, 189, 210, 399
1120974.3.peg.3048.site.8, 188, 209, 397
1120974.3.peg.3048.site.9, 191, 212, 403
1120974.3.peg.3048.site.10, 9, 216, 225
1120974.3.peg.3048.site.11, 5, 214, 219
1120974.3.peg.3048.site.12, 0, 213, 213
1120974.3.peg.3048.site.13, 0, 213, 213
1120974.3.peg.3048.site.14, 188, 210, 398
1120974.3.peg.3048.site.15, 0, 215, 215
1120974.3.peg.3048.site.16, 0, 215, 215
1120974.3.peg.3048.site.17, 0, 216, 216
1120974.3.peg.3048.site.18, 1, 215, 216
1120974.3.peg.3048.site.19, 1, 216, 217
1120974.3.peg.3048.site.20, 210, 214, 424
1120974.3.peg.3048.site.21, 5, 215, 220
1120974.3.peg.3048.site.22, 109, 204, 313
1120974.3.peg.3048.site.23, 176, 199, 375
1120974.3.peg.3048.site.24, 114, 195, 309
1120974.3.peg.3048.site.25, 74, 184, 258
1120974.3.peg.3048.site.26, 186, 210, 396
1120974.3.peg.3048.site.27, 189, 213, 402
1120974.3.peg.3048.site.28, 191, 215, 406
1120974.3.peg.3048.site.29, 5, 216, 221
1120974.3.peg.3048.site.30, 81, 210, 291
1120974.3.peg.3048.site.31, 5, 214, 219
1120974.3.peg.3048.site.32, 78, 212, 290
1120974.3.peg.3048.site.33, 191, 213, 404
1120974.3.peg.3048.site.34, 191, 213, 404
1120974.3.peg.3048.site.35, 211, 215, 426
1120974.3.peg.3048.site.36, 192, 215, 407
1120974.3.peg.3048.site.37, 189, 212, 401
1120974.3.peg.3048.site.38, 191, 214, 405
1120974.3.peg.3048.site.39, 0, 216, 216
1120974.3.peg.3048.site.40, 190, 213, 403
1120974.3.peg.3048.site.41, 51, 195, 246
1120974.3.peg.3048.site.42, 42, 187, 229
1120974.3.peg.3048.site.43, 46, 185, 231
1120974.3.peg.3048.site.44, 5, 216, 221
1120974.3.peg.3048.site.45, 118, 210, 328
1120974.3.peg.3048.site.46, 68, 210, 278
1120974.3.peg.3048.site.47, 0, 215, 215
1120974.3.peg.3048.site.48, 4, 216, 220
1120974.3.peg.3048.site.49, 69, 211, 280
1120974.3.peg.3048.site.50, 67, 210, 277
1120974.3.peg.3048.site.51, 55, 197, 252
1120974.3.peg.3048.site.52, 4, 214, 218
1120974.3.peg.3048.site.53, 66, 208, 274
1120974.3.peg.3048.site.54, 187, 207, 394
1120974.3.peg.3048.site.55, 184, 203, 387
1120974.3.peg.3048.site.56, 53, 195, 248
1120974.3.peg.3048.site.57, 50, 193, 243
1120974.3.peg.3048.site.58, 57, 198, 255
1120974.3.peg.3048.site.59, 65, 199, 264
1120974.3.peg.3048.site.60, 0, 208, 208
1120974.3.peg.3048.site.61, 1, 211, 212
1120974.3.peg.3048.site.62, 0, 214, 214
1120974.3.peg.3048.site.63, 198, 208, 406
1120974.3.peg.3048.site.64, 5, 186, 191
1120974.3.peg.3048.site.65, 173, 183, 356
1120974.3.peg.3048.site.66, 5, 184, 189
1120974.3.peg.3048.site.67, 0, 198, 198
1120974.3.peg.3048.site.68, 23, 203, 226
1120974.3.peg.3048.site.69, 5, 205, 210
1120974.3.peg.3048.site.70, 26, 206, 232
1120974.3.peg.3048.site.71, 30, 209, 239
1120974.3.peg.3048.site.72, 4, 215, 219
1120974.3.peg.3048.site.73, 155, 212, 367
1120974.3.peg.3048.site.74, 0, 216, 216
1120974.3.peg.3048.site.75, 5, 181, 186
1120974.3.peg.3048.site.76, 158, 178, 336
1120974.3.peg.3048.site.77, 161, 182, 343
1120974.3.peg.3048.site.78, 11, 188, 199
1120974.3.peg.3048.site.79, 17, 197, 214
1120974.3.peg.3048.site.80, 4, 184, 188
1120974.3.peg.3048.site.81, 3, 182, 185
1120974.3.peg.3048.site.82, 0, 180, 180
1120974.3.peg.3048.site.83, 29, 205, 234
1120974.3.peg.3048.site.84, 35, 214, 249
1120974.3.peg.3048.site.85, 0, 215, 215
1120974.3.peg.3048.site.86, 35, 215, 250
1120974.3.peg.3048.site.87, 35, 214, 249
1120974.3.peg.3048.site.88, 0, 215, 215
1120974.3.peg.3048.site.89, 0, 214, 214
1120974.3.peg.3048.site.90, 37, 214, 251
1120974.3.peg.3048.site.91, 163, 212, 375
1120974.3.peg.3048.site.92, 202, 215, 417
1120974.3.peg.3048.site.93, 191, 213, 404
1120974.3.peg.3048.site.94, 190, 211, 401
1120974.3.peg.3048.site.95, 190, 211, 401
1120974.3.peg.3048.site.96, 154, 214, 368
1120974.3.peg.3048.site.97, 0, 216, 216
1120974.3.peg.3048.site.98, 153, 213, 366
1120974.3.peg.3048.site.99, 0, 211, 211
1120974.3.peg.3048.site.100, 36, 211, 247
1120974.3.peg.3048.site.101, 155, 210, 365
1120974.3.peg.3049.site.1, 172, 190, 362
1120974.3.peg.3049.site.2, 156, 180, 336
1120974.3.peg.3049.site.3, 161, 180, 341
1120974.3.peg.3049.site.4, 182, 205, 387
1120974.3.peg.3049.site.5, 4, 213, 217
1120974.3.peg.3049.site.6, 31, 215, 246
1120974.3.peg.3049.site.7, 191, 214, 405
1120974.3.peg.3049.site.8, 192, 214, 406
1120974.3.peg.3049.site.9, 27, 214, 241
1120974.3.peg.3049.site.10, 192, 214, 406
1120974.3.peg.3049.site.11, 191, 213, 404
1120974.3.peg.3049.site.12, 25, 211, 236
1120974.3.peg.3049.site.13, 0, 164, 164
1120974.3.peg.3049.site.14, 102, 126, 228
1120974.3.peg.3049.site.15, 0, 126, 126
1120974.3.peg.3049.site.16, 77, 100, 177
1120974.3.peg.3049.site.17, 10, 203, 213
1120974.3.peg.3049.site.18, 0, 207, 207
1120974.3.peg.3049.site.19, 0, 214, 214
1120974.3.peg.3049.site.20, 2, 214, 216
1120974.3.peg.3049.site.21, 0, 215, 215
1120974.3.peg.3288.site.1, 0, 216, 216
1120974.3.peg.3288.site.2, 20, 210, 230
1120974.3.peg.3288.site.3, 1, 174, 175
1120974.3.peg.3288.site.4, 1, 159, 160
1120974.3.peg.3288.site.5, 0, 183, 183
1120974.3.peg.3288.site.6, 0, 174, 174
1120974.3.peg.3288.site.7, 0, 144, 144
1120974.3.peg.3288.site.8, 0, 133, 133
1120974.3.peg.3288.site.9, 0, 156, 156
1120974.3.peg.3288.site.10, 29, 178, 207
1120974.3.peg.3288.site.11, 0, 182, 182
1120974.3.peg.3288.site.12, 0, 175, 175
1120974.3.peg.3288.site.13, 114, 181, 295
1120974.3.peg.3288.site.14, 4, 195, 199
1120974.3.peg.3288.site.15, 1, 207, 208
1120974.3.peg.3288.site.16, 16, 208, 224
1120974.3.peg.3288.site.17, 7, 211, 218
1120974.3.peg.3288.site.18, 0, 210, 210
1120974.3.peg.3288.site.19, 6, 213, 219
1120974.3.peg.3288.site.20, 11, 215, 226
1120974.3.peg.3288.site.21, 117, 211, 328
1120974.3.peg.3288.site.22, 0, 214, 214
1120974.3.peg.3288.site.23, 4, 216, 220
1120974.3.peg.3288.site.24, 95, 213, 308
1120974.3.peg.3288.site.25, 118, 212, 330
1120974.3.peg.3288.site.26, 60, 205, 265
1120974.3.peg.3288.site.27, 0, 214, 214
1120974.3.peg.3288.site.28, 21, 214, 235
1120974.3.peg.3288.site.29, 93, 207, 300
1120974.3.peg.3288.site.30, 97, 212, 309
1120974.3.peg.3288.site.31, 0, 213, 213
1120974.3.peg.3288.site.32, 4, 216, 220
1120974.3.peg.3288.site.33, 5, 212, 217
1120974.3.peg.3288.site.34, 115, 210, 325
1120974.3.peg.3288.site.35, 29, 213, 242
1120974.3.peg.3288.site.36, 0, 211, 211
1120974.3.peg.3288.site.37, 40, 214, 254
1120974.3.peg.3288.site.38, 5, 215, 220
1120974.3.peg.3289.site.1, 0, 214, 214
1120974.3.peg.3289.site.2, 171, 213, 384
1120974.3.peg.3289.site.3, 0, 214, 214
1120974.3.peg.3289.site.4, 0, 215, 215
1120974.3.peg.3289.site.5, 0, 215, 215
1120974.3.peg.3289.site.6, 0, 213, 213
1120974.3.peg.3289.site.7, 0, 213, 213
1120974.3.peg.3289.site.8, 5, 209, 214
1120974.3.peg.3289.site.9, 121, 210, 331
1120974.3.peg.3289.site.10, 28, 213, 241
1120974.3.peg.3289.site.11, 33, 213, 246
1120974.3.peg.3289.site.12, 38, 215, 253
1120974.3.peg.3289.site.13, 38, 213, 251
1120974.3.peg.3289.site.14, 33, 208, 241
1120974.3.peg.3289.site.15, 107, 159, 266
1120974.3.peg.3289.site.16, 150, 153, 303
1120974.3.peg.3289.site.17, 140, 156, 296
1120974.3.peg.3289.site.18, 103, 181, 284
1120974.3.peg.3289.site.19, 89, 168, 257
1120974.3.peg.3289.site.20, 146, 189, 335
1120974.3.peg.3289.site.21, 161, 206, 367
1120974.3.peg.3289.site.22, 157, 205, 362
1120974.3.peg.3289.site.23, 134, 179, 313
1120974.3.peg.3289.site.24, 107, 152, 259
1120974.3.peg.3289.site.25, 59, 104, 163
1120974.3.peg.3289.site.26, 103, 201, 304
1120974.3.peg.3289.site.27, 156, 200, 356
1120974.3.peg.3289.site.28, 58, 101, 159
1120974.3.peg.3289.site.29, 104, 203, 307
1120974.3.peg.3289.site.30, 0, 214, 214
1120974.3.peg.3289.site.31, 116, 214, 330
1120974.3.peg.3289.site.32, 14, 213, 227
1120974.3.peg.3289.site.33, 163, 209, 372
1120974.3.peg.3282.site.1, 44, 214, 258
1120974.3.peg.3282.site.2, 41, 212, 253
1120974.3.peg.3282.site.3, 40, 211, 251
1120974.3.peg.3282.site.4, 38, 209, 247
1120974.3.peg.3282.site.5, 2, 214, 216
1120974.3.peg.3282.site.6, 2, 213, 215
1120974.3.peg.3282.site.7, 39, 210, 249
1120974.3.peg.3282.site.8, 142, 208, 350
1120974.3.peg.3282.site.9, 35, 205, 240
1120974.3.peg.3282.site.10, 210, 212, 422
1120974.3.peg.3282.site.11, 40, 210, 250
1120974.3.peg.3282.site.12, 1, 215, 216
1120974.3.peg.3282.site.13, 1, 216, 217
1120974.3.peg.3282.site.14, 213, 213, 426
1120974.3.peg.3282.site.15, 195, 212, 407
1120974.3.peg.3282.site.16, 11, 213, 224
1120974.3.peg.3282.site.17, 40, 201, 241
1120974.3.peg.3282.site.18, 129, 188, 317
1120974.3.peg.3282.site.19, 39, 99, 138
1120974.3.peg.3282.site.20, 29, 90, 119
1120974.3.peg.3282.site.21, 20, 80, 100
1120974.3.peg.3282.site.22, 13, 73, 86
1120974.3.peg.3282.site.23, 132, 169, 301
1120974.3.peg.3282.site.24, 7, 170, 177
1120974.3.peg.3282.site.25, 96, 152, 248
1120974.3.peg.3282.site.26, 147, 195, 342
1120974.3.peg.3282.site.27, 7, 207, 214
1120974.3.peg.3282.site.28, 153, 200, 353
1120974.3.peg.3282.site.29, 210, 212, 422
1120974.3.peg.3282.site.30, 0, 216, 216
1120974.3.peg.3282.site.31, 6, 215, 221
1120974.3.peg.3282.site.32, 0, 210, 210
1120974.3.peg.3282.site.33, 0, 216, 216
1120974.3.peg.3283.site.1, 10, 215, 225
1120974.3.peg.3283.site.2, 0, 214, 214
1120974.3.peg.3283.site.3, 210, 216, 426
1120974.3.peg.3283.site.4, 2, 215, 217
1120974.3.peg.3283.site.5, 0, 215, 215
1120974.3.peg.3283.site.6, 187, 212, 399
1120974.3.peg.3283.site.7, 2, 206, 208
1120974.3.peg.3283.site.8, 34, 192, 226
1120974.3.peg.3283.site.9, 180, 202, 382
1120974.3.peg.3283.site.10, 4, 216, 220
1120974.3.peg.3283.site.11, 211, 215, 426
1120974.3.peg.3283.site.12, 2, 216, 218
1120974.3.peg.3283.site.13, 2, 216, 218
1120974.3.peg.3283.site.14, 215, 215, 430
1120974.3.peg.3283.site.15, 0, 216, 216
1120974.3.peg.3283.site.16, 38, 211, 249
1120974.3.peg.3283.site.17, 0, 214, 214
1120974.3.peg.3283.site.18, 181, 208, 389
1120974.3.peg.3283.site.19, 0, 210, 210
1120974.3.peg.3283.site.20, 7, 205, 212
1120974.3.peg.3283.site.21, 0, 199, 199
1120974.3.peg.3283.site.22, 147, 208, 355
1120974.3.peg.3283.site.23, 3, 215, 218
1120974.3.peg.3283.site.24, 194, 213, 407
1120974.3.peg.3283.site.25, 0, 216, 216
1120974.3.peg.3283.site.26, 0, 216, 216
1120974.3.peg.3280.site.1, 0, 215, 215
1120974.3.peg.3280.site.2, 0, 216, 216
1120974.3.peg.3280.site.3, 8, 216, 224
1120974.3.peg.3280.site.4, 0, 216, 216
1120974.3.peg.3280.site.5, 6, 215, 221
1120974.3.peg.3280.site.6, 0, 216, 216
1120974.3.peg.3280.site.7, 117, 210, 327
1120974.3.peg.3280.site.8, 0, 215, 215
1120974.3.peg.3280.site.9, 1, 216, 217
1120974.3.peg.3280.site.10, 0, 216, 216
1120974.3.peg.3280.site.11, 6, 216, 222
1120974.3.peg.3280.site.12, 10, 215, 225
1120974.3.peg.3280.site.13, 0, 215, 215
1120974.3.peg.3280.site.14, 203, 213, 416
1120974.3.peg.3280.site.15, 5, 216, 221
1120974.3.peg.3280.site.16, 120, 212, 332
1120974.3.peg.3280.site.17, 137, 214, 351
1120974.3.peg.3280.site.18, 2, 215, 217
1120974.3.peg.3280.site.19, 0, 213, 213
1120974.3.peg.3280.site.20, 198, 214, 412
1120974.3.peg.3280.site.21, 0, 214, 214
1120974.3.peg.3280.site.22, 3, 213, 216
1120974.3.peg.3280.site.23, 40, 210, 250
1120974.3.peg.3280.site.24, 0, 170, 170
1120974.3.peg.3280.site.25, 133, 168, 301
1120974.3.peg.3280.site.26, 6, 173, 179
1120974.3.peg.3280.site.27, 7, 174, 181
1120974.3.peg.3281.site.1, 1, 212, 213
1120974.3.peg.3281.site.2, 205, 215, 420
1120974.3.peg.3281.site.3, 13, 213, 226
1120974.3.peg.3281.site.4, 0, 210, 210
1120974.3.peg.3281.site.5, 122, 193, 315
1120974.3.peg.3281.site.6, 9, 200, 209
1120974.3.peg.3281.site.7, 131, 209, 340
1120974.3.peg.3281.site.8, 147, 208, 355
1120974.3.peg.3281.site.9, 0, 205, 205
1120974.3.peg.3281.site.10, 125, 195, 320
1120974.3.peg.3281.site.11, 123, 187, 310
1120974.3.peg.3281.site.12, 132, 206, 338
1120974.3.peg.3281.site.13, 128, 208, 336
1120974.3.peg.3281.site.14, 147, 208, 355
1120974.3.peg.3281.site.15, 96, 167, 263
1120974.3.peg.3281.site.16, 93, 166, 259
1120974.3.peg.3281.site.17, 100, 174, 274
1120974.3.peg.3281.site.18, 181, 181, 362
1120974.3.peg.3281.site.19, 0, 206, 206
1120974.3.peg.3281.site.20, 133, 208, 341
1120974.3.peg.3281.site.21, 4, 215, 219
1120974.3.peg.3281.site.22, 2, 216, 218
1120974.3.peg.3281.site.23, 184, 213, 397
1120974.3.peg.3281.site.24, 9, 215, 224
1120974.3.peg.3281.site.25, 44, 214, 258
1120974.3.peg.3286.site.1, 174, 180, 354
1120974.3.peg.3286.site.2, 1, 153, 154
1120974.3.peg.3286.site.3, 0, 143, 143
1120974.3.peg.3286.site.4, 1, 146, 147
1120974.3.peg.3286.site.5, 175, 178, 353
1120974.3.peg.3286.site.6, 60, 168, 228
1120974.3.peg.3286.site.7, 32, 96, 128
1120974.3.peg.3286.site.8, 2, 65, 67
1120974.3.peg.3286.site.9, 1, 64, 65
1120974.3.peg.3286.site.10, 96, 99, 195
1120974.3.peg.3286.site.11, 109, 112, 221
1120974.3.peg.3286.site.12, 100, 103, 203
1120974.3.peg.3286.site.13, 3, 118, 121
1120974.3.peg.3286.site.14, 4, 164, 168
1120974.3.peg.3286.site.15, 52, 176, 228
1120974.3.peg.3286.site.16, 4, 178, 182
1120974.3.peg.3286.site.17, 53, 175, 228
1120974.3.peg.3286.site.18, 35, 159, 194
1120974.3.peg.3286.site.19, 8, 165, 173
1120974.3.peg.3286.site.20, 9, 173, 182
1120974.3.peg.3286.site.21, 0, 205, 205
1120974.3.peg.3286.site.22, 70, 194, 264
1120974.3.peg.3286.site.23, 6, 198, 204
1120974.3.peg.3286.site.24, 3, 192, 195
1120974.3.peg.3286.site.25, 2, 196, 198
1120974.3.peg.3286.site.26, 74, 197, 271
1120974.3.peg.3286.site.27, 11, 206, 217
1120974.3.peg.3286.site.28, 190, 211, 401
1120974.3.peg.3287.site.1, 4, 216, 220
1120974.3.peg.3287.site.2, 127, 212, 339
1120974.3.peg.3287.site.3, 3, 213, 216
1120974.3.peg.3287.site.4, 15, 212, 227
1120974.3.peg.3287.site.5, 1, 198, 199
1120974.3.peg.3287.site.6, 41, 158, 199
1120974.3.peg.3287.site.7, 1, 186, 187
1120974.3.peg.3287.site.8, 10, 205, 215
1120974.3.peg.3287.site.9, 120, 198, 318
1120974.3.peg.3287.site.10, 2, 193, 195
1120974.3.peg.3287.site.11, 7, 188, 195
1120974.3.peg.3287.site.12, 10, 216, 226
1120974.3.peg.3284.site.1, 195, 206, 401
1120974.3.peg.3284.site.2, 8, 189, 197
1120974.3.peg.3284.site.3, 0, 147, 147
1120974.3.peg.3284.site.4, 0, 138, 138
1120974.3.peg.3284.site.5, 104, 116, 220
1120974.3.peg.3284.site.6, 1, 137, 138
1120974.3.peg.3284.site.7, 141, 153, 294
1120974.3.peg.3284.site.8, 156, 168, 324
1120974.3.peg.3284.site.9, 15, 159, 174
1120974.3.peg.3284.site.10, 1, 153, 154
1120974.3.peg.3284.site.11, 9, 129, 138
1120974.3.peg.3284.site.12, 97, 99, 196
1120974.3.peg.3284.site.13, 93, 105, 198
1120974.3.peg.3284.site.14, 117, 130, 247
1120974.3.peg.3284.site.15, 144, 170, 314
1120974.3.peg.3285.site.1, 19, 216, 235
1120974.3.peg.3285.site.2, 0, 214, 214
1120974.3.peg.3285.site.3, 0, 215, 215
1120974.3.peg.3285.site.4, 201, 201, 402
1120974.3.peg.3285.site.5, 5, 205, 210
1120974.3.peg.3285.site.6, 181, 200, 381
1120974.3.peg.3285.site.7, 4, 205, 209
1120974.3.peg.3285.site.8, 37, 201, 238
1120974.3.peg.3285.site.9, 0, 210, 210
1120974.3.peg.3285.site.10, 195, 211, 406
1120974.3.peg.3285.site.11, 0, 214, 214
1120974.3.peg.3285.site.12, 6, 216, 222
1120974.3.peg.3285.site.13, 2, 216, 218
1120974.3.peg.3285.site.14, 0, 213, 213
1120974.3.peg.3285.site.15, 0, 213, 213
1120974.3.peg.3285.site.16, 1, 214, 215
1120974.3.peg.3285.site.17, 20, 209, 229
1120974.3.peg.3285.site.18, 0, 208, 208
1120974.3.peg.3285.site.19, 21, 209, 230
1120974.3.peg.3285.site.20, 155, 194, 349
1120974.3.peg.3285.site.21, 151, 188, 339
1120974.3.peg.3285.site.22, 132, 208, 340
1120974.3.peg.3285.site.23, 0, 210, 210
1120974.3.peg.3285.site.24, 3, 184, 187
1120974.3.peg.3285.site.25, 0, 162, 162
1120974.3.peg.3285.site.26, 110, 151, 261
1120974.3.peg.3285.site.27, 96, 137, 233
1120974.3.peg.3285.site.28, 31, 102, 133
1120974.3.peg.3285.site.29, 3, 75, 78
1120974.3.peg.3285.site.30, 7, 80, 87
1120974.3.peg.3285.site.31, 60, 138, 198
1120974.3.peg.3285.site.32, 0, 195, 195
1120974.3.peg.1341.site.1, 36, 202, 238
1120974.3.peg.1341.site.2, 37, 211, 248
1120974.3.peg.1341.site.3, 124, 207, 331
1120974.3.peg.1341.site.4, 38, 211, 249
1120974.3.peg.1341.site.5, 216, 216, 432
1120974.3.peg.1341.site.6, 21, 214, 235
1120974.3.peg.1341.site.7, 39, 214, 253
1120974.3.peg.1341.site.8, 39, 215, 254
1120974.3.peg.1341.site.9, 124, 209, 333
1120974.3.peg.1341.site.10, 124, 210, 334
1120974.3.peg.1341.site.11, 9, 215, 224
1120974.3.peg.1341.site.12, 124, 209, 333
1120974.3.peg.1341.site.13, 3, 213, 216
1120974.3.peg.1341.site.14, 161, 209, 370
1120974.3.peg.1341.site.15, 0, 213, 213
1120974.3.peg.1341.site.16, 5, 215, 220
1120974.3.peg.1341.site.17, 9, 216, 225
1120974.3.peg.1341.site.18, 35, 215, 250
1120974.3.peg.1341.site.19, 2, 215, 217
1120974.3.peg.1341.site.20, 34, 213, 247
1120974.3.peg.1341.site.21, 1, 216, 217
1120974.3.peg.1341.site.22, 3, 215, 218
1120974.3.peg.1341.site.23, 1, 214, 215
1120974.3.peg.1341.site.24, 1, 213, 214
1120974.3.peg.1341.site.25, 8, 206, 214
1120974.3.peg.1341.site.26, 6, 181, 187
1120974.3.peg.1341.site.27, 128, 184, 312
1120974.3.peg.1340.site.1, 114, 206, 320
1120974.3.peg.1340.site.2, 4, 215, 219
1120974.3.peg.1340.site.3, 34, 211, 245
1120974.3.peg.1340.site.4, 205, 210, 415
1120974.3.peg.1340.site.5, 110, 195, 305
1120974.3.peg.1340.site.6, 0, 208, 208
1120974.3.peg.1340.site.7, 47, 202, 249
1120974.3.peg.1340.site.8, 146, 203, 349
1120974.3.peg.1340.site.9, 116, 172, 288
1120974.3.peg.1340.site.10, 88, 175, 263
1120974.3.peg.1340.site.11, 97, 173, 270
1120974.3.peg.1340.site.12, 9, 181, 190
1120974.3.peg.1340.site.13, 0, 177, 177
1120974.3.peg.1340.site.14, 4, 177, 181
1120974.3.peg.1340.site.15, 104, 161, 265
1120974.3.peg.1340.site.16, 97, 154, 251
1120974.3.peg.1340.site.17, 122, 179, 301
1120974.3.peg.518.site.1, 130, 178, 308
1120974.3.peg.518.site.2, 141, 193, 334
1120974.3.peg.518.site.3, 141, 194, 335
1120974.3.peg.518.site.4, 105, 160, 265
1120974.3.peg.518.site.5, 117, 171, 288
1120974.3.peg.518.site.6, 108, 162, 270
1120974.3.peg.518.site.7, 110, 165, 275
1120974.3.peg.518.site.8, 91, 179, 270
1120974.3.peg.518.site.9, 3, 202, 205
1120974.3.peg.518.site.10, 26, 198, 224
1120974.3.peg.518.site.11, 51, 189, 240
1120974.3.peg.518.site.12, 0, 195, 195
1120974.3.peg.518.site.13, 23, 192, 215
1120974.3.peg.518.site.14, 27, 183, 210
1120974.3.peg.518.site.15, 1, 197, 198
1120974.3.peg.518.site.16, 0, 205, 205
1120974.3.peg.518.site.17, 10, 209, 219
1120974.3.peg.518.site.18, 30, 212, 242
1120974.3.peg.518.site.19, 31, 212, 243
1120974.3.peg.518.site.20, 153, 211, 364
1120974.3.peg.518.site.21, 13, 207, 220
1120974.3.peg.518.site.22, 0, 205, 205
1120974.3.peg.518.site.23, 31, 189, 220
1120974.3.peg.518.site.24, 30, 189, 219
1120974.3.peg.519.site.1, 67, 168, 235
1120974.3.peg.519.site.2, 42, 142, 184
1120974.3.peg.519.site.3, 42, 141, 183
1120974.3.peg.519.site.4, 134, 161, 295
1120974.3.peg.519.site.5, 4, 159, 163
1120974.3.peg.519.site.6, 102, 162, 264
1120974.3.peg.519.site.7, 1, 195, 196
1120974.3.peg.519.site.8, 0, 203, 203
1120974.3.peg.519.site.9, 0, 205, 205
1120974.3.peg.519.site.10, 4, 214, 218
1120974.3.peg.519.site.11, 154, 214, 368
1120974.3.peg.519.site.12, 1, 216, 217
1120974.3.peg.519.site.13, 0, 212, 212
1120974.3.peg.519.site.14, 11, 209, 220
1120974.3.peg.519.site.15, 146, 209, 355
1120974.3.peg.519.site.16, 16, 206, 222
1120974.3.peg.519.site.17, 145, 202, 347
1120974.3.peg.519.site.18, 120, 184, 304
1120974.3.peg.519.site.19, 93, 149, 242
1120974.3.peg.519.site.20, 94, 151, 245
1120974.3.peg.519.site.21, 1, 214, 215
1120974.3.peg.519.site.22, 1, 215, 216
1120974.3.peg.519.site.23, 2, 216, 218
1120974.3.peg.519.site.24, 0, 215, 215
1120974.3.peg.519.site.25, 0, 216, 216
1120974.3.peg.519.site.26, 181, 215, 396
1120974.3.peg.519.site.27, 165, 213, 378
1120974.3.peg.519.site.28, 11, 215, 226
1120974.3.peg.519.site.29, 202, 215, 417
1120974.3.peg.519.site.30, 111, 213, 324
1120974.3.peg.519.site.31, 4, 214, 218
1120974.3.peg.519.site.32, 23, 211, 234
1120974.3.peg.519.site.33, 7, 214, 221
1120974.3.peg.519.site.34, 110, 208, 318
1120974.3.peg.519.site.35, 103, 208, 311
1120974.3.peg.1612.site.1, 35, 209, 244
1120974.3.peg.1612.site.2, 3, 182, 185
1120974.3.peg.1347.site.1, 190, 210, 400
1120974.3.peg.1347.site.2, 174, 196, 370
1120974.3.peg.1347.site.3, 166, 189, 355
1120974.3.peg.1347.site.4, 173, 196, 369
1120974.3.peg.1347.site.5, 189, 210, 399
1120974.3.peg.1347.site.6, 190, 212, 402
1120974.3.peg.1347.site.7, 0, 213, 213
1120974.3.peg.1347.site.8, 2, 208, 210
1120974.3.peg.1347.site.9, 2, 209, 211
1120974.3.peg.1347.site.10, 0, 211, 211
1120974.3.peg.1347.site.11, 2, 209, 211
1120974.3.peg.1347.site.12, 2, 212, 214
1120974.3.peg.1347.site.13, 5, 212, 217
1120974.3.peg.1347.site.14, 2, 213, 215
1120974.3.peg.1347.site.15, 18, 205, 223
1120974.3.peg.1347.site.16, 138, 161, 299
1120974.3.peg.1347.site.17, 10, 88, 98
1120974.3.peg.1347.site.18, 1, 151, 152
1120974.3.peg.1347.site.19, 2, 25, 27
1120974.3.peg.3215.site.1, 22, 209, 231
1120974.3.peg.3215.site.2, 213, 215, 428
1120974.3.peg.3215.site.3, 0, 213, 213
1120974.3.peg.3215.site.4, 14, 212, 226
1120974.3.peg.3215.site.5, 1, 208, 209
1120974.3.peg.3215.site.6, 0, 188, 188
1120974.3.peg.3215.site.7, 0, 190, 190
1120974.3.peg.3215.site.8, 1, 192, 193
1120974.3.peg.3215.site.9, 4, 212, 216
1120974.3.peg.3215.site.10, 20, 204, 224
1120974.3.peg.3215.site.11, 5, 193, 198
1120974.3.peg.3215.site.12, 28, 203, 231
1120974.3.peg.3215.site.13, 183, 209, 392
1120974.3.peg.3215.site.14, 212, 214, 426
1120974.3.peg.3215.site.15, 23, 209, 232
1120974.3.peg.3214.site.1, 0, 214, 214
1120974.3.peg.3214.site.2, 0, 143, 143
1120974.3.peg.3214.site.3, 0, 23, 23
1120974.3.peg.3214.site.4, 1, 9, 10
1120974.3.peg.3214.site.5, 40, 45, 85
1120974.3.peg.3214.site.6, 123, 125, 248
1120974.3.peg.3214.site.7, 0, 212, 212
1120974.3.peg.3214.site.8, 187, 212, 399
1120974.3.peg.3214.site.9, 1, 216, 217
1120974.3.peg.3214.site.10, 58, 212, 270
1120974.3.peg.3214.site.11, 0, 214, 214
1120974.3.peg.3214.site.12, 4, 215, 219
1120974.3.peg.3214.site.13, 0, 213, 213
1120974.3.peg.3214.site.14, 0, 207, 207
1120974.3.peg.3138.site.1, 18, 214, 232
1120974.3.peg.3138.site.2, 0, 212, 212
1120974.3.peg.3138.site.3, 52, 207, 259
1120974.3.peg.3138.site.4, 203, 214, 417
1120974.3.peg.3138.site.5, 43, 213, 256
1120974.3.peg.3138.site.6, 62, 213, 275
1120974.3.peg.3138.site.7, 43, 214, 257
1120974.3.peg.3139.site.1, 93, 208, 301
1120974.3.peg.3139.site.2, 0, 180, 180
1120974.3.peg.3139.site.3, 101, 154, 255
1120974.3.peg.3139.site.4, 93, 211, 304
1120974.3.peg.3139.site.5, 216, 216, 432
1120974.3.peg.3139.site.6, 140, 213, 353
1120974.3.peg.3139.site.7, 0, 215, 215
1120974.3.peg.3139.site.8, 210, 215, 425
1120974.3.peg.3139.site.9, 216, 216, 432
1120974.3.peg.3139.site.10, 55, 214, 269
1120974.3.peg.3139.site.11, 0, 210, 210
1120974.3.peg.3139.site.12, 2, 216, 218
1120974.3.peg.3139.site.13, 42, 211, 253
1120974.3.peg.3139.site.14, 43, 194, 237
1120974.3.peg.3139.site.15, 0, 211, 211
1120974.3.peg.3139.site.16, 43, 214, 257
1120974.3.peg.3139.site.17, 41, 211, 252
1120974.3.peg.3139.site.18, 3, 214, 217
1120974.3.peg.3139.site.19, 74, 209, 283
1120974.3.peg.3139.site.20, 90, 208, 298
1120974.3.peg.3139.site.21, 19, 169, 188
1120974.3.peg.3139.site.22, 14, 163, 177
1120974.3.peg.3139.site.23, 50, 135, 185
1120974.3.peg.3139.site.24, 36, 158, 194
1120974.3.peg.3139.site.25, 0, 168, 168
1120974.3.peg.3139.site.26, 91, 185, 276
1120974.3.peg.3139.site.27, 4, 205, 209
1120974.3.peg.3139.site.28, 4, 200, 204
1120974.3.peg.3139.site.29, 86, 164, 250
1120974.3.peg.3139.site.30, 98, 181, 279
1120974.3.peg.3139.site.31, 32, 203, 235
1120974.3.peg.3139.site.32, 93, 210, 303
1120974.3.peg.3139.site.33, 108, 211, 319
1120974.3.peg.3139.site.34, 169, 212, 381
1120974.3.peg.3139.site.35, 9, 211, 220
1120974.3.peg.3139.site.36, 9, 211, 220
1120974.3.peg.3139.site.37, 3, 214, 217
1120974.3.peg.3139.site.38, 32, 210, 242
1120974.3.peg.3139.site.39, 3, 213, 216
1120974.3.peg.2889.site.1, 2, 88, 90
1120974.3.peg.2889.site.2, 2, 90, 92
1120974.3.peg.2889.site.3, 1, 94, 95
1120974.3.peg.2889.site.4, 26, 109, 135
1120974.3.peg.2889.site.5, 153, 194, 347
1120974.3.peg.2889.site.6, 164, 168, 332
1120974.3.peg.2889.site.7, 1, 164, 165
1120974.3.peg.2889.site.8, 103, 190, 293
1120974.3.peg.2889.site.9, 8, 215, 223
1120974.3.peg.2889.site.10, 138, 212, 350
1120974.3.peg.2889.site.11, 126, 211, 337
1120974.3.peg.2889.site.12, 1, 213, 214
1120974.3.peg.2889.site.13, 109, 130, 239
1120974.3.peg.2889.site.14, 2, 100, 102
1120974.3.peg.2889.site.15, 29, 32, 61
1120974.3.peg.2889.site.16, 19, 26, 45
1120974.3.peg.2888.site.1, 42, 161, 203
1120974.3.peg.2888.site.2, 0, 216, 216
1120974.3.peg.2888.site.3, 4, 216, 220
1120974.3.peg.2888.site.4, 4, 216, 220
1120974.3.peg.2888.site.5, 4, 216, 220
1120974.3.peg.2888.site.6, 0, 214, 214
1120974.3.peg.2888.site.7, 183, 213, 396
1120974.3.peg.2888.site.8, 86, 211, 297
1120974.3.peg.2888.site.9, 44, 214, 258
1120974.3.peg.2888.site.10, 2, 213, 215
1120974.3.peg.2888.site.11, 194, 214, 408
1120974.3.peg.2888.site.12, 136, 212, 348
1120974.3.peg.2888.site.13, 136, 211, 347
1120974.3.peg.2888.site.14, 213, 213, 426
1120974.3.peg.2888.site.15, 45, 211, 256
1120974.3.peg.3132.site.1, 68, 209, 277
1120974.3.peg.3132.site.2, 0, 215, 215
1120974.3.peg.3132.site.3, 69, 210, 279
1120974.3.peg.3132.site.4, 65, 204, 269
1120974.3.peg.3132.site.5, 0, 208, 208
1120974.3.peg.3132.site.6, 1, 209, 210
1120974.3.peg.3132.site.7, 1, 211, 212
1120974.3.peg.3132.site.8, 119, 194, 313
1120974.3.peg.3132.site.9, 9, 192, 201
1120974.3.peg.3132.site.10, 6, 181, 187
1120974.3.peg.3132.site.11, 65, 191, 256
1120974.3.peg.3132.site.12, 126, 208, 334
1120974.3.peg.3132.site.13, 67, 206, 273
1120974.3.peg.3132.site.14, 69, 207, 276
1120974.3.peg.3132.site.15, 6, 214, 220
1120974.3.peg.3132.site.16, 74, 212, 286
1120974.3.peg.3132.site.17, 6, 216, 222
1120974.3.peg.3132.site.18, 73, 211, 284
1120974.3.peg.3132.site.19, 0, 216, 216
1120974.3.peg.3132.site.20, 65, 203, 268
1120974.3.peg.3132.site.21, 0, 211, 211
1120974.3.peg.3132.site.22, 66, 206, 272
1120974.3.peg.3132.site.23, 107, 206, 313
1120974.3.peg.3132.site.24, 106, 206, 312
1120974.3.peg.3132.site.25, 69, 208, 277
1120974.3.peg.3132.site.26, 120, 204, 324
1120974.3.peg.3132.site.27, 67, 206, 273
1120974.3.peg.3132.site.28, 66, 205, 271
1120974.3.peg.3132.site.29, 106, 194, 300
1120974.3.peg.3132.site.30, 9, 166, 175
1120974.3.peg.3132.site.31, 55, 83, 138
1120974.3.peg.3132.site.32, 0, 213, 213
1120974.3.peg.3132.site.33, 60, 197, 257
1120974.3.peg.3132.site.34, 18, 212, 230
1120974.3.peg.3132.site.35, 4, 215, 219
1120974.3.peg.3132.site.36, 75, 211, 286
1120974.3.peg.3132.site.37, 0, 216, 216
1120974.3.peg.3132.site.38, 71, 207, 278
1120974.3.peg.3132.site.39, 0, 211, 211
1120974.3.peg.3132.site.40, 3, 178, 181
1120974.3.peg.3132.site.41, 212, 214, 426
1120974.3.peg.3132.site.42, 208, 213, 421
1120974.3.peg.3132.site.43, 73, 207, 280
1120974.3.peg.3132.site.44, 112, 208, 320
1120974.3.peg.3132.site.45, 4, 213, 217
1120974.3.peg.3132.site.46, 208, 213, 421
1120974.3.peg.3132.site.47, 3, 213, 216
1120974.3.peg.3132.site.48, 3, 214, 217
1120974.3.peg.3132.site.49, 0, 215, 215
1120974.3.peg.3132.site.50, 3, 214, 217
1120974.3.peg.3132.site.51, 3, 214, 217
1120974.3.peg.3132.site.52, 3, 213, 216
1120974.3.peg.3132.site.53, 188, 208, 396
1120974.3.peg.3133.site.1, 11, 188, 199
1120974.3.peg.3133.site.2, 1, 196, 197
1120974.3.peg.3133.site.3, 178, 198, 376
1120974.3.peg.3133.site.4, 109, 202, 311
1120974.3.peg.3133.site.5, 187, 209, 396
1120974.3.peg.3133.site.6, 1, 212, 213
1120974.3.peg.3133.site.7, 1, 213, 214
1120974.3.peg.3133.site.8, 135, 198, 333
1120974.3.peg.3133.site.9, 85, 144, 229
1120974.3.peg.3133.site.10, 76, 135, 211
1120974.3.peg.3133.site.11, 110, 134, 244
1120974.3.peg.3133.site.12, 103, 127, 230
1120974.3.peg.3133.site.13, 2, 212, 214
1120974.3.peg.3133.site.14, 1, 211, 212
1120974.3.peg.3133.site.15, 2, 211, 213
1120974.3.peg.3133.site.16, 1, 214, 215
1120974.3.peg.3133.site.17, 189, 211, 400
1120974.3.peg.3133.site.18, 181, 208, 389
1120974.3.peg.3133.site.19, 182, 209, 391
1120974.3.peg.3133.site.20, 4, 202, 206
1120974.3.peg.3133.site.21, 176, 200, 376
1120974.3.peg.3133.site.22, 165, 191, 356
1120974.3.peg.3133.site.23, 19, 167, 186
1120974.3.peg.3133.site.24, 25, 158, 183
1120974.3.peg.3133.site.25, 1, 85, 86
1120974.3.peg.3133.site.26, 25, 92, 117
1120974.3.peg.3133.site.27, 70, 135, 205
1120974.3.peg.3133.site.28, 1, 161, 162
1120974.3.peg.3133.site.29, 130, 191, 321
1120974.3.peg.3133.site.30, 184, 211, 395
1120974.3.peg.3133.site.31, 182, 209, 391
1120974.3.peg.3133.site.32, 184, 211, 395
1120974.3.peg.3133.site.33, 11, 214, 225
1120974.3.peg.3133.site.34, 0, 214, 214
1120974.3.peg.3133.site.35, 151, 211, 362
1120974.3.peg.3133.site.36, 1, 216, 217
1120974.3.peg.3133.site.37, 11, 212, 223
1120974.3.peg.3133.site.38, 4, 210, 214
1120974.3.peg.3133.site.39, 5, 212, 217
1120974.3.peg.3133.site.40, 146, 204, 350
1120974.3.peg.3133.site.41, 148, 206, 354
1120974.3.peg.3133.site.42, 1, 209, 210
1120974.3.peg.3133.site.43, 186, 209, 395
1120974.3.peg.3133.site.44, 33, 211, 244
1120974.3.peg.3133.site.45, 153, 210, 363
1120974.3.peg.3133.site.46, 3, 213, 216
1120974.3.peg.3133.site.47, 4, 214, 218
1120974.3.peg.3133.site.48, 153, 209, 362
1120974.3.peg.3133.site.49, 0, 215, 215
1120974.3.peg.3133.site.50, 155, 212, 367
1120974.3.peg.3133.site.51, 154, 211, 365
1120974.3.peg.3133.site.52, 154, 211, 365
1120974.3.peg.3133.site.53, 0, 215, 215
1120974.3.peg.3133.site.54, 154, 211, 365
1120974.3.peg.3133.site.55, 163, 213, 376
1120974.3.peg.3133.site.56, 33, 212, 245
1120974.3.peg.3133.site.57, 153, 209, 362
1120974.3.peg.3133.site.58, 1, 214, 215
1120974.3.peg.3133.site.59, 111, 209, 320
1120974.3.peg.3133.site.60, 112, 209, 321
1120974.3.peg.3133.site.61, 1, 215, 216
1120974.3.peg.3133.site.62, 1, 210, 211
1120974.3.peg.3133.site.63, 119, 209, 328
1120974.3.peg.3133.site.64, 119, 210, 329
1120974.3.peg.3133.site.65, 121, 206, 327
1120974.3.peg.3133.site.66, 1, 212, 213
1120974.3.peg.3133.site.67, 119, 203, 322
1120974.3.peg.3133.site.68, 116, 201, 317
1120974.3.peg.3133.site.69, 0, 203, 203
1120974.3.peg.3133.site.70, 106, 193, 299
1120974.3.peg.3133.site.71, 18, 190, 208
1120974.3.peg.3133.site.72, 1, 183, 184
1120974.3.peg.3133.site.73, 0, 196, 196
1120974.3.peg.3133.site.74, 100, 185, 285
1120974.3.peg.3133.site.75, 99, 185, 284
1120974.3.peg.3133.site.76, 0, 195, 195
1120974.3.peg.3133.site.77, 114, 201, 315
1120974.3.peg.3133.site.78, 113, 202, 315
1120974.3.peg.3133.site.79, 13, 209, 222
1120974.3.peg.3133.site.80, 214, 216, 430
1120974.3.peg.3133.site.81, 0, 216, 216
1120974.3.peg.3133.site.82, 43, 213, 256
1120974.3.peg.1518.site.1, 10, 26, 36
1120974.3.peg.1518.site.2, 6, 32, 38
1120974.3.peg.1518.site.3, 84, 139, 223
1120974.3.peg.1518.site.4, 0, 187, 187
1120974.3.peg.1518.site.5, 42, 212, 254
1120974.3.peg.1518.site.6, 142, 209, 351
1120974.3.peg.1518.site.7, 136, 206, 342
1120974.3.peg.1518.site.8, 4, 212, 216
1120974.3.peg.1518.site.9, 6, 212, 218
1120974.3.peg.1518.site.10, 15, 215, 230
1120974.3.peg.1518.site.11, 10, 214, 224
1120974.3.peg.1518.site.12, 215, 215, 430
1120974.3.peg.1518.site.13, 6, 215, 221
1120974.3.peg.1518.site.14, 174, 200, 374
1120974.3.peg.1518.site.15, 5, 212, 217
1120974.3.peg.1518.site.16, 191, 215, 406
1120974.3.peg.1518.site.17, 190, 214, 404
1120974.3.peg.1518.site.18, 5, 216, 221
1120974.3.peg.1518.site.19, 5, 216, 221
1120974.3.peg.1518.site.20, 15, 215, 230
1120974.3.peg.1518.site.21, 216, 216, 432
1120974.3.peg.1518.site.22, 0, 214, 214
1120974.3.peg.1518.site.23, 1, 185, 186
1120974.3.peg.1518.site.24, 29, 168, 197
1120974.3.peg.1518.site.25, 0, 179, 179
1120974.3.peg.1518.site.26, 8, 186, 194
1120974.3.peg.1518.site.27, 176, 197, 373
1120974.3.peg.1518.site.28, 193, 199, 392
1120974.3.peg.1518.site.29, 177, 199, 376
1120974.3.peg.1518.site.30, 2, 201, 203
1120974.3.peg.1518.site.31, 190, 203, 393
1120974.3.peg.1518.site.32, 183, 203, 386
1120974.3.peg.1514.site.1, 73, 211, 284
1120974.3.peg.1514.site.2, 194, 212, 406
1120974.3.peg.1514.site.3, 189, 191, 380
1120974.3.peg.1514.site.4, 166, 170, 336
1120974.3.peg.1514.site.5, 5, 199, 204
1120974.3.peg.1514.site.6, 199, 210, 409
1120974.3.peg.1514.site.7, 160, 205, 365
1120974.3.peg.1514.site.8, 37, 210, 247
1120974.3.peg.1514.site.9, 100, 210, 310
1120974.3.peg.1514.site.10, 100, 209, 309
1120974.3.peg.1514.site.11, 99, 208, 307
1120974.3.peg.1514.site.12, 1, 215, 216
1120974.3.peg.1514.site.13, 102, 209, 311
1120974.3.peg.1514.site.14, 0, 215, 215
1120974.3.peg.1514.site.15, 44, 213, 257
1120974.3.peg.1514.site.16, 123, 186, 309
1120974.3.peg.1514.site.17, 13, 214, 227
1120974.3.peg.1514.site.18, 0, 214, 214
1120974.3.peg.1516.site.1, 43, 214, 257
1120974.3.peg.1516.site.2, 60, 208, 268
1120974.3.peg.1516.site.3, 0, 214, 214
1120974.3.peg.1516.site.4, 40, 213, 253
1120974.3.peg.1516.site.5, 14, 215, 229
1120974.3.peg.1516.site.6, 5, 215, 220
1120974.3.peg.1516.site.7, 39, 211, 250
1120974.3.peg.1516.site.8, 44, 212, 256
1120974.3.peg.1516.site.9, 100, 207, 307
1120974.3.peg.1516.site.10, 0, 212, 212
1120974.3.peg.1516.site.11, 3, 201, 204
1120974.3.peg.1516.site.12, 74, 190, 264
1120974.3.peg.1516.site.13, 83, 189, 272
1120974.3.peg.1516.site.14, 0, 173, 173
1120974.3.peg.1516.site.15, 80, 87, 167
1120974.3.peg.1516.site.16, 60, 93, 153
1120974.3.peg.1516.site.17, 7, 92, 99
1120974.3.peg.1516.site.18, 18, 199, 217
1120974.3.peg.1516.site.19, 128, 201, 329
1120974.3.peg.1516.site.20, 98, 206, 304
1120974.3.peg.1516.site.21, 101, 209, 310
1120974.3.peg.1516.site.22, 17, 205, 222
1120974.3.peg.1516.site.23, 6, 194, 200
1120974.3.peg.1516.site.24, 19, 208, 227
1120974.3.peg.1516.site.25, 8, 211, 219
1120974.3.peg.1516.site.26, 91, 204, 295
1120974.3.peg.1516.site.27, 21, 207, 228
1120974.3.peg.1516.site.28, 0, 197, 197
1120974.3.peg.1516.site.29, 71, 179, 250
1120974.3.peg.1516.site.30, 0, 180, 180
1120974.3.peg.1516.site.31, 168, 170, 338
1120974.3.peg.1516.site.32, 0, 190, 190
1120974.3.peg.1516.site.33, 2, 184, 186
1120974.3.peg.1516.site.34, 86, 184, 270
1120974.3.peg.1516.site.35, 89, 190, 279
1120974.3.peg.1516.site.36, 95, 191, 286
1120974.3.peg.1516.site.37, 4, 192, 196
1120974.3.peg.1516.site.38, 90, 185, 275
1120974.3.peg.1516.site.39, 0, 189, 189
1120974.3.peg.1510.site.1, 0, 210, 210
1120974.3.peg.1510.site.2, 197, 211, 408
1120974.3.peg.1510.site.3, 1, 213, 214
1120974.3.peg.1510.site.4, 1, 213, 214
1120974.3.peg.1510.site.5, 191, 210, 401
1120974.3.peg.1510.site.6, 4, 216, 220
1120974.3.peg.1510.site.7, 0, 216, 216
1120974.3.peg.1510.site.8, 4, 215, 219
1120974.3.peg.1510.site.9, 4, 216, 220
1120974.3.peg.1510.site.10, 4, 215, 219
1120974.3.peg.1510.site.11, 4, 216, 220
1120974.3.peg.1510.site.12, 4, 214, 218
1120974.3.peg.1510.site.13, 0, 215, 215
1120974.3.peg.1510.site.14, 4, 216, 220
1120974.3.peg.1510.site.15, 194, 215, 409
1120974.3.peg.1510.site.16, 204, 215, 419
1120974.3.peg.1510.site.17, 174, 204, 378
1120974.3.peg.1510.site.18, 184, 203, 387
1120974.3.peg.1510.site.19, 4, 201, 205
1120974.3.peg.1510.site.20, 165, 184, 349
1120974.3.peg.1510.site.21, 10, 191, 201
1120974.3.peg.1510.site.22, 163, 179, 342
1120974.3.peg.1510.site.23, 169, 184, 353
1120974.3.peg.1510.site.24, 192, 210, 402
1120974.3.peg.1511.site.1, 4, 214, 218
1120974.3.peg.1511.site.2, 199, 216, 415
1120974.3.peg.1511.site.3, 189, 212, 401
1120974.3.peg.1511.site.4, 4, 216, 220
1120974.3.peg.1511.site.5, 4, 216, 220
1120974.3.peg.1511.site.6, 8, 216, 224
1120974.3.peg.1511.site.7, 15, 215, 230
1120974.3.peg.1511.site.8, 214, 215, 429
1120974.3.peg.1511.site.9, 23, 213, 236
1120974.3.peg.1511.site.10, 0, 215, 215
1120974.3.peg.1511.site.11, 0, 213, 213
1120974.3.peg.1511.site.12, 0, 215, 215
1120974.3.peg.1511.site.13, 4, 214, 218
1120974.3.peg.1511.site.14, 0, 216, 216
1120974.3.peg.1511.site.15, 193, 215, 408
1120974.3.peg.1511.site.16, 4, 215, 219
1120974.3.peg.1511.site.17, 8, 211, 219
1120974.3.peg.1511.site.18, 11, 211, 222
1120974.3.peg.1511.site.19, 137, 206, 343
1120974.3.peg.1511.site.20, 136, 205, 341
1120974.3.peg.1511.site.21, 2, 74, 76
1120974.3.peg.1511.site.22, 4, 67, 71
1120974.3.peg.1511.site.23, 39, 64, 103
1120974.3.peg.1511.site.24, 62, 62, 124
1120974.3.peg.1512.site.1, 20, 35, 55
1120974.3.peg.1512.site.2, 24, 34, 58
1120974.3.peg.1512.site.3, 25, 31, 56
1120974.3.peg.1512.site.4, 39, 40, 79
1120974.3.peg.1512.site.5, 61, 100, 161
1120974.3.peg.1512.site.6, 104, 105, 209
1120974.3.peg.1512.site.7, 153, 209, 362
1120974.3.peg.1512.site.8, 4, 215, 219
1120974.3.peg.1512.site.9, 9, 213, 222
1120974.3.peg.1512.site.10, 148, 208, 356
1120974.3.peg.1512.site.11, 4, 212, 216
1120974.3.peg.1512.site.12, 154, 212, 366
1120974.3.peg.1608.site.1, 133, 180, 313
1120974.3.peg.1608.site.2, 0, 196, 196
1120974.3.peg.1608.site.3, 155, 206, 361
1120974.3.peg.1608.site.4, 0, 213, 213
1120974.3.peg.1608.site.5, 17, 215, 232
1120974.3.peg.1608.site.6, 0, 213, 213
1120974.3.peg.1608.site.7, 0, 216, 216
1120974.3.peg.1608.site.8, 156, 207, 363
1120974.3.peg.1608.site.9, 169, 215, 384
1120974.3.peg.1608.site.10, 5, 213, 218
1120974.3.peg.1608.site.11, 168, 215, 383
1120974.3.peg.1608.site.12, 5, 213, 218
1120974.3.peg.1608.site.13, 0, 210, 210
1120974.3.peg.1608.site.14, 207, 207, 414
1120974.3.peg.1608.site.15, 4, 208, 212
1120974.3.peg.1608.site.16, 0, 214, 214
1120974.3.peg.1608.site.17, 0, 215, 215
1120974.3.peg.1608.site.18, 35, 215, 250
1120974.3.peg.1608.site.19, 160, 213, 373
1120974.3.peg.1608.site.20, 0, 209, 209
1120974.3.peg.1608.site.21, 0, 206, 206
1120974.3.peg.1608.site.22, 149, 202, 351
1120974.3.peg.1608.site.23, 149, 201, 350
1120974.3.peg.1608.site.24, 6, 215, 221
1120974.3.peg.1608.site.25, 0, 215, 215
1120974.3.peg.1608.site.26, 152, 211, 363
1120974.3.peg.1608.site.27, 149, 208, 357
1120974.3.peg.1608.site.28, 34, 211, 245
1120974.3.peg.1608.site.29, 152, 211, 363
1120974.3.peg.1608.site.30, 31, 211, 242
1120974.3.peg.1608.site.31, 25, 212, 237
1120974.3.peg.1608.site.32, 8, 213, 221
1120974.3.peg.1608.site.33, 153, 202, 355
1120974.3.peg.1608.site.34, 141, 196, 337
1120974.3.peg.1608.site.35, 141, 195, 336
1120974.3.peg.1608.site.36, 2, 206, 208
1120974.3.peg.1608.site.37, 11, 211, 222
1120974.3.peg.1608.site.38, 0, 213, 213
1120974.3.peg.1608.site.39, 29, 208, 237
1120974.3.peg.1608.site.40, 146, 206, 352
1120974.3.peg.1608.site.41, 132, 177, 309
1120974.3.peg.1608.site.42, 2, 167, 169
1120974.3.peg.1609.site.1, 141, 186, 327
1120974.3.peg.1609.site.2, 1, 212, 213
1120974.3.peg.1609.site.3, 2, 215, 217
1120974.3.peg.1609.site.4, 157, 211, 368
1120974.3.peg.1609.site.5, 2, 215, 217
1120974.3.peg.1609.site.6, 2, 214, 216
1120974.3.peg.1609.site.7, 84, 211, 295
1120974.3.peg.1609.site.8, 4, 214, 218
1120974.3.peg.1609.site.9, 79, 211, 290
1120974.3.peg.1609.site.10, 2, 216, 218
1120974.3.peg.1609.site.11, 87, 214, 301
1120974.3.peg.1609.site.12, 14, 214, 228
1120974.3.peg.1609.site.13, 6, 215, 221
1120974.3.peg.1609.site.14, 76, 208, 284
1120974.3.peg.1609.site.15, 159, 214, 373
1120974.3.peg.1609.site.16, 79, 212, 291
1120974.3.peg.1609.site.17, 78, 211, 289
1120974.3.peg.1609.site.18, 78, 211, 289
1120974.3.peg.1609.site.19, 6, 215, 221
1120974.3.peg.1609.site.20, 1, 214, 215
1120974.3.peg.1609.site.21, 212, 212, 424
1120974.3.peg.1609.site.22, 167, 211, 378
1120974.3.peg.1609.site.23, 1, 213, 214
1120974.3.peg.1609.site.24, 155, 210, 365
1120974.3.peg.1609.site.25, 160, 210, 370
1120974.3.peg.1609.site.26, 186, 211, 397
1120974.3.peg.1609.site.27, 25, 215, 240
1120974.3.peg.1609.site.28, 3, 206, 209
1120974.3.peg.1609.site.29, 21, 175, 196
1120974.3.peg.1609.site.30, 0, 195, 195
1120974.3.peg.1609.site.31, 2, 161, 163
1120974.3.peg.1609.site.32, 0, 214, 214
1120974.3.peg.1609.site.33, 0, 215, 215
1120974.3.peg.1609.site.34, 79, 171, 250
1120974.3.peg.1609.site.35, 66, 185, 251
1120974.3.peg.1609.site.36, 0, 209, 209
1120974.3.peg.1609.site.37, 69, 206, 275
1120974.3.peg.1609.site.38, 0, 211, 211
1120974.3.peg.1609.site.39, 87, 209, 296
1120974.3.peg.1609.site.40, 11, 207, 218
1120974.3.peg.1609.site.41, 113, 202, 315
1120974.3.peg.1609.site.42, 0, 210, 210
1120974.3.peg.1609.site.43, 89, 201, 290
1120974.3.peg.1609.site.44, 144, 195, 339
1120974.3.peg.1609.site.45, 156, 207, 363
1120974.3.peg.1609.site.46, 0, 212, 212
1120974.3.peg.1609.site.47, 8, 211, 219
1120974.3.peg.1609.site.48, 71, 191, 262
1120974.3.peg.1609.site.49, 163, 212, 375
1120974.3.peg.1609.site.50, 4, 214, 218
1120974.3.peg.1609.site.51, 152, 199, 351
1120974.3.peg.1609.site.52, 26, 138, 164
1120974.3.peg.1609.site.53, 5, 115, 120
1120974.3.peg.1609.site.54, 11, 113, 124
1120974.3.peg.1609.site.55, 1, 111, 112
1120974.3.peg.1609.site.56, 0, 106, 106
1120974.3.peg.1609.site.57, 0, 125, 125
1120974.3.peg.1609.site.58, 16, 127, 143
1120974.3.peg.1609.site.59, 85, 133, 218
1120974.3.peg.1609.site.60, 96, 141, 237
1120974.3.peg.1609.site.61, 41, 78, 119
1120974.3.peg.1609.site.62, 29, 63, 92
1120974.3.peg.1609.site.63, 41, 77, 118
1120974.3.peg.1609.site.64, 0, 117, 117
1120974.3.peg.1609.site.65, 0, 168, 168
1120974.3.peg.1609.site.66, 4, 165, 169
1120974.3.peg.1609.site.67, 3, 169, 172
1120974.3.peg.1609.site.68, 17, 141, 158
1120974.3.peg.1609.site.69, 6, 131, 137
1120974.3.peg.1609.site.70, 3, 129, 132
1120974.3.peg.1609.site.71, 2, 126, 128
1120974.3.peg.1609.site.72, 1, 126, 127
1120974.3.peg.1609.site.73, 1, 151, 152
1120974.3.peg.1609.site.74, 3, 178, 181
1120974.3.peg.1609.site.75, 0, 183, 183
1120974.3.peg.1609.site.76, 1, 167, 168
1120974.3.peg.1609.site.77, 40, 154, 194
1120974.3.peg.1609.site.78, 0, 139, 139
1120974.3.peg.1609.site.79, 31, 130, 161
1120974.3.peg.1609.site.80, 7, 194, 201
1120974.3.peg.1609.site.81, 93, 208, 301
1120974.3.peg.1609.site.82, 11, 212, 223
1120974.3.peg.1609.site.83, 81, 207, 288
1120974.3.peg.1609.site.84, 0, 216, 216
1120974.3.peg.1609.site.85, 0, 214, 214
1120974.3.peg.1609.site.86, 10, 213, 223
1120974.3.peg.1609.site.87, 8, 215, 223
1120974.3.peg.1609.site.88, 148, 209, 357
1120974.3.peg.1609.site.89, 10, 215, 225
1120974.3.peg.1609.site.90, 52, 214, 266
1120974.3.peg.1609.site.91, 0, 214, 214
1120974.3.peg.1609.site.92, 1, 211, 212
1120974.3.peg.1358.site.1, 1, 214, 215
1120974.3.peg.1358.site.2, 84, 209, 293
1120974.3.peg.1358.site.3, 26, 210, 236
1120974.3.peg.1358.site.4, 90, 210, 300
1120974.3.peg.1358.site.5, 161, 181, 342
1120974.3.peg.1358.site.6, 2, 207, 209
1120974.3.peg.1358.site.7, 0, 214, 214
1120974.3.peg.1358.site.8, 213, 214, 427
1120974.3.peg.1358.site.9, 15, 216, 231
1120974.3.peg.1358.site.10, 81, 209, 290
1120974.3.peg.1359.site.1, 80, 194, 274
1120974.3.peg.1359.site.2, 0, 212, 212
1120974.3.peg.1359.site.3, 0, 214, 214
1120974.3.peg.1359.site.4, 0, 209, 209
1120974.3.peg.1359.site.5, 1, 215, 216
1120974.3.peg.1359.site.6, 0, 215, 215
1120974.3.peg.1359.site.7, 0, 214, 214
1120974.3.peg.1359.site.8, 8, 213, 221
1120974.3.peg.1359.site.9, 0, 214, 214
1120974.3.peg.1359.site.10, 88, 184, 272
1120974.3.peg.1359.site.11, 27, 214, 241
1120974.3.peg.1359.site.12, 1, 214, 215
1120974.3.peg.1359.site.13, 27, 212, 239
1120974.3.peg.1359.site.14, 122, 212, 334
1120974.3.peg.1359.site.15, 82, 173, 255
1120974.3.peg.1359.site.16, 2, 97, 99
1120974.3.peg.1359.site.17, 9, 117, 126
1120974.3.peg.1359.site.18, 56, 148, 204
1120974.3.peg.1359.site.19, 116, 204, 320
1120974.3.peg.1359.site.20, 117, 205, 322
1120974.3.peg.1359.site.21, 3, 213, 216
1120974.3.peg.1359.site.22, 3, 209, 212
1120974.3.peg.1359.site.23, 6, 126, 132
1120974.3.peg.1359.site.24, 92, 207, 299
1120974.3.peg.1359.site.25, 14, 131, 145
1120974.3.peg.1359.site.26, 5, 123, 128
1120974.3.peg.1359.site.27, 5, 122, 127
1120974.3.peg.1359.site.28, 1, 120, 121
1120974.3.peg.1359.site.29, 2, 116, 118
1120974.3.peg.1359.site.30, 1, 117, 118
1120974.3.peg.1359.site.31, 4, 120, 124
1120974.3.peg.1359.site.32, 1, 201, 202
1120974.3.peg.1359.site.33, 41, 208, 249
1120974.3.peg.1359.site.34, 2, 205, 207
1120974.3.peg.1359.site.35, 3, 186, 189
1120974.3.peg.1359.site.36, 124, 181, 305
1120974.3.peg.1359.site.37, 3, 66, 69
1120974.3.peg.1359.site.38, 52, 110, 162
1120974.3.peg.1352.site.1, 0, 207, 207
1120974.3.peg.1352.site.2, 0, 210, 210
1120974.3.peg.1352.site.3, 0, 195, 195
1120974.3.peg.1352.site.4, 28, 102, 130
1120974.3.peg.1352.site.5, 1, 81, 82
1120974.3.peg.1352.site.6, 91, 201, 292
1120974.3.peg.1352.site.7, 11, 212, 223
1120974.3.peg.1352.site.8, 11, 212, 223
1120974.3.peg.1352.site.9, 186, 212, 398
1120974.3.peg.1352.site.10, 85, 205, 290
1120974.3.peg.1352.site.11, 0, 209, 209
1120974.3.peg.1352.site.12, 184, 206, 390
1120974.3.peg.1352.site.13, 0, 212, 212
1120974.3.peg.1352.site.14, 179, 207, 386
1120974.3.peg.1352.site.15, 0, 213, 213
1120974.3.peg.1352.site.16, 0, 213, 213
1120974.3.peg.1352.site.17, 5, 214, 219
1120974.3.peg.1352.site.18, 187, 212, 399
1120974.3.peg.1352.site.19, 185, 210, 395
1120974.3.peg.1352.site.20, 187, 214, 401
1120974.3.peg.1352.site.21, 19, 215, 234
1120974.3.peg.1352.site.22, 183, 210, 393
1120974.3.peg.1352.site.23, 4, 211, 215
1120974.3.peg.1352.site.24, 95, 119, 214
1120974.3.peg.1352.site.25, 110, 110, 220
1120974.3.peg.1353.site.1, 93, 212, 305
1120974.3.peg.1353.site.2, 91, 211, 302
1120974.3.peg.1353.site.3, 185, 211, 396
1120974.3.peg.1353.site.4, 186, 212, 398
1120974.3.peg.1353.site.5, 185, 211, 396
1120974.3.peg.1353.site.6, 4, 215, 219
1120974.3.peg.1353.site.7, 118, 211, 329
1120974.3.peg.1353.site.8, 107, 200, 307
1120974.3.peg.1353.site.9, 99, 192, 291
1120974.3.peg.1353.site.10, 31, 122, 153
1120974.3.peg.1353.site.11, 1, 122, 123
1120974.3.peg.1353.site.12, 17, 134, 151
1120974.3.peg.1353.site.13, 17, 138, 155
1120974.3.peg.1353.site.14, 92, 155, 247
1120974.3.peg.1353.site.15, 35, 156, 191
1120974.3.peg.1353.site.16, 0, 203, 203
1120974.3.peg.1353.site.17, 0, 215, 215
1120974.3.peg.1353.site.18, 0, 215, 215
1120974.3.peg.1353.site.19, 0, 214, 214
1120974.3.peg.1353.site.20, 0, 214, 214
1120974.3.peg.1353.site.21, 17, 206, 223
1120974.3.peg.1353.site.22, 0, 214, 214
1120974.3.peg.1353.site.23, 14, 201, 215
1120974.3.peg.1353.site.24, 10, 197, 207
1120974.3.peg.1353.site.25, 0, 214, 214
1120974.3.peg.1353.site.26, 1, 211, 212
1120974.3.peg.1353.site.27, 21, 209, 230
1120974.3.peg.1353.site.28, 2, 212, 214
1120974.3.peg.1353.site.29, 0, 212, 212
1120974.3.peg.1353.site.30, 4, 209, 213
1120974.3.peg.1353.site.31, 12, 212, 224
1120974.3.peg.1353.site.32, 2, 215, 217
1120974.3.peg.1353.site.33, 23, 212, 235
1120974.3.peg.1353.site.34, 94, 208, 302
1120974.3.peg.1353.site.35, 21, 210, 231
1120974.3.peg.1353.site.36, 0, 213, 213
1120974.3.peg.1353.site.37, 23, 213, 236
1120974.3.peg.1353.site.38, 22, 212, 234
1120974.3.peg.1353.site.39, 17, 206, 223
1120974.3.peg.1353.site.40, 0, 212, 212
1120974.3.peg.1353.site.41, 20, 208, 228
1120974.3.peg.1353.site.42, 23, 210, 233
1120974.3.peg.1353.site.43, 25, 211, 236
1120974.3.peg.1350.site.1, 199, 213, 412
1120974.3.peg.1350.site.2, 199, 214, 413
1120974.3.peg.1350.site.3, 194, 213, 407
1120974.3.peg.1350.site.4, 191, 210, 401
1120974.3.peg.1350.site.5, 94, 120, 214
1120974.3.peg.1350.site.6, 73, 100, 173
1120974.3.peg.1351.site.1, 82, 201, 283
1120974.3.peg.1351.site.2, 44, 69, 113
1120974.3.peg.1351.site.3, 15, 40, 55
1120974.3.peg.1351.site.4, 3, 26, 29
1120974.3.peg.1351.site.5, 1, 23, 24
1120974.3.peg.1604.site.1, 0, 214, 214
1120974.3.peg.1604.site.2, 0, 215, 215
1120974.3.peg.1604.site.3, 1, 215, 216
1120974.3.peg.1604.site.4, 4, 214, 218
1120974.3.peg.1604.site.5, 17, 196, 213
1120974.3.peg.1604.site.6, 4, 140, 144
1120974.3.peg.1604.site.7, 142, 145, 287
1120974.3.peg.1604.site.8, 47, 138, 185
1120974.3.peg.1604.site.9, 85, 191, 276
1120974.3.peg.1604.site.10, 92, 197, 289
1120974.3.peg.1604.site.11, 86, 189, 275
1120974.3.peg.1604.site.12, 1, 199, 200
1120974.3.peg.1604.site.13, 75, 208, 283
1120974.3.peg.1604.site.14, 0, 214, 214
1120974.3.peg.1604.site.15, 192, 214, 406
1120974.3.peg.1604.site.16, 5, 213, 218
1120974.3.peg.1604.site.17, 4, 215, 219
1120974.3.peg.1604.site.18, 1, 211, 212
1120974.3.peg.1606.site.1, 92, 209, 301
1120974.3.peg.1606.site.2, 4, 215, 219
1120974.3.peg.1606.site.3, 189, 214, 403
1120974.3.peg.1606.site.4, 0, 215, 215
1120974.3.peg.1606.site.5, 0, 215, 215
1120974.3.peg.1606.site.6, 192, 214, 406
1120974.3.peg.1606.site.7, 94, 212, 306
1120974.3.peg.1606.site.8, 4, 215, 219
1120974.3.peg.1606.site.9, 213, 214, 427
1120974.3.peg.1606.site.10, 38, 214, 252
1120974.3.peg.1606.site.11, 1, 216, 217
1120974.3.peg.1606.site.12, 113, 211, 324
1120974.3.peg.1606.site.13, 0, 216, 216
1120974.3.peg.1606.site.14, 0, 216, 216
1120974.3.peg.1606.site.15, 86, 208, 294
1120974.3.peg.1606.site.16, 0, 215, 215
1120974.3.peg.1606.site.17, 4, 215, 219
1120974.3.peg.1606.site.18, 17, 214, 231
1120974.3.peg.1606.site.19, 188, 213, 401
1120974.3.peg.1606.site.20, 197, 213, 410
1120974.3.peg.1606.site.21, 212, 215, 427
1120974.3.peg.1606.site.22, 160, 210, 370
1120974.3.peg.1606.site.23, 164, 211, 375
1120974.3.peg.1606.site.24, 0, 201, 201
1120974.3.peg.1606.site.25, 122, 173, 295
1120974.3.peg.1606.site.26, 21, 73, 94
1120974.3.peg.1607.site.1, 114, 165, 279
1120974.3.peg.1607.site.2, 126, 167, 293
1120974.3.peg.1607.site.3, 185, 212, 397
1120974.3.peg.1607.site.4, 6, 213, 219
1120974.3.peg.1607.site.5, 107, 212, 319
1120974.3.peg.1607.site.6, 107, 214, 321
1120974.3.peg.1607.site.7, 24, 214, 238
1120974.3.peg.1607.site.8, 10, 208, 218
1120974.3.peg.1607.site.9, 4, 211, 215
1120974.3.peg.1607.site.10, 174, 210, 384
1120974.3.peg.1607.site.11, 201, 210, 411
1120974.3.peg.1607.site.12, 2, 214, 216
1120974.3.peg.1607.site.13, 174, 211, 385
1120974.3.peg.1607.site.14, 152, 204, 356
1120974.3.peg.1607.site.15, 28, 193, 221
1120974.3.peg.1607.site.16, 0, 161, 161
1120974.3.peg.1607.site.17, 82, 135, 217
1120974.3.peg.1607.site.18, 33, 71, 104
1120974.3.peg.1607.site.19, 3, 54, 57
1120974.3.peg.1607.site.20, 34, 46, 80
1120974.3.peg.1607.site.21, 12, 48, 60
1120974.3.peg.1607.site.22, 22, 59, 81
1120974.3.peg.1607.site.23, 23, 92, 115
1120974.3.peg.1607.site.24, 25, 207, 232
1120974.3.peg.1607.site.25, 0, 212, 212
1120974.3.peg.1607.site.26, 1, 212, 213
1120974.3.peg.1607.site.27, 25, 212, 237
1120974.3.peg.1607.site.28, 0, 215, 215
1120974.3.peg.1607.site.29, 207, 216, 423
1120974.3.peg.1607.site.30, 14, 214, 228
1120974.3.peg.1607.site.31, 6, 214, 220
1120974.3.peg.1607.site.32, 13, 203, 216
1120974.3.peg.1607.site.33, 204, 213, 417
1120974.3.peg.1607.site.34, 0, 214, 214
1120974.3.peg.1607.site.35, 158, 206, 364
1120974.3.peg.1607.site.36, 0, 214, 214
1120974.3.peg.1607.site.37, 6, 214, 220
1120974.3.peg.1607.site.38, 0, 208, 208
1120974.3.peg.1607.site.39, 0, 148, 148
1120974.3.peg.1607.site.40, 0, 140, 140
1120974.3.peg.1607.site.41, 0, 118, 118
1120974.3.peg.1607.site.42, 73, 102, 175
1120974.3.peg.1607.site.43, 119, 151, 270
1120974.3.peg.1607.site.44, 8, 208, 216
1120974.3.peg.1607.site.45, 164, 211, 375
1120974.3.peg.1607.site.46, 0, 213, 213
1120974.3.peg.1607.site.47, 0, 212, 212
1120974.3.peg.1607.site.48, 126, 208, 334
1120974.3.peg.1607.site.49, 0, 214, 214
1120974.3.peg.1607.site.50, 0, 214, 214
1120974.3.peg.1607.site.51, 0, 214, 214
1120974.3.peg.1198.site.1, 0, 210, 210
1120974.3.peg.1198.site.2, 0, 211, 211
1120974.3.peg.1198.site.3, 48, 213, 261
1120974.3.peg.1198.site.4, 5, 216, 221
1120974.3.peg.1198.site.5, 177, 214, 391
1120974.3.peg.1198.site.6, 0, 216, 216
1120974.3.peg.1198.site.7, 2, 216, 218
1120974.3.peg.1198.site.8, 0, 215, 215
1120974.3.peg.1198.site.9, 0, 215, 215
1120974.3.peg.1190.site.1, 188, 214, 402
1120974.3.peg.1190.site.2, 2, 207, 209
1120974.3.peg.1190.site.3, 145, 213, 358
1120974.3.peg.1190.site.4, 4, 216, 220
1120974.3.peg.1190.site.5, 0, 207, 207
1120974.3.peg.1190.site.6, 0, 203, 203
1120974.3.peg.1190.site.7, 209, 211, 420
1120974.3.peg.1190.site.8, 146, 207, 353
1120974.3.peg.1190.site.9, 0, 211, 211
1120974.3.peg.1190.site.10, 13, 211, 224
1120974.3.peg.1190.site.11, 3, 213, 216
1120974.3.peg.1190.site.12, 0, 215, 215
1120974.3.peg.1190.site.13, 35, 214, 249
1120974.3.peg.1190.site.14, 82, 210, 292
1120974.3.peg.1190.site.15, 0, 215, 215
1120974.3.peg.1190.site.16, 34, 213, 247
1120974.3.peg.1190.site.17, 45, 211, 256
1120974.3.peg.1190.site.18, 214, 216, 430
1120974.3.peg.1190.site.19, 86, 213, 299
1120974.3.peg.1190.site.20, 79, 205, 284
1120974.3.peg.1190.site.21, 87, 210, 297
1120974.3.peg.1190.site.22, 89, 209, 298
1120974.3.peg.1190.site.23, 0, 211, 211
1120974.3.peg.1190.site.24, 0, 213, 213
1120974.3.peg.1190.site.25, 87, 207, 294
1120974.3.peg.1190.site.26, 0, 213, 213
1120974.3.peg.1190.site.27, 4, 214, 218
1120974.3.peg.1190.site.28, 212, 216, 428
1120974.3.peg.1190.site.29, 0, 213, 213
1120974.3.peg.1190.site.30, 0, 214, 214
1120974.3.peg.1190.site.31, 0, 215, 215
1120974.3.peg.1190.site.32, 12, 216, 228
1120974.3.peg.1190.site.33, 0, 216, 216
1120974.3.peg.1190.site.34, 0, 215, 215
1120974.3.peg.1190.site.35, 92, 212, 304
1120974.3.peg.1190.site.36, 0, 215, 215
1120974.3.peg.1190.site.37, 91, 210, 301
1120974.3.peg.1190.site.38, 92, 211, 303
1120974.3.peg.1190.site.39, 95, 210, 305
1120974.3.peg.1190.site.40, 159, 215, 374
1120974.3.peg.1190.site.41, 3, 216, 219
1120974.3.peg.1190.site.42, 39, 215, 254
1120974.3.peg.1191.site.1, 4, 215, 219
1120974.3.peg.1191.site.2, 211, 215, 426
1120974.3.peg.1191.site.3, 191, 215, 406
1120974.3.peg.1191.site.4, 0, 215, 215
1120974.3.peg.1191.site.5, 0, 213, 213
1120974.3.peg.1191.site.6, 42, 207, 249
1120974.3.peg.1191.site.7, 0, 216, 216
1120974.3.peg.1191.site.8, 45, 214, 259
1120974.3.peg.1191.site.9, 44, 212, 256
1120974.3.peg.1191.site.10, 40, 212, 252
1120974.3.peg.1192.site.1, 0, 213, 213
1120974.3.peg.1192.site.2, 0, 215, 215
1120974.3.peg.1192.site.3, 0, 215, 215
1120974.3.peg.1192.site.4, 8, 213, 221
1120974.3.peg.1192.site.5, 211, 215, 426
1120974.3.peg.1192.site.6, 75, 213, 288
1120974.3.peg.1192.site.7, 9, 215, 224
1120974.3.peg.1192.site.8, 77, 216, 293
1120974.3.peg.1192.site.9, 76, 215, 291
1120974.3.peg.1192.site.10, 63, 215, 278
1120974.3.peg.1192.site.11, 2, 215, 217
1120974.3.peg.1192.site.12, 1, 216, 217
1120974.3.peg.1192.site.13, 59, 214, 273
1120974.3.peg.1192.site.14, 187, 212, 399
1120974.3.peg.1192.site.15, 0, 215, 215
1120974.3.peg.1192.site.16, 191, 213, 404
1120974.3.peg.1192.site.17, 129, 210, 339
1120974.3.peg.1193.site.1, 193, 211, 404
1120974.3.peg.1193.site.2, 2, 216, 218
1120974.3.peg.1193.site.3, 1, 216, 217
1120974.3.peg.1193.site.4, 1, 216, 217
1120974.3.peg.1193.site.5, 0, 211, 211
1120974.3.peg.1193.site.6, 47, 209, 256
1120974.3.peg.1193.site.7, 0, 213, 213
1120974.3.peg.1193.site.8, 0, 214, 214
1120974.3.peg.1193.site.9, 84, 210, 294
1120974.3.peg.1193.site.10, 4, 211, 215
1120974.3.peg.1193.site.11, 0, 188, 188
1120974.3.peg.1193.site.12, 1, 194, 195
1120974.3.peg.1193.site.13, 1, 197, 198
1120974.3.peg.1193.site.14, 0, 191, 191
1120974.3.peg.1193.site.15, 0, 192, 192
1120974.3.peg.1193.site.16, 0, 216, 216
1120974.3.peg.1193.site.17, 47, 213, 260
1120974.3.peg.1193.site.18, 1, 216, 217
1120974.3.peg.1193.site.19, 0, 216, 216
1120974.3.peg.1193.site.20, 1, 215, 216
1120974.3.peg.1193.site.21, 0, 215, 215
1120974.3.peg.1193.site.22, 0, 215, 215
1120974.3.peg.1193.site.23, 1, 213, 214
1120974.3.peg.1193.site.24, 0, 213, 213
1120974.3.peg.1193.site.25, 0, 213, 213
1120974.3.peg.1193.site.26, 0, 216, 216
1120974.3.peg.1193.site.27, 0, 215, 215
1120974.3.peg.1193.site.28, 0, 215, 215
1120974.3.peg.1194.site.1, 4, 215, 219
1120974.3.peg.1194.site.2, 0, 215, 215
1120974.3.peg.1194.site.3, 188, 213, 401
1120974.3.peg.1194.site.4, 82, 214, 296
1120974.3.peg.1194.site.5, 1, 215, 216
1120974.3.peg.1194.site.6, 113, 210, 323
1120974.3.peg.1194.site.7, 10, 214, 224
1120974.3.peg.1194.site.8, 0, 216, 216
1120974.3.peg.1194.site.9, 4, 216, 220
1120974.3.peg.1194.site.10, 0, 216, 216
1120974.3.peg.1194.site.11, 190, 213, 403
1120974.3.peg.1194.site.12, 1, 216, 217
1120974.3.peg.1194.site.13, 0, 213, 213
1120974.3.peg.1194.site.14, 113, 198, 311
1120974.3.peg.1194.site.15, 116, 202, 318
1120974.3.peg.1194.site.16, 73, 209, 282
1120974.3.peg.1194.site.17, 14, 210, 224
1120974.3.peg.1194.site.18, 1, 213, 214
1120974.3.peg.1194.site.19, 112, 214, 326
1120974.3.peg.1195.site.1, 189, 213, 402
1120974.3.peg.1195.site.2, 103, 211, 314
1120974.3.peg.1195.site.3, 2, 215, 217
1120974.3.peg.1195.site.4, 0, 216, 216
1120974.3.peg.1195.site.5, 74, 209, 283
1120974.3.peg.1195.site.6, 14, 213, 227
1120974.3.peg.1195.site.7, 1, 216, 217
1120974.3.peg.1195.site.8, 183, 212, 395
1120974.3.peg.1195.site.9, 4, 216, 220
1120974.3.peg.1195.site.10, 0, 215, 215
1120974.3.peg.1195.site.11, 187, 212, 399
1120974.3.peg.1195.site.12, 6, 213, 219
1120974.3.peg.1195.site.13, 99, 199, 298
1120974.3.peg.1195.site.14, 2, 205, 207
1120974.3.peg.1195.site.15, 1, 201, 202
1120974.3.peg.1195.site.16, 63, 185, 248
1120974.3.peg.1195.site.17, 0, 202, 202
1120974.3.peg.1195.site.18, 188, 214, 402
1120974.3.peg.1195.site.19, 0, 213, 213
1120974.3.peg.1195.site.20, 70, 211, 281
1120974.3.peg.1195.site.21, 183, 209, 392
1120974.3.peg.1195.site.22, 6, 216, 222
1120974.3.peg.1195.site.23, 214, 215, 429
1120974.3.peg.1195.site.24, 191, 215, 406
1120974.3.peg.1196.site.1, 160, 205, 365
1120974.3.peg.1196.site.2, 94, 181, 275
1120974.3.peg.1196.site.3, 141, 168, 309
1120974.3.peg.1196.site.4, 99, 148, 247
1120974.3.peg.1196.site.5, 1, 175, 176
1120974.3.peg.1196.site.6, 0, 200, 200
1120974.3.peg.1196.site.7, 29, 198, 227
1120974.3.peg.1196.site.8, 171, 189, 360
1120974.3.peg.1196.site.9, 44, 201, 245
1120974.3.peg.1196.site.10, 58, 211, 269
1120974.3.peg.1196.site.11, 117, 211, 328
1120974.3.peg.1196.site.12, 8, 210, 218
1120974.3.peg.1196.site.13, 39, 209, 248
1120974.3.peg.1197.site.1, 1, 209, 210
1120974.3.peg.1197.site.2, 0, 213, 213
1120974.3.peg.1197.site.3, 17, 213, 230
1120974.3.peg.1197.site.4, 4, 215, 219
1120974.3.peg.1197.site.5, 41, 214, 255
1120974.3.peg.1197.site.6, 40, 211, 251
1120974.3.peg.1197.site.7, 43, 208, 251
1120974.3.peg.1197.site.8, 173, 213, 386
1120974.3.peg.1197.site.9, 182, 209, 391
1120974.3.peg.1197.site.10, 116, 206, 322
1120974.3.peg.1197.site.11, 115, 206, 321
1120974.3.peg.1197.site.12, 39, 199, 238
1120974.3.peg.1197.site.13, 37, 203, 240
1120974.3.peg.1197.site.14, 0, 209, 209
1120974.3.peg.1197.site.15, 169, 212, 381
1120974.3.peg.1197.site.16, 168, 210, 378
1120974.3.peg.1197.site.17, 55, 99, 154
1120974.3.peg.1197.site.18, 23, 67, 90
1120974.3.peg.1197.site.19, 5, 50, 55
1120974.3.peg.1197.site.20, 8, 53, 61
1120974.3.peg.1197.site.21, 19, 173, 192
1120974.3.peg.1990.site.1, 9, 31, 40
1120974.3.peg.1990.site.2, 38, 57, 95
1120974.3.peg.1990.site.3, 2, 77, 79
1120974.3.peg.1990.site.4, 90, 107, 197
1120974.3.peg.1990.site.5, 88, 106, 194
1120974.3.peg.1990.site.6, 1, 127, 128
1120974.3.peg.1990.site.7, 76, 204, 280
1120974.3.peg.1990.site.8, 15, 211, 226
1120974.3.peg.1990.site.9, 99, 208, 307
1120974.3.peg.1990.site.10, 97, 204, 301
1120974.3.peg.1990.site.11, 101, 204, 305
1120974.3.peg.1990.site.12, 189, 211, 400
1120974.3.peg.1990.site.13, 77, 214, 291
1120974.3.peg.1990.site.14, 1, 215, 216
1120974.3.peg.1990.site.15, 1, 216, 217
1120974.3.peg.1990.site.16, 4, 216, 220
1120974.3.peg.1990.site.17, 54, 188, 242
1120974.3.peg.1990.site.18, 11, 152, 163
1120974.3.peg.1990.site.19, 10, 151, 161
1120974.3.peg.1990.site.20, 26, 161, 187
1120974.3.peg.1990.site.21, 130, 157, 287
1120974.3.peg.1990.site.22, 12, 141, 153
1120974.3.peg.1990.site.23, 0, 124, 124
1120974.3.peg.1990.site.24, 163, 193, 356
1120974.3.peg.1990.site.25, 186, 215, 401
1120974.3.peg.1990.site.26, 1, 215, 216
1120974.3.peg.1990.site.27, 0, 190, 190
1120974.3.peg.1990.site.28, 93, 122, 215
1120974.3.peg.1990.site.29, 82, 111, 193
1120974.3.peg.1990.site.30, 14, 187, 201
1120974.3.peg.1990.site.31, 88, 113, 201
1120974.3.peg.1990.site.32, 22, 46, 68
1120974.3.peg.1990.site.33, 12, 36, 48
1120974.3.peg.1990.site.34, 3, 92, 95
1120974.3.peg.1990.site.35, 161, 161, 322
1120974.3.peg.1990.site.36, 172, 178, 350
1120974.3.peg.1990.site.37, 117, 189, 306
1120974.3.peg.1990.site.38, 2, 181, 183
1120974.3.peg.1990.site.39, 84, 157, 241
1120974.3.peg.1990.site.40, 75, 150, 225
1120974.3.peg.1990.site.41, 51, 132, 183
1120974.3.peg.1990.site.42, 22, 44, 66
1120974.3.peg.1990.site.43, 10, 32, 42
1120974.3.peg.1990.site.44, 11, 33, 44
1120974.3.peg.1990.site.45, 3, 78, 81
1120974.3.peg.1990.site.46, 126, 187, 313
1120974.3.peg.1990.site.47, 1, 213, 214
1120974.3.peg.1990.site.48, 11, 205, 216
1120974.3.peg.1990.site.49, 17, 90, 107
1120974.3.peg.1990.site.50, 3, 68, 71
1120974.3.peg.1990.site.51, 107, 171, 278
1120974.3.peg.1990.site.52, 133, 191, 324
1120974.3.peg.1990.site.53, 186, 206, 392
1120974.3.peg.1990.site.54, 4, 210, 214
1120974.3.peg.1990.site.55, 1, 213, 214
1120974.3.peg.1990.site.56, 0, 215, 215
1120974.3.peg.1990.site.57, 151, 209, 360
1120974.3.peg.1990.site.58, 139, 212, 351
1120974.3.peg.1990.site.59, 113, 199, 312
1120974.3.peg.1990.site.60, 13, 87, 100
1120974.3.peg.1990.site.61, 12, 87, 99
1120974.3.peg.1990.site.62, 4, 74, 78
1120974.3.peg.1990.site.63, 37, 71, 108
1120974.3.peg.1990.site.64, 33, 67, 100
1120974.3.peg.1990.site.65, 37, 71, 108
1120974.3.peg.1990.site.66, 4, 98, 102
1120974.3.peg.1990.site.67, 3, 101, 104
1120974.3.peg.1990.site.68, 19, 110, 129
1120974.3.peg.1990.site.69, 22, 59, 81
1120974.3.peg.1990.site.70, 16, 42, 58
1120974.3.peg.1990.site.71, 28, 54, 82
1120974.3.peg.1991.site.1, 103, 210, 313
1120974.3.peg.1991.site.2, 100, 206, 306
1120974.3.peg.1991.site.3, 98, 203, 301
1120974.3.peg.1991.site.4, 2, 203, 205
1120974.3.peg.1991.site.5, 74, 181, 255
1120974.3.peg.1991.site.6, 77, 184, 261
1120974.3.peg.1991.site.7, 1, 187, 188
1120974.3.peg.1991.site.8, 1, 209, 210
1120974.3.peg.1991.site.9, 85, 207, 292
1120974.3.peg.1991.site.10, 92, 207, 299
1120974.3.peg.1991.site.11, 52, 210, 262
1120974.3.peg.1991.site.12, 100, 210, 310
1120974.3.peg.1991.site.13, 11, 215, 226
1120974.3.peg.1991.site.14, 84, 185, 269
1120974.3.peg.1991.site.15, 20, 132, 152
1120974.3.peg.1991.site.16, 19, 127, 146
1120974.3.peg.1991.site.17, 24, 139, 163
1120974.3.peg.1991.site.18, 2, 144, 146
1120974.3.peg.1991.site.19, 18, 130, 148
1120974.3.peg.1991.site.20, 3, 116, 119
1120974.3.peg.1991.site.21, 98, 110, 208
1120974.3.peg.1992.site.1, 90, 194, 284
1120974.3.peg.1992.site.2, 94, 200, 294
1120974.3.peg.1992.site.3, 3, 209, 212
1120974.3.peg.1992.site.4, 44, 193, 237
1120974.3.peg.1992.site.5, 61, 173, 234
1120974.3.peg.1992.site.6, 8, 147, 155
1120974.3.peg.1992.site.7, 1, 139, 140
1120974.3.peg.1992.site.8, 8, 132, 140
1120974.3.peg.1992.site.9, 25, 130, 155
1120974.3.peg.1992.site.10, 53, 164, 217
1120974.3.peg.1992.site.11, 4, 177, 181
1120974.3.peg.1992.site.12, 83, 193, 276
1120974.3.peg.1992.site.13, 91, 201, 292
1120974.3.peg.1992.site.14, 58, 214, 272
1120974.3.peg.1992.site.15, 55, 211, 266
1120974.3.peg.1992.site.16, 98, 208, 306
1120974.3.peg.1992.site.17, 6, 181, 187
1120974.3.peg.1992.site.18, 47, 145, 192
1120974.3.peg.1992.site.19, 0, 124, 124
1120974.3.peg.1992.site.20, 12, 122, 134
1120974.3.peg.1992.site.21, 0, 121, 121
1120974.3.peg.1992.site.22, 3, 122, 125
1120974.3.peg.1992.site.23, 1, 121, 122
1120974.3.peg.1992.site.24, 7, 115, 122
1120974.3.peg.1992.site.25, 1, 116, 117
1120974.3.peg.1992.site.26, 4, 116, 120
1120974.3.peg.1992.site.27, 3, 115, 118
1120974.3.peg.1992.site.28, 7, 115, 122
1120974.3.peg.1992.site.29, 124, 125, 249
1120974.3.peg.1992.site.30, 4, 135, 139
1120974.3.peg.1992.site.31, 17, 128, 145
1120974.3.peg.1992.site.32, 6, 129, 135
1120974.3.peg.1992.site.33, 0, 93, 93
1120974.3.peg.1992.site.34, 3, 201, 204
1120974.3.peg.1992.site.35, 16, 183, 199
1120974.3.peg.1992.site.36, 9, 209, 218
1120974.3.peg.1992.site.37, 0, 196, 196
1120974.3.peg.1992.site.38, 184, 210, 394
1120974.3.peg.1992.site.39, 2, 207, 209
1120974.3.peg.1992.site.40, 191, 211, 402
1120974.3.peg.1992.site.41, 187, 212, 399
1120974.3.peg.1993.site.1, 185, 214, 399
1120974.3.peg.1993.site.2, 1, 216, 217
1120974.3.peg.1993.site.3, 0, 213, 213
1120974.3.peg.1993.site.4, 1, 216, 217
1120974.3.peg.1993.site.5, 0, 214, 214
1120974.3.peg.1993.site.6, 70, 212, 282
1120974.3.peg.1993.site.7, 80, 213, 293
1120974.3.peg.1993.site.8, 186, 212, 398
1120974.3.peg.1993.site.9, 83, 159, 242
1120974.3.peg.1995.site.1, 7, 66, 73
1120974.3.peg.1995.site.2, 8, 64, 72
1120974.3.peg.1995.site.3, 62, 82, 144
1120974.3.peg.1995.site.4, 53, 155, 208
1120974.3.peg.1995.site.5, 25, 196, 221
1120974.3.peg.1995.site.6, 25, 196, 221
1120974.3.peg.1995.site.7, 1, 202, 203
1120974.3.peg.1995.site.8, 1, 195, 196
1120974.3.peg.1995.site.9, 150, 189, 339
1120974.3.peg.1995.site.10, 3, 187, 190
1120974.3.peg.1995.site.11, 183, 206, 389
1120974.3.peg.1995.site.12, 1, 201, 202
1120974.3.peg.1995.site.13, 155, 196, 351
1120974.3.peg.1995.site.14, 28, 194, 222
1120974.3.peg.1995.site.15, 2, 188, 190
1120974.3.peg.1995.site.16, 122, 165, 287
1120974.3.peg.1995.site.17, 0, 197, 197
1120974.3.peg.1995.site.18, 191, 205, 396
1120974.3.peg.1995.site.19, 1, 216, 217
1120974.3.peg.1995.site.20, 176, 211, 387
1120974.3.peg.1995.site.21, 175, 211, 386
1120974.3.peg.1995.site.22, 4, 215, 219
1120974.3.peg.1995.site.23, 4, 212, 216
1120974.3.peg.1995.site.24, 0, 214, 214
1120974.3.peg.1995.site.25, 22, 214, 236
1120974.3.peg.1995.site.26, 2, 216, 218
1120974.3.peg.1995.site.27, 111, 213, 324
1120974.3.peg.1995.site.28, 0, 216, 216
1120974.3.peg.1995.site.29, 18, 215, 233
1120974.3.peg.1995.site.30, 2, 216, 218
1120974.3.peg.1995.site.31, 4, 216, 220
1120974.3.peg.1995.site.32, 117, 206, 323
1120974.3.peg.1995.site.33, 66, 206, 272
1120974.3.peg.1995.site.34, 74, 202, 276
1120974.3.peg.1995.site.35, 0, 214, 214
1120974.3.peg.1995.site.36, 172, 210, 382
1120974.3.peg.1995.site.37, 157, 209, 366
1120974.3.peg.1995.site.38, 0, 212, 212
1120974.3.peg.1995.site.39, 161, 211, 372
1120974.3.peg.1995.site.40, 0, 214, 214
1120974.3.peg.1995.site.41, 4, 209, 213
1120974.3.peg.1995.site.42, 188, 202, 390
1120974.3.peg.1995.site.43, 168, 208, 376
1120974.3.peg.1995.site.44, 169, 211, 380
1120974.3.peg.1995.site.45, 0, 214, 214
1120974.3.peg.1995.site.46, 77, 212, 289
1120974.3.peg.1995.site.47, 0, 216, 216
1120974.3.peg.1995.site.48, 0, 211, 211
1120974.3.peg.1995.site.49, 104, 211, 315
1120974.3.peg.1995.site.50, 4, 211, 215
1120974.3.peg.1995.site.51, 84, 208, 292
1120974.3.peg.1995.site.52, 4, 210, 214
1120974.3.peg.1995.site.53, 67, 206, 273
1120974.3.peg.1995.site.54, 0, 212, 212
1120974.3.peg.1995.site.55, 0, 212, 212
1120974.3.peg.1995.site.56, 0, 213, 213
1120974.3.peg.1995.site.57, 2, 213, 215
1120974.3.peg.1995.site.58, 6, 216, 222
1120974.3.peg.1995.site.59, 11, 215, 226
1120974.3.peg.1995.site.60, 0, 216, 216
1120974.3.peg.1995.site.61, 62, 215, 277
1120974.3.peg.1995.site.62, 2, 216, 218
1120974.3.peg.1995.site.63, 65, 212, 277
1120974.3.peg.1995.site.64, 42, 213, 255
1120974.3.peg.1995.site.65, 10, 216, 226
1120974.3.peg.1995.site.66, 200, 215, 415
1120974.3.peg.1995.site.67, 1, 215, 216
1120974.3.peg.1995.site.68, 11, 216, 227
1120974.3.peg.1995.site.69, 10, 216, 226
1120974.3.peg.1995.site.70, 194, 214, 408
1120974.3.peg.1995.site.71, 56, 202, 258
1120974.3.peg.1995.site.72, 20, 166, 186
1120974.3.peg.1995.site.73, 0, 156, 156
1120974.3.peg.1995.site.74, 2, 147, 149
1120974.3.peg.1995.site.75, 3, 147, 150
1120974.3.peg.1995.site.76, 31, 174, 205
1120974.3.peg.1995.site.77, 40, 183, 223
1120974.3.peg.1995.site.78, 82, 198, 280
1120974.3.peg.1995.site.79, 9, 213, 222
1120974.3.peg.1996.site.1, 200, 210, 410
1120974.3.peg.1996.site.2, 2, 213, 215
1120974.3.peg.1996.site.3, 84, 209, 293
1120974.3.peg.1996.site.4, 82, 204, 286
1120974.3.peg.1996.site.5, 0, 213, 213
1120974.3.peg.1996.site.6, 3, 214, 217
1120974.3.peg.1996.site.7, 0, 213, 213
1120974.3.peg.1996.site.8, 214, 214, 428
1120974.3.peg.1996.site.9, 92, 212, 304
1120974.3.peg.1996.site.10, 73, 210, 283
1120974.3.peg.1996.site.11, 0, 215, 215
1120974.3.peg.1997.site.1, 60, 210, 270
1120974.3.peg.1997.site.2, 16, 214, 230
1120974.3.peg.1997.site.3, 0, 213, 213
1120974.3.peg.1997.site.4, 0, 215, 215
1120974.3.peg.1997.site.5, 67, 212, 279
1120974.3.peg.1997.site.6, 13, 213, 226
1120974.3.peg.1997.site.7, 14, 212, 226
1120974.3.peg.1997.site.8, 2, 213, 215
1120974.3.peg.1997.site.9, 2, 209, 211
1120974.3.peg.1997.site.10, 6, 208, 214
1120974.3.peg.1997.site.11, 96, 187, 283
1120974.3.peg.1997.site.12, 50, 177, 227
1120974.3.peg.1997.site.13, 2, 197, 199
1120974.3.peg.1997.site.14, 59, 207, 266
1120974.3.peg.1997.site.15, 65, 213, 278
1120974.3.peg.1997.site.16, 211, 216, 427
1120974.3.peg.1997.site.17, 9, 214, 223
1120974.3.peg.1997.site.18, 3, 215, 218
1120974.3.peg.1997.site.19, 23, 213, 236
1120974.3.peg.1997.site.20, 0, 212, 212
1120974.3.peg.1998.site.1, 2, 213, 215
1120974.3.peg.1998.site.2, 12, 213, 225
1120974.3.peg.1998.site.3, 72, 212, 284
1120974.3.peg.1998.site.4, 5, 216, 221
1120974.3.peg.1999.site.1, 101, 197, 298
1120974.3.peg.1999.site.2, 100, 197, 297
1120974.3.peg.1999.site.3, 117, 187, 304
1120974.3.peg.1999.site.4, 8, 187, 195
1120974.3.peg.1999.site.5, 208, 208, 416
1120974.3.peg.1999.site.6, 12, 203, 215
1120974.3.peg.1999.site.7, 194, 197, 391
1120974.3.peg.1999.site.8, 11, 210, 221
1120974.3.peg.2892.site.1, 161, 213, 374
1120974.3.peg.2892.site.2, 198, 212, 410
1120974.3.peg.2892.site.3, 25, 216, 241
1120974.3.peg.2892.site.4, 0, 216, 216
1120974.3.peg.2893.site.1, 0, 215, 215
1120974.3.peg.2893.site.2, 2, 215, 217
1120974.3.peg.2893.site.3, 162, 211, 373
1120974.3.peg.2893.site.4, 102, 212, 314
1120974.3.peg.2893.site.5, 106, 212, 318
1120974.3.peg.2893.site.6, 105, 211, 316
1120974.3.peg.2893.site.7, 0, 215, 215
1120974.3.peg.2893.site.8, 107, 211, 318
1120974.3.peg.2893.site.9, 188, 214, 402
1120974.3.peg.2893.site.10, 2, 215, 217
1120974.3.peg.2893.site.11, 0, 215, 215
1120974.3.peg.2893.site.12, 0, 214, 214
1120974.3.peg.2893.site.13, 0, 214, 214
1120974.3.peg.2893.site.14, 0, 216, 216
1120974.3.peg.2894.site.1, 5, 136, 141
1120974.3.peg.2894.site.2, 50, 120, 170
1120974.3.peg.2894.site.3, 116, 137, 253
1120974.3.peg.2894.site.4, 107, 129, 236
1120974.3.peg.2894.site.5, 0, 140, 140
1120974.3.peg.2894.site.6, 160, 188, 348
1120974.3.peg.2894.site.7, 5, 207, 212
1120974.3.peg.2894.site.8, 89, 192, 281
1120974.3.peg.2894.site.9, 0, 213, 213
1120974.3.peg.2894.site.10, 0, 214, 214
1120974.3.peg.2894.site.11, 0, 213, 213
1120974.3.peg.2894.site.12, 163, 196, 359
1120974.3.peg.2894.site.13, 168, 192, 360
1120974.3.peg.2894.site.14, 10, 203, 213
1120974.3.peg.2894.site.15, 1, 196, 197
1120974.3.peg.2894.site.16, 163, 196, 359
1120974.3.peg.2894.site.17, 10, 200, 210
1120974.3.peg.2894.site.18, 1, 156, 157
1120974.3.peg.2894.site.19, 0, 135, 135
1120974.3.peg.2894.site.20, 103, 113, 216
1120974.3.peg.2894.site.21, 46, 157, 203
1120974.3.peg.2894.site.22, 150, 178, 328
1120974.3.peg.2894.site.23, 140, 212, 352
1120974.3.peg.2894.site.24, 182, 213, 395
1120974.3.peg.2894.site.25, 159, 159, 318
1120974.3.peg.2894.site.26, 128, 156, 284
1120974.3.peg.2894.site.27, 124, 148, 272
1120974.3.peg.2894.site.28, 207, 208, 415
1120974.3.peg.2894.site.29, 128, 202, 330
1120974.3.peg.2894.site.30, 39, 201, 240
1120974.3.peg.2894.site.31, 34, 197, 231
1120974.3.peg.2894.site.32, 1, 144, 145
1120974.3.peg.2894.site.33, 2, 137, 139
1120974.3.peg.2894.site.34, 2, 171, 173
1120974.3.peg.2894.site.35, 1, 188, 189
1120974.3.peg.2894.site.36, 163, 185, 348
1120974.3.peg.2894.site.37, 159, 183, 342
1120974.3.peg.2894.site.38, 0, 215, 215
1120974.3.peg.2894.site.39, 47, 212, 259
1120974.3.peg.2895.site.1, 212, 212, 424
1120974.3.peg.2895.site.2, 164, 197, 361
1120974.3.peg.2895.site.3, 163, 195, 358
1120974.3.peg.2895.site.4, 58, 195, 253
1120974.3.peg.2895.site.5, 162, 195, 357
1120974.3.peg.2895.site.6, 181, 213, 394
1120974.3.peg.2895.site.7, 124, 212, 336
1120974.3.peg.2895.site.8, 4, 216, 220
1120974.3.peg.2895.site.9, 182, 213, 395
1120974.3.peg.2896.site.1, 6, 216, 222
1120974.3.peg.2896.site.2, 192, 215, 407
1120974.3.peg.2896.site.3, 183, 216, 399
1120974.3.peg.2896.site.4, 1, 216, 217
1120974.3.peg.2896.site.5, 180, 213, 393
1120974.3.peg.2896.site.6, 5, 211, 216
1120974.3.peg.2896.site.7, 8, 41, 49
1120974.3.peg.2897.site.1, 181, 212, 393
1120974.3.peg.2897.site.2, 180, 212, 392
1120974.3.peg.2897.site.3, 28, 109, 137
1120974.3.peg.2897.site.4, 33, 114, 147
1120974.3.peg.2897.site.5, 23, 104, 127
1120974.3.peg.2897.site.6, 48, 104, 152
1120974.3.peg.2897.site.7, 29, 110, 139
1120974.3.peg.2897.site.8, 6, 172, 178
1120974.3.peg.2897.site.9, 82, 162, 244
1120974.3.peg.2897.site.10, 0, 181, 181
1120974.3.peg.2897.site.11, 167, 200, 367
1120974.3.peg.2897.site.12, 0, 201, 201
1120974.3.peg.2897.site.13, 158, 189, 347
1120974.3.peg.2897.site.14, 92, 123, 215
1120974.3.peg.2897.site.15, 54, 86, 140
1120974.3.peg.2897.site.16, 139, 139, 278
1120974.3.peg.2897.site.17, 0, 213, 213
1120974.3.peg.2897.site.18, 0, 215, 215
1120974.3.peg.2897.site.19, 156, 187, 343
1120974.3.peg.2897.site.20, 173, 206, 379
1120974.3.peg.2897.site.21, 133, 166, 299
1120974.3.peg.2897.site.22, 10, 209, 219
1120974.3.peg.2897.site.23, 179, 213, 392
1120974.3.peg.2897.site.24, 169, 202, 371
1120974.3.peg.2897.site.25, 156, 188, 344
1120974.3.peg.2897.site.26, 132, 166, 298
1120974.3.peg.2897.site.27, 170, 203, 373
1120974.3.peg.2897.site.28, 190, 203, 393
1120974.3.peg.2897.site.29, 182, 214, 396
1120974.3.peg.2897.site.30, 4, 215, 219
1120974.3.peg.2897.site.31, 176, 211, 387
1120974.3.peg.2897.site.32, 64, 97, 161
1120974.3.peg.2897.site.33, 117, 152, 269
1120974.3.peg.2897.site.34, 20, 185, 205
1120974.3.peg.2897.site.35, 9, 175, 184
1120974.3.peg.2897.site.36, 128, 193, 321
1120974.3.peg.2897.site.37, 163, 196, 359
1120974.3.peg.2897.site.38, 155, 189, 344
1120974.3.peg.2897.site.39, 158, 191, 349
1120974.3.peg.2897.site.40, 148, 180, 328
1120974.3.peg.2897.site.41, 156, 188, 344
1120974.3.peg.2897.site.42, 159, 191, 350
1120974.3.peg.2897.site.43, 165, 196, 361
1120974.3.peg.2897.site.44, 9, 215, 224
1120974.3.peg.2897.site.45, 131, 213, 344
1120974.3.peg.2897.site.46, 3, 210, 213
1120974.3.peg.2897.site.47, 10, 214, 224
1120974.3.peg.2897.site.48, 14, 212, 226
1120974.3.peg.2897.site.49, 18, 205, 223
1120974.3.peg.2897.site.50, 159, 193, 352
1120974.3.peg.2897.site.51, 30, 197, 227
1120974.3.peg.2897.site.52, 195, 196, 391
1120974.3.peg.2897.site.53, 103, 175, 278
1120974.3.peg.2897.site.54, 46, 186, 232
1120974.3.peg.2897.site.55, 45, 181, 226
1120974.3.peg.2897.site.56, 44, 174, 218
1120974.3.peg.2897.site.57, 25, 106, 131
1120974.3.peg.2897.site.58, 4, 95, 99
1120974.3.peg.2897.site.59, 0, 81, 81
1120974.3.peg.2897.site.60, 3, 69, 72
1120974.3.peg.1172.site.1, 32, 59, 91
1120974.3.peg.1172.site.2, 162, 186, 348
1120974.3.peg.1172.site.3, 186, 211, 397
1120974.3.peg.1172.site.4, 186, 211, 397
1120974.3.peg.1172.site.5, 1, 216, 217
1120974.3.peg.1172.site.6, 0, 216, 216
1120974.3.peg.1172.site.7, 192, 214, 406
1120974.3.peg.1172.site.8, 190, 213, 403
1120974.3.peg.1172.site.9, 188, 210, 398
1120974.3.peg.1172.site.10, 189, 211, 400
1120974.3.peg.1172.site.11, 78, 209, 287
1120974.3.peg.1172.site.12, 191, 213, 404
1120974.3.peg.1172.site.13, 191, 213, 404
1120974.3.peg.1172.site.14, 3, 192, 195
1120974.3.peg.1172.site.15, 0, 188, 188
1120974.3.peg.1172.site.16, 34, 54, 88
1120974.3.peg.1172.site.17, 14, 33, 47
1120974.3.peg.1172.site.18, 12, 31, 43
1120974.3.peg.1172.site.19, 9, 39, 48
1120974.3.peg.1172.site.20, 27, 46, 73
1120974.3.peg.1172.site.21, 78, 97, 175
1120974.3.peg.1172.site.22, 105, 211, 316
1120974.3.peg.1172.site.23, 193, 216, 409
1120974.3.peg.1172.site.24, 193, 215, 408
1120974.3.peg.1172.site.25, 192, 215, 407
1120974.3.peg.1172.site.26, 101, 208, 309
1120974.3.peg.1172.site.27, 196, 214, 410
1120974.3.peg.1170.site.1, 197, 212, 409
1120974.3.peg.1170.site.2, 0, 215, 215
1120974.3.peg.1170.site.3, 184, 212, 396
1120974.3.peg.1170.site.4, 208, 216, 424
1120974.3.peg.1170.site.5, 0, 215, 215
1120974.3.peg.1170.site.6, 13, 214, 227
1120974.3.peg.1170.site.7, 98, 208, 306
1120974.3.peg.1170.site.8, 99, 211, 310
1120974.3.peg.1170.site.9, 99, 212, 311
1120974.3.peg.1170.site.10, 98, 208, 306
1120974.3.peg.1170.site.11, 98, 211, 309
1120974.3.peg.1170.site.12, 0, 208, 208
1120974.3.peg.1170.site.13, 0, 209, 209
1120974.3.peg.1170.site.14, 0, 197, 197
1120974.3.peg.1170.site.15, 16, 201, 217
1120974.3.peg.1170.site.16, 70, 194, 264
1120974.3.peg.1170.site.17, 16, 199, 215
1120974.3.peg.1170.site.18, 153, 180, 333
1120974.3.peg.1170.site.19, 1, 177, 178
1120974.3.peg.1170.site.20, 160, 189, 349
1120974.3.peg.1170.site.21, 167, 195, 362
1120974.3.peg.1170.site.22, 77, 209, 286
1120974.3.peg.1170.site.23, 0, 214, 214
1120974.3.peg.1170.site.24, 0, 182, 182
1120974.3.peg.1170.site.25, 164, 165, 329
1120974.3.peg.1170.site.26, 52, 75, 127
1120974.3.peg.1170.site.27, 21, 44, 65
1120974.3.peg.1176.site.1, 180, 212, 392
1120974.3.peg.1176.site.2, 179, 211, 390
1120974.3.peg.1176.site.3, 181, 213, 394
1120974.3.peg.1176.site.4, 179, 213, 392
1120974.3.peg.1176.site.5, 4, 214, 218
1120974.3.peg.1176.site.6, 0, 204, 204
1120974.3.peg.1176.site.7, 8, 216, 224
1120974.3.peg.1176.site.8, 216, 216, 432
1120974.3.peg.1176.site.9, 0, 215, 215
1120974.3.peg.1176.site.10, 187, 213, 400
1120974.3.peg.1176.site.11, 182, 213, 395
1120974.3.peg.1176.site.12, 2, 215, 217
1120974.3.peg.1176.site.13, 179, 213, 392
1120974.3.peg.1176.site.14, 182, 212, 394
1120974.3.peg.1176.site.15, 179, 209, 388
1120974.3.peg.1176.site.16, 185, 214, 399
1120974.3.peg.1176.site.17, 187, 214, 401
1120974.3.peg.1176.site.18, 180, 213, 393
1120974.3.peg.1176.site.19, 5, 215, 220
1120974.3.peg.1176.site.20, 4, 215, 219
1120974.3.peg.1176.site.21, 5, 212, 217
1120974.3.peg.1176.site.22, 58, 95, 153
1120974.3.peg.1176.site.23, 15, 53, 68
1120974.3.peg.1176.site.24, 32, 64, 96
1120974.3.peg.1176.site.25, 35, 212, 247
1120974.3.peg.1176.site.26, 189, 214, 403
1120974.3.peg.1176.site.27, 4, 214, 218
1120974.3.peg.1176.site.28, 0, 214, 214
1120974.3.peg.1176.site.29, 168, 198, 366
1120974.3.peg.1176.site.30, 0, 184, 184
1120974.3.peg.1176.site.31, 10, 41, 51
1120974.3.peg.1176.site.32, 4, 198, 202
1120974.3.peg.1176.site.33, 4, 205, 209
1120974.3.peg.1176.site.34, 4, 206, 210
1120974.3.peg.1176.site.35, 181, 209, 390
1120974.3.peg.1176.site.36, 164, 193, 357
1120974.3.peg.1176.site.37, 40, 69, 109
1120974.3.peg.1176.site.38, 0, 153, 153
1120974.3.peg.1176.site.39, 114, 177, 291
1120974.3.peg.1176.site.40, 128, 191, 319
1120974.3.peg.1176.site.41, 1, 207, 208
1120974.3.peg.1176.site.42, 183, 212, 395
1120974.3.peg.1176.site.43, 161, 209, 370
1120974.3.peg.1176.site.44, 147, 209, 356
1120974.3.peg.1176.site.45, 143, 211, 354
1120974.3.peg.1176.site.46, 4, 215, 219
1120974.3.peg.1176.site.47, 150, 213, 363
1120974.3.peg.1177.site.1, 143, 214, 357
1120974.3.peg.1177.site.2, 134, 197, 331
1120974.3.peg.1177.site.3, 113, 180, 293
1120974.3.peg.1177.site.4, 119, 185, 304
1120974.3.peg.1177.site.5, 139, 205, 344
1120974.3.peg.1177.site.6, 142, 209, 351
1120974.3.peg.1177.site.7, 114, 183, 297
1120974.3.peg.1177.site.8, 85, 142, 227
1120974.3.peg.1177.site.9, 5, 76, 81
1120974.3.peg.1177.site.10, 3, 68, 71
1120974.3.peg.1177.site.11, 2, 85, 87
1120974.3.peg.1177.site.12, 80, 165, 245
1120974.3.peg.1177.site.13, 139, 205, 344
1120974.3.peg.1177.site.14, 148, 210, 358
1120974.3.peg.1177.site.15, 0, 215, 215
1120974.3.peg.1177.site.16, 145, 212, 357
1120974.3.peg.1177.site.17, 4, 213, 217
1120974.3.peg.1177.site.18, 0, 207, 207
1120974.3.peg.1177.site.19, 123, 204, 327
1120974.3.peg.1177.site.20, 1, 210, 211
1120974.3.peg.1177.site.21, 140, 210, 350
1120974.3.peg.1177.site.22, 4, 213, 217
1120974.3.peg.1177.site.23, 100, 174, 274
1120974.3.peg.1177.site.24, 4, 117, 121
1120974.3.peg.1177.site.25, 9, 212, 221
1120974.3.peg.1177.site.26, 122, 208, 330
1120974.3.peg.1177.site.27, 0, 214, 214
1120974.3.peg.1177.site.28, 120, 208, 328
1120974.3.peg.1175.site.1, 0, 164, 164
1120974.3.peg.1175.site.2, 8, 67, 75
1120974.3.peg.1175.site.3, 30, 55, 85
1120974.3.peg.1175.site.4, 20, 45, 65
1120974.3.peg.1175.site.5, 42, 67, 109
1120974.3.peg.1175.site.6, 76, 202, 278
1120974.3.peg.1175.site.7, 0, 215, 215
1120974.3.peg.1175.site.8, 189, 213, 402
1120974.3.peg.1175.site.9, 103, 210, 313
1120974.3.peg.1175.site.10, 82, 210, 292
1120974.3.peg.1175.site.11, 81, 211, 292
1120974.3.peg.1175.site.12, 80, 209, 289
1120974.3.peg.1175.site.13, 190, 213, 403
1120974.3.peg.1175.site.14, 214, 214, 428
1120974.3.peg.1175.site.15, 195, 213, 408
1120974.3.peg.1175.site.16, 191, 212, 403
1120974.3.peg.1175.site.17, 191, 212, 403
1120974.3.peg.1175.site.18, 213, 213, 426
1120974.3.peg.1175.site.19, 0, 214, 214
1120974.3.peg.1175.site.20, 192, 212, 404
1120974.3.peg.1175.site.21, 193, 213, 406
1120974.3.peg.1175.site.22, 1, 215, 216
1120974.3.peg.1175.site.23, 216, 216, 432
1120974.3.peg.1175.site.24, 193, 215, 408
1120974.3.peg.1175.site.25, 203, 214, 417
1120974.3.peg.1175.site.26, 193, 213, 406
1120974.3.peg.1175.site.27, 194, 213, 407
1120974.3.peg.1175.site.28, 192, 213, 405
1120974.3.peg.1175.site.29, 189, 209, 398
1120974.3.peg.1175.site.30, 187, 207, 394
1120974.3.peg.1175.site.31, 75, 96, 171
1120974.3.peg.1175.site.32, 25, 46, 71
1120974.3.peg.1175.site.33, 1, 106, 107
1120974.3.peg.1175.site.34, 186, 206, 392
1120974.3.peg.1175.site.35, 192, 211, 403
1120974.3.peg.1175.site.36, 1, 215, 216
1120974.3.peg.1175.site.37, 1, 215, 216
1120974.3.peg.1175.site.38, 4, 202, 206
1120974.3.peg.1175.site.39, 10, 119, 129
1120974.3.peg.1175.site.40, 141, 161, 302
1120974.3.peg.1175.site.41, 42, 64, 106
1120974.3.peg.1175.site.42, 29, 50, 79
1120974.3.peg.1175.site.43, 57, 57, 114
1120974.3.peg.1175.site.44, 52, 69, 121
1120974.3.peg.1175.site.45, 179, 188, 367
1120974.3.peg.1175.site.46, 181, 201, 382
1120974.3.peg.1175.site.47, 194, 213, 407
1120974.3.peg.1175.site.48, 195, 214, 409
1120974.3.peg.1175.site.49, 195, 213, 408
1120974.3.peg.1175.site.50, 192, 214, 406
1120974.3.peg.1175.site.51, 2, 213, 215
1120974.3.peg.1175.site.52, 2, 213, 215
1120974.3.peg.1175.site.53, 2, 214, 216
1120974.3.peg.1175.site.54, 0, 216, 216
1120974.3.peg.1175.site.55, 6, 213, 219
1120974.3.peg.1175.site.56, 2, 210, 212
1120974.3.peg.1175.site.57, 2, 214, 216
1120974.3.peg.1175.site.58, 2, 215, 217
1120974.3.peg.1175.site.59, 2, 214, 216
1120974.3.peg.1175.site.60, 4, 214, 218
1120974.3.peg.1175.site.61, 2, 215, 217
1120974.3.peg.1175.site.62, 6, 215, 221
1120974.3.peg.1175.site.63, 2, 214, 216
1120974.3.peg.1175.site.64, 2, 213, 215
1120974.3.peg.1175.site.65, 0, 216, 216
1120974.3.peg.1175.site.66, 0, 214, 214
1120974.3.peg.1175.site.67, 0, 216, 216
1120974.3.peg.1175.site.68, 5, 214, 219
1120974.3.peg.1175.site.69, 1, 208, 209
1120974.3.peg.1175.site.70, 115, 152, 267
1120974.3.peg.1175.site.71, 79, 117, 196
1120974.3.peg.1175.site.72, 34, 72, 106
1120974.3.peg.1175.site.73, 16, 55, 71
1120974.3.peg.1175.site.74, 35, 72, 107
1120974.3.peg.1175.site.75, 166, 202, 368
1120974.3.peg.1175.site.76, 177, 214, 391
1120974.3.peg.1175.site.77, 179, 214, 393
1120974.3.peg.1175.site.78, 2, 215, 217
1120974.3.peg.1175.site.79, 180, 215, 395
1120974.3.peg.1175.site.80, 216, 216, 432
1120974.3.peg.1175.site.81, 180, 215, 395
1120974.3.peg.1175.site.82, 180, 215, 395
1120974.3.peg.1178.site.1, 2, 215, 217
1120974.3.peg.1178.site.2, 3, 215, 218
1120974.3.peg.1178.site.3, 46, 212, 258
1120974.3.peg.1178.site.4, 143, 211, 354
1120974.3.peg.1178.site.5, 141, 208, 349
1120974.3.peg.1178.site.6, 139, 203, 342
1120974.3.peg.1178.site.7, 169, 189, 358
1120974.3.peg.1178.site.8, 3, 186, 189
1120974.3.peg.1178.site.9, 5, 180, 185
1120974.3.peg.1178.site.10, 155, 175, 330
1120974.3.peg.1178.site.11, 11, 210, 221
1120974.3.peg.1178.site.12, 71, 93, 164
1120974.3.peg.1178.site.13, 197, 215, 412
1120974.3.peg.1178.site.14, 197, 215, 412
1120974.3.peg.1178.site.15, 189, 213, 402
1120974.3.peg.1178.site.16, 189, 213, 402
1120974.3.peg.1178.site.17, 198, 211, 409
1120974.3.peg.1178.site.18, 187, 208, 395
1120974.3.peg.1178.site.19, 189, 210, 399
1120974.3.peg.1178.site.20, 187, 208, 395
1120974.3.peg.1178.site.21, 191, 212, 403
1120974.3.peg.1178.site.22, 2, 214, 216
1120974.3.peg.1178.site.23, 132, 209, 341
1120974.3.peg.1178.site.24, 196, 214, 410
1120974.3.peg.1178.site.25, 0, 215, 215
1120974.3.peg.1178.site.26, 9, 215, 224
1120974.3.peg.1178.site.27, 0, 216, 216
1120974.3.peg.1178.site.28, 194, 215, 409
1120974.3.peg.1178.site.29, 15, 216, 231
1120974.3.peg.1178.site.30, 197, 215, 412
1120974.3.peg.1178.site.31, 193, 214, 407
1120974.3.peg.1178.site.32, 36, 215, 251
1120974.3.peg.11.site.1, 4, 28, 32
1120974.3.peg.11.site.2, 5, 28, 33
1120974.3.peg.11.site.3, 189, 211, 400
1120974.3.peg.11.site.4, 3, 215, 218
1120974.3.peg.11.site.5, 0, 215, 215
1120974.3.peg.11.site.6, 138, 212, 350
1120974.3.peg.11.site.7, 137, 211, 348
1120974.3.peg.2090.site.1, 8, 214, 222
1120974.3.peg.2090.site.2, 88, 207, 295
1120974.3.peg.2090.site.3, 86, 209, 295
1120974.3.peg.2090.site.4, 0, 211, 211
1120974.3.peg.2090.site.5, 22, 213, 235
1120974.3.peg.2090.site.6, 89, 209, 298
1120974.3.peg.2091.site.1, 96, 210, 306
1120974.3.peg.2091.site.2, 98, 211, 309
1120974.3.peg.2091.site.3, 75, 212, 287
1120974.3.peg.2091.site.4, 10, 212, 222
1120974.3.peg.2091.site.5, 9, 206, 215
1120974.3.peg.2091.site.6, 1, 215, 216
1120974.3.peg.2091.site.7, 9, 213, 222
1120974.3.peg.2091.site.8, 9, 213, 222
1120974.3.peg.2091.site.9, 9, 211, 220
1120974.3.peg.2091.site.10, 17, 212, 229
1120974.3.peg.2091.site.11, 3, 216, 219
1120974.3.peg.2091.site.12, 158, 203, 361
1120974.3.peg.2091.site.13, 8, 207, 215
1120974.3.peg.2091.site.14, 8, 192, 200
1120974.3.peg.2091.site.15, 8, 211, 219
1120974.3.peg.2092.site.1, 9, 216, 225
1120974.3.peg.2092.site.2, 0, 216, 216
1120974.3.peg.2092.site.3, 1, 216, 217
1120974.3.peg.2092.site.4, 197, 213, 410
1120974.3.peg.2092.site.5, 0, 213, 213
1120974.3.peg.2092.site.6, 1, 204, 205
1120974.3.peg.2092.site.7, 0, 197, 197
1120974.3.peg.2092.site.8, 6, 195, 201
1120974.3.peg.2092.site.9, 1, 195, 196
1120974.3.peg.2092.site.10, 8, 192, 200
1120974.3.peg.2092.site.11, 8, 194, 202
1120974.3.peg.2092.site.12, 9, 193, 202
1120974.3.peg.2092.site.13, 0, 197, 197
1120974.3.peg.2093.site.1, 7, 214, 221
1120974.3.peg.2093.site.2, 7, 215, 222
1120974.3.peg.2093.site.3, 168, 212, 380
1120974.3.peg.2093.site.4, 9, 212, 221
1120974.3.peg.2093.site.5, 8, 213, 221
1120974.3.peg.2093.site.6, 24, 211, 235
1120974.3.peg.2093.site.7, 8, 212, 220
1120974.3.peg.2093.site.8, 14, 211, 225
1120974.3.peg.2093.site.9, 168, 210, 378
1120974.3.peg.2093.site.10, 156, 207, 363
1120974.3.peg.2093.site.11, 0, 210, 210
1120974.3.peg.2093.site.12, 162, 210, 372
1120974.3.peg.2093.site.13, 166, 206, 372
1120974.3.peg.2093.site.14, 160, 200, 360
1120974.3.peg.2093.site.15, 25, 189, 214
1120974.3.peg.2093.site.16, 23, 190, 213
1120974.3.peg.2093.site.17, 15, 199, 214
1120974.3.peg.2093.site.18, 55, 207, 262
1120974.3.peg.2093.site.19, 163, 207, 370
1120974.3.peg.2093.site.20, 7, 212, 219
1120974.3.peg.2093.site.21, 1, 213, 214
1120974.3.peg.2093.site.22, 2, 203, 205
1120974.3.peg.2093.site.23, 33, 202, 235
1120974.3.peg.2093.site.24, 176, 205, 381
1120974.3.peg.2093.site.25, 16, 202, 218
1120974.3.peg.2093.site.26, 5, 195, 200
1120974.3.peg.2093.site.27, 0, 205, 205
1120974.3.peg.2093.site.28, 8, 214, 222
1120974.3.peg.2093.site.29, 9, 213, 222
1120974.3.peg.2093.site.30, 20, 210, 230
1120974.3.peg.2093.site.31, 9, 210, 219
1120974.3.peg.2093.site.32, 37, 206, 243
1120974.3.peg.2093.site.33, 13, 208, 221
1120974.3.peg.2093.site.34, 18, 210, 228
1120974.3.peg.2093.site.35, 1, 209, 210
1120974.3.peg.2093.site.36, 7, 190, 197
1120974.3.peg.2093.site.37, 3, 146, 149
1120974.3.peg.2093.site.38, 0, 188, 188
1120974.3.peg.2093.site.39, 142, 185, 327
1120974.3.peg.2093.site.40, 156, 194, 350
1120974.3.peg.2093.site.41, 4, 177, 181
1120974.3.peg.2093.site.42, 7, 141, 148
1120974.3.peg.2093.site.43, 124, 161, 285
1120974.3.peg.2093.site.44, 0, 174, 174
1120974.3.peg.2093.site.45, 7, 180, 187
1120974.3.peg.2093.site.46, 19, 195, 214
1120974.3.peg.2093.site.47, 1, 199, 200
1120974.3.peg.2093.site.48, 15, 207, 222
1120974.3.peg.2093.site.49, 8, 204, 212
1120974.3.peg.2093.site.50, 14, 213, 227
1120974.3.peg.2094.site.1, 3, 195, 198
1120974.3.peg.2094.site.2, 4, 214, 218
1120974.3.peg.2094.site.3, 28, 203, 231
1120974.3.peg.2094.site.4, 9, 202, 211
1120974.3.peg.2094.site.5, 9, 201, 210
1120974.3.peg.2094.site.6, 4, 190, 194
1120974.3.peg.2094.site.7, 11, 198, 209
1120974.3.peg.2094.site.8, 9, 201, 210
1120974.3.peg.2094.site.9, 0, 206, 206
1120974.3.peg.2094.site.10, 24, 197, 221
1120974.3.peg.2094.site.11, 12, 208, 220
1120974.3.peg.2094.site.12, 8, 206, 214
1120974.3.peg.2094.site.13, 20, 201, 221
1120974.3.peg.2094.site.14, 0, 200, 200
1120974.3.peg.2094.site.15, 0, 206, 206
1120974.3.peg.2094.site.16, 5, 213, 218
1120974.3.peg.2094.site.17, 3, 213, 216
1120974.3.peg.2094.site.18, 7, 203, 210
1120974.3.peg.2094.site.19, 0, 208, 208
1120974.3.peg.2094.site.20, 7, 210, 217
1120974.3.peg.2094.site.21, 10, 207, 217
1120974.3.peg.2094.site.22, 10, 205, 215
1120974.3.peg.2094.site.23, 4, 211, 215
1120974.3.peg.2094.site.24, 2, 174, 176
1120974.3.peg.2094.site.25, 4, 126, 130
1120974.3.peg.2094.site.26, 5, 203, 208
1120974.3.peg.2094.site.27, 0, 209, 209
1120974.3.peg.2094.site.28, 178, 210, 388
1120974.3.peg.2094.site.29, 19, 211, 230
1120974.3.peg.2094.site.30, 200, 207, 407
1120974.3.peg.2094.site.31, 122, 157, 279
1120974.3.peg.2094.site.32, 177, 215, 392
1120974.3.peg.2094.site.33, 0, 215, 215
1120974.3.peg.2096.site.1, 11, 208, 219
1120974.3.peg.2096.site.2, 163, 213, 376
1120974.3.peg.2096.site.3, 161, 211, 372
1120974.3.peg.2096.site.4, 0, 214, 214
1120974.3.peg.2096.site.5, 2, 215, 217
1120974.3.peg.2096.site.6, 11, 213, 224
1120974.3.peg.2096.site.7, 208, 209, 417
1120974.3.peg.2096.site.8, 169, 207, 376
1120974.3.peg.2096.site.9, 1, 210, 211
1120974.3.peg.2096.site.10, 165, 203, 368
1120974.3.peg.2096.site.11, 0, 201, 201
1120974.3.peg.2096.site.12, 3, 42, 45
1120974.3.peg.2096.site.13, 6, 46, 52
1120974.3.peg.2096.site.14, 12, 63, 75
1120974.3.peg.2096.site.15, 16, 213, 229
1120974.3.peg.2096.site.16, 16, 213, 229
1120974.3.peg.2096.site.17, 174, 212, 386
1120974.3.peg.2096.site.18, 3, 215, 218
1120974.3.peg.2096.site.19, 3, 216, 219
1120974.3.peg.2096.site.20, 1, 216, 217
1120974.3.peg.2096.site.21, 160, 212, 372
1120974.3.peg.2096.site.22, 14, 213, 227
1120974.3.peg.2096.site.23, 206, 209, 415
1120974.3.peg.2096.site.24, 157, 210, 367
1120974.3.peg.2096.site.25, 15, 212, 227
1120974.3.peg.2096.site.26, 0, 216, 216
1120974.3.peg.2096.site.27, 1, 216, 217
1120974.3.peg.2097.site.1, 152, 214, 366
1120974.3.peg.2097.site.2, 0, 214, 214
1120974.3.peg.2097.site.3, 193, 206, 399
1120974.3.peg.2097.site.4, 195, 209, 404
1120974.3.peg.2097.site.5, 144, 201, 345
1120974.3.peg.2097.site.6, 22, 171, 193
1120974.3.peg.2097.site.7, 159, 170, 329
1120974.3.peg.2097.site.8, 158, 168, 326
1120974.3.peg.2097.site.9, 20, 175, 195
1120974.3.peg.2097.site.10, 21, 179, 200
1120974.3.peg.2097.site.11, 29, 191, 220
1120974.3.peg.2097.site.12, 2, 199, 201
1120974.3.peg.2097.site.13, 152, 189, 341
1120974.3.peg.2097.site.14, 160, 184, 344
1120974.3.peg.2097.site.15, 140, 176, 316
1120974.3.peg.2097.site.16, 1, 187, 188
1120974.3.peg.2097.site.17, 5, 213, 218
1120974.3.peg.2097.site.18, 0, 215, 215
1120974.3.peg.2098.site.1, 194, 204, 398
1120974.3.peg.2098.site.2, 0, 215, 215
1120974.3.peg.2098.site.3, 0, 213, 213
1120974.3.peg.2098.site.4, 16, 212, 228
1120974.3.peg.2098.site.5, 2, 214, 216
1120974.3.peg.2098.site.6, 1, 199, 200
1120974.3.peg.2098.site.7, 52, 83, 135
1120974.3.peg.2099.site.1, 9, 38, 47
1120974.3.peg.2099.site.2, 1, 37, 38
1120974.3.peg.2099.site.3, 3, 38, 41
1120974.3.peg.2099.site.4, 3, 40, 43
1120974.3.peg.2099.site.5, 45, 45, 90
1120974.3.peg.2099.site.6, 15, 43, 58
1120974.3.peg.2099.site.7, 29, 72, 101
1120974.3.peg.2099.site.8, 48, 91, 139
1120974.3.peg.2099.site.9, 0, 157, 157
1120974.3.peg.2099.site.10, 3, 208, 211
1120974.3.peg.2099.site.11, 142, 187, 329
1120974.3.peg.2099.site.12, 143, 186, 329
1120974.3.peg.2099.site.13, 17, 179, 196
1120974.3.peg.2099.site.14, 2, 155, 157
1120974.3.peg.2099.site.15, 24, 70, 94
1120974.3.peg.2099.site.16, 15, 61, 76
1120974.3.peg.2099.site.17, 15, 62, 77
1120974.3.peg.2099.site.18, 4, 51, 55
1120974.3.peg.2099.site.19, 6, 51, 57
1120974.3.peg.2099.site.20, 67, 113, 180
1120974.3.peg.2099.site.21, 177, 210, 387
1120974.3.peg.2099.site.22, 169, 210, 379
1120974.3.peg.2099.site.23, 2, 214, 216
1120974.3.peg.2099.site.24, 2, 213, 215
1120974.3.peg.2099.site.25, 165, 211, 376
1120974.3.peg.2099.site.26, 166, 211, 377
1120974.3.peg.2099.site.27, 12, 216, 228
1120974.3.peg.2099.site.28, 31, 213, 244
1120974.3.peg.2099.site.29, 149, 206, 355
1120974.3.peg.2099.site.30, 149, 206, 355
1120974.3.peg.2099.site.31, 148, 206, 354
1120974.3.peg.2099.site.32, 2, 206, 208
1120974.3.peg.2099.site.33, 0, 215, 215
1120974.3.peg.2099.site.34, 147, 206, 353
1120974.3.peg.2099.site.35, 14, 214, 228
1120974.3.peg.2099.site.36, 0, 210, 210
1120974.3.peg.2099.site.37, 145, 203, 348
1120974.3.peg.2099.site.38, 147, 205, 352
1120974.3.peg.2099.site.39, 0, 214, 214
1120974.3.peg.2099.site.40, 2, 199, 201
1120974.3.peg.1770.site.1, 4, 216, 220
1120974.3.peg.1770.site.2, 3, 215, 218
1120974.3.peg.1770.site.3, 0, 212, 212
1120974.3.peg.1770.site.4, 1, 211, 212
1120974.3.peg.1770.site.5, 13, 208, 221
1120974.3.peg.1770.site.6, 1, 197, 198
1120974.3.peg.1770.site.7, 192, 192, 384
1120974.3.peg.1770.site.8, 151, 159, 310
1120974.3.peg.1770.site.9, 172, 172, 344
1120974.3.peg.1770.site.10, 21, 176, 197
1120974.3.peg.1770.site.11, 145, 146, 291
1120974.3.peg.1770.site.12, 144, 147, 291
1120974.3.peg.1770.site.13, 2, 208, 210
1120974.3.peg.1770.site.14, 1, 208, 209
1120974.3.peg.1770.site.15, 1, 209, 210
1120974.3.peg.1770.site.16, 4, 210, 214
1120974.3.peg.1770.site.17, 3, 215, 218
1120974.3.peg.1770.site.18, 27, 215, 242
1120974.3.peg.1770.site.19, 2, 205, 207
1120974.3.peg.1770.site.20, 0, 202, 202
1120974.3.peg.1771.site.1, 0, 213, 213
1120974.3.peg.1771.site.2, 167, 212, 379
1120974.3.peg.1771.site.3, 1, 213, 214
1120974.3.peg.1771.site.4, 1, 212, 213
1120974.3.peg.1771.site.5, 1, 212, 213
1120974.3.peg.1771.site.6, 7, 211, 218
1120974.3.peg.1771.site.7, 0, 212, 212
1120974.3.peg.1771.site.8, 2, 214, 216
1120974.3.peg.1771.site.9, 4, 216, 220
1120974.3.peg.1771.site.10, 184, 215, 399
1120974.3.peg.1771.site.11, 74, 214, 288
1120974.3.peg.1771.site.12, 104, 190, 294
1120974.3.peg.1772.site.1, 196, 212, 408
1120974.3.peg.1772.site.2, 4, 215, 219
1120974.3.peg.1772.site.3, 0, 216, 216
1120974.3.peg.1772.site.4, 16, 214, 230
1120974.3.peg.1772.site.5, 12, 213, 225
1120974.3.peg.1772.site.6, 18, 210, 228
1120974.3.peg.1772.site.7, 2, 213, 215
1120974.3.peg.1772.site.8, 3, 215, 218
1120974.3.peg.1772.site.9, 4, 215, 219
1120974.3.peg.1772.site.10, 4, 214, 218
1120974.3.peg.1772.site.11, 4, 216, 220
1120974.3.peg.1772.site.12, 0, 214, 214
1120974.3.peg.1772.site.13, 1, 215, 216
1120974.3.peg.1772.site.14, 0, 215, 215
1120974.3.peg.1772.site.15, 4, 216, 220
1120974.3.peg.1772.site.16, 0, 216, 216
1120974.3.peg.1772.site.17, 0, 216, 216
1120974.3.peg.1772.site.18, 80, 212, 292
1120974.3.peg.1772.site.19, 4, 215, 219
1120974.3.peg.898.site.1, 2, 131, 133
1120974.3.peg.898.site.2, 171, 175, 346
1120974.3.peg.898.site.3, 155, 209, 364
1120974.3.peg.898.site.4, 159, 203, 362
1120974.3.peg.898.site.5, 2, 206, 208
1120974.3.peg.898.site.6, 0, 203, 203
1120974.3.peg.898.site.7, 162, 204, 366
1120974.3.peg.898.site.8, 158, 203, 361
1120974.3.peg.898.site.9, 23, 202, 225
1120974.3.peg.898.site.10, 0, 209, 209
1120974.3.peg.898.site.11, 149, 198, 347
1120974.3.peg.898.site.12, 146, 190, 336
1120974.3.peg.898.site.13, 152, 201, 353
1120974.3.peg.898.site.14, 0, 202, 202
1120974.3.peg.898.site.15, 124, 196, 320
1120974.3.peg.898.site.16, 1, 199, 200
1120974.3.peg.898.site.17, 0, 216, 216
1120974.3.peg.898.site.18, 2, 216, 218
1120974.3.peg.898.site.19, 6, 215, 221
1120974.3.peg.898.site.20, 42, 213, 255
1120974.3.peg.898.site.21, 84, 169, 253
1120974.3.peg.898.site.22, 122, 144, 266
1120974.3.peg.898.site.23, 74, 124, 198
1120974.3.peg.898.site.24, 104, 154, 258
1120974.3.peg.898.site.25, 30, 189, 219
1120974.3.peg.898.site.26, 6, 192, 198
1120974.3.peg.898.site.27, 0, 191, 191
1120974.3.peg.898.site.28, 121, 167, 288
1120974.3.peg.898.site.29, 27, 178, 205
1120974.3.peg.898.site.30, 154, 186, 340
1120974.3.peg.898.site.31, 95, 133, 228
1120974.3.peg.898.site.32, 150, 192, 342
1120974.3.peg.898.site.33, 4, 165, 169
1120974.3.peg.898.site.34, 4, 172, 176
1120974.3.peg.898.site.35, 4, 127, 131
1120974.3.peg.1774.site.1, 5, 214, 219
1120974.3.peg.1774.site.2, 68, 207, 275
1120974.3.peg.1774.site.3, 0, 215, 215
1120974.3.peg.1774.site.4, 41, 215, 256
1120974.3.peg.1774.site.5, 0, 216, 216
1120974.3.peg.1774.site.6, 1, 215, 216
1120974.3.peg.1774.site.7, 43, 213, 256
1120974.3.peg.1774.site.8, 0, 215, 215
1120974.3.peg.1774.site.9, 43, 213, 256
1120974.3.peg.1774.site.10, 43, 213, 256
1120974.3.peg.1774.site.11, 42, 214, 256
1120974.3.peg.1774.site.12, 162, 215, 377
1120974.3.peg.1774.site.13, 144, 210, 354
1120974.3.peg.1774.site.14, 212, 216, 428
1120974.3.peg.1774.site.15, 52, 213, 265
1120974.3.peg.1774.site.16, 1, 215, 216
1120974.3.peg.1774.site.17, 52, 211, 263
1120974.3.peg.1774.site.18, 0, 215, 215
1120974.3.peg.1774.site.19, 194, 210, 404
1120974.3.peg.1774.site.20, 152, 211, 363
1120974.3.peg.1774.site.21, 1, 216, 217
1120974.3.peg.1774.site.22, 0, 214, 214
1120974.3.peg.1774.site.23, 0, 214, 214
1120974.3.peg.1774.site.24, 52, 210, 262
1120974.3.peg.1774.site.25, 0, 214, 214
1120974.3.peg.1774.site.26, 51, 210, 261
1120974.3.peg.1774.site.27, 141, 208, 349
1120974.3.peg.1774.site.28, 1, 205, 206
1120974.3.peg.1774.site.29, 1, 198, 199
1120974.3.peg.1774.site.30, 196, 205, 401
1120974.3.peg.1774.site.31, 201, 206, 407
1120974.3.peg.1774.site.32, 41, 201, 242
1120974.3.peg.1774.site.33, 41, 193, 234
1120974.3.peg.1774.site.34, 48, 167, 215
1120974.3.peg.1774.site.35, 2, 211, 213
1120974.3.peg.1775.site.1, 54, 211, 265
1120974.3.peg.1775.site.2, 131, 210, 341
1120974.3.peg.1775.site.3, 131, 211, 342
1120974.3.peg.1775.site.4, 0, 215, 215
1120974.3.peg.1775.site.5, 133, 212, 345
1120974.3.peg.1775.site.6, 2, 215, 217
1120974.3.peg.1775.site.7, 157, 214, 371
1120974.3.peg.1775.site.8, 56, 212, 268
1120974.3.peg.1775.site.9, 131, 212, 343
1120974.3.peg.1775.site.10, 189, 212, 401
1120974.3.peg.1775.site.11, 133, 212, 345
1120974.3.peg.1775.site.12, 134, 211, 345
1120974.3.peg.1775.site.13, 193, 214, 407
1120974.3.peg.1775.site.14, 133, 209, 342
1120974.3.peg.1775.site.15, 47, 154, 201
1120974.3.peg.1775.site.16, 112, 176, 288
1120974.3.peg.1775.site.17, 5, 215, 220
1120974.3.peg.1776.site.1, 49, 77, 126
1120974.3.peg.1776.site.2, 3, 74, 77
1120974.3.peg.1776.site.3, 6, 76, 82
1120974.3.peg.1776.site.4, 4, 120, 124
1120974.3.peg.1776.site.5, 201, 211, 412
1120974.3.peg.1776.site.6, 0, 211, 211
1120974.3.peg.1776.site.7, 2, 209, 211
1120974.3.peg.1776.site.8, 46, 211, 257
1120974.3.peg.1776.site.9, 0, 210, 210
1120974.3.peg.1776.site.10, 109, 210, 319
1120974.3.peg.1776.site.11, 192, 206, 398
1120974.3.peg.1776.site.12, 79, 150, 229
1120974.3.peg.1776.site.13, 98, 184, 282
1120974.3.peg.1776.site.14, 128, 195, 323
1120974.3.peg.1776.site.15, 6, 201, 207
1120974.3.peg.1776.site.16, 141, 209, 350
1120974.3.peg.1776.site.17, 0, 212, 212
1120974.3.peg.1776.site.18, 51, 208, 259
1120974.3.peg.1776.site.19, 26, 209, 235
1120974.3.peg.1776.site.20, 30, 214, 244
1120974.3.peg.1776.site.21, 118, 211, 329
1120974.3.peg.1776.site.22, 25, 214, 239
1120974.3.peg.1776.site.23, 116, 209, 325
1120974.3.peg.1776.site.24, 125, 209, 334
1120974.3.peg.1776.site.25, 77, 191, 268
1120974.3.peg.1776.site.26, 122, 168, 290
1120974.3.peg.1776.site.27, 22, 204, 226
1120974.3.peg.1776.site.28, 191, 199, 390
1120974.3.peg.1776.site.29, 0, 209, 209
1120974.3.peg.1776.site.30, 69, 120, 189
1120974.3.peg.1776.site.31, 0, 213, 213
1120974.3.peg.1776.site.32, 13, 211, 224
1120974.3.peg.893.site.1, 113, 135, 248
1120974.3.peg.893.site.2, 2, 9, 11
1120974.3.peg.893.site.3, 9, 15, 24
1120974.3.peg.893.site.4, 2, 14, 16
1120974.3.peg.893.site.5, 1, 10, 11
1120974.3.peg.893.site.6, 2, 13, 15
1120974.3.peg.895.site.1, 203, 205, 408
1120974.3.peg.895.site.2, 188, 207, 395
1120974.3.peg.895.site.3, 8, 199, 207
1120974.3.peg.895.site.4, 158, 194, 352
1120974.3.peg.895.site.5, 43, 197, 240
1120974.3.peg.895.site.6, 175, 203, 378
1120974.3.peg.894.site.1, 1, 212, 213
1120974.3.peg.894.site.2, 1, 214, 215
1120974.3.peg.894.site.3, 172, 212, 384
1120974.3.peg.894.site.4, 1, 215, 216
1120974.3.peg.894.site.5, 0, 214, 214
1120974.3.peg.894.site.6, 125, 213, 338
1120974.3.peg.894.site.7, 122, 210, 332
1120974.3.peg.894.site.8, 17, 214, 231
1120974.3.peg.894.site.9, 0, 216, 216
1120974.3.peg.894.site.10, 1, 215, 216
1120974.3.peg.894.site.11, 0, 215, 215
1120974.3.peg.894.site.12, 70, 134, 204
1120974.3.peg.894.site.13, 172, 197, 369
1120974.3.peg.894.site.14, 22, 203, 225
1120974.3.peg.894.site.15, 190, 208, 398
1120974.3.peg.894.site.16, 1, 208, 209
1120974.3.peg.894.site.17, 1, 210, 211
1120974.3.peg.894.site.18, 175, 204, 379
1120974.3.peg.894.site.19, 178, 208, 386
1120974.3.peg.894.site.20, 4, 211, 215
1120974.3.peg.894.site.21, 191, 211, 402
1120974.3.peg.894.site.22, 0, 216, 216
1120974.3.peg.871.site.1, 0, 195, 195
1120974.3.peg.871.site.2, 1, 212, 213
1120974.3.peg.871.site.3, 194, 215, 409
1120974.3.peg.871.site.4, 191, 213, 404
1120974.3.peg.871.site.5, 1, 216, 217
1120974.3.peg.871.site.6, 2, 212, 214
1120974.3.peg.871.site.7, 149, 207, 356
1120974.3.peg.871.site.8, 0, 199, 199
1120974.3.peg.871.site.9, 38, 211, 249
1120974.3.peg.871.site.10, 2, 212, 214
1120974.3.peg.871.site.11, 14, 212, 226
1120974.3.peg.871.site.12, 148, 208, 356
1120974.3.peg.871.site.13, 204, 210, 414
1120974.3.peg.871.site.14, 0, 212, 212
1120974.3.peg.871.site.15, 139, 195, 334
1120974.3.peg.871.site.16, 0, 191, 191
1120974.3.peg.871.site.17, 4, 204, 208
1120974.3.peg.871.site.18, 2, 171, 173
1120974.3.peg.870.site.1, 0, 212, 212
1120974.3.peg.870.site.2, 0, 213, 213
1120974.3.peg.870.site.3, 0, 195, 195
1120974.3.peg.870.site.4, 165, 202, 367
1120974.3.peg.870.site.5, 3, 215, 218
1120974.3.peg.870.site.6, 23, 212, 235
1120974.3.peg.870.site.7, 165, 207, 372
1120974.3.peg.870.site.8, 23, 213, 236
1120974.3.peg.870.site.9, 4, 213, 217
1120974.3.peg.870.site.10, 203, 215, 418
1120974.3.peg.870.site.11, 1, 216, 217
1120974.3.peg.870.site.12, 195, 214, 409
1120974.3.peg.870.site.13, 6, 215, 221
1120974.3.peg.870.site.14, 0, 214, 214
1120974.3.peg.870.site.15, 15, 214, 229
1120974.3.peg.870.site.16, 0, 215, 215
1120974.3.peg.870.site.17, 201, 215, 416
1120974.3.peg.870.site.18, 4, 216, 220
1120974.3.peg.870.site.19, 194, 211, 405
1120974.3.peg.877.site.1, 0, 214, 214
1120974.3.peg.877.site.2, 56, 214, 270
1120974.3.peg.877.site.3, 113, 209, 322
1120974.3.peg.877.site.4, 56, 213, 269
1120974.3.peg.877.site.5, 41, 212, 253
1120974.3.peg.877.site.6, 92, 129, 221
1120974.3.peg.877.site.7, 35, 72, 107
1120974.3.peg.877.site.8, 31, 68, 99
1120974.3.peg.877.site.9, 17, 202, 219
1120974.3.peg.877.site.10, 173, 210, 383
1120974.3.peg.876.site.1, 59, 75, 134
1120974.3.peg.876.site.2, 174, 174, 348
1120974.3.peg.876.site.3, 140, 189, 329
1120974.3.peg.876.site.4, 3, 197, 200
1120974.3.peg.876.site.5, 187, 205, 392
1120974.3.peg.876.site.6, 0, 215, 215
1120974.3.peg.876.site.7, 182, 205, 387
1120974.3.peg.876.site.8, 135, 158, 293
1120974.3.peg.876.site.9, 161, 183, 344
1120974.3.peg.876.site.10, 189, 212, 401
1120974.3.peg.876.site.11, 0, 213, 213
1120974.3.peg.876.site.12, 192, 215, 407
1120974.3.peg.876.site.13, 192, 215, 407
1120974.3.peg.876.site.14, 21, 215, 236
1120974.3.peg.876.site.15, 189, 215, 404
1120974.3.peg.876.site.16, 191, 212, 403
1120974.3.peg.876.site.17, 150, 212, 362
1120974.3.peg.876.site.18, 20, 215, 235
1120974.3.peg.876.site.19, 190, 214, 404
1120974.3.peg.876.site.20, 191, 215, 406
1120974.3.peg.876.site.21, 30, 212, 242
1120974.3.peg.876.site.22, 21, 213, 234
1120974.3.peg.876.site.23, 24, 215, 239
1120974.3.peg.876.site.24, 17, 215, 232
1120974.3.peg.876.site.25, 173, 209, 382
1120974.3.peg.876.site.26, 151, 212, 363
1120974.3.peg.876.site.27, 137, 197, 334
1120974.3.peg.876.site.28, 31, 91, 122
1120974.3.peg.876.site.29, 84, 93, 177
1120974.3.peg.876.site.30, 37, 97, 134
1120974.3.peg.876.site.31, 162, 200, 362
1120974.3.peg.876.site.32, 67, 202, 269
1120974.3.peg.876.site.33, 2, 215, 217
1120974.3.peg.876.site.34, 35, 214, 249
1120974.3.peg.876.site.35, 2, 215, 217
1120974.3.peg.876.site.36, 3, 216, 219
1120974.3.peg.876.site.37, 2, 216, 218
1120974.3.peg.876.site.38, 1, 214, 215
1120974.3.peg.876.site.39, 7, 199, 206
1120974.3.peg.876.site.40, 127, 190, 317
1120974.3.peg.876.site.41, 114, 178, 292
1120974.3.peg.876.site.42, 0, 196, 196
1120974.3.peg.876.site.43, 140, 209, 349
1120974.3.peg.876.site.44, 2, 215, 217
1120974.3.peg.876.site.45, 127, 208, 335
1120974.3.peg.876.site.46, 127, 206, 333
1120974.3.peg.876.site.47, 16, 213, 229
1120974.3.peg.876.site.48, 213, 216, 429
1120974.3.peg.876.site.49, 1, 214, 215
1120974.3.peg.876.site.50, 0, 215, 215
1120974.3.peg.876.site.51, 154, 211, 365
1120974.3.peg.876.site.52, 156, 213, 369
1120974.3.peg.876.site.53, 156, 214, 370
1120974.3.peg.876.site.54, 0, 204, 204
1120974.3.peg.876.site.55, 143, 200, 343
1120974.3.peg.876.site.56, 113, 189, 302
1120974.3.peg.876.site.57, 0, 191, 191
1120974.3.peg.876.site.58, 0, 197, 197
1120974.3.peg.876.site.59, 122, 193, 315
1120974.3.peg.876.site.60, 1, 199, 200
1120974.3.peg.879.site.1, 0, 214, 214
1120974.3.peg.879.site.2, 0, 212, 212
1120974.3.peg.879.site.3, 9, 214, 223
1120974.3.peg.879.site.4, 197, 213, 410
1120974.3.peg.879.site.5, 23, 214, 237
1120974.3.peg.879.site.6, 213, 213, 426
1120974.3.peg.879.site.7, 28, 212, 240
1120974.3.peg.879.site.8, 211, 213, 424
1120974.3.peg.879.site.9, 187, 213, 400
1120974.3.peg.879.site.10, 191, 213, 404
1120974.3.peg.879.site.11, 1, 215, 216
1120974.3.peg.879.site.12, 26, 215, 241
1120974.3.peg.879.site.13, 0, 216, 216
1120974.3.peg.879.site.14, 4, 215, 219
1120974.3.peg.879.site.15, 1, 216, 217
1120974.3.peg.879.site.16, 10, 215, 225
1120974.3.peg.879.site.17, 3, 215, 218
1120974.3.peg.879.site.18, 31, 212, 243
1120974.3.peg.879.site.19, 1, 216, 217
1120974.3.peg.879.site.20, 1, 216, 217
1120974.3.peg.879.site.21, 1, 214, 215
1120974.3.peg.879.site.22, 173, 214, 387
1120974.3.peg.879.site.23, 0, 216, 216
1120974.3.peg.879.site.24, 5, 215, 220
1120974.3.peg.879.site.25, 211, 214, 425
1120974.3.peg.879.site.26, 71, 210, 281
1120974.3.peg.879.site.27, 71, 210, 281
1120974.3.peg.879.site.28, 135, 214, 349
1120974.3.peg.879.site.29, 28, 214, 242
1120974.3.peg.879.site.30, 0, 215, 215
1120974.3.peg.879.site.31, 1, 216, 217
1120974.3.peg.879.site.32, 157, 214, 371
1120974.3.peg.879.site.33, 0, 216, 216
1120974.3.peg.879.site.34, 4, 214, 218
1120974.3.peg.879.site.35, 153, 210, 363
1120974.3.peg.879.site.36, 77, 211, 288
1120974.3.peg.879.site.37, 3, 213, 216
1120974.3.peg.879.site.38, 0, 216, 216
1120974.3.peg.879.site.39, 59, 213, 272
1120974.3.peg.879.site.40, 71, 214, 285
1120974.3.peg.879.site.41, 74, 213, 287
1120974.3.peg.879.site.42, 74, 210, 284
1120974.3.peg.879.site.43, 67, 203, 270
1120974.3.peg.879.site.44, 97, 187, 284
1120974.3.peg.879.site.45, 104, 194, 298
1120974.3.peg.879.site.46, 60, 196, 256
1120974.3.peg.879.site.47, 67, 204, 271
1120974.3.peg.879.site.48, 97, 187, 284
1120974.3.peg.878.site.1, 195, 214, 409
1120974.3.peg.878.site.2, 139, 211, 350
1120974.3.peg.878.site.3, 11, 50, 61
1120974.3.peg.878.site.4, 0, 47, 47
1120974.3.peg.878.site.5, 4, 44, 48
1120974.3.peg.878.site.6, 153, 191, 344
1120974.3.peg.878.site.7, 174, 211, 385
1120974.3.peg.878.site.8, 2, 216, 218
1120974.3.peg.878.site.9, 107, 148, 255
1120974.3.peg.878.site.10, 9, 130, 139
1120974.3.peg.878.site.11, 4, 45, 49
1120974.3.peg.878.site.12, 10, 52, 62
1120974.3.peg.878.site.13, 2, 136, 138
1120974.3.peg.878.site.14, 2, 209, 211
1120974.3.peg.878.site.15, 173, 212, 385
1120974.3.peg.878.site.16, 13, 215, 228
1120974.3.peg.878.site.17, 0, 215, 215
1120974.3.peg.878.site.18, 179, 214, 393
1120974.3.peg.878.site.19, 34, 215, 249
1120974.3.peg.878.site.20, 0, 216, 216
1120974.3.peg.878.site.21, 35, 214, 249
1120974.3.peg.878.site.22, 175, 213, 388
1120974.3.peg.878.site.23, 176, 214, 390
1120974.3.peg.878.site.24, 0, 215, 215
1120974.3.peg.2274.site.1, 187, 211, 398
1120974.3.peg.2274.site.2, 189, 215, 404
1120974.3.peg.2274.site.3, 181, 214, 395
1120974.3.peg.2274.site.4, 149, 211, 360
1120974.3.peg.2274.site.5, 190, 214, 404
1120974.3.peg.2274.site.6, 183, 209, 392
1120974.3.peg.2274.site.7, 0, 216, 216
1120974.3.peg.2274.site.8, 4, 216, 220
1120974.3.peg.2274.site.9, 139, 212, 351
1120974.3.peg.2274.site.10, 189, 214, 403
1120974.3.peg.2274.site.11, 134, 212, 346
1120974.3.peg.2274.site.12, 21, 213, 234
1120974.3.peg.2274.site.13, 21, 214, 235
1120974.3.peg.2274.site.14, 0, 214, 214
1120974.3.peg.2274.site.15, 22, 214, 236
1120974.3.peg.2274.site.16, 2, 215, 217
1120974.3.peg.2274.site.17, 213, 216, 429
1120974.3.peg.2274.site.18, 0, 216, 216
1120974.3.peg.2274.site.19, 4, 215, 219
1120974.3.peg.2274.site.20, 0, 214, 214
1120974.3.peg.2274.site.21, 1, 215, 216
1120974.3.peg.2274.site.22, 5, 214, 219
1120974.3.peg.2274.site.23, 1, 216, 217
1120974.3.peg.2274.site.24, 17, 215, 232
1120974.3.peg.2274.site.25, 0, 216, 216
1120974.3.peg.2274.site.26, 1, 216, 217
1120974.3.peg.2274.site.27, 1, 216, 217
1120974.3.peg.2274.site.28, 1, 216, 217
1120974.3.peg.2274.site.29, 65, 211, 276
1120974.3.peg.2274.site.30, 22, 216, 238
1120974.3.peg.2274.site.31, 65, 210, 275
1120974.3.peg.2274.site.32, 37, 213, 250
1120974.3.peg.2274.site.33, 63, 212, 275
1120974.3.peg.2274.site.34, 64, 212, 276
1120974.3.peg.2274.site.35, 1, 216, 217
1120974.3.peg.2274.site.36, 0, 214, 214
1120974.3.peg.2274.site.37, 5, 215, 220
1120974.3.peg.2274.site.38, 65, 208, 273
1120974.3.peg.2274.site.39, 9, 216, 225
1120974.3.peg.2274.site.40, 214, 214, 428
1120974.3.peg.2274.site.41, 4, 213, 217
1120974.3.peg.2274.site.42, 177, 211, 388
1120974.3.peg.2274.site.43, 8, 213, 221
1120974.3.peg.2274.site.44, 12, 216, 228
1120974.3.peg.2274.site.45, 16, 216, 232
1120974.3.peg.2274.site.46, 195, 213, 408
1120974.3.peg.2274.site.47, 16, 214, 230
1120974.3.peg.2274.site.48, 170, 198, 368
1120974.3.peg.2274.site.49, 162, 190, 352
1120974.3.peg.2274.site.50, 62, 92, 154
1120974.3.peg.2274.site.51, 12, 41, 53
1120974.3.peg.2274.site.52, 32, 63, 95
1120974.3.peg.2274.site.53, 29, 60, 89
1120974.3.peg.2274.site.54, 11, 41, 52
1120974.3.peg.2274.site.55, 38, 67, 105
1120974.3.peg.2274.site.56, 66, 95, 161
1120974.3.peg.2274.site.57, 77, 106, 183
1120974.3.peg.2274.site.58, 0, 184, 184
1120974.3.peg.2274.site.59, 191, 212, 403
1120974.3.peg.2274.site.60, 4, 215, 219
1120974.3.peg.2274.site.61, 192, 213, 405
1120974.3.peg.2274.site.62, 212, 215, 427
1120974.3.peg.2274.site.63, 9, 214, 223
1120974.3.peg.2274.site.64, 16, 212, 228
1120974.3.peg.2274.site.65, 9, 214, 223
1120974.3.peg.2274.site.66, 198, 210, 408
1120974.3.peg.2274.site.67, 0, 213, 213
1120974.3.peg.2274.site.68, 199, 214, 413
1120974.3.peg.2274.site.69, 0, 211, 211
1120974.3.peg.2274.site.70, 200, 215, 415
1120974.3.peg.2274.site.71, 213, 216, 429
1120974.3.peg.2274.site.72, 199, 214, 413
1120974.3.peg.2274.site.73, 16, 214, 230
1120974.3.peg.2274.site.74, 203, 214, 417
1120974.3.peg.2274.site.75, 0, 215, 215
1120974.3.peg.2274.site.76, 151, 212, 363
1120974.3.peg.2274.site.77, 199, 214, 413
1120974.3.peg.2274.site.78, 200, 215, 415
1120974.3.peg.2274.site.79, 150, 211, 361
1120974.3.peg.2274.site.80, 3, 216, 219
1120974.3.peg.2275.site.1, 200, 215, 415
1120974.3.peg.2275.site.2, 4, 216, 220
1120974.3.peg.2275.site.3, 3, 216, 219
1120974.3.peg.2275.site.4, 143, 211, 354
1120974.3.peg.2275.site.5, 200, 214, 414
1120974.3.peg.2275.site.6, 143, 210, 353
1120974.3.peg.2275.site.7, 4, 216, 220
1120974.3.peg.2275.site.8, 41, 212, 253
1120974.3.peg.2275.site.9, 40, 211, 251
1120974.3.peg.2275.site.10, 42, 213, 255
1120974.3.peg.2275.site.11, 0, 216, 216
1120974.3.peg.2275.site.12, 4, 215, 219
1120974.3.peg.2275.site.13, 4, 215, 219
1120974.3.peg.2275.site.14, 199, 215, 414
1120974.3.peg.2275.site.15, 198, 214, 412
1120974.3.peg.2275.site.16, 213, 214, 427
1120974.3.peg.2275.site.17, 162, 188, 350
1120974.3.peg.2275.site.18, 12, 185, 197
1120974.3.peg.2275.site.19, 154, 164, 318
1120974.3.peg.2275.site.20, 94, 147, 241
1120974.3.peg.2275.site.21, 21, 76, 97
1120974.3.peg.2275.site.22, 47, 61, 108
1120974.3.peg.2275.site.23, 41, 55, 96
1120974.3.peg.2275.site.24, 3, 55, 58
1120974.3.peg.2275.site.25, 4, 51, 55
1120974.3.peg.2275.site.26, 27, 41, 68
1120974.3.peg.2275.site.27, 2, 39, 41
1120974.3.peg.2275.site.28, 12, 28, 40
1120974.3.peg.2275.site.29, 32, 48, 80
1120974.3.peg.2275.site.30, 118, 134, 252
1120974.3.peg.2275.site.31, 16, 152, 168
1120974.3.peg.2275.site.32, 194, 210, 404
1120974.3.peg.2275.site.33, 140, 156, 296
1120974.3.peg.2275.site.34, 61, 129, 190
1120974.3.peg.2275.site.35, 10, 78, 88
1120974.3.peg.2275.site.36, 50, 53, 103
1120974.3.peg.2275.site.37, 38, 55, 93
1120974.3.peg.2275.site.38, 14, 68, 82
1120974.3.peg.2275.site.39, 153, 208, 361
1120974.3.peg.2275.site.40, 11, 213, 224
1120974.3.peg.2275.site.41, 11, 213, 224
1120974.3.peg.2275.site.42, 2, 214, 216
1120974.3.peg.2275.site.43, 7, 208, 215
1120974.3.peg.2276.site.1, 3, 213, 216
1120974.3.peg.2276.site.2, 0, 215, 215
1120974.3.peg.2276.site.3, 147, 204, 351
1120974.3.peg.2276.site.4, 2, 209, 211
1120974.3.peg.2276.site.5, 1, 216, 217
1120974.3.peg.2276.site.6, 8, 214, 222
1120974.3.peg.2276.site.7, 7, 214, 221
1120974.3.peg.2276.site.8, 129, 140, 269
1120974.3.peg.2276.site.9, 199, 214, 413
1120974.3.peg.2276.site.10, 202, 214, 416
1120974.3.peg.2276.site.11, 12, 214, 226
1120974.3.peg.2276.site.12, 203, 211, 414
1120974.3.peg.2276.site.13, 4, 211, 215
1120974.3.peg.2276.site.14, 55, 209, 264
1120974.3.peg.2276.site.15, 5, 212, 217
1120974.3.peg.2276.site.16, 187, 201, 388
1120974.3.peg.2276.site.17, 185, 200, 385
1120974.3.peg.2276.site.18, 198, 211, 409
1120974.3.peg.2276.site.19, 4, 213, 217
1120974.3.peg.2276.site.20, 152, 166, 318
1120974.3.peg.2276.site.21, 88, 103, 191
1120974.3.peg.2276.site.22, 43, 55, 98
1120974.3.peg.2276.site.23, 4, 18, 22
1120974.3.peg.2276.site.24, 12, 14, 26
1120974.3.peg.2276.site.25, 11, 14, 25
1120974.3.peg.2276.site.26, 4, 11, 15
1120974.3.peg.2276.site.27, 4, 11, 15
1120974.3.peg.2276.site.28, 59, 70, 129
1120974.3.peg.2276.site.29, 87, 98, 185
1120974.3.peg.2276.site.30, 180, 185, 365
1120974.3.peg.2276.site.31, 186, 196, 382
1120974.3.peg.2276.site.32, 193, 203, 396
1120974.3.peg.2276.site.33, 8, 210, 218
1120974.3.peg.2276.site.34, 0, 212, 212
1120974.3.peg.2276.site.35, 4, 216, 220
1120974.3.peg.2276.site.36, 5, 213, 218
1120974.3.peg.2276.site.37, 3, 215, 218
1120974.3.peg.2276.site.38, 3, 215, 218
1120974.3.peg.2276.site.39, 4, 216, 220
1120974.3.peg.2276.site.40, 4, 215, 219
1120974.3.peg.2276.site.41, 4, 214, 218
1120974.3.peg.2276.site.42, 7, 206, 213
1120974.3.peg.2276.site.43, 151, 166, 317
1120974.3.peg.2276.site.44, 36, 46, 82
1120974.3.peg.2276.site.45, 1, 12, 13
1120974.3.peg.2276.site.46, 43, 53, 96
1120974.3.peg.2276.site.47, 76, 96, 172
1120974.3.peg.2276.site.48, 7, 205, 212
1120974.3.peg.2277.site.1, 8, 213, 221
1120974.3.peg.2277.site.2, 198, 213, 411
1120974.3.peg.2277.site.3, 198, 213, 411
1120974.3.peg.2277.site.4, 188, 212, 400
1120974.3.peg.2277.site.5, 63, 82, 145
1120974.3.peg.2277.site.6, 1, 15, 16
1120974.3.peg.2277.site.7, 2, 16, 18
1120974.3.peg.2277.site.8, 4, 19, 23
1120974.3.peg.2277.site.9, 54, 69, 123
1120974.3.peg.2277.site.10, 151, 169, 320
1120974.3.peg.2277.site.11, 160, 178, 338
1120974.3.peg.2277.site.12, 163, 181, 344
1120974.3.peg.2277.site.13, 6, 186, 192
1120974.3.peg.2277.site.14, 4, 186, 190
1120974.3.peg.2277.site.15, 5, 185, 190
1120974.3.peg.2277.site.16, 2, 187, 189
1120974.3.peg.2277.site.17, 4, 188, 192
1120974.3.peg.2277.site.18, 5, 193, 198
1120974.3.peg.2277.site.19, 2, 203, 205
1120974.3.peg.2277.site.20, 4, 215, 219
1120974.3.peg.2277.site.21, 4, 214, 218
1120974.3.peg.2277.site.22, 4, 214, 218
1120974.3.peg.2277.site.23, 30, 215, 245
1120974.3.peg.2277.site.24, 1, 186, 187
1120974.3.peg.2277.site.25, 1, 182, 183
1120974.3.peg.2277.site.26, 1, 182, 183
1120974.3.peg.2277.site.27, 4, 185, 189
1120974.3.peg.2277.site.28, 1, 184, 185
1120974.3.peg.2277.site.29, 2, 185, 187
1120974.3.peg.2277.site.30, 2, 185, 187
1120974.3.peg.2277.site.31, 2, 185, 187
1120974.3.peg.2270.site.1, 1, 213, 214
1120974.3.peg.2270.site.2, 170, 176, 346
1120974.3.peg.2270.site.3, 146, 152, 298
1120974.3.peg.2270.site.4, 0, 161, 161
1120974.3.peg.2270.site.5, 136, 146, 282
1120974.3.peg.2270.site.6, 2, 145, 147
1120974.3.peg.2270.site.7, 2, 143, 145
1120974.3.peg.2270.site.8, 0, 134, 134
1120974.3.peg.2270.site.9, 127, 133, 260
1120974.3.peg.2270.site.10, 201, 213, 414
1120974.3.peg.2270.site.11, 199, 213, 412
1120974.3.peg.2271.site.1, 202, 214, 416
1120974.3.peg.2271.site.2, 3, 216, 219
1120974.3.peg.2271.site.3, 2, 216, 218
1120974.3.peg.2271.site.4, 6, 216, 222
1120974.3.peg.2271.site.5, 195, 215, 410
1120974.3.peg.2271.site.6, 27, 215, 242
1120974.3.peg.2271.site.7, 193, 213, 406
1120974.3.peg.2271.site.8, 192, 212, 404
1120974.3.peg.2271.site.9, 192, 212, 404
1120974.3.peg.2272.site.1, 15, 216, 231
1120974.3.peg.2272.site.2, 15, 216, 231
1120974.3.peg.2272.site.3, 15, 216, 231
1120974.3.peg.2272.site.4, 195, 215, 410
1120974.3.peg.2272.site.5, 18, 216, 234
1120974.3.peg.2272.site.6, 144, 163, 307
1120974.3.peg.2272.site.7, 2, 156, 158
1120974.3.peg.2272.site.8, 1, 176, 177
1120974.3.peg.2272.site.9, 9, 200, 209
1120974.3.peg.2272.site.10, 2, 208, 210
1120974.3.peg.2272.site.11, 2, 208, 210
1120974.3.peg.2272.site.12, 8, 210, 218
1120974.3.peg.2272.site.13, 183, 210, 393
1120974.3.peg.2272.site.14, 182, 207, 389
1120974.3.peg.2272.site.15, 185, 211, 396
1120974.3.peg.2272.site.16, 0, 214, 214
1120974.3.peg.2272.site.17, 154, 211, 365
1120974.3.peg.2272.site.18, 8, 215, 223
1120974.3.peg.2272.site.19, 6, 211, 217
1120974.3.peg.2272.site.20, 203, 216, 419
1120974.3.peg.2272.site.21, 3, 216, 219
1120974.3.peg.2272.site.22, 18, 213, 231
1120974.3.peg.2272.site.23, 21, 213, 234
1120974.3.peg.2272.site.24, 28, 213, 241
1120974.3.peg.2272.site.25, 28, 214, 242
1120974.3.peg.2272.site.26, 27, 215, 242
1120974.3.peg.2272.site.27, 4, 216, 220
1120974.3.peg.2278.site.1, 24, 195, 219
1120974.3.peg.2278.site.2, 24, 203, 227
1120974.3.peg.2278.site.3, 23, 210, 233
1120974.3.peg.2278.site.4, 56, 207, 263
1120974.3.peg.2278.site.5, 26, 208, 234
1120974.3.peg.2278.site.6, 1, 213, 214
1120974.3.peg.2278.site.7, 25, 205, 230
1120974.3.peg.2278.site.8, 1, 213, 214
1120974.3.peg.2278.site.9, 30, 213, 243
1120974.3.peg.2278.site.10, 13, 193, 206
1120974.3.peg.2278.site.11, 21, 202, 223
1120974.3.peg.2278.site.12, 17, 191, 208
1120974.3.peg.2278.site.13, 3, 200, 203
1120974.3.peg.2278.site.14, 26, 215, 241
1120974.3.peg.2278.site.15, 9, 216, 225
1120974.3.peg.2278.site.16, 26, 215, 241
1120974.3.peg.2278.site.17, 168, 209, 377
1120974.3.peg.2278.site.18, 189, 210, 399
1120974.3.peg.2278.site.19, 26, 208, 234
1120974.3.peg.2278.site.20, 23, 215, 238
1120974.3.peg.2278.site.21, 0, 215, 215
1120974.3.peg.2278.site.22, 1, 212, 213
1120974.3.peg.2278.site.23, 0, 215, 215
1120974.3.peg.2278.site.24, 167, 212, 379
1120974.3.peg.2278.site.25, 2, 211, 213
1120974.3.peg.2278.site.26, 1, 210, 211
1120974.3.peg.2278.site.27, 30, 204, 234
1120974.3.peg.2278.site.28, 2, 208, 210
1120974.3.peg.2278.site.29, 30, 208, 238
1120974.3.peg.2278.site.30, 1, 210, 211
1120974.3.peg.2278.site.31, 0, 160, 160
1120974.3.peg.2278.site.32, 18, 216, 234
1120974.3.peg.2278.site.33, 216, 216, 432
1120974.3.peg.2278.site.34, 0, 215, 215
1120974.3.peg.2278.site.35, 103, 209, 312
1120974.3.peg.2278.site.36, 1, 214, 215
1120974.3.peg.2278.site.37, 26, 213, 239
1120974.3.peg.2279.site.1, 40, 202, 242
1120974.3.peg.2279.site.2, 45, 211, 256
1120974.3.peg.2279.site.3, 0, 214, 214
1120974.3.peg.2279.site.4, 71, 214, 285
1120974.3.peg.2279.site.5, 9, 210, 219
1120974.3.peg.2279.site.6, 199, 214, 413
1120974.3.peg.2279.site.7, 190, 213, 403
1120974.3.peg.2279.site.8, 64, 208, 272
1120974.3.peg.2279.site.9, 94, 210, 304
1120974.3.peg.2279.site.10, 94, 214, 308
1120974.3.peg.2279.site.11, 94, 214, 308
1120974.3.peg.2279.site.12, 193, 215, 408
1120974.3.peg.2279.site.13, 193, 214, 407
1120974.3.peg.2279.site.14, 193, 215, 408
1120974.3.peg.2279.site.15, 28, 212, 240
1120974.3.peg.2279.site.16, 191, 213, 404
1120974.3.peg.2279.site.17, 94, 209, 303
1120974.3.peg.2279.site.18, 4, 213, 217
1120974.3.peg.2279.site.19, 93, 208, 301
1120974.3.peg.2279.site.20, 89, 204, 293
1120974.3.peg.2279.site.21, 91, 205, 296
1120974.3.peg.2279.site.22, 0, 210, 210
1120974.3.peg.2279.site.23, 86, 199, 285
1120974.3.peg.2279.site.24, 0, 216, 216
1120974.3.peg.2279.site.25, 0, 215, 215
1120974.3.peg.2656.site.1, 4, 40, 44
1120974.3.peg.2656.site.2, 1, 40, 41
1120974.3.peg.2656.site.3, 36, 75, 111
1120974.3.peg.2656.site.4, 13, 143, 156
1120974.3.peg.2656.site.5, 0, 174, 174
1120974.3.peg.2656.site.6, 149, 186, 335
1120974.3.peg.2656.site.7, 173, 211, 384
1120974.3.peg.2656.site.8, 176, 213, 389
1120974.3.peg.2656.site.9, 179, 213, 392
1120974.3.peg.2656.site.10, 177, 214, 391
1120974.3.peg.2656.site.11, 179, 215, 394
1120974.3.peg.2656.site.12, 177, 212, 389
1120974.3.peg.2656.site.13, 177, 212, 389
1120974.3.peg.2656.site.14, 0, 215, 215
1120974.3.peg.2656.site.15, 2, 216, 218
1120974.3.peg.2656.site.16, 10, 216, 226
1120974.3.peg.2656.site.17, 178, 214, 392
1120974.3.peg.2656.site.18, 177, 212, 389
1120974.3.peg.2656.site.19, 18, 210, 228
1120974.3.peg.2656.site.20, 186, 208, 394
1120974.3.peg.2657.site.1, 117, 140, 257
1120974.3.peg.2657.site.2, 27, 194, 221
1120974.3.peg.2657.site.3, 41, 208, 249
1120974.3.peg.2657.site.4, 4, 22, 26
1120974.3.peg.2657.site.5, 4, 24, 28
1120974.3.peg.2657.site.6, 0, 22, 22
1120974.3.peg.2657.site.7, 4, 23, 27
1120974.3.peg.2657.site.8, 15, 24, 39
1120974.3.peg.2657.site.9, 0, 25, 25
1120974.3.peg.2657.site.10, 4, 28, 32
1120974.3.peg.2657.site.11, 26, 29, 55
1120974.3.peg.2657.site.12, 37, 61, 98
1120974.3.peg.2657.site.13, 23, 48, 71
1120974.3.peg.2657.site.14, 99, 107, 206
1120974.3.peg.2657.site.15, 1, 31, 32
1120974.3.peg.2657.site.16, 11, 35, 46
1120974.3.peg.2657.site.17, 13, 38, 51
1120974.3.peg.2657.site.18, 203, 209, 412
1120974.3.peg.2654.site.1, 182, 210, 392
1120974.3.peg.2654.site.2, 183, 211, 394
1120974.3.peg.2654.site.3, 1, 214, 215
1120974.3.peg.2654.site.4, 2, 210, 212
1120974.3.peg.2654.site.5, 173, 199, 372
1120974.3.peg.2654.site.6, 174, 198, 372
1120974.3.peg.2654.site.7, 175, 204, 379
1120974.3.peg.2654.site.8, 18, 205, 223
1120974.3.peg.2654.site.9, 21, 88, 109
1120974.3.peg.2654.site.10, 28, 96, 124
1120974.3.peg.2654.site.11, 164, 168, 332
1120974.3.peg.2655.site.1, 134, 182, 316
1120974.3.peg.2655.site.2, 38, 205, 243
1120974.3.peg.2655.site.3, 79, 112, 191
1120974.3.peg.2655.site.4, 33, 67, 100
1120974.3.peg.2655.site.5, 32, 97, 129
1120974.3.peg.2655.site.6, 47, 109, 156
1120974.3.peg.2655.site.7, 121, 187, 308
1120974.3.peg.2655.site.8, 8, 175, 183
1120974.3.peg.2655.site.9, 0, 206, 206
1120974.3.peg.2655.site.10, 33, 213, 246
1120974.3.peg.2655.site.11, 179, 214, 393
1120974.3.peg.2655.site.12, 1, 214, 215
1120974.3.peg.2655.site.13, 27, 210, 237
1120974.3.peg.2655.site.14, 27, 210, 237
1120974.3.peg.2655.site.15, 8, 212, 220
1120974.3.peg.2655.site.16, 2, 214, 216
1120974.3.peg.2655.site.17, 1, 216, 217
1120974.3.peg.2655.site.18, 16, 215, 231
1120974.3.peg.2652.site.1, 22, 152, 174
1120974.3.peg.2652.site.2, 20, 158, 178
1120974.3.peg.2652.site.3, 5, 168, 173
1120974.3.peg.2652.site.4, 121, 193, 314
1120974.3.peg.2652.site.5, 94, 114, 208
1120974.3.peg.2652.site.6, 0, 58, 58
1120974.3.peg.2652.site.7, 7, 31, 38
1120974.3.peg.2652.site.8, 28, 48, 76
1120974.3.peg.2652.site.9, 101, 120, 221
1120974.3.peg.2652.site.10, 144, 163, 307
1120974.3.peg.2652.site.11, 1, 178, 179
1120974.3.peg.2652.site.12, 0, 196, 196
1120974.3.peg.2652.site.13, 9, 199, 208
1120974.3.peg.2652.site.14, 53, 207, 260
1120974.3.peg.2652.site.15, 131, 202, 333
1120974.3.peg.2652.site.16, 4, 215, 219
1120974.3.peg.2652.site.17, 11, 213, 224
1120974.3.peg.2652.site.18, 0, 215, 215
1120974.3.peg.2652.site.19, 196, 208, 404
1120974.3.peg.2652.site.20, 12, 215, 227
1120974.3.peg.2653.site.1, 17, 214, 231
1120974.3.peg.2653.site.2, 5, 208, 213
1120974.3.peg.2653.site.3, 0, 211, 211
1120974.3.peg.2653.site.4, 132, 203, 335
1120974.3.peg.2653.site.5, 0, 214, 214
1120974.3.peg.2653.site.6, 0, 215, 215
1120974.3.peg.2653.site.7, 0, 214, 214
1120974.3.peg.2653.site.8, 2, 211, 213
1120974.3.peg.2653.site.9, 1, 215, 216
1120974.3.peg.2653.site.10, 1, 215, 216
1120974.3.peg.2653.site.11, 1, 213, 214
1120974.3.peg.2653.site.12, 180, 211, 391
1120974.3.peg.2653.site.13, 0, 215, 215
1120974.3.peg.2653.site.14, 1, 215, 216
1120974.3.peg.2653.site.15, 63, 211, 274
1120974.3.peg.2653.site.16, 185, 211, 396
1120974.3.peg.2653.site.17, 144, 211, 355
1120974.3.peg.2653.site.18, 4, 216, 220
1120974.3.peg.2653.site.19, 139, 209, 348
1120974.3.peg.2653.site.20, 1, 215, 216
1120974.3.peg.2653.site.21, 139, 209, 348
1120974.3.peg.2653.site.22, 139, 210, 349
1120974.3.peg.2653.site.23, 1, 215, 216
1120974.3.peg.2653.site.24, 1, 212, 213
1120974.3.peg.2653.site.25, 1, 209, 210
1120974.3.peg.2653.site.26, 134, 204, 338
1120974.3.peg.2653.site.27, 135, 207, 342
1120974.3.peg.2653.site.28, 186, 212, 398
1120974.3.peg.2653.site.29, 141, 211, 352
1120974.3.peg.2653.site.30, 0, 216, 216
1120974.3.peg.2653.site.31, 139, 210, 349
1120974.3.peg.2653.site.32, 9, 213, 222
1120974.3.peg.2653.site.33, 0, 214, 214
1120974.3.peg.2653.site.34, 0, 216, 216
1120974.3.peg.2653.site.35, 184, 213, 397
1120974.3.peg.2653.site.36, 184, 213, 397
1120974.3.peg.2650.site.1, 0, 159, 159
1120974.3.peg.2650.site.2, 0, 214, 214
1120974.3.peg.2650.site.3, 68, 211, 279
1120974.3.peg.2650.site.4, 0, 215, 215
1120974.3.peg.2650.site.5, 68, 211, 279
1120974.3.peg.2651.site.1, 210, 214, 424
1120974.3.peg.2651.site.2, 66, 212, 278
1120974.3.peg.2651.site.3, 63, 210, 273
1120974.3.peg.2651.site.4, 65, 212, 277
1120974.3.peg.2651.site.5, 64, 210, 274
1120974.3.peg.2651.site.6, 0, 213, 213
1120974.3.peg.2651.site.7, 0, 214, 214
1120974.3.peg.2651.site.8, 0, 216, 216
1120974.3.peg.2651.site.9, 9, 213, 222
1120974.3.peg.2651.site.10, 148, 159, 307
1120974.3.peg.2651.site.11, 146, 158, 304
1120974.3.peg.2651.site.12, 143, 154, 297
1120974.3.peg.2651.site.13, 141, 152, 293
1120974.3.peg.2651.site.14, 116, 193, 309
1120974.3.peg.2651.site.15, 0, 209, 209
1120974.3.peg.2651.site.16, 192, 211, 403
1120974.3.peg.2651.site.17, 193, 212, 405
1120974.3.peg.2651.site.18, 195, 213, 408
1120974.3.peg.2651.site.19, 0, 215, 215
1120974.3.peg.2651.site.20, 117, 206, 323
1120974.3.peg.2651.site.21, 191, 209, 400
1120974.3.peg.2651.site.22, 131, 151, 282
1120974.3.peg.2651.site.23, 82, 103, 185
1120974.3.peg.2658.site.1, 65, 77, 142
1120974.3.peg.2658.site.2, 1, 78, 79
1120974.3.peg.2659.site.1, 188, 211, 399
1120974.3.peg.2659.site.2, 2, 213, 215
1120974.3.peg.2659.site.3, 192, 213, 405
1120974.3.peg.2659.site.4, 191, 214, 405
1120974.3.peg.2659.site.5, 139, 211, 350
1120974.3.peg.2659.site.6, 191, 212, 403
1120974.3.peg.2659.site.7, 192, 214, 406
1120974.3.peg.2659.site.8, 190, 211, 401
1120974.3.peg.2659.site.9, 188, 210, 398
1120974.3.peg.2659.site.10, 189, 211, 400
1120974.3.peg.2659.site.11, 194, 212, 406
1120974.3.peg.2478.site.1, 176, 213, 389
1120974.3.peg.2478.site.2, 167, 213, 380
1120974.3.peg.2478.site.3, 174, 212, 386
1120974.3.peg.2478.site.4, 200, 212, 412
1120974.3.peg.2478.site.5, 12, 212, 224
1120974.3.peg.2478.site.6, 148, 207, 355
1120974.3.peg.2478.site.7, 153, 206, 359
1120974.3.peg.2478.site.8, 0, 216, 216
1120974.3.peg.2478.site.9, 4, 216, 220
1120974.3.peg.2478.site.10, 16, 215, 231
1120974.3.peg.2478.site.11, 4, 214, 218
1120974.3.peg.2478.site.12, 180, 211, 391
1120974.3.peg.2478.site.13, 9, 36, 45
1120974.3.peg.2478.site.14, 114, 145, 259
1120974.3.peg.2478.site.15, 112, 143, 255
1120974.3.peg.2478.site.16, 30, 180, 210
1120974.3.peg.2478.site.17, 7, 161, 168
1120974.3.peg.2478.site.18, 1, 152, 153
1120974.3.peg.2478.site.19, 2, 154, 156
1120974.3.peg.2478.site.20, 40, 189, 229
1120974.3.peg.2478.site.21, 12, 208, 220
1120974.3.peg.2478.site.22, 22, 210, 232
1120974.3.peg.2478.site.23, 0, 212, 212
1120974.3.peg.2478.site.24, 4, 216, 220
1120974.3.peg.2478.site.25, 22, 215, 237
1120974.3.peg.2479.site.1, 63, 122, 185
1120974.3.peg.2479.site.2, 1, 112, 113
1120974.3.peg.2479.site.3, 21, 81, 102
1120974.3.peg.2479.site.4, 5, 62, 67
1120974.3.peg.2479.site.5, 1, 66, 67
1120974.3.peg.2479.site.6, 3, 63, 66
1120974.3.peg.2479.site.7, 30, 61, 91
1120974.3.peg.2479.site.8, 15, 48, 63
1120974.3.peg.2479.site.9, 6, 40, 46
1120974.3.peg.2479.site.10, 1, 46, 47
1120974.3.peg.2479.site.11, 1, 120, 121
1120974.3.peg.2479.site.12, 80, 114, 194
1120974.3.peg.2479.site.13, 6, 134, 140
1120974.3.peg.2479.site.14, 15, 158, 173
1120974.3.peg.2479.site.15, 48, 198, 246
1120974.3.peg.2479.site.16, 206, 211, 417
1120974.3.peg.2479.site.17, 3, 210, 213
1120974.3.peg.2479.site.18, 11, 209, 220
1120974.3.peg.2479.site.19, 5, 212, 217
1120974.3.peg.2479.site.20, 5, 211, 216
1120974.3.peg.2479.site.21, 1, 214, 215
1120974.3.peg.2479.site.22, 46, 209, 255
1120974.3.peg.2479.site.23, 159, 162, 321
1120974.3.peg.2479.site.24, 23, 130, 153
1120974.3.peg.2479.site.25, 3, 164, 167
1120974.3.peg.2479.site.26, 97, 147, 244
1120974.3.peg.2479.site.27, 79, 101, 180
1120974.3.peg.2479.site.28, 0, 116, 116
1120974.3.peg.2479.site.29, 140, 163, 303
1120974.3.peg.2479.site.30, 172, 200, 372
1120974.3.peg.2479.site.31, 16, 190, 206
1120974.3.peg.2479.site.32, 4, 215, 219
1120974.3.peg.2479.site.33, 188, 213, 401
1120974.3.peg.2477.site.1, 2, 6, 8
1120974.3.peg.2477.site.2, 2, 6, 8
1120974.3.peg.2477.site.3, 2, 7, 9
1120974.3.peg.2477.site.4, 7, 7, 14
1120974.3.peg.2477.site.5, 6, 6, 12
1120974.3.peg.2477.site.6, 0, 6, 6
1120974.3.peg.2477.site.7, 6, 7, 13
1120974.3.peg.2477.site.8, 5, 6, 11
1120974.3.peg.2477.site.9, 5, 6, 11
1120974.3.peg.2477.site.10, 5, 5, 10
1120974.3.peg.2477.site.11, 8, 8, 16
1120974.3.peg.2477.site.12, 9, 12, 21
1120974.3.peg.2477.site.13, 14, 16, 30
1120974.3.peg.2477.site.14, 2, 20, 22
1120974.3.peg.2477.site.15, 0, 20, 20
1120974.3.peg.2477.site.16, 1, 41, 42
1120974.3.peg.2477.site.17, 1, 21, 22
1120974.3.peg.2477.site.18, 7, 17, 24
1120974.3.peg.2477.site.19, 7, 18, 25
1120974.3.peg.2477.site.20, 0, 27, 27
1120974.3.peg.2477.site.21, 2, 6, 8
1120974.3.peg.2477.site.22, 6, 9, 15
1120974.3.peg.2477.site.23, 6, 23, 29
1120974.3.peg.2477.site.24, 6, 30, 36
1120974.3.peg.2477.site.25, 1, 14, 15
1120974.3.peg.2477.site.26, 2, 8, 10
1120974.3.peg.2477.site.27, 2, 7, 9
1120974.3.peg.2477.site.28, 3, 8, 11
1120974.3.peg.2477.site.29, 10, 19, 29
1120974.3.peg.2477.site.30, 7, 19, 26
1120974.3.peg.2477.site.31, 2, 7, 9
1120974.3.peg.2477.site.32, 26, 27, 53
1120974.3.peg.2477.site.33, 106, 134, 240
1120974.3.peg.2477.site.34, 132, 170, 302
1120974.3.peg.277.site.1, 41, 54, 95
1120974.3.peg.277.site.2, 0, 32, 32
1120974.3.peg.277.site.3, 9, 19, 28
1120974.3.peg.277.site.4, 3, 19, 22
1120974.3.peg.277.site.5, 21, 29, 50
1120974.3.peg.277.site.6, 28, 40, 68
1120974.3.peg.277.site.7, 4, 60, 64
1120974.3.peg.277.site.8, 0, 123, 123
1120974.3.peg.277.site.9, 2, 213, 215
1120974.3.peg.277.site.10, 25, 212, 237
1120974.3.peg.277.site.11, 185, 214, 399
1120974.3.peg.276.site.1, 5, 215, 220
1120974.3.peg.276.site.2, 133, 213, 346
1120974.3.peg.276.site.3, 3, 209, 212
1120974.3.peg.276.site.4, 138, 211, 349
1120974.3.peg.276.site.5, 5, 210, 215
1120974.3.peg.276.site.6, 5, 213, 218
1120974.3.peg.276.site.7, 1, 209, 210
1120974.3.peg.276.site.8, 192, 208, 400
1120974.3.peg.276.site.9, 28, 209, 237
1120974.3.peg.276.site.10, 11, 215, 226
1120974.3.peg.275.site.1, 0, 108, 108
1120974.3.peg.275.site.2, 52, 205, 257
1120974.3.peg.275.site.3, 164, 172, 336
1120974.3.peg.275.site.4, 6, 135, 141
1120974.3.peg.275.site.5, 81, 116, 197
1120974.3.peg.275.site.6, 58, 210, 268
1120974.3.peg.274.site.1, 9, 216, 225
1120974.3.peg.274.site.2, 187, 210, 397
1120974.3.peg.274.site.3, 0, 202, 202
1120974.3.peg.274.site.4, 25, 213, 238
1120974.3.peg.274.site.5, 175, 215, 390
1120974.3.peg.274.site.6, 0, 214, 214
1120974.3.peg.274.site.7, 4, 213, 217
1120974.3.peg.274.site.8, 207, 216, 423
1120974.3.peg.274.site.9, 0, 206, 206
1120974.3.peg.274.site.10, 0, 214, 214
1120974.3.peg.274.site.11, 188, 212, 400
1120974.3.peg.274.site.12, 5, 216, 221
1120974.3.peg.274.site.13, 195, 215, 410
1120974.3.peg.274.site.14, 159, 215, 374
1120974.3.peg.274.site.15, 4, 215, 219
1120974.3.peg.274.site.16, 4, 215, 219
1120974.3.peg.274.site.17, 159, 211, 370
1120974.3.peg.274.site.18, 0, 214, 214
1120974.3.peg.274.site.19, 166, 212, 378
1120974.3.peg.273.site.1, 4, 216, 220
1120974.3.peg.273.site.2, 1, 216, 217
1120974.3.peg.273.site.3, 4, 215, 219
1120974.3.peg.273.site.4, 6, 213, 219
1120974.3.peg.273.site.5, 3, 207, 210
1120974.3.peg.273.site.6, 4, 201, 205
1120974.3.peg.273.site.7, 4, 209, 213
1120974.3.peg.273.site.8, 1, 211, 212
1120974.3.peg.273.site.9, 185, 208, 393
1120974.3.peg.273.site.10, 176, 195, 371
1120974.3.peg.273.site.11, 1, 190, 191
1120974.3.peg.273.site.12, 1, 191, 192
1120974.3.peg.273.site.13, 5, 170, 175
1120974.3.peg.273.site.14, 1, 160, 161
1120974.3.peg.273.site.15, 142, 166, 308
1120974.3.peg.273.site.16, 144, 171, 315
1120974.3.peg.273.site.17, 152, 177, 329
1120974.3.peg.273.site.18, 3, 169, 172
1120974.3.peg.273.site.19, 6, 191, 197
1120974.3.peg.273.site.20, 20, 204, 224
1120974.3.peg.273.site.21, 4, 214, 218
1120974.3.peg.273.site.22, 9, 216, 225
1120974.3.peg.273.site.23, 188, 214, 402
1120974.3.peg.273.site.24, 0, 174, 174
1120974.3.peg.273.site.25, 2, 189, 191
1120974.3.peg.273.site.26, 6, 187, 193
1120974.3.peg.273.site.27, 0, 175, 175
1120974.3.peg.273.site.28, 16, 191, 207
1120974.3.peg.273.site.29, 12, 208, 220
1120974.3.peg.273.site.30, 14, 211, 225
1120974.3.peg.272.site.1, 140, 213, 353
1120974.3.peg.272.site.2, 0, 214, 214
1120974.3.peg.272.site.3, 4, 216, 220
1120974.3.peg.272.site.4, 0, 215, 215
1120974.3.peg.272.site.5, 184, 213, 397
1120974.3.peg.272.site.6, 3, 212, 215
1120974.3.peg.272.site.7, 183, 209, 392
1120974.3.peg.272.site.8, 3, 209, 212
1120974.3.peg.272.site.9, 163, 191, 354
1120974.3.peg.272.site.10, 7, 172, 179
1120974.3.peg.272.site.11, 1, 159, 160
1120974.3.peg.272.site.12, 0, 190, 190
1120974.3.peg.272.site.13, 178, 212, 390
1120974.3.peg.272.site.14, 178, 212, 390
1120974.3.peg.272.site.15, 211, 215, 426
1120974.3.peg.272.site.16, 178, 213, 391
1120974.3.peg.272.site.17, 4, 216, 220
1120974.3.peg.272.site.18, 4, 216, 220
1120974.3.peg.272.site.19, 181, 214, 395
1120974.3.peg.271.site.1, 6, 212, 218
1120974.3.peg.271.site.2, 0, 211, 211
1120974.3.peg.271.site.3, 13, 210, 223
1120974.3.peg.271.site.4, 6, 212, 218
1120974.3.peg.271.site.5, 2, 215, 217
1120974.3.peg.271.site.6, 148, 211, 359
1120974.3.peg.271.site.7, 2, 216, 218
1120974.3.peg.271.site.8, 55, 210, 265
1120974.3.peg.271.site.9, 157, 211, 368
1120974.3.peg.271.site.10, 4, 215, 219
1120974.3.peg.271.site.11, 2, 215, 217
1120974.3.peg.271.site.12, 16, 214, 230
1120974.3.peg.271.site.13, 9, 211, 220
1120974.3.peg.271.site.14, 2, 210, 212
1120974.3.peg.271.site.15, 171, 205, 376
1120974.3.peg.271.site.16, 4, 201, 205
1120974.3.peg.271.site.17, 3, 201, 204
1120974.3.peg.271.site.18, 8, 202, 210
1120974.3.peg.271.site.19, 1, 202, 203
1120974.3.peg.271.site.20, 4, 208, 212
1120974.3.peg.271.site.21, 5, 210, 215
1120974.3.peg.271.site.22, 5, 213, 218
1120974.3.peg.271.site.23, 5, 215, 220
1120974.3.peg.271.site.24, 143, 212, 355
1120974.3.peg.271.site.25, 59, 215, 274
1120974.3.peg.271.site.26, 4, 215, 219
1120974.3.peg.270.site.1, 146, 212, 358
1120974.3.peg.270.site.2, 1, 215, 216
1120974.3.peg.270.site.3, 0, 213, 213
1120974.3.peg.270.site.4, 116, 183, 299
1120974.3.peg.270.site.5, 83, 151, 234
1120974.3.peg.270.site.6, 38, 103, 141
1120974.3.peg.270.site.7, 66, 133, 199
1120974.3.peg.270.site.8, 2, 209, 211
1120974.3.peg.270.site.9, 2, 210, 212
1120974.3.peg.270.site.10, 191, 210, 401
1120974.3.peg.270.site.11, 7, 215, 222
1120974.3.peg.270.site.12, 137, 187, 324
1120974.3.peg.270.site.13, 146, 195, 341
1120974.3.peg.270.site.14, 63, 118, 181
1120974.3.peg.279.site.1, 0, 216, 216
1120974.3.peg.279.site.2, 92, 211, 303
1120974.3.peg.279.site.3, 89, 212, 301
1120974.3.peg.279.site.4, 89, 212, 301
1120974.3.peg.279.site.5, 87, 209, 296
1120974.3.peg.279.site.6, 53, 177, 230
1120974.3.peg.279.site.7, 21, 136, 157
1120974.3.peg.279.site.8, 9, 135, 144
1120974.3.peg.279.site.9, 2, 136, 138
1120974.3.peg.279.site.10, 4, 129, 133
1120974.3.peg.279.site.11, 1, 122, 123
1120974.3.peg.279.site.12, 4, 121, 125
1120974.3.peg.279.site.13, 4, 121, 125
1120974.3.peg.279.site.14, 8, 131, 139
1120974.3.peg.279.site.15, 54, 177, 231
1120974.3.peg.279.site.16, 0, 212, 212
1120974.3.peg.279.site.17, 7, 205, 212
1120974.3.peg.279.site.18, 148, 165, 313
1120974.3.peg.279.site.19, 30, 51, 81
1120974.3.peg.279.site.20, 14, 31, 45
1120974.3.peg.279.site.21, 8, 24, 32
1120974.3.peg.279.site.22, 4, 21, 25
1120974.3.peg.279.site.23, 6, 22, 28
1120974.3.peg.279.site.24, 23, 38, 61
1120974.3.peg.279.site.25, 79, 97, 176
1120974.3.peg.279.site.26, 91, 109, 200
1120974.3.peg.279.site.27, 188, 207, 395
1120974.3.peg.279.site.28, 187, 206, 393
1120974.3.peg.279.site.29, 65, 66, 131
1120974.3.peg.279.site.30, 29, 49, 78
1120974.3.peg.278.site.1, 175, 215, 390
1120974.3.peg.278.site.2, 138, 204, 342
1120974.3.peg.278.site.3, 63, 189, 252
1120974.3.peg.278.site.4, 52, 208, 260
1120974.3.peg.278.site.5, 47, 204, 251
1120974.3.peg.278.site.6, 49, 207, 256
1120974.3.peg.278.site.7, 39, 196, 235
1120974.3.peg.278.site.8, 61, 213, 274
1120974.3.peg.278.site.9, 4, 216, 220
1120974.3.peg.278.site.10, 59, 213, 272
1120974.3.peg.278.site.11, 0, 212, 212
1120974.3.peg.278.site.12, 4, 213, 217
1120974.3.peg.278.site.13, 110, 212, 322
1120974.3.peg.278.site.14, 1, 215, 216
1120974.3.peg.278.site.15, 0, 215, 215
1120974.3.peg.278.site.16, 105, 204, 309
1120974.3.peg.278.site.17, 88, 206, 294
1120974.3.peg.278.site.18, 88, 206, 294
1120974.3.peg.278.site.19, 107, 213, 320
1120974.3.peg.278.site.20, 0, 216, 216
1120974.3.peg.278.site.21, 11, 215, 226
1120974.3.peg.278.site.22, 89, 213, 302
1120974.3.peg.278.site.23, 0, 216, 216
1120974.3.peg.2503.site.1, 13, 212, 225
1120974.3.peg.2503.site.2, 0, 216, 216
1120974.3.peg.2503.site.3, 0, 216, 216
1120974.3.peg.2503.site.4, 94, 213, 307
1120974.3.peg.2503.site.5, 0, 214, 214
1120974.3.peg.2503.site.6, 6, 216, 222
1120974.3.peg.2503.site.7, 94, 213, 307
1120974.3.peg.2503.site.8, 97, 210, 307
1120974.3.peg.2500.site.1, 13, 205, 218
1120974.3.peg.2500.site.2, 53, 200, 253
1120974.3.peg.2500.site.3, 52, 214, 266
1120974.3.peg.2500.site.4, 13, 214, 227
1120974.3.peg.2500.site.5, 21, 214, 235
1120974.3.peg.3058.site.1, 25, 212, 237
1120974.3.peg.3058.site.2, 163, 190, 353
1120974.3.peg.3058.site.3, 148, 170, 318
1120974.3.peg.3058.site.4, 145, 168, 313
1120974.3.peg.3058.site.5, 153, 185, 338
1120974.3.peg.3058.site.6, 0, 185, 185
1120974.3.peg.3058.site.7, 153, 184, 337
1120974.3.peg.3058.site.8, 10, 196, 206
1120974.3.peg.3058.site.9, 16, 199, 215
1120974.3.peg.3058.site.10, 0, 205, 205
1120974.3.peg.3058.site.11, 177, 210, 387
1120974.3.peg.3058.site.12, 27, 211, 238
1120974.3.peg.3058.site.13, 5, 213, 218
1120974.3.peg.3058.site.14, 29, 212, 241
1120974.3.peg.3058.site.15, 29, 211, 240
1120974.3.peg.3058.site.16, 140, 171, 311
1120974.3.peg.3058.site.17, 113, 170, 283
1120974.3.peg.3058.site.18, 126, 158, 284
1120974.3.peg.3058.site.19, 153, 184, 337
1120974.3.peg.3058.site.20, 177, 205, 382
1120974.3.peg.3058.site.21, 4, 209, 213
1120974.3.peg.3058.site.22, 33, 137, 170
1120974.3.peg.3058.site.23, 56, 84, 140
1120974.3.peg.2507.site.1, 32, 210, 242
1120974.3.peg.2507.site.2, 162, 209, 371
1120974.3.peg.2507.site.3, 206, 214, 420
1120974.3.peg.2507.site.4, 23, 212, 235
1120974.3.peg.2507.site.5, 206, 214, 420
1120974.3.peg.2507.site.6, 7, 215, 222
1120974.3.peg.2507.site.7, 4, 216, 220
1120974.3.peg.2507.site.8, 58, 211, 269
1120974.3.peg.2507.site.9, 4, 215, 219
1120974.3.peg.2507.site.10, 59, 214, 273
1120974.3.peg.2507.site.11, 64, 213, 277
1120974.3.peg.2507.site.12, 31, 185, 216
1120974.3.peg.2507.site.13, 4, 197, 201
1120974.3.peg.2507.site.14, 9, 199, 208
1120974.3.peg.2507.site.15, 13, 207, 220
1120974.3.peg.2507.site.16, 130, 205, 335
1120974.3.peg.2507.site.17, 191, 215, 406
1120974.3.peg.2507.site.18, 9, 215, 224
1120974.3.peg.2507.site.19, 0, 216, 216
1120974.3.peg.2504.site.1, 0, 216, 216
1120974.3.peg.2504.site.2, 86, 212, 298
1120974.3.peg.2504.site.3, 205, 213, 418
1120974.3.peg.2504.site.4, 6, 215, 221
1120974.3.peg.2504.site.5, 81, 205, 286
1120974.3.peg.2505.site.1, 103, 210, 313
1120974.3.peg.2505.site.2, 0, 215, 215
1120974.3.peg.2505.site.3, 1, 214, 215
1120974.3.peg.2505.site.4, 0, 213, 213
1120974.3.peg.2505.site.5, 0, 212, 212
1120974.3.peg.2505.site.6, 0, 213, 213
1120974.3.peg.2505.site.7, 1, 206, 207
1120974.3.peg.2505.site.8, 7, 171, 178
1120974.3.peg.2505.site.9, 0, 134, 134
1120974.3.peg.2505.site.10, 62, 101, 163
1120974.3.peg.2505.site.11, 0, 77, 77
1120974.3.peg.2505.site.12, 108, 135, 243
1120974.3.peg.2505.site.13, 93, 200, 293
1120974.3.peg.2505.site.14, 0, 206, 206
1120974.3.peg.2505.site.15, 0, 216, 216
1120974.3.peg.2505.site.16, 3, 211, 214
1120974.3.peg.2505.site.17, 38, 52, 90
1120974.3.peg.2505.site.18, 12, 19, 31
1120974.3.peg.2505.site.19, 12, 21, 33
1120974.3.peg.2505.site.20, 16, 28, 44
1120974.3.peg.2505.site.21, 51, 60, 111
1120974.3.peg.2505.site.22, 108, 131, 239
1120974.3.peg.2505.site.23, 6, 206, 212
1120974.3.peg.2505.site.24, 0, 205, 205
1120974.3.peg.2505.site.25, 0, 210, 210
1120974.3.peg.2505.site.26, 198, 202, 400
1120974.3.peg.3053.site.1, 39, 215, 254
1120974.3.peg.3053.site.2, 39, 215, 254
1120974.3.peg.3053.site.3, 5, 215, 220
1120974.3.peg.3053.site.4, 0, 216, 216
1120974.3.peg.3053.site.5, 113, 211, 324
1120974.3.peg.3053.site.6, 90, 207, 297
1120974.3.peg.3053.site.7, 12, 215, 227
1120974.3.peg.3053.site.8, 109, 209, 318
1120974.3.peg.3053.site.9, 0, 214, 214
1120974.3.peg.3053.site.10, 4, 215, 219
1120974.3.peg.3053.site.11, 115, 210, 325
1120974.3.peg.3053.site.12, 115, 210, 325
1120974.3.peg.3053.site.13, 73, 213, 286
1120974.3.peg.3053.site.14, 1, 216, 217
1120974.3.peg.3053.site.15, 84, 212, 296
1120974.3.peg.3053.site.16, 0, 215, 215
1120974.3.peg.3053.site.17, 0, 215, 215
1120974.3.peg.3053.site.18, 0, 215, 215
1120974.3.peg.3053.site.19, 112, 209, 321
1120974.3.peg.3053.site.20, 0, 215, 215
1120974.3.peg.3053.site.21, 109, 205, 314
1120974.3.peg.3053.site.22, 113, 211, 324
1120974.3.peg.3053.site.23, 113, 210, 323
1120974.3.peg.3053.site.24, 1, 215, 216
1120974.3.peg.3053.site.25, 113, 211, 324
1120974.3.peg.3053.site.26, 4, 216, 220
1120974.3.peg.3053.site.27, 1, 216, 217
1120974.3.peg.3053.site.28, 113, 207, 320
1120974.3.peg.3053.site.29, 0, 195, 195
1120974.3.peg.3053.site.30, 0, 183, 183
1120974.3.peg.3053.site.31, 88, 176, 264
1120974.3.peg.3053.site.32, 0, 214, 214
1120974.3.peg.3053.site.33, 108, 207, 315
1120974.3.peg.3053.site.34, 211, 211, 422
1120974.3.peg.3053.site.35, 112, 211, 323
1120974.3.peg.3053.site.36, 6, 216, 222
1120974.3.peg.3052.site.1, 157, 178, 335
1120974.3.peg.3052.site.2, 194, 213, 407
1120974.3.peg.3052.site.3, 0, 215, 215
1120974.3.peg.3052.site.4, 0, 214, 214
1120974.3.peg.3052.site.5, 4, 214, 218
1120974.3.peg.3052.site.6, 7, 206, 213
1120974.3.peg.3052.site.7, 135, 153, 288
1120974.3.peg.3052.site.8, 88, 107, 195
1120974.3.peg.3052.site.9, 86, 103, 189
1120974.3.peg.3052.site.10, 134, 154, 288
1120974.3.peg.3052.site.11, 143, 160, 303
1120974.3.peg.3052.site.12, 160, 172, 332
1120974.3.peg.3052.site.13, 1, 177, 178
1120974.3.peg.3052.site.14, 170, 186, 356
1120974.3.peg.3052.site.15, 1, 198, 199
1120974.3.peg.3052.site.16, 208, 214, 422
1120974.3.peg.3052.site.17, 157, 175, 332
1120974.3.peg.3052.site.18, 118, 204, 322
1120974.3.peg.3052.site.19, 4, 211, 215
1120974.3.peg.3052.site.20, 205, 215, 420
1120974.3.peg.3052.site.21, 0, 215, 215
1120974.3.peg.3052.site.22, 0, 215, 215
1120974.3.peg.3052.site.23, 68, 209, 277
1120974.3.peg.3052.site.24, 2, 214, 216
1120974.3.peg.3052.site.25, 3, 215, 218
1120974.3.peg.3052.site.26, 125, 210, 335
1120974.3.peg.3052.site.27, 122, 207, 329
1120974.3.peg.3052.site.28, 28, 116, 144
1120974.3.peg.3052.site.29, 10, 101, 111
1120974.3.peg.3052.site.30, 8, 98, 106
1120974.3.peg.3052.site.31, 21, 109, 130
1120974.3.peg.3052.site.32, 0, 216, 216
1120974.3.peg.3052.site.33, 125, 211, 336
1120974.3.peg.3052.site.34, 125, 213, 338
1120974.3.peg.3052.site.35, 0, 216, 216
1120974.3.peg.3052.site.36, 124, 212, 336
1120974.3.peg.3052.site.37, 7, 214, 221
1120974.3.peg.3052.site.38, 2, 214, 216
1120974.3.peg.3052.site.39, 119, 209, 328
1120974.3.peg.3052.site.40, 190, 213, 403
1120974.3.peg.3052.site.41, 119, 211, 330
1120974.3.peg.3052.site.42, 184, 209, 393
1120974.3.peg.3052.site.43, 66, 210, 276
1120974.3.peg.3052.site.44, 176, 198, 374
1120974.3.peg.3052.site.45, 175, 197, 372
1120974.3.peg.3052.site.46, 12, 195, 207
1120974.3.peg.3052.site.47, 0, 198, 198
1120974.3.peg.3052.site.48, 6, 201, 207
1120974.3.peg.3052.site.49, 115, 197, 312
1120974.3.peg.3052.site.50, 208, 208, 416
1120974.3.peg.3052.site.51, 70, 200, 270
1120974.3.peg.3052.site.52, 69, 204, 273
1120974.3.peg.3052.site.53, 120, 207, 327
1120974.3.peg.3052.site.54, 2, 216, 218
1120974.3.peg.3052.site.55, 2, 216, 218
1120974.3.peg.3052.site.56, 2, 211, 213
1120974.3.peg.3052.site.57, 84, 209, 293
1120974.3.peg.3052.site.58, 72, 210, 282
1120974.3.peg.3052.site.59, 4, 215, 219
1120974.3.peg.3052.site.60, 212, 216, 428
1120974.3.peg.3052.site.61, 0, 215, 215
1120974.3.peg.3052.site.62, 5, 216, 221
1120974.3.peg.3052.site.63, 1, 216, 217
1120974.3.peg.3052.site.64, 152, 213, 365
1120974.3.peg.3052.site.65, 33, 210, 243
1120974.3.peg.3052.site.66, 135, 197, 332
1120974.3.peg.3052.site.67, 142, 205, 347
1120974.3.peg.3052.site.68, 2, 215, 217
1120974.3.peg.3052.site.69, 146, 207, 353
1120974.3.peg.3052.site.70, 150, 210, 360
1120974.3.peg.3052.site.71, 2, 216, 218
1120974.3.peg.2508.site.1, 18, 214, 232
1120974.3.peg.2508.site.2, 165, 208, 373
1120974.3.peg.2508.site.3, 1, 214, 215
1120974.3.peg.2508.site.4, 186, 210, 396
1120974.3.peg.2508.site.5, 3, 199, 202
1120974.3.peg.2508.site.6, 0, 213, 213
1120974.3.peg.2508.site.7, 4, 215, 219
1120974.3.peg.2508.site.8, 195, 213, 408
1120974.3.peg.2508.site.9, 197, 215, 412
1120974.3.peg.2508.site.10, 0, 215, 215
1120974.3.peg.2508.site.11, 0, 215, 215
1120974.3.peg.2508.site.12, 191, 216, 407
1120974.3.peg.2508.site.13, 190, 215, 405
1120974.3.peg.2508.site.14, 191, 215, 406
1120974.3.peg.2508.site.15, 186, 210, 396
1120974.3.peg.2508.site.16, 24, 213, 237
1120974.3.peg.2508.site.17, 161, 185, 346
1120974.3.peg.2508.site.18, 152, 177, 329
1120974.3.peg.2508.site.19, 0, 176, 176
1120974.3.peg.2508.site.20, 1, 212, 213
1120974.3.peg.2508.site.21, 28, 216, 244
1120974.3.peg.2508.site.22, 5, 216, 221
1120974.3.peg.2508.site.23, 0, 216, 216
1120974.3.peg.2508.site.24, 33, 216, 249
1120974.3.peg.2508.site.25, 33, 216, 249
1120974.3.peg.2508.site.26, 156, 211, 367
1120974.3.peg.2508.site.27, 11, 215, 226
1120974.3.peg.2508.site.28, 158, 216, 374
1120974.3.peg.2508.site.29, 3, 214, 217
1120974.3.peg.2508.site.30, 33, 209, 242
1120974.3.peg.2508.site.31, 3, 214, 217
1120974.3.peg.2508.site.32, 5, 215, 220
1120974.3.peg.2508.site.33, 157, 214, 371
1120974.3.peg.2508.site.34, 0, 215, 215
1120974.3.peg.2508.site.35, 1, 216, 217
1120974.3.peg.2508.site.36, 45, 213, 258
1120974.3.peg.2508.site.37, 133, 177, 310
1120974.3.peg.2508.site.38, 1, 83, 84
1120974.3.peg.2508.site.39, 82, 125, 207
1120974.3.peg.2508.site.40, 131, 140, 271
1120974.3.peg.2508.site.41, 138, 190, 328
1120974.3.peg.2508.site.42, 8, 215, 223
1120974.3.peg.2508.site.43, 0, 213, 213
1120974.3.peg.2508.site.44, 0, 203, 203
1120974.3.peg.2508.site.45, 49, 208, 257
1120974.3.peg.2508.site.46, 0, 213, 213
1120974.3.peg.2508.site.47, 53, 213, 266
1120974.3.peg.2508.site.48, 213, 215, 428
1120974.3.peg.2508.site.49, 0, 216, 216
1120974.3.peg.2508.site.50, 4, 215, 219
1120974.3.peg.2508.site.51, 2, 194, 196
1120974.3.peg.2508.site.52, 0, 214, 214
1120974.3.peg.2508.site.53, 2, 214, 216
1120974.3.peg.2508.site.54, 43, 212, 255
1120974.3.peg.2508.site.55, 0, 214, 214
1120974.3.peg.2508.site.56, 28, 213, 241
1120974.3.peg.2508.site.57, 35, 213, 248
1120974.3.peg.2508.site.58, 32, 215, 247
1120974.3.peg.2508.site.59, 30, 212, 242
1120974.3.peg.2508.site.60, 1, 215, 216
1120974.3.peg.2509.site.1, 27, 211, 238
1120974.3.peg.2509.site.2, 14, 196, 210
1120974.3.peg.2509.site.3, 10, 194, 204
1120974.3.peg.2509.site.4, 25, 195, 220
1120974.3.peg.2509.site.5, 0, 193, 193
1120974.3.peg.2509.site.6, 201, 203, 404
1120974.3.peg.2509.site.7, 0, 210, 210
1120974.3.peg.2509.site.8, 32, 202, 234
1120974.3.peg.2509.site.9, 144, 195, 339
1120974.3.peg.2509.site.10, 30, 201, 231
1120974.3.peg.2509.site.11, 0, 213, 213
1120974.3.peg.2509.site.12, 0, 211, 211
1120974.3.peg.2509.site.13, 0, 212, 212
1120974.3.peg.2509.site.14, 25, 201, 226
1120974.3.peg.2509.site.15, 5, 183, 188
1120974.3.peg.2509.site.16, 0, 177, 177
1120974.3.peg.3057.site.1, 0, 209, 209
1120974.3.peg.3057.site.2, 49, 204, 253
1120974.3.peg.3057.site.3, 177, 206, 383
1120974.3.peg.3057.site.4, 167, 196, 363
1120974.3.peg.3057.site.5, 0, 208, 208
1120974.3.peg.3057.site.6, 120, 209, 329
1120974.3.peg.3057.site.7, 1, 214, 215
1120974.3.peg.3057.site.8, 4, 213, 217
1120974.3.peg.3057.site.9, 186, 211, 397
1120974.3.peg.3057.site.10, 1, 213, 214
1120974.3.peg.3057.site.11, 61, 211, 272
1120974.3.peg.3057.site.12, 4, 214, 218
1120974.3.peg.3057.site.13, 117, 207, 324
1120974.3.peg.3057.site.14, 4, 213, 217
1120974.3.peg.3057.site.15, 185, 213, 398
1120974.3.peg.3057.site.16, 148, 184, 332
1120974.3.peg.3057.site.17, 20, 197, 217
1120974.3.peg.3057.site.18, 111, 200, 311
1120974.3.peg.3057.site.19, 118, 206, 324
1120974.3.peg.3057.site.20, 147, 170, 317
1120974.3.peg.3057.site.21, 9, 133, 142
1120974.3.peg.3057.site.22, 104, 128, 232
1120974.3.peg.3057.site.23, 5, 122, 127
1120974.3.peg.3057.site.24, 65, 89, 154
1120974.3.peg.3057.site.25, 123, 138, 261
1120974.3.peg.3057.site.26, 0, 144, 144
1120974.3.peg.3057.site.27, 2, 151, 153
1120974.3.peg.3057.site.28, 137, 166, 303
1120974.3.peg.3057.site.29, 120, 164, 284
1120974.3.peg.3057.site.30, 100, 130, 230
1120974.3.peg.3057.site.31, 14, 46, 60
1120974.3.peg.3057.site.32, 3, 33, 36
1120974.3.peg.3057.site.33, 16, 57, 73
1120974.3.peg.3057.site.34, 125, 180, 305
1120974.3.peg.3057.site.35, 185, 215, 400
1120974.3.peg.3056.site.1, 99, 176, 275
1120974.3.peg.3056.site.2, 83, 168, 251
1120974.3.peg.3056.site.3, 65, 152, 217
1120974.3.peg.3056.site.4, 72, 154, 226
1120974.3.peg.3056.site.5, 96, 174, 270
1120974.3.peg.3056.site.6, 103, 174, 277
1120974.3.peg.3056.site.7, 8, 210, 218
1120974.3.peg.3056.site.8, 5, 210, 215
1120974.3.peg.3056.site.9, 6, 207, 213
1120974.3.peg.3056.site.10, 61, 212, 273
1120974.3.peg.3056.site.11, 9, 213, 222
1120974.3.peg.3056.site.12, 0, 215, 215
1120974.3.peg.3056.site.13, 192, 211, 403
1120974.3.peg.3056.site.14, 60, 213, 273
1120974.3.peg.3056.site.15, 11, 215, 226
1120974.3.peg.3056.site.16, 120, 209, 329
1120974.3.peg.3056.site.17, 119, 210, 329
1120974.3.peg.3056.site.18, 115, 205, 320
1120974.3.peg.3056.site.19, 118, 208, 326
1120974.3.peg.3056.site.20, 0, 212, 212
1120974.3.peg.3056.site.21, 0, 211, 211
1120974.3.peg.3056.site.22, 117, 208, 325
1120974.3.peg.3056.site.23, 206, 213, 419
1120974.3.peg.3056.site.24, 64, 208, 272
1120974.3.peg.3056.site.25, 0, 213, 213
1120974.3.peg.3056.site.26, 118, 209, 327
1120974.3.peg.3056.site.27, 4, 216, 220
1120974.3.peg.3056.site.28, 188, 212, 400
1120974.3.peg.3056.site.29, 1, 215, 216
1120974.3.peg.3056.site.30, 115, 140, 255
1120974.3.peg.3056.site.31, 0, 94, 94
1120974.3.peg.3056.site.32, 72, 95, 167
1120974.3.peg.3056.site.33, 4, 95, 99
1120974.3.peg.3056.site.34, 4, 98, 102
1120974.3.peg.3056.site.35, 161, 186, 347
1120974.3.peg.3056.site.36, 180, 208, 388
1120974.3.peg.3056.site.37, 5, 211, 216
1120974.3.peg.3056.site.38, 52, 143, 195
1120974.3.peg.3056.site.39, 42, 133, 175
1120974.3.peg.3056.site.40, 2, 216, 218
1120974.3.peg.3056.site.41, 2, 216, 218
1120974.3.peg.3056.site.42, 124, 210, 334
1120974.3.peg.3056.site.43, 207, 215, 422
1120974.3.peg.3056.site.44, 50, 209, 259
1120974.3.peg.3056.site.45, 50, 210, 260
1120974.3.peg.3056.site.46, 48, 207, 255
1120974.3.peg.3056.site.47, 53, 207, 260
1120974.3.peg.3056.site.48, 55, 211, 266
1120974.3.peg.3056.site.49, 55, 213, 268
1120974.3.peg.3056.site.50, 6, 214, 220
1120974.3.peg.3056.site.51, 2, 211, 213
1120974.3.peg.3056.site.52, 186, 214, 400
1120974.3.peg.3055.site.1, 0, 209, 209
1120974.3.peg.3055.site.2, 77, 212, 289
1120974.3.peg.3055.site.3, 0, 216, 216
1120974.3.peg.3055.site.4, 7, 214, 221
1120974.3.peg.3055.site.5, 110, 213, 323
1120974.3.peg.3055.site.6, 0, 207, 207
1120974.3.peg.3055.site.7, 0, 205, 205
1120974.3.peg.3055.site.8, 0, 213, 213
1120974.3.peg.3055.site.9, 114, 190, 304
1120974.3.peg.3055.site.10, 0, 190, 190
1120974.3.peg.3055.site.11, 35, 211, 246
1120974.3.peg.3055.site.12, 5, 214, 219
1120974.3.peg.3055.site.13, 0, 216, 216
1120974.3.peg.3055.site.14, 0, 214, 214
1120974.3.peg.3055.site.15, 0, 215, 215
1120974.3.peg.3055.site.16, 117, 201, 318
1120974.3.peg.3055.site.17, 120, 202, 322
1120974.3.peg.3054.site.1, 0, 212, 212
1120974.3.peg.3054.site.2, 1, 213, 214
1120974.3.peg.3054.site.3, 216, 216, 432
1120974.3.peg.3054.site.4, 4, 216, 220
1120974.3.peg.3054.site.5, 113, 211, 324
1120974.3.peg.3054.site.6, 4, 216, 220
1120974.3.peg.3054.site.7, 0, 216, 216
1120974.3.peg.3054.site.8, 112, 209, 321
1120974.3.peg.3054.site.9, 112, 208, 320
1120974.3.peg.3054.site.10, 106, 210, 316
1120974.3.peg.3054.site.11, 0, 214, 214
1120974.3.peg.3054.site.12, 110, 210, 320
1120974.3.peg.3054.site.13, 4, 214, 218
1120974.3.peg.3054.site.14, 2, 214, 216
1120974.3.peg.3054.site.15, 115, 207, 322
1120974.3.peg.3054.site.16, 4, 212, 216
1120974.3.peg.3054.site.17, 0, 207, 207
1120974.3.peg.3054.site.18, 103, 198, 301
1120974.3.peg.3054.site.19, 0, 205, 205
1120974.3.peg.3054.site.20, 92, 194, 286
1120974.3.peg.3054.site.21, 1, 131, 132
1120974.3.peg.3054.site.22, 14, 114, 128
1120974.3.peg.3054.site.23, 4, 108, 112
1120974.3.peg.3054.site.24, 1, 102, 103
1120974.3.peg.3054.site.25, 2, 102, 104
1120974.3.peg.3054.site.26, 7, 107, 114
1120974.3.peg.3054.site.27, 1, 210, 211
1120974.3.peg.3054.site.28, 0, 216, 216
1120974.3.peg.3054.site.29, 1, 216, 217
1120974.3.peg.3054.site.30, 0, 216, 216
1120974.3.peg.3054.site.31, 13, 214, 227
1120974.3.peg.3054.site.32, 2, 215, 217
1120974.3.peg.3054.site.33, 3, 167, 170
1120974.3.peg.3054.site.34, 98, 165, 263
1120974.3.peg.3054.site.35, 0, 213, 213
1120974.3.peg.3054.site.36, 206, 213, 419
1120974.3.peg.3054.site.37, 114, 209, 323
1120974.3.peg.3054.site.38, 115, 209, 324
1120974.3.peg.3054.site.39, 0, 215, 215
1120974.3.peg.3054.site.40, 0, 215, 215
1120974.3.peg.3054.site.41, 114, 211, 325
1120974.3.peg.3054.site.42, 116, 213, 329
1120974.3.peg.3054.site.43, 0, 212, 212
1120974.3.peg.3054.site.44, 208, 212, 420
1120974.3.peg.3054.site.45, 214, 214, 428
1120974.3.peg.3054.site.46, 98, 212, 310
1120974.3.peg.3054.site.47, 113, 211, 324
1120974.3.peg.3054.site.48, 115, 211, 326
1120974.3.peg.3054.site.49, 1, 215, 216
1120974.3.peg.3054.site.50, 4, 215, 219
1120974.3.peg.3054.site.51, 2, 214, 216
1120974.3.peg.3054.site.52, 0, 213, 213
1120974.3.peg.3054.site.53, 2, 215, 217
1120974.3.peg.3054.site.54, 0, 215, 215
1120974.3.peg.3299.site.1, 4, 216, 220
1120974.3.peg.3299.site.2, 120, 212, 332
1120974.3.peg.3299.site.3, 0, 214, 214
1120974.3.peg.3299.site.4, 0, 216, 216
1120974.3.peg.3299.site.5, 1, 213, 214
1120974.3.peg.3299.site.6, 0, 211, 211
1120974.3.peg.3299.site.7, 122, 205, 327
1120974.3.peg.3299.site.8, 208, 212, 420
1120974.3.peg.3299.site.9, 1, 212, 213
1120974.3.peg.3299.site.10, 4, 207, 211
1120974.3.peg.3299.site.11, 17, 207, 224
1120974.3.peg.3299.site.12, 122, 205, 327
1120974.3.peg.3299.site.13, 4, 207, 211
1120974.3.peg.3299.site.14, 179, 185, 364
1120974.3.peg.3299.site.15, 1, 187, 188
1120974.3.peg.3299.site.16, 67, 189, 256
1120974.3.peg.3299.site.17, 101, 191, 292
1120974.3.peg.3299.site.18, 10, 208, 218
1120974.3.peg.3299.site.19, 4, 215, 219
1120974.3.peg.3299.site.20, 9, 214, 223
1120974.3.peg.3299.site.21, 121, 213, 334
1120974.3.peg.3299.site.22, 4, 215, 219
1120974.3.peg.3299.site.23, 0, 215, 215
1120974.3.peg.3299.site.24, 19, 214, 233
1120974.3.peg.3299.site.25, 132, 210, 342
1120974.3.peg.3299.site.26, 132, 210, 342
1120974.3.peg.3299.site.27, 61, 211, 272
1120974.3.peg.3299.site.28, 0, 215, 215
1120974.3.peg.3299.site.29, 4, 215, 219
1120974.3.peg.3299.site.30, 4, 216, 220
1120974.3.peg.3299.site.31, 4, 216, 220
1120974.3.peg.3299.site.32, 0, 216, 216
1120974.3.peg.3299.site.33, 3, 215, 218
1120974.3.peg.3299.site.34, 3, 215, 218
1120974.3.peg.3299.site.35, 4, 216, 220
1120974.3.peg.3299.site.36, 52, 212, 264
1120974.3.peg.3299.site.37, 1, 215, 216
1120974.3.peg.3299.site.38, 4, 215, 219
1120974.3.peg.3299.site.39, 60, 208, 268
1120974.3.peg.3299.site.40, 10, 215, 225
1120974.3.peg.3299.site.41, 47, 210, 257
1120974.3.peg.3299.site.42, 4, 216, 220
1120974.3.peg.3299.site.43, 0, 216, 216
1120974.3.peg.3298.site.1, 8, 201, 209
1120974.3.peg.3298.site.2, 117, 210, 327
1120974.3.peg.3298.site.3, 98, 195, 293
1120974.3.peg.3298.site.4, 169, 191, 360
1120974.3.peg.3298.site.5, 4, 206, 210
1120974.3.peg.3298.site.6, 4, 211, 215
1120974.3.peg.3298.site.7, 117, 207, 324
1120974.3.peg.3290.site.1, 0, 214, 214
1120974.3.peg.3290.site.2, 0, 214, 214
1120974.3.peg.3290.site.3, 37, 135, 172
1120974.3.peg.3290.site.4, 30, 123, 153
1120974.3.peg.3290.site.5, 24, 110, 134
1120974.3.peg.3290.site.6, 0, 110, 110
1120974.3.peg.3290.site.7, 19, 95, 114
1120974.3.peg.3290.site.8, 0, 87, 87
1120974.3.peg.3290.site.9, 40, 120, 160
1120974.3.peg.3290.site.10, 1, 193, 194
1120974.3.peg.3290.site.11, 99, 191, 290
1120974.3.peg.3290.site.12, 3, 211, 214
1120974.3.peg.3290.site.13, 166, 213, 379
1120974.3.peg.3290.site.14, 165, 211, 376
1120974.3.peg.3290.site.15, 0, 216, 216
1120974.3.peg.3290.site.16, 52, 210, 262
1120974.3.peg.3290.site.17, 54, 214, 268
1120974.3.peg.3290.site.18, 0, 216, 216
1120974.3.peg.3290.site.19, 105, 211, 316
1120974.3.peg.3290.site.20, 5, 216, 221
1120974.3.peg.3290.site.21, 167, 213, 380
1120974.3.peg.3290.site.22, 55, 212, 267
1120974.3.peg.3290.site.23, 56, 209, 265
1120974.3.peg.3290.site.24, 56, 209, 265
1120974.3.peg.3290.site.25, 59, 212, 271
1120974.3.peg.3290.site.26, 15, 213, 228
1120974.3.peg.3290.site.27, 54, 208, 262
1120974.3.peg.3290.site.28, 56, 210, 266
1120974.3.peg.3290.site.29, 15, 214, 229
1120974.3.peg.3290.site.30, 0, 205, 205
1120974.3.peg.3290.site.31, 30, 185, 215
1120974.3.peg.3290.site.32, 29, 188, 217
1120974.3.peg.3290.site.33, 1, 214, 215
1120974.3.peg.3290.site.34, 115, 214, 329
1120974.3.peg.3290.site.35, 6, 216, 222
1120974.3.peg.3290.site.36, 0, 216, 216
1120974.3.peg.3290.site.37, 48, 213, 261
1120974.3.peg.3290.site.38, 3, 215, 218
1120974.3.peg.3290.site.39, 55, 214, 269
1120974.3.peg.3290.site.40, 55, 214, 269
1120974.3.peg.3293.site.1, 31, 213, 244
1120974.3.peg.3293.site.2, 32, 212, 244
1120974.3.peg.3293.site.3, 29, 213, 242
1120974.3.peg.3293.site.4, 45, 208, 253
1120974.3.peg.3293.site.5, 4, 216, 220
1120974.3.peg.3292.site.1, 10, 213, 223
1120974.3.peg.3292.site.2, 1, 210, 211
1120974.3.peg.3292.site.3, 135, 207, 342
1120974.3.peg.3292.site.4, 0, 214, 214
1120974.3.peg.3292.site.5, 143, 207, 350
1120974.3.peg.3292.site.6, 127, 210, 337
1120974.3.peg.3292.site.7, 0, 214, 214
1120974.3.peg.3292.site.8, 0, 213, 213
1120974.3.peg.3292.site.9, 2, 211, 213
1120974.3.peg.3292.site.10, 2, 212, 214
1120974.3.peg.3292.site.11, 1, 214, 215
1120974.3.peg.3292.site.12, 60, 210, 270
1120974.3.peg.3292.site.13, 40, 212, 252
1120974.3.peg.3292.site.14, 77, 207, 284
1120974.3.peg.3292.site.15, 130, 208, 338
1120974.3.peg.3292.site.16, 1, 212, 213
1120974.3.peg.3292.site.17, 1, 212, 213
1120974.3.peg.3292.site.18, 2, 215, 217
1120974.3.peg.3292.site.19, 3, 214, 217
1120974.3.peg.3292.site.20, 77, 210, 287
1120974.3.peg.3292.site.21, 1, 212, 213
1120974.3.peg.3292.site.22, 1, 214, 215
1120974.3.peg.3292.site.23, 120, 211, 331
1120974.3.peg.3292.site.24, 35, 211, 246
1120974.3.peg.3292.site.25, 1, 213, 214
1120974.3.peg.3292.site.26, 120, 211, 331
1120974.3.peg.3292.site.27, 120, 210, 330
1120974.3.peg.3295.site.1, 14, 215, 229
1120974.3.peg.3295.site.2, 4, 215, 219
1120974.3.peg.3295.site.3, 1, 216, 217
1120974.3.peg.3295.site.4, 147, 211, 358
1120974.3.peg.3295.site.5, 154, 187, 341
1120974.3.peg.3295.site.6, 0, 210, 210
1120974.3.peg.3295.site.7, 26, 206, 232
1120974.3.peg.3295.site.8, 174, 211, 385
1120974.3.peg.3295.site.9, 185, 205, 390
1120974.3.peg.3295.site.10, 4, 208, 212
1120974.3.peg.3294.site.1, 2, 213, 215
1120974.3.peg.3294.site.2, 163, 209, 372
1120974.3.peg.3294.site.3, 136, 212, 348
1120974.3.peg.3294.site.4, 24, 212, 236
1120974.3.peg.3294.site.5, 130, 210, 340
1120974.3.peg.3294.site.6, 0, 215, 215
1120974.3.peg.3294.site.7, 15, 213, 228
1120974.3.peg.3294.site.8, 138, 209, 347
1120974.3.peg.3294.site.9, 139, 211, 350
1120974.3.peg.3294.site.10, 4, 215, 219
1120974.3.peg.3294.site.11, 16, 215, 231
1120974.3.peg.3294.site.12, 34, 211, 245
1120974.3.peg.3294.site.13, 170, 209, 379
1120974.3.peg.3294.site.14, 38, 208, 246
1120974.3.peg.3294.site.15, 16, 211, 227
1120974.3.peg.3294.site.16, 136, 207, 343
1120974.3.peg.3294.site.17, 17, 196, 213
1120974.3.peg.3294.site.18, 2, 187, 189
1120974.3.peg.3294.site.19, 2, 187, 189
1120974.3.peg.3294.site.20, 129, 166, 295
1120974.3.peg.3294.site.21, 1, 108, 109
1120974.3.peg.3294.site.22, 57, 92, 149
1120974.3.peg.3294.site.23, 60, 94, 154
1120974.3.peg.3294.site.24, 13, 89, 102
1120974.3.peg.3294.site.25, 62, 95, 157
1120974.3.peg.3294.site.26, 148, 181, 329
1120974.3.peg.3294.site.27, 2, 194, 196
1120974.3.peg.3294.site.28, 157, 189, 346
1120974.3.peg.3294.site.29, 146, 213, 359
1120974.3.peg.3294.site.30, 29, 210, 239
1120974.3.peg.3294.site.31, 146, 211, 357
1120974.3.peg.3294.site.32, 29, 212, 241
1120974.3.peg.3294.site.33, 29, 213, 242
1120974.3.peg.3294.site.34, 182, 212, 394
1120974.3.peg.3297.site.1, 0, 213, 213
1120974.3.peg.3297.site.2, 3, 214, 217
1120974.3.peg.3296.site.1, 189, 211, 400
1120974.3.peg.3296.site.2, 29, 165, 194
1120974.3.peg.3296.site.3, 18, 146, 164
1120974.3.peg.3296.site.4, 13, 142, 155
1120974.3.peg.3296.site.5, 0, 123, 123
1120974.3.peg.3296.site.6, 9, 192, 201
1120974.3.peg.3296.site.7, 45, 193, 238
1120974.3.peg.3296.site.8, 57, 201, 258
1120974.3.peg.3296.site.9, 1, 208, 209
1120974.3.peg.3296.site.10, 1, 187, 188
1120974.3.peg.3296.site.11, 1, 178, 179
1120974.3.peg.3296.site.12, 1, 197, 198
1120974.3.peg.3296.site.13, 1, 212, 213
1120974.3.peg.3296.site.14, 54, 206, 260
1120974.3.peg.3296.site.15, 2, 214, 216
1120974.3.peg.3296.site.16, 2, 214, 216
1120974.3.peg.3296.site.17, 3, 213, 216
1120974.3.peg.3296.site.18, 3, 214, 217
1120974.3.peg.3296.site.19, 56, 211, 267
1120974.3.peg.3296.site.20, 0, 215, 215
1120974.3.peg.3296.site.21, 0, 214, 214
1120974.3.peg.3296.site.22, 0, 216, 216
1120974.3.peg.3296.site.23, 54, 211, 265
1120974.3.peg.3296.site.24, 1, 215, 216
1120974.3.peg.3296.site.25, 4, 215, 219
1120974.3.peg.3296.site.26, 187, 209, 396
1120974.3.peg.3296.site.27, 186, 207, 393
1120974.3.peg.3296.site.28, 2, 205, 207
1120974.3.peg.3296.site.29, 56, 208, 264
1120974.3.peg.3296.site.30, 124, 205, 329
1120974.3.peg.3296.site.31, 0, 214, 214
1120974.3.peg.3296.site.32, 4, 212, 216
1120974.3.peg.3296.site.33, 55, 211, 266
1120974.3.peg.3296.site.34, 57, 211, 268
1120974.3.peg.3296.site.35, 4, 215, 219
1120974.3.peg.3296.site.36, 139, 202, 341
1120974.3.peg.3296.site.37, 46, 194, 240
1120974.3.peg.3296.site.38, 201, 204, 405
1120974.3.peg.3296.site.39, 0, 195, 195
1120974.3.peg.3296.site.40, 0, 129, 129
1120974.3.peg.3296.site.41, 2, 116, 118
1120974.3.peg.3296.site.42, 3, 100, 103
1120974.3.peg.3296.site.43, 15, 90, 105
1120974.3.peg.3296.site.44, 79, 88, 167
1120974.3.peg.3296.site.45, 89, 97, 186
1120974.3.peg.3296.site.46, 53, 131, 184
1120974.3.peg.3296.site.47, 178, 191, 369
1120974.3.peg.3296.site.48, 10, 199, 209
1120974.3.peg.3296.site.49, 165, 186, 351
1120974.3.peg.3296.site.50, 0, 204, 204
1120974.3.peg.3296.site.51, 200, 211, 411
1120974.3.peg.3296.site.52, 10, 214, 224
1120974.3.peg.3296.site.53, 0, 215, 215
1120974.3.peg.3296.site.54, 66, 211, 277
1120974.3.peg.3296.site.55, 122, 211, 333
1120974.3.peg.1925.site.1, 21, 160, 181
1120974.3.peg.1925.site.2, 1, 169, 170
1120974.3.peg.1925.site.3, 50, 189, 239
1120974.3.peg.1925.site.4, 67, 208, 275
1120974.3.peg.1925.site.5, 8, 213, 221
1120974.3.peg.1925.site.6, 2, 210, 212
1120974.3.peg.1925.site.7, 1, 213, 214
1120974.3.peg.1925.site.8, 4, 212, 216
1120974.3.peg.1925.site.9, 88, 211, 299
1120974.3.peg.1925.site.10, 38, 213, 251
1120974.3.peg.1925.site.11, 77, 212, 289
1120974.3.peg.1925.site.12, 32, 209, 241
1120974.3.peg.1925.site.13, 31, 212, 243
1120974.3.peg.1925.site.14, 47, 210, 257
1120974.3.peg.1925.site.15, 47, 212, 259
1120974.3.peg.1925.site.16, 2, 210, 212
1120974.3.peg.1925.site.17, 41, 209, 250
1120974.3.peg.1925.site.18, 72, 211, 283
1120974.3.peg.1925.site.19, 62, 210, 272
1120974.3.peg.1925.site.20, 1, 215, 216
1120974.3.peg.1925.site.21, 1, 215, 216
1120974.3.peg.1925.site.22, 2, 215, 217
1120974.3.peg.1925.site.23, 7, 215, 222
1120974.3.peg.1925.site.24, 1, 215, 216
1120974.3.peg.1925.site.25, 5, 212, 217
1120974.3.peg.1925.site.26, 5, 213, 218
1120974.3.peg.1925.site.27, 2, 214, 216
1120974.3.peg.1925.site.28, 70, 175, 245
1120974.3.peg.1925.site.29, 94, 168, 262
1120974.3.peg.1925.site.30, 1, 175, 176
1120974.3.peg.1925.site.31, 32, 199, 231
1120974.3.peg.1925.site.32, 117, 208, 325
1120974.3.peg.1925.site.33, 0, 216, 216
1120974.3.peg.1925.site.34, 20, 215, 235
1120974.3.peg.1925.site.35, 1, 216, 217
1120974.3.peg.1925.site.36, 3, 55, 58
1120974.3.peg.1925.site.37, 4, 58, 62
1120974.3.peg.1925.site.38, 2, 104, 106
1120974.3.peg.1925.site.39, 54, 102, 156
1120974.3.peg.1925.site.40, 143, 193, 336
1120974.3.peg.1925.site.41, 151, 201, 352
1120974.3.peg.1925.site.42, 150, 199, 349
1120974.3.peg.646.site.1, 164, 213, 377
1120974.3.peg.646.site.2, 0, 213, 213
1120974.3.peg.646.site.3, 6, 214, 220
1120974.3.peg.646.site.4, 1, 214, 215
1120974.3.peg.646.site.5, 3, 207, 210
1120974.3.peg.646.site.6, 3, 193, 196
1120974.3.peg.646.site.7, 206, 208, 414
1120974.3.peg.646.site.8, 3, 182, 185
1120974.3.peg.646.site.9, 1, 190, 191
1120974.3.peg.646.site.10, 4, 202, 206
1120974.3.peg.646.site.11, 3, 212, 215
1120974.3.peg.646.site.12, 1, 210, 211
1120974.3.peg.646.site.13, 0, 214, 214
1120974.3.peg.646.site.14, 2, 213, 215
1120974.3.peg.646.site.15, 0, 209, 209
1120974.3.peg.646.site.16, 0, 202, 202
1120974.3.peg.646.site.17, 5, 138, 143
1120974.3.peg.646.site.18, 5, 36, 41
1120974.3.peg.646.site.19, 10, 37, 47
1120974.3.peg.646.site.20, 6, 40, 46
1120974.3.peg.646.site.21, 10, 60, 70
1120974.3.peg.646.site.22, 174, 204, 378
1120974.3.peg.646.site.23, 162, 194, 356
1120974.3.peg.646.site.24, 163, 195, 358
1120974.3.peg.646.site.25, 2, 203, 205
1120974.3.peg.646.site.26, 4, 208, 212
1120974.3.peg.646.site.27, 173, 207, 380
1120974.3.peg.646.site.28, 5, 207, 212
1120974.3.peg.646.site.29, 3, 198, 201
1120974.3.peg.646.site.30, 4, 214, 218
1120974.3.peg.646.site.31, 2, 213, 215
1120974.3.peg.646.site.32, 2, 211, 213
1120974.3.peg.646.site.33, 10, 207, 217
1120974.3.peg.646.site.34, 180, 198, 378
1120974.3.peg.646.site.35, 14, 205, 219
1120974.3.peg.646.site.36, 1, 203, 204
1120974.3.peg.646.site.37, 3, 213, 216
1120974.3.peg.646.site.38, 0, 209, 209
1120974.3.peg.646.site.39, 6, 196, 202
1120974.3.peg.646.site.40, 4, 166, 170
1120974.3.peg.646.site.41, 155, 163, 318
1120974.3.peg.646.site.42, 146, 170, 316
1120974.3.peg.646.site.43, 11, 206, 217
1120974.3.peg.646.site.44, 5, 208, 213
1120974.3.peg.646.site.45, 182, 207, 389
1120974.3.peg.646.site.46, 190, 202, 392
1120974.3.peg.646.site.47, 4, 196, 200
1120974.3.peg.646.site.48, 163, 180, 343
1120974.3.peg.646.site.49, 3, 147, 150
1120974.3.peg.646.site.50, 10, 211, 221
1120974.3.peg.647.site.1, 210, 212, 422
1120974.3.peg.647.site.2, 4, 214, 218
1120974.3.peg.647.site.3, 5, 213, 218
1120974.3.peg.647.site.4, 5, 211, 216
1120974.3.peg.647.site.5, 4, 214, 218
1120974.3.peg.647.site.6, 3, 209, 212
1120974.3.peg.647.site.7, 2, 209, 211
1120974.3.peg.647.site.8, 1, 182, 183
1120974.3.peg.647.site.9, 0, 166, 166
1120974.3.peg.647.site.10, 143, 164, 307
1120974.3.peg.647.site.11, 8, 21, 29
1120974.3.peg.647.site.12, 24, 41, 65
1120974.3.peg.647.site.13, 3, 67, 70
1120974.3.peg.647.site.14, 68, 85, 153
1120974.3.peg.647.site.15, 3, 169, 172
1120974.3.peg.647.site.16, 1, 208, 209
1120974.3.peg.647.site.17, 1, 209, 210
1120974.3.peg.647.site.18, 5, 209, 214
1120974.3.peg.647.site.19, 2, 211, 213
1120974.3.peg.647.site.20, 2, 209, 211
1120974.3.peg.647.site.21, 0, 214, 214
1120974.3.peg.647.site.22, 0, 212, 212
1120974.3.peg.647.site.23, 0, 212, 212
1120974.3.peg.647.site.24, 0, 212, 212
1120974.3.peg.647.site.25, 0, 211, 211
1120974.3.peg.647.site.26, 4, 212, 216
1120974.3.peg.647.site.27, 16, 214, 230
1120974.3.peg.647.site.28, 9, 210, 219
1120974.3.peg.647.site.29, 61, 64, 125
1120974.3.peg.647.site.30, 2, 13, 15
1120974.3.peg.647.site.31, 6, 9, 15
1120974.3.peg.647.site.32, 6, 9, 15
1120974.3.peg.647.site.33, 1, 19, 20
1120974.3.peg.647.site.34, 3, 9, 12
1120974.3.peg.647.site.35, 2, 6, 8
1120974.3.peg.647.site.36, 5, 25, 30
1120974.3.peg.647.site.37, 1, 204, 205
1120974.3.peg.647.site.38, 1, 205, 206
1120974.3.peg.647.site.39, 168, 189, 357
1120974.3.peg.647.site.40, 0, 186, 186
1120974.3.peg.647.site.41, 10, 193, 203
1120974.3.peg.647.site.42, 145, 164, 309
1120974.3.peg.647.site.43, 2, 183, 185
1120974.3.peg.647.site.44, 164, 184, 348
1120974.3.peg.647.site.45, 7, 187, 194
1120974.3.peg.647.site.46, 1, 153, 154
1120974.3.peg.647.site.47, 1, 156, 157
1120974.3.peg.647.site.48, 1, 182, 183
1120974.3.peg.647.site.49, 1, 199, 200
1120974.3.peg.647.site.50, 178, 205, 383
1120974.3.peg.647.site.51, 189, 208, 397
1120974.3.peg.647.site.52, 1, 213, 214
1120974.3.peg.644.site.1, 4, 154, 158
1120974.3.peg.644.site.2, 212, 215, 427
1120974.3.peg.644.site.3, 17, 215, 232
1120974.3.peg.644.site.4, 63, 209, 272
1120974.3.peg.644.site.5, 9, 213, 222
1120974.3.peg.644.site.6, 7, 214, 221
1120974.3.peg.644.site.7, 53, 208, 261
1120974.3.peg.644.site.8, 0, 209, 209
1120974.3.peg.644.site.9, 119, 201, 320
1120974.3.peg.644.site.10, 52, 201, 253
1120974.3.peg.644.site.11, 123, 208, 331
1120974.3.peg.644.site.12, 5, 208, 213
1120974.3.peg.644.site.13, 206, 209, 415
1120974.3.peg.644.site.14, 123, 215, 338
1120974.3.peg.644.site.15, 54, 213, 267
1120974.3.peg.644.site.16, 113, 201, 314
1120974.3.peg.644.site.17, 2, 213, 215
1120974.3.peg.644.site.18, 6, 215, 221
1120974.3.peg.644.site.19, 57, 210, 267
1120974.3.peg.644.site.20, 0, 215, 215
1120974.3.peg.644.site.21, 6, 214, 220
1120974.3.peg.644.site.22, 4, 215, 219
1120974.3.peg.644.site.23, 1, 215, 216
1120974.3.peg.644.site.24, 6, 215, 221
1120974.3.peg.644.site.25, 194, 194, 388
1120974.3.peg.644.site.26, 3, 204, 207
1120974.3.peg.644.site.27, 6, 216, 222
1120974.3.peg.644.site.28, 120, 210, 330
1120974.3.peg.644.site.29, 119, 211, 330
1120974.3.peg.644.site.30, 114, 212, 326
1120974.3.peg.644.site.31, 115, 210, 325
1120974.3.peg.644.site.32, 0, 213, 213
1120974.3.peg.644.site.33, 198, 212, 410
1120974.3.peg.644.site.34, 12, 198, 210
1120974.3.peg.644.site.35, 10, 201, 211
1120974.3.peg.644.site.36, 1, 213, 214
1120974.3.peg.644.site.37, 151, 209, 360
1120974.3.peg.644.site.38, 2, 214, 216
1120974.3.peg.644.site.39, 0, 213, 213
1120974.3.peg.644.site.40, 0, 198, 198
1120974.3.peg.644.site.41, 2, 190, 192
1120974.3.peg.644.site.42, 15, 162, 177
1120974.3.peg.644.site.43, 112, 163, 275
1120974.3.peg.644.site.44, 2, 170, 172
1120974.3.peg.644.site.45, 145, 204, 349
1120974.3.peg.644.site.46, 134, 206, 340
1120974.3.peg.644.site.47, 156, 215, 371
1120974.3.peg.644.site.48, 209, 214, 423
1120974.3.peg.644.site.49, 0, 209, 209
1120974.3.peg.644.site.50, 0, 184, 184
1120974.3.peg.644.site.51, 3, 194, 197
1120974.3.peg.644.site.52, 3, 202, 205
1120974.3.peg.644.site.53, 6, 209, 215
1120974.3.peg.644.site.54, 159, 214, 373
1120974.3.peg.644.site.55, 162, 213, 375
1120974.3.peg.644.site.56, 159, 212, 371
1120974.3.peg.644.site.57, 212, 214, 426
1120974.3.peg.644.site.58, 2, 214, 216
1120974.3.peg.644.site.59, 1, 212, 213
1120974.3.peg.644.site.60, 16, 210, 226
1120974.3.peg.644.site.61, 2, 209, 211
1120974.3.peg.644.site.62, 167, 201, 368
1120974.3.peg.645.site.1, 162, 213, 375
1120974.3.peg.645.site.2, 0, 215, 215
1120974.3.peg.645.site.3, 12, 214, 226
1120974.3.peg.645.site.4, 23, 214, 237
1120974.3.peg.645.site.5, 146, 211, 357
1120974.3.peg.645.site.6, 6, 215, 221
1120974.3.peg.645.site.7, 162, 212, 374
1120974.3.peg.645.site.8, 160, 211, 371
1120974.3.peg.645.site.9, 204, 213, 417
1120974.3.peg.645.site.10, 159, 209, 368
1120974.3.peg.645.site.11, 0, 212, 212
1120974.3.peg.645.site.12, 160, 213, 373
1120974.3.peg.645.site.13, 1, 214, 215
1120974.3.peg.645.site.14, 0, 213, 213
1120974.3.peg.645.site.15, 2, 215, 217
1120974.3.peg.645.site.16, 2, 213, 215
1120974.3.peg.642.site.1, 0, 215, 215
1120974.3.peg.642.site.2, 5, 215, 220
1120974.3.peg.642.site.3, 3, 215, 218
1120974.3.peg.642.site.4, 212, 214, 426
1120974.3.peg.642.site.5, 11, 215, 226
1120974.3.peg.642.site.6, 30, 210, 240
1120974.3.peg.642.site.7, 32, 212, 244
1120974.3.peg.642.site.8, 197, 212, 409
1120974.3.peg.642.site.9, 33, 213, 246
1120974.3.peg.642.site.10, 32, 213, 245
1120974.3.peg.643.site.1, 66, 211, 277
1120974.3.peg.643.site.2, 6, 214, 220
1120974.3.peg.643.site.3, 187, 210, 397
1120974.3.peg.643.site.4, 68, 211, 279
1120974.3.peg.643.site.5, 68, 209, 277
1120974.3.peg.643.site.6, 33, 211, 244
1120974.3.peg.643.site.7, 154, 211, 365
1120974.3.peg.643.site.8, 0, 215, 215
1120974.3.peg.643.site.9, 110, 200, 310
1120974.3.peg.643.site.10, 194, 196, 390
1120974.3.peg.643.site.11, 16, 184, 200
1120974.3.peg.643.site.12, 19, 179, 198
1120974.3.peg.643.site.13, 2, 150, 152
1120974.3.peg.643.site.14, 2, 144, 146
1120974.3.peg.643.site.15, 141, 141, 282
1120974.3.peg.643.site.16, 125, 141, 266
1120974.3.peg.643.site.17, 17, 133, 150
1120974.3.peg.643.site.18, 0, 126, 126
1120974.3.peg.643.site.19, 2, 121, 123
1120974.3.peg.643.site.20, 13, 152, 165
1120974.3.peg.643.site.21, 143, 143, 286
1120974.3.peg.640.site.1, 148, 208, 356
1120974.3.peg.640.site.2, 129, 213, 342
1120974.3.peg.640.site.3, 180, 212, 392
1120974.3.peg.640.site.4, 97, 131, 228
1120974.3.peg.640.site.5, 21, 158, 179
1120974.3.peg.640.site.6, 0, 215, 215
1120974.3.peg.640.site.7, 0, 215, 215
1120974.3.peg.640.site.8, 181, 214, 395
1120974.3.peg.640.site.9, 15, 211, 226
1120974.3.peg.640.site.10, 181, 214, 395
1120974.3.peg.640.site.11, 212, 214, 426
1120974.3.peg.640.site.12, 1, 205, 206
1120974.3.peg.640.site.13, 0, 204, 204
1120974.3.peg.640.site.14, 0, 201, 201
1120974.3.peg.640.site.15, 160, 191, 351
1120974.3.peg.640.site.16, 163, 194, 357
1120974.3.peg.640.site.17, 0, 200, 200
1120974.3.peg.640.site.18, 172, 202, 374
1120974.3.peg.640.site.19, 0, 204, 204
1120974.3.peg.640.site.20, 0, 208, 208
1120974.3.peg.640.site.21, 1, 215, 216
1120974.3.peg.641.site.1, 0, 214, 214
1120974.3.peg.641.site.2, 18, 215, 233
1120974.3.peg.641.site.3, 0, 214, 214
1120974.3.peg.641.site.4, 182, 213, 395
1120974.3.peg.641.site.5, 207, 211, 418
1120974.3.peg.641.site.6, 33, 208, 241
1120974.3.peg.641.site.7, 182, 213, 395
1120974.3.peg.641.site.8, 182, 215, 397
1120974.3.peg.641.site.9, 113, 210, 323
1120974.3.peg.641.site.10, 0, 189, 189
1120974.3.peg.641.site.11, 4, 194, 198
1120974.3.peg.641.site.12, 0, 215, 215
1120974.3.peg.641.site.13, 0, 207, 207
1120974.3.peg.641.site.14, 113, 211, 324
1120974.3.peg.641.site.15, 3, 215, 218
1120974.3.peg.641.site.16, 1, 214, 215
1120974.3.peg.641.site.17, 115, 211, 326
1120974.3.peg.641.site.18, 35, 214, 249
1120974.3.peg.641.site.19, 2, 214, 216
1120974.3.peg.641.site.20, 2, 214, 216
1120974.3.peg.641.site.21, 0, 213, 213
1120974.3.peg.641.site.22, 0, 215, 215
1120974.3.peg.641.site.23, 111, 214, 325
1120974.3.peg.641.site.24, 211, 215, 426
1120974.3.peg.641.site.25, 70, 213, 283
1120974.3.peg.648.site.1, 3, 212, 215
1120974.3.peg.648.site.2, 2, 211, 213
1120974.3.peg.648.site.3, 1, 211, 212
1120974.3.peg.648.site.4, 3, 200, 203
1120974.3.peg.648.site.5, 137, 154, 291
1120974.3.peg.648.site.6, 189, 205, 394
1120974.3.peg.648.site.7, 0, 212, 212
1120974.3.peg.648.site.8, 1, 210, 211
1120974.3.peg.648.site.9, 0, 204, 204
1120974.3.peg.648.site.10, 3, 206, 209
1120974.3.peg.648.site.11, 0, 210, 210
1120974.3.peg.648.site.12, 0, 209, 209
1120974.3.peg.648.site.13, 0, 173, 173
1120974.3.peg.648.site.14, 2, 189, 191
1120974.3.peg.648.site.15, 0, 200, 200
1120974.3.peg.648.site.16, 185, 206, 391
1120974.3.peg.648.site.17, 203, 206, 409
1120974.3.peg.648.site.18, 3, 199, 202
1120974.3.peg.648.site.19, 5, 204, 209
1120974.3.peg.648.site.20, 202, 202, 404
1120974.3.peg.648.site.21, 7, 200, 207
1120974.3.peg.648.site.22, 7, 201, 208
1120974.3.peg.649.site.1, 201, 210, 411
1120974.3.peg.649.site.2, 4, 210, 214
1120974.3.peg.649.site.3, 6, 153, 159
1120974.3.peg.649.site.4, 141, 146, 287
1120974.3.peg.649.site.5, 4, 156, 160
1120974.3.peg.649.site.6, 6, 168, 174
1120974.3.peg.649.site.7, 5, 158, 163
1120974.3.peg.649.site.8, 174, 196, 370
1120974.3.peg.649.site.9, 18, 189, 207
1120974.3.peg.649.site.10, 1, 208, 209
1120974.3.peg.649.site.11, 193, 207, 400
1120974.3.peg.649.site.12, 1, 212, 213
1120974.3.peg.649.site.13, 2, 206, 208
1120974.3.peg.649.site.14, 1, 107, 108
1120974.3.peg.3200.site.1, 42, 211, 253
1120974.3.peg.3200.site.2, 31, 203, 234
1120974.3.peg.3200.site.3, 32, 204, 236
1120974.3.peg.3200.site.4, 36, 208, 244
1120974.3.peg.3200.site.5, 2, 214, 216
1120974.3.peg.3200.site.6, 22, 214, 236
1120974.3.peg.3200.site.7, 42, 214, 256
1120974.3.peg.3200.site.8, 0, 216, 216
1120974.3.peg.3200.site.9, 0, 215, 215
1120974.3.peg.3200.site.10, 0, 216, 216
1120974.3.peg.3200.site.11, 0, 210, 210
1120974.3.peg.3200.site.12, 134, 207, 341
1120974.3.peg.3200.site.13, 171, 209, 380
1120974.3.peg.3200.site.14, 37, 166, 203
1120974.3.peg.3200.site.15, 51, 180, 231
1120974.3.peg.3200.site.16, 2, 210, 212
1120974.3.peg.3200.site.17, 172, 207, 379
1120974.3.peg.3200.site.18, 84, 212, 296
1120974.3.peg.3200.site.19, 0, 216, 216
1120974.3.peg.3200.site.20, 41, 213, 254
1120974.3.peg.3200.site.21, 180, 214, 394
1120974.3.peg.3200.site.22, 178, 213, 391
1120974.3.peg.3200.site.23, 179, 212, 391
1120974.3.peg.3200.site.24, 210, 215, 425
1120974.3.peg.3200.site.25, 2, 216, 218
1120974.3.peg.3200.site.26, 0, 216, 216
1120974.3.peg.3200.site.27, 177, 212, 389
1120974.3.peg.3200.site.28, 103, 209, 312
1120974.3.peg.3200.site.29, 197, 214, 411
1120974.3.peg.2169.site.1, 54, 211, 265
1120974.3.peg.2169.site.2, 0, 215, 215
1120974.3.peg.2169.site.3, 160, 213, 373
1120974.3.peg.2169.site.4, 160, 213, 373
1120974.3.peg.2169.site.5, 3, 214, 217
1120974.3.peg.2169.site.6, 0, 215, 215
1120974.3.peg.2169.site.7, 160, 211, 371
1120974.3.peg.2169.site.8, 6, 215, 221
1120974.3.peg.2169.site.9, 6, 216, 222
1120974.3.peg.2169.site.10, 3, 216, 219
1120974.3.peg.2169.site.11, 2, 216, 218
1120974.3.peg.2169.site.12, 0, 215, 215
1120974.3.peg.2169.site.13, 0, 213, 213
1120974.3.peg.2166.site.1, 173, 183, 356
1120974.3.peg.2166.site.2, 84, 213, 297
1120974.3.peg.2166.site.3, 84, 213, 297
1120974.3.peg.2166.site.4, 177, 206, 383
1120974.3.peg.2166.site.5, 159, 188, 347
1120974.3.peg.2166.site.6, 20, 150, 170
1120974.3.peg.2166.site.7, 68, 198, 266
1120974.3.peg.2166.site.8, 85, 214, 299
1120974.3.peg.2166.site.9, 36, 141, 177
1120974.3.peg.2166.site.10, 87, 106, 193
1120974.3.peg.2166.site.11, 86, 105, 191
1120974.3.peg.2166.site.12, 85, 105, 190
1120974.3.peg.2166.site.13, 5, 108, 113
1120974.3.peg.2166.site.14, 16, 121, 137
1120974.3.peg.2166.site.15, 18, 121, 139
1120974.3.peg.2166.site.16, 74, 177, 251
1120974.3.peg.2166.site.17, 4, 210, 214
1120974.3.peg.2166.site.18, 83, 209, 292
1120974.3.peg.2166.site.19, 0, 214, 214
1120974.3.peg.2166.site.20, 48, 211, 259
1120974.3.peg.2166.site.21, 1, 212, 213
1120974.3.peg.2166.site.22, 2, 207, 209
1120974.3.peg.2166.site.23, 1, 208, 209
1120974.3.peg.2166.site.24, 7, 214, 221
1120974.3.peg.2166.site.25, 8, 215, 223
1120974.3.peg.2166.site.26, 8, 215, 223
1120974.3.peg.2166.site.27, 8, 213, 221
1120974.3.peg.2166.site.28, 8, 214, 222
1120974.3.peg.2166.site.29, 0, 216, 216
1120974.3.peg.2166.site.30, 0, 215, 215
1120974.3.peg.2166.site.31, 8, 215, 223
1120974.3.peg.2166.site.32, 1, 215, 216
1120974.3.peg.2166.site.33, 8, 215, 223
1120974.3.peg.2166.site.34, 44, 215, 259
1120974.3.peg.2166.site.35, 7, 212, 219
1120974.3.peg.2166.site.36, 5, 210, 215
1120974.3.peg.2166.site.37, 2, 213, 215
1120974.3.peg.2166.site.38, 0, 214, 214
1120974.3.peg.2166.site.39, 0, 214, 214
1120974.3.peg.2166.site.40, 3, 209, 212
1120974.3.peg.2166.site.41, 2, 209, 211
1120974.3.peg.2166.site.42, 3, 206, 209
1120974.3.peg.2166.site.43, 186, 208, 394
1120974.3.peg.2166.site.44, 210, 210, 420
1120974.3.peg.2166.site.45, 8, 203, 211
1120974.3.peg.2166.site.46, 3, 68, 71
1120974.3.peg.2166.site.47, 0, 32, 32
1120974.3.peg.2166.site.48, 8, 60, 68
1120974.3.peg.2166.site.49, 45, 78, 123
1120974.3.peg.2166.site.50, 1, 84, 85
1120974.3.peg.2166.site.51, 4, 63, 67
1120974.3.peg.2166.site.52, 4, 78, 82
1120974.3.peg.2166.site.53, 44, 106, 150
1120974.3.peg.2166.site.54, 31, 134, 165
1120974.3.peg.2166.site.55, 95, 158, 253
1120974.3.peg.2166.site.56, 29, 157, 186
1120974.3.peg.2166.site.57, 85, 148, 233
1120974.3.peg.2166.site.58, 65, 128, 193
1120974.3.peg.2166.site.59, 55, 118, 173
1120974.3.peg.2166.site.60, 6, 108, 114
1120974.3.peg.2166.site.61, 6, 94, 100
1120974.3.peg.2166.site.62, 4, 66, 70
1120974.3.peg.2166.site.63, 2, 57, 59
1120974.3.peg.2166.site.64, 1, 58, 59
1120974.3.peg.2166.site.65, 2, 58, 60
1120974.3.peg.2166.site.66, 31, 54, 85
1120974.3.peg.2166.site.67, 2, 57, 59
1120974.3.peg.1719.site.1, 48, 213, 261
1120974.3.peg.1226.site.1, 159, 166, 325
1120974.3.peg.933.site.1, 168, 210, 378
1120974.3.peg.933.site.2, 179, 211, 390
1120974.3.peg.933.site.3, 0, 213, 213
1120974.3.peg.933.site.4, 168, 212, 380
1120974.3.peg.933.site.5, 9, 215, 224
1120974.3.peg.933.site.6, 2, 215, 217
1120974.3.peg.933.site.7, 2, 215, 217
1120974.3.peg.933.site.8, 3, 215, 218
1120974.3.peg.933.site.9, 191, 211, 402
1120974.3.peg.933.site.10, 22, 205, 227
1120974.3.peg.933.site.11, 165, 206, 371
1120974.3.peg.933.site.12, 187, 211, 398
1120974.3.peg.933.site.13, 188, 213, 401
1120974.3.peg.933.site.14, 0, 212, 212
1120974.3.peg.933.site.15, 25, 213, 238
1120974.3.peg.933.site.16, 0, 212, 212
1120974.3.peg.933.site.17, 24, 211, 235
1120974.3.peg.933.site.18, 1, 213, 214
1120974.3.peg.933.site.19, 2, 214, 216
1120974.3.peg.933.site.20, 2, 214, 216
1120974.3.peg.933.site.21, 182, 212, 394
1120974.3.peg.933.site.22, 152, 213, 365
1120974.3.peg.933.site.23, 152, 212, 364
1120974.3.peg.933.site.24, 0, 212, 212
1120974.3.peg.933.site.25, 153, 212, 365
1120974.3.peg.933.site.26, 7, 196, 203
1120974.3.peg.933.site.27, 9, 188, 197
1120974.3.peg.933.site.28, 186, 186, 372
1120974.3.peg.889.site.1, 3, 215, 218
1120974.3.peg.889.site.2, 0, 216, 216
1120974.3.peg.889.site.3, 2, 213, 215
1120974.3.peg.889.site.4, 3, 215, 218
1120974.3.peg.889.site.5, 204, 214, 418
1120974.3.peg.889.site.6, 2, 215, 217
1120974.3.peg.889.site.7, 64, 212, 276
1120974.3.peg.889.site.8, 3, 216, 219
1120974.3.peg.889.site.9, 185, 213, 398
1120974.3.peg.889.site.10, 21, 215, 236
1120974.3.peg.889.site.11, 0, 216, 216
1120974.3.peg.889.site.12, 65, 209, 274
1120974.3.peg.889.site.13, 0, 187, 187
1120974.3.peg.889.site.14, 106, 172, 278
1120974.3.peg.889.site.15, 52, 170, 222
1120974.3.peg.889.site.16, 1, 160, 161
1120974.3.peg.889.site.17, 41, 173, 214
1120974.3.peg.889.site.18, 0, 143, 143
1120974.3.peg.889.site.19, 131, 156, 287
1120974.3.peg.889.site.20, 106, 127, 233
1120974.3.peg.889.site.21, 0, 131, 131
1120974.3.peg.889.site.22, 9, 135, 144
1120974.3.peg.889.site.23, 23, 157, 180
1120974.3.peg.889.site.24, 155, 159, 314
1120974.3.peg.889.site.25, 29, 161, 190
1120974.3.peg.889.site.26, 88, 173, 261
1120974.3.peg.889.site.27, 15, 153, 168
1120974.3.peg.889.site.28, 49, 182, 231
1120974.3.peg.889.site.29, 32, 171, 203
1120974.3.peg.889.site.30, 61, 205, 266
1120974.3.peg.889.site.31, 0, 214, 214
1120974.3.peg.889.site.32, 51, 193, 244
1120974.3.peg.889.site.33, 4, 196, 200
1120974.3.peg.889.site.34, 6, 188, 194
1120974.3.peg.889.site.35, 5, 149, 154
1120974.3.peg.889.site.36, 5, 152, 157
1120974.3.peg.889.site.37, 2, 149, 151
1120974.3.peg.889.site.38, 4, 149, 153
1120974.3.peg.889.site.39, 148, 148, 296
1120974.3.peg.889.site.40, 1, 146, 147
1120974.3.peg.889.site.41, 3, 148, 151
1120974.3.peg.889.site.42, 0, 213, 213
1120974.3.peg.889.site.43, 13, 208, 221
1120974.3.peg.889.site.44, 187, 210, 397
1120974.3.peg.889.site.45, 175, 198, 373
1120974.3.peg.889.site.46, 139, 161, 300
1120974.3.peg.889.site.47, 4, 171, 175
1120974.3.peg.889.site.48, 169, 189, 358
1120974.3.peg.889.site.49, 190, 209, 399
1120974.3.peg.889.site.50, 192, 214, 406
1120974.3.peg.889.site.51, 191, 212, 403
1120974.3.peg.468.site.1, 0, 175, 175
1120974.3.peg.468.site.2, 132, 166, 298
1120974.3.peg.468.site.3, 110, 167, 277
1120974.3.peg.468.site.4, 111, 168, 279
1120974.3.peg.468.site.5, 71, 129, 200
1120974.3.peg.468.site.6, 13, 106, 119
1120974.3.peg.468.site.7, 51, 108, 159
1120974.3.peg.468.site.8, 55, 113, 168
1120974.3.peg.468.site.9, 12, 111, 123
1120974.3.peg.468.site.10, 34, 85, 119
1120974.3.peg.468.site.11, 10, 90, 100
1120974.3.peg.468.site.12, 106, 161, 267
1120974.3.peg.468.site.13, 0, 203, 203
1120974.3.peg.468.site.14, 20, 208, 228
1120974.3.peg.468.site.15, 8, 211, 219
1120974.3.peg.468.site.16, 169, 208, 377
1120974.3.peg.468.site.17, 169, 208, 377
1120974.3.peg.468.site.18, 118, 163, 281
1120974.3.peg.468.site.19, 111, 139, 250
1120974.3.peg.468.site.20, 60, 106, 166
1120974.3.peg.468.site.21, 13, 60, 73
1120974.3.peg.468.site.22, 3, 50, 53
1120974.3.peg.468.site.23, 8, 54, 62
1120974.3.peg.468.site.24, 5, 61, 66
1120974.3.peg.468.site.25, 2, 99, 101
1120974.3.peg.468.site.26, 36, 83, 119
1120974.3.peg.468.site.27, 39, 85, 124
1120974.3.peg.468.site.28, 26, 53, 79
1120974.3.peg.468.site.29, 15, 51, 66
1120974.3.peg.468.site.30, 8, 54, 62
1120974.3.peg.468.site.31, 15, 57, 72
1120974.3.peg.468.site.32, 9, 140, 149
1120974.3.peg.468.site.33, 11, 150, 161
1120974.3.peg.466.site.1, 0, 193, 193
1120974.3.peg.466.site.2, 87, 116, 203
1120974.3.peg.466.site.3, 16, 126, 142
1120974.3.peg.466.site.4, 45, 86, 131
1120974.3.peg.466.site.5, 62, 93, 155
1120974.3.peg.466.site.6, 0, 209, 209
1120974.3.peg.466.site.7, 6, 216, 222
1120974.3.peg.466.site.8, 24, 214, 238
1120974.3.peg.466.site.9, 195, 203, 398
1120974.3.peg.466.site.10, 179, 208, 387
1120974.3.peg.466.site.11, 176, 211, 387
1120974.3.peg.466.site.12, 179, 213, 392
1120974.3.peg.466.site.13, 0, 216, 216
1120974.3.peg.466.site.14, 4, 216, 220
1120974.3.peg.466.site.15, 177, 213, 390
1120974.3.peg.466.site.16, 20, 211, 231
1120974.3.peg.466.site.17, 132, 159, 291
1120974.3.peg.466.site.18, 132, 136, 268
1120974.3.peg.466.site.19, 4, 34, 38
1120974.3.peg.466.site.20, 51, 72, 123
1120974.3.peg.466.site.21, 61, 118, 179
1120974.3.peg.466.site.22, 26, 168, 194
1120974.3.peg.466.site.23, 144, 182, 326
1120974.3.peg.466.site.24, 141, 179, 320
1120974.3.peg.466.site.25, 50, 90, 140
1120974.3.peg.466.site.26, 16, 56, 72
1120974.3.peg.466.site.27, 2, 70, 72
1120974.3.peg.466.site.28, 37, 77, 114
1120974.3.peg.466.site.29, 34, 86, 120
1120974.3.peg.466.site.30, 86, 126, 212
1120974.3.peg.466.site.31, 20, 211, 231
1120974.3.peg.466.site.32, 173, 212, 385
1120974.3.peg.466.site.33, 0, 216, 216
1120974.3.peg.467.site.1, 0, 192, 192
1120974.3.peg.467.site.2, 115, 146, 261
1120974.3.peg.467.site.3, 13, 54, 67
1120974.3.peg.467.site.4, 5, 46, 51
1120974.3.peg.467.site.5, 12, 52, 64
1120974.3.peg.467.site.6, 37, 81, 118
1120974.3.peg.467.site.7, 5, 116, 121
1120974.3.peg.467.site.8, 3, 112, 115
1120974.3.peg.467.site.9, 2, 112, 114
1120974.3.peg.467.site.10, 1, 107, 108
1120974.3.peg.467.site.11, 0, 117, 117
1120974.3.peg.467.site.12, 6, 111, 117
1120974.3.peg.467.site.13, 18, 106, 124
1120974.3.peg.467.site.14, 5, 113, 118
1120974.3.peg.467.site.15, 68, 171, 239
1120974.3.peg.467.site.16, 99, 203, 302
1120974.3.peg.467.site.17, 163, 207, 370
1120974.3.peg.467.site.18, 100, 205, 305
1120974.3.peg.467.site.19, 1, 208, 209
1120974.3.peg.467.site.20, 4, 213, 217
1120974.3.peg.467.site.21, 1, 212, 213
1120974.3.peg.467.site.22, 66, 176, 242
1120974.3.peg.467.site.23, 59, 169, 228
1120974.3.peg.467.site.24, 7, 212, 219
1120974.3.peg.467.site.25, 1, 176, 177
1120974.3.peg.467.site.26, 55, 101, 156
1120974.3.peg.467.site.27, 20, 66, 86
1120974.3.peg.467.site.28, 2, 105, 107
1120974.3.peg.467.site.29, 5, 189, 194
1120974.3.peg.467.site.30, 1, 199, 200
1120974.3.peg.467.site.31, 69, 164, 233
1120974.3.peg.467.site.32, 54, 143, 197
1120974.3.peg.467.site.33, 64, 151, 215
1120974.3.peg.467.site.34, 2, 188, 190
1120974.3.peg.467.site.35, 10, 193, 203
1120974.3.peg.467.site.36, 127, 168, 295
1120974.3.peg.467.site.37, 49, 52, 101
1120974.3.peg.467.site.38, 4, 104, 108
1120974.3.peg.467.site.39, 4, 158, 162
1120974.3.peg.467.site.40, 4, 160, 164
1120974.3.peg.467.site.41, 5, 163, 168
1120974.3.peg.467.site.42, 109, 154, 263
1120974.3.peg.467.site.43, 133, 177, 310
1120974.3.peg.464.site.1, 214, 216, 430
1120974.3.peg.464.site.2, 0, 214, 214
1120974.3.peg.464.site.3, 145, 210, 355
1120974.3.peg.464.site.4, 144, 210, 354
1120974.3.peg.464.site.5, 0, 206, 206
1120974.3.peg.464.site.6, 151, 212, 363
1120974.3.peg.464.site.7, 131, 202, 333
1120974.3.peg.464.site.8, 116, 186, 302
1120974.3.peg.464.site.9, 100, 171, 271
1120974.3.peg.464.site.10, 112, 179, 291
1120974.3.peg.464.site.11, 4, 216, 220
1120974.3.peg.464.site.12, 37, 212, 249
1120974.3.peg.464.site.13, 198, 208, 406
1120974.3.peg.464.site.14, 4, 216, 220
1120974.3.peg.464.site.15, 142, 213, 355
1120974.3.peg.464.site.16, 36, 212, 248
1120974.3.peg.464.site.17, 0, 216, 216
1120974.3.peg.464.site.18, 146, 212, 358
1120974.3.peg.464.site.19, 0, 139, 139
1120974.3.peg.464.site.20, 81, 92, 173
1120974.3.peg.464.site.21, 6, 76, 82
1120974.3.peg.465.site.1, 197, 206, 403
1120974.3.peg.465.site.2, 142, 214, 356
1120974.3.peg.465.site.3, 59, 215, 274
1120974.3.peg.465.site.4, 30, 214, 244
1120974.3.peg.465.site.5, 0, 215, 215
1120974.3.peg.465.site.6, 1, 215, 216
1120974.3.peg.465.site.7, 4, 216, 220
1120974.3.peg.465.site.8, 4, 216, 220
1120974.3.peg.465.site.9, 5, 216, 221
1120974.3.peg.465.site.10, 0, 203, 203
1120974.3.peg.465.site.11, 0, 202, 202
1120974.3.peg.465.site.12, 1, 215, 216
1120974.3.peg.465.site.13, 108, 209, 317
1120974.3.peg.465.site.14, 25, 212, 237
1120974.3.peg.465.site.15, 24, 215, 239
1120974.3.peg.462.site.1, 0, 138, 138
1120974.3.peg.462.site.2, 115, 210, 325
1120974.3.peg.462.site.3, 1, 215, 216
1120974.3.peg.462.site.4, 0, 215, 215
1120974.3.peg.462.site.5, 0, 216, 216
1120974.3.peg.462.site.6, 2, 215, 217
1120974.3.peg.462.site.7, 5, 216, 221
1120974.3.peg.463.site.1, 202, 204, 406
1120974.3.peg.463.site.2, 91, 160, 251
1120974.3.peg.463.site.3, 31, 212, 243
1120974.3.peg.463.site.4, 31, 214, 245
1120974.3.peg.463.site.5, 213, 215, 428
1120974.3.peg.463.site.6, 31, 214, 245
1120974.3.peg.460.site.1, 1, 212, 213
1120974.3.peg.460.site.2, 8, 215, 223
1120974.3.peg.460.site.3, 169, 205, 374
1120974.3.peg.460.site.4, 170, 206, 376
1120974.3.peg.460.site.5, 1, 211, 212
1120974.3.peg.460.site.6, 6, 206, 212
1120974.3.peg.460.site.7, 1, 65, 66
1120974.3.peg.460.site.8, 3, 44, 47
1120974.3.peg.460.site.9, 63, 101, 164
1120974.3.peg.460.site.10, 0, 113, 113
1120974.3.peg.460.site.11, 0, 84, 84
1120974.3.peg.460.site.12, 12, 90, 102
1120974.3.peg.460.site.13, 35, 75, 110
1120974.3.peg.460.site.14, 0, 69, 69
1120974.3.peg.460.site.15, 21, 59, 80
1120974.3.peg.460.site.16, 20, 59, 79
1120974.3.peg.460.site.17, 31, 68, 99
1120974.3.peg.460.site.18, 125, 162, 287
1120974.3.peg.460.site.19, 3, 216, 219
1120974.3.peg.460.site.20, 0, 215, 215
1120974.3.peg.460.site.21, 12, 201, 213
1120974.3.peg.460.site.22, 0, 170, 170
1120974.3.peg.460.site.23, 22, 212, 234
1120974.3.peg.460.site.24, 169, 213, 382
1120974.3.peg.460.site.25, 1, 216, 217
1120974.3.peg.461.site.1, 23, 214, 237
1120974.3.peg.461.site.2, 1, 214, 215
1120974.3.peg.461.site.3, 6, 213, 219
1120974.3.peg.461.site.4, 10, 214, 224
1120974.3.peg.461.site.5, 6, 204, 210
1120974.3.peg.461.site.6, 0, 206, 206
1120974.3.peg.461.site.7, 0, 197, 197
1120974.3.peg.461.site.8, 196, 200, 396
1120974.3.peg.461.site.9, 189, 211, 400
1120974.3.peg.461.site.10, 210, 214, 424
1120974.3.peg.461.site.11, 4, 214, 218
1120974.3.peg.461.site.12, 11, 215, 226
1120974.3.peg.461.site.13, 13, 213, 226
1120974.3.peg.882.site.1, 18, 215, 233
1120974.3.peg.882.site.2, 0, 215, 215
1120974.3.peg.882.site.3, 13, 214, 227
1120974.3.peg.882.site.4, 22, 214, 236
1120974.3.peg.882.site.5, 46, 206, 252
1120974.3.peg.882.site.6, 26, 214, 240
1120974.3.peg.882.site.7, 161, 212, 373
1120974.3.peg.882.site.8, 6, 216, 222
1120974.3.peg.882.site.9, 29, 215, 244
1120974.3.peg.882.site.10, 3, 212, 215
1120974.3.peg.882.site.11, 0, 215, 215
1120974.3.peg.882.site.12, 9, 215, 224
1120974.3.peg.882.site.13, 9, 215, 224
1120974.3.peg.882.site.14, 48, 213, 261
1120974.3.peg.882.site.15, 212, 215, 427
1120974.3.peg.882.site.16, 0, 216, 216
1120974.3.peg.882.site.17, 137, 199, 336
1120974.3.peg.882.site.18, 0, 209, 209
1120974.3.peg.882.site.19, 2, 209, 211
1120974.3.peg.882.site.20, 25, 208, 233
1120974.3.peg.882.site.21, 25, 211, 236
1120974.3.peg.882.site.22, 7, 194, 201
1120974.3.peg.882.site.23, 26, 214, 240
1120974.3.peg.883.site.1, 118, 186, 304
1120974.3.peg.883.site.2, 8, 175, 183
1120974.3.peg.883.site.3, 0, 208, 208
1120974.3.peg.883.site.4, 25, 205, 230
1120974.3.peg.883.site.5, 0, 176, 176
1120974.3.peg.883.site.6, 0, 198, 198
1120974.3.peg.883.site.7, 0, 174, 174
1120974.3.peg.883.site.8, 0, 165, 165
1120974.3.peg.883.site.9, 16, 166, 182
1120974.3.peg.883.site.10, 0, 187, 187
1120974.3.peg.883.site.11, 0, 190, 190
1120974.3.peg.1349.site.1, 12, 40, 52
1120974.3.peg.1349.site.2, 19, 42, 61
1120974.3.peg.1349.site.3, 23, 46, 69
1120974.3.peg.1349.site.4, 13, 31, 44
1120974.3.peg.1349.site.5, 8, 31, 39
1120974.3.peg.1349.site.6, 6, 29, 35
1120974.3.peg.1349.site.7, 16, 46, 62
1120974.3.peg.1349.site.8, 31, 61, 92
1120974.3.peg.1349.site.9, 175, 200, 375
1120974.3.peg.1349.site.10, 208, 214, 422
1120974.3.peg.1349.site.11, 192, 213, 405
1120974.3.peg.1349.site.12, 186, 210, 396
1120974.3.peg.1349.site.13, 182, 206, 388
1120974.3.peg.1349.site.14, 185, 209, 394
1120974.3.peg.1349.site.15, 189, 211, 400
1120974.3.peg.1349.site.16, 190, 211, 401
1120974.3.peg.1349.site.17, 2, 214, 216
1120974.3.peg.1349.site.18, 198, 213, 411
1120974.3.peg.1349.site.19, 1, 207, 208
1120974.3.peg.1349.site.20, 5, 71, 76
1120974.3.peg.1349.site.21, 50, 77, 127
1120974.3.peg.1349.site.22, 131, 156, 287
1120974.3.peg.1349.site.23, 133, 158, 291
1120974.3.peg.1349.site.24, 163, 187, 350
1120974.3.peg.1349.site.25, 0, 192, 192
1120974.3.peg.1349.site.26, 1, 196, 197
1120974.3.peg.1349.site.27, 7, 214, 221
1120974.3.peg.1349.site.28, 1, 213, 214
1120974.3.peg.1349.site.29, 3, 215, 218
1120974.3.peg.1349.site.30, 193, 212, 405
1120974.3.peg.1349.site.31, 194, 213, 407
1120974.3.peg.1349.site.32, 192, 213, 405
1120974.3.peg.1349.site.33, 3, 216, 219
1120974.3.peg.1349.site.34, 192, 213, 405
1120974.3.peg.1349.site.35, 95, 213, 308
1120974.3.peg.517.site.1, 0, 186, 186
1120974.3.peg.517.site.2, 83, 116, 199
1120974.3.peg.517.site.3, 113, 125, 238
1120974.3.peg.517.site.4, 0, 194, 194
1120974.3.peg.517.site.5, 0, 172, 172
1120974.3.peg.517.site.6, 0, 172, 172
1120974.3.peg.517.site.7, 132, 174, 306
1120974.3.peg.517.site.8, 0, 211, 211
1120974.3.peg.517.site.9, 126, 203, 329
1120974.3.peg.517.site.10, 28, 211, 239
1120974.3.peg.517.site.11, 29, 216, 245
1120974.3.peg.517.site.12, 157, 210, 367
1120974.3.peg.517.site.13, 127, 207, 334
1120974.3.peg.517.site.14, 166, 211, 377
1120974.3.peg.517.site.15, 0, 215, 215
1120974.3.peg.517.site.16, 0, 216, 216
1120974.3.peg.1619.site.1, 1, 215, 216
1120974.3.peg.1619.site.2, 4, 214, 218
1120974.3.peg.1619.site.3, 0, 140, 140
1120974.3.peg.1619.site.4, 24, 123, 147
1120974.3.peg.1619.site.5, 1, 103, 104
1120974.3.peg.1619.site.6, 185, 197, 382
1120974.3.peg.1619.site.7, 0, 206, 206
1120974.3.peg.1619.site.8, 1, 215, 216
1120974.3.peg.1619.site.9, 114, 212, 326
1120974.3.peg.1619.site.10, 1, 216, 217
1120974.3.peg.1619.site.11, 127, 212, 339
1120974.3.peg.1619.site.12, 40, 211, 251
1120974.3.peg.1619.site.13, 22, 214, 236
1120974.3.peg.1619.site.14, 40, 211, 251
1120974.3.peg.1619.site.15, 0, 214, 214
1120974.3.peg.1619.site.16, 42, 213, 255
1120974.3.peg.1619.site.17, 121, 215, 336
1120974.3.peg.1619.site.18, 0, 215, 215
1120974.3.peg.1619.site.19, 215, 215, 430
1120974.3.peg.1619.site.20, 166, 212, 378
1120974.3.peg.1619.site.21, 86, 136, 222
1120974.3.peg.1619.site.22, 73, 122, 195
1120974.3.peg.1619.site.23, 7, 115, 122
1120974.3.peg.1619.site.24, 0, 189, 189
1120974.3.peg.1619.site.25, 73, 181, 254
1120974.3.peg.1619.site.26, 216, 216, 432
1120974.3.peg.1619.site.27, 53, 213, 266
1120974.3.peg.1619.site.28, 109, 211, 320
1120974.3.peg.1619.site.29, 0, 214, 214
1120974.3.peg.1619.site.30, 113, 210, 323
1120974.3.peg.1618.site.1, 0, 216, 216
1120974.3.peg.1618.site.2, 216, 216, 432
1120974.3.peg.1618.site.3, 1, 216, 217
1120974.3.peg.1618.site.4, 175, 214, 389
1120974.3.peg.1618.site.5, 1, 216, 217
1120974.3.peg.1618.site.6, 19, 215, 234
1120974.3.peg.1618.site.7, 0, 215, 215
1120974.3.peg.1618.site.8, 123, 212, 335
1120974.3.peg.1618.site.9, 123, 212, 335
1120974.3.peg.1618.site.10, 1, 216, 217
1120974.3.peg.1618.site.11, 0, 216, 216
1120974.3.peg.1618.site.12, 1, 216, 217
1120974.3.peg.1618.site.13, 141, 212, 353
1120974.3.peg.1618.site.14, 141, 212, 353
1120974.3.peg.1618.site.15, 122, 211, 333
1120974.3.peg.1618.site.16, 25, 216, 241
1120974.3.peg.1618.site.17, 9, 215, 224
1120974.3.peg.1618.site.18, 0, 213, 213
1120974.3.peg.1618.site.19, 62, 214, 276
1120974.3.peg.1618.site.20, 1, 216, 217
1120974.3.peg.1618.site.21, 120, 210, 330
1120974.3.peg.1618.site.22, 1, 216, 217
1120974.3.peg.1618.site.23, 1, 203, 204
1120974.3.peg.1618.site.24, 18, 203, 221
1120974.3.peg.1618.site.25, 50, 201, 251
1120974.3.peg.1618.site.26, 0, 216, 216
1120974.3.peg.1618.site.27, 1, 216, 217
1120974.3.peg.1618.site.28, 1, 216, 217
1120974.3.peg.1618.site.29, 120, 212, 332
1120974.3.peg.1617.site.1, 79, 211, 290
1120974.3.peg.1617.site.2, 0, 216, 216
1120974.3.peg.1617.site.3, 204, 214, 418
1120974.3.peg.1617.site.4, 34, 215, 249
1120974.3.peg.1617.site.5, 1, 216, 217
1120974.3.peg.1617.site.6, 88, 212, 300
1120974.3.peg.1617.site.7, 204, 215, 419
1120974.3.peg.1617.site.8, 0, 216, 216
1120974.3.peg.1617.site.9, 30, 214, 244
1120974.3.peg.1617.site.10, 83, 213, 296
1120974.3.peg.1617.site.11, 210, 213, 423
1120974.3.peg.1617.site.12, 0, 216, 216
1120974.3.peg.1616.site.1, 0, 215, 215
1120974.3.peg.1616.site.2, 13, 213, 226
1120974.3.peg.1616.site.3, 0, 196, 196
1120974.3.peg.1616.site.4, 43, 201, 244
1120974.3.peg.1616.site.5, 1, 209, 210
1120974.3.peg.1616.site.6, 0, 215, 215
1120974.3.peg.1616.site.7, 1, 215, 216
1120974.3.peg.1616.site.8, 1, 216, 217
1120974.3.peg.1616.site.9, 0, 216, 216
1120974.3.peg.1616.site.10, 151, 215, 366
1120974.3.peg.1616.site.11, 2, 215, 217
1120974.3.peg.1616.site.12, 31, 215, 246
1120974.3.peg.1616.site.13, 15, 216, 231
1120974.3.peg.1616.site.14, 180, 212, 392
1120974.3.peg.1616.site.15, 154, 211, 365
1120974.3.peg.1616.site.16, 0, 212, 212
1120974.3.peg.1616.site.17, 0, 210, 210
1120974.3.peg.1616.site.18, 3, 216, 219
1120974.3.peg.1616.site.19, 1, 216, 217
1120974.3.peg.1616.site.20, 156, 213, 369
1120974.3.peg.1616.site.21, 0, 216, 216
1120974.3.peg.1616.site.22, 156, 212, 368
1120974.3.peg.1616.site.23, 1, 216, 217
1120974.3.peg.1616.site.24, 3, 216, 219
1120974.3.peg.1616.site.25, 12, 215, 227
1120974.3.peg.1616.site.26, 51, 213, 264
1120974.3.peg.1616.site.27, 0, 215, 215
1120974.3.peg.1616.site.28, 3, 216, 219
1120974.3.peg.1616.site.29, 17, 216, 233
1120974.3.peg.1616.site.30, 4, 216, 220
1120974.3.peg.1616.site.31, 35, 215, 250
1120974.3.peg.1616.site.32, 1, 215, 216
1120974.3.peg.1616.site.33, 1, 214, 215
1120974.3.peg.1616.site.34, 40, 211, 251
1120974.3.peg.1616.site.35, 1, 212, 213
1120974.3.peg.1616.site.36, 1, 212, 213
1120974.3.peg.1616.site.37, 1, 213, 214
1120974.3.peg.1616.site.38, 1, 215, 216
1120974.3.peg.1615.site.1, 37, 214, 251
1120974.3.peg.1615.site.2, 66, 211, 277
1120974.3.peg.1615.site.3, 1, 215, 216
1120974.3.peg.1615.site.4, 127, 210, 337
1120974.3.peg.1615.site.5, 0, 212, 212
1120974.3.peg.1615.site.6, 64, 210, 274
1120974.3.peg.1615.site.7, 153, 199, 352
1120974.3.peg.1615.site.8, 0, 162, 162
1120974.3.peg.1615.site.9, 0, 144, 144
1120974.3.peg.1615.site.10, 0, 165, 165
1120974.3.peg.1615.site.11, 125, 208, 333
1120974.3.peg.1615.site.12, 0, 214, 214
1120974.3.peg.1615.site.13, 1, 215, 216
1120974.3.peg.1615.site.14, 1, 202, 203
1120974.3.peg.1615.site.15, 0, 208, 208
1120974.3.peg.1615.site.16, 162, 211, 373
1120974.3.peg.1615.site.17, 1, 212, 213
1120974.3.peg.1615.site.18, 2, 211, 213
1120974.3.peg.1615.site.19, 11, 209, 220
1120974.3.peg.1615.site.20, 47, 212, 259
1120974.3.peg.1615.site.21, 1, 205, 206
1120974.3.peg.1615.site.22, 4, 214, 218
1120974.3.peg.1615.site.23, 4, 215, 219
1120974.3.peg.1615.site.24, 7, 215, 222
1120974.3.peg.1615.site.25, 3, 201, 204
1120974.3.peg.1615.site.26, 5, 186, 191
1120974.3.peg.1615.site.27, 21, 204, 225
1120974.3.peg.1615.site.28, 21, 210, 231
1120974.3.peg.1615.site.29, 191, 211, 402
1120974.3.peg.1615.site.30, 168, 214, 382
1120974.3.peg.1615.site.31, 1, 215, 216
1120974.3.peg.1615.site.32, 1, 213, 214
1120974.3.peg.1615.site.33, 4, 212, 216
1120974.3.peg.1615.site.34, 4, 209, 213
1120974.3.peg.1615.site.35, 0, 214, 214
1120974.3.peg.1615.site.36, 160, 206, 366
1120974.3.peg.1615.site.37, 0, 198, 198
1120974.3.peg.1615.site.38, 21, 216, 237
1120974.3.peg.1615.site.39, 10, 214, 224
1120974.3.peg.1615.site.40, 1, 216, 217
1120974.3.peg.1615.site.41, 0, 200, 200
1120974.3.peg.1615.site.42, 2, 158, 160
1120974.3.peg.1342.site.1, 117, 210, 327
1120974.3.peg.1342.site.2, 0, 216, 216
1120974.3.peg.1342.site.3, 1, 216, 217
1120974.3.peg.1342.site.4, 128, 209, 337
1120974.3.peg.1342.site.5, 0, 214, 214
1120974.3.peg.1342.site.6, 3, 216, 219
1120974.3.peg.1342.site.7, 14, 215, 229
1120974.3.peg.1342.site.8, 39, 215, 254
1120974.3.peg.1342.site.9, 25, 211, 236
1120974.3.peg.1342.site.10, 173, 213, 386
1120974.3.peg.1342.site.11, 3, 216, 219
1120974.3.peg.1342.site.12, 182, 214, 396
1120974.3.peg.1342.site.13, 131, 180, 311
1120974.3.peg.1342.site.14, 25, 71, 96
1120974.3.peg.1342.site.15, 1, 88, 89
1120974.3.peg.1342.site.16, 75, 121, 196
1120974.3.peg.1342.site.17, 163, 209, 372
1120974.3.peg.1342.site.18, 161, 211, 372
1120974.3.peg.1342.site.19, 0, 216, 216
1120974.3.peg.1342.site.20, 216, 216, 432
1120974.3.peg.1342.site.21, 166, 214, 380
1120974.3.peg.1342.site.22, 21, 181, 202
1120974.3.peg.1342.site.23, 99, 145, 244
1120974.3.peg.1342.site.24, 26, 75, 101
1120974.3.peg.1342.site.25, 20, 66, 86
1120974.3.peg.1342.site.26, 75, 122, 197
1120974.3.peg.1342.site.27, 97, 143, 240
1120974.3.peg.1342.site.28, 1, 179, 180
1120974.3.peg.1342.site.29, 172, 185, 357
1120974.3.peg.1342.site.30, 0, 212, 212
1120974.3.peg.1342.site.31, 171, 213, 384
1120974.3.peg.1342.site.32, 0, 213, 213
1120974.3.peg.1342.site.33, 4, 215, 219
1120974.3.peg.1342.site.34, 0, 215, 215
1120974.3.peg.1342.site.35, 4, 214, 218
1120974.3.peg.1342.site.36, 168, 214, 382
1120974.3.peg.1342.site.37, 3, 215, 218
1120974.3.peg.1342.site.38, 167, 215, 382
1120974.3.peg.1342.site.39, 0, 215, 215
1120974.3.peg.1342.site.40, 3, 214, 217
1120974.3.peg.1342.site.41, 167, 212, 379
1120974.3.peg.1342.site.42, 167, 214, 381
1120974.3.peg.1342.site.43, 9, 214, 223
1120974.3.peg.1342.site.44, 163, 212, 375
1120974.3.peg.1342.site.45, 166, 214, 380
1120974.3.peg.1342.site.46, 165, 212, 377
1120974.3.peg.1342.site.47, 166, 212, 378
1120974.3.peg.1342.site.48, 1, 215, 216
1120974.3.peg.1342.site.49, 214, 214, 428
1120974.3.peg.1342.site.50, 167, 213, 380
1120974.3.peg.1342.site.51, 167, 212, 379
1120974.3.peg.1342.site.52, 42, 213, 255
1120974.3.peg.1342.site.53, 161, 210, 371
1120974.3.peg.1342.site.54, 2, 208, 210
1120974.3.peg.1342.site.55, 1, 30, 31
1120974.3.peg.1342.site.56, 1, 29, 30
1120974.3.peg.1342.site.57, 50, 80, 130
1120974.3.peg.1613.site.1, 0, 214, 214
1120974.3.peg.1613.site.2, 4, 216, 220
1120974.3.peg.1613.site.3, 0, 215, 215
1120974.3.peg.1613.site.4, 0, 214, 214
1120974.3.peg.1613.site.5, 34, 214, 248
1120974.3.peg.1613.site.6, 216, 216, 432
1120974.3.peg.1613.site.7, 4, 213, 217
1120974.3.peg.1613.site.8, 0, 215, 215
1120974.3.peg.1613.site.9, 12, 215, 227
1120974.3.peg.1613.site.10, 4, 215, 219
1120974.3.peg.1613.site.11, 1, 215, 216
1120974.3.peg.1613.site.12, 3, 216, 219
1120974.3.peg.1613.site.13, 33, 214, 247
1120974.3.peg.1613.site.14, 33, 214, 247
1120974.3.peg.1613.site.15, 4, 209, 213
1120974.3.peg.1613.site.16, 4, 213, 217
1120974.3.peg.1613.site.17, 2, 192, 194
1120974.3.peg.1613.site.18, 144, 179, 323
1120974.3.peg.1613.site.19, 2, 148, 150
1120974.3.peg.1613.site.20, 93, 124, 217
1120974.3.peg.1613.site.21, 64, 82, 146
1120974.3.peg.1613.site.22, 25, 60, 85
1120974.3.peg.1613.site.23, 12, 56, 68
1120974.3.peg.1613.site.24, 9, 53, 62
1120974.3.peg.1613.site.25, 55, 99, 154
1120974.3.peg.1613.site.26, 165, 169, 334
1120974.3.peg.1613.site.27, 133, 176, 309
1120974.3.peg.1613.site.28, 2, 170, 172
1120974.3.peg.1613.site.29, 5, 152, 157
1120974.3.peg.1613.site.30, 12, 148, 160
1120974.3.peg.1613.site.31, 19, 144, 163
1120974.3.peg.1613.site.32, 171, 193, 364
1120974.3.peg.1613.site.33, 0, 207, 207
1120974.3.peg.1613.site.34, 4, 185, 189
1120974.3.peg.1613.site.35, 45, 213, 258
1120974.3.peg.1613.site.36, 168, 214, 382
1120974.3.peg.1613.site.37, 4, 215, 219
1120974.3.peg.1613.site.38, 18, 214, 232
1120974.3.peg.1344.site.1, 1, 213, 214
1120974.3.peg.1344.site.2, 193, 212, 405
1120974.3.peg.1344.site.3, 194, 213, 407
1120974.3.peg.1611.site.1, 0, 216, 216
1120974.3.peg.1611.site.2, 206, 213, 419
1120974.3.peg.1611.site.3, 197, 208, 405
1120974.3.peg.1611.site.4, 59, 212, 271
1120974.3.peg.1611.site.5, 2, 216, 218
1120974.3.peg.1611.site.6, 204, 216, 420
1120974.3.peg.1611.site.7, 0, 216, 216
1120974.3.peg.1611.site.8, 0, 215, 215
1120974.3.peg.1611.site.9, 0, 216, 216
1120974.3.peg.1611.site.10, 0, 213, 213
1120974.3.peg.1611.site.11, 0, 214, 214
1120974.3.peg.1611.site.12, 12, 215, 227
1120974.3.peg.1611.site.13, 3, 212, 215
1120974.3.peg.1611.site.14, 0, 184, 184
1120974.3.peg.1611.site.15, 5, 215, 220
1120974.3.peg.1611.site.16, 23, 211, 234
1120974.3.peg.1611.site.17, 23, 211, 234
1120974.3.peg.1611.site.18, 22, 213, 235
1120974.3.peg.1611.site.19, 153, 211, 364
1120974.3.peg.1611.site.20, 169, 215, 384
1120974.3.peg.1611.site.21, 35, 215, 250
1120974.3.peg.1611.site.22, 37, 212, 249
1120974.3.peg.1610.site.1, 112, 212, 324
1120974.3.peg.1610.site.2, 1, 214, 215
1120974.3.peg.1610.site.3, 108, 187, 295
1120974.3.peg.1610.site.4, 1, 216, 217
1120974.3.peg.1610.site.5, 0, 216, 216
1120974.3.peg.1610.site.6, 201, 213, 414
1120974.3.peg.1610.site.7, 20, 215, 235
1120974.3.peg.1610.site.8, 199, 213, 412
1120974.3.peg.1610.site.9, 194, 209, 403
1120974.3.peg.1610.site.10, 0, 216, 216
1120974.3.peg.1610.site.11, 201, 212, 413
1120974.3.peg.1610.site.12, 8, 215, 223
1120974.3.peg.1610.site.13, 0, 215, 215
1120974.3.peg.1610.site.14, 131, 207, 338
1120974.3.peg.1610.site.15, 132, 210, 342
1120974.3.peg.1610.site.16, 131, 208, 339
1120974.3.peg.1610.site.17, 0, 215, 215
1120974.3.peg.1610.site.18, 5, 216, 221
1120974.3.peg.1610.site.19, 1, 215, 216
1120974.3.peg.1610.site.20, 0, 216, 216
1120974.3.peg.1610.site.21, 0, 212, 212
1120974.3.peg.1610.site.22, 136, 210, 346
1120974.3.peg.1189.site.1, 4, 216, 220
1120974.3.peg.1189.site.2, 187, 214, 401
1120974.3.peg.1189.site.3, 15, 215, 230
1120974.3.peg.1189.site.4, 1, 215, 216
1120974.3.peg.1189.site.5, 0, 215, 215
1120974.3.peg.1189.site.6, 4, 215, 219
1120974.3.peg.1189.site.7, 15, 215, 230
1120974.3.peg.1189.site.8, 0, 215, 215
1120974.3.peg.1189.site.9, 184, 210, 394
1120974.3.peg.1189.site.10, 0, 213, 213
1120974.3.peg.1189.site.11, 5, 215, 220
1120974.3.peg.1189.site.12, 0, 213, 213
1120974.3.peg.1189.site.13, 4, 216, 220
1120974.3.peg.1189.site.14, 4, 216, 220
1120974.3.peg.1189.site.15, 145, 207, 352
1120974.3.peg.1189.site.16, 152, 211, 363
1120974.3.peg.1189.site.17, 2, 214, 216
1120974.3.peg.1189.site.18, 0, 212, 212
1120974.3.peg.1189.site.19, 0, 212, 212
1120974.3.peg.1189.site.20, 5, 211, 216
1120974.3.peg.1189.site.21, 0, 211, 211
1120974.3.peg.1189.site.22, 204, 211, 415
1120974.3.peg.1189.site.23, 0, 210, 210
1120974.3.peg.1189.site.24, 33, 209, 242
1120974.3.peg.1189.site.25, 33, 210, 243
1120974.3.peg.1189.site.26, 33, 208, 241
1120974.3.peg.1189.site.27, 33, 214, 247
1120974.3.peg.1189.site.28, 208, 210, 418
1120974.3.peg.1189.site.29, 188, 215, 403
1120974.3.peg.1189.site.30, 5, 216, 221
1120974.3.peg.1188.site.1, 4, 35, 39
1120974.3.peg.1188.site.2, 87, 119, 206
1120974.3.peg.1188.site.3, 176, 196, 372
1120974.3.peg.1188.site.4, 58, 196, 254
1120974.3.peg.1188.site.5, 113, 212, 325
1120974.3.peg.1188.site.6, 5, 216, 221
1120974.3.peg.1188.site.7, 0, 215, 215
1120974.3.peg.1188.site.8, 112, 210, 322
1120974.3.peg.1188.site.9, 111, 209, 320
1120974.3.peg.1188.site.10, 0, 216, 216
1120974.3.peg.1188.site.11, 1, 195, 196
1120974.3.peg.1188.site.12, 1, 205, 206
1120974.3.peg.1188.site.13, 0, 214, 214
1120974.3.peg.1188.site.14, 1, 215, 216
1120974.3.peg.1188.site.15, 1, 215, 216
1120974.3.peg.1188.site.16, 80, 210, 290
1120974.3.peg.1188.site.17, 65, 211, 276
1120974.3.peg.1188.site.18, 11, 214, 225
1120974.3.peg.1188.site.19, 1, 214, 215
1120974.3.peg.1188.site.20, 11, 212, 223
1120974.3.peg.1188.site.21, 0, 214, 214
1120974.3.peg.1188.site.22, 0, 213, 213
1120974.3.peg.1188.site.23, 7, 211, 218
1120974.3.peg.1188.site.24, 0, 210, 210
1120974.3.peg.1188.site.25, 57, 200, 257
1120974.3.peg.1188.site.26, 59, 205, 264
1120974.3.peg.1188.site.27, 69, 204, 273
1120974.3.peg.1188.site.28, 58, 197, 255
1120974.3.peg.1188.site.29, 60, 200, 260
1120974.3.peg.1188.site.30, 0, 214, 214
1120974.3.peg.1188.site.31, 0, 215, 215
1120974.3.peg.1188.site.32, 7, 214, 221
1120974.3.peg.1188.site.33, 147, 211, 358
1120974.3.peg.1188.site.34, 4, 214, 218
1120974.3.peg.1188.site.35, 147, 211, 358
1120974.3.peg.1188.site.36, 0, 215, 215
1120974.3.peg.1188.site.37, 2, 215, 217
1120974.3.peg.1188.site.38, 54, 213, 267
1120974.3.peg.1188.site.39, 2, 216, 218
1120974.3.peg.1188.site.40, 149, 212, 361
1120974.3.peg.1188.site.41, 65, 214, 279
1120974.3.peg.1188.site.42, 0, 216, 216
1120974.3.peg.1188.site.43, 178, 214, 392
1120974.3.peg.1188.site.44, 211, 215, 426
1120974.3.peg.1188.site.45, 2, 213, 215
1120974.3.peg.1188.site.46, 18, 210, 228
1120974.3.peg.1188.site.47, 1, 209, 210
1120974.3.peg.1188.site.48, 192, 214, 406
1120974.3.peg.1188.site.49, 1, 216, 217
1120974.3.peg.1188.site.50, 4, 216, 220
1120974.3.peg.1188.site.51, 0, 215, 215
1120974.3.peg.1186.site.1, 190, 214, 404
1120974.3.peg.1186.site.2, 190, 213, 403
1120974.3.peg.1186.site.3, 1, 214, 215
1120974.3.peg.1186.site.4, 181, 211, 392
1120974.3.peg.1186.site.5, 182, 212, 394
1120974.3.peg.1186.site.6, 180, 211, 391
1120974.3.peg.1186.site.7, 1, 212, 213
1120974.3.peg.1186.site.8, 10, 213, 223
1120974.3.peg.1186.site.9, 12, 214, 226
1120974.3.peg.1186.site.10, 5, 216, 221
1120974.3.peg.1186.site.11, 4, 206, 210
1120974.3.peg.1186.site.12, 164, 196, 360
1120974.3.peg.1186.site.13, 31, 198, 229
1120974.3.peg.1186.site.14, 135, 203, 338
1120974.3.peg.1186.site.15, 18, 186, 204
1120974.3.peg.1186.site.16, 4, 184, 188
1120974.3.peg.1186.site.17, 4, 185, 189
1120974.3.peg.1186.site.18, 0, 213, 213
1120974.3.peg.1186.site.19, 0, 211, 211
1120974.3.peg.1186.site.20, 1, 199, 200
1120974.3.peg.1186.site.21, 158, 190, 348
1120974.3.peg.1186.site.22, 15, 179, 194
1120974.3.peg.1186.site.23, 0, 145, 145
1120974.3.peg.1186.site.24, 38, 106, 144
1120974.3.peg.1186.site.25, 22, 90, 112
1120974.3.peg.1186.site.26, 10, 79, 89
1120974.3.peg.1186.site.27, 5, 90, 95
1120974.3.peg.1186.site.28, 16, 91, 107
1120974.3.peg.1186.site.29, 69, 89, 158
1120974.3.peg.1186.site.30, 34, 104, 138
1120974.3.peg.1186.site.31, 0, 110, 110
1120974.3.peg.1186.site.32, 37, 104, 141
1120974.3.peg.1186.site.33, 117, 150, 267
1120974.3.peg.1186.site.34, 95, 128, 223
1120974.3.peg.1186.site.35, 12, 43, 55
1120974.3.peg.1185.site.1, 1, 216, 217
1120974.3.peg.1185.site.2, 0, 215, 215
1120974.3.peg.1185.site.3, 4, 215, 219
1120974.3.peg.1185.site.4, 0, 216, 216
1120974.3.peg.1185.site.5, 4, 216, 220
1120974.3.peg.1185.site.6, 186, 212, 398
1120974.3.peg.1185.site.7, 4, 215, 219
1120974.3.peg.1185.site.8, 186, 209, 395
1120974.3.peg.1185.site.9, 8, 215, 223
1120974.3.peg.1185.site.10, 4, 215, 219
1120974.3.peg.1185.site.11, 2, 216, 218
1120974.3.peg.1185.site.12, 2, 216, 218
1120974.3.peg.1185.site.13, 9, 214, 223
1120974.3.peg.1185.site.14, 3, 212, 215
1120974.3.peg.1185.site.15, 188, 212, 400
1120974.3.peg.1185.site.16, 187, 211, 398
1120974.3.peg.1185.site.17, 8, 214, 222
1120974.3.peg.1185.site.18, 180, 205, 385
1120974.3.peg.1185.site.19, 2, 216, 218
1120974.3.peg.1185.site.20, 0, 215, 215
1120974.3.peg.1185.site.21, 210, 215, 425
1120974.3.peg.1185.site.22, 188, 212, 400
1120974.3.peg.1185.site.23, 187, 212, 399
1120974.3.peg.1185.site.24, 2, 216, 218
1120974.3.peg.1185.site.25, 71, 209, 280
1120974.3.peg.1185.site.26, 71, 209, 280
1120974.3.peg.1185.site.27, 0, 214, 214
1120974.3.peg.1185.site.28, 2, 216, 218
1120974.3.peg.1185.site.29, 65, 211, 276
1120974.3.peg.1185.site.30, 63, 211, 274
1120974.3.peg.1185.site.31, 63, 207, 270
1120974.3.peg.1185.site.32, 4, 205, 209
1120974.3.peg.1185.site.33, 56, 193, 249
1120974.3.peg.1185.site.34, 2, 201, 203
1120974.3.peg.1185.site.35, 54, 194, 248
1120974.3.peg.1185.site.36, 106, 196, 302
1120974.3.peg.1185.site.37, 154, 180, 334
1120974.3.peg.1185.site.38, 155, 181, 336
1120974.3.peg.1185.site.39, 4, 188, 192
1120974.3.peg.1185.site.40, 2, 198, 200
1120974.3.peg.1185.site.41, 176, 200, 376
1120974.3.peg.1185.site.42, 186, 211, 397
1120974.3.peg.1185.site.43, 117, 207, 324
1120974.3.peg.1185.site.44, 65, 206, 271
1120974.3.peg.1185.site.45, 138, 164, 302
1120974.3.peg.1185.site.46, 52, 136, 188
1120974.3.peg.1185.site.47, 42, 128, 170
1120974.3.peg.1185.site.48, 18, 91, 109
1120974.3.peg.1185.site.49, 11, 34, 45
1120974.3.peg.1185.site.50, 14, 40, 54
1120974.3.peg.1185.site.51, 37, 54, 91
1120974.3.peg.1185.site.52, 128, 151, 279
1120974.3.peg.1185.site.53, 158, 181, 339
1120974.3.peg.1185.site.54, 158, 181, 339
1120974.3.peg.1185.site.55, 147, 208, 355
1120974.3.peg.1185.site.56, 1, 214, 215
1120974.3.peg.1185.site.57, 154, 211, 365
1120974.3.peg.1185.site.58, 188, 212, 400
1120974.3.peg.1185.site.59, 187, 210, 397
1120974.3.peg.1185.site.60, 4, 211, 215
1120974.3.peg.1185.site.61, 4, 214, 218
1120974.3.peg.1185.site.62, 120, 206, 326
1120974.3.peg.1185.site.63, 122, 207, 329
1120974.3.peg.1184.site.1, 121, 147, 268
1120974.3.peg.1184.site.2, 29, 53, 82
1120974.3.peg.1184.site.3, 56, 81, 137
1120974.3.peg.1184.site.4, 189, 212, 401
1120974.3.peg.1184.site.5, 190, 213, 403
1120974.3.peg.1184.site.6, 189, 213, 402
1120974.3.peg.1184.site.7, 185, 209, 394
1120974.3.peg.1184.site.8, 24, 205, 229
1120974.3.peg.1184.site.9, 81, 93, 174
1120974.3.peg.1184.site.10, 12, 35, 47
1120974.3.peg.1184.site.11, 0, 207, 207
1120974.3.peg.1184.site.12, 171, 194, 365
1120974.3.peg.1184.site.13, 1, 197, 198
1120974.3.peg.1184.site.14, 162, 183, 345
1120974.3.peg.1184.site.15, 129, 152, 281
1120974.3.peg.1184.site.16, 1, 156, 157
1120974.3.peg.1184.site.17, 33, 35, 68
1120974.3.peg.1184.site.18, 191, 197, 388
1120974.3.peg.1184.site.19, 1, 134, 135
1120974.3.peg.1183.site.1, 1, 215, 216
1120974.3.peg.1183.site.2, 187, 212, 399
1120974.3.peg.1183.site.3, 177, 199, 376
1120974.3.peg.1183.site.4, 163, 184, 347
1120974.3.peg.1183.site.5, 46, 67, 113
1120974.3.peg.1183.site.6, 10, 31, 41
1120974.3.peg.1183.site.7, 61, 82, 143
1120974.3.peg.1183.site.8, 5, 190, 195
1120974.3.peg.1183.site.9, 154, 175, 329
1120974.3.peg.1183.site.10, 1, 211, 212
1120974.3.peg.1183.site.11, 192, 215, 407
1120974.3.peg.1183.site.12, 165, 212, 377
1120974.3.peg.1183.site.13, 0, 215, 215
1120974.3.peg.1183.site.14, 163, 213, 376
1120974.3.peg.1183.site.15, 1, 215, 216
1120974.3.peg.1183.site.16, 192, 213, 405
1120974.3.peg.1183.site.17, 16, 214, 230
1120974.3.peg.1183.site.18, 191, 213, 404
1120974.3.peg.1183.site.19, 191, 212, 403
1120974.3.peg.1183.site.20, 0, 205, 205
1120974.3.peg.1183.site.21, 5, 205, 210
1120974.3.peg.1183.site.22, 1, 206, 207
1120974.3.peg.1183.site.23, 0, 185, 185
1120974.3.peg.1183.site.24, 120, 142, 262
1120974.3.peg.1183.site.25, 32, 54, 86
1120974.3.peg.1183.site.26, 34, 57, 91
1120974.3.peg.1183.site.27, 42, 63, 105
1120974.3.peg.1183.site.28, 58, 79, 137
1120974.3.peg.1183.site.29, 134, 155, 289
1120974.3.peg.1183.site.30, 149, 210, 359
1120974.3.peg.1183.site.31, 187, 213, 400
1120974.3.peg.1182.site.1, 23, 213, 236
1120974.3.peg.1182.site.2, 0, 213, 213
1120974.3.peg.1182.site.3, 8, 185, 193
1120974.3.peg.1182.site.4, 151, 174, 325
1120974.3.peg.1182.site.5, 9, 19, 28
1120974.3.peg.1182.site.6, 11, 15, 26
1120974.3.peg.1182.site.7, 22, 29, 51
1120974.3.peg.1182.site.8, 180, 202, 382
1120974.3.peg.1182.site.9, 11, 213, 224
1120974.3.peg.1182.site.10, 210, 213, 423
1120974.3.peg.1182.site.11, 1, 214, 215
1120974.3.peg.1182.site.12, 206, 212, 418
1120974.3.peg.1182.site.13, 25, 210, 235
1120974.3.peg.1182.site.14, 1, 215, 216
1120974.3.peg.1182.site.15, 0, 215, 215
1120974.3.peg.1182.site.16, 1, 216, 217
1120974.3.peg.1182.site.17, 1, 210, 211
1120974.3.peg.1182.site.18, 2, 210, 212
1120974.3.peg.1182.site.19, 0, 78, 78
1120974.3.peg.1182.site.20, 1, 69, 70
1120974.3.peg.1182.site.21, 4, 121, 125
1120974.3.peg.1182.site.22, 131, 158, 289
1120974.3.peg.1182.site.23, 3, 160, 163
1120974.3.peg.1182.site.24, 1, 198, 199
1120974.3.peg.1182.site.25, 154, 182, 336
1120974.3.peg.1182.site.26, 143, 166, 309
1120974.3.peg.1182.site.27, 158, 185, 343
1120974.3.peg.1182.site.28, 151, 177, 328
1120974.3.peg.1182.site.29, 167, 193, 360
1120974.3.peg.1181.site.1, 31, 34, 65
1120974.3.peg.1181.site.2, 9, 44, 53
1120974.3.peg.1181.site.3, 143, 164, 307
1120974.3.peg.1181.site.4, 42, 195, 237
1120974.3.peg.1181.site.5, 20, 178, 198
1120974.3.peg.1181.site.6, 130, 140, 270
1120974.3.peg.1181.site.7, 1, 128, 129
1120974.3.peg.1181.site.8, 25, 64, 89
1120974.3.peg.1181.site.9, 6, 40, 46
1120974.3.peg.1181.site.10, 0, 44, 44
1120974.3.peg.1181.site.11, 3, 47, 50
1120974.3.peg.1181.site.12, 64, 94, 158
1120974.3.peg.1181.site.13, 6, 175, 181
1120974.3.peg.1181.site.14, 5, 196, 201
1120974.3.peg.1181.site.15, 169, 201, 370
1120974.3.peg.1181.site.16, 7, 216, 223
1120974.3.peg.1181.site.17, 3, 216, 219
1120974.3.peg.1181.site.18, 176, 205, 381
1120974.3.peg.1181.site.19, 178, 208, 386
1120974.3.peg.1181.site.20, 176, 202, 378
1120974.3.peg.1181.site.21, 21, 53, 74
1120974.3.peg.1181.site.22, 9, 43, 52
1120974.3.peg.1181.site.23, 0, 34, 34
1120974.3.peg.1181.site.24, 20, 49, 69
1120974.3.peg.1181.site.25, 139, 155, 294
1120974.3.peg.1181.site.26, 208, 211, 419
1120974.3.peg.1181.site.27, 182, 212, 394
1120974.3.peg.1180.site.1, 58, 211, 269
1120974.3.peg.1180.site.2, 3, 216, 219
1120974.3.peg.1180.site.3, 39, 212, 251
1120974.3.peg.1180.site.4, 0, 199, 199
1120974.3.peg.1180.site.5, 0, 200, 200
1120974.3.peg.1180.site.6, 0, 202, 202
1120974.3.peg.1180.site.7, 0, 202, 202
1120974.3.peg.1180.site.8, 0, 215, 215
1120974.3.peg.1180.site.9, 0, 215, 215
1120974.3.peg.1180.site.10, 0, 212, 212
1120974.3.peg.1180.site.11, 39, 204, 243
1120974.3.peg.1180.site.12, 14, 203, 217
1120974.3.peg.1180.site.13, 1, 172, 173
1120974.3.peg.1180.site.14, 3, 171, 174
1120974.3.peg.1180.site.15, 3, 175, 178
1120974.3.peg.1180.site.16, 3, 171, 174
1120974.3.peg.1180.site.17, 3, 170, 173
1120974.3.peg.1180.site.18, 4, 33, 37
1120974.3.peg.1987.site.1, 2, 212, 214
1120974.3.peg.1987.site.2, 56, 205, 261
1120974.3.peg.1987.site.3, 0, 208, 208
1120974.3.peg.1987.site.4, 2, 204, 206
1120974.3.peg.1987.site.5, 141, 210, 351
1120974.3.peg.1986.site.1, 25, 173, 198
1120974.3.peg.1986.site.2, 0, 213, 213
1120974.3.peg.1986.site.3, 151, 212, 363
1120974.3.peg.1986.site.4, 151, 211, 362
1120974.3.peg.1986.site.5, 1, 212, 213
1120974.3.peg.1986.site.6, 36, 212, 248
1120974.3.peg.1986.site.7, 127, 210, 337
1120974.3.peg.1986.site.8, 86, 212, 298
1120974.3.peg.1986.site.9, 4, 216, 220
1120974.3.peg.1986.site.10, 0, 216, 216
1120974.3.peg.1986.site.11, 52, 206, 258
1120974.3.peg.1986.site.12, 54, 207, 261
1120974.3.peg.1986.site.13, 51, 207, 258
1120974.3.peg.1986.site.14, 125, 209, 334
1120974.3.peg.1986.site.15, 9, 207, 216
1120974.3.peg.1986.site.16, 49, 209, 258
1120974.3.peg.1986.site.17, 0, 212, 212
1120974.3.peg.1986.site.18, 56, 211, 267
1120974.3.peg.1985.site.1, 4, 216, 220
1120974.3.peg.1985.site.2, 5, 215, 220
1120974.3.peg.1985.site.3, 54, 213, 267
1120974.3.peg.1985.site.4, 94, 211, 305
1120974.3.peg.1985.site.5, 208, 214, 422
1120974.3.peg.1985.site.6, 51, 212, 263
1120974.3.peg.1985.site.7, 0, 213, 213
1120974.3.peg.1985.site.8, 0, 213, 213
1120974.3.peg.1985.site.9, 0, 213, 213
1120974.3.peg.1985.site.10, 53, 211, 264
1120974.3.peg.1985.site.11, 0, 213, 213
1120974.3.peg.1985.site.12, 52, 208, 260
1120974.3.peg.1985.site.13, 50, 205, 255
1120974.3.peg.1985.site.14, 189, 191, 380
1120974.3.peg.1985.site.15, 3, 189, 192
1120974.3.peg.1985.site.16, 0, 179, 179
1120974.3.peg.1985.site.17, 152, 160, 312
1120974.3.peg.1985.site.18, 18, 162, 180
1120974.3.peg.1985.site.19, 21, 170, 191
1120974.3.peg.1985.site.20, 0, 183, 183
1120974.3.peg.1985.site.21, 82, 189, 271
1120974.3.peg.1985.site.22, 71, 182, 253
1120974.3.peg.1985.site.23, 95, 208, 303
1120974.3.peg.1983.site.1, 50, 214, 264
1120974.3.peg.1983.site.2, 0, 211, 211
1120974.3.peg.1983.site.3, 1, 215, 216
1120974.3.peg.1983.site.4, 1, 215, 216
1120974.3.peg.1983.site.5, 44, 213, 257
1120974.3.peg.1983.site.6, 52, 213, 265
1120974.3.peg.1983.site.7, 6, 216, 222
1120974.3.peg.1983.site.8, 0, 213, 213
1120974.3.peg.1983.site.9, 1, 214, 215
1120974.3.peg.1983.site.10, 6, 215, 221
1120974.3.peg.1983.site.11, 3, 216, 219
1120974.3.peg.1983.site.12, 0, 214, 214
1120974.3.peg.1983.site.13, 49, 211, 260
1120974.3.peg.1983.site.14, 50, 208, 258
1120974.3.peg.1983.site.15, 0, 211, 211
1120974.3.peg.1983.site.16, 5, 211, 216
1120974.3.peg.1983.site.17, 5, 213, 218
1120974.3.peg.1983.site.18, 47, 210, 257
1120974.3.peg.1983.site.19, 37, 203, 240
1120974.3.peg.1983.site.20, 1, 196, 197
1120974.3.peg.1983.site.21, 48, 197, 245
1120974.3.peg.1983.site.22, 0, 206, 206
1120974.3.peg.1983.site.23, 5, 209, 214
1120974.3.peg.1983.site.24, 151, 205, 356
1120974.3.peg.1983.site.25, 0, 209, 209
1120974.3.peg.1983.site.26, 0, 210, 210
1120974.3.peg.1983.site.27, 44, 208, 252
1120974.3.peg.1983.site.28, 46, 209, 255
1120974.3.peg.1982.site.1, 37, 214, 251
1120974.3.peg.1982.site.2, 34, 213, 247
1120974.3.peg.1982.site.3, 0, 216, 216
1120974.3.peg.1982.site.4, 0, 216, 216
1120974.3.peg.1982.site.5, 108, 211, 319
1120974.3.peg.1982.site.6, 1, 198, 199
1120974.3.peg.1981.site.1, 142, 161, 303
1120974.3.peg.1981.site.2, 106, 125, 231
1120974.3.peg.1981.site.3, 29, 49, 78
1120974.3.peg.1981.site.4, 21, 42, 63
1120974.3.peg.1981.site.5, 20, 39, 59
1120974.3.peg.1981.site.6, 56, 77, 133
1120974.3.peg.1981.site.7, 38, 107, 145
1120974.3.peg.1981.site.8, 3, 212, 215
1120974.3.peg.1981.site.9, 125, 143, 268
1120974.3.peg.1981.site.10, 27, 33, 60
1120974.3.peg.1981.site.11, 1, 35, 36
1120974.3.peg.1981.site.12, 29, 45, 74
1120974.3.peg.1981.site.13, 2, 45, 47
1120974.3.peg.1981.site.14, 36, 52, 88
1120974.3.peg.1981.site.15, 10, 67, 77
1120974.3.peg.1981.site.16, 0, 180, 180
1120974.3.peg.1981.site.17, 160, 176, 336
1120974.3.peg.1981.site.18, 0, 202, 202
1120974.3.peg.1981.site.19, 58, 212, 270
1120974.3.peg.1981.site.20, 61, 213, 274
1120974.3.peg.1981.site.21, 0, 216, 216
1120974.3.peg.1981.site.22, 205, 214, 419
1120974.3.peg.1981.site.23, 216, 216, 432
1120974.3.peg.1981.site.24, 6, 215, 221
1120974.3.peg.1981.site.25, 10, 214, 224
1120974.3.peg.1981.site.26, 0, 214, 214
1120974.3.peg.1981.site.27, 194, 213, 407
1120974.3.peg.1981.site.28, 175, 199, 374
1120974.3.peg.1981.site.29, 0, 214, 214
1120974.3.peg.1981.site.30, 212, 216, 428
1120974.3.peg.1981.site.31, 1, 214, 215
1120974.3.peg.1981.site.32, 190, 210, 400
1120974.3.peg.1981.site.33, 110, 129, 239
1120974.3.peg.1981.site.34, 98, 115, 213
1120974.3.peg.1981.site.35, 14, 129, 143
1120974.3.peg.1981.site.36, 10, 135, 145
1120974.3.peg.1981.site.37, 10, 124, 134
1120974.3.peg.1981.site.38, 119, 138, 257
1120974.3.peg.1981.site.39, 26, 143, 169
1120974.3.peg.1981.site.40, 51, 212, 263
1120974.3.peg.1981.site.41, 51, 212, 263
1120974.3.peg.1981.site.42, 194, 213, 407
1120974.3.peg.1981.site.43, 140, 210, 350
1120974.3.peg.1981.site.44, 1, 216, 217
1120974.3.peg.1981.site.45, 47, 211, 258
1120974.3.peg.1981.site.46, 49, 212, 261
1120974.3.peg.1981.site.47, 1, 214, 215
1120974.3.peg.1981.site.48, 1, 213, 214
1120974.3.peg.1981.site.49, 1, 213, 214
1120974.3.peg.1981.site.50, 49, 210, 259
1120974.3.peg.1981.site.51, 48, 214, 262
1120974.3.peg.1981.site.52, 4, 215, 219
1120974.3.peg.1981.site.53, 0, 214, 214
1120974.3.peg.1981.site.54, 0, 215, 215
1120974.3.peg.1981.site.55, 131, 188, 319
1120974.3.peg.1981.site.56, 1, 199, 200
1120974.3.peg.1981.site.57, 0, 209, 209
1120974.3.peg.1981.site.58, 137, 208, 345
1120974.3.peg.1981.site.59, 0, 200, 200
1120974.3.peg.1981.site.60, 52, 203, 255
1120974.3.peg.1981.site.61, 1, 214, 215
1120974.3.peg.1981.site.62, 0, 214, 214
1120974.3.peg.1981.site.63, 1, 213, 214
1120974.3.peg.1981.site.64, 9, 213, 222
1120974.3.peg.1981.site.65, 197, 199, 396
1120974.3.peg.1981.site.66, 179, 194, 373
1120974.3.peg.1980.site.1, 155, 210, 365
1120974.3.peg.1980.site.2, 35, 206, 241
1120974.3.peg.1980.site.3, 1, 207, 208
1120974.3.peg.1980.site.4, 0, 214, 214
1120974.3.peg.1980.site.5, 7, 214, 221
1120974.3.peg.1980.site.6, 147, 203, 350
1120974.3.peg.1980.site.7, 3, 210, 213
1120974.3.peg.1980.site.8, 191, 204, 395
1120974.3.peg.1980.site.9, 3, 201, 204
1120974.3.peg.1980.site.10, 204, 205, 409
1120974.3.peg.1980.site.11, 178, 197, 375
1120974.3.peg.1980.site.12, 4, 181, 185
1120974.3.peg.1980.site.13, 77, 78, 155
1120974.3.peg.1980.site.14, 16, 17, 33
1120974.3.peg.1980.site.15, 163, 181, 344
1120974.3.peg.1980.site.16, 174, 192, 366
1120974.3.peg.1980.site.17, 179, 201, 380
1120974.3.peg.1980.site.18, 190, 210, 400
1120974.3.peg.1980.site.19, 207, 212, 419
1120974.3.peg.1980.site.20, 1, 211, 212
1120974.3.peg.1980.site.21, 130, 207, 337
1120974.3.peg.1980.site.22, 4, 86, 90
1120974.3.peg.1980.site.23, 64, 85, 149
1120974.3.peg.1980.site.24, 3, 71, 74
1120974.3.peg.1980.site.25, 46, 68, 114
1120974.3.peg.1980.site.26, 6, 72, 78
1120974.3.peg.1980.site.27, 51, 73, 124
1120974.3.peg.1980.site.28, 45, 69, 114
1120974.3.peg.1980.site.29, 48, 64, 112
1120974.3.peg.1980.site.30, 45, 67, 112
1120974.3.peg.2885.site.1, 0, 215, 215
1120974.3.peg.2885.site.2, 183, 213, 396
1120974.3.peg.2885.site.3, 3, 212, 215
1120974.3.peg.2885.site.4, 12, 211, 223
1120974.3.peg.2885.site.5, 174, 205, 379
1120974.3.peg.2885.site.6, 167, 202, 369
1120974.3.peg.2885.site.7, 0, 202, 202
1120974.3.peg.2885.site.8, 10, 211, 221
1120974.3.peg.2885.site.9, 184, 215, 399
1120974.3.peg.2885.site.10, 0, 214, 214
1120974.3.peg.2885.site.11, 4, 205, 209
1120974.3.peg.2885.site.12, 173, 204, 377
1120974.3.peg.2885.site.13, 104, 135, 239
1120974.3.peg.2885.site.14, 148, 180, 328
1120974.3.peg.2885.site.15, 167, 202, 369
1120974.3.peg.2885.site.16, 178, 209, 387
1120974.3.peg.2885.site.17, 4, 214, 218
1120974.3.peg.2885.site.18, 2, 215, 217
1120974.3.peg.2885.site.19, 0, 215, 215
1120974.3.peg.2885.site.20, 180, 210, 390
1120974.3.peg.2885.site.21, 0, 200, 200
1120974.3.peg.2885.site.22, 0, 200, 200
1120974.3.peg.2885.site.23, 0, 207, 207
1120974.3.peg.2885.site.24, 0, 207, 207
1120974.3.peg.2885.site.25, 180, 211, 391
1120974.3.peg.2885.site.26, 4, 211, 215
1120974.3.peg.2885.site.27, 4, 215, 219
1120974.3.peg.2885.site.28, 183, 212, 395
1120974.3.peg.2885.site.29, 177, 208, 385
1120974.3.peg.2885.site.30, 177, 207, 384
1120974.3.peg.2885.site.31, 2, 211, 213
1120974.3.peg.2885.site.32, 175, 206, 381
1120974.3.peg.2885.site.33, 0, 214, 214
1120974.3.peg.2885.site.34, 1, 207, 208
1120974.3.peg.2885.site.35, 0, 210, 210
1120974.3.peg.2885.site.36, 15, 203, 218
1120974.3.peg.2885.site.37, 178, 207, 385
1120974.3.peg.2885.site.38, 3, 204, 207
1120974.3.peg.2885.site.39, 0, 206, 206
1120974.3.peg.2885.site.40, 73, 103, 176
1120974.3.peg.2885.site.41, 1, 72, 73
1120974.3.peg.2884.site.1, 184, 215, 399
1120974.3.peg.2884.site.2, 170, 201, 371
1120974.3.peg.2884.site.3, 183, 214, 397
1120974.3.peg.2884.site.4, 2, 215, 217
1120974.3.peg.2884.site.5, 181, 212, 393
1120974.3.peg.1989.site.1, 143, 166, 309
1120974.3.peg.1989.site.2, 134, 152, 286
1120974.3.peg.1989.site.3, 134, 153, 287
1120974.3.peg.1989.site.4, 11, 174, 185
1120974.3.peg.1989.site.5, 7, 175, 182
1120974.3.peg.1989.site.6, 0, 213, 213
1120974.3.peg.1989.site.7, 16, 208, 224
1120974.3.peg.1989.site.8, 183, 212, 395
1120974.3.peg.1989.site.9, 8, 215, 223
1120974.3.peg.1989.site.10, 80, 209, 289
1120974.3.peg.1989.site.11, 4, 214, 218
1120974.3.peg.1989.site.12, 0, 208, 208
1120974.3.peg.1989.site.13, 1, 155, 156
1120974.3.peg.1989.site.14, 7, 164, 171
1120974.3.peg.1989.site.15, 76, 150, 226
1120974.3.peg.1989.site.16, 1, 168, 169
1120974.3.peg.1989.site.17, 91, 179, 270
1120974.3.peg.1989.site.18, 8, 175, 183
1120974.3.peg.1989.site.19, 0, 199, 199
1120974.3.peg.1989.site.20, 4, 200, 204
1120974.3.peg.1989.site.21, 0, 199, 199
1120974.3.peg.1989.site.22, 8, 203, 211
1120974.3.peg.1989.site.23, 4, 211, 215
1120974.3.peg.1989.site.24, 2, 206, 208
1120974.3.peg.1989.site.25, 2, 212, 214
1120974.3.peg.1989.site.26, 3, 209, 212
1120974.3.peg.1989.site.27, 2, 206, 208
1120974.3.peg.1989.site.28, 62, 184, 246
1120974.3.peg.1989.site.29, 105, 195, 300
1120974.3.peg.1989.site.30, 1, 201, 202
1120974.3.peg.1989.site.31, 9, 185, 194
1120974.3.peg.1989.site.32, 6, 161, 167
1120974.3.peg.1989.site.33, 6, 150, 156
1120974.3.peg.1989.site.34, 1, 184, 185
1120974.3.peg.1989.site.35, 5, 188, 193
1120974.3.peg.1989.site.36, 1, 188, 189
1120974.3.peg.1989.site.37, 2, 192, 194
1120974.3.peg.1989.site.38, 5, 196, 201
1120974.3.peg.1989.site.39, 9, 198, 207
1120974.3.peg.1989.site.40, 0, 205, 205
1120974.3.peg.1989.site.41, 4, 204, 208
1120974.3.peg.1989.site.42, 95, 196, 291
1120974.3.peg.1989.site.43, 10, 207, 217
1120974.3.peg.1989.site.44, 0, 205, 205
1120974.3.peg.1989.site.45, 162, 194, 356
1120974.3.peg.1989.site.46, 187, 190, 377
1120974.3.peg.1989.site.47, 4, 198, 202
1120974.3.peg.1989.site.48, 19, 196, 215
1120974.3.peg.1989.site.49, 82, 190, 272
1120974.3.peg.1989.site.50, 86, 191, 277
1120974.3.peg.1989.site.51, 69, 184, 253
1120974.3.peg.1989.site.52, 209, 209, 418
1120974.3.peg.1989.site.53, 104, 204, 308
1120974.3.peg.1989.site.54, 4, 211, 215
1120974.3.peg.1989.site.55, 71, 208, 279
1120974.3.peg.1989.site.56, 2, 207, 209
1120974.3.peg.1989.site.57, 213, 213, 426
1120974.3.peg.1989.site.58, 3, 214, 217
1120974.3.peg.1989.site.59, 2, 215, 217
1120974.3.peg.1989.site.60, 2, 214, 216
1120974.3.peg.1988.site.1, 4, 209, 213
1120974.3.peg.1988.site.2, 156, 170, 326
1120974.3.peg.1988.site.3, 2, 169, 171
1120974.3.peg.1988.site.4, 177, 179, 356
1120974.3.peg.1988.site.5, 50, 177, 227
1120974.3.peg.1988.site.6, 44, 189, 233
1120974.3.peg.1988.site.7, 149, 175, 324
1120974.3.peg.1988.site.8, 171, 173, 344
1120974.3.peg.1988.site.9, 182, 200, 382
1120974.3.peg.1988.site.10, 152, 154, 306
1120974.3.peg.1988.site.11, 6, 135, 141
1120974.3.peg.1988.site.12, 15, 121, 136
1120974.3.peg.1988.site.13, 94, 118, 212
1120974.3.peg.1988.site.14, 103, 129, 232
1120974.3.peg.1988.site.15, 4, 134, 138
1120974.3.peg.1988.site.16, 11, 157, 168
1120974.3.peg.1988.site.17, 1, 162, 163
1120974.3.peg.1988.site.18, 1, 161, 162
1120974.3.peg.1988.site.19, 7, 215, 222
1120974.3.peg.1988.site.20, 179, 210, 389
1120974.3.peg.1988.site.21, 177, 207, 384
1120974.3.peg.1988.site.22, 170, 195, 365
1120974.3.peg.1988.site.23, 185, 187, 372
1120974.3.peg.1988.site.24, 0, 210, 210
1120974.3.peg.1988.site.25, 35, 207, 242
1120974.3.peg.1988.site.26, 2, 212, 214
1120974.3.peg.1988.site.27, 4, 213, 217
1120974.3.peg.1161.site.1, 196, 214, 410
1120974.3.peg.1161.site.2, 68, 210, 278
1120974.3.peg.1161.site.3, 205, 215, 420
1120974.3.peg.1161.site.4, 194, 212, 406
1120974.3.peg.1161.site.5, 192, 211, 403
1120974.3.peg.1161.site.6, 212, 214, 426
1120974.3.peg.1161.site.7, 187, 205, 392
1120974.3.peg.1161.site.8, 208, 211, 419
1120974.3.peg.1161.site.9, 0, 213, 213
1120974.3.peg.1161.site.10, 196, 210, 406
1120974.3.peg.1161.site.11, 65, 186, 251
1120974.3.peg.1161.site.12, 26, 132, 158
1120974.3.peg.1161.site.13, 136, 138, 274
1120974.3.peg.1161.site.14, 24, 135, 159
1120974.3.peg.1161.site.15, 98, 135, 233
1120974.3.peg.1161.site.16, 0, 142, 142
1120974.3.peg.1161.site.17, 0, 142, 142
1120974.3.peg.1161.site.18, 2, 145, 147
1120974.3.peg.1161.site.19, 0, 144, 144
1120974.3.peg.1161.site.20, 15, 135, 150
1120974.3.peg.1161.site.21, 20, 129, 149
1120974.3.peg.1161.site.22, 140, 142, 282
1120974.3.peg.1161.site.23, 136, 140, 276
1120974.3.peg.1161.site.24, 30, 160, 190
1120974.3.peg.1161.site.25, 26, 154, 180
1120974.3.peg.1161.site.26, 23, 154, 177
1120974.3.peg.1161.site.27, 0, 157, 157
1120974.3.peg.1161.site.28, 20, 152, 172
1120974.3.peg.1161.site.29, 22, 158, 180
1120974.3.peg.1161.site.30, 0, 214, 214
1120974.3.peg.1161.site.31, 0, 216, 216
1120974.3.peg.1161.site.32, 0, 216, 216
1120974.3.peg.1161.site.33, 3, 215, 218
1120974.3.peg.1160.site.1, 205, 205, 410
1120974.3.peg.1160.site.2, 5, 212, 217
1120974.3.peg.1160.site.3, 201, 213, 414
1120974.3.peg.1160.site.4, 6, 215, 221
1120974.3.peg.1160.site.5, 6, 214, 220
1120974.3.peg.1160.site.6, 179, 199, 378
1120974.3.peg.1160.site.7, 171, 192, 363
1120974.3.peg.1160.site.8, 194, 215, 409
1120974.3.peg.1160.site.9, 194, 215, 409
1120974.3.peg.1160.site.10, 194, 215, 409
1120974.3.peg.1160.site.11, 193, 215, 408
1120974.3.peg.1160.site.12, 189, 207, 396
1120974.3.peg.1160.site.13, 7, 132, 139
1120974.3.peg.1160.site.14, 5, 125, 130
1120974.3.peg.1160.site.15, 108, 125, 233
1120974.3.peg.1160.site.16, 119, 136, 255
1120974.3.peg.1160.site.17, 197, 215, 412
1120974.3.peg.1160.site.18, 206, 215, 421
1120974.3.peg.1160.site.19, 196, 214, 410
1120974.3.peg.1163.site.1, 4, 209, 213
1120974.3.peg.1163.site.2, 181, 209, 390
1120974.3.peg.1163.site.3, 58, 208, 266
1120974.3.peg.1163.site.4, 61, 208, 269
1120974.3.peg.1163.site.5, 60, 210, 270
1120974.3.peg.1163.site.6, 0, 199, 199
1120974.3.peg.1163.site.7, 15, 168, 183
1120974.3.peg.1163.site.8, 2, 155, 157
1120974.3.peg.1163.site.9, 56, 209, 265
1120974.3.peg.1163.site.10, 52, 205, 257
1120974.3.peg.1163.site.11, 52, 205, 257
1120974.3.peg.1163.site.12, 54, 208, 262
1120974.3.peg.1163.site.13, 6, 215, 221
1120974.3.peg.1163.site.14, 69, 209, 278
1120974.3.peg.1163.site.15, 54, 207, 261
1120974.3.peg.1163.site.16, 58, 205, 263
1120974.3.peg.1163.site.17, 58, 203, 261
1120974.3.peg.1163.site.18, 12, 209, 221
1120974.3.peg.1163.site.19, 65, 209, 274
1120974.3.peg.1163.site.20, 42, 207, 249
1120974.3.peg.1163.site.21, 199, 203, 402
1120974.3.peg.1163.site.22, 40, 202, 242
1120974.3.peg.1163.site.23, 201, 205, 406
1120974.3.peg.1163.site.24, 48, 209, 257
1120974.3.peg.1163.site.25, 53, 213, 266
1120974.3.peg.1163.site.26, 7, 214, 221
1120974.3.peg.1163.site.27, 4, 212, 216
1120974.3.peg.1163.site.28, 33, 198, 231
1120974.3.peg.1163.site.29, 44, 208, 252
1120974.3.peg.1163.site.30, 1, 214, 215
1120974.3.peg.1163.site.31, 39, 211, 250
1120974.3.peg.1163.site.32, 19, 215, 234
1120974.3.peg.1163.site.33, 40, 216, 256
1120974.3.peg.1163.site.34, 172, 215, 387
1120974.3.peg.1163.site.35, 0, 215, 215
1120974.3.peg.1163.site.36, 171, 215, 386
1120974.3.peg.1163.site.37, 40, 215, 255
1120974.3.peg.1163.site.38, 40, 215, 255
1120974.3.peg.1163.site.39, 0, 215, 215
1120974.3.peg.1163.site.40, 208, 214, 422
1120974.3.peg.1163.site.41, 0, 215, 215
1120974.3.peg.1163.site.42, 43, 214, 257
1120974.3.peg.1163.site.43, 0, 216, 216
1120974.3.peg.1163.site.44, 189, 214, 403
1120974.3.peg.1163.site.45, 42, 215, 257
1120974.3.peg.1163.site.46, 41, 215, 256
1120974.3.peg.1163.site.47, 216, 216, 432
1120974.3.peg.1163.site.48, 174, 194, 368
1120974.3.peg.1163.site.49, 171, 196, 367
1120974.3.peg.1163.site.50, 23, 198, 221
1120974.3.peg.1163.site.51, 174, 199, 373
1120974.3.peg.1163.site.52, 12, 215, 227
1120974.3.peg.1163.site.53, 190, 213, 403
1120974.3.peg.1163.site.54, 44, 215, 259
1120974.3.peg.1163.site.55, 189, 213, 402
1120974.3.peg.1163.site.56, 189, 213, 402
1120974.3.peg.1163.site.57, 189, 213, 402
1120974.3.peg.1163.site.58, 42, 215, 257
1120974.3.peg.1163.site.59, 191, 211, 402
1120974.3.peg.1163.site.60, 42, 214, 256
1120974.3.peg.1163.site.61, 42, 211, 253
1120974.3.peg.1163.site.62, 0, 213, 213
1120974.3.peg.1163.site.63, 42, 213, 255
1120974.3.peg.1163.site.64, 42, 211, 253
1120974.3.peg.1163.site.65, 0, 213, 213
1120974.3.peg.1163.site.66, 41, 216, 257
1120974.3.peg.1163.site.67, 4, 216, 220
1120974.3.peg.1163.site.68, 0, 216, 216
1120974.3.peg.1163.site.69, 1, 215, 216
1120974.3.peg.1163.site.70, 0, 215, 215
1120974.3.peg.1163.site.71, 34, 214, 248
1120974.3.peg.1163.site.72, 197, 214, 411
1120974.3.peg.1163.site.73, 4, 216, 220
1120974.3.peg.1163.site.74, 195, 215, 410
1120974.3.peg.1163.site.75, 1, 216, 217
1120974.3.peg.1163.site.76, 195, 214, 409
1120974.3.peg.1163.site.77, 216, 216, 432
1120974.3.peg.1163.site.78, 1, 215, 216
1120974.3.peg.1164.site.1, 156, 210, 366
1120974.3.peg.1164.site.2, 196, 215, 411
1120974.3.peg.1164.site.3, 163, 214, 377
1120974.3.peg.1164.site.4, 1, 216, 217
1120974.3.peg.1164.site.5, 33, 214, 247
1120974.3.peg.1164.site.6, 0, 216, 216
1120974.3.peg.1164.site.7, 196, 214, 410
1120974.3.peg.1164.site.8, 196, 214, 410
1120974.3.peg.1164.site.9, 7, 215, 222
1120974.3.peg.1164.site.10, 195, 214, 409
1120974.3.peg.1164.site.11, 196, 214, 410
1120974.3.peg.1164.site.12, 196, 214, 410
1120974.3.peg.1164.site.13, 195, 214, 409
1120974.3.peg.1164.site.14, 195, 213, 408
1120974.3.peg.1164.site.15, 206, 212, 418
1120974.3.peg.1164.site.16, 193, 211, 404
1120974.3.peg.1164.site.17, 2, 216, 218
1120974.3.peg.1164.site.18, 0, 216, 216
1120974.3.peg.1164.site.19, 216, 216, 432
1120974.3.peg.1164.site.20, 131, 213, 344
1120974.3.peg.1164.site.21, 131, 213, 344
1120974.3.peg.1164.site.22, 0, 215, 215
1120974.3.peg.1164.site.23, 205, 214, 419
1120974.3.peg.1164.site.24, 206, 215, 421
1120974.3.peg.1167.site.1, 212, 214, 426
1120974.3.peg.1167.site.2, 4, 213, 217
1120974.3.peg.1167.site.3, 199, 210, 409
1120974.3.peg.1167.site.4, 210, 212, 422
1120974.3.peg.1167.site.5, 192, 210, 402
1120974.3.peg.1167.site.6, 0, 204, 204
1120974.3.peg.1167.site.7, 2, 202, 204
1120974.3.peg.1167.site.8, 189, 210, 399
1120974.3.peg.1167.site.9, 11, 211, 222
1120974.3.peg.1167.site.10, 13, 215, 228
1120974.3.peg.1167.site.11, 0, 214, 214
1120974.3.peg.1167.site.12, 1, 216, 217
1120974.3.peg.1167.site.13, 11, 212, 223
1120974.3.peg.1167.site.14, 96, 203, 299
1120974.3.peg.1167.site.15, 4, 216, 220
1120974.3.peg.1167.site.16, 216, 216, 432
1120974.3.peg.1167.site.17, 201, 215, 416
1120974.3.peg.1167.site.18, 76, 210, 286
1120974.3.peg.1167.site.19, 113, 209, 322
1120974.3.peg.1167.site.20, 195, 214, 409
1120974.3.peg.1167.site.21, 12, 214, 226
1120974.3.peg.1167.site.22, 2, 215, 217
1120974.3.peg.1167.site.23, 79, 202, 281
1120974.3.peg.1167.site.24, 80, 130, 210
1120974.3.peg.1167.site.25, 2, 101, 103
1120974.3.peg.1167.site.26, 3, 102, 105
1120974.3.peg.1167.site.27, 8, 107, 115
1120974.3.peg.1167.site.28, 12, 212, 224
1120974.3.peg.1167.site.29, 14, 214, 228
1120974.3.peg.1167.site.30, 3, 214, 217
1120974.3.peg.1166.site.1, 0, 165, 165
1120974.3.peg.1166.site.2, 3, 214, 217
1120974.3.peg.1166.site.3, 206, 214, 420
1120974.3.peg.1166.site.4, 211, 216, 427
1120974.3.peg.1166.site.5, 207, 215, 422
1120974.3.peg.1166.site.6, 210, 215, 425
1120974.3.peg.1166.site.7, 0, 215, 215
1120974.3.peg.1166.site.8, 206, 215, 421
1120974.3.peg.1166.site.9, 4, 215, 219
1120974.3.peg.1166.site.10, 195, 213, 408
1120974.3.peg.1166.site.11, 192, 211, 403
1120974.3.peg.1166.site.12, 6, 16, 22
1120974.3.peg.1166.site.13, 21, 31, 52
1120974.3.peg.1169.site.1, 0, 214, 214
1120974.3.peg.1169.site.2, 16, 213, 229
1120974.3.peg.1169.site.3, 74, 204, 278
1120974.3.peg.1169.site.4, 142, 204, 346
1120974.3.peg.1168.site.1, 4, 216, 220
1120974.3.peg.1168.site.2, 9, 215, 224
1120974.3.peg.1168.site.3, 0, 210, 210
1120974.3.peg.1502.site.1, 7, 71, 78
1120974.3.peg.1502.site.2, 73, 101, 174
1120974.3.peg.1502.site.3, 4, 174, 178
1120974.3.peg.1502.site.4, 158, 184, 342
1120974.3.peg.1502.site.5, 0, 207, 207
1120974.3.peg.1502.site.6, 5, 212, 217
1120974.3.peg.1502.site.7, 0, 211, 211
1120974.3.peg.1502.site.8, 84, 110, 194
1120974.3.peg.1502.site.9, 22, 48, 70
1120974.3.peg.1502.site.10, 23, 48, 71
1120974.3.peg.1502.site.11, 20, 46, 66
1120974.3.peg.1502.site.12, 8, 33, 41
1120974.3.peg.1502.site.13, 7, 32, 39
1120974.3.peg.1502.site.14, 8, 34, 42
1120974.3.peg.1502.site.15, 1, 33, 34
1120974.3.peg.1507.site.1, 0, 216, 216
1120974.3.peg.1507.site.2, 0, 216, 216
1120974.3.peg.1507.site.3, 209, 215, 424
1120974.3.peg.1507.site.4, 183, 213, 396
1120974.3.peg.1507.site.5, 182, 212, 394
1120974.3.peg.1507.site.6, 191, 212, 403
1120974.3.peg.1507.site.7, 173, 205, 378
1120974.3.peg.1507.site.8, 52, 205, 257
1120974.3.peg.1507.site.9, 57, 211, 268
1120974.3.peg.1507.site.10, 183, 213, 396
1120974.3.peg.1507.site.11, 0, 214, 214
1120974.3.peg.1507.site.12, 56, 210, 266
1120974.3.peg.1507.site.13, 118, 207, 325
1120974.3.peg.1507.site.14, 112, 201, 313
1120974.3.peg.1507.site.15, 129, 130, 259
1120974.3.peg.1507.site.16, 69, 159, 228
1120974.3.peg.1507.site.17, 176, 210, 386
1120974.3.peg.1507.site.18, 122, 208, 330
1120974.3.peg.1507.site.19, 1, 215, 216
1120974.3.peg.1507.site.20, 0, 215, 215
1120974.3.peg.1507.site.21, 13, 216, 229
1120974.3.peg.1507.site.22, 0, 216, 216
1120974.3.peg.1507.site.23, 0, 216, 216
1120974.3.peg.1506.site.1, 2, 29, 31
1120974.3.peg.1506.site.2, 115, 141, 256
1120974.3.peg.1506.site.3, 154, 180, 334
1120974.3.peg.1506.site.4, 158, 201, 359
1120974.3.peg.1506.site.5, 1, 209, 210
1120974.3.peg.1506.site.6, 2, 214, 216
1120974.3.peg.1506.site.7, 162, 207, 369
1120974.3.peg.1506.site.8, 5, 212, 217
1120974.3.peg.1506.site.9, 5, 211, 216
1120974.3.peg.1506.site.10, 4, 213, 217
1120974.3.peg.1506.site.11, 4, 213, 217
1120974.3.peg.1506.site.12, 0, 211, 211
1120974.3.peg.1506.site.13, 7, 204, 211
1120974.3.peg.1506.site.14, 6, 204, 210
1120974.3.peg.1506.site.15, 170, 197, 367
1120974.3.peg.1506.site.16, 163, 204, 367
1120974.3.peg.1506.site.17, 0, 213, 213
1120974.3.peg.1506.site.18, 18, 62, 80
1120974.3.peg.1506.site.19, 5, 48, 53
1120974.3.peg.1506.site.20, 6, 51, 57
1120974.3.peg.1506.site.21, 107, 121, 228
1120974.3.peg.1506.site.22, 15, 185, 200
1120974.3.peg.1506.site.23, 0, 190, 190
1120974.3.peg.1506.site.24, 9, 208, 217
1120974.3.peg.1506.site.25, 207, 208, 415
1120974.3.peg.1506.site.26, 1, 216, 217
1120974.3.peg.1506.site.27, 189, 214, 403
1120974.3.peg.1506.site.28, 0, 216, 216
1120974.3.peg.1506.site.29, 186, 213, 399
1120974.3.peg.1506.site.30, 21, 212, 233
1120974.3.peg.1506.site.31, 167, 211, 378
1120974.3.peg.1506.site.32, 0, 215, 215
1120974.3.peg.1506.site.33, 4, 216, 220
1120974.3.peg.1506.site.34, 5, 215, 220
1120974.3.peg.1506.site.35, 6, 214, 220
1120974.3.peg.1506.site.36, 4, 214, 218
1120974.3.peg.1506.site.37, 172, 211, 383
1120974.3.peg.1506.site.38, 164, 206, 370
1120974.3.peg.1506.site.39, 167, 212, 379
1120974.3.peg.1506.site.40, 4, 215, 219
1120974.3.peg.1506.site.41, 192, 214, 406
1120974.3.peg.1506.site.42, 10, 216, 226
1120974.3.peg.1506.site.43, 5, 200, 205
1120974.3.peg.1506.site.44, 10, 206, 216
1120974.3.peg.1506.site.45, 9, 214, 223
1120974.3.peg.1506.site.46, 214, 215, 429
1120974.3.peg.1504.site.1, 189, 214, 403
1120974.3.peg.1504.site.2, 0, 216, 216
1120974.3.peg.1504.site.3, 140, 166, 306
1120974.3.peg.1504.site.4, 128, 154, 282
1120974.3.peg.1504.site.5, 83, 107, 190
1120974.3.peg.1504.site.6, 74, 100, 174
1120974.3.peg.1504.site.7, 37, 63, 100
1120974.3.peg.1504.site.8, 8, 34, 42
1120974.3.peg.1504.site.9, 13, 34, 47
1120974.3.peg.1504.site.10, 157, 194, 351
1120974.3.peg.1504.site.11, 11, 209, 220
1120974.3.peg.1504.site.12, 181, 204, 385
1120974.3.peg.1504.site.13, 178, 202, 380
1120974.3.peg.1504.site.14, 185, 210, 395
1120974.3.peg.1504.site.15, 186, 211, 397
1120974.3.peg.1504.site.16, 186, 209, 395
1120974.3.peg.1504.site.17, 188, 212, 400
1120974.3.peg.1504.site.18, 188, 212, 400
1120974.3.peg.1504.site.19, 6, 202, 208
1120974.3.peg.1504.site.20, 24, 45, 69
1120974.3.peg.1504.site.21, 13, 39, 52
1120974.3.peg.1504.site.22, 2, 23, 25
1120974.3.peg.1504.site.23, 4, 14, 18
1120974.3.peg.1504.site.24, 3, 12, 15
1120974.3.peg.1504.site.25, 5, 15, 20
1120974.3.peg.1504.site.26, 11, 21, 32
1120974.3.peg.1504.site.27, 90, 114, 204
1120974.3.peg.1504.site.28, 53, 82, 135
1120974.3.peg.1504.site.29, 10, 75, 85
1120974.3.peg.1504.site.30, 5, 49, 54
1120974.3.peg.1504.site.31, 6, 54, 60
1120974.3.peg.1509.site.1, 0, 214, 214
1120974.3.peg.1509.site.2, 203, 212, 415
1120974.3.peg.1509.site.3, 0, 212, 212
1120974.3.peg.1509.site.4, 193, 210, 403
1120974.3.peg.1509.site.5, 181, 198, 379
1120974.3.peg.1509.site.6, 182, 200, 382
1120974.3.peg.1509.site.7, 1, 189, 190
1120974.3.peg.1509.site.8, 4, 212, 216
1120974.3.peg.1509.site.9, 1, 207, 208
1120974.3.peg.1509.site.10, 164, 176, 340
1120974.3.peg.1509.site.11, 158, 170, 328
1120974.3.peg.1509.site.12, 1, 168, 169
1120974.3.peg.1509.site.13, 195, 212, 407
1120974.3.peg.1509.site.14, 4, 212, 216
1120974.3.peg.1509.site.15, 197, 215, 412
1120974.3.peg.1508.site.1, 121, 202, 323
1120974.3.peg.1508.site.2, 55, 193, 248
1120974.3.peg.1508.site.3, 112, 195, 307
1120974.3.peg.1508.site.4, 1, 198, 199
1120974.3.peg.1508.site.5, 53, 193, 246
1120974.3.peg.1508.site.6, 199, 205, 404
1120974.3.peg.1508.site.7, 18, 210, 228
1120974.3.peg.1508.site.8, 55, 206, 261
1120974.3.peg.1508.site.9, 161, 195, 356
1120974.3.peg.1508.site.10, 37, 71, 108
1120974.3.peg.1508.site.11, 36, 58, 94
1120974.3.peg.1508.site.12, 34, 69, 103
1120974.3.peg.1508.site.13, 2, 82, 84
1120974.3.peg.1508.site.14, 12, 101, 113
1120974.3.peg.1508.site.15, 3, 110, 113
1120974.3.peg.1508.site.16, 9, 114, 123
1120974.3.peg.1508.site.17, 42, 120, 162
1120974.3.peg.1508.site.18, 4, 145, 149
1120974.3.peg.1508.site.19, 86, 165, 251
1120974.3.peg.1508.site.20, 8, 88, 96
1120974.3.peg.1508.site.21, 3, 83, 86
1120974.3.peg.1508.site.22, 1, 81, 82
1120974.3.peg.1508.site.23, 1, 76, 77
1120974.3.peg.1508.site.24, 37, 69, 106
1120974.3.peg.1508.site.25, 50, 78, 128
1120974.3.peg.1508.site.26, 55, 82, 137
1120974.3.peg.1508.site.27, 99, 129, 228
1120974.3.peg.1508.site.28, 149, 180, 329
1120974.3.peg.1508.site.29, 3, 214, 217
1120974.3.peg.1508.site.30, 134, 211, 345
1120974.3.peg.1508.site.31, 5, 215, 220
1120974.3.peg.1508.site.32, 0, 215, 215
1120974.3.peg.2087.site.1, 89, 211, 300
1120974.3.peg.2087.site.2, 149, 211, 360
1120974.3.peg.2087.site.3, 0, 215, 215
1120974.3.peg.2087.site.4, 158, 212, 370
1120974.3.peg.2087.site.5, 68, 200, 268
1120974.3.peg.2087.site.6, 75, 203, 278
1120974.3.peg.2087.site.7, 0, 209, 209
1120974.3.peg.2087.site.8, 80, 210, 290
1120974.3.peg.2087.site.9, 102, 209, 311
1120974.3.peg.2087.site.10, 0, 216, 216
1120974.3.peg.2087.site.11, 0, 216, 216
1120974.3.peg.2087.site.12, 12, 215, 227
1120974.3.peg.2087.site.13, 78, 209, 287
1120974.3.peg.2087.site.14, 48, 210, 258
1120974.3.peg.2087.site.15, 152, 206, 358
1120974.3.peg.2087.site.16, 151, 204, 355
1120974.3.peg.2087.site.17, 0, 202, 202
1120974.3.peg.2087.site.18, 0, 204, 204
1120974.3.peg.2087.site.19, 0, 207, 207
1120974.3.peg.2087.site.20, 0, 215, 215
1120974.3.peg.2087.site.21, 50, 209, 259
1120974.3.peg.2086.site.1, 196, 213, 409
1120974.3.peg.2086.site.2, 1, 213, 214
1120974.3.peg.2086.site.3, 29, 212, 241
1120974.3.peg.2086.site.4, 171, 210, 381
1120974.3.peg.2086.site.5, 173, 212, 385
1120974.3.peg.2086.site.6, 79, 204, 283
1120974.3.peg.2086.site.7, 84, 207, 291
1120974.3.peg.2086.site.8, 86, 209, 295
1120974.3.peg.2086.site.9, 0, 209, 209
1120974.3.peg.2086.site.10, 101, 197, 298
1120974.3.peg.2086.site.11, 74, 190, 264
1120974.3.peg.2086.site.12, 4, 177, 181
1120974.3.peg.2086.site.13, 76, 185, 261
1120974.3.peg.2086.site.14, 4, 164, 168
1120974.3.peg.2086.site.15, 0, 183, 183
1120974.3.peg.2086.site.16, 87, 176, 263
1120974.3.peg.2086.site.17, 0, 203, 203
1120974.3.peg.2086.site.18, 3, 194, 197
1120974.3.peg.2086.site.19, 9, 216, 225
1120974.3.peg.2086.site.20, 9, 216, 225
1120974.3.peg.2086.site.21, 0, 216, 216
1120974.3.peg.2086.site.22, 110, 210, 320
1120974.3.peg.2085.site.1, 12, 215, 227
1120974.3.peg.2085.site.2, 0, 215, 215
1120974.3.peg.2085.site.3, 0, 215, 215
1120974.3.peg.2085.site.4, 9, 216, 225
1120974.3.peg.2085.site.5, 215, 216, 431
1120974.3.peg.2084.site.1, 1, 204, 205
1120974.3.peg.2084.site.2, 142, 149, 291
1120974.3.peg.2084.site.3, 0, 210, 210
1120974.3.peg.2084.site.4, 1, 212, 213
1120974.3.peg.2084.site.5, 11, 209, 220
1120974.3.peg.2084.site.6, 0, 208, 208
1120974.3.peg.2084.site.7, 163, 212, 375
1120974.3.peg.2084.site.8, 15, 213, 228
1120974.3.peg.2084.site.9, 178, 216, 394
1120974.3.peg.2084.site.10, 13, 215, 228
1120974.3.peg.2084.site.11, 13, 214, 227
1120974.3.peg.2084.site.12, 12, 214, 226
1120974.3.peg.2084.site.13, 5, 215, 220
1120974.3.peg.2084.site.14, 212, 216, 428
1120974.3.peg.2084.site.15, 2, 216, 218
1120974.3.peg.2084.site.16, 12, 213, 225
1120974.3.peg.2084.site.17, 33, 212, 245
1120974.3.peg.2084.site.18, 162, 212, 374
1120974.3.peg.2084.site.19, 5, 216, 221
1120974.3.peg.2084.site.20, 12, 212, 224
1120974.3.peg.2084.site.21, 14, 213, 227
1120974.3.peg.2084.site.22, 14, 215, 229
1120974.3.peg.2084.site.23, 216, 216, 432
1120974.3.peg.2084.site.24, 5, 216, 221
1120974.3.peg.2084.site.25, 162, 214, 376
1120974.3.peg.2084.site.26, 5, 216, 221
1120974.3.peg.2084.site.27, 0, 213, 213
1120974.3.peg.2084.site.28, 13, 207, 220
1120974.3.peg.2084.site.29, 4, 209, 213
1120974.3.peg.2084.site.30, 12, 213, 225
1120974.3.peg.2084.site.31, 0, 215, 215
1120974.3.peg.2084.site.32, 2, 216, 218
1120974.3.peg.2084.site.33, 163, 213, 376
1120974.3.peg.2084.site.34, 0, 215, 215
1120974.3.peg.2083.site.1, 155, 194, 349
1120974.3.peg.2083.site.2, 0, 168, 168
1120974.3.peg.2083.site.3, 1, 107, 108
1120974.3.peg.2083.site.4, 15, 51, 66
1120974.3.peg.2083.site.5, 16, 36, 52
1120974.3.peg.2083.site.6, 162, 199, 361
1120974.3.peg.2083.site.7, 206, 214, 420
1120974.3.peg.2083.site.8, 1, 216, 217
1120974.3.peg.2083.site.9, 167, 183, 350
1120974.3.peg.2083.site.10, 16, 119, 135
1120974.3.peg.2083.site.11, 10, 54, 64
1120974.3.peg.2083.site.12, 44, 44, 88
1120974.3.peg.2083.site.13, 29, 40, 69
1120974.3.peg.2083.site.14, 14, 55, 69
1120974.3.peg.2083.site.15, 90, 90, 180
1120974.3.peg.2083.site.16, 113, 157, 270
1120974.3.peg.2083.site.17, 48, 92, 140
1120974.3.peg.2083.site.18, 38, 81, 119
1120974.3.peg.2083.site.19, 23, 200, 223
1120974.3.peg.2083.site.20, 170, 193, 363
1120974.3.peg.2083.site.21, 1, 195, 196
1120974.3.peg.2083.site.22, 131, 174, 305
1120974.3.peg.2083.site.23, 1, 120, 121
1120974.3.peg.2083.site.24, 30, 72, 102
1120974.3.peg.2083.site.25, 36, 79, 115
1120974.3.peg.2083.site.26, 5, 164, 169
1120974.3.peg.2083.site.27, 1, 215, 216
1120974.3.peg.2083.site.28, 1, 216, 217
1120974.3.peg.2083.site.29, 177, 206, 383
1120974.3.peg.2083.site.30, 203, 213, 416
1120974.3.peg.2083.site.31, 13, 211, 224
1120974.3.peg.2082.site.1, 179, 213, 392
1120974.3.peg.2082.site.2, 29, 214, 243
1120974.3.peg.2082.site.3, 17, 214, 231
1120974.3.peg.2082.site.4, 2, 214, 216
1120974.3.peg.2082.site.5, 169, 206, 375
1120974.3.peg.2082.site.6, 4, 207, 211
1120974.3.peg.2082.site.7, 176, 212, 388
1120974.3.peg.2082.site.8, 13, 214, 227
1120974.3.peg.2082.site.9, 32, 211, 243
1120974.3.peg.2081.site.1, 1, 211, 212
1120974.3.peg.2081.site.2, 163, 211, 374
1120974.3.peg.2081.site.3, 0, 215, 215
1120974.3.peg.2081.site.4, 37, 215, 252
1120974.3.peg.2081.site.5, 1, 215, 216
1120974.3.peg.2081.site.6, 202, 216, 418
1120974.3.peg.2081.site.7, 1, 216, 217
1120974.3.peg.2081.site.8, 1, 216, 217
1120974.3.peg.2081.site.9, 202, 214, 416
1120974.3.peg.2081.site.10, 0, 216, 216
1120974.3.peg.2081.site.11, 166, 215, 381
1120974.3.peg.2081.site.12, 166, 214, 380
1120974.3.peg.2081.site.13, 167, 215, 382
1120974.3.peg.2081.site.14, 166, 212, 378
1120974.3.peg.2081.site.15, 3, 215, 218
1120974.3.peg.2081.site.16, 7, 213, 220
1120974.3.peg.2081.site.17, 17, 214, 231
1120974.3.peg.2081.site.18, 1, 215, 216
1120974.3.peg.2081.site.19, 13, 214, 227
1120974.3.peg.2081.site.20, 3, 212, 215
1120974.3.peg.2089.site.1, 0, 212, 212
1120974.3.peg.2089.site.2, 5, 216, 221
1120974.3.peg.2089.site.3, 216, 216, 432
1120974.3.peg.2089.site.4, 0, 215, 215
1120974.3.peg.2089.site.5, 43, 213, 256
1120974.3.peg.2089.site.6, 5, 215, 220
1120974.3.peg.2089.site.7, 8, 211, 219
1120974.3.peg.2089.site.8, 17, 210, 227
1120974.3.peg.2089.site.9, 17, 209, 226
1120974.3.peg.2089.site.10, 1, 213, 214
1120974.3.peg.2089.site.11, 9, 213, 222
1120974.3.peg.2089.site.12, 216, 216, 432
1120974.3.peg.2089.site.13, 18, 214, 232
1120974.3.peg.2089.site.14, 1, 212, 213
1120974.3.peg.2089.site.15, 20, 211, 231
1120974.3.peg.2089.site.16, 29, 211, 240
1120974.3.peg.2089.site.17, 157, 199, 356
1120974.3.peg.2089.site.18, 14, 206, 220
1120974.3.peg.2089.site.19, 212, 216, 428
1120974.3.peg.2089.site.20, 12, 215, 227
1120974.3.peg.2089.site.21, 0, 216, 216
1120974.3.peg.2089.site.22, 8, 213, 221
1120974.3.peg.2089.site.23, 94, 211, 305
1120974.3.peg.2089.site.24, 21, 215, 236
1120974.3.peg.2089.site.25, 20, 214, 234
1120974.3.peg.2089.site.26, 3, 216, 219
1120974.3.peg.2089.site.27, 0, 215, 215
1120974.3.peg.2089.site.28, 140, 211, 351
1120974.3.peg.2089.site.29, 4, 214, 218
1120974.3.peg.2089.site.30, 0, 214, 214
1120974.3.peg.2088.site.1, 197, 197, 394
1120974.3.peg.2088.site.2, 61, 172, 233
1120974.3.peg.2088.site.3, 4, 185, 189
1120974.3.peg.2088.site.4, 133, 185, 318
1120974.3.peg.2088.site.5, 192, 196, 388
1120974.3.peg.2088.site.6, 181, 202, 383
1120974.3.peg.2088.site.7, 17, 207, 224
1120974.3.peg.2088.site.8, 188, 206, 394
1120974.3.peg.1766.site.1, 0, 216, 216
1120974.3.peg.1766.site.2, 31, 216, 247
1120974.3.peg.1766.site.3, 31, 211, 242
1120974.3.peg.1766.site.4, 0, 216, 216
1120974.3.peg.1766.site.5, 208, 214, 422
1120974.3.peg.1766.site.6, 31, 214, 245
1120974.3.peg.1766.site.7, 29, 212, 241
1120974.3.peg.1766.site.8, 31, 214, 245
1120974.3.peg.1766.site.9, 79, 210, 289
1120974.3.peg.1766.site.10, 115, 213, 328
1120974.3.peg.1766.site.11, 0, 216, 216
1120974.3.peg.1766.site.12, 30, 213, 243
1120974.3.peg.1766.site.13, 191, 213, 404
1120974.3.peg.1766.site.14, 191, 214, 405
1120974.3.peg.1766.site.15, 4, 214, 218
1120974.3.peg.1766.site.16, 0, 216, 216
1120974.3.peg.1766.site.17, 0, 216, 216
1120974.3.peg.1766.site.18, 4, 216, 220
1120974.3.peg.1766.site.19, 73, 210, 283
1120974.3.peg.1766.site.20, 3, 215, 218
1120974.3.peg.1766.site.21, 79, 208, 287
1120974.3.peg.1765.site.1, 21, 216, 237
1120974.3.peg.1765.site.2, 0, 215, 215
1120974.3.peg.1765.site.3, 215, 215, 430
1120974.3.peg.1765.site.4, 157, 214, 371
1120974.3.peg.1765.site.5, 160, 213, 373
1120974.3.peg.1765.site.6, 6, 216, 222
1120974.3.peg.1765.site.7, 76, 212, 288
1120974.3.peg.1765.site.8, 0, 215, 215
1120974.3.peg.1765.site.9, 0, 209, 209
1120974.3.peg.1765.site.10, 46, 212, 258
1120974.3.peg.1764.site.1, 1, 212, 213
1120974.3.peg.1764.site.2, 0, 216, 216
1120974.3.peg.1764.site.3, 163, 212, 375
1120974.3.peg.1764.site.4, 2, 216, 218
1120974.3.peg.1764.site.5, 93, 211, 304
1120974.3.peg.1764.site.6, 1, 215, 216
1120974.3.peg.1764.site.7, 135, 212, 347
1120974.3.peg.1764.site.8, 4, 215, 219
1120974.3.peg.1764.site.9, 3, 216, 219
1120974.3.peg.1764.site.10, 1, 216, 217
1120974.3.peg.1764.site.11, 1, 215, 216
1120974.3.peg.1764.site.12, 4, 212, 216
1120974.3.peg.1764.site.13, 1, 211, 212
1120974.3.peg.1764.site.14, 156, 202, 358
1120974.3.peg.1764.site.15, 126, 191, 317
1120974.3.peg.1764.site.16, 7, 196, 203
1120974.3.peg.1764.site.17, 30, 206, 236
1120974.3.peg.1764.site.18, 4, 216, 220
1120974.3.peg.1764.site.19, 165, 213, 378
1120974.3.peg.1764.site.20, 0, 162, 162
1120974.3.peg.1764.site.21, 2, 148, 150
1120974.3.peg.1764.site.22, 2, 148, 150
1120974.3.peg.1764.site.23, 0, 146, 146
1120974.3.peg.1764.site.24, 3, 148, 151
1120974.3.peg.1764.site.25, 7, 151, 158
1120974.3.peg.888.site.1, 1, 211, 212
1120974.3.peg.888.site.2, 183, 211, 394
1120974.3.peg.888.site.3, 2, 213, 215
1120974.3.peg.888.site.4, 4, 214, 218
1120974.3.peg.888.site.5, 0, 215, 215
1120974.3.peg.888.site.6, 0, 213, 213
1120974.3.peg.888.site.7, 3, 214, 217
1120974.3.peg.888.site.8, 2, 213, 215
1120974.3.peg.888.site.9, 0, 214, 214
1120974.3.peg.888.site.10, 25, 212, 237
1120974.3.peg.888.site.11, 211, 213, 424
1120974.3.peg.888.site.12, 202, 214, 416
1120974.3.peg.888.site.13, 8, 215, 223
1120974.3.peg.888.site.14, 4, 216, 220
1120974.3.peg.888.site.15, 4, 213, 217
1120974.3.peg.888.site.16, 55, 198, 253
1120974.3.peg.888.site.17, 0, 208, 208
1120974.3.peg.888.site.18, 0, 212, 212
1120974.3.peg.888.site.19, 4, 214, 218
1120974.3.peg.1762.site.1, 1, 213, 214
1120974.3.peg.1762.site.2, 1, 213, 214
1120974.3.peg.1762.site.3, 0, 213, 213
1120974.3.peg.1762.site.4, 32, 209, 241
1120974.3.peg.1762.site.5, 148, 210, 358
1120974.3.peg.1762.site.6, 107, 209, 316
1120974.3.peg.1762.site.7, 2, 213, 215
1120974.3.peg.1762.site.8, 7, 211, 218
1120974.3.peg.1762.site.9, 4, 212, 216
1120974.3.peg.1762.site.10, 1, 210, 211
1120974.3.peg.1762.site.11, 197, 209, 406
1120974.3.peg.1762.site.12, 62, 207, 269
1120974.3.peg.1762.site.13, 12, 209, 221
1120974.3.peg.1762.site.14, 50, 209, 259
1120974.3.peg.1762.site.15, 1, 212, 213
1120974.3.peg.1762.site.16, 5, 210, 215
1120974.3.peg.1762.site.17, 98, 209, 307
1120974.3.peg.1762.site.18, 62, 204, 266
1120974.3.peg.1762.site.19, 2, 212, 214
1120974.3.peg.1762.site.20, 2, 213, 215
1120974.3.peg.1762.site.21, 88, 210, 298
1120974.3.peg.1761.site.1, 7, 216, 223
1120974.3.peg.1761.site.2, 17, 213, 230
1120974.3.peg.1761.site.3, 198, 214, 412
1120974.3.peg.1761.site.4, 208, 215, 423
1120974.3.peg.1761.site.5, 1, 212, 213
1120974.3.peg.1761.site.6, 1, 212, 213
1120974.3.peg.1761.site.7, 2, 212, 214
1120974.3.peg.1761.site.8, 178, 209, 387
1120974.3.peg.1761.site.9, 138, 158, 296
1120974.3.peg.1761.site.10, 64, 83, 147
1120974.3.peg.1761.site.11, 179, 199, 378
1120974.3.peg.1761.site.12, 204, 210, 414
1120974.3.peg.1761.site.13, 1, 213, 214
1120974.3.peg.1761.site.14, 118, 205, 323
1120974.3.peg.562.site.1, 3, 207, 210
1120974.3.peg.562.site.2, 144, 197, 341
1120974.3.peg.562.site.3, 26, 198, 224
1120974.3.peg.562.site.4, 1, 172, 173
1120974.3.peg.562.site.5, 189, 195, 384
1120974.3.peg.562.site.6, 44, 197, 241
1120974.3.peg.562.site.7, 16, 203, 219
1120974.3.peg.562.site.8, 179, 186, 365
1120974.3.peg.562.site.9, 0, 168, 168
1120974.3.peg.562.site.10, 88, 150, 238
1120974.3.peg.562.site.11, 1, 133, 134
1120974.3.peg.562.site.12, 6, 108, 114
1120974.3.peg.562.site.13, 36, 118, 154
1120974.3.peg.562.site.14, 32, 122, 154
1120974.3.peg.562.site.15, 14, 159, 173
1120974.3.peg.562.site.16, 5, 177, 182
1120974.3.peg.562.site.17, 5, 193, 198
1120974.3.peg.562.site.18, 4, 206, 210
1120974.3.peg.562.site.19, 0, 204, 204
1120974.3.peg.562.site.20, 40, 196, 236
1120974.3.peg.562.site.21, 1, 202, 203
1120974.3.peg.562.site.22, 10, 207, 217
1120974.3.peg.562.site.23, 0, 212, 212
1120974.3.peg.562.site.24, 24, 215, 239
1120974.3.peg.562.site.25, 25, 216, 241
1120974.3.peg.562.site.26, 0, 211, 211
1120974.3.peg.562.site.27, 35, 213, 248
1120974.3.peg.562.site.28, 0, 216, 216
1120974.3.peg.562.site.29, 24, 215, 239
1120974.3.peg.562.site.30, 0, 214, 214
1120974.3.peg.562.site.31, 2, 215, 217
1120974.3.peg.562.site.32, 37, 215, 252
1120974.3.peg.562.site.33, 67, 101, 168
1120974.3.peg.562.site.34, 149, 149, 298
1120974.3.peg.562.site.35, 194, 213, 407
1120974.3.peg.562.site.36, 36, 215, 251
1120974.3.peg.562.site.37, 157, 213, 370
1120974.3.peg.562.site.38, 36, 215, 251
1120974.3.peg.562.site.39, 20, 214, 234
1120974.3.peg.562.site.40, 1, 215, 216
1120974.3.peg.562.site.41, 16, 213, 229
1120974.3.peg.562.site.42, 0, 216, 216
1120974.3.peg.562.site.43, 166, 210, 376
1120974.3.peg.562.site.44, 0, 216, 216
1120974.3.peg.562.site.45, 163, 213, 376
1120974.3.peg.562.site.46, 192, 213, 405
1120974.3.peg.562.site.47, 173, 195, 368
1120974.3.peg.562.site.48, 15, 57, 72
1120974.3.peg.884.site.1, 0, 216, 216
1120974.3.peg.884.site.2, 14, 214, 228
1120974.3.peg.884.site.3, 26, 213, 239
1120974.3.peg.884.site.4, 28, 209, 237
1120974.3.peg.884.site.5, 10, 212, 222
1120974.3.peg.884.site.6, 23, 211, 234
1120974.3.peg.884.site.7, 1, 201, 202
1120974.3.peg.884.site.8, 2, 212, 214
1120974.3.peg.884.site.9, 1, 211, 212
1120974.3.peg.884.site.10, 3, 212, 215
1120974.3.peg.884.site.11, 13, 209, 222
1120974.3.peg.884.site.12, 13, 210, 223
1120974.3.peg.884.site.13, 175, 209, 384
1120974.3.peg.884.site.14, 2, 212, 214
1120974.3.peg.884.site.15, 2, 212, 214
1120974.3.peg.884.site.16, 2, 212, 214
1120974.3.peg.884.site.17, 2, 209, 211
1120974.3.peg.884.site.18, 173, 207, 380
1120974.3.peg.884.site.19, 1, 209, 210
1120974.3.peg.884.site.20, 1, 213, 214
1120974.3.peg.884.site.21, 4, 212, 216
1120974.3.peg.884.site.22, 197, 214, 411
1120974.3.peg.884.site.23, 10, 214, 224
1120974.3.peg.884.site.24, 3, 209, 212
1120974.3.peg.884.site.25, 31, 79, 110
1120974.3.peg.884.site.26, 8, 54, 62
1120974.3.peg.884.site.27, 7, 53, 60
1120974.3.peg.884.site.28, 2, 48, 50
1120974.3.peg.884.site.29, 5, 52, 57
1120974.3.peg.884.site.30, 32, 78, 110
1120974.3.peg.884.site.31, 138, 180, 318
1120974.3.peg.884.site.32, 2, 208, 210
1120974.3.peg.884.site.33, 9, 207, 216
1120974.3.peg.884.site.34, 12, 209, 221
1120974.3.peg.884.site.35, 156, 206, 362
1120974.3.peg.884.site.36, 32, 207, 239
1120974.3.peg.884.site.37, 205, 208, 413
1120974.3.peg.884.site.38, 204, 208, 412
1120974.3.peg.884.site.39, 0, 209, 209
1120974.3.peg.884.site.40, 0, 208, 208
1120974.3.peg.884.site.41, 0, 208, 208
1120974.3.peg.884.site.42, 0, 209, 209
1120974.3.peg.884.site.43, 200, 209, 409
1120974.3.peg.884.site.44, 0, 178, 178
1120974.3.peg.884.site.45, 0, 176, 176
1120974.3.peg.884.site.46, 188, 207, 395
1120974.3.peg.884.site.47, 161, 205, 366
1120974.3.peg.884.site.48, 163, 207, 370
1120974.3.peg.884.site.49, 191, 206, 397
1120974.3.peg.884.site.50, 2, 206, 208
1120974.3.peg.884.site.51, 0, 206, 206
1120974.3.peg.884.site.52, 0, 205, 205
1120974.3.peg.884.site.53, 0, 211, 211
1120974.3.peg.884.site.54, 151, 204, 355
1120974.3.peg.885.site.1, 21, 215, 236
1120974.3.peg.885.site.2, 214, 216, 430
1120974.3.peg.885.site.3, 10, 214, 224
1120974.3.peg.885.site.4, 167, 214, 381
1120974.3.peg.885.site.5, 19, 212, 231
1120974.3.peg.885.site.6, 21, 213, 234
1120974.3.peg.885.site.7, 21, 214, 235
1120974.3.peg.885.site.8, 10, 215, 225
1120974.3.peg.885.site.9, 5, 215, 220
1120974.3.peg.885.site.10, 7, 215, 222
1120974.3.peg.885.site.11, 2, 215, 217
1120974.3.peg.885.site.12, 169, 214, 383
1120974.3.peg.885.site.13, 25, 216, 241
1120974.3.peg.885.site.14, 0, 216, 216
1120974.3.peg.885.site.15, 24, 215, 239
1120974.3.peg.885.site.16, 174, 211, 385
1120974.3.peg.885.site.17, 11, 214, 225
1120974.3.peg.885.site.18, 179, 212, 391
1120974.3.peg.885.site.19, 0, 215, 215
1120974.3.peg.885.site.20, 1, 215, 216
1120974.3.peg.885.site.21, 175, 210, 385
1120974.3.peg.885.site.22, 14, 215, 229
1120974.3.peg.885.site.23, 151, 211, 362
1120974.3.peg.885.site.24, 0, 212, 212
1120974.3.peg.885.site.25, 30, 210, 240
1120974.3.peg.885.site.26, 215, 215, 430
1120974.3.peg.885.site.27, 1, 216, 217
1120974.3.peg.886.site.1, 8, 213, 221
1120974.3.peg.886.site.2, 16, 214, 230
1120974.3.peg.886.site.3, 3, 214, 217
1120974.3.peg.886.site.4, 1, 216, 217
1120974.3.peg.886.site.5, 112, 212, 324
1120974.3.peg.886.site.6, 136, 212, 348
1120974.3.peg.886.site.7, 66, 208, 274
1120974.3.peg.886.site.8, 106, 204, 310
1120974.3.peg.886.site.9, 60, 215, 275
1120974.3.peg.886.site.10, 62, 213, 275
1120974.3.peg.886.site.11, 62, 212, 274
1120974.3.peg.886.site.12, 2, 216, 218
1120974.3.peg.886.site.13, 2, 214, 216
1120974.3.peg.886.site.14, 2, 214, 216
1120974.3.peg.886.site.15, 187, 214, 401
1120974.3.peg.886.site.16, 4, 216, 220
1120974.3.peg.886.site.17, 70, 213, 283
1120974.3.peg.881.site.1, 94, 185, 279
1120974.3.peg.881.site.2, 28, 213, 241
1120974.3.peg.881.site.3, 1, 214, 215
1120974.3.peg.881.site.4, 82, 212, 294
1120974.3.peg.881.site.5, 0, 213, 213
1120974.3.peg.881.site.6, 119, 210, 329
1120974.3.peg.881.site.7, 121, 212, 333
1120974.3.peg.881.site.8, 0, 212, 212
1120974.3.peg.881.site.9, 76, 213, 289
1120974.3.peg.881.site.10, 201, 214, 415
1120974.3.peg.881.site.11, 0, 215, 215
1120974.3.peg.881.site.12, 119, 213, 332
1120974.3.peg.881.site.13, 201, 214, 415
1120974.3.peg.881.site.14, 199, 213, 412
1120974.3.peg.881.site.15, 76, 213, 289
1120974.3.peg.881.site.16, 4, 216, 220
1120974.3.peg.881.site.17, 121, 212, 333
1120974.3.peg.881.site.18, 70, 212, 282
1120974.3.peg.881.site.19, 1, 215, 216
1120974.3.peg.881.site.20, 124, 215, 339
1120974.3.peg.881.site.21, 124, 214, 338
1120974.3.peg.881.site.22, 0, 212, 212
1120974.3.peg.881.site.23, 0, 213, 213
1120974.3.peg.881.site.24, 199, 213, 412
1120974.3.peg.881.site.25, 8, 211, 219
1120974.3.peg.881.site.26, 8, 209, 217
1120974.3.peg.881.site.27, 8, 210, 218
1120974.3.peg.881.site.28, 0, 216, 216
1120974.3.peg.881.site.29, 2, 215, 217
1120974.3.peg.881.site.30, 202, 214, 416
1120974.3.peg.881.site.31, 145, 209, 354
1120974.3.peg.881.site.32, 2, 214, 216
1120974.3.peg.881.site.33, 30, 213, 243
1120974.3.peg.881.site.34, 0, 202, 202
1120974.3.peg.881.site.35, 154, 190, 344
1120974.3.peg.881.site.36, 149, 176, 325
1120974.3.peg.881.site.37, 150, 178, 328
1120974.3.peg.881.site.38, 0, 148, 148
1120974.3.peg.881.site.39, 3, 210, 213
1120974.3.peg.881.site.40, 172, 205, 377
1120974.3.peg.881.site.41, 176, 211, 387
1120974.3.peg.881.site.42, 0, 211, 211
1120974.3.peg.881.site.43, 29, 208, 237
1120974.3.peg.881.site.44, 210, 212, 422
1120974.3.peg.881.site.45, 1, 214, 215
1120974.3.peg.881.site.46, 0, 211, 211
1120974.3.peg.881.site.47, 0, 214, 214
1120974.3.peg.881.site.48, 188, 211, 399
1120974.3.peg.881.site.49, 4, 213, 217
1120974.3.peg.881.site.50, 15, 213, 228
1120974.3.peg.881.site.51, 0, 212, 212
1120974.3.peg.881.site.52, 0, 215, 215
1120974.3.peg.881.site.53, 0, 213, 213
1120974.3.peg.881.site.54, 97, 199, 296
1120974.3.peg.881.site.55, 0, 173, 173
1120974.3.peg.881.site.56, 28, 209, 237
1120974.3.peg.881.site.57, 2, 205, 207
1120974.3.peg.881.site.58, 0, 197, 197
1120974.3.peg.881.site.59, 57, 192, 249
1120974.3.peg.881.site.60, 2, 191, 193
1120974.3.peg.881.site.61, 3, 188, 191
1120974.3.peg.1769.site.1, 3, 214, 217
1120974.3.peg.1769.site.2, 0, 211, 211
1120974.3.peg.1769.site.3, 0, 210, 210
1120974.3.peg.1769.site.4, 150, 195, 345
1120974.3.peg.1769.site.5, 3, 200, 203
1120974.3.peg.1769.site.6, 0, 204, 204
1120974.3.peg.1769.site.7, 17, 204, 221
1120974.3.peg.1769.site.8, 159, 203, 362
1120974.3.peg.1769.site.9, 115, 195, 310
1120974.3.peg.1769.site.10, 0, 202, 202
1120974.3.peg.1769.site.11, 2, 215, 217
1120974.3.peg.1769.site.12, 3, 215, 218
1120974.3.peg.1769.site.13, 185, 209, 394
1120974.3.peg.1769.site.14, 1, 216, 217
1120974.3.peg.1769.site.15, 0, 214, 214
1120974.3.peg.1769.site.16, 11, 214, 225
1120974.3.peg.1769.site.17, 0, 212, 212
1120974.3.peg.1769.site.18, 4, 209, 213
1120974.3.peg.1769.site.19, 4, 212, 216
1120974.3.peg.1769.site.20, 154, 192, 346
1120974.3.peg.1769.site.21, 0, 201, 201
1120974.3.peg.1769.site.22, 0, 206, 206
1120974.3.peg.1769.site.23, 170, 207, 377
1120974.3.peg.1769.site.24, 0, 214, 214
1120974.3.peg.1769.site.25, 0, 215, 215
1120974.3.peg.1768.site.1, 1, 213, 214
1120974.3.peg.1768.site.2, 154, 212, 366
1120974.3.peg.1768.site.3, 0, 215, 215
1120974.3.peg.560.site.1, 0, 206, 206
1120974.3.peg.560.site.2, 157, 200, 357
1120974.3.peg.560.site.3, 89, 107, 196
1120974.3.peg.560.site.4, 7, 169, 176
1120974.3.peg.560.site.5, 4, 179, 183
1120974.3.peg.560.site.6, 38, 199, 237
1120974.3.peg.560.site.7, 151, 197, 348
1120974.3.peg.560.site.8, 34, 71, 105
1120974.3.peg.560.site.9, 32, 72, 104
1120974.3.peg.560.site.10, 21, 44, 65
1120974.3.peg.560.site.11, 20, 30, 50
1120974.3.peg.560.site.12, 16, 30, 46
1120974.3.peg.560.site.13, 10, 39, 49
1120974.3.peg.560.site.14, 28, 48, 76
1120974.3.peg.560.site.15, 6, 55, 61
1120974.3.peg.560.site.16, 58, 105, 163
1120974.3.peg.560.site.17, 76, 123, 199
1120974.3.peg.560.site.18, 91, 138, 229
1120974.3.peg.560.site.19, 150, 196, 346
1120974.3.peg.560.site.20, 159, 211, 370
1120974.3.peg.560.site.21, 163, 214, 377
1120974.3.peg.560.site.22, 25, 75, 100
1120974.3.peg.560.site.23, 85, 136, 221
1120974.3.peg.560.site.24, 137, 188, 325
1120974.3.peg.560.site.25, 4, 199, 203
1120974.3.peg.560.site.26, 2, 204, 206
1120974.3.peg.560.site.27, 160, 211, 371
1120974.3.peg.862.site.1, 151, 211, 362
1120974.3.peg.862.site.2, 38, 212, 250
1120974.3.peg.862.site.3, 0, 213, 213
1120974.3.peg.862.site.4, 62, 211, 273
1120974.3.peg.862.site.5, 0, 215, 215
1120974.3.peg.862.site.6, 0, 211, 211
1120974.3.peg.862.site.7, 141, 208, 349
1120974.3.peg.862.site.8, 137, 204, 341
1120974.3.peg.862.site.9, 41, 212, 253
1120974.3.peg.863.site.1, 35, 213, 248
1120974.3.peg.863.site.2, 2, 216, 218
1120974.3.peg.863.site.3, 5, 215, 220
1120974.3.peg.863.site.4, 24, 214, 238
1120974.3.peg.863.site.5, 4, 216, 220
1120974.3.peg.863.site.6, 13, 216, 229
1120974.3.peg.863.site.7, 0, 215, 215
1120974.3.peg.863.site.8, 191, 213, 404
1120974.3.peg.863.site.9, 204, 214, 418
1120974.3.peg.863.site.10, 13, 214, 227
1120974.3.peg.863.site.11, 190, 213, 403
1120974.3.peg.863.site.12, 0, 215, 215
1120974.3.peg.863.site.13, 0, 215, 215
1120974.3.peg.863.site.14, 4, 215, 219
1120974.3.peg.863.site.15, 198, 212, 410
1120974.3.peg.863.site.16, 27, 212, 239
1120974.3.peg.863.site.17, 172, 205, 377
1120974.3.peg.863.site.18, 2, 197, 199
1120974.3.peg.863.site.19, 3, 198, 201
1120974.3.peg.863.site.20, 4, 199, 203
1120974.3.peg.863.site.21, 15, 214, 229
1120974.3.peg.863.site.22, 10, 215, 225
1120974.3.peg.863.site.23, 15, 214, 229
1120974.3.peg.863.site.24, 0, 216, 216
1120974.3.peg.863.site.25, 5, 215, 220
1120974.3.peg.863.site.26, 12, 213, 225
1120974.3.peg.863.site.27, 5, 216, 221
1120974.3.peg.863.site.28, 7, 215, 222
1120974.3.peg.863.site.29, 62, 212, 274
1120974.3.peg.863.site.30, 0, 213, 213
1120974.3.peg.863.site.31, 4, 215, 219
1120974.3.peg.863.site.32, 0, 214, 214
1120974.3.peg.863.site.33, 157, 211, 368
1120974.3.peg.863.site.34, 0, 215, 215
1120974.3.peg.860.site.1, 0, 213, 213
1120974.3.peg.860.site.2, 10, 210, 220
1120974.3.peg.860.site.3, 212, 216, 428
1120974.3.peg.860.site.4, 5, 216, 221
1120974.3.peg.860.site.5, 0, 216, 216
1120974.3.peg.860.site.6, 107, 204, 311
1120974.3.peg.860.site.7, 11, 204, 215
1120974.3.peg.860.site.8, 0, 201, 201
1120974.3.peg.860.site.9, 10, 194, 204
1120974.3.peg.860.site.10, 9, 181, 190
1120974.3.peg.860.site.11, 2, 196, 198
1120974.3.peg.860.site.12, 122, 190, 312
1120974.3.peg.860.site.13, 0, 192, 192
1120974.3.peg.860.site.14, 3, 203, 206
1120974.3.peg.860.site.15, 132, 197, 329
1120974.3.peg.860.site.16, 0, 210, 210
1120974.3.peg.860.site.17, 148, 207, 355
1120974.3.peg.860.site.18, 196, 211, 407
1120974.3.peg.860.site.19, 4, 214, 218
1120974.3.peg.861.site.1, 6, 216, 222
1120974.3.peg.861.site.2, 0, 215, 215
1120974.3.peg.861.site.3, 4, 215, 219
1120974.3.peg.861.site.4, 142, 205, 347
1120974.3.peg.861.site.5, 190, 211, 401
1120974.3.peg.866.site.1, 23, 213, 236
1120974.3.peg.866.site.2, 4, 216, 220
1120974.3.peg.866.site.3, 123, 205, 328
1120974.3.peg.866.site.4, 7, 169, 176
1120974.3.peg.866.site.5, 3, 155, 158
1120974.3.peg.866.site.6, 146, 169, 315
1120974.3.peg.866.site.7, 0, 180, 180
1120974.3.peg.866.site.8, 38, 183, 221
1120974.3.peg.866.site.9, 170, 205, 375
1120974.3.peg.866.site.10, 209, 209, 418
1120974.3.peg.867.site.1, 4, 216, 220
1120974.3.peg.867.site.2, 13, 212, 225
1120974.3.peg.867.site.3, 187, 212, 399
1120974.3.peg.867.site.4, 20, 212, 232
1120974.3.peg.867.site.5, 20, 215, 235
1120974.3.peg.867.site.6, 0, 215, 215
1120974.3.peg.867.site.7, 4, 204, 208
1120974.3.peg.867.site.8, 2, 193, 195
1120974.3.peg.867.site.9, 1, 205, 206
1120974.3.peg.867.site.10, 1, 212, 213
1120974.3.peg.867.site.11, 0, 216, 216
1120974.3.peg.867.site.12, 183, 212, 395
1120974.3.peg.867.site.13, 2, 215, 217
1120974.3.peg.867.site.14, 4, 216, 220
1120974.3.peg.867.site.15, 7, 214, 221
1120974.3.peg.867.site.16, 9, 214, 223
1120974.3.peg.867.site.17, 177, 211, 388
1120974.3.peg.867.site.18, 1, 208, 209
1120974.3.peg.867.site.19, 1, 208, 209
1120974.3.peg.867.site.20, 0, 216, 216
1120974.3.peg.867.site.21, 191, 211, 402
1120974.3.peg.867.site.22, 13, 212, 225
1120974.3.peg.867.site.23, 13, 204, 217
1120974.3.peg.867.site.24, 12, 204, 216
1120974.3.peg.867.site.25, 0, 204, 204
1120974.3.peg.867.site.26, 0, 204, 204
1120974.3.peg.867.site.27, 32, 212, 244
1120974.3.peg.867.site.28, 0, 214, 214
1120974.3.peg.867.site.29, 180, 207, 387
1120974.3.peg.867.site.30, 0, 207, 207
1120974.3.peg.867.site.31, 10, 213, 223
1120974.3.peg.867.site.32, 163, 211, 374
1120974.3.peg.867.site.33, 38, 214, 252
1120974.3.peg.867.site.34, 4, 215, 219
1120974.3.peg.867.site.35, 10, 215, 225
1120974.3.peg.867.site.36, 0, 215, 215
1120974.3.peg.864.site.1, 31, 210, 241
1120974.3.peg.864.site.2, 154, 209, 363
1120974.3.peg.864.site.3, 213, 215, 428
1120974.3.peg.864.site.4, 0, 215, 215
1120974.3.peg.864.site.5, 13, 216, 229
1120974.3.peg.864.site.6, 2, 216, 218
1120974.3.peg.864.site.7, 2, 215, 217
1120974.3.peg.864.site.8, 13, 215, 228
1120974.3.peg.864.site.9, 213, 215, 428
1120974.3.peg.864.site.10, 22, 212, 234
1120974.3.peg.864.site.11, 0, 210, 210
1120974.3.peg.864.site.12, 26, 209, 235
1120974.3.peg.864.site.13, 26, 213, 239
1120974.3.peg.864.site.14, 4, 213, 217
1120974.3.peg.864.site.15, 30, 204, 234
1120974.3.peg.864.site.16, 1, 210, 211
1120974.3.peg.864.site.17, 1, 211, 212
1120974.3.peg.864.site.18, 33, 205, 238
1120974.3.peg.864.site.19, 187, 189, 376
1120974.3.peg.865.site.1, 6, 216, 222
1120974.3.peg.865.site.2, 4, 216, 220
1120974.3.peg.865.site.3, 2, 216, 218
1120974.3.peg.865.site.4, 0, 215, 215
1120974.3.peg.865.site.5, 2, 215, 217
1120974.3.peg.865.site.6, 2, 213, 215
1120974.3.peg.865.site.7, 124, 207, 331
1120974.3.peg.865.site.8, 0, 215, 215
1120974.3.peg.865.site.9, 204, 213, 417
1120974.3.peg.865.site.10, 0, 214, 214
1120974.3.peg.865.site.11, 195, 212, 407
1120974.3.peg.865.site.12, 131, 208, 339
1120974.3.peg.868.site.1, 11, 201, 212
1120974.3.peg.868.site.2, 6, 208, 214
1120974.3.peg.868.site.3, 1, 212, 213
1120974.3.peg.868.site.4, 0, 215, 215
1120974.3.peg.868.site.5, 15, 214, 229
1120974.3.peg.868.site.6, 2, 214, 216
1120974.3.peg.868.site.7, 0, 215, 215
1120974.3.peg.868.site.8, 13, 215, 228
1120974.3.peg.868.site.9, 0, 216, 216
1120974.3.peg.868.site.10, 0, 214, 214
1120974.3.peg.868.site.11, 0, 207, 207
1120974.3.peg.868.site.12, 10, 204, 214
1120974.3.peg.868.site.13, 10, 205, 215
1120974.3.peg.868.site.14, 11, 209, 220
1120974.3.peg.868.site.15, 4, 213, 217
1120974.3.peg.868.site.16, 0, 215, 215
1120974.3.peg.868.site.17, 10, 214, 224
1120974.3.peg.868.site.18, 34, 214, 248
1120974.3.peg.868.site.19, 1, 214, 215
1120974.3.peg.868.site.20, 166, 213, 379
1120974.3.peg.868.site.21, 153, 213, 366
1120974.3.peg.868.site.22, 31, 213, 244
1120974.3.peg.869.site.1, 2, 213, 215
1120974.3.peg.869.site.2, 200, 214, 414
1120974.3.peg.869.site.3, 25, 200, 225
1120974.3.peg.869.site.4, 2, 206, 208
1120974.3.peg.869.site.5, 0, 212, 212
1120974.3.peg.869.site.6, 0, 214, 214
1120974.3.peg.869.site.7, 1, 215, 216
1120974.3.peg.869.site.8, 3, 213, 216
1120974.3.peg.869.site.9, 3, 211, 214
1120974.3.peg.869.site.10, 44, 211, 255
1120974.3.peg.869.site.11, 36, 213, 249
1120974.3.peg.869.site.12, 0, 213, 213
1120974.3.peg.869.site.13, 7, 201, 208
1120974.3.peg.869.site.14, 8, 208, 216
1120974.3.peg.869.site.15, 0, 213, 213
1120974.3.peg.869.site.16, 1, 210, 211
1120974.3.peg.869.site.17, 0, 206, 206
1120974.3.peg.869.site.18, 153, 206, 359
1120974.3.peg.869.site.19, 33, 205, 238
1120974.3.peg.869.site.20, 0, 193, 193
1120974.3.peg.869.site.21, 22, 194, 216
1120974.3.peg.869.site.22, 187, 206, 393
1120974.3.peg.869.site.23, 25, 210, 235
1120974.3.peg.869.site.24, 9, 211, 220
1120974.3.peg.869.site.25, 15, 211, 226
1120974.3.peg.869.site.26, 109, 202, 311
1120974.3.peg.869.site.27, 151, 202, 353
1120974.3.peg.869.site.28, 29, 201, 230
1120974.3.peg.869.site.29, 0, 202, 202
1120974.3.peg.869.site.30, 191, 207, 398
1120974.3.peg.869.site.31, 193, 207, 400
1120974.3.peg.869.site.32, 176, 194, 370
1120974.3.peg.869.site.33, 1, 207, 208
1120974.3.peg.869.site.34, 140, 194, 334
1120974.3.peg.869.site.35, 4, 215, 219
1120974.3.peg.869.site.36, 4, 215, 219
1120974.3.peg.869.site.37, 113, 210, 323
1120974.3.peg.869.site.38, 200, 214, 414
1120974.3.peg.869.site.39, 0, 215, 215
1120974.3.peg.869.site.40, 128, 210, 338
1120974.3.peg.869.site.41, 4, 214, 218
1120974.3.peg.869.site.42, 0, 214, 214
1120974.3.peg.869.site.43, 5, 216, 221
1120974.3.peg.869.site.44, 0, 215, 215
1120974.3.peg.869.site.45, 56, 197, 253
1120974.3.peg.869.site.46, 0, 194, 194
1120974.3.peg.869.site.47, 103, 180, 283
1120974.3.peg.869.site.48, 3, 208, 211
1120974.3.peg.869.site.49, 0, 210, 210
1120974.3.peg.869.site.50, 170, 207, 377
1120974.3.peg.869.site.51, 0, 216, 216
1120974.3.peg.2268.site.1, 9, 28, 37
1120974.3.peg.2268.site.2, 21, 46, 67
1120974.3.peg.2268.site.3, 87, 110, 197
1120974.3.peg.2268.site.4, 115, 127, 242
1120974.3.peg.2268.site.5, 0, 173, 173
1120974.3.peg.2268.site.6, 155, 175, 330
1120974.3.peg.2268.site.7, 0, 190, 190
1120974.3.peg.2268.site.8, 4, 195, 199
1120974.3.peg.2268.site.9, 180, 208, 388
1120974.3.peg.2268.site.10, 211, 211, 422
1120974.3.peg.2268.site.11, 171, 199, 370
1120974.3.peg.2268.site.12, 0, 193, 193
1120974.3.peg.2268.site.13, 78, 105, 183
1120974.3.peg.2268.site.14, 73, 100, 173
1120974.3.peg.2268.site.15, 74, 101, 175
1120974.3.peg.2268.site.16, 0, 113, 113
1120974.3.peg.2268.site.17, 130, 152, 282
1120974.3.peg.2268.site.18, 192, 213, 405
1120974.3.peg.2268.site.19, 1, 214, 215
1120974.3.peg.2268.site.20, 0, 214, 214
1120974.3.peg.2268.site.21, 166, 211, 377
1120974.3.peg.2268.site.22, 0, 214, 214
1120974.3.peg.2268.site.23, 0, 210, 210
1120974.3.peg.2268.site.24, 6, 206, 212
1120974.3.peg.2268.site.25, 150, 165, 315
1120974.3.peg.2268.site.26, 3, 160, 163
1120974.3.peg.2268.site.27, 165, 165, 330
1120974.3.peg.2268.site.28, 151, 181, 332
1120974.3.peg.2268.site.29, 15, 190, 205
1120974.3.peg.2268.site.30, 87, 87, 174
1120974.3.peg.2268.site.31, 11, 29, 40
1120974.3.peg.2268.site.32, 16, 32, 48
1120974.3.peg.2268.site.33, 16, 32, 48
1120974.3.peg.2268.site.34, 23, 40, 63
1120974.3.peg.2268.site.35, 119, 151, 270
1120974.3.peg.2268.site.36, 149, 168, 317
1120974.3.peg.2268.site.37, 4, 183, 187
1120974.3.peg.2268.site.38, 0, 205, 205
1120974.3.peg.2268.site.39, 180, 204, 384
1120974.3.peg.2268.site.40, 1, 207, 208
1120974.3.peg.2268.site.41, 169, 192, 361
1120974.3.peg.2268.site.42, 168, 199, 367
1120974.3.peg.2268.site.43, 0, 214, 214
1120974.3.peg.2268.site.44, 0, 213, 213
1120974.3.peg.2268.site.45, 0, 211, 211
1120974.3.peg.2268.site.46, 0, 213, 213
1120974.3.peg.2268.site.47, 178, 209, 387
1120974.3.peg.2268.site.48, 191, 213, 404
1120974.3.peg.2262.site.1, 165, 214, 379
1120974.3.peg.2262.site.2, 0, 215, 215
1120974.3.peg.2262.site.3, 159, 213, 372
1120974.3.peg.2262.site.4, 22, 209, 231
1120974.3.peg.2262.site.5, 159, 211, 370
1120974.3.peg.2262.site.6, 192, 204, 396
1120974.3.peg.2262.site.7, 163, 209, 372
1120974.3.peg.2262.site.8, 200, 214, 414
1120974.3.peg.2262.site.9, 200, 214, 414
1120974.3.peg.2262.site.10, 199, 213, 412
1120974.3.peg.2262.site.11, 7, 214, 221
1120974.3.peg.2262.site.12, 179, 194, 373
1120974.3.peg.2262.site.13, 155, 191, 346
1120974.3.peg.2262.site.14, 143, 154, 297
1120974.3.peg.2262.site.15, 155, 164, 319
1120974.3.peg.2262.site.16, 14, 206, 220
1120974.3.peg.2262.site.17, 203, 204, 407
1120974.3.peg.2261.site.1, 203, 215, 418
1120974.3.peg.2261.site.2, 0, 214, 214
1120974.3.peg.2261.site.3, 203, 215, 418
1120974.3.peg.2261.site.4, 165, 207, 372
1120974.3.peg.2261.site.5, 6, 210, 216
1120974.3.peg.2261.site.6, 2, 213, 215
1120974.3.peg.2261.site.7, 187, 208, 395
1120974.3.peg.2261.site.8, 3, 210, 213
1120974.3.peg.2261.site.9, 2, 204, 206
1120974.3.peg.2261.site.10, 161, 176, 337
1120974.3.peg.2261.site.11, 153, 173, 326
1120974.3.peg.2261.site.12, 2, 177, 179
1120974.3.peg.2261.site.13, 156, 175, 331
1120974.3.peg.2261.site.14, 133, 154, 287
1120974.3.peg.2261.site.15, 2, 213, 215
1120974.3.peg.2261.site.16, 32, 211, 243
1120974.3.peg.2261.site.17, 181, 202, 383
1120974.3.peg.2261.site.18, 0, 193, 193
1120974.3.peg.2261.site.19, 3, 191, 194
1120974.3.peg.2261.site.20, 0, 195, 195
1120974.3.peg.2261.site.21, 0, 209, 209
1120974.3.peg.2261.site.22, 0, 210, 210
1120974.3.peg.2261.site.23, 0, 212, 212
1120974.3.peg.2261.site.24, 8, 215, 223
1120974.3.peg.2261.site.25, 199, 215, 414
1120974.3.peg.2261.site.26, 200, 214, 414
1120974.3.peg.2261.site.27, 185, 211, 396
1120974.3.peg.2261.site.28, 188, 210, 398
1120974.3.peg.2261.site.29, 2, 208, 210
1120974.3.peg.2261.site.30, 5, 215, 220
1120974.3.peg.2261.site.31, 4, 216, 220
1120974.3.peg.2261.site.32, 3, 213, 216
1120974.3.peg.2261.site.33, 164, 212, 376
1120974.3.peg.2260.site.1, 6, 214, 220
1120974.3.peg.2267.site.1, 3, 201, 204
1120974.3.peg.2267.site.2, 165, 206, 371
1120974.3.peg.2267.site.3, 9, 215, 224
1120974.3.peg.2267.site.4, 9, 215, 224
1120974.3.peg.2267.site.5, 0, 216, 216
1120974.3.peg.2267.site.6, 2, 213, 215
1120974.3.peg.2267.site.7, 8, 212, 220
1120974.3.peg.2267.site.8, 2, 212, 214
1120974.3.peg.2267.site.9, 183, 209, 392
1120974.3.peg.2267.site.10, 1, 210, 211
1120974.3.peg.2267.site.11, 193, 210, 403
1120974.3.peg.2267.site.12, 2, 214, 216
1120974.3.peg.2267.site.13, 196, 213, 409
1120974.3.peg.2267.site.14, 191, 213, 404
1120974.3.peg.2267.site.15, 185, 209, 394
1120974.3.peg.2267.site.16, 174, 199, 373
1120974.3.peg.2267.site.17, 1, 198, 199
1120974.3.peg.2267.site.18, 158, 181, 339
1120974.3.peg.2267.site.19, 170, 194, 364
1120974.3.peg.2267.site.20, 163, 190, 353
1120974.3.peg.2267.site.21, 2, 216, 218
1120974.3.peg.2267.site.22, 0, 216, 216
1120974.3.peg.2266.site.1, 0, 211, 211
1120974.3.peg.2266.site.2, 166, 214, 380
1120974.3.peg.2266.site.3, 3, 214, 217
1120974.3.peg.2265.site.1, 28, 213, 241
1120974.3.peg.2265.site.2, 186, 216, 402
1120974.3.peg.2265.site.3, 183, 210, 393
1120974.3.peg.2265.site.4, 1, 208, 209
1120974.3.peg.2265.site.5, 165, 208, 373
1120974.3.peg.2265.site.6, 190, 212, 402
1120974.3.peg.2265.site.7, 4, 27, 31
1120974.3.peg.2265.site.8, 4, 24, 28
1120974.3.peg.2265.site.9, 5, 29, 34
1120974.3.peg.2265.site.10, 37, 59, 96
1120974.3.peg.2265.site.11, 130, 153, 283
1120974.3.peg.2265.site.12, 155, 173, 328
1120974.3.peg.2265.site.13, 44, 67, 111
1120974.3.peg.2265.site.14, 51, 60, 111
1120974.3.peg.2265.site.15, 5, 24, 29
1120974.3.peg.2265.site.16, 5, 25, 30
1120974.3.peg.2265.site.17, 5, 32, 37
1120974.3.peg.2265.site.18, 8, 34, 42
1120974.3.peg.2265.site.19, 65, 91, 156
1120974.3.peg.2265.site.20, 0, 172, 172
1120974.3.peg.2265.site.21, 4, 207, 211
1120974.3.peg.2265.site.22, 15, 216, 231
1120974.3.peg.2265.site.23, 190, 215, 405
1120974.3.peg.2265.site.24, 29, 216, 245
1120974.3.peg.2265.site.25, 0, 215, 215
1120974.3.peg.2265.site.26, 10, 215, 225
1120974.3.peg.2265.site.27, 0, 216, 216
1120974.3.peg.2264.site.1, 4, 11, 15
1120974.3.peg.2264.site.2, 97, 111, 208
1120974.3.peg.2264.site.3, 149, 163, 312
1120974.3.peg.2264.site.4, 4, 206, 210
1120974.3.peg.2264.site.5, 191, 205, 396
1120974.3.peg.2264.site.6, 159, 173, 332
1120974.3.peg.2264.site.7, 102, 115, 217
1120974.3.peg.2264.site.8, 0, 143, 143
1120974.3.peg.2264.site.9, 5, 137, 142
1120974.3.peg.2264.site.10, 126, 139, 265
1120974.3.peg.2264.site.11, 2, 152, 154
1120974.3.peg.2264.site.12, 153, 166, 319
1120974.3.peg.2264.site.13, 0, 196, 196
1120974.3.peg.2264.site.14, 0, 209, 209
1120974.3.peg.2264.site.15, 201, 213, 414
1120974.3.peg.2264.site.16, 200, 214, 414
1120974.3.peg.2264.site.17, 199, 213, 412
1120974.3.peg.2264.site.18, 2, 216, 218
1120974.3.peg.2264.site.19, 0, 212, 212
1120974.3.peg.2264.site.20, 2, 216, 218
1120974.3.peg.2264.site.21, 149, 212, 361
1120974.3.peg.2264.site.22, 182, 209, 391
1120974.3.peg.2264.site.23, 12, 207, 219
1120974.3.peg.2264.site.24, 16, 206, 222
1120974.3.peg.2264.site.25, 0, 210, 210
1120974.3.peg.2264.site.26, 189, 202, 391
1120974.3.peg.2264.site.27, 4, 206, 210
1120974.3.peg.2264.site.28, 3, 189, 192
1120974.3.peg.2264.site.29, 148, 177, 325
1120974.3.peg.2264.site.30, 138, 168, 306
1120974.3.peg.2264.site.31, 83, 94, 177
1120974.3.peg.2264.site.32, 3, 197, 200
1120974.3.peg.2264.site.33, 186, 199, 385
1120974.3.peg.2264.site.34, 0, 210, 210
1120974.3.peg.2264.site.35, 6, 211, 217
1120974.3.peg.2264.site.36, 16, 213, 229
1120974.3.peg.2264.site.37, 173, 211, 384
1120974.3.peg.2264.site.38, 41, 215, 256
1120974.3.peg.2264.site.39, 194, 213, 407
1120974.3.peg.2264.site.40, 7, 215, 222
1120974.3.peg.2264.site.41, 175, 209, 384
1120974.3.peg.2861.site.1, 66, 66, 132
1120974.3.peg.2861.site.2, 92, 117, 209
1120974.3.peg.2861.site.3, 4, 216, 220
1120974.3.peg.2861.site.4, 56, 215, 271
1120974.3.peg.2861.site.5, 55, 213, 268
1120974.3.peg.2861.site.6, 6, 214, 220
1120974.3.peg.2861.site.7, 4, 216, 220
1120974.3.peg.2861.site.8, 0, 216, 216
1120974.3.peg.2861.site.9, 137, 211, 348
1120974.3.peg.2861.site.10, 0, 216, 216
1120974.3.peg.2861.site.11, 2, 215, 217
1120974.3.peg.2861.site.12, 52, 214, 266
1120974.3.peg.2861.site.13, 3, 215, 218
1120974.3.peg.2861.site.14, 133, 207, 340
1120974.3.peg.2861.site.15, 188, 208, 396
1120974.3.peg.2861.site.16, 46, 196, 242
1120974.3.peg.2861.site.17, 3, 212, 215
1120974.3.peg.2644.site.1, 42, 62, 104
1120974.3.peg.2644.site.2, 4, 216, 220
1120974.3.peg.2644.site.3, 194, 214, 408
1120974.3.peg.2644.site.4, 87, 212, 299
1120974.3.peg.2644.site.5, 20, 211, 231
1120974.3.peg.2644.site.6, 6, 215, 221
1120974.3.peg.2644.site.7, 17, 211, 228
1120974.3.peg.2644.site.8, 123, 209, 332
1120974.3.peg.2644.site.9, 13, 208, 221
1120974.3.peg.2644.site.10, 12, 208, 220
1120974.3.peg.2644.site.11, 10, 207, 217
1120974.3.peg.2644.site.12, 6, 203, 209
1120974.3.peg.2644.site.13, 13, 209, 222
1120974.3.peg.2644.site.14, 0, 213, 213
1120974.3.peg.2644.site.15, 5, 216, 221
1120974.3.peg.2644.site.16, 21, 214, 235
1120974.3.peg.2644.site.17, 21, 214, 235
1120974.3.peg.2644.site.18, 18, 214, 232
1120974.3.peg.2644.site.19, 12, 207, 219
1120974.3.peg.2644.site.20, 12, 205, 217
1120974.3.peg.2644.site.21, 18, 210, 228
1120974.3.peg.2644.site.22, 13, 209, 222
1120974.3.peg.2647.site.1, 0, 182, 182
1120974.3.peg.2647.site.2, 0, 188, 188
1120974.3.peg.2647.site.3, 3, 191, 194
1120974.3.peg.2647.site.4, 4, 191, 195
1120974.3.peg.2647.site.5, 6, 193, 199
1120974.3.peg.2647.site.6, 11, 201, 212
1120974.3.peg.2647.site.7, 26, 215, 241
1120974.3.peg.2647.site.8, 6, 215, 221
1120974.3.peg.2647.site.9, 1, 214, 215
1120974.3.peg.2647.site.10, 23, 210, 233
1120974.3.peg.2647.site.11, 14, 201, 215
1120974.3.peg.2647.site.12, 15, 202, 217
1120974.3.peg.2647.site.13, 16, 203, 219
1120974.3.peg.2646.site.1, 1, 214, 215
1120974.3.peg.2646.site.2, 121, 204, 325
1120974.3.peg.2646.site.3, 4, 201, 205
1120974.3.peg.2646.site.4, 118, 204, 322
1120974.3.peg.2646.site.5, 139, 156, 295
1120974.3.peg.2646.site.6, 59, 69, 128
1120974.3.peg.2646.site.7, 30, 40, 70
1120974.3.peg.2646.site.8, 7, 37, 44
1120974.3.peg.2646.site.9, 47, 67, 114
1120974.3.peg.2646.site.10, 46, 132, 178
1120974.3.peg.2646.site.11, 0, 201, 201
1120974.3.peg.2646.site.12, 16, 202, 218
1120974.3.peg.2646.site.13, 120, 202, 322
1120974.3.peg.2646.site.14, 108, 210, 318
1120974.3.peg.2646.site.15, 5, 213, 218
1120974.3.peg.2646.site.16, 18, 214, 232
1120974.3.peg.2646.site.17, 12, 215, 227
1120974.3.peg.2646.site.18, 0, 214, 214
1120974.3.peg.2646.site.19, 3, 214, 217
1120974.3.peg.2646.site.20, 33, 212, 245
1120974.3.peg.2646.site.21, 41, 212, 253
1120974.3.peg.2646.site.22, 40, 196, 236
1120974.3.peg.2646.site.23, 2, 197, 199
1120974.3.peg.2646.site.24, 7, 200, 207
1120974.3.peg.2646.site.25, 3, 205, 208
1120974.3.peg.2646.site.26, 5, 202, 207
1120974.3.peg.2646.site.27, 19, 206, 225
1120974.3.peg.2641.site.1, 161, 191, 352
1120974.3.peg.2641.site.2, 5, 176, 181
1120974.3.peg.2641.site.3, 6, 134, 140
1120974.3.peg.2641.site.4, 0, 216, 216
1120974.3.peg.2641.site.5, 212, 214, 426
1120974.3.peg.2641.site.6, 2, 216, 218
1120974.3.peg.2641.site.7, 211, 213, 424
1120974.3.peg.2641.site.8, 179, 211, 390
1120974.3.peg.2641.site.9, 204, 214, 418
1120974.3.peg.2641.site.10, 0, 213, 213
1120974.3.peg.2641.site.11, 91, 119, 210
1120974.3.peg.2641.site.12, 53, 121, 174
1120974.3.peg.2641.site.13, 0, 193, 193
1120974.3.peg.2641.site.14, 122, 197, 319
1120974.3.peg.2641.site.15, 45, 209, 254
1120974.3.peg.2641.site.16, 14, 212, 226
1120974.3.peg.2641.site.17, 185, 213, 398
1120974.3.peg.2641.site.18, 52, 214, 266
1120974.3.peg.2641.site.19, 52, 214, 266
1120974.3.peg.2641.site.20, 2, 215, 217
1120974.3.peg.2641.site.21, 129, 210, 339
1120974.3.peg.2641.site.22, 3, 215, 218
1120974.3.peg.2641.site.23, 0, 213, 213
1120974.3.peg.2641.site.24, 128, 207, 335
1120974.3.peg.2641.site.25, 0, 213, 213
1120974.3.peg.2641.site.26, 175, 208, 383
1120974.3.peg.2641.site.27, 167, 200, 367
1120974.3.peg.2641.site.28, 172, 205, 377
1120974.3.peg.2641.site.29, 172, 205, 377
1120974.3.peg.2641.site.30, 0, 198, 198
1120974.3.peg.2641.site.31, 145, 178, 323
1120974.3.peg.2641.site.32, 128, 160, 288
1120974.3.peg.2641.site.33, 128, 161, 289
1120974.3.peg.2641.site.34, 177, 205, 382
1120974.3.peg.2641.site.35, 4, 211, 215
1120974.3.peg.2641.site.36, 1, 186, 187
1120974.3.peg.2641.site.37, 18, 180, 198
1120974.3.peg.2641.site.38, 128, 192, 320
1120974.3.peg.2641.site.39, 0, 197, 197
1120974.3.peg.2640.site.1, 54, 213, 267
1120974.3.peg.2640.site.2, 0, 216, 216
1120974.3.peg.2640.site.3, 0, 214, 214
1120974.3.peg.2640.site.4, 6, 213, 219
1120974.3.peg.2640.site.5, 43, 212, 255
1120974.3.peg.2640.site.6, 0, 213, 213
1120974.3.peg.2640.site.7, 52, 212, 264
1120974.3.peg.2640.site.8, 0, 214, 214
1120974.3.peg.2640.site.9, 7, 215, 222
1120974.3.peg.2640.site.10, 51, 214, 265
1120974.3.peg.2640.site.11, 49, 211, 260
1120974.3.peg.2640.site.12, 50, 213, 263
1120974.3.peg.2640.site.13, 3, 215, 218
1120974.3.peg.2640.site.14, 3, 213, 216
1120974.3.peg.2640.site.15, 12, 212, 224
1120974.3.peg.2640.site.16, 2, 215, 217
1120974.3.peg.2640.site.17, 3, 214, 217
1120974.3.peg.2640.site.18, 22, 212, 234
1120974.3.peg.2640.site.19, 2, 215, 217
1120974.3.peg.2640.site.20, 0, 214, 214
1120974.3.peg.2640.site.21, 0, 215, 215
1120974.3.peg.2640.site.22, 210, 213, 423
1120974.3.peg.2640.site.23, 1, 215, 216
1120974.3.peg.2640.site.24, 2, 213, 215
1120974.3.peg.2640.site.25, 183, 206, 389
1120974.3.peg.2640.site.26, 1, 215, 216
1120974.3.peg.2640.site.27, 189, 212, 401
1120974.3.peg.2640.site.28, 196, 214, 410
1120974.3.peg.2640.site.29, 5, 215, 220
1120974.3.peg.2640.site.30, 23, 213, 236
1120974.3.peg.2643.site.1, 0, 215, 215
1120974.3.peg.2643.site.2, 0, 215, 215
1120974.3.peg.2643.site.3, 161, 211, 372
1120974.3.peg.2643.site.4, 0, 215, 215
1120974.3.peg.2643.site.5, 207, 213, 420
1120974.3.peg.2643.site.6, 2, 215, 217
1120974.3.peg.2643.site.7, 15, 214, 229
1120974.3.peg.2643.site.8, 9, 214, 223
1120974.3.peg.2643.site.9, 213, 215, 428
1120974.3.peg.2643.site.10, 4, 216, 220
1120974.3.peg.2643.site.11, 3, 215, 218
1120974.3.peg.2643.site.12, 211, 213, 424
1120974.3.peg.2643.site.13, 42, 211, 253
1120974.3.peg.2643.site.14, 138, 208, 346
1120974.3.peg.2643.site.15, 12, 213, 225
1120974.3.peg.2643.site.16, 4, 214, 218
1120974.3.peg.2643.site.17, 141, 210, 351
1120974.3.peg.2643.site.18, 5, 215, 220
1120974.3.peg.2643.site.19, 0, 176, 176
1120974.3.peg.2643.site.20, 1, 42, 43
1120974.3.peg.2649.site.1, 56, 213, 269
1120974.3.peg.2649.site.2, 0, 214, 214
1120974.3.peg.2649.site.3, 4, 216, 220
1120974.3.peg.2649.site.4, 215, 215, 430
1120974.3.peg.2649.site.5, 211, 215, 426
1120974.3.peg.2649.site.6, 2, 214, 216
1120974.3.peg.2649.site.7, 2, 215, 217
1120974.3.peg.2649.site.8, 51, 211, 262
1120974.3.peg.2649.site.9, 46, 200, 246
1120974.3.peg.2649.site.10, 44, 189, 233
1120974.3.peg.2649.site.11, 10, 214, 224
1120974.3.peg.2649.site.12, 10, 212, 222
1120974.3.peg.2649.site.13, 0, 215, 215
1120974.3.peg.2649.site.14, 209, 213, 422
1120974.3.peg.2649.site.15, 0, 214, 214
1120974.3.peg.2649.site.16, 4, 215, 219
1120974.3.peg.2649.site.17, 2, 208, 210
1120974.3.peg.2649.site.18, 210, 214, 424
1120974.3.peg.2649.site.19, 3, 216, 219
1120974.3.peg.2649.site.20, 3, 216, 219
1120974.3.peg.2648.site.1, 163, 212, 375
1120974.3.peg.2648.site.2, 0, 214, 214
1120974.3.peg.2648.site.3, 0, 212, 212
1120974.3.peg.2648.site.4, 21, 203, 224
1120974.3.peg.2648.site.5, 20, 202, 222
1120974.3.peg.2648.site.6, 16, 198, 214
1120974.3.peg.2648.site.7, 25, 206, 231
1120974.3.peg.2648.site.8, 2, 213, 215
1120974.3.peg.2648.site.9, 3, 214, 217
1120974.3.peg.2648.site.10, 0, 213, 213
1120974.3.peg.2648.site.11, 25, 213, 238
1120974.3.peg.2648.site.12, 2, 211, 213
1120974.3.peg.2648.site.13, 21, 212, 233
1120974.3.peg.2648.site.14, 7, 214, 221
1120974.3.peg.2648.site.15, 8, 214, 222
1120974.3.peg.2648.site.16, 8, 215, 223
1120974.3.peg.2648.site.17, 8, 216, 224
1120974.3.peg.2648.site.18, 0, 216, 216
1120974.3.peg.2648.site.19, 204, 213, 417
1120974.3.peg.2648.site.20, 212, 216, 428
1120974.3.peg.2648.site.21, 1, 215, 216
1120974.3.peg.2648.site.22, 0, 211, 211
1120974.3.peg.2465.site.1, 7, 216, 223
1120974.3.peg.2465.site.2, 6, 216, 222
1120974.3.peg.2464.site.1, 0, 206, 206
1120974.3.peg.2464.site.2, 6, 208, 214
1120974.3.peg.2464.site.3, 48, 207, 255
1120974.3.peg.2464.site.4, 119, 210, 329
1120974.3.peg.2464.site.5, 8, 215, 223
1120974.3.peg.2464.site.6, 23, 216, 239
1120974.3.peg.2464.site.7, 7, 216, 223
1120974.3.peg.2461.site.1, 5, 216, 221
1120974.3.peg.2461.site.2, 46, 211, 257
1120974.3.peg.2461.site.3, 138, 207, 345
1120974.3.peg.2461.site.4, 0, 214, 214
1120974.3.peg.2461.site.5, 0, 216, 216
1120974.3.peg.2461.site.6, 5, 215, 220
1120974.3.peg.2461.site.7, 0, 215, 215
1120974.3.peg.2461.site.8, 5, 215, 220
1120974.3.peg.2461.site.9, 22, 214, 236
1120974.3.peg.2461.site.10, 3, 215, 218
1120974.3.peg.2461.site.11, 0, 213, 213
1120974.3.peg.2461.site.12, 7, 212, 219
1120974.3.peg.2461.site.13, 43, 213, 256
1120974.3.peg.2461.site.14, 40, 210, 250
1120974.3.peg.2461.site.15, 29, 200, 229
1120974.3.peg.2461.site.16, 42, 213, 255
1120974.3.peg.2461.site.17, 139, 189, 328
1120974.3.peg.2461.site.18, 60, 201, 261
1120974.3.peg.2461.site.19, 2, 207, 209
1120974.3.peg.2461.site.20, 0, 213, 213
1120974.3.peg.2461.site.21, 4, 215, 219
1120974.3.peg.2461.site.22, 0, 215, 215
1120974.3.peg.2461.site.23, 136, 212, 348
1120974.3.peg.2461.site.24, 7, 26, 33
1120974.3.peg.2460.site.1, 153, 206, 359
1120974.3.peg.2460.site.2, 118, 140, 258
1120974.3.peg.2460.site.3, 158, 180, 338
1120974.3.peg.2460.site.4, 172, 194, 366
1120974.3.peg.2460.site.5, 5, 216, 221
1120974.3.peg.2460.site.6, 5, 215, 220
1120974.3.peg.2460.site.7, 0, 210, 210
1120974.3.peg.2460.site.8, 3, 203, 206
1120974.3.peg.2460.site.9, 14, 209, 223
1120974.3.peg.2460.site.10, 0, 210, 210
1120974.3.peg.2460.site.11, 165, 189, 354
1120974.3.peg.2460.site.12, 167, 192, 359
1120974.3.peg.2460.site.13, 4, 211, 215
1120974.3.peg.2460.site.14, 186, 210, 396
1120974.3.peg.2460.site.15, 24, 212, 236
1120974.3.peg.2460.site.16, 197, 211, 408
1120974.3.peg.2460.site.17, 196, 212, 408
1120974.3.peg.2460.site.18, 0, 211, 211
1120974.3.peg.2460.site.19, 0, 212, 212
1120974.3.peg.2460.site.20, 4, 211, 215
1120974.3.peg.2460.site.21, 0, 215, 215
1120974.3.peg.2460.site.22, 119, 210, 329
1120974.3.peg.2460.site.23, 7, 215, 222
1120974.3.peg.2460.site.24, 118, 212, 330
1120974.3.peg.2460.site.25, 74, 212, 286
1120974.3.peg.2460.site.26, 198, 212, 410
1120974.3.peg.2460.site.27, 4, 215, 219
1120974.3.peg.2460.site.28, 7, 215, 222
1120974.3.peg.2460.site.29, 0, 215, 215
1120974.3.peg.2460.site.30, 7, 214, 221
1120974.3.peg.2460.site.31, 4, 216, 220
1120974.3.peg.2460.site.32, 7, 215, 222
1120974.3.peg.2460.site.33, 0, 215, 215
1120974.3.peg.2460.site.34, 9, 213, 222
1120974.3.peg.2460.site.35, 52, 142, 194
1120974.3.peg.2460.site.36, 58, 118, 176
1120974.3.peg.2460.site.37, 125, 131, 256
1120974.3.peg.2460.site.38, 144, 150, 294
1120974.3.peg.2460.site.39, 8, 215, 223
1120974.3.peg.2460.site.40, 7, 213, 220
1120974.3.peg.2460.site.41, 130, 193, 323
1120974.3.peg.2463.site.1, 24, 42, 66
1120974.3.peg.2463.site.2, 134, 210, 344
1120974.3.peg.2463.site.3, 3, 206, 209
1120974.3.peg.2463.site.4, 31, 197, 228
1120974.3.peg.2463.site.5, 138, 199, 337
1120974.3.peg.2463.site.6, 3, 215, 218
1120974.3.peg.2463.site.7, 189, 212, 401
1120974.3.peg.2463.site.8, 0, 214, 214
1120974.3.peg.2463.site.9, 181, 204, 385
1120974.3.peg.2463.site.10, 6, 145, 151
1120974.3.peg.2463.site.11, 9, 152, 161
1120974.3.peg.2463.site.12, 9, 156, 165
1120974.3.peg.2463.site.13, 88, 103, 191
1120974.3.peg.2463.site.14, 18, 41, 59
1120974.3.peg.2463.site.15, 20, 42, 62
1120974.3.peg.2463.site.16, 21, 44, 65
1120974.3.peg.2463.site.17, 0, 114, 114
1120974.3.peg.2463.site.18, 0, 126, 126
1120974.3.peg.2463.site.19, 0, 180, 180
1120974.3.peg.2463.site.20, 0, 187, 187
1120974.3.peg.2463.site.21, 0, 190, 190
1120974.3.peg.2463.site.22, 0, 185, 185
1120974.3.peg.2463.site.23, 0, 183, 183
1120974.3.peg.2463.site.24, 8, 177, 185
1120974.3.peg.2463.site.25, 0, 210, 210
1120974.3.peg.2463.site.26, 0, 209, 209
1120974.3.peg.2463.site.27, 0, 209, 209
1120974.3.peg.2463.site.28, 131, 203, 334
1120974.3.peg.2463.site.29, 0, 210, 210
1120974.3.peg.2463.site.30, 52, 214, 266
1120974.3.peg.2463.site.31, 0, 216, 216
1120974.3.peg.2463.site.32, 210, 212, 422
1120974.3.peg.2463.site.33, 0, 203, 203
1120974.3.peg.2463.site.34, 2, 208, 210
1120974.3.peg.2463.site.35, 1, 206, 207
1120974.3.peg.2463.site.36, 205, 209, 414
1120974.3.peg.2463.site.37, 154, 177, 331
1120974.3.peg.2463.site.38, 151, 175, 326
1120974.3.peg.2463.site.39, 166, 183, 349
1120974.3.peg.2463.site.40, 0, 195, 195
1120974.3.peg.2463.site.41, 0, 205, 205
1120974.3.peg.2463.site.42, 4, 208, 212
1120974.3.peg.2463.site.43, 0, 213, 213
1120974.3.peg.2463.site.44, 4, 214, 218
1120974.3.peg.2463.site.45, 191, 212, 403
1120974.3.peg.2463.site.46, 4, 215, 219
1120974.3.peg.2463.site.47, 169, 209, 378
1120974.3.peg.2463.site.48, 3, 209, 212
1120974.3.peg.2463.site.49, 1, 214, 215
1120974.3.peg.2463.site.50, 9, 213, 222
1120974.3.peg.2463.site.51, 16, 211, 227
1120974.3.peg.2463.site.52, 119, 207, 326
1120974.3.peg.2463.site.53, 0, 208, 208
1120974.3.peg.2463.site.54, 103, 192, 295
1120974.3.peg.2463.site.55, 6, 213, 219
1120974.3.peg.2463.site.56, 132, 205, 337
1120974.3.peg.2463.site.57, 202, 207, 409
1120974.3.peg.2463.site.58, 18, 208, 226
1120974.3.peg.2463.site.59, 0, 214, 214
1120974.3.peg.2463.site.60, 0, 214, 214
1120974.3.peg.3118.site.1, 9, 200, 209
1120974.3.peg.3118.site.2, 2, 202, 204
1120974.3.peg.3118.site.3, 1, 183, 184
1120974.3.peg.3118.site.4, 61, 142, 203
1120974.3.peg.3118.site.5, 31, 113, 144
1120974.3.peg.3118.site.6, 18, 120, 138
1120974.3.peg.3118.site.7, 1, 212, 213
1120974.3.peg.3118.site.8, 125, 208, 333
1120974.3.peg.3118.site.9, 3, 212, 215
1120974.3.peg.3118.site.10, 4, 213, 217
1120974.3.peg.3118.site.11, 0, 215, 215
1120974.3.peg.3118.site.12, 65, 210, 275
1120974.3.peg.3118.site.13, 128, 208, 336
1120974.3.peg.3118.site.14, 50, 208, 258
1120974.3.peg.3118.site.15, 14, 177, 191
1120974.3.peg.3118.site.16, 1, 164, 165
1120974.3.peg.3118.site.17, 15, 178, 193
1120974.3.peg.3118.site.18, 62, 212, 274
1120974.3.peg.3119.site.1, 204, 215, 419
1120974.3.peg.3119.site.2, 208, 214, 422
1120974.3.peg.3119.site.3, 13, 203, 216
1120974.3.peg.3119.site.4, 15, 211, 226
1120974.3.peg.3119.site.5, 0, 215, 215
1120974.3.peg.3119.site.6, 117, 189, 306
1120974.3.peg.3119.site.7, 53, 55, 108
1120974.3.peg.3119.site.8, 12, 24, 36
1120974.3.peg.3119.site.9, 7, 13, 20
1120974.3.peg.3119.site.10, 21, 28, 49
1120974.3.peg.3119.site.11, 77, 141, 218
1120974.3.peg.3119.site.12, 129, 192, 321
1120974.3.peg.3119.site.13, 151, 210, 361
1120974.3.peg.3119.site.14, 90, 119, 209
1120974.3.peg.3119.site.15, 14, 44, 58
1120974.3.peg.3119.site.16, 173, 183, 356
1120974.3.peg.3119.site.17, 168, 187, 355
1120974.3.peg.3119.site.18, 186, 196, 382
1120974.3.peg.3119.site.19, 177, 196, 373
1120974.3.peg.3119.site.20, 130, 149, 279
1120974.3.peg.3119.site.21, 209, 211, 420
1120974.3.peg.3119.site.22, 212, 214, 426
1120974.3.peg.3119.site.23, 5, 215, 220
1120974.3.peg.3119.site.24, 99, 126, 225
1120974.3.peg.3119.site.25, 127, 204, 331
1120974.3.peg.3119.site.26, 203, 214, 417
1120974.3.peg.3119.site.27, 4, 214, 218
1120974.3.peg.3119.site.28, 75, 207, 282
1120974.3.peg.3119.site.29, 5, 214, 219
1120974.3.peg.3119.site.30, 12, 213, 225
1120974.3.peg.3119.site.31, 129, 208, 337
1120974.3.peg.3119.site.32, 0, 215, 215
1120974.3.peg.3119.site.33, 0, 216, 216
1120974.3.peg.3119.site.34, 191, 214, 405
1120974.3.peg.3119.site.35, 11, 214, 225
1120974.3.peg.3119.site.36, 0, 215, 215
1120974.3.peg.3119.site.37, 0, 213, 213
1120974.3.peg.3119.site.38, 186, 212, 398
1120974.3.peg.3119.site.39, 186, 213, 399
1120974.3.peg.3119.site.40, 187, 214, 401
1120974.3.peg.3119.site.41, 187, 214, 401
1120974.3.peg.3119.site.42, 172, 200, 372
1120974.3.peg.3119.site.43, 169, 194, 363
1120974.3.peg.3119.site.44, 122, 203, 325
1120974.3.peg.3119.site.45, 168, 193, 361
1120974.3.peg.3119.site.46, 189, 212, 401
1120974.3.peg.3119.site.47, 146, 193, 339
1120974.3.peg.3119.site.48, 3, 102, 105
1120974.3.peg.3119.site.49, 12, 109, 121
1120974.3.peg.3119.site.50, 7, 59, 66
1120974.3.peg.3119.site.51, 68, 117, 185
1120974.3.peg.3112.site.1, 0, 215, 215
1120974.3.peg.3112.site.2, 0, 190, 190
1120974.3.peg.3112.site.3, 9, 200, 209
1120974.3.peg.3112.site.4, 0, 215, 215
1120974.3.peg.3112.site.5, 0, 216, 216
1120974.3.peg.3112.site.6, 0, 215, 215
1120974.3.peg.3112.site.7, 82, 209, 291
1120974.3.peg.3112.site.8, 3, 214, 217
1120974.3.peg.3112.site.9, 2, 215, 217
1120974.3.peg.3112.site.10, 0, 212, 212
1120974.3.peg.3112.site.11, 0, 214, 214
1120974.3.peg.3112.site.12, 189, 211, 400
1120974.3.peg.3112.site.13, 0, 212, 212
1120974.3.peg.3112.site.14, 2, 203, 205
1120974.3.peg.3112.site.15, 2, 198, 200
1120974.3.peg.3112.site.16, 191, 208, 399
1120974.3.peg.3112.site.17, 0, 210, 210
1120974.3.peg.3112.site.18, 3, 212, 215
1120974.3.peg.3112.site.19, 10, 211, 221
1120974.3.peg.3112.site.20, 1, 211, 212
1120974.3.peg.3112.site.21, 1, 212, 213
1120974.3.peg.3112.site.22, 24, 213, 237
1120974.3.peg.3112.site.23, 10, 212, 222
1120974.3.peg.3112.site.24, 14, 212, 226
1120974.3.peg.3112.site.25, 2, 215, 217
1120974.3.peg.3112.site.26, 2, 215, 217
1120974.3.peg.3112.site.27, 0, 215, 215
1120974.3.peg.3112.site.28, 9, 215, 224
1120974.3.peg.3112.site.29, 2, 216, 218
1120974.3.peg.3112.site.30, 27, 211, 238
1120974.3.peg.3112.site.31, 0, 215, 215
1120974.3.peg.3112.site.32, 18, 202, 220
1120974.3.peg.3112.site.33, 18, 202, 220
1120974.3.peg.3112.site.34, 9, 194, 203
1120974.3.peg.3112.site.35, 4, 190, 194
1120974.3.peg.3112.site.36, 5, 192, 197
1120974.3.peg.3112.site.37, 2, 216, 218
1120974.3.peg.3112.site.38, 28, 215, 243
1120974.3.peg.3112.site.39, 2, 215, 217
1120974.3.peg.3112.site.40, 103, 208, 311
1120974.3.peg.3112.site.41, 23, 211, 234
1120974.3.peg.3112.site.42, 21, 212, 233
1120974.3.peg.3112.site.43, 21, 212, 233
1120974.3.peg.3112.site.44, 4, 215, 219
1120974.3.peg.3112.site.45, 22, 212, 234
1120974.3.peg.3112.site.46, 7, 199, 206
1120974.3.peg.3112.site.47, 120, 197, 317
1120974.3.peg.3112.site.48, 15, 204, 219
1120974.3.peg.3112.site.49, 125, 203, 328
1120974.3.peg.3112.site.50, 0, 208, 208
1120974.3.peg.3112.site.51, 0, 210, 210
1120974.3.peg.3112.site.52, 0, 200, 200
1120974.3.peg.3112.site.53, 18, 210, 228
1120974.3.peg.3112.site.54, 1, 215, 216
1120974.3.peg.3112.site.55, 2, 216, 218
1120974.3.peg.3112.site.56, 2, 216, 218
1120974.3.peg.3112.site.57, 26, 213, 239
1120974.3.peg.3112.site.58, 0, 216, 216
1120974.3.peg.3112.site.59, 0, 214, 214
1120974.3.peg.3112.site.60, 26, 213, 239
1120974.3.peg.3112.site.61, 13, 213, 226
1120974.3.peg.3112.site.62, 2, 215, 217
1120974.3.peg.3112.site.63, 0, 214, 214
1120974.3.peg.3112.site.64, 12, 213, 225
1120974.3.peg.3112.site.65, 4, 214, 218
1120974.3.peg.3112.site.66, 23, 210, 233
1120974.3.peg.3112.site.67, 21, 207, 228
1120974.3.peg.3112.site.68, 3, 213, 216
1120974.3.peg.3112.site.69, 22, 212, 234
1120974.3.peg.3112.site.70, 0, 216, 216
1120974.3.peg.3113.site.1, 28, 197, 225
1120974.3.peg.3113.site.2, 1, 202, 203
1120974.3.peg.3113.site.3, 25, 196, 221
1120974.3.peg.3113.site.4, 2, 184, 186
1120974.3.peg.3113.site.5, 23, 206, 229
1120974.3.peg.3113.site.6, 13, 197, 210
1120974.3.peg.3113.site.7, 15, 200, 215
1120974.3.peg.3113.site.8, 10, 197, 207
1120974.3.peg.3113.site.9, 16, 201, 217
1120974.3.peg.3113.site.10, 27, 212, 239
1120974.3.peg.3113.site.11, 18, 193, 211
1120974.3.peg.3113.site.12, 17, 184, 201
1120974.3.peg.3113.site.13, 0, 184, 184
1120974.3.peg.3113.site.14, 1, 208, 209
1120974.3.peg.3113.site.15, 2, 213, 215
1120974.3.peg.3113.site.16, 4, 213, 217
1120974.3.peg.3113.site.17, 27, 213, 240
1120974.3.peg.3113.site.18, 6, 215, 221
1120974.3.peg.3113.site.19, 161, 188, 349
1120974.3.peg.3113.site.20, 40, 68, 108
1120974.3.peg.3113.site.21, 32, 60, 92
1120974.3.peg.3113.site.22, 9, 37, 46
1120974.3.peg.3113.site.23, 7, 35, 42
1120974.3.peg.3113.site.24, 13, 43, 56
1120974.3.peg.3113.site.25, 20, 50, 70
1120974.3.peg.3113.site.26, 23, 53, 76
1120974.3.peg.3111.site.1, 190, 210, 400
1120974.3.peg.3111.site.2, 177, 208, 385
1120974.3.peg.3111.site.3, 180, 212, 392
1120974.3.peg.3111.site.4, 80, 211, 291
1120974.3.peg.3111.site.5, 5, 205, 210
1120974.3.peg.3111.site.6, 0, 200, 200
1120974.3.peg.3111.site.7, 5, 204, 209
1120974.3.peg.3111.site.8, 174, 205, 379
1120974.3.peg.3111.site.9, 3, 182, 185
1120974.3.peg.3111.site.10, 2, 208, 210
1120974.3.peg.3111.site.11, 177, 196, 373
1120974.3.peg.3111.site.12, 153, 173, 326
1120974.3.peg.3111.site.13, 29, 151, 180
1120974.3.peg.3111.site.14, 153, 172, 325
1120974.3.peg.3111.site.15, 191, 212, 403
1120974.3.peg.3111.site.16, 2, 214, 216
1120974.3.peg.3111.site.17, 0, 212, 212
1120974.3.peg.3111.site.18, 78, 211, 289
1120974.3.peg.3111.site.19, 80, 207, 287
1120974.3.peg.3111.site.20, 209, 209, 418
1120974.3.peg.3111.site.21, 9, 212, 221
1120974.3.peg.3111.site.22, 4, 214, 218
1120974.3.peg.3111.site.23, 0, 215, 215
1120974.3.peg.3111.site.24, 0, 212, 212
1120974.3.peg.3111.site.25, 23, 212, 235
1120974.3.peg.3111.site.26, 23, 212, 235
1120974.3.peg.3111.site.27, 5, 200, 205
1120974.3.peg.3111.site.28, 0, 209, 209
1120974.3.peg.3111.site.29, 1, 200, 201
1120974.3.peg.3111.site.30, 187, 196, 383
1120974.3.peg.3111.site.31, 0, 212, 212
1120974.3.peg.3111.site.32, 6, 211, 217
1120974.3.peg.3111.site.33, 90, 209, 299
1120974.3.peg.3111.site.34, 201, 201, 402
1120974.3.peg.3111.site.35, 0, 161, 161
1120974.3.peg.3116.site.1, 182, 207, 389
1120974.3.peg.3116.site.2, 15, 209, 224
1120974.3.peg.3116.site.3, 123, 207, 330
1120974.3.peg.3116.site.4, 55, 207, 262
1120974.3.peg.3116.site.5, 168, 193, 361
1120974.3.peg.3116.site.6, 19, 168, 187
1120974.3.peg.3116.site.7, 136, 162, 298
1120974.3.peg.3116.site.8, 144, 170, 314
1120974.3.peg.3116.site.9, 142, 169, 311
1120974.3.peg.3116.site.10, 182, 197, 379
1120974.3.peg.3116.site.11, 14, 208, 222
1120974.3.peg.3116.site.12, 50, 202, 252
1120974.3.peg.3116.site.13, 1, 199, 200
1120974.3.peg.3116.site.14, 133, 195, 328
1120974.3.peg.3116.site.15, 40, 189, 229
1120974.3.peg.3116.site.16, 36, 188, 224
1120974.3.peg.3116.site.17, 28, 184, 212
1120974.3.peg.3116.site.18, 26, 180, 206
1120974.3.peg.3116.site.19, 27, 182, 209
1120974.3.peg.3116.site.20, 13, 215, 228
1120974.3.peg.3116.site.21, 132, 212, 344
1120974.3.peg.3116.site.22, 0, 215, 215
1120974.3.peg.3116.site.23, 2, 216, 218
1120974.3.peg.3116.site.24, 65, 212, 277
1120974.3.peg.3117.site.1, 59, 212, 271
1120974.3.peg.3117.site.2, 61, 213, 274
1120974.3.peg.3117.site.3, 1, 214, 215
1120974.3.peg.3117.site.4, 201, 213, 414
1120974.3.peg.3117.site.5, 0, 214, 214
1120974.3.peg.3117.site.6, 0, 215, 215
1120974.3.peg.3117.site.7, 131, 212, 343
1120974.3.peg.3117.site.8, 75, 211, 286
1120974.3.peg.3117.site.9, 135, 209, 344
1120974.3.peg.3117.site.10, 186, 212, 398
1120974.3.peg.3117.site.11, 187, 212, 399
1120974.3.peg.3117.site.12, 60, 213, 273
1120974.3.peg.3117.site.13, 0, 216, 216
1120974.3.peg.3117.site.14, 60, 213, 273
1120974.3.peg.3117.site.15, 1, 216, 217
1120974.3.peg.3117.site.16, 0, 216, 216
1120974.3.peg.3117.site.17, 0, 216, 216
1120974.3.peg.3117.site.18, 60, 213, 273
1120974.3.peg.3117.site.19, 2, 215, 217
1120974.3.peg.3117.site.20, 0, 215, 215
1120974.3.peg.3117.site.21, 0, 213, 213
1120974.3.peg.3114.site.1, 0, 216, 216
1120974.3.peg.3114.site.2, 0, 214, 214
1120974.3.peg.3114.site.3, 1, 215, 216
1120974.3.peg.3114.site.4, 0, 216, 216
1120974.3.peg.3114.site.5, 4, 216, 220
1120974.3.peg.3115.site.1, 19, 214, 233
1120974.3.peg.3115.site.2, 204, 213, 417
1120974.3.peg.3115.site.3, 186, 214, 400
1120974.3.peg.3115.site.4, 184, 211, 395
1120974.3.peg.3115.site.5, 185, 214, 399
1120974.3.peg.3115.site.6, 186, 213, 399
1120974.3.peg.3115.site.7, 0, 215, 215
1120974.3.peg.3115.site.8, 190, 213, 403
1120974.3.peg.3115.site.9, 210, 214, 424
1120974.3.peg.3115.site.10, 188, 215, 403
1120974.3.peg.3115.site.11, 172, 201, 373
1120974.3.peg.268.site.1, 0, 197, 197
1120974.3.peg.268.site.2, 129, 205, 334
1120974.3.peg.268.site.3, 139, 209, 348
1120974.3.peg.268.site.4, 133, 207, 340
1120974.3.peg.268.site.5, 136, 212, 348
1120974.3.peg.268.site.6, 128, 211, 339
1120974.3.peg.268.site.7, 8, 216, 224
1120974.3.peg.268.site.8, 131, 207, 338
1120974.3.peg.268.site.9, 2, 206, 208
1120974.3.peg.268.site.10, 70, 205, 275
1120974.3.peg.268.site.11, 133, 202, 335
1120974.3.peg.268.site.12, 164, 172, 336
1120974.3.peg.268.site.13, 5, 161, 166
1120974.3.peg.268.site.14, 24, 157, 181
1120974.3.peg.268.site.15, 26, 160, 186
1120974.3.peg.268.site.16, 35, 170, 205
1120974.3.peg.268.site.17, 34, 42, 76
1120974.3.peg.268.site.18, 13, 21, 34
1120974.3.peg.268.site.19, 6, 14, 20
1120974.3.peg.269.site.1, 8, 18, 26
1120974.3.peg.269.site.2, 81, 211, 292
1120974.3.peg.269.site.3, 72, 208, 280
1120974.3.peg.269.site.4, 82, 212, 294
1120974.3.peg.269.site.5, 90, 211, 301
1120974.3.peg.269.site.6, 90, 210, 300
1120974.3.peg.269.site.7, 52, 212, 264
1120974.3.peg.269.site.8, 87, 209, 296
1120974.3.peg.269.site.9, 41, 214, 255
1120974.3.peg.269.site.10, 83, 209, 292
1120974.3.peg.269.site.11, 33, 212, 245
1120974.3.peg.269.site.12, 11, 215, 226
1120974.3.peg.269.site.13, 123, 210, 333
1120974.3.peg.269.site.14, 125, 210, 335
1120974.3.peg.269.site.15, 0, 216, 216
1120974.3.peg.269.site.16, 128, 211, 339
1120974.3.peg.269.site.17, 4, 214, 218
1120974.3.peg.269.site.18, 127, 211, 338
1120974.3.peg.269.site.19, 0, 212, 212
1120974.3.peg.269.site.20, 122, 210, 332
1120974.3.peg.269.site.21, 1, 216, 217
1120974.3.peg.269.site.22, 1, 216, 217
1120974.3.peg.269.site.23, 7, 216, 223
1120974.3.peg.269.site.24, 9, 215, 224
1120974.3.peg.269.site.25, 0, 215, 215
1120974.3.peg.269.site.26, 4, 213, 217
1120974.3.peg.269.site.27, 1, 216, 217
1120974.3.peg.269.site.28, 1, 215, 216
1120974.3.peg.269.site.29, 174, 213, 387
1120974.3.peg.269.site.30, 2, 216, 218
1120974.3.peg.269.site.31, 1, 215, 216
1120974.3.peg.269.site.32, 153, 210, 363
1120974.3.peg.269.site.33, 168, 211, 379
1120974.3.peg.269.site.34, 6, 214, 220
1120974.3.peg.269.site.35, 4, 213, 217
1120974.3.peg.269.site.36, 165, 208, 373
1120974.3.peg.269.site.37, 24, 209, 233
1120974.3.peg.269.site.38, 23, 214, 237
1120974.3.peg.269.site.39, 175, 211, 386
1120974.3.peg.269.site.40, 177, 209, 386
1120974.3.peg.269.site.41, 1, 213, 214
1120974.3.peg.269.site.42, 119, 208, 327
1120974.3.peg.269.site.43, 0, 216, 216
1120974.3.peg.269.site.44, 0, 215, 215
1120974.3.peg.269.site.45, 2, 216, 218
1120974.3.peg.269.site.46, 143, 213, 356
1120974.3.peg.269.site.47, 124, 210, 334
1120974.3.peg.269.site.48, 141, 210, 351
1120974.3.peg.269.site.49, 136, 206, 342
1120974.3.peg.269.site.50, 142, 204, 346
1120974.3.peg.269.site.51, 2, 212, 214
1120974.3.peg.269.site.52, 4, 215, 219
1120974.3.peg.269.site.53, 2, 192, 194
1120974.3.peg.269.site.54, 32, 188, 220
1120974.3.peg.269.site.55, 34, 196, 230
1120974.3.peg.269.site.56, 2, 172, 174
1120974.3.peg.269.site.57, 125, 175, 300
1120974.3.peg.269.site.58, 0, 200, 200
1120974.3.peg.269.site.59, 141, 209, 350
1120974.3.peg.261.site.1, 19, 171, 190
1120974.3.peg.261.site.2, 2, 183, 185
1120974.3.peg.261.site.3, 0, 178, 178
1120974.3.peg.261.site.4, 110, 172, 282
1120974.3.peg.261.site.5, 9, 184, 193
1120974.3.peg.261.site.6, 18, 189, 207
1120974.3.peg.261.site.7, 26, 202, 228
1120974.3.peg.261.site.8, 6, 215, 221
1120974.3.peg.261.site.9, 34, 214, 248
1120974.3.peg.261.site.10, 76, 204, 280
1120974.3.peg.261.site.11, 25, 137, 162
1120974.3.peg.261.site.12, 3, 134, 137
1120974.3.peg.261.site.13, 48, 62, 110
1120974.3.peg.261.site.14, 1, 17, 18
1120974.3.peg.261.site.15, 1, 24, 25
1120974.3.peg.261.site.16, 16, 28, 44
1120974.3.peg.261.site.17, 1, 14, 15
1120974.3.peg.261.site.18, 13, 17, 30
1120974.3.peg.261.site.19, 13, 17, 30
1120974.3.peg.261.site.20, 2, 5, 7
1120974.3.peg.261.site.21, 4, 7, 11
1120974.3.peg.261.site.22, 1, 9, 10
1120974.3.peg.261.site.23, 5, 16, 21
1120974.3.peg.261.site.24, 14, 22, 36
1120974.3.peg.261.site.25, 100, 169, 269
1120974.3.peg.261.site.26, 1, 195, 196
1120974.3.peg.261.site.27, 44, 197, 241
1120974.3.peg.261.site.28, 209, 214, 423
1120974.3.peg.261.site.29, 0, 214, 214
1120974.3.peg.261.site.30, 128, 209, 337
1120974.3.peg.261.site.31, 1, 215, 216
1120974.3.peg.261.site.32, 23, 212, 235
1120974.3.peg.261.site.33, 17, 210, 227
1120974.3.peg.261.site.34, 190, 211, 401
1120974.3.peg.262.site.1, 46, 214, 260
1120974.3.peg.262.site.2, 4, 215, 219
1120974.3.peg.262.site.3, 0, 216, 216
1120974.3.peg.262.site.4, 150, 212, 362
1120974.3.peg.262.site.5, 134, 209, 343
1120974.3.peg.262.site.6, 0, 192, 192
1120974.3.peg.262.site.7, 206, 214, 420
1120974.3.peg.262.site.8, 7, 215, 222
1120974.3.peg.262.site.9, 0, 215, 215
1120974.3.peg.262.site.10, 7, 215, 222
1120974.3.peg.262.site.11, 116, 179, 295
1120974.3.peg.262.site.12, 66, 129, 195
1120974.3.peg.263.site.1, 42, 214, 256
1120974.3.peg.263.site.2, 148, 209, 357
1120974.3.peg.263.site.3, 4, 215, 219
1120974.3.peg.263.site.4, 0, 216, 216
1120974.3.peg.263.site.5, 0, 215, 215
1120974.3.peg.263.site.6, 0, 215, 215
1120974.3.peg.263.site.7, 0, 215, 215
1120974.3.peg.263.site.8, 0, 215, 215
1120974.3.peg.263.site.9, 5, 215, 220
1120974.3.peg.263.site.10, 140, 210, 350
1120974.3.peg.263.site.11, 141, 212, 353
1120974.3.peg.263.site.12, 142, 213, 355
1120974.3.peg.263.site.13, 149, 212, 361
1120974.3.peg.265.site.1, 4, 115, 119
1120974.3.peg.265.site.2, 4, 107, 111
1120974.3.peg.265.site.3, 43, 84, 127
1120974.3.peg.265.site.4, 40, 90, 130
1120974.3.peg.265.site.5, 41, 94, 135
1120974.3.peg.265.site.6, 53, 107, 160
1120974.3.peg.265.site.7, 79, 137, 216
1120974.3.peg.265.site.8, 5, 198, 203
1120974.3.peg.265.site.9, 3, 203, 206
1120974.3.peg.265.site.10, 40, 209, 249
1120974.3.peg.265.site.11, 135, 213, 348
1120974.3.peg.265.site.12, 1, 214, 215
1120974.3.peg.265.site.13, 106, 191, 297
1120974.3.peg.265.site.14, 103, 187, 290
1120974.3.peg.265.site.15, 89, 167, 256
1120974.3.peg.265.site.16, 207, 207, 414
1120974.3.peg.265.site.17, 128, 212, 340
1120974.3.peg.265.site.18, 10, 214, 224
1120974.3.peg.265.site.19, 127, 210, 337
1120974.3.peg.265.site.20, 5, 212, 217
1120974.3.peg.265.site.21, 1, 209, 210
1120974.3.peg.265.site.22, 16, 207, 223
1120974.3.peg.265.site.23, 0, 206, 206
1120974.3.peg.265.site.24, 18, 208, 226
1120974.3.peg.265.site.25, 98, 190, 288
1120974.3.peg.265.site.26, 103, 191, 294
1120974.3.peg.265.site.27, 22, 201, 223
1120974.3.peg.265.site.28, 175, 206, 381
1120974.3.peg.265.site.29, 0, 215, 215
1120974.3.peg.265.site.30, 206, 211, 417
1120974.3.peg.265.site.31, 0, 212, 212
1120974.3.peg.265.site.32, 0, 212, 212
1120974.3.peg.265.site.33, 0, 212, 212
1120974.3.peg.266.site.1, 128, 178, 306
1120974.3.peg.266.site.2, 147, 210, 357
1120974.3.peg.266.site.3, 30, 212, 242
1120974.3.peg.266.site.4, 156, 206, 362
1120974.3.peg.266.site.5, 0, 213, 213
1120974.3.peg.266.site.6, 4, 213, 217
1120974.3.peg.266.site.7, 3, 214, 217
1120974.3.peg.266.site.8, 3, 216, 219
1120974.3.peg.266.site.9, 165, 215, 380
1120974.3.peg.266.site.10, 0, 215, 215
1120974.3.peg.266.site.11, 125, 209, 334
1120974.3.peg.266.site.12, 0, 213, 213
1120974.3.peg.266.site.13, 8, 211, 219
1120974.3.peg.266.site.14, 3, 210, 213
1120974.3.peg.266.site.15, 0, 208, 208
1120974.3.peg.266.site.16, 112, 185, 297
1120974.3.peg.266.site.17, 4, 151, 155
1120974.3.peg.266.site.18, 0, 208, 208
1120974.3.peg.266.site.19, 0, 207, 207
1120974.3.peg.266.site.20, 96, 188, 284
1120974.3.peg.266.site.21, 4, 175, 179
1120974.3.peg.266.site.22, 4, 164, 168
1120974.3.peg.266.site.23, 142, 156, 298
1120974.3.peg.266.site.24, 161, 161, 322
1120974.3.peg.266.site.25, 80, 160, 240
1120974.3.peg.2511.site.1, 183, 207, 390
1120974.3.peg.2511.site.2, 24, 209, 233
1120974.3.peg.2511.site.3, 186, 210, 396
1120974.3.peg.2511.site.4, 106, 212, 318
1120974.3.peg.2511.site.5, 4, 216, 220
1120974.3.peg.2511.site.6, 4, 216, 220
1120974.3.peg.2511.site.7, 4, 216, 220
1120974.3.peg.2511.site.8, 4, 214, 218
1120974.3.peg.2511.site.9, 4, 215, 219
1120974.3.peg.2511.site.10, 4, 216, 220
1120974.3.peg.2511.site.11, 2, 214, 216
1120974.3.peg.2511.site.12, 2, 213, 215
1120974.3.peg.2511.site.13, 1, 212, 213
1120974.3.peg.2511.site.14, 4, 216, 220
1120974.3.peg.2511.site.15, 112, 211, 323
1120974.3.peg.2511.site.16, 116, 211, 327
1120974.3.peg.2511.site.17, 0, 216, 216
1120974.3.peg.2511.site.18, 108, 208, 316
1120974.3.peg.2511.site.19, 110, 207, 317
1120974.3.peg.2511.site.20, 106, 207, 313
1120974.3.peg.2511.site.21, 106, 207, 313
1120974.3.peg.2511.site.22, 108, 209, 317
1120974.3.peg.2511.site.23, 24, 212, 236
1120974.3.peg.2511.site.24, 22, 210, 232
1120974.3.peg.2511.site.25, 21, 208, 229
1120974.3.peg.2511.site.26, 7, 211, 218
1120974.3.peg.2511.site.27, 101, 209, 310
1120974.3.peg.2511.site.28, 214, 214, 428
1120974.3.peg.2511.site.29, 100, 208, 308
1120974.3.peg.2511.site.30, 75, 210, 285
1120974.3.peg.2511.site.31, 4, 216, 220
1120974.3.peg.2511.site.32, 0, 216, 216
1120974.3.peg.2511.site.33, 10, 214, 224
1120974.3.peg.2510.site.1, 32, 212, 244
1120974.3.peg.2510.site.2, 0, 214, 214
1120974.3.peg.2510.site.3, 4, 216, 220
1120974.3.peg.2510.site.4, 30, 213, 243
1120974.3.peg.2510.site.5, 31, 214, 245
1120974.3.peg.2510.site.6, 31, 212, 243
1120974.3.peg.2510.site.7, 1, 215, 216
1120974.3.peg.2510.site.8, 33, 213, 246
1120974.3.peg.2510.site.9, 32, 214, 246
1120974.3.peg.2510.site.10, 20, 213, 233
1120974.3.peg.2510.site.11, 1, 215, 216
1120974.3.peg.2510.site.12, 4, 215, 219
1120974.3.peg.2510.site.13, 31, 214, 245
1120974.3.peg.2510.site.14, 12, 215, 227
1120974.3.peg.2510.site.15, 32, 214, 246
1120974.3.peg.2510.site.16, 31, 214, 245
1120974.3.peg.2510.site.17, 214, 215, 429
1120974.3.peg.2510.site.18, 4, 215, 219
1120974.3.peg.2510.site.19, 181, 213, 394
1120974.3.peg.2510.site.20, 166, 199, 365
1120974.3.peg.2510.site.21, 27, 201, 228
1120974.3.peg.2510.site.22, 149, 178, 327
1120974.3.peg.2510.site.23, 160, 188, 348
1120974.3.peg.2510.site.24, 4, 211, 215
1120974.3.peg.2510.site.25, 28, 212, 240
1120974.3.peg.2510.site.26, 187, 215, 402
1120974.3.peg.2510.site.27, 185, 216, 401
1120974.3.peg.2510.site.28, 155, 211, 366
1120974.3.peg.2510.site.29, 0, 213, 213
1120974.3.peg.2513.site.1, 0, 216, 216
1120974.3.peg.2513.site.2, 136, 210, 346
1120974.3.peg.2513.site.3, 139, 213, 352
1120974.3.peg.2513.site.4, 4, 215, 219
1120974.3.peg.2513.site.5, 138, 209, 347
1120974.3.peg.2513.site.6, 133, 205, 338
1120974.3.peg.2513.site.7, 0, 214, 214
1120974.3.peg.2513.site.8, 151, 213, 364
1120974.3.peg.2513.site.9, 4, 212, 216
1120974.3.peg.2513.site.10, 1, 216, 217
1120974.3.peg.2513.site.11, 139, 210, 349
1120974.3.peg.2513.site.12, 50, 214, 264
1120974.3.peg.2513.site.13, 144, 207, 351
1120974.3.peg.2512.site.1, 25, 214, 239
1120974.3.peg.2512.site.2, 4, 216, 220
1120974.3.peg.2512.site.3, 4, 216, 220
1120974.3.peg.2512.site.4, 137, 211, 348
1120974.3.peg.2512.site.5, 188, 213, 401
1120974.3.peg.2512.site.6, 4, 214, 218
1120974.3.peg.2512.site.7, 187, 213, 400
1120974.3.peg.2512.site.8, 52, 212, 264
1120974.3.peg.2512.site.9, 187, 197, 384
1120974.3.peg.2512.site.10, 122, 150, 272
1120974.3.peg.2512.site.11, 112, 134, 246
1120974.3.peg.2512.site.12, 169, 179, 348
1120974.3.peg.2512.site.13, 1, 182, 183
1120974.3.peg.2512.site.14, 1, 188, 189
1120974.3.peg.2512.site.15, 1, 184, 185
1120974.3.peg.2512.site.16, 3, 189, 192
1120974.3.peg.2512.site.17, 131, 208, 339
1120974.3.peg.2512.site.18, 132, 208, 340
1120974.3.peg.2515.site.1, 155, 208, 363
1120974.3.peg.2515.site.2, 153, 206, 359
1120974.3.peg.2515.site.3, 155, 209, 364
1120974.3.peg.2515.site.4, 4, 203, 207
1120974.3.peg.2515.site.5, 114, 194, 308
1120974.3.peg.2515.site.6, 152, 205, 357
1120974.3.peg.2515.site.7, 0, 212, 212
1120974.3.peg.2515.site.8, 37, 205, 242
1120974.3.peg.2515.site.9, 0, 208, 208
1120974.3.peg.2515.site.10, 19, 216, 235
1120974.3.peg.2515.site.11, 159, 211, 370
1120974.3.peg.2515.site.12, 180, 213, 393
1120974.3.peg.2515.site.13, 16, 214, 230
1120974.3.peg.2515.site.14, 4, 214, 218
1120974.3.peg.2515.site.15, 163, 213, 376
1120974.3.peg.2515.site.16, 163, 213, 376
1120974.3.peg.2515.site.17, 1, 215, 216
1120974.3.peg.2515.site.18, 163, 212, 375
1120974.3.peg.2515.site.19, 4, 216, 220
1120974.3.peg.2515.site.20, 0, 216, 216
1120974.3.peg.2515.site.21, 169, 213, 382
1120974.3.peg.2515.site.22, 0, 216, 216
1120974.3.peg.2515.site.23, 188, 215, 403
1120974.3.peg.2515.site.24, 168, 213, 381
1120974.3.peg.2515.site.25, 1, 216, 217
1120974.3.peg.2515.site.26, 35, 212, 247
1120974.3.peg.2515.site.27, 142, 178, 320
1120974.3.peg.2515.site.28, 50, 98, 148
1120974.3.peg.2515.site.29, 163, 207, 370
1120974.3.peg.2515.site.30, 163, 207, 370
1120974.3.peg.2515.site.31, 33, 211, 244
1120974.3.peg.2514.site.1, 0, 214, 214
1120974.3.peg.2514.site.2, 10, 215, 225
1120974.3.peg.2514.site.3, 0, 215, 215
1120974.3.peg.2514.site.4, 0, 216, 216
1120974.3.peg.2514.site.5, 0, 215, 215
1120974.3.peg.2514.site.6, 0, 216, 216
1120974.3.peg.2514.site.7, 0, 215, 215
1120974.3.peg.2514.site.8, 52, 215, 267
1120974.3.peg.2514.site.9, 52, 215, 267
1120974.3.peg.2514.site.10, 52, 215, 267
1120974.3.peg.2514.site.11, 52, 215, 267
1120974.3.peg.2514.site.12, 19, 216, 235
1120974.3.peg.2514.site.13, 52, 214, 266
1120974.3.peg.2514.site.14, 52, 215, 267
1120974.3.peg.2514.site.15, 0, 215, 215
1120974.3.peg.2514.site.16, 0, 216, 216
1120974.3.peg.2514.site.17, 0, 215, 215
1120974.3.peg.2514.site.18, 79, 208, 287
1120974.3.peg.2514.site.19, 5, 214, 219
1120974.3.peg.2514.site.20, 0, 214, 214
1120974.3.peg.2514.site.21, 84, 211, 295
1120974.3.peg.2514.site.22, 122, 210, 332
1120974.3.peg.2514.site.23, 0, 216, 216
1120974.3.peg.2514.site.24, 120, 208, 328
1120974.3.peg.2514.site.25, 0, 214, 214
1120974.3.peg.2514.site.26, 1, 216, 217
1120974.3.peg.2514.site.27, 0, 215, 215
1120974.3.peg.2514.site.28, 118, 210, 328
1120974.3.peg.2514.site.29, 216, 216, 432
1120974.3.peg.2514.site.30, 121, 212, 333
1120974.3.peg.2514.site.31, 118, 210, 328
1120974.3.peg.2514.site.32, 122, 212, 334
1120974.3.peg.2514.site.33, 1, 215, 216
1120974.3.peg.2517.site.1, 1, 200, 201
1120974.3.peg.2517.site.2, 2, 206, 208
1120974.3.peg.2517.site.3, 5, 213, 218
1120974.3.peg.2517.site.4, 0, 214, 214
1120974.3.peg.2517.site.5, 14, 214, 228
1120974.3.peg.2517.site.6, 0, 213, 213
1120974.3.peg.2517.site.7, 0, 214, 214
1120974.3.peg.2517.site.8, 181, 201, 382
1120974.3.peg.2517.site.9, 0, 206, 206
1120974.3.peg.2517.site.10, 0, 195, 195
1120974.3.peg.2517.site.11, 2, 193, 195
1120974.3.peg.2517.site.12, 180, 210, 390
1120974.3.peg.2517.site.13, 29, 212, 241
1120974.3.peg.2517.site.14, 30, 213, 243
1120974.3.peg.2517.site.15, 4, 215, 219
1120974.3.peg.2517.site.16, 178, 213, 391
1120974.3.peg.2517.site.17, 30, 214, 244
1120974.3.peg.2517.site.18, 178, 214, 392
1120974.3.peg.2517.site.19, 1, 216, 217
1120974.3.peg.2517.site.20, 0, 216, 216
1120974.3.peg.2517.site.21, 31, 212, 243
1120974.3.peg.2517.site.22, 31, 214, 245
1120974.3.peg.2517.site.23, 14, 213, 227
1120974.3.peg.2517.site.24, 10, 213, 223
1120974.3.peg.2517.site.25, 30, 210, 240
1120974.3.peg.2517.site.26, 13, 197, 210
1120974.3.peg.2517.site.27, 2, 196, 198
1120974.3.peg.2517.site.28, 24, 206, 230
1120974.3.peg.2517.site.29, 0, 190, 190
1120974.3.peg.2517.site.30, 156, 161, 317
1120974.3.peg.2517.site.31, 0, 163, 163
1120974.3.peg.2517.site.32, 0, 137, 137
1120974.3.peg.2517.site.33, 5, 183, 188
1120974.3.peg.2516.site.1, 146, 166, 312
1120974.3.peg.2516.site.2, 2, 178, 180
1120974.3.peg.2516.site.3, 140, 205, 345
1120974.3.peg.2516.site.4, 181, 212, 393
1120974.3.peg.2516.site.5, 20, 212, 232
1120974.3.peg.2516.site.6, 180, 211, 391
1120974.3.peg.2516.site.7, 1, 216, 217
1120974.3.peg.2516.site.8, 1, 212, 213
1120974.3.peg.2516.site.9, 145, 168, 313
1120974.3.peg.2516.site.10, 126, 149, 275
1120974.3.peg.2516.site.11, 116, 140, 256
1120974.3.peg.2516.site.12, 52, 119, 171
1120974.3.peg.2516.site.13, 62, 128, 190
1120974.3.peg.2516.site.14, 0, 146, 146
1120974.3.peg.2516.site.15, 163, 187, 350
1120974.3.peg.2516.site.16, 0, 186, 186
1120974.3.peg.2516.site.17, 32, 196, 228
1120974.3.peg.2516.site.18, 24, 191, 215
1120974.3.peg.2516.site.19, 9, 177, 186
1120974.3.peg.2516.site.20, 11, 178, 189
1120974.3.peg.2516.site.21, 32, 198, 230
1120974.3.peg.2516.site.22, 48, 214, 262
1120974.3.peg.2516.site.23, 3, 216, 219
1120974.3.peg.2516.site.24, 49, 213, 262
1120974.3.peg.2516.site.25, 158, 214, 372
1120974.3.peg.2516.site.26, 157, 208, 365
1120974.3.peg.2516.site.27, 2, 213, 215
1120974.3.peg.2516.site.28, 9, 208, 217
1120974.3.peg.2516.site.29, 0, 205, 205
1120974.3.peg.2516.site.30, 0, 206, 206
1120974.3.peg.2516.site.31, 0, 200, 200
1120974.3.peg.2516.site.32, 0, 200, 200
1120974.3.peg.2516.site.33, 0, 209, 209
1120974.3.peg.2516.site.34, 1, 207, 208
1120974.3.peg.2516.site.35, 0, 96, 96
1120974.3.peg.2516.site.36, 41, 91, 132
1120974.3.peg.2516.site.37, 0, 83, 83
1120974.3.peg.2516.site.38, 44, 97, 141
1120974.3.peg.2516.site.39, 101, 152, 253
1120974.3.peg.2516.site.40, 4, 163, 167
1120974.3.peg.2516.site.41, 3, 211, 214
1120974.3.peg.2516.site.42, 2, 204, 206
1120974.3.peg.2516.site.43, 2, 210, 212
1120974.3.peg.2516.site.44, 139, 172, 311
1120974.3.peg.2516.site.45, 0, 191, 191
1120974.3.peg.2516.site.46, 0, 198, 198
1120974.3.peg.2516.site.47, 1, 207, 208
1120974.3.peg.2516.site.48, 0, 200, 200
1120974.3.peg.2519.site.1, 42, 66, 108
1120974.3.peg.2519.site.2, 52, 78, 130
1120974.3.peg.2519.site.3, 12, 209, 221
1120974.3.peg.2519.site.4, 190, 209, 399
1120974.3.peg.2519.site.5, 6, 31, 37
1120974.3.peg.2519.site.6, 2, 27, 29
1120974.3.peg.2519.site.7, 5, 31, 36
1120974.3.peg.2519.site.8, 28, 50, 78
1120974.3.peg.2519.site.9, 60, 83, 143
1120974.3.peg.2519.site.10, 160, 174, 334
1120974.3.peg.2519.site.11, 183, 205, 388
1120974.3.peg.2519.site.12, 0, 211, 211
1120974.3.peg.2519.site.13, 3, 214, 217
1120974.3.peg.2519.site.14, 193, 213, 406
1120974.3.peg.2519.site.15, 0, 215, 215
1120974.3.peg.2519.site.16, 4, 216, 220
1120974.3.peg.2519.site.17, 190, 213, 403
1120974.3.peg.2518.site.1, 0, 216, 216
1120974.3.peg.2518.site.2, 2, 215, 217
1120974.3.peg.2518.site.3, 12, 215, 227
1120974.3.peg.2518.site.4, 0, 216, 216
1120974.3.peg.2518.site.5, 10, 215, 225
1120974.3.peg.2518.site.6, 187, 213, 400
1120974.3.peg.2518.site.7, 13, 215, 228
1120974.3.peg.2518.site.8, 13, 215, 228
1120974.3.peg.2518.site.9, 215, 215, 430
1120974.3.peg.2518.site.10, 199, 213, 412
1120974.3.peg.2518.site.11, 211, 212, 423
1120974.3.peg.2518.site.12, 13, 213, 226
1120974.3.peg.2518.site.13, 12, 209, 221
1120974.3.peg.2518.site.14, 0, 216, 216
1120974.3.peg.2518.site.15, 13, 216, 229
1120974.3.peg.2518.site.16, 13, 215, 228
1120974.3.peg.2518.site.17, 6, 216, 222
1120974.3.peg.2518.site.18, 0, 214, 214
1120974.3.peg.2518.site.19, 0, 214, 214
1120974.3.peg.2518.site.20, 0, 216, 216
1120974.3.peg.2518.site.21, 155, 212, 367
1120974.3.peg.2518.site.22, 0, 211, 211
1120974.3.peg.2518.site.23, 12, 194, 206
1120974.3.peg.2518.site.24, 0, 201, 201
1120974.3.peg.2518.site.25, 26, 207, 233
1120974.3.peg.2518.site.26, 156, 158, 314
1120974.3.peg.2518.site.27, 153, 155, 308
1120974.3.peg.2518.site.28, 4, 164, 168
1120974.3.peg.2518.site.29, 162, 165, 327
1120974.3.peg.2518.site.30, 172, 174, 346
1120974.3.peg.2518.site.31, 34, 211, 245
1120974.3.peg.2518.site.32, 215, 216, 431
1120974.3.peg.2518.site.33, 154, 211, 365
1120974.3.peg.2518.site.34, 1, 212, 213
1120974.3.peg.2518.site.35, 33, 210, 243
1120974.3.peg.2518.site.36, 27, 212, 239
1120974.3.peg.2518.site.37, 27, 212, 239
1120974.3.peg.2518.site.38, 180, 212, 392
1120974.3.peg.2518.site.39, 0, 216, 216
1120974.3.peg.2518.site.40, 211, 215, 426
1120974.3.peg.2518.site.41, 24, 211, 235
1120974.3.peg.2518.site.42, 15, 216, 231
1120974.3.peg.2518.site.43, 1, 131, 132
1120974.3.peg.3024.site.1, 191, 213, 404
1120974.3.peg.3024.site.2, 9, 215, 224
1120974.3.peg.3024.site.3, 2, 216, 218
1120974.3.peg.3024.site.4, 191, 213, 404
1120974.3.peg.3024.site.5, 14, 214, 228
1120974.3.peg.3024.site.6, 1, 216, 217
1120974.3.peg.3024.site.7, 189, 214, 403
1120974.3.peg.3024.site.8, 1, 214, 215
1120974.3.peg.3024.site.9, 189, 215, 404
1120974.3.peg.3024.site.10, 1, 216, 217
1120974.3.peg.3022.site.1, 6, 214, 220
1120974.3.peg.3022.site.2, 0, 216, 216
1120974.3.peg.3022.site.3, 2, 213, 215
1120974.3.peg.3022.site.4, 45, 213, 258
1120974.3.peg.3022.site.5, 0, 212, 212
1120974.3.peg.3022.site.6, 149, 208, 357
1120974.3.peg.3022.site.7, 7, 216, 223
1120974.3.peg.3022.site.8, 143, 212, 355
1120974.3.peg.3022.site.9, 213, 215, 428
1120974.3.peg.3022.site.10, 0, 215, 215
1120974.3.peg.3022.site.11, 0, 214, 214
1120974.3.peg.2863.site.1, 0, 215, 215
1120974.3.peg.2863.site.2, 15, 213, 228
1120974.3.peg.2863.site.3, 160, 213, 373
1120974.3.peg.2863.site.4, 0, 211, 211
1120974.3.peg.2863.site.5, 24, 210, 234
1120974.3.peg.2863.site.6, 152, 208, 360
1120974.3.peg.2863.site.7, 1, 215, 216
1120974.3.peg.2863.site.8, 161, 211, 372
1120974.3.peg.2863.site.9, 25, 214, 239
1120974.3.peg.2863.site.10, 4, 216, 220
1120974.3.peg.2863.site.11, 0, 215, 215
1120974.3.peg.2863.site.12, 159, 212, 371
1120974.3.peg.2863.site.13, 158, 206, 364
1120974.3.peg.2863.site.14, 26, 212, 238
1120974.3.peg.2863.site.15, 2, 213, 215
1120974.3.peg.2863.site.16, 35, 211, 246
1120974.3.peg.2863.site.17, 152, 205, 357
1120974.3.peg.2863.site.18, 154, 207, 361
1120974.3.peg.3020.site.1, 1, 20, 21
1120974.3.peg.3020.site.2, 1, 115, 116
1120974.3.peg.3020.site.3, 101, 121, 222
1120974.3.peg.3020.site.4, 102, 117, 219
1120974.3.peg.3020.site.5, 123, 127, 250
1120974.3.peg.3020.site.6, 4, 122, 126
1120974.3.peg.3020.site.7, 75, 79, 154
1120974.3.peg.3020.site.8, 119, 127, 246
1120974.3.peg.3020.site.9, 173, 181, 354
1120974.3.peg.3020.site.10, 194, 203, 397
1120974.3.peg.3020.site.11, 188, 208, 396
1120974.3.peg.3020.site.12, 188, 208, 396
1120974.3.peg.3020.site.13, 186, 206, 392
1120974.3.peg.3020.site.14, 182, 204, 386
1120974.3.peg.3020.site.15, 188, 208, 396
1120974.3.peg.3020.site.16, 2, 215, 217
1120974.3.peg.3020.site.17, 76, 211, 287
1120974.3.peg.3020.site.18, 192, 213, 405
1120974.3.peg.3020.site.19, 193, 214, 407
1120974.3.peg.3020.site.20, 3, 213, 216
1120974.3.peg.3020.site.21, 0, 213, 213
1120974.3.peg.3020.site.22, 3, 215, 218
1120974.3.peg.3020.site.23, 183, 208, 391
1120974.3.peg.3020.site.24, 186, 211, 397
1120974.3.peg.3020.site.25, 184, 209, 393
1120974.3.peg.3020.site.26, 175, 200, 375
1120974.3.peg.3020.site.27, 196, 208, 404
1120974.3.peg.3020.site.28, 68, 208, 276
1120974.3.peg.3020.site.29, 204, 211, 415
1120974.3.peg.3020.site.30, 1, 208, 209
1120974.3.peg.3020.site.31, 107, 205, 312
1120974.3.peg.3020.site.32, 72, 209, 281
1120974.3.peg.3020.site.33, 181, 211, 392
1120974.3.peg.3020.site.34, 182, 212, 394
1120974.3.peg.3020.site.35, 183, 213, 396
1120974.3.peg.3021.site.1, 95, 212, 307
1120974.3.peg.3021.site.2, 78, 205, 283
1120974.3.peg.3021.site.3, 4, 201, 205
1120974.3.peg.3021.site.4, 194, 200, 394
1120974.3.peg.3021.site.5, 68, 212, 280
1120974.3.peg.3021.site.6, 184, 213, 397
1120974.3.peg.3021.site.7, 24, 214, 238
1120974.3.peg.3021.site.8, 13, 214, 227
1120974.3.peg.3021.site.9, 12, 214, 226
1120974.3.peg.3021.site.10, 1, 214, 215
1120974.3.peg.3021.site.11, 14, 214, 228
1120974.3.peg.3021.site.12, 124, 212, 336
1120974.3.peg.3021.site.13, 80, 213, 293
1120974.3.peg.3021.site.14, 103, 211, 314
1120974.3.peg.3021.site.15, 5, 215, 220
1120974.3.peg.3021.site.16, 17, 214, 231
1120974.3.peg.3021.site.17, 113, 209, 322
1120974.3.peg.3021.site.18, 185, 213, 398
1120974.3.peg.3021.site.19, 8, 215, 223
1120974.3.peg.3021.site.20, 192, 212, 404
1120974.3.peg.3021.site.21, 207, 214, 421
1120974.3.peg.3021.site.22, 183, 211, 394
1120974.3.peg.3021.site.23, 2, 213, 215
1120974.3.peg.3021.site.24, 0, 213, 213
1120974.3.peg.3021.site.25, 77, 211, 288
1120974.3.peg.2862.site.1, 131, 213, 344
1120974.3.peg.2862.site.2, 3, 213, 216
1120974.3.peg.2862.site.3, 1, 214, 215
1120974.3.peg.2862.site.4, 5, 213, 218
1120974.3.peg.2862.site.5, 3, 211, 214
1120974.3.peg.2862.site.6, 48, 211, 259
1120974.3.peg.2862.site.7, 213, 213, 426
1120974.3.peg.2862.site.8, 14, 213, 227
1120974.3.peg.2862.site.9, 0, 216, 216
1120974.3.peg.2862.site.10, 175, 202, 377
1120974.3.peg.2862.site.11, 19, 173, 192
1120974.3.peg.2862.site.12, 7, 175, 182
1120974.3.peg.2862.site.13, 11, 179, 190
1120974.3.peg.2862.site.14, 16, 184, 200
1120974.3.peg.2862.site.15, 184, 212, 396
1120974.3.peg.2862.site.16, 184, 211, 395
1120974.3.peg.2862.site.17, 3, 214, 217
1120974.3.peg.2862.site.18, 4, 214, 218
1120974.3.peg.2862.site.19, 55, 199, 254
1120974.3.peg.2862.site.20, 121, 201, 322
1120974.3.peg.2862.site.21, 131, 204, 335
1120974.3.peg.2862.site.22, 0, 215, 215
1120974.3.peg.2862.site.23, 135, 210, 345
1120974.3.peg.2862.site.24, 48, 212, 260
1120974.3.peg.2862.site.25, 133, 208, 341
1120974.3.peg.2865.site.1, 2, 204, 206
1120974.3.peg.2865.site.2, 4, 216, 220
1120974.3.peg.2865.site.3, 54, 214, 268
1120974.3.peg.2865.site.4, 0, 216, 216
1120974.3.peg.2865.site.5, 117, 210, 327
1120974.3.peg.2865.site.6, 7, 214, 221
1120974.3.peg.2865.site.7, 2, 215, 217
1120974.3.peg.2864.site.1, 30, 213, 243
1120974.3.peg.2864.site.2, 216, 216, 432
1120974.3.peg.2864.site.3, 0, 216, 216
1120974.3.peg.2864.site.4, 1, 216, 217
1120974.3.peg.2864.site.5, 214, 214, 428
1120974.3.peg.2864.site.6, 157, 207, 364
1120974.3.peg.2864.site.7, 31, 212, 243
1120974.3.peg.2864.site.8, 1, 216, 217
1120974.3.peg.2864.site.9, 2, 216, 218
1120974.3.peg.2864.site.10, 2, 216, 218
1120974.3.peg.2864.site.11, 2, 214, 216
1120974.3.peg.2864.site.12, 2, 216, 218
1120974.3.peg.2864.site.13, 2, 215, 217
1120974.3.peg.2864.site.14, 36, 205, 241
1120974.3.peg.1936.site.1, 1, 213, 214
1120974.3.peg.1936.site.2, 2, 213, 215
1120974.3.peg.1936.site.3, 42, 212, 254
1120974.3.peg.1936.site.4, 0, 215, 215
1120974.3.peg.1936.site.5, 151, 211, 362
1120974.3.peg.1936.site.6, 1, 214, 215
1120974.3.peg.1936.site.7, 91, 209, 300
1120974.3.peg.1936.site.8, 58, 212, 270
1120974.3.peg.1936.site.9, 36, 212, 248
1120974.3.peg.1937.site.1, 2, 215, 217
1120974.3.peg.1937.site.2, 18, 213, 231
1120974.3.peg.1937.site.3, 150, 210, 360
1120974.3.peg.1937.site.4, 38, 212, 250
1120974.3.peg.1937.site.5, 19, 188, 207
1120974.3.peg.1937.site.6, 15, 195, 210
1120974.3.peg.1937.site.7, 14, 195, 209
1120974.3.peg.1937.site.8, 0, 215, 215
1120974.3.peg.1937.site.9, 85, 211, 296
1120974.3.peg.1937.site.10, 0, 214, 214
1120974.3.peg.1937.site.11, 2, 212, 214
1120974.3.peg.1937.site.12, 0, 210, 210
1120974.3.peg.1937.site.13, 6, 208, 214
1120974.3.peg.1937.site.14, 0, 204, 204
1120974.3.peg.1937.site.15, 1, 214, 215
1120974.3.peg.1937.site.16, 0, 215, 215
1120974.3.peg.1937.site.17, 0, 212, 212
1120974.3.peg.1937.site.18, 82, 206, 288
1120974.3.peg.1937.site.19, 42, 208, 250
1120974.3.peg.1937.site.20, 7, 212, 219
1120974.3.peg.1937.site.21, 0, 213, 213
1120974.3.peg.1937.site.22, 36, 207, 243
1120974.3.peg.1937.site.23, 10, 184, 194
1120974.3.peg.1937.site.24, 4, 185, 189
1120974.3.peg.1937.site.25, 4, 176, 180
1120974.3.peg.1937.site.26, 56, 177, 233
1120974.3.peg.1937.site.27, 54, 187, 241
1120974.3.peg.1937.site.28, 57, 188, 245
1120974.3.peg.1937.site.29, 5, 209, 214
1120974.3.peg.1937.site.30, 5, 212, 217
1120974.3.peg.1937.site.31, 70, 208, 278
1120974.3.peg.1937.site.32, 36, 213, 249
1120974.3.peg.1937.site.33, 120, 207, 327
1120974.3.peg.1937.site.34, 7, 214, 221
1120974.3.peg.1937.site.35, 8, 215, 223
1120974.3.peg.1937.site.36, 8, 215, 223
1120974.3.peg.1937.site.37, 4, 216, 220
1120974.3.peg.1937.site.38, 0, 215, 215
1120974.3.peg.1937.site.39, 72, 212, 284
1120974.3.peg.1684.site.1, 1, 214, 215
1120974.3.peg.1684.site.2, 116, 206, 322
1120974.3.peg.1684.site.3, 196, 216, 412
1120974.3.peg.1684.site.4, 3, 216, 219
1120974.3.peg.1684.site.5, 195, 213, 408
1120974.3.peg.1684.site.6, 120, 210, 330
1120974.3.peg.1684.site.7, 71, 211, 282
1120974.3.peg.1684.site.8, 117, 211, 328
1120974.3.peg.1684.site.9, 195, 214, 409
1120974.3.peg.1684.site.10, 1, 215, 216
1120974.3.peg.1684.site.11, 110, 206, 316
1120974.3.peg.1684.site.12, 196, 214, 410
1120974.3.peg.1684.site.13, 195, 213, 408
1120974.3.peg.1684.site.14, 196, 214, 410
1120974.3.peg.1684.site.15, 196, 214, 410
1120974.3.peg.1684.site.16, 195, 214, 409
1120974.3.peg.1684.site.17, 192, 211, 403
1120974.3.peg.1685.site.1, 9, 113, 122
1120974.3.peg.1685.site.2, 52, 85, 137
1120974.3.peg.1685.site.3, 4, 49, 53
1120974.3.peg.1685.site.4, 4, 66, 70
1120974.3.peg.1685.site.5, 117, 208, 325
1120974.3.peg.679.site.1, 134, 214, 348
1120974.3.peg.679.site.2, 121, 205, 326
1120974.3.peg.679.site.3, 0, 215, 215
1120974.3.peg.679.site.4, 25, 213, 238
1120974.3.peg.679.site.5, 0, 196, 196
1120974.3.peg.679.site.6, 3, 203, 206
1120974.3.peg.679.site.7, 4, 206, 210
1120974.3.peg.679.site.8, 5, 201, 206
1120974.3.peg.679.site.9, 189, 214, 403
1120974.3.peg.679.site.10, 26, 212, 238
1120974.3.peg.679.site.11, 25, 207, 232
1120974.3.peg.679.site.12, 5, 206, 211
1120974.3.peg.679.site.13, 27, 101, 128
1120974.3.peg.679.site.14, 8, 81, 89
1120974.3.peg.678.site.1, 138, 211, 349
1120974.3.peg.678.site.2, 0, 215, 215
1120974.3.peg.678.site.3, 142, 212, 354
1120974.3.peg.678.site.4, 1, 213, 214
1120974.3.peg.678.site.5, 0, 199, 199
1120974.3.peg.678.site.6, 1, 197, 198
1120974.3.peg.678.site.7, 6, 197, 203
1120974.3.peg.678.site.8, 147, 213, 360
1120974.3.peg.678.site.9, 12, 216, 228
1120974.3.peg.678.site.10, 1, 214, 215
1120974.3.peg.678.site.11, 1, 215, 216
1120974.3.peg.678.site.12, 38, 214, 252
1120974.3.peg.1686.site.1, 5, 216, 221
1120974.3.peg.1686.site.2, 52, 212, 264
1120974.3.peg.1686.site.3, 4, 216, 220
1120974.3.peg.1686.site.4, 4, 216, 220
1120974.3.peg.1686.site.5, 172, 211, 383
1120974.3.peg.1686.site.6, 17, 215, 232
1120974.3.peg.1686.site.7, 160, 202, 362
1120974.3.peg.1686.site.8, 143, 185, 328
1120974.3.peg.1686.site.9, 2, 214, 216
1120974.3.peg.1686.site.10, 4, 212, 216
1120974.3.peg.1686.site.11, 1, 214, 215
1120974.3.peg.1686.site.12, 0, 212, 212
1120974.3.peg.1686.site.13, 10, 215, 225
1120974.3.peg.1686.site.14, 169, 211, 380
1120974.3.peg.1686.site.15, 170, 212, 382
1120974.3.peg.1686.site.16, 44, 214, 258
1120974.3.peg.1686.site.17, 166, 208, 374
1120974.3.peg.1686.site.18, 0, 194, 194
1120974.3.peg.1686.site.19, 130, 174, 304
1120974.3.peg.1686.site.20, 7, 174, 181
1120974.3.peg.1686.site.21, 165, 204, 369
1120974.3.peg.1686.site.22, 0, 215, 215
1120974.3.peg.1686.site.23, 47, 210, 257
1120974.3.peg.1686.site.24, 0, 216, 216
1120974.3.peg.1686.site.25, 4, 215, 219
1120974.3.peg.1686.site.26, 8, 216, 224
1120974.3.peg.1686.site.27, 175, 215, 390
1120974.3.peg.1686.site.28, 114, 210, 324
1120974.3.peg.1686.site.29, 0, 215, 215
1120974.3.peg.1686.site.30, 3, 215, 218
1120974.3.peg.1686.site.31, 110, 209, 319
1120974.3.peg.1686.site.32, 100, 204, 304
1120974.3.peg.1686.site.33, 101, 206, 307
1120974.3.peg.1686.site.34, 3, 210, 213
1120974.3.peg.1686.site.35, 0, 211, 211
1120974.3.peg.1686.site.36, 111, 204, 315
1120974.3.peg.1686.site.37, 131, 181, 312
1120974.3.peg.1686.site.38, 24, 186, 210
1120974.3.peg.1686.site.39, 150, 191, 341
1120974.3.peg.1686.site.40, 146, 192, 338
1120974.3.peg.1686.site.41, 6, 210, 216
1120974.3.peg.1686.site.42, 186, 214, 400
1120974.3.peg.1686.site.43, 6, 216, 222
1120974.3.peg.1686.site.44, 0, 216, 216
1120974.3.peg.1686.site.45, 7, 193, 200
1120974.3.peg.1686.site.46, 149, 161, 310
1120974.3.peg.1686.site.47, 85, 132, 217
1120974.3.peg.1686.site.48, 1, 122, 123
1120974.3.peg.1686.site.49, 33, 90, 123
1120974.3.peg.1686.site.50, 8, 58, 66
1120974.3.peg.1686.site.51, 23, 72, 95
1120974.3.peg.1686.site.52, 75, 117, 192
1120974.3.peg.1686.site.53, 183, 183, 366
1120974.3.peg.673.site.1, 1, 214, 215
1120974.3.peg.673.site.2, 9, 214, 223
1120974.3.peg.673.site.3, 5, 214, 219
1120974.3.peg.673.site.4, 120, 204, 324
1120974.3.peg.673.site.5, 11, 208, 219
1120974.3.peg.673.site.6, 74, 185, 259
1120974.3.peg.673.site.7, 68, 179, 247
1120974.3.peg.673.site.8, 45, 158, 203
1120974.3.peg.673.site.9, 59, 139, 198
1120974.3.peg.673.site.10, 26, 141, 167
1120974.3.peg.673.site.11, 61, 177, 238
1120974.3.peg.673.site.12, 76, 192, 268
1120974.3.peg.673.site.13, 0, 179, 179
1120974.3.peg.673.site.14, 27, 136, 163
1120974.3.peg.673.site.15, 4, 193, 197
1120974.3.peg.673.site.16, 94, 209, 303
1120974.3.peg.673.site.17, 93, 206, 299
1120974.3.peg.673.site.18, 30, 216, 246
1120974.3.peg.673.site.19, 9, 215, 224
1120974.3.peg.673.site.20, 8, 215, 223
1120974.3.peg.673.site.21, 1, 214, 215
1120974.3.peg.673.site.22, 0, 215, 215
1120974.3.peg.673.site.23, 1, 116, 117
1120974.3.peg.672.site.1, 0, 215, 215
1120974.3.peg.672.site.2, 170, 216, 386
1120974.3.peg.672.site.3, 0, 215, 215
1120974.3.peg.672.site.4, 104, 210, 314
1120974.3.peg.672.site.5, 13, 216, 229
1120974.3.peg.672.site.6, 13, 215, 228
1120974.3.peg.672.site.7, 0, 215, 215
1120974.3.peg.672.site.8, 26, 215, 241
1120974.3.peg.672.site.9, 0, 212, 212
1120974.3.peg.672.site.10, 0, 210, 210
1120974.3.peg.672.site.11, 0, 215, 215
1120974.3.peg.672.site.12, 0, 204, 204
1120974.3.peg.672.site.13, 28, 212, 240
1120974.3.peg.672.site.14, 0, 213, 213
1120974.3.peg.672.site.15, 0, 213, 213
1120974.3.peg.672.site.16, 94, 194, 288
1120974.3.peg.672.site.17, 94, 196, 290
1120974.3.peg.672.site.18, 0, 211, 211
1120974.3.peg.672.site.19, 151, 203, 354
1120974.3.peg.672.site.20, 158, 206, 364
1120974.3.peg.672.site.21, 95, 206, 301
1120974.3.peg.672.site.22, 96, 206, 302
1120974.3.peg.672.site.23, 1, 212, 213
1120974.3.peg.672.site.24, 102, 212, 314
1120974.3.peg.672.site.25, 130, 212, 342
1120974.3.peg.672.site.26, 23, 212, 235
1120974.3.peg.672.site.27, 102, 210, 312
1120974.3.peg.672.site.28, 95, 204, 299
1120974.3.peg.672.site.29, 0, 207, 207
1120974.3.peg.672.site.30, 143, 205, 348
1120974.3.peg.672.site.31, 0, 208, 208
1120974.3.peg.670.site.1, 50, 209, 259
1120974.3.peg.670.site.2, 52, 211, 263
1120974.3.peg.670.site.3, 12, 210, 222
1120974.3.peg.670.site.4, 12, 210, 222
1120974.3.peg.670.site.5, 55, 208, 263
1120974.3.peg.670.site.6, 52, 207, 259
1120974.3.peg.670.site.7, 62, 207, 269
1120974.3.peg.670.site.8, 1, 210, 211
1120974.3.peg.670.site.9, 2, 215, 217
1120974.3.peg.670.site.10, 56, 214, 270
1120974.3.peg.670.site.11, 57, 210, 267
1120974.3.peg.670.site.12, 57, 210, 267
1120974.3.peg.670.site.13, 3, 212, 215
1120974.3.peg.670.site.14, 3, 214, 217
1120974.3.peg.670.site.15, 0, 216, 216
1120974.3.peg.670.site.16, 0, 216, 216
1120974.3.peg.670.site.17, 0, 215, 215
1120974.3.peg.670.site.18, 216, 216, 432
1120974.3.peg.670.site.19, 216, 216, 432
1120974.3.peg.677.site.1, 132, 213, 345
1120974.3.peg.677.site.2, 26, 211, 237
1120974.3.peg.677.site.3, 26, 213, 239
1120974.3.peg.677.site.4, 133, 209, 342
1120974.3.peg.677.site.5, 125, 206, 331
1120974.3.peg.677.site.6, 140, 210, 350
1120974.3.peg.677.site.7, 143, 213, 356
1120974.3.peg.677.site.8, 143, 213, 356
1120974.3.peg.677.site.9, 12, 216, 228
1120974.3.peg.676.site.1, 0, 196, 196
1120974.3.peg.676.site.2, 0, 171, 171
1120974.3.peg.676.site.3, 13, 214, 227
1120974.3.peg.676.site.4, 19, 214, 233
1120974.3.peg.676.site.5, 140, 213, 353
1120974.3.peg.676.site.6, 3, 215, 218
1120974.3.peg.676.site.7, 139, 212, 351
1120974.3.peg.676.site.8, 157, 213, 370
1120974.3.peg.676.site.9, 143, 212, 355
1120974.3.peg.676.site.10, 16, 125, 141
1120974.3.peg.676.site.11, 8, 81, 89
1120974.3.peg.676.site.12, 31, 104, 135
1120974.3.peg.676.site.13, 61, 135, 196
1120974.3.peg.676.site.14, 115, 188, 303
1120974.3.peg.676.site.15, 164, 208, 372
1120974.3.peg.676.site.16, 188, 214, 402
1120974.3.peg.676.site.17, 139, 212, 351
1120974.3.peg.676.site.18, 50, 124, 174
1120974.3.peg.676.site.19, 128, 186, 314
1120974.3.peg.676.site.20, 138, 212, 350
1120974.3.peg.676.site.21, 11, 213, 224
1120974.3.peg.676.site.22, 132, 208, 340
1120974.3.peg.676.site.23, 24, 211, 235
1120974.3.peg.676.site.24, 125, 197, 322
1120974.3.peg.676.site.25, 0, 215, 215
1120974.3.peg.674.site.1, 25, 133, 158
1120974.3.peg.674.site.2, 8, 174, 182
1120974.3.peg.674.site.3, 8, 212, 220
1120974.3.peg.674.site.4, 46, 215, 261
1120974.3.peg.674.site.5, 100, 210, 310
1120974.3.peg.674.site.6, 8, 215, 223
1120974.3.peg.674.site.7, 23, 215, 238
1120974.3.peg.674.site.8, 0, 214, 214
1120974.3.peg.674.site.9, 2, 213, 215
1120974.3.peg.674.site.10, 0, 212, 212
1120974.3.peg.674.site.11, 13, 213, 226
1120974.3.peg.674.site.12, 0, 216, 216
1120974.3.peg.674.site.13, 1, 215, 216
1120974.3.peg.674.site.14, 0, 215, 215
1120974.3.peg.674.site.15, 140, 211, 351
1120974.3.peg.674.site.16, 141, 210, 351
1120974.3.peg.674.site.17, 138, 210, 348
1120974.3.peg.674.site.18, 23, 215, 238
1120974.3.peg.674.site.19, 201, 213, 414
1120974.3.peg.674.site.20, 0, 212, 212
1120974.3.peg.674.site.21, 139, 211, 350
1120974.3.peg.674.site.22, 136, 209, 345
1120974.3.peg.674.site.23, 137, 210, 347
1120974.3.peg.674.site.24, 135, 209, 344
1120974.3.peg.674.site.25, 0, 211, 211
1120974.3.peg.674.site.26, 17, 210, 227
1120974.3.peg.674.site.27, 0, 213, 213
1120974.3.peg.674.site.28, 0, 214, 214
1120974.3.peg.1520.site.1, 41, 215, 256
1120974.3.peg.1520.site.2, 205, 213, 418
1120974.3.peg.1520.site.3, 37, 213, 250
1120974.3.peg.1520.site.4, 0, 209, 209
1120974.3.peg.1520.site.5, 15, 211, 226
1120974.3.peg.1520.site.6, 9, 215, 224
1120974.3.peg.1520.site.7, 1, 216, 217
1120974.3.peg.1520.site.8, 183, 209, 392
1120974.3.peg.1520.site.9, 184, 211, 395
1120974.3.peg.1520.site.10, 183, 209, 392
1120974.3.peg.1520.site.11, 10, 169, 179
1120974.3.peg.1520.site.12, 10, 133, 143
1120974.3.peg.1205.site.1, 90, 211, 301
1120974.3.peg.1205.site.2, 210, 214, 424
1120974.3.peg.1205.site.3, 92, 212, 304
1120974.3.peg.1205.site.4, 2, 216, 218
1120974.3.peg.1205.site.5, 208, 214, 422
1120974.3.peg.1205.site.6, 0, 213, 213
1120974.3.peg.1205.site.7, 93, 207, 300
1120974.3.peg.1205.site.8, 4, 215, 219
1120974.3.peg.1205.site.9, 93, 209, 302
1120974.3.peg.1205.site.10, 215, 215, 430
1120974.3.peg.1205.site.11, 93, 209, 302
1120974.3.peg.1205.site.12, 4, 216, 220
1120974.3.peg.1205.site.13, 2, 216, 218
1120974.3.peg.1205.site.14, 1, 216, 217
1120974.3.peg.1205.site.15, 215, 215, 430
1120974.3.peg.1205.site.16, 1, 215, 216
1120974.3.peg.1205.site.17, 215, 215, 430
1120974.3.peg.1205.site.18, 91, 209, 300
1120974.3.peg.1205.site.19, 116, 213, 329
1120974.3.peg.1205.site.20, 115, 210, 325
1120974.3.peg.1205.site.21, 211, 215, 426
1120974.3.peg.1205.site.22, 0, 215, 215
1120974.3.peg.1205.site.23, 93, 210, 303
1120974.3.peg.1205.site.24, 118, 210, 328
1120974.3.peg.1205.site.25, 4, 215, 219
1120974.3.peg.1205.site.26, 41, 214, 255
1120974.3.peg.1205.site.27, 0, 215, 215
1120974.3.peg.1205.site.28, 0, 214, 214
1120974.3.peg.1205.site.29, 0, 215, 215
1120974.3.peg.1205.site.30, 0, 215, 215
1120974.3.peg.1205.site.31, 4, 216, 220
1120974.3.peg.1205.site.32, 4, 216, 220
1120974.3.peg.1205.site.33, 4, 213, 217
1120974.3.peg.1205.site.34, 4, 212, 216
1120974.3.peg.693.site.1, 0, 210, 210
1120974.3.peg.693.site.2, 111, 207, 318
1120974.3.peg.693.site.3, 191, 215, 406
1120974.3.peg.693.site.4, 110, 208, 318
1120974.3.peg.693.site.5, 112, 210, 322
1120974.3.peg.693.site.6, 0, 215, 215
1120974.3.peg.693.site.7, 36, 213, 249
1120974.3.peg.693.site.8, 45, 212, 257
1120974.3.peg.693.site.9, 101, 200, 301
1120974.3.peg.693.site.10, 4, 206, 210
1120974.3.peg.693.site.11, 7, 211, 218
1120974.3.peg.693.site.12, 9, 213, 222
1120974.3.peg.693.site.13, 139, 212, 351
1120974.3.peg.693.site.14, 19, 215, 234
1120974.3.peg.693.site.15, 165, 211, 376
1120974.3.peg.693.site.16, 10, 213, 223
1120974.3.peg.693.site.17, 196, 214, 410
1120974.3.peg.693.site.18, 10, 214, 224
1120974.3.peg.693.site.19, 0, 215, 215
1120974.3.peg.693.site.20, 7, 184, 191
1120974.3.peg.693.site.21, 5, 187, 192
1120974.3.peg.693.site.22, 5, 184, 189
1120974.3.peg.693.site.23, 4, 191, 195
1120974.3.peg.693.site.24, 3, 189, 192
1120974.3.peg.693.site.25, 185, 200, 385
1120974.3.peg.693.site.26, 12, 193, 205
1120974.3.peg.693.site.27, 8, 204, 212
1120974.3.peg.693.site.28, 27, 185, 212
1120974.3.peg.693.site.29, 8, 194, 202
1120974.3.peg.693.site.30, 0, 197, 197
1120974.3.peg.693.site.31, 1, 199, 200
1120974.3.peg.693.site.32, 1, 201, 202
1120974.3.peg.693.site.33, 3, 196, 199
1120974.3.peg.693.site.34, 18, 202, 220
1120974.3.peg.693.site.35, 9, 206, 215
1120974.3.peg.693.site.36, 6, 210, 216
1120974.3.peg.693.site.37, 8, 210, 218
1120974.3.peg.693.site.38, 0, 216, 216
1120974.3.peg.692.site.1, 69, 214, 283
1120974.3.peg.692.site.2, 175, 215, 390
1120974.3.peg.692.site.3, 0, 203, 203
1120974.3.peg.692.site.4, 55, 196, 251
1120974.3.peg.692.site.5, 188, 203, 391
1120974.3.peg.692.site.6, 39, 200, 239
1120974.3.peg.692.site.7, 43, 206, 249
1120974.3.peg.692.site.8, 0, 213, 213
1120974.3.peg.692.site.9, 48, 211, 259
1120974.3.peg.692.site.10, 0, 216, 216
1120974.3.peg.692.site.11, 2, 216, 218
1120974.3.peg.692.site.12, 200, 215, 415
1120974.3.peg.692.site.13, 201, 213, 414
1120974.3.peg.692.site.14, 1, 213, 214
1120974.3.peg.692.site.15, 10, 216, 226
1120974.3.peg.695.site.1, 4, 215, 219
1120974.3.peg.695.site.2, 0, 216, 216
1120974.3.peg.695.site.3, 0, 216, 216
1120974.3.peg.695.site.4, 0, 216, 216
1120974.3.peg.695.site.5, 0, 216, 216
1120974.3.peg.695.site.6, 216, 216, 432
1120974.3.peg.695.site.7, 64, 209, 273
1120974.3.peg.695.site.8, 80, 211, 291
1120974.3.peg.695.site.9, 98, 208, 306
1120974.3.peg.695.site.10, 6, 215, 221
1120974.3.peg.695.site.11, 78, 209, 287
1120974.3.peg.695.site.12, 77, 209, 286
1120974.3.peg.695.site.13, 76, 208, 284
1120974.3.peg.695.site.14, 34, 215, 249
1120974.3.peg.695.site.15, 170, 214, 384
1120974.3.peg.695.site.16, 0, 214, 214
1120974.3.peg.695.site.17, 149, 210, 359
1120974.3.peg.695.site.18, 64, 209, 273
1120974.3.peg.695.site.19, 152, 214, 366
1120974.3.peg.695.site.20, 0, 213, 213
1120974.3.peg.695.site.21, 36, 213, 249
1120974.3.peg.695.site.22, 111, 211, 322
1120974.3.peg.695.site.23, 83, 210, 293
1120974.3.peg.695.site.24, 63, 208, 271
1120974.3.peg.695.site.25, 4, 216, 220
1120974.3.peg.695.site.26, 65, 210, 275
1120974.3.peg.695.site.27, 188, 212, 400
1120974.3.peg.695.site.28, 86, 203, 289
1120974.3.peg.695.site.29, 86, 201, 287
1120974.3.peg.695.site.30, 91, 202, 293
1120974.3.peg.695.site.31, 78, 207, 285
1120974.3.peg.695.site.32, 82, 207, 289
1120974.3.peg.695.site.33, 0, 215, 215
1120974.3.peg.695.site.34, 1, 215, 216
1120974.3.peg.695.site.35, 0, 216, 216
1120974.3.peg.694.site.1, 0, 216, 216
1120974.3.peg.694.site.2, 28, 213, 241
1120974.3.peg.694.site.3, 0, 215, 215
1120974.3.peg.694.site.4, 157, 215, 372
1120974.3.peg.694.site.5, 140, 212, 352
1120974.3.peg.694.site.6, 24, 214, 238
1120974.3.peg.694.site.7, 25, 215, 240
1120974.3.peg.694.site.8, 2, 216, 218
1120974.3.peg.694.site.9, 2, 215, 217
1120974.3.peg.694.site.10, 65, 210, 275
1120974.3.peg.694.site.11, 36, 213, 249
1120974.3.peg.694.site.12, 0, 215, 215
1120974.3.peg.694.site.13, 6, 214, 220
1120974.3.peg.694.site.14, 66, 209, 275
1120974.3.peg.694.site.15, 2, 213, 215
1120974.3.peg.694.site.16, 96, 210, 306
1120974.3.peg.697.site.1, 8, 211, 219
1120974.3.peg.697.site.2, 0, 214, 214
1120974.3.peg.697.site.3, 55, 213, 268
1120974.3.peg.697.site.4, 0, 215, 215
1120974.3.peg.697.site.5, 149, 211, 360
1120974.3.peg.697.site.6, 150, 211, 361
1120974.3.peg.697.site.7, 0, 215, 215
1120974.3.peg.697.site.8, 216, 216, 432
1120974.3.peg.697.site.9, 46, 212, 258
1120974.3.peg.697.site.10, 87, 214, 301
1120974.3.peg.697.site.11, 87, 214, 301
1120974.3.peg.697.site.12, 0, 215, 215
1120974.3.peg.697.site.13, 1, 215, 216
1120974.3.peg.697.site.14, 149, 211, 360
1120974.3.peg.697.site.15, 61, 206, 267
1120974.3.peg.697.site.16, 0, 207, 207
1120974.3.peg.697.site.17, 0, 202, 202
1120974.3.peg.697.site.18, 0, 209, 209
1120974.3.peg.697.site.19, 210, 210, 420
1120974.3.peg.697.site.20, 214, 214, 428
1120974.3.peg.697.site.21, 0, 214, 214
1120974.3.peg.697.site.22, 57, 211, 268
1120974.3.peg.697.site.23, 0, 216, 216
1120974.3.peg.696.site.1, 214, 214, 428
1120974.3.peg.696.site.2, 0, 216, 216
1120974.3.peg.696.site.3, 13, 215, 228
1120974.3.peg.696.site.4, 25, 216, 241
1120974.3.peg.696.site.5, 78, 212, 290
1120974.3.peg.696.site.6, 144, 211, 355
1120974.3.peg.696.site.7, 145, 212, 357
1120974.3.peg.696.site.8, 145, 212, 357
1120974.3.peg.696.site.9, 145, 212, 357
1120974.3.peg.696.site.10, 145, 212, 357
1120974.3.peg.696.site.11, 0, 215, 215
1120974.3.peg.696.site.12, 24, 213, 237
1120974.3.peg.696.site.13, 4, 214, 218
1120974.3.peg.696.site.14, 28, 212, 240
1120974.3.peg.696.site.15, 1, 214, 215
1120974.3.peg.699.site.1, 172, 213, 385
1120974.3.peg.699.site.2, 214, 214, 428
1120974.3.peg.699.site.3, 10, 212, 222
1120974.3.peg.699.site.4, 46, 213, 259
1120974.3.peg.699.site.5, 0, 216, 216
1120974.3.peg.699.site.6, 0, 215, 215
1120974.3.peg.699.site.7, 112, 210, 322
1120974.3.peg.699.site.8, 110, 211, 321
1120974.3.peg.699.site.9, 11, 214, 225
1120974.3.peg.699.site.10, 8, 215, 223
1120974.3.peg.699.site.11, 9, 214, 223
1120974.3.peg.698.site.1, 149, 212, 361
1120974.3.peg.698.site.2, 142, 210, 352
1120974.3.peg.698.site.3, 138, 198, 336
1120974.3.peg.698.site.4, 9, 202, 211
1120974.3.peg.698.site.5, 127, 194, 321
1120974.3.peg.698.site.6, 132, 195, 327
1120974.3.peg.698.site.7, 4, 202, 206
1120974.3.peg.698.site.8, 200, 200, 400
1120974.3.peg.698.site.9, 0, 212, 212
1120974.3.peg.698.site.10, 103, 207, 310
1120974.3.peg.698.site.11, 0, 215, 215
1120974.3.peg.698.site.12, 1, 214, 215
1120974.3.peg.698.site.13, 159, 213, 372
1120974.3.peg.698.site.14, 0, 216, 216
1120974.3.peg.698.site.15, 107, 213, 320
1120974.3.peg.453.site.1, 1, 216, 217
1120974.3.peg.453.site.2, 3, 207, 210
1120974.3.peg.453.site.3, 131, 138, 269
1120974.3.peg.453.site.4, 77, 108, 185
1120974.3.peg.453.site.5, 86, 109, 195
1120974.3.peg.453.site.6, 59, 81, 140
1120974.3.peg.453.site.7, 6, 160, 166
1120974.3.peg.453.site.8, 7, 161, 168
1120974.3.peg.453.site.9, 5, 206, 211
1120974.3.peg.453.site.10, 2, 211, 213
1120974.3.peg.453.site.11, 15, 212, 227
1120974.3.peg.453.site.12, 121, 169, 290
1120974.3.peg.453.site.13, 43, 59, 102
1120974.3.peg.453.site.14, 7, 31, 38
1120974.3.peg.453.site.15, 5, 19, 24
1120974.3.peg.453.site.16, 8, 13, 21
1120974.3.peg.453.site.17, 1, 13, 14
1120974.3.peg.453.site.18, 8, 16, 24
1120974.3.peg.453.site.19, 0, 18, 18
1120974.3.peg.453.site.20, 7, 16, 23
1120974.3.peg.453.site.21, 1, 16, 17
1120974.3.peg.453.site.22, 2, 14, 16
1120974.3.peg.453.site.23, 3, 14, 17
1120974.3.peg.453.site.24, 6, 16, 22
1120974.3.peg.453.site.25, 1, 20, 21
1120974.3.peg.453.site.26, 5, 26, 31
1120974.3.peg.453.site.27, 6, 28, 34
1120974.3.peg.453.site.28, 12, 34, 46
1120974.3.peg.452.site.1, 15, 211, 226
1120974.3.peg.452.site.2, 182, 212, 394
1120974.3.peg.452.site.3, 16, 208, 224
1120974.3.peg.452.site.4, 162, 197, 359
1120974.3.peg.452.site.5, 10, 171, 181
1120974.3.peg.452.site.6, 78, 106, 184
1120974.3.peg.452.site.7, 51, 70, 121
1120974.3.peg.452.site.8, 4, 40, 44
1120974.3.peg.452.site.9, 7, 27, 34
1120974.3.peg.452.site.10, 3, 23, 26
1120974.3.peg.452.site.11, 67, 135, 202
1120974.3.peg.452.site.12, 0, 204, 204
1120974.3.peg.452.site.13, 69, 198, 267
1120974.3.peg.452.site.14, 0, 213, 213
1120974.3.peg.452.site.15, 192, 209, 401
1120974.3.peg.452.site.16, 39, 176, 215
1120974.3.peg.452.site.17, 195, 212, 407
1120974.3.peg.452.site.18, 135, 210, 345
1120974.3.peg.452.site.19, 1, 213, 214
1120974.3.peg.452.site.20, 73, 81, 154
1120974.3.peg.452.site.21, 11, 36, 47
1120974.3.peg.451.site.1, 3, 216, 219
1120974.3.peg.451.site.2, 12, 208, 220
1120974.3.peg.451.site.3, 7, 202, 209
1120974.3.peg.451.site.4, 5, 199, 204
1120974.3.peg.451.site.5, 5, 198, 203
1120974.3.peg.451.site.6, 3, 211, 214
1120974.3.peg.451.site.7, 200, 206, 406
1120974.3.peg.451.site.8, 12, 210, 222
1120974.3.peg.451.site.9, 5, 214, 219
1120974.3.peg.451.site.10, 11, 210, 221
1120974.3.peg.451.site.11, 17, 210, 227
1120974.3.peg.451.site.12, 21, 207, 228
1120974.3.peg.451.site.13, 12, 211, 223
1120974.3.peg.451.site.14, 174, 208, 382
1120974.3.peg.451.site.15, 15, 200, 215
1120974.3.peg.451.site.16, 17, 204, 221
1120974.3.peg.451.site.17, 11, 211, 222
1120974.3.peg.451.site.18, 208, 216, 424
1120974.3.peg.451.site.19, 0, 186, 186
1120974.3.peg.451.site.20, 0, 200, 200
1120974.3.peg.451.site.21, 1, 206, 207
1120974.3.peg.451.site.22, 14, 204, 218
1120974.3.peg.450.site.1, 16, 38, 54
1120974.3.peg.450.site.2, 4, 27, 31
1120974.3.peg.450.site.3, 19, 42, 61
1120974.3.peg.450.site.4, 1, 148, 149
1120974.3.peg.450.site.5, 94, 170, 264
1120974.3.peg.450.site.6, 166, 189, 355
1120974.3.peg.450.site.7, 150, 172, 322
1120974.3.peg.450.site.8, 0, 194, 194
1120974.3.peg.450.site.9, 86, 156, 242
1120974.3.peg.450.site.10, 0, 187, 187
1120974.3.peg.450.site.11, 188, 210, 398
1120974.3.peg.450.site.12, 0, 211, 211
1120974.3.peg.450.site.13, 44, 206, 250
1120974.3.peg.450.site.14, 43, 204, 247
1120974.3.peg.450.site.15, 39, 208, 247
1120974.3.peg.450.site.16, 188, 210, 398
1120974.3.peg.450.site.17, 1, 214, 215
1120974.3.peg.450.site.18, 42, 213, 255
1120974.3.peg.450.site.19, 40, 209, 249
1120974.3.peg.450.site.20, 133, 178, 311
1120974.3.peg.450.site.21, 16, 182, 198
1120974.3.peg.450.site.22, 189, 189, 378
1120974.3.peg.450.site.23, 3, 28, 31
1120974.3.peg.450.site.24, 22, 31, 53
1120974.3.peg.450.site.25, 16, 41, 57
1120974.3.peg.450.site.26, 11, 90, 101
1120974.3.peg.450.site.27, 15, 40, 55
1120974.3.peg.450.site.28, 4, 29, 33
1120974.3.peg.450.site.29, 4, 29, 33
1120974.3.peg.450.site.30, 11, 34, 45
1120974.3.peg.450.site.31, 6, 32, 38
1120974.3.peg.450.site.32, 7, 33, 40
1120974.3.peg.450.site.33, 0, 138, 138
1120974.3.peg.450.site.34, 58, 131, 189
1120974.3.peg.450.site.35, 2, 148, 150
1120974.3.peg.450.site.36, 1, 148, 149
1120974.3.peg.450.site.37, 30, 105, 135
1120974.3.peg.450.site.38, 0, 56, 56
1120974.3.peg.450.site.39, 6, 40, 46
1120974.3.peg.450.site.40, 8, 38, 46
1120974.3.peg.450.site.41, 7, 38, 45
1120974.3.peg.450.site.42, 1, 38, 39
1120974.3.peg.450.site.43, 15, 51, 66
1120974.3.peg.450.site.44, 91, 113, 204
1120974.3.peg.450.site.45, 68, 112, 180
1120974.3.peg.450.site.46, 6, 88, 94
1120974.3.peg.450.site.47, 24, 191, 215
1120974.3.peg.450.site.48, 36, 200, 236
1120974.3.peg.450.site.49, 0, 207, 207
1120974.3.peg.450.site.50, 0, 208, 208
1120974.3.peg.450.site.51, 5, 207, 212
1120974.3.peg.450.site.52, 0, 213, 213
1120974.3.peg.454.site.1, 16, 215, 231
1120974.3.peg.454.site.2, 2, 215, 217
1120974.3.peg.454.site.3, 0, 215, 215
1120974.3.peg.454.site.4, 26, 214, 240
1120974.3.peg.454.site.5, 0, 215, 215
1120974.3.peg.454.site.6, 26, 215, 241
1120974.3.peg.454.site.7, 5, 215, 220
1120974.3.peg.454.site.8, 206, 213, 419
1120974.3.peg.454.site.9, 7, 215, 222
1120974.3.peg.454.site.10, 3, 216, 219
1120974.3.peg.454.site.11, 2, 216, 218
1120974.3.peg.454.site.12, 13, 191, 204
1120974.3.peg.454.site.13, 7, 187, 194
1120974.3.peg.454.site.14, 1, 182, 183
1120974.3.peg.454.site.15, 0, 213, 213
1120974.3.peg.454.site.16, 0, 214, 214
1120974.3.peg.454.site.17, 1, 216, 217
1120974.3.peg.454.site.18, 153, 207, 360
1120974.3.peg.454.site.19, 1, 199, 200
1120974.3.peg.454.site.20, 178, 191, 369
1120974.3.peg.454.site.21, 1, 165, 166
1120974.3.peg.454.site.22, 0, 176, 176
1120974.3.peg.454.site.23, 21, 193, 214
1120974.3.peg.454.site.24, 38, 204, 242
1120974.3.peg.454.site.25, 3, 188, 191
1120974.3.peg.454.site.26, 9, 186, 195
1120974.3.peg.454.site.27, 0, 135, 135
1120974.3.peg.454.site.28, 13, 163, 176
1120974.3.peg.454.site.29, 136, 165, 301
1120974.3.peg.454.site.30, 3, 93, 96
1120974.3.peg.454.site.31, 98, 110, 208
1120974.3.peg.454.site.32, 83, 105, 188
1120974.3.peg.454.site.33, 116, 118, 234
1120974.3.peg.454.site.34, 23, 213, 236
1120974.3.peg.454.site.35, 209, 215, 424
1120974.3.peg.454.site.36, 2, 216, 218
1120974.3.peg.454.site.37, 0, 214, 214
1120974.3.peg.454.site.38, 191, 211, 402
1120974.3.peg.454.site.39, 13, 207, 220
1120974.3.peg.454.site.40, 175, 188, 363
1120974.3.peg.454.site.41, 162, 186, 348
1120974.3.peg.454.site.42, 150, 197, 347
1120974.3.peg.454.site.43, 189, 192, 381
1120974.3.peg.454.site.44, 3, 198, 201
1120974.3.peg.454.site.45, 188, 209, 397
1120974.3.peg.454.site.46, 192, 204, 396
1120974.3.peg.454.site.47, 183, 205, 388
1120974.3.peg.454.site.48, 191, 213, 404
1120974.3.peg.459.site.1, 15, 18, 33
1120974.3.peg.459.site.2, 15, 17, 32
1120974.3.peg.459.site.3, 9, 17, 26
1120974.3.peg.459.site.4, 7, 18, 25
1120974.3.peg.459.site.5, 0, 150, 150
1120974.3.peg.459.site.6, 21, 199, 220
1120974.3.peg.459.site.7, 0, 209, 209
1120974.3.peg.459.site.8, 0, 200, 200
1120974.3.peg.459.site.9, 11, 207, 218
1120974.3.peg.459.site.10, 0, 210, 210
1120974.3.peg.459.site.11, 167, 211, 378
1120974.3.peg.459.site.12, 13, 216, 229
1120974.3.peg.459.site.13, 0, 182, 182
1120974.3.peg.459.site.14, 0, 179, 179
1120974.3.peg.459.site.15, 24, 180, 204
1120974.3.peg.459.site.16, 17, 64, 81
1120974.3.peg.459.site.17, 16, 62, 78
1120974.3.peg.459.site.18, 37, 76, 113
1120974.3.peg.459.site.19, 1, 91, 92
1120974.3.peg.459.site.20, 0, 153, 153
1120974.3.peg.459.site.21, 0, 188, 188
1120974.3.peg.459.site.22, 0, 209, 209
1120974.3.peg.459.site.23, 0, 215, 215
1120974.3.peg.459.site.24, 165, 210, 375
1120974.3.peg.459.site.25, 0, 214, 214
1120974.3.peg.459.site.26, 164, 211, 375
1120974.3.peg.459.site.27, 9, 209, 218
1120974.3.peg.459.site.28, 0, 209, 209
1120974.3.peg.459.site.29, 154, 209, 363
1120974.3.peg.459.site.30, 9, 211, 220
1120974.3.peg.459.site.31, 133, 170, 303
1120974.3.peg.459.site.32, 10, 192, 202
1120974.3.peg.459.site.33, 10, 187, 197
1120974.3.peg.459.site.34, 202, 205, 407
1120974.3.peg.459.site.35, 174, 212, 386
1120974.3.peg.459.site.36, 0, 202, 202
1120974.3.peg.459.site.37, 147, 186, 333
1120974.3.peg.459.site.38, 76, 134, 210
1120974.3.peg.459.site.39, 8, 163, 171
1120974.3.peg.459.site.40, 132, 132, 264
1120974.3.peg.459.site.41, 10, 130, 140
1120974.3.peg.459.site.42, 127, 164, 291
1120974.3.peg.459.site.43, 167, 204, 371
1120974.3.peg.459.site.44, 1, 214, 215
1120974.3.peg.459.site.45, 213, 216, 429
1120974.3.peg.459.site.46, 10, 214, 224
1120974.3.peg.459.site.47, 0, 216, 216
1120974.3.peg.459.site.48, 161, 184, 345
1120974.3.peg.3239.site.1, 35, 214, 249
1120974.3.peg.3239.site.2, 32, 214, 246
1120974.3.peg.3239.site.3, 18, 215, 233
1120974.3.peg.3239.site.4, 0, 215, 215
1120974.3.peg.3239.site.5, 47, 213, 260
1120974.3.peg.3239.site.6, 8, 205, 213
1120974.3.peg.3239.site.7, 17, 183, 200
1120974.3.peg.3239.site.8, 10, 177, 187
1120974.3.peg.3239.site.9, 7, 173, 180
1120974.3.peg.3239.site.10, 2, 179, 181
1120974.3.peg.3239.site.11, 15, 213, 228
1120974.3.peg.3239.site.12, 16, 215, 231
1120974.3.peg.3239.site.13, 10, 212, 222
1120974.3.peg.3239.site.14, 195, 206, 401
1120974.3.peg.3239.site.15, 173, 175, 348
1120974.3.peg.3239.site.16, 55, 65, 120
1120974.3.peg.3239.site.17, 67, 79, 146
1120974.3.peg.3239.site.18, 8, 183, 191
1120974.3.peg.3239.site.19, 1, 212, 213
1120974.3.peg.3239.site.20, 171, 211, 382
1120974.3.peg.3239.site.21, 199, 212, 411
1120974.3.peg.3239.site.22, 192, 205, 397
1120974.3.peg.1113.site.1, 178, 210, 388
1120974.3.peg.527.site.1, 115, 201, 316
1120974.3.peg.527.site.2, 127, 207, 334
1120974.3.peg.527.site.3, 4, 212, 216
1120974.3.peg.527.site.4, 0, 215, 215
1120974.3.peg.527.site.5, 0, 212, 212
1120974.3.peg.527.site.6, 2, 213, 215
1120974.3.peg.527.site.7, 134, 210, 344
1120974.3.peg.527.site.8, 0, 216, 216
1120974.3.peg.527.site.9, 1, 214, 215
1120974.3.peg.527.site.10, 0, 214, 214
1120974.3.peg.527.site.11, 132, 205, 337
1120974.3.peg.527.site.12, 1, 212, 213
1120974.3.peg.527.site.13, 132, 209, 341
1120974.3.peg.527.site.14, 3, 214, 217
1120974.3.peg.527.site.15, 4, 214, 218
1120974.3.peg.527.site.16, 0, 216, 216
1120974.3.peg.527.site.17, 0, 216, 216
1120974.3.peg.527.site.18, 132, 208, 340
1120974.3.peg.527.site.19, 0, 215, 215
1120974.3.peg.527.site.20, 2, 214, 216
1120974.3.peg.527.site.21, 0, 216, 216
1120974.3.peg.527.site.22, 2, 214, 216
1120974.3.peg.527.site.23, 133, 210, 343
1120974.3.peg.527.site.24, 134, 210, 344
1120974.3.peg.527.site.25, 40, 213, 253
1120974.3.peg.527.site.26, 146, 213, 359
1120974.3.peg.527.site.27, 8, 214, 222
1120974.3.peg.527.site.28, 4, 216, 220
1120974.3.peg.527.site.29, 48, 213, 261
1120974.3.peg.527.site.30, 134, 208, 342
1120974.3.peg.527.site.31, 15, 200, 215
1120974.3.peg.527.site.32, 3, 204, 207
1120974.3.peg.527.site.33, 132, 210, 342
1120974.3.peg.527.site.34, 37, 214, 251
1120974.3.peg.527.site.35, 132, 212, 344
1120974.3.peg.527.site.36, 4, 215, 219
1120974.3.peg.527.site.37, 4, 216, 220
1120974.3.peg.527.site.38, 129, 213, 342
1120974.3.peg.527.site.39, 127, 211, 338
1120974.3.peg.527.site.40, 1, 215, 216
1120974.3.peg.527.site.41, 1, 215, 216
1120974.3.peg.527.site.42, 155, 209, 364
1120974.3.peg.527.site.43, 126, 209, 335
1120974.3.peg.527.site.44, 197, 215, 412
1120974.3.peg.527.site.45, 126, 210, 336
1120974.3.peg.527.site.46, 1, 216, 217
1120974.3.peg.527.site.47, 4, 216, 220
1120974.3.peg.527.site.48, 1, 214, 215
1120974.3.peg.527.site.49, 0, 214, 214
1120974.3.peg.527.site.50, 1, 215, 216
1120974.3.peg.527.site.51, 2, 215, 217
1120974.3.peg.527.site.52, 0, 215, 215
1120974.3.peg.527.site.53, 11, 214, 225
1120974.3.peg.527.site.54, 7, 215, 222
1120974.3.peg.527.site.55, 38, 214, 252
1120974.3.peg.527.site.56, 0, 216, 216
1120974.3.peg.527.site.57, 0, 216, 216
1120974.3.peg.527.site.58, 1, 210, 211
1120974.3.peg.527.site.59, 39, 212, 251
1120974.3.peg.527.site.60, 42, 209, 251
1120974.3.peg.527.site.61, 44, 211, 255
1120974.3.peg.527.site.62, 4, 213, 217
1120974.3.peg.527.site.63, 4, 212, 216
1120974.3.peg.527.site.64, 1, 210, 211
1120974.3.peg.527.site.65, 1, 214, 215
1120974.3.peg.527.site.66, 134, 203, 337
1120974.3.peg.527.site.67, 0, 214, 214
1120974.3.peg.527.site.68, 12, 214, 226
1120974.3.peg.527.site.69, 0, 216, 216
1120974.3.peg.527.site.70, 42, 214, 256
1120974.3.peg.527.site.71, 4, 216, 220
1120974.3.peg.527.site.72, 171, 209, 380
1120974.3.peg.527.site.73, 0, 201, 201
1120974.3.peg.527.site.74, 0, 166, 166
1120974.3.peg.527.site.75, 39, 76, 115
1120974.3.peg.527.site.76, 32, 71, 103
1120974.3.peg.527.site.77, 28, 71, 99
1120974.3.peg.526.site.1, 0, 215, 215
1120974.3.peg.526.site.2, 4, 216, 220
1120974.3.peg.526.site.3, 74, 208, 282
1120974.3.peg.526.site.4, 8, 215, 223
1120974.3.peg.526.site.5, 12, 215, 227
1120974.3.peg.526.site.6, 0, 216, 216
1120974.3.peg.526.site.7, 38, 212, 250
1120974.3.peg.526.site.8, 36, 201, 237
1120974.3.peg.526.site.9, 147, 213, 360
1120974.3.peg.526.site.10, 149, 213, 362
1120974.3.peg.526.site.11, 147, 211, 358
1120974.3.peg.526.site.12, 1, 216, 217
1120974.3.peg.526.site.13, 1, 215, 216
1120974.3.peg.526.site.14, 36, 215, 251
1120974.3.peg.526.site.15, 59, 214, 273
1120974.3.peg.526.site.16, 8, 216, 224
1120974.3.peg.526.site.17, 56, 212, 268
1120974.3.peg.526.site.18, 8, 216, 224
1120974.3.peg.526.site.19, 2, 214, 216
1120974.3.peg.526.site.20, 113, 211, 324
1120974.3.peg.526.site.21, 30, 215, 245
1120974.3.peg.526.site.22, 6, 214, 220
1120974.3.peg.526.site.23, 85, 208, 293
1120974.3.peg.526.site.24, 113, 208, 321
1120974.3.peg.526.site.25, 10, 215, 225
1120974.3.peg.526.site.26, 171, 212, 383
1120974.3.peg.526.site.27, 56, 210, 266
1120974.3.peg.526.site.28, 0, 213, 213
1120974.3.peg.526.site.29, 107, 210, 317
1120974.3.peg.526.site.30, 110, 207, 317
1120974.3.peg.526.site.31, 27, 212, 239
1120974.3.peg.526.site.32, 64, 212, 276
1120974.3.peg.526.site.33, 65, 210, 275
1120974.3.peg.526.site.34, 0, 206, 206
1120974.3.peg.526.site.35, 1, 207, 208
1120974.3.peg.525.site.1, 137, 211, 348
1120974.3.peg.525.site.2, 7, 195, 202
1120974.3.peg.525.site.3, 76, 109, 185
1120974.3.peg.525.site.4, 16, 88, 104
1120974.3.peg.525.site.5, 14, 67, 81
1120974.3.peg.525.site.6, 112, 145, 257
1120974.3.peg.525.site.7, 6, 205, 211
1120974.3.peg.525.site.8, 177, 210, 387
1120974.3.peg.525.site.9, 1, 213, 214
1120974.3.peg.525.site.10, 110, 212, 322
1120974.3.peg.525.site.11, 0, 215, 215
1120974.3.peg.525.site.12, 4, 216, 220
1120974.3.peg.525.site.13, 12, 215, 227
1120974.3.peg.525.site.14, 87, 212, 299
1120974.3.peg.525.site.15, 191, 214, 405
1120974.3.peg.525.site.16, 4, 204, 208
1120974.3.peg.525.site.17, 31, 210, 241
1120974.3.peg.525.site.18, 32, 212, 244
1120974.3.peg.525.site.19, 19, 215, 234
1120974.3.peg.525.site.20, 8, 216, 224
1120974.3.peg.525.site.21, 0, 216, 216
1120974.3.peg.525.site.22, 35, 213, 248
1120974.3.peg.525.site.23, 0, 216, 216
1120974.3.peg.525.site.24, 0, 113, 113
1120974.3.peg.525.site.25, 9, 44, 53
1120974.3.peg.525.site.26, 0, 175, 175
1120974.3.peg.525.site.27, 139, 188, 327
1120974.3.peg.524.site.1, 6, 216, 222
1120974.3.peg.524.site.2, 164, 214, 378
1120974.3.peg.524.site.3, 165, 215, 380
1120974.3.peg.524.site.4, 0, 216, 216
1120974.3.peg.524.site.5, 165, 213, 378
1120974.3.peg.524.site.6, 111, 206, 317
1120974.3.peg.524.site.7, 10, 211, 221
1120974.3.peg.524.site.8, 0, 215, 215
1120974.3.peg.524.site.9, 50, 203, 253
1120974.3.peg.524.site.10, 15, 199, 214
1120974.3.peg.524.site.11, 1, 201, 202
1120974.3.peg.524.site.12, 31, 184, 215
1120974.3.peg.524.site.13, 24, 163, 187
1120974.3.peg.524.site.14, 1, 179, 180
1120974.3.peg.524.site.15, 1, 185, 186
1120974.3.peg.524.site.16, 105, 194, 299
1120974.3.peg.524.site.17, 0, 199, 199
1120974.3.peg.524.site.18, 183, 194, 377
1120974.3.peg.524.site.19, 127, 194, 321
1120974.3.peg.524.site.20, 34, 198, 232
1120974.3.peg.524.site.21, 36, 200, 236
1120974.3.peg.524.site.22, 40, 204, 244
1120974.3.peg.524.site.23, 7, 214, 221
1120974.3.peg.524.site.24, 7, 214, 221
1120974.3.peg.524.site.25, 1, 214, 215
1120974.3.peg.1378.site.1, 38, 214, 252
1120974.3.peg.1378.site.2, 1, 213, 214
1120974.3.peg.1378.site.3, 0, 212, 212
1120974.3.peg.1378.site.4, 0, 214, 214
1120974.3.peg.1379.site.1, 0, 215, 215
1120974.3.peg.1379.site.2, 0, 215, 215
1120974.3.peg.1379.site.3, 0, 214, 214
1120974.3.peg.1379.site.4, 70, 213, 283
1120974.3.peg.1379.site.5, 1, 216, 217
1120974.3.peg.1379.site.6, 0, 212, 212
1120974.3.peg.1379.site.7, 67, 206, 273
1120974.3.peg.1379.site.8, 79, 210, 289
1120974.3.peg.1379.site.9, 1, 210, 211
1120974.3.peg.1379.site.10, 0, 210, 210
1120974.3.peg.1379.site.11, 3, 207, 210
1120974.3.peg.1379.site.12, 0, 169, 169
1120974.3.peg.1379.site.13, 0, 190, 190
1120974.3.peg.1379.site.14, 0, 211, 211
1120974.3.peg.1379.site.15, 0, 214, 214
1120974.3.peg.1379.site.16, 1, 213, 214
1120974.3.peg.520.site.1, 58, 160, 218
1120974.3.peg.520.site.2, 0, 114, 114
1120974.3.peg.520.site.3, 37, 142, 179
1120974.3.peg.520.site.4, 78, 182, 260
1120974.3.peg.520.site.5, 2, 216, 218
1120974.3.peg.520.site.6, 107, 212, 319
1120974.3.peg.520.site.7, 80, 181, 261
1120974.3.peg.520.site.8, 142, 178, 320
1120974.3.peg.520.site.9, 55, 156, 211
1120974.3.peg.520.site.10, 55, 160, 215
1120974.3.peg.520.site.11, 98, 198, 296
1120974.3.peg.520.site.12, 60, 211, 271
1120974.3.peg.520.site.13, 85, 185, 270
1120974.3.peg.520.site.14, 3, 161, 164
1120974.3.peg.520.site.15, 0, 152, 152
1120974.3.peg.520.site.16, 44, 142, 186
1120974.3.peg.520.site.17, 47, 145, 192
1120974.3.peg.520.site.18, 2, 137, 139
1120974.3.peg.520.site.19, 15, 121, 136
1120974.3.peg.520.site.20, 16, 123, 139
1120974.3.peg.520.site.21, 0, 110, 110
1120974.3.peg.520.site.22, 0, 110, 110
1120974.3.peg.520.site.23, 1, 111, 112
1120974.3.peg.520.site.24, 1, 111, 112
1120974.3.peg.520.site.25, 101, 211, 312
1120974.3.peg.520.site.26, 48, 214, 262
1120974.3.peg.1374.site.1, 0, 212, 212
1120974.3.peg.1374.site.2, 210, 210, 420
1120974.3.peg.1374.site.3, 0, 216, 216
1120974.3.peg.1374.site.4, 0, 216, 216
1120974.3.peg.1374.site.5, 0, 214, 214
1120974.3.peg.1374.site.6, 0, 208, 208
1120974.3.peg.1374.site.7, 0, 214, 214
1120974.3.peg.1374.site.8, 44, 210, 254
1120974.3.peg.1374.site.9, 45, 211, 256
1120974.3.peg.1374.site.10, 22, 187, 209
1120974.3.peg.1374.site.11, 0, 199, 199
1120974.3.peg.1374.site.12, 0, 191, 191
1120974.3.peg.1374.site.13, 0, 183, 183
1120974.3.peg.1375.site.1, 1, 126, 127
1120974.3.peg.1375.site.2, 0, 156, 156
1120974.3.peg.1375.site.3, 1, 160, 161
1120974.3.peg.1375.site.4, 2, 161, 163
1120974.3.peg.1375.site.5, 2, 168, 170
1120974.3.peg.1375.site.6, 1, 167, 168
1120974.3.peg.1375.site.7, 0, 174, 174
1120974.3.peg.1375.site.8, 0, 172, 172
1120974.3.peg.1375.site.9, 1, 174, 175
1120974.3.peg.1375.site.10, 1, 173, 174
1120974.3.peg.1375.site.11, 115, 169, 284
1120974.3.peg.1375.site.12, 0, 174, 174
1120974.3.peg.1375.site.13, 0, 172, 172
1120974.3.peg.1370.site.1, 1, 213, 214
1120974.3.peg.1370.site.2, 1, 212, 213
1120974.3.peg.1370.site.3, 1, 212, 213
1120974.3.peg.1370.site.4, 189, 209, 398
1120974.3.peg.1370.site.5, 0, 212, 212
1120974.3.peg.1370.site.6, 1, 213, 214
1120974.3.peg.1370.site.7, 3, 214, 217
1120974.3.peg.1370.site.8, 0, 212, 212
1120974.3.peg.1370.site.9, 18, 216, 234
1120974.3.peg.1370.site.10, 0, 215, 215
1120974.3.peg.1370.site.11, 12, 215, 227
1120974.3.peg.1370.site.12, 4, 216, 220
1120974.3.peg.1370.site.13, 28, 215, 243
1120974.3.peg.1370.site.14, 0, 215, 215
1120974.3.peg.1370.site.15, 4, 215, 219
1120974.3.peg.1370.site.16, 4, 216, 220
1120974.3.peg.1370.site.17, 5, 213, 218
1120974.3.peg.1370.site.18, 1, 213, 214
1120974.3.peg.1370.site.19, 1, 213, 214
1120974.3.peg.1370.site.20, 1, 212, 213
1120974.3.peg.1370.site.21, 29, 215, 244
1120974.3.peg.1370.site.22, 0, 215, 215
1120974.3.peg.1370.site.23, 0, 215, 215
1120974.3.peg.1370.site.24, 215, 216, 431
1120974.3.peg.1370.site.25, 183, 214, 397
1120974.3.peg.1370.site.26, 11, 215, 226
1120974.3.peg.1370.site.27, 32, 215, 247
1120974.3.peg.1370.site.28, 0, 214, 214
1120974.3.peg.1370.site.29, 0, 214, 214
1120974.3.peg.1370.site.30, 1, 215, 216
1120974.3.peg.1370.site.31, 174, 212, 386
1120974.3.peg.1370.site.32, 177, 214, 391
1120974.3.peg.1370.site.33, 176, 214, 390
1120974.3.peg.1371.site.1, 177, 214, 391
1120974.3.peg.1371.site.2, 209, 216, 425
1120974.3.peg.1371.site.3, 7, 216, 223
1120974.3.peg.1371.site.4, 176, 212, 388
1120974.3.peg.1371.site.5, 195, 214, 409
1120974.3.peg.1371.site.6, 4, 216, 220
1120974.3.peg.1371.site.7, 1, 216, 217
1120974.3.peg.1371.site.8, 35, 212, 247
1120974.3.peg.1371.site.9, 15, 215, 230
1120974.3.peg.1371.site.10, 213, 213, 426
1120974.3.peg.1371.site.11, 214, 214, 428
1120974.3.peg.1371.site.12, 1, 213, 214
1120974.3.peg.1371.site.13, 3, 209, 212
1120974.3.peg.1371.site.14, 191, 207, 398
1120974.3.peg.1371.site.15, 191, 208, 399
1120974.3.peg.1371.site.16, 190, 203, 393
1120974.3.peg.529.site.1, 186, 214, 400
1120974.3.peg.529.site.2, 1, 216, 217
1120974.3.peg.529.site.3, 181, 212, 393
1120974.3.peg.529.site.4, 184, 212, 396
1120974.3.peg.529.site.5, 183, 211, 394
1120974.3.peg.529.site.6, 0, 214, 214
1120974.3.peg.529.site.7, 184, 212, 396
1120974.3.peg.529.site.8, 4, 216, 220
1120974.3.peg.528.site.1, 170, 205, 375
1120974.3.peg.528.site.2, 170, 205, 375
1120974.3.peg.528.site.3, 173, 207, 380
1120974.3.peg.528.site.4, 152, 187, 339
1120974.3.peg.1931.site.1, 103, 210, 313
1120974.3.peg.1931.site.2, 103, 211, 314
1120974.3.peg.1931.site.3, 102, 211, 313
1120974.3.peg.1931.site.4, 103, 211, 314
1120974.3.peg.1931.site.5, 102, 210, 312
1120974.3.peg.1931.site.6, 102, 210, 312
1120974.3.peg.1931.site.7, 8, 215, 223
1120974.3.peg.1931.site.8, 0, 214, 214
1120974.3.peg.1931.site.9, 82, 209, 291
1120974.3.peg.1931.site.10, 0, 215, 215
1120974.3.peg.1931.site.11, 214, 214, 428
1120974.3.peg.1931.site.12, 4, 213, 217
1120974.3.peg.1931.site.13, 58, 212, 270
1120974.3.peg.1931.site.14, 2, 216, 218
1120974.3.peg.1931.site.15, 2, 207, 209
1120974.3.peg.1931.site.16, 96, 203, 299
1120974.3.peg.1931.site.17, 3, 216, 219
1120974.3.peg.1931.site.18, 194, 215, 409
1120974.3.peg.1931.site.19, 12, 215, 227
1120974.3.peg.1931.site.20, 3, 215, 218
1120974.3.peg.1931.site.21, 8, 216, 224
1120974.3.peg.1931.site.22, 4, 216, 220
1120974.3.peg.1931.site.23, 0, 214, 214
1120974.3.peg.1931.site.24, 4, 215, 219
1120974.3.peg.1931.site.25, 108, 211, 319
1120974.3.peg.1931.site.26, 3, 210, 213
1120974.3.peg.1931.site.27, 190, 209, 399
1120974.3.peg.1931.site.28, 186, 206, 392
1120974.3.peg.1931.site.29, 200, 211, 411
1120974.3.peg.1931.site.30, 89, 198, 287
1120974.3.peg.1931.site.31, 76, 190, 266
1120974.3.peg.1931.site.32, 85, 206, 291
1120974.3.peg.1931.site.33, 172, 195, 367
1120974.3.peg.1931.site.34, 183, 207, 390
1120974.3.peg.1931.site.35, 183, 206, 389
1120974.3.peg.1931.site.36, 101, 213, 314
1120974.3.peg.1931.site.37, 11, 215, 226
1120974.3.peg.1931.site.38, 101, 214, 315
1120974.3.peg.1931.site.39, 1, 216, 217
1120974.3.peg.1931.site.40, 4, 215, 219
1120974.3.peg.1931.site.41, 0, 212, 212
1120974.3.peg.1931.site.42, 216, 216, 432
1120974.3.peg.1931.site.43, 1, 216, 217
1120974.3.peg.1931.site.44, 208, 216, 424
1120974.3.peg.1931.site.45, 2, 216, 218
1120974.3.peg.1931.site.46, 4, 215, 219
1120974.3.peg.1114.site.1, 181, 210, 391
1120974.3.peg.1114.site.2, 2, 214, 216
1120974.3.peg.1114.site.3, 7, 216, 223
1120974.3.peg.1114.site.4, 0, 213, 213
1120974.3.peg.1114.site.5, 2, 215, 217
1120974.3.peg.1114.site.6, 183, 214, 397
1120974.3.peg.1114.site.7, 1, 213, 214
1120974.3.peg.1114.site.8, 0, 215, 215
1120974.3.peg.1114.site.9, 0, 212, 212
1120974.3.peg.1114.site.10, 0, 211, 211
1120974.3.peg.1114.site.11, 30, 210, 240
1120974.3.peg.1114.site.12, 216, 216, 432
1120974.3.peg.1114.site.13, 211, 211, 422
1120974.3.peg.1114.site.14, 5, 203, 208
1120974.3.peg.1114.site.15, 199, 199, 398
1120974.3.peg.1114.site.16, 0, 214, 214
1120974.3.peg.1114.site.17, 140, 208, 348
1120974.3.peg.1114.site.18, 144, 173, 317
1120974.3.peg.1114.site.19, 126, 188, 314
1120974.3.peg.1114.site.20, 172, 202, 374
1120974.3.peg.1114.site.21, 1, 209, 210
1120974.3.peg.1114.site.22, 214, 214, 428
1120974.3.peg.1114.site.23, 13, 214, 227
1120974.3.peg.1114.site.24, 40, 215, 255
1120974.3.peg.1114.site.25, 41, 215, 256
1120974.3.peg.1114.site.26, 3, 216, 219
1120974.3.peg.1114.site.27, 40, 214, 254
1120974.3.peg.1114.site.28, 3, 215, 218
1120974.3.peg.1114.site.29, 207, 207, 414
1120974.3.peg.1114.site.30, 208, 208, 416
1120974.3.peg.1114.site.31, 192, 192, 384
1120974.3.peg.1114.site.32, 76, 173, 249
1120974.3.peg.1114.site.33, 16, 212, 228
1120974.3.peg.1114.site.34, 105, 206, 311
1120974.3.peg.1114.site.35, 110, 211, 321
1120974.3.peg.1114.site.36, 99, 194, 293
1120974.3.peg.1114.site.37, 203, 203, 406
1120974.3.peg.1114.site.38, 7, 214, 221
1120974.3.peg.1114.site.39, 166, 211, 377
1120974.3.peg.1978.site.1, 9, 213, 222
1120974.3.peg.1978.site.2, 56, 212, 268
1120974.3.peg.1978.site.3, 61, 208, 269
1120974.3.peg.1978.site.4, 97, 195, 292
1120974.3.peg.1978.site.5, 42, 198, 240
1120974.3.peg.1978.site.6, 3, 201, 204
1120974.3.peg.1978.site.7, 38, 201, 239
1120974.3.peg.1978.site.8, 42, 197, 239
1120974.3.peg.1978.site.9, 56, 195, 251
1120974.3.peg.1978.site.10, 63, 203, 266
1120974.3.peg.1978.site.11, 1, 213, 214
1120974.3.peg.1978.site.12, 0, 213, 213
1120974.3.peg.1978.site.13, 8, 215, 223
1120974.3.peg.1978.site.14, 39, 211, 250
1120974.3.peg.1978.site.15, 55, 211, 266
1120974.3.peg.1978.site.16, 6, 214, 220
1120974.3.peg.1978.site.17, 53, 210, 263
1120974.3.peg.1978.site.18, 36, 198, 234
1120974.3.peg.1978.site.19, 33, 189, 222
1120974.3.peg.1978.site.20, 6, 198, 204
1120974.3.peg.1978.site.21, 5, 213, 218
1120974.3.peg.1978.site.22, 0, 214, 214
1120974.3.peg.1978.site.23, 56, 209, 265
1120974.3.peg.1978.site.24, 0, 201, 201
1120974.3.peg.1978.site.25, 6, 198, 204
1120974.3.peg.1978.site.26, 45, 192, 237
1120974.3.peg.1978.site.27, 50, 195, 245
1120974.3.peg.1978.site.28, 52, 201, 253
1120974.3.peg.1978.site.29, 5, 211, 216
1120974.3.peg.1978.site.30, 57, 210, 267
1120974.3.peg.1978.site.31, 57, 208, 265
1120974.3.peg.1978.site.32, 51, 213, 264
1120974.3.peg.1978.site.33, 0, 214, 214
1120974.3.peg.1978.site.34, 7, 215, 222
1120974.3.peg.1978.site.35, 57, 213, 270
1120974.3.peg.1979.site.1, 121, 188, 309
1120974.3.peg.1979.site.2, 4, 195, 199
1120974.3.peg.1979.site.3, 32, 190, 222
1120974.3.peg.1979.site.4, 6, 191, 197
1120974.3.peg.1979.site.5, 0, 191, 191
1120974.3.peg.1979.site.6, 89, 158, 247
1120974.3.peg.1979.site.7, 76, 147, 223
1120974.3.peg.1979.site.8, 0, 140, 140
1120974.3.peg.1979.site.9, 122, 193, 315
1120974.3.peg.1979.site.10, 123, 190, 313
1120974.3.peg.1979.site.11, 0, 162, 162
1120974.3.peg.1979.site.12, 73, 142, 215
1120974.3.peg.1979.site.13, 73, 140, 213
1120974.3.peg.1979.site.14, 0, 183, 183
1120974.3.peg.1979.site.15, 1, 191, 192
1120974.3.peg.1979.site.16, 133, 199, 332
1120974.3.peg.1979.site.17, 1, 206, 207
1120974.3.peg.1979.site.18, 3, 208, 211
1120974.3.peg.1979.site.19, 1, 208, 209
1120974.3.peg.1979.site.20, 1, 209, 210
1120974.3.peg.1979.site.21, 26, 214, 240
1120974.3.peg.1979.site.22, 2, 214, 216
1120974.3.peg.1979.site.23, 0, 203, 203
1120974.3.peg.1979.site.24, 0, 199, 199
1120974.3.peg.1979.site.25, 0, 201, 201
1120974.3.peg.1979.site.26, 199, 202, 401
1120974.3.peg.1979.site.27, 123, 204, 327
1120974.3.peg.1979.site.28, 0, 212, 212
1120974.3.peg.1979.site.29, 121, 205, 326
1120974.3.peg.1979.site.30, 3, 203, 206
1120974.3.peg.1979.site.31, 10, 200, 210
1120974.3.peg.1979.site.32, 2, 176, 178
1120974.3.peg.1979.site.33, 2, 176, 178
1120974.3.peg.1979.site.34, 1, 195, 196
1120974.3.peg.1979.site.35, 119, 201, 320
1120974.3.peg.1979.site.36, 120, 202, 322
1120974.3.peg.1979.site.37, 4, 210, 214
1120974.3.peg.1979.site.38, 67, 200, 267
1120974.3.peg.1979.site.39, 107, 183, 290
1120974.3.peg.1979.site.40, 10, 202, 212
1120974.3.peg.1979.site.41, 76, 200, 276
1120974.3.peg.1979.site.42, 121, 211, 332
1120974.3.peg.1979.site.43, 140, 210, 350
1120974.3.peg.1979.site.44, 19, 214, 233
1120974.3.peg.1979.site.45, 186, 213, 399
1120974.3.peg.1979.site.46, 142, 210, 352
1120974.3.peg.1979.site.47, 133, 205, 338
1120974.3.peg.1979.site.48, 158, 203, 361
1120974.3.peg.1979.site.49, 110, 199, 309
1120974.3.peg.1979.site.50, 135, 201, 336
1120974.3.peg.1979.site.51, 0, 209, 209
1120974.3.peg.1979.site.52, 0, 215, 215
1120974.3.peg.1979.site.53, 2, 214, 216
1120974.3.peg.1979.site.54, 2, 212, 214
1120974.3.peg.1979.site.55, 12, 213, 225
1120974.3.peg.1979.site.56, 4, 212, 216
1120974.3.peg.1979.site.57, 3, 207, 210
1120974.3.peg.1979.site.58, 2, 207, 209
1120974.3.peg.1979.site.59, 116, 205, 321
1120974.3.peg.1979.site.60, 117, 205, 322
1120974.3.peg.1979.site.61, 20, 196, 216
1120974.3.peg.1979.site.62, 86, 156, 242
1120974.3.peg.1979.site.63, 0, 167, 167
1120974.3.peg.1979.site.64, 75, 153, 228
1120974.3.peg.1979.site.65, 9, 154, 163
1120974.3.peg.1979.site.66, 59, 147, 206
1120974.3.peg.1979.site.67, 41, 132, 173
1120974.3.peg.1979.site.68, 44, 102, 146
1120974.3.peg.1979.site.69, 5, 93, 98
1120974.3.peg.1979.site.70, 42, 98, 140
1120974.3.peg.1979.site.71, 44, 148, 192
1120974.3.peg.1979.site.72, 64, 148, 212
1120974.3.peg.1979.site.73, 187, 197, 384
1120974.3.peg.1979.site.74, 144, 212, 356
1120974.3.peg.1979.site.75, 2, 213, 215
1120974.3.peg.1979.site.76, 118, 203, 321
1120974.3.peg.1979.site.77, 196, 214, 410
1120974.3.peg.1979.site.78, 3, 214, 217
1120974.3.peg.1979.site.79, 5, 212, 217
1120974.3.peg.1979.site.80, 162, 214, 376
1120974.3.peg.1979.site.81, 0, 215, 215
1120974.3.peg.1979.site.82, 157, 213, 370
1120974.3.peg.1979.site.83, 2, 216, 218
1120974.3.peg.1979.site.84, 157, 213, 370
1120974.3.peg.1979.site.85, 2, 215, 217
1120974.3.peg.1979.site.86, 0, 214, 214
1120974.3.peg.1979.site.87, 0, 213, 213
1120974.3.peg.1979.site.88, 0, 215, 215
1120974.3.peg.1979.site.89, 0, 215, 215
1120974.3.peg.1979.site.90, 4, 214, 218
1120974.3.peg.1979.site.91, 4, 214, 218
1120974.3.peg.1979.site.92, 178, 212, 390
1120974.3.peg.1979.site.93, 0, 216, 216
1120974.3.peg.1972.site.1, 6, 61, 67
1120974.3.peg.1972.site.2, 3, 63, 66
1120974.3.peg.1972.site.3, 134, 202, 336
1120974.3.peg.1972.site.4, 156, 204, 360
1120974.3.peg.1972.site.5, 37, 169, 206
1120974.3.peg.1972.site.6, 142, 158, 300
1120974.3.peg.1972.site.7, 9, 150, 159
1120974.3.peg.1972.site.8, 105, 165, 270
1120974.3.peg.1972.site.9, 52, 166, 218
1120974.3.peg.1972.site.10, 55, 208, 263
1120974.3.peg.1972.site.11, 1, 212, 213
1120974.3.peg.1973.site.1, 62, 211, 273
1120974.3.peg.1973.site.2, 114, 176, 290
1120974.3.peg.1973.site.3, 107, 170, 277
1120974.3.peg.1973.site.4, 98, 162, 260
1120974.3.peg.1973.site.5, 0, 162, 162
1120974.3.peg.1973.site.6, 2, 154, 156
1120974.3.peg.1973.site.7, 89, 152, 241
1120974.3.peg.1973.site.8, 84, 146, 230
1120974.3.peg.1973.site.9, 123, 188, 311
1120974.3.peg.1973.site.10, 0, 197, 197
1120974.3.peg.1973.site.11, 2, 197, 199
1120974.3.peg.1973.site.12, 6, 197, 203
1120974.3.peg.1973.site.13, 5, 198, 203
1120974.3.peg.1973.site.14, 93, 193, 286
1120974.3.peg.1973.site.15, 33, 182, 215
1120974.3.peg.1973.site.16, 14, 163, 177
1120974.3.peg.1973.site.17, 6, 167, 173
1120974.3.peg.1973.site.18, 13, 164, 177
1120974.3.peg.1973.site.19, 19, 168, 187
1120974.3.peg.1973.site.20, 0, 206, 206
1120974.3.peg.1970.site.1, 21, 126, 147
1120974.3.peg.1970.site.2, 106, 130, 236
1120974.3.peg.1970.site.3, 149, 150, 299
1120974.3.peg.1970.site.4, 15, 152, 167
1120974.3.peg.1970.site.5, 2, 170, 172
1120974.3.peg.1970.site.6, 186, 207, 393
1120974.3.peg.1970.site.7, 2, 215, 217
1120974.3.peg.1970.site.8, 19, 209, 228
1120974.3.peg.1970.site.9, 35, 52, 87
1120974.3.peg.1970.site.10, 37, 57, 94
1120974.3.peg.1970.site.11, 98, 118, 216
1120974.3.peg.1970.site.12, 154, 175, 329
1120974.3.peg.1970.site.13, 11, 168, 179
1120974.3.peg.1970.site.14, 163, 179, 342
1120974.3.peg.1970.site.15, 3, 188, 191
1120974.3.peg.1970.site.16, 180, 200, 380
1120974.3.peg.1970.site.17, 192, 213, 405
1120974.3.peg.1970.site.18, 9, 213, 222
1120974.3.peg.1970.site.19, 192, 211, 403
1120974.3.peg.1970.site.20, 192, 211, 403
1120974.3.peg.1970.site.21, 183, 203, 386
1120974.3.peg.1970.site.22, 0, 210, 210
1120974.3.peg.1970.site.23, 4, 211, 215
1120974.3.peg.1970.site.24, 163, 208, 371
1120974.3.peg.1970.site.25, 136, 146, 282
1120974.3.peg.1971.site.1, 4, 215, 219
1120974.3.peg.1971.site.2, 190, 212, 402
1120974.3.peg.1971.site.3, 142, 206, 348
1120974.3.peg.1971.site.4, 6, 208, 214
1120974.3.peg.1971.site.5, 138, 204, 342
1120974.3.peg.1971.site.6, 8, 209, 217
1120974.3.peg.1971.site.7, 154, 209, 363
1120974.3.peg.1971.site.8, 1, 206, 207
1120974.3.peg.1971.site.9, 0, 200, 200
1120974.3.peg.1971.site.10, 108, 163, 271
1120974.3.peg.1971.site.11, 64, 109, 173
1120974.3.peg.1971.site.12, 69, 123, 192
1120974.3.peg.1971.site.13, 0, 171, 171
1120974.3.peg.1971.site.14, 108, 167, 275
1120974.3.peg.1971.site.15, 8, 185, 193
1120974.3.peg.1971.site.16, 1, 206, 207
1120974.3.peg.1971.site.17, 92, 154, 246
1120974.3.peg.1976.site.1, 140, 205, 345
1120974.3.peg.1976.site.2, 0, 212, 212
1120974.3.peg.1976.site.3, 143, 210, 353
1120974.3.peg.1976.site.4, 145, 213, 358
1120974.3.peg.1976.site.5, 4, 215, 219
1120974.3.peg.1976.site.6, 0, 215, 215
1120974.3.peg.1976.site.7, 4, 215, 219
1120974.3.peg.1976.site.8, 146, 211, 357
1120974.3.peg.1976.site.9, 58, 214, 272
1120974.3.peg.1976.site.10, 0, 214, 214
1120974.3.peg.1976.site.11, 0, 214, 214
1120974.3.peg.1976.site.12, 146, 209, 355
1120974.3.peg.1976.site.13, 0, 213, 213
1120974.3.peg.1976.site.14, 4, 215, 219
1120974.3.peg.1976.site.15, 6, 210, 216
1120974.3.peg.1976.site.16, 55, 211, 266
1120974.3.peg.1976.site.17, 0, 214, 214
1120974.3.peg.1976.site.18, 6, 213, 219
1120974.3.peg.1976.site.19, 86, 209, 295
1120974.3.peg.1976.site.20, 0, 216, 216
1120974.3.peg.1976.site.21, 137, 203, 340
1120974.3.peg.1976.site.22, 0, 209, 209
1120974.3.peg.1976.site.23, 144, 202, 346
1120974.3.peg.1976.site.24, 7, 209, 216
1120974.3.peg.1976.site.25, 0, 191, 191
1120974.3.peg.1976.site.26, 113, 159, 272
1120974.3.peg.1976.site.27, 79, 209, 288
1120974.3.peg.1976.site.28, 3, 212, 215
1120974.3.peg.1976.site.29, 37, 93, 130
1120974.3.peg.1976.site.30, 63, 63, 126
1120974.3.peg.1976.site.31, 1, 59, 60
1120974.3.peg.1977.site.1, 50, 160, 210
1120974.3.peg.1977.site.2, 0, 160, 160
1120974.3.peg.1977.site.3, 106, 160, 266
1120974.3.peg.1977.site.4, 120, 173, 293
1120974.3.peg.1977.site.5, 38, 179, 217
1120974.3.peg.1977.site.6, 4, 188, 192
1120974.3.peg.1977.site.7, 133, 182, 315
1120974.3.peg.1977.site.8, 0, 203, 203
1120974.3.peg.1974.site.1, 3, 135, 138
1120974.3.peg.1974.site.2, 59, 122, 181
1120974.3.peg.1974.site.3, 55, 123, 178
1120974.3.peg.1974.site.4, 17, 145, 162
1120974.3.peg.1974.site.5, 95, 164, 259
1120974.3.peg.1974.site.6, 0, 213, 213
1120974.3.peg.1974.site.7, 134, 210, 344
1120974.3.peg.1974.site.8, 131, 211, 342
1120974.3.peg.1974.site.9, 1, 216, 217
1120974.3.peg.1975.site.1, 0, 213, 213
1120974.3.peg.1975.site.2, 123, 204, 327
1120974.3.peg.1975.site.3, 118, 199, 317
1120974.3.peg.1975.site.4, 99, 174, 273
1120974.3.peg.1975.site.5, 134, 209, 343
1120974.3.peg.1975.site.6, 34, 207, 241
1120974.3.peg.1975.site.7, 87, 202, 289
1120974.3.peg.1975.site.8, 4, 210, 214
1120974.3.peg.1975.site.9, 143, 203, 346
1120974.3.peg.1975.site.10, 120, 198, 318
1120974.3.peg.1975.site.11, 131, 206, 337
1120974.3.peg.1975.site.12, 108, 203, 311
1120974.3.peg.1975.site.13, 0, 208, 208
1120974.3.peg.1975.site.14, 114, 190, 304
1120974.3.peg.1975.site.15, 120, 197, 317
1120974.3.peg.1975.site.16, 116, 193, 309
1120974.3.peg.1975.site.17, 1, 191, 192
1120974.3.peg.1975.site.18, 65, 187, 252
1120974.3.peg.1975.site.19, 3, 189, 192
1120974.3.peg.1975.site.20, 16, 101, 117
1120974.3.peg.1975.site.21, 11, 99, 110
1120974.3.peg.1975.site.22, 54, 138, 192
1120974.3.peg.1975.site.23, 5, 168, 173
1120974.3.peg.1975.site.24, 110, 196, 306
1120974.3.peg.1975.site.25, 0, 204, 204
1120974.3.peg.1975.site.26, 41, 214, 255
1120974.3.peg.1975.site.27, 0, 215, 215
1120974.3.peg.1975.site.28, 126, 212, 338
1120974.3.peg.1975.site.29, 125, 211, 336
1120974.3.peg.1975.site.30, 131, 211, 342
1120974.3.peg.1975.site.31, 129, 210, 339
1120974.3.peg.1975.site.32, 77, 206, 283
1120974.3.peg.1975.site.33, 6, 214, 220
1120974.3.peg.1975.site.34, 0, 216, 216
1120974.3.peg.1975.site.35, 2, 215, 217
1120974.3.peg.1975.site.36, 133, 210, 343
1120974.3.peg.1975.site.37, 0, 215, 215
1120974.3.peg.1975.site.38, 136, 209, 345
1120974.3.peg.1154.site.1, 211, 215, 426
1120974.3.peg.1154.site.2, 0, 215, 215
1120974.3.peg.1154.site.3, 205, 214, 419
1120974.3.peg.1154.site.4, 175, 214, 389
1120974.3.peg.1154.site.5, 4, 216, 220
1120974.3.peg.1154.site.6, 0, 216, 216
1120974.3.peg.1154.site.7, 174, 213, 387
1120974.3.peg.1154.site.8, 173, 213, 386
1120974.3.peg.1154.site.9, 171, 212, 383
1120974.3.peg.1154.site.10, 166, 209, 375
1120974.3.peg.1154.site.11, 206, 206, 412
1120974.3.peg.1154.site.12, 203, 203, 406
1120974.3.peg.1154.site.13, 29, 203, 232
1120974.3.peg.1154.site.14, 165, 207, 372
1120974.3.peg.1154.site.15, 42, 215, 257
1120974.3.peg.1154.site.16, 0, 215, 215
1120974.3.peg.1154.site.17, 42, 213, 255
1120974.3.peg.1154.site.18, 171, 213, 384
1120974.3.peg.1154.site.19, 168, 210, 378
1120974.3.peg.1154.site.20, 169, 211, 380
1120974.3.peg.1154.site.21, 8, 215, 223
1120974.3.peg.1154.site.22, 168, 211, 379
1120974.3.peg.1154.site.23, 20, 214, 234
1120974.3.peg.1154.site.24, 3, 212, 215
1120974.3.peg.1154.site.25, 133, 175, 308
1120974.3.peg.1154.site.26, 129, 173, 302
1120974.3.peg.1154.site.27, 107, 152, 259
1120974.3.peg.1154.site.28, 96, 140, 236
1120974.3.peg.1154.site.29, 107, 148, 255
1120974.3.peg.1154.site.30, 1, 172, 173
1120974.3.peg.1154.site.31, 110, 152, 262
1120974.3.peg.1154.site.32, 143, 162, 305
1120974.3.peg.1154.site.33, 135, 178, 313
1120974.3.peg.1154.site.34, 157, 199, 356
1120974.3.peg.1154.site.35, 167, 210, 377
1120974.3.peg.1154.site.36, 2, 215, 217
1120974.3.peg.1154.site.37, 0, 213, 213
1120974.3.peg.1154.site.38, 157, 202, 359
1120974.3.peg.1155.site.1, 9, 216, 225
1120974.3.peg.1155.site.2, 171, 212, 383
1120974.3.peg.1155.site.3, 171, 212, 383
1120974.3.peg.1155.site.4, 170, 211, 381
1120974.3.peg.1155.site.5, 0, 216, 216
1120974.3.peg.1155.site.6, 162, 212, 374
1120974.3.peg.1155.site.7, 170, 212, 382
1120974.3.peg.1155.site.8, 171, 213, 384
1120974.3.peg.1155.site.9, 169, 210, 379
1120974.3.peg.1155.site.10, 172, 212, 384
1120974.3.peg.1155.site.11, 36, 77, 113
1120974.3.peg.1156.site.1, 39, 83, 122
1120974.3.peg.1156.site.2, 163, 206, 369
1120974.3.peg.1156.site.3, 8, 211, 219
1120974.3.peg.1156.site.4, 17, 213, 230
1120974.3.peg.1156.site.5, 172, 211, 383
1120974.3.peg.1156.site.6, 2, 199, 201
1120974.3.peg.1156.site.7, 19, 120, 139
1120974.3.peg.1156.site.8, 33, 77, 110
1120974.3.peg.1156.site.9, 7, 52, 59
1120974.3.peg.1156.site.10, 6, 50, 56
1120974.3.peg.1156.site.11, 22, 45, 67
1120974.3.peg.1156.site.12, 21, 44, 65
1120974.3.peg.1156.site.13, 15, 43, 58
1120974.3.peg.1156.site.14, 0, 43, 43
1120974.3.peg.1156.site.15, 0, 43, 43
1120974.3.peg.1156.site.16, 15, 43, 58
1120974.3.peg.1156.site.17, 2, 43, 45
1120974.3.peg.1156.site.18, 29, 46, 75
1120974.3.peg.1156.site.19, 5, 47, 52
1120974.3.peg.1156.site.20, 6, 48, 54
1120974.3.peg.1156.site.21, 4, 49, 53
1120974.3.peg.1156.site.22, 0, 78, 78
1120974.3.peg.1156.site.23, 53, 102, 155
1120974.3.peg.1156.site.24, 121, 167, 288
1120974.3.peg.1156.site.25, 7, 211, 218
1120974.3.peg.1156.site.26, 155, 204, 359
1120974.3.peg.1156.site.27, 141, 191, 332
1120974.3.peg.1156.site.28, 174, 197, 371
1120974.3.peg.1156.site.29, 23, 123, 146
1120974.3.peg.1156.site.30, 14, 55, 69
1120974.3.peg.1156.site.31, 7, 46, 53
1120974.3.peg.1156.site.32, 5, 40, 45
1120974.3.peg.1156.site.33, 10, 36, 46
1120974.3.peg.1156.site.34, 1, 37, 38
1120974.3.peg.1156.site.35, 1, 36, 37
1120974.3.peg.1156.site.36, 1, 37, 38
1120974.3.peg.1156.site.37, 0, 36, 36
1120974.3.peg.1156.site.38, 6, 40, 46
1120974.3.peg.1156.site.39, 20, 55, 75
1120974.3.peg.1156.site.40, 33, 69, 102
1120974.3.peg.1156.site.41, 23, 59, 82
1120974.3.peg.1156.site.42, 27, 48, 75
1120974.3.peg.1156.site.43, 1, 46, 47
1120974.3.peg.1156.site.44, 4, 40, 44
1120974.3.peg.1156.site.45, 5, 40, 45
1120974.3.peg.1409.site.1, 0, 180, 180
1120974.3.peg.1409.site.2, 1, 192, 193
1120974.3.peg.1409.site.3, 2, 214, 216
1120974.3.peg.1409.site.4, 0, 212, 212
1120974.3.peg.1409.site.5, 128, 178, 306
1120974.3.peg.1409.site.6, 126, 151, 277
1120974.3.peg.1409.site.7, 4, 29, 33
1120974.3.peg.1409.site.8, 4, 31, 35
1120974.3.peg.1150.site.1, 0, 213, 213
1120974.3.peg.1150.site.2, 67, 211, 278
1120974.3.peg.1150.site.3, 66, 210, 276
1120974.3.peg.1150.site.4, 67, 211, 278
1120974.3.peg.1150.site.5, 2, 214, 216
1120974.3.peg.1150.site.6, 13, 202, 215
1120974.3.peg.1150.site.7, 9, 198, 207
1120974.3.peg.1150.site.8, 15, 207, 222
1120974.3.peg.1150.site.9, 20, 212, 232
1120974.3.peg.1150.site.10, 1, 214, 215
1120974.3.peg.1150.site.11, 20, 212, 232
1120974.3.peg.1150.site.12, 20, 213, 233
1120974.3.peg.1150.site.13, 20, 213, 233
1120974.3.peg.1150.site.14, 10, 203, 213
1120974.3.peg.1150.site.15, 7, 201, 208
1120974.3.peg.1150.site.16, 0, 208, 208
1120974.3.peg.1150.site.17, 11, 205, 216
1120974.3.peg.1150.site.18, 5, 199, 204
1120974.3.peg.1150.site.19, 3, 198, 201
1120974.3.peg.1150.site.20, 4, 198, 202
1120974.3.peg.1150.site.21, 2, 197, 199
1120974.3.peg.1150.site.22, 2, 204, 206
1120974.3.peg.1150.site.23, 72, 197, 269
1120974.3.peg.1150.site.24, 80, 206, 286
1120974.3.peg.1150.site.25, 2, 211, 213
1120974.3.peg.1150.site.26, 4, 216, 220
1120974.3.peg.1150.site.27, 4, 215, 219
1120974.3.peg.1150.site.28, 77, 210, 287
1120974.3.peg.1150.site.29, 2, 216, 218
1120974.3.peg.1150.site.30, 9, 210, 219
1120974.3.peg.1150.site.31, 74, 209, 283
1120974.3.peg.1150.site.32, 1, 207, 208
1120974.3.peg.1150.site.33, 8, 210, 218
1120974.3.peg.1150.site.34, 2, 215, 217
1120974.3.peg.1150.site.35, 2, 210, 212
1120974.3.peg.1150.site.36, 11, 215, 226
1120974.3.peg.1150.site.37, 11, 213, 224
1120974.3.peg.1150.site.38, 11, 214, 225
1120974.3.peg.1150.site.39, 0, 213, 213
1120974.3.peg.1150.site.40, 4, 208, 212
1120974.3.peg.1150.site.41, 2, 206, 208
1120974.3.peg.1150.site.42, 65, 205, 270
1120974.3.peg.1150.site.43, 1, 205, 206
1120974.3.peg.1150.site.44, 3, 207, 210
1120974.3.peg.1150.site.45, 11, 215, 226
1120974.3.peg.1151.site.1, 204, 216, 420
1120974.3.peg.1151.site.2, 19, 214, 233
1120974.3.peg.1151.site.3, 66, 215, 281
1120974.3.peg.1151.site.4, 4, 214, 218
1120974.3.peg.1151.site.5, 10, 180, 190
1120974.3.peg.1151.site.6, 1, 187, 188
1120974.3.peg.1151.site.7, 189, 192, 381
1120974.3.peg.1151.site.8, 3, 194, 197
1120974.3.peg.1151.site.9, 13, 206, 219
1120974.3.peg.1151.site.10, 16, 210, 226
1120974.3.peg.1151.site.11, 209, 212, 421
1120974.3.peg.1151.site.12, 7, 212, 219
1120974.3.peg.1151.site.13, 198, 213, 411
1120974.3.peg.1151.site.14, 21, 212, 233
1120974.3.peg.1151.site.15, 185, 210, 395
1120974.3.peg.1151.site.16, 175, 187, 362
1120974.3.peg.1151.site.17, 144, 170, 314
1120974.3.peg.1151.site.18, 8, 153, 161
1120974.3.peg.1151.site.19, 112, 137, 249
1120974.3.peg.1151.site.20, 98, 122, 220
1120974.3.peg.1151.site.21, 96, 122, 218
1120974.3.peg.1151.site.22, 11, 137, 148
1120974.3.peg.1151.site.23, 161, 184, 345
1120974.3.peg.1151.site.24, 3, 196, 199
1120974.3.peg.1151.site.25, 134, 160, 294
1120974.3.peg.1151.site.26, 2, 22, 24
1120974.3.peg.1151.site.27, 12, 18, 30
1120974.3.peg.1151.site.28, 21, 40, 61
1120974.3.peg.1151.site.29, 1, 133, 134
1120974.3.peg.1151.site.30, 19, 141, 160
1120974.3.peg.1151.site.31, 106, 130, 236
1120974.3.peg.1151.site.32, 122, 145, 267
1120974.3.peg.1151.site.33, 54, 78, 132
1120974.3.peg.1151.site.34, 1, 45, 46
1120974.3.peg.1152.site.1, 1, 40, 41
1120974.3.peg.1152.site.2, 99, 121, 220
1120974.3.peg.1152.site.3, 112, 139, 251
1120974.3.peg.1152.site.4, 114, 139, 253
1120974.3.peg.1152.site.5, 107, 132, 239
1120974.3.peg.1152.site.6, 6, 155, 161
1120974.3.peg.1152.site.7, 131, 156, 287
1120974.3.peg.1152.site.8, 69, 108, 177
1120974.3.peg.1152.site.9, 71, 93, 164
1120974.3.peg.1152.site.10, 19, 154, 173
1120974.3.peg.1152.site.11, 12, 194, 206
1120974.3.peg.1152.site.12, 104, 189, 293
1120974.3.peg.1152.site.13, 4, 195, 199
1120974.3.peg.1152.site.14, 85, 168, 253
1120974.3.peg.1152.site.15, 141, 154, 295
1120974.3.peg.1152.site.16, 139, 141, 280
1120974.3.peg.1152.site.17, 40, 136, 176
1120974.3.peg.1152.site.18, 13, 141, 154
1120974.3.peg.1152.site.19, 6, 135, 141
1120974.3.peg.1152.site.20, 144, 153, 297
1120974.3.peg.1152.site.21, 152, 159, 311
1120974.3.peg.1152.site.22, 39, 156, 195
1120974.3.peg.1152.site.23, 2, 178, 180
1120974.3.peg.1152.site.24, 4, 140, 144
1120974.3.peg.1152.site.25, 111, 113, 224
1120974.3.peg.1152.site.26, 0, 105, 105
1120974.3.peg.1152.site.27, 28, 30, 58
1120974.3.peg.1152.site.28, 72, 74, 146
1120974.3.peg.1152.site.29, 5, 95, 100
1120974.3.peg.1152.site.30, 44, 138, 182
1120974.3.peg.1152.site.31, 8, 166, 174
1120974.3.peg.1152.site.32, 0, 181, 181
1120974.3.peg.1152.site.33, 16, 188, 204
1120974.3.peg.1152.site.34, 129, 175, 304
1120974.3.peg.1152.site.35, 119, 168, 287
1120974.3.peg.1152.site.36, 170, 176, 346
1120974.3.peg.1152.site.37, 3, 164, 167
1120974.3.peg.1152.site.38, 167, 167, 334
1120974.3.peg.1152.site.39, 114, 160, 274
1120974.3.peg.1152.site.40, 4, 200, 204
1120974.3.peg.1152.site.41, 0, 213, 213
1120974.3.peg.1152.site.42, 34, 212, 246
1120974.3.peg.1153.site.1, 3, 216, 219
1120974.3.peg.1153.site.2, 171, 211, 382
1120974.3.peg.1153.site.3, 170, 210, 380
1120974.3.peg.1153.site.4, 1, 213, 214
1120974.3.peg.1153.site.5, 156, 199, 355
1120974.3.peg.1153.site.6, 27, 74, 101
1120974.3.peg.1153.site.7, 15, 61, 76
1120974.3.peg.1153.site.8, 47, 47, 94
1120974.3.peg.1153.site.9, 3, 48, 51
1120974.3.peg.1153.site.10, 20, 67, 87
1120974.3.peg.1153.site.11, 2, 123, 125
1120974.3.peg.1153.site.12, 101, 145, 246
1120974.3.peg.1153.site.13, 160, 202, 362
1120974.3.peg.1153.site.14, 158, 200, 358
1120974.3.peg.1153.site.15, 187, 209, 396
1120974.3.peg.1153.site.16, 2, 215, 217
1120974.3.peg.1153.site.17, 1, 212, 213
1120974.3.peg.1153.site.18, 170, 210, 380
1120974.3.peg.1153.site.19, 167, 209, 376
1120974.3.peg.1153.site.20, 5, 213, 218
1120974.3.peg.1153.site.21, 124, 165, 289
1120974.3.peg.1153.site.22, 124, 165, 289
1120974.3.peg.1153.site.23, 154, 195, 349
1120974.3.peg.1153.site.24, 172, 210, 382
1120974.3.peg.1153.site.25, 4, 171, 175
1120974.3.peg.1153.site.26, 163, 198, 361
1120974.3.peg.1153.site.27, 1, 196, 197
1120974.3.peg.1153.site.28, 17, 194, 211
1120974.3.peg.1153.site.29, 148, 202, 350
1120974.3.peg.1153.site.30, 131, 154, 285
1120974.3.peg.1153.site.31, 126, 157, 283
1120974.3.peg.1153.site.32, 9, 142, 151
1120974.3.peg.1153.site.33, 144, 144, 288
1120974.3.peg.1153.site.34, 0, 208, 208
1120974.3.peg.1153.site.35, 9, 213, 222
1120974.3.peg.1153.site.36, 172, 211, 383
1120974.3.peg.1402.site.1, 0, 212, 212
1120974.3.peg.1402.site.2, 0, 212, 212
1120974.3.peg.1402.site.3, 0, 210, 210
1120974.3.peg.1402.site.4, 69, 208, 277
1120974.3.peg.1402.site.5, 0, 216, 216
1120974.3.peg.1402.site.6, 10, 215, 225
1120974.3.peg.1402.site.7, 0, 214, 214
1120974.3.peg.1402.site.8, 3, 215, 218
1120974.3.peg.1402.site.9, 4, 215, 219
1120974.3.peg.1402.site.10, 19, 214, 233
1120974.3.peg.1402.site.11, 214, 214, 428
1120974.3.peg.1402.site.12, 213, 213, 426
1120974.3.peg.1402.site.13, 186, 211, 397
1120974.3.peg.1402.site.14, 0, 214, 214
1120974.3.peg.1402.site.15, 1, 215, 216
1120974.3.peg.1402.site.16, 1, 216, 217
1120974.3.peg.1402.site.17, 195, 214, 409
1120974.3.peg.1402.site.18, 4, 216, 220
1120974.3.peg.1402.site.19, 78, 211, 289
1120974.3.peg.1402.site.20, 69, 211, 280
1120974.3.peg.1402.site.21, 1, 214, 215
1120974.3.peg.1402.site.22, 70, 210, 280
1120974.3.peg.1402.site.23, 1, 213, 214
1120974.3.peg.1402.site.24, 121, 212, 333
1120974.3.peg.1402.site.25, 0, 216, 216
1120974.3.peg.1402.site.26, 0, 216, 216
1120974.3.peg.1402.site.27, 0, 216, 216
1120974.3.peg.1402.site.28, 0, 216, 216
1120974.3.peg.1402.site.29, 0, 216, 216
1120974.3.peg.1402.site.30, 10, 214, 224
1120974.3.peg.1402.site.31, 0, 216, 216
1120974.3.peg.1402.site.32, 0, 216, 216
1120974.3.peg.1402.site.33, 132, 212, 344
1120974.3.peg.1158.site.1, 0, 212, 212
1120974.3.peg.1158.site.2, 0, 211, 211
1120974.3.peg.1407.site.1, 0, 196, 196
1120974.3.peg.1407.site.2, 40, 187, 227
1120974.3.peg.1407.site.3, 10, 195, 205
1120974.3.peg.1407.site.4, 0, 185, 185
1120974.3.peg.1407.site.5, 4, 209, 213
1120974.3.peg.1407.site.6, 14, 211, 225
1120974.3.peg.1407.site.7, 92, 183, 275
1120974.3.peg.1407.site.8, 56, 213, 269
1120974.3.peg.1407.site.9, 0, 215, 215
1120974.3.peg.1407.site.10, 6, 215, 221
1120974.3.peg.1407.site.11, 172, 208, 380
1120974.3.peg.1407.site.12, 174, 211, 385
1120974.3.peg.1407.site.13, 1, 202, 203
1120974.3.peg.1407.site.14, 1, 200, 201
1120974.3.peg.1407.site.15, 156, 185, 341
1120974.3.peg.1407.site.16, 8, 53, 61
1120974.3.peg.1407.site.17, 12, 57, 69
1120974.3.peg.1407.site.18, 14, 210, 224
1120974.3.peg.1407.site.19, 14, 209, 223
1120974.3.peg.1407.site.20, 214, 215, 429
1120974.3.peg.1407.site.21, 5, 216, 221
1120974.3.peg.1570.site.1, 166, 210, 376
1120974.3.peg.1570.site.2, 38, 148, 186
1120974.3.peg.1570.site.3, 72, 115, 187
1120974.3.peg.1570.site.4, 53, 158, 211
1120974.3.peg.1570.site.5, 179, 184, 363
1120974.3.peg.1570.site.6, 131, 170, 301
1120974.3.peg.1570.site.7, 19, 188, 207
1120974.3.peg.1570.site.8, 164, 202, 366
1120974.3.peg.1570.site.9, 159, 197, 356
1120974.3.peg.1570.site.10, 86, 193, 279
1120974.3.peg.1570.site.11, 104, 144, 248
1120974.3.peg.1570.site.12, 73, 113, 186
1120974.3.peg.1570.site.13, 72, 112, 184
1120974.3.peg.1570.site.14, 40, 144, 184
1120974.3.peg.1570.site.15, 80, 174, 254
1120974.3.peg.1570.site.16, 4, 158, 162
1120974.3.peg.1570.site.17, 0, 145, 145
1120974.3.peg.1570.site.18, 10, 138, 148
1120974.3.peg.1570.site.19, 12, 142, 154
1120974.3.peg.1570.site.20, 5, 159, 164
1120974.3.peg.1570.site.21, 93, 151, 244
1120974.3.peg.1570.site.22, 15, 143, 158
1120974.3.peg.1570.site.23, 12, 129, 141
1120974.3.peg.1570.site.24, 17, 134, 151
1120974.3.peg.1570.site.25, 0, 184, 184
1120974.3.peg.1570.site.26, 5, 198, 203
1120974.3.peg.1570.site.27, 0, 200, 200
1120974.3.peg.1570.site.28, 21, 215, 236
1120974.3.peg.1570.site.29, 0, 214, 214
1120974.3.peg.1570.site.30, 170, 212, 382
1120974.3.peg.1570.site.31, 167, 204, 371
1120974.3.peg.1570.site.32, 173, 210, 383
1120974.3.peg.1570.site.33, 6, 211, 217
1120974.3.peg.1570.site.34, 177, 214, 391
1120974.3.peg.1570.site.35, 177, 213, 390
1120974.3.peg.1570.site.36, 176, 213, 389
1120974.3.peg.1570.site.37, 4, 216, 220
1120974.3.peg.1570.site.38, 0, 216, 216
1120974.3.peg.1571.site.1, 0, 207, 207
1120974.3.peg.1571.site.2, 0, 213, 213
1120974.3.peg.1571.site.3, 10, 215, 225
1120974.3.peg.1571.site.4, 6, 216, 222
1120974.3.peg.1571.site.5, 0, 216, 216
1120974.3.peg.1571.site.6, 25, 216, 241
1120974.3.peg.1571.site.7, 47, 212, 259
1120974.3.peg.1571.site.8, 74, 212, 286
1120974.3.peg.1571.site.9, 46, 211, 257
1120974.3.peg.1571.site.10, 47, 213, 260
1120974.3.peg.1571.site.11, 45, 207, 252
1120974.3.peg.1571.site.12, 156, 206, 362
1120974.3.peg.1571.site.13, 29, 189, 218
1120974.3.peg.1571.site.14, 44, 208, 252
1120974.3.peg.1571.site.15, 0, 213, 213
1120974.3.peg.1571.site.16, 0, 214, 214
1120974.3.peg.1571.site.17, 0, 212, 212
1120974.3.peg.1571.site.18, 45, 208, 253
1120974.3.peg.1571.site.19, 4, 215, 219
1120974.3.peg.1571.site.20, 0, 215, 215
1120974.3.peg.1571.site.21, 4, 214, 218
1120974.3.peg.1571.site.22, 19, 211, 230
1120974.3.peg.1571.site.23, 0, 215, 215
1120974.3.peg.1571.site.24, 0, 216, 216
1120974.3.peg.1086.site.1, 196, 214, 410
1120974.3.peg.1086.site.2, 4, 216, 220
1120974.3.peg.1086.site.3, 0, 215, 215
1120974.3.peg.1086.site.4, 4, 211, 215
1120974.3.peg.1086.site.5, 0, 214, 214
1120974.3.peg.1086.site.6, 190, 210, 400
1120974.3.peg.1086.site.7, 4, 214, 218
1120974.3.peg.1086.site.8, 6, 212, 218
1120974.3.peg.1086.site.9, 6, 213, 219
1120974.3.peg.1086.site.10, 188, 209, 397
1120974.3.peg.1086.site.11, 0, 213, 213
1120974.3.peg.1086.site.12, 188, 211, 399
1120974.3.peg.1086.site.13, 190, 212, 402
1120974.3.peg.1086.site.14, 0, 216, 216
1120974.3.peg.1086.site.15, 1, 214, 215
1120974.3.peg.1086.site.16, 2, 215, 217
1120974.3.peg.1086.site.17, 188, 210, 398
1120974.3.peg.1086.site.18, 1, 213, 214
1120974.3.peg.1086.site.19, 1, 216, 217
1120974.3.peg.1086.site.20, 5, 216, 221
1120974.3.peg.1086.site.21, 2, 214, 216
1120974.3.peg.1086.site.22, 190, 212, 402
1120974.3.peg.1086.site.23, 192, 212, 404
1120974.3.peg.1086.site.24, 194, 212, 406
1120974.3.peg.1086.site.25, 190, 212, 402
1120974.3.peg.1086.site.26, 191, 212, 403
1120974.3.peg.1086.site.27, 211, 212, 423
1120974.3.peg.1086.site.28, 0, 204, 204
1120974.3.peg.1086.site.29, 162, 181, 343
1120974.3.peg.1086.site.30, 165, 180, 345
1120974.3.peg.1086.site.31, 184, 203, 387
1120974.3.peg.1087.site.1, 185, 206, 391
1120974.3.peg.1087.site.2, 2, 208, 210
1120974.3.peg.1087.site.3, 108, 130, 238
1120974.3.peg.1087.site.4, 58, 77, 135
1120974.3.peg.1087.site.5, 1, 117, 118
1120974.3.peg.1087.site.6, 150, 156, 306
1120974.3.peg.1088.site.1, 6, 178, 184
1120974.3.peg.1088.site.2, 1, 216, 217
1120974.3.peg.1088.site.3, 66, 211, 277
1120974.3.peg.1088.site.4, 1, 214, 215
1120974.3.peg.1088.site.5, 8, 212, 220
1120974.3.peg.1088.site.6, 189, 208, 397
1120974.3.peg.1088.site.7, 197, 214, 411
1120974.3.peg.1088.site.8, 0, 216, 216
1120974.3.peg.1088.site.9, 112, 132, 244
1120974.3.peg.1088.site.10, 72, 93, 165
1120974.3.peg.1088.site.11, 3, 83, 86
1120974.3.peg.1088.site.12, 5, 93, 98
1120974.3.peg.1088.site.13, 56, 92, 148
1120974.3.peg.1088.site.14, 1, 197, 198
1120974.3.peg.1088.site.15, 192, 208, 400
1120974.3.peg.1088.site.16, 1, 215, 216
1120974.3.peg.1088.site.17, 0, 211, 211
1120974.3.peg.1088.site.18, 4, 214, 218
1120974.3.peg.1089.site.1, 61, 212, 273
1120974.3.peg.1089.site.2, 3, 205, 208
1120974.3.peg.1089.site.3, 0, 213, 213
1120974.3.peg.1089.site.4, 196, 204, 400
1120974.3.peg.1089.site.5, 10, 198, 208
1120974.3.peg.1089.site.6, 0, 182, 182
1120974.3.peg.1089.site.7, 176, 196, 372
1120974.3.peg.1089.site.8, 112, 197, 309
1120974.3.peg.1089.site.9, 2, 205, 207
1120974.3.peg.1089.site.10, 69, 200, 269
1120974.3.peg.1089.site.11, 187, 206, 393
1120974.3.peg.1089.site.12, 69, 157, 226
1120974.3.peg.1089.site.13, 2, 91, 93
1120974.3.peg.1089.site.14, 4, 81, 85
1120974.3.peg.1089.site.15, 15, 32, 47
1120974.3.peg.1089.site.16, 0, 21, 21
1120974.3.peg.2987.site.1, 1, 136, 137
1120974.3.peg.2987.site.2, 1, 210, 211
1120974.3.peg.2987.site.3, 1, 211, 212
1120974.3.peg.2987.site.4, 0, 210, 210
1120974.3.peg.2987.site.5, 71, 205, 276
1120974.3.peg.2987.site.6, 6, 211, 217
1120974.3.peg.2987.site.7, 142, 207, 349
1120974.3.peg.2987.site.8, 0, 211, 211
1120974.3.peg.2987.site.9, 60, 196, 256
1120974.3.peg.2987.site.10, 52, 188, 240
1120974.3.peg.2987.site.11, 55, 190, 245
1120974.3.peg.2987.site.12, 69, 200, 269
1120974.3.peg.2985.site.1, 16, 36, 52
1120974.3.peg.2985.site.2, 61, 63, 124
1120974.3.peg.2985.site.3, 79, 98, 177
1120974.3.peg.2985.site.4, 64, 209, 273
1120974.3.peg.2985.site.5, 67, 208, 275
1120974.3.peg.2985.site.6, 0, 210, 210
1120974.3.peg.2985.site.7, 6, 212, 218
1120974.3.peg.2985.site.8, 6, 210, 216
1120974.3.peg.2985.site.9, 0, 210, 210
1120974.3.peg.2985.site.10, 70, 205, 275
1120974.3.peg.2985.site.11, 2, 211, 213
1120974.3.peg.2985.site.12, 55, 192, 247
1120974.3.peg.2985.site.13, 0, 185, 185
1120974.3.peg.2985.site.14, 47, 181, 228
1120974.3.peg.2985.site.15, 53, 187, 240
1120974.3.peg.2985.site.16, 66, 189, 255
1120974.3.peg.2985.site.17, 69, 203, 272
1120974.3.peg.2985.site.18, 1, 210, 211
1120974.3.peg.2985.site.19, 60, 208, 268
1120974.3.peg.2982.site.1, 168, 211, 379
1120974.3.peg.2982.site.2, 5, 215, 220
1120974.3.peg.2982.site.3, 139, 186, 325
1120974.3.peg.2982.site.4, 120, 166, 286
1120974.3.peg.2982.site.5, 149, 195, 344
1120974.3.peg.2982.site.6, 154, 200, 354
1120974.3.peg.2982.site.7, 1, 215, 216
1120974.3.peg.2982.site.8, 1, 216, 217
1120974.3.peg.2982.site.9, 5, 216, 221
1120974.3.peg.2982.site.10, 5, 216, 221
1120974.3.peg.2982.site.11, 0, 215, 215
1120974.3.peg.2982.site.12, 0, 216, 216
1120974.3.peg.2983.site.1, 0, 215, 215
1120974.3.peg.2983.site.2, 171, 209, 380
1120974.3.peg.2983.site.3, 174, 212, 386
1120974.3.peg.2983.site.4, 173, 211, 384
1120974.3.peg.2983.site.5, 4, 216, 220
1120974.3.peg.2983.site.6, 170, 212, 382
1120974.3.peg.2983.site.7, 171, 213, 384
1120974.3.peg.2983.site.8, 171, 212, 383
1120974.3.peg.2983.site.9, 42, 213, 255
1120974.3.peg.2983.site.10, 170, 209, 379
1120974.3.peg.2983.site.11, 0, 215, 215
1120974.3.peg.2983.site.12, 170, 210, 380
1120974.3.peg.2983.site.13, 168, 211, 379
1120974.3.peg.2983.site.14, 31, 210, 241
1120974.3.peg.2983.site.15, 0, 212, 212
1120974.3.peg.2983.site.16, 161, 209, 370
1120974.3.peg.2983.site.17, 1, 214, 215
1120974.3.peg.2983.site.18, 1, 213, 214
1120974.3.peg.2983.site.19, 1, 210, 211
1120974.3.peg.2983.site.20, 6, 208, 214
1120974.3.peg.2983.site.21, 1, 215, 216
1120974.3.peg.2983.site.22, 162, 213, 375
1120974.3.peg.2983.site.23, 158, 203, 361
1120974.3.peg.2983.site.24, 6, 210, 216
1120974.3.peg.2983.site.25, 164, 208, 372
1120974.3.peg.2983.site.26, 21, 213, 234
1120974.3.peg.2983.site.27, 165, 209, 374
1120974.3.peg.2983.site.28, 179, 213, 392
1120974.3.peg.2983.site.29, 4, 215, 219
1120974.3.peg.2983.site.30, 21, 213, 234
1120974.3.peg.2983.site.31, 4, 214, 218
1120974.3.peg.2983.site.32, 123, 211, 334
1120974.3.peg.2983.site.33, 118, 211, 329
1120974.3.peg.2983.site.34, 7, 214, 221
1120974.3.peg.2983.site.35, 0, 215, 215
1120974.3.peg.2983.site.36, 177, 213, 390
1120974.3.peg.2983.site.37, 0, 215, 215
1120974.3.peg.2983.site.38, 0, 212, 212
1120974.3.peg.2983.site.39, 0, 212, 212
1120974.3.peg.2983.site.40, 0, 212, 212
1120974.3.peg.2983.site.41, 140, 210, 350
1120974.3.peg.2983.site.42, 4, 216, 220
1120974.3.peg.2983.site.43, 4, 216, 220
1120974.3.peg.2983.site.44, 50, 211, 261
1120974.3.peg.2983.site.45, 118, 212, 330
1120974.3.peg.2983.site.46, 4, 215, 219
1120974.3.peg.2983.site.47, 115, 210, 325
1120974.3.peg.2983.site.48, 118, 204, 322
1120974.3.peg.2983.site.49, 118, 206, 324
1120974.3.peg.2983.site.50, 0, 210, 210
1120974.3.peg.2980.site.1, 122, 173, 295
1120974.3.peg.2980.site.2, 138, 188, 326
1120974.3.peg.2980.site.3, 43, 190, 233
1120974.3.peg.2980.site.4, 131, 178, 309
1120974.3.peg.2980.site.5, 13, 209, 222
1120974.3.peg.2980.site.6, 157, 204, 361
1120974.3.peg.2980.site.7, 159, 205, 364
1120974.3.peg.2980.site.8, 209, 211, 420
1120974.3.peg.2980.site.9, 1, 211, 212
1120974.3.peg.2980.site.10, 163, 210, 373
1120974.3.peg.2980.site.11, 160, 208, 368
1120974.3.peg.2980.site.12, 166, 213, 379
1120974.3.peg.2980.site.13, 166, 213, 379
1120974.3.peg.2980.site.14, 164, 207, 371
1120974.3.peg.2980.site.15, 155, 203, 358
1120974.3.peg.2980.site.16, 152, 200, 352
1120974.3.peg.2980.site.17, 86, 129, 215
1120974.3.peg.2980.site.18, 55, 101, 156
1120974.3.peg.2980.site.19, 72, 118, 190
1120974.3.peg.2980.site.20, 76, 122, 198
1120974.3.peg.2980.site.21, 75, 123, 198
1120974.3.peg.2980.site.22, 0, 137, 137
1120974.3.peg.2980.site.23, 4, 211, 215
1120974.3.peg.2981.site.1, 5, 216, 221
1120974.3.peg.2981.site.2, 90, 133, 223
1120974.3.peg.2981.site.3, 58, 101, 159
1120974.3.peg.2981.site.4, 69, 112, 181
1120974.3.peg.2981.site.5, 80, 114, 194
1120974.3.peg.2981.site.6, 125, 167, 292
1120974.3.peg.2981.site.7, 5, 212, 217
1120974.3.peg.2981.site.8, 207, 212, 419
1120974.3.peg.2981.site.9, 5, 215, 220
1120974.3.peg.2981.site.10, 1, 216, 217
1120974.3.peg.2981.site.11, 170, 212, 382
1120974.3.peg.1598.site.1, 0, 215, 215
1120974.3.peg.1598.site.2, 107, 204, 311
1120974.3.peg.1598.site.3, 0, 215, 215
1120974.3.peg.1598.site.4, 156, 211, 367
1120974.3.peg.1598.site.5, 110, 206, 316
1120974.3.peg.1598.site.6, 103, 200, 303
1120974.3.peg.1598.site.7, 108, 204, 312
1120974.3.peg.1598.site.8, 109, 205, 314
1120974.3.peg.1598.site.9, 1, 212, 213
1120974.3.peg.1598.site.10, 0, 214, 214
1120974.3.peg.1598.site.11, 0, 214, 214
1120974.3.peg.1598.site.12, 17, 114, 131
1120974.3.peg.1598.site.13, 112, 208, 320
1120974.3.peg.1598.site.14, 116, 211, 327
1120974.3.peg.1598.site.15, 118, 211, 329
1120974.3.peg.1598.site.16, 216, 216, 432
1120974.3.peg.1598.site.17, 116, 210, 326
1120974.3.peg.1598.site.18, 0, 216, 216
1120974.3.peg.1598.site.19, 117, 212, 329
1120974.3.peg.1598.site.20, 10, 216, 226
1120974.3.peg.1598.site.21, 10, 214, 224
1120974.3.peg.1598.site.22, 214, 214, 428
1120974.3.peg.1598.site.23, 201, 215, 416
1120974.3.peg.2988.site.1, 143, 209, 352
1120974.3.peg.2988.site.2, 0, 212, 212
1120974.3.peg.2988.site.3, 44, 187, 231
1120974.3.peg.2988.site.4, 2, 142, 144
1120974.3.peg.2988.site.5, 54, 124, 178
1120974.3.peg.2988.site.6, 47, 96, 143
1120974.3.peg.2988.site.7, 5, 97, 102
1120974.3.peg.2988.site.8, 1, 107, 108
1120974.3.peg.2988.site.9, 65, 137, 202
1120974.3.peg.2988.site.10, 141, 213, 354
1120974.3.peg.2988.site.11, 140, 212, 352
1120974.3.peg.2988.site.12, 141, 213, 354
1120974.3.peg.2988.site.13, 0, 215, 215
1120974.3.peg.2988.site.14, 0, 213, 213
1120974.3.peg.1599.site.1, 94, 211, 305
1120974.3.peg.1599.site.2, 93, 210, 303
1120974.3.peg.1599.site.3, 27, 216, 243
1120974.3.peg.1599.site.4, 89, 206, 295
1120974.3.peg.1599.site.5, 88, 202, 290
1120974.3.peg.1599.site.6, 92, 206, 298
1120974.3.peg.1599.site.7, 89, 203, 292
1120974.3.peg.1599.site.8, 97, 209, 306
1120974.3.peg.1599.site.9, 95, 210, 305
1120974.3.peg.1599.site.10, 5, 214, 219
1120974.3.peg.1599.site.11, 142, 213, 355
1120974.3.peg.1599.site.12, 102, 209, 311
1120974.3.peg.2079.site.1, 213, 214, 427
1120974.3.peg.2079.site.2, 115, 209, 324
1120974.3.peg.2079.site.3, 171, 211, 382
1120974.3.peg.2079.site.4, 173, 214, 387
1120974.3.peg.2079.site.5, 35, 199, 234
1120974.3.peg.2079.site.6, 39, 189, 228
1120974.3.peg.2079.site.7, 143, 184, 327
1120974.3.peg.2079.site.8, 143, 185, 328
1120974.3.peg.2079.site.9, 144, 186, 330
1120974.3.peg.2079.site.10, 1, 207, 208
1120974.3.peg.2079.site.11, 1, 185, 186
1120974.3.peg.2079.site.12, 60, 158, 218
1120974.3.peg.2079.site.13, 98, 149, 247
1120974.3.peg.2079.site.14, 116, 167, 283
1120974.3.peg.2079.site.15, 0, 201, 201
1120974.3.peg.2079.site.16, 46, 214, 260
1120974.3.peg.2079.site.17, 48, 213, 261
1120974.3.peg.2079.site.18, 48, 213, 261
1120974.3.peg.2079.site.19, 47, 213, 260
1120974.3.peg.2079.site.20, 7, 214, 221
1120974.3.peg.2079.site.21, 9, 213, 222
1120974.3.peg.2079.site.22, 44, 214, 258
1120974.3.peg.2079.site.23, 3, 213, 216
1120974.3.peg.2079.site.24, 39, 88, 127
1120974.3.peg.2079.site.25, 39, 88, 127
1120974.3.peg.2079.site.26, 14, 67, 81
1120974.3.peg.2079.site.27, 5, 59, 64
1120974.3.peg.2079.site.28, 2, 55, 57
1120974.3.peg.2079.site.29, 7, 60, 67
1120974.3.peg.2079.site.30, 193, 194, 387
1120974.3.peg.2079.site.31, 38, 211, 249
1120974.3.peg.2079.site.32, 1, 214, 215
1120974.3.peg.2079.site.33, 91, 209, 300
1120974.3.peg.2079.site.34, 0, 213, 213
1120974.3.peg.2079.site.35, 2, 209, 211
1120974.3.peg.2079.site.36, 36, 211, 247
1120974.3.peg.2079.site.37, 40, 206, 246
1120974.3.peg.2079.site.38, 48, 214, 262
1120974.3.peg.2079.site.39, 215, 216, 431
1120974.3.peg.2079.site.40, 48, 214, 262
1120974.3.peg.2079.site.41, 1, 216, 217
1120974.3.peg.2079.site.42, 164, 213, 377
1120974.3.peg.2079.site.43, 25, 187, 212
1120974.3.peg.2079.site.44, 24, 191, 215
1120974.3.peg.2079.site.45, 23, 190, 213
1120974.3.peg.2079.site.46, 4, 203, 207
1120974.3.peg.2079.site.47, 41, 207, 248
1120974.3.peg.2079.site.48, 0, 212, 212
1120974.3.peg.2079.site.49, 47, 213, 260
1120974.3.peg.2079.site.50, 2, 210, 212
1120974.3.peg.2079.site.51, 212, 215, 427
1120974.3.peg.2072.site.1, 144, 168, 312
1120974.3.peg.2072.site.2, 57, 89, 146
1120974.3.peg.2072.site.3, 10, 79, 89
1120974.3.peg.2072.site.4, 40, 68, 108
1120974.3.peg.2072.site.5, 32, 64, 96
1120974.3.peg.2072.site.6, 2, 171, 173
1120974.3.peg.2072.site.7, 1, 202, 203
1120974.3.peg.2072.site.8, 178, 200, 378
1120974.3.peg.2072.site.9, 177, 200, 377
1120974.3.peg.2072.site.10, 80, 175, 255
1120974.3.peg.2072.site.11, 163, 169, 332
1120974.3.peg.2072.site.12, 75, 108, 183
1120974.3.peg.2072.site.13, 71, 171, 242
1120974.3.peg.2072.site.14, 65, 210, 275
1120974.3.peg.2072.site.15, 117, 210, 327
1120974.3.peg.2072.site.16, 63, 212, 275
1120974.3.peg.2072.site.17, 0, 215, 215
1120974.3.peg.2072.site.18, 182, 213, 395
1120974.3.peg.2072.site.19, 17, 215, 232
1120974.3.peg.2072.site.20, 181, 213, 394
1120974.3.peg.2072.site.21, 46, 80, 126
1120974.3.peg.2072.site.22, 109, 143, 252
1120974.3.peg.2072.site.23, 165, 198, 363
1120974.3.peg.2073.site.1, 181, 209, 390
1120974.3.peg.2073.site.2, 183, 211, 394
1120974.3.peg.2073.site.3, 186, 213, 399
1120974.3.peg.2073.site.4, 186, 213, 399
1120974.3.peg.2073.site.5, 185, 213, 398
1120974.3.peg.2073.site.6, 0, 214, 214
1120974.3.peg.2073.site.7, 182, 214, 396
1120974.3.peg.2073.site.8, 182, 215, 397
1120974.3.peg.2073.site.9, 1, 216, 217
1120974.3.peg.2073.site.10, 178, 214, 392
1120974.3.peg.2073.site.11, 183, 212, 395
1120974.3.peg.2073.site.12, 4, 216, 220
1120974.3.peg.2073.site.13, 2, 216, 218
1120974.3.peg.2073.site.14, 4, 216, 220
1120974.3.peg.2073.site.15, 1, 216, 217
1120974.3.peg.2073.site.16, 116, 209, 325
1120974.3.peg.2073.site.17, 15, 215, 230
1120974.3.peg.2073.site.18, 4, 216, 220
1120974.3.peg.2073.site.19, 15, 215, 230
1120974.3.peg.2073.site.20, 216, 216, 432
1120974.3.peg.2073.site.21, 182, 213, 395
1120974.3.peg.2073.site.22, 183, 213, 396
1120974.3.peg.2073.site.23, 183, 214, 397
1120974.3.peg.2073.site.24, 183, 214, 397
1120974.3.peg.2073.site.25, 186, 214, 400
1120974.3.peg.2073.site.26, 183, 213, 396
1120974.3.peg.2073.site.27, 183, 213, 396
1120974.3.peg.2073.site.28, 164, 214, 378
1120974.3.peg.2073.site.29, 1, 216, 217
1120974.3.peg.2073.site.30, 167, 213, 380
1120974.3.peg.2073.site.31, 3, 216, 219
1120974.3.peg.2073.site.32, 114, 209, 323
1120974.3.peg.2073.site.33, 5, 215, 220
1120974.3.peg.2073.site.34, 156, 203, 359
1120974.3.peg.2073.site.35, 160, 207, 367
1120974.3.peg.2073.site.36, 154, 201, 355
1120974.3.peg.2073.site.37, 163, 210, 373
1120974.3.peg.2073.site.38, 163, 210, 373
1120974.3.peg.2073.site.39, 34, 213, 247
1120974.3.peg.2073.site.40, 163, 210, 373
1120974.3.peg.2073.site.41, 161, 207, 368
1120974.3.peg.2073.site.42, 167, 213, 380
1120974.3.peg.2073.site.43, 3, 216, 219
1120974.3.peg.2073.site.44, 2, 216, 218
1120974.3.peg.2070.site.1, 191, 214, 405
1120974.3.peg.2070.site.2, 194, 214, 408
1120974.3.peg.2070.site.3, 192, 215, 407
1120974.3.peg.2070.site.4, 193, 215, 408
1120974.3.peg.2070.site.5, 2, 208, 210
1120974.3.peg.2070.site.6, 40, 62, 102
1120974.3.peg.2070.site.7, 19, 41, 60
1120974.3.peg.2070.site.8, 4, 68, 72
1120974.3.peg.2070.site.9, 37, 55, 92
1120974.3.peg.2070.site.10, 51, 73, 124
1120974.3.peg.2070.site.11, 119, 141, 260
1120974.3.peg.2070.site.12, 150, 168, 318
1120974.3.peg.2070.site.13, 0, 202, 202
1120974.3.peg.2070.site.14, 127, 208, 335
1120974.3.peg.2070.site.15, 5, 215, 220
1120974.3.peg.2070.site.16, 0, 216, 216
1120974.3.peg.2070.site.17, 4, 216, 220
1120974.3.peg.2070.site.18, 0, 216, 216
1120974.3.peg.2070.site.19, 8, 216, 224
1120974.3.peg.2070.site.20, 7, 215, 222
1120974.3.peg.2070.site.21, 167, 214, 381
1120974.3.peg.2070.site.22, 1, 216, 217
1120974.3.peg.2070.site.23, 8, 212, 220
1120974.3.peg.2070.site.24, 8, 216, 224
1120974.3.peg.2070.site.25, 182, 215, 397
1120974.3.peg.2070.site.26, 174, 214, 388
1120974.3.peg.2070.site.27, 181, 214, 395
1120974.3.peg.2070.site.28, 3, 216, 219
1120974.3.peg.2070.site.29, 45, 211, 256
1120974.3.peg.2070.site.30, 165, 213, 378
1120974.3.peg.2070.site.31, 116, 209, 325
1120974.3.peg.2070.site.32, 0, 215, 215
1120974.3.peg.2070.site.33, 166, 215, 381
1120974.3.peg.2070.site.34, 166, 214, 380
1120974.3.peg.2070.site.35, 46, 213, 259
1120974.3.peg.2070.site.36, 5, 214, 219
1120974.3.peg.2071.site.1, 166, 216, 382
1120974.3.peg.2071.site.2, 4, 215, 219
1120974.3.peg.2071.site.3, 164, 212, 376
1120974.3.peg.2071.site.4, 8, 214, 222
1120974.3.peg.2071.site.5, 166, 214, 380
1120974.3.peg.2071.site.6, 166, 213, 379
1120974.3.peg.2076.site.1, 0, 216, 216
1120974.3.peg.2076.site.2, 3, 215, 218
1120974.3.peg.2076.site.3, 180, 215, 395
1120974.3.peg.2076.site.4, 0, 206, 206
1120974.3.peg.2076.site.5, 133, 178, 311
1120974.3.peg.2076.site.6, 161, 198, 359
1120974.3.peg.2076.site.7, 160, 197, 357
1120974.3.peg.2076.site.8, 176, 213, 389
1120974.3.peg.2076.site.9, 176, 212, 388
1120974.3.peg.2076.site.10, 63, 208, 271
1120974.3.peg.2076.site.11, 181, 213, 394
1120974.3.peg.2076.site.12, 176, 213, 389
1120974.3.peg.2076.site.13, 12, 214, 226
1120974.3.peg.2076.site.14, 55, 209, 264
1120974.3.peg.2076.site.15, 0, 212, 212
1120974.3.peg.2076.site.16, 174, 212, 386
1120974.3.peg.2076.site.17, 5, 105, 110
1120974.3.peg.2076.site.18, 11, 111, 122
1120974.3.peg.2076.site.19, 16, 216, 232
1120974.3.peg.2076.site.20, 114, 209, 323
1120974.3.peg.2076.site.21, 4, 216, 220
1120974.3.peg.2076.site.22, 144, 212, 356
1120974.3.peg.2077.site.1, 186, 211, 397
1120974.3.peg.2074.site.1, 38, 215, 253
1120974.3.peg.2074.site.2, 168, 214, 382
1120974.3.peg.2074.site.3, 118, 212, 330
1120974.3.peg.2074.site.4, 165, 211, 376
1120974.3.peg.2074.site.5, 165, 211, 376
1120974.3.peg.2074.site.6, 112, 205, 317
1120974.3.peg.2074.site.7, 167, 214, 381
1120974.3.peg.2074.site.8, 118, 210, 328
1120974.3.peg.2074.site.9, 2, 214, 216
1120974.3.peg.2074.site.10, 46, 214, 260
1120974.3.peg.2074.site.11, 71, 211, 282
1120974.3.peg.2074.site.12, 46, 211, 257
1120974.3.peg.2074.site.13, 30, 199, 229
1120974.3.peg.2074.site.14, 2, 172, 174
1120974.3.peg.2074.site.15, 7, 177, 184
1120974.3.peg.2074.site.16, 34, 204, 238
1120974.3.peg.2074.site.17, 0, 216, 216
1120974.3.peg.2074.site.18, 19, 216, 235
1120974.3.peg.2074.site.19, 44, 213, 257
1120974.3.peg.2074.site.20, 0, 213, 213
1120974.3.peg.2075.site.1, 52, 214, 266
1120974.3.peg.2075.site.2, 45, 214, 259
1120974.3.peg.2075.site.3, 121, 211, 332
1120974.3.peg.2075.site.4, 165, 211, 376
1120974.3.peg.2075.site.5, 1, 216, 217
1120974.3.peg.2075.site.6, 50, 213, 263
1120974.3.peg.2075.site.7, 50, 213, 263
1120974.3.peg.2075.site.8, 0, 215, 215
1120974.3.peg.2075.site.9, 178, 214, 392
1120974.3.peg.2075.site.10, 48, 212, 260
1120974.3.peg.1798.site.1, 214, 214, 428
1120974.3.peg.1798.site.2, 8, 210, 218
1120974.3.peg.1798.site.3, 7, 210, 217
1120974.3.peg.1798.site.4, 193, 209, 402
1120974.3.peg.1798.site.5, 0, 212, 212
1120974.3.peg.1798.site.6, 3, 212, 215
1120974.3.peg.1798.site.7, 194, 210, 404
1120974.3.peg.1798.site.8, 44, 206, 250
1120974.3.peg.1798.site.9, 193, 209, 402
1120974.3.peg.1798.site.10, 0, 211, 211
1120974.3.peg.1798.site.11, 192, 209, 401
1120974.3.peg.1798.site.12, 192, 209, 401
1120974.3.peg.1798.site.13, 206, 210, 416
1120974.3.peg.1798.site.14, 130, 205, 335
1120974.3.peg.1798.site.15, 60, 209, 269
1120974.3.peg.1798.site.16, 200, 205, 405
1120974.3.peg.1798.site.17, 4, 210, 214
1120974.3.peg.1798.site.18, 25, 215, 240
1120974.3.peg.1798.site.19, 0, 215, 215
1120974.3.peg.1798.site.20, 19, 214, 233
1120974.3.peg.1798.site.21, 9, 94, 103
1120974.3.peg.1798.site.22, 53, 154, 207
1120974.3.peg.1798.site.23, 8, 212, 220
1120974.3.peg.1798.site.24, 129, 204, 333
1120974.3.peg.1798.site.25, 16, 212, 228
1120974.3.peg.1798.site.26, 3, 212, 215
1120974.3.peg.1798.site.27, 2, 210, 212
1120974.3.peg.1798.site.28, 129, 209, 338
1120974.3.peg.1798.site.29, 130, 210, 340
1120974.3.peg.1798.site.30, 1, 210, 211
1120974.3.peg.1798.site.31, 129, 208, 337
1120974.3.peg.1798.site.32, 123, 199, 322
1120974.3.peg.1798.site.33, 124, 198, 322
1120974.3.peg.1798.site.34, 128, 202, 330
1120974.3.peg.1798.site.35, 132, 205, 337
1120974.3.peg.1798.site.36, 1, 213, 214
1120974.3.peg.1798.site.37, 1, 213, 214
1120974.3.peg.3169.site.1, 4, 212, 216
1120974.3.peg.3169.site.2, 0, 213, 213
1120974.3.peg.3169.site.3, 0, 215, 215
1120974.3.peg.3169.site.4, 130, 209, 339
1120974.3.peg.3169.site.5, 4, 212, 216
1120974.3.peg.3169.site.6, 4, 213, 217
1120974.3.peg.3169.site.7, 0, 211, 211
1120974.3.peg.3169.site.8, 0, 210, 210
1120974.3.peg.3169.site.9, 12, 208, 220
1120974.3.peg.3169.site.10, 0, 207, 207
1120974.3.peg.3169.site.11, 5, 162, 167
1120974.3.peg.3169.site.12, 2, 206, 208
1120974.3.peg.3169.site.13, 36, 209, 245
1120974.3.peg.3169.site.14, 71, 211, 282
1120974.3.peg.3169.site.15, 98, 212, 310
1120974.3.peg.3169.site.16, 0, 215, 215
1120974.3.peg.3169.site.17, 136, 213, 349
1120974.3.peg.3169.site.18, 4, 215, 219
1120974.3.peg.3169.site.19, 37, 214, 251
1120974.3.peg.3169.site.20, 4, 215, 219
1120974.3.peg.3169.site.21, 1, 216, 217
1120974.3.peg.3169.site.22, 32, 211, 243
1120974.3.peg.3169.site.23, 0, 215, 215
1120974.3.peg.3169.site.24, 212, 216, 428
1120974.3.peg.3169.site.25, 118, 211, 329
1120974.3.peg.3169.site.26, 146, 207, 353
1120974.3.peg.3169.site.27, 57, 207, 264
1120974.3.peg.3169.site.28, 78, 208, 286
1120974.3.peg.3169.site.29, 34, 202, 236
1120974.3.peg.3169.site.30, 0, 185, 185
1120974.3.peg.3169.site.31, 46, 172, 218
1120974.3.peg.3169.site.32, 43, 177, 220
1120974.3.peg.3169.site.33, 4, 180, 184
1120974.3.peg.3169.site.34, 4, 204, 208
1120974.3.peg.1792.site.1, 163, 206, 369
1120974.3.peg.1792.site.2, 4, 207, 211
1120974.3.peg.1792.site.3, 0, 202, 202
1120974.3.peg.1792.site.4, 173, 208, 381
1120974.3.peg.1792.site.5, 163, 207, 370
1120974.3.peg.1792.site.6, 170, 214, 384
1120974.3.peg.1792.site.7, 9, 214, 223
1120974.3.peg.1792.site.8, 0, 214, 214
1120974.3.peg.1792.site.9, 94, 214, 308
1120974.3.peg.1792.site.10, 94, 211, 305
1120974.3.peg.1792.site.11, 0, 212, 212
1120974.3.peg.1792.site.12, 0, 214, 214
1120974.3.peg.1792.site.13, 171, 200, 371
1120974.3.peg.1792.site.14, 165, 194, 359
1120974.3.peg.1792.site.15, 12, 156, 168
1120974.3.peg.1792.site.16, 121, 150, 271
1120974.3.peg.1793.site.1, 0, 214, 214
1120974.3.peg.1793.site.2, 0, 216, 216
1120974.3.peg.1793.site.3, 182, 210, 392
1120974.3.peg.1793.site.4, 179, 203, 382
1120974.3.peg.1793.site.5, 183, 208, 391
1120974.3.peg.1793.site.6, 180, 208, 388
1120974.3.peg.1793.site.7, 2, 207, 209
1120974.3.peg.1793.site.8, 1, 202, 203
1120974.3.peg.1793.site.9, 178, 204, 382
1120974.3.peg.1793.site.10, 183, 209, 392
1120974.3.peg.1793.site.11, 47, 75, 122
1120974.3.peg.1793.site.12, 15, 43, 58
1120974.3.peg.1793.site.13, 29, 57, 86
1120974.3.peg.1793.site.14, 42, 70, 112
1120974.3.peg.1793.site.15, 45, 137, 182
1120974.3.peg.1793.site.16, 0, 213, 213
1120974.3.peg.1793.site.17, 185, 212, 397
1120974.3.peg.1793.site.18, 11, 213, 224
1120974.3.peg.1793.site.19, 129, 157, 286
1120974.3.peg.1793.site.20, 96, 124, 220
1120974.3.peg.1793.site.21, 82, 110, 192
1120974.3.peg.1793.site.22, 4, 148, 152
1120974.3.peg.1793.site.23, 164, 192, 356
1120974.3.peg.1793.site.24, 0, 203, 203
1120974.3.peg.1793.site.25, 1, 210, 211
1120974.3.peg.1793.site.26, 69, 210, 279
1120974.3.peg.1793.site.27, 187, 213, 400
1120974.3.peg.1793.site.28, 14, 214, 228
1120974.3.peg.1793.site.29, 185, 212, 397
1120974.3.peg.1793.site.30, 9, 185, 194
1120974.3.peg.1793.site.31, 40, 144, 184
1120974.3.peg.1793.site.32, 33, 136, 169
1120974.3.peg.1793.site.33, 93, 121, 214
1120974.3.peg.1793.site.34, 88, 113, 201
1120974.3.peg.1793.site.35, 184, 210, 394
1120974.3.peg.1793.site.36, 163, 191, 354
1120974.3.peg.1793.site.37, 2, 160, 162
1120974.3.peg.1793.site.38, 109, 133, 242
1120974.3.peg.1793.site.39, 35, 61, 96
1120974.3.peg.1793.site.40, 6, 33, 39
1120974.3.peg.1793.site.41, 3, 27, 30
1120974.3.peg.1793.site.42, 122, 146, 268
1120974.3.peg.1793.site.43, 115, 139, 254
1120974.3.peg.1793.site.44, 179, 207, 386
1120974.3.peg.1793.site.45, 135, 162, 297
1120974.3.peg.1793.site.46, 25, 53, 78
1120974.3.peg.1790.site.1, 56, 215, 271
1120974.3.peg.1790.site.2, 80, 211, 291
1120974.3.peg.1790.site.3, 6, 214, 220
1120974.3.peg.1790.site.4, 6, 214, 220
1120974.3.peg.1790.site.5, 0, 215, 215
1120974.3.peg.1790.site.6, 0, 214, 214
1120974.3.peg.1790.site.7, 6, 214, 220
1120974.3.peg.1790.site.8, 1, 194, 195
1120974.3.peg.1790.site.9, 2, 198, 200
1120974.3.peg.1790.site.10, 0, 166, 166
1120974.3.peg.1790.site.11, 1, 155, 156
1120974.3.peg.1790.site.12, 95, 126, 221
1120974.3.peg.1790.site.13, 110, 138, 248
1120974.3.peg.1790.site.14, 8, 187, 195
1120974.3.peg.1790.site.15, 1, 214, 215
1120974.3.peg.1790.site.16, 1, 211, 212
1120974.3.peg.1790.site.17, 151, 208, 359
1120974.3.peg.1790.site.18, 153, 212, 365
1120974.3.peg.1790.site.19, 22, 209, 231
1120974.3.peg.1790.site.20, 4, 214, 218
1120974.3.peg.1790.site.21, 2, 214, 216
1120974.3.peg.1791.site.1, 90, 211, 301
1120974.3.peg.1791.site.2, 1, 213, 214
1120974.3.peg.1791.site.3, 61, 214, 275
1120974.3.peg.1791.site.4, 129, 213, 342
1120974.3.peg.1791.site.5, 11, 214, 225
1120974.3.peg.1791.site.6, 2, 213, 215
1120974.3.peg.1791.site.7, 12, 214, 226
1120974.3.peg.1791.site.8, 126, 212, 338
1120974.3.peg.1791.site.9, 42, 212, 254
1120974.3.peg.1791.site.10, 25, 208, 233
1120974.3.peg.1791.site.11, 0, 215, 215
1120974.3.peg.1791.site.12, 145, 214, 359
1120974.3.peg.1791.site.13, 0, 213, 213
1120974.3.peg.1791.site.14, 0, 215, 215
1120974.3.peg.1791.site.15, 180, 214, 394
1120974.3.peg.1791.site.16, 0, 216, 216
1120974.3.peg.1791.site.17, 4, 213, 217
1120974.3.peg.1791.site.18, 177, 209, 386
1120974.3.peg.1791.site.19, 176, 208, 384
1120974.3.peg.1791.site.20, 0, 212, 212
1120974.3.peg.1791.site.21, 0, 209, 209
1120974.3.peg.1791.site.22, 175, 211, 386
1120974.3.peg.1791.site.23, 176, 212, 388
1120974.3.peg.1791.site.24, 175, 213, 388
1120974.3.peg.1796.site.1, 171, 193, 364
1120974.3.peg.1796.site.2, 9, 174, 183
1120974.3.peg.1796.site.3, 7, 25, 32
1120974.3.peg.1796.site.4, 6, 89, 95
1120974.3.peg.1796.site.5, 56, 86, 142
1120974.3.peg.1796.site.6, 5, 89, 94
1120974.3.peg.1796.site.7, 56, 81, 137
1120974.3.peg.1796.site.8, 103, 128, 231
1120974.3.peg.1796.site.9, 7, 153, 160
1120974.3.peg.1796.site.10, 1, 203, 204
1120974.3.peg.1796.site.11, 188, 213, 401
1120974.3.peg.1796.site.12, 190, 213, 403
1120974.3.peg.1796.site.13, 0, 215, 215
1120974.3.peg.1796.site.14, 0, 214, 214
1120974.3.peg.1796.site.15, 0, 215, 215
1120974.3.peg.1796.site.16, 2, 215, 217
1120974.3.peg.1796.site.17, 7, 216, 223
1120974.3.peg.1796.site.18, 1, 216, 217
1120974.3.peg.1796.site.19, 11, 215, 226
1120974.3.peg.1796.site.20, 193, 213, 406
1120974.3.peg.1796.site.21, 164, 189, 353
1120974.3.peg.1796.site.22, 7, 215, 222
1120974.3.peg.1796.site.23, 214, 215, 429
1120974.3.peg.1796.site.24, 8, 214, 222
1120974.3.peg.1797.site.1, 0, 215, 215
1120974.3.peg.1797.site.2, 164, 188, 352
1120974.3.peg.1797.site.3, 155, 179, 334
1120974.3.peg.1797.site.4, 132, 156, 288
1120974.3.peg.1797.site.5, 130, 155, 285
1120974.3.peg.1797.site.6, 60, 86, 146
1120974.3.peg.1797.site.7, 29, 53, 82
1120974.3.peg.1797.site.8, 47, 64, 111
1120974.3.peg.1797.site.9, 10, 113, 123
1120974.3.peg.1797.site.10, 81, 97, 178
1120974.3.peg.1797.site.11, 63, 76, 139
1120974.3.peg.1797.site.12, 2, 181, 183
1120974.3.peg.1797.site.13, 1, 209, 210
1120974.3.peg.1797.site.14, 0, 212, 212
1120974.3.peg.1797.site.15, 1, 214, 215
1120974.3.peg.1797.site.16, 1, 212, 213
1120974.3.peg.1797.site.17, 97, 115, 212
1120974.3.peg.1797.site.18, 116, 135, 251
1120974.3.peg.1797.site.19, 104, 123, 227
1120974.3.peg.1797.site.20, 103, 137, 240
1120974.3.peg.1797.site.21, 0, 202, 202
1120974.3.peg.1797.site.22, 169, 188, 357
1120974.3.peg.1797.site.23, 153, 153, 306
1120974.3.peg.1797.site.24, 4, 119, 123
1120974.3.peg.1797.site.25, 5, 29, 34
1120974.3.peg.1797.site.26, 11, 34, 45
1120974.3.peg.1797.site.27, 73, 96, 169
1120974.3.peg.1797.site.28, 172, 188, 360
1120974.3.peg.1797.site.29, 184, 203, 387
1120974.3.peg.1797.site.30, 10, 199, 209
1120974.3.peg.1797.site.31, 103, 182, 285
1120974.3.peg.1797.site.32, 155, 172, 327
1120974.3.peg.1797.site.33, 9, 180, 189
1120974.3.peg.1797.site.34, 6, 198, 204
1120974.3.peg.1797.site.35, 140, 197, 337
1120974.3.peg.1797.site.36, 186, 203, 389
1120974.3.peg.1797.site.37, 3, 214, 217
1120974.3.peg.1797.site.38, 4, 214, 218
1120974.3.peg.1797.site.39, 3, 212, 215
1120974.3.peg.1794.site.1, 186, 213, 399
1120974.3.peg.1794.site.2, 186, 213, 399
1120974.3.peg.1794.site.3, 183, 209, 392
1120974.3.peg.1794.site.4, 2, 216, 218
1120974.3.peg.1794.site.5, 184, 210, 394
1120974.3.peg.1794.site.6, 0, 212, 212
1120974.3.peg.1794.site.7, 87, 211, 298
1120974.3.peg.1794.site.8, 87, 211, 298
1120974.3.peg.1794.site.9, 206, 216, 422
1120974.3.peg.1794.site.10, 86, 212, 298
1120974.3.peg.1794.site.11, 87, 214, 301
1120974.3.peg.1794.site.12, 87, 214, 301
1120974.3.peg.1794.site.13, 0, 212, 212
1120974.3.peg.1794.site.14, 6, 216, 222
1120974.3.peg.1794.site.15, 13, 214, 227
1120974.3.peg.1794.site.16, 0, 213, 213
1120974.3.peg.1794.site.17, 90, 210, 300
1120974.3.peg.1794.site.18, 0, 212, 212
1120974.3.peg.1794.site.19, 89, 205, 294
1120974.3.peg.1794.site.20, 6, 209, 215
1120974.3.peg.1794.site.21, 6, 212, 218
1120974.3.peg.1794.site.22, 92, 208, 300
1120974.3.peg.1794.site.23, 0, 216, 216
1120974.3.peg.1794.site.24, 9, 215, 224
1120974.3.peg.1794.site.25, 15, 214, 229
1120974.3.peg.1794.site.26, 95, 210, 305
1120974.3.peg.1794.site.27, 95, 210, 305
1120974.3.peg.1794.site.28, 0, 214, 214
1120974.3.peg.1794.site.29, 211, 214, 425
1120974.3.peg.1794.site.30, 6, 215, 221
1120974.3.peg.1794.site.31, 93, 209, 302
1120974.3.peg.1794.site.32, 92, 207, 299
1120974.3.peg.1794.site.33, 2, 214, 216
1120974.3.peg.1794.site.34, 90, 207, 297
1120974.3.peg.1795.site.1, 208, 214, 422
1120974.3.peg.1795.site.2, 94, 212, 306
1120974.3.peg.1795.site.3, 98, 210, 308
1120974.3.peg.1795.site.4, 0, 213, 213
1120974.3.peg.1795.site.5, 1, 206, 207
1120974.3.peg.1795.site.6, 145, 165, 310
1120974.3.peg.1795.site.7, 12, 33, 45
1120974.3.peg.1795.site.8, 10, 21, 31
1120974.3.peg.1795.site.9, 7, 28, 35
1120974.3.peg.1795.site.10, 9, 59, 68
1120974.3.peg.1795.site.11, 23, 40, 63
1120974.3.peg.1795.site.12, 1, 46, 47
1120974.3.peg.1795.site.13, 8, 33, 41
1120974.3.peg.1795.site.14, 15, 29, 44
1120974.3.peg.1795.site.15, 17, 17, 34
1120974.3.peg.1795.site.16, 11, 29, 40
1120974.3.peg.1795.site.17, 9, 137, 146
1120974.3.peg.1795.site.18, 183, 202, 385
1120974.3.peg.1795.site.19, 3, 200, 203
1120974.3.peg.1795.site.20, 48, 65, 113
1120974.3.peg.1795.site.21, 4, 20, 24
1120974.3.peg.1795.site.22, 14, 28, 42
1120974.3.peg.1795.site.23, 6, 32, 38
1120974.3.peg.1795.site.24, 83, 91, 174
1120974.3.peg.1795.site.25, 52, 73, 125
1120974.3.peg.1795.site.26, 13, 51, 64
1120974.3.peg.1795.site.27, 9, 36, 45
1120974.3.peg.1795.site.28, 5, 24, 29
1120974.3.peg.1795.site.29, 8, 26, 34
1120974.3.peg.1795.site.30, 134, 157, 291
1120974.3.peg.1795.site.31, 4, 108, 112
1120974.3.peg.1795.site.32, 93, 104, 197
1120974.3.peg.1795.site.33, 6, 98, 104
1120974.3.peg.1795.site.34, 80, 94, 174
1120974.3.peg.1795.site.35, 45, 61, 106
1120974.3.peg.1795.site.36, 18, 36, 54
1120974.3.peg.1795.site.37, 1, 30, 31
1120974.3.peg.1886.site.1, 37, 212, 249
1120974.3.peg.1886.site.2, 0, 216, 216
1120974.3.peg.1886.site.3, 1, 216, 217
1120974.3.peg.1886.site.4, 166, 210, 376
1120974.3.peg.1886.site.5, 166, 210, 376
1120974.3.peg.1886.site.6, 37, 212, 249
1120974.3.peg.1886.site.7, 0, 216, 216
1120974.3.peg.1886.site.8, 33, 213, 246
1120974.3.peg.1886.site.9, 31, 214, 245
1120974.3.peg.1886.site.10, 2, 213, 215
1120974.3.peg.1886.site.11, 3, 212, 215
1120974.3.peg.1886.site.12, 0, 205, 205
1120974.3.peg.1886.site.13, 0, 214, 214
1120974.3.peg.1886.site.14, 4, 214, 218
1120974.3.peg.1886.site.15, 3, 213, 216
1120974.3.peg.1886.site.16, 177, 200, 377
1120974.3.peg.1886.site.17, 68, 140, 208
1120974.3.peg.1886.site.18, 1, 70, 71
1120974.3.peg.1886.site.19, 2, 70, 72
1120974.3.peg.1886.site.20, 32, 56, 88
1120974.3.peg.1887.site.1, 1, 216, 217
1120974.3.peg.1887.site.2, 135, 200, 335
1120974.3.peg.1887.site.3, 3, 203, 206
1120974.3.peg.1887.site.4, 130, 200, 330
1120974.3.peg.1887.site.5, 2, 202, 204
1120974.3.peg.1887.site.6, 9, 201, 210
1120974.3.peg.1887.site.7, 174, 194, 368
1120974.3.peg.1887.site.8, 1, 196, 197
1120974.3.peg.1887.site.9, 118, 187, 305
1120974.3.peg.1887.site.10, 118, 190, 308
1120974.3.peg.1887.site.11, 43, 196, 239
1120974.3.peg.1887.site.12, 13, 206, 219
1120974.3.peg.1887.site.13, 4, 202, 206
1120974.3.peg.1887.site.14, 4, 205, 209
1120974.3.peg.1887.site.15, 177, 193, 370
1120974.3.peg.1887.site.16, 4, 199, 203
1120974.3.peg.1887.site.17, 3, 204, 207
1120974.3.peg.1887.site.18, 5, 208, 213
1120974.3.peg.1887.site.19, 0, 215, 215
1120974.3.peg.1887.site.20, 180, 206, 386
1120974.3.peg.1887.site.21, 3, 216, 219
1120974.3.peg.1887.site.22, 2, 216, 218
1120974.3.peg.1887.site.23, 3, 213, 216
1120974.3.peg.1887.site.24, 1, 213, 214
1120974.3.peg.1887.site.25, 17, 211, 228
1120974.3.peg.1887.site.26, 129, 214, 343
1120974.3.peg.1887.site.27, 46, 210, 256
1120974.3.peg.1884.site.1, 77, 208, 285
1120974.3.peg.1884.site.2, 18, 211, 229
1120974.3.peg.1884.site.3, 42, 209, 251
1120974.3.peg.1884.site.4, 3, 209, 212
1120974.3.peg.1884.site.5, 39, 183, 222
1120974.3.peg.1884.site.6, 95, 170, 265
1120974.3.peg.1884.site.7, 162, 193, 355
1120974.3.peg.1884.site.8, 6, 210, 216
1120974.3.peg.1884.site.9, 3, 214, 217
1120974.3.peg.1884.site.10, 21, 199, 220
1120974.3.peg.1884.site.11, 42, 178, 220
1120974.3.peg.1884.site.12, 208, 209, 417
1120974.3.peg.1884.site.13, 7, 215, 222
1120974.3.peg.1884.site.14, 135, 208, 343
1120974.3.peg.1884.site.15, 20, 213, 233
1120974.3.peg.1884.site.16, 39, 210, 249
1120974.3.peg.1884.site.17, 173, 208, 381
1120974.3.peg.1884.site.18, 0, 200, 200
1120974.3.peg.1884.site.19, 0, 185, 185
1120974.3.peg.1885.site.1, 178, 214, 392
1120974.3.peg.1885.site.2, 52, 213, 265
1120974.3.peg.1885.site.3, 56, 212, 268
1120974.3.peg.1885.site.4, 4, 215, 219
1120974.3.peg.1885.site.5, 188, 215, 403
1120974.3.peg.1885.site.6, 8, 216, 224
1120974.3.peg.1885.site.7, 5, 216, 221
1120974.3.peg.1885.site.8, 13, 214, 227
1120974.3.peg.1885.site.9, 147, 212, 359
1120974.3.peg.1885.site.10, 120, 210, 330
1120974.3.peg.1885.site.11, 3, 216, 219
1120974.3.peg.1885.site.12, 180, 212, 392
1120974.3.peg.1885.site.13, 3, 215, 218
1120974.3.peg.1885.site.14, 5, 212, 217
1120974.3.peg.1885.site.15, 11, 210, 221
1120974.3.peg.1885.site.16, 1, 212, 213
1120974.3.peg.1885.site.17, 126, 205, 331
1120974.3.peg.1885.site.18, 4, 210, 214
1120974.3.peg.1885.site.19, 82, 211, 293
1120974.3.peg.1885.site.20, 3, 216, 219
1120974.3.peg.1885.site.21, 72, 212, 284
1120974.3.peg.1885.site.22, 2, 210, 212
1120974.3.peg.1885.site.23, 0, 213, 213
1120974.3.peg.1885.site.24, 79, 212, 291
1120974.3.peg.1885.site.25, 68, 210, 278
1120974.3.peg.1885.site.26, 0, 214, 214
1120974.3.peg.1885.site.27, 2, 209, 211
1120974.3.peg.1882.site.1, 0, 213, 213
1120974.3.peg.1882.site.2, 4, 215, 219
1120974.3.peg.1882.site.3, 20, 199, 219
1120974.3.peg.1882.site.4, 0, 204, 204
1120974.3.peg.1882.site.5, 0, 198, 198
1120974.3.peg.1882.site.6, 13, 199, 212
1120974.3.peg.1882.site.7, 13, 209, 222
1120974.3.peg.1882.site.8, 27, 210, 237
1120974.3.peg.1882.site.9, 6, 215, 221
1120974.3.peg.1882.site.10, 0, 214, 214
1120974.3.peg.1882.site.11, 13, 214, 227
1120974.3.peg.1882.site.12, 0, 213, 213
1120974.3.peg.1882.site.13, 0, 214, 214
1120974.3.peg.1882.site.14, 166, 214, 380
1120974.3.peg.1882.site.15, 154, 210, 364
1120974.3.peg.1882.site.16, 2, 211, 213
1120974.3.peg.1882.site.17, 9, 213, 222
1120974.3.peg.1882.site.18, 0, 215, 215
1120974.3.peg.1882.site.19, 0, 216, 216
1120974.3.peg.1882.site.20, 4, 215, 219
1120974.3.peg.1882.site.21, 171, 213, 384
1120974.3.peg.1882.site.22, 121, 209, 330
1120974.3.peg.1882.site.23, 41, 212, 253
1120974.3.peg.1882.site.24, 42, 212, 254
1120974.3.peg.1882.site.25, 126, 206, 332
1120974.3.peg.1883.site.1, 174, 212, 386
1120974.3.peg.1883.site.2, 156, 204, 360
1120974.3.peg.1883.site.3, 94, 140, 234
1120974.3.peg.1883.site.4, 80, 132, 212
1120974.3.peg.1883.site.5, 6, 210, 216
1120974.3.peg.1883.site.6, 166, 205, 371
1120974.3.peg.1883.site.7, 6, 215, 221
1120974.3.peg.1883.site.8, 6, 215, 221
1120974.3.peg.1883.site.9, 6, 215, 221
1120974.3.peg.1883.site.10, 0, 216, 216
1120974.3.peg.1883.site.11, 169, 212, 381
1120974.3.peg.1883.site.12, 15, 208, 223
1120974.3.peg.1883.site.13, 0, 207, 207
1120974.3.peg.1883.site.14, 0, 210, 210
1120974.3.peg.1883.site.15, 0, 210, 210
1120974.3.peg.1883.site.16, 187, 210, 397
1120974.3.peg.1883.site.17, 193, 206, 399
1120974.3.peg.1883.site.18, 0, 210, 210
1120974.3.peg.1883.site.19, 0, 211, 211
1120974.3.peg.1883.site.20, 1, 214, 215
1120974.3.peg.1883.site.21, 3, 214, 217
1120974.3.peg.1883.site.22, 33, 213, 246
1120974.3.peg.1883.site.23, 1, 214, 215
1120974.3.peg.1883.site.24, 1, 215, 216
1120974.3.peg.1883.site.25, 0, 215, 215
1120974.3.peg.1883.site.26, 1, 213, 214
1120974.3.peg.1883.site.27, 1, 216, 217
1120974.3.peg.1883.site.28, 1, 216, 217
1120974.3.peg.1883.site.29, 1, 215, 216
1120974.3.peg.1883.site.30, 1, 212, 213
1120974.3.peg.1883.site.31, 63, 205, 268
1120974.3.peg.1880.site.1, 27, 216, 243
1120974.3.peg.1880.site.2, 183, 211, 394
1120974.3.peg.1880.site.3, 150, 212, 362
1120974.3.peg.1880.site.4, 4, 212, 216
1120974.3.peg.1880.site.5, 23, 214, 237
1120974.3.peg.1880.site.6, 212, 213, 425
1120974.3.peg.1880.site.7, 214, 214, 428
1120974.3.peg.1880.site.8, 135, 213, 348
1120974.3.peg.1880.site.9, 43, 211, 254
1120974.3.peg.1880.site.10, 4, 216, 220
1120974.3.peg.1880.site.11, 132, 211, 343
1120974.3.peg.1880.site.12, 179, 209, 388
1120974.3.peg.1880.site.13, 45, 211, 256
1120974.3.peg.1880.site.14, 45, 209, 254
1120974.3.peg.1880.site.15, 182, 211, 393
1120974.3.peg.1880.site.16, 215, 216, 431
1120974.3.peg.1880.site.17, 3, 215, 218
1120974.3.peg.1880.site.18, 212, 214, 426
1120974.3.peg.1880.site.19, 3, 213, 216
1120974.3.peg.1880.site.20, 3, 213, 216
1120974.3.peg.1880.site.21, 214, 215, 429
1120974.3.peg.1880.site.22, 183, 215, 398
1120974.3.peg.1880.site.23, 183, 215, 398
1120974.3.peg.1880.site.24, 175, 211, 386
1120974.3.peg.1880.site.25, 178, 214, 392
1120974.3.peg.1880.site.26, 32, 200, 232
1120974.3.peg.1880.site.27, 29, 193, 222
1120974.3.peg.1880.site.28, 118, 155, 273
1120974.3.peg.1881.site.1, 33, 214, 247
1120974.3.peg.1881.site.2, 29, 210, 239
1120974.3.peg.1881.site.3, 0, 216, 216
1120974.3.peg.1881.site.4, 35, 212, 247
1120974.3.peg.1881.site.5, 27, 211, 238
1120974.3.peg.1881.site.6, 25, 211, 236
1120974.3.peg.1881.site.7, 0, 215, 215
1120974.3.peg.1881.site.8, 204, 215, 419
1120974.3.peg.1881.site.9, 26, 213, 239
1120974.3.peg.1881.site.10, 186, 212, 398
1120974.3.peg.1881.site.11, 4, 213, 217
1120974.3.peg.1881.site.12, 29, 214, 243
1120974.3.peg.1881.site.13, 3, 216, 219
1120974.3.peg.1881.site.14, 3, 216, 219
1120974.3.peg.1881.site.15, 26, 213, 239
1120974.3.peg.1881.site.16, 173, 213, 386
1120974.3.peg.1881.site.17, 3, 216, 219
1120974.3.peg.1881.site.18, 23, 213, 236
1120974.3.peg.1881.site.19, 14, 209, 223
1120974.3.peg.1881.site.20, 23, 212, 235
1120974.3.peg.857.site.1, 173, 208, 381
1120974.3.peg.857.site.2, 173, 208, 381
1120974.3.peg.857.site.3, 1, 211, 212
1120974.3.peg.857.site.4, 4, 215, 219
1120974.3.peg.857.site.5, 8, 214, 222
1120974.3.peg.856.site.1, 0, 216, 216
1120974.3.peg.856.site.2, 0, 216, 216
1120974.3.peg.856.site.3, 0, 215, 215
1120974.3.peg.856.site.4, 67, 211, 278
1120974.3.peg.856.site.5, 0, 214, 214
1120974.3.peg.856.site.6, 170, 207, 377
1120974.3.peg.856.site.7, 28, 75, 103
1120974.3.peg.856.site.8, 9, 78, 87
1120974.3.peg.856.site.9, 0, 76, 76
1120974.3.peg.856.site.10, 18, 56, 74
1120974.3.peg.856.site.11, 5, 100, 105
1120974.3.peg.856.site.12, 1, 148, 149
1120974.3.peg.856.site.13, 4, 167, 171
1120974.3.peg.856.site.14, 12, 165, 177
1120974.3.peg.856.site.15, 5, 154, 159
1120974.3.peg.856.site.16, 6, 155, 161
1120974.3.peg.856.site.17, 16, 209, 225
1120974.3.peg.856.site.18, 157, 198, 355
1120974.3.peg.856.site.19, 0, 210, 210
1120974.3.peg.856.site.20, 0, 210, 210
1120974.3.peg.856.site.21, 17, 207, 224
1120974.3.peg.856.site.22, 11, 204, 215
1120974.3.peg.856.site.23, 11, 204, 215
1120974.3.peg.855.site.1, 51, 213, 264
1120974.3.peg.855.site.2, 6, 214, 220
1120974.3.peg.855.site.3, 2, 215, 217
1120974.3.peg.855.site.4, 2, 213, 215
1120974.3.peg.855.site.5, 10, 141, 151
1120974.3.peg.855.site.6, 0, 171, 171
1120974.3.peg.855.site.7, 0, 187, 187
1120974.3.peg.855.site.8, 0, 213, 213
1120974.3.peg.855.site.9, 64, 208, 272
1120974.3.peg.855.site.10, 8, 211, 219
1120974.3.peg.855.site.11, 53, 200, 253
1120974.3.peg.855.site.12, 0, 174, 174
1120974.3.peg.855.site.13, 9, 155, 164
1120974.3.peg.855.site.14, 1, 159, 160
1120974.3.peg.855.site.15, 9, 177, 186
1120974.3.peg.855.site.16, 0, 139, 139
1120974.3.peg.855.site.17, 8, 212, 220
1120974.3.peg.855.site.18, 10, 214, 224
1120974.3.peg.855.site.19, 10, 214, 224
1120974.3.peg.855.site.20, 10, 212, 222
1120974.3.peg.855.site.21, 70, 214, 284
1120974.3.peg.855.site.22, 9, 213, 222
1120974.3.peg.855.site.23, 0, 216, 216
1120974.3.peg.855.site.24, 11, 215, 226
1120974.3.peg.855.site.25, 0, 215, 215
1120974.3.peg.855.site.26, 11, 215, 226
1120974.3.peg.855.site.27, 5, 215, 220
1120974.3.peg.855.site.28, 5, 215, 220
1120974.3.peg.855.site.29, 12, 215, 227
1120974.3.peg.855.site.30, 68, 194, 262
1120974.3.peg.855.site.31, 111, 191, 302
1120974.3.peg.855.site.32, 182, 194, 376
1120974.3.peg.855.site.33, 1, 194, 195
1120974.3.peg.855.site.34, 2, 196, 198
1120974.3.peg.855.site.35, 4, 199, 203
1120974.3.peg.855.site.36, 5, 203, 208
1120974.3.peg.855.site.37, 8, 204, 212
1120974.3.peg.855.site.38, 3, 209, 212
1120974.3.peg.855.site.39, 1, 216, 217
1120974.3.peg.855.site.40, 124, 204, 328
1120974.3.peg.855.site.41, 128, 209, 337
1120974.3.peg.855.site.42, 66, 178, 244
1120974.3.peg.855.site.43, 74, 132, 206
1120974.3.peg.855.site.44, 17, 74, 91
1120974.3.peg.855.site.45, 11, 66, 77
1120974.3.peg.855.site.46, 3, 55, 58
1120974.3.peg.855.site.47, 41, 43, 84
1120974.3.peg.855.site.48, 1, 37, 38
1120974.3.peg.855.site.49, 47, 48, 95
1120974.3.peg.855.site.50, 58, 59, 117
1120974.3.peg.855.site.51, 1, 69, 70
1120974.3.peg.855.site.52, 3, 59, 62
1120974.3.peg.855.site.53, 2, 84, 86
1120974.3.peg.855.site.54, 0, 115, 115
1120974.3.peg.855.site.55, 73, 100, 173
1120974.3.peg.855.site.56, 0, 112, 112
1120974.3.peg.855.site.57, 89, 122, 211
1120974.3.peg.855.site.58, 101, 136, 237
1120974.3.peg.855.site.59, 0, 191, 191
1120974.3.peg.855.site.60, 0, 200, 200
1120974.3.peg.854.site.1, 23, 214, 237
1120974.3.peg.854.site.2, 24, 214, 238
1120974.3.peg.854.site.3, 48, 209, 257
1120974.3.peg.854.site.4, 21, 211, 232
1120974.3.peg.854.site.5, 19, 210, 229
1120974.3.peg.854.site.6, 0, 210, 210
1120974.3.peg.854.site.7, 2, 193, 195
1120974.3.peg.854.site.8, 7, 199, 206
1120974.3.peg.854.site.9, 3, 206, 209
1120974.3.peg.854.site.10, 4, 194, 198
1120974.3.peg.854.site.11, 2, 194, 196
1120974.3.peg.854.site.12, 3, 195, 198
1120974.3.peg.854.site.13, 4, 196, 200
1120974.3.peg.854.site.14, 50, 197, 247
1120974.3.peg.854.site.15, 0, 212, 212
1120974.3.peg.854.site.16, 0, 215, 215
1120974.3.peg.854.site.17, 73, 208, 281
1120974.3.peg.854.site.18, 0, 215, 215
1120974.3.peg.853.site.1, 41, 212, 253
1120974.3.peg.853.site.2, 175, 205, 380
1120974.3.peg.853.site.3, 188, 189, 377
1120974.3.peg.853.site.4, 4, 180, 184
1120974.3.peg.853.site.5, 133, 162, 295
1120974.3.peg.853.site.6, 15, 173, 188
1120974.3.peg.853.site.7, 147, 173, 320
1120974.3.peg.853.site.8, 104, 149, 253
1120974.3.peg.853.site.9, 3, 138, 141
1120974.3.peg.853.site.10, 105, 117, 222
1120974.3.peg.853.site.11, 3, 135, 138
1120974.3.peg.853.site.12, 8, 107, 115
1120974.3.peg.853.site.13, 75, 101, 176
1120974.3.peg.853.site.14, 138, 167, 305
1120974.3.peg.853.site.15, 129, 197, 326
1120974.3.peg.853.site.16, 201, 208, 409
1120974.3.peg.853.site.17, 2, 210, 212
1120974.3.peg.853.site.18, 0, 210, 210
1120974.3.peg.853.site.19, 182, 209, 391
1120974.3.peg.853.site.20, 0, 214, 214
1120974.3.peg.853.site.21, 7, 214, 221
1120974.3.peg.853.site.22, 7, 213, 220
1120974.3.peg.853.site.23, 184, 212, 396
1120974.3.peg.853.site.24, 0, 213, 213
1120974.3.peg.853.site.25, 183, 214, 397
1120974.3.peg.853.site.26, 16, 212, 228
1120974.3.peg.853.site.27, 1, 214, 215
1120974.3.peg.853.site.28, 4, 215, 219
1120974.3.peg.853.site.29, 0, 211, 211
1120974.3.peg.853.site.30, 0, 205, 205
1120974.3.peg.853.site.31, 11, 204, 215
1120974.3.peg.853.site.32, 3, 209, 212
1120974.3.peg.853.site.33, 18, 210, 228
1120974.3.peg.853.site.34, 210, 213, 423
1120974.3.peg.852.site.1, 38, 51, 89
1120974.3.peg.852.site.2, 76, 96, 172
1120974.3.peg.852.site.3, 109, 129, 238
1120974.3.peg.852.site.4, 180, 201, 381
1120974.3.peg.852.site.5, 184, 201, 385
1120974.3.peg.852.site.6, 161, 182, 343
1120974.3.peg.852.site.7, 152, 173, 325
1120974.3.peg.852.site.8, 161, 181, 342
1120974.3.peg.852.site.9, 178, 198, 376
1120974.3.peg.852.site.10, 175, 197, 372
1120974.3.peg.852.site.11, 0, 186, 186
1120974.3.peg.852.site.12, 153, 165, 318
1120974.3.peg.852.site.13, 170, 193, 363
1120974.3.peg.852.site.14, 168, 191, 359
1120974.3.peg.852.site.15, 176, 198, 374
1120974.3.peg.852.site.16, 183, 205, 388
1120974.3.peg.852.site.17, 182, 204, 386
1120974.3.peg.852.site.18, 182, 204, 386
1120974.3.peg.852.site.19, 0, 204, 204
1120974.3.peg.852.site.20, 179, 201, 380
1120974.3.peg.852.site.21, 163, 185, 348
1120974.3.peg.852.site.22, 1, 186, 187
1120974.3.peg.852.site.23, 4, 186, 190
1120974.3.peg.852.site.24, 162, 182, 344
1120974.3.peg.852.site.25, 161, 183, 344
1120974.3.peg.852.site.26, 4, 188, 192
1120974.3.peg.852.site.27, 8, 195, 203
1120974.3.peg.852.site.28, 0, 195, 195
1120974.3.peg.852.site.29, 0, 193, 193
1120974.3.peg.852.site.30, 1, 179, 180
1120974.3.peg.852.site.31, 0, 163, 163
1120974.3.peg.852.site.32, 141, 167, 308
1120974.3.peg.852.site.33, 141, 167, 308
1120974.3.peg.852.site.34, 172, 196, 368
1120974.3.peg.852.site.35, 0, 204, 204
1120974.3.peg.852.site.36, 197, 203, 400
1120974.3.peg.852.site.37, 180, 202, 382
1120974.3.peg.852.site.38, 186, 192, 378
1120974.3.peg.852.site.39, 10, 192, 202
1120974.3.peg.852.site.40, 177, 192, 369
1120974.3.peg.852.site.41, 5, 204, 209
1120974.3.peg.852.site.42, 197, 204, 401
1120974.3.peg.852.site.43, 1, 202, 203
1120974.3.peg.852.site.44, 0, 198, 198
1120974.3.peg.2180.site.1, 166, 206, 372
1120974.3.peg.2180.site.2, 2, 211, 213
1120974.3.peg.2180.site.3, 216, 216, 432
1120974.3.peg.2180.site.4, 26, 214, 240
1120974.3.peg.2180.site.5, 31, 214, 245
1120974.3.peg.2180.site.6, 0, 215, 215
1120974.3.peg.2180.site.7, 23, 211, 234
1120974.3.peg.2180.site.8, 1, 213, 214
1120974.3.peg.2180.site.9, 1, 199, 200
1120974.3.peg.2180.site.10, 1, 198, 199
1120974.3.peg.2180.site.11, 3, 208, 211
1120974.3.peg.2180.site.12, 3, 209, 212
1120974.3.peg.2180.site.13, 11, 205, 216
1120974.3.peg.2180.site.14, 7, 210, 217
1120974.3.peg.2180.site.15, 24, 211, 235
1120974.3.peg.2180.site.16, 4, 213, 217
1120974.3.peg.2180.site.17, 145, 207, 352
1120974.3.peg.2180.site.18, 196, 208, 404
1120974.3.peg.2180.site.19, 0, 211, 211
1120974.3.peg.2180.site.20, 177, 206, 383
1120974.3.peg.2180.site.21, 0, 214, 214
1120974.3.peg.2180.site.22, 17, 215, 232
1120974.3.peg.2180.site.23, 41, 214, 255
1120974.3.peg.2180.site.24, 0, 214, 214
1120974.3.peg.2180.site.25, 2, 216, 218
1120974.3.peg.2180.site.26, 0, 213, 213
1120974.3.peg.2180.site.27, 26, 212, 238
1120974.3.peg.2180.site.28, 151, 212, 363
1120974.3.peg.2180.site.29, 28, 214, 242
1120974.3.peg.2180.site.30, 0, 216, 216
1120974.3.peg.2180.site.31, 7, 214, 221
1120974.3.peg.858.site.1, 207, 211, 418
1120974.3.peg.858.site.2, 22, 216, 238
1120974.3.peg.858.site.3, 20, 214, 234
1120974.3.peg.858.site.4, 0, 212, 212
1120974.3.peg.858.site.5, 174, 206, 380
1120974.3.peg.858.site.6, 8, 210, 218
1120974.3.peg.858.site.7, 0, 213, 213
1120974.3.peg.858.site.8, 0, 174, 174
1120974.3.peg.858.site.9, 0, 198, 198
1120974.3.peg.858.site.10, 0, 204, 204
1120974.3.peg.858.site.11, 166, 200, 366
1120974.3.peg.858.site.12, 0, 209, 209
1120974.3.peg.858.site.13, 0, 211, 211
1120974.3.peg.858.site.14, 0, 211, 211
1120974.3.peg.858.site.15, 43, 208, 251
1120974.3.peg.858.site.16, 14, 213, 227
1120974.3.peg.858.site.17, 14, 214, 228
1120974.3.peg.858.site.18, 28, 212, 240
1120974.3.peg.858.site.19, 11, 216, 227
1120974.3.peg.858.site.20, 29, 207, 236
1120974.3.peg.858.site.21, 29, 214, 243
1120974.3.peg.858.site.22, 29, 214, 243
1120974.3.peg.858.site.23, 29, 213, 242
1120974.3.peg.2218.site.1, 200, 213, 413
1120974.3.peg.2218.site.2, 0, 215, 215
1120974.3.peg.2218.site.3, 2, 213, 215
1120974.3.peg.2218.site.4, 1, 213, 214
1120974.3.peg.2218.site.5, 5, 215, 220
1120974.3.peg.2218.site.6, 2, 215, 217
1120974.3.peg.2218.site.7, 0, 213, 213
1120974.3.peg.2218.site.8, 14, 215, 229
1120974.3.peg.2218.site.9, 4, 213, 217
1120974.3.peg.2218.site.10, 3, 215, 218
1120974.3.peg.2218.site.11, 1, 214, 215
1120974.3.peg.2218.site.12, 191, 213, 404
1120974.3.peg.2218.site.13, 0, 216, 216
1120974.3.peg.2218.site.14, 191, 213, 404
1120974.3.peg.2218.site.15, 1, 216, 217
1120974.3.peg.2218.site.16, 145, 203, 348
1120974.3.peg.2218.site.17, 0, 205, 205
1120974.3.peg.2218.site.18, 178, 199, 377
1120974.3.peg.2218.site.19, 0, 207, 207
1120974.3.peg.2218.site.20, 11, 201, 212
1120974.3.peg.2218.site.21, 34, 196, 230
1120974.3.peg.2218.site.22, 169, 204, 373
1120974.3.peg.2218.site.23, 201, 212, 413
1120974.3.peg.2218.site.24, 0, 215, 215
1120974.3.peg.2218.site.25, 0, 210, 210
1120974.3.peg.2218.site.26, 4, 215, 219
1120974.3.peg.2218.site.27, 162, 211, 373
1120974.3.peg.2218.site.28, 161, 209, 370
1120974.3.peg.2218.site.29, 0, 200, 200
1120974.3.peg.2218.site.30, 144, 207, 351
1120974.3.peg.2218.site.31, 4, 214, 218
1120974.3.peg.2218.site.32, 0, 216, 216
1120974.3.peg.2219.site.1, 1, 180, 181
1120974.3.peg.2219.site.2, 13, 87, 100
1120974.3.peg.2219.site.3, 71, 145, 216
1120974.3.peg.2219.site.4, 112, 168, 280
1120974.3.peg.2219.site.5, 12, 184, 196
1120974.3.peg.2219.site.6, 17, 185, 202
1120974.3.peg.2219.site.7, 0, 209, 209
1120974.3.peg.2219.site.8, 141, 203, 344
1120974.3.peg.2219.site.9, 147, 209, 356
1120974.3.peg.2219.site.10, 0, 213, 213
1120974.3.peg.2219.site.11, 26, 213, 239
1120974.3.peg.2219.site.12, 25, 214, 239
1120974.3.peg.2216.site.1, 2, 216, 218
1120974.3.peg.2216.site.2, 13, 214, 227
1120974.3.peg.2216.site.3, 12, 209, 221
1120974.3.peg.2216.site.4, 165, 214, 379
1120974.3.peg.2216.site.5, 4, 214, 218
1120974.3.peg.2216.site.6, 155, 213, 368
1120974.3.peg.2216.site.7, 8, 215, 223
1120974.3.peg.2216.site.8, 1, 216, 217
1120974.3.peg.2216.site.9, 2, 216, 218
1120974.3.peg.2216.site.10, 3, 216, 219
1120974.3.peg.2216.site.11, 10, 216, 226
1120974.3.peg.2216.site.12, 213, 215, 428
1120974.3.peg.2216.site.13, 10, 215, 225
1120974.3.peg.2216.site.14, 132, 211, 343
1120974.3.peg.2216.site.15, 1, 216, 217
1120974.3.peg.2216.site.16, 5, 216, 221
1120974.3.peg.2216.site.17, 120, 211, 331
1120974.3.peg.2216.site.18, 1, 216, 217
1120974.3.peg.2216.site.19, 3, 216, 219
1120974.3.peg.2217.site.1, 7, 215, 222
1120974.3.peg.2217.site.2, 37, 211, 248
1120974.3.peg.2217.site.3, 37, 213, 250
1120974.3.peg.2217.site.4, 0, 215, 215
1120974.3.peg.2217.site.5, 121, 194, 315
1120974.3.peg.2217.site.6, 2, 197, 199
1120974.3.peg.2217.site.7, 9, 153, 162
1120974.3.peg.2217.site.8, 106, 149, 255
1120974.3.peg.2217.site.9, 14, 154, 168
1120974.3.peg.2217.site.10, 22, 177, 199
1120974.3.peg.2217.site.11, 1, 208, 209
1120974.3.peg.2217.site.12, 6, 179, 185
1120974.3.peg.2217.site.13, 1, 176, 177
1120974.3.peg.2217.site.14, 33, 182, 215
1120974.3.peg.2217.site.15, 7, 200, 207
1120974.3.peg.2217.site.16, 0, 197, 197
1120974.3.peg.2217.site.17, 31, 202, 233
1120974.3.peg.2217.site.18, 7, 216, 223
1120974.3.peg.2214.site.1, 4, 214, 218
1120974.3.peg.2214.site.2, 2, 216, 218
1120974.3.peg.2214.site.3, 2, 216, 218
1120974.3.peg.2214.site.4, 39, 211, 250
1120974.3.peg.2214.site.5, 0, 177, 177
1120974.3.peg.2214.site.6, 8, 182, 190
1120974.3.peg.2214.site.7, 2, 176, 178
1120974.3.peg.2214.site.8, 5, 177, 182
1120974.3.peg.2214.site.9, 4, 177, 181
1120974.3.peg.2214.site.10, 2, 191, 193
1120974.3.peg.2214.site.11, 34, 209, 243
1120974.3.peg.2214.site.12, 38, 212, 250
1120974.3.peg.2214.site.13, 124, 211, 335
1120974.3.peg.2214.site.14, 41, 212, 253
1120974.3.peg.2214.site.15, 0, 216, 216
1120974.3.peg.2214.site.16, 41, 212, 253
1120974.3.peg.2214.site.17, 1, 211, 212
1120974.3.peg.2214.site.18, 3, 214, 217
1120974.3.peg.2214.site.19, 2, 199, 201
1120974.3.peg.2214.site.20, 43, 210, 253
1120974.3.peg.2214.site.21, 0, 213, 213
1120974.3.peg.2214.site.22, 11, 209, 220
1120974.3.peg.2214.site.23, 32, 197, 229
1120974.3.peg.2214.site.24, 199, 200, 399
1120974.3.peg.2214.site.25, 39, 191, 230
1120974.3.peg.2214.site.26, 41, 211, 252
1120974.3.peg.2214.site.27, 1, 214, 215
1120974.3.peg.2214.site.28, 32, 214, 246
1120974.3.peg.2214.site.29, 42, 212, 254
1120974.3.peg.2214.site.30, 3, 212, 215
1120974.3.peg.2214.site.31, 88, 185, 273
1120974.3.peg.2214.site.32, 172, 214, 386
1120974.3.peg.2214.site.33, 171, 213, 384
1120974.3.peg.2214.site.34, 1, 214, 215
1120974.3.peg.2215.site.1, 214, 214, 428
1120974.3.peg.2215.site.2, 8, 215, 223
1120974.3.peg.2215.site.3, 9, 188, 197
1120974.3.peg.2215.site.4, 1, 216, 217
1120974.3.peg.2215.site.5, 0, 216, 216
1120974.3.peg.2215.site.6, 152, 203, 355
1120974.3.peg.2215.site.7, 138, 189, 327
1120974.3.peg.2215.site.8, 136, 187, 323
1120974.3.peg.2215.site.9, 141, 191, 332
1120974.3.peg.2215.site.10, 163, 213, 376
1120974.3.peg.2212.site.1, 16, 214, 230
1120974.3.peg.2212.site.2, 0, 215, 215
1120974.3.peg.2212.site.3, 13, 214, 227
1120974.3.peg.2212.site.4, 15, 196, 211
1120974.3.peg.2212.site.5, 2, 197, 199
1120974.3.peg.2212.site.6, 0, 214, 214
1120974.3.peg.2212.site.7, 27, 216, 243
1120974.3.peg.2212.site.8, 173, 213, 386
1120974.3.peg.2212.site.9, 13, 214, 227
1120974.3.peg.2212.site.10, 1, 215, 216
1120974.3.peg.2212.site.11, 42, 210, 252
1120974.3.peg.2212.site.12, 1, 215, 216
1120974.3.peg.2212.site.13, 0, 212, 212
1120974.3.peg.2212.site.14, 0, 215, 215
1120974.3.peg.2212.site.15, 64, 211, 275
1120974.3.peg.2212.site.16, 1, 215, 216
1120974.3.peg.2212.site.17, 1, 215, 216
1120974.3.peg.2212.site.18, 12, 213, 225
1120974.3.peg.2212.site.19, 0, 213, 213
1120974.3.peg.2212.site.20, 0, 214, 214
1120974.3.peg.2212.site.21, 68, 211, 279
1120974.3.peg.2212.site.22, 51, 174, 225
1120974.3.peg.2212.site.23, 1, 185, 186
1120974.3.peg.2212.site.24, 0, 214, 214
1120974.3.peg.2212.site.25, 0, 216, 216
1120974.3.peg.2212.site.26, 8, 215, 223
1120974.3.peg.2212.site.27, 74, 210, 284
1120974.3.peg.2212.site.28, 3, 215, 218
1120974.3.peg.2212.site.29, 11, 214, 225
1120974.3.peg.2212.site.30, 0, 216, 216
1120974.3.peg.2212.site.31, 0, 216, 216
1120974.3.peg.2212.site.32, 1, 215, 216
1120974.3.peg.2210.site.1, 69, 212, 281
1120974.3.peg.2210.site.2, 124, 212, 336
1120974.3.peg.2210.site.3, 113, 211, 324
1120974.3.peg.2210.site.4, 114, 212, 326
1120974.3.peg.2210.site.5, 52, 213, 265
1120974.3.peg.2210.site.6, 50, 212, 262
1120974.3.peg.2210.site.7, 49, 213, 262
1120974.3.peg.2210.site.8, 1, 214, 215
1120974.3.peg.2210.site.9, 1, 215, 216
1120974.3.peg.2211.site.1, 48, 84, 132
1120974.3.peg.2211.site.2, 2, 213, 215
1120974.3.peg.2211.site.3, 3, 213, 216
1120974.3.peg.2211.site.4, 0, 214, 214
1120974.3.peg.2211.site.5, 1, 207, 208
1120974.3.peg.2211.site.6, 52, 200, 252
1120974.3.peg.2211.site.7, 27, 203, 230
1120974.3.peg.2211.site.8, 3, 211, 214
1120974.3.peg.2211.site.9, 211, 211, 422
1120974.3.peg.2211.site.10, 29, 211, 240
1120974.3.peg.2211.site.11, 124, 210, 334
1120974.3.peg.2211.site.12, 2, 212, 214
1120974.3.peg.2211.site.13, 12, 203, 215
1120974.3.peg.2678.site.1, 43, 64, 107
1120974.3.peg.2678.site.2, 3, 24, 27
1120974.3.peg.984.site.1, 157, 209, 366
1120974.3.peg.984.site.2, 1, 208, 209
1120974.3.peg.984.site.3, 0, 210, 210
1120974.3.peg.984.site.4, 203, 212, 415
1120974.3.peg.984.site.5, 2, 212, 214
1120974.3.peg.984.site.6, 0, 215, 215
1120974.3.peg.984.site.7, 167, 209, 376
1120974.3.peg.984.site.8, 0, 215, 215
1120974.3.peg.984.site.9, 157, 211, 368
1120974.3.peg.984.site.10, 0, 215, 215
1120974.3.peg.984.site.11, 2, 215, 217
1120974.3.peg.984.site.12, 194, 212, 406
1120974.3.peg.984.site.13, 161, 208, 369
1120974.3.peg.2856.site.1, 4, 202, 206
1120974.3.peg.2856.site.2, 76, 191, 267
1120974.3.peg.2856.site.3, 0, 180, 180
1120974.3.peg.2856.site.4, 1, 188, 189
1120974.3.peg.2856.site.5, 8, 209, 217
1120974.3.peg.2856.site.6, 0, 214, 214
1120974.3.peg.2856.site.7, 129, 213, 342
1120974.3.peg.2856.site.8, 0, 214, 214
1120974.3.peg.2856.site.9, 202, 211, 413
1120974.3.peg.2856.site.10, 122, 198, 320
1120974.3.peg.2856.site.11, 120, 194, 314
1120974.3.peg.2856.site.12, 114, 191, 305
1120974.3.peg.2856.site.13, 139, 211, 350
1120974.3.peg.2856.site.14, 0, 215, 215
1120974.3.peg.2856.site.15, 0, 214, 214
1120974.3.peg.2856.site.16, 0, 216, 216
1120974.3.peg.2856.site.17, 182, 210, 392
1120974.3.peg.2856.site.18, 3, 208, 211
1120974.3.peg.2856.site.19, 0, 201, 201
1120974.3.peg.2856.site.20, 2, 195, 197
1120974.3.peg.2856.site.21, 4, 213, 217
1120974.3.peg.2856.site.22, 177, 210, 387
1120974.3.peg.2856.site.23, 60, 214, 274
1120974.3.peg.2856.site.24, 45, 213, 258
1120974.3.peg.2856.site.25, 3, 215, 218
1120974.3.peg.2856.site.26, 2, 215, 217
1120974.3.peg.2856.site.27, 0, 214, 214
1120974.3.peg.2856.site.28, 0, 216, 216
1120974.3.peg.2856.site.29, 135, 213, 348
1120974.3.peg.2856.site.30, 137, 213, 350
1120974.3.peg.2856.site.31, 45, 214, 259
1120974.3.peg.2856.site.32, 138, 213, 351
1120974.3.peg.2856.site.33, 194, 213, 407
1120974.3.peg.2856.site.34, 8, 210, 218
1120974.3.peg.2856.site.35, 139, 210, 349
1120974.3.peg.2856.site.36, 5, 213, 218
1120974.3.peg.2856.site.37, 41, 215, 256
1120974.3.peg.2856.site.38, 41, 215, 256
1120974.3.peg.2856.site.39, 130, 215, 345
1120974.3.peg.2856.site.40, 0, 216, 216
1120974.3.peg.2856.site.41, 52, 213, 265
1120974.3.peg.2856.site.42, 123, 209, 332
1120974.3.peg.2856.site.43, 0, 214, 214
1120974.3.peg.2856.site.44, 17, 212, 229
1120974.3.peg.2856.site.45, 5, 215, 220
1120974.3.peg.2856.site.46, 0, 212, 212
1120974.3.peg.2856.site.47, 2, 214, 216
1120974.3.peg.2856.site.48, 1, 211, 212
1120974.3.peg.2856.site.49, 1, 215, 216
1120974.3.peg.986.site.1, 188, 212, 400
1120974.3.peg.986.site.2, 0, 215, 215
1120974.3.peg.986.site.3, 185, 212, 397
1120974.3.peg.986.site.4, 3, 216, 219
1120974.3.peg.986.site.5, 162, 211, 373
1120974.3.peg.986.site.6, 3, 216, 219
1120974.3.peg.986.site.7, 190, 214, 404
1120974.3.peg.986.site.8, 189, 212, 401
1120974.3.peg.986.site.9, 2, 215, 217
1120974.3.peg.986.site.10, 21, 214, 235
1120974.3.peg.986.site.11, 1, 215, 216
1120974.3.peg.986.site.12, 190, 213, 403
1120974.3.peg.986.site.13, 189, 213, 402
1120974.3.peg.986.site.14, 1, 216, 217
1120974.3.peg.986.site.15, 13, 207, 220
1120974.3.peg.981.site.1, 171, 213, 384
1120974.3.peg.981.site.2, 0, 215, 215
1120974.3.peg.981.site.3, 6, 215, 221
1120974.3.peg.981.site.4, 7, 216, 223
1120974.3.peg.981.site.5, 0, 215, 215
1120974.3.peg.981.site.6, 3, 215, 218
1120974.3.peg.981.site.7, 3, 215, 218
1120974.3.peg.981.site.8, 124, 208, 332
1120974.3.peg.981.site.9, 17, 206, 223
1120974.3.peg.981.site.10, 125, 211, 336
1120974.3.peg.981.site.11, 142, 214, 356
1120974.3.peg.981.site.12, 0, 215, 215
1120974.3.peg.981.site.13, 0, 215, 215
1120974.3.peg.981.site.14, 1, 216, 217
1120974.3.peg.981.site.15, 117, 210, 327
1120974.3.peg.2851.site.1, 2, 214, 216
1120974.3.peg.2851.site.2, 0, 216, 216
1120974.3.peg.2851.site.3, 202, 216, 418
1120974.3.peg.2851.site.4, 180, 213, 393
1120974.3.peg.2851.site.5, 192, 212, 404
1120974.3.peg.2851.site.6, 179, 212, 391
1120974.3.peg.2851.site.7, 195, 212, 407
1120974.3.peg.2851.site.8, 196, 211, 407
1120974.3.peg.2851.site.9, 4, 216, 220
1120974.3.peg.2851.site.10, 6, 215, 221
1120974.3.peg.2851.site.11, 1, 155, 156
1120974.3.peg.2851.site.12, 5, 137, 142
1120974.3.peg.2851.site.13, 32, 33, 65
1120974.3.peg.2851.site.14, 23, 24, 47
1120974.3.peg.2851.site.15, 5, 6, 11
1120974.3.peg.2851.site.16, 6, 7, 13
1120974.3.peg.2851.site.17, 22, 23, 45
1120974.3.peg.983.site.1, 137, 211, 348
1120974.3.peg.983.site.2, 1, 216, 217
1120974.3.peg.983.site.3, 208, 215, 423
1120974.3.peg.983.site.4, 209, 216, 425
1120974.3.peg.983.site.5, 174, 215, 389
1120974.3.peg.983.site.6, 3, 209, 212
1120974.3.peg.983.site.7, 1, 206, 207
1120974.3.peg.983.site.8, 66, 212, 278
1120974.3.peg.983.site.9, 122, 210, 332
1120974.3.peg.983.site.10, 198, 215, 413
1120974.3.peg.983.site.11, 192, 211, 403
1120974.3.peg.983.site.12, 66, 213, 279
1120974.3.peg.983.site.13, 66, 213, 279
1120974.3.peg.983.site.14, 0, 215, 215
1120974.3.peg.983.site.15, 0, 214, 214
1120974.3.peg.982.site.1, 37, 212, 249
1120974.3.peg.982.site.2, 124, 211, 335
1120974.3.peg.982.site.3, 4, 216, 220
1120974.3.peg.982.site.4, 6, 216, 222
1120974.3.peg.982.site.5, 39, 215, 254
1120974.3.peg.982.site.6, 66, 214, 280
1120974.3.peg.982.site.7, 0, 216, 216
1120974.3.peg.982.site.8, 9, 212, 221
1120974.3.peg.982.site.9, 201, 211, 412
1120974.3.peg.982.site.10, 111, 205, 316
1120974.3.peg.982.site.11, 7, 210, 217
1120974.3.peg.982.site.12, 133, 201, 334
1120974.3.peg.982.site.13, 109, 208, 317
1120974.3.peg.982.site.14, 177, 212, 389
1120974.3.peg.982.site.15, 12, 213, 225
1120974.3.peg.982.site.16, 92, 206, 298
1120974.3.peg.982.site.17, 12, 214, 226
1120974.3.peg.982.site.18, 0, 215, 215
1120974.3.peg.982.site.19, 14, 212, 226
1120974.3.peg.982.site.20, 4, 215, 219
1120974.3.peg.982.site.21, 0, 214, 214
1120974.3.peg.982.site.22, 40, 215, 255
1120974.3.peg.982.site.23, 203, 214, 417
1120974.3.peg.982.site.24, 5, 214, 219
1120974.3.peg.982.site.25, 30, 213, 243
1120974.3.peg.982.site.26, 163, 213, 376
1120974.3.peg.982.site.27, 4, 213, 217
1120974.3.peg.982.site.28, 44, 215, 259
1120974.3.peg.982.site.29, 118, 210, 328
1120974.3.peg.2670.site.1, 89, 208, 297
1120974.3.peg.2670.site.2, 89, 208, 297
1120974.3.peg.2670.site.3, 85, 207, 292
1120974.3.peg.2670.site.4, 1, 213, 214
1120974.3.peg.2670.site.5, 1, 212, 213
1120974.3.peg.2670.site.6, 86, 206, 292
1120974.3.peg.2670.site.7, 131, 196, 327
1120974.3.peg.2670.site.8, 195, 207, 402
1120974.3.peg.2670.site.9, 55, 212, 267
1120974.3.peg.2670.site.10, 138, 210, 348
1120974.3.peg.2670.site.11, 47, 215, 262
1120974.3.peg.2670.site.12, 2, 215, 217
1120974.3.peg.2670.site.13, 0, 215, 215
1120974.3.peg.2670.site.14, 1, 214, 215
1120974.3.peg.2670.site.15, 9, 215, 224
1120974.3.peg.2670.site.16, 100, 211, 311
1120974.3.peg.2670.site.17, 4, 216, 220
1120974.3.peg.2670.site.18, 0, 215, 215
1120974.3.peg.2670.site.19, 0, 212, 212
1120974.3.peg.2670.site.20, 0, 215, 215
1120974.3.peg.2670.site.21, 0, 207, 207
1120974.3.peg.2670.site.22, 4, 164, 168
1120974.3.peg.2670.site.23, 4, 137, 141
1120974.3.peg.2670.site.24, 0, 121, 121
1120974.3.peg.2670.site.25, 1, 191, 192
1120974.3.peg.2670.site.26, 142, 182, 324
1120974.3.peg.2670.site.27, 0, 195, 195
1120974.3.peg.2670.site.28, 31, 194, 225
1120974.3.peg.2671.site.1, 3, 213, 216
1120974.3.peg.2671.site.2, 3, 213, 216
1120974.3.peg.2671.site.3, 3, 214, 217
1120974.3.peg.2671.site.4, 3, 215, 218
1120974.3.peg.2671.site.5, 1, 212, 213
1120974.3.peg.2671.site.6, 3, 215, 218
1120974.3.peg.2671.site.7, 0, 215, 215
1120974.3.peg.2671.site.8, 0, 216, 216
1120974.3.peg.2671.site.9, 0, 215, 215
1120974.3.peg.2671.site.10, 8, 215, 223
1120974.3.peg.2671.site.11, 8, 215, 223
1120974.3.peg.2671.site.12, 0, 216, 216
1120974.3.peg.2671.site.13, 0, 216, 216
1120974.3.peg.2671.site.14, 0, 213, 213
1120974.3.peg.2671.site.15, 6, 216, 222
1120974.3.peg.2671.site.16, 0, 216, 216
1120974.3.peg.2671.site.17, 0, 216, 216
1120974.3.peg.2671.site.18, 0, 213, 213
1120974.3.peg.2671.site.19, 0, 214, 214
1120974.3.peg.2671.site.20, 0, 215, 215
1120974.3.peg.2671.site.21, 0, 213, 213
1120974.3.peg.2671.site.22, 0, 213, 213
1120974.3.peg.2671.site.23, 83, 204, 287
1120974.3.peg.2671.site.24, 103, 202, 305
1120974.3.peg.2671.site.25, 0, 213, 213
1120974.3.peg.2671.site.26, 208, 213, 421
1120974.3.peg.2671.site.27, 0, 214, 214
1120974.3.peg.2671.site.28, 86, 208, 294
1120974.3.peg.2671.site.29, 0, 211, 211
1120974.3.peg.2671.site.30, 0, 214, 214
1120974.3.peg.2671.site.31, 2, 216, 218
1120974.3.peg.2671.site.32, 11, 216, 227
1120974.3.peg.2671.site.33, 0, 216, 216
1120974.3.peg.2671.site.34, 12, 214, 226
1120974.3.peg.2672.site.1, 5, 214, 219
1120974.3.peg.2672.site.2, 0, 215, 215
1120974.3.peg.2673.site.1, 4, 215, 219
1120974.3.peg.2673.site.2, 0, 215, 215
1120974.3.peg.2673.site.3, 5, 212, 217
1120974.3.peg.2673.site.4, 0, 212, 212
1120974.3.peg.2673.site.5, 4, 214, 218
1120974.3.peg.2673.site.6, 63, 213, 276
1120974.3.peg.2673.site.7, 1, 209, 210
1120974.3.peg.2673.site.8, 2, 210, 212
1120974.3.peg.2673.site.9, 2, 210, 212
1120974.3.peg.2673.site.10, 1, 208, 209
1120974.3.peg.2673.site.11, 6, 212, 218
1120974.3.peg.2673.site.12, 2, 216, 218
1120974.3.peg.2673.site.13, 5, 216, 221
1120974.3.peg.2673.site.14, 207, 215, 422
1120974.3.peg.2673.site.15, 9, 215, 224
1120974.3.peg.2673.site.16, 5, 214, 219
1120974.3.peg.2673.site.17, 5, 214, 219
1120974.3.peg.2673.site.18, 5, 214, 219
1120974.3.peg.2673.site.19, 4, 213, 217
1120974.3.peg.2673.site.20, 5, 214, 219
1120974.3.peg.2673.site.21, 9, 215, 224
1120974.3.peg.2673.site.22, 12, 215, 227
1120974.3.peg.989.site.1, 1, 23, 24
1120974.3.peg.989.site.2, 0, 32, 32
1120974.3.peg.989.site.3, 15, 37, 52
1120974.3.peg.989.site.4, 1, 214, 215
1120974.3.peg.989.site.5, 193, 213, 406
1120974.3.peg.989.site.6, 172, 212, 384
1120974.3.peg.989.site.7, 192, 212, 404
1120974.3.peg.989.site.8, 20, 214, 234
1120974.3.peg.989.site.9, 171, 212, 383
1120974.3.peg.989.site.10, 20, 215, 235
1120974.3.peg.2676.site.1, 117, 127, 244
1120974.3.peg.2676.site.2, 3, 130, 133
1120974.3.peg.2676.site.3, 13, 161, 174
1120974.3.peg.2676.site.4, 4, 189, 193
1120974.3.peg.2676.site.5, 0, 213, 213
1120974.3.peg.2676.site.6, 2, 211, 213
1120974.3.peg.2676.site.7, 73, 204, 277
1120974.3.peg.2676.site.8, 5, 206, 211
1120974.3.peg.2676.site.9, 76, 211, 287
1120974.3.peg.2676.site.10, 2, 214, 216
1120974.3.peg.2676.site.11, 2, 216, 218
1120974.3.peg.2676.site.12, 43, 173, 216
1120974.3.peg.2676.site.13, 44, 176, 220
1120974.3.peg.2676.site.14, 1, 207, 208
1120974.3.peg.2676.site.15, 1, 215, 216
1120974.3.peg.2676.site.16, 1, 215, 216
1120974.3.peg.2676.site.17, 0, 212, 212
1120974.3.peg.2676.site.18, 0, 205, 205
1120974.3.peg.2676.site.19, 75, 206, 281
1120974.3.peg.2676.site.20, 72, 206, 278
1120974.3.peg.2676.site.21, 0, 215, 215
1120974.3.peg.2676.site.22, 73, 209, 282
1120974.3.peg.2676.site.23, 190, 211, 401
1120974.3.peg.2676.site.24, 116, 213, 329
1120974.3.peg.2676.site.25, 2, 216, 218
1120974.3.peg.2676.site.26, 113, 212, 325
1120974.3.peg.2676.site.27, 112, 211, 323
1120974.3.peg.2676.site.28, 75, 212, 287
1120974.3.peg.2677.site.1, 0, 211, 211
1120974.3.peg.2677.site.2, 2, 211, 213
1120974.3.peg.2677.site.3, 0, 209, 209
1120974.3.peg.2677.site.4, 103, 213, 316
1120974.3.peg.2677.site.5, 3, 216, 219
1120974.3.peg.2677.site.6, 9, 215, 224
1120974.3.peg.2677.site.7, 216, 216, 432
1120974.3.peg.2677.site.8, 83, 212, 295
1120974.3.peg.2677.site.9, 0, 215, 215
1120974.3.peg.2677.site.10, 2, 215, 217
1120974.3.peg.2677.site.11, 195, 209, 404
1120974.3.peg.2677.site.12, 78, 204, 282
1120974.3.peg.2677.site.13, 203, 215, 418
1120974.3.peg.2677.site.14, 0, 216, 216
1120974.3.peg.2677.site.15, 18, 212, 230
1120974.3.peg.2677.site.16, 14, 213, 227
1120974.3.peg.2677.site.17, 24, 207, 231
1120974.3.peg.2677.site.18, 4, 212, 216
1120974.3.peg.2677.site.19, 7, 213, 220
1120974.3.peg.2677.site.20, 198, 213, 411
1120974.3.peg.2677.site.21, 9, 211, 220
1120974.3.peg.2677.site.22, 10, 212, 222
1120974.3.peg.2677.site.23, 10, 211, 221
1120974.3.peg.2677.site.24, 0, 213, 213
1120974.3.peg.2677.site.25, 4, 213, 217
1120974.3.peg.2677.site.26, 1, 214, 215
1120974.3.peg.2677.site.27, 1, 214, 215
1120974.3.peg.2677.site.28, 10, 215, 225
1120974.3.peg.2677.site.29, 191, 215, 406
1120974.3.peg.2677.site.30, 0, 215, 215
1120974.3.peg.2677.site.31, 0, 216, 216
1120974.3.peg.2677.site.32, 198, 214, 412
1120974.3.peg.2677.site.33, 0, 216, 216
1120974.3.peg.2677.site.34, 212, 216, 428
1120974.3.peg.2677.site.35, 0, 216, 216
1120974.3.peg.2677.site.36, 214, 216, 430
1120974.3.peg.2677.site.37, 0, 215, 215
1120974.3.peg.1110.site.1, 5, 216, 221
1120974.3.peg.1110.site.2, 5, 216, 221
1120974.3.peg.1110.site.3, 0, 208, 208
1120974.3.peg.1110.site.4, 31, 197, 228
1120974.3.peg.1110.site.5, 185, 212, 397
1120974.3.peg.1110.site.6, 16, 214, 230
1120974.3.peg.1110.site.7, 184, 211, 395
1120974.3.peg.1110.site.8, 189, 213, 402
1120974.3.peg.1110.site.9, 214, 215, 429
1120974.3.peg.2690.site.1, 0, 216, 216
1120974.3.peg.2690.site.2, 14, 216, 230
1120974.3.peg.2690.site.3, 87, 210, 297
1120974.3.peg.2690.site.4, 0, 215, 215
1120974.3.peg.2690.site.5, 1, 215, 216
1120974.3.peg.2690.site.6, 0, 215, 215
1120974.3.peg.2690.site.7, 2, 213, 215
1120974.3.peg.2690.site.8, 214, 214, 428
1120974.3.peg.2690.site.9, 13, 215, 228
1120974.3.peg.2690.site.10, 103, 213, 316
1120974.3.peg.2690.site.11, 103, 213, 316
1120974.3.peg.2690.site.12, 185, 215, 400
1120974.3.peg.2690.site.13, 6, 216, 222
1120974.3.peg.2690.site.14, 106, 212, 318
1120974.3.peg.2690.site.15, 6, 216, 222
1120974.3.peg.2690.site.16, 11, 215, 226
1120974.3.peg.2690.site.17, 10, 215, 225
1120974.3.peg.2690.site.18, 203, 214, 417
1120974.3.peg.2690.site.19, 10, 214, 224
1120974.3.peg.2690.site.20, 114, 211, 325
1120974.3.peg.2690.site.21, 113, 210, 323
1120974.3.peg.2690.site.22, 1, 213, 214
1120974.3.peg.2690.site.23, 113, 211, 324
1120974.3.peg.2690.site.24, 0, 216, 216
1120974.3.peg.2690.site.25, 10, 215, 225
1120974.3.peg.2690.site.26, 8, 214, 222
1120974.3.peg.2690.site.27, 0, 215, 215
1120974.3.peg.2690.site.28, 0, 216, 216
1120974.3.peg.2690.site.29, 103, 212, 315
1120974.3.peg.2690.site.30, 184, 215, 399
1120974.3.peg.2690.site.31, 86, 195, 281
1120974.3.peg.2690.site.32, 85, 184, 269
1120974.3.peg.2690.site.33, 52, 161, 213
1120974.3.peg.2690.site.34, 8, 120, 128
1120974.3.peg.2690.site.35, 11, 111, 122
1120974.3.peg.2690.site.36, 1, 202, 203
1120974.3.peg.2690.site.37, 104, 211, 315
1120974.3.peg.2690.site.38, 104, 212, 316
1120974.3.peg.2690.site.39, 115, 212, 327
1120974.3.peg.2690.site.40, 106, 210, 316
1120974.3.peg.2690.site.41, 1, 215, 216
1120974.3.peg.2690.site.42, 116, 212, 328
1120974.3.peg.2690.site.43, 106, 210, 316
1120974.3.peg.2690.site.44, 12, 216, 228
1120974.3.peg.2690.site.45, 106, 210, 316
1120974.3.peg.2690.site.46, 13, 216, 229
1120974.3.peg.2690.site.47, 13, 213, 226
1120974.3.peg.2690.site.48, 13, 207, 220
1120974.3.peg.2690.site.49, 120, 208, 328
1120974.3.peg.2690.site.50, 6, 214, 220
1120974.3.peg.2690.site.51, 71, 210, 281
1120974.3.peg.2691.site.1, 100, 208, 308
1120974.3.peg.2691.site.2, 99, 209, 308
1120974.3.peg.2691.site.3, 2, 214, 216
1120974.3.peg.2691.site.4, 100, 204, 304
1120974.3.peg.2691.site.5, 99, 204, 303
1120974.3.peg.2691.site.6, 1, 210, 211
1120974.3.peg.2691.site.7, 0, 208, 208
1120974.3.peg.2691.site.8, 2, 211, 213
1120974.3.peg.2691.site.9, 97, 204, 301
1120974.3.peg.2691.site.10, 97, 197, 294
1120974.3.peg.2691.site.11, 104, 212, 316
1120974.3.peg.2691.site.12, 15, 216, 231
1120974.3.peg.2691.site.13, 105, 211, 316
1120974.3.peg.2691.site.14, 6, 216, 222
1120974.3.peg.2691.site.15, 11, 215, 226
1120974.3.peg.2691.site.16, 2, 215, 217
1120974.3.peg.2691.site.17, 1, 215, 216
1120974.3.peg.2691.site.18, 16, 205, 221
1120974.3.peg.2691.site.19, 0, 192, 192
1120974.3.peg.2691.site.20, 66, 175, 241
1120974.3.peg.2691.site.21, 4, 214, 218
1120974.3.peg.2691.site.22, 0, 215, 215
1120974.3.peg.2691.site.23, 99, 211, 310
1120974.3.peg.2691.site.24, 30, 211, 241
1120974.3.peg.2691.site.25, 39, 210, 249
1120974.3.peg.2691.site.26, 134, 202, 336
1120974.3.peg.2691.site.27, 0, 203, 203
1120974.3.peg.2691.site.28, 173, 173, 346
1120974.3.peg.2691.site.29, 1, 213, 214
1120974.3.peg.2691.site.30, 0, 214, 214
1120974.3.peg.2691.site.31, 1, 215, 216
1120974.3.peg.2691.site.32, 1, 215, 216
1120974.3.peg.2691.site.33, 104, 207, 311
1120974.3.peg.2691.site.34, 3, 211, 214
1120974.3.peg.2691.site.35, 3, 212, 215
1120974.3.peg.2691.site.36, 109, 210, 319
1120974.3.peg.2691.site.37, 4, 214, 218
1120974.3.peg.2691.site.38, 108, 212, 320
1120974.3.peg.2691.site.39, 214, 214, 428
1120974.3.peg.2691.site.40, 102, 209, 311
1120974.3.peg.2691.site.41, 17, 213, 230
1120974.3.peg.2691.site.42, 4, 210, 214
1120974.3.peg.2691.site.43, 0, 214, 214
1120974.3.peg.2691.site.44, 1, 214, 215
1120974.3.peg.2691.site.45, 110, 213, 323
1120974.3.peg.2696.site.1, 4, 211, 215
1120974.3.peg.2696.site.2, 154, 205, 359
1120974.3.peg.2696.site.3, 23, 209, 232
1120974.3.peg.2696.site.4, 49, 205, 254
1120974.3.peg.2696.site.5, 138, 192, 330
1120974.3.peg.2696.site.6, 176, 178, 354
1120974.3.peg.2696.site.7, 144, 195, 339
1120974.3.peg.2696.site.8, 6, 177, 183
1120974.3.peg.2696.site.9, 159, 161, 320
1120974.3.peg.2696.site.10, 24, 168, 192
1120974.3.peg.2696.site.11, 119, 172, 291
1120974.3.peg.2696.site.12, 191, 198, 389
1120974.3.peg.2696.site.13, 101, 206, 307
1120974.3.peg.2696.site.14, 25, 211, 236
1120974.3.peg.2696.site.15, 28, 210, 238
1120974.3.peg.2696.site.16, 212, 214, 426
1120974.3.peg.2696.site.17, 0, 208, 208
1120974.3.peg.2696.site.18, 105, 211, 316
1120974.3.peg.2696.site.19, 54, 210, 264
1120974.3.peg.2696.site.20, 211, 213, 424
1120974.3.peg.2696.site.21, 105, 212, 317
1120974.3.peg.2696.site.22, 104, 213, 317
1120974.3.peg.2696.site.23, 49, 211, 260
1120974.3.peg.2697.site.1, 213, 215, 428
1120974.3.peg.2697.site.2, 2, 215, 217
1120974.3.peg.2697.site.3, 0, 215, 215
1120974.3.peg.2697.site.4, 164, 213, 377
1120974.3.peg.2697.site.5, 1, 215, 216
1120974.3.peg.2697.site.6, 0, 215, 215
1120974.3.peg.2697.site.7, 4, 214, 218
1120974.3.peg.2697.site.8, 5, 216, 221
1120974.3.peg.2697.site.9, 73, 201, 274
1120974.3.peg.2697.site.10, 155, 210, 365
1120974.3.peg.2697.site.11, 20, 210, 230
1120974.3.peg.2697.site.12, 0, 209, 209
1120974.3.peg.2697.site.13, 0, 202, 202
1120974.3.peg.2697.site.14, 150, 210, 360
1120974.3.peg.2697.site.15, 0, 214, 214
1120974.3.peg.2697.site.16, 29, 214, 243
1120974.3.peg.2697.site.17, 102, 211, 313
1120974.3.peg.2697.site.18, 0, 215, 215
1120974.3.peg.2694.site.1, 196, 214, 410
1120974.3.peg.2694.site.2, 0, 214, 214
1120974.3.peg.2694.site.3, 1, 203, 204
1120974.3.peg.2694.site.4, 184, 201, 385
1120974.3.peg.2694.site.5, 8, 184, 192
1120974.3.peg.2694.site.6, 60, 78, 138
1120974.3.peg.2694.site.7, 133, 174, 307
1120974.3.peg.2694.site.8, 4, 101, 105
1120974.3.peg.2694.site.9, 152, 190, 342
1120974.3.peg.2694.site.10, 29, 214, 243
1120974.3.peg.2694.site.11, 33, 214, 247
1120974.3.peg.2694.site.12, 4, 214, 218
1120974.3.peg.2694.site.13, 7, 215, 222
1120974.3.peg.2694.site.14, 5, 215, 220
1120974.3.peg.2694.site.15, 214, 216, 430
1120974.3.peg.2694.site.16, 0, 191, 191
1120974.3.peg.2694.site.17, 0, 202, 202
1120974.3.peg.2694.site.18, 0, 204, 204
1120974.3.peg.2694.site.19, 0, 211, 211
1120974.3.peg.2694.site.20, 4, 213, 217
1120974.3.peg.2694.site.21, 7, 213, 220
1120974.3.peg.2694.site.22, 0, 210, 210
1120974.3.peg.2694.site.23, 3, 208, 211
1120974.3.peg.2694.site.24, 149, 179, 328
1120974.3.peg.2694.site.25, 5, 202, 207
1120974.3.peg.2694.site.26, 160, 202, 362
1120974.3.peg.2694.site.27, 7, 208, 215
1120974.3.peg.2694.site.28, 0, 210, 210
1120974.3.peg.2694.site.29, 0, 211, 211
1120974.3.peg.2694.site.30, 5, 210, 215
1120974.3.peg.2694.site.31, 0, 213, 213
1120974.3.peg.2694.site.32, 195, 212, 407
1120974.3.peg.1111.site.1, 1, 36, 37
1120974.3.peg.1111.site.2, 49, 69, 118
1120974.3.peg.1111.site.3, 107, 123, 230
1120974.3.peg.1111.site.4, 111, 129, 240
1120974.3.peg.1111.site.5, 0, 208, 208
1120974.3.peg.1111.site.6, 0, 212, 212
1120974.3.peg.1111.site.7, 1, 213, 214
1120974.3.peg.1111.site.8, 198, 214, 412
1120974.3.peg.1111.site.9, 24, 215, 239
1120974.3.peg.1111.site.10, 7, 216, 223
1120974.3.peg.2698.site.1, 101, 210, 311
1120974.3.peg.2698.site.2, 102, 211, 313
1120974.3.peg.2698.site.3, 98, 210, 308
1120974.3.peg.2698.site.4, 0, 214, 214
1120974.3.peg.2698.site.5, 122, 207, 329
1120974.3.peg.2698.site.6, 208, 208, 416
1120974.3.peg.2698.site.7, 216, 216, 432
1120974.3.peg.2698.site.8, 29, 213, 242
1120974.3.peg.2698.site.9, 183, 212, 395
1120974.3.peg.2698.site.10, 6, 211, 217
1120974.3.peg.2698.site.11, 204, 213, 417
1120974.3.peg.2698.site.12, 74, 207, 281
1120974.3.peg.2698.site.13, 176, 176, 352
1120974.3.peg.2698.site.14, 141, 165, 306
1120974.3.peg.2698.site.15, 1, 179, 180
1120974.3.peg.2698.site.16, 1, 190, 191
1120974.3.peg.2698.site.17, 175, 204, 379
1120974.3.peg.2698.site.18, 2, 216, 218
1120974.3.peg.2699.site.1, 185, 212, 397
1120974.3.peg.2699.site.2, 192, 214, 406
1120974.3.peg.2699.site.3, 2, 216, 218
1120974.3.peg.2699.site.4, 192, 214, 406
1120974.3.peg.2699.site.5, 205, 213, 418
1120974.3.peg.2699.site.6, 16, 214, 230
1120974.3.peg.2699.site.7, 216, 216, 432
1120974.3.peg.2699.site.8, 193, 213, 406
1120974.3.peg.2699.site.9, 13, 213, 226
1120974.3.peg.2699.site.10, 212, 216, 428
1120974.3.peg.2699.site.11, 0, 216, 216
1120974.3.peg.2699.site.12, 0, 215, 215
1120974.3.peg.2699.site.13, 0, 216, 216
1120974.3.peg.2699.site.14, 2, 214, 216
1120974.3.peg.2699.site.15, 152, 211, 363
1120974.3.peg.2699.site.16, 2, 213, 215
1120974.3.peg.2699.site.17, 2, 216, 218
1120974.3.peg.2699.site.18, 200, 215, 415
1120974.3.peg.2699.site.19, 200, 214, 414
1120974.3.peg.2699.site.20, 0, 214, 214
1120974.3.peg.2699.site.21, 69, 215, 284
1120974.3.peg.2699.site.22, 0, 215, 215
1120974.3.peg.2699.site.23, 153, 211, 364
1120974.3.peg.2699.site.24, 132, 212, 344
1120974.3.peg.2699.site.25, 3, 195, 198
1120974.3.peg.2699.site.26, 73, 184, 257
1120974.3.peg.2699.site.27, 1, 201, 202
1120974.3.peg.2699.site.28, 1, 215, 216
1120974.3.peg.2699.site.29, 2, 216, 218
1120974.3.peg.2699.site.30, 0, 215, 215
1120974.3.peg.1112.site.1, 169, 193, 362
1120974.3.peg.1112.site.2, 9, 215, 224
1120974.3.peg.1112.site.3, 5, 210, 215
1120974.3.peg.1112.site.4, 1, 206, 207
1120974.3.peg.1112.site.5, 10, 211, 221
1120974.3.peg.1112.site.6, 1, 213, 214
1120974.3.peg.1112.site.7, 169, 206, 375
1120974.3.peg.1112.site.8, 0, 209, 209
1120974.3.peg.1112.site.9, 185, 205, 390
1120974.3.peg.1112.site.10, 188, 207, 395
1120974.3.peg.1112.site.11, 13, 209, 222
1120974.3.peg.1112.site.12, 15, 210, 225
1120974.3.peg.1112.site.13, 1, 211, 212
1120974.3.peg.1112.site.14, 7, 214, 221
1120974.3.peg.1112.site.15, 7, 211, 218
1120974.3.peg.1112.site.16, 1, 212, 213
1120974.3.peg.1112.site.17, 190, 209, 399
1120974.3.peg.1112.site.18, 9, 211, 220
1120974.3.peg.1112.site.19, 1, 213, 214
1120974.3.peg.1112.site.20, 14, 202, 216
1120974.3.peg.1112.site.21, 170, 209, 379
1120974.3.peg.1112.site.22, 0, 214, 214
1120974.3.peg.1112.site.23, 180, 199, 379
1120974.3.peg.1112.site.24, 1, 189, 190
1120974.3.peg.1112.site.25, 149, 181, 330
1120974.3.peg.1112.site.26, 152, 168, 320
1120974.3.peg.1112.site.27, 101, 134, 235
1120974.3.peg.1112.site.28, 14, 85, 99
1120974.3.peg.1112.site.29, 97, 129, 226
1120974.3.peg.1112.site.30, 0, 173, 173
1120974.3.peg.1112.site.31, 0, 95, 95
1120974.3.peg.1112.site.32, 35, 70, 105
1120974.3.peg.1112.site.33, 24, 59, 83
1120974.3.peg.1112.site.34, 123, 148, 271
1120974.3.peg.1112.site.35, 1, 195, 196
1120974.3.peg.1112.site.36, 179, 192, 371
1120974.3.peg.1112.site.37, 0, 205, 205
1120974.3.peg.1112.site.38, 209, 211, 420
1120974.3.peg.1112.site.39, 6, 207, 213
1120974.3.peg.1112.site.40, 165, 188, 353
1120974.3.peg.1112.site.41, 126, 152, 278
1120974.3.peg.2450.site.1, 10, 214, 224
1120974.3.peg.2450.site.2, 187, 212, 399
1120974.3.peg.2450.site.3, 1, 216, 217
1120974.3.peg.2450.site.4, 206, 211, 417
1120974.3.peg.2450.site.5, 21, 50, 71
1120974.3.peg.2450.site.6, 9, 214, 223
1120974.3.peg.2451.site.1, 4, 215, 219
1120974.3.peg.2451.site.2, 189, 213, 402
1120974.3.peg.2451.site.3, 0, 216, 216
1120974.3.peg.2451.site.4, 2, 215, 217
1120974.3.peg.2451.site.5, 0, 216, 216
1120974.3.peg.2451.site.6, 5, 216, 221
1120974.3.peg.2452.site.1, 0, 215, 215
1120974.3.peg.2452.site.2, 6, 212, 218
1120974.3.peg.2452.site.3, 0, 215, 215
1120974.3.peg.2452.site.4, 105, 211, 316
1120974.3.peg.2452.site.5, 0, 213, 213
1120974.3.peg.2452.site.6, 0, 215, 215
1120974.3.peg.2452.site.7, 209, 215, 424
1120974.3.peg.2452.site.8, 72, 212, 284
1120974.3.peg.2452.site.9, 3, 216, 219
1120974.3.peg.2452.site.10, 3, 215, 218
1120974.3.peg.2452.site.11, 2, 215, 217
1120974.3.peg.2452.site.12, 1, 214, 215
1120974.3.peg.2452.site.13, 13, 204, 217
1120974.3.peg.2452.site.14, 77, 214, 291
1120974.3.peg.2452.site.15, 3, 214, 217
1120974.3.peg.2452.site.16, 97, 213, 310
1120974.3.peg.2453.site.1, 2, 215, 217
1120974.3.peg.2453.site.2, 21, 212, 233
1120974.3.peg.2453.site.3, 0, 192, 192
1120974.3.peg.2453.site.4, 15, 207, 222
1120974.3.peg.2453.site.5, 127, 212, 339
1120974.3.peg.2453.site.6, 3, 214, 217
1120974.3.peg.2453.site.7, 7, 215, 222
1120974.3.peg.2453.site.8, 3, 213, 216
1120974.3.peg.2453.site.9, 3, 214, 217
1120974.3.peg.2453.site.10, 3, 214, 217
1120974.3.peg.2453.site.11, 3, 213, 216
1120974.3.peg.2453.site.12, 24, 214, 238
1120974.3.peg.2453.site.13, 2, 215, 217
1120974.3.peg.2453.site.14, 2, 215, 217
1120974.3.peg.2453.site.15, 4, 216, 220
1120974.3.peg.2453.site.16, 20, 212, 232
1120974.3.peg.2453.site.17, 20, 213, 233
1120974.3.peg.2453.site.18, 24, 212, 236
1120974.3.peg.2453.site.19, 24, 213, 237
1120974.3.peg.2453.site.20, 14, 205, 219
1120974.3.peg.2453.site.21, 15, 208, 223
1120974.3.peg.2453.site.22, 19, 211, 230
1120974.3.peg.2453.site.23, 0, 215, 215
1120974.3.peg.2453.site.24, 1, 199, 200
1120974.3.peg.2453.site.25, 8, 199, 207
1120974.3.peg.2453.site.26, 0, 200, 200
1120974.3.peg.2453.site.27, 1, 198, 199
1120974.3.peg.2455.site.1, 1, 214, 215
1120974.3.peg.2455.site.2, 0, 216, 216
1120974.3.peg.2455.site.3, 0, 214, 214
1120974.3.peg.2455.site.4, 33, 211, 244
1120974.3.peg.2455.site.5, 33, 211, 244
1120974.3.peg.2455.site.6, 33, 212, 245
1120974.3.peg.2455.site.7, 0, 216, 216
1120974.3.peg.2455.site.8, 8, 216, 224
1120974.3.peg.2455.site.9, 20, 210, 230
1120974.3.peg.2455.site.10, 0, 215, 215
1120974.3.peg.2455.site.11, 4, 216, 220
1120974.3.peg.2455.site.12, 23, 210, 233
1120974.3.peg.2455.site.13, 0, 216, 216
1120974.3.peg.2455.site.14, 20, 212, 232
1120974.3.peg.2455.site.15, 9, 215, 224
1120974.3.peg.2455.site.16, 5, 216, 221
1120974.3.peg.2455.site.17, 42, 213, 255
1120974.3.peg.2455.site.18, 0, 215, 215
1120974.3.peg.2455.site.19, 72, 211, 283
1120974.3.peg.2455.site.20, 44, 213, 257
1120974.3.peg.2456.site.1, 0, 215, 215
1120974.3.peg.2456.site.2, 35, 214, 249
1120974.3.peg.2456.site.3, 23, 215, 238
1120974.3.peg.2456.site.4, 23, 215, 238
1120974.3.peg.2456.site.5, 23, 215, 238
1120974.3.peg.2456.site.6, 23, 213, 236
1120974.3.peg.2456.site.7, 0, 215, 215
1120974.3.peg.2456.site.8, 171, 213, 384
1120974.3.peg.2456.site.9, 30, 214, 244
1120974.3.peg.2456.site.10, 11, 194, 205
1120974.3.peg.2456.site.11, 100, 171, 271
1120974.3.peg.2457.site.1, 43, 211, 254
1120974.3.peg.2457.site.2, 5, 215, 220
1120974.3.peg.2457.site.3, 1, 212, 213
1120974.3.peg.2457.site.4, 3, 213, 216
1120974.3.peg.2457.site.5, 2, 211, 213
1120974.3.peg.2457.site.6, 0, 213, 213
1120974.3.peg.2457.site.7, 38, 212, 250
1120974.3.peg.2457.site.8, 4, 214, 218
1120974.3.peg.2457.site.9, 0, 215, 215
1120974.3.peg.2457.site.10, 214, 216, 430
1120974.3.peg.2457.site.11, 36, 214, 250
1120974.3.peg.2457.site.12, 10, 215, 225
1120974.3.peg.2457.site.13, 5, 207, 212
1120974.3.peg.2457.site.14, 22, 206, 228
1120974.3.peg.2457.site.15, 169, 194, 363
1120974.3.peg.2457.site.16, 11, 192, 203
1120974.3.peg.2457.site.17, 37, 105, 142
1120974.3.peg.2457.site.18, 43, 111, 154
1120974.3.peg.2457.site.19, 22, 123, 145
1120974.3.peg.2457.site.20, 0, 178, 178
1120974.3.peg.2457.site.21, 1, 182, 183
1120974.3.peg.2457.site.22, 112, 180, 292
1120974.3.peg.2457.site.23, 16, 214, 230
1120974.3.peg.2457.site.24, 37, 213, 250
1120974.3.peg.2457.site.25, 21, 215, 236
1120974.3.peg.2458.site.1, 7, 212, 219
1120974.3.peg.2459.site.1, 54, 76, 130
1120974.3.peg.2459.site.2, 146, 203, 349
1120974.3.peg.2459.site.3, 36, 203, 239
1120974.3.peg.2459.site.4, 152, 173, 325
1120974.3.peg.2459.site.5, 6, 66, 72
1120974.3.peg.2459.site.6, 13, 73, 86
1120974.3.peg.2459.site.7, 192, 212, 404
1120974.3.peg.2459.site.8, 192, 211, 403
1120974.3.peg.2459.site.9, 35, 214, 249
1120974.3.peg.2459.site.10, 4, 213, 217
1120974.3.peg.2459.site.11, 190, 212, 402
1120974.3.peg.2459.site.12, 159, 213, 372
1120974.3.peg.2459.site.13, 190, 214, 404
1120974.3.peg.2459.site.14, 5, 216, 221
1120974.3.peg.2459.site.15, 145, 197, 342
1120974.3.peg.2459.site.16, 0, 189, 189
1120974.3.peg.2328.site.1, 0, 210, 210
1120974.3.peg.2328.site.2, 4, 208, 212
1120974.3.peg.2328.site.3, 0, 208, 208
1120974.3.peg.2328.site.4, 167, 208, 375
1120974.3.peg.2328.site.5, 4, 210, 214
1120974.3.peg.2328.site.6, 2, 210, 212
1120974.3.peg.2328.site.7, 0, 207, 207
1120974.3.peg.2328.site.8, 154, 200, 354
1120974.3.peg.2328.site.9, 2, 192, 194
1120974.3.peg.2328.site.10, 2, 190, 192
1120974.3.peg.2328.site.11, 0, 188, 188
1120974.3.peg.2328.site.12, 1, 210, 211
1120974.3.peg.2328.site.13, 182, 209, 391
1120974.3.peg.2328.site.14, 202, 209, 411
1120974.3.peg.2328.site.15, 0, 211, 211
1120974.3.peg.2328.site.16, 0, 210, 210
1120974.3.peg.2328.site.17, 35, 208, 243
1120974.3.peg.2328.site.18, 1, 211, 212
1120974.3.peg.2328.site.19, 0, 209, 209
1120974.3.peg.2328.site.20, 0, 209, 209
1120974.3.peg.1115.site.1, 143, 187, 330
1120974.3.peg.1115.site.2, 143, 186, 329
1120974.3.peg.1115.site.3, 187, 187, 374
1120974.3.peg.1115.site.4, 44, 183, 227
1120974.3.peg.1115.site.5, 1, 188, 189
1120974.3.peg.1115.site.6, 9, 196, 205
1120974.3.peg.1115.site.7, 139, 198, 337
1120974.3.peg.1115.site.8, 14, 201, 215
1120974.3.peg.1115.site.9, 207, 213, 420
1120974.3.peg.1115.site.10, 185, 210, 395
1120974.3.peg.1115.site.11, 190, 212, 402
1120974.3.peg.1115.site.12, 136, 211, 347
1120974.3.peg.1115.site.13, 192, 214, 406
1120974.3.peg.1115.site.14, 192, 214, 406
1120974.3.peg.1115.site.15, 177, 194, 371
1120974.3.peg.1115.site.16, 170, 170, 340
1120974.3.peg.1115.site.17, 8, 101, 109
1120974.3.peg.1115.site.18, 9, 9, 18
1120974.3.peg.1115.site.19, 7, 7, 14
1120974.3.peg.1115.site.20, 16, 16, 32
1120974.3.peg.1115.site.21, 86, 86, 172
1120974.3.peg.1115.site.22, 74, 92, 166
1120974.3.peg.1115.site.23, 3, 93, 96
1120974.3.peg.1115.site.24, 72, 91, 163
1120974.3.peg.1115.site.25, 72, 92, 164
1120974.3.peg.1115.site.26, 8, 102, 110
1120974.3.peg.1115.site.27, 205, 205, 410
1120974.3.peg.1115.site.28, 179, 197, 376
1120974.3.peg.1115.site.29, 4, 198, 202
1120974.3.peg.1115.site.30, 153, 171, 324
1120974.3.peg.1115.site.31, 2, 193, 195
1120974.3.peg.1115.site.32, 177, 177, 354
1120974.3.peg.1115.site.33, 5, 213, 218
1120974.3.peg.1115.site.34, 213, 215, 428
1120974.3.peg.1115.site.35, 121, 207, 328
1120974.3.peg.1115.site.36, 0, 140, 140
1120974.3.peg.1117.site.1, 46, 46, 92
1120974.3.peg.1117.site.2, 40, 58, 98
1120974.3.peg.1117.site.3, 48, 189, 237
1120974.3.peg.1117.site.4, 51, 199, 250
1120974.3.peg.1117.site.5, 3, 209, 212
1120974.3.peg.1117.site.6, 171, 202, 373
1120974.3.peg.1117.site.7, 177, 191, 368
1120974.3.peg.1117.site.8, 4, 215, 219
1120974.3.peg.1117.site.9, 56, 212, 268
1120974.3.peg.1117.site.10, 11, 203, 214
1120974.3.peg.1117.site.11, 0, 202, 202
1120974.3.peg.1117.site.12, 0, 211, 211
1120974.3.peg.2520.site.1, 13, 212, 225
1120974.3.peg.2520.site.2, 3, 210, 213
1120974.3.peg.2520.site.3, 2, 205, 207
1120974.3.peg.2520.site.4, 16, 204, 220
1120974.3.peg.2520.site.5, 13, 205, 218
1120974.3.peg.2520.site.6, 12, 214, 226
1120974.3.peg.2520.site.7, 12, 214, 226
1120974.3.peg.2520.site.8, 3, 215, 218
1120974.3.peg.2520.site.9, 3, 215, 218
1120974.3.peg.2520.site.10, 0, 214, 214
1120974.3.peg.2520.site.11, 195, 211, 406
1120974.3.peg.2520.site.12, 48, 204, 252
1120974.3.peg.2520.site.13, 131, 199, 330
1120974.3.peg.2520.site.14, 122, 184, 306
1120974.3.peg.2520.site.15, 127, 189, 316
1120974.3.peg.2520.site.16, 133, 210, 343
1120974.3.peg.2520.site.17, 5, 215, 220
1120974.3.peg.2520.site.18, 0, 216, 216
1120974.3.peg.2521.site.1, 65, 210, 275
1120974.3.peg.2521.site.2, 63, 206, 269
1120974.3.peg.2521.site.3, 199, 211, 410
1120974.3.peg.2521.site.4, 52, 207, 259
1120974.3.peg.2521.site.5, 113, 196, 309
1120974.3.peg.2521.site.6, 0, 203, 203
1120974.3.peg.2521.site.7, 191, 201, 392
1120974.3.peg.2521.site.8, 117, 191, 308
1120974.3.peg.2521.site.9, 190, 202, 392
1120974.3.peg.2521.site.10, 4, 203, 207
1120974.3.peg.2521.site.11, 0, 196, 196
1120974.3.peg.2521.site.12, 113, 194, 307
1120974.3.peg.2521.site.13, 154, 183, 337
1120974.3.peg.2521.site.14, 153, 178, 331
1120974.3.peg.2521.site.15, 158, 188, 346
1120974.3.peg.2521.site.16, 122, 203, 325
1120974.3.peg.2521.site.17, 12, 205, 217
1120974.3.peg.2521.site.18, 196, 210, 406
1120974.3.peg.2521.site.19, 56, 212, 268
1120974.3.peg.2521.site.20, 56, 213, 269
1120974.3.peg.2521.site.21, 184, 213, 397
1120974.3.peg.2521.site.22, 1, 211, 212
1120974.3.peg.2521.site.23, 182, 211, 393
1120974.3.peg.2521.site.24, 11, 213, 224
1120974.3.peg.2521.site.25, 116, 202, 318
1120974.3.peg.2521.site.26, 123, 207, 330
1120974.3.peg.2521.site.27, 212, 214, 426
1120974.3.peg.2521.site.28, 0, 212, 212
1120974.3.peg.2521.site.29, 76, 207, 283
1120974.3.peg.2521.site.30, 9, 209, 218
1120974.3.peg.2521.site.31, 128, 198, 326
1120974.3.peg.2521.site.32, 203, 203, 406
1120974.3.peg.2521.site.33, 33, 159, 192
1120974.3.peg.2521.site.34, 1, 168, 169
1120974.3.peg.2521.site.35, 166, 166, 332
1120974.3.peg.2521.site.36, 157, 157, 314
1120974.3.peg.2521.site.37, 31, 158, 189
1120974.3.peg.2521.site.38, 102, 158, 260
1120974.3.peg.2521.site.39, 28, 156, 184
1120974.3.peg.2521.site.40, 65, 165, 230
1120974.3.peg.2521.site.41, 1, 158, 159
1120974.3.peg.2521.site.42, 89, 147, 236
1120974.3.peg.2521.site.43, 47, 189, 236
1120974.3.peg.2521.site.44, 6, 185, 191
1120974.3.peg.2521.site.45, 177, 177, 354
1120974.3.peg.2521.site.46, 0, 172, 172
1120974.3.peg.2522.site.1, 116, 201, 317
1120974.3.peg.2522.site.2, 0, 187, 187
1120974.3.peg.2522.site.3, 49, 205, 254
1120974.3.peg.2522.site.4, 123, 204, 327
1120974.3.peg.2522.site.5, 53, 210, 263
1120974.3.peg.2522.site.6, 49, 203, 252
1120974.3.peg.2522.site.7, 54, 209, 263
1120974.3.peg.2522.site.8, 58, 213, 271
1120974.3.peg.2522.site.9, 55, 211, 266
1120974.3.peg.2522.site.10, 55, 212, 267
1120974.3.peg.2522.site.11, 2, 216, 218
1120974.3.peg.2522.site.12, 52, 206, 258
1120974.3.peg.2522.site.13, 51, 204, 255
1120974.3.peg.2522.site.14, 59, 206, 265
1120974.3.peg.2522.site.15, 2, 211, 213
1120974.3.peg.2522.site.16, 2, 211, 213
1120974.3.peg.2522.site.17, 128, 208, 336
1120974.3.peg.2522.site.18, 129, 211, 340
1120974.3.peg.2522.site.19, 0, 216, 216
1120974.3.peg.2522.site.20, 0, 214, 214
1120974.3.peg.2522.site.21, 60, 210, 270
1120974.3.peg.2522.site.22, 61, 207, 268
1120974.3.peg.2522.site.23, 8, 216, 224
1120974.3.peg.2522.site.24, 0, 212, 212
1120974.3.peg.2523.site.1, 215, 215, 430
1120974.3.peg.3035.site.1, 42, 205, 247
1120974.3.peg.3035.site.2, 23, 202, 225
1120974.3.peg.3035.site.3, 5, 201, 206
1120974.3.peg.3035.site.4, 32, 152, 184
1120974.3.peg.3035.site.5, 31, 155, 186
1120974.3.peg.3035.site.6, 1, 133, 134
1120974.3.peg.3035.site.7, 0, 173, 173
1120974.3.peg.3035.site.8, 0, 173, 173
1120974.3.peg.3035.site.9, 124, 167, 291
1120974.3.peg.3035.site.10, 6, 176, 182
1120974.3.peg.3035.site.11, 151, 210, 361
1120974.3.peg.3034.site.1, 161, 212, 373
1120974.3.peg.3034.site.2, 26, 215, 241
1120974.3.peg.3034.site.3, 160, 210, 370
1120974.3.peg.3034.site.4, 159, 211, 370
1120974.3.peg.3034.site.5, 2, 209, 211
1120974.3.peg.3034.site.6, 10, 173, 183
1120974.3.peg.3034.site.7, 16, 166, 182
1120974.3.peg.3034.site.8, 2, 169, 171
1120974.3.peg.3034.site.9, 91, 139, 230
1120974.3.peg.3034.site.10, 2, 148, 150
1120974.3.peg.3034.site.11, 156, 207, 363
1120974.3.peg.3034.site.12, 13, 210, 223
1120974.3.peg.3034.site.13, 2, 211, 213
1120974.3.peg.3034.site.14, 161, 209, 370
1120974.3.peg.3034.site.15, 159, 207, 366
1120974.3.peg.3037.site.1, 2, 215, 217
1120974.3.peg.3037.site.2, 31, 203, 234
1120974.3.peg.3037.site.3, 0, 207, 207
1120974.3.peg.3037.site.4, 39, 205, 244
1120974.3.peg.3037.site.5, 105, 211, 316
1120974.3.peg.3037.site.6, 53, 210, 263
1120974.3.peg.3037.site.7, 111, 208, 319
1120974.3.peg.3037.site.8, 101, 207, 308
1120974.3.peg.3037.site.9, 210, 216, 426
1120974.3.peg.3037.site.10, 113, 211, 324
1120974.3.peg.3037.site.11, 61, 213, 274
1120974.3.peg.3037.site.12, 0, 216, 216
1120974.3.peg.3037.site.13, 0, 216, 216
1120974.3.peg.3037.site.14, 83, 212, 295
1120974.3.peg.3037.site.15, 143, 212, 355
1120974.3.peg.3037.site.16, 136, 204, 340
1120974.3.peg.3037.site.17, 12, 213, 225
1120974.3.peg.3037.site.18, 143, 212, 355
1120974.3.peg.3037.site.19, 4, 207, 211
1120974.3.peg.3037.site.20, 0, 216, 216
1120974.3.peg.3037.site.21, 0, 215, 215
1120974.3.peg.3036.site.1, 0, 215, 215
1120974.3.peg.3036.site.2, 7, 216, 223
1120974.3.peg.3036.site.3, 0, 216, 216
1120974.3.peg.3036.site.4, 190, 214, 404
1120974.3.peg.3036.site.5, 0, 215, 215
1120974.3.peg.3036.site.6, 0, 216, 216
1120974.3.peg.3036.site.7, 147, 210, 357
1120974.3.peg.3036.site.8, 7, 216, 223
1120974.3.peg.3036.site.9, 154, 208, 362
1120974.3.peg.3036.site.10, 152, 205, 357
1120974.3.peg.3036.site.11, 4, 212, 216
1120974.3.peg.3036.site.12, 9, 214, 223
1120974.3.peg.3036.site.13, 37, 215, 252
1120974.3.peg.3036.site.14, 216, 216, 432
1120974.3.peg.3036.site.15, 37, 214, 251
1120974.3.peg.3036.site.16, 41, 212, 253
1120974.3.peg.3036.site.17, 0, 212, 212
1120974.3.peg.3036.site.18, 43, 211, 254
1120974.3.peg.3036.site.19, 0, 212, 212
1120974.3.peg.3036.site.20, 66, 214, 280
1120974.3.peg.3036.site.21, 42, 214, 256
1120974.3.peg.3036.site.22, 49, 212, 261
1120974.3.peg.3036.site.23, 0, 211, 211
1120974.3.peg.3036.site.24, 0, 212, 212
1120974.3.peg.3036.site.25, 63, 208, 271
1120974.3.peg.3031.site.1, 56, 205, 261
1120974.3.peg.3031.site.2, 4, 215, 219
1120974.3.peg.3031.site.3, 207, 213, 420
1120974.3.peg.3031.site.4, 0, 216, 216
1120974.3.peg.3031.site.5, 59, 209, 268
1120974.3.peg.3031.site.6, 186, 212, 398
1120974.3.peg.3031.site.7, 163, 190, 353
1120974.3.peg.3031.site.8, 142, 169, 311
1120974.3.peg.3031.site.9, 24, 208, 232
1120974.3.peg.3031.site.10, 140, 167, 307
1120974.3.peg.3031.site.11, 19, 46, 65
1120974.3.peg.3031.site.12, 9, 36, 45
1120974.3.peg.3031.site.13, 24, 27, 51
1120974.3.peg.3031.site.14, 13, 29, 42
1120974.3.peg.3031.site.15, 69, 96, 165
1120974.3.peg.3031.site.16, 155, 182, 337
1120974.3.peg.3030.site.1, 0, 216, 216
1120974.3.peg.3030.site.2, 5, 215, 220
1120974.3.peg.3030.site.3, 0, 215, 215
1120974.3.peg.3030.site.4, 0, 214, 214
1120974.3.peg.3030.site.5, 6, 216, 222
1120974.3.peg.3030.site.6, 1, 215, 216
1120974.3.peg.3030.site.7, 187, 213, 400
1120974.3.peg.3030.site.8, 22, 213, 235
1120974.3.peg.3030.site.9, 127, 210, 337
1120974.3.peg.3030.site.10, 189, 213, 402
1120974.3.peg.3030.site.11, 189, 214, 403
1120974.3.peg.3030.site.12, 171, 197, 368
1120974.3.peg.3030.site.13, 1, 26, 27
1120974.3.peg.3030.site.14, 1, 26, 27
1120974.3.peg.3030.site.15, 10, 72, 82
1120974.3.peg.3030.site.16, 118, 141, 259
1120974.3.peg.3030.site.17, 5, 177, 182
1120974.3.peg.3030.site.18, 0, 192, 192
1120974.3.peg.3030.site.19, 172, 193, 365
1120974.3.peg.3030.site.20, 9, 213, 222
1120974.3.peg.3030.site.21, 127, 210, 337
1120974.3.peg.3030.site.22, 189, 215, 404
1120974.3.peg.3030.site.23, 189, 214, 403
1120974.3.peg.3033.site.1, 187, 214, 401
1120974.3.peg.3033.site.2, 164, 213, 377
1120974.3.peg.3033.site.3, 0, 216, 216
1120974.3.peg.3033.site.4, 163, 211, 374
1120974.3.peg.3033.site.5, 162, 212, 374
1120974.3.peg.3033.site.6, 161, 212, 373
1120974.3.peg.3033.site.7, 159, 210, 369
1120974.3.peg.3033.site.8, 0, 209, 209
1120974.3.peg.3032.site.1, 159, 210, 369
1120974.3.peg.3032.site.2, 210, 216, 426
1120974.3.peg.3032.site.3, 158, 206, 364
1120974.3.peg.3032.site.4, 157, 205, 362
1120974.3.peg.3032.site.5, 0, 207, 207
1120974.3.peg.3032.site.6, 0, 207, 207
1120974.3.peg.3032.site.7, 183, 209, 392
1120974.3.peg.3032.site.8, 5, 215, 220
1120974.3.peg.3032.site.9, 0, 214, 214
1120974.3.peg.3032.site.10, 4, 215, 219
1120974.3.peg.3032.site.11, 185, 211, 396
1120974.3.peg.3032.site.12, 0, 209, 209
1120974.3.peg.3032.site.13, 145, 171, 316
1120974.3.peg.3032.site.14, 8, 202, 210
1120974.3.peg.3032.site.15, 123, 206, 329
1120974.3.peg.3032.site.16, 0, 212, 212
1120974.3.peg.3032.site.17, 80, 153, 233
1120974.3.peg.3032.site.18, 52, 137, 189
1120974.3.peg.3032.site.19, 7, 204, 211
1120974.3.peg.3032.site.20, 182, 208, 390
1120974.3.peg.3032.site.21, 2, 182, 184
1120974.3.peg.3032.site.22, 158, 186, 344
1120974.3.peg.3032.site.23, 89, 163, 252
1120974.3.peg.3032.site.24, 183, 211, 394
1120974.3.peg.3029.site.1, 19, 41, 60
1120974.3.peg.3029.site.2, 60, 210, 270
1120974.3.peg.3029.site.3, 211, 213, 424
1120974.3.peg.3029.site.4, 183, 207, 390
1120974.3.peg.3029.site.5, 59, 203, 262
1120974.3.peg.3029.site.6, 0, 213, 213
1120974.3.peg.3029.site.7, 178, 201, 379
1120974.3.peg.3029.site.8, 163, 186, 349
1120974.3.peg.3029.site.9, 173, 197, 370
1120974.3.peg.3029.site.10, 15, 183, 198
1120974.3.peg.3029.site.11, 89, 114, 203
1120974.3.peg.3029.site.12, 97, 122, 219
1120974.3.peg.3029.site.13, 51, 110, 161
1120974.3.peg.3029.site.14, 93, 118, 211
1120974.3.peg.3029.site.15, 169, 195, 364
1120974.3.peg.3029.site.16, 188, 214, 402
1120974.3.peg.3029.site.17, 0, 215, 215
1120974.3.peg.3029.site.18, 6, 216, 222
1120974.3.peg.3029.site.19, 188, 213, 401
1120974.3.peg.3029.site.20, 188, 213, 401
1120974.3.peg.3029.site.21, 188, 213, 401
1120974.3.peg.3029.site.22, 129, 211, 340
1120974.3.peg.3026.site.1, 0, 211, 211
1120974.3.peg.3026.site.2, 17, 213, 230
1120974.3.peg.3026.site.3, 0, 214, 214
1120974.3.peg.3026.site.4, 4, 214, 218
1120974.3.peg.3026.site.5, 211, 213, 424
1120974.3.peg.3026.site.6, 32, 212, 244
1120974.3.peg.3026.site.7, 4, 214, 218
1120974.3.peg.3026.site.8, 190, 211, 401
1120974.3.peg.3026.site.9, 190, 212, 402
1120974.3.peg.3026.site.10, 188, 211, 399
1120974.3.peg.3026.site.11, 201, 214, 415
1120974.3.peg.3026.site.12, 190, 212, 402
1120974.3.peg.3026.site.13, 0, 212, 212
1120974.3.peg.3026.site.14, 0, 214, 214
1120974.3.peg.3026.site.15, 4, 214, 218
1120974.3.peg.3026.site.16, 4, 214, 218
1120974.3.peg.3027.site.1, 18, 41, 59
1120974.3.peg.3027.site.2, 87, 110, 197
1120974.3.peg.3027.site.3, 188, 209, 397
1120974.3.peg.3027.site.4, 193, 213, 406
1120974.3.peg.3027.site.5, 164, 186, 350
1120974.3.peg.3027.site.6, 143, 164, 307
1120974.3.peg.3027.site.7, 49, 69, 118
1120974.3.peg.3027.site.8, 1, 25, 26
1120974.3.peg.3027.site.9, 16, 39, 55
1120974.3.peg.3027.site.10, 40, 42, 82
1120974.3.peg.3027.site.11, 19, 41, 60
1120974.3.peg.3027.site.12, 10, 30, 40
1120974.3.peg.3027.site.13, 10, 30, 40
1120974.3.peg.3027.site.14, 3, 32, 35
1120974.3.peg.669.site.1, 24, 35, 59
1120974.3.peg.669.site.2, 1, 45, 46
1120974.3.peg.669.site.3, 2, 49, 51
1120974.3.peg.669.site.4, 16, 128, 144
1120974.3.peg.669.site.5, 88, 207, 295
1120974.3.peg.669.site.6, 2, 214, 216
1120974.3.peg.669.site.7, 53, 210, 263
1120974.3.peg.669.site.8, 4, 214, 218
1120974.3.peg.669.site.9, 8, 215, 223
1120974.3.peg.669.site.10, 1, 214, 215
1120974.3.peg.669.site.11, 4, 215, 219
1120974.3.peg.669.site.12, 216, 216, 432
1120974.3.peg.669.site.13, 4, 215, 219
1120974.3.peg.669.site.14, 22, 213, 235
1120974.3.peg.669.site.15, 209, 209, 418
1120974.3.peg.669.site.16, 81, 202, 283
1120974.3.peg.669.site.17, 86, 207, 293
1120974.3.peg.669.site.18, 85, 207, 292
1120974.3.peg.669.site.19, 10, 134, 144
1120974.3.peg.669.site.20, 58, 174, 232
1120974.3.peg.669.site.21, 64, 178, 242
1120974.3.peg.669.site.22, 4, 172, 176
1120974.3.peg.669.site.23, 48, 211, 259
1120974.3.peg.669.site.24, 4, 215, 219
1120974.3.peg.669.site.25, 4, 210, 214
1120974.3.peg.669.site.26, 91, 204, 295
1120974.3.peg.669.site.27, 17, 178, 195
1120974.3.peg.669.site.28, 70, 125, 195
1120974.3.peg.669.site.29, 19, 132, 151
1120974.3.peg.669.site.30, 1, 187, 188
1120974.3.peg.669.site.31, 4, 199, 203
1120974.3.peg.669.site.32, 98, 200, 298
1120974.3.peg.669.site.33, 0, 202, 202
1120974.3.peg.669.site.34, 84, 194, 278
1120974.3.peg.669.site.35, 88, 197, 285
1120974.3.peg.669.site.36, 8, 213, 221
1120974.3.peg.669.site.37, 213, 213, 426
1120974.3.peg.669.site.38, 10, 213, 223
1120974.3.peg.669.site.39, 113, 211, 324
1120974.3.peg.669.site.40, 1, 214, 215
1120974.3.peg.669.site.41, 8, 66, 74
1120974.3.peg.669.site.42, 1, 65, 66
1120974.3.peg.669.site.43, 1, 65, 66
1120974.3.peg.669.site.44, 4, 68, 72
1120974.3.peg.669.site.45, 79, 79, 158
1120974.3.peg.669.site.46, 10, 92, 102
1120974.3.peg.669.site.47, 15, 102, 117
1120974.3.peg.669.site.48, 4, 142, 146
1120974.3.peg.669.site.49, 41, 208, 249
1120974.3.peg.669.site.50, 43, 210, 253
1120974.3.peg.669.site.51, 56, 209, 265
1120974.3.peg.669.site.52, 89, 210, 299
1120974.3.peg.669.site.53, 2, 214, 216
1120974.3.peg.669.site.54, 35, 211, 246
1120974.3.peg.669.site.55, 2, 206, 208
1120974.3.peg.669.site.56, 11, 207, 218
1120974.3.peg.669.site.57, 1, 210, 211
1120974.3.peg.669.site.58, 22, 204, 226
1120974.3.peg.669.site.59, 1, 208, 209
1120974.3.peg.669.site.60, 0, 214, 214
1120974.3.peg.669.site.61, 54, 210, 264
1120974.3.peg.3023.site.1, 6, 214, 220
1120974.3.peg.3023.site.2, 188, 214, 402
1120974.3.peg.3023.site.3, 143, 210, 353
1120974.3.peg.3023.site.4, 6, 176, 182
1120974.3.peg.3023.site.5, 5, 176, 181
1120974.3.peg.3023.site.6, 2, 172, 174
1120974.3.peg.3023.site.7, 4, 173, 177
1120974.3.peg.3023.site.8, 19, 186, 205
1120974.3.peg.3023.site.9, 180, 212, 392
1120974.3.peg.3023.site.10, 4, 214, 218
1120974.3.peg.3023.site.11, 138, 208, 346
1120974.3.peg.3023.site.12, 41, 208, 249
1120974.3.peg.3023.site.13, 185, 209, 394
1120974.3.peg.3023.site.14, 0, 211, 211
1120974.3.peg.3023.site.15, 0, 210, 210
1120974.3.peg.3023.site.16, 187, 211, 398
1120974.3.peg.3023.site.17, 186, 209, 395
1120974.3.peg.3023.site.18, 149, 210, 359
1120974.3.peg.3023.site.19, 40, 210, 250
1120974.3.peg.3023.site.20, 209, 211, 420
1120974.3.peg.3023.site.21, 186, 213, 399
1120974.3.peg.3023.site.22, 187, 213, 400
1120974.3.peg.3023.site.23, 0, 210, 210
1120974.3.peg.3023.site.24, 209, 213, 422
1120974.3.peg.3023.site.25, 4, 215, 219
1120974.3.peg.3023.site.26, 202, 212, 414
1120974.3.peg.3023.site.27, 204, 213, 417
1120974.3.peg.3023.site.28, 1, 208, 209
1120974.3.peg.3023.site.29, 175, 194, 369
1120974.3.peg.3023.site.30, 51, 150, 201
1120974.3.peg.3023.site.31, 3, 167, 170
1120974.3.peg.3023.site.32, 0, 137, 137
1120974.3.peg.3023.site.33, 146, 157, 303
1120974.3.peg.3023.site.34, 0, 168, 168
1120974.3.peg.3023.site.35, 0, 189, 189
1120974.3.peg.3023.site.36, 189, 212, 401
1120974.3.peg.3023.site.37, 0, 216, 216
1120974.3.peg.3023.site.38, 0, 214, 214
1120974.3.peg.3023.site.39, 20, 211, 231
1120974.3.peg.3023.site.40, 185, 209, 394
1120974.3.peg.3023.site.41, 149, 206, 355
1120974.3.peg.3023.site.42, 0, 214, 214
1120974.3.peg.3023.site.43, 0, 215, 215
1120974.3.peg.3199.site.1, 0, 213, 213
1120974.3.peg.3199.site.2, 0, 213, 213
1120974.3.peg.3199.site.3, 0, 197, 197
1120974.3.peg.3199.site.4, 0, 206, 206
1120974.3.peg.682.site.1, 0, 206, 206
1120974.3.peg.682.site.2, 139, 212, 351
1120974.3.peg.682.site.3, 141, 214, 355
1120974.3.peg.682.site.4, 142, 215, 357
1120974.3.peg.682.site.5, 141, 215, 356
1120974.3.peg.682.site.6, 0, 213, 213
1120974.3.peg.682.site.7, 0, 211, 211
1120974.3.peg.682.site.8, 43, 115, 158
1120974.3.peg.682.site.9, 89, 120, 209
1120974.3.peg.682.site.10, 58, 127, 185
1120974.3.peg.682.site.11, 72, 140, 212
1120974.3.peg.682.site.12, 87, 156, 243
1120974.3.peg.682.site.13, 0, 191, 191
1120974.3.peg.682.site.14, 2, 206, 208
1120974.3.peg.682.site.15, 137, 208, 345
1120974.3.peg.682.site.16, 155, 215, 370
1120974.3.peg.682.site.17, 0, 215, 215
1120974.3.peg.683.site.1, 11, 215, 226
1120974.3.peg.683.site.2, 136, 213, 349
1120974.3.peg.683.site.3, 148, 214, 362
1120974.3.peg.683.site.4, 135, 214, 349
1120974.3.peg.683.site.5, 136, 214, 350
1120974.3.peg.683.site.6, 142, 215, 357
1120974.3.peg.683.site.7, 37, 214, 251
1120974.3.peg.683.site.8, 40, 216, 256
1120974.3.peg.680.site.1, 47, 99, 146
1120974.3.peg.680.site.2, 40, 119, 159
1120974.3.peg.680.site.3, 95, 178, 273
1120974.3.peg.680.site.4, 127, 204, 331
1120974.3.peg.680.site.5, 11, 215, 226
1120974.3.peg.680.site.6, 136, 212, 348
1120974.3.peg.680.site.7, 139, 213, 352
1120974.3.peg.681.site.1, 23, 211, 234
1120974.3.peg.681.site.2, 127, 208, 335
1120974.3.peg.681.site.3, 153, 208, 361
1120974.3.peg.681.site.4, 130, 210, 340
1120974.3.peg.681.site.5, 130, 211, 341
1120974.3.peg.681.site.6, 134, 214, 348
1120974.3.peg.681.site.7, 136, 214, 350
1120974.3.peg.681.site.8, 0, 216, 216
1120974.3.peg.681.site.9, 1, 216, 217
1120974.3.peg.681.site.10, 167, 215, 382
1120974.3.peg.681.site.11, 132, 210, 342
1120974.3.peg.681.site.12, 2, 213, 215
1120974.3.peg.681.site.13, 92, 201, 293
1120974.3.peg.681.site.14, 92, 201, 293
1120974.3.peg.681.site.15, 12, 211, 223
1120974.3.peg.681.site.16, 43, 201, 244
1120974.3.peg.681.site.17, 180, 205, 385
1120974.3.peg.681.site.18, 0, 203, 203
1120974.3.peg.681.site.19, 1, 200, 201
1120974.3.peg.681.site.20, 1, 203, 204
1120974.3.peg.681.site.21, 100, 203, 303
1120974.3.peg.681.site.22, 14, 209, 223
1120974.3.peg.681.site.23, 94, 200, 294
1120974.3.peg.681.site.24, 0, 216, 216
1120974.3.peg.681.site.25, 3, 216, 219
1120974.3.peg.681.site.26, 128, 209, 337
1120974.3.peg.681.site.27, 43, 210, 253
1120974.3.peg.681.site.28, 43, 212, 255
1120974.3.peg.681.site.29, 164, 214, 378
1120974.3.peg.681.site.30, 99, 198, 297
1120974.3.peg.681.site.31, 102, 187, 289
1120974.3.peg.681.site.32, 96, 192, 288
1120974.3.peg.681.site.33, 0, 211, 211
1120974.3.peg.681.site.34, 139, 212, 351
1120974.3.peg.686.site.1, 5, 215, 220
1120974.3.peg.686.site.2, 117, 212, 329
1120974.3.peg.686.site.3, 2, 215, 217
1120974.3.peg.686.site.4, 4, 215, 219
1120974.3.peg.686.site.5, 0, 216, 216
1120974.3.peg.686.site.6, 34, 207, 241
1120974.3.peg.686.site.7, 157, 201, 358
1120974.3.peg.686.site.8, 78, 191, 269
1120974.3.peg.686.site.9, 4, 169, 173
1120974.3.peg.686.site.10, 37, 148, 185
1120974.3.peg.686.site.11, 42, 155, 197
1120974.3.peg.686.site.12, 1, 158, 159
1120974.3.peg.686.site.13, 71, 173, 244
1120974.3.peg.686.site.14, 67, 168, 235
1120974.3.peg.686.site.15, 82, 183, 265
1120974.3.peg.686.site.16, 2, 185, 187
1120974.3.peg.686.site.17, 2, 188, 190
1120974.3.peg.686.site.18, 28, 210, 238
1120974.3.peg.686.site.19, 154, 212, 366
1120974.3.peg.686.site.20, 101, 209, 310
1120974.3.peg.686.site.21, 2, 213, 215
1120974.3.peg.686.site.22, 164, 208, 372
1120974.3.peg.686.site.23, 8, 211, 219
1120974.3.peg.686.site.24, 94, 204, 298
1120974.3.peg.686.site.25, 1, 216, 217
1120974.3.peg.686.site.26, 127, 210, 337
1120974.3.peg.686.site.27, 4, 216, 220
1120974.3.peg.686.site.28, 13, 216, 229
1120974.3.peg.686.site.29, 98, 206, 304
1120974.3.peg.686.site.30, 5, 211, 216
1120974.3.peg.686.site.31, 89, 201, 290
1120974.3.peg.686.site.32, 86, 198, 284
1120974.3.peg.686.site.33, 87, 200, 287
1120974.3.peg.686.site.34, 0, 206, 206
1120974.3.peg.686.site.35, 106, 209, 315
1120974.3.peg.686.site.36, 195, 213, 408
1120974.3.peg.686.site.37, 0, 212, 212
1120974.3.peg.686.site.38, 1, 215, 216
1120974.3.peg.686.site.39, 0, 215, 215
1120974.3.peg.686.site.40, 190, 214, 404
1120974.3.peg.686.site.41, 0, 213, 213
1120974.3.peg.686.site.42, 100, 200, 300
1120974.3.peg.686.site.43, 96, 197, 293
1120974.3.peg.686.site.44, 90, 189, 279
1120974.3.peg.686.site.45, 97, 199, 296
1120974.3.peg.686.site.46, 25, 210, 235
1120974.3.peg.686.site.47, 8, 201, 209
1120974.3.peg.686.site.48, 0, 213, 213
1120974.3.peg.686.site.49, 108, 208, 316
1120974.3.peg.686.site.50, 111, 211, 322
1120974.3.peg.686.site.51, 1, 209, 210
1120974.3.peg.686.site.52, 102, 202, 304
1120974.3.peg.686.site.53, 105, 206, 311
1120974.3.peg.686.site.54, 150, 203, 353
1120974.3.peg.686.site.55, 41, 200, 241
1120974.3.peg.686.site.56, 88, 190, 278
1120974.3.peg.686.site.57, 71, 175, 246
1120974.3.peg.686.site.58, 55, 159, 214
1120974.3.peg.686.site.59, 47, 152, 199
1120974.3.peg.686.site.60, 44, 148, 192
1120974.3.peg.687.site.1, 102, 205, 307
1120974.3.peg.687.site.2, 4, 216, 220
1120974.3.peg.687.site.3, 104, 207, 311
1120974.3.peg.687.site.4, 28, 140, 168
1120974.3.peg.687.site.5, 22, 136, 158
1120974.3.peg.687.site.6, 23, 117, 140
1120974.3.peg.687.site.7, 9, 124, 133
1120974.3.peg.687.site.8, 9, 124, 133
1120974.3.peg.687.site.9, 22, 137, 159
1120974.3.peg.687.site.10, 0, 216, 216
1120974.3.peg.687.site.11, 108, 207, 315
1120974.3.peg.687.site.12, 0, 216, 216
1120974.3.peg.687.site.13, 0, 215, 215
1120974.3.peg.687.site.14, 107, 208, 315
1120974.3.peg.687.site.15, 23, 213, 236
1120974.3.peg.687.site.16, 105, 206, 311
1120974.3.peg.687.site.17, 72, 205, 277
1120974.3.peg.687.site.18, 1, 214, 215
1120974.3.peg.687.site.19, 75, 208, 283
1120974.3.peg.684.site.1, 186, 215, 401
1120974.3.peg.684.site.2, 0, 215, 215
1120974.3.peg.684.site.3, 0, 214, 214
1120974.3.peg.684.site.4, 0, 214, 214
1120974.3.peg.684.site.5, 0, 213, 213
1120974.3.peg.684.site.6, 0, 212, 212
1120974.3.peg.684.site.7, 210, 210, 420
1120974.3.peg.684.site.8, 0, 204, 204
1120974.3.peg.684.site.9, 114, 159, 273
1120974.3.peg.684.site.10, 96, 207, 303
1120974.3.peg.684.site.11, 1, 216, 217
1120974.3.peg.684.site.12, 8, 214, 222
1120974.3.peg.684.site.13, 125, 211, 336
1120974.3.peg.684.site.14, 143, 211, 354
1120974.3.peg.684.site.15, 4, 215, 219
1120974.3.peg.684.site.16, 2, 216, 218
1120974.3.peg.684.site.17, 60, 214, 274
1120974.3.peg.684.site.18, 40, 213, 253
1120974.3.peg.684.site.19, 0, 216, 216
1120974.3.peg.684.site.20, 0, 216, 216
1120974.3.peg.684.site.21, 136, 213, 349
1120974.3.peg.684.site.22, 164, 210, 374
1120974.3.peg.685.site.1, 5, 215, 220
1120974.3.peg.685.site.2, 5, 216, 221
1120974.3.peg.685.site.3, 64, 212, 276
1120974.3.peg.685.site.4, 61, 211, 272
1120974.3.peg.685.site.5, 215, 215, 430
1120974.3.peg.685.site.6, 64, 214, 278
1120974.3.peg.685.site.7, 64, 214, 278
1120974.3.peg.685.site.8, 5, 216, 221
1120974.3.peg.685.site.9, 60, 213, 273
1120974.3.peg.685.site.10, 96, 207, 303
1120974.3.peg.685.site.11, 93, 204, 297
1120974.3.peg.685.site.12, 159, 207, 366
1120974.3.peg.685.site.13, 161, 209, 370
1120974.3.peg.685.site.14, 95, 207, 302
1120974.3.peg.685.site.15, 46, 210, 256
1120974.3.peg.685.site.16, 8, 155, 163
1120974.3.peg.688.site.1, 0, 216, 216
1120974.3.peg.688.site.2, 14, 215, 229
1120974.3.peg.688.site.3, 120, 208, 328
1120974.3.peg.688.site.4, 110, 208, 318
1120974.3.peg.688.site.5, 0, 215, 215
1120974.3.peg.688.site.6, 12, 214, 226
1120974.3.peg.688.site.7, 0, 215, 215
1120974.3.peg.688.site.8, 9, 210, 219
1120974.3.peg.689.site.1, 96, 211, 307
1120974.3.peg.689.site.2, 54, 213, 267
1120974.3.peg.689.site.3, 54, 211, 265
1120974.3.peg.689.site.4, 53, 210, 263
1120974.3.peg.689.site.5, 0, 216, 216
1120974.3.peg.689.site.6, 100, 212, 312
1120974.3.peg.689.site.7, 100, 212, 312
1120974.3.peg.689.site.8, 17, 215, 232
1120974.3.peg.689.site.9, 0, 215, 215
1120974.3.peg.689.site.10, 1, 195, 196
1120974.3.peg.689.site.11, 1, 190, 191
1120974.3.peg.689.site.12, 2, 211, 213
1120974.3.peg.689.site.13, 2, 216, 218
1120974.3.peg.689.site.14, 0, 216, 216
1120974.3.peg.689.site.15, 38, 213, 251
1120974.3.peg.689.site.16, 172, 214, 386
1120974.3.peg.689.site.17, 1, 216, 217
1120974.3.peg.689.site.18, 186, 212, 398
1120974.3.peg.2148.site.1, 2, 184, 186
1120974.3.peg.445.site.1, 1, 216, 217
1120974.3.peg.445.site.2, 0, 216, 216
1120974.3.peg.446.site.1, 0, 216, 216
1120974.3.peg.446.site.2, 0, 216, 216
1120974.3.peg.446.site.3, 0, 215, 215
1120974.3.peg.446.site.4, 149, 212, 361
1120974.3.peg.446.site.5, 14, 212, 226
1120974.3.peg.446.site.6, 3, 213, 216
1120974.3.peg.446.site.7, 167, 212, 379
1120974.3.peg.446.site.8, 0, 213, 213
1120974.3.peg.446.site.9, 161, 208, 369
1120974.3.peg.446.site.10, 5, 215, 220
1120974.3.peg.446.site.11, 0, 213, 213
1120974.3.peg.446.site.12, 17, 213, 230
1120974.3.peg.446.site.13, 167, 214, 381
1120974.3.peg.446.site.14, 215, 215, 430
1120974.3.peg.446.site.15, 189, 213, 402
1120974.3.peg.446.site.16, 4, 216, 220
1120974.3.peg.446.site.17, 0, 216, 216
1120974.3.peg.446.site.18, 0, 215, 215
1120974.3.peg.446.site.19, 0, 216, 216
1120974.3.peg.446.site.20, 0, 215, 215
1120974.3.peg.446.site.21, 0, 214, 214
1120974.3.peg.446.site.22, 216, 216, 432
1120974.3.peg.446.site.23, 163, 211, 374
1120974.3.peg.446.site.24, 0, 215, 215
1120974.3.peg.446.site.25, 4, 216, 220
1120974.3.peg.446.site.26, 4, 215, 219
1120974.3.peg.446.site.27, 203, 211, 414
1120974.3.peg.447.site.1, 1, 197, 198
1120974.3.peg.447.site.2, 206, 210, 416
1120974.3.peg.447.site.3, 6, 214, 220
1120974.3.peg.447.site.4, 1, 216, 217
1120974.3.peg.447.site.5, 4, 216, 220
1120974.3.peg.447.site.6, 0, 215, 215
1120974.3.peg.447.site.7, 17, 216, 233
1120974.3.peg.447.site.8, 47, 212, 259
1120974.3.peg.447.site.9, 0, 214, 214
1120974.3.peg.447.site.10, 180, 213, 393
1120974.3.peg.447.site.11, 4, 216, 220
1120974.3.peg.447.site.12, 137, 170, 307
1120974.3.peg.447.site.13, 79, 110, 189
1120974.3.peg.441.site.1, 189, 215, 404
1120974.3.peg.441.site.2, 4, 209, 213
1120974.3.peg.441.site.3, 152, 182, 334
1120974.3.peg.441.site.4, 0, 183, 183
1120974.3.peg.441.site.5, 155, 188, 343
1120974.3.peg.441.site.6, 0, 195, 195
1120974.3.peg.441.site.7, 11, 196, 207
1120974.3.peg.441.site.8, 139, 174, 313
1120974.3.peg.441.site.9, 148, 181, 329
1120974.3.peg.441.site.10, 178, 196, 374
1120974.3.peg.441.site.11, 133, 195, 328
1120974.3.peg.441.site.12, 0, 199, 199
1120974.3.peg.441.site.13, 1, 193, 194
1120974.3.peg.441.site.14, 7, 205, 212
1120974.3.peg.441.site.15, 182, 203, 385
1120974.3.peg.441.site.16, 9, 213, 222
1120974.3.peg.441.site.17, 9, 215, 224
1120974.3.peg.441.site.18, 8, 215, 223
1120974.3.peg.441.site.19, 0, 215, 215
1120974.3.peg.441.site.20, 0, 215, 215
1120974.3.peg.441.site.21, 0, 216, 216
1120974.3.peg.441.site.22, 1, 216, 217
1120974.3.peg.441.site.23, 1, 216, 217
1120974.3.peg.441.site.24, 141, 206, 347
1120974.3.peg.441.site.25, 205, 214, 419
1120974.3.peg.441.site.26, 3, 212, 215
1120974.3.peg.442.site.1, 189, 214, 403
1120974.3.peg.442.site.2, 1, 216, 217
1120974.3.peg.442.site.3, 4, 216, 220
1120974.3.peg.442.site.4, 1, 216, 217
1120974.3.peg.442.site.5, 172, 213, 385
1120974.3.peg.442.site.6, 1, 216, 217
1120974.3.peg.442.site.7, 171, 211, 382
1120974.3.peg.449.site.1, 0, 208, 208
1120974.3.peg.449.site.2, 155, 204, 359
1120974.3.peg.449.site.3, 2, 213, 215
1120974.3.peg.449.site.4, 0, 213, 213
1120974.3.peg.449.site.5, 2, 213, 215
1120974.3.peg.449.site.6, 30, 213, 243
1120974.3.peg.449.site.7, 160, 208, 368
1120974.3.peg.449.site.8, 160, 208, 368
1120974.3.peg.449.site.9, 0, 214, 214
1120974.3.peg.449.site.10, 0, 216, 216
1120974.3.peg.449.site.11, 13, 215, 228
1120974.3.peg.449.site.12, 166, 213, 379
1120974.3.peg.449.site.13, 166, 212, 378
1120974.3.peg.449.site.14, 212, 216, 428
1120974.3.peg.449.site.15, 39, 211, 250
1120974.3.peg.449.site.16, 39, 211, 250
1120974.3.peg.449.site.17, 1, 216, 217
1120974.3.peg.449.site.18, 168, 213, 381
1120974.3.peg.449.site.19, 167, 212, 379
1120974.3.peg.449.site.20, 29, 211, 240
1120974.3.peg.449.site.21, 117, 162, 279
1120974.3.peg.449.site.22, 27, 188, 215
1120974.3.peg.449.site.23, 174, 188, 362
1120974.3.peg.449.site.24, 71, 188, 259
1120974.3.peg.449.site.25, 156, 205, 361
1120974.3.peg.449.site.26, 119, 212, 331
1120974.3.peg.449.site.27, 5, 215, 220
1120974.3.peg.449.site.28, 167, 213, 380
1120974.3.peg.449.site.29, 166, 213, 379
1120974.3.peg.449.site.30, 190, 213, 403
1120974.3.peg.449.site.31, 46, 211, 257
1120974.3.peg.449.site.32, 46, 210, 256
1120974.3.peg.449.site.33, 46, 211, 257
1120974.3.peg.449.site.34, 192, 214, 406
1120974.3.peg.449.site.35, 48, 210, 258
1120974.3.peg.449.site.36, 192, 214, 406
1120974.3.peg.449.site.37, 28, 51, 79
1120974.3.peg.449.site.38, 18, 41, 59
1120974.3.peg.449.site.39, 9, 32, 41
1120974.3.peg.449.site.40, 2, 25, 27
1120974.3.peg.449.site.41, 0, 30, 30
1120974.3.peg.449.site.42, 11, 34, 45
1120974.3.peg.449.site.43, 11, 34, 45
1120974.3.peg.2140.site.1, 0, 215, 215
1120974.3.peg.2140.site.2, 174, 213, 387
1120974.3.peg.2140.site.3, 172, 213, 385
1120974.3.peg.2140.site.4, 0, 215, 215
1120974.3.peg.2140.site.5, 177, 214, 391
1120974.3.peg.2140.site.6, 174, 213, 387
1120974.3.peg.2140.site.7, 2, 214, 216
1120974.3.peg.2140.site.8, 2, 215, 217
1120974.3.peg.2140.site.9, 3, 215, 218
1120974.3.peg.2140.site.10, 171, 211, 382
1120974.3.peg.2140.site.11, 50, 211, 261
1120974.3.peg.2140.site.12, 50, 211, 261
1120974.3.peg.2140.site.13, 121, 208, 329
1120974.3.peg.2140.site.14, 3, 213, 216
1120974.3.peg.2140.site.15, 0, 212, 212
1120974.3.peg.2140.site.16, 0, 215, 215
1120974.3.peg.2140.site.17, 2, 216, 218
1120974.3.peg.2140.site.18, 176, 215, 391
1120974.3.peg.2140.site.19, 174, 214, 388
1120974.3.peg.2140.site.20, 170, 212, 382
1120974.3.peg.2140.site.21, 0, 216, 216
1120974.3.peg.2140.site.22, 214, 215, 429
1120974.3.peg.2140.site.23, 50, 209, 259
1120974.3.peg.2140.site.24, 172, 211, 383
1120974.3.peg.2140.site.25, 104, 210, 314
1120974.3.peg.2140.site.26, 2, 212, 214
1120974.3.peg.530.site.1, 5, 216, 221
1120974.3.peg.530.site.2, 0, 215, 215
1120974.3.peg.530.site.3, 1, 215, 216
1120974.3.peg.530.site.4, 1, 216, 217
1120974.3.peg.530.site.5, 188, 213, 401
1120974.3.peg.530.site.6, 3, 214, 217
1120974.3.peg.530.site.7, 2, 212, 214
1120974.3.peg.530.site.8, 0, 212, 212
1120974.3.peg.530.site.9, 11, 210, 221
1120974.3.peg.530.site.10, 0, 209, 209
1120974.3.peg.530.site.11, 198, 209, 407
1120974.3.peg.530.site.12, 0, 210, 210
1120974.3.peg.530.site.13, 187, 207, 394
1120974.3.peg.530.site.14, 182, 206, 388
1120974.3.peg.530.site.15, 1, 211, 212
1120974.3.peg.530.site.16, 198, 211, 409
1120974.3.peg.530.site.17, 154, 177, 331
1120974.3.peg.530.site.18, 9, 213, 222
1120974.3.peg.530.site.19, 182, 206, 388
1120974.3.peg.530.site.20, 172, 196, 368
1120974.3.peg.530.site.21, 185, 209, 394
1120974.3.peg.530.site.22, 185, 209, 394
1120974.3.peg.530.site.23, 9, 212, 221
1120974.3.peg.530.site.24, 0, 216, 216
1120974.3.peg.530.site.25, 1, 210, 211
1120974.3.peg.530.site.26, 196, 204, 400
1120974.3.peg.530.site.27, 0, 202, 202
1120974.3.peg.531.site.1, 0, 214, 214
1120974.3.peg.531.site.2, 187, 213, 400
1120974.3.peg.531.site.3, 181, 208, 389
1120974.3.peg.531.site.4, 180, 207, 387
1120974.3.peg.532.site.1, 210, 215, 425
1120974.3.peg.532.site.2, 192, 212, 404
1120974.3.peg.532.site.3, 186, 207, 393
1120974.3.peg.532.site.4, 187, 212, 399
1120974.3.peg.532.site.5, 183, 204, 387
1120974.3.peg.532.site.6, 202, 207, 409
1120974.3.peg.532.site.7, 180, 204, 384
1120974.3.peg.532.site.8, 4, 214, 218
1120974.3.peg.532.site.9, 103, 128, 231
1120974.3.peg.532.site.10, 1, 111, 112
1120974.3.peg.532.site.11, 87, 111, 198
1120974.3.peg.532.site.12, 181, 204, 385
1120974.3.peg.532.site.13, 177, 200, 377
1120974.3.peg.532.site.14, 188, 211, 399
1120974.3.peg.532.site.15, 0, 216, 216
1120974.3.peg.532.site.16, 193, 212, 405
1120974.3.peg.532.site.17, 196, 214, 410
1120974.3.peg.532.site.18, 1, 214, 215
1120974.3.peg.532.site.19, 184, 207, 391
1120974.3.peg.532.site.20, 178, 201, 379
1120974.3.peg.532.site.21, 8, 212, 220
1120974.3.peg.532.site.22, 1, 213, 214
1120974.3.peg.532.site.23, 0, 211, 211
1120974.3.peg.532.site.24, 3, 201, 204
1120974.3.peg.532.site.25, 182, 203, 385
1120974.3.peg.532.site.26, 188, 202, 390
1120974.3.peg.532.site.27, 176, 198, 374
1120974.3.peg.533.site.1, 2, 216, 218
1120974.3.peg.533.site.2, 2, 214, 216
1120974.3.peg.533.site.3, 182, 210, 392
1120974.3.peg.533.site.4, 2, 216, 218
1120974.3.peg.533.site.5, 1, 211, 212
1120974.3.peg.533.site.6, 0, 215, 215
1120974.3.peg.533.site.7, 0, 214, 214
1120974.3.peg.533.site.8, 0, 215, 215
1120974.3.peg.533.site.9, 188, 215, 403
1120974.3.peg.533.site.10, 4, 216, 220
1120974.3.peg.533.site.11, 182, 210, 392
1120974.3.peg.533.site.12, 183, 211, 394
1120974.3.peg.533.site.13, 4, 216, 220
1120974.3.peg.534.site.1, 20, 208, 228
1120974.3.peg.534.site.2, 180, 204, 384
1120974.3.peg.534.site.3, 183, 213, 396
1120974.3.peg.534.site.4, 4, 215, 219
1120974.3.peg.534.site.5, 4, 212, 216
1120974.3.peg.534.site.6, 144, 176, 320
1120974.3.peg.534.site.7, 35, 116, 151
1120974.3.peg.534.site.8, 78, 110, 188
1120974.3.peg.534.site.9, 9, 88, 97
1120974.3.peg.534.site.10, 48, 107, 155
1120974.3.peg.534.site.11, 5, 214, 219
1120974.3.peg.534.site.12, 133, 212, 345
1120974.3.peg.534.site.13, 50, 210, 260
1120974.3.peg.534.site.14, 38, 166, 204
1120974.3.peg.535.site.1, 0, 214, 214
1120974.3.peg.535.site.2, 134, 210, 344
1120974.3.peg.535.site.3, 0, 213, 213
1120974.3.peg.535.site.4, 150, 210, 360
1120974.3.peg.535.site.5, 157, 212, 369
1120974.3.peg.535.site.6, 0, 213, 213
1120974.3.peg.535.site.7, 128, 204, 332
1120974.3.peg.535.site.8, 63, 193, 256
1120974.3.peg.535.site.9, 25, 102, 127
1120974.3.peg.535.site.10, 42, 121, 163
1120974.3.peg.535.site.11, 79, 157, 236
1120974.3.peg.535.site.12, 0, 213, 213
1120974.3.peg.535.site.13, 1, 212, 213
1120974.3.peg.535.site.14, 25, 27, 52
1120974.3.peg.535.site.15, 4, 27, 31
1120974.3.peg.1363.site.1, 0, 212, 212
1120974.3.peg.1363.site.2, 1, 198, 199
1120974.3.peg.1363.site.3, 1, 173, 174
1120974.3.peg.1363.site.4, 35, 213, 248
1120974.3.peg.1363.site.5, 45, 212, 257
1120974.3.peg.1363.site.6, 0, 213, 213
1120974.3.peg.1363.site.7, 4, 216, 220
1120974.3.peg.1363.site.8, 4, 215, 219
1120974.3.peg.1363.site.9, 1, 208, 209
1120974.3.peg.1363.site.10, 7, 208, 215
1120974.3.peg.1363.site.11, 30, 208, 238
1120974.3.peg.1363.site.12, 0, 211, 211
1120974.3.peg.1363.site.13, 0, 213, 213
1120974.3.peg.1363.site.14, 37, 208, 245
1120974.3.peg.1362.site.1, 9, 214, 223
1120974.3.peg.1362.site.2, 9, 215, 224
1120974.3.peg.1362.site.3, 46, 213, 259
1120974.3.peg.1362.site.4, 127, 213, 340
1120974.3.peg.1362.site.5, 0, 216, 216
1120974.3.peg.1362.site.6, 156, 211, 367
1120974.3.peg.1362.site.7, 0, 215, 215
1120974.3.peg.1362.site.8, 0, 214, 214
1120974.3.peg.1362.site.9, 0, 214, 214
1120974.3.peg.1362.site.10, 116, 210, 326
1120974.3.peg.1361.site.1, 4, 65, 69
1120974.3.peg.1361.site.2, 1, 65, 66
1120974.3.peg.1361.site.3, 6, 73, 79
1120974.3.peg.1361.site.4, 42, 107, 149
1120974.3.peg.1361.site.5, 21, 210, 231
1120974.3.peg.1361.site.6, 24, 216, 240
1120974.3.peg.1361.site.7, 123, 214, 337
1120974.3.peg.1361.site.8, 1, 216, 217
1120974.3.peg.1361.site.9, 152, 211, 363
1120974.3.peg.1361.site.10, 17, 211, 228
1120974.3.peg.1361.site.11, 148, 207, 355
1120974.3.peg.1361.site.12, 25, 215, 240
1120974.3.peg.1361.site.13, 5, 216, 221
1120974.3.peg.1361.site.14, 48, 212, 260
1120974.3.peg.1361.site.15, 44, 208, 252
1120974.3.peg.1361.site.16, 215, 216, 431
1120974.3.peg.1367.site.1, 0, 213, 213
1120974.3.peg.1367.site.2, 3, 213, 216
1120974.3.peg.1367.site.3, 0, 214, 214
1120974.3.peg.1367.site.4, 0, 216, 216
1120974.3.peg.1367.site.5, 33, 215, 248
1120974.3.peg.1367.site.6, 186, 198, 384
1120974.3.peg.1367.site.7, 127, 201, 328
1120974.3.peg.1367.site.8, 74, 207, 281
1120974.3.peg.1367.site.9, 34, 211, 245
1120974.3.peg.1367.site.10, 2, 211, 213
1120974.3.peg.1367.site.11, 22, 157, 179
1120974.3.peg.1367.site.12, 0, 208, 208
1120974.3.peg.1367.site.13, 0, 210, 210
1120974.3.peg.1367.site.14, 24, 212, 236
1120974.3.peg.1367.site.15, 170, 212, 382
1120974.3.peg.1367.site.16, 170, 207, 377
1120974.3.peg.1367.site.17, 0, 206, 206
1120974.3.peg.1367.site.18, 2, 202, 204
1120974.3.peg.1367.site.19, 0, 213, 213
1120974.3.peg.1367.site.20, 0, 216, 216
1120974.3.peg.1367.site.21, 23, 216, 239
1120974.3.peg.1367.site.22, 0, 215, 215
1120974.3.peg.1367.site.23, 23, 216, 239
1120974.3.peg.1367.site.24, 23, 216, 239
1120974.3.peg.1367.site.25, 209, 213, 422
1120974.3.peg.1367.site.26, 23, 213, 236
1120974.3.peg.1367.site.27, 24, 213, 237
1120974.3.peg.1367.site.28, 174, 214, 388
1120974.3.peg.1367.site.29, 209, 216, 425
1120974.3.peg.1367.site.30, 0, 216, 216
1120974.3.peg.1367.site.31, 1, 214, 215
1120974.3.peg.1367.site.32, 1, 214, 215
1120974.3.peg.1367.site.33, 23, 211, 234
1120974.3.peg.1367.site.34, 199, 200, 399
1120974.3.peg.1367.site.35, 199, 200, 399
1120974.3.peg.1367.site.36, 1, 191, 192
1120974.3.peg.1367.site.37, 0, 199, 199
1120974.3.peg.1367.site.38, 160, 176, 336
1120974.3.peg.1367.site.39, 130, 147, 277
1120974.3.peg.1367.site.40, 12, 18, 30
1120974.3.peg.1366.site.1, 0, 215, 215
1120974.3.peg.1366.site.2, 172, 212, 384
1120974.3.peg.1366.site.3, 9, 213, 222
1120974.3.peg.1366.site.4, 167, 203, 370
1120974.3.peg.1366.site.5, 197, 213, 410
1120974.3.peg.1366.site.6, 29, 206, 235
1120974.3.peg.1366.site.7, 27, 182, 209
1120974.3.peg.1366.site.8, 28, 199, 227
1120974.3.peg.1366.site.9, 30, 207, 237
1120974.3.peg.1366.site.10, 1, 213, 214
1120974.3.peg.1366.site.11, 175, 213, 388
1120974.3.peg.1366.site.12, 24, 214, 238
1120974.3.peg.1366.site.13, 0, 215, 215
1120974.3.peg.1366.site.14, 2, 214, 216
1120974.3.peg.1366.site.15, 187, 210, 397
1120974.3.peg.1366.site.16, 32, 214, 246
1120974.3.peg.1366.site.17, 144, 211, 355
1120974.3.peg.1366.site.18, 141, 210, 351
1120974.3.peg.1366.site.19, 141, 206, 347
1120974.3.peg.1366.site.20, 7, 188, 195
1120974.3.peg.1366.site.21, 3, 184, 187
1120974.3.peg.1366.site.22, 0, 185, 185
1120974.3.peg.1366.site.23, 142, 183, 325
1120974.3.peg.1365.site.1, 129, 182, 311
1120974.3.peg.1365.site.2, 6, 191, 197
1120974.3.peg.1365.site.3, 0, 210, 210
1120974.3.peg.1365.site.4, 4, 213, 217
1120974.3.peg.1365.site.5, 3, 215, 218
1120974.3.peg.1365.site.6, 213, 216, 429
1120974.3.peg.1365.site.7, 172, 213, 385
1120974.3.peg.1365.site.8, 21, 215, 236
1120974.3.peg.1364.site.1, 0, 216, 216
1120974.3.peg.1364.site.2, 38, 210, 248
1120974.3.peg.1364.site.3, 0, 210, 210
1120974.3.peg.1364.site.4, 93, 211, 304
1120974.3.peg.1364.site.5, 9, 215, 224
1120974.3.peg.1364.site.6, 116, 211, 327
1120974.3.peg.1364.site.7, 105, 210, 315
1120974.3.peg.1364.site.8, 4, 214, 218
1120974.3.peg.1364.site.9, 4, 214, 218
1120974.3.peg.1364.site.10, 8, 213, 221
1120974.3.peg.1364.site.11, 158, 209, 367
1120974.3.peg.1364.site.12, 0, 216, 216
1120974.3.peg.1364.site.13, 149, 206, 355
1120974.3.peg.1364.site.14, 150, 210, 360
1120974.3.peg.1364.site.15, 0, 213, 213
1120974.3.peg.1364.site.16, 1, 215, 216
1120974.3.peg.1364.site.17, 160, 213, 373
1120974.3.peg.1364.site.18, 1, 215, 216
1120974.3.peg.1364.site.19, 161, 210, 371
1120974.3.peg.1364.site.20, 199, 212, 411
1120974.3.peg.1364.site.21, 2, 214, 216
1120974.3.peg.1364.site.22, 0, 213, 213
1120974.3.peg.1364.site.23, 33, 213, 246
1120974.3.peg.1364.site.24, 206, 213, 419
1120974.3.peg.1364.site.25, 158, 209, 367
1120974.3.peg.1364.site.26, 157, 210, 367
1120974.3.peg.1364.site.27, 0, 211, 211
1120974.3.peg.1364.site.28, 155, 209, 364
1120974.3.peg.1368.site.1, 4, 214, 218
1120974.3.peg.1368.site.2, 0, 215, 215
1120974.3.peg.1368.site.3, 0, 215, 215
1120974.3.peg.1368.site.4, 194, 213, 407
1120974.3.peg.1368.site.5, 163, 211, 374
1120974.3.peg.1368.site.6, 193, 213, 406
1120974.3.peg.1368.site.7, 192, 212, 404
1120974.3.peg.1368.site.8, 193, 213, 406
1120974.3.peg.1368.site.9, 182, 211, 393
1120974.3.peg.1368.site.10, 2, 214, 216
1120974.3.peg.1368.site.11, 4, 216, 220
1120974.3.peg.1368.site.12, 2, 214, 216
1120974.3.peg.1368.site.13, 4, 215, 219
1120974.3.peg.1368.site.14, 169, 212, 381
1120974.3.peg.1368.site.15, 163, 210, 373
1120974.3.peg.1368.site.16, 192, 211, 403
1120974.3.peg.1368.site.17, 135, 180, 315
1120974.3.peg.1368.site.18, 143, 165, 308
1120974.3.peg.1368.site.19, 96, 118, 214
1120974.3.peg.1368.site.20, 1, 211, 212
1120974.3.peg.1368.site.21, 25, 210, 235
1120974.3.peg.1368.site.22, 194, 210, 404
1120974.3.peg.1368.site.23, 0, 212, 212
1120974.3.peg.1368.site.24, 33, 203, 236
1120974.3.peg.1368.site.25, 2, 204, 206
1120974.3.peg.1368.site.26, 0, 211, 211
1120974.3.peg.1368.site.27, 161, 204, 365
1120974.3.peg.1368.site.28, 161, 206, 367
1120974.3.peg.1368.site.29, 9, 211, 220
1120974.3.peg.1368.site.30, 1, 212, 213
1120974.3.peg.1968.site.1, 8, 214, 222
1120974.3.peg.1968.site.2, 4, 216, 220
1120974.3.peg.1968.site.3, 0, 216, 216
1120974.3.peg.1968.site.4, 0, 214, 214
1120974.3.peg.1968.site.5, 2, 213, 215
1120974.3.peg.1968.site.6, 1, 216, 217
1120974.3.peg.1968.site.7, 0, 216, 216
1120974.3.peg.1968.site.8, 9, 216, 225
1120974.3.peg.1968.site.9, 1, 216, 217
1120974.3.peg.1968.site.10, 0, 215, 215
1120974.3.peg.1968.site.11, 0, 214, 214
1120974.3.peg.1968.site.12, 0, 207, 207
1120974.3.peg.1968.site.13, 1, 208, 209
1120974.3.peg.1968.site.14, 0, 202, 202
1120974.3.peg.1968.site.15, 160, 190, 350
1120974.3.peg.1968.site.16, 162, 169, 331
1120974.3.peg.1968.site.17, 99, 106, 205
1120974.3.peg.1968.site.18, 5, 106, 111
1120974.3.peg.1968.site.19, 0, 121, 121
1120974.3.peg.1968.site.20, 0, 104, 104
1120974.3.peg.1968.site.21, 36, 63, 99
1120974.3.peg.1968.site.22, 52, 79, 131
1120974.3.peg.1968.site.23, 1, 161, 162
1120974.3.peg.1968.site.24, 1, 168, 169
1120974.3.peg.1968.site.25, 152, 175, 327
1120974.3.peg.1961.site.1, 23, 207, 230
1120974.3.peg.1961.site.2, 0, 209, 209
1120974.3.peg.1961.site.3, 0, 212, 212
1120974.3.peg.1961.site.4, 0, 212, 212
1120974.3.peg.1961.site.5, 166, 209, 375
1120974.3.peg.1961.site.6, 0, 213, 213
1120974.3.peg.1961.site.7, 18, 197, 215
1120974.3.peg.1961.site.8, 144, 189, 333
1120974.3.peg.1961.site.9, 12, 56, 68
1120974.3.peg.1961.site.10, 11, 36, 47
1120974.3.peg.1961.site.11, 1, 35, 36
1120974.3.peg.1961.site.12, 2, 12, 14
1120974.3.peg.1961.site.13, 1, 5, 6
1120974.3.peg.1961.site.14, 18, 22, 40
1120974.3.peg.1961.site.15, 6, 21, 27
1120974.3.peg.1961.site.16, 30, 34, 64
1120974.3.peg.1961.site.17, 56, 60, 116
1120974.3.peg.1961.site.18, 153, 156, 309
1120974.3.peg.1961.site.19, 7, 210, 217
1120974.3.peg.1961.site.20, 0, 214, 214
1120974.3.peg.1961.site.21, 211, 214, 425
1120974.3.peg.1961.site.22, 0, 213, 213
1120974.3.peg.1961.site.23, 2, 213, 215
1120974.3.peg.1961.site.24, 212, 212, 424
1120974.3.peg.1961.site.25, 0, 213, 213
1120974.3.peg.1961.site.26, 212, 212, 424
1120974.3.peg.1961.site.27, 212, 212, 424
1120974.3.peg.1960.site.1, 1, 186, 187
1120974.3.peg.1960.site.2, 0, 191, 191
1120974.3.peg.1960.site.3, 0, 199, 199
1120974.3.peg.1960.site.4, 3, 211, 214
1120974.3.peg.1960.site.5, 1, 211, 212
1120974.3.peg.1960.site.6, 199, 202, 401
1120974.3.peg.1960.site.7, 109, 203, 312
1120974.3.peg.1960.site.8, 110, 205, 315
1120974.3.peg.1960.site.9, 111, 204, 315
1120974.3.peg.1960.site.10, 2, 213, 215
1120974.3.peg.1960.site.11, 2, 212, 214
1120974.3.peg.1960.site.12, 111, 210, 321
1120974.3.peg.1960.site.13, 89, 204, 293
1120974.3.peg.1963.site.1, 0, 206, 206
1120974.3.peg.1963.site.2, 192, 196, 388
1120974.3.peg.1963.site.3, 165, 165, 330
1120974.3.peg.1963.site.4, 0, 176, 176
1120974.3.peg.1963.site.5, 136, 154, 290
1120974.3.peg.1963.site.6, 193, 199, 392
1120974.3.peg.1963.site.7, 201, 206, 407
1120974.3.peg.1963.site.8, 184, 202, 386
1120974.3.peg.1963.site.9, 1, 198, 199
1120974.3.peg.1963.site.10, 0, 192, 192
1120974.3.peg.1963.site.11, 5, 189, 194
1120974.3.peg.1963.site.12, 2, 208, 210
1120974.3.peg.1963.site.13, 0, 208, 208
1120974.3.peg.1963.site.14, 4, 214, 218
1120974.3.peg.1963.site.15, 176, 210, 386
1120974.3.peg.1963.site.16, 0, 209, 209
1120974.3.peg.1963.site.17, 0, 212, 212
1120974.3.peg.1963.site.18, 1, 212, 213
1120974.3.peg.1963.site.19, 212, 212, 424
1120974.3.peg.1963.site.20, 5, 213, 218
1120974.3.peg.1963.site.21, 3, 37, 40
1120974.3.peg.1963.site.22, 2, 32, 34
1120974.3.peg.1963.site.23, 4, 154, 158
1120974.3.peg.1963.site.24, 4, 173, 177
1120974.3.peg.1963.site.25, 1, 204, 205
1120974.3.peg.1963.site.26, 1, 206, 207
1120974.3.peg.1963.site.27, 3, 206, 209
1120974.3.peg.1963.site.28, 0, 206, 206
1120974.3.peg.1963.site.29, 196, 207, 403
1120974.3.peg.1963.site.30, 5, 205, 210
1120974.3.peg.1963.site.31, 3, 207, 210
1120974.3.peg.1963.site.32, 11, 209, 220
1120974.3.peg.1963.site.33, 11, 210, 221
1120974.3.peg.1963.site.34, 63, 209, 272
1120974.3.peg.1963.site.35, 73, 199, 272
1120974.3.peg.1963.site.36, 60, 187, 247
1120974.3.peg.1963.site.37, 45, 176, 221
1120974.3.peg.1963.site.38, 7, 188, 195
1120974.3.peg.1963.site.39, 4, 131, 135
1120974.3.peg.1963.site.40, 4, 131, 135
1120974.3.peg.1963.site.41, 39, 115, 154
1120974.3.peg.1962.site.1, 0, 202, 202
1120974.3.peg.1962.site.2, 187, 210, 397
1120974.3.peg.1962.site.3, 203, 211, 414
1120974.3.peg.1962.site.4, 211, 212, 423
1120974.3.peg.1962.site.5, 0, 213, 213
1120974.3.peg.1962.site.6, 0, 214, 214
1120974.3.peg.1962.site.7, 0, 214, 214
1120974.3.peg.1962.site.8, 0, 211, 211
1120974.3.peg.1962.site.9, 5, 210, 215
1120974.3.peg.1962.site.10, 211, 211, 422
1120974.3.peg.1962.site.11, 212, 212, 424
1120974.3.peg.1962.site.12, 0, 208, 208
1120974.3.peg.1962.site.13, 1, 206, 207
1120974.3.peg.1965.site.1, 0, 214, 214
1120974.3.peg.1965.site.2, 0, 214, 214
1120974.3.peg.1965.site.3, 154, 211, 365
1120974.3.peg.1965.site.4, 139, 210, 349
1120974.3.peg.1965.site.5, 0, 214, 214
1120974.3.peg.1965.site.6, 157, 211, 368
1120974.3.peg.1965.site.7, 113, 144, 257
1120974.3.peg.1965.site.8, 5, 208, 213
1120974.3.peg.1965.site.9, 114, 195, 309
1120974.3.peg.1965.site.10, 26, 87, 113
1120974.3.peg.1965.site.11, 46, 94, 140
1120974.3.peg.1965.site.12, 7, 71, 78
1120974.3.peg.1965.site.13, 59, 67, 126
1120974.3.peg.1965.site.14, 45, 55, 100
1120974.3.peg.1965.site.15, 3, 47, 50
1120974.3.peg.1965.site.16, 2, 94, 96
1120974.3.peg.1965.site.17, 34, 130, 164
1120974.3.peg.1965.site.18, 15, 155, 170
1120974.3.peg.1965.site.19, 109, 186, 295
1120974.3.peg.1965.site.20, 113, 188, 301
1120974.3.peg.1965.site.21, 3, 209, 212
1120974.3.peg.1965.site.22, 1, 198, 199
1120974.3.peg.1965.site.23, 3, 162, 165
1120974.3.peg.1965.site.24, 86, 93, 179
1120974.3.peg.1965.site.25, 1, 121, 122
1120974.3.peg.1965.site.26, 87, 139, 226
1120974.3.peg.1965.site.27, 5, 156, 161
1120974.3.peg.1965.site.28, 112, 189, 301
1120974.3.peg.1965.site.29, 4, 201, 205
1120974.3.peg.1965.site.30, 1, 202, 203
1120974.3.peg.1965.site.31, 0, 199, 199
1120974.3.peg.1965.site.32, 148, 206, 354
1120974.3.peg.1965.site.33, 1, 208, 209
1120974.3.peg.1965.site.34, 134, 210, 344
1120974.3.peg.1965.site.35, 129, 210, 339
1120974.3.peg.1965.site.36, 4, 215, 219
1120974.3.peg.1965.site.37, 0, 214, 214
1120974.3.peg.1965.site.38, 0, 208, 208
1120974.3.peg.1965.site.39, 7, 210, 217
1120974.3.peg.1965.site.40, 0, 213, 213
1120974.3.peg.1965.site.41, 1, 214, 215
1120974.3.peg.1965.site.42, 0, 151, 151
1120974.3.peg.1965.site.43, 165, 176, 341
1120974.3.peg.1965.site.44, 148, 159, 307
1120974.3.peg.1965.site.45, 146, 158, 304
1120974.3.peg.1965.site.46, 0, 200, 200
1120974.3.peg.1965.site.47, 1, 206, 207
1120974.3.peg.1965.site.48, 201, 214, 415
1120974.3.peg.1965.site.49, 201, 214, 415
1120974.3.peg.1965.site.50, 11, 214, 225
1120974.3.peg.1965.site.51, 11, 211, 222
1120974.3.peg.1965.site.52, 7, 210, 217
1120974.3.peg.1965.site.53, 0, 201, 201
1120974.3.peg.1965.site.54, 1, 162, 163
1120974.3.peg.1965.site.55, 1, 59, 60
1120974.3.peg.1965.site.56, 54, 64, 118
1120974.3.peg.1964.site.1, 5, 177, 182
1120974.3.peg.1964.site.2, 3, 178, 181
1120974.3.peg.1964.site.3, 143, 207, 350
1120974.3.peg.1964.site.4, 45, 209, 254
1120974.3.peg.1967.site.1, 120, 213, 333
1120974.3.peg.1967.site.2, 9, 212, 221
1120974.3.peg.1967.site.3, 3, 209, 212
1120974.3.peg.1967.site.4, 10, 193, 203
1120974.3.peg.1967.site.5, 2, 116, 118
1120974.3.peg.1967.site.6, 0, 99, 99
1120974.3.peg.1967.site.7, 0, 93, 93
1120974.3.peg.1967.site.8, 85, 91, 176
1120974.3.peg.1967.site.9, 10, 80, 90
1120974.3.peg.1967.site.10, 0, 89, 89
1120974.3.peg.1967.site.11, 31, 84, 115
1120974.3.peg.1967.site.12, 174, 191, 365
1120974.3.peg.1967.site.13, 125, 197, 322
1120974.3.peg.1967.site.14, 0, 215, 215
1120974.3.peg.1967.site.15, 69, 211, 280
1120974.3.peg.1967.site.16, 7, 213, 220
1120974.3.peg.1967.site.17, 2, 214, 216
1120974.3.peg.1967.site.18, 3, 214, 217
1120974.3.peg.1967.site.19, 0, 213, 213
1120974.3.peg.1967.site.20, 211, 215, 426
1120974.3.peg.1967.site.21, 78, 210, 288
1120974.3.peg.1967.site.22, 23, 40, 63
1120974.3.peg.1967.site.23, 12, 31, 43
1120974.3.peg.1967.site.24, 13, 52, 65
1120974.3.peg.1967.site.25, 71, 77, 148
1120974.3.peg.1967.site.26, 0, 205, 205
1120974.3.peg.1967.site.27, 4, 209, 213
1120974.3.peg.1967.site.28, 1, 210, 211
1120974.3.peg.1967.site.29, 9, 207, 216
1120974.3.peg.1967.site.30, 2, 216, 218
1120974.3.peg.1966.site.1, 1, 216, 217
1120974.3.peg.1966.site.2, 2, 216, 218
1120974.3.peg.1966.site.3, 137, 212, 349
1120974.3.peg.1966.site.4, 2, 216, 218
1120974.3.peg.1966.site.5, 7, 216, 223
1120974.3.peg.1966.site.6, 6, 216, 222
1120974.3.peg.1966.site.7, 57, 188, 245
1120974.3.peg.1966.site.8, 138, 210, 348
1120974.3.peg.1966.site.9, 139, 212, 351
1120974.3.peg.1966.site.10, 0, 214, 214
1120974.3.peg.1966.site.11, 2, 213, 215
1120974.3.peg.1966.site.12, 0, 204, 204
1120974.3.peg.1966.site.13, 127, 195, 322
1120974.3.peg.1966.site.14, 4, 191, 195
1120974.3.peg.1966.site.15, 53, 196, 249
1120974.3.peg.1966.site.16, 13, 210, 223
1120974.3.peg.1419.site.1, 154, 195, 349
1120974.3.peg.1419.site.2, 132, 196, 328
1120974.3.peg.1419.site.3, 158, 202, 360
1120974.3.peg.1419.site.4, 1, 206, 207
1120974.3.peg.1419.site.5, 6, 191, 197
1120974.3.peg.1419.site.6, 5, 193, 198
1120974.3.peg.1419.site.7, 3, 191, 194
1120974.3.peg.1419.site.8, 2, 190, 192
1120974.3.peg.1419.site.9, 9, 198, 207
1120974.3.peg.1419.site.10, 203, 204, 407
1120974.3.peg.1419.site.11, 192, 203, 395
1120974.3.peg.1419.site.12, 2, 207, 209
1120974.3.peg.1419.site.13, 157, 204, 361
1120974.3.peg.1419.site.14, 2, 206, 208
1120974.3.peg.1419.site.15, 4, 206, 210
1120974.3.peg.1419.site.16, 0, 213, 213
1120974.3.peg.1419.site.17, 1, 203, 204
1120974.3.peg.1419.site.18, 14, 177, 191
1120974.3.peg.1419.site.19, 1, 185, 186
1120974.3.peg.1419.site.20, 1, 173, 174
1120974.3.peg.1419.site.21, 31, 172, 203
1120974.3.peg.1419.site.22, 1, 169, 170
1120974.3.peg.1419.site.23, 1, 175, 176
1120974.3.peg.1419.site.24, 19, 207, 226
1120974.3.peg.1419.site.25, 2, 208, 210
1120974.3.peg.1419.site.26, 79, 200, 279
1120974.3.peg.1419.site.27, 65, 187, 252
1120974.3.peg.1419.site.28, 8, 175, 183
1120974.3.peg.1419.site.29, 36, 158, 194
1120974.3.peg.1419.site.30, 179, 179, 358
1120974.3.peg.1419.site.31, 81, 204, 285
1120974.3.peg.1419.site.32, 185, 209, 394
1120974.3.peg.1419.site.33, 4, 216, 220
1120974.3.peg.1419.site.34, 186, 214, 400
1120974.3.peg.1419.site.35, 91, 214, 305
1120974.3.peg.1419.site.36, 1, 216, 217
1120974.3.peg.1419.site.37, 177, 208, 385
1120974.3.peg.1419.site.38, 10, 87, 97
1120974.3.peg.1419.site.39, 23, 56, 79
1120974.3.peg.1419.site.40, 2, 44, 46
1120974.3.peg.1419.site.41, 1, 33, 34
1120974.3.peg.1419.site.42, 15, 31, 46
1120974.3.peg.1418.site.1, 16, 214, 230
1120974.3.peg.1418.site.2, 1, 216, 217
1120974.3.peg.1418.site.3, 0, 216, 216
1120974.3.peg.1418.site.4, 0, 214, 214
1120974.3.peg.1418.site.5, 0, 155, 155
1120974.3.peg.1418.site.6, 0, 139, 139
1120974.3.peg.1418.site.7, 10, 95, 105
1120974.3.peg.1418.site.8, 64, 83, 147
1120974.3.peg.1418.site.9, 98, 100, 198
1120974.3.peg.1418.site.10, 59, 79, 138
1120974.3.peg.1418.site.11, 38, 204, 242
1120974.3.peg.1418.site.12, 1, 195, 196
1120974.3.peg.1418.site.13, 2, 213, 215
1120974.3.peg.1418.site.14, 148, 207, 355
1120974.3.peg.1418.site.15, 31, 202, 233
1120974.3.peg.1418.site.16, 12, 212, 224
1120974.3.peg.1418.site.17, 0, 207, 207
1120974.3.peg.1418.site.18, 0, 210, 210
1120974.3.peg.1418.site.19, 0, 207, 207
1120974.3.peg.1418.site.20, 0, 208, 208
1120974.3.peg.1418.site.21, 7, 208, 215
1120974.3.peg.1418.site.22, 17, 207, 224
1120974.3.peg.1418.site.23, 17, 207, 224
1120974.3.peg.1418.site.24, 4, 213, 217
1120974.3.peg.1418.site.25, 2, 214, 216
1120974.3.peg.1418.site.26, 1, 209, 210
1120974.3.peg.1418.site.27, 24, 210, 234
1120974.3.peg.1418.site.28, 0, 210, 210
1120974.3.peg.1418.site.29, 0, 209, 209
1120974.3.peg.1418.site.30, 0, 210, 210
1120974.3.peg.1149.site.1, 5, 214, 219
1120974.3.peg.1149.site.2, 17, 213, 230
1120974.3.peg.1149.site.3, 0, 208, 208
1120974.3.peg.1149.site.4, 1, 199, 200
1120974.3.peg.1149.site.5, 1, 198, 199
1120974.3.peg.1149.site.6, 1, 196, 197
1120974.3.peg.1149.site.7, 3, 199, 202
1120974.3.peg.1149.site.8, 12, 212, 224
1120974.3.peg.1149.site.9, 16, 212, 228
1120974.3.peg.1149.site.10, 46, 213, 259
1120974.3.peg.1149.site.11, 37, 214, 251
1120974.3.peg.1149.site.12, 1, 205, 206
1120974.3.peg.1149.site.13, 0, 201, 201
1120974.3.peg.1149.site.14, 1, 198, 199
1120974.3.peg.1149.site.15, 9, 206, 215
1120974.3.peg.1149.site.16, 18, 215, 233
1120974.3.peg.1149.site.17, 4, 216, 220
1120974.3.peg.1149.site.18, 22, 215, 237
1120974.3.peg.1149.site.19, 21, 214, 235
1120974.3.peg.1149.site.20, 21, 214, 235
1120974.3.peg.1149.site.21, 1, 214, 215
1120974.3.peg.1149.site.22, 21, 213, 234
1120974.3.peg.1149.site.23, 1, 214, 215
1120974.3.peg.1149.site.24, 21, 214, 235
1120974.3.peg.1149.site.25, 22, 214, 236
1120974.3.peg.1149.site.26, 2, 215, 217
1120974.3.peg.1149.site.27, 20, 213, 233
1120974.3.peg.1149.site.28, 15, 212, 227
1120974.3.peg.1148.site.1, 0, 202, 202
1120974.3.peg.1148.site.2, 15, 206, 221
1120974.3.peg.1148.site.3, 9, 213, 222
1120974.3.peg.1148.site.4, 17, 214, 231
1120974.3.peg.1148.site.5, 1, 216, 217
1120974.3.peg.1148.site.6, 4, 216, 220
1120974.3.peg.1148.site.7, 19, 214, 233
1120974.3.peg.1148.site.8, 2, 215, 217
1120974.3.peg.1148.site.9, 1, 216, 217
1120974.3.peg.1148.site.10, 17, 214, 231
1120974.3.peg.1148.site.11, 10, 215, 225
1120974.3.peg.1148.site.12, 17, 215, 232
1120974.3.peg.1148.site.13, 17, 215, 232
1120974.3.peg.1148.site.14, 1, 216, 217
1120974.3.peg.1148.site.15, 17, 215, 232
1120974.3.peg.1148.site.16, 0, 216, 216
1120974.3.peg.1148.site.17, 0, 216, 216
1120974.3.peg.1148.site.18, 17, 214, 231
1120974.3.peg.1148.site.19, 13, 214, 227
1120974.3.peg.1148.site.20, 16, 213, 229
1120974.3.peg.1148.site.21, 14, 211, 225
1120974.3.peg.1148.site.22, 1, 212, 213
1120974.3.peg.1148.site.23, 12, 210, 222
1120974.3.peg.1148.site.24, 2, 214, 216
1120974.3.peg.1148.site.25, 11, 216, 227
1120974.3.peg.1148.site.26, 16, 215, 231
1120974.3.peg.1143.site.1, 122, 213, 335
1120974.3.peg.1143.site.2, 211, 211, 422
1120974.3.peg.1143.site.3, 18, 208, 226
1120974.3.peg.1143.site.4, 2, 215, 217
1120974.3.peg.1143.site.5, 0, 215, 215
1120974.3.peg.1143.site.6, 10, 216, 226
1120974.3.peg.1143.site.7, 78, 211, 289
1120974.3.peg.1142.site.1, 0, 215, 215
1120974.3.peg.1142.site.2, 0, 216, 216
1120974.3.peg.1142.site.3, 88, 209, 297
1120974.3.peg.1142.site.4, 90, 211, 301
1120974.3.peg.1142.site.5, 0, 213, 213
1120974.3.peg.1141.site.1, 20, 77, 97
1120974.3.peg.1141.site.2, 11, 98, 109
1120974.3.peg.1141.site.3, 94, 96, 190
1120974.3.peg.1141.site.4, 2, 92, 94
1120974.3.peg.1141.site.5, 1, 108, 109
1120974.3.peg.1141.site.6, 65, 154, 219
1120974.3.peg.1141.site.7, 0, 186, 186
1120974.3.peg.1141.site.8, 117, 205, 322
1120974.3.peg.1141.site.9, 118, 207, 325
1120974.3.peg.1141.site.10, 37, 210, 247
1120974.3.peg.1141.site.11, 1, 209, 210
1120974.3.peg.1141.site.12, 1, 211, 212
1120974.3.peg.1141.site.13, 119, 202, 321
1120974.3.peg.1141.site.14, 5, 207, 212
1120974.3.peg.1141.site.15, 71, 202, 273
1120974.3.peg.1141.site.16, 83, 207, 290
1120974.3.peg.1141.site.17, 1, 212, 213
1120974.3.peg.1141.site.18, 20, 205, 225
1120974.3.peg.1141.site.19, 19, 204, 223
1120974.3.peg.1141.site.20, 4, 200, 204
1120974.3.peg.1141.site.21, 123, 200, 323
1120974.3.peg.1141.site.22, 12, 196, 208
1120974.3.peg.1141.site.23, 4, 188, 192
1120974.3.peg.1141.site.24, 4, 188, 192
1120974.3.peg.1141.site.25, 2, 185, 187
1120974.3.peg.1141.site.26, 0, 188, 188
1120974.3.peg.1141.site.27, 121, 208, 329
1120974.3.peg.1141.site.28, 1, 213, 214
1120974.3.peg.1141.site.29, 27, 210, 237
1120974.3.peg.1141.site.30, 1, 213, 214
1120974.3.peg.1141.site.31, 10, 213, 223
1120974.3.peg.1141.site.32, 0, 209, 209
1120974.3.peg.1141.site.33, 0, 210, 210
1120974.3.peg.1141.site.34, 4, 207, 211
1120974.3.peg.1141.site.35, 0, 205, 205
1120974.3.peg.1141.site.36, 0, 215, 215
1120974.3.peg.1141.site.37, 0, 212, 212
1120974.3.peg.1141.site.38, 10, 214, 224
1120974.3.peg.1141.site.39, 1, 212, 213
1120974.3.peg.1141.site.40, 24, 144, 168
1120974.3.peg.1141.site.41, 56, 177, 233
1120974.3.peg.1141.site.42, 71, 191, 262
1120974.3.peg.1141.site.43, 117, 208, 325
1120974.3.peg.1412.site.1, 0, 216, 216
1120974.3.peg.1412.site.2, 12, 215, 227
1120974.3.peg.1412.site.3, 165, 213, 378
1120974.3.peg.1412.site.4, 1, 212, 213
1120974.3.peg.1412.site.5, 0, 213, 213
1120974.3.peg.1412.site.6, 12, 214, 226
1120974.3.peg.1412.site.7, 8, 214, 222
1120974.3.peg.1412.site.8, 4, 212, 216
1120974.3.peg.1412.site.9, 146, 207, 353
1120974.3.peg.1412.site.10, 0, 213, 213
1120974.3.peg.1412.site.11, 147, 211, 358
1120974.3.peg.1412.site.12, 5, 208, 213
1120974.3.peg.1412.site.13, 184, 206, 390
1120974.3.peg.1412.site.14, 8, 211, 219
1120974.3.peg.1412.site.15, 0, 211, 211
1120974.3.peg.1412.site.16, 6, 209, 215
1120974.3.peg.1412.site.17, 1, 207, 208
1120974.3.peg.1412.site.18, 8, 215, 223
1120974.3.peg.1147.site.1, 1, 210, 211
1120974.3.peg.1147.site.2, 0, 211, 211
1120974.3.peg.1147.site.3, 12, 206, 218
1120974.3.peg.1147.site.4, 5, 212, 217
1120974.3.peg.1147.site.5, 9, 206, 215
1120974.3.peg.1147.site.6, 3, 206, 209
1120974.3.peg.1147.site.7, 3, 200, 203
1120974.3.peg.1147.site.8, 0, 195, 195
1120974.3.peg.1147.site.9, 0, 196, 196
1120974.3.peg.1147.site.10, 3, 198, 201
1120974.3.peg.1147.site.11, 5, 202, 207
1120974.3.peg.1147.site.12, 18, 203, 221
1120974.3.peg.1147.site.13, 15, 205, 220
1120974.3.peg.1147.site.14, 10, 203, 213
1120974.3.peg.1147.site.15, 1, 206, 207
1120974.3.peg.1147.site.16, 4, 201, 205
1120974.3.peg.1146.site.1, 7, 26, 33
1120974.3.peg.1146.site.2, 102, 102, 204
1120974.3.peg.1146.site.3, 0, 215, 215
1120974.3.peg.1146.site.4, 17, 213, 230
1120974.3.peg.1146.site.5, 1, 198, 199
1120974.3.peg.1146.site.6, 1, 198, 199
1120974.3.peg.1146.site.7, 1, 195, 196
1120974.3.peg.1145.site.1, 209, 215, 424
1120974.3.peg.1145.site.2, 28, 212, 240
1120974.3.peg.1145.site.3, 182, 213, 395
1120974.3.peg.1145.site.4, 179, 209, 388
1120974.3.peg.1145.site.5, 0, 214, 214
1120974.3.peg.1145.site.6, 0, 215, 215
1120974.3.peg.1145.site.7, 214, 214, 428
1120974.3.peg.1145.site.8, 213, 214, 427
1120974.3.peg.1145.site.9, 180, 211, 391
1120974.3.peg.1145.site.10, 184, 214, 398
1120974.3.peg.1145.site.11, 0, 214, 214
1120974.3.peg.1145.site.12, 195, 215, 410
1120974.3.peg.1145.site.13, 0, 214, 214
1120974.3.peg.1145.site.14, 3, 213, 216
1120974.3.peg.1145.site.15, 1, 215, 216
1120974.3.peg.1145.site.16, 1, 215, 216
1120974.3.peg.1145.site.17, 1, 216, 217
1120974.3.peg.1145.site.18, 203, 215, 418
1120974.3.peg.1145.site.19, 214, 216, 430
1120974.3.peg.1145.site.20, 201, 215, 416
1120974.3.peg.1145.site.21, 7, 215, 222
1120974.3.peg.1145.site.22, 188, 211, 399
1120974.3.peg.1145.site.23, 184, 210, 394
1120974.3.peg.1145.site.24, 0, 213, 213
1120974.3.peg.1145.site.25, 181, 208, 389
1120974.3.peg.1145.site.26, 181, 208, 389
1120974.3.peg.1145.site.27, 0, 215, 215
1120974.3.peg.1145.site.28, 0, 216, 216
1120974.3.peg.1145.site.29, 4, 216, 220
1120974.3.peg.1145.site.30, 192, 214, 406
1120974.3.peg.1145.site.31, 0, 214, 214
1120974.3.peg.1145.site.32, 1, 213, 214
1120974.3.peg.1145.site.33, 185, 211, 396
1120974.3.peg.1145.site.34, 4, 215, 219
1120974.3.peg.1145.site.35, 0, 216, 216
1120974.3.peg.1145.site.36, 0, 214, 214
1120974.3.peg.1145.site.37, 0, 216, 216
1120974.3.peg.1145.site.38, 3, 214, 217
1120974.3.peg.1145.site.39, 3, 214, 217
1120974.3.peg.1145.site.40, 0, 216, 216
1120974.3.peg.1145.site.41, 190, 214, 404
1120974.3.peg.1145.site.42, 196, 215, 411
1120974.3.peg.1145.site.43, 215, 216, 431
1120974.3.peg.1145.site.44, 8, 213, 221
1120974.3.peg.1145.site.45, 190, 214, 404
1120974.3.peg.1416.site.1, 1, 209, 210
1120974.3.peg.1416.site.2, 0, 207, 207
1120974.3.peg.1416.site.3, 6, 197, 203
1120974.3.peg.1416.site.4, 133, 207, 340
1120974.3.peg.1416.site.5, 0, 212, 212
1120974.3.peg.1416.site.6, 40, 117, 157
1120974.3.peg.1416.site.7, 78, 107, 185
1120974.3.peg.1416.site.8, 25, 100, 125
1120974.3.peg.1416.site.9, 38, 112, 150
1120974.3.peg.1416.site.10, 47, 121, 168
1120974.3.peg.1416.site.11, 0, 216, 216
1120974.3.peg.1416.site.12, 0, 215, 215
1120974.3.peg.1416.site.13, 136, 207, 343
1120974.3.peg.1416.site.14, 136, 206, 342
1120974.3.peg.1416.site.15, 57, 211, 268
1120974.3.peg.1416.site.16, 189, 213, 402
1120974.3.peg.1416.site.17, 4, 216, 220
1120974.3.peg.1416.site.18, 1, 215, 216
1120974.3.peg.1416.site.19, 121, 210, 331
1120974.3.peg.1416.site.20, 120, 206, 326
1120974.3.peg.1416.site.21, 1, 215, 216
1120974.3.peg.1416.site.22, 110, 207, 317
1120974.3.peg.1416.site.23, 6, 216, 222
1120974.3.peg.1416.site.24, 0, 215, 215
1120974.3.peg.1416.site.25, 4, 216, 220
1120974.3.peg.1416.site.26, 101, 193, 294
1120974.3.peg.1416.site.27, 168, 211, 379
1120974.3.peg.1416.site.28, 87, 183, 270
1120974.3.peg.1416.site.29, 93, 188, 281
1120974.3.peg.1416.site.30, 161, 207, 368
1120974.3.peg.1416.site.31, 106, 207, 313
1120974.3.peg.1416.site.32, 151, 211, 362
1120974.3.peg.1416.site.33, 160, 210, 370
1120974.3.peg.1416.site.34, 152, 203, 355
1120974.3.peg.1416.site.35, 4, 210, 214
1120974.3.peg.1416.site.36, 0, 208, 208
1120974.3.peg.1416.site.37, 4, 200, 204
1120974.3.peg.1416.site.38, 0, 213, 213
1120974.3.peg.1416.site.39, 0, 214, 214
1120974.3.peg.1416.site.40, 0, 214, 214
1120974.3.peg.1416.site.41, 158, 211, 369
1120974.3.peg.1567.site.1, 106, 187, 293
1120974.3.peg.1567.site.2, 3, 210, 213
1120974.3.peg.1567.site.3, 10, 212, 222
1120974.3.peg.1567.site.4, 169, 207, 376
1120974.3.peg.1567.site.5, 169, 211, 380
1120974.3.peg.1567.site.6, 163, 210, 373
1120974.3.peg.1567.site.7, 170, 209, 379
1120974.3.peg.1567.site.8, 5, 210, 215
1120974.3.peg.1567.site.9, 0, 210, 210
1120974.3.peg.1567.site.10, 0, 211, 211
1120974.3.peg.1567.site.11, 204, 207, 411
1120974.3.peg.1567.site.12, 168, 206, 374
1120974.3.peg.1567.site.13, 5, 211, 216
1120974.3.peg.1567.site.14, 172, 208, 380
1120974.3.peg.1567.site.15, 168, 208, 376
1120974.3.peg.1567.site.16, 169, 209, 378
1120974.3.peg.1567.site.17, 0, 210, 210
1120974.3.peg.1566.site.1, 171, 211, 382
1120974.3.peg.1566.site.2, 1, 215, 216
1120974.3.peg.1566.site.3, 65, 193, 258
1120974.3.peg.1566.site.4, 153, 194, 347
1120974.3.peg.1566.site.5, 5, 208, 213
1120974.3.peg.1566.site.6, 28, 192, 220
1120974.3.peg.1566.site.7, 32, 194, 226
1120974.3.peg.1566.site.8, 78, 211, 289
1120974.3.peg.1566.site.9, 4, 209, 213
1120974.3.peg.1566.site.10, 4, 213, 217
1120974.3.peg.1566.site.11, 174, 215, 389
1120974.3.peg.1566.site.12, 0, 216, 216
1120974.3.peg.1566.site.13, 8, 213, 221
1120974.3.peg.1569.site.1, 174, 209, 383
1120974.3.peg.1569.site.2, 4, 214, 218
1120974.3.peg.1569.site.3, 4, 214, 218
1120974.3.peg.1569.site.4, 173, 210, 383
1120974.3.peg.1569.site.5, 168, 209, 377
1120974.3.peg.1569.site.6, 91, 177, 268
1120974.3.peg.1569.site.7, 0, 177, 177
1120974.3.peg.1569.site.8, 72, 157, 229
1120974.3.peg.1569.site.9, 19, 105, 124
1120974.3.peg.1569.site.10, 1, 87, 88
1120974.3.peg.1569.site.11, 1, 86, 87
1120974.3.peg.1569.site.12, 1, 95, 96
1120974.3.peg.1569.site.13, 1, 95, 96
1120974.3.peg.1569.site.14, 1, 95, 96
1120974.3.peg.1569.site.15, 94, 94, 188
1120974.3.peg.1569.site.16, 24, 118, 142
1120974.3.peg.1569.site.17, 55, 148, 203
1120974.3.peg.1569.site.18, 111, 204, 315
1120974.3.peg.1569.site.19, 0, 210, 210
1120974.3.peg.1569.site.20, 167, 206, 373
1120974.3.peg.1569.site.21, 3, 210, 213
1120974.3.peg.1569.site.22, 4, 214, 218
1120974.3.peg.1569.site.23, 52, 213, 265
1120974.3.peg.1569.site.24, 1, 212, 213
1120974.3.peg.1569.site.25, 0, 183, 183
1120974.3.peg.1569.site.26, 142, 183, 325
1120974.3.peg.1569.site.27, 46, 198, 244
1120974.3.peg.1569.site.28, 85, 165, 250
1120974.3.peg.1569.site.29, 4, 156, 160
1120974.3.peg.1569.site.30, 111, 146, 257
1120974.3.peg.1569.site.31, 104, 138, 242
1120974.3.peg.1569.site.32, 104, 135, 239
1120974.3.peg.1569.site.33, 132, 177, 309
1120974.3.peg.1569.site.34, 138, 181, 319
1120974.3.peg.1569.site.35, 136, 180, 316
1120974.3.peg.1569.site.36, 1, 190, 191
1120974.3.peg.1569.site.37, 140, 184, 324
1120974.3.peg.1569.site.38, 3, 188, 191
1120974.3.peg.1569.site.39, 142, 187, 329
1120974.3.peg.1569.site.40, 7, 193, 200
1120974.3.peg.1569.site.41, 140, 182, 322
1120974.3.peg.1569.site.42, 0, 184, 184
1120974.3.peg.1569.site.43, 143, 188, 331
1120974.3.peg.1569.site.44, 2, 191, 193
1120974.3.peg.1569.site.45, 143, 187, 330
1120974.3.peg.1569.site.46, 148, 194, 342
1120974.3.peg.1569.site.47, 3, 207, 210
1120974.3.peg.1569.site.48, 122, 175, 297
1120974.3.peg.1569.site.49, 102, 145, 247
1120974.3.peg.1569.site.50, 0, 165, 165
1120974.3.peg.1569.site.51, 119, 165, 284
1120974.3.peg.1569.site.52, 27, 171, 198
1120974.3.peg.1569.site.53, 1, 169, 170
1120974.3.peg.1569.site.54, 109, 152, 261
1120974.3.peg.1569.site.55, 113, 142, 255
1120974.3.peg.1569.site.56, 7, 80, 87
1120974.3.peg.1569.site.57, 12, 60, 72
1120974.3.peg.1569.site.58, 11, 47, 58
1120974.3.peg.1569.site.59, 3, 53, 56
1120974.3.peg.1569.site.60, 4, 54, 58
1120974.3.peg.1569.site.61, 1, 69, 70
1120974.3.peg.1569.site.62, 0, 214, 214
1120974.3.peg.1568.site.1, 169, 209, 378
1120974.3.peg.1568.site.2, 168, 208, 376
1120974.3.peg.1568.site.3, 34, 210, 244
1120974.3.peg.1568.site.4, 169, 209, 378
1120974.3.peg.1568.site.5, 0, 212, 212
1120974.3.peg.1568.site.6, 1, 204, 205
1120974.3.peg.1568.site.7, 163, 204, 367
1120974.3.peg.1568.site.8, 208, 215, 423
1120974.3.peg.1568.site.9, 40, 216, 256
1120974.3.peg.1568.site.10, 170, 210, 380
1120974.3.peg.1568.site.11, 170, 210, 380
1120974.3.peg.1568.site.12, 5, 81, 86
1120974.3.peg.1568.site.13, 12, 43, 55
1120974.3.peg.1568.site.14, 5, 39, 44
1120974.3.peg.1568.site.15, 4, 46, 50
1120974.3.peg.1568.site.16, 6, 45, 51
1120974.3.peg.1568.site.17, 30, 76, 106
1120974.3.peg.1091.site.1, 61, 210, 271
1120974.3.peg.1091.site.2, 196, 212, 408
1120974.3.peg.1091.site.3, 201, 213, 414
1120974.3.peg.1091.site.4, 4, 212, 216
1120974.3.peg.1091.site.5, 60, 203, 263
1120974.3.peg.1091.site.6, 60, 202, 262
1120974.3.peg.1091.site.7, 60, 205, 265
1120974.3.peg.1091.site.8, 1, 204, 205
1120974.3.peg.1091.site.9, 148, 171, 319
1120974.3.peg.1091.site.10, 33, 56, 89
1120974.3.peg.1091.site.11, 3, 25, 28
1120974.3.peg.1091.site.12, 25, 48, 73
1120974.3.peg.1091.site.13, 51, 191, 242
1120974.3.peg.1091.site.14, 63, 212, 275
1120974.3.peg.1091.site.15, 64, 213, 277
1120974.3.peg.1091.site.16, 63, 209, 272
1120974.3.peg.1091.site.17, 109, 182, 291
1120974.3.peg.1091.site.18, 39, 61, 100
1120974.3.peg.1090.site.1, 59, 81, 140
1120974.3.peg.1090.site.2, 158, 160, 318
1120974.3.peg.1090.site.3, 27, 175, 202
1120974.3.peg.1090.site.4, 193, 212, 405
1120974.3.peg.1090.site.5, 62, 212, 274
1120974.3.peg.1090.site.6, 206, 213, 419
1120974.3.peg.1090.site.7, 9, 214, 223
1120974.3.peg.1090.site.8, 9, 214, 223
1120974.3.peg.1090.site.9, 0, 216, 216
1120974.3.peg.1090.site.10, 59, 209, 268
1120974.3.peg.1090.site.11, 61, 211, 272
1120974.3.peg.1090.site.12, 0, 216, 216
1120974.3.peg.2995.site.1, 12, 214, 226
1120974.3.peg.2995.site.2, 163, 214, 377
1120974.3.peg.2995.site.3, 0, 215, 215
1120974.3.peg.2995.site.4, 0, 214, 214
1120974.3.peg.2995.site.5, 1, 215, 216
1120974.3.peg.2995.site.6, 3, 216, 219
1120974.3.peg.2995.site.7, 140, 210, 350
1120974.3.peg.2995.site.8, 0, 215, 215
1120974.3.peg.2995.site.9, 0, 216, 216
1120974.3.peg.2995.site.10, 205, 207, 412
1120974.3.peg.2995.site.11, 145, 196, 341
1120974.3.peg.2995.site.12, 144, 146, 290
1120974.3.peg.2995.site.13, 140, 197, 337
1120974.3.peg.2994.site.1, 0, 215, 215
1120974.3.peg.2994.site.2, 0, 215, 215
1120974.3.peg.2994.site.3, 0, 214, 214
1120974.3.peg.2994.site.4, 154, 212, 366
1120974.3.peg.2994.site.5, 9, 209, 218
1120974.3.peg.2994.site.6, 0, 201, 201
1120974.3.peg.2994.site.7, 33, 85, 118
1120974.3.peg.2994.site.8, 29, 80, 109
1120974.3.peg.2994.site.9, 15, 67, 82
1120974.3.peg.2994.site.10, 64, 126, 190
1120974.3.peg.2994.site.11, 150, 211, 361
1120974.3.peg.2994.site.12, 0, 213, 213
1120974.3.peg.2994.site.13, 201, 212, 413
1120974.3.peg.2994.site.14, 151, 211, 362
1120974.3.peg.2994.site.15, 152, 213, 365
1120974.3.peg.2994.site.16, 13, 215, 228
1120974.3.peg.2994.site.17, 208, 215, 423
1120974.3.peg.2994.site.18, 152, 213, 365
1120974.3.peg.2994.site.19, 0, 215, 215
1120974.3.peg.2994.site.20, 158, 211, 369
1120974.3.peg.2994.site.21, 9, 214, 223
1120974.3.peg.2994.site.22, 153, 205, 358
1120974.3.peg.2994.site.23, 152, 202, 354
1120974.3.peg.2994.site.24, 148, 199, 347
1120974.3.peg.2997.site.1, 182, 202, 384
1120974.3.peg.2997.site.2, 0, 27, 27
1120974.3.peg.2997.site.3, 0, 65, 65
1120974.3.peg.2996.site.1, 138, 212, 350
1120974.3.peg.2996.site.2, 0, 216, 216
1120974.3.peg.2996.site.3, 203, 215, 418
1120974.3.peg.2996.site.4, 130, 202, 332
1120974.3.peg.2996.site.5, 138, 214, 352
1120974.3.peg.2996.site.6, 0, 216, 216
1120974.3.peg.2996.site.7, 151, 208, 359
1120974.3.peg.2996.site.8, 153, 213, 366
1120974.3.peg.2996.site.9, 156, 212, 368
1120974.3.peg.2996.site.10, 211, 213, 424
1120974.3.peg.2996.site.11, 1, 214, 215
1120974.3.peg.2996.site.12, 135, 207, 342
1120974.3.peg.2996.site.13, 2, 214, 216
1120974.3.peg.2996.site.14, 0, 215, 215
1120974.3.peg.2991.site.1, 4, 213, 217
1120974.3.peg.2991.site.2, 0, 215, 215
1120974.3.peg.2991.site.3, 188, 213, 401
1120974.3.peg.2991.site.4, 185, 212, 397
1120974.3.peg.2991.site.5, 0, 215, 215
1120974.3.peg.2991.site.6, 0, 214, 214
1120974.3.peg.2991.site.7, 150, 213, 363
1120974.3.peg.2991.site.8, 34, 211, 245
1120974.3.peg.2991.site.9, 2, 215, 217
1120974.3.peg.2990.site.1, 4, 216, 220
1120974.3.peg.2990.site.2, 10, 215, 225
1120974.3.peg.2990.site.3, 4, 216, 220
1120974.3.peg.2990.site.4, 92, 122, 214
1120974.3.peg.2990.site.5, 56, 86, 142
1120974.3.peg.2990.site.6, 28, 58, 86
1120974.3.peg.2990.site.7, 23, 53, 76
1120974.3.peg.2990.site.8, 32, 62, 94
1120974.3.peg.2993.site.1, 2, 216, 218
1120974.3.peg.2993.site.2, 31, 213, 244
1120974.3.peg.2993.site.3, 29, 214, 243
1120974.3.peg.2993.site.4, 41, 211, 252
1120974.3.peg.2993.site.5, 129, 209, 338
1120974.3.peg.2993.site.6, 28, 213, 241
1120974.3.peg.2993.site.7, 0, 216, 216
1120974.3.peg.2993.site.8, 134, 209, 343
1120974.3.peg.2993.site.9, 31, 205, 236
1120974.3.peg.2993.site.10, 27, 200, 227
1120974.3.peg.2993.site.11, 31, 213, 244
1120974.3.peg.2993.site.12, 164, 207, 371
1120974.3.peg.2993.site.13, 157, 199, 356
1120974.3.peg.2993.site.14, 209, 211, 420
1120974.3.peg.2993.site.15, 0, 213, 213
1120974.3.peg.2993.site.16, 169, 209, 378
1120974.3.peg.2993.site.17, 209, 211, 420
1120974.3.peg.2993.site.18, 29, 210, 239
1120974.3.peg.2993.site.19, 179, 184, 363
1120974.3.peg.2993.site.20, 26, 174, 200
1120974.3.peg.2993.site.21, 131, 171, 302
1120974.3.peg.2993.site.22, 0, 199, 199
1120974.3.peg.2993.site.23, 28, 206, 234
1120974.3.peg.2992.site.1, 42, 70, 112
1120974.3.peg.2992.site.2, 5, 62, 67
1120974.3.peg.2992.site.3, 40, 67, 107
1120974.3.peg.2992.site.4, 3, 81, 84
1120974.3.peg.2992.site.5, 0, 124, 124
1120974.3.peg.2992.site.6, 1, 191, 192
1120974.3.peg.2992.site.7, 160, 187, 347
1120974.3.peg.2992.site.8, 0, 178, 178
1120974.3.peg.2992.site.9, 0, 206, 206
1120974.3.peg.2992.site.10, 185, 207, 392
1120974.3.peg.2992.site.11, 150, 209, 359
1120974.3.peg.2992.site.12, 0, 216, 216
1120974.3.peg.2992.site.13, 0, 212, 212
1120974.3.peg.2992.site.14, 189, 214, 403
1120974.3.peg.2992.site.15, 1, 215, 216
1120974.3.peg.2992.site.16, 32, 212, 244
1120974.3.peg.2992.site.17, 180, 201, 381
1120974.3.peg.2992.site.18, 184, 207, 391
1120974.3.peg.2992.site.19, 188, 211, 399
1120974.3.peg.2992.site.20, 188, 211, 399
1120974.3.peg.2992.site.21, 188, 210, 398
1120974.3.peg.2992.site.22, 189, 214, 403
1120974.3.peg.2992.site.23, 0, 215, 215
1120974.3.peg.2992.site.24, 189, 212, 401
1120974.3.peg.2992.site.25, 13, 212, 225
1120974.3.peg.2992.site.26, 213, 216, 429
1120974.3.peg.2992.site.27, 0, 213, 213
1120974.3.peg.2992.site.28, 17, 211, 228
1120974.3.peg.2992.site.29, 0, 210, 210
1120974.3.peg.2992.site.30, 0, 214, 214
1120974.3.peg.2992.site.31, 1, 213, 214
1120974.3.peg.2992.site.32, 13, 215, 228
1120974.3.peg.2992.site.33, 211, 213, 424
1120974.3.peg.2992.site.34, 209, 212, 421
1120974.3.peg.2992.site.35, 206, 206, 412
1120974.3.peg.2992.site.36, 1, 216, 217
1120974.3.peg.2992.site.37, 37, 213, 250
1120974.3.peg.2992.site.38, 189, 212, 401
1120974.3.peg.2992.site.39, 3, 211, 214
1120974.3.peg.2992.site.40, 2, 216, 218
1120974.3.peg.2992.site.41, 10, 213, 223
1120974.3.peg.2992.site.42, 173, 213, 386
1120974.3.peg.2992.site.43, 0, 216, 216
1120974.3.peg.2992.site.44, 169, 213, 382
1120974.3.peg.2999.site.1, 137, 203, 340
1120974.3.peg.2999.site.2, 203, 207, 410
1120974.3.peg.2999.site.3, 137, 208, 345
1120974.3.peg.2999.site.4, 0, 213, 213
1120974.3.peg.2999.site.5, 136, 208, 344
1120974.3.peg.2999.site.6, 206, 215, 421
1120974.3.peg.2999.site.7, 0, 214, 214
1120974.3.peg.2999.site.8, 138, 207, 345
1120974.3.peg.2999.site.9, 197, 215, 412
1120974.3.peg.2999.site.10, 212, 216, 428
1120974.3.peg.2999.site.11, 197, 216, 413
1120974.3.peg.2999.site.12, 4, 216, 220
1120974.3.peg.2999.site.13, 9, 216, 225
1120974.3.peg.2999.site.14, 69, 211, 280
1120974.3.peg.2999.site.15, 53, 211, 264
1120974.3.peg.2998.site.1, 210, 216, 426
1120974.3.peg.2998.site.2, 188, 208, 396
1120974.3.peg.2998.site.3, 188, 208, 396
1120974.3.peg.2998.site.4, 5, 216, 221
1120974.3.peg.2998.site.5, 51, 212, 263
1120974.3.peg.2998.site.6, 192, 212, 404
1120974.3.peg.2998.site.7, 5, 214, 219
1120974.3.peg.2998.site.8, 194, 213, 407
1120974.3.peg.2998.site.9, 4, 214, 218
1120974.3.peg.2998.site.10, 9, 216, 225
1120974.3.peg.2998.site.11, 196, 215, 411
1120974.3.peg.2998.site.12, 135, 208, 343
1120974.3.peg.2998.site.13, 1, 215, 216
1120974.3.peg.2998.site.14, 195, 214, 409
1120974.3.peg.2998.site.15, 181, 200, 381
1120974.3.peg.2998.site.16, 107, 181, 288
1120974.3.peg.2998.site.17, 83, 142, 225
1120974.3.peg.2998.site.18, 81, 156, 237
1120974.3.peg.2998.site.19, 5, 204, 209
1120974.3.peg.2998.site.20, 128, 202, 330
1120974.3.peg.2998.site.21, 139, 209, 348
1120974.3.peg.2998.site.22, 1, 214, 215
1120974.3.peg.2069.site.1, 1, 215, 216
1120974.3.peg.2069.site.2, 149, 203, 352
1120974.3.peg.2069.site.3, 44, 68, 112
1120974.3.peg.2069.site.4, 7, 32, 39
1120974.3.peg.2069.site.5, 6, 31, 37
1120974.3.peg.2069.site.6, 34, 59, 93
1120974.3.peg.2069.site.7, 5, 214, 219
1120974.3.peg.2069.site.8, 18, 214, 232
1120974.3.peg.2069.site.9, 4, 213, 217
1120974.3.peg.2069.site.10, 152, 189, 341
1120974.3.peg.2069.site.11, 175, 199, 374
1120974.3.peg.2069.site.12, 172, 195, 367
1120974.3.peg.2069.site.13, 167, 190, 357
1120974.3.peg.2069.site.14, 12, 195, 207
1120974.3.peg.2069.site.15, 10, 85, 95
1120974.3.peg.2069.site.16, 16, 35, 51
1120974.3.peg.2069.site.17, 9, 28, 37
1120974.3.peg.2069.site.18, 15, 27, 42
1120974.3.peg.2069.site.19, 11, 35, 46
1120974.3.peg.2069.site.20, 147, 171, 318
1120974.3.peg.2069.site.21, 31, 214, 245
1120974.3.peg.2069.site.22, 188, 211, 399
1120974.3.peg.2069.site.23, 0, 215, 215
1120974.3.peg.2068.site.1, 131, 153, 284
1120974.3.peg.2068.site.2, 180, 202, 382
1120974.3.peg.2068.site.3, 0, 211, 211
1120974.3.peg.2068.site.4, 192, 213, 405
1120974.3.peg.2068.site.5, 192, 214, 406
1120974.3.peg.2068.site.6, 3, 213, 216
1120974.3.peg.2068.site.7, 184, 211, 395
1120974.3.peg.2068.site.8, 1, 215, 216
1120974.3.peg.2068.site.9, 1, 215, 216
1120974.3.peg.2068.site.10, 214, 214, 428
1120974.3.peg.2068.site.11, 14, 215, 229
1120974.3.peg.2068.site.12, 178, 213, 391
1120974.3.peg.2068.site.13, 172, 200, 372
1120974.3.peg.2068.site.14, 133, 186, 319
1120974.3.peg.2068.site.15, 4, 195, 199
1120974.3.peg.2068.site.16, 148, 182, 330
1120974.3.peg.2068.site.17, 13, 195, 208
1120974.3.peg.2068.site.18, 16, 165, 181
1120974.3.peg.2068.site.19, 161, 161, 322
1120974.3.peg.2068.site.20, 165, 165, 330
1120974.3.peg.2068.site.21, 15, 189, 204
1120974.3.peg.2068.site.22, 14, 194, 208
1120974.3.peg.2068.site.23, 4, 214, 218
1120974.3.peg.2068.site.24, 13, 213, 226
1120974.3.peg.1789.site.1, 192, 215, 407
1120974.3.peg.1789.site.2, 3, 207, 210
1120974.3.peg.1789.site.3, 26, 200, 226
1120974.3.peg.1789.site.4, 162, 210, 372
1120974.3.peg.1789.site.5, 188, 213, 401
1120974.3.peg.1789.site.6, 0, 215, 215
1120974.3.peg.1789.site.7, 158, 208, 366
1120974.3.peg.1789.site.8, 0, 212, 212
1120974.3.peg.1789.site.9, 160, 211, 371
1120974.3.peg.1789.site.10, 9, 214, 223
1120974.3.peg.1789.site.11, 4, 216, 220
1120974.3.peg.1789.site.12, 180, 213, 393
1120974.3.peg.1789.site.13, 11, 216, 227
1120974.3.peg.1789.site.14, 181, 209, 390
1120974.3.peg.1789.site.15, 181, 209, 390
1120974.3.peg.1789.site.16, 1, 215, 216
1120974.3.peg.1789.site.17, 7, 215, 222
1120974.3.peg.1789.site.18, 0, 215, 215
1120974.3.peg.1789.site.19, 194, 215, 409
1120974.3.peg.1789.site.20, 7, 215, 222
1120974.3.peg.1789.site.21, 4, 214, 218
1120974.3.peg.1789.site.22, 0, 216, 216
1120974.3.peg.1789.site.23, 161, 215, 376
1120974.3.peg.1789.site.24, 76, 188, 264
1120974.3.peg.1789.site.25, 86, 111, 197
1120974.3.peg.1789.site.26, 104, 139, 243
1120974.3.peg.1789.site.27, 1, 172, 173
1120974.3.peg.1789.site.28, 125, 213, 338
1120974.3.peg.1789.site.29, 3, 206, 209
1120974.3.peg.1789.site.30, 1, 216, 217
1120974.3.peg.1788.site.1, 199, 213, 412
1120974.3.peg.1788.site.2, 0, 216, 216
1120974.3.peg.1788.site.3, 0, 214, 214
1120974.3.peg.1788.site.4, 34, 209, 243
1120974.3.peg.1781.site.1, 84, 209, 293
1120974.3.peg.1781.site.2, 203, 215, 418
1120974.3.peg.1781.site.3, 107, 209, 316
1120974.3.peg.1781.site.4, 2, 214, 216
1120974.3.peg.1781.site.5, 0, 202, 202
1120974.3.peg.1781.site.6, 0, 211, 211
1120974.3.peg.1781.site.7, 188, 206, 394
1120974.3.peg.1781.site.8, 0, 213, 213
1120974.3.peg.1781.site.9, 0, 211, 211
1120974.3.peg.1781.site.10, 4, 216, 220
1120974.3.peg.1781.site.11, 2, 216, 218
1120974.3.peg.1781.site.12, 0, 191, 191
1120974.3.peg.1781.site.13, 0, 203, 203
1120974.3.peg.1781.site.14, 91, 192, 283
1120974.3.peg.1781.site.15, 4, 185, 189
1120974.3.peg.1781.site.16, 1, 172, 173
1120974.3.peg.1781.site.17, 0, 176, 176
1120974.3.peg.1781.site.18, 98, 208, 306
1120974.3.peg.1781.site.19, 0, 215, 215
1120974.3.peg.1781.site.20, 13, 214, 227
1120974.3.peg.1781.site.21, 0, 216, 216
1120974.3.peg.1780.site.1, 4, 201, 205
1120974.3.peg.1780.site.2, 0, 211, 211
1120974.3.peg.1780.site.3, 2, 213, 215
1120974.3.peg.1780.site.4, 2, 209, 211
1120974.3.peg.1780.site.5, 57, 212, 269
1120974.3.peg.1780.site.6, 11, 214, 225
1120974.3.peg.1780.site.7, 6, 216, 222
1120974.3.peg.1780.site.8, 2, 215, 217
1120974.3.peg.1780.site.9, 174, 214, 388
1120974.3.peg.1780.site.10, 4, 216, 220
1120974.3.peg.1780.site.11, 0, 215, 215
1120974.3.peg.1780.site.12, 0, 215, 215
1120974.3.peg.1780.site.13, 0, 216, 216
1120974.3.peg.1780.site.14, 169, 211, 380
1120974.3.peg.1780.site.15, 0, 214, 214
1120974.3.peg.1780.site.16, 99, 114, 213
1120974.3.peg.1780.site.17, 89, 104, 193
1120974.3.peg.1780.site.18, 1, 125, 126
1120974.3.peg.1780.site.19, 93, 200, 293
1120974.3.peg.1783.site.1, 0, 216, 216
1120974.3.peg.1783.site.2, 3, 216, 219
1120974.3.peg.1783.site.3, 2, 213, 215
1120974.3.peg.1783.site.4, 2, 215, 217
1120974.3.peg.1783.site.5, 103, 212, 315
1120974.3.peg.1783.site.6, 9, 215, 224
1120974.3.peg.1783.site.7, 0, 215, 215
1120974.3.peg.1783.site.8, 6, 214, 220
1120974.3.peg.1783.site.9, 6, 212, 218
1120974.3.peg.1783.site.10, 1, 208, 209
1120974.3.peg.1783.site.11, 9, 209, 218
1120974.3.peg.1783.site.12, 14, 204, 218
1120974.3.peg.1783.site.13, 70, 201, 271
1120974.3.peg.1783.site.14, 1, 208, 209
1120974.3.peg.1783.site.15, 21, 200, 221
1120974.3.peg.1783.site.16, 15, 202, 217
1120974.3.peg.1783.site.17, 1, 206, 207
1120974.3.peg.1783.site.18, 6, 204, 210
1120974.3.peg.1783.site.19, 8, 206, 214
1120974.3.peg.1783.site.20, 178, 204, 382
1120974.3.peg.1783.site.21, 177, 206, 383
1120974.3.peg.1783.site.22, 183, 206, 389
1120974.3.peg.1783.site.23, 5, 198, 203
1120974.3.peg.1783.site.24, 0, 206, 206
1120974.3.peg.1783.site.25, 8, 207, 215
1120974.3.peg.1783.site.26, 1, 207, 208
1120974.3.peg.1783.site.27, 9, 207, 216
1120974.3.peg.1783.site.28, 10, 212, 222
1120974.3.peg.1783.site.29, 1, 211, 212
1120974.3.peg.1783.site.30, 182, 211, 393
1120974.3.peg.1783.site.31, 194, 212, 406
1120974.3.peg.1783.site.32, 117, 203, 320
1120974.3.peg.1782.site.1, 0, 215, 215
1120974.3.peg.1782.site.2, 205, 205, 410
1120974.3.peg.1782.site.3, 178, 178, 356
1120974.3.peg.1782.site.4, 101, 206, 307
1120974.3.peg.1782.site.5, 0, 213, 213
1120974.3.peg.1782.site.6, 1, 163, 164
1120974.3.peg.1782.site.7, 79, 79, 158
1120974.3.peg.1782.site.8, 98, 98, 196
1120974.3.peg.1782.site.9, 74, 215, 289
1120974.3.peg.1782.site.10, 60, 215, 275
1120974.3.peg.1782.site.11, 1, 216, 217
1120974.3.peg.1782.site.12, 2, 215, 217
1120974.3.peg.1782.site.13, 0, 213, 213
1120974.3.peg.1782.site.14, 2, 213, 215
1120974.3.peg.1782.site.15, 2, 213, 215
1120974.3.peg.1782.site.16, 7, 213, 220
1120974.3.peg.1782.site.17, 0, 214, 214
1120974.3.peg.1782.site.18, 2, 215, 217
1120974.3.peg.1785.site.1, 190, 211, 401
1120974.3.peg.1785.site.2, 121, 212, 333
1120974.3.peg.1785.site.3, 190, 211, 401
1120974.3.peg.1785.site.4, 0, 214, 214
1120974.3.peg.1785.site.5, 110, 208, 318
1120974.3.peg.1785.site.6, 187, 210, 397
1120974.3.peg.1785.site.7, 4, 210, 214
1120974.3.peg.1785.site.8, 176, 188, 364
1120974.3.peg.1785.site.9, 11, 37, 48
1120974.3.peg.1785.site.10, 20, 46, 66
1120974.3.peg.1785.site.11, 20, 214, 234
1120974.3.peg.1785.site.12, 0, 216, 216
1120974.3.peg.1785.site.13, 0, 214, 214
1120974.3.peg.1785.site.14, 146, 213, 359
1120974.3.peg.1785.site.15, 0, 215, 215
1120974.3.peg.1785.site.16, 0, 216, 216
1120974.3.peg.1785.site.17, 4, 216, 220
1120974.3.peg.1785.site.18, 0, 216, 216
1120974.3.peg.1785.site.19, 3, 214, 217
1120974.3.peg.1785.site.20, 0, 216, 216
1120974.3.peg.1785.site.21, 4, 216, 220
1120974.3.peg.1784.site.1, 22, 22, 44
1120974.3.peg.1784.site.2, 17, 34, 51
1120974.3.peg.1784.site.3, 32, 54, 86
1120974.3.peg.1784.site.4, 5, 60, 65
1120974.3.peg.1784.site.5, 31, 50, 81
1120974.3.peg.1784.site.6, 21, 45, 66
1120974.3.peg.1784.site.7, 17, 41, 58
1120974.3.peg.1784.site.8, 4, 56, 60
1120974.3.peg.1784.site.9, 43, 65, 108
1120974.3.peg.1784.site.10, 91, 173, 264
1120974.3.peg.1784.site.11, 171, 171, 342
1120974.3.peg.1784.site.12, 1, 164, 165
1120974.3.peg.1784.site.13, 71, 202, 273
1120974.3.peg.1784.site.14, 1, 216, 217
1120974.3.peg.1784.site.15, 15, 213, 228
1120974.3.peg.1784.site.16, 0, 214, 214
1120974.3.peg.1784.site.17, 73, 207, 280
1120974.3.peg.1784.site.18, 19, 211, 230
1120974.3.peg.1784.site.19, 4, 213, 217
1120974.3.peg.1784.site.20, 72, 207, 279
1120974.3.peg.1784.site.21, 0, 210, 210
1120974.3.peg.1784.site.22, 67, 209, 276
1120974.3.peg.1784.site.23, 0, 216, 216
1120974.3.peg.1787.site.1, 0, 216, 216
1120974.3.peg.1787.site.2, 4, 216, 220
1120974.3.peg.1787.site.3, 4, 216, 220
1120974.3.peg.1787.site.4, 4, 216, 220
1120974.3.peg.1787.site.5, 1, 216, 217
1120974.3.peg.1787.site.6, 191, 214, 405
1120974.3.peg.1787.site.7, 0, 215, 215
1120974.3.peg.1787.site.8, 191, 199, 390
1120974.3.peg.1787.site.9, 192, 212, 404
1120974.3.peg.1787.site.10, 10, 214, 224
1120974.3.peg.1787.site.11, 193, 213, 406
1120974.3.peg.1787.site.12, 193, 215, 408
1120974.3.peg.1787.site.13, 129, 152, 281
1120974.3.peg.1787.site.14, 135, 158, 293
1120974.3.peg.1787.site.15, 155, 178, 333
1120974.3.peg.1787.site.16, 208, 208, 416
1120974.3.peg.1787.site.17, 0, 214, 214
1120974.3.peg.1787.site.18, 187, 208, 395
1120974.3.peg.1787.site.19, 165, 204, 369
1120974.3.peg.1787.site.20, 98, 212, 310
1120974.3.peg.1787.site.21, 93, 213, 306
1120974.3.peg.1787.site.22, 0, 214, 214
1120974.3.peg.1787.site.23, 43, 212, 255
1120974.3.peg.1787.site.24, 1, 215, 216
1120974.3.peg.1787.site.25, 11, 215, 226
1120974.3.peg.1787.site.26, 1, 215, 216
1120974.3.peg.1787.site.27, 1, 215, 216
1120974.3.peg.1786.site.1, 36, 214, 250
1120974.3.peg.1786.site.2, 1, 215, 216
1120974.3.peg.1786.site.3, 0, 216, 216
1120974.3.peg.1786.site.4, 4, 216, 220
1120974.3.peg.1786.site.5, 33, 214, 247
1120974.3.peg.1786.site.6, 0, 210, 210
1120974.3.peg.1786.site.7, 180, 202, 382
1120974.3.peg.1786.site.8, 31, 208, 239
1120974.3.peg.1786.site.9, 183, 208, 391
1120974.3.peg.1786.site.10, 25, 198, 223
1120974.3.peg.1786.site.11, 186, 190, 376
1120974.3.peg.1786.site.12, 40, 45, 85
1120974.3.peg.1786.site.13, 9, 36, 45
1120974.3.peg.1786.site.14, 8, 34, 42
1120974.3.peg.1786.site.15, 13, 36, 49
1120974.3.peg.1786.site.16, 8, 34, 42
1120974.3.peg.1786.site.17, 16, 40, 56
1120974.3.peg.1786.site.18, 22, 113, 135
1120974.3.peg.1786.site.19, 0, 214, 214
1120974.3.peg.1786.site.20, 13, 212, 225
1120974.3.peg.1786.site.21, 17, 214, 231
1120974.3.peg.1786.site.22, 187, 210, 397
1120974.3.peg.1786.site.23, 4, 215, 219
1120974.3.peg.1786.site.24, 144, 211, 355
1120974.3.peg.1786.site.25, 172, 197, 369
1120974.3.peg.1786.site.26, 39, 199, 238
1120974.3.peg.1786.site.27, 179, 205, 384
1120974.3.peg.1786.site.28, 116, 141, 257
1120974.3.peg.1786.site.29, 118, 143, 261
1120974.3.peg.1786.site.30, 194, 194, 388
1120974.3.peg.1786.site.31, 46, 212, 258
1120974.3.peg.1786.site.32, 186, 211, 397
1120974.3.peg.1786.site.33, 187, 212, 399
1120974.3.peg.1786.site.34, 188, 213, 401
1120974.3.peg.1786.site.35, 22, 209, 231
1120974.3.peg.1786.site.36, 4, 216, 220
1120974.3.peg.1786.site.37, 216, 216, 432
1120974.3.peg.1786.site.38, 190, 214, 404
1120974.3.peg.1786.site.39, 199, 214, 413
1120974.3.peg.1899.site.1, 3, 206, 209
1120974.3.peg.1899.site.2, 6, 210, 216
1120974.3.peg.1899.site.3, 115, 194, 309
1120974.3.peg.1899.site.4, 114, 192, 306
1120974.3.peg.1899.site.5, 43, 214, 257
1120974.3.peg.1899.site.6, 157, 212, 369
1120974.3.peg.1899.site.7, 24, 213, 237
1120974.3.peg.1899.site.8, 24, 213, 237
1120974.3.peg.1899.site.9, 0, 216, 216
1120974.3.peg.1899.site.10, 18, 213, 231
1120974.3.peg.1899.site.11, 78, 211, 289
1120974.3.peg.1899.site.12, 37, 216, 253
1120974.3.peg.1899.site.13, 56, 216, 272
1120974.3.peg.1899.site.14, 19, 215, 234
1120974.3.peg.1899.site.15, 36, 215, 251
1120974.3.peg.1899.site.16, 83, 207, 290
1120974.3.peg.1899.site.17, 47, 212, 259
1120974.3.peg.1899.site.18, 4, 214, 218
1120974.3.peg.1899.site.19, 20, 214, 234
1120974.3.peg.1899.site.20, 4, 215, 219
1120974.3.peg.1899.site.21, 15, 213, 228
1120974.3.peg.1899.site.22, 20, 213, 233
1120974.3.peg.1899.site.23, 83, 213, 296
1120974.3.peg.1899.site.24, 15, 216, 231
1120974.3.peg.1899.site.25, 21, 184, 205
1120974.3.peg.1899.site.26, 170, 208, 378
1120974.3.peg.1899.site.27, 0, 216, 216
1120974.3.peg.1899.site.28, 0, 215, 215
1120974.3.peg.1899.site.29, 77, 208, 285
1120974.3.peg.1899.site.30, 0, 216, 216
1120974.3.peg.1899.site.31, 10, 215, 225
1120974.3.peg.1899.site.32, 10, 216, 226
1120974.3.peg.1899.site.33, 29, 213, 242
1120974.3.peg.1899.site.34, 4, 214, 218
1120974.3.peg.1899.site.35, 88, 210, 298
1120974.3.peg.1899.site.36, 1, 215, 216
1120974.3.peg.1899.site.37, 97, 212, 309
1120974.3.peg.1899.site.38, 82, 210, 292
1120974.3.peg.1899.site.39, 12, 213, 225
1120974.3.peg.1899.site.40, 1, 202, 203
1120974.3.peg.1899.site.41, 0, 206, 206
1120974.3.peg.1899.site.42, 17, 202, 219
1120974.3.peg.1899.site.43, 38, 204, 242
1120974.3.peg.1899.site.44, 185, 188, 373
1120974.3.peg.1899.site.45, 7, 201, 208
1120974.3.peg.1899.site.46, 29, 211, 240
1120974.3.peg.1899.site.47, 29, 212, 241
1120974.3.peg.1899.site.48, 118, 210, 328
1120974.3.peg.1899.site.49, 170, 213, 383
1120974.3.peg.1899.site.50, 100, 210, 310
1120974.3.peg.1899.site.51, 213, 215, 428
1120974.3.peg.1899.site.52, 116, 209, 325
1120974.3.peg.1899.site.53, 0, 216, 216
1120974.3.peg.1899.site.54, 0, 215, 215
1120974.3.peg.1899.site.55, 16, 213, 229
1120974.3.peg.1899.site.56, 15, 212, 227
1120974.3.peg.1899.site.57, 0, 215, 215
1120974.3.peg.1899.site.58, 198, 214, 412
1120974.3.peg.1899.site.59, 0, 215, 215
1120974.3.peg.1899.site.60, 20, 213, 233
1120974.3.peg.1899.site.61, 14, 215, 229
1120974.3.peg.1899.site.62, 5, 213, 218
1120974.3.peg.1899.site.63, 2, 214, 216
1120974.3.peg.1899.site.64, 5, 213, 218
1120974.3.peg.1899.site.65, 5, 215, 220
1120974.3.peg.1899.site.66, 0, 208, 208
1120974.3.peg.1899.site.67, 9, 120, 129
1120974.3.peg.1899.site.68, 6, 118, 124
1120974.3.peg.1898.site.1, 49, 214, 263
1120974.3.peg.1898.site.2, 70, 213, 283
1120974.3.peg.1898.site.3, 49, 211, 260
1120974.3.peg.1898.site.4, 47, 214, 261
1120974.3.peg.1898.site.5, 46, 213, 259
1120974.3.peg.1898.site.6, 87, 213, 300
1120974.3.peg.1898.site.7, 87, 214, 301
1120974.3.peg.1898.site.8, 0, 214, 214
1120974.3.peg.1895.site.1, 194, 214, 408
1120974.3.peg.1895.site.2, 211, 216, 427
1120974.3.peg.1895.site.3, 36, 213, 249
1120974.3.peg.1895.site.4, 185, 215, 400
1120974.3.peg.1895.site.5, 186, 216, 402
1120974.3.peg.1895.site.6, 7, 214, 221
1120974.3.peg.1895.site.7, 39, 215, 254
1120974.3.peg.1895.site.8, 30, 215, 245
1120974.3.peg.1895.site.9, 0, 213, 213
1120974.3.peg.1895.site.10, 39, 214, 253
1120974.3.peg.1895.site.11, 167, 210, 377
1120974.3.peg.1895.site.12, 35, 211, 246
1120974.3.peg.1895.site.13, 1, 211, 212
1120974.3.peg.1895.site.14, 0, 211, 211
1120974.3.peg.1895.site.15, 202, 211, 413
1120974.3.peg.1895.site.16, 1, 216, 217
1120974.3.peg.1894.site.1, 127, 215, 342
1120974.3.peg.1894.site.2, 4, 216, 220
1120974.3.peg.1894.site.3, 11, 215, 226
1120974.3.peg.1894.site.4, 85, 215, 300
1120974.3.peg.1894.site.5, 4, 216, 220
1120974.3.peg.1894.site.6, 4, 216, 220
1120974.3.peg.1894.site.7, 210, 215, 425
1120974.3.peg.1894.site.8, 105, 211, 316
1120974.3.peg.1894.site.9, 82, 212, 294
1120974.3.peg.1894.site.10, 86, 211, 297
1120974.3.peg.1894.site.11, 13, 212, 225
1120974.3.peg.1894.site.12, 0, 216, 216
1120974.3.peg.1894.site.13, 4, 214, 218
1120974.3.peg.1894.site.14, 112, 214, 326
1120974.3.peg.1894.site.15, 4, 216, 220
1120974.3.peg.1894.site.16, 0, 214, 214
1120974.3.peg.1897.site.1, 18, 213, 231
1120974.3.peg.1897.site.2, 163, 210, 373
1120974.3.peg.1897.site.3, 4, 214, 218
1120974.3.peg.1897.site.4, 43, 211, 254
1120974.3.peg.1897.site.5, 65, 209, 274
1120974.3.peg.1897.site.6, 48, 213, 261
1120974.3.peg.1897.site.7, 64, 211, 275
1120974.3.peg.1897.site.8, 188, 213, 401
1120974.3.peg.1897.site.9, 0, 208, 208
1120974.3.peg.1897.site.10, 21, 209, 230
1120974.3.peg.1897.site.11, 6, 211, 217
1120974.3.peg.1897.site.12, 180, 212, 392
1120974.3.peg.1897.site.13, 135, 209, 344
1120974.3.peg.1897.site.14, 35, 214, 249
1120974.3.peg.1897.site.15, 0, 215, 215
1120974.3.peg.1897.site.16, 18, 212, 230
1120974.3.peg.1897.site.17, 118, 211, 329
1120974.3.peg.1896.site.1, 62, 208, 270
1120974.3.peg.1896.site.2, 2, 214, 216
1120974.3.peg.1896.site.3, 1, 214, 215
1120974.3.peg.1896.site.4, 5, 213, 218
1120974.3.peg.1896.site.5, 5, 215, 220
1120974.3.peg.1896.site.6, 0, 214, 214
1120974.3.peg.1896.site.7, 0, 216, 216
1120974.3.peg.1896.site.8, 183, 213, 396
1120974.3.peg.1896.site.9, 1, 214, 215
1120974.3.peg.1896.site.10, 44, 209, 253
1120974.3.peg.1896.site.11, 43, 210, 253
1120974.3.peg.1896.site.12, 50, 215, 265
1120974.3.peg.1896.site.13, 49, 212, 261
1120974.3.peg.1896.site.14, 0, 214, 214
1120974.3.peg.1896.site.15, 4, 214, 218
1120974.3.peg.1896.site.16, 0, 214, 214
1120974.3.peg.1896.site.17, 43, 206, 249
1120974.3.peg.1896.site.18, 43, 206, 249
1120974.3.peg.1896.site.19, 0, 215, 215
1120974.3.peg.1896.site.20, 15, 216, 231
1120974.3.peg.1896.site.21, 174, 210, 384
1120974.3.peg.1896.site.22, 0, 213, 213
1120974.3.peg.1896.site.23, 68, 211, 279
1120974.3.peg.1896.site.24, 44, 210, 254
1120974.3.peg.1896.site.25, 4, 214, 218
1120974.3.peg.1891.site.1, 49, 208, 257
1120974.3.peg.1891.site.2, 50, 211, 261
1120974.3.peg.1891.site.3, 49, 208, 257
1120974.3.peg.1891.site.4, 2, 204, 206
1120974.3.peg.1891.site.5, 59, 205, 264
1120974.3.peg.1891.site.6, 55, 211, 266
1120974.3.peg.1891.site.7, 4, 212, 216
1120974.3.peg.1891.site.8, 183, 206, 389
1120974.3.peg.1891.site.9, 55, 211, 266
1120974.3.peg.1891.site.10, 11, 202, 213
1120974.3.peg.1891.site.11, 0, 205, 205
1120974.3.peg.1891.site.12, 210, 211, 421
1120974.3.peg.1891.site.13, 214, 215, 429
1120974.3.peg.1891.site.14, 58, 213, 271
1120974.3.peg.1890.site.1, 52, 214, 266
1120974.3.peg.1890.site.2, 105, 192, 297
1120974.3.peg.1890.site.3, 109, 195, 304
1120974.3.peg.1890.site.4, 1, 199, 200
1120974.3.peg.1890.site.5, 0, 203, 203
1120974.3.peg.1890.site.6, 12, 202, 214
1120974.3.peg.1890.site.7, 115, 203, 318
1120974.3.peg.1890.site.8, 106, 191, 297
1120974.3.peg.1890.site.9, 13, 212, 225
1120974.3.peg.1890.site.10, 77, 209, 286
1120974.3.peg.1890.site.11, 9, 216, 225
1120974.3.peg.1890.site.12, 83, 211, 294
1120974.3.peg.1890.site.13, 0, 213, 213
1120974.3.peg.1890.site.14, 72, 208, 280
1120974.3.peg.1890.site.15, 67, 205, 272
1120974.3.peg.1890.site.16, 197, 198, 395
1120974.3.peg.1890.site.17, 58, 208, 266
1120974.3.peg.1890.site.18, 75, 207, 282
1120974.3.peg.1890.site.19, 43, 209, 252
1120974.3.peg.1890.site.20, 1, 215, 216
1120974.3.peg.1890.site.21, 94, 213, 307
1120974.3.peg.1890.site.22, 0, 214, 214
1120974.3.peg.1890.site.23, 0, 215, 215
1120974.3.peg.1890.site.24, 114, 213, 327
1120974.3.peg.1890.site.25, 191, 211, 402
1120974.3.peg.1890.site.26, 0, 212, 212
1120974.3.peg.1890.site.27, 2, 212, 214
1120974.3.peg.1890.site.28, 10, 168, 178
1120974.3.peg.1890.site.29, 4, 215, 219
1120974.3.peg.1890.site.30, 125, 212, 337
1120974.3.peg.1890.site.31, 3, 215, 218
1120974.3.peg.1890.site.32, 3, 215, 218
1120974.3.peg.1890.site.33, 0, 213, 213
1120974.3.peg.1890.site.34, 0, 208, 208
1120974.3.peg.1890.site.35, 0, 215, 215
1120974.3.peg.1890.site.36, 5, 168, 173
1120974.3.peg.1893.site.1, 20, 208, 228
1120974.3.peg.1893.site.2, 0, 215, 215
1120974.3.peg.1893.site.3, 47, 213, 260
1120974.3.peg.1893.site.4, 48, 215, 263
1120974.3.peg.1893.site.5, 0, 214, 214
1120974.3.peg.1893.site.6, 140, 210, 350
1120974.3.peg.1893.site.7, 4, 212, 216
1120974.3.peg.1893.site.8, 159, 210, 369
1120974.3.peg.1893.site.9, 0, 212, 212
1120974.3.peg.1893.site.10, 7, 214, 221
1120974.3.peg.1893.site.11, 7, 214, 221
1120974.3.peg.1893.site.12, 9, 215, 224
1120974.3.peg.1893.site.13, 13, 214, 227
1120974.3.peg.1893.site.14, 1, 215, 216
1120974.3.peg.1893.site.15, 4, 215, 219
1120974.3.peg.1893.site.16, 186, 212, 398
1120974.3.peg.1893.site.17, 0, 211, 211
1120974.3.peg.1893.site.18, 196, 212, 408
1120974.3.peg.1893.site.19, 5, 214, 219
1120974.3.peg.1893.site.20, 3, 199, 202
1120974.3.peg.1893.site.21, 91, 200, 291
1120974.3.peg.1893.site.22, 4, 211, 215
1120974.3.peg.1893.site.23, 5, 210, 215
1120974.3.peg.1893.site.24, 203, 210, 413
1120974.3.peg.1893.site.25, 194, 212, 406
1120974.3.peg.1893.site.26, 20, 214, 234
1120974.3.peg.1893.site.27, 6, 212, 218
1120974.3.peg.1893.site.28, 6, 209, 215
1120974.3.peg.1893.site.29, 86, 212, 298
1120974.3.peg.1893.site.30, 213, 213, 426
1120974.3.peg.1893.site.31, 0, 215, 215
1120974.3.peg.1893.site.32, 4, 215, 219
1120974.3.peg.1893.site.33, 95, 210, 305
1120974.3.peg.1893.site.34, 0, 214, 214
1120974.3.peg.1893.site.35, 208, 209, 417
1120974.3.peg.1893.site.36, 13, 182, 195
1120974.3.peg.1893.site.37, 10, 172, 182
1120974.3.peg.1893.site.38, 0, 192, 192
1120974.3.peg.1893.site.39, 0, 204, 204
1120974.3.peg.1893.site.40, 96, 204, 300
1120974.3.peg.1893.site.41, 9, 213, 222
1120974.3.peg.1893.site.42, 79, 213, 292
1120974.3.peg.2209.site.1, 10, 214, 224
1120974.3.peg.2209.site.2, 216, 216, 432
1120974.3.peg.2209.site.3, 56, 213, 269
1120974.3.peg.2209.site.4, 72, 213, 285
1120974.3.peg.2209.site.5, 1, 215, 216
1120974.3.peg.2209.site.6, 6, 216, 222
1120974.3.peg.2209.site.7, 0, 214, 214
1120974.3.peg.2209.site.8, 13, 203, 216
1120974.3.peg.2209.site.9, 18, 169, 187
1120974.3.peg.2209.site.10, 2, 200, 202
1120974.3.peg.2209.site.11, 2, 216, 218
1120974.3.peg.2209.site.12, 122, 211, 333
1120974.3.peg.2209.site.13, 1, 216, 217
1120974.3.peg.2209.site.14, 10, 212, 222
1120974.3.peg.2209.site.15, 120, 210, 330
1120974.3.peg.2208.site.1, 139, 204, 343
1120974.3.peg.2208.site.2, 4, 216, 220
1120974.3.peg.2208.site.3, 0, 216, 216
1120974.3.peg.2208.site.4, 0, 215, 215
1120974.3.peg.2208.site.5, 136, 210, 346
1120974.3.peg.2208.site.6, 2, 216, 218
1120974.3.peg.2208.site.7, 135, 210, 345
1120974.3.peg.2208.site.8, 1, 216, 217
1120974.3.peg.2208.site.9, 17, 213, 230
1120974.3.peg.2208.site.10, 1, 214, 215
1120974.3.peg.2208.site.11, 184, 211, 395
1120974.3.peg.2208.site.12, 16, 213, 229
1120974.3.peg.2208.site.13, 3, 213, 216
1120974.3.peg.2208.site.14, 158, 212, 370
1120974.3.peg.2208.site.15, 34, 213, 247
1120974.3.peg.2208.site.16, 10, 216, 226
1120974.3.peg.2208.site.17, 47, 214, 261
1120974.3.peg.2208.site.18, 193, 214, 407
1120974.3.peg.2208.site.19, 2, 215, 217
1120974.3.peg.2849.site.1, 0, 204, 204
1120974.3.peg.2849.site.2, 0, 181, 181
1120974.3.peg.2849.site.3, 0, 208, 208
1120974.3.peg.2849.site.4, 17, 200, 217
1120974.3.peg.2849.site.5, 5, 203, 208
1120974.3.peg.2849.site.6, 0, 208, 208
1120974.3.peg.2849.site.7, 9, 211, 220
1120974.3.peg.2849.site.8, 9, 211, 220
1120974.3.peg.2849.site.9, 6, 208, 214
1120974.3.peg.2849.site.10, 3, 210, 213
1120974.3.peg.2849.site.11, 10, 207, 217
1120974.3.peg.2849.site.12, 3, 210, 213
1120974.3.peg.2849.site.13, 18, 206, 224
1120974.3.peg.2849.site.14, 1, 211, 212
1120974.3.peg.2849.site.15, 1, 211, 212
1120974.3.peg.2849.site.16, 17, 209, 226
1120974.3.peg.2849.site.17, 1, 210, 211
1120974.3.peg.2849.site.18, 2, 210, 212
1120974.3.peg.2849.site.19, 4, 212, 216
1120974.3.peg.2849.site.20, 4, 208, 212
1120974.3.peg.2849.site.21, 2, 204, 206
1120974.3.peg.2849.site.22, 0, 211, 211
1120974.3.peg.2849.site.23, 4, 213, 217
1120974.3.peg.2849.site.24, 4, 211, 215
1120974.3.peg.2849.site.25, 4, 213, 217
1120974.3.peg.2849.site.26, 1, 213, 214
1120974.3.peg.2849.site.27, 16, 211, 227
1120974.3.peg.2849.site.28, 2, 212, 214
1120974.3.peg.2849.site.29, 1, 213, 214
1120974.3.peg.2849.site.30, 19, 211, 230
1120974.3.peg.2849.site.31, 21, 206, 227
1120974.3.peg.2849.site.32, 0, 198, 198
1120974.3.peg.2849.site.33, 15, 201, 216
1120974.3.peg.2849.site.34, 21, 209, 230
1120974.3.peg.2849.site.35, 19, 212, 231
1120974.3.peg.2849.site.36, 8, 210, 218
1120974.3.peg.2849.site.37, 9, 213, 222
1120974.3.peg.990.site.1, 1, 197, 198
1120974.3.peg.990.site.2, 0, 200, 200
1120974.3.peg.990.site.3, 0, 212, 212
1120974.3.peg.990.site.4, 1, 214, 215
1120974.3.peg.990.site.5, 0, 212, 212
1120974.3.peg.990.site.6, 0, 213, 213
1120974.3.peg.990.site.7, 4, 204, 208
1120974.3.peg.990.site.8, 2, 216, 218
1120974.3.peg.990.site.9, 3, 216, 219
1120974.3.peg.990.site.10, 26, 209, 235
1120974.3.peg.990.site.11, 156, 198, 354
1120974.3.peg.990.site.12, 2, 80, 82
1120974.3.peg.2668.site.1, 0, 214, 214
1120974.3.peg.2668.site.2, 13, 214, 227
1120974.3.peg.2668.site.3, 1, 215, 216
1120974.3.peg.2668.site.4, 14, 215, 229
1120974.3.peg.2668.site.5, 14, 215, 229
1120974.3.peg.2668.site.6, 91, 207, 298
1120974.3.peg.2668.site.7, 90, 206, 296
1120974.3.peg.2668.site.8, 71, 186, 257
1120974.3.peg.2668.site.9, 3, 185, 188
1120974.3.peg.2668.site.10, 0, 182, 182
1120974.3.peg.2668.site.11, 15, 206, 221
1120974.3.peg.2668.site.12, 0, 211, 211
1120974.3.peg.2668.site.13, 4, 212, 216
1120974.3.peg.2668.site.14, 102, 210, 312
1120974.3.peg.2668.site.15, 7, 212, 219
1120974.3.peg.2668.site.16, 6, 210, 216
1120974.3.peg.2668.site.17, 96, 212, 308
1120974.3.peg.2668.site.18, 51, 214, 265
1120974.3.peg.2668.site.19, 73, 213, 286
1120974.3.peg.2667.site.1, 3, 202, 205
1120974.3.peg.2667.site.2, 0, 216, 216
1120974.3.peg.2667.site.3, 14, 215, 229
1120974.3.peg.2667.site.4, 14, 215, 229
1120974.3.peg.2667.site.5, 40, 205, 245
1120974.3.peg.2667.site.6, 3, 204, 207
1120974.3.peg.2667.site.7, 2, 203, 205
1120974.3.peg.2667.site.8, 0, 201, 201
1120974.3.peg.2667.site.9, 1, 201, 202
1120974.3.peg.2667.site.10, 7, 208, 215
1120974.3.peg.2667.site.11, 0, 215, 215
1120974.3.peg.2667.site.12, 15, 214, 229
1120974.3.peg.2667.site.13, 0, 213, 213
1120974.3.peg.2667.site.14, 110, 209, 319
1120974.3.peg.2667.site.15, 0, 214, 214
1120974.3.peg.2666.site.1, 5, 209, 214
1120974.3.peg.2666.site.2, 4, 213, 217
1120974.3.peg.2666.site.3, 6, 215, 221
1120974.3.peg.2666.site.4, 196, 214, 410
1120974.3.peg.2666.site.5, 11, 214, 225
1120974.3.peg.2666.site.6, 56, 201, 257
1120974.3.peg.2666.site.7, 90, 205, 295
1120974.3.peg.2666.site.8, 6, 210, 216
1120974.3.peg.2666.site.9, 56, 205, 261
1120974.3.peg.2666.site.10, 105, 206, 311
1120974.3.peg.2666.site.11, 0, 215, 215
1120974.3.peg.2666.site.12, 0, 200, 200
1120974.3.peg.2666.site.13, 50, 195, 245
1120974.3.peg.2666.site.14, 0, 206, 206
1120974.3.peg.2666.site.15, 33, 203, 236
1120974.3.peg.2666.site.16, 31, 205, 236
1120974.3.peg.2666.site.17, 4, 209, 213
1120974.3.peg.2666.site.18, 2, 207, 209
1120974.3.peg.2666.site.19, 13, 194, 207
1120974.3.peg.2666.site.20, 6, 188, 194
1120974.3.peg.2666.site.21, 12, 181, 193
1120974.3.peg.2666.site.22, 146, 165, 311
1120974.3.peg.2666.site.23, 142, 161, 303
1120974.3.peg.2666.site.24, 2, 190, 192
1120974.3.peg.2666.site.25, 1, 187, 188
1120974.3.peg.2666.site.26, 0, 197, 197
1120974.3.peg.2666.site.27, 3, 200, 203
1120974.3.peg.2666.site.28, 3, 199, 202
1120974.3.peg.2666.site.29, 3, 199, 202
1120974.3.peg.2666.site.30, 3, 198, 201
1120974.3.peg.2666.site.31, 5, 200, 205
1120974.3.peg.2666.site.32, 6, 207, 213
1120974.3.peg.2666.site.33, 6, 205, 211
1120974.3.peg.2666.site.34, 13, 203, 216
1120974.3.peg.2666.site.35, 40, 210, 250
1120974.3.peg.2666.site.36, 14, 214, 228
1120974.3.peg.2666.site.37, 19, 212, 231
1120974.3.peg.2666.site.38, 14, 213, 227
1120974.3.peg.2666.site.39, 4, 214, 218
1120974.3.peg.2666.site.40, 33, 210, 243
1120974.3.peg.2666.site.41, 6, 213, 219
1120974.3.peg.2666.site.42, 6, 213, 219
1120974.3.peg.2666.site.43, 13, 213, 226
1120974.3.peg.2665.site.1, 0, 36, 36
1120974.3.peg.2665.site.2, 51, 83, 134
1120974.3.peg.2665.site.3, 64, 119, 183
1120974.3.peg.2665.site.4, 107, 139, 246
1120974.3.peg.2665.site.5, 6, 213, 219
1120974.3.peg.2665.site.6, 180, 214, 394
1120974.3.peg.2665.site.7, 10, 213, 223
1120974.3.peg.2665.site.8, 165, 200, 365
1120974.3.peg.2665.site.9, 107, 141, 248
1120974.3.peg.2665.site.10, 0, 215, 215
1120974.3.peg.2665.site.11, 32, 215, 247
1120974.3.peg.2665.site.12, 109, 141, 250
1120974.3.peg.2665.site.13, 67, 98, 165
1120974.3.peg.2665.site.14, 15, 34, 49
1120974.3.peg.2665.site.15, 11, 46, 57
1120974.3.peg.2665.site.16, 16, 51, 67
1120974.3.peg.2665.site.17, 74, 109, 183
1120974.3.peg.2665.site.18, 181, 216, 397
1120974.3.peg.2665.site.19, 174, 213, 387
1120974.3.peg.2664.site.1, 200, 213, 413
1120974.3.peg.2664.site.2, 186, 214, 400
1120974.3.peg.2664.site.3, 186, 214, 400
1120974.3.peg.2664.site.4, 28, 216, 244
1120974.3.peg.2664.site.5, 22, 208, 230
1120974.3.peg.2664.site.6, 162, 196, 358
1120974.3.peg.2664.site.7, 146, 180, 326
1120974.3.peg.2664.site.8, 146, 180, 326
1120974.3.peg.2664.site.9, 153, 186, 339
1120974.3.peg.2664.site.10, 6, 187, 193
1120974.3.peg.2664.site.11, 180, 214, 394
1120974.3.peg.2664.site.12, 12, 211, 223
1120974.3.peg.2664.site.13, 172, 206, 378
1120974.3.peg.2664.site.14, 0, 98, 98
1120974.3.peg.2664.site.15, 49, 82, 131
1120974.3.peg.2664.site.16, 2, 70, 72
1120974.3.peg.2664.site.17, 27, 60, 87
1120974.3.peg.2664.site.18, 76, 132, 208
1120974.3.peg.2663.site.1, 190, 204, 394
1120974.3.peg.2663.site.2, 4, 209, 213
1120974.3.peg.2663.site.3, 0, 213, 213
1120974.3.peg.2663.site.4, 193, 208, 401
1120974.3.peg.2663.site.5, 193, 208, 401
1120974.3.peg.2663.site.6, 0, 203, 203
1120974.3.peg.2663.site.7, 167, 189, 356
1120974.3.peg.2663.site.8, 5, 182, 187
1120974.3.peg.2663.site.9, 15, 174, 189
1120974.3.peg.2663.site.10, 146, 157, 303
1120974.3.peg.2663.site.11, 138, 140, 278
1120974.3.peg.2663.site.12, 120, 134, 254
1120974.3.peg.2663.site.13, 168, 182, 350
1120974.3.peg.2663.site.14, 183, 192, 375
1120974.3.peg.2663.site.15, 0, 208, 208
1120974.3.peg.2663.site.16, 0, 214, 214
1120974.3.peg.2663.site.17, 41, 212, 253
1120974.3.peg.2662.site.1, 41, 66, 107
1120974.3.peg.2662.site.2, 57, 82, 139
1120974.3.peg.2662.site.3, 66, 91, 157
1120974.3.peg.2662.site.4, 188, 211, 399
1120974.3.peg.2662.site.5, 8, 214, 222
1120974.3.peg.2662.site.6, 27, 209, 236
1120974.3.peg.2662.site.7, 200, 202, 402
1120974.3.peg.2662.site.8, 0, 215, 215
1120974.3.peg.2662.site.9, 203, 213, 416
1120974.3.peg.2662.site.10, 31, 211, 242
1120974.3.peg.2662.site.11, 19, 199, 218
1120974.3.peg.2662.site.12, 0, 180, 180
1120974.3.peg.2662.site.13, 155, 179, 334
1120974.3.peg.2662.site.14, 2, 183, 185
1120974.3.peg.2662.site.15, 0, 211, 211
1120974.3.peg.2662.site.16, 153, 208, 361
1120974.3.peg.2662.site.17, 154, 211, 365
1120974.3.peg.2662.site.18, 187, 210, 397
1120974.3.peg.2662.site.19, 186, 210, 396
1120974.3.peg.2662.site.20, 187, 211, 398
1120974.3.peg.2662.site.21, 11, 210, 221
1120974.3.peg.2662.site.22, 182, 206, 388
1120974.3.peg.2662.site.23, 194, 203, 397
1120974.3.peg.2662.site.24, 179, 202, 381
1120974.3.peg.2662.site.25, 189, 214, 403
1120974.3.peg.2662.site.26, 199, 213, 412
1120974.3.peg.2662.site.27, 11, 216, 227
1120974.3.peg.2662.site.28, 182, 195, 377
1120974.3.peg.2662.site.29, 1, 67, 68
1120974.3.peg.2662.site.30, 5, 20, 25
1120974.3.peg.2662.site.31, 1, 179, 180
1120974.3.peg.2662.site.32, 184, 197, 381
1120974.3.peg.2662.site.33, 180, 193, 373
1120974.3.peg.2662.site.34, 1, 15, 16
1120974.3.peg.2662.site.35, 0, 43, 43
1120974.3.peg.2662.site.36, 74, 89, 163
1120974.3.peg.2662.site.37, 1, 92, 93
1120974.3.peg.2662.site.38, 52, 66, 118
1120974.3.peg.2662.site.39, 77, 91, 168
1120974.3.peg.2661.site.1, 1, 52, 53
1120974.3.peg.2661.site.2, 14, 53, 67
1120974.3.peg.2661.site.3, 49, 51, 100
1120974.3.peg.2661.site.4, 27, 51, 78
1120974.3.peg.2661.site.5, 4, 54, 58
1120974.3.peg.2661.site.6, 4, 54, 58
1120974.3.peg.2661.site.7, 0, 57, 57
1120974.3.peg.2661.site.8, 6, 55, 61
1120974.3.peg.2661.site.9, 4, 54, 58
1120974.3.peg.2661.site.10, 2, 52, 54
1120974.3.peg.2661.site.11, 149, 197, 346
1120974.3.peg.2661.site.12, 158, 206, 364
1120974.3.peg.2661.site.13, 168, 212, 380
1120974.3.peg.2661.site.14, 7, 213, 220
1120974.3.peg.2661.site.15, 0, 212, 212
1120974.3.peg.2661.site.16, 0, 213, 213
1120974.3.peg.2661.site.17, 11, 215, 226
1120974.3.peg.2661.site.18, 163, 210, 373
1120974.3.peg.2661.site.19, 164, 212, 376
1120974.3.peg.2661.site.20, 163, 211, 374
1120974.3.peg.2661.site.21, 151, 198, 349
1120974.3.peg.2661.site.22, 25, 198, 223
1120974.3.peg.2661.site.23, 26, 198, 224
1120974.3.peg.2661.site.24, 127, 197, 324
1120974.3.peg.2661.site.25, 0, 204, 204
1120974.3.peg.2661.site.26, 1, 184, 185
1120974.3.peg.2661.site.27, 1, 165, 166
1120974.3.peg.2661.site.28, 5, 143, 148
1120974.3.peg.2661.site.29, 62, 109, 171
1120974.3.peg.2661.site.30, 22, 71, 93
1120974.3.peg.2661.site.31, 7, 57, 64
1120974.3.peg.2661.site.32, 15, 57, 72
1120974.3.peg.2661.site.33, 14, 48, 62
1120974.3.peg.2660.site.1, 11, 210, 221
1120974.3.peg.2660.site.2, 11, 211, 222
1120974.3.peg.2660.site.3, 3, 212, 215
1120974.3.peg.2660.site.4, 0, 215, 215
1120974.3.peg.2660.site.5, 139, 208, 347
1120974.3.peg.2660.site.6, 57, 210, 267
1120974.3.peg.2660.site.7, 55, 211, 266
1120974.3.peg.2660.site.8, 50, 209, 259
1120974.3.peg.2660.site.9, 138, 208, 346
1120974.3.peg.2660.site.10, 136, 209, 345
1120974.3.peg.2660.site.11, 138, 210, 348
1120974.3.peg.2660.site.12, 137, 211, 348
1120974.3.peg.2660.site.13, 1, 216, 217
1120974.3.peg.2660.site.14, 137, 208, 345
1120974.3.peg.2660.site.15, 125, 193, 318
1120974.3.peg.2660.site.16, 134, 202, 336
1120974.3.peg.2660.site.17, 25, 211, 236
1120974.3.peg.2660.site.18, 137, 211, 348
1120974.3.peg.2660.site.19, 0, 215, 215
1120974.3.peg.2660.site.20, 6, 214, 220
1120974.3.peg.2660.site.21, 203, 213, 416
1120974.3.peg.2660.site.22, 39, 211, 250
1120974.3.peg.2660.site.23, 137, 211, 348
1120974.3.peg.2660.site.24, 179, 213, 392
1120974.3.peg.2660.site.25, 177, 211, 388
1120974.3.peg.2660.site.26, 176, 212, 388
1120974.3.peg.2660.site.27, 15, 211, 226
1120974.3.peg.2660.site.28, 190, 212, 402
1120974.3.peg.2660.site.29, 176, 214, 390
1120974.3.peg.2660.site.30, 178, 215, 393
1120974.3.peg.2660.site.31, 5, 215, 220
1120974.3.peg.2660.site.32, 0, 212, 212
1120974.3.peg.2660.site.33, 172, 209, 381
1120974.3.peg.2660.site.34, 166, 204, 370
1120974.3.peg.2660.site.35, 159, 197, 356
1120974.3.peg.2660.site.36, 50, 87, 137
1120974.3.peg.2660.site.37, 36, 79, 115
1120974.3.peg.2681.site.1, 70, 210, 280
1120974.3.peg.2681.site.2, 9, 215, 224
1120974.3.peg.2681.site.3, 4, 215, 219
1120974.3.peg.2681.site.4, 19, 215, 234
1120974.3.peg.2681.site.5, 182, 214, 396
1120974.3.peg.2681.site.6, 178, 212, 390
1120974.3.peg.2681.site.7, 4, 216, 220
1120974.3.peg.2681.site.8, 181, 214, 395
1120974.3.peg.2681.site.9, 171, 204, 375
1120974.3.peg.2681.site.10, 174, 209, 383
1120974.3.peg.2681.site.11, 2, 211, 213
1120974.3.peg.2681.site.12, 195, 214, 409
1120974.3.peg.2681.site.13, 172, 208, 380
1120974.3.peg.2681.site.14, 167, 201, 368
1120974.3.peg.2681.site.15, 164, 198, 362
1120974.3.peg.2681.site.16, 12, 197, 209
1120974.3.peg.2681.site.17, 2, 203, 205
1120974.3.peg.2681.site.18, 16, 198, 214
1120974.3.peg.2681.site.19, 3, 214, 217
1120974.3.peg.2681.site.20, 0, 215, 215
1120974.3.peg.2681.site.21, 179, 215, 394
1120974.3.peg.2681.site.22, 177, 213, 390
1120974.3.peg.2681.site.23, 188, 210, 398
1120974.3.peg.2681.site.24, 17, 214, 231
1120974.3.peg.2681.site.25, 177, 210, 387
1120974.3.peg.2681.site.26, 175, 213, 388
1120974.3.peg.2681.site.27, 2, 215, 217
1120974.3.peg.2681.site.28, 1, 215, 216
1120974.3.peg.2681.site.29, 4, 216, 220
1120974.3.peg.2681.site.30, 177, 213, 390
1120974.3.peg.2681.site.31, 3, 214, 217
1120974.3.peg.2681.site.32, 178, 214, 392
1120974.3.peg.2681.site.33, 2, 216, 218
1120974.3.peg.2681.site.34, 178, 214, 392
1120974.3.peg.2681.site.35, 13, 216, 229
1120974.3.peg.2681.site.36, 177, 212, 389
1120974.3.peg.2681.site.37, 25, 205, 230
1120974.3.peg.2681.site.38, 172, 210, 382
1120974.3.peg.2683.site.1, 130, 210, 340
1120974.3.peg.2683.site.2, 131, 211, 342
1120974.3.peg.2683.site.3, 0, 215, 215
1120974.3.peg.2683.site.4, 19, 214, 233
1120974.3.peg.2683.site.5, 2, 216, 218
1120974.3.peg.2683.site.6, 131, 213, 344
1120974.3.peg.2683.site.7, 2, 211, 213
1120974.3.peg.2683.site.8, 31, 65, 96
1120974.3.peg.2683.site.9, 11, 45, 56
1120974.3.peg.2683.site.10, 9, 43, 52
1120974.3.peg.2683.site.11, 14, 46, 60
1120974.3.peg.2683.site.12, 4, 106, 110
1120974.3.peg.2683.site.13, 84, 117, 201
1120974.3.peg.2683.site.14, 92, 117, 209
1120974.3.peg.2683.site.15, 91, 115, 206
1120974.3.peg.2683.site.16, 79, 204, 283
1120974.3.peg.2683.site.17, 79, 205, 284
1120974.3.peg.2683.site.18, 2, 213, 215
1120974.3.peg.2683.site.19, 92, 211, 303
1120974.3.peg.2683.site.20, 0, 216, 216
1120974.3.peg.2683.site.21, 89, 211, 300
1120974.3.peg.2683.site.22, 67, 212, 279
1120974.3.peg.2683.site.23, 208, 214, 422
1120974.3.peg.2683.site.24, 161, 212, 373
1120974.3.peg.2682.site.1, 18, 53, 71
1120974.3.peg.2682.site.2, 137, 170, 307
1120974.3.peg.2682.site.3, 168, 200, 368
1120974.3.peg.2682.site.4, 147, 181, 328
1120974.3.peg.2682.site.5, 178, 210, 388
1120974.3.peg.2682.site.6, 15, 212, 227
1120974.3.peg.2682.site.7, 9, 215, 224
1120974.3.peg.2682.site.8, 0, 215, 215
1120974.3.peg.2682.site.9, 0, 215, 215
1120974.3.peg.2682.site.10, 181, 213, 394
1120974.3.peg.2682.site.11, 1, 216, 217
1120974.3.peg.2682.site.12, 13, 214, 227
1120974.3.peg.2682.site.13, 181, 213, 394
1120974.3.peg.2682.site.14, 133, 211, 344
1120974.3.peg.2682.site.15, 45, 211, 256
1120974.3.peg.2682.site.16, 133, 212, 345
1120974.3.peg.2682.site.17, 181, 214, 395
1120974.3.peg.2685.site.1, 42, 202, 244
1120974.3.peg.2685.site.2, 99, 212, 311
1120974.3.peg.2685.site.3, 91, 210, 301
1120974.3.peg.2685.site.4, 207, 211, 418
1120974.3.peg.2685.site.5, 3, 214, 217
1120974.3.peg.2685.site.6, 151, 213, 364
1120974.3.peg.2685.site.7, 44, 212, 256
1120974.3.peg.2685.site.8, 211, 215, 426
1120974.3.peg.2685.site.9, 0, 213, 213
1120974.3.peg.2685.site.10, 212, 212, 424
1120974.3.peg.2685.site.11, 47, 209, 256
1120974.3.peg.2685.site.12, 0, 211, 211
1120974.3.peg.2685.site.13, 0, 213, 213
1120974.3.peg.2685.site.14, 91, 203, 294
1120974.3.peg.2685.site.15, 1, 205, 206
1120974.3.peg.2685.site.16, 76, 174, 250
1120974.3.peg.2685.site.17, 147, 209, 356
1120974.3.peg.2685.site.18, 52, 207, 259
1120974.3.peg.2685.site.19, 37, 197, 234
1120974.3.peg.2685.site.20, 7, 168, 175
1120974.3.peg.2684.site.1, 103, 212, 315
1120974.3.peg.2684.site.2, 0, 216, 216
1120974.3.peg.2684.site.3, 208, 215, 423
1120974.3.peg.2684.site.4, 1, 216, 217
1120974.3.peg.2684.site.5, 84, 211, 295
1120974.3.peg.2684.site.6, 1, 213, 214
1120974.3.peg.2684.site.7, 4, 211, 215
1120974.3.peg.2684.site.8, 202, 208, 410
1120974.3.peg.2684.site.9, 2, 205, 207
1120974.3.peg.2684.site.10, 123, 212, 335
1120974.3.peg.2684.site.11, 1, 215, 216
1120974.3.peg.2684.site.12, 0, 216, 216
1120974.3.peg.2684.site.13, 0, 216, 216
1120974.3.peg.2684.site.14, 192, 215, 407
1120974.3.peg.2684.site.15, 1, 214, 215
1120974.3.peg.2684.site.16, 100, 213, 313
1120974.3.peg.2684.site.17, 209, 215, 424
1120974.3.peg.2684.site.18, 4, 216, 220
1120974.3.peg.2684.site.19, 4, 215, 219
1120974.3.peg.2684.site.20, 100, 211, 311
1120974.3.peg.2684.site.21, 56, 215, 271
1120974.3.peg.2684.site.22, 101, 210, 311
1120974.3.peg.2684.site.23, 4, 207, 211
1120974.3.peg.2684.site.24, 2, 216, 218
1120974.3.peg.2687.site.1, 44, 213, 257
1120974.3.peg.2687.site.2, 44, 213, 257
1120974.3.peg.2687.site.3, 2, 211, 213
1120974.3.peg.2687.site.4, 1, 215, 216
1120974.3.peg.2687.site.5, 3, 214, 217
1120974.3.peg.2687.site.6, 40, 213, 253
1120974.3.peg.2686.site.1, 153, 208, 361
1120974.3.peg.2686.site.2, 164, 210, 374
1120974.3.peg.2686.site.3, 0, 216, 216
1120974.3.peg.2686.site.4, 97, 209, 306
1120974.3.peg.2686.site.5, 98, 212, 310
1120974.3.peg.2686.site.6, 2, 216, 218
1120974.3.peg.2686.site.7, 96, 210, 306
1120974.3.peg.2686.site.8, 0, 216, 216
1120974.3.peg.2686.site.9, 99, 211, 310
1120974.3.peg.2686.site.10, 0, 215, 215
1120974.3.peg.2686.site.11, 0, 216, 216
1120974.3.peg.2686.site.12, 158, 212, 370
1120974.3.peg.2689.site.1, 120, 209, 329
1120974.3.peg.2689.site.2, 0, 215, 215
1120974.3.peg.2689.site.3, 50, 211, 261
1120974.3.peg.2689.site.4, 21, 214, 235
1120974.3.peg.2689.site.5, 7, 215, 222
1120974.3.peg.2688.site.1, 41, 214, 255
1120974.3.peg.2688.site.2, 39, 214, 253
1120974.3.peg.2688.site.3, 39, 212, 251
1120974.3.peg.2688.site.4, 40, 215, 255
1120974.3.peg.2688.site.5, 1, 216, 217
1120974.3.peg.2688.site.6, 42, 212, 254
1120974.3.peg.2688.site.7, 41, 211, 252
1120974.3.peg.2688.site.8, 109, 209, 318
1120974.3.peg.2688.site.9, 0, 214, 214
1120974.3.peg.2688.site.10, 2, 214, 216
1120974.3.peg.2688.site.11, 44, 214, 258
1120974.3.peg.2688.site.12, 120, 212, 332
1120974.3.peg.2688.site.13, 0, 208, 208
1120974.3.peg.2688.site.14, 6, 105, 111
1120974.3.peg.2688.site.15, 4, 100, 104
1120974.3.peg.2688.site.16, 7, 96, 103
1120974.3.peg.2688.site.17, 80, 80, 160
1120974.3.peg.2688.site.18, 10, 95, 105
1120974.3.peg.2688.site.19, 45, 143, 188
1120974.3.peg.2688.site.20, 97, 192, 289
1120974.3.peg.2688.site.21, 205, 205, 410
1120974.3.peg.2688.site.22, 39, 204, 243
1120974.3.peg.2447.site.1, 0, 215, 215
1120974.3.peg.2447.site.2, 1, 210, 211
1120974.3.peg.2447.site.3, 148, 185, 333
1120974.3.peg.2447.site.4, 145, 182, 327
1120974.3.peg.2447.site.5, 141, 176, 317
1120974.3.peg.2447.site.6, 32, 190, 222
1120974.3.peg.2447.site.7, 42, 182, 224
1120974.3.peg.2447.site.8, 1, 204, 205
1120974.3.peg.2447.site.9, 59, 199, 258
1120974.3.peg.2447.site.10, 65, 205, 270
1120974.3.peg.2447.site.11, 1, 209, 210
1120974.3.peg.2447.site.12, 53, 191, 244
1120974.3.peg.2447.site.13, 10, 190, 200
1120974.3.peg.2447.site.14, 172, 205, 377
1120974.3.peg.2447.site.15, 10, 212, 222
1120974.3.peg.2447.site.16, 6, 210, 216
1120974.3.peg.2447.site.17, 178, 207, 385
1120974.3.peg.2447.site.18, 165, 195, 360
1120974.3.peg.2447.site.19, 40, 72, 112
1120974.3.peg.2447.site.20, 22, 54, 76
1120974.3.peg.2447.site.21, 38, 70, 108
1120974.3.peg.2447.site.22, 2, 183, 185
1120974.3.peg.2447.site.23, 129, 164, 293
1120974.3.peg.2447.site.24, 147, 182, 329
1120974.3.peg.2447.site.25, 147, 182, 329
1120974.3.peg.2446.site.1, 0, 208, 208
1120974.3.peg.2446.site.2, 2, 178, 180
1120974.3.peg.2446.site.3, 1, 175, 176
1120974.3.peg.2446.site.4, 0, 173, 173
1120974.3.peg.2446.site.5, 1, 207, 208
1120974.3.peg.2446.site.6, 0, 205, 205
1120974.3.peg.2446.site.7, 27, 203, 230
1120974.3.peg.2446.site.8, 133, 205, 338
1120974.3.peg.2446.site.9, 29, 208, 237
1120974.3.peg.2446.site.10, 0, 209, 209
1120974.3.peg.2446.site.11, 7, 206, 213
1120974.3.peg.2446.site.12, 134, 180, 314
1120974.3.peg.2446.site.13, 2, 196, 198
1120974.3.peg.2446.site.14, 14, 195, 209
1120974.3.peg.2446.site.15, 6, 188, 194
1120974.3.peg.2446.site.16, 4, 179, 183
1120974.3.peg.2446.site.17, 7, 182, 189
1120974.3.peg.2446.site.18, 9, 180, 189
1120974.3.peg.2446.site.19, 7, 182, 189
1120974.3.peg.2446.site.20, 1, 182, 183
1120974.3.peg.2446.site.21, 1, 216, 217
1120974.3.peg.2446.site.22, 177, 215, 392
1120974.3.peg.2446.site.23, 177, 214, 391
1120974.3.peg.2446.site.24, 0, 215, 215
1120974.3.peg.2446.site.25, 41, 214, 255
1120974.3.peg.2446.site.26, 212, 215, 427
1120974.3.peg.2446.site.27, 39, 215, 254
1120974.3.peg.2446.site.28, 40, 215, 255
1120974.3.peg.2446.site.29, 3, 216, 219
1120974.3.peg.2446.site.30, 43, 214, 257
1120974.3.peg.2446.site.31, 0, 214, 214
1120974.3.peg.2446.site.32, 8, 214, 222
1120974.3.peg.2446.site.33, 6, 216, 222
1120974.3.peg.2446.site.34, 42, 214, 256
1120974.3.peg.2446.site.35, 28, 200, 228
1120974.3.peg.2446.site.36, 4, 180, 184
1120974.3.peg.2446.site.37, 15, 190, 205
1120974.3.peg.2446.site.38, 1, 194, 195
1120974.3.peg.2446.site.39, 6, 202, 208
1120974.3.peg.2446.site.40, 195, 206, 401
1120974.3.peg.2446.site.41, 31, 207, 238
1120974.3.peg.2446.site.42, 34, 209, 243
1120974.3.peg.2446.site.43, 17, 213, 230
1120974.3.peg.2446.site.44, 6, 215, 221
1120974.3.peg.2446.site.45, 6, 180, 186
1120974.3.peg.2446.site.46, 7, 182, 189
1120974.3.peg.2446.site.47, 0, 183, 183
1120974.3.peg.2446.site.48, 166, 177, 343
1120974.3.peg.2446.site.49, 2, 177, 179
1120974.3.peg.2446.site.50, 2, 179, 181
1120974.3.peg.2445.site.1, 1, 190, 191
1120974.3.peg.2445.site.2, 3, 192, 195
1120974.3.peg.2445.site.3, 9, 215, 224
1120974.3.peg.2445.site.4, 4, 215, 219
1120974.3.peg.2445.site.5, 0, 214, 214
1120974.3.peg.2445.site.6, 0, 210, 210
1120974.3.peg.2445.site.7, 5, 204, 209
1120974.3.peg.2445.site.8, 30, 202, 232
1120974.3.peg.2445.site.9, 35, 207, 242
1120974.3.peg.2445.site.10, 0, 215, 215
1120974.3.peg.2445.site.11, 0, 216, 216
1120974.3.peg.2445.site.12, 42, 213, 255
1120974.3.peg.2445.site.13, 4, 216, 220
1120974.3.peg.2445.site.14, 4, 216, 220
1120974.3.peg.2445.site.15, 5, 215, 220
1120974.3.peg.2445.site.16, 47, 213, 260
1120974.3.peg.2445.site.17, 47, 213, 260
1120974.3.peg.2445.site.18, 34, 215, 249
1120974.3.peg.2445.site.19, 39, 214, 253
1120974.3.peg.2443.site.1, 3, 177, 180
1120974.3.peg.2443.site.2, 3, 182, 185
1120974.3.peg.2443.site.3, 15, 196, 211
1120974.3.peg.2443.site.4, 0, 206, 206
1120974.3.peg.2443.site.5, 0, 179, 179
1120974.3.peg.2443.site.6, 5, 190, 195
1120974.3.peg.2442.site.1, 16, 209, 225
1120974.3.peg.2442.site.2, 0, 214, 214
1120974.3.peg.2442.site.3, 169, 213, 382
1120974.3.peg.2442.site.4, 1, 213, 214
1120974.3.peg.2442.site.5, 14, 215, 229
1120974.3.peg.2442.site.6, 4, 215, 219
1120974.3.peg.2442.site.7, 4, 215, 219
1120974.3.peg.2442.site.8, 4, 215, 219
1120974.3.peg.2442.site.9, 2, 213, 215
1120974.3.peg.2442.site.10, 0, 212, 212
1120974.3.peg.2442.site.11, 34, 211, 245
1120974.3.peg.2442.site.12, 161, 211, 372
1120974.3.peg.2442.site.13, 5, 214, 219
1120974.3.peg.2442.site.14, 199, 214, 413
1120974.3.peg.2442.site.15, 24, 215, 239
1120974.3.peg.2442.site.16, 24, 215, 239
1120974.3.peg.2442.site.17, 0, 215, 215
1120974.3.peg.2442.site.18, 4, 214, 218
1120974.3.peg.2442.site.19, 163, 210, 373
1120974.3.peg.2441.site.1, 0, 195, 195
1120974.3.peg.2441.site.2, 1, 212, 213
1120974.3.peg.2441.site.3, 171, 201, 372
1120974.3.peg.2441.site.4, 173, 203, 376
1120974.3.peg.2441.site.5, 164, 211, 375
1120974.3.peg.2441.site.6, 1, 216, 217
1120974.3.peg.2441.site.7, 0, 215, 215
1120974.3.peg.2441.site.8, 1, 215, 216
1120974.3.peg.2441.site.9, 1, 215, 216
1120974.3.peg.2441.site.10, 0, 213, 213
1120974.3.peg.2441.site.11, 16, 214, 230
1120974.3.peg.2441.site.12, 184, 211, 395
1120974.3.peg.2441.site.13, 4, 215, 219
1120974.3.peg.2441.site.14, 16, 213, 229
1120974.3.peg.2441.site.15, 0, 216, 216
1120974.3.peg.2441.site.16, 175, 212, 387
1120974.3.peg.2441.site.17, 4, 216, 220
1120974.3.peg.2441.site.18, 16, 214, 230
1120974.3.peg.2441.site.19, 182, 212, 394
1120974.3.peg.2441.site.20, 184, 213, 397
1120974.3.peg.2441.site.21, 22, 212, 234
1120974.3.peg.2440.site.1, 159, 211, 370
1120974.3.peg.2440.site.2, 202, 204, 406
1120974.3.peg.2440.site.3, 138, 169, 307
1120974.3.peg.2440.site.4, 138, 168, 306
1120974.3.peg.2440.site.5, 144, 173, 317
1120974.3.peg.2440.site.6, 7, 210, 217
1120974.3.peg.2440.site.7, 0, 212, 212
1120974.3.peg.2440.site.8, 21, 211, 232
1120974.3.peg.2440.site.9, 9, 191, 200
1120974.3.peg.2440.site.10, 141, 171, 312
1120974.3.peg.2440.site.11, 130, 160, 290
1120974.3.peg.2440.site.12, 2, 67, 69
1120974.3.peg.2440.site.13, 3, 35, 38
1120974.3.peg.2440.site.14, 31, 62, 93
1120974.3.peg.2440.site.15, 157, 187, 344
1120974.3.peg.2440.site.16, 181, 211, 392
1120974.3.peg.2440.site.17, 9, 214, 223
1120974.3.peg.2440.site.18, 163, 209, 372
1120974.3.peg.2440.site.19, 9, 40, 49
1120974.3.peg.2440.site.20, 4, 35, 39
1120974.3.peg.2440.site.21, 10, 40, 50
1120974.3.peg.2440.site.22, 9, 118, 127
1120974.3.peg.2440.site.23, 0, 215, 215
1120974.3.peg.2440.site.24, 200, 214, 414
1120974.3.peg.2440.site.25, 0, 216, 216
1120974.3.peg.2440.site.26, 158, 204, 362
1120974.3.peg.2440.site.27, 0, 215, 215
1120974.3.peg.2440.site.28, 1, 214, 215
1120974.3.peg.2440.site.29, 2, 214, 216
1120974.3.peg.2440.site.30, 0, 205, 205
1120974.3.peg.2440.site.31, 142, 191, 333
1120974.3.peg.2440.site.32, 16, 205, 221
1120974.3.peg.2440.site.33, 16, 211, 227
1120974.3.peg.2440.site.34, 6, 215, 221
1120974.3.peg.2440.site.35, 15, 212, 227
1120974.3.peg.2440.site.36, 146, 169, 315
1120974.3.peg.2440.site.37, 167, 196, 363
1120974.3.peg.2440.site.38, 14, 203, 217
1120974.3.peg.2440.site.39, 12, 205, 217
1120974.3.peg.2440.site.40, 16, 214, 230
1120974.3.peg.3134.site.1, 12, 80, 92
1120974.3.peg.3134.site.2, 9, 78, 87
1120974.3.peg.3134.site.3, 9, 78, 87
1120974.3.peg.3134.site.4, 3, 84, 87
1120974.3.peg.3134.site.5, 1, 212, 213
1120974.3.peg.3134.site.6, 207, 209, 416
1120974.3.peg.3134.site.7, 139, 206, 345
1120974.3.peg.3134.site.8, 1, 208, 209
1120974.3.peg.3134.site.9, 40, 206, 246
1120974.3.peg.3134.site.10, 0, 214, 214
1120974.3.peg.3134.site.11, 11, 215, 226
1120974.3.peg.3134.site.12, 186, 214, 400
1120974.3.peg.3134.site.13, 186, 214, 400
1120974.3.peg.3135.site.1, 186, 212, 398
1120974.3.peg.3135.site.2, 0, 207, 207
1120974.3.peg.3135.site.3, 177, 198, 375
1120974.3.peg.3135.site.4, 2, 203, 205
1120974.3.peg.3135.site.5, 61, 188, 249
1120974.3.peg.3135.site.6, 64, 195, 259
1120974.3.peg.3135.site.7, 1, 190, 191
1120974.3.peg.3135.site.8, 130, 196, 326
1120974.3.peg.3135.site.9, 0, 197, 197
1120974.3.peg.3135.site.10, 57, 177, 234
1120974.3.peg.3135.site.11, 5, 175, 180
1120974.3.peg.3135.site.12, 2, 207, 209
1120974.3.peg.3135.site.13, 65, 204, 269
1120974.3.peg.3135.site.14, 0, 214, 214
1120974.3.peg.3135.site.15, 30, 210, 240
1120974.3.peg.3135.site.16, 5, 209, 214
1120974.3.peg.3136.site.1, 5, 214, 219
1120974.3.peg.3136.site.2, 0, 215, 215
1120974.3.peg.3136.site.3, 48, 211, 259
1120974.3.peg.3136.site.4, 2, 193, 195
1120974.3.peg.3136.site.5, 32, 198, 230
1120974.3.peg.3136.site.6, 5, 213, 218
1120974.3.peg.3136.site.7, 93, 210, 303
1120974.3.peg.3136.site.8, 94, 198, 292
1120974.3.peg.3136.site.9, 15, 210, 225
1120974.3.peg.3136.site.10, 5, 216, 221
1120974.3.peg.3136.site.11, 3, 215, 218
1120974.3.peg.3136.site.12, 2, 216, 218
1120974.3.peg.3136.site.13, 0, 213, 213
1120974.3.peg.3136.site.14, 2, 215, 217
1120974.3.peg.3136.site.15, 1, 215, 216
1120974.3.peg.3136.site.16, 41, 210, 251
1120974.3.peg.3136.site.17, 52, 212, 264
1120974.3.peg.3136.site.18, 1, 214, 215
1120974.3.peg.3136.site.19, 5, 215, 220
1120974.3.peg.3136.site.20, 96, 209, 305
1120974.3.peg.3136.site.21, 5, 214, 219
1120974.3.peg.3137.site.1, 0, 215, 215
1120974.3.peg.3137.site.2, 0, 215, 215
1120974.3.peg.3137.site.3, 0, 213, 213
1120974.3.peg.3137.site.4, 91, 209, 300
1120974.3.peg.3137.site.5, 33, 204, 237
1120974.3.peg.3137.site.6, 73, 189, 262
1120974.3.peg.3137.site.7, 25, 191, 216
1120974.3.peg.3137.site.8, 86, 190, 276
1120974.3.peg.3137.site.9, 25, 204, 229
1120974.3.peg.3137.site.10, 74, 185, 259
1120974.3.peg.3137.site.11, 0, 200, 200
1120974.3.peg.3137.site.12, 48, 200, 248
1120974.3.peg.3137.site.13, 46, 201, 247
1120974.3.peg.3137.site.14, 51, 209, 260
1120974.3.peg.3137.site.15, 1, 212, 213
1120974.3.peg.3137.site.16, 2, 212, 214
1120974.3.peg.3137.site.17, 52, 210, 262
1120974.3.peg.3137.site.18, 0, 216, 216
1120974.3.peg.3137.site.19, 2, 213, 215
1120974.3.peg.3137.site.20, 52, 210, 262
1120974.3.peg.3137.site.21, 0, 216, 216
1120974.3.peg.3137.site.22, 0, 216, 216
1120974.3.peg.3137.site.23, 57, 212, 269
1120974.3.peg.3137.site.24, 2, 212, 214
1120974.3.peg.3137.site.25, 48, 209, 257
1120974.3.peg.3137.site.26, 3, 215, 218
1120974.3.peg.3137.site.27, 51, 209, 260
1120974.3.peg.3137.site.28, 6, 215, 221
1120974.3.peg.3137.site.29, 8, 215, 223
1120974.3.peg.3137.site.30, 1, 215, 216
1120974.3.peg.3137.site.31, 43, 214, 257
1120974.3.peg.3137.site.32, 3, 215, 218
1120974.3.peg.3137.site.33, 41, 214, 255
1120974.3.peg.3137.site.34, 41, 213, 254
1120974.3.peg.3137.site.35, 0, 215, 215
1120974.3.peg.3137.site.36, 213, 215, 428
1120974.3.peg.3137.site.37, 213, 215, 428
1120974.3.peg.3130.site.1, 0, 214, 214
1120974.3.peg.3130.site.2, 24, 213, 237
1120974.3.peg.3130.site.3, 2, 214, 216
1120974.3.peg.3130.site.4, 2, 211, 213
1120974.3.peg.3130.site.5, 173, 214, 387
1120974.3.peg.3130.site.6, 137, 200, 337
1120974.3.peg.3130.site.7, 165, 203, 368
1120974.3.peg.3130.site.8, 1, 214, 215
1120974.3.peg.3130.site.9, 9, 44, 53
1120974.3.peg.3130.site.10, 3, 45, 48
1120974.3.peg.3130.site.11, 5, 47, 52
1120974.3.peg.3130.site.12, 24, 48, 72
1120974.3.peg.3130.site.13, 26, 57, 83
1120974.3.peg.3130.site.14, 6, 37, 43
1120974.3.peg.3130.site.15, 35, 37, 72
1120974.3.peg.3130.site.16, 0, 37, 37
1120974.3.peg.3130.site.17, 5, 42, 47
1120974.3.peg.3130.site.18, 20, 57, 77
1120974.3.peg.3130.site.19, 86, 123, 209
1120974.3.peg.3130.site.20, 99, 187, 286
1120974.3.peg.3130.site.21, 109, 200, 309
1120974.3.peg.3130.site.22, 156, 192, 348
1120974.3.peg.3130.site.23, 3, 175, 178
1120974.3.peg.3130.site.24, 105, 141, 246
1120974.3.peg.3130.site.25, 15, 53, 68
1120974.3.peg.3131.site.1, 131, 170, 301
1120974.3.peg.3131.site.2, 0, 195, 195
1120974.3.peg.3131.site.3, 172, 212, 384
1120974.3.peg.3131.site.4, 13, 214, 227
1120974.3.peg.3131.site.5, 175, 213, 388
1120974.3.peg.3131.site.6, 3, 215, 218
1120974.3.peg.3131.site.7, 166, 205, 371
1120974.3.peg.3131.site.8, 143, 180, 323
1120974.3.peg.3131.site.9, 93, 132, 225
1120974.3.peg.3131.site.10, 35, 190, 225
1120974.3.peg.3131.site.11, 75, 199, 274
1120974.3.peg.3131.site.12, 7, 210, 217
1120974.3.peg.3131.site.13, 9, 215, 224
1120974.3.peg.3131.site.14, 140, 214, 354
1120974.3.peg.3131.site.15, 140, 212, 352
1120974.3.peg.3131.site.16, 139, 214, 353
1120974.3.peg.3131.site.17, 1, 215, 216
1120974.3.peg.3131.site.18, 1, 213, 214
1120974.3.peg.3131.site.19, 1, 213, 214
1120974.3.peg.3131.site.20, 19, 128, 147
1120974.3.peg.3131.site.21, 110, 150, 260
1120974.3.peg.3131.site.22, 114, 157, 271
1120974.3.peg.3131.site.23, 6, 216, 222
1120974.3.peg.3131.site.24, 110, 210, 320
1120974.3.peg.2449.site.1, 0, 214, 214
1120974.3.peg.2449.site.2, 170, 212, 382
1120974.3.peg.2449.site.3, 45, 215, 260
1120974.3.peg.2449.site.4, 0, 215, 215
1120974.3.peg.2449.site.5, 140, 214, 354
1120974.3.peg.2449.site.6, 1, 215, 216
1120974.3.peg.2449.site.7, 148, 189, 337
1120974.3.peg.2449.site.8, 6, 188, 194
1120974.3.peg.2449.site.9, 6, 156, 162
1120974.3.peg.2449.site.10, 16, 103, 119
1120974.3.peg.2449.site.11, 159, 162, 321
1120974.3.peg.2449.site.12, 158, 199, 357
1120974.3.peg.2449.site.13, 37, 213, 250
1120974.3.peg.2449.site.14, 38, 212, 250
1120974.3.peg.2449.site.15, 0, 216, 216
1120974.3.peg.2449.site.16, 187, 214, 401
1120974.3.peg.2449.site.17, 81, 211, 292
1120974.3.peg.2449.site.18, 211, 214, 425
1120974.3.peg.2449.site.19, 37, 214, 251
1120974.3.peg.2449.site.20, 6, 215, 221
1120974.3.peg.2449.site.21, 75, 213, 288
1120974.3.peg.2449.site.22, 5, 216, 221
1120974.3.peg.2449.site.23, 7, 199, 206
1120974.3.peg.2449.site.24, 78, 199, 277
1120974.3.peg.2449.site.25, 5, 204, 209
1120974.3.peg.2449.site.26, 85, 191, 276
1120974.3.peg.2449.site.27, 0, 215, 215
1120974.3.peg.2449.site.28, 1, 215, 216
1120974.3.peg.2449.site.29, 125, 211, 336
1120974.3.peg.2449.site.30, 74, 213, 287
1120974.3.peg.2449.site.31, 4, 214, 218
1120974.3.peg.2449.site.32, 0, 215, 215
1120974.3.peg.2449.site.33, 210, 214, 424
1120974.3.peg.2449.site.34, 69, 203, 272
1120974.3.peg.2449.site.35, 175, 202, 377
1120974.3.peg.2449.site.36, 76, 211, 287
1120974.3.peg.2449.site.37, 80, 215, 295
1120974.3.peg.2449.site.38, 5, 216, 221
1120974.3.peg.2449.site.39, 81, 215, 296
1120974.3.peg.2449.site.40, 108, 209, 317
1120974.3.peg.2449.site.41, 2, 213, 215
1120974.3.peg.2449.site.42, 84, 212, 296
1120974.3.peg.2449.site.43, 85, 214, 299
1120974.3.peg.2449.site.44, 0, 215, 215
1120974.3.peg.2449.site.45, 86, 214, 300
1120974.3.peg.2449.site.46, 86, 214, 300
1120974.3.peg.2449.site.47, 2, 214, 216
1120974.3.peg.2449.site.48, 7, 203, 210
1120974.3.peg.2449.site.49, 0, 201, 201
1120974.3.peg.2449.site.50, 184, 206, 390
1120974.3.peg.2449.site.51, 2, 213, 215
1120974.3.peg.2449.site.52, 185, 189, 374
1120974.3.peg.2449.site.53, 9, 180, 189
1120974.3.peg.2449.site.54, 126, 153, 279
1120974.3.peg.2449.site.55, 53, 57, 110
1120974.3.peg.2449.site.56, 5, 33, 38
1120974.3.peg.2449.site.57, 1, 29, 30
1120974.3.peg.2449.site.58, 5, 29, 34
1120974.3.peg.2448.site.1, 0, 215, 215
1120974.3.peg.2448.site.2, 181, 215, 396
1120974.3.peg.2448.site.3, 127, 213, 340
1120974.3.peg.2448.site.4, 44, 212, 256
1120974.3.peg.2448.site.5, 127, 212, 339
1120974.3.peg.2448.site.6, 1, 214, 215
1120974.3.peg.2448.site.7, 17, 210, 227
1120974.3.peg.2448.site.8, 168, 208, 376
1120974.3.peg.208.site.1, 12, 213, 225
1120974.3.peg.208.site.2, 0, 204, 204
1120974.3.peg.208.site.3, 0, 206, 206
1120974.3.peg.208.site.4, 2, 209, 211
1120974.3.peg.208.site.5, 17, 209, 226
1120974.3.peg.208.site.6, 4, 197, 201
1120974.3.peg.208.site.7, 42, 191, 233
1120974.3.peg.208.site.8, 35, 188, 223
1120974.3.peg.208.site.9, 16, 167, 183
1120974.3.peg.208.site.10, 0, 188, 188
1120974.3.peg.208.site.11, 58, 206, 264
1120974.3.peg.208.site.12, 0, 213, 213
1120974.3.peg.208.site.13, 203, 211, 414
1120974.3.peg.208.site.14, 0, 216, 216
1120974.3.peg.208.site.15, 46, 211, 257
1120974.3.peg.208.site.16, 188, 199, 387
1120974.3.peg.208.site.17, 183, 193, 376
1120974.3.peg.208.site.18, 11, 24, 35
1120974.3.peg.208.site.19, 4, 20, 24
1120974.3.peg.208.site.20, 8, 20, 28
1120974.3.peg.208.site.21, 32, 44, 76
1120974.3.peg.208.site.22, 140, 152, 292
1120974.3.peg.208.site.23, 159, 171, 330
1120974.3.peg.208.site.24, 116, 127, 243
1120974.3.peg.208.site.25, 68, 79, 147
1120974.3.peg.208.site.26, 105, 114, 219
1120974.3.peg.208.site.27, 131, 140, 271
1120974.3.peg.208.site.28, 0, 205, 205
1120974.3.peg.208.site.29, 92, 105, 197
1120974.3.peg.208.site.30, 16, 29, 45
1120974.3.peg.208.site.31, 6, 16, 22
1120974.3.peg.208.site.32, 7, 39, 46
1120974.3.peg.208.site.33, 35, 46, 81
1120974.3.peg.208.site.34, 32, 32, 64
1120974.3.peg.208.site.35, 3, 6, 9
1120974.3.peg.206.site.1, 216, 216, 432
1120974.3.peg.206.site.2, 50, 214, 264
1120974.3.peg.206.site.3, 87, 205, 292
1120974.3.peg.206.site.4, 0, 215, 215
1120974.3.peg.206.site.5, 1, 215, 216
1120974.3.peg.206.site.6, 1, 216, 217
1120974.3.peg.206.site.7, 0, 214, 214
1120974.3.peg.206.site.8, 1, 214, 215
1120974.3.peg.206.site.9, 2, 215, 217
1120974.3.peg.206.site.10, 94, 212, 306
1120974.3.peg.207.site.1, 98, 212, 310
1120974.3.peg.207.site.2, 96, 210, 306
1120974.3.peg.207.site.3, 92, 206, 298
1120974.3.peg.207.site.4, 42, 201, 243
1120974.3.peg.207.site.5, 92, 209, 301
1120974.3.peg.207.site.6, 46, 212, 258
1120974.3.peg.207.site.7, 0, 211, 211
1120974.3.peg.207.site.8, 195, 200, 395
1120974.3.peg.207.site.9, 132, 198, 330
1120974.3.peg.207.site.10, 65, 202, 267
1120974.3.peg.207.site.11, 0, 205, 205
1120974.3.peg.207.site.12, 22, 209, 231
1120974.3.peg.207.site.13, 83, 204, 287
1120974.3.peg.207.site.14, 0, 208, 208
1120974.3.peg.207.site.15, 2, 204, 206
1120974.3.peg.207.site.16, 3, 211, 214
1120974.3.peg.207.site.17, 3, 209, 212
1120974.3.peg.207.site.18, 178, 202, 380
1120974.3.peg.207.site.19, 3, 205, 208
1120974.3.peg.207.site.20, 173, 180, 353
1120974.3.peg.207.site.21, 43, 179, 222
1120974.3.peg.207.site.22, 0, 195, 195
1120974.3.peg.207.site.23, 0, 210, 210
1120974.3.peg.207.site.24, 62, 210, 272
1120974.3.peg.207.site.25, 64, 212, 276
1120974.3.peg.207.site.26, 4, 210, 214
1120974.3.peg.207.site.27, 0, 207, 207
1120974.3.peg.207.site.28, 9, 144, 153
1120974.3.peg.207.site.29, 126, 188, 314
1120974.3.peg.207.site.30, 0, 192, 192
1120974.3.peg.207.site.31, 4, 200, 204
1120974.3.peg.207.site.32, 1, 190, 191
1120974.3.peg.204.site.1, 5, 212, 217
1120974.3.peg.204.site.2, 93, 206, 299
1120974.3.peg.204.site.3, 112, 208, 320
1120974.3.peg.204.site.4, 100, 203, 303
1120974.3.peg.204.site.5, 7, 205, 212
1120974.3.peg.204.site.6, 3, 206, 209
1120974.3.peg.204.site.7, 75, 195, 270
1120974.3.peg.204.site.8, 104, 202, 306
1120974.3.peg.204.site.9, 104, 202, 306
1120974.3.peg.204.site.10, 110, 207, 317
1120974.3.peg.204.site.11, 8, 212, 220
1120974.3.peg.204.site.12, 88, 208, 296
1120974.3.peg.204.site.13, 3, 213, 216
1120974.3.peg.204.site.14, 6, 214, 220
1120974.3.peg.204.site.15, 4, 216, 220
1120974.3.peg.204.site.16, 9, 215, 224
1120974.3.peg.204.site.17, 106, 209, 315
1120974.3.peg.204.site.18, 39, 213, 252
1120974.3.peg.204.site.19, 0, 216, 216
1120974.3.peg.204.site.20, 17, 213, 230
1120974.3.peg.204.site.21, 0, 216, 216
1120974.3.peg.204.site.22, 114, 209, 323
1120974.3.peg.204.site.23, 210, 215, 425
1120974.3.peg.204.site.24, 95, 208, 303
1120974.3.peg.204.site.25, 2, 215, 217
1120974.3.peg.204.site.26, 22, 213, 235
1120974.3.peg.204.site.27, 1, 216, 217
1120974.3.peg.204.site.28, 96, 212, 308
1120974.3.peg.204.site.29, 4, 216, 220
1120974.3.peg.204.site.30, 97, 212, 309
1120974.3.peg.204.site.31, 3, 216, 219
1120974.3.peg.204.site.32, 97, 212, 309
1120974.3.peg.204.site.33, 4, 216, 220
1120974.3.peg.204.site.34, 88, 211, 299
1120974.3.peg.204.site.35, 0, 215, 215
1120974.3.peg.204.site.36, 11, 214, 225
1120974.3.peg.204.site.37, 3, 208, 211
1120974.3.peg.204.site.38, 0, 197, 197
1120974.3.peg.204.site.39, 0, 201, 201
1120974.3.peg.205.site.1, 8, 192, 200
1120974.3.peg.205.site.2, 0, 195, 195
1120974.3.peg.205.site.3, 39, 202, 241
1120974.3.peg.205.site.4, 6, 211, 217
1120974.3.peg.205.site.5, 151, 210, 361
1120974.3.peg.205.site.6, 65, 211, 276
1120974.3.peg.205.site.7, 0, 215, 215
1120974.3.peg.205.site.8, 91, 211, 302
1120974.3.peg.205.site.9, 89, 212, 301
1120974.3.peg.205.site.10, 3, 216, 219
1120974.3.peg.205.site.11, 3, 214, 217
1120974.3.peg.205.site.12, 6, 190, 196
1120974.3.peg.205.site.13, 10, 198, 208
1120974.3.peg.205.site.14, 6, 202, 208
1120974.3.peg.205.site.15, 8, 202, 210
1120974.3.peg.205.site.16, 102, 199, 301
1120974.3.peg.205.site.17, 188, 190, 378
1120974.3.peg.205.site.18, 159, 178, 337
1120974.3.peg.205.site.19, 1, 196, 197
1120974.3.peg.205.site.20, 1, 204, 205
1120974.3.peg.205.site.21, 0, 207, 207
1120974.3.peg.205.site.22, 3, 207, 210
1120974.3.peg.205.site.23, 191, 208, 399
1120974.3.peg.205.site.24, 1, 212, 213
1120974.3.peg.205.site.25, 0, 208, 208
1120974.3.peg.205.site.26, 182, 183, 365
1120974.3.peg.205.site.27, 1, 161, 162
1120974.3.peg.205.site.28, 1, 164, 165
1120974.3.peg.205.site.29, 1, 172, 173
1120974.3.peg.205.site.30, 51, 190, 241
1120974.3.peg.205.site.31, 5, 208, 213
1120974.3.peg.205.site.32, 42, 206, 248
1120974.3.peg.205.site.33, 2, 214, 216
1120974.3.peg.205.site.34, 143, 212, 355
1120974.3.peg.205.site.35, 214, 215, 429
1120974.3.peg.205.site.36, 0, 214, 214
1120974.3.peg.205.site.37, 2, 215, 217
1120974.3.peg.205.site.38, 1, 215, 216
1120974.3.peg.205.site.39, 201, 213, 414
1120974.3.peg.205.site.40, 0, 211, 211
1120974.3.peg.205.site.41, 209, 209, 418
1120974.3.peg.205.site.42, 5, 211, 216
1120974.3.peg.205.site.43, 145, 209, 354
1120974.3.peg.205.site.44, 52, 213, 265
1120974.3.peg.205.site.45, 208, 212, 420
1120974.3.peg.205.site.46, 11, 158, 169
1120974.3.peg.205.site.47, 1, 149, 150
1120974.3.peg.205.site.48, 1, 145, 146
1120974.3.peg.205.site.49, 19, 163, 182
1120974.3.peg.205.site.50, 38, 190, 228
1120974.3.peg.205.site.51, 3, 209, 212
1120974.3.peg.205.site.52, 210, 211, 421
1120974.3.peg.205.site.53, 3, 180, 183
1120974.3.peg.205.site.54, 204, 214, 418
1120974.3.peg.205.site.55, 1, 214, 215
1120974.3.peg.205.site.56, 185, 213, 398
1120974.3.peg.205.site.57, 0, 215, 215
1120974.3.peg.205.site.58, 2, 215, 217
1120974.3.peg.205.site.59, 189, 212, 401
1120974.3.peg.205.site.60, 215, 215, 430
1120974.3.peg.205.site.61, 182, 214, 396
1120974.3.peg.205.site.62, 6, 216, 222
1120974.3.peg.205.site.63, 17, 199, 216
1120974.3.peg.205.site.64, 9, 201, 210
1120974.3.peg.205.site.65, 6, 198, 204
1120974.3.peg.205.site.66, 0, 205, 205
1120974.3.peg.205.site.67, 165, 197, 362
1120974.3.peg.205.site.68, 0, 169, 169
1120974.3.peg.205.site.69, 1, 191, 192
1120974.3.peg.205.site.70, 175, 208, 383
1120974.3.peg.205.site.71, 43, 186, 229
1120974.3.peg.205.site.72, 40, 190, 230
1120974.3.peg.205.site.73, 44, 156, 200
1120974.3.peg.2538.site.1, 168, 208, 376
1120974.3.peg.2538.site.2, 161, 208, 369
1120974.3.peg.2538.site.3, 154, 201, 355
1120974.3.peg.2538.site.4, 29, 91, 120
1120974.3.peg.2538.site.5, 2, 50, 52
1120974.3.peg.2538.site.6, 23, 70, 93
1120974.3.peg.2538.site.7, 57, 104, 161
1120974.3.peg.2538.site.8, 94, 141, 235
1120974.3.peg.2538.site.9, 97, 144, 241
1120974.3.peg.2538.site.10, 14, 213, 227
1120974.3.peg.2538.site.11, 0, 215, 215
1120974.3.peg.2538.site.12, 0, 214, 214
1120974.3.peg.2538.site.13, 0, 216, 216
1120974.3.peg.2538.site.14, 15, 215, 230
1120974.3.peg.2538.site.15, 197, 212, 409
1120974.3.peg.2538.site.16, 41, 212, 253
1120974.3.peg.2538.site.17, 164, 211, 375
1120974.3.peg.2538.site.18, 32, 213, 245
1120974.3.peg.2538.site.19, 163, 210, 373
1120974.3.peg.2538.site.20, 161, 208, 369
1120974.3.peg.2538.site.21, 13, 209, 222
1120974.3.peg.2538.site.22, 80, 140, 220
1120974.3.peg.2538.site.23, 70, 129, 199
1120974.3.peg.2538.site.24, 11, 122, 133
1120974.3.peg.2538.site.25, 37, 86, 123
1120974.3.peg.2538.site.26, 49, 98, 147
1120974.3.peg.2538.site.27, 0, 208, 208
1120974.3.peg.2538.site.28, 10, 210, 220
1120974.3.peg.2538.site.29, 12, 212, 224
1120974.3.peg.2538.site.30, 0, 214, 214
1120974.3.peg.2538.site.31, 14, 214, 228
1120974.3.peg.2538.site.32, 209, 215, 424
1120974.3.peg.2538.site.33, 157, 203, 360
1120974.3.peg.2538.site.34, 149, 196, 345
1120974.3.peg.2538.site.35, 0, 215, 215
1120974.3.peg.2538.site.36, 0, 215, 215
1120974.3.peg.2538.site.37, 124, 205, 329
1120974.3.peg.2538.site.38, 153, 199, 352
1120974.3.peg.2538.site.39, 150, 196, 346
1120974.3.peg.2538.site.40, 0, 204, 204
1120974.3.peg.2538.site.41, 167, 212, 379
1120974.3.peg.2538.site.42, 198, 213, 411
1120974.3.peg.2538.site.43, 5, 214, 219
1120974.3.peg.2538.site.44, 160, 211, 371
1120974.3.peg.2538.site.45, 209, 214, 423
1120974.3.peg.2538.site.46, 0, 216, 216
1120974.3.peg.2538.site.47, 0, 216, 216
1120974.3.peg.2538.site.48, 187, 213, 400
1120974.3.peg.2538.site.49, 157, 211, 368
1120974.3.peg.2538.site.50, 111, 136, 247
1120974.3.peg.2538.site.51, 54, 78, 132
1120974.3.peg.2538.site.52, 57, 82, 139
1120974.3.peg.2537.site.1, 1, 213, 214
1120974.3.peg.2537.site.2, 7, 215, 222
1120974.3.peg.2537.site.3, 210, 212, 422
1120974.3.peg.2537.site.4, 0, 212, 212
1120974.3.peg.2537.site.5, 0, 209, 209
1120974.3.peg.2537.site.6, 7, 214, 221
1120974.3.peg.2537.site.7, 7, 214, 221
1120974.3.peg.2537.site.8, 151, 211, 362
1120974.3.peg.2537.site.9, 151, 211, 362
1120974.3.peg.2537.site.10, 150, 210, 360
1120974.3.peg.2537.site.11, 28, 212, 240
1120974.3.peg.2537.site.12, 119, 181, 300
1120974.3.peg.2537.site.13, 144, 176, 320
1120974.3.peg.2537.site.14, 93, 154, 247
1120974.3.peg.2537.site.15, 134, 195, 329
1120974.3.peg.2537.site.16, 146, 209, 355
1120974.3.peg.2537.site.17, 180, 215, 395
1120974.3.peg.2537.site.18, 1, 215, 216
1120974.3.peg.2537.site.19, 10, 213, 223
1120974.3.peg.2537.site.20, 4, 215, 219
1120974.3.peg.2537.site.21, 0, 215, 215
1120974.3.peg.2537.site.22, 154, 210, 364
1120974.3.peg.2537.site.23, 167, 212, 379
1120974.3.peg.2537.site.24, 136, 195, 331
1120974.3.peg.2537.site.25, 156, 202, 358
1120974.3.peg.2537.site.26, 196, 201, 397
1120974.3.peg.2537.site.27, 0, 212, 212
1120974.3.peg.2537.site.28, 155, 206, 361
1120974.3.peg.2537.site.29, 150, 202, 352
1120974.3.peg.2537.site.30, 1, 205, 206
1120974.3.peg.2537.site.31, 141, 192, 333
1120974.3.peg.2537.site.32, 56, 119, 175
1120974.3.peg.2537.site.33, 17, 120, 137
1120974.3.peg.2537.site.34, 80, 142, 222
1120974.3.peg.2537.site.35, 122, 172, 294
1120974.3.peg.2537.site.36, 7, 196, 203
1120974.3.peg.2537.site.37, 161, 212, 373
1120974.3.peg.2537.site.38, 38, 214, 252
1120974.3.peg.2537.site.39, 0, 215, 215
1120974.3.peg.2537.site.40, 10, 212, 222
1120974.3.peg.2537.site.41, 10, 212, 222
1120974.3.peg.2536.site.1, 0, 216, 216
1120974.3.peg.2536.site.2, 100, 210, 310
1120974.3.peg.2536.site.3, 1, 215, 216
1120974.3.peg.2536.site.4, 205, 214, 419
1120974.3.peg.2536.site.5, 210, 210, 420
1120974.3.peg.2536.site.6, 198, 198, 396
1120974.3.peg.2536.site.7, 182, 196, 378
1120974.3.peg.2536.site.8, 41, 180, 221
1120974.3.peg.2536.site.9, 39, 166, 205
1120974.3.peg.2536.site.10, 205, 214, 419
1120974.3.peg.2536.site.11, 134, 212, 346
1120974.3.peg.2536.site.12, 132, 212, 344
1120974.3.peg.2536.site.13, 2, 215, 217
1120974.3.peg.2536.site.14, 128, 206, 334
1120974.3.peg.2536.site.15, 2, 211, 213
1120974.3.peg.2536.site.16, 129, 207, 336
1120974.3.peg.2536.site.17, 120, 209, 329
1120974.3.peg.2536.site.18, 191, 212, 403
1120974.3.peg.2536.site.19, 191, 211, 402
1120974.3.peg.2536.site.20, 7, 164, 171
1120974.3.peg.2536.site.21, 7, 27, 34
1120974.3.peg.2536.site.22, 7, 84, 91
1120974.3.peg.2536.site.23, 4, 92, 96
1120974.3.peg.2536.site.24, 6, 163, 169
1120974.3.peg.2536.site.25, 6, 175, 181
1120974.3.peg.2536.site.26, 4, 178, 182
1120974.3.peg.2536.site.27, 2, 177, 179
1120974.3.peg.2536.site.28, 33, 57, 90
1120974.3.peg.2536.site.29, 5, 28, 33
1120974.3.peg.2536.site.30, 4, 26, 30
1120974.3.peg.2536.site.31, 79, 106, 185
1120974.3.peg.2536.site.32, 75, 97, 172
1120974.3.peg.2536.site.33, 102, 122, 224
1120974.3.peg.2536.site.34, 2, 169, 171
1120974.3.peg.2536.site.35, 183, 201, 384
1120974.3.peg.2536.site.36, 0, 209, 209
1120974.3.peg.2536.site.37, 42, 214, 256
1120974.3.peg.2536.site.38, 3, 214, 217
1120974.3.peg.2536.site.39, 4, 213, 217
1120974.3.peg.2536.site.40, 13, 213, 226
1120974.3.peg.2536.site.41, 4, 213, 217
1120974.3.peg.2536.site.42, 45, 212, 257
1120974.3.peg.2536.site.43, 1, 202, 203
1120974.3.peg.2536.site.44, 165, 183, 348
1120974.3.peg.2536.site.45, 156, 176, 332
1120974.3.peg.2536.site.46, 158, 173, 331
1120974.3.peg.2536.site.47, 5, 184, 189
1120974.3.peg.2536.site.48, 63, 119, 182
1120974.3.peg.2536.site.49, 39, 97, 136
1120974.3.peg.2536.site.50, 11, 64, 75
1120974.3.peg.2536.site.51, 0, 63, 63
1120974.3.peg.2536.site.52, 53, 53, 106
1120974.3.peg.2536.site.53, 1, 57, 58
1120974.3.peg.2536.site.54, 2, 57, 59
1120974.3.peg.2535.site.1, 3, 216, 219
1120974.3.peg.2535.site.2, 99, 209, 308
1120974.3.peg.2535.site.3, 197, 214, 411
1120974.3.peg.2535.site.4, 202, 214, 416
1120974.3.peg.2535.site.5, 0, 216, 216
1120974.3.peg.2535.site.6, 94, 212, 306
1120974.3.peg.2535.site.7, 9, 214, 223
1120974.3.peg.2535.site.8, 1, 215, 216
1120974.3.peg.3000.site.1, 1, 159, 160
1120974.3.peg.3000.site.2, 4, 114, 118
1120974.3.peg.3000.site.3, 10, 82, 92
1120974.3.peg.3000.site.4, 1, 76, 77
1120974.3.peg.3000.site.5, 0, 216, 216
1120974.3.peg.3000.site.6, 0, 215, 215
1120974.3.peg.3000.site.7, 197, 215, 412
1120974.3.peg.3000.site.8, 69, 210, 279
1120974.3.peg.3000.site.9, 216, 216, 432
1120974.3.peg.3000.site.10, 119, 208, 327
1120974.3.peg.3000.site.11, 0, 207, 207
1120974.3.peg.3000.site.12, 124, 204, 328
1120974.3.peg.3000.site.13, 0, 216, 216
1120974.3.peg.3000.site.14, 12, 214, 226
1120974.3.peg.3000.site.15, 1, 216, 217
1120974.3.peg.3000.site.16, 80, 210, 290
1120974.3.peg.3000.site.17, 1, 216, 217
1120974.3.peg.3000.site.18, 1, 215, 216
1120974.3.peg.3000.site.19, 66, 209, 275
1120974.3.peg.3000.site.20, 67, 210, 277
1120974.3.peg.3000.site.21, 121, 210, 331
1120974.3.peg.3000.site.22, 0, 213, 213
1120974.3.peg.3000.site.23, 84, 208, 292
1120974.3.peg.3000.site.24, 191, 213, 404
1120974.3.peg.3000.site.25, 193, 213, 406
1120974.3.peg.3000.site.26, 194, 213, 407
1120974.3.peg.3000.site.27, 1, 216, 217
1120974.3.peg.3000.site.28, 4, 215, 219
1120974.3.peg.3001.site.1, 0, 215, 215
1120974.3.peg.3001.site.2, 0, 213, 213
1120974.3.peg.3001.site.3, 198, 212, 410
1120974.3.peg.3001.site.4, 1, 215, 216
1120974.3.peg.3001.site.5, 14, 214, 228
1120974.3.peg.3001.site.6, 192, 213, 405
1120974.3.peg.3001.site.7, 192, 214, 406
1120974.3.peg.3001.site.8, 192, 212, 404
1120974.3.peg.3001.site.9, 192, 213, 405
1120974.3.peg.3001.site.10, 192, 213, 405
1120974.3.peg.3001.site.11, 193, 213, 406
1120974.3.peg.3001.site.12, 14, 213, 227
1120974.3.peg.3001.site.13, 192, 212, 404
1120974.3.peg.3001.site.14, 191, 212, 403
1120974.3.peg.3001.site.15, 192, 213, 405
1120974.3.peg.3001.site.16, 166, 185, 351
1120974.3.peg.3001.site.17, 57, 61, 118
1120974.3.peg.3001.site.18, 1, 44, 45
1120974.3.peg.3001.site.19, 5, 21, 26
1120974.3.peg.3001.site.20, 9, 18, 27
1120974.3.peg.3001.site.21, 8, 16, 24
1120974.3.peg.3001.site.22, 3, 17, 20
1120974.3.peg.3001.site.23, 2, 22, 24
1120974.3.peg.3001.site.24, 174, 193, 367
1120974.3.peg.3001.site.25, 0, 210, 210
1120974.3.peg.3001.site.26, 212, 214, 426
1120974.3.peg.3001.site.27, 1, 213, 214
1120974.3.peg.3001.site.28, 192, 212, 404
1120974.3.peg.3001.site.29, 70, 92, 162
1120974.3.peg.3001.site.30, 9, 31, 40
1120974.3.peg.3001.site.31, 8, 32, 40
1120974.3.peg.3001.site.32, 23, 45, 68
1120974.3.peg.3001.site.33, 191, 213, 404
1120974.3.peg.3001.site.34, 4, 216, 220
1120974.3.peg.3001.site.35, 4, 216, 220
1120974.3.peg.3001.site.36, 194, 213, 407
1120974.3.peg.3001.site.37, 156, 178, 334
1120974.3.peg.3001.site.38, 0, 205, 205
1120974.3.peg.3001.site.39, 191, 213, 404
1120974.3.peg.3001.site.40, 0, 215, 215
1120974.3.peg.3001.site.41, 0, 216, 216
1120974.3.peg.3001.site.42, 191, 212, 403
1120974.3.peg.3001.site.43, 9, 215, 224
1120974.3.peg.3001.site.44, 181, 204, 385
1120974.3.peg.3001.site.45, 5, 29, 34
1120974.3.peg.3001.site.46, 15, 24, 39
1120974.3.peg.3001.site.47, 6, 28, 34
1120974.3.peg.3001.site.48, 19, 43, 62
1120974.3.peg.3001.site.49, 17, 208, 225
1120974.3.peg.3001.site.50, 187, 211, 398
1120974.3.peg.3001.site.51, 0, 213, 213
1120974.3.peg.3001.site.52, 1, 215, 216
1120974.3.peg.3001.site.53, 0, 213, 213
1120974.3.peg.3001.site.54, 0, 205, 205
1120974.3.peg.3001.site.55, 135, 159, 294
1120974.3.peg.3001.site.56, 145, 169, 314
1120974.3.peg.3002.site.1, 20, 213, 233
1120974.3.peg.3002.site.2, 190, 213, 403
1120974.3.peg.3002.site.3, 191, 214, 405
1120974.3.peg.3002.site.4, 170, 193, 363
1120974.3.peg.3002.site.5, 1, 213, 214
1120974.3.peg.3002.site.6, 187, 210, 397
1120974.3.peg.3002.site.7, 189, 212, 401
1120974.3.peg.3002.site.8, 189, 212, 401
1120974.3.peg.3002.site.9, 186, 208, 394
1120974.3.peg.3002.site.10, 183, 206, 389
1120974.3.peg.3002.site.11, 19, 212, 231
1120974.3.peg.3002.site.12, 183, 206, 389
1120974.3.peg.3002.site.13, 186, 209, 395
1120974.3.peg.3002.site.14, 188, 211, 399
1120974.3.peg.3002.site.15, 189, 213, 402
1120974.3.peg.3002.site.16, 189, 213, 402
1120974.3.peg.3002.site.17, 13, 216, 229
1120974.3.peg.3002.site.18, 190, 214, 404
1120974.3.peg.3002.site.19, 5, 216, 221
1120974.3.peg.3002.site.20, 113, 212, 325
1120974.3.peg.3002.site.21, 5, 214, 219
1120974.3.peg.3002.site.22, 1, 215, 216
1120974.3.peg.3002.site.23, 0, 215, 215
1120974.3.peg.3002.site.24, 110, 208, 318
1120974.3.peg.3002.site.25, 1, 215, 216
1120974.3.peg.3002.site.26, 113, 212, 325
1120974.3.peg.3002.site.27, 1, 216, 217
1120974.3.peg.3002.site.28, 191, 214, 405
1120974.3.peg.3002.site.29, 8, 214, 222
1120974.3.peg.3002.site.30, 0, 214, 214
1120974.3.peg.3002.site.31, 64, 165, 229
1120974.3.peg.3002.site.32, 136, 160, 296
1120974.3.peg.3002.site.33, 152, 173, 325
1120974.3.peg.3002.site.34, 181, 188, 369
1120974.3.peg.3002.site.35, 140, 166, 306
1120974.3.peg.3002.site.36, 104, 129, 233
1120974.3.peg.3002.site.37, 77, 102, 179
1120974.3.peg.3002.site.38, 168, 191, 359
1120974.3.peg.3003.site.1, 1, 180, 181
1120974.3.peg.3003.site.2, 1, 163, 164
1120974.3.peg.3003.site.3, 19, 42, 61
1120974.3.peg.3003.site.4, 3, 26, 29
1120974.3.peg.3003.site.5, 17, 19, 36
1120974.3.peg.3003.site.6, 13, 63, 76
1120974.3.peg.3003.site.7, 184, 206, 390
1120974.3.peg.3003.site.8, 180, 201, 381
1120974.3.peg.3003.site.9, 190, 211, 401
1120974.3.peg.3003.site.10, 113, 208, 321
1120974.3.peg.3003.site.11, 73, 212, 285
1120974.3.peg.3003.site.12, 74, 212, 286
1120974.3.peg.3003.site.13, 112, 207, 319
1120974.3.peg.3003.site.14, 2, 166, 168
1120974.3.peg.3003.site.15, 116, 141, 257
1120974.3.peg.3003.site.16, 5, 30, 35
1120974.3.peg.3003.site.17, 2, 27, 29
1120974.3.peg.3003.site.18, 5, 26, 31
1120974.3.peg.3003.site.19, 11, 25, 36
1120974.3.peg.3005.site.1, 43, 178, 221
1120974.3.peg.3005.site.2, 24, 195, 219
1120974.3.peg.3005.site.3, 59, 84, 143
1120974.3.peg.3005.site.4, 7, 34, 41
1120974.3.peg.3005.site.5, 4, 32, 36
1120974.3.peg.3005.site.6, 24, 48, 72
1120974.3.peg.3005.site.7, 13, 65, 78
1120974.3.peg.3005.site.8, 12, 37, 49
1120974.3.peg.3005.site.9, 2, 33, 35
1120974.3.peg.3005.site.10, 8, 34, 42
1120974.3.peg.3005.site.11, 0, 27, 27
1120974.3.peg.3005.site.12, 6, 31, 37
1120974.3.peg.3005.site.13, 7, 31, 38
1120974.3.peg.3005.site.14, 11, 35, 46
1120974.3.peg.3005.site.15, 4, 36, 40
1120974.3.peg.3005.site.16, 4, 28, 32
1120974.3.peg.3005.site.17, 3, 27, 30
1120974.3.peg.3005.site.18, 2, 26, 28
1120974.3.peg.3005.site.19, 26, 50, 76
1120974.3.peg.3005.site.20, 33, 58, 91
1120974.3.peg.3005.site.21, 59, 83, 142
1120974.3.peg.3005.site.22, 173, 197, 370
1120974.3.peg.3005.site.23, 185, 208, 393
1120974.3.peg.3005.site.24, 10, 214, 224
1120974.3.peg.3005.site.25, 188, 211, 399
1120974.3.peg.3005.site.26, 187, 210, 397
1120974.3.peg.3005.site.27, 100, 198, 298
1120974.3.peg.3005.site.28, 181, 202, 383
1120974.3.peg.3005.site.29, 4, 210, 214
1120974.3.peg.3005.site.30, 185, 209, 394
1120974.3.peg.3005.site.31, 3, 204, 207
1120974.3.peg.3005.site.32, 172, 196, 368
1120974.3.peg.3005.site.33, 2, 37, 39
1120974.3.peg.3005.site.34, 7, 36, 43
1120974.3.peg.3005.site.35, 0, 36, 36
1120974.3.peg.3005.site.36, 2, 48, 50
1120974.3.peg.3005.site.37, 21, 47, 68
1120974.3.peg.3005.site.38, 136, 162, 298
1120974.3.peg.3005.site.39, 180, 206, 386
1120974.3.peg.3005.site.40, 2, 216, 218
1120974.3.peg.3005.site.41, 11, 214, 225
1120974.3.peg.3005.site.42, 0, 213, 213
1120974.3.peg.3005.site.43, 0, 152, 152
1120974.3.peg.3005.site.44, 0, 92, 92
1120974.3.peg.3005.site.45, 8, 34, 42
1120974.3.peg.3005.site.46, 4, 30, 34
1120974.3.peg.3006.site.1, 155, 180, 335
1120974.3.peg.3006.site.2, 8, 216, 224
1120974.3.peg.3006.site.3, 191, 213, 404
1120974.3.peg.3006.site.4, 197, 215, 412
1120974.3.peg.3006.site.5, 152, 209, 361
1120974.3.peg.3006.site.6, 144, 199, 343
1120974.3.peg.3006.site.7, 142, 197, 339
1120974.3.peg.3006.site.8, 142, 196, 338
1120974.3.peg.3006.site.9, 4, 210, 214
1120974.3.peg.3006.site.10, 155, 209, 364
1120974.3.peg.3006.site.11, 35, 213, 248
1120974.3.peg.3006.site.12, 160, 213, 373
1120974.3.peg.3006.site.13, 159, 212, 371
1120974.3.peg.3006.site.14, 157, 211, 368
1120974.3.peg.3006.site.15, 2, 216, 218
1120974.3.peg.3006.site.16, 4, 215, 219
1120974.3.peg.3006.site.17, 197, 214, 411
1120974.3.peg.3006.site.18, 164, 212, 376
1120974.3.peg.3006.site.19, 151, 205, 356
1120974.3.peg.3006.site.20, 4, 213, 217
1120974.3.peg.3006.site.21, 155, 210, 365
1120974.3.peg.3006.site.22, 154, 209, 363
1120974.3.peg.3006.site.23, 153, 208, 361
1120974.3.peg.3006.site.24, 1, 212, 213
1120974.3.peg.3006.site.25, 173, 209, 382
1120974.3.peg.3006.site.26, 174, 210, 384
1120974.3.peg.3006.site.27, 0, 203, 203
1120974.3.peg.3006.site.28, 6, 58, 64
1120974.3.peg.3006.site.29, 2, 55, 57
1120974.3.peg.3006.site.30, 2, 55, 57
1120974.3.peg.3006.site.31, 6, 59, 65
1120974.3.peg.3006.site.32, 27, 79, 106
1120974.3.peg.3006.site.33, 62, 143, 205
1120974.3.peg.3006.site.34, 131, 164, 295
1120974.3.peg.3006.site.35, 130, 162, 292
1120974.3.peg.3006.site.36, 121, 156, 277
1120974.3.peg.3006.site.37, 4, 149, 153
1120974.3.peg.3006.site.38, 111, 139, 250
1120974.3.peg.3006.site.39, 123, 156, 279
1120974.3.peg.3006.site.40, 119, 151, 270
1120974.3.peg.3006.site.41, 125, 156, 281
1120974.3.peg.3006.site.42, 3, 179, 182
1120974.3.peg.3006.site.43, 62, 102, 164
1120974.3.peg.3006.site.44, 49, 89, 138
1120974.3.peg.3006.site.45, 58, 98, 156
1120974.3.peg.3006.site.46, 49, 87, 136
1120974.3.peg.3006.site.47, 54, 92, 146
1120974.3.peg.3006.site.48, 148, 150, 298
1120974.3.peg.3006.site.49, 165, 201, 366
1120974.3.peg.3006.site.50, 178, 212, 390
1120974.3.peg.3006.site.51, 179, 212, 391
1120974.3.peg.3006.site.52, 178, 212, 390
1120974.3.peg.3006.site.53, 179, 214, 393
1120974.3.peg.3006.site.54, 176, 210, 386
1120974.3.peg.3006.site.55, 187, 213, 400
1120974.3.peg.3007.site.1, 32, 68, 100
1120974.3.peg.3007.site.2, 32, 69, 101
1120974.3.peg.3007.site.3, 190, 206, 396
1120974.3.peg.3007.site.4, 166, 200, 366
1120974.3.peg.3007.site.5, 106, 141, 247
1120974.3.peg.3007.site.6, 13, 47, 60
1120974.3.peg.3007.site.7, 12, 46, 58
1120974.3.peg.3007.site.8, 21, 54, 75
1120974.3.peg.3007.site.9, 90, 112, 202
1120974.3.peg.3007.site.10, 171, 202, 373
1120974.3.peg.3007.site.11, 32, 211, 243
1120974.3.peg.3007.site.12, 0, 215, 215
1120974.3.peg.3007.site.13, 9, 216, 225
1120974.3.peg.3007.site.14, 12, 214, 226
1120974.3.peg.3007.site.15, 140, 208, 348
1120974.3.peg.3007.site.16, 151, 207, 358
1120974.3.peg.3007.site.17, 140, 207, 347
1120974.3.peg.3007.site.18, 0, 214, 214
1120974.3.peg.3007.site.19, 0, 215, 215
1120974.3.peg.3007.site.20, 0, 215, 215
1120974.3.peg.3007.site.21, 142, 208, 350
1120974.3.peg.3007.site.22, 146, 211, 357
1120974.3.peg.3007.site.23, 146, 210, 356
1120974.3.peg.3007.site.24, 145, 209, 354
1120974.3.peg.3007.site.25, 2, 215, 217
1120974.3.peg.3007.site.26, 147, 210, 357
1120974.3.peg.3007.site.27, 3, 212, 215
1120974.3.peg.3007.site.28, 0, 149, 149
1120974.3.peg.3007.site.29, 25, 91, 116
1120974.3.peg.3007.site.30, 24, 93, 117
1120974.3.peg.3007.site.31, 115, 178, 293
1120974.3.peg.3008.site.1, 72, 139, 211
1120974.3.peg.3008.site.2, 116, 184, 300
1120974.3.peg.3008.site.3, 144, 208, 352
1120974.3.peg.3008.site.4, 167, 204, 371
1120974.3.peg.3008.site.5, 23, 61, 84
1120974.3.peg.3008.site.6, 0, 74, 74
1120974.3.peg.3008.site.7, 5, 213, 218
1120974.3.peg.3008.site.8, 9, 214, 223
1120974.3.peg.3008.site.9, 0, 216, 216
1120974.3.peg.3008.site.10, 0, 216, 216
1120974.3.peg.3008.site.11, 0, 216, 216
1120974.3.peg.3008.site.12, 0, 216, 216
1120974.3.peg.3008.site.13, 0, 214, 214
1120974.3.peg.3008.site.14, 6, 216, 222
1120974.3.peg.3008.site.15, 19, 213, 232
1120974.3.peg.3008.site.16, 120, 206, 326
1120974.3.peg.3008.site.17, 124, 211, 335
1120974.3.peg.3008.site.18, 3, 216, 219
1120974.3.peg.3008.site.19, 0, 214, 214
1120974.3.peg.3008.site.20, 0, 215, 215
1120974.3.peg.3009.site.1, 154, 210, 364
1120974.3.peg.3009.site.2, 4, 215, 219
1120974.3.peg.3009.site.3, 1, 210, 211
1120974.3.peg.3009.site.4, 1, 210, 211
1120974.3.peg.3009.site.5, 1, 211, 212
1120974.3.peg.3009.site.6, 1, 212, 213
1120974.3.peg.3009.site.7, 181, 208, 389
1120974.3.peg.3009.site.8, 24, 201, 225
1120974.3.peg.3009.site.9, 27, 196, 223
1120974.3.peg.3009.site.10, 24, 200, 224
1120974.3.peg.3009.site.11, 27, 202, 229
1120974.3.peg.3009.site.12, 179, 207, 386
1120974.3.peg.3009.site.13, 2, 206, 208
1120974.3.peg.3009.site.14, 8, 214, 222
1120974.3.peg.3009.site.15, 0, 215, 215
1120974.3.peg.3009.site.16, 0, 215, 215
1120974.3.peg.3009.site.17, 0, 215, 215
1120974.3.peg.3009.site.18, 1, 216, 217
1120974.3.peg.3009.site.19, 0, 214, 214
1120974.3.peg.3009.site.20, 0, 216, 216
1120974.3.peg.3009.site.21, 3, 216, 219
1120974.3.peg.3009.site.22, 0, 214, 214
1120974.3.peg.3009.site.23, 190, 213, 403
1120974.3.peg.3009.site.24, 12, 214, 226
1120974.3.peg.3009.site.25, 188, 213, 401
1120974.3.peg.3009.site.26, 188, 214, 402
1120974.3.peg.3009.site.27, 188, 214, 402
1120974.3.peg.3009.site.28, 188, 214, 402
1120974.3.peg.3009.site.29, 0, 216, 216
1120974.3.peg.3009.site.30, 16, 214, 230
1120974.3.peg.3009.site.31, 24, 211, 235
1120974.3.peg.2241.site.1, 39, 209, 248
1120974.3.peg.2241.site.2, 17, 206, 223
1120974.3.peg.2241.site.3, 10, 209, 219
1120974.3.peg.2241.site.4, 27, 209, 236
1120974.3.peg.2241.site.5, 10, 210, 220
1120974.3.peg.2241.site.6, 1, 208, 209
1120974.3.peg.2241.site.7, 8, 204, 212
1120974.3.peg.2241.site.8, 0, 209, 209
1120974.3.peg.2241.site.9, 24, 205, 229
1120974.3.peg.2241.site.10, 8, 209, 217
1120974.3.peg.2241.site.11, 3, 208, 211
1120974.3.peg.2241.site.12, 0, 209, 209
1120974.3.peg.2241.site.13, 1, 208, 209
1120974.3.peg.2240.site.1, 21, 207, 228
1120974.3.peg.2240.site.2, 49, 209, 258
1120974.3.peg.2240.site.3, 209, 209, 418
1120974.3.peg.2240.site.4, 0, 209, 209
1120974.3.peg.2240.site.5, 166, 207, 373
1120974.3.peg.2240.site.6, 187, 208, 395
1120974.3.peg.2240.site.7, 11, 210, 221
1120974.3.peg.2240.site.8, 36, 208, 244
1120974.3.peg.2240.site.9, 45, 205, 250
1120974.3.peg.2240.site.10, 172, 207, 379
1120974.3.peg.2240.site.11, 3, 208, 211
1120974.3.peg.2240.site.12, 3, 206, 209
1120974.3.peg.2240.site.13, 1, 207, 208
1120974.3.peg.2240.site.14, 19, 205, 224
1120974.3.peg.2240.site.15, 202, 208, 410
1120974.3.peg.2240.site.16, 1, 209, 210
1120974.3.peg.2240.site.17, 19, 205, 224
1120974.3.peg.2240.site.18, 19, 207, 226
1120974.3.peg.2240.site.19, 42, 208, 250
1120974.3.peg.2240.site.20, 18, 205, 223
1120974.3.peg.2240.site.21, 0, 206, 206
1120974.3.peg.2240.site.22, 0, 209, 209
1120974.3.peg.393.site.1, 43, 213, 256
1120974.3.peg.393.site.2, 0, 212, 212
1120974.3.peg.393.site.3, 48, 211, 259
1120974.3.peg.393.site.4, 209, 211, 420
1120974.3.peg.393.site.5, 49, 211, 260
1120974.3.peg.393.site.6, 4, 200, 204
1120974.3.peg.393.site.7, 1, 180, 181
1120974.3.peg.393.site.8, 124, 142, 266
1120974.3.peg.393.site.9, 94, 112, 206
1120974.3.peg.393.site.10, 1, 43, 44
1120974.3.peg.393.site.11, 7, 25, 32
1120974.3.peg.393.site.12, 12, 18, 30
1120974.3.peg.393.site.13, 4, 19, 23
1120974.3.peg.393.site.14, 1, 19, 20
1120974.3.peg.3312.site.1, 7, 28, 35
1120974.3.peg.3312.site.2, 6, 27, 33
1120974.3.peg.3312.site.3, 8, 27, 35
1120974.3.peg.3312.site.4, 15, 27, 42
1120974.3.peg.3312.site.5, 2, 28, 30
1120974.3.peg.3312.site.6, 7, 28, 35
1120974.3.peg.3312.site.7, 3, 29, 32
1120974.3.peg.3312.site.8, 3, 29, 32
1120974.3.peg.3312.site.9, 4, 27, 31
1120974.3.peg.3312.site.10, 7, 27, 34
1120974.3.peg.3312.site.11, 4, 44, 48
1120974.3.peg.3312.site.12, 24, 44, 68
1120974.3.peg.3312.site.13, 4, 156, 160
1120974.3.peg.3312.site.14, 177, 198, 375
1120974.3.peg.3312.site.15, 5, 200, 205
1120974.3.peg.3312.site.16, 7, 198, 205
1120974.3.peg.3312.site.17, 5, 189, 194
1120974.3.peg.3312.site.18, 44, 46, 90
1120974.3.peg.3312.site.19, 22, 44, 66
1120974.3.peg.3312.site.20, 46, 68, 114
1120974.3.peg.3312.site.21, 81, 102, 183
1120974.3.peg.3312.site.22, 0, 198, 198
1120974.3.peg.3312.site.23, 1, 209, 210
1120974.3.peg.3312.site.24, 5, 211, 216
1120974.3.peg.3312.site.25, 180, 204, 384
1120974.3.peg.3312.site.26, 176, 198, 374
1120974.3.peg.3312.site.27, 190, 203, 393
1120974.3.peg.3312.site.28, 2, 208, 210
1120974.3.peg.3312.site.29, 2, 210, 212
1120974.3.peg.3312.site.30, 2, 211, 213
1120974.3.peg.3313.site.1, 0, 207, 207
1120974.3.peg.3313.site.2, 59, 207, 266
1120974.3.peg.3313.site.3, 57, 208, 265
1120974.3.peg.3313.site.4, 6, 151, 157
1120974.3.peg.3313.site.5, 28, 169, 197
1120974.3.peg.3313.site.6, 35, 164, 199
1120974.3.peg.3313.site.7, 0, 189, 189
1120974.3.peg.3313.site.8, 126, 133, 259
1120974.3.peg.3313.site.9, 19, 43, 62
1120974.3.peg.3313.site.10, 5, 24, 29
1120974.3.peg.3313.site.11, 26, 27, 53
1120974.3.peg.3313.site.12, 5, 26, 31
1120974.3.peg.3313.site.13, 47, 59, 106
1120974.3.peg.3313.site.14, 168, 175, 343
1120974.3.peg.3313.site.15, 0, 214, 214
1120974.3.peg.3313.site.16, 8, 214, 222
1120974.3.peg.2710.site.1, 7, 210, 217
1120974.3.peg.2710.site.2, 8, 212, 220
1120974.3.peg.2710.site.3, 3, 215, 218
1120974.3.peg.2710.site.4, 8, 214, 222
1120974.3.peg.2710.site.5, 26, 214, 240
1120974.3.peg.2710.site.6, 1, 216, 217
1120974.3.peg.2710.site.7, 12, 213, 225
1120974.3.peg.2710.site.8, 1, 208, 209
1120974.3.peg.2710.site.9, 1, 207, 208
1120974.3.peg.2710.site.10, 11, 210, 221
1120974.3.peg.2710.site.11, 2, 216, 218
1120974.3.peg.2710.site.12, 9, 214, 223
1120974.3.peg.2710.site.13, 7, 215, 222
1120974.3.peg.2710.site.14, 7, 214, 221
1120974.3.peg.2494.site.1, 3, 84, 87
1120974.3.peg.2494.site.2, 21, 105, 126
1120974.3.peg.2494.site.3, 41, 207, 248
1120974.3.peg.2494.site.4, 95, 158, 253
1120974.3.peg.2494.site.5, 42, 104, 146
1120974.3.peg.2494.site.6, 29, 92, 121
1120974.3.peg.2494.site.7, 4, 111, 115
1120974.3.peg.2494.site.8, 4, 214, 218
1120974.3.peg.2494.site.9, 104, 212, 316
1120974.3.peg.2494.site.10, 139, 196, 335
1120974.3.peg.2494.site.11, 0, 204, 204
1120974.3.peg.2494.site.12, 3, 201, 204
1120974.3.peg.2494.site.13, 38, 205, 243
1120974.3.peg.2494.site.14, 144, 206, 350
1120974.3.peg.2494.site.15, 47, 213, 260
1120974.3.peg.2494.site.16, 6, 212, 218
1120974.3.peg.2494.site.17, 0, 215, 215
1120974.3.peg.2494.site.18, 137, 211, 348
1120974.3.peg.2494.site.19, 136, 204, 340
1120974.3.peg.2494.site.20, 40, 201, 241
1120974.3.peg.2494.site.21, 35, 177, 212
1120974.3.peg.2494.site.22, 4, 157, 161
1120974.3.peg.2494.site.23, 48, 78, 126
1120974.3.peg.2494.site.24, 1, 177, 178
1120974.3.peg.2494.site.25, 38, 205, 243
1120974.3.peg.2494.site.26, 0, 210, 210
1120974.3.peg.2494.site.27, 12, 214, 226
1120974.3.peg.2494.site.28, 37, 215, 252
1120974.3.peg.2494.site.29, 1, 216, 217
1120974.3.peg.2494.site.30, 43, 214, 257
1120974.3.peg.2494.site.31, 4, 215, 219
1120974.3.peg.2494.site.32, 146, 213, 359
1120974.3.peg.2494.site.33, 144, 211, 355
1120974.3.peg.2494.site.34, 143, 210, 353
1120974.3.peg.2494.site.35, 0, 215, 215
1120974.3.peg.2494.site.36, 2, 214, 216
1120974.3.peg.2494.site.37, 2, 211, 213
1120974.3.peg.2494.site.38, 2, 167, 169
1120974.3.peg.2494.site.39, 15, 43, 58
1120974.3.peg.2494.site.40, 13, 42, 55
1120974.3.peg.2494.site.41, 31, 60, 91
1120974.3.peg.2494.site.42, 36, 63, 99
1120974.3.peg.2494.site.43, 52, 78, 130
1120974.3.peg.2494.site.44, 19, 94, 113
1120974.3.peg.2494.site.45, 184, 205, 389
1120974.3.peg.2494.site.46, 0, 213, 213
1120974.3.peg.2494.site.47, 0, 215, 215
1120974.3.peg.2494.site.48, 154, 212, 366
1120974.3.peg.2495.site.1, 2, 216, 218
1120974.3.peg.2495.site.2, 0, 214, 214
1120974.3.peg.2495.site.3, 2, 186, 188
1120974.3.peg.2495.site.4, 0, 193, 193
1120974.3.peg.2495.site.5, 16, 203, 219
1120974.3.peg.2495.site.6, 2, 214, 216
1120974.3.peg.2495.site.7, 2, 212, 214
1120974.3.peg.2495.site.8, 1, 211, 212
1120974.3.peg.2495.site.9, 106, 167, 273
1120974.3.peg.2495.site.10, 91, 104, 195
1120974.3.peg.2495.site.11, 12, 37, 49
1120974.3.peg.2496.site.1, 0, 201, 201
1120974.3.peg.2496.site.2, 0, 211, 211
1120974.3.peg.2496.site.3, 4, 215, 219
1120974.3.peg.2496.site.4, 216, 216, 432
1120974.3.peg.2496.site.5, 188, 213, 401
1120974.3.peg.2496.site.6, 189, 210, 399
1120974.3.peg.2496.site.7, 10, 211, 221
1120974.3.peg.2496.site.8, 15, 208, 223
1120974.3.peg.2496.site.9, 189, 211, 400
1120974.3.peg.2496.site.10, 0, 203, 203
1120974.3.peg.2496.site.11, 194, 194, 388
1120974.3.peg.2496.site.12, 161, 179, 340
1120974.3.peg.2496.site.13, 4, 181, 185
1120974.3.peg.2496.site.14, 4, 176, 180
1120974.3.peg.2496.site.15, 0, 146, 146
1120974.3.peg.2496.site.16, 36, 62, 98
1120974.3.peg.2496.site.17, 26, 51, 77
1120974.3.peg.2496.site.18, 11, 36, 47
1120974.3.peg.2496.site.19, 15, 54, 69
1120974.3.peg.2496.site.20, 137, 163, 300
1120974.3.peg.2496.site.21, 4, 192, 196
1120974.3.peg.2496.site.22, 128, 211, 339
1120974.3.peg.2496.site.23, 205, 214, 419
1120974.3.peg.2496.site.24, 3, 211, 214
1120974.3.peg.2496.site.25, 173, 197, 370
1120974.3.peg.2496.site.26, 1, 194, 195
1120974.3.peg.2496.site.27, 165, 189, 354
1120974.3.peg.2496.site.28, 165, 190, 355
1120974.3.peg.2496.site.29, 94, 205, 299
1120974.3.peg.2496.site.30, 0, 212, 212
1120974.3.peg.2496.site.31, 1, 209, 210
1120974.3.peg.2496.site.32, 20, 165, 185
1120974.3.peg.2496.site.33, 0, 216, 216
1120974.3.peg.2496.site.34, 0, 214, 214
1120974.3.peg.2496.site.35, 0, 216, 216
1120974.3.peg.2496.site.36, 5, 216, 221
1120974.3.peg.2490.site.1, 197, 216, 413
1120974.3.peg.2490.site.2, 99, 208, 307
1120974.3.peg.2490.site.3, 71, 204, 275
1120974.3.peg.2490.site.4, 0, 202, 202
1120974.3.peg.2490.site.5, 4, 201, 205
1120974.3.peg.2490.site.6, 0, 193, 193
1120974.3.peg.2490.site.7, 1, 201, 202
1120974.3.peg.2490.site.8, 0, 198, 198
1120974.3.peg.2490.site.9, 22, 190, 212
1120974.3.peg.2490.site.10, 0, 189, 189
1120974.3.peg.2490.site.11, 38, 190, 228
1120974.3.peg.2490.site.12, 1, 200, 201
1120974.3.peg.2490.site.13, 12, 205, 217
1120974.3.peg.2490.site.14, 4, 216, 220
1120974.3.peg.2490.site.15, 4, 216, 220
1120974.3.peg.2490.site.16, 1, 215, 216
1120974.3.peg.2490.site.17, 29, 216, 245
1120974.3.peg.2490.site.18, 36, 210, 246
1120974.3.peg.2490.site.19, 18, 212, 230
1120974.3.peg.2490.site.20, 12, 212, 224
1120974.3.peg.2490.site.21, 32, 211, 243
1120974.3.peg.2490.site.22, 4, 207, 211
1120974.3.peg.2490.site.23, 1, 201, 202
1120974.3.peg.2490.site.24, 39, 191, 230
1120974.3.peg.2490.site.25, 39, 181, 220
1120974.3.peg.2490.site.26, 17, 123, 140
1120974.3.peg.2490.site.27, 2, 119, 121
1120974.3.peg.2490.site.28, 64, 116, 180
1120974.3.peg.2490.site.29, 0, 209, 209
1120974.3.peg.2490.site.30, 18, 138, 156
1120974.3.peg.2490.site.31, 1, 131, 132
1120974.3.peg.2490.site.32, 3, 111, 114
1120974.3.peg.2490.site.33, 1, 112, 113
1120974.3.peg.2490.site.34, 32, 141, 173
1120974.3.peg.2932.site.1, 0, 212, 212
1120974.3.peg.2932.site.2, 0, 214, 214
1120974.3.peg.2932.site.3, 2, 215, 217
1120974.3.peg.2932.site.4, 111, 206, 317
1120974.3.peg.2932.site.5, 14, 212, 226
1120974.3.peg.2932.site.6, 185, 202, 387
1120974.3.peg.2932.site.7, 2, 205, 207
1120974.3.peg.2932.site.8, 2, 215, 217
1120974.3.peg.2932.site.9, 2, 214, 216
1120974.3.peg.2932.site.10, 108, 209, 317
1120974.3.peg.2932.site.11, 2, 214, 216
1120974.3.peg.2932.site.12, 116, 209, 325
1120974.3.peg.2932.site.13, 102, 211, 313
1120974.3.peg.2932.site.14, 2, 215, 217
1120974.3.peg.2932.site.15, 186, 211, 397
1120974.3.peg.2931.site.1, 213, 214, 427
1120974.3.peg.2931.site.2, 168, 213, 381
1120974.3.peg.2931.site.3, 2, 216, 218
1120974.3.peg.2931.site.4, 2, 216, 218
1120974.3.peg.2931.site.5, 0, 215, 215
1120974.3.peg.2931.site.6, 4, 211, 215
1120974.3.peg.2931.site.7, 4, 214, 218
1120974.3.peg.2931.site.8, 2, 214, 216
1120974.3.peg.2931.site.9, 42, 215, 257
1120974.3.peg.2931.site.10, 126, 207, 333
1120974.3.peg.2931.site.11, 127, 208, 335
1120974.3.peg.2931.site.12, 1, 213, 214
1120974.3.peg.2931.site.13, 3, 214, 217
1120974.3.peg.2931.site.14, 1, 216, 217
1120974.3.peg.2931.site.15, 2, 213, 215
1120974.3.peg.2931.site.16, 2, 211, 213
1120974.3.peg.2931.site.17, 4, 212, 216
1120974.3.peg.2931.site.18, 0, 213, 213
1120974.3.peg.2931.site.19, 11, 215, 226
1120974.3.peg.2931.site.20, 0, 216, 216
1120974.3.peg.2931.site.21, 104, 210, 314
1120974.3.peg.2931.site.22, 0, 213, 213
1120974.3.peg.2931.site.23, 107, 209, 316
1120974.3.peg.2931.site.24, 85, 181, 266
1120974.3.peg.2931.site.25, 155, 176, 331
1120974.3.peg.2931.site.26, 118, 212, 330
1120974.3.peg.2931.site.27, 66, 211, 277
1120974.3.peg.2931.site.28, 3, 215, 218
1120974.3.peg.2931.site.29, 111, 212, 323
1120974.3.peg.2931.site.30, 11, 214, 225
1120974.3.peg.2931.site.31, 178, 203, 381
1120974.3.peg.2931.site.32, 192, 208, 400
1120974.3.peg.2931.site.33, 12, 213, 225
1120974.3.peg.2931.site.34, 112, 212, 324
1120974.3.peg.2931.site.35, 2, 213, 215
1120974.3.peg.2931.site.36, 10, 213, 223
1120974.3.peg.1136.site.1, 12, 39, 51
1120974.3.peg.1136.site.2, 4, 51, 55
1120974.3.peg.1136.site.3, 8, 209, 217
1120974.3.peg.1136.site.4, 186, 203, 389
1120974.3.peg.1136.site.5, 8, 210, 218
1120974.3.peg.1136.site.6, 192, 209, 401
1120974.3.peg.1136.site.7, 9, 159, 168
1120974.3.peg.1136.site.8, 5, 163, 168
1120974.3.peg.1136.site.9, 0, 165, 165
1120974.3.peg.1136.site.10, 153, 168, 321
1120974.3.peg.1136.site.11, 17, 173, 190
1120974.3.peg.1136.site.12, 0, 215, 215
1120974.3.peg.1136.site.13, 8, 211, 219
1120974.3.peg.1136.site.14, 0, 174, 174
1120974.3.peg.1136.site.15, 42, 82, 124
1120974.3.peg.2930.site.1, 164, 214, 378
1120974.3.peg.2930.site.2, 4, 215, 219
1120974.3.peg.2930.site.3, 45, 213, 258
1120974.3.peg.2930.site.4, 0, 214, 214
1120974.3.peg.2930.site.5, 215, 216, 431
1120974.3.peg.2930.site.6, 4, 215, 219
1120974.3.peg.1421.site.1, 185, 213, 398
1120974.3.peg.1421.site.2, 2, 215, 217
1120974.3.peg.1421.site.3, 184, 215, 399
1120974.3.peg.1421.site.4, 1, 215, 216
1120974.3.peg.1421.site.5, 0, 216, 216
1120974.3.peg.1421.site.6, 183, 209, 392
1120974.3.peg.1421.site.7, 0, 216, 216
1120974.3.peg.1421.site.8, 2, 213, 215
1120974.3.peg.1421.site.9, 12, 211, 223
1120974.3.peg.1421.site.10, 182, 211, 393
1120974.3.peg.1421.site.11, 12, 209, 221
1120974.3.peg.1421.site.12, 183, 211, 394
1120974.3.peg.1421.site.13, 0, 215, 215
1120974.3.peg.1421.site.14, 11, 216, 227
1120974.3.peg.1421.site.15, 118, 206, 324
1120974.3.peg.1421.site.16, 184, 213, 397
1120974.3.peg.1421.site.17, 63, 211, 274
1120974.3.peg.1421.site.18, 1, 215, 216
1120974.3.peg.1421.site.19, 3, 216, 219
1120974.3.peg.1131.site.1, 0, 204, 204
1120974.3.peg.1131.site.2, 2, 186, 188
1120974.3.peg.1131.site.3, 3, 189, 192
1120974.3.peg.1131.site.4, 29, 203, 232
1120974.3.peg.1131.site.5, 21, 204, 225
1120974.3.peg.1131.site.6, 206, 206, 412
1120974.3.peg.1131.site.7, 0, 210, 210
1120974.3.peg.1131.site.8, 40, 213, 253
1120974.3.peg.1131.site.9, 40, 211, 251
1120974.3.peg.1131.site.10, 155, 211, 366
1120974.3.peg.1131.site.11, 37, 213, 250
1120974.3.peg.1131.site.12, 211, 213, 424
1120974.3.peg.1131.site.13, 0, 213, 213
1120974.3.peg.1131.site.14, 38, 213, 251
1120974.3.peg.1131.site.15, 36, 209, 245
1120974.3.peg.1131.site.16, 208, 210, 418
1120974.3.peg.1131.site.17, 151, 208, 359
1120974.3.peg.1131.site.18, 33, 211, 244
1120974.3.peg.1131.site.19, 4, 214, 218
1120974.3.peg.1131.site.20, 0, 214, 214
1120974.3.peg.1131.site.21, 0, 214, 214
1120974.3.peg.1131.site.22, 0, 214, 214
1120974.3.peg.1131.site.23, 0, 211, 211
1120974.3.peg.1131.site.24, 1, 213, 214
1120974.3.peg.549.site.1, 1, 213, 214
1120974.3.peg.549.site.2, 187, 210, 397
1120974.3.peg.549.site.3, 4, 208, 212
1120974.3.peg.549.site.4, 170, 196, 366
1120974.3.peg.549.site.5, 5, 211, 216
1120974.3.peg.549.site.6, 174, 211, 385
1120974.3.peg.549.site.7, 15, 212, 227
1120974.3.peg.549.site.8, 170, 205, 375
1120974.3.peg.549.site.9, 41, 71, 112
1120974.3.peg.549.site.10, 0, 80, 80
1120974.3.peg.549.site.11, 54, 85, 139
1120974.3.peg.549.site.12, 0, 82, 82
1120974.3.peg.549.site.13, 69, 89, 158
1120974.3.peg.549.site.14, 0, 146, 146
1120974.3.peg.549.site.15, 4, 106, 110
1120974.3.peg.549.site.16, 91, 122, 213
1120974.3.peg.549.site.17, 0, 164, 164
1120974.3.peg.549.site.18, 10, 171, 181
1120974.3.peg.549.site.19, 9, 185, 194
1120974.3.peg.549.site.20, 183, 183, 366
1120974.3.peg.549.site.21, 190, 190, 380
1120974.3.peg.549.site.22, 4, 215, 219
1120974.3.peg.549.site.23, 193, 215, 408
1120974.3.peg.548.site.1, 157, 209, 366
1120974.3.peg.548.site.2, 49, 211, 260
1120974.3.peg.548.site.3, 3, 213, 216
1120974.3.peg.548.site.4, 11, 214, 225
1120974.3.peg.548.site.5, 157, 211, 368
1120974.3.peg.548.site.6, 1, 215, 216
1120974.3.peg.548.site.7, 1, 214, 215
1120974.3.peg.548.site.8, 162, 212, 374
1120974.3.peg.548.site.9, 2, 216, 218
1120974.3.peg.548.site.10, 4, 216, 220
1120974.3.peg.548.site.11, 1, 215, 216
1120974.3.peg.548.site.12, 158, 212, 370
1120974.3.peg.548.site.13, 216, 216, 432
1120974.3.peg.548.site.14, 0, 213, 213
1120974.3.peg.548.site.15, 0, 213, 213
1120974.3.peg.548.site.16, 0, 214, 214
1120974.3.peg.548.site.17, 4, 214, 218
1120974.3.peg.548.site.18, 17, 213, 230
1120974.3.peg.548.site.19, 13, 210, 223
1120974.3.peg.548.site.20, 173, 206, 379
1120974.3.peg.548.site.21, 166, 205, 371
1120974.3.peg.548.site.22, 153, 207, 360
1120974.3.peg.548.site.23, 168, 213, 381
1120974.3.peg.548.site.24, 31, 212, 243
1120974.3.peg.548.site.25, 0, 215, 215
1120974.3.peg.548.site.26, 176, 212, 388
1120974.3.peg.548.site.27, 188, 213, 401
1120974.3.peg.548.site.28, 161, 191, 352
1120974.3.peg.548.site.29, 0, 193, 193
1120974.3.peg.548.site.30, 206, 207, 413
1120974.3.peg.545.site.1, 0, 209, 209
1120974.3.peg.545.site.2, 0, 214, 214
1120974.3.peg.545.site.3, 160, 209, 369
1120974.3.peg.545.site.4, 30, 215, 245
1120974.3.peg.546.site.1, 45, 122, 167
1120974.3.peg.546.site.2, 67, 76, 143
1120974.3.peg.546.site.3, 24, 75, 99
1120974.3.peg.546.site.4, 36, 88, 124
1120974.3.peg.546.site.5, 25, 78, 103
1120974.3.peg.1316.site.1, 0, 212, 212
1120974.3.peg.1316.site.2, 42, 213, 255
1120974.3.peg.1316.site.3, 42, 213, 255
1120974.3.peg.1316.site.4, 0, 215, 215
1120974.3.peg.1316.site.5, 3, 215, 218
1120974.3.peg.1316.site.6, 163, 208, 371
1120974.3.peg.1316.site.7, 3, 213, 216
1120974.3.peg.1317.site.1, 152, 176, 328
1120974.3.peg.1317.site.2, 153, 177, 330
1120974.3.peg.1317.site.3, 122, 174, 296
1120974.3.peg.1317.site.4, 132, 182, 314
1120974.3.peg.1317.site.5, 1, 192, 193
1120974.3.peg.1317.site.6, 152, 203, 355
1120974.3.peg.1317.site.7, 134, 185, 319
1120974.3.peg.1317.site.8, 129, 180, 309
1120974.3.peg.1317.site.9, 104, 157, 261
1120974.3.peg.1317.site.10, 156, 203, 359
1120974.3.peg.1317.site.11, 160, 209, 369
1120974.3.peg.1317.site.12, 1, 216, 217
1120974.3.peg.1317.site.13, 191, 213, 404
1120974.3.peg.1317.site.14, 187, 205, 392
1120974.3.peg.1317.site.15, 197, 212, 409
1120974.3.peg.1317.site.16, 2, 212, 214
1120974.3.peg.1317.site.17, 1, 216, 217
1120974.3.peg.1317.site.18, 195, 211, 406
1120974.3.peg.1317.site.19, 192, 212, 404
1120974.3.peg.1317.site.20, 212, 212, 424
1120974.3.peg.1317.site.21, 202, 213, 415
1120974.3.peg.1317.site.22, 4, 214, 218
1120974.3.peg.1317.site.23, 194, 213, 407
1120974.3.peg.1317.site.24, 0, 215, 215
1120974.3.peg.1317.site.25, 201, 214, 415
1120974.3.peg.1317.site.26, 5, 211, 216
1120974.3.peg.1317.site.27, 7, 210, 217
1120974.3.peg.1317.site.28, 9, 214, 223
1120974.3.peg.1317.site.29, 182, 200, 382
1120974.3.peg.1317.site.30, 1, 206, 207
1120974.3.peg.1317.site.31, 88, 105, 193
1120974.3.peg.1317.site.32, 37, 58, 95
1120974.3.peg.1317.site.33, 57, 76, 133
1120974.3.peg.1317.site.34, 71, 90, 161
1120974.3.peg.1317.site.35, 73, 93, 166
1120974.3.peg.1317.site.36, 116, 134, 250
1120974.3.peg.1317.site.37, 1, 191, 192
1120974.3.peg.1317.site.38, 1, 210, 211
1120974.3.peg.1317.site.39, 0, 212, 212
1120974.3.peg.1317.site.40, 0, 205, 205
1120974.3.peg.1317.site.41, 4, 188, 192
1120974.3.peg.1317.site.42, 139, 153, 292
1120974.3.peg.1317.site.43, 21, 40, 61
1120974.3.peg.1317.site.44, 0, 47, 47
1120974.3.peg.1317.site.45, 29, 48, 77
1120974.3.peg.1317.site.46, 25, 46, 71
1120974.3.peg.1314.site.1, 1, 216, 217
1120974.3.peg.1314.site.2, 10, 214, 224
1120974.3.peg.1314.site.3, 214, 214, 428
1120974.3.peg.1314.site.4, 0, 210, 210
1120974.3.peg.1314.site.5, 27, 206, 233
1120974.3.peg.1314.site.6, 176, 187, 363
1120974.3.peg.1314.site.7, 166, 178, 344
1120974.3.peg.1314.site.8, 176, 176, 352
1120974.3.peg.1314.site.9, 14, 176, 190
1120974.3.peg.1314.site.10, 4, 213, 217
1120974.3.peg.1314.site.11, 214, 214, 428
1120974.3.peg.1314.site.12, 163, 163, 326
1120974.3.peg.1314.site.13, 181, 181, 362
1120974.3.peg.1314.site.14, 1, 183, 184
1120974.3.peg.1314.site.15, 216, 216, 432
1120974.3.peg.1314.site.16, 216, 216, 432
1120974.3.peg.1314.site.17, 3, 216, 219
1120974.3.peg.1314.site.18, 12, 213, 225
1120974.3.peg.1314.site.19, 4, 216, 220
1120974.3.peg.1314.site.20, 216, 216, 432
1120974.3.peg.1314.site.21, 18, 216, 234
1120974.3.peg.1314.site.22, 38, 214, 252
1120974.3.peg.1314.site.23, 3, 216, 219
1120974.3.peg.1314.site.24, 161, 212, 373
1120974.3.peg.1314.site.25, 161, 212, 373
1120974.3.peg.1314.site.26, 4, 216, 220
1120974.3.peg.1314.site.27, 19, 210, 229
1120974.3.peg.1314.site.28, 162, 162, 324
1120974.3.peg.1314.site.29, 77, 77, 154
1120974.3.peg.1314.site.30, 40, 64, 104
1120974.3.peg.1314.site.31, 18, 40, 58
1120974.3.peg.1314.site.32, 117, 117, 234
1120974.3.peg.1314.site.33, 32, 207, 239
1120974.3.peg.1314.site.34, 1, 205, 206
1120974.3.peg.1314.site.35, 144, 180, 324
1120974.3.peg.1314.site.36, 160, 183, 343
1120974.3.peg.1314.site.37, 154, 193, 347
1120974.3.peg.1314.site.38, 175, 214, 389
1120974.3.peg.1314.site.39, 176, 213, 389
1120974.3.peg.1314.site.40, 177, 215, 392
1120974.3.peg.1314.site.41, 4, 216, 220
1120974.3.peg.1314.site.42, 40, 215, 255
1120974.3.peg.1314.site.43, 40, 215, 255
1120974.3.peg.1314.site.44, 7, 216, 223
1120974.3.peg.1314.site.45, 216, 216, 432
1120974.3.peg.1314.site.46, 0, 216, 216
1120974.3.peg.1314.site.47, 202, 214, 416
1120974.3.peg.1314.site.48, 15, 214, 229
1120974.3.peg.1314.site.49, 10, 216, 226
1120974.3.peg.1314.site.50, 212, 213, 425
1120974.3.peg.1314.site.51, 184, 213, 397
1120974.3.peg.1314.site.52, 0, 216, 216
1120974.3.peg.1314.site.53, 8, 216, 224
1120974.3.peg.1314.site.54, 6, 215, 221
1120974.3.peg.1314.site.55, 6, 213, 219
1120974.3.peg.1314.site.56, 169, 213, 382
1120974.3.peg.1314.site.57, 6, 216, 222
1120974.3.peg.1314.site.58, 6, 216, 222
1120974.3.peg.1314.site.59, 6, 216, 222
1120974.3.peg.1314.site.60, 6, 216, 222
1120974.3.peg.1314.site.61, 0, 215, 215
1120974.3.peg.1314.site.62, 6, 216, 222
1120974.3.peg.1314.site.63, 49, 213, 262
1120974.3.peg.1314.site.64, 0, 216, 216
1120974.3.peg.1314.site.65, 148, 211, 359
1120974.3.peg.1314.site.66, 0, 216, 216
1120974.3.peg.1314.site.67, 6, 216, 222
1120974.3.peg.1314.site.68, 0, 214, 214
1120974.3.peg.1314.site.69, 5, 212, 217
1120974.3.peg.1314.site.70, 0, 213, 213
1120974.3.peg.1314.site.71, 5, 213, 218
1120974.3.peg.1314.site.72, 6, 215, 221
1120974.3.peg.1314.site.73, 0, 215, 215
1120974.3.peg.1315.site.1, 0, 216, 216
1120974.3.peg.1315.site.2, 6, 213, 219
1120974.3.peg.1315.site.3, 33, 205, 238
1120974.3.peg.1315.site.4, 4, 216, 220
1120974.3.peg.1315.site.5, 40, 214, 254
1120974.3.peg.1315.site.6, 0, 216, 216
1120974.3.peg.1315.site.7, 140, 212, 352
1120974.3.peg.1315.site.8, 39, 213, 252
1120974.3.peg.1315.site.9, 38, 210, 248
1120974.3.peg.1315.site.10, 1, 212, 213
1120974.3.peg.1315.site.11, 209, 216, 425
1120974.3.peg.1315.site.12, 39, 212, 251
1120974.3.peg.1315.site.13, 147, 203, 350
1120974.3.peg.1315.site.14, 0, 210, 210
1120974.3.peg.1315.site.15, 39, 213, 252
1120974.3.peg.1315.site.16, 91, 211, 302
1120974.3.peg.1315.site.17, 0, 214, 214
1120974.3.peg.1315.site.18, 4, 168, 172
1120974.3.peg.1312.site.1, 42, 200, 242
1120974.3.peg.1312.site.2, 0, 175, 175
1120974.3.peg.1312.site.3, 109, 178, 287
1120974.3.peg.1312.site.4, 167, 198, 365
1120974.3.peg.1312.site.5, 0, 121, 121
1120974.3.peg.1312.site.6, 10, 82, 92
1120974.3.peg.1312.site.7, 12, 85, 97
1120974.3.peg.1312.site.8, 1, 197, 198
1120974.3.peg.1312.site.9, 1, 215, 216
1120974.3.peg.1312.site.10, 1, 214, 215
1120974.3.peg.1312.site.11, 170, 211, 381
1120974.3.peg.1312.site.12, 1, 212, 213
1120974.3.peg.1312.site.13, 161, 208, 369
1120974.3.peg.1312.site.14, 2, 215, 217
1120974.3.peg.1312.site.15, 207, 215, 422
1120974.3.peg.1312.site.16, 0, 215, 215
1120974.3.peg.1312.site.17, 20, 211, 231
1120974.3.peg.1312.site.18, 168, 211, 379
1120974.3.peg.1312.site.19, 0, 215, 215
1120974.3.peg.1312.site.20, 0, 216, 216
1120974.3.peg.1312.site.21, 6, 212, 218
1120974.3.peg.1312.site.22, 0, 214, 214
1120974.3.peg.1312.site.23, 2, 215, 217
1120974.3.peg.1312.site.24, 3, 216, 219
1120974.3.peg.1312.site.25, 0, 215, 215
1120974.3.peg.1312.site.26, 8, 209, 217
1120974.3.peg.1312.site.27, 5, 208, 213
1120974.3.peg.1312.site.28, 9, 213, 222
1120974.3.peg.1312.site.29, 160, 209, 369
1120974.3.peg.1312.site.30, 62, 212, 274
1120974.3.peg.1312.site.31, 56, 213, 269
1120974.3.peg.1312.site.32, 39, 214, 253
1120974.3.peg.1312.site.33, 124, 210, 334
1120974.3.peg.1312.site.34, 12, 212, 224
1120974.3.peg.1312.site.35, 211, 211, 422
1120974.3.peg.1312.site.36, 14, 205, 219
1120974.3.peg.1312.site.37, 23, 198, 221
1120974.3.peg.1312.site.38, 1, 186, 187
1120974.3.peg.1312.site.39, 104, 179, 283
1120974.3.peg.1312.site.40, 31, 158, 189
1120974.3.peg.1312.site.41, 4, 177, 181
1120974.3.peg.1312.site.42, 0, 189, 189
1120974.3.peg.1312.site.43, 7, 199, 206
1120974.3.peg.1312.site.44, 29, 208, 237
1120974.3.peg.1312.site.45, 2, 204, 206
1120974.3.peg.1312.site.46, 0, 202, 202
1120974.3.peg.1312.site.47, 3, 129, 132
1120974.3.peg.1312.site.48, 3, 164, 167
1120974.3.peg.1312.site.49, 32, 167, 199
1120974.3.peg.1312.site.50, 0, 210, 210
1120974.3.peg.1312.site.51, 1, 216, 217
1120974.3.peg.1312.site.52, 0, 215, 215
1120974.3.peg.1312.site.53, 7, 215, 222
1120974.3.peg.1312.site.54, 5, 215, 220
1120974.3.peg.1312.site.55, 201, 215, 416
1120974.3.peg.1312.site.56, 201, 214, 415
1120974.3.peg.1312.site.57, 1, 214, 215
1120974.3.peg.1312.site.58, 130, 212, 342
1120974.3.peg.1313.site.1, 43, 196, 239
1120974.3.peg.1313.site.2, 166, 202, 368
1120974.3.peg.1313.site.3, 8, 199, 207
1120974.3.peg.1313.site.4, 152, 192, 344
1120974.3.peg.1313.site.5, 10, 207, 217
1120974.3.peg.1313.site.6, 9, 192, 201
1120974.3.peg.1313.site.7, 41, 192, 233
1120974.3.peg.1313.site.8, 9, 212, 221
1120974.3.peg.1313.site.9, 127, 212, 339
1120974.3.peg.1313.site.10, 128, 211, 339
1120974.3.peg.1313.site.11, 2, 215, 217
1120974.3.peg.1313.site.12, 185, 213, 398
1120974.3.peg.1313.site.13, 2, 214, 216
1120974.3.peg.1313.site.14, 66, 213, 279
1120974.3.peg.1313.site.15, 9, 213, 222
1120974.3.peg.1313.site.16, 1, 96, 97
1120974.3.peg.1313.site.17, 43, 84, 127
1120974.3.peg.1313.site.18, 130, 213, 343
1120974.3.peg.1313.site.19, 131, 214, 345
1120974.3.peg.1313.site.20, 213, 213, 426
1120974.3.peg.1313.site.21, 178, 212, 390
1120974.3.peg.1313.site.22, 46, 214, 260
1120974.3.peg.1313.site.23, 174, 212, 386
1120974.3.peg.1313.site.24, 14, 215, 229
1120974.3.peg.1313.site.25, 215, 215, 430
1120974.3.peg.1313.site.26, 143, 212, 355
1120974.3.peg.1313.site.27, 0, 216, 216
1120974.3.peg.1313.site.28, 33, 208, 241
1120974.3.peg.1313.site.29, 127, 208, 335
1120974.3.peg.1313.site.30, 110, 110, 220
1120974.3.peg.1313.site.31, 101, 101, 202
1120974.3.peg.1313.site.32, 61, 61, 122
1120974.3.peg.1313.site.33, 1, 195, 196
1120974.3.peg.1313.site.34, 11, 207, 218
1120974.3.peg.1313.site.35, 21, 198, 219
1120974.3.peg.1313.site.36, 173, 210, 383
1120974.3.peg.1313.site.37, 179, 213, 392
1120974.3.peg.1313.site.38, 69, 209, 278
1120974.3.peg.1313.site.39, 0, 211, 211
1120974.3.peg.1313.site.40, 2, 212, 214
1120974.3.peg.1313.site.41, 0, 212, 212
1120974.3.peg.1313.site.42, 149, 149, 298
1120974.3.peg.1313.site.43, 28, 64, 92
1120974.3.peg.1313.site.44, 201, 201, 402
1120974.3.peg.1310.site.1, 208, 213, 421
1120974.3.peg.1310.site.2, 170, 207, 377
1120974.3.peg.1310.site.3, 174, 212, 386
1120974.3.peg.1310.site.4, 9, 211, 220
1120974.3.peg.1310.site.5, 166, 206, 372
1120974.3.peg.1310.site.6, 25, 201, 226
1120974.3.peg.1310.site.7, 163, 203, 366
1120974.3.peg.1310.site.8, 5, 205, 210
1120974.3.peg.1310.site.9, 63, 201, 264
1120974.3.peg.1310.site.10, 98, 207, 305
1120974.3.peg.1310.site.11, 32, 213, 245
1120974.3.peg.1310.site.12, 32, 215, 247
1120974.3.peg.1310.site.13, 96, 209, 305
1120974.3.peg.1310.site.14, 203, 213, 416
1120974.3.peg.1310.site.15, 1, 214, 215
1120974.3.peg.1310.site.16, 1, 215, 216
1120974.3.peg.1310.site.17, 67, 211, 278
1120974.3.peg.1310.site.18, 0, 215, 215
1120974.3.peg.1310.site.19, 1, 213, 214
1120974.3.peg.1310.site.20, 81, 209, 290
1120974.3.peg.1310.site.21, 48, 213, 261
1120974.3.peg.1310.site.22, 32, 215, 247
1120974.3.peg.1310.site.23, 130, 212, 342
1120974.3.peg.1310.site.24, 0, 216, 216
1120974.3.peg.1310.site.25, 4, 216, 220
1120974.3.peg.1310.site.26, 2, 214, 216
1120974.3.peg.1310.site.27, 169, 213, 382
1120974.3.peg.1310.site.28, 11, 182, 193
1120974.3.peg.1310.site.29, 4, 166, 170
1120974.3.peg.1310.site.30, 0, 163, 163
1120974.3.peg.1310.site.31, 17, 181, 198
1120974.3.peg.1310.site.32, 9, 116, 125
1120974.3.peg.1310.site.33, 2, 105, 107
1120974.3.peg.1310.site.34, 45, 49, 94
1120974.3.peg.1310.site.35, 33, 79, 112
1120974.3.peg.1310.site.36, 0, 103, 103
1120974.3.peg.1310.site.37, 37, 206, 243
1120974.3.peg.1310.site.38, 32, 207, 239
1120974.3.peg.1310.site.39, 43, 208, 251
1120974.3.peg.1310.site.40, 35, 211, 246
1120974.3.peg.1310.site.41, 37, 212, 249
1120974.3.peg.1311.site.1, 39, 210, 249
1120974.3.peg.1311.site.2, 153, 200, 353
1120974.3.peg.1311.site.3, 105, 190, 295
1120974.3.peg.1311.site.4, 100, 184, 284
1120974.3.peg.1311.site.5, 89, 175, 264
1120974.3.peg.1311.site.6, 99, 146, 245
1120974.3.peg.1311.site.7, 29, 156, 185
1120974.3.peg.1311.site.8, 34, 157, 191
1120974.3.peg.1311.site.9, 1, 157, 158
1120974.3.peg.1311.site.10, 158, 204, 362
1120974.3.peg.1311.site.11, 1, 216, 217
1120974.3.peg.1311.site.12, 0, 214, 214
1120974.3.peg.1311.site.13, 138, 211, 349
1120974.3.peg.1311.site.14, 37, 210, 247
1120974.3.peg.1311.site.15, 4, 206, 210
1120974.3.peg.1311.site.16, 19, 191, 210
1120974.3.peg.1311.site.17, 22, 196, 218
1120974.3.peg.1311.site.18, 0, 183, 183
1120974.3.peg.1311.site.19, 24, 143, 167
1120974.3.peg.1311.site.20, 4, 202, 206
1120974.3.peg.1311.site.21, 0, 215, 215
1120974.3.peg.1311.site.22, 129, 210, 339
1120974.3.peg.1311.site.23, 0, 215, 215
1120974.3.peg.1311.site.24, 0, 212, 212
1120974.3.peg.1311.site.25, 1, 212, 213
1120974.3.peg.1311.site.26, 0, 206, 206
1120974.3.peg.1311.site.27, 0, 205, 205
1120974.3.peg.1311.site.28, 160, 206, 366
1120974.3.peg.1311.site.29, 0, 206, 206
1120974.3.peg.1311.site.30, 192, 209, 401
1120974.3.peg.1311.site.31, 167, 212, 379
1120974.3.peg.1311.site.32, 174, 213, 387
1120974.3.peg.1311.site.33, 39, 209, 248
1120974.3.peg.1311.site.34, 0, 214, 214
1120974.3.peg.1311.site.35, 4, 214, 218
1120974.3.peg.1311.site.36, 0, 210, 210
1120974.3.peg.1220.site.1, 177, 211, 388
1120974.3.peg.1220.site.2, 0, 215, 215
1120974.3.peg.1220.site.3, 8, 216, 224
1120974.3.peg.1958.site.1, 146, 205, 351
1120974.3.peg.1958.site.2, 0, 211, 211
1120974.3.peg.1958.site.3, 32, 209, 241
1120974.3.peg.1958.site.4, 59, 206, 265
1120974.3.peg.1958.site.5, 147, 208, 355
1120974.3.peg.1958.site.6, 4, 211, 215
1120974.3.peg.1958.site.7, 9, 211, 220
1120974.3.peg.1958.site.8, 26, 129, 155
1120974.3.peg.1958.site.9, 14, 118, 132
1120974.3.peg.1958.site.10, 97, 136, 233
1120974.3.peg.1958.site.11, 28, 145, 173
1120974.3.peg.1958.site.12, 0, 185, 185
1120974.3.peg.1958.site.13, 65, 171, 236
1120974.3.peg.1958.site.14, 176, 176, 352
1120974.3.peg.1958.site.15, 6, 177, 183
1120974.3.peg.1958.site.16, 25, 192, 217
1120974.3.peg.1958.site.17, 74, 190, 264
1120974.3.peg.1958.site.18, 36, 198, 234
1120974.3.peg.1958.site.19, 79, 196, 275
1120974.3.peg.1958.site.20, 84, 201, 285
1120974.3.peg.1958.site.21, 54, 208, 262
1120974.3.peg.1958.site.22, 55, 209, 264
1120974.3.peg.1958.site.23, 7, 209, 216
1120974.3.peg.1958.site.24, 23, 207, 230
1120974.3.peg.1959.site.1, 0, 211, 211
1120974.3.peg.1959.site.2, 44, 205, 249
1120974.3.peg.1959.site.3, 54, 210, 264
1120974.3.peg.1959.site.4, 155, 206, 361
1120974.3.peg.1959.site.5, 148, 198, 346
1120974.3.peg.1959.site.6, 142, 192, 334
1120974.3.peg.1959.site.7, 45, 200, 245
1120974.3.peg.1959.site.8, 0, 209, 209
1120974.3.peg.1959.site.9, 60, 209, 269
1120974.3.peg.1959.site.10, 60, 209, 269
1120974.3.peg.1959.site.11, 63, 207, 270
1120974.3.peg.1959.site.12, 4, 210, 214
1120974.3.peg.1959.site.13, 211, 211, 422
1120974.3.peg.1959.site.14, 11, 210, 221
1120974.3.peg.1959.site.15, 93, 204, 297
1120974.3.peg.1959.site.16, 204, 208, 412
1120974.3.peg.1959.site.17, 17, 208, 225
1120974.3.peg.1959.site.18, 4, 208, 212
1120974.3.peg.1959.site.19, 8, 210, 218
1120974.3.peg.1959.site.20, 95, 206, 301
1120974.3.peg.1959.site.21, 4, 210, 214
1120974.3.peg.1959.site.22, 0, 197, 197
1120974.3.peg.1959.site.23, 70, 173, 243
1120974.3.peg.1959.site.24, 57, 173, 230
1120974.3.peg.1959.site.25, 81, 180, 261
1120974.3.peg.1959.site.26, 59, 148, 207
1120974.3.peg.1959.site.27, 18, 151, 169
1120974.3.peg.1959.site.28, 3, 123, 126
1120974.3.peg.1959.site.29, 1, 120, 121
1120974.3.peg.1959.site.30, 0, 134, 134
1120974.3.peg.1959.site.31, 124, 144, 268
1120974.3.peg.1959.site.32, 0, 186, 186
1120974.3.peg.1959.site.33, 11, 184, 195
1120974.3.peg.1959.site.34, 124, 167, 291
1120974.3.peg.1959.site.35, 157, 161, 318
1120974.3.peg.1959.site.36, 135, 154, 289
1120974.3.peg.1959.site.37, 144, 169, 313
1120974.3.peg.1959.site.38, 2, 207, 209
1120974.3.peg.1959.site.39, 2, 206, 208
1120974.3.peg.1959.site.40, 149, 193, 342
1120974.3.peg.1959.site.41, 2, 192, 194
1120974.3.peg.1959.site.42, 137, 177, 314
1120974.3.peg.1959.site.43, 124, 169, 293
1120974.3.peg.1959.site.44, 134, 156, 290
1120974.3.peg.1959.site.45, 115, 157, 272
1120974.3.peg.1959.site.46, 175, 206, 381
1120974.3.peg.1959.site.47, 0, 207, 207
1120974.3.peg.1959.site.48, 7, 207, 214
1120974.3.peg.1959.site.49, 1, 211, 212
1120974.3.peg.1959.site.50, 201, 210, 411
1120974.3.peg.1959.site.51, 0, 210, 210
1120974.3.peg.1959.site.52, 4, 211, 215
1120974.3.peg.1959.site.53, 85, 204, 289
1120974.3.peg.1959.site.54, 96, 204, 300
1120974.3.peg.1959.site.55, 95, 205, 300
1120974.3.peg.1959.site.56, 211, 211, 422
1120974.3.peg.1959.site.57, 49, 136, 185
1120974.3.peg.1959.site.58, 33, 132, 165
1120974.3.peg.1959.site.59, 28, 131, 159
1120974.3.peg.1959.site.60, 41, 136, 177
1120974.3.peg.1959.site.61, 13, 206, 219
1120974.3.peg.1959.site.62, 93, 193, 286
1120974.3.peg.1959.site.63, 0, 202, 202
1120974.3.peg.1959.site.64, 81, 201, 282
1120974.3.peg.1959.site.65, 4, 213, 217
1120974.3.peg.1959.site.66, 0, 210, 210
1120974.3.peg.1959.site.67, 90, 210, 300
1120974.3.peg.1959.site.68, 115, 209, 324
1120974.3.peg.1959.site.69, 0, 209, 209
1120974.3.peg.1959.site.70, 0, 212, 212
1120974.3.peg.1959.site.71, 13, 211, 224
1120974.3.peg.1959.site.72, 0, 202, 202
1120974.3.peg.1959.site.73, 3, 189, 192
1120974.3.peg.1959.site.74, 190, 209, 399
1120974.3.peg.1959.site.75, 0, 136, 136
1120974.3.peg.1959.site.76, 1, 178, 179
1120974.3.peg.1959.site.77, 0, 144, 144
1120974.3.peg.1959.site.78, 54, 137, 191
1120974.3.peg.1959.site.79, 4, 23, 27
1120974.3.peg.1959.site.80, 9, 22, 31
1120974.3.peg.1959.site.81, 4, 21, 25
1120974.3.peg.1959.site.82, 1, 18, 19
1120974.3.peg.1959.site.83, 9, 17, 26
1120974.3.peg.1959.site.84, 3, 17, 20
1120974.3.peg.1959.site.85, 2, 20, 22
1120974.3.peg.1959.site.86, 3, 18, 21
1120974.3.peg.1959.site.87, 5, 17, 22
1120974.3.peg.1959.site.88, 6, 18, 24
1120974.3.peg.1959.site.89, 1, 17, 18
1120974.3.peg.1959.site.90, 4, 22, 26
1120974.3.peg.1959.site.91, 21, 21, 42
1120974.3.peg.1959.site.92, 20, 198, 218
1120974.3.peg.1959.site.93, 19, 204, 223
1120974.3.peg.1959.site.94, 0, 212, 212
1120974.3.peg.1959.site.95, 212, 212, 424
1120974.3.peg.1959.site.96, 213, 213, 426
1120974.3.peg.1954.site.1, 1, 200, 201
1120974.3.peg.1954.site.2, 13, 200, 213
1120974.3.peg.1954.site.3, 4, 207, 211
1120974.3.peg.1954.site.4, 4, 209, 213
1120974.3.peg.1954.site.5, 203, 204, 407
1120974.3.peg.1954.site.6, 172, 201, 373
1120974.3.peg.1954.site.7, 0, 203, 203
1120974.3.peg.1954.site.8, 4, 208, 212
1120974.3.peg.1954.site.9, 208, 208, 416
1120974.3.peg.1954.site.10, 117, 141, 258
1120974.3.peg.1954.site.11, 3, 201, 204
1120974.3.peg.1954.site.12, 114, 202, 316
1120974.3.peg.1954.site.13, 205, 208, 413
1120974.3.peg.1954.site.14, 84, 203, 287
1120974.3.peg.1954.site.15, 0, 209, 209
1120974.3.peg.1954.site.16, 79, 203, 282
1120974.3.peg.1954.site.17, 183, 208, 391
1120974.3.peg.1954.site.18, 11, 208, 219
1120974.3.peg.1954.site.19, 4, 209, 213
1120974.3.peg.1954.site.20, 4, 209, 213
1120974.3.peg.1954.site.21, 2, 206, 208
1120974.3.peg.1954.site.22, 2, 205, 207
1120974.3.peg.1954.site.23, 184, 202, 386
1120974.3.peg.1954.site.24, 173, 203, 376
1120974.3.peg.1954.site.25, 174, 203, 377
1120974.3.peg.1954.site.26, 5, 204, 209
1120974.3.peg.1954.site.27, 2, 201, 203
1120974.3.peg.1954.site.28, 0, 207, 207
1120974.3.peg.1954.site.29, 4, 207, 211
1120974.3.peg.1954.site.30, 3, 205, 208
1120974.3.peg.1954.site.31, 194, 204, 398
1120974.3.peg.1954.site.32, 187, 204, 391
1120974.3.peg.1954.site.33, 2, 204, 206
1120974.3.peg.1954.site.34, 17, 202, 219
1120974.3.peg.1954.site.35, 6, 203, 209
1120974.3.peg.1954.site.36, 4, 196, 200
1120974.3.peg.1954.site.37, 10, 194, 204
1120974.3.peg.1954.site.38, 158, 198, 356
1120974.3.peg.1954.site.39, 6, 203, 209
1120974.3.peg.1954.site.40, 17, 202, 219
1120974.3.peg.1954.site.41, 2, 207, 209
1120974.3.peg.1954.site.42, 3, 208, 211
1120974.3.peg.1955.site.1, 21, 210, 231
1120974.3.peg.1955.site.2, 1, 210, 211
1120974.3.peg.1955.site.3, 12, 210, 222
1120974.3.peg.1955.site.4, 11, 210, 221
1120974.3.peg.1955.site.5, 0, 212, 212
1120974.3.peg.1955.site.6, 0, 210, 210
1120974.3.peg.1955.site.7, 18, 209, 227
1120974.3.peg.1955.site.8, 6, 211, 217
1120974.3.peg.1955.site.9, 4, 208, 212
1120974.3.peg.1955.site.10, 1, 210, 211
1120974.3.peg.1955.site.11, 175, 207, 382
1120974.3.peg.1955.site.12, 15, 209, 224
1120974.3.peg.1955.site.13, 14, 210, 224
1120974.3.peg.1955.site.14, 0, 210, 210
1120974.3.peg.1955.site.15, 188, 208, 396
1120974.3.peg.1955.site.16, 4, 210, 214
1120974.3.peg.1955.site.17, 192, 211, 403
1120974.3.peg.1955.site.18, 2, 210, 212
1120974.3.peg.1955.site.19, 172, 209, 381
1120974.3.peg.1955.site.20, 0, 207, 207
1120974.3.peg.1955.site.21, 172, 206, 378
1120974.3.peg.1955.site.22, 2, 210, 212
1120974.3.peg.1955.site.23, 0, 208, 208
1120974.3.peg.1955.site.24, 6, 208, 214
1120974.3.peg.1955.site.25, 178, 208, 386
1120974.3.peg.1955.site.26, 2, 210, 212
1120974.3.peg.1956.site.1, 0, 209, 209
1120974.3.peg.1956.site.2, 178, 209, 387
1120974.3.peg.1956.site.3, 5, 207, 212
1120974.3.peg.1956.site.4, 0, 209, 209
1120974.3.peg.1956.site.5, 0, 208, 208
1120974.3.peg.1956.site.6, 0, 208, 208
1120974.3.peg.1956.site.7, 4, 205, 209
1120974.3.peg.1956.site.8, 0, 205, 205
1120974.3.peg.1956.site.9, 2, 206, 208
1120974.3.peg.1956.site.10, 194, 204, 398
1120974.3.peg.1956.site.11, 0, 205, 205
1120974.3.peg.1956.site.12, 164, 206, 370
1120974.3.peg.1956.site.13, 1, 206, 207
1120974.3.peg.1956.site.14, 0, 207, 207
1120974.3.peg.1956.site.15, 0, 206, 206
1120974.3.peg.1956.site.16, 0, 197, 197
1120974.3.peg.1956.site.17, 4, 199, 203
1120974.3.peg.1956.site.18, 0, 202, 202
1120974.3.peg.1956.site.19, 0, 204, 204
1120974.3.peg.1956.site.20, 0, 205, 205
1120974.3.peg.1956.site.21, 5, 206, 211
1120974.3.peg.1956.site.22, 31, 206, 237
1120974.3.peg.1956.site.23, 2, 207, 209
1120974.3.peg.1956.site.24, 0, 208, 208
1120974.3.peg.1956.site.25, 38, 207, 245
1120974.3.peg.1956.site.26, 20, 207, 227
1120974.3.peg.1956.site.27, 3, 207, 210
1120974.3.peg.1956.site.28, 2, 206, 208
1120974.3.peg.1956.site.29, 172, 204, 376
1120974.3.peg.1956.site.30, 0, 208, 208
1120974.3.peg.1956.site.31, 0, 205, 205
1120974.3.peg.1956.site.32, 0, 209, 209
1120974.3.peg.1956.site.33, 2, 207, 209
1120974.3.peg.1956.site.34, 4, 209, 213
1120974.3.peg.1956.site.35, 18, 209, 227
1120974.3.peg.1956.site.36, 5, 206, 211
1120974.3.peg.1956.site.37, 5, 207, 212
1120974.3.peg.1956.site.38, 0, 210, 210
1120974.3.peg.1956.site.39, 5, 207, 212
1120974.3.peg.1956.site.40, 5, 207, 212
1120974.3.peg.1956.site.41, 0, 209, 209
1120974.3.peg.1956.site.42, 0, 207, 207
1120974.3.peg.1956.site.43, 8, 207, 215
1120974.3.peg.1956.site.44, 146, 207, 353
1120974.3.peg.1956.site.45, 7, 206, 213
1120974.3.peg.1956.site.46, 1, 209, 210
1120974.3.peg.1956.site.47, 2, 209, 211
1120974.3.peg.1956.site.48, 62, 201, 263
1120974.3.peg.1956.site.49, 64, 202, 266
1120974.3.peg.1956.site.50, 123, 206, 329
1120974.3.peg.1956.site.51, 89, 208, 297
1120974.3.peg.1956.site.52, 34, 207, 241
1120974.3.peg.1956.site.53, 73, 203, 276
1120974.3.peg.1956.site.54, 74, 206, 280
1120974.3.peg.1956.site.55, 0, 211, 211
1120974.3.peg.1956.site.56, 0, 205, 205
1120974.3.peg.1956.site.57, 118, 182, 300
1120974.3.peg.1956.site.58, 111, 176, 287
1120974.3.peg.1956.site.59, 71, 135, 206
1120974.3.peg.1956.site.60, 4, 159, 163
1120974.3.peg.1956.site.61, 1, 196, 197
1120974.3.peg.1956.site.62, 161, 189, 350
1120974.3.peg.1956.site.63, 5, 204, 209
1120974.3.peg.1956.site.64, 179, 204, 383
1120974.3.peg.1956.site.65, 28, 211, 239
1120974.3.peg.1956.site.66, 1, 211, 212
1120974.3.peg.1956.site.67, 5, 210, 215
1120974.3.peg.1956.site.68, 5, 209, 214
1120974.3.peg.1956.site.69, 0, 204, 204
1120974.3.peg.1956.site.70, 3, 196, 199
1120974.3.peg.1956.site.71, 0, 207, 207
1120974.3.peg.1956.site.72, 2, 178, 180
1120974.3.peg.1956.site.73, 130, 172, 302
1120974.3.peg.1956.site.74, 4, 195, 199
1120974.3.peg.1956.site.75, 151, 202, 353
1120974.3.peg.1956.site.76, 153, 204, 357
1120974.3.peg.1956.site.77, 0, 210, 210
1120974.3.peg.1956.site.78, 156, 209, 365
1120974.3.peg.1950.site.1, 35, 153, 188
1120974.3.peg.1950.site.2, 9, 138, 147
1120974.3.peg.1950.site.3, 94, 144, 238
1120974.3.peg.1950.site.4, 3, 193, 196
1120974.3.peg.1950.site.5, 202, 207, 409
1120974.3.peg.1950.site.6, 1, 207, 208
1120974.3.peg.1950.site.7, 39, 202, 241
1120974.3.peg.1950.site.8, 0, 210, 210
1120974.3.peg.1951.site.1, 39, 210, 249
1120974.3.peg.1951.site.2, 128, 210, 338
1120974.3.peg.1951.site.3, 54, 210, 264
1120974.3.peg.1951.site.4, 7, 211, 218
1120974.3.peg.1951.site.5, 49, 208, 257
1120974.3.peg.1951.site.6, 1, 210, 211
1120974.3.peg.1951.site.7, 0, 211, 211
1120974.3.peg.1951.site.8, 6, 210, 216
1120974.3.peg.1951.site.9, 194, 209, 403
1120974.3.peg.1951.site.10, 53, 206, 259
1120974.3.peg.1951.site.11, 4, 211, 215
1120974.3.peg.1951.site.12, 53, 206, 259
1120974.3.peg.1951.site.13, 67, 208, 275
1120974.3.peg.1951.site.14, 8, 211, 219
1120974.3.peg.1951.site.15, 182, 206, 388
1120974.3.peg.1951.site.16, 3, 203, 206
1120974.3.peg.1951.site.17, 0, 189, 189
1120974.3.peg.1951.site.18, 0, 208, 208
1120974.3.peg.1951.site.19, 0, 209, 209
1120974.3.peg.1951.site.20, 0, 201, 201
1120974.3.peg.1951.site.21, 0, 193, 193
1120974.3.peg.1951.site.22, 211, 211, 422
1120974.3.peg.1951.site.23, 211, 211, 422
1120974.3.peg.1951.site.24, 45, 179, 224
1120974.3.peg.1951.site.25, 10, 211, 221
1120974.3.peg.1951.site.26, 1, 212, 213
1120974.3.peg.1951.site.27, 127, 209, 336
1120974.3.peg.1951.site.28, 0, 211, 211
1120974.3.peg.1951.site.29, 7, 208, 215
1120974.3.peg.1951.site.30, 18, 207, 225
1120974.3.peg.1951.site.31, 0, 206, 206
1120974.3.peg.1951.site.32, 7, 195, 202
1120974.3.peg.1951.site.33, 129, 200, 329
1120974.3.peg.1951.site.34, 2, 210, 212
1120974.3.peg.1951.site.35, 1, 209, 210
1120974.3.peg.1951.site.36, 212, 212, 424
1120974.3.peg.1951.site.37, 0, 212, 212
1120974.3.peg.1951.site.38, 26, 211, 237
1120974.3.peg.1951.site.39, 0, 211, 211
1120974.3.peg.1951.site.40, 128, 210, 338
1120974.3.peg.1951.site.41, 9, 200, 209
1120974.3.peg.1951.site.42, 3, 209, 212
1120974.3.peg.1951.site.43, 130, 205, 335
1120974.3.peg.1951.site.44, 0, 210, 210
1120974.3.peg.1951.site.45, 52, 207, 259
1120974.3.peg.1951.site.46, 0, 212, 212
1120974.3.peg.1951.site.47, 14, 211, 225
1120974.3.peg.1951.site.48, 209, 212, 421
1120974.3.peg.1951.site.49, 208, 210, 418
1120974.3.peg.1951.site.50, 198, 209, 407
1120974.3.peg.1951.site.51, 2, 212, 214
1120974.3.peg.1951.site.52, 2, 212, 214
1120974.3.peg.1951.site.53, 2, 209, 211
1120974.3.peg.1951.site.54, 1, 210, 211
1120974.3.peg.1951.site.55, 184, 208, 392
1120974.3.peg.1951.site.56, 85, 201, 286
1120974.3.peg.1951.site.57, 0, 210, 210
1120974.3.peg.1951.site.58, 22, 209, 231
1120974.3.peg.1951.site.59, 1, 208, 209
1120974.3.peg.1951.site.60, 87, 199, 286
1120974.3.peg.1951.site.61, 0, 207, 207
1120974.3.peg.1951.site.62, 2, 209, 211
1120974.3.peg.1951.site.63, 0, 204, 204
1120974.3.peg.1951.site.64, 2, 207, 209
1120974.3.peg.1951.site.65, 209, 209, 418
1120974.3.peg.1951.site.66, 0, 209, 209
1120974.3.peg.1951.site.67, 8, 209, 217
1120974.3.peg.1952.site.1, 10, 207, 217
1120974.3.peg.1952.site.2, 0, 205, 205
1120974.3.peg.1952.site.3, 77, 198, 275
1120974.3.peg.1952.site.4, 174, 204, 378
1120974.3.peg.1952.site.5, 80, 199, 279
1120974.3.peg.1952.site.6, 2, 205, 207
1120974.3.peg.1952.site.7, 2, 205, 207
1120974.3.peg.1952.site.8, 195, 203, 398
1120974.3.peg.1952.site.9, 0, 204, 204
1120974.3.peg.1952.site.10, 80, 201, 281
1120974.3.peg.1952.site.11, 2, 206, 208
1120974.3.peg.1952.site.12, 3, 207, 210
1120974.3.peg.1952.site.13, 88, 203, 291
1120974.3.peg.1952.site.14, 2, 206, 208
1120974.3.peg.1952.site.15, 0, 176, 176
1120974.3.peg.1952.site.16, 9, 133, 142
1120974.3.peg.1952.site.17, 8, 156, 164
1120974.3.peg.1952.site.18, 8, 171, 179
1120974.3.peg.1952.site.19, 2, 207, 209
1120974.3.peg.1952.site.20, 164, 203, 367
1120974.3.peg.1952.site.21, 165, 205, 370
1120974.3.peg.1952.site.22, 0, 204, 204
1120974.3.peg.1952.site.23, 168, 204, 372
1120974.3.peg.1952.site.24, 2, 204, 206
1120974.3.peg.1952.site.25, 168, 204, 372
1120974.3.peg.1138.site.1, 1, 23, 24
1120974.3.peg.1138.site.2, 11, 32, 43
1120974.3.peg.1138.site.3, 47, 68, 115
1120974.3.peg.1138.site.4, 156, 172, 328
1120974.3.peg.1138.site.5, 5, 149, 154
1120974.3.peg.1138.site.6, 85, 107, 192
1120974.3.peg.1138.site.7, 1, 60, 61
1120974.3.peg.1138.site.8, 40, 60, 100
1120974.3.peg.1138.site.9, 1, 62, 63
1120974.3.peg.1138.site.10, 31, 91, 122
1120974.3.peg.1138.site.11, 128, 150, 278
1120974.3.peg.1138.site.12, 129, 188, 317
1120974.3.peg.1138.site.13, 30, 89, 119
1120974.3.peg.1138.site.14, 47, 107, 154
1120974.3.peg.1138.site.15, 38, 94, 132
1120974.3.peg.1138.site.16, 67, 127, 194
1120974.3.peg.1138.site.17, 141, 200, 341
1120974.3.peg.1138.site.18, 145, 205, 350
1120974.3.peg.1138.site.19, 145, 205, 350
1120974.3.peg.1138.site.20, 150, 209, 359
1120974.3.peg.1424.site.1, 0, 216, 216
1120974.3.peg.1424.site.2, 53, 213, 266
1120974.3.peg.1424.site.3, 0, 214, 214
1120974.3.peg.1424.site.4, 30, 216, 246
1120974.3.peg.1424.site.5, 4, 211, 215
1120974.3.peg.1424.site.6, 22, 215, 237
1120974.3.peg.1424.site.7, 22, 196, 218
1120974.3.peg.1424.site.8, 24, 199, 223
1120974.3.peg.1424.site.9, 1, 199, 200
1120974.3.peg.1424.site.10, 22, 202, 224
1120974.3.peg.1424.site.11, 50, 205, 255
1120974.3.peg.1424.site.12, 1, 207, 208
1120974.3.peg.1424.site.13, 5, 192, 197
1120974.3.peg.1424.site.14, 17, 211, 228
1120974.3.peg.1424.site.15, 8, 200, 208
1120974.3.peg.1424.site.16, 9, 202, 211
1120974.3.peg.1424.site.17, 10, 202, 212
1120974.3.peg.1424.site.18, 152, 205, 357
1120974.3.peg.1424.site.19, 169, 209, 378
1120974.3.peg.1424.site.20, 17, 138, 155
1120974.3.peg.1424.site.21, 21, 42, 63
1120974.3.peg.1424.site.22, 22, 35, 57
1120974.3.peg.1137.site.1, 61, 86, 147
1120974.3.peg.1137.site.2, 159, 183, 342
1120974.3.peg.1137.site.3, 4, 211, 215
1120974.3.peg.1137.site.4, 187, 212, 399
1120974.3.peg.1137.site.5, 4, 214, 218
1120974.3.peg.1137.site.6, 0, 216, 216
1120974.3.peg.1137.site.7, 188, 214, 402
1120974.3.peg.1137.site.8, 116, 203, 319
1120974.3.peg.1137.site.9, 14, 103, 117
1120974.3.peg.1137.site.10, 87, 115, 202
1120974.3.peg.1137.site.11, 197, 207, 404
1120974.3.peg.1137.site.12, 181, 207, 388
1120974.3.peg.1137.site.13, 190, 214, 404
1120974.3.peg.1137.site.14, 189, 211, 400
1120974.3.peg.1135.site.1, 0, 193, 193
1120974.3.peg.1135.site.2, 0, 192, 192
1120974.3.peg.1135.site.3, 31, 102, 133
1120974.3.peg.1135.site.4, 24, 28, 52
1120974.3.peg.1135.site.5, 15, 22, 37
1120974.3.peg.1135.site.6, 141, 144, 285
1120974.3.peg.1135.site.7, 27, 162, 189
1120974.3.peg.1135.site.8, 162, 166, 328
1120974.3.peg.1135.site.9, 66, 206, 272
1120974.3.peg.1135.site.10, 67, 209, 276
1120974.3.peg.1135.site.11, 66, 208, 274
1120974.3.peg.1135.site.12, 151, 182, 333
1120974.3.peg.1135.site.13, 0, 201, 201
1120974.3.peg.1135.site.14, 0, 183, 183
1120974.3.peg.1135.site.15, 0, 202, 202
1120974.3.peg.1135.site.16, 172, 198, 370
1120974.3.peg.1135.site.17, 19, 165, 184
1120974.3.peg.1135.site.18, 110, 132, 242
1120974.3.peg.1135.site.19, 62, 87, 149
1120974.3.peg.1135.site.20, 48, 74, 122
1120974.3.peg.1135.site.21, 29, 143, 172
1120974.3.peg.1135.site.22, 120, 122, 242
1120974.3.peg.1135.site.23, 0, 132, 132
1120974.3.peg.1420.site.1, 7, 38, 45
1120974.3.peg.1420.site.2, 0, 95, 95
1120974.3.peg.1420.site.3, 92, 123, 215
1120974.3.peg.1420.site.4, 130, 159, 289
1120974.3.peg.1420.site.5, 113, 143, 256
1120974.3.peg.1420.site.6, 76, 103, 179
1120974.3.peg.1420.site.7, 76, 106, 182
1120974.3.peg.1420.site.8, 87, 117, 204
1120974.3.peg.1420.site.9, 181, 211, 392
1120974.3.peg.1420.site.10, 4, 216, 220
1120974.3.peg.1420.site.11, 0, 215, 215
1120974.3.peg.1420.site.12, 186, 215, 401
1120974.3.peg.1420.site.13, 0, 178, 178
1120974.3.peg.1420.site.14, 112, 140, 252
1120974.3.peg.1420.site.15, 39, 67, 106
1120974.3.peg.1420.site.16, 28, 57, 85
1120974.3.peg.1420.site.17, 21, 51, 72
1120974.3.peg.1420.site.18, 8, 50, 58
1120974.3.peg.1420.site.19, 74, 112, 186
1120974.3.peg.1420.site.20, 3, 112, 115
1120974.3.peg.1420.site.21, 4, 113, 117
1120974.3.peg.1420.site.22, 3, 99, 102
1120974.3.peg.1420.site.23, 101, 131, 232
1120974.3.peg.1420.site.24, 38, 155, 193
1120974.3.peg.1420.site.25, 48, 165, 213
1120974.3.peg.1420.site.26, 0, 177, 177
1120974.3.peg.1420.site.27, 0, 195, 195
1120974.3.peg.1420.site.28, 0, 192, 192
1120974.3.peg.1420.site.29, 172, 186, 358
1120974.3.peg.1420.site.30, 154, 183, 337
1120974.3.peg.1420.site.31, 164, 190, 354
1120974.3.peg.1420.site.32, 170, 197, 367
1120974.3.peg.1420.site.33, 25, 193, 218
1120974.3.peg.1420.site.34, 3, 185, 188
1120974.3.peg.1420.site.35, 19, 134, 153
1120974.3.peg.1420.site.36, 10, 113, 123
1120974.3.peg.1420.site.37, 21, 51, 72
1120974.3.peg.1420.site.38, 11, 42, 53
1120974.3.peg.1420.site.39, 2, 40, 42
1120974.3.peg.1420.site.40, 1, 27, 28
1120974.3.peg.1420.site.41, 4, 27, 31
1120974.3.peg.1133.site.1, 0, 174, 174
1120974.3.peg.1133.site.2, 0, 188, 188
1120974.3.peg.1133.site.3, 21, 191, 212
1120974.3.peg.1133.site.4, 26, 196, 222
1120974.3.peg.1133.site.5, 0, 214, 214
1120974.3.peg.1133.site.6, 0, 213, 213
1120974.3.peg.1133.site.7, 0, 214, 214
1120974.3.peg.1133.site.8, 0, 213, 213
1120974.3.peg.1133.site.9, 153, 175, 328
1120974.3.peg.1133.site.10, 212, 214, 426
1120974.3.peg.1422.site.1, 0, 216, 216
1120974.3.peg.1422.site.2, 186, 213, 399
1120974.3.peg.1422.site.3, 0, 214, 214
1120974.3.peg.1422.site.4, 185, 210, 395
1120974.3.peg.1422.site.5, 41, 206, 247
1120974.3.peg.1422.site.6, 8, 206, 214
1120974.3.peg.1422.site.7, 171, 186, 357
1120974.3.peg.1422.site.8, 2, 215, 217
1120974.3.peg.1422.site.9, 2, 215, 217
1120974.3.peg.1422.site.10, 185, 210, 395
1120974.3.peg.1422.site.11, 186, 211, 397
1120974.3.peg.1422.site.12, 9, 215, 224
1120974.3.peg.1422.site.13, 0, 216, 216
1120974.3.peg.1422.site.14, 185, 214, 399
1120974.3.peg.1422.site.15, 3, 216, 219
1120974.3.peg.1423.site.1, 0, 210, 210
1120974.3.peg.1423.site.2, 158, 209, 367
1120974.3.peg.1423.site.3, 31, 211, 242
1120974.3.peg.1423.site.4, 195, 212, 407
1120974.3.peg.1423.site.5, 2, 210, 212
1120974.3.peg.1423.site.6, 0, 208, 208
1120974.3.peg.1423.site.7, 3, 197, 200
1120974.3.peg.1423.site.8, 29, 209, 238
1120974.3.peg.1423.site.9, 15, 211, 226
1120974.3.peg.1423.site.10, 3, 213, 216
1120974.3.peg.1423.site.11, 1, 214, 215
1120974.3.peg.1423.site.12, 41, 190, 231
1120974.3.peg.1423.site.13, 25, 201, 226
1120974.3.peg.1423.site.14, 0, 205, 205
1120974.3.peg.1423.site.15, 40, 213, 253
1120974.3.peg.1423.site.16, 0, 213, 213
1120974.3.peg.1423.site.17, 26, 212, 238
1120974.3.peg.1423.site.18, 0, 212, 212
1120974.3.peg.1423.site.19, 4, 213, 217
1120974.3.peg.1423.site.20, 12, 204, 216
1120974.3.peg.1423.site.21, 4, 213, 217
1120974.3.peg.1423.site.22, 5, 211, 216
1120974.3.peg.1423.site.23, 45, 212, 257
1120974.3.peg.1423.site.24, 6, 213, 219
1120974.3.peg.1423.site.25, 16, 214, 230
1120974.3.peg.1423.site.26, 32, 216, 248
1120974.3.peg.1550.site.1, 194, 214, 408
1120974.3.peg.1550.site.2, 194, 214, 408
1120974.3.peg.1550.site.3, 199, 214, 413
1120974.3.peg.1550.site.4, 194, 213, 407
1120974.3.peg.1550.site.5, 4, 210, 214
1120974.3.peg.1550.site.6, 195, 210, 405
1120974.3.peg.1550.site.7, 193, 211, 404
1120974.3.peg.1550.site.8, 193, 212, 405
1120974.3.peg.1550.site.9, 191, 210, 401
1120974.3.peg.1550.site.10, 192, 211, 403
1120974.3.peg.1550.site.11, 0, 214, 214
1120974.3.peg.1550.site.12, 193, 211, 404
1120974.3.peg.1550.site.13, 214, 216, 430
1120974.3.peg.1550.site.14, 215, 216, 431
1120974.3.peg.1550.site.15, 0, 216, 216
1120974.3.peg.1550.site.16, 195, 214, 409
1120974.3.peg.1550.site.17, 212, 214, 426
1120974.3.peg.1550.site.18, 190, 209, 399
1120974.3.peg.1551.site.1, 0, 215, 215
1120974.3.peg.1551.site.2, 209, 210, 419
1120974.3.peg.1551.site.3, 148, 197, 345
1120974.3.peg.1551.site.4, 145, 191, 336
1120974.3.peg.1551.site.5, 150, 199, 349
1120974.3.peg.1551.site.6, 0, 208, 208
1120974.3.peg.1551.site.7, 0, 215, 215
1120974.3.peg.1551.site.8, 34, 214, 248
1120974.3.peg.1551.site.9, 164, 211, 375
1120974.3.peg.1551.site.10, 156, 205, 361
1120974.3.peg.1551.site.11, 3, 203, 206
1120974.3.peg.1551.site.12, 163, 211, 374
1120974.3.peg.1551.site.13, 22, 211, 233
1120974.3.peg.1551.site.14, 0, 215, 215
1120974.3.peg.1551.site.15, 178, 215, 393
1120974.3.peg.1551.site.16, 5, 215, 220
1120974.3.peg.1551.site.17, 5, 215, 220
1120974.3.peg.1551.site.18, 0, 174, 174
1120974.3.peg.1551.site.19, 106, 144, 250
1120974.3.peg.1551.site.20, 24, 63, 87
1120974.3.peg.1551.site.21, 7, 41, 48
1120974.3.peg.1551.site.22, 150, 189, 339
1120974.3.peg.1552.site.1, 210, 213, 423
1120974.3.peg.1552.site.2, 4, 212, 216
1120974.3.peg.1552.site.3, 39, 209, 248
1120974.3.peg.1552.site.4, 3, 213, 216
1120974.3.peg.1552.site.5, 173, 213, 386
1120974.3.peg.1552.site.6, 2, 117, 119
1120974.3.peg.1553.site.1, 0, 216, 216
1120974.3.peg.1553.site.2, 216, 216, 432
1120974.3.peg.1553.site.3, 7, 214, 221
1120974.3.peg.1553.site.4, 0, 215, 215
1120974.3.peg.1553.site.5, 7, 215, 222
1120974.3.peg.1553.site.6, 7, 215, 222
1120974.3.peg.1553.site.7, 7, 215, 222
1120974.3.peg.1553.site.8, 8, 215, 223
1120974.3.peg.1553.site.9, 7, 211, 218
1120974.3.peg.1553.site.10, 21, 207, 228
1120974.3.peg.1553.site.11, 0, 188, 188
1120974.3.peg.1553.site.12, 5, 162, 167
1120974.3.peg.1553.site.13, 4, 167, 171
1120974.3.peg.1553.site.14, 4, 143, 147
1120974.3.peg.1553.site.15, 0, 133, 133
1120974.3.peg.1553.site.16, 0, 180, 180
1120974.3.peg.1553.site.17, 6, 214, 220
1120974.3.peg.1553.site.18, 8, 211, 219
1120974.3.peg.1553.site.19, 8, 215, 223
1120974.3.peg.1553.site.20, 7, 210, 217
1120974.3.peg.1553.site.21, 4, 216, 220
1120974.3.peg.1553.site.22, 4, 214, 218
1120974.3.peg.1553.site.23, 11, 212, 223
1120974.3.peg.1553.site.24, 0, 214, 214
1120974.3.peg.1553.site.25, 48, 212, 260
1120974.3.peg.1553.site.26, 5, 215, 220
1120974.3.peg.1553.site.27, 4, 215, 219
1120974.3.peg.1553.site.28, 4, 216, 220
1120974.3.peg.1553.site.29, 18, 213, 231
1120974.3.peg.1553.site.30, 46, 211, 257
1120974.3.peg.1553.site.31, 8, 215, 223
1120974.3.peg.1553.site.32, 0, 215, 215
1120974.3.peg.1554.site.1, 0, 216, 216
1120974.3.peg.1554.site.2, 4, 214, 218
1120974.3.peg.1554.site.3, 108, 197, 305
1120974.3.peg.1554.site.4, 144, 186, 330
1120974.3.peg.1554.site.5, 135, 178, 313
1120974.3.peg.1554.site.6, 4, 179, 183
1120974.3.peg.1554.site.7, 4, 169, 173
1120974.3.peg.1554.site.8, 136, 179, 315
1120974.3.peg.1554.site.9, 126, 170, 296
1120974.3.peg.1554.site.10, 4, 181, 185
1120974.3.peg.1554.site.11, 3, 197, 200
1120974.3.peg.1554.site.12, 41, 211, 252
1120974.3.peg.1554.site.13, 7, 214, 221
1120974.3.peg.1554.site.14, 8, 216, 224
1120974.3.peg.1554.site.15, 37, 212, 249
1120974.3.peg.1554.site.16, 124, 211, 335
1120974.3.peg.1554.site.17, 169, 213, 382
1120974.3.peg.1554.site.18, 0, 215, 215
1120974.3.peg.1554.site.19, 169, 213, 382
1120974.3.peg.1554.site.20, 4, 215, 219
1120974.3.peg.1554.site.21, 0, 215, 215
1120974.3.peg.1554.site.22, 0, 213, 213
1120974.3.peg.1554.site.23, 8, 214, 222
1120974.3.peg.1554.site.24, 41, 207, 248
1120974.3.peg.1554.site.25, 0, 213, 213
1120974.3.peg.1554.site.26, 1, 214, 215
1120974.3.peg.1554.site.27, 0, 216, 216
1120974.3.peg.1554.site.28, 21, 215, 236
1120974.3.peg.1554.site.29, 49, 212, 261
1120974.3.peg.1554.site.30, 0, 214, 214
1120974.3.peg.1554.site.31, 1, 215, 216
1120974.3.peg.1554.site.32, 1, 216, 217
1120974.3.peg.1554.site.33, 1, 215, 216
1120974.3.peg.1554.site.34, 0, 215, 215
1120974.3.peg.1554.site.35, 1, 214, 215
1120974.3.peg.1554.site.36, 42, 214, 256
1120974.3.peg.1554.site.37, 45, 214, 259
1120974.3.peg.1554.site.38, 144, 209, 353
1120974.3.peg.1554.site.39, 2, 214, 216
1120974.3.peg.1554.site.40, 3, 216, 219
1120974.3.peg.1554.site.41, 3, 216, 219
1120974.3.peg.1554.site.42, 0, 215, 215
1120974.3.peg.1554.site.43, 10, 216, 226
1120974.3.peg.1554.site.44, 1, 216, 217
1120974.3.peg.1554.site.45, 0, 215, 215
1120974.3.peg.1554.site.46, 0, 215, 215
1120974.3.peg.1554.site.47, 11, 215, 226
1120974.3.peg.1555.site.1, 17, 215, 232
1120974.3.peg.1555.site.2, 0, 213, 213
1120974.3.peg.1555.site.3, 7, 215, 222
1120974.3.peg.1555.site.4, 166, 211, 377
1120974.3.peg.1555.site.5, 0, 215, 215
1120974.3.peg.1555.site.6, 17, 216, 233
1120974.3.peg.1555.site.7, 21, 215, 236
1120974.3.peg.1555.site.8, 14, 212, 226
1120974.3.peg.1556.site.1, 167, 212, 379
1120974.3.peg.1556.site.2, 12, 195, 207
1120974.3.peg.1556.site.3, 5, 162, 167
1120974.3.peg.1556.site.4, 39, 70, 109
1120974.3.peg.1556.site.5, 7, 47, 54
1120974.3.peg.1556.site.6, 163, 201, 364
1120974.3.peg.1556.site.7, 177, 214, 391
1120974.3.peg.1556.site.8, 153, 199, 352
1120974.3.peg.2056.site.1, 0, 214, 214
1120974.3.peg.2056.site.2, 24, 213, 237
1120974.3.peg.2056.site.3, 158, 211, 369
1120974.3.peg.2056.site.4, 0, 216, 216
1120974.3.peg.2056.site.5, 15, 215, 230
1120974.3.peg.2056.site.6, 3, 216, 219
1120974.3.peg.2056.site.7, 176, 215, 391
1120974.3.peg.2056.site.8, 176, 215, 391
1120974.3.peg.2056.site.9, 189, 214, 403
1120974.3.peg.2056.site.10, 1, 215, 216
1120974.3.peg.2056.site.11, 210, 216, 426
1120974.3.peg.2056.site.12, 176, 215, 391
1120974.3.peg.2056.site.13, 24, 213, 237
1120974.3.peg.2056.site.14, 3, 216, 219
1120974.3.peg.2056.site.15, 6, 216, 222
1120974.3.peg.2056.site.16, 1, 216, 217
1120974.3.peg.2056.site.17, 173, 212, 385
1120974.3.peg.2056.site.18, 69, 109, 178
1120974.3.peg.2056.site.19, 3, 44, 47
1120974.3.peg.2056.site.20, 30, 48, 78
1120974.3.peg.2056.site.21, 8, 49, 57
1120974.3.peg.2056.site.22, 33, 71, 104
1120974.3.peg.2056.site.23, 1, 65, 66
1120974.3.peg.2056.site.24, 22, 57, 79
1120974.3.peg.2056.site.25, 50, 50, 100
1120974.3.peg.2056.site.26, 18, 54, 72
1120974.3.peg.2056.site.27, 124, 161, 285
1120974.3.peg.2056.site.28, 122, 163, 285
1120974.3.peg.2056.site.29, 0, 216, 216
1120974.3.peg.2056.site.30, 2, 215, 217
1120974.3.peg.2056.site.31, 2, 216, 218
1120974.3.peg.2056.site.32, 0, 216, 216
1120974.3.peg.2056.site.33, 2, 215, 217
1120974.3.peg.2056.site.34, 1, 216, 217
1120974.3.peg.2056.site.35, 173, 213, 386
1120974.3.peg.2056.site.36, 2, 216, 218
1120974.3.peg.2056.site.37, 169, 209, 378
1120974.3.peg.2056.site.38, 6, 170, 176
1120974.3.peg.2056.site.39, 4, 46, 50
1120974.3.peg.2056.site.40, 7, 49, 56
1120974.3.peg.2056.site.41, 36, 77, 113
1120974.3.peg.2056.site.42, 120, 160, 280
1120974.3.peg.2056.site.43, 168, 206, 374
1120974.3.peg.2056.site.44, 156, 193, 349
1120974.3.peg.2056.site.45, 73, 111, 184
1120974.3.peg.2056.site.46, 4, 153, 157
1120974.3.peg.2056.site.47, 149, 188, 337
1120974.3.peg.2056.site.48, 149, 185, 334
1120974.3.peg.2056.site.49, 8, 210, 218
1120974.3.peg.2056.site.50, 105, 144, 249
1120974.3.peg.2936.site.1, 3, 215, 218
1120974.3.peg.2936.site.2, 1, 216, 217
1120974.3.peg.2936.site.3, 0, 214, 214
1120974.3.peg.2936.site.4, 2, 215, 217
1120974.3.peg.2936.site.5, 18, 212, 230
1120974.3.peg.2936.site.6, 0, 214, 214
1120974.3.peg.2936.site.7, 0, 212, 212
1120974.3.peg.2936.site.8, 0, 215, 215
1120974.3.peg.2936.site.9, 1, 215, 216
1120974.3.peg.2936.site.10, 108, 211, 319
1120974.3.peg.2936.site.11, 108, 208, 316
1120974.3.peg.2936.site.12, 1, 214, 215
1120974.3.peg.2936.site.13, 74, 209, 283
1120974.3.peg.2936.site.14, 19, 213, 232
1120974.3.peg.2936.site.15, 17, 210, 227
1120974.3.peg.2936.site.16, 4, 214, 218
1120974.3.peg.2936.site.17, 10, 191, 201
1120974.3.peg.2936.site.18, 54, 182, 236
1120974.3.peg.2936.site.19, 0, 182, 182
1120974.3.peg.2936.site.20, 14, 131, 145
1120974.3.peg.2936.site.21, 9, 176, 185
1120974.3.peg.2936.site.22, 41, 189, 230
1120974.3.peg.2936.site.23, 0, 207, 207
1120974.3.peg.2936.site.24, 70, 208, 278
1120974.3.peg.2936.site.25, 28, 206, 234
1120974.3.peg.2936.site.26, 27, 210, 237
1120974.3.peg.2936.site.27, 36, 211, 247
1120974.3.peg.2936.site.28, 75, 180, 255
1120974.3.peg.2936.site.29, 37, 184, 221
1120974.3.peg.2936.site.30, 1, 177, 178
1120974.3.peg.2936.site.31, 63, 184, 247
1120974.3.peg.2936.site.32, 46, 156, 202
1120974.3.peg.2936.site.33, 17, 164, 181
1120974.3.peg.2936.site.34, 63, 208, 271
1120974.3.peg.2936.site.35, 14, 204, 218
1120974.3.peg.2936.site.36, 72, 196, 268
1120974.3.peg.2936.site.37, 6, 196, 202
1120974.3.peg.2936.site.38, 3, 196, 199
1120974.3.peg.2936.site.39, 15, 206, 221
1120974.3.peg.2936.site.40, 0, 215, 215
1120974.3.peg.2936.site.41, 23, 214, 237
1120974.3.peg.2669.site.1, 0, 214, 214
1120974.3.peg.2669.site.2, 64, 213, 277
1120974.3.peg.2669.site.3, 9, 214, 223
1120974.3.peg.2669.site.4, 56, 211, 267
1120974.3.peg.2669.site.5, 0, 214, 214
1120974.3.peg.2669.site.6, 146, 209, 355
1120974.3.peg.2669.site.7, 91, 187, 278
1120974.3.peg.2669.site.8, 90, 203, 293
1120974.3.peg.2669.site.9, 4, 210, 214
1120974.3.peg.2669.site.10, 4, 208, 212
1120974.3.peg.2669.site.11, 88, 207, 295
1120974.3.peg.2669.site.12, 4, 210, 214
1120974.3.peg.2669.site.13, 77, 198, 275
1120974.3.peg.2669.site.14, 72, 193, 265
1120974.3.peg.2669.site.15, 39, 128, 167
1120974.3.peg.2669.site.16, 40, 128, 168
1120974.3.peg.2669.site.17, 5, 126, 131
1120974.3.peg.2669.site.18, 7, 125, 132
1120974.3.peg.2669.site.19, 2, 125, 127
1120974.3.peg.2669.site.20, 53, 172, 225
1120974.3.peg.2669.site.21, 202, 216, 418
1120974.3.peg.2669.site.22, 2, 215, 217
1120974.3.peg.2669.site.23, 196, 214, 410
1120974.3.peg.2669.site.24, 189, 212, 401
1120974.3.peg.2669.site.25, 90, 207, 297
1120974.3.peg.2669.site.26, 129, 210, 339
1120974.3.peg.2669.site.27, 91, 209, 300
1120974.3.peg.834.site.1, 0, 213, 213
1120974.3.peg.834.site.2, 195, 212, 407
1120974.3.peg.834.site.3, 193, 209, 402
1120974.3.peg.834.site.4, 7, 210, 217
1120974.3.peg.834.site.5, 0, 210, 210
1120974.3.peg.834.site.6, 8, 209, 217
1120974.3.peg.834.site.7, 190, 207, 397
1120974.3.peg.834.site.8, 167, 186, 353
1120974.3.peg.834.site.9, 200, 200, 400
1120974.3.peg.834.site.10, 1, 209, 210
1120974.3.peg.834.site.11, 4, 216, 220
1120974.3.peg.834.site.12, 196, 214, 410
1120974.3.peg.834.site.13, 125, 210, 335
1120974.3.peg.834.site.14, 64, 210, 274
1120974.3.peg.834.site.15, 1, 213, 214
1120974.3.peg.834.site.16, 4, 206, 210
1120974.3.peg.834.site.17, 49, 193, 242
1120974.3.peg.834.site.18, 66, 86, 152
1120974.3.peg.830.site.1, 4, 213, 217
1120974.3.peg.830.site.2, 0, 215, 215
1120974.3.peg.830.site.3, 8, 214, 222
1120974.3.peg.830.site.4, 3, 213, 216
1120974.3.peg.830.site.5, 6, 214, 220
1120974.3.peg.830.site.6, 192, 209, 401
1120974.3.peg.830.site.7, 0, 207, 207
1120974.3.peg.830.site.8, 0, 196, 196
1120974.3.peg.830.site.9, 183, 197, 380
1120974.3.peg.830.site.10, 4, 205, 209
1120974.3.peg.830.site.11, 3, 211, 214
1120974.3.peg.830.site.12, 3, 211, 214
1120974.3.peg.830.site.13, 10, 191, 201
1120974.3.peg.830.site.14, 2, 207, 209
1120974.3.peg.830.site.15, 0, 206, 206
1120974.3.peg.833.site.1, 3, 213, 216
1120974.3.peg.833.site.2, 13, 213, 226
1120974.3.peg.833.site.3, 11, 187, 198
1120974.3.peg.833.site.4, 3, 199, 202
1120974.3.peg.833.site.5, 174, 213, 387
1120974.3.peg.833.site.6, 6, 216, 222
1120974.3.peg.833.site.7, 169, 213, 382
1120974.3.peg.833.site.8, 0, 216, 216
1120974.3.peg.833.site.9, 2, 216, 218
1120974.3.peg.833.site.10, 0, 215, 215
1120974.3.peg.833.site.11, 25, 212, 237
1120974.3.peg.833.site.12, 205, 213, 418
1120974.3.peg.833.site.13, 9, 214, 223
1120974.3.peg.833.site.14, 3, 215, 218
1120974.3.peg.833.site.15, 193, 214, 407
1120974.3.peg.833.site.16, 2, 216, 218
1120974.3.peg.833.site.17, 0, 216, 216
1120974.3.peg.833.site.18, 215, 215, 430
1120974.3.peg.833.site.19, 2, 215, 217
1120974.3.peg.833.site.20, 189, 212, 401
1120974.3.peg.833.site.21, 2, 215, 217
1120974.3.peg.833.site.22, 182, 206, 388
1120974.3.peg.833.site.23, 0, 215, 215
1120974.3.peg.833.site.24, 170, 214, 384
1120974.3.peg.833.site.25, 4, 214, 218
1120974.3.peg.833.site.26, 43, 212, 255
1120974.3.peg.833.site.27, 188, 195, 383
1120974.3.peg.833.site.28, 182, 197, 379
1120974.3.peg.833.site.29, 17, 206, 223
1120974.3.peg.833.site.30, 195, 212, 407
1120974.3.peg.833.site.31, 0, 214, 214
1120974.3.peg.833.site.32, 0, 216, 216
1120974.3.peg.833.site.33, 2, 213, 215
1120974.3.peg.833.site.34, 2, 210, 212
1120974.3.peg.833.site.35, 199, 203, 402
1120974.3.peg.833.site.36, 167, 206, 373
1120974.3.peg.833.site.37, 2, 206, 208
1120974.3.peg.833.site.38, 4, 199, 203
1120974.3.peg.833.site.39, 14, 196, 210
1120974.3.peg.833.site.40, 204, 206, 410
1120974.3.peg.833.site.41, 2, 209, 211
1120974.3.peg.833.site.42, 172, 214, 386
1120974.3.peg.833.site.43, 2, 216, 218
1120974.3.peg.833.site.44, 33, 213, 246
1120974.3.peg.833.site.45, 33, 213, 246
1120974.3.peg.833.site.46, 32, 212, 244
1120974.3.peg.833.site.47, 0, 210, 210
1120974.3.peg.833.site.48, 158, 207, 365
1120974.3.peg.833.site.49, 29, 208, 237
1120974.3.peg.833.site.50, 2, 212, 214
1120974.3.peg.833.site.51, 0, 211, 211
1120974.3.peg.833.site.52, 161, 208, 369
1120974.3.peg.833.site.53, 160, 207, 367
1120974.3.peg.833.site.54, 173, 208, 381
1120974.3.peg.833.site.55, 0, 215, 215
1120974.3.peg.833.site.56, 145, 194, 339
1120974.3.peg.833.site.57, 118, 161, 279
1120974.3.peg.833.site.58, 106, 156, 262
1120974.3.peg.833.site.59, 86, 137, 223
1120974.3.peg.833.site.60, 9, 153, 162
1120974.3.peg.833.site.61, 210, 212, 422
1120974.3.peg.833.site.62, 33, 211, 244
1120974.3.peg.833.site.63, 166, 211, 377
1120974.3.peg.833.site.64, 41, 209, 250
1120974.3.peg.833.site.65, 8, 215, 223
1120974.3.peg.833.site.66, 4, 215, 219
1120974.3.peg.833.site.67, 30, 212, 242
1120974.3.peg.833.site.68, 4, 213, 217
1120974.3.peg.833.site.69, 4, 204, 208
1120974.3.peg.833.site.70, 4, 206, 210
1120974.3.peg.833.site.71, 182, 199, 381
1120974.3.peg.833.site.72, 0, 213, 213
1120974.3.peg.833.site.73, 156, 205, 361
1120974.3.peg.833.site.74, 30, 205, 235
1120974.3.peg.833.site.75, 0, 213, 213
1120974.3.peg.833.site.76, 148, 199, 347
1120974.3.peg.833.site.77, 129, 176, 305
1120974.3.peg.833.site.78, 128, 174, 302
1120974.3.peg.833.site.79, 132, 183, 315
1120974.3.peg.833.site.80, 37, 193, 230
1120974.3.peg.833.site.81, 120, 175, 295
1120974.3.peg.833.site.82, 147, 165, 312
1120974.3.peg.833.site.83, 186, 207, 393
1120974.3.peg.833.site.84, 5, 204, 209
1120974.3.peg.833.site.85, 134, 179, 313
1120974.3.peg.833.site.86, 143, 182, 325
1120974.3.peg.833.site.87, 159, 174, 333
1120974.3.peg.833.site.88, 144, 165, 309
1120974.3.peg.833.site.89, 148, 165, 313
1120974.3.peg.833.site.90, 157, 180, 337
1120974.3.peg.833.site.91, 1, 214, 215
1120974.3.peg.833.site.92, 197, 214, 411
1120974.3.peg.833.site.93, 190, 207, 397
1120974.3.peg.833.site.94, 8, 187, 195
1120974.3.peg.833.site.95, 6, 186, 192
1120974.3.peg.833.site.96, 5, 187, 192
1120974.3.peg.833.site.97, 4, 185, 189
1120974.3.peg.833.site.98, 11, 185, 196
1120974.3.peg.833.site.99, 197, 215, 412
1120974.3.peg.833.site.100, 4, 214, 218
1120974.3.peg.833.site.101, 8, 110, 118
1120974.3.peg.833.site.102, 5, 103, 108
1120974.3.peg.833.site.103, 108, 109, 217
1120974.3.peg.833.site.104, 75, 97, 172
1120974.3.peg.833.site.105, 1, 139, 140
1120974.3.peg.833.site.106, 32, 126, 158
1120974.3.peg.833.site.107, 0, 144, 144
1120974.3.peg.833.site.108, 14, 37, 51
1120974.3.peg.833.site.109, 12, 36, 48
1120974.3.peg.833.site.110, 182, 203, 385
1120974.3.peg.833.site.111, 0, 208, 208
1120974.3.peg.832.site.1, 0, 216, 216
1120974.3.peg.832.site.2, 5, 215, 220
1120974.3.peg.832.site.3, 4, 216, 220
1120974.3.peg.832.site.4, 16, 196, 212
1120974.3.peg.832.site.5, 5, 193, 198
1120974.3.peg.832.site.6, 139, 181, 320
1120974.3.peg.832.site.7, 0, 186, 186
1120974.3.peg.832.site.8, 115, 157, 272
1120974.3.peg.832.site.9, 0, 99, 99
1120974.3.peg.832.site.10, 0, 82, 82
1120974.3.peg.832.site.11, 28, 66, 94
1120974.3.peg.832.site.12, 88, 97, 185
1120974.3.peg.832.site.13, 3, 100, 103
1120974.3.peg.832.site.14, 30, 210, 240
1120974.3.peg.2838.site.1, 18, 187, 205
1120974.3.peg.2838.site.2, 146, 202, 348
1120974.3.peg.2838.site.3, 4, 212, 216
1120974.3.peg.2838.site.4, 2, 206, 208
1120974.3.peg.2838.site.5, 40, 198, 238
1120974.3.peg.2838.site.6, 2, 208, 210
1120974.3.peg.2838.site.7, 14, 184, 198
1120974.3.peg.2838.site.8, 139, 179, 318
1120974.3.peg.2838.site.9, 9, 181, 190
1120974.3.peg.2838.site.10, 163, 185, 348
1120974.3.peg.2838.site.11, 31, 192, 223
1120974.3.peg.2838.site.12, 4, 198, 202
1120974.3.peg.2838.site.13, 9, 210, 219
1120974.3.peg.2838.site.14, 1, 212, 213
1120974.3.peg.2838.site.15, 2, 207, 209
1120974.3.peg.2838.site.16, 1, 164, 165
1120974.3.peg.2838.site.17, 1, 145, 146
1120974.3.peg.2838.site.18, 73, 121, 194
1120974.3.peg.2838.site.19, 8, 65, 73
1120974.3.peg.2838.site.20, 8, 72, 80
1120974.3.peg.2838.site.21, 63, 77, 140
1120974.3.peg.2838.site.22, 140, 188, 328
1120974.3.peg.2838.site.23, 15, 189, 204
1120974.3.peg.2838.site.24, 4, 209, 213
1120974.3.peg.2838.site.25, 2, 209, 211
1120974.3.peg.2838.site.26, 2, 209, 211
1120974.3.peg.2838.site.27, 3, 215, 218
1120974.3.peg.2838.site.28, 3, 215, 218
1120974.3.peg.2838.site.29, 3, 215, 218
1120974.3.peg.2838.site.30, 5, 189, 194
1120974.3.peg.2838.site.31, 185, 196, 381
1120974.3.peg.2838.site.32, 174, 196, 370
1120974.3.peg.2838.site.33, 0, 184, 184
1120974.3.peg.2838.site.34, 17, 69, 86
1120974.3.peg.2838.site.35, 5, 77, 82
1120974.3.peg.2838.site.36, 2, 189, 191
1120974.3.peg.2838.site.37, 172, 197, 369
1120974.3.peg.2838.site.38, 0, 199, 199
1120974.3.peg.2836.site.1, 180, 203, 383
1120974.3.peg.2836.site.2, 0, 213, 213
1120974.3.peg.2836.site.3, 150, 208, 358
1120974.3.peg.2836.site.4, 150, 210, 360
1120974.3.peg.2836.site.5, 156, 211, 367
1120974.3.peg.2836.site.6, 1, 214, 215
1120974.3.peg.2836.site.7, 148, 206, 354
1120974.3.peg.2836.site.8, 1, 212, 213
1120974.3.peg.2836.site.9, 141, 194, 335
1120974.3.peg.2836.site.10, 1, 213, 214
1120974.3.peg.2836.site.11, 1, 212, 213
1120974.3.peg.2836.site.12, 129, 179, 308
1120974.3.peg.2836.site.13, 2, 167, 169
1120974.3.peg.2836.site.14, 96, 154, 250
1120974.3.peg.2836.site.15, 89, 146, 235
1120974.3.peg.2836.site.16, 95, 158, 253
1120974.3.peg.2836.site.17, 95, 157, 252
1120974.3.peg.2836.site.18, 92, 153, 245
1120974.3.peg.2836.site.19, 101, 163, 264
1120974.3.peg.2836.site.20, 96, 159, 255
1120974.3.peg.2836.site.21, 33, 186, 219
1120974.3.peg.2836.site.22, 0, 188, 188
1120974.3.peg.2836.site.23, 3, 187, 190
1120974.3.peg.2836.site.24, 0, 179, 179
1120974.3.peg.2836.site.25, 3, 165, 168
1120974.3.peg.2836.site.26, 131, 170, 301
1120974.3.peg.2836.site.27, 4, 142, 146
1120974.3.peg.2836.site.28, 2, 167, 169
1120974.3.peg.2836.site.29, 2, 178, 180
1120974.3.peg.2836.site.30, 4, 164, 168
1120974.3.peg.2836.site.31, 133, 160, 293
1120974.3.peg.2836.site.32, 107, 122, 229
1120974.3.peg.2836.site.33, 49, 137, 186
1120974.3.peg.2836.site.34, 4, 112, 116
1120974.3.peg.2836.site.35, 91, 111, 202
1120974.3.peg.2836.site.36, 69, 141, 210
1120974.3.peg.2837.site.1, 0, 193, 193
1120974.3.peg.2837.site.2, 6, 158, 164
1120974.3.peg.2837.site.3, 73, 120, 193
1120974.3.peg.2837.site.4, 49, 75, 124
1120974.3.peg.2837.site.5, 50, 75, 125
1120974.3.peg.2837.site.6, 26, 51, 77
1120974.3.peg.2837.site.7, 23, 52, 75
1120974.3.peg.2837.site.8, 28, 57, 85
1120974.3.peg.2834.site.1, 190, 212, 402
1120974.3.peg.2834.site.2, 4, 213, 217
1120974.3.peg.2834.site.3, 193, 213, 406
1120974.3.peg.2834.site.4, 1, 215, 216
1120974.3.peg.2834.site.5, 193, 212, 405
1120974.3.peg.2835.site.1, 1, 215, 216
1120974.3.peg.2835.site.2, 187, 210, 397
1120974.3.peg.2835.site.3, 2, 203, 205
1120974.3.peg.2835.site.4, 0, 205, 205
1120974.3.peg.2835.site.5, 2, 214, 216
1120974.3.peg.2835.site.6, 187, 208, 395
1120974.3.peg.2835.site.7, 6, 211, 217
1120974.3.peg.2835.site.8, 1, 215, 216
1120974.3.peg.2835.site.9, 1, 214, 215
1120974.3.peg.2835.site.10, 0, 214, 214
1120974.3.peg.2835.site.11, 0, 200, 200
1120974.3.peg.2835.site.12, 182, 208, 390
1120974.3.peg.2835.site.13, 171, 194, 365
1120974.3.peg.2835.site.14, 5, 184, 189
1120974.3.peg.2835.site.15, 6, 193, 199
1120974.3.peg.2835.site.16, 6, 201, 207
1120974.3.peg.2835.site.17, 158, 176, 334
1120974.3.peg.2835.site.18, 7, 147, 154
1120974.3.peg.2835.site.19, 124, 137, 261
1120974.3.peg.2832.site.1, 0, 202, 202
1120974.3.peg.2832.site.2, 0, 193, 193
1120974.3.peg.2832.site.3, 0, 203, 203
1120974.3.peg.2832.site.4, 2, 200, 202
1120974.3.peg.2832.site.5, 1, 207, 208
1120974.3.peg.2832.site.6, 0, 212, 212
1120974.3.peg.2832.site.7, 188, 210, 398
1120974.3.peg.2832.site.8, 188, 208, 396
1120974.3.peg.2832.site.9, 0, 178, 178
1120974.3.peg.2832.site.10, 0, 32, 32
1120974.3.peg.2832.site.11, 25, 51, 76
1120974.3.peg.2832.site.12, 47, 71, 118
1120974.3.peg.2832.site.13, 70, 94, 164
1120974.3.peg.2832.site.14, 0, 214, 214
1120974.3.peg.2832.site.15, 0, 215, 215
1120974.3.peg.2832.site.16, 0, 216, 216
1120974.3.peg.2833.site.1, 15, 215, 230
1120974.3.peg.2833.site.2, 190, 206, 396
1120974.3.peg.2833.site.3, 105, 208, 313
1120974.3.peg.2833.site.4, 1, 215, 216
1120974.3.peg.2833.site.5, 179, 200, 379
1120974.3.peg.2833.site.6, 10, 116, 126
1120974.3.peg.2833.site.7, 75, 96, 171
1120974.3.peg.2833.site.8, 40, 62, 102
1120974.3.peg.2833.site.9, 188, 208, 396
1120974.3.peg.2833.site.10, 193, 214, 407
1120974.3.peg.2833.site.11, 0, 216, 216
1120974.3.peg.2833.site.12, 4, 216, 220
1120974.3.peg.2833.site.13, 6, 215, 221
1120974.3.peg.2833.site.14, 192, 213, 405
1120974.3.peg.2833.site.15, 190, 210, 400
1120974.3.peg.2833.site.16, 193, 213, 406
1120974.3.peg.2833.site.17, 193, 213, 406
1120974.3.peg.2833.site.18, 194, 213, 407
1120974.3.peg.2833.site.19, 193, 212, 405
1120974.3.peg.2833.site.20, 4, 216, 220
1120974.3.peg.2833.site.21, 93, 214, 307
1120974.3.peg.2833.site.22, 93, 213, 306
1120974.3.peg.2833.site.23, 100, 209, 309
1120974.3.peg.2833.site.24, 189, 197, 386
1120974.3.peg.2833.site.25, 85, 187, 272
1120974.3.peg.2833.site.26, 91, 172, 263
1120974.3.peg.941.site.1, 152, 210, 362
1120974.3.peg.941.site.2, 117, 212, 329
1120974.3.peg.941.site.3, 0, 213, 213
1120974.3.peg.941.site.4, 0, 215, 215
1120974.3.peg.941.site.5, 0, 215, 215
1120974.3.peg.941.site.6, 151, 212, 363
1120974.3.peg.941.site.7, 37, 215, 252
1120974.3.peg.941.site.8, 6, 214, 220
1120974.3.peg.941.site.9, 209, 212, 421
1120974.3.peg.941.site.10, 150, 210, 360
1120974.3.peg.941.site.11, 38, 214, 252
1120974.3.peg.941.site.12, 0, 214, 214
1120974.3.peg.941.site.13, 35, 216, 251
1120974.3.peg.941.site.14, 52, 210, 262
1120974.3.peg.941.site.15, 0, 216, 216
1120974.3.peg.941.site.16, 34, 214, 248
1120974.3.peg.941.site.17, 22, 212, 234
1120974.3.peg.941.site.18, 205, 213, 418
1120974.3.peg.941.site.19, 0, 216, 216
1120974.3.peg.941.site.20, 207, 215, 422
1120974.3.peg.941.site.21, 1, 215, 216
1120974.3.peg.941.site.22, 3, 215, 218
1120974.3.peg.941.site.23, 1, 215, 216
1120974.3.peg.941.site.24, 0, 216, 216
1120974.3.peg.941.site.25, 31, 215, 246
1120974.3.peg.940.site.1, 0, 216, 216
1120974.3.peg.940.site.2, 4, 215, 219
1120974.3.peg.940.site.3, 6, 216, 222
1120974.3.peg.940.site.4, 0, 214, 214
1120974.3.peg.940.site.5, 2, 216, 218
1120974.3.peg.940.site.6, 1, 216, 217
1120974.3.peg.940.site.7, 0, 215, 215
1120974.3.peg.940.site.8, 0, 215, 215
1120974.3.peg.940.site.9, 185, 211, 396
1120974.3.peg.940.site.10, 216, 216, 432
1120974.3.peg.940.site.11, 76, 212, 288
1120974.3.peg.940.site.12, 116, 211, 327
1120974.3.peg.940.site.13, 93, 210, 303
1120974.3.peg.940.site.14, 0, 214, 214
1120974.3.peg.940.site.15, 9, 214, 223
1120974.3.peg.940.site.16, 4, 216, 220
1120974.3.peg.940.site.17, 119, 212, 331
1120974.3.peg.940.site.18, 0, 214, 214
1120974.3.peg.940.site.19, 189, 210, 399
1120974.3.peg.940.site.20, 185, 204, 389
1120974.3.peg.940.site.21, 209, 209, 418
1120974.3.peg.940.site.22, 9, 204, 213
1120974.3.peg.940.site.23, 195, 214, 409
1120974.3.peg.940.site.24, 212, 216, 428
1120974.3.peg.940.site.25, 0, 213, 213
1120974.3.peg.940.site.26, 0, 215, 215
1120974.3.peg.940.site.27, 125, 211, 336
1120974.3.peg.940.site.28, 126, 210, 336
1120974.3.peg.940.site.29, 186, 212, 398
1120974.3.peg.940.site.30, 0, 198, 198
1120974.3.peg.940.site.31, 4, 151, 155
1120974.3.peg.940.site.32, 111, 135, 246
1120974.3.peg.940.site.33, 70, 90, 160
1120974.3.peg.940.site.34, 120, 134, 254
1120974.3.peg.940.site.35, 1, 178, 179
1120974.3.peg.940.site.36, 178, 202, 380
1120974.3.peg.940.site.37, 189, 203, 392
1120974.3.peg.940.site.38, 7, 157, 164
1120974.3.peg.940.site.39, 119, 148, 267
1120974.3.peg.940.site.40, 146, 175, 321
1120974.3.peg.940.site.41, 170, 199, 369
1120974.3.peg.940.site.42, 201, 214, 415
1120974.3.peg.940.site.43, 4, 215, 219
1120974.3.peg.940.site.44, 10, 214, 224
1120974.3.peg.940.site.45, 0, 215, 215
1120974.3.peg.940.site.46, 69, 209, 278
1120974.3.peg.940.site.47, 1, 211, 212
1120974.3.peg.940.site.48, 65, 208, 273
1120974.3.peg.940.site.49, 8, 211, 219
1120974.3.peg.940.site.50, 64, 205, 269
1120974.3.peg.940.site.51, 0, 210, 210
1120974.3.peg.940.site.52, 46, 194, 240
1120974.3.peg.940.site.53, 0, 211, 211
1120974.3.peg.940.site.54, 0, 211, 211
1120974.3.peg.940.site.55, 62, 206, 268
1120974.3.peg.940.site.56, 5, 213, 218
1120974.3.peg.940.site.57, 57, 207, 264
1120974.3.peg.940.site.58, 9, 215, 224
1120974.3.peg.940.site.59, 64, 209, 273
1120974.3.peg.940.site.60, 0, 210, 210
1120974.3.peg.940.site.61, 8, 215, 223
1120974.3.peg.940.site.62, 0, 214, 214
1120974.3.peg.940.site.63, 0, 215, 215
1120974.3.peg.940.site.64, 123, 211, 334
1120974.3.peg.940.site.65, 122, 209, 331
1120974.3.peg.940.site.66, 2, 215, 217
1120974.3.peg.940.site.67, 4, 213, 217
1120974.3.peg.940.site.68, 1, 211, 212
1120974.3.peg.940.site.69, 183, 209, 392
1120974.3.peg.940.site.70, 1, 201, 202
1120974.3.peg.940.site.71, 123, 205, 328
1120974.3.peg.940.site.72, 56, 205, 261
1120974.3.peg.940.site.73, 171, 199, 370
1120974.3.peg.940.site.74, 133, 202, 335
1120974.3.peg.940.site.75, 0, 206, 206
1120974.3.peg.940.site.76, 5, 204, 209
1120974.3.peg.940.site.77, 8, 206, 214
1120974.3.peg.940.site.78, 181, 205, 386
1120974.3.peg.940.site.79, 117, 202, 319
1120974.3.peg.940.site.80, 1, 213, 214
1120974.3.peg.940.site.81, 6, 210, 216
1120974.3.peg.940.site.82, 0, 212, 212
1120974.3.peg.940.site.83, 116, 202, 318
1120974.3.peg.940.site.84, 3, 211, 214
1120974.3.peg.940.site.85, 59, 214, 273
1120974.3.peg.940.site.86, 58, 213, 271
1120974.3.peg.940.site.87, 0, 216, 216
1120974.3.peg.940.site.88, 144, 214, 358
1120974.3.peg.940.site.89, 205, 214, 419
1120974.3.peg.940.site.90, 129, 212, 341
1120974.3.peg.940.site.91, 124, 207, 331
1120974.3.peg.940.site.92, 0, 215, 215
1120974.3.peg.940.site.93, 7, 207, 214
1120974.3.peg.940.site.94, 6, 211, 217
1120974.3.peg.940.site.95, 6, 211, 217
1120974.3.peg.940.site.96, 6, 187, 193
1120974.3.peg.940.site.97, 95, 172, 267
1120974.3.peg.940.site.98, 98, 177, 275
1120974.3.peg.940.site.99, 6, 183, 189
1120974.3.peg.940.site.100, 5, 175, 180
1120974.3.peg.940.site.101, 126, 207, 333
1120974.3.peg.940.site.102, 0, 214, 214
1120974.3.peg.940.site.103, 4, 214, 218
1120974.3.peg.940.site.104, 47, 188, 235
1120974.3.peg.940.site.105, 0, 198, 198
1120974.3.peg.940.site.106, 103, 182, 285
1120974.3.peg.940.site.107, 0, 148, 148
1120974.3.peg.940.site.108, 91, 174, 265
1120974.3.peg.940.site.109, 0, 201, 201
1120974.3.peg.940.site.110, 125, 191, 316
1120974.3.peg.940.site.111, 41, 213, 254
1120974.3.peg.940.site.112, 0, 215, 215
1120974.3.peg.940.site.113, 8, 214, 222
1120974.3.peg.940.site.114, 0, 216, 216
1120974.3.peg.940.site.115, 23, 213, 236
1120974.3.peg.940.site.116, 65, 212, 277
1120974.3.peg.940.site.117, 6, 212, 218
1120974.3.peg.940.site.118, 65, 209, 274
1120974.3.peg.940.site.119, 60, 204, 264
1120974.3.peg.940.site.120, 9, 169, 178
1120974.3.peg.943.site.1, 9, 27, 36
1120974.3.peg.943.site.2, 26, 44, 70
1120974.3.peg.943.site.3, 181, 190, 371
1120974.3.peg.943.site.4, 1, 206, 207
1120974.3.peg.943.site.5, 0, 185, 185
1120974.3.peg.943.site.6, 1, 202, 203
1120974.3.peg.943.site.7, 182, 208, 390
1120974.3.peg.943.site.8, 3, 214, 217
1120974.3.peg.942.site.1, 0, 216, 216
1120974.3.peg.942.site.2, 0, 216, 216
1120974.3.peg.942.site.3, 211, 216, 427
1120974.3.peg.942.site.4, 0, 216, 216
1120974.3.peg.942.site.5, 0, 216, 216
1120974.3.peg.942.site.6, 11, 214, 225
1120974.3.peg.942.site.7, 3, 213, 216
1120974.3.peg.942.site.8, 0, 195, 195
1120974.3.peg.942.site.9, 1, 215, 216
1120974.3.peg.237.site.1, 1, 216, 217
1120974.3.peg.237.site.2, 215, 215, 430
1120974.3.peg.237.site.3, 0, 215, 215
1120974.3.peg.237.site.4, 27, 215, 242
1120974.3.peg.237.site.5, 192, 214, 406
1120974.3.peg.237.site.6, 13, 213, 226
1120974.3.peg.237.site.7, 0, 216, 216
1120974.3.peg.237.site.8, 0, 216, 216
1120974.3.peg.237.site.9, 81, 212, 293
1120974.3.peg.237.site.10, 2, 216, 218
1120974.3.peg.237.site.11, 190, 212, 402
1120974.3.peg.237.site.12, 0, 215, 215
1120974.3.peg.237.site.13, 68, 207, 275
1120974.3.peg.237.site.14, 4, 212, 216
1120974.3.peg.237.site.15, 4, 211, 215
1120974.3.peg.237.site.16, 4, 203, 207
1120974.3.peg.237.site.17, 10, 191, 201
1120974.3.peg.237.site.18, 80, 175, 255
1120974.3.peg.237.site.19, 80, 172, 252
1120974.3.peg.237.site.20, 44, 183, 227
1120974.3.peg.237.site.21, 77, 177, 254
1120974.3.peg.237.site.22, 0, 211, 211
1120974.3.peg.237.site.23, 57, 212, 269
1120974.3.peg.237.site.24, 0, 214, 214
1120974.3.peg.237.site.25, 0, 215, 215
1120974.3.peg.237.site.26, 64, 212, 276
1120974.3.peg.237.site.27, 6, 215, 221
1120974.3.peg.237.site.28, 103, 212, 315
1120974.3.peg.237.site.29, 59, 213, 272
1120974.3.peg.237.site.30, 112, 213, 325
1120974.3.peg.237.site.31, 167, 215, 382
1120974.3.peg.237.site.32, 5, 215, 220
1120974.3.peg.237.site.33, 53, 206, 259
1120974.3.peg.237.site.34, 46, 199, 245
1120974.3.peg.237.site.35, 0, 214, 214
1120974.3.peg.237.site.36, 88, 207, 295
1120974.3.peg.237.site.37, 65, 209, 274
1120974.3.peg.237.site.38, 25, 214, 239
1120974.3.peg.237.site.39, 101, 211, 312
1120974.3.peg.944.site.1, 0, 214, 214
1120974.3.peg.944.site.2, 4, 211, 215
1120974.3.peg.944.site.3, 15, 213, 228
1120974.3.peg.944.site.4, 187, 214, 401
1120974.3.peg.944.site.5, 187, 214, 401
1120974.3.peg.944.site.6, 22, 213, 235
1120974.3.peg.944.site.7, 153, 211, 364
1120974.3.peg.944.site.8, 185, 211, 396
1120974.3.peg.944.site.9, 0, 213, 213
1120974.3.peg.944.site.10, 6, 213, 219
1120974.3.peg.944.site.11, 185, 212, 397
1120974.3.peg.944.site.12, 1, 212, 213
1120974.3.peg.944.site.13, 39, 215, 254
1120974.3.peg.944.site.14, 38, 213, 251
1120974.3.peg.944.site.15, 0, 213, 213
1120974.3.peg.944.site.16, 0, 212, 212
1120974.3.peg.944.site.17, 0, 210, 210
1120974.3.peg.944.site.18, 31, 205, 236
1120974.3.peg.944.site.19, 35, 207, 242
1120974.3.peg.944.site.20, 5, 214, 219
1120974.3.peg.944.site.21, 21, 195, 216
1120974.3.peg.944.site.22, 4, 174, 178
1120974.3.peg.944.site.23, 1, 176, 177
1120974.3.peg.944.site.24, 5, 179, 184
1120974.3.peg.944.site.25, 16, 198, 214
1120974.3.peg.944.site.26, 42, 199, 241
1120974.3.peg.944.site.27, 30, 213, 243
1120974.3.peg.944.site.28, 34, 211, 245
1120974.3.peg.944.site.29, 16, 213, 229
1120974.3.peg.944.site.30, 28, 210, 238
1120974.3.peg.944.site.31, 29, 207, 236
1120974.3.peg.235.site.1, 167, 167, 334
1120974.3.peg.235.site.2, 4, 214, 218
1120974.3.peg.235.site.3, 215, 215, 430
1120974.3.peg.235.site.4, 52, 213, 265
1120974.3.peg.235.site.5, 106, 209, 315
1120974.3.peg.235.site.6, 4, 215, 219
1120974.3.peg.235.site.7, 5, 213, 218
1120974.3.peg.235.site.8, 136, 208, 344
1120974.3.peg.235.site.9, 134, 208, 342
1120974.3.peg.235.site.10, 4, 211, 215
1120974.3.peg.235.site.11, 137, 207, 344
1120974.3.peg.235.site.12, 2, 212, 214
1120974.3.peg.238.site.1, 146, 177, 323
1120974.3.peg.238.site.2, 89, 116, 205
1120974.3.peg.238.site.3, 62, 89, 151
1120974.3.peg.238.site.4, 66, 93, 159
1120974.3.peg.238.site.5, 0, 98, 98
1120974.3.peg.238.site.6, 65, 92, 157
1120974.3.peg.238.site.7, 101, 128, 229
1120974.3.peg.238.site.8, 155, 159, 314
1120974.3.peg.238.site.9, 0, 213, 213
1120974.3.peg.238.site.10, 11, 212, 223
1120974.3.peg.238.site.11, 1, 193, 194
1120974.3.peg.238.site.12, 0, 172, 172
1120974.3.peg.238.site.13, 3, 163, 166
1120974.3.peg.238.site.14, 1, 163, 164
1120974.3.peg.2304.site.1, 66, 214, 280
1120974.3.peg.2304.site.2, 198, 215, 413
1120974.3.peg.2304.site.3, 198, 215, 413
1120974.3.peg.2304.site.4, 0, 216, 216
1120974.3.peg.2304.site.5, 203, 215, 418
1120974.3.peg.2304.site.6, 207, 215, 422
1120974.3.peg.2304.site.7, 2, 216, 218
1120974.3.peg.2304.site.8, 0, 216, 216
1120974.3.peg.2304.site.9, 215, 215, 430
1120974.3.peg.2304.site.10, 216, 216, 432
1120974.3.peg.2304.site.11, 216, 216, 432
1120974.3.peg.2304.site.12, 148, 214, 362
1120974.3.peg.2304.site.13, 0, 215, 215
1120974.3.peg.2304.site.14, 176, 213, 389
1120974.3.peg.2304.site.15, 1, 210, 211
1120974.3.peg.2304.site.16, 0, 214, 214
1120974.3.peg.2304.site.17, 192, 213, 405
1120974.3.peg.2304.site.18, 215, 215, 430
1120974.3.peg.2304.site.19, 213, 213, 426
1120974.3.peg.2304.site.20, 150, 209, 359
1120974.3.peg.2304.site.21, 7, 213, 220
1120974.3.peg.2304.site.22, 168, 213, 381
1120974.3.peg.2304.site.23, 1, 216, 217
1120974.3.peg.2304.site.24, 0, 216, 216
1120974.3.peg.2304.site.25, 0, 216, 216
1120974.3.peg.2304.site.26, 215, 216, 431
1120974.3.peg.2304.site.27, 5, 216, 221
1120974.3.peg.2305.site.1, 42, 210, 252
1120974.3.peg.2305.site.2, 152, 215, 367
1120974.3.peg.2305.site.3, 166, 213, 379
1120974.3.peg.2305.site.4, 1, 216, 217
1120974.3.peg.2305.site.5, 0, 215, 215
1120974.3.peg.2305.site.6, 0, 215, 215
1120974.3.peg.2305.site.7, 1, 216, 217
1120974.3.peg.2305.site.8, 26, 215, 241
1120974.3.peg.2305.site.9, 0, 215, 215
1120974.3.peg.2305.site.10, 26, 216, 242
1120974.3.peg.2305.site.11, 25, 215, 240
1120974.3.peg.2305.site.12, 29, 216, 245
1120974.3.peg.2305.site.13, 1, 216, 217
1120974.3.peg.2305.site.14, 29, 215, 244
1120974.3.peg.2305.site.15, 126, 213, 339
1120974.3.peg.2305.site.16, 29, 216, 245
1120974.3.peg.2305.site.17, 31, 216, 247
1120974.3.peg.2305.site.18, 194, 216, 410
1120974.3.peg.2305.site.19, 28, 214, 242
1120974.3.peg.2305.site.20, 28, 215, 243
1120974.3.peg.2305.site.21, 59, 213, 272
1120974.3.peg.2305.site.22, 31, 216, 247
1120974.3.peg.2305.site.23, 12, 215, 227
1120974.3.peg.2305.site.24, 5, 216, 221
1120974.3.peg.2305.site.25, 32, 214, 246
1120974.3.peg.2305.site.26, 52, 212, 264
1120974.3.peg.2305.site.27, 26, 213, 239
1120974.3.peg.2305.site.28, 2, 214, 216
1120974.3.peg.2305.site.29, 212, 212, 424
1120974.3.peg.2305.site.30, 185, 214, 399
1120974.3.peg.2305.site.31, 28, 215, 243
1120974.3.peg.2305.site.32, 29, 214, 243
1120974.3.peg.2305.site.33, 214, 214, 428
1120974.3.peg.2305.site.34, 4, 215, 219
1120974.3.peg.2305.site.35, 3, 216, 219
1120974.3.peg.2305.site.36, 4, 216, 220
1120974.3.peg.2305.site.37, 215, 215, 430
1120974.3.peg.2305.site.38, 28, 212, 240
1120974.3.peg.2305.site.39, 1, 213, 214
1120974.3.peg.2305.site.40, 28, 214, 242
1120974.3.peg.2305.site.41, 4, 215, 219
1120974.3.peg.2305.site.42, 191, 214, 405
1120974.3.peg.2305.site.43, 193, 213, 406
1120974.3.peg.2305.site.44, 23, 214, 237
1120974.3.peg.2305.site.45, 52, 215, 267
1120974.3.peg.2305.site.46, 158, 211, 369
1120974.3.peg.2305.site.47, 1, 213, 214
1120974.3.peg.2305.site.48, 2, 212, 214
1120974.3.peg.2305.site.49, 4, 216, 220
1120974.3.peg.2305.site.50, 188, 214, 402
1120974.3.peg.2305.site.51, 2, 214, 216
1120974.3.peg.2305.site.52, 26, 213, 239
1120974.3.peg.2305.site.53, 1, 216, 217
1120974.3.peg.2305.site.54, 29, 216, 245
1120974.3.peg.2305.site.55, 27, 216, 243
1120974.3.peg.2305.site.56, 1, 216, 217
1120974.3.peg.2305.site.57, 26, 215, 241
1120974.3.peg.2305.site.58, 12, 216, 228
1120974.3.peg.2305.site.59, 0, 216, 216
1120974.3.peg.2305.site.60, 2, 215, 217
1120974.3.peg.2305.site.61, 4, 216, 220
1120974.3.peg.2305.site.62, 42, 214, 256
1120974.3.peg.2305.site.63, 28, 214, 242
1120974.3.peg.2305.site.64, 27, 213, 240
1120974.3.peg.2305.site.65, 4, 214, 218
1120974.3.peg.2305.site.66, 176, 200, 376
1120974.3.peg.2305.site.67, 0, 214, 214
1120974.3.peg.2305.site.68, 213, 215, 428
1120974.3.peg.2305.site.69, 12, 216, 228
1120974.3.peg.2305.site.70, 2, 210, 212
1120974.3.peg.2305.site.71, 33, 214, 247
1120974.3.peg.2305.site.72, 188, 211, 399
1120974.3.peg.2307.site.1, 11, 168, 179
1120974.3.peg.2307.site.2, 0, 216, 216
1120974.3.peg.2307.site.3, 61, 211, 272
1120974.3.peg.2307.site.4, 4, 216, 220
1120974.3.peg.2307.site.5, 3, 193, 196
1120974.3.peg.2307.site.6, 133, 190, 323
1120974.3.peg.2307.site.7, 36, 205, 241
1120974.3.peg.2307.site.8, 198, 203, 401
1120974.3.peg.2307.site.9, 20, 208, 228
1120974.3.peg.2307.site.10, 30, 200, 230
1120974.3.peg.2307.site.11, 32, 203, 235
1120974.3.peg.2307.site.12, 32, 205, 237
1120974.3.peg.2307.site.13, 1, 209, 210
1120974.3.peg.2307.site.14, 58, 210, 268
1120974.3.peg.2307.site.15, 19, 212, 231
1120974.3.peg.2307.site.16, 39, 213, 252
1120974.3.peg.2300.site.1, 160, 208, 368
1120974.3.peg.2300.site.2, 158, 207, 365
1120974.3.peg.2300.site.3, 113, 211, 324
1120974.3.peg.2300.site.4, 6, 216, 222
1120974.3.peg.2300.site.5, 12, 216, 228
1120974.3.peg.2300.site.6, 4, 216, 220
1120974.3.peg.2300.site.7, 1, 212, 213
1120974.3.peg.2300.site.8, 2, 213, 215
1120974.3.peg.2300.site.9, 101, 202, 303
1120974.3.peg.2300.site.10, 2, 206, 208
1120974.3.peg.2300.site.11, 0, 209, 209
1120974.3.peg.2300.site.12, 2, 201, 203
1120974.3.peg.2300.site.13, 94, 191, 285
1120974.3.peg.2300.site.14, 79, 174, 253
1120974.3.peg.2300.site.15, 3, 176, 179
1120974.3.peg.2300.site.16, 79, 171, 250
1120974.3.peg.2300.site.17, 49, 147, 196
1120974.3.peg.2300.site.18, 157, 157, 314
1120974.3.peg.2300.site.19, 142, 179, 321
1120974.3.peg.2300.site.20, 165, 208, 373
1120974.3.peg.2300.site.21, 55, 210, 265
1120974.3.peg.2300.site.22, 56, 214, 270
1120974.3.peg.2300.site.23, 0, 216, 216
1120974.3.peg.2300.site.24, 1, 206, 207
1120974.3.peg.2300.site.25, 55, 212, 267
1120974.3.peg.2300.site.26, 2, 216, 218
1120974.3.peg.2300.site.27, 66, 213, 279
1120974.3.peg.2300.site.28, 9, 212, 221
1120974.3.peg.2300.site.29, 102, 214, 316
1120974.3.peg.2300.site.30, 0, 214, 214
1120974.3.peg.2300.site.31, 46, 214, 260
1120974.3.peg.2300.site.32, 54, 214, 268
1120974.3.peg.2300.site.33, 46, 214, 260
1120974.3.peg.2300.site.34, 2, 216, 218
1120974.3.peg.2300.site.35, 2, 208, 210
1120974.3.peg.2300.site.36, 6, 208, 214
1120974.3.peg.2300.site.37, 2, 210, 212
1120974.3.peg.2300.site.38, 2, 214, 216
1120974.3.peg.2300.site.39, 37, 213, 250
1120974.3.peg.2301.site.1, 48, 213, 261
1120974.3.peg.2301.site.2, 0, 214, 214
1120974.3.peg.2301.site.3, 0, 216, 216
1120974.3.peg.2301.site.4, 0, 216, 216
1120974.3.peg.2301.site.5, 0, 216, 216
1120974.3.peg.2301.site.6, 0, 215, 215
1120974.3.peg.2301.site.7, 48, 212, 260
1120974.3.peg.2301.site.8, 2, 215, 217
1120974.3.peg.2301.site.9, 0, 216, 216
1120974.3.peg.2301.site.10, 4, 216, 220
1120974.3.peg.2301.site.11, 16, 215, 231
1120974.3.peg.2301.site.12, 2, 214, 216
1120974.3.peg.2301.site.13, 0, 212, 212
1120974.3.peg.2301.site.14, 10, 211, 221
1120974.3.peg.2301.site.15, 0, 214, 214
1120974.3.peg.2301.site.16, 37, 211, 248
1120974.3.peg.2301.site.17, 37, 212, 249
1120974.3.peg.2301.site.18, 38, 213, 251
1120974.3.peg.2301.site.19, 39, 214, 253
1120974.3.peg.2301.site.20, 42, 208, 250
1120974.3.peg.2301.site.21, 0, 210, 210
1120974.3.peg.2301.site.22, 44, 210, 254
1120974.3.peg.2301.site.23, 3, 213, 216
1120974.3.peg.2301.site.24, 44, 213, 257
1120974.3.peg.2301.site.25, 6, 214, 220
1120974.3.peg.2301.site.26, 50, 213, 263
1120974.3.peg.2301.site.27, 52, 212, 264
1120974.3.peg.2301.site.28, 114, 215, 329
1120974.3.peg.2301.site.29, 160, 214, 374
1120974.3.peg.2301.site.30, 115, 216, 331
1120974.3.peg.2301.site.31, 42, 213, 255
1120974.3.peg.2301.site.32, 119, 215, 334
1120974.3.peg.2301.site.33, 11, 216, 227
1120974.3.peg.2301.site.34, 32, 213, 245
1120974.3.peg.2301.site.35, 158, 212, 370
1120974.3.peg.2301.site.36, 115, 215, 330
1120974.3.peg.2301.site.37, 10, 214, 224
1120974.3.peg.2301.site.38, 15, 214, 229
1120974.3.peg.2301.site.39, 32, 207, 239
1120974.3.peg.2301.site.40, 2, 199, 201
1120974.3.peg.2301.site.41, 40, 213, 253
1120974.3.peg.2301.site.42, 0, 216, 216
1120974.3.peg.2301.site.43, 32, 215, 247
1120974.3.peg.2301.site.44, 11, 216, 227
1120974.3.peg.2301.site.45, 129, 213, 342
1120974.3.peg.2301.site.46, 20, 214, 234
1120974.3.peg.2301.site.47, 125, 209, 334
1120974.3.peg.2301.site.48, 169, 213, 382
1120974.3.peg.2301.site.49, 169, 214, 383
1120974.3.peg.2301.site.50, 125, 210, 335
1120974.3.peg.2301.site.51, 127, 209, 336
1120974.3.peg.2301.site.52, 1, 211, 212
1120974.3.peg.2301.site.53, 20, 215, 235
1120974.3.peg.2301.site.54, 0, 215, 215
1120974.3.peg.2301.site.55, 24, 212, 236
1120974.3.peg.2301.site.56, 1, 216, 217
1120974.3.peg.2301.site.57, 1, 215, 216
1120974.3.peg.2301.site.58, 0, 216, 216
1120974.3.peg.2301.site.59, 4, 216, 220
1120974.3.peg.2301.site.60, 149, 209, 358
1120974.3.peg.2302.site.1, 159, 212, 371
1120974.3.peg.2302.site.2, 132, 214, 346
1120974.3.peg.2302.site.3, 163, 213, 376
1120974.3.peg.2302.site.4, 28, 214, 242
1120974.3.peg.2302.site.5, 28, 213, 241
1120974.3.peg.2302.site.6, 3, 215, 218
1120974.3.peg.2302.site.7, 123, 212, 335
1120974.3.peg.2302.site.8, 125, 213, 338
1120974.3.peg.2302.site.9, 158, 213, 371
1120974.3.peg.2302.site.10, 0, 216, 216
1120974.3.peg.2302.site.11, 3, 216, 219
1120974.3.peg.2302.site.12, 0, 215, 215
1120974.3.peg.2302.site.13, 6, 216, 222
1120974.3.peg.2302.site.14, 0, 215, 215
1120974.3.peg.2302.site.15, 3, 215, 218
1120974.3.peg.2302.site.16, 29, 207, 236
1120974.3.peg.2302.site.17, 155, 199, 354
1120974.3.peg.2302.site.18, 2, 204, 206
1120974.3.peg.2302.site.19, 141, 185, 326
1120974.3.peg.2302.site.20, 0, 82, 82
1120974.3.peg.2302.site.21, 2, 82, 84
1120974.3.peg.2302.site.22, 2, 90, 92
1120974.3.peg.2302.site.23, 1, 90, 91
1120974.3.peg.2302.site.24, 27, 100, 127
1120974.3.peg.2302.site.25, 104, 156, 260
1120974.3.peg.2302.site.26, 1, 209, 210
1120974.3.peg.2302.site.27, 3, 198, 201
1120974.3.peg.2302.site.28, 0, 208, 208
1120974.3.peg.2302.site.29, 17, 211, 228
1120974.3.peg.2302.site.30, 1, 194, 195
1120974.3.peg.2302.site.31, 36, 212, 248
1120974.3.peg.2302.site.32, 2, 216, 218
1120974.3.peg.2302.site.33, 3, 215, 218
1120974.3.peg.2302.site.34, 51, 212, 263
1120974.3.peg.2302.site.35, 110, 209, 319
1120974.3.peg.2302.site.36, 159, 213, 372
1120974.3.peg.2302.site.37, 7, 213, 220
1120974.3.peg.2302.site.38, 22, 212, 234
1120974.3.peg.2302.site.39, 169, 213, 382
1120974.3.peg.2302.site.40, 0, 215, 215
1120974.3.peg.2302.site.41, 12, 216, 228
1120974.3.peg.2302.site.42, 12, 215, 227
1120974.3.peg.2302.site.43, 42, 213, 255
1120974.3.peg.2302.site.44, 29, 210, 239
1120974.3.peg.2302.site.45, 120, 210, 330
1120974.3.peg.2302.site.46, 121, 210, 331
1120974.3.peg.2303.site.1, 4, 184, 188
1120974.3.peg.2303.site.2, 88, 173, 261
1120974.3.peg.2303.site.3, 2, 164, 166
1120974.3.peg.2303.site.4, 33, 94, 127
1120974.3.peg.2303.site.5, 27, 96, 123
1120974.3.peg.2303.site.6, 8, 78, 86
1120974.3.peg.2303.site.7, 49, 74, 123
1120974.3.peg.2303.site.8, 2, 72, 74
1120974.3.peg.2303.site.9, 33, 86, 119
1120974.3.peg.2303.site.10, 83, 139, 222
1120974.3.peg.2303.site.11, 129, 185, 314
1120974.3.peg.2303.site.12, 14, 211, 225
1120974.3.peg.2303.site.13, 1, 214, 215
1120974.3.peg.2303.site.14, 16, 213, 229
1120974.3.peg.2303.site.15, 26, 211, 237
1120974.3.peg.2303.site.16, 26, 211, 237
1120974.3.peg.2303.site.17, 187, 214, 401
1120974.3.peg.2303.site.18, 191, 213, 404
1120974.3.peg.2303.site.19, 0, 215, 215
1120974.3.peg.2303.site.20, 23, 215, 238
1120974.3.peg.2303.site.21, 1, 216, 217
1120974.3.peg.2303.site.22, 46, 214, 260
1120974.3.peg.2303.site.23, 1, 215, 216
1120974.3.peg.2308.site.1, 0, 214, 214
1120974.3.peg.2308.site.2, 0, 205, 205
1120974.3.peg.2308.site.3, 145, 199, 344
1120974.3.peg.2308.site.4, 5, 193, 198
1120974.3.peg.2308.site.5, 2, 190, 192
1120974.3.peg.2308.site.6, 0, 203, 203
1120974.3.peg.2308.site.7, 1, 214, 215
1120974.3.peg.2308.site.8, 0, 215, 215
1120974.3.peg.2308.site.9, 16, 216, 232
1120974.3.peg.2308.site.10, 64, 211, 275
1120974.3.peg.2308.site.11, 44, 197, 241
1120974.3.peg.2308.site.12, 20, 210, 230
1120974.3.peg.2308.site.13, 131, 203, 334
1120974.3.peg.2308.site.14, 19, 204, 223
1120974.3.peg.2308.site.15, 152, 201, 353
1120974.3.peg.2308.site.16, 149, 196, 345
1120974.3.peg.2308.site.17, 115, 186, 301
1120974.3.peg.2308.site.18, 12, 184, 196
1120974.3.peg.2308.site.19, 7, 129, 136
1120974.3.peg.2308.site.20, 14, 133, 147
1120974.3.peg.2308.site.21, 76, 212, 288
1120974.3.peg.2308.site.22, 10, 208, 218
1120974.3.peg.2308.site.23, 2, 202, 204
1120974.3.peg.2308.site.24, 0, 202, 202
1120974.3.peg.2308.site.25, 8, 200, 208
1120974.3.peg.2308.site.26, 3, 193, 196
1120974.3.peg.2308.site.27, 173, 178, 351
1120974.3.peg.2308.site.28, 76, 150, 226
1120974.3.peg.2308.site.29, 42, 190, 232
1120974.3.peg.2308.site.30, 162, 193, 355
1120974.3.peg.2308.site.31, 8, 152, 160
1120974.3.peg.2308.site.32, 5, 155, 160
1120974.3.peg.2309.site.1, 1, 216, 217
1120974.3.peg.2309.site.2, 1, 216, 217
1120974.3.peg.2309.site.3, 0, 213, 213
1120974.3.peg.2309.site.4, 50, 214, 264
1120974.3.peg.2309.site.5, 0, 214, 214
1120974.3.peg.2309.site.6, 166, 208, 374
1120974.3.peg.2309.site.7, 0, 211, 211
1120974.3.peg.2309.site.8, 53, 214, 267
1120974.3.peg.2309.site.9, 9, 216, 225
1120974.3.peg.2309.site.10, 4, 212, 216
1120974.3.peg.2309.site.11, 1, 215, 216
1120974.3.peg.2309.site.12, 1, 216, 217
1120974.3.peg.2309.site.13, 11, 215, 226
1120974.3.peg.2309.site.14, 106, 213, 319
1120974.3.peg.2309.site.15, 0, 216, 216
1120974.3.peg.2309.site.16, 0, 216, 216
1120974.3.peg.2309.site.17, 136, 211, 347
1120974.3.peg.2309.site.18, 176, 213, 389
1120974.3.peg.2309.site.19, 66, 214, 280
1120974.3.peg.2309.site.20, 2, 214, 216
1120974.3.peg.2309.site.21, 105, 211, 316
1120974.3.peg.2309.site.22, 215, 215, 430
1120974.3.peg.2309.site.23, 7, 215, 222
1120974.3.peg.2230.site.1, 38, 204, 242
1120974.3.peg.2230.site.2, 8, 208, 216
1120974.3.peg.2230.site.3, 8, 207, 215
1120974.3.peg.2230.site.4, 0, 208, 208
1120974.3.peg.2230.site.5, 39, 206, 245
1120974.3.peg.2230.site.6, 181, 202, 383
1120974.3.peg.2230.site.7, 0, 200, 200
1120974.3.peg.2230.site.8, 192, 198, 390
1120974.3.peg.2230.site.9, 61, 204, 265
1120974.3.peg.2230.site.10, 8, 202, 210
1120974.3.peg.2230.site.11, 1, 206, 207
1120974.3.peg.2230.site.12, 7, 196, 203
1120974.3.peg.2230.site.13, 0, 209, 209
1120974.3.peg.2230.site.14, 22, 208, 230
1120974.3.peg.2231.site.1, 27, 208, 235
1120974.3.peg.2231.site.2, 0, 207, 207
1120974.3.peg.2231.site.3, 0, 207, 207
1120974.3.peg.2231.site.4, 0, 208, 208
1120974.3.peg.2231.site.5, 0, 208, 208
1120974.3.peg.2231.site.6, 0, 207, 207
1120974.3.peg.2231.site.7, 79, 201, 280
1120974.3.peg.2231.site.8, 4, 206, 210
1120974.3.peg.2231.site.9, 4, 208, 212
1120974.3.peg.2231.site.10, 4, 209, 213
1120974.3.peg.2231.site.11, 0, 208, 208
1120974.3.peg.2231.site.12, 59, 206, 265
1120974.3.peg.2231.site.13, 9, 209, 218
1120974.3.peg.2231.site.14, 91, 205, 296
1120974.3.peg.2231.site.15, 3, 209, 212
1120974.3.peg.2231.site.16, 59, 205, 264
1120974.3.peg.2231.site.17, 3, 208, 211
1120974.3.peg.2231.site.18, 87, 206, 293
1120974.3.peg.2231.site.19, 0, 209, 209
1120974.3.peg.2231.site.20, 75, 183, 258
1120974.3.peg.2231.site.21, 56, 161, 217
1120974.3.peg.2231.site.22, 2, 209, 211
1120974.3.peg.2231.site.23, 45, 204, 249
1120974.3.peg.2231.site.24, 60, 204, 264
1120974.3.peg.2231.site.25, 14, 208, 222
1120974.3.peg.2231.site.26, 143, 207, 350
1120974.3.peg.2231.site.27, 34, 185, 219
1120974.3.peg.2231.site.28, 29, 183, 212
1120974.3.peg.2231.site.29, 166, 191, 357
1120974.3.peg.2231.site.30, 59, 205, 264
1120974.3.peg.2231.site.31, 0, 209, 209
1120974.3.peg.2231.site.32, 2, 209, 211
1120974.3.peg.2231.site.33, 0, 207, 207
1120974.3.peg.2231.site.34, 0, 210, 210
1120974.3.peg.2231.site.35, 0, 211, 211
1120974.3.peg.2231.site.36, 119, 206, 325
1120974.3.peg.2231.site.37, 6, 208, 214
1120974.3.peg.2231.site.38, 52, 208, 260
1120974.3.peg.2231.site.39, 3, 209, 212
1120974.3.peg.2231.site.40, 0, 210, 210
1120974.3.peg.2231.site.41, 8, 207, 215
1120974.3.peg.2231.site.42, 52, 205, 257
1120974.3.peg.2231.site.43, 0, 208, 208
1120974.3.peg.2231.site.44, 0, 208, 208
1120974.3.peg.2231.site.45, 62, 205, 267
1120974.3.peg.2231.site.46, 1, 209, 210
1120974.3.peg.2231.site.47, 68, 207, 275
1120974.3.peg.2231.site.48, 134, 204, 338
1120974.3.peg.2231.site.49, 68, 204, 272
1120974.3.peg.2231.site.50, 0, 208, 208
1120974.3.peg.2231.site.51, 0, 207, 207
1120974.3.peg.2231.site.52, 9, 208, 217
1120974.3.peg.2231.site.53, 1, 210, 211
1120974.3.peg.2231.site.54, 8, 209, 217
1120974.3.peg.2231.site.55, 0, 209, 209
1120974.3.peg.2231.site.56, 3, 209, 212
1120974.3.peg.2231.site.57, 0, 210, 210
1120974.3.peg.2231.site.58, 60, 208, 268
1120974.3.peg.2231.site.59, 60, 208, 268
1120974.3.peg.2231.site.60, 60, 208, 268
1120974.3.peg.2231.site.61, 1, 210, 211
1120974.3.peg.2231.site.62, 1, 209, 210
1120974.3.peg.2231.site.63, 70, 208, 278
1120974.3.peg.2231.site.64, 79, 208, 287
1120974.3.peg.2231.site.65, 64, 207, 271
1120974.3.peg.2231.site.66, 6, 209, 215
1120974.3.peg.2231.site.67, 67, 207, 274
1120974.3.peg.2231.site.68, 6, 209, 215
1120974.3.peg.2232.site.1, 165, 205, 370
1120974.3.peg.2232.site.2, 40, 207, 247
1120974.3.peg.2232.site.3, 0, 204, 204
1120974.3.peg.2232.site.4, 182, 196, 378
1120974.3.peg.2232.site.5, 47, 194, 241
1120974.3.peg.2232.site.6, 143, 204, 347
1120974.3.peg.2232.site.7, 138, 206, 344
1120974.3.peg.2232.site.8, 2, 207, 209
1120974.3.peg.2232.site.9, 13, 161, 174
1120974.3.peg.2232.site.10, 122, 181, 303
1120974.3.peg.2232.site.11, 34, 200, 234
1120974.3.peg.2232.site.12, 117, 178, 295
1120974.3.peg.2232.site.13, 29, 150, 179
1120974.3.peg.2232.site.14, 92, 153, 245
1120974.3.peg.2232.site.15, 144, 205, 349
1120974.3.peg.2232.site.16, 36, 207, 243
1120974.3.peg.2232.site.17, 0, 207, 207
1120974.3.peg.2232.site.18, 0, 206, 206
1120974.3.peg.2232.site.19, 0, 204, 204
1120974.3.peg.2232.site.20, 15, 204, 219
1120974.3.peg.2232.site.21, 0, 205, 205
1120974.3.peg.2232.site.22, 0, 202, 202
1120974.3.peg.2232.site.23, 4, 202, 206
1120974.3.peg.2232.site.24, 84, 207, 291
1120974.3.peg.2232.site.25, 86, 207, 293
1120974.3.peg.2232.site.26, 0, 208, 208
1120974.3.peg.2232.site.27, 146, 206, 352
1120974.3.peg.2232.site.28, 208, 208, 416
1120974.3.peg.2232.site.29, 0, 209, 209
1120974.3.peg.2232.site.30, 3, 209, 212
1120974.3.peg.2232.site.31, 0, 210, 210
1120974.3.peg.2232.site.32, 1, 210, 211
1120974.3.peg.2232.site.33, 190, 207, 397
1120974.3.peg.2232.site.34, 0, 208, 208
1120974.3.peg.2232.site.35, 0, 209, 209
1120974.3.peg.2233.site.1, 0, 209, 209
1120974.3.peg.2233.site.2, 0, 208, 208
1120974.3.peg.2233.site.3, 63, 206, 269
1120974.3.peg.2233.site.4, 208, 210, 418
1120974.3.peg.2233.site.5, 4, 210, 214
1120974.3.peg.2233.site.6, 64, 207, 271
1120974.3.peg.2233.site.7, 0, 208, 208
1120974.3.peg.2233.site.8, 122, 202, 324
1120974.3.peg.2233.site.9, 0, 208, 208
1120974.3.peg.2233.site.10, 63, 206, 269
1120974.3.peg.2233.site.11, 194, 208, 402
1120974.3.peg.2233.site.12, 0, 208, 208
1120974.3.peg.2233.site.13, 0, 210, 210
1120974.3.peg.2233.site.14, 120, 205, 325
1120974.3.peg.2233.site.15, 185, 206, 391
1120974.3.peg.2233.site.16, 16, 204, 220
1120974.3.peg.2233.site.17, 159, 201, 360
1120974.3.peg.2233.site.18, 145, 187, 332
1120974.3.peg.2233.site.19, 0, 194, 194
1120974.3.peg.2233.site.20, 91, 175, 266
1120974.3.peg.2233.site.21, 199, 199, 398
1120974.3.peg.2233.site.22, 107, 194, 301
1120974.3.peg.2233.site.23, 159, 203, 362
1120974.3.peg.2233.site.24, 0, 206, 206
1120974.3.peg.2233.site.25, 0, 205, 205
1120974.3.peg.2233.site.26, 119, 200, 319
1120974.3.peg.2233.site.27, 121, 193, 314
1120974.3.peg.2233.site.28, 181, 193, 374
1120974.3.peg.2233.site.29, 168, 182, 350
1120974.3.peg.2233.site.30, 4, 188, 192
1120974.3.peg.2233.site.31, 56, 172, 228
1120974.3.peg.2233.site.32, 186, 197, 383
1120974.3.peg.2233.site.33, 0, 203, 203
1120974.3.peg.2233.site.34, 11, 200, 211
1120974.3.peg.2233.site.35, 19, 200, 219
1120974.3.peg.2233.site.36, 102, 203, 305
1120974.3.peg.2233.site.37, 88, 205, 293
1120974.3.peg.2233.site.38, 0, 208, 208
1120974.3.peg.2233.site.39, 73, 202, 275
1120974.3.peg.2233.site.40, 77, 199, 276
1120974.3.peg.2233.site.41, 172, 207, 379
1120974.3.peg.2233.site.42, 82, 204, 286
1120974.3.peg.2233.site.43, 1, 207, 208
1120974.3.peg.2233.site.44, 1, 208, 209
1120974.3.peg.2233.site.45, 1, 205, 206
1120974.3.peg.2233.site.46, 162, 192, 354
1120974.3.peg.2233.site.47, 1, 198, 199
1120974.3.peg.2233.site.48, 67, 193, 260
1120974.3.peg.2233.site.49, 4, 203, 207
1120974.3.peg.2233.site.50, 75, 201, 276
1120974.3.peg.2233.site.51, 126, 199, 325
1120974.3.peg.2233.site.52, 209, 209, 418
1120974.3.peg.2233.site.53, 78, 204, 282
1120974.3.peg.2233.site.54, 85, 205, 290
1120974.3.peg.2233.site.55, 85, 205, 290
1120974.3.peg.2233.site.56, 87, 205, 292
1120974.3.peg.2233.site.57, 1, 207, 208
1120974.3.peg.2233.site.58, 0, 206, 206
1120974.3.peg.2233.site.59, 21, 206, 227
1120974.3.peg.2233.site.60, 84, 205, 289
1120974.3.peg.2233.site.61, 1, 208, 209
1120974.3.peg.2233.site.62, 0, 207, 207
1120974.3.peg.2233.site.63, 87, 206, 293
1120974.3.peg.2233.site.64, 0, 210, 210
1120974.3.peg.2233.site.65, 208, 208, 416
1120974.3.peg.2233.site.66, 86, 206, 292
1120974.3.peg.2233.site.67, 86, 205, 291
1120974.3.peg.2233.site.68, 6, 208, 214
1120974.3.peg.2233.site.69, 78, 204, 282
1120974.3.peg.2233.site.70, 6, 208, 214
1120974.3.peg.2233.site.71, 3, 209, 212
1120974.3.peg.2233.site.72, 3, 210, 213
1120974.3.peg.2233.site.73, 10, 208, 218
1120974.3.peg.2233.site.74, 89, 205, 294
1120974.3.peg.2233.site.75, 13, 105, 118
1120974.3.peg.2233.site.76, 6, 208, 214
1120974.3.peg.2234.site.1, 18, 206, 224
1120974.3.peg.2235.site.1, 114, 157, 271
1120974.3.peg.2235.site.2, 102, 141, 243
1120974.3.peg.2235.site.3, 163, 200, 363
1120974.3.peg.2235.site.4, 10, 207, 217
1120974.3.peg.2235.site.5, 169, 206, 375
1120974.3.peg.2235.site.6, 160, 203, 363
1120974.3.peg.2235.site.7, 158, 201, 359
1120974.3.peg.2235.site.8, 106, 125, 231
1120974.3.peg.2235.site.9, 100, 119, 219
1120974.3.peg.2235.site.10, 92, 111, 203
1120974.3.peg.2235.site.11, 85, 206, 291
1120974.3.peg.2235.site.12, 4, 208, 212
1120974.3.peg.2235.site.13, 86, 208, 294
1120974.3.peg.2235.site.14, 76, 203, 279
1120974.3.peg.2235.site.15, 23, 205, 228
1120974.3.peg.2235.site.16, 0, 207, 207
1120974.3.peg.2235.site.17, 87, 205, 292
1120974.3.peg.2235.site.18, 85, 208, 293
1120974.3.peg.2235.site.19, 0, 209, 209
1120974.3.peg.2235.site.20, 102, 205, 307
1120974.3.peg.2235.site.21, 10, 208, 218
1120974.3.peg.2235.site.22, 164, 208, 372
1120974.3.peg.2235.site.23, 21, 201, 222
1120974.3.peg.2235.site.24, 179, 200, 379
1120974.3.peg.2235.site.25, 103, 198, 301
1120974.3.peg.2235.site.26, 197, 197, 394
1120974.3.peg.2237.site.1, 129, 207, 336
1120974.3.peg.2237.site.2, 0, 207, 207
1120974.3.peg.2237.site.3, 4, 208, 212
1120974.3.peg.2237.site.4, 182, 207, 389
1120974.3.peg.2237.site.5, 19, 208, 227
1120974.3.peg.2237.site.6, 162, 207, 369
1120974.3.peg.2237.site.7, 24, 209, 233
1120974.3.peg.2237.site.8, 0, 211, 211
1120974.3.peg.2237.site.9, 183, 208, 391
1120974.3.peg.2237.site.10, 18, 208, 226
1120974.3.peg.2237.site.11, 157, 206, 363
1120974.3.peg.2237.site.12, 17, 191, 208
1120974.3.peg.2237.site.13, 0, 210, 210
1120974.3.peg.2237.site.14, 197, 208, 405
1120974.3.peg.2237.site.15, 0, 209, 209
1120974.3.peg.2237.site.16, 157, 206, 363
1120974.3.peg.2237.site.17, 176, 206, 382
1120974.3.peg.2237.site.18, 177, 207, 384
1120974.3.peg.2237.site.19, 0, 207, 207
1120974.3.peg.2237.site.20, 4, 208, 212
1120974.3.peg.2237.site.21, 161, 205, 366
1120974.3.peg.2237.site.22, 158, 205, 363
1120974.3.peg.2237.site.23, 7, 209, 216
1120974.3.peg.2237.site.24, 25, 207, 232
1120974.3.peg.2237.site.25, 209, 209, 418
1120974.3.peg.2237.site.26, 12, 208, 220
1120974.3.peg.2237.site.27, 3, 209, 212
1120974.3.peg.2237.site.28, 1, 210, 211
1120974.3.peg.2237.site.29, 160, 207, 367
1120974.3.peg.2237.site.30, 0, 206, 206
1120974.3.peg.2237.site.31, 159, 206, 365
1120974.3.peg.2237.site.32, 155, 204, 359
1120974.3.peg.2237.site.33, 156, 205, 361
1120974.3.peg.2237.site.34, 4, 209, 213
1120974.3.peg.2237.site.35, 16, 207, 223
1120974.3.peg.2237.site.36, 11, 206, 217
1120974.3.peg.2237.site.37, 12, 209, 221
1120974.3.peg.2237.site.38, 1, 209, 210
1120974.3.peg.2237.site.39, 0, 209, 209
1120974.3.peg.2237.site.40, 198, 209, 407
1120974.3.peg.2237.site.41, 2, 209, 211
1120974.3.peg.2237.site.42, 2, 209, 211
1120974.3.peg.2237.site.43, 2, 209, 211
1120974.3.peg.2237.site.44, 2, 199, 201
1120974.3.peg.2237.site.45, 17, 208, 225
1120974.3.peg.2237.site.46, 5, 208, 213
1120974.3.peg.2237.site.47, 210, 210, 420
1120974.3.peg.2237.site.48, 166, 206, 372
1120974.3.peg.2237.site.49, 166, 205, 371
1120974.3.peg.2237.site.50, 15, 206, 221
1120974.3.peg.2237.site.51, 157, 203, 360
1120974.3.peg.2237.site.52, 158, 205, 363
1120974.3.peg.2237.site.53, 154, 206, 360
1120974.3.peg.2237.site.54, 29, 208, 237
1120974.3.peg.2237.site.55, 29, 208, 237
1120974.3.peg.2237.site.56, 29, 208, 237
1120974.3.peg.2237.site.57, 0, 208, 208
1120974.3.peg.2237.site.58, 3, 209, 212
1120974.3.peg.2237.site.59, 10, 210, 220
1120974.3.peg.2237.site.60, 4, 209, 213
1120974.3.peg.2237.site.61, 4, 208, 212
1120974.3.peg.2237.site.62, 4, 207, 211
1120974.3.peg.2238.site.1, 0, 207, 207
1120974.3.peg.2238.site.2, 0, 207, 207
1120974.3.peg.2238.site.3, 13, 206, 219
1120974.3.peg.2238.site.4, 8, 209, 217
1120974.3.peg.2238.site.5, 37, 206, 243
1120974.3.peg.2238.site.6, 48, 204, 252
1120974.3.peg.2238.site.7, 11, 206, 217
1120974.3.peg.2238.site.8, 4, 208, 212
1120974.3.peg.2238.site.9, 28, 207, 235
1120974.3.peg.2238.site.10, 0, 208, 208
1120974.3.peg.2238.site.11, 20, 208, 228
1120974.3.peg.2238.site.12, 47, 205, 252
1120974.3.peg.2238.site.13, 1, 208, 209
1120974.3.peg.2238.site.14, 42, 202, 244
1120974.3.peg.2238.site.15, 47, 201, 248
1120974.3.peg.2238.site.16, 0, 171, 171
1120974.3.peg.2238.site.17, 40, 156, 196
1120974.3.peg.2238.site.18, 39, 169, 208
1120974.3.peg.2238.site.19, 0, 182, 182
1120974.3.peg.2238.site.20, 25, 201, 226
1120974.3.peg.2238.site.21, 45, 201, 246
1120974.3.peg.2238.site.22, 3, 207, 210
1120974.3.peg.2238.site.23, 19, 202, 221
1120974.3.peg.2238.site.24, 19, 200, 219
1120974.3.peg.2238.site.25, 53, 207, 260
1120974.3.peg.2238.site.26, 4, 208, 212
1120974.3.peg.2238.site.27, 1, 207, 208
1120974.3.peg.2238.site.28, 6, 209, 215
1120974.3.peg.2238.site.29, 4, 208, 212
1120974.3.peg.2238.site.30, 1, 209, 210
1120974.3.peg.2238.site.31, 0, 208, 208
1120974.3.peg.2238.site.32, 5, 209, 214
1120974.3.peg.2238.site.33, 3, 207, 210
1120974.3.peg.2239.site.1, 0, 209, 209
1120974.3.peg.2239.site.2, 12, 208, 220
1120974.3.peg.2239.site.3, 51, 209, 260
1120974.3.peg.2239.site.4, 53, 210, 263
1120974.3.peg.2239.site.5, 53, 209, 262
1120974.3.peg.2239.site.6, 53, 208, 261
1120974.3.peg.2239.site.7, 53, 208, 261
1120974.3.peg.2239.site.8, 4, 209, 213
1120974.3.peg.2239.site.9, 13, 208, 221
1120974.3.peg.2239.site.10, 3, 209, 212
1120974.3.peg.2239.site.11, 53, 209, 262
1120974.3.peg.2239.site.12, 52, 204, 256
1120974.3.peg.2239.site.13, 23, 209, 232
1120974.3.peg.2239.site.14, 70, 209, 279
1120974.3.peg.2239.site.15, 70, 209, 279
1120974.3.peg.2239.site.16, 69, 208, 277
1120974.3.peg.2239.site.17, 69, 208, 277
1120974.3.peg.2239.site.18, 0, 208, 208
1120974.3.peg.2239.site.19, 0, 209, 209
1120974.3.peg.2239.site.20, 11, 207, 218
1120974.3.peg.2239.site.21, 4, 208, 212
1120974.3.peg.2239.site.22, 57, 207, 264
1120974.3.peg.2239.site.23, 23, 208, 231
1120974.3.peg.2239.site.24, 4, 209, 213
1120974.3.peg.2239.site.25, 57, 207, 264
1120974.3.peg.2239.site.26, 1, 207, 208
1120974.3.peg.2239.site.27, 52, 207, 259
1120974.3.peg.2239.site.28, 11, 209, 220
1120974.3.peg.2239.site.29, 4, 209, 213
1120974.3.peg.2239.site.30, 63, 208, 271
1120974.3.peg.2239.site.31, 3, 208, 211
1120974.3.peg.2239.site.32, 0, 206, 206
1120974.3.peg.2239.site.33, 57, 209, 266
1120974.3.peg.2239.site.34, 57, 209, 266
1120974.3.peg.2239.site.35, 3, 208, 211
1120974.3.peg.2239.site.36, 52, 207, 259
1120974.3.peg.2239.site.37, 5, 207, 212
1120974.3.peg.2239.site.38, 44, 207, 251
1120974.3.peg.2239.site.39, 8, 208, 216
1120974.3.peg.2239.site.40, 190, 205, 395
1120974.3.peg.2239.site.41, 3, 206, 209
1120974.3.peg.2239.site.42, 0, 205, 205
1120974.3.peg.2239.site.43, 6, 208, 214
1120974.3.peg.2239.site.44, 83, 205, 288
1120974.3.peg.2239.site.45, 83, 205, 288
1120974.3.peg.2239.site.46, 61, 205, 266
1120974.3.peg.2239.site.47, 6, 207, 213
1120974.3.peg.2239.site.48, 5, 209, 214
1120974.3.peg.2239.site.49, 7, 210, 217
1120974.3.peg.2239.site.50, 0, 209, 209
1120974.3.peg.2239.site.51, 61, 209, 270
1120974.3.peg.2239.site.52, 3, 208, 211
1120974.3.peg.2239.site.53, 5, 208, 213
1120974.3.peg.2239.site.54, 0, 210, 210
1120974.3.peg.2239.site.55, 12, 207, 219
1120974.3.peg.2948.site.1, 3, 212, 215
1120974.3.peg.2948.site.2, 2, 214, 216
1120974.3.peg.2948.site.3, 0, 214, 214
1120974.3.peg.2948.site.4, 0, 210, 210
1120974.3.peg.2948.site.5, 0, 204, 204
1120974.3.peg.2948.site.6, 144, 197, 341
1120974.3.peg.2948.site.7, 0, 208, 208
1120974.3.peg.2948.site.8, 157, 208, 365
1120974.3.peg.2948.site.9, 188, 212, 400
1120974.3.peg.2948.site.10, 0, 216, 216
1120974.3.peg.2948.site.11, 160, 209, 369
1120974.3.peg.2948.site.12, 155, 204, 359
1120974.3.peg.2948.site.13, 0, 210, 210
1120974.3.peg.2948.site.14, 0, 181, 181
1120974.3.peg.2948.site.15, 136, 187, 323
1120974.3.peg.2948.site.16, 158, 208, 366
1120974.3.peg.2948.site.17, 0, 215, 215
1120974.3.peg.2948.site.18, 162, 212, 374
1120974.3.peg.2948.site.19, 211, 213, 424
1120974.3.peg.2948.site.20, 0, 214, 214
1120974.3.peg.2948.site.21, 6, 215, 221
1120974.3.peg.2949.site.1, 0, 214, 214
1120974.3.peg.2949.site.2, 0, 212, 212
1120974.3.peg.2949.site.3, 11, 214, 225
1120974.3.peg.2949.site.4, 0, 214, 214
1120974.3.peg.2949.site.5, 161, 211, 372
1120974.3.peg.2949.site.6, 28, 214, 242
1120974.3.peg.2949.site.7, 21, 215, 236
1120974.3.peg.2949.site.8, 1, 215, 216
1120974.3.peg.2949.site.9, 162, 187, 349
1120974.3.peg.2949.site.10, 10, 37, 47
1120974.3.peg.2949.site.11, 139, 187, 326
1120974.3.peg.2949.site.12, 24, 208, 232
1120974.3.peg.2949.site.13, 163, 208, 371
1120974.3.peg.2949.site.14, 25, 214, 239
1120974.3.peg.2949.site.15, 205, 214, 419
1120974.3.peg.2949.site.16, 6, 216, 222
1120974.3.peg.2949.site.17, 166, 214, 380
1120974.3.peg.2949.site.18, 192, 214, 406
1120974.3.peg.2949.site.19, 166, 213, 379
1120974.3.peg.2949.site.20, 27, 213, 240
1120974.3.peg.2949.site.21, 167, 211, 378
1120974.3.peg.2549.site.1, 57, 191, 248
1120974.3.peg.2549.site.2, 0, 216, 216
1120974.3.peg.2549.site.3, 50, 213, 263
1120974.3.peg.2549.site.4, 1, 216, 217
1120974.3.peg.2549.site.5, 16, 215, 231
1120974.3.peg.2549.site.6, 0, 215, 215
1120974.3.peg.2549.site.7, 135, 213, 348
1120974.3.peg.2549.site.8, 0, 214, 214
1120974.3.peg.2549.site.9, 34, 175, 209
1120974.3.peg.2549.site.10, 11, 195, 206
1120974.3.peg.2549.site.11, 0, 199, 199
1120974.3.peg.2549.site.12, 0, 200, 200
1120974.3.peg.2549.site.13, 0, 193, 193
1120974.3.peg.2549.site.14, 17, 178, 195
1120974.3.peg.2549.site.15, 186, 214, 400
1120974.3.peg.2549.site.16, 0, 215, 215
1120974.3.peg.2549.site.17, 4, 216, 220
1120974.3.peg.2549.site.18, 46, 209, 255
1120974.3.peg.2549.site.19, 0, 203, 203
1120974.3.peg.2549.site.20, 8, 204, 212
1120974.3.peg.2549.site.21, 9, 197, 206
1120974.3.peg.2549.site.22, 47, 190, 237
1120974.3.peg.2549.site.23, 23, 181, 204
1120974.3.peg.2549.site.24, 26, 185, 211
1120974.3.peg.2549.site.25, 8, 193, 201
1120974.3.peg.2549.site.26, 11, 208, 219
1120974.3.peg.2549.site.27, 198, 209, 407
1120974.3.peg.2549.site.28, 2, 214, 216
1120974.3.peg.2549.site.29, 7, 215, 222
1120974.3.peg.2549.site.30, 187, 212, 399
1120974.3.peg.2549.site.31, 12, 211, 223
1120974.3.peg.2549.site.32, 1, 213, 214
1120974.3.peg.2549.site.33, 178, 210, 388
1120974.3.peg.2549.site.34, 180, 210, 390
1120974.3.peg.2549.site.35, 4, 215, 219
1120974.3.peg.2549.site.36, 171, 208, 379
1120974.3.peg.2549.site.37, 8, 207, 215
1120974.3.peg.2549.site.38, 175, 208, 383
1120974.3.peg.2549.site.39, 0, 205, 205
1120974.3.peg.2549.site.40, 3, 201, 204
1120974.3.peg.2549.site.41, 179, 209, 388
1120974.3.peg.2549.site.42, 3, 213, 216
1120974.3.peg.2549.site.43, 3, 214, 217
1120974.3.peg.2549.site.44, 180, 213, 393
1120974.3.peg.2549.site.45, 186, 210, 396
1120974.3.peg.2549.site.46, 179, 213, 392
1120974.3.peg.2549.site.47, 0, 214, 214
1120974.3.peg.2549.site.48, 0, 213, 213
1120974.3.peg.2549.site.49, 184, 212, 396
1120974.3.peg.2549.site.50, 0, 216, 216
1120974.3.peg.2546.site.1, 187, 208, 395
1120974.3.peg.2546.site.2, 2, 213, 215
1120974.3.peg.2546.site.3, 12, 213, 225
1120974.3.peg.2546.site.4, 9, 207, 216
1120974.3.peg.2546.site.5, 178, 211, 389
1120974.3.peg.2546.site.6, 179, 211, 390
1120974.3.peg.2546.site.7, 0, 214, 214
1120974.3.peg.2546.site.8, 153, 177, 330
1120974.3.peg.2546.site.9, 3, 195, 198
1120974.3.peg.2546.site.10, 2, 196, 198
1120974.3.peg.2546.site.11, 3, 194, 197
1120974.3.peg.2546.site.12, 81, 147, 228
1120974.3.peg.2546.site.13, 81, 147, 228
1120974.3.peg.2546.site.14, 69, 136, 205
1120974.3.peg.2546.site.15, 1, 126, 127
1120974.3.peg.2547.site.1, 162, 184, 346
1120974.3.peg.2547.site.2, 148, 213, 361
1120974.3.peg.2547.site.3, 1, 215, 216
1120974.3.peg.2547.site.4, 144, 211, 355
1120974.3.peg.2547.site.5, 22, 214, 236
1120974.3.peg.2547.site.6, 0, 211, 211
1120974.3.peg.2547.site.7, 9, 208, 217
1120974.3.peg.2547.site.8, 8, 198, 206
1120974.3.peg.2547.site.9, 83, 114, 197
1120974.3.peg.2547.site.10, 78, 80, 158
1120974.3.peg.2547.site.11, 0, 78, 78
1120974.3.peg.2547.site.12, 19, 94, 113
1120974.3.peg.2547.site.13, 2, 215, 217
1120974.3.peg.2547.site.14, 195, 215, 410
1120974.3.peg.2547.site.15, 49, 211, 260
1120974.3.peg.2547.site.16, 46, 212, 258
1120974.3.peg.2547.site.17, 39, 201, 240
1120974.3.peg.2547.site.18, 150, 169, 319
1120974.3.peg.2547.site.19, 101, 156, 257
1120974.3.peg.2547.site.20, 2, 216, 218
1120974.3.peg.2547.site.21, 7, 214, 221
1120974.3.peg.2547.site.22, 9, 216, 225
1120974.3.peg.2547.site.23, 122, 184, 306
1120974.3.peg.2547.site.24, 122, 188, 310
1120974.3.peg.2547.site.25, 60, 209, 269
1120974.3.peg.2547.site.26, 194, 213, 407
1120974.3.peg.2547.site.27, 4, 214, 218
1120974.3.peg.2547.site.28, 145, 209, 354
1120974.3.peg.2547.site.29, 17, 210, 227
1120974.3.peg.2547.site.30, 146, 205, 351
1120974.3.peg.2547.site.31, 55, 209, 264
1120974.3.peg.2547.site.32, 4, 204, 208
1120974.3.peg.2547.site.33, 52, 199, 251
1120974.3.peg.2547.site.34, 4, 214, 218
1120974.3.peg.2547.site.35, 0, 209, 209
1120974.3.peg.2547.site.36, 4, 215, 219
1120974.3.peg.2547.site.37, 4, 216, 220
1120974.3.peg.2547.site.38, 3, 186, 189
1120974.3.peg.2547.site.39, 0, 214, 214
1120974.3.peg.2547.site.40, 1, 215, 216
1120974.3.peg.2547.site.41, 1, 215, 216
1120974.3.peg.2547.site.42, 7, 214, 221
1120974.3.peg.2547.site.43, 1, 215, 216
1120974.3.peg.2547.site.44, 1, 215, 216
1120974.3.peg.2547.site.45, 1, 214, 215
1120974.3.peg.2547.site.46, 57, 213, 270
1120974.3.peg.2547.site.47, 54, 209, 263
1120974.3.peg.2547.site.48, 0, 215, 215
1120974.3.peg.2547.site.49, 56, 213, 269
1120974.3.peg.2547.site.50, 3, 214, 217
1120974.3.peg.2547.site.51, 188, 188, 376
1120974.3.peg.2544.site.1, 7, 28, 35
1120974.3.peg.2544.site.2, 1, 33, 34
1120974.3.peg.2544.site.3, 31, 52, 83
1120974.3.peg.2544.site.4, 55, 78, 133
1120974.3.peg.2544.site.5, 79, 102, 181
1120974.3.peg.2544.site.6, 132, 144, 276
1120974.3.peg.2544.site.7, 3, 186, 189
1120974.3.peg.2544.site.8, 0, 198, 198
1120974.3.peg.2544.site.9, 176, 202, 378
1120974.3.peg.2544.site.10, 186, 203, 389
1120974.3.peg.2544.site.11, 187, 204, 391
1120974.3.peg.2544.site.12, 192, 210, 402
1120974.3.peg.2544.site.13, 163, 182, 345
1120974.3.peg.2544.site.14, 160, 179, 339
1120974.3.peg.2544.site.15, 108, 130, 238
1120974.3.peg.2544.site.16, 10, 208, 218
1120974.3.peg.2545.site.1, 0, 216, 216
1120974.3.peg.2545.site.2, 191, 214, 405
1120974.3.peg.2545.site.3, 191, 213, 404
1120974.3.peg.2545.site.4, 179, 209, 388
1120974.3.peg.2545.site.5, 199, 206, 405
1120974.3.peg.2545.site.6, 184, 208, 392
1120974.3.peg.2545.site.7, 1, 211, 212
1120974.3.peg.2545.site.8, 195, 209, 404
1120974.3.peg.2545.site.9, 180, 194, 374
1120974.3.peg.2545.site.10, 199, 213, 412
1120974.3.peg.2545.site.11, 0, 215, 215
1120974.3.peg.2545.site.12, 6, 215, 221
1120974.3.peg.2545.site.13, 199, 213, 412
1120974.3.peg.2545.site.14, 191, 215, 406
1120974.3.peg.2545.site.15, 208, 215, 423
1120974.3.peg.2545.site.16, 5, 214, 219
1120974.3.peg.2545.site.17, 24, 213, 237
1120974.3.peg.2545.site.18, 24, 215, 239
1120974.3.peg.2545.site.19, 0, 215, 215
1120974.3.peg.2545.site.20, 5, 216, 221
1120974.3.peg.2545.site.21, 24, 213, 237
1120974.3.peg.2545.site.22, 30, 214, 244
1120974.3.peg.2545.site.23, 5, 214, 219
1120974.3.peg.2545.site.24, 185, 215, 400
1120974.3.peg.2545.site.25, 188, 214, 402
1120974.3.peg.2545.site.26, 182, 214, 396
1120974.3.peg.2545.site.27, 184, 209, 393
1120974.3.peg.2545.site.28, 179, 204, 383
1120974.3.peg.2545.site.29, 212, 213, 425
1120974.3.peg.2545.site.30, 11, 210, 221
1120974.3.peg.2545.site.31, 194, 199, 393
1120974.3.peg.2545.site.32, 0, 144, 144
1120974.3.peg.2545.site.33, 109, 128, 237
1120974.3.peg.2545.site.34, 97, 116, 213
1120974.3.peg.2545.site.35, 5, 124, 129
1120974.3.peg.2545.site.36, 121, 141, 262
1120974.3.peg.2545.site.37, 5, 166, 171
1120974.3.peg.2545.site.38, 5, 211, 216
1120974.3.peg.2545.site.39, 192, 210, 402
1120974.3.peg.2545.site.40, 185, 210, 395
1120974.3.peg.2545.site.41, 186, 212, 398
1120974.3.peg.2545.site.42, 189, 214, 403
1120974.3.peg.2545.site.43, 4, 216, 220
1120974.3.peg.2545.site.44, 163, 190, 353
1120974.3.peg.2545.site.45, 166, 192, 358
1120974.3.peg.2545.site.46, 168, 194, 362
1120974.3.peg.2545.site.47, 180, 206, 386
1120974.3.peg.2542.site.1, 152, 176, 328
1120974.3.peg.2542.site.2, 3, 206, 209
1120974.3.peg.2542.site.3, 5, 215, 220
1120974.3.peg.2542.site.4, 192, 213, 405
1120974.3.peg.2542.site.5, 192, 213, 405
1120974.3.peg.2542.site.6, 84, 107, 191
1120974.3.peg.2542.site.7, 182, 206, 388
1120974.3.peg.2542.site.8, 189, 213, 402
1120974.3.peg.2542.site.9, 94, 124, 218
1120974.3.peg.2542.site.10, 1, 213, 214
1120974.3.peg.2542.site.11, 4, 215, 219
1120974.3.peg.2542.site.12, 186, 208, 394
1120974.3.peg.2542.site.13, 132, 155, 287
1120974.3.peg.2542.site.14, 78, 101, 179
1120974.3.peg.2542.site.15, 44, 47, 91
1120974.3.peg.2542.site.16, 5, 28, 33
1120974.3.peg.2542.site.17, 0, 216, 216
1120974.3.peg.2542.site.18, 4, 215, 219
1120974.3.peg.2542.site.19, 189, 213, 402
1120974.3.peg.2542.site.20, 1, 216, 217
1120974.3.peg.2542.site.21, 4, 215, 219
1120974.3.peg.2542.site.22, 9, 214, 223
1120974.3.peg.2542.site.23, 187, 209, 396
1120974.3.peg.2542.site.24, 0, 213, 213
1120974.3.peg.2542.site.25, 200, 212, 412
1120974.3.peg.2542.site.26, 190, 212, 402
1120974.3.peg.2542.site.27, 140, 164, 304
1120974.3.peg.2542.site.28, 14, 36, 50
1120974.3.peg.2542.site.29, 10, 32, 42
1120974.3.peg.2542.site.30, 1, 20, 21
1120974.3.peg.2542.site.31, 18, 42, 60
1120974.3.peg.2543.site.1, 2, 24, 26
1120974.3.peg.2543.site.2, 19, 44, 63
1120974.3.peg.2543.site.3, 185, 210, 395
1120974.3.peg.2543.site.4, 191, 212, 403
1120974.3.peg.2543.site.5, 4, 215, 219
1120974.3.peg.2543.site.6, 3, 215, 218
1120974.3.peg.2543.site.7, 158, 181, 339
1120974.3.peg.2543.site.8, 96, 119, 215
1120974.3.peg.2543.site.9, 4, 25, 29
1120974.3.peg.2540.site.1, 90, 153, 243
1120974.3.peg.2540.site.2, 205, 210, 415
1120974.3.peg.2540.site.3, 203, 213, 416
1120974.3.peg.2540.site.4, 192, 213, 405
1120974.3.peg.2540.site.5, 195, 214, 409
1120974.3.peg.2540.site.6, 193, 213, 406
1120974.3.peg.2540.site.7, 0, 210, 210
1120974.3.peg.2540.site.8, 0, 210, 210
1120974.3.peg.2540.site.9, 187, 207, 394
1120974.3.peg.2540.site.10, 179, 199, 378
1120974.3.peg.2540.site.11, 178, 201, 379
1120974.3.peg.2540.site.12, 0, 205, 205
1120974.3.peg.2541.site.1, 28, 120, 148
1120974.3.peg.2541.site.2, 22, 110, 132
1120974.3.peg.2541.site.3, 4, 200, 204
1120974.3.peg.2541.site.4, 4, 215, 219
1120974.3.peg.2541.site.5, 0, 215, 215
1120974.3.peg.2541.site.6, 77, 213, 290
1120974.3.peg.2541.site.7, 0, 215, 215
1120974.3.peg.2541.site.8, 194, 215, 409
1120974.3.peg.2541.site.9, 4, 216, 220
1120974.3.peg.2541.site.10, 125, 210, 335
1120974.3.peg.2541.site.11, 123, 209, 332
1120974.3.peg.2541.site.12, 125, 212, 337
1120974.3.peg.2541.site.13, 0, 214, 214
1120974.3.peg.2541.site.14, 0, 216, 216
1120974.3.peg.2541.site.15, 112, 198, 310
1120974.3.peg.2541.site.16, 105, 195, 300
1120974.3.peg.2541.site.17, 7, 196, 203
1120974.3.peg.2541.site.18, 176, 184, 360
1120974.3.peg.2541.site.19, 0, 196, 196
1120974.3.peg.2541.site.20, 7, 207, 214
1120974.3.peg.2541.site.21, 119, 208, 327
1120974.3.peg.2541.site.22, 4, 212, 216
1120974.3.peg.2541.site.23, 193, 211, 404
1120974.3.peg.2541.site.24, 113, 201, 314
1120974.3.peg.2541.site.25, 118, 206, 324
1120974.3.peg.2541.site.26, 71, 210, 281
1120974.3.peg.2541.site.27, 0, 209, 209
1120974.3.peg.2541.site.28, 0, 197, 197
1120974.3.peg.2541.site.29, 0, 172, 172
1120974.3.peg.2541.site.30, 59, 180, 239
1120974.3.peg.2541.site.31, 1, 196, 197
1120974.3.peg.2541.site.32, 181, 197, 378
1120974.3.peg.2541.site.33, 0, 206, 206
1120974.3.peg.2541.site.34, 190, 207, 397
1120974.3.peg.2541.site.35, 0, 210, 210
1120974.3.peg.2541.site.36, 0, 202, 202
1120974.3.peg.2541.site.37, 147, 168, 315
1120974.3.peg.2541.site.38, 122, 142, 264
1120974.3.peg.2541.site.39, 121, 141, 262
1120974.3.peg.2541.site.40, 115, 135, 250
1120974.3.peg.2541.site.41, 0, 165, 165
1120974.3.peg.2541.site.42, 58, 198, 256
1120974.3.peg.2541.site.43, 101, 124, 225
1120974.3.peg.2541.site.44, 66, 203, 269
1120974.3.peg.2541.site.45, 69, 208, 277
1120974.3.peg.2541.site.46, 123, 213, 336
1120974.3.peg.2541.site.47, 71, 203, 274
1120974.3.peg.2541.site.48, 91, 98, 189
1120974.3.peg.2541.site.49, 33, 90, 123
1120974.3.peg.2541.site.50, 107, 198, 305
1120974.3.peg.2541.site.51, 0, 209, 209
1120974.3.peg.2541.site.52, 0, 208, 208
1120974.3.peg.2541.site.53, 0, 212, 212
1120974.3.peg.2541.site.54, 189, 209, 398
1120974.3.peg.2541.site.55, 185, 205, 390
1120974.3.peg.2541.site.56, 0, 206, 206
1120974.3.peg.2541.site.57, 3, 206, 209
1120974.3.peg.2541.site.58, 53, 211, 264
1120974.3.peg.2541.site.59, 141, 208, 349
1120974.3.peg.2541.site.60, 0, 205, 205
1120974.3.peg.2541.site.61, 0, 191, 191
1120974.3.peg.2541.site.62, 43, 168, 211
1120974.3.peg.2541.site.63, 2, 24, 26
1120974.3.peg.2541.site.64, 13, 82, 95
1120974.3.peg.2541.site.65, 13, 84, 97
1120974.3.peg.2541.site.66, 51, 107, 158
1120974.3.peg.2541.site.67, 51, 120, 171
1120974.3.peg.2541.site.68, 186, 207, 393
1120974.3.peg.2541.site.69, 192, 213, 405
1120974.3.peg.2541.site.70, 8, 211, 219
1120974.3.peg.2541.site.71, 9, 80, 89
1120974.3.peg.2541.site.72, 14, 36, 50
1120974.3.peg.2541.site.73, 111, 133, 244
1120974.3.peg.2541.site.74, 9, 206, 215
1120974.3.peg.2541.site.75, 172, 192, 364
1120974.3.peg.2541.site.76, 187, 207, 394
1120974.3.peg.2541.site.77, 200, 202, 402
1120974.3.peg.2541.site.78, 126, 208, 334
1120974.3.peg.2541.site.79, 190, 211, 401
1120974.3.peg.3017.site.1, 130, 208, 338
1120974.3.peg.3017.site.2, 142, 202, 344
1120974.3.peg.3017.site.3, 19, 209, 228
1120974.3.peg.3017.site.4, 4, 212, 216
1120974.3.peg.3017.site.5, 0, 211, 211
1120974.3.peg.3017.site.6, 143, 203, 346
1120974.3.peg.3017.site.7, 56, 200, 256
1120974.3.peg.3017.site.8, 0, 202, 202
1120974.3.peg.3017.site.9, 124, 183, 307
1120974.3.peg.3017.site.10, 6, 182, 188
1120974.3.peg.3017.site.11, 3, 191, 194
1120974.3.peg.3017.site.12, 3, 187, 190
1120974.3.peg.3017.site.13, 4, 195, 199
1120974.3.peg.3017.site.14, 126, 197, 323
1120974.3.peg.3017.site.15, 0, 206, 206
1120974.3.peg.3017.site.16, 0, 207, 207
1120974.3.peg.3017.site.17, 0, 207, 207
1120974.3.peg.3017.site.18, 50, 209, 259
1120974.3.peg.3017.site.19, 0, 201, 201
1120974.3.peg.3017.site.20, 0, 189, 189
1120974.3.peg.3017.site.21, 139, 160, 299
1120974.3.peg.3017.site.22, 0, 208, 208
1120974.3.peg.3017.site.23, 0, 206, 206
1120974.3.peg.3017.site.24, 183, 200, 383
1120974.3.peg.3017.site.25, 177, 194, 371
1120974.3.peg.3017.site.26, 3, 212, 215
1120974.3.peg.3017.site.27, 4, 215, 219
1120974.3.peg.3017.site.28, 163, 210, 373
1120974.3.peg.3017.site.29, 0, 215, 215
1120974.3.peg.3017.site.30, 9, 214, 223
1120974.3.peg.3017.site.31, 1, 216, 217
1120974.3.peg.3017.site.32, 165, 212, 377
1120974.3.peg.3017.site.33, 0, 216, 216
1120974.3.peg.3017.site.34, 0, 215, 215
1120974.3.peg.3017.site.35, 214, 216, 430
1120974.3.peg.3017.site.36, 166, 214, 380
1120974.3.peg.3017.site.37, 163, 214, 377
1120974.3.peg.3017.site.38, 162, 214, 376
1120974.3.peg.3017.site.39, 165, 210, 375
1120974.3.peg.3017.site.40, 152, 213, 365
1120974.3.peg.3017.site.41, 167, 212, 379
1120974.3.peg.3017.site.42, 147, 210, 357
1120974.3.peg.3017.site.43, 153, 214, 367
1120974.3.peg.3017.site.44, 1, 216, 217
1120974.3.peg.3017.site.45, 1, 216, 217
1120974.3.peg.3017.site.46, 150, 213, 363
1120974.3.peg.3017.site.47, 1, 216, 217
1120974.3.peg.3017.site.48, 182, 186, 368
1120974.3.peg.3017.site.49, 70, 80, 150
1120974.3.peg.3017.site.50, 27, 37, 64
1120974.3.peg.3016.site.1, 132, 207, 339
1120974.3.peg.3016.site.2, 2, 208, 210
1120974.3.peg.3016.site.3, 28, 211, 239
1120974.3.peg.3016.site.4, 108, 210, 318
1120974.3.peg.3016.site.5, 1, 214, 215
1120974.3.peg.3016.site.6, 103, 206, 309
1120974.3.peg.3016.site.7, 106, 208, 314
1120974.3.peg.3016.site.8, 2, 215, 217
1120974.3.peg.3016.site.9, 181, 211, 392
1120974.3.peg.3016.site.10, 22, 125, 147
1120974.3.peg.3016.site.11, 10, 114, 124
1120974.3.peg.3016.site.12, 30, 105, 135
1120974.3.peg.3016.site.13, 14, 116, 130
1120974.3.peg.3016.site.14, 38, 141, 179
1120974.3.peg.3016.site.15, 96, 135, 231
1120974.3.peg.3016.site.16, 0, 135, 135
1120974.3.peg.3016.site.17, 97, 133, 230
1120974.3.peg.3016.site.18, 97, 133, 230
1120974.3.peg.3016.site.19, 94, 131, 225
1120974.3.peg.3016.site.20, 1, 132, 133
1120974.3.peg.3016.site.21, 140, 140, 280
1120974.3.peg.3016.site.22, 25, 201, 226
1120974.3.peg.3016.site.23, 32, 208, 240
1120974.3.peg.3016.site.24, 4, 204, 208
1120974.3.peg.3016.site.25, 13, 188, 201
1120974.3.peg.3016.site.26, 35, 214, 249
1120974.3.peg.3016.site.27, 35, 215, 250
1120974.3.peg.3016.site.28, 62, 212, 274
1120974.3.peg.3016.site.29, 52, 212, 264
1120974.3.peg.3016.site.30, 21, 214, 235
1120974.3.peg.3016.site.31, 133, 191, 324
1120974.3.peg.3016.site.32, 52, 172, 224
1120974.3.peg.3016.site.33, 196, 196, 392
1120974.3.peg.3016.site.34, 1, 187, 188
1120974.3.peg.3016.site.35, 1, 177, 178
1120974.3.peg.3016.site.36, 2, 191, 193
1120974.3.peg.3016.site.37, 10, 201, 211
1120974.3.peg.3016.site.38, 10, 198, 208
1120974.3.peg.3016.site.39, 190, 202, 392
1120974.3.peg.3016.site.40, 192, 193, 385
1120974.3.peg.3016.site.41, 148, 153, 301
1120974.3.peg.3016.site.42, 134, 139, 273
1120974.3.peg.3016.site.43, 132, 138, 270
1120974.3.peg.3016.site.44, 128, 133, 261
1120974.3.peg.3015.site.1, 33, 142, 175
1120974.3.peg.3015.site.2, 13, 123, 136
1120974.3.peg.3015.site.3, 10, 189, 199
1120974.3.peg.3015.site.4, 81, 194, 275
1120974.3.peg.3015.site.5, 1, 203, 204
1120974.3.peg.3015.site.6, 101, 206, 307
1120974.3.peg.3015.site.7, 91, 202, 293
1120974.3.peg.3015.site.8, 30, 137, 167
1120974.3.peg.3015.site.9, 56, 123, 179
1120974.3.peg.3015.site.10, 39, 163, 202
1120974.3.peg.3015.site.11, 37, 144, 181
1120974.3.peg.3015.site.12, 77, 160, 237
1120974.3.peg.3015.site.13, 81, 85, 166
1120974.3.peg.3015.site.14, 78, 82, 160
1120974.3.peg.3015.site.15, 4, 81, 85
1120974.3.peg.3015.site.16, 2, 102, 104
1120974.3.peg.3015.site.17, 14, 112, 126
1120974.3.peg.3015.site.18, 135, 211, 346
1120974.3.peg.3015.site.19, 23, 200, 223
1120974.3.peg.3015.site.20, 132, 210, 342
1120974.3.peg.3015.site.21, 4, 213, 217
1120974.3.peg.3015.site.22, 132, 209, 341
1120974.3.peg.3015.site.23, 127, 205, 332
1120974.3.peg.3015.site.24, 136, 212, 348
1120974.3.peg.3015.site.25, 106, 212, 318
1120974.3.peg.3015.site.26, 26, 215, 241
1120974.3.peg.3015.site.27, 19, 206, 225
1120974.3.peg.3015.site.28, 111, 189, 300
1120974.3.peg.3015.site.29, 5, 191, 196
1120974.3.peg.3015.site.30, 108, 185, 293
1120974.3.peg.3015.site.31, 9, 192, 201
1120974.3.peg.3015.site.32, 120, 198, 318
1120974.3.peg.3015.site.33, 115, 193, 308
1120974.3.peg.3015.site.34, 106, 207, 313
1120974.3.peg.3015.site.35, 26, 212, 238
1120974.3.peg.3015.site.36, 131, 209, 340
1120974.3.peg.3015.site.37, 17, 195, 212
1120974.3.peg.3015.site.38, 21, 100, 121
1120974.3.peg.3015.site.39, 0, 82, 82
1120974.3.peg.3015.site.40, 1, 158, 159
1120974.3.peg.3015.site.41, 104, 184, 288
1120974.3.peg.3015.site.42, 1, 214, 215
1120974.3.peg.3015.site.43, 134, 210, 344
1120974.3.peg.3015.site.44, 134, 210, 344
1120974.3.peg.3015.site.45, 134, 211, 345
1120974.3.peg.3015.site.46, 29, 210, 239
1120974.3.peg.3014.site.1, 109, 212, 321
1120974.3.peg.3014.site.2, 4, 215, 219
1120974.3.peg.3014.site.3, 110, 211, 321
1120974.3.peg.3014.site.4, 107, 208, 315
1120974.3.peg.3014.site.5, 0, 213, 213
1120974.3.peg.3014.site.6, 105, 205, 310
1120974.3.peg.3014.site.7, 0, 200, 200
1120974.3.peg.3014.site.8, 150, 185, 335
1120974.3.peg.3014.site.9, 16, 155, 171
1120974.3.peg.3014.site.10, 2, 115, 117
1120974.3.peg.3014.site.11, 34, 113, 147
1120974.3.peg.3014.site.12, 27, 117, 144
1120974.3.peg.3014.site.13, 12, 119, 131
1120974.3.peg.3014.site.14, 34, 123, 157
1120974.3.peg.3014.site.15, 0, 149, 149
1120974.3.peg.3014.site.16, 53, 153, 206
1120974.3.peg.3014.site.17, 0, 160, 160
1120974.3.peg.3014.site.18, 2, 189, 191
1120974.3.peg.3014.site.19, 64, 167, 231
1120974.3.peg.3014.site.20, 100, 203, 303
1120974.3.peg.3014.site.21, 97, 208, 305
1120974.3.peg.3014.site.22, 49, 160, 209
1120974.3.peg.3014.site.23, 32, 147, 179
1120974.3.peg.3014.site.24, 2, 117, 119
1120974.3.peg.3014.site.25, 0, 195, 195
1120974.3.peg.3014.site.26, 0, 174, 174
1120974.3.peg.3014.site.27, 23, 137, 160
1120974.3.peg.3014.site.28, 20, 134, 154
1120974.3.peg.3014.site.29, 35, 148, 183
1120974.3.peg.3014.site.30, 20, 208, 228
1120974.3.peg.3014.site.31, 101, 209, 310
1120974.3.peg.3013.site.1, 21, 211, 232
1120974.3.peg.3013.site.2, 14, 200, 214
1120974.3.peg.3013.site.3, 0, 191, 191
1120974.3.peg.3013.site.4, 3, 192, 195
1120974.3.peg.3013.site.5, 8, 197, 205
1120974.3.peg.3013.site.6, 21, 211, 232
1120974.3.peg.3013.site.7, 188, 211, 399
1120974.3.peg.3013.site.8, 193, 211, 404
1120974.3.peg.3013.site.9, 0, 210, 210
1120974.3.peg.3013.site.10, 10, 206, 216
1120974.3.peg.3013.site.11, 13, 211, 224
1120974.3.peg.3013.site.12, 104, 207, 311
1120974.3.peg.3013.site.13, 211, 211, 422
1120974.3.peg.3013.site.14, 4, 210, 214
1120974.3.peg.3013.site.15, 97, 210, 307
1120974.3.peg.3013.site.16, 4, 215, 219
1120974.3.peg.3013.site.17, 99, 213, 312
1120974.3.peg.3013.site.18, 4, 215, 219
1120974.3.peg.3013.site.19, 184, 204, 388
1120974.3.peg.3013.site.20, 16, 207, 223
1120974.3.peg.3013.site.21, 111, 114, 225
1120974.3.peg.3013.site.22, 45, 118, 163
1120974.3.peg.3013.site.23, 138, 207, 345
1120974.3.peg.3013.site.24, 137, 209, 346
1120974.3.peg.3013.site.25, 133, 206, 339
1120974.3.peg.3013.site.26, 128, 200, 328
1120974.3.peg.3013.site.27, 142, 214, 356
1120974.3.peg.3013.site.28, 4, 215, 219
1120974.3.peg.3013.site.29, 4, 215, 219
1120974.3.peg.3013.site.30, 142, 215, 357
1120974.3.peg.3013.site.31, 4, 215, 219
1120974.3.peg.3013.site.32, 68, 214, 282
1120974.3.peg.3013.site.33, 72, 214, 286
1120974.3.peg.3013.site.34, 1, 213, 214
1120974.3.peg.3013.site.35, 142, 212, 354
1120974.3.peg.3013.site.36, 138, 213, 351
1120974.3.peg.3013.site.37, 138, 207, 345
1120974.3.peg.3013.site.38, 135, 207, 342
1120974.3.peg.3013.site.39, 134, 208, 342
1120974.3.peg.3013.site.40, 136, 209, 345
1120974.3.peg.3013.site.41, 129, 208, 337
1120974.3.peg.3013.site.42, 130, 209, 339
1120974.3.peg.3013.site.43, 79, 209, 288
1120974.3.peg.3013.site.44, 72, 210, 282
1120974.3.peg.3013.site.45, 46, 213, 259
1120974.3.peg.3013.site.46, 71, 212, 283
1120974.3.peg.3013.site.47, 69, 210, 279
1120974.3.peg.3013.site.48, 70, 210, 280
1120974.3.peg.3013.site.49, 73, 213, 286
1120974.3.peg.3013.site.50, 44, 210, 254
1120974.3.peg.3013.site.51, 65, 203, 268
1120974.3.peg.3013.site.52, 1, 153, 154
1120974.3.peg.3013.site.53, 10, 149, 159
1120974.3.peg.3013.site.54, 3, 144, 147
1120974.3.peg.3013.site.55, 10, 148, 158
1120974.3.peg.3013.site.56, 3, 155, 158
1120974.3.peg.3013.site.57, 19, 157, 176
1120974.3.peg.3013.site.58, 25, 166, 191
1120974.3.peg.3013.site.59, 56, 197, 253
1120974.3.peg.3013.site.60, 72, 210, 282
1120974.3.peg.3013.site.61, 72, 212, 284
1120974.3.peg.3013.site.62, 71, 212, 283
1120974.3.peg.3013.site.63, 50, 211, 261
1120974.3.peg.3013.site.64, 70, 211, 281
1120974.3.peg.3013.site.65, 46, 211, 257
1120974.3.peg.3013.site.66, 161, 212, 373
1120974.3.peg.3013.site.67, 65, 210, 275
1120974.3.peg.3013.site.68, 2, 149, 151
1120974.3.peg.3013.site.69, 71, 173, 244
1120974.3.peg.3013.site.70, 88, 200, 288
1120974.3.peg.3013.site.71, 4, 210, 214
1120974.3.peg.3013.site.72, 1, 214, 215
1120974.3.peg.3013.site.73, 2, 215, 217
1120974.3.peg.3013.site.74, 55, 213, 268
1120974.3.peg.3013.site.75, 18, 214, 232
1120974.3.peg.3013.site.76, 1, 214, 215
1120974.3.peg.3013.site.77, 110, 211, 321
1120974.3.peg.3013.site.78, 111, 210, 321
1120974.3.peg.3013.site.79, 58, 212, 270
1120974.3.peg.3013.site.80, 116, 209, 325
1120974.3.peg.3011.site.1, 0, 214, 214
1120974.3.peg.3011.site.2, 22, 198, 220
1120974.3.peg.3011.site.3, 20, 196, 216
1120974.3.peg.3011.site.4, 1, 180, 181
1120974.3.peg.3011.site.5, 1, 179, 180
1120974.3.peg.3011.site.6, 10, 187, 197
1120974.3.peg.3011.site.7, 177, 196, 373
1120974.3.peg.3011.site.8, 9, 208, 217
1120974.3.peg.3011.site.9, 9, 210, 219
1120974.3.peg.3011.site.10, 79, 175, 254
1120974.3.peg.3011.site.11, 26, 207, 233
1120974.3.peg.3011.site.12, 181, 207, 388
1120974.3.peg.3011.site.13, 1, 209, 210
1120974.3.peg.3011.site.14, 22, 208, 230
1120974.3.peg.3011.site.15, 7, 210, 217
1120974.3.peg.3011.site.16, 20, 207, 227
1120974.3.peg.3011.site.17, 210, 210, 420
1120974.3.peg.3011.site.18, 19, 206, 225
1120974.3.peg.3011.site.19, 12, 199, 211
1120974.3.peg.3011.site.20, 11, 199, 210
1120974.3.peg.3011.site.21, 20, 207, 227
1120974.3.peg.3010.site.1, 185, 212, 397
1120974.3.peg.3010.site.2, 8, 213, 221
1120974.3.peg.3010.site.3, 213, 215, 428
1120974.3.peg.3010.site.4, 183, 210, 393
1120974.3.peg.3010.site.5, 210, 212, 422
1120974.3.peg.3010.site.6, 9, 215, 224
1120974.3.peg.3010.site.7, 185, 211, 396
1120974.3.peg.3010.site.8, 22, 211, 233
1120974.3.peg.3010.site.9, 13, 214, 227
1120974.3.peg.3010.site.10, 147, 209, 356
1120974.3.peg.3010.site.11, 148, 211, 359
1120974.3.peg.3010.site.12, 209, 214, 423
1120974.3.peg.3010.site.13, 0, 213, 213
1120974.3.peg.3010.site.14, 189, 210, 399
1120974.3.peg.3010.site.15, 0, 214, 214
1120974.3.peg.3010.site.16, 189, 211, 400
1120974.3.peg.3010.site.17, 146, 211, 357
1120974.3.peg.3010.site.18, 25, 211, 236
1120974.3.peg.3010.site.19, 26, 212, 238
1120974.3.peg.3010.site.20, 62, 206, 268
1120974.3.peg.3010.site.21, 0, 215, 215
1120974.3.peg.3010.site.22, 25, 210, 235
1120974.3.peg.3010.site.23, 0, 214, 214
1120974.3.peg.3010.site.24, 0, 213, 213
1120974.3.peg.3010.site.25, 0, 212, 212
1120974.3.peg.3018.site.1, 0, 205, 205
1120974.3.peg.3018.site.2, 204, 208, 412
1120974.3.peg.3018.site.3, 2, 211, 213
1120974.3.peg.3018.site.4, 2, 215, 217
1120974.3.peg.3018.site.5, 18, 213, 231
1120974.3.peg.3018.site.6, 6, 213, 219
1120974.3.peg.3018.site.7, 14, 213, 227
1120974.3.peg.3018.site.8, 191, 213, 404
1120974.3.peg.3018.site.9, 3, 212, 215
1120974.3.peg.3018.site.10, 212, 214, 426
1120974.3.peg.3018.site.11, 0, 215, 215
1120974.3.peg.3018.site.12, 1, 216, 217
1120974.3.peg.3018.site.13, 2, 216, 218
1120974.3.peg.3018.site.14, 10, 216, 226
1120974.3.peg.3018.site.15, 76, 209, 285
1120974.3.peg.3018.site.16, 1, 216, 217
1120974.3.peg.3018.site.17, 1, 216, 217
1120974.3.peg.3018.site.18, 5, 216, 221
1120974.3.peg.3018.site.19, 76, 209, 285
1120974.3.peg.3018.site.20, 1, 216, 217
1120974.3.peg.3018.site.21, 1, 215, 216
1120974.3.peg.3018.site.22, 189, 212, 401
1120974.3.peg.3018.site.23, 186, 205, 391
1120974.3.peg.3018.site.24, 12, 212, 224
1120974.3.peg.3018.site.25, 86, 214, 300
1120974.3.peg.3018.site.26, 186, 210, 396
1120974.3.peg.3018.site.27, 177, 201, 378
1120974.3.peg.3018.site.28, 185, 209, 394
1120974.3.peg.3018.site.29, 190, 213, 403
1120974.3.peg.3018.site.30, 190, 215, 405
1120974.3.peg.3018.site.31, 1, 212, 213
1120974.3.peg.3018.site.32, 190, 214, 404
1120974.3.peg.3018.site.33, 189, 212, 401
1120974.3.peg.3018.site.34, 189, 212, 401
1120974.3.peg.3018.site.35, 184, 207, 391
1120974.3.peg.3018.site.36, 186, 209, 395
1120974.3.peg.3018.site.37, 161, 184, 345
1120974.3.peg.3018.site.38, 48, 70, 118
1120974.3.peg.3018.site.39, 7, 32, 39
1120974.3.peg.3018.site.40, 0, 26, 26
1120974.3.peg.3018.site.41, 59, 84, 143
1120974.3.peg.3018.site.42, 131, 133, 264
1120974.3.peg.3018.site.43, 149, 172, 321
1120974.3.peg.3018.site.44, 176, 200, 376
1120974.3.peg.3018.site.45, 10, 195, 205
1120974.3.peg.3018.site.46, 172, 196, 368
1120974.3.peg.3018.site.47, 193, 214, 407
1120974.3.peg.3018.site.48, 192, 214, 406
1120974.3.peg.3018.site.49, 0, 215, 215
1120974.3.peg.3018.site.50, 15, 216, 231
1120974.3.peg.3018.site.51, 199, 216, 415
1120974.3.peg.3018.site.52, 191, 213, 404
1120974.3.peg.3018.site.53, 2, 216, 218
1120974.3.peg.3123.site.1, 199, 214, 413
1120974.3.peg.3123.site.2, 187, 211, 398
1120974.3.peg.3123.site.3, 209, 215, 424
1120974.3.peg.3123.site.4, 0, 215, 215
1120974.3.peg.3123.site.5, 76, 213, 289
1120974.3.peg.3123.site.6, 208, 214, 422
1120974.3.peg.3123.site.7, 77, 212, 289
1120974.3.peg.3123.site.8, 121, 211, 332
1120974.3.peg.3123.site.9, 1, 215, 216
1120974.3.peg.3123.site.10, 73, 206, 279
1120974.3.peg.3123.site.11, 0, 210, 210
1120974.3.peg.3123.site.12, 74, 209, 283
1120974.3.peg.3123.site.13, 3, 214, 217
1120974.3.peg.3123.site.14, 94, 210, 304
1120974.3.peg.3123.site.15, 97, 212, 309
1120974.3.peg.3123.site.16, 83, 209, 292
1120974.3.peg.3123.site.17, 2, 214, 216
1120974.3.peg.3123.site.18, 91, 205, 296
1120974.3.peg.3123.site.19, 175, 204, 379
1120974.3.peg.3123.site.20, 175, 204, 379
1120974.3.peg.3123.site.21, 87, 206, 293
1120974.3.peg.3123.site.22, 83, 204, 287
1120974.3.peg.3123.site.23, 89, 210, 299
1120974.3.peg.3123.site.24, 64, 169, 233
1120974.3.peg.3123.site.25, 137, 168, 305
1120974.3.peg.3123.site.26, 73, 177, 250
1120974.3.peg.3123.site.27, 85, 201, 286
1120974.3.peg.3123.site.28, 91, 209, 300
1120974.3.peg.3123.site.29, 1, 213, 214
1120974.3.peg.3121.site.1, 191, 213, 404
1120974.3.peg.3121.site.2, 0, 212, 212
1120974.3.peg.3121.site.3, 188, 211, 399
1120974.3.peg.3121.site.4, 174, 193, 367
1120974.3.peg.3121.site.5, 75, 180, 255
1120974.3.peg.3121.site.6, 156, 167, 323
1120974.3.peg.3121.site.7, 8, 97, 105
1120974.3.peg.3121.site.8, 75, 96, 171
1120974.3.peg.3121.site.9, 11, 31, 42
1120974.3.peg.3120.site.1, 146, 175, 321
1120974.3.peg.3120.site.2, 2, 179, 181
1120974.3.peg.3120.site.3, 7, 215, 222
1120974.3.peg.3120.site.4, 161, 213, 374
1120974.3.peg.3120.site.5, 145, 197, 342
1120974.3.peg.3120.site.6, 37, 213, 250
1120974.3.peg.3120.site.7, 121, 209, 330
1120974.3.peg.3120.site.8, 1, 215, 216
1120974.3.peg.3120.site.9, 0, 214, 214
1120974.3.peg.3120.site.10, 126, 211, 337
1120974.3.peg.3120.site.11, 2, 216, 218
1120974.3.peg.3120.site.12, 125, 209, 334
1120974.3.peg.3120.site.13, 197, 212, 409
1120974.3.peg.3120.site.14, 124, 205, 329
1120974.3.peg.3120.site.15, 11, 211, 222
1120974.3.peg.3120.site.16, 128, 212, 340
1120974.3.peg.3120.site.17, 126, 211, 337
1120974.3.peg.3120.site.18, 24, 214, 238
1120974.3.peg.3120.site.19, 164, 211, 375
1120974.3.peg.3120.site.20, 2, 216, 218
1120974.3.peg.3120.site.21, 165, 213, 378
1120974.3.peg.3120.site.22, 122, 207, 329
1120974.3.peg.3120.site.23, 3, 216, 219
1120974.3.peg.3120.site.24, 123, 206, 329
1120974.3.peg.3120.site.25, 60, 96, 156
1120974.3.peg.3120.site.26, 2, 118, 120
1120974.3.peg.3120.site.27, 47, 96, 143
1120974.3.peg.3120.site.28, 47, 91, 138
1120974.3.peg.3120.site.29, 5, 139, 144
1120974.3.peg.3120.site.30, 27, 200, 227
1120974.3.peg.3120.site.31, 0, 204, 204
1120974.3.peg.3120.site.32, 34, 208, 242
1120974.3.peg.3120.site.33, 34, 210, 244
1120974.3.peg.3120.site.34, 151, 200, 351
1120974.3.peg.3120.site.35, 123, 172, 295
1120974.3.peg.3120.site.36, 96, 144, 240
1120974.3.peg.3120.site.37, 84, 131, 215
1120974.3.peg.3120.site.38, 113, 161, 274
1120974.3.peg.3120.site.39, 174, 196, 370
1120974.3.peg.3120.site.40, 170, 193, 363
1120974.3.peg.3120.site.41, 152, 175, 327
1120974.3.peg.3120.site.42, 147, 170, 317
1120974.3.peg.3120.site.43, 172, 195, 367
1120974.3.peg.3120.site.44, 4, 197, 201
1120974.3.peg.3120.site.45, 121, 199, 320
1120974.3.peg.3120.site.46, 208, 208, 416
1120974.3.peg.3120.site.47, 0, 215, 215
1120974.3.peg.3120.site.48, 2, 214, 216
1120974.3.peg.3127.site.1, 0, 183, 183
1120974.3.peg.3127.site.2, 0, 183, 183
1120974.3.peg.3127.site.3, 167, 185, 352
1120974.3.peg.3127.site.4, 0, 186, 186
1120974.3.peg.3127.site.5, 164, 183, 347
1120974.3.peg.3127.site.6, 163, 183, 346
1120974.3.peg.3127.site.7, 165, 186, 351
1120974.3.peg.3127.site.8, 22, 211, 233
1120974.3.peg.3127.site.9, 167, 211, 378
1120974.3.peg.3127.site.10, 48, 92, 140
1120974.3.peg.3127.site.11, 72, 86, 158
1120974.3.peg.3127.site.12, 0, 166, 166
1120974.3.peg.3127.site.13, 129, 140, 269
1120974.3.peg.3127.site.14, 28, 86, 114
1120974.3.peg.3127.site.15, 4, 103, 107
1120974.3.peg.3127.site.16, 159, 209, 368
1120974.3.peg.3127.site.17, 30, 211, 241
1120974.3.peg.3127.site.18, 0, 215, 215
1120974.3.peg.3127.site.19, 160, 214, 374
1120974.3.peg.3127.site.20, 30, 214, 244
1120974.3.peg.3127.site.21, 197, 214, 411
1120974.3.peg.3127.site.22, 0, 210, 210
1120974.3.peg.3127.site.23, 30, 204, 234
1120974.3.peg.3127.site.24, 1, 128, 129
1120974.3.peg.3127.site.25, 98, 148, 246
1120974.3.peg.3127.site.26, 1, 214, 215
1120974.3.peg.3127.site.27, 101, 211, 312
1120974.3.peg.3127.site.28, 54, 209, 263
1120974.3.peg.3127.site.29, 53, 208, 261
1120974.3.peg.3127.site.30, 52, 210, 262
1120974.3.peg.3127.site.31, 4, 152, 156
1120974.3.peg.3127.site.32, 4, 152, 156
1120974.3.peg.3127.site.33, 52, 201, 253
1120974.3.peg.3127.site.34, 7, 213, 220
1120974.3.peg.3127.site.35, 4, 212, 216
1120974.3.peg.3127.site.36, 1, 215, 216
1120974.3.peg.3127.site.37, 1, 216, 217
1120974.3.peg.3127.site.38, 43, 212, 255
1120974.3.peg.3127.site.39, 61, 213, 274
1120974.3.peg.3127.site.40, 65, 212, 277
1120974.3.peg.3127.site.41, 75, 210, 285
1120974.3.peg.3127.site.42, 187, 213, 400
1120974.3.peg.3127.site.43, 107, 211, 318
1120974.3.peg.3127.site.44, 72, 211, 283
1120974.3.peg.3127.site.45, 5, 212, 217
1120974.3.peg.3127.site.46, 71, 211, 282
1120974.3.peg.3127.site.47, 1, 215, 216
1120974.3.peg.3127.site.48, 161, 211, 372
1120974.3.peg.3126.site.1, 39, 184, 223
1120974.3.peg.3126.site.2, 22, 215, 237
1120974.3.peg.3126.site.3, 171, 213, 384
1120974.3.peg.3126.site.4, 13, 215, 228
1120974.3.peg.3126.site.5, 171, 214, 385
1120974.3.peg.3126.site.6, 171, 214, 385
1120974.3.peg.3126.site.7, 0, 213, 213
1120974.3.peg.3126.site.8, 0, 213, 213
1120974.3.peg.3126.site.9, 161, 215, 376
1120974.3.peg.3126.site.10, 1, 204, 205
1120974.3.peg.3126.site.11, 1, 204, 205
1120974.3.peg.3126.site.12, 4, 205, 209
1120974.3.peg.3126.site.13, 149, 212, 361
1120974.3.peg.3126.site.14, 170, 213, 383
1120974.3.peg.3126.site.15, 149, 214, 363
1120974.3.peg.3126.site.16, 12, 215, 227
1120974.3.peg.3126.site.17, 148, 212, 360
1120974.3.peg.3126.site.18, 0, 214, 214
1120974.3.peg.3125.site.1, 90, 213, 303
1120974.3.peg.3125.site.2, 5, 216, 221
1120974.3.peg.3125.site.3, 9, 40, 49
1120974.3.peg.3125.site.4, 28, 59, 87
1120974.3.peg.3125.site.5, 46, 77, 123
1120974.3.peg.3125.site.6, 59, 85, 144
1120974.3.peg.3125.site.7, 71, 95, 166
1120974.3.peg.3125.site.8, 109, 131, 240
1120974.3.peg.3125.site.9, 161, 185, 346
1120974.3.peg.3125.site.10, 4, 210, 214
1120974.3.peg.3125.site.11, 4, 214, 218
1120974.3.peg.3125.site.12, 0, 215, 215
1120974.3.peg.3125.site.13, 1, 213, 214
1120974.3.peg.3125.site.14, 0, 213, 213
1120974.3.peg.3125.site.15, 179, 208, 387
1120974.3.peg.3125.site.16, 0, 206, 206
1120974.3.peg.3125.site.17, 178, 209, 387
1120974.3.peg.3125.site.18, 0, 215, 215
1120974.3.peg.3125.site.19, 63, 209, 272
1120974.3.peg.3125.site.20, 44, 133, 177
1120974.3.peg.3125.site.21, 136, 141, 277
1120974.3.peg.3125.site.22, 0, 200, 200
1120974.3.peg.3124.site.1, 1, 88, 89
1120974.3.peg.3124.site.2, 73, 101, 174
1120974.3.peg.3124.site.3, 1, 166, 167
1120974.3.peg.3124.site.4, 3, 174, 177
1120974.3.peg.3124.site.5, 175, 204, 379
1120974.3.peg.3124.site.6, 86, 207, 293
1120974.3.peg.3124.site.7, 194, 205, 399
1120974.3.peg.3124.site.8, 0, 203, 203
1120974.3.peg.3124.site.9, 157, 185, 342
1120974.3.peg.3124.site.10, 7, 187, 194
1120974.3.peg.3124.site.11, 51, 69, 120
1120974.3.peg.3124.site.12, 176, 203, 379
1120974.3.peg.3124.site.13, 19, 209, 228
1120974.3.peg.3124.site.14, 171, 188, 359
1120974.3.peg.3129.site.1, 154, 215, 369
1120974.3.peg.3129.site.2, 151, 212, 363
1120974.3.peg.3129.site.3, 5, 215, 220
1120974.3.peg.3129.site.4, 53, 215, 268
1120974.3.peg.3129.site.5, 155, 215, 370
1120974.3.peg.3129.site.6, 154, 214, 368
1120974.3.peg.3129.site.7, 154, 214, 368
1120974.3.peg.3129.site.8, 0, 214, 214
1120974.3.peg.3129.site.9, 53, 213, 266
1120974.3.peg.3129.site.10, 153, 214, 367
1120974.3.peg.3129.site.11, 13, 214, 227
1120974.3.peg.3129.site.12, 165, 214, 379
1120974.3.peg.3129.site.13, 1, 216, 217
1120974.3.peg.3129.site.14, 23, 216, 239
1120974.3.peg.3129.site.15, 173, 213, 386
1120974.3.peg.3129.site.16, 0, 216, 216
1120974.3.peg.3129.site.17, 140, 214, 354
1120974.3.peg.3129.site.18, 141, 207, 348
1120974.3.peg.3129.site.19, 3, 214, 217
1120974.3.peg.3129.site.20, 151, 214, 365
1120974.3.peg.3129.site.21, 3, 212, 215
1120974.3.peg.3129.site.22, 155, 195, 350
1120974.3.peg.3129.site.23, 149, 183, 332
1120974.3.peg.3129.site.24, 68, 106, 174
1120974.3.peg.3129.site.25, 21, 59, 80
1120974.3.peg.3129.site.26, 68, 73, 141
1120974.3.peg.3129.site.27, 101, 147, 248
1120974.3.peg.3129.site.28, 51, 212, 263
1120974.3.peg.3129.site.29, 27, 214, 241
1120974.3.peg.3129.site.30, 171, 214, 385
1120974.3.peg.3129.site.31, 166, 212, 378
1120974.3.peg.3129.site.32, 119, 166, 285
1120974.3.peg.3129.site.33, 160, 205, 365
1120974.3.peg.3129.site.34, 160, 205, 365
1120974.3.peg.3129.site.35, 162, 205, 367
1120974.3.peg.3129.site.36, 0, 204, 204
1120974.3.peg.3129.site.37, 103, 194, 297
1120974.3.peg.3129.site.38, 8, 188, 196
1120974.3.peg.3129.site.39, 131, 174, 305
1120974.3.peg.3129.site.40, 129, 171, 300
1120974.3.peg.3129.site.41, 4, 171, 175
1120974.3.peg.3129.site.42, 54, 144, 198
1120974.3.peg.3129.site.43, 63, 140, 203
1120974.3.peg.3129.site.44, 51, 142, 193
1120974.3.peg.3129.site.45, 53, 140, 193
1120974.3.peg.3129.site.46, 1, 143, 144
1120974.3.peg.3129.site.47, 57, 103, 160
1120974.3.peg.3129.site.48, 5, 95, 100
1120974.3.peg.3129.site.49, 44, 87, 131
1120974.3.peg.3129.site.50, 65, 109, 174
1120974.3.peg.3129.site.51, 80, 123, 203
1120974.3.peg.3129.site.52, 8, 193, 201
1120974.3.peg.3129.site.53, 165, 211, 376
1120974.3.peg.3129.site.54, 170, 208, 378
1120974.3.peg.3129.site.55, 152, 197, 349
1120974.3.peg.3129.site.56, 1, 208, 209
1120974.3.peg.3129.site.57, 167, 212, 379
1120974.3.peg.3129.site.58, 168, 213, 381
1120974.3.peg.3129.site.59, 123, 209, 332
1120974.3.peg.3129.site.60, 38, 210, 248
1120974.3.peg.3129.site.61, 6, 161, 167
1120974.3.peg.3129.site.62, 104, 165, 269
1120974.3.peg.3129.site.63, 102, 163, 265
1120974.3.peg.3129.site.64, 152, 213, 365
1120974.3.peg.3129.site.65, 0, 215, 215
1120974.3.peg.3129.site.66, 0, 215, 215
1120974.3.peg.3129.site.67, 42, 214, 256
1120974.3.peg.3129.site.68, 0, 216, 216
1120974.3.peg.3129.site.69, 1, 214, 215
1120974.3.peg.3129.site.70, 165, 210, 375
1120974.3.peg.3129.site.71, 3, 97, 100
1120974.3.peg.3129.site.72, 1, 96, 97
1120974.3.peg.3129.site.73, 31, 151, 182
1120974.3.peg.3129.site.74, 29, 165, 194
1120974.3.peg.3129.site.75, 0, 199, 199
1120974.3.peg.3129.site.76, 169, 209, 378
1120974.3.peg.3308.site.1, 3, 215, 218
1120974.3.peg.3308.site.2, 3, 214, 217
1120974.3.peg.3308.site.3, 2, 213, 215
1120974.3.peg.3308.site.4, 0, 214, 214
1120974.3.peg.3308.site.5, 0, 215, 215
1120974.3.peg.3308.site.6, 185, 212, 397
1120974.3.peg.3308.site.7, 0, 213, 213
1120974.3.peg.3303.site.1, 122, 137, 259
1120974.3.peg.3303.site.2, 161, 214, 375
1120974.3.peg.3303.site.3, 1, 215, 216
1120974.3.peg.3303.site.4, 34, 212, 246
1120974.3.peg.3303.site.5, 42, 212, 254
1120974.3.peg.3303.site.6, 43, 213, 256
1120974.3.peg.3303.site.7, 43, 214, 257
1120974.3.peg.3303.site.8, 172, 209, 381
1120974.3.peg.3303.site.9, 4, 204, 208
1120974.3.peg.3303.site.10, 24, 201, 225
1120974.3.peg.3302.site.1, 137, 165, 302
1120974.3.peg.3302.site.2, 143, 163, 306
1120974.3.peg.3302.site.3, 150, 170, 320
1120974.3.peg.3302.site.4, 0, 161, 161
1120974.3.peg.3302.site.5, 133, 153, 286
1120974.3.peg.3302.site.6, 105, 129, 234
1120974.3.peg.3302.site.7, 120, 147, 267
1120974.3.peg.3302.site.8, 143, 169, 312
1120974.3.peg.3302.site.9, 4, 210, 214
1120974.3.peg.3302.site.10, 183, 211, 394
1120974.3.peg.3302.site.11, 4, 216, 220
1120974.3.peg.3302.site.12, 2, 215, 217
1120974.3.peg.3302.site.13, 4, 211, 215
1120974.3.peg.3302.site.14, 4, 213, 217
1120974.3.peg.3302.site.15, 0, 212, 212
1120974.3.peg.3300.site.1, 0, 215, 215
1120974.3.peg.3307.site.1, 33, 102, 135
1120974.3.peg.3307.site.2, 6, 198, 204
1120974.3.peg.3307.site.3, 2, 214, 216
1120974.3.peg.3307.site.4, 188, 212, 400
1120974.3.peg.3307.site.5, 6, 215, 221
1120974.3.peg.3307.site.6, 4, 216, 220
1120974.3.peg.3307.site.7, 137, 207, 344
1120974.3.peg.3307.site.8, 15, 105, 120
1120974.3.peg.3307.site.9, 59, 86, 145
1120974.3.peg.3307.site.10, 11, 81, 92
1120974.3.peg.3307.site.11, 4, 75, 79
1120974.3.peg.3307.site.12, 4, 71, 75
1120974.3.peg.3307.site.13, 62, 71, 133
1120974.3.peg.3307.site.14, 4, 71, 75
1120974.3.peg.3307.site.15, 3, 71, 74
1120974.3.peg.3307.site.16, 42, 70, 112
1120974.3.peg.3307.site.17, 38, 67, 105
1120974.3.peg.3307.site.18, 0, 68, 68
1120974.3.peg.3307.site.19, 9, 68, 77
1120974.3.peg.3307.site.20, 56, 67, 123
1120974.3.peg.3307.site.21, 2, 68, 70
1120974.3.peg.3307.site.22, 47, 70, 117
1120974.3.peg.3307.site.23, 21, 84, 105
1120974.3.peg.3307.site.24, 4, 213, 217
1120974.3.peg.3307.site.25, 146, 212, 358
1120974.3.peg.3307.site.26, 4, 214, 218
1120974.3.peg.3307.site.27, 7, 213, 220
1120974.3.peg.3307.site.28, 146, 211, 357
1120974.3.peg.3307.site.29, 38, 214, 252
1120974.3.peg.3307.site.30, 140, 205, 345
1120974.3.peg.3307.site.31, 2, 206, 208
1120974.3.peg.3307.site.32, 1, 187, 188
1120974.3.peg.3307.site.33, 104, 165, 269
1120974.3.peg.3307.site.34, 120, 179, 299
1120974.3.peg.3307.site.35, 118, 179, 297
1120974.3.peg.3307.site.36, 202, 202, 404
1120974.3.peg.3307.site.37, 0, 212, 212
1120974.3.peg.3307.site.38, 0, 212, 212
1120974.3.peg.3307.site.39, 146, 210, 356
1120974.3.peg.3307.site.40, 56, 119, 175
1120974.3.peg.3307.site.41, 48, 112, 160
1120974.3.peg.3307.site.42, 52, 117, 169
1120974.3.peg.3307.site.43, 54, 117, 171
1120974.3.peg.3307.site.44, 2, 213, 215
1120974.3.peg.3307.site.45, 0, 212, 212
1120974.3.peg.3306.site.1, 15, 96, 111
1120974.3.peg.3306.site.2, 0, 176, 176
1120974.3.peg.3306.site.3, 5, 209, 214
1120974.3.peg.3306.site.4, 27, 137, 164
1120974.3.peg.3306.site.5, 1, 96, 97
1120974.3.peg.3306.site.6, 13, 74, 87
1120974.3.peg.3306.site.7, 0, 74, 74
1120974.3.peg.3306.site.8, 0, 74, 74
1120974.3.peg.3306.site.9, 4, 75, 79
1120974.3.peg.3306.site.10, 4, 77, 81
1120974.3.peg.3306.site.11, 0, 88, 88
1120974.3.peg.3306.site.12, 36, 106, 142
1120974.3.peg.3306.site.13, 2, 155, 157
1120974.3.peg.3306.site.14, 138, 207, 345
1120974.3.peg.3306.site.15, 6, 215, 221
1120974.3.peg.3306.site.16, 139, 208, 347
1120974.3.peg.3306.site.17, 103, 173, 276
1120974.3.peg.3306.site.18, 1, 76, 77
1120974.3.peg.3306.site.19, 46, 75, 121
1120974.3.peg.3306.site.20, 0, 73, 73
1120974.3.peg.3304.site.1, 44, 177, 221
1120974.3.peg.3304.site.2, 50, 188, 238
1120974.3.peg.3304.site.3, 63, 201, 264
1120974.3.peg.3304.site.4, 65, 200, 265
1120974.3.peg.3304.site.5, 0, 213, 213
1120974.3.peg.3304.site.6, 4, 216, 220
1120974.3.peg.3304.site.7, 90, 148, 238
1120974.3.peg.3304.site.8, 13, 74, 87
1120974.3.peg.3304.site.9, 8, 68, 76
1120974.3.peg.3304.site.10, 5, 66, 71
1120974.3.peg.3304.site.11, 14, 115, 129
1120974.3.peg.3304.site.12, 18, 124, 142
1120974.3.peg.3304.site.13, 18, 127, 145
1120974.3.peg.3304.site.14, 48, 181, 229
1120974.3.peg.3304.site.15, 150, 206, 356
1120974.3.peg.3304.site.16, 4, 209, 213
1120974.3.peg.3304.site.17, 158, 210, 368
1120974.3.peg.3304.site.18, 149, 209, 358
1120974.3.peg.3304.site.19, 149, 209, 358
1120974.3.peg.3304.site.20, 132, 194, 326
1120974.3.peg.3304.site.21, 85, 149, 234
1120974.3.peg.3304.site.22, 13, 123, 136
1120974.3.peg.3304.site.23, 0, 152, 152
1120974.3.peg.3304.site.24, 98, 162, 260
1120974.3.peg.3304.site.25, 65, 173, 238
1120974.3.peg.3041.site.1, 8, 213, 221
1120974.3.peg.3041.site.2, 40, 212, 252
1120974.3.peg.3041.site.3, 39, 214, 253
1120974.3.peg.3041.site.4, 62, 210, 272
1120974.3.peg.3041.site.5, 2, 214, 216
1120974.3.peg.3041.site.6, 5, 214, 219
1120974.3.peg.3041.site.7, 95, 205, 300
1120974.3.peg.3041.site.8, 6, 186, 192
1120974.3.peg.3041.site.9, 38, 149, 187
1120974.3.peg.3041.site.10, 41, 151, 192
1120974.3.peg.3041.site.11, 41, 151, 192
1120974.3.peg.3041.site.12, 60, 168, 228
1120974.3.peg.3041.site.13, 48, 197, 245
1120974.3.peg.3041.site.14, 1, 207, 208
1120974.3.peg.3041.site.15, 104, 213, 317
1120974.3.peg.3041.site.16, 66, 213, 279
1120974.3.peg.3041.site.17, 0, 213, 213
1120974.3.peg.2858.site.1, 2, 216, 218
1120974.3.peg.2858.site.2, 2, 215, 217
1120974.3.peg.2858.site.3, 1, 214, 215
1120974.3.peg.2858.site.4, 132, 212, 344
1120974.3.peg.2858.site.5, 1, 214, 215
1120974.3.peg.2858.site.6, 127, 207, 334
1120974.3.peg.2858.site.7, 121, 204, 325
1120974.3.peg.2858.site.8, 125, 140, 265
1120974.3.peg.2858.site.9, 50, 76, 126
1120974.3.peg.2858.site.10, 21, 47, 68
1120974.3.peg.2858.site.11, 8, 33, 41
1120974.3.peg.559.site.1, 9, 206, 215
1120974.3.peg.559.site.2, 31, 210, 241
1120974.3.peg.559.site.3, 33, 211, 244
1120974.3.peg.559.site.4, 0, 216, 216
1120974.3.peg.559.site.5, 157, 201, 358
1120974.3.peg.559.site.6, 109, 195, 304
1120974.3.peg.559.site.7, 0, 197, 197
1120974.3.peg.559.site.8, 0, 202, 202
1120974.3.peg.559.site.9, 0, 189, 189
1120974.3.peg.559.site.10, 37, 195, 232
1120974.3.peg.559.site.11, 1, 197, 198
1120974.3.peg.559.site.12, 1, 196, 197
1120974.3.peg.559.site.13, 1, 205, 206
1120974.3.peg.559.site.14, 166, 207, 373
1120974.3.peg.559.site.15, 1, 216, 217
1120974.3.peg.559.site.16, 32, 214, 246
1120974.3.peg.559.site.17, 127, 212, 339
1120974.3.peg.559.site.18, 168, 212, 380
1120974.3.peg.559.site.19, 0, 214, 214
1120974.3.peg.559.site.20, 5, 213, 218
1120974.3.peg.559.site.21, 170, 211, 381
1120974.3.peg.559.site.22, 14, 213, 227
1120974.3.peg.559.site.23, 1, 215, 216
1120974.3.peg.559.site.24, 11, 208, 219
1120974.3.peg.559.site.25, 3, 209, 212
1120974.3.peg.559.site.26, 8, 208, 216
1120974.3.peg.559.site.27, 3, 206, 209
1120974.3.peg.559.site.28, 4, 132, 136
1120974.3.peg.559.site.29, 59, 97, 156
1120974.3.peg.559.site.30, 60, 60, 120
1120974.3.peg.559.site.31, 72, 73, 145
1120974.3.peg.559.site.32, 1, 172, 173
1120974.3.peg.559.site.33, 1, 188, 189
1120974.3.peg.559.site.34, 138, 186, 324
1120974.3.peg.559.site.35, 138, 187, 325
1120974.3.peg.559.site.36, 185, 201, 386
1120974.3.peg.559.site.37, 15, 215, 230
1120974.3.peg.559.site.38, 198, 213, 411
1120974.3.peg.559.site.39, 204, 214, 418
1120974.3.peg.559.site.40, 4, 215, 219
1120974.3.peg.559.site.41, 194, 209, 403
1120974.3.peg.559.site.42, 202, 212, 414
1120974.3.peg.557.site.1, 27, 28, 55
1120974.3.peg.557.site.2, 39, 64, 103
1120974.3.peg.557.site.3, 177, 207, 384
1120974.3.peg.557.site.4, 0, 216, 216
1120974.3.peg.557.site.5, 181, 212, 393
1120974.3.peg.557.site.6, 190, 215, 405
1120974.3.peg.557.site.7, 9, 215, 224
1120974.3.peg.557.site.8, 8, 215, 223
1120974.3.peg.557.site.9, 9, 214, 223
1120974.3.peg.557.site.10, 0, 216, 216
1120974.3.peg.557.site.11, 132, 208, 340
1120974.3.peg.557.site.12, 1, 216, 217
1120974.3.peg.557.site.13, 6, 214, 220
1120974.3.peg.557.site.14, 0, 216, 216
1120974.3.peg.557.site.15, 179, 212, 391
1120974.3.peg.557.site.16, 0, 216, 216
1120974.3.peg.557.site.17, 1, 216, 217
1120974.3.peg.557.site.18, 9, 214, 223
1120974.3.peg.557.site.19, 4, 212, 216
1120974.3.peg.557.site.20, 0, 215, 215
1120974.3.peg.557.site.21, 186, 215, 401
1120974.3.peg.557.site.22, 0, 211, 211
1120974.3.peg.557.site.23, 0, 203, 203
1120974.3.peg.557.site.24, 0, 202, 202
1120974.3.peg.557.site.25, 0, 198, 198
1120974.3.peg.557.site.26, 89, 177, 266
1120974.3.peg.557.site.27, 0, 185, 185
1120974.3.peg.557.site.28, 0, 163, 163
1120974.3.peg.557.site.29, 131, 160, 291
1120974.3.peg.554.site.1, 6, 210, 216
1120974.3.peg.554.site.2, 195, 213, 408
1120974.3.peg.554.site.3, 85, 174, 259
1120974.3.peg.554.site.4, 1, 202, 203
1120974.3.peg.554.site.5, 170, 188, 358
1120974.3.peg.554.site.6, 7, 27, 34
1120974.3.peg.554.site.7, 3, 22, 25
1120974.3.peg.555.site.1, 4, 44, 48
1120974.3.peg.555.site.2, 3, 20, 23
1120974.3.peg.555.site.3, 3, 14, 17
1120974.3.peg.555.site.4, 4, 23, 27
1120974.3.peg.555.site.5, 29, 49, 78
1120974.3.peg.555.site.6, 125, 144, 269
1120974.3.peg.555.site.7, 1, 196, 197
1120974.3.peg.555.site.8, 187, 205, 392
1120974.3.peg.555.site.9, 190, 207, 397
1120974.3.peg.555.site.10, 155, 209, 364
1120974.3.peg.555.site.11, 62, 200, 262
1120974.3.peg.555.site.12, 171, 178, 349
1120974.3.peg.555.site.13, 82, 100, 182
1120974.3.peg.555.site.14, 54, 72, 126
1120974.3.peg.555.site.15, 7, 34, 41
1120974.3.peg.552.site.1, 9, 216, 225
1120974.3.peg.552.site.2, 0, 215, 215
1120974.3.peg.552.site.3, 6, 216, 222
1120974.3.peg.553.site.1, 191, 213, 404
1120974.3.peg.553.site.2, 4, 215, 219
1120974.3.peg.553.site.3, 189, 211, 400
1120974.3.peg.550.site.1, 0, 213, 213
1120974.3.peg.550.site.2, 168, 207, 375
1120974.3.peg.550.site.3, 178, 197, 375
1120974.3.peg.550.site.4, 170, 209, 379
1120974.3.peg.550.site.5, 15, 213, 228
1120974.3.peg.550.site.6, 15, 214, 229
1120974.3.peg.550.site.7, 15, 207, 222
1120974.3.peg.550.site.8, 33, 66, 99
1120974.3.peg.1306.site.1, 1, 204, 205
1120974.3.peg.1306.site.2, 23, 200, 223
1120974.3.peg.1306.site.3, 170, 207, 377
1120974.3.peg.1306.site.4, 172, 209, 381
1120974.3.peg.1306.site.5, 165, 203, 368
1120974.3.peg.1306.site.6, 86, 190, 276
1120974.3.peg.2919.site.1, 6, 208, 214
1120974.3.peg.2919.site.2, 24, 206, 230
1120974.3.peg.2919.site.3, 0, 206, 206
1120974.3.peg.2919.site.4, 6, 208, 214
1120974.3.peg.2919.site.5, 185, 206, 391
1120974.3.peg.2919.site.6, 161, 205, 366
1120974.3.peg.2919.site.7, 0, 201, 201
1120974.3.peg.2919.site.8, 0, 208, 208
1120974.3.peg.2919.site.9, 0, 205, 205
1120974.3.peg.2919.site.10, 0, 208, 208
1120974.3.peg.2919.site.11, 3, 208, 211
1120974.3.peg.2919.site.12, 8, 207, 215
1120974.3.peg.2919.site.13, 3, 203, 206
1120974.3.peg.2919.site.14, 8, 203, 211
1120974.3.peg.2919.site.15, 189, 208, 397
1120974.3.peg.1309.site.1, 3, 147, 150
1120974.3.peg.1309.site.2, 122, 204, 326
1120974.3.peg.1309.site.3, 28, 211, 239
1120974.3.peg.1309.site.4, 4, 213, 217
1120974.3.peg.1309.site.5, 0, 216, 216
1120974.3.peg.1309.site.6, 174, 214, 388
1120974.3.peg.1309.site.7, 27, 212, 239
1120974.3.peg.1309.site.8, 1, 216, 217
1120974.3.peg.1309.site.9, 5, 215, 220
1120974.3.peg.1309.site.10, 0, 210, 210
1120974.3.peg.1309.site.11, 31, 209, 240
1120974.3.peg.1309.site.12, 63, 202, 265
1120974.3.peg.1309.site.13, 100, 206, 306
1120974.3.peg.1309.site.14, 4, 213, 217
1120974.3.peg.1309.site.15, 0, 213, 213
1120974.3.peg.1309.site.16, 104, 211, 315
1120974.3.peg.1943.site.1, 96, 210, 306
1120974.3.peg.1943.site.2, 0, 215, 215
1120974.3.peg.1943.site.3, 0, 213, 213
1120974.3.peg.1943.site.4, 86, 179, 265
1120974.3.peg.1943.site.5, 78, 208, 286
1120974.3.peg.1943.site.6, 0, 214, 214
1120974.3.peg.1943.site.7, 1, 214, 215
1120974.3.peg.1943.site.8, 1, 215, 216
1120974.3.peg.1943.site.9, 9, 212, 221
1120974.3.peg.1943.site.10, 0, 215, 215
1120974.3.peg.1943.site.11, 0, 215, 215
1120974.3.peg.1943.site.12, 2, 210, 212
1120974.3.peg.1942.site.1, 0, 211, 211
1120974.3.peg.1942.site.2, 52, 152, 204
1120974.3.peg.1942.site.3, 89, 206, 295
1120974.3.peg.1942.site.4, 94, 213, 307
1120974.3.peg.1942.site.5, 0, 215, 215
1120974.3.peg.1942.site.6, 0, 205, 205
1120974.3.peg.1942.site.7, 83, 209, 292
1120974.3.peg.1942.site.8, 80, 206, 286
1120974.3.peg.1942.site.9, 0, 209, 209
1120974.3.peg.1942.site.10, 0, 209, 209
1120974.3.peg.1942.site.11, 0, 213, 213
1120974.3.peg.1942.site.12, 0, 210, 210
1120974.3.peg.1942.site.13, 214, 215, 429
1120974.3.peg.1942.site.14, 81, 169, 250
1120974.3.peg.1942.site.15, 90, 206, 296
1120974.3.peg.1941.site.1, 209, 213, 422
1120974.3.peg.1941.site.2, 208, 212, 420
1120974.3.peg.1941.site.3, 0, 199, 199
1120974.3.peg.1941.site.4, 12, 213, 225
1120974.3.peg.1941.site.5, 93, 210, 303
1120974.3.peg.1941.site.6, 11, 213, 224
1120974.3.peg.1941.site.7, 10, 215, 225
1120974.3.peg.1941.site.8, 0, 214, 214
1120974.3.peg.1941.site.9, 0, 211, 211
1120974.3.peg.1941.site.10, 86, 212, 298
1120974.3.peg.1941.site.11, 4, 214, 218
1120974.3.peg.1941.site.12, 205, 214, 419
1120974.3.peg.1941.site.13, 0, 215, 215
1120974.3.peg.1941.site.14, 93, 212, 305
1120974.3.peg.1941.site.15, 4, 215, 219
1120974.3.peg.1940.site.1, 0, 208, 208
1120974.3.peg.1940.site.2, 1, 209, 210
1120974.3.peg.1940.site.3, 6, 208, 214
1120974.3.peg.1940.site.4, 175, 199, 374
1120974.3.peg.1940.site.5, 182, 213, 395
1120974.3.peg.1940.site.6, 2, 213, 215
1120974.3.peg.1940.site.7, 213, 215, 428
1120974.3.peg.1940.site.8, 0, 216, 216
1120974.3.peg.1940.site.9, 0, 213, 213
1120974.3.peg.1940.site.10, 90, 204, 294
1120974.3.peg.1940.site.11, 0, 215, 215
1120974.3.peg.1940.site.12, 110, 201, 311
1120974.3.peg.1940.site.13, 0, 208, 208
1120974.3.peg.1940.site.14, 1, 210, 211
1120974.3.peg.1940.site.15, 1, 216, 217
1120974.3.peg.1940.site.16, 0, 213, 213
1120974.3.peg.1940.site.17, 0, 213, 213
1120974.3.peg.1940.site.18, 1, 210, 211
1120974.3.peg.1940.site.19, 0, 209, 209
1120974.3.peg.1940.site.20, 0, 213, 213
1120974.3.peg.1940.site.21, 0, 205, 205
1120974.3.peg.1940.site.22, 76, 194, 270
1120974.3.peg.1940.site.23, 0, 193, 193
1120974.3.peg.1940.site.24, 73, 178, 251
1120974.3.peg.1940.site.25, 0, 190, 190
1120974.3.peg.1940.site.26, 1, 188, 189
1120974.3.peg.1940.site.27, 0, 183, 183
1120974.3.peg.1940.site.28, 0, 181, 181
1120974.3.peg.1940.site.29, 15, 193, 208
1120974.3.peg.1940.site.30, 166, 188, 354
1120974.3.peg.1940.site.31, 213, 214, 427
1120974.3.peg.1940.site.32, 0, 216, 216
1120974.3.peg.1940.site.33, 198, 212, 410
1120974.3.peg.1940.site.34, 0, 214, 214
1120974.3.peg.1940.site.35, 93, 211, 304
1120974.3.peg.1940.site.36, 0, 213, 213
1120974.3.peg.1940.site.37, 92, 208, 300
1120974.3.peg.1940.site.38, 4, 213, 217
1120974.3.peg.1940.site.39, 0, 213, 213
1120974.3.peg.1940.site.40, 91, 211, 302
1120974.3.peg.1940.site.41, 0, 213, 213
1120974.3.peg.1129.site.1, 0, 214, 214
1120974.3.peg.1129.site.2, 188, 216, 404
1120974.3.peg.1129.site.3, 7, 216, 223
1120974.3.peg.1129.site.4, 3, 216, 219
1120974.3.peg.1129.site.5, 213, 215, 428
1120974.3.peg.1129.site.6, 37, 213, 250
1120974.3.peg.1129.site.7, 0, 213, 213
1120974.3.peg.1129.site.8, 207, 213, 420
1120974.3.peg.1129.site.9, 0, 179, 179
1120974.3.peg.1129.site.10, 10, 171, 181
1120974.3.peg.1129.site.11, 0, 177, 177
1120974.3.peg.1128.site.1, 0, 216, 216
1120974.3.peg.1128.site.2, 0, 212, 212
1120974.3.peg.1128.site.3, 1, 209, 210
1120974.3.peg.1128.site.4, 3, 207, 210
1120974.3.peg.1128.site.5, 10, 212, 222
1120974.3.peg.1128.site.6, 3, 213, 216
1120974.3.peg.1128.site.7, 2, 215, 217
1120974.3.peg.1128.site.8, 160, 213, 373
1120974.3.peg.1128.site.9, 0, 214, 214
1120974.3.peg.1128.site.10, 11, 214, 225
1120974.3.peg.1128.site.11, 92, 149, 241
1120974.3.peg.1128.site.12, 5, 167, 172
1120974.3.peg.1128.site.13, 125, 179, 304
1120974.3.peg.1128.site.14, 3, 214, 217
1120974.3.peg.1128.site.15, 0, 215, 215
1120974.3.peg.1128.site.16, 155, 210, 365
1120974.3.peg.1128.site.17, 2, 215, 217
1120974.3.peg.1128.site.18, 155, 211, 366
1120974.3.peg.1128.site.19, 154, 210, 364
1120974.3.peg.1128.site.20, 10, 216, 226
1120974.3.peg.1128.site.21, 3, 215, 218
1120974.3.peg.1128.site.22, 160, 213, 373
1120974.3.peg.1128.site.23, 1, 215, 216
1120974.3.peg.1128.site.24, 185, 213, 398
1120974.3.peg.1128.site.25, 5, 213, 218
1120974.3.peg.1128.site.26, 1, 211, 212
1120974.3.peg.1128.site.27, 182, 210, 392
1120974.3.peg.1128.site.28, 1, 211, 212
1120974.3.peg.1128.site.29, 1, 214, 215
1120974.3.peg.1128.site.30, 5, 214, 219
1120974.3.peg.1128.site.31, 2, 213, 215
1120974.3.peg.1128.site.32, 0, 214, 214
1120974.3.peg.1128.site.33, 0, 215, 215
1120974.3.peg.1128.site.34, 0, 213, 213
1120974.3.peg.1128.site.35, 0, 215, 215
1120974.3.peg.1128.site.36, 1, 211, 212
1120974.3.peg.1128.site.37, 2, 211, 213
1120974.3.peg.1128.site.38, 51, 211, 262
1120974.3.peg.1128.site.39, 0, 210, 210
1120974.3.peg.1128.site.40, 0, 212, 212
1120974.3.peg.1128.site.41, 3, 210, 213
1120974.3.peg.1128.site.42, 2, 209, 211
1120974.3.peg.1128.site.43, 0, 211, 211
1120974.3.peg.1128.site.44, 0, 211, 211
1120974.3.peg.1128.site.45, 0, 213, 213
1120974.3.peg.1128.site.46, 4, 216, 220
1120974.3.peg.1128.site.47, 0, 216, 216
1120974.3.peg.1128.site.48, 2, 212, 214
1120974.3.peg.1128.site.49, 199, 213, 412
1120974.3.peg.1128.site.50, 2, 211, 213
1120974.3.peg.1128.site.51, 0, 211, 211
1120974.3.peg.1128.site.52, 0, 211, 211
1120974.3.peg.1128.site.53, 0, 210, 210
1120974.3.peg.1128.site.54, 2, 212, 214
1120974.3.peg.1128.site.55, 0, 212, 212
1120974.3.peg.1128.site.56, 3, 215, 218
1120974.3.peg.1128.site.57, 0, 216, 216
1120974.3.peg.1128.site.58, 4, 216, 220
1120974.3.peg.1128.site.59, 196, 199, 395
1120974.3.peg.1128.site.60, 3, 200, 203
1120974.3.peg.1128.site.61, 4, 206, 210
1120974.3.peg.1128.site.62, 4, 215, 219
1120974.3.peg.1128.site.63, 1, 214, 215
1120974.3.peg.1128.site.64, 150, 211, 361
1120974.3.peg.1128.site.65, 6, 184, 190
1120974.3.peg.1128.site.66, 8, 184, 192
1120974.3.peg.1128.site.67, 22, 179, 201
1120974.3.peg.1128.site.68, 168, 175, 343
1120974.3.peg.1128.site.69, 4, 192, 196
1120974.3.peg.1128.site.70, 0, 195, 195
1120974.3.peg.1128.site.71, 0, 209, 209
1120974.3.peg.1128.site.72, 0, 210, 210
1120974.3.peg.1128.site.73, 0, 210, 210
1120974.3.peg.1128.site.74, 52, 207, 259
1120974.3.peg.1128.site.75, 57, 213, 270
1120974.3.peg.1128.site.76, 1, 215, 216
1120974.3.peg.1128.site.77, 136, 214, 350
1120974.3.peg.1128.site.78, 59, 214, 273
1120974.3.peg.1128.site.79, 209, 216, 425
1120974.3.peg.1128.site.80, 1, 215, 216
1120974.3.peg.1128.site.81, 0, 215, 215
1120974.3.peg.1128.site.82, 15, 214, 229
1120974.3.peg.1128.site.83, 0, 216, 216
1120974.3.peg.1128.site.84, 127, 210, 337
1120974.3.peg.1128.site.85, 183, 210, 393
1120974.3.peg.1128.site.86, 10, 212, 222
1120974.3.peg.1128.site.87, 1, 214, 215
1120974.3.peg.1945.site.1, 177, 209, 386
1120974.3.peg.1945.site.2, 1, 214, 215
1120974.3.peg.1945.site.3, 141, 210, 351
1120974.3.peg.1945.site.4, 0, 211, 211
1120974.3.peg.1945.site.5, 100, 196, 296
1120974.3.peg.1945.site.6, 202, 211, 413
1120974.3.peg.1945.site.7, 4, 212, 216
1120974.3.peg.1945.site.8, 0, 208, 208
1120974.3.peg.1945.site.9, 207, 207, 414
1120974.3.peg.1945.site.10, 0, 200, 200
1120974.3.peg.1945.site.11, 107, 195, 302
1120974.3.peg.1945.site.12, 124, 208, 332
1120974.3.peg.1945.site.13, 3, 212, 215
1120974.3.peg.1945.site.14, 4, 215, 219
1120974.3.peg.1945.site.15, 4, 215, 219
1120974.3.peg.1945.site.16, 1, 211, 212
1120974.3.peg.1945.site.17, 2, 212, 214
1120974.3.peg.1945.site.18, 76, 209, 285
1120974.3.peg.1945.site.19, 1, 211, 212
1120974.3.peg.1945.site.20, 0, 212, 212
1120974.3.peg.1945.site.21, 0, 209, 209
1120974.3.peg.1945.site.22, 0, 210, 210
1120974.3.peg.1945.site.23, 2, 210, 212
1120974.3.peg.1945.site.24, 20, 211, 231
1120974.3.peg.1945.site.25, 2, 214, 216
1120974.3.peg.1945.site.26, 0, 212, 212
1120974.3.peg.1945.site.27, 0, 203, 203
1120974.3.peg.1945.site.28, 2, 193, 195
1120974.3.peg.1945.site.29, 0, 197, 197
1120974.3.peg.1945.site.30, 1, 212, 213
1120974.3.peg.1945.site.31, 1, 210, 211
1120974.3.peg.1945.site.32, 4, 212, 216
1120974.3.peg.1945.site.33, 3, 212, 215
1120974.3.peg.1945.site.34, 6, 214, 220
1120974.3.peg.1945.site.35, 1, 210, 211
1120974.3.peg.1945.site.36, 162, 203, 365
1120974.3.peg.1945.site.37, 1, 205, 206
1120974.3.peg.1945.site.38, 1, 211, 212
1120974.3.peg.1945.site.39, 4, 213, 217
1120974.3.peg.1945.site.40, 4, 211, 215
1120974.3.peg.1945.site.41, 5, 212, 217
1120974.3.peg.1945.site.42, 0, 214, 214
1120974.3.peg.1945.site.43, 1, 212, 213
1120974.3.peg.1945.site.44, 8, 209, 217
1120974.3.peg.1945.site.45, 3, 211, 214
1120974.3.peg.1945.site.46, 10, 211, 221
1120974.3.peg.1945.site.47, 2, 209, 211
1120974.3.peg.1945.site.48, 0, 209, 209
1120974.3.peg.1945.site.49, 204, 206, 410
1120974.3.peg.1945.site.50, 3, 207, 210
1120974.3.peg.1945.site.51, 29, 208, 237
1120974.3.peg.1945.site.52, 168, 207, 375
1120974.3.peg.1945.site.53, 31, 197, 228
1120974.3.peg.1945.site.54, 30, 200, 230
1120974.3.peg.1945.site.55, 150, 211, 361
1120974.3.peg.1944.site.1, 72, 211, 283
1120974.3.peg.1944.site.2, 1, 215, 216
1120974.3.peg.1944.site.3, 127, 211, 338
1120974.3.peg.1944.site.4, 17, 210, 227
1120974.3.peg.1944.site.5, 4, 213, 217
1120974.3.peg.1944.site.6, 10, 212, 222
1120974.3.peg.1944.site.7, 200, 212, 412
1120974.3.peg.1944.site.8, 7, 211, 218
1120974.3.peg.1944.site.9, 202, 214, 416
1120974.3.peg.1944.site.10, 202, 214, 416
1120974.3.peg.1125.site.1, 96, 210, 306
1120974.3.peg.1125.site.2, 200, 202, 402
1120974.3.peg.1125.site.3, 87, 192, 279
1120974.3.peg.1125.site.4, 0, 162, 162
1120974.3.peg.1125.site.5, 84, 122, 206
1120974.3.peg.1125.site.6, 23, 73, 96
1120974.3.peg.1125.site.7, 53, 68, 121
1120974.3.peg.1125.site.8, 4, 104, 108
1120974.3.peg.1125.site.9, 9, 114, 123
1120974.3.peg.1125.site.10, 0, 155, 155
1120974.3.peg.1125.site.11, 0, 159, 159
1120974.3.peg.1125.site.12, 0, 161, 161
1120974.3.peg.1125.site.13, 20, 157, 177
1120974.3.peg.1125.site.14, 0, 156, 156
1120974.3.peg.1125.site.15, 123, 155, 278
1120974.3.peg.1125.site.16, 169, 204, 373
1120974.3.peg.1125.site.17, 171, 205, 376
1120974.3.peg.1125.site.18, 178, 213, 391
1120974.3.peg.1125.site.19, 178, 213, 391
1120974.3.peg.1125.site.20, 0, 216, 216
1120974.3.peg.1125.site.21, 22, 211, 233
1120974.3.peg.1125.site.22, 71, 207, 278
1120974.3.peg.1125.site.23, 69, 211, 280
1120974.3.peg.1125.site.24, 2, 211, 213
1120974.3.peg.1125.site.25, 0, 214, 214
1120974.3.peg.1125.site.26, 4, 215, 219
1120974.3.peg.1125.site.27, 0, 214, 214
1120974.3.peg.1125.site.28, 109, 211, 320
1120974.3.peg.1125.site.29, 0, 214, 214
1120974.3.peg.1125.site.30, 0, 212, 212
1120974.3.peg.1125.site.31, 0, 213, 213
1120974.3.peg.1125.site.32, 0, 213, 213
1120974.3.peg.1125.site.33, 0, 208, 208
1120974.3.peg.1125.site.34, 0, 205, 205
1120974.3.peg.1125.site.35, 1, 201, 202
1120974.3.peg.1125.site.36, 0, 168, 168
1120974.3.peg.1125.site.37, 0, 166, 166
1120974.3.peg.1125.site.38, 62, 156, 218
1120974.3.peg.1125.site.39, 0, 171, 171
1120974.3.peg.1125.site.40, 0, 187, 187
1120974.3.peg.1125.site.41, 114, 212, 326
1120974.3.peg.1124.site.1, 104, 212, 316
1120974.3.peg.1124.site.2, 73, 214, 287
1120974.3.peg.1124.site.3, 3, 216, 219
1120974.3.peg.1124.site.4, 73, 214, 287
1120974.3.peg.1124.site.5, 113, 213, 326
1120974.3.peg.1124.site.6, 91, 212, 303
1120974.3.peg.1124.site.7, 72, 214, 286
1120974.3.peg.1124.site.8, 1, 216, 217
1120974.3.peg.1124.site.9, 0, 216, 216
1120974.3.peg.1124.site.10, 195, 213, 408
1120974.3.peg.1124.site.11, 37, 213, 250
1120974.3.peg.1124.site.12, 91, 212, 303
1120974.3.peg.1124.site.13, 3, 216, 219
1120974.3.peg.1124.site.14, 2, 215, 217
1120974.3.peg.1124.site.15, 7, 214, 221
1120974.3.peg.1124.site.16, 2, 212, 214
1120974.3.peg.1124.site.17, 2, 211, 213
1120974.3.peg.1124.site.18, 3, 210, 213
1120974.3.peg.1124.site.19, 178, 208, 386
1120974.3.peg.1124.site.20, 108, 209, 317
1120974.3.peg.1124.site.21, 9, 214, 223
1120974.3.peg.1124.site.22, 71, 214, 285
1120974.3.peg.1124.site.23, 9, 214, 223
1120974.3.peg.1124.site.24, 2, 213, 215
1120974.3.peg.1124.site.25, 109, 205, 314
1120974.3.peg.1124.site.26, 9, 208, 217
1120974.3.peg.1124.site.27, 0, 215, 215
1120974.3.peg.1124.site.28, 110, 210, 320
1120974.3.peg.1124.site.29, 0, 216, 216
1120974.3.peg.1124.site.30, 183, 213, 396
1120974.3.peg.1124.site.31, 2, 216, 218
1120974.3.peg.1949.site.1, 2, 209, 211
1120974.3.peg.1949.site.2, 0, 211, 211
1120974.3.peg.1949.site.3, 1, 208, 209
1120974.3.peg.1949.site.4, 2, 208, 210
1120974.3.peg.1949.site.5, 0, 211, 211
1120974.3.peg.1949.site.6, 107, 207, 314
1120974.3.peg.1949.site.7, 0, 211, 211
1120974.3.peg.1949.site.8, 1, 210, 211
1120974.3.peg.1949.site.9, 1, 211, 212
1120974.3.peg.1949.site.10, 124, 210, 334
1120974.3.peg.1949.site.11, 0, 211, 211
1120974.3.peg.1948.site.1, 144, 208, 352
1120974.3.peg.1948.site.2, 191, 208, 399
1120974.3.peg.1948.site.3, 191, 210, 401
1120974.3.peg.1948.site.4, 139, 209, 348
1120974.3.peg.1948.site.5, 4, 212, 216
1120974.3.peg.1948.site.6, 4, 212, 216
1120974.3.peg.1948.site.7, 1, 211, 212
1120974.3.peg.1948.site.8, 138, 201, 339
1120974.3.peg.1948.site.9, 47, 206, 253
1120974.3.peg.1948.site.10, 159, 205, 364
1120974.3.peg.1948.site.11, 202, 209, 411
1120974.3.peg.1948.site.12, 76, 203, 279
1120974.3.peg.1948.site.13, 0, 206, 206
1120974.3.peg.1948.site.14, 0, 206, 206
1120974.3.peg.1948.site.15, 0, 206, 206
1120974.3.peg.1948.site.16, 0, 206, 206
1120974.3.peg.1948.site.17, 1, 208, 209
1120974.3.peg.1948.site.18, 8, 193, 201
1120974.3.peg.1948.site.19, 2, 191, 193
1120974.3.peg.1948.site.20, 0, 200, 200
1120974.3.peg.1948.site.21, 0, 210, 210
1120974.3.peg.1948.site.22, 0, 208, 208
1120974.3.peg.1948.site.23, 0, 206, 206
1120974.3.peg.1948.site.24, 107, 203, 310
1120974.3.peg.1948.site.25, 1, 205, 206
1120974.3.peg.1948.site.26, 0, 203, 203
1120974.3.peg.1948.site.27, 8, 204, 212
1120974.3.peg.1948.site.28, 175, 204, 379
1120974.3.peg.1948.site.29, 2, 210, 212
1120974.3.peg.1948.site.30, 176, 208, 384
1120974.3.peg.1948.site.31, 0, 212, 212
1120974.3.peg.1948.site.32, 0, 209, 209
1120974.3.peg.1948.site.33, 78, 204, 282
1120974.3.peg.1948.site.34, 87, 207, 294
1120974.3.peg.1948.site.35, 7, 210, 217
1120974.3.peg.1948.site.36, 177, 208, 385
1120974.3.peg.1948.site.37, 211, 211, 422
1120974.3.peg.1948.site.38, 5, 210, 215
1120974.3.peg.1123.site.1, 57, 215, 272
1120974.3.peg.1123.site.2, 55, 215, 270
1120974.3.peg.1123.site.3, 0, 216, 216
1120974.3.peg.1123.site.4, 2, 214, 216
1120974.3.peg.1123.site.5, 2, 214, 216
1120974.3.peg.1122.site.1, 8, 179, 187
1120974.3.peg.1122.site.2, 0, 148, 148
1120974.3.peg.1122.site.3, 18, 119, 137
1120974.3.peg.1122.site.4, 2, 76, 78
1120974.3.peg.1122.site.5, 31, 35, 66
1120974.3.peg.1122.site.6, 7, 7, 14
1120974.3.peg.1122.site.7, 3, 4, 7
1120974.3.peg.1122.site.8, 12, 12, 24
1120974.3.peg.1122.site.9, 14, 76, 90
1120974.3.peg.1122.site.10, 21, 98, 119
1120974.3.peg.1122.site.11, 7, 215, 222
1120974.3.peg.1122.site.12, 197, 213, 410
1120974.3.peg.1122.site.13, 1, 215, 216
1120974.3.peg.1122.site.14, 85, 211, 296
1120974.3.peg.1122.site.15, 113, 211, 324
1120974.3.peg.1122.site.16, 9, 214, 223
1120974.3.peg.1122.site.17, 0, 215, 215
1120974.3.peg.1122.site.18, 71, 209, 280
1120974.3.peg.1122.site.19, 6, 214, 220
1120974.3.peg.1122.site.20, 78, 208, 286
1120974.3.peg.1122.site.21, 158, 185, 343
1120974.3.peg.1122.site.22, 15, 43, 58
1120974.3.peg.1122.site.23, 3, 214, 217
1120974.3.peg.1122.site.24, 75, 211, 286
1120974.3.peg.286.site.1, 31, 211, 242
1120974.3.peg.286.site.2, 191, 212, 403
1120974.3.peg.286.site.3, 31, 212, 243
1120974.3.peg.286.site.4, 0, 215, 215
1120974.3.peg.286.site.5, 158, 209, 367
1120974.3.peg.286.site.6, 37, 212, 249
1120974.3.peg.286.site.7, 0, 214, 214
1120974.3.peg.286.site.8, 38, 211, 249
1120974.3.peg.286.site.9, 0, 213, 213
1120974.3.peg.286.site.10, 35, 204, 239
1120974.3.peg.286.site.11, 135, 154, 289
1120974.3.peg.286.site.12, 0, 22, 22
1120974.3.peg.1549.site.1, 205, 210, 415
1120974.3.peg.1549.site.2, 0, 214, 214
1120974.3.peg.1549.site.3, 2, 216, 218
1120974.3.peg.1549.site.4, 0, 215, 215
1120974.3.peg.1549.site.5, 13, 214, 227
1120974.3.peg.1549.site.6, 4, 214, 218
1120974.3.peg.1549.site.7, 0, 214, 214
1120974.3.peg.1548.site.1, 5, 206, 211
1120974.3.peg.1548.site.2, 5, 216, 221
1120974.3.peg.1548.site.3, 4, 214, 218
1120974.3.peg.1548.site.4, 1, 216, 217
1120974.3.peg.1548.site.5, 4, 216, 220
1120974.3.peg.1548.site.6, 175, 212, 387
1120974.3.peg.1548.site.7, 3, 216, 219
1120974.3.peg.1548.site.8, 3, 214, 217
1120974.3.peg.1548.site.9, 1, 214, 215
1120974.3.peg.1548.site.10, 145, 210, 355
1120974.3.peg.1548.site.11, 176, 216, 392
1120974.3.peg.1548.site.12, 0, 215, 215
1120974.3.peg.1548.site.13, 35, 211, 246
1120974.3.peg.1548.site.14, 13, 213, 226
1120974.3.peg.1548.site.15, 0, 213, 213
1120974.3.peg.1548.site.16, 1, 213, 214
1120974.3.peg.1548.site.17, 37, 210, 247
1120974.3.peg.1548.site.18, 0, 214, 214
1120974.3.peg.1548.site.19, 15, 213, 228
1120974.3.peg.1548.site.20, 1, 214, 215
1120974.3.peg.1548.site.21, 3, 215, 218
1120974.3.peg.1548.site.22, 1, 214, 215
1120974.3.peg.1548.site.23, 1, 214, 215
1120974.3.peg.1548.site.24, 2, 213, 215
1120974.3.peg.1548.site.25, 1, 214, 215
1120974.3.peg.1548.site.26, 1, 214, 215
1120974.3.peg.1548.site.27, 1, 215, 216
1120974.3.peg.1548.site.28, 172, 215, 387
1120974.3.peg.1548.site.29, 170, 214, 384
1120974.3.peg.1548.site.30, 194, 210, 404
1120974.3.peg.1548.site.31, 1, 214, 215
1120974.3.peg.1547.site.1, 129, 212, 341
1120974.3.peg.1547.site.2, 7, 213, 220
1120974.3.peg.1547.site.3, 7, 214, 221
1120974.3.peg.1547.site.4, 5, 215, 220
1120974.3.peg.1547.site.5, 4, 216, 220
1120974.3.peg.1547.site.6, 13, 215, 228
1120974.3.peg.1547.site.7, 8, 215, 223
1120974.3.peg.1547.site.8, 5, 215, 220
1120974.3.peg.1547.site.9, 24, 215, 239
1120974.3.peg.1547.site.10, 0, 215, 215
1120974.3.peg.1547.site.11, 0, 216, 216
1120974.3.peg.1547.site.12, 144, 213, 357
1120974.3.peg.1547.site.13, 0, 215, 215
1120974.3.peg.1547.site.14, 0, 216, 216
1120974.3.peg.1547.site.15, 134, 211, 345
1120974.3.peg.1547.site.16, 134, 210, 344
1120974.3.peg.1547.site.17, 0, 216, 216
1120974.3.peg.1547.site.18, 0, 214, 214
1120974.3.peg.1547.site.19, 8, 213, 221
1120974.3.peg.1547.site.20, 26, 212, 238
1120974.3.peg.1547.site.21, 5, 214, 219
1120974.3.peg.1547.site.22, 153, 212, 365
1120974.3.peg.1547.site.23, 11, 215, 226
1120974.3.peg.1547.site.24, 182, 215, 397
1120974.3.peg.1547.site.25, 0, 214, 214
1120974.3.peg.1547.site.26, 1, 216, 217
1120974.3.peg.1547.site.27, 1, 215, 216
1120974.3.peg.1546.site.1, 153, 214, 367
1120974.3.peg.1546.site.2, 162, 214, 376
1120974.3.peg.1546.site.3, 160, 214, 374
1120974.3.peg.1546.site.4, 21, 215, 236
1120974.3.peg.1546.site.5, 7, 214, 221
1120974.3.peg.1546.site.6, 0, 216, 216
1120974.3.peg.1546.site.7, 3, 216, 219
1120974.3.peg.1546.site.8, 7, 214, 221
1120974.3.peg.1546.site.9, 0, 216, 216
1120974.3.peg.1546.site.10, 2, 216, 218
1120974.3.peg.1546.site.11, 0, 207, 207
1120974.3.peg.1546.site.12, 0, 216, 216
1120974.3.peg.1546.site.13, 0, 216, 216
1120974.3.peg.1546.site.14, 4, 214, 218
1120974.3.peg.1546.site.15, 4, 213, 217
1120974.3.peg.1546.site.16, 3, 213, 216
1120974.3.peg.1546.site.17, 6, 212, 218
1120974.3.peg.1546.site.18, 7, 215, 222
1120974.3.peg.1546.site.19, 0, 214, 214
1120974.3.peg.1546.site.20, 3, 214, 217
1120974.3.peg.1546.site.21, 3, 216, 219
1120974.3.peg.1546.site.22, 30, 214, 244
1120974.3.peg.1546.site.23, 4, 216, 220
1120974.3.peg.1546.site.24, 15, 215, 230
1120974.3.peg.1546.site.25, 0, 214, 214
1120974.3.peg.1546.site.26, 26, 213, 239
1120974.3.peg.1546.site.27, 192, 211, 403
1120974.3.peg.1546.site.28, 214, 215, 429
1120974.3.peg.1546.site.29, 3, 216, 219
1120974.3.peg.1546.site.30, 50, 213, 263
1120974.3.peg.1546.site.31, 2, 216, 218
1120974.3.peg.1546.site.32, 2, 216, 218
1120974.3.peg.1546.site.33, 2, 215, 217
1120974.3.peg.1546.site.34, 2, 214, 216
1120974.3.peg.1546.site.35, 15, 212, 227
1120974.3.peg.1546.site.36, 2, 216, 218
1120974.3.peg.1546.site.37, 0, 215, 215
1120974.3.peg.1546.site.38, 0, 216, 216
1120974.3.peg.1546.site.39, 0, 215, 215
1120974.3.peg.1546.site.40, 2, 216, 218
1120974.3.peg.1546.site.41, 2, 215, 217
1120974.3.peg.1546.site.42, 0, 214, 214
1120974.3.peg.1546.site.43, 3, 215, 218
1120974.3.peg.1546.site.44, 143, 210, 353
1120974.3.peg.1546.site.45, 39, 215, 254
1120974.3.peg.1546.site.46, 39, 212, 251
1120974.3.peg.1546.site.47, 137, 209, 346
1120974.3.peg.1546.site.48, 3, 215, 218
1120974.3.peg.1546.site.49, 3, 215, 218
1120974.3.peg.1546.site.50, 174, 214, 388
1120974.3.peg.1546.site.51, 0, 216, 216
1120974.3.peg.1546.site.52, 2, 216, 218
1120974.3.peg.1546.site.53, 39, 210, 249
1120974.3.peg.1546.site.54, 2, 215, 217
1120974.3.peg.1546.site.55, 39, 213, 252
1120974.3.peg.1546.site.56, 43, 213, 256
1120974.3.peg.1546.site.57, 9, 214, 223
1120974.3.peg.1546.site.58, 6, 215, 221
1120974.3.peg.1546.site.59, 3, 216, 219
1120974.3.peg.1546.site.60, 6, 215, 221
1120974.3.peg.1546.site.61, 9, 214, 223
1120974.3.peg.1546.site.62, 0, 215, 215
1120974.3.peg.1545.site.1, 31, 215, 246
1120974.3.peg.1545.site.2, 0, 216, 216
1120974.3.peg.1545.site.3, 163, 212, 375
1120974.3.peg.1545.site.4, 1, 216, 217
1120974.3.peg.1545.site.5, 3, 216, 219
1120974.3.peg.1545.site.6, 0, 213, 213
1120974.3.peg.1545.site.7, 3, 213, 216
1120974.3.peg.1545.site.8, 0, 212, 212
1120974.3.peg.1545.site.9, 3, 216, 219
1120974.3.peg.1545.site.10, 126, 212, 338
1120974.3.peg.1545.site.11, 1, 216, 217
1120974.3.peg.1545.site.12, 11, 214, 225
1120974.3.peg.1545.site.13, 210, 213, 423
1120974.3.peg.1545.site.14, 9, 216, 225
1120974.3.peg.1545.site.15, 33, 213, 246
1120974.3.peg.1545.site.16, 138, 213, 351
1120974.3.peg.1545.site.17, 138, 214, 352
1120974.3.peg.1545.site.18, 133, 150, 283
1120974.3.peg.1545.site.19, 94, 181, 275
1120974.3.peg.1545.site.20, 161, 203, 364
1120974.3.peg.1545.site.21, 31, 211, 242
1120974.3.peg.1545.site.22, 6, 216, 222
1120974.3.peg.1545.site.23, 0, 216, 216
1120974.3.peg.1545.site.24, 142, 215, 357
1120974.3.peg.1545.site.25, 139, 214, 353
1120974.3.peg.1545.site.26, 1, 216, 217
1120974.3.peg.1545.site.27, 130, 211, 341
1120974.3.peg.1545.site.28, 121, 211, 332
1120974.3.peg.1545.site.29, 3, 215, 218
1120974.3.peg.1545.site.30, 14, 214, 228
1120974.3.peg.1545.site.31, 2, 214, 216
1120974.3.peg.1545.site.32, 3, 216, 219
1120974.3.peg.1545.site.33, 6, 215, 221
1120974.3.peg.1545.site.34, 1, 211, 212
1120974.3.peg.1545.site.35, 0, 208, 208
1120974.3.peg.1545.site.36, 135, 214, 349
1120974.3.peg.1545.site.37, 4, 216, 220
1120974.3.peg.1545.site.38, 119, 212, 331
1120974.3.peg.1545.site.39, 14, 215, 229
1120974.3.peg.1545.site.40, 13, 215, 228
1120974.3.peg.1545.site.41, 3, 215, 218
1120974.3.peg.1545.site.42, 123, 204, 327
1120974.3.peg.1545.site.43, 127, 206, 333
1120974.3.peg.1545.site.44, 1, 215, 216
1120974.3.peg.1545.site.45, 19, 215, 234
1120974.3.peg.1545.site.46, 3, 215, 218
1120974.3.peg.1545.site.47, 0, 213, 213
1120974.3.peg.1545.site.48, 1, 215, 216
1120974.3.peg.1545.site.49, 132, 212, 344
1120974.3.peg.1545.site.50, 16, 215, 231
1120974.3.peg.1545.site.51, 5, 215, 220
1120974.3.peg.1545.site.52, 5, 215, 220
1120974.3.peg.1545.site.53, 36, 214, 250
1120974.3.peg.1545.site.54, 4, 215, 219
1120974.3.peg.1545.site.55, 15, 215, 230
1120974.3.peg.1545.site.56, 3, 216, 219
1120974.3.peg.1545.site.57, 5, 216, 221
1120974.3.peg.1545.site.58, 1, 216, 217
1120974.3.peg.1545.site.59, 1, 215, 216
1120974.3.peg.1545.site.60, 121, 200, 321
1120974.3.peg.1545.site.61, 1, 195, 196
1120974.3.peg.1545.site.62, 7, 181, 188
1120974.3.peg.1545.site.63, 3, 177, 180
1120974.3.peg.1545.site.64, 113, 173, 286
1120974.3.peg.1545.site.65, 3, 175, 178
1120974.3.peg.1545.site.66, 7, 175, 182
1120974.3.peg.1545.site.67, 6, 174, 180
1120974.3.peg.1545.site.68, 5, 174, 179
1120974.3.peg.1545.site.69, 31, 172, 203
1120974.3.peg.1545.site.70, 3, 172, 175
1120974.3.peg.1545.site.71, 20, 174, 194
1120974.3.peg.1545.site.72, 7, 174, 181
1120974.3.peg.1545.site.73, 1, 176, 177
1120974.3.peg.1545.site.74, 17, 175, 192
1120974.3.peg.1545.site.75, 2, 175, 177
1120974.3.peg.1545.site.76, 2, 174, 176
1120974.3.peg.1545.site.77, 1, 175, 176
1120974.3.peg.1545.site.78, 0, 172, 172
1120974.3.peg.1545.site.79, 0, 174, 174
1120974.3.peg.1545.site.80, 2, 174, 176
1120974.3.peg.1545.site.81, 154, 174, 328
1120974.3.peg.1545.site.82, 154, 174, 328
1120974.3.peg.1545.site.83, 3, 175, 178
1120974.3.peg.1545.site.84, 3, 174, 177
1120974.3.peg.1545.site.85, 3, 174, 177
1120974.3.peg.1545.site.86, 2, 174, 176
1120974.3.peg.1545.site.87, 18, 175, 193
1120974.3.peg.1545.site.88, 125, 172, 297
1120974.3.peg.1545.site.89, 17, 68, 85
1120974.3.peg.1545.site.90, 24, 76, 100
1120974.3.peg.1545.site.91, 32, 72, 104
1120974.3.peg.1544.site.1, 1, 216, 217
1120974.3.peg.1544.site.2, 0, 216, 216
1120974.3.peg.1544.site.3, 182, 211, 393
1120974.3.peg.1544.site.4, 0, 216, 216
1120974.3.peg.1544.site.5, 1, 215, 216
1120974.3.peg.1544.site.6, 1, 216, 217
1120974.3.peg.1544.site.7, 3, 214, 217
1120974.3.peg.1544.site.8, 31, 215, 246
1120974.3.peg.1544.site.9, 30, 214, 244
1120974.3.peg.1544.site.10, 2, 216, 218
1120974.3.peg.1544.site.11, 3, 216, 219
1120974.3.peg.1544.site.12, 1, 216, 217
1120974.3.peg.1544.site.13, 30, 213, 243
1120974.3.peg.1544.site.14, 0, 215, 215
1120974.3.peg.1544.site.15, 3, 216, 219
1120974.3.peg.1544.site.16, 33, 213, 246
1120974.3.peg.1544.site.17, 31, 214, 245
1120974.3.peg.1544.site.18, 2, 216, 218
1120974.3.peg.1544.site.19, 3, 216, 219
1120974.3.peg.1544.site.20, 1, 216, 217
1120974.3.peg.1544.site.21, 215, 215, 430
1120974.3.peg.1544.site.22, 0, 216, 216
1120974.3.peg.1544.site.23, 172, 212, 384
1120974.3.peg.1544.site.24, 168, 210, 378
1120974.3.peg.1544.site.25, 168, 210, 378
1120974.3.peg.1544.site.26, 3, 214, 217
1120974.3.peg.1544.site.27, 24, 215, 239
1120974.3.peg.1544.site.28, 0, 215, 215
1120974.3.peg.1544.site.29, 3, 216, 219
1120974.3.peg.1544.site.30, 174, 213, 387
1120974.3.peg.1544.site.31, 174, 213, 387
1120974.3.peg.1542.site.1, 65, 114, 179
1120974.3.peg.1542.site.2, 187, 187, 374
1120974.3.peg.1542.site.3, 3, 216, 219
1120974.3.peg.1542.site.4, 0, 177, 177
1120974.3.peg.1542.site.5, 2, 164, 166
1120974.3.peg.1542.site.6, 185, 186, 371
1120974.3.peg.1542.site.7, 1, 216, 217
1120974.3.peg.1542.site.8, 163, 215, 378
1120974.3.peg.1542.site.9, 1, 216, 217
1120974.3.peg.1542.site.10, 40, 214, 254
1120974.3.peg.1542.site.11, 163, 214, 377
1120974.3.peg.1542.site.12, 157, 211, 368
1120974.3.peg.1542.site.13, 157, 212, 369
1120974.3.peg.1542.site.14, 153, 209, 362
1120974.3.peg.1542.site.15, 11, 213, 224
1120974.3.peg.1542.site.16, 0, 216, 216
1120974.3.peg.1542.site.17, 157, 213, 370
1120974.3.peg.1542.site.18, 22, 214, 236
1120974.3.peg.1542.site.19, 5, 216, 221
1120974.3.peg.1542.site.20, 0, 214, 214
1120974.3.peg.1542.site.21, 162, 211, 373
1120974.3.peg.1542.site.22, 163, 212, 375
1120974.3.peg.1542.site.23, 163, 212, 375
1120974.3.peg.1542.site.24, 0, 216, 216
1120974.3.peg.1542.site.25, 165, 213, 378
1120974.3.peg.1542.site.26, 0, 215, 215
1120974.3.peg.1542.site.27, 0, 216, 216
1120974.3.peg.1542.site.28, 2, 214, 216
1120974.3.peg.1542.site.29, 0, 213, 213
1120974.3.peg.1542.site.30, 28, 202, 230
1120974.3.peg.1542.site.31, 76, 211, 287
1120974.3.peg.1540.site.1, 176, 215, 391
1120974.3.peg.1540.site.2, 175, 214, 389
1120974.3.peg.1540.site.3, 0, 216, 216
1120974.3.peg.1540.site.4, 7, 216, 223
1120974.3.peg.1540.site.5, 175, 214, 389
1120974.3.peg.1540.site.6, 2, 215, 217
1120974.3.peg.1540.site.7, 0, 212, 212
1120974.3.peg.1540.site.8, 70, 187, 257
1120974.3.peg.1540.site.9, 113, 147, 260
1120974.3.peg.1540.site.10, 0, 139, 139
1120974.3.peg.282.site.1, 14, 213, 227
1120974.3.peg.282.site.2, 8, 212, 220
1120974.3.peg.282.site.3, 2, 202, 204
1120974.3.peg.282.site.4, 27, 200, 227
1120974.3.peg.282.site.5, 0, 188, 188
1120974.3.peg.282.site.6, 1, 193, 194
1120974.3.peg.282.site.7, 24, 191, 215
1120974.3.peg.282.site.8, 7, 197, 204
1120974.3.peg.282.site.9, 23, 190, 213
1120974.3.peg.282.site.10, 1, 192, 193
1120974.3.peg.282.site.11, 28, 204, 232
1120974.3.peg.282.site.12, 30, 208, 238
1120974.3.peg.282.site.13, 29, 214, 243
1120974.3.peg.282.site.14, 2, 215, 217
1120974.3.peg.282.site.15, 28, 215, 243
1120974.3.peg.282.site.16, 29, 196, 225
1120974.3.peg.282.site.17, 1, 206, 207
1120974.3.peg.282.site.18, 8, 210, 218
1120974.3.peg.282.site.19, 24, 209, 233
1120974.3.peg.282.site.20, 25, 208, 233
1120974.3.peg.282.site.21, 190, 209, 399
1120974.3.peg.282.site.22, 1, 212, 213
1120974.3.peg.282.site.23, 2, 211, 213
1120974.3.peg.282.site.24, 7, 207, 214
1120974.3.peg.282.site.25, 36, 205, 241
1120974.3.peg.282.site.26, 34, 200, 234
1120974.3.peg.282.site.27, 21, 204, 225
1120974.3.peg.282.site.28, 24, 209, 233
1120974.3.peg.280.site.1, 131, 157, 288
1120974.3.peg.280.site.2, 204, 212, 416
1120974.3.peg.280.site.3, 1, 215, 216
1120974.3.peg.280.site.4, 2, 214, 216
1120974.3.peg.280.site.5, 140, 205, 345
1120974.3.peg.280.site.6, 11, 206, 217
1120974.3.peg.280.site.7, 94, 159, 253
1120974.3.peg.281.site.1, 0, 214, 214
1120974.3.peg.281.site.2, 94, 149, 243
1120974.3.peg.281.site.3, 0, 157, 157
1120974.3.peg.281.site.4, 85, 137, 222
1120974.3.peg.281.site.5, 40, 97, 137
1120974.3.peg.281.site.6, 26, 87, 113
1120974.3.peg.281.site.7, 9, 82, 91
1120974.3.peg.281.site.8, 1, 77, 78
1120974.3.peg.281.site.9, 11, 69, 80
1120974.3.peg.281.site.10, 90, 109, 199
1120974.3.peg.281.site.11, 131, 155, 286
1120974.3.peg.281.site.12, 155, 178, 333
1120974.3.peg.281.site.13, 17, 195, 212
1120974.3.peg.281.site.14, 182, 207, 389
1120974.3.peg.281.site.15, 178, 203, 381
1120974.3.peg.281.site.16, 5, 207, 212
1120974.3.peg.281.site.17, 4, 214, 218
1120974.3.peg.281.site.18, 2, 211, 213
1120974.3.peg.281.site.19, 6, 214, 220
1120974.3.peg.281.site.20, 204, 215, 419
1120974.3.peg.281.site.21, 2, 216, 218
1120974.3.peg.281.site.22, 206, 215, 421
1120974.3.peg.281.site.23, 0, 216, 216
1120974.3.peg.281.site.24, 12, 215, 227
1120974.3.peg.281.site.25, 2, 216, 218
1120974.3.peg.281.site.26, 2, 216, 218
1120974.3.peg.281.site.27, 2, 215, 217
1120974.3.peg.281.site.28, 1, 216, 217
1120974.3.peg.281.site.29, 0, 214, 214
1120974.3.peg.1437.site.1, 45, 213, 258
1120974.3.peg.1437.site.2, 1, 215, 216
1120974.3.peg.1437.site.3, 0, 213, 213
1120974.3.peg.1437.site.4, 2, 210, 212
1120974.3.peg.1437.site.5, 112, 150, 262
1120974.3.peg.1437.site.6, 1, 170, 171
1120974.3.peg.1437.site.7, 0, 174, 174
1120974.3.peg.1437.site.8, 75, 164, 239
1120974.3.peg.1437.site.9, 77, 158, 235
1120974.3.peg.1437.site.10, 72, 160, 232
1120974.3.peg.1437.site.11, 104, 161, 265
1120974.3.peg.1437.site.12, 0, 185, 185
1120974.3.peg.1437.site.13, 169, 209, 378
1120974.3.peg.1436.site.1, 3, 59, 62
1120974.3.peg.1436.site.2, 54, 63, 117
1120974.3.peg.1436.site.3, 39, 60, 99
1120974.3.peg.1436.site.4, 46, 67, 113
1120974.3.peg.1436.site.5, 81, 102, 183
1120974.3.peg.1436.site.6, 0, 179, 179
1120974.3.peg.1436.site.7, 1, 200, 201
1120974.3.peg.1436.site.8, 4, 214, 218
1120974.3.peg.1436.site.9, 0, 216, 216
1120974.3.peg.1436.site.10, 128, 209, 337
1120974.3.peg.1436.site.11, 212, 216, 428
1120974.3.peg.1436.site.12, 125, 208, 333
1120974.3.peg.1439.site.1, 37, 214, 251
1120974.3.peg.1439.site.2, 216, 216, 432
1120974.3.peg.1439.site.3, 0, 216, 216
1120974.3.peg.1439.site.4, 2, 215, 217
1120974.3.peg.1439.site.5, 3, 214, 217
1120974.3.peg.1439.site.6, 171, 214, 385
1120974.3.peg.1439.site.7, 172, 214, 386
1120974.3.peg.1439.site.8, 171, 212, 383
1120974.3.peg.1439.site.9, 208, 213, 421
1120974.3.peg.1439.site.10, 15, 215, 230
1120974.3.peg.1439.site.11, 42, 212, 254
1120974.3.peg.1439.site.12, 14, 212, 226
1120974.3.peg.1439.site.13, 0, 213, 213
1120974.3.peg.1439.site.14, 1, 216, 217
1120974.3.peg.1439.site.15, 3, 214, 217
1120974.3.peg.1438.site.1, 212, 215, 427
1120974.3.peg.1438.site.2, 215, 215, 430
1120974.3.peg.1438.site.3, 73, 213, 286
1120974.3.peg.1438.site.4, 51, 211, 262
1120974.3.peg.1438.site.5, 4, 216, 220
1120974.3.peg.1438.site.6, 1, 216, 217
1120974.3.peg.1438.site.7, 162, 211, 373
1120974.3.peg.1438.site.8, 98, 204, 302
1120974.3.peg.1438.site.9, 1, 212, 213
1120974.3.peg.2604.site.1, 1, 185, 186
1120974.3.peg.2604.site.2, 38, 198, 236
1120974.3.peg.2604.site.3, 11, 205, 216
1120974.3.peg.2604.site.4, 38, 202, 240
1120974.3.peg.2604.site.5, 39, 204, 243
1120974.3.peg.2604.site.6, 6, 201, 207
1120974.3.peg.2604.site.7, 4, 212, 216
1120974.3.peg.2604.site.8, 22, 214, 236
1120974.3.peg.2604.site.9, 64, 210, 274
1120974.3.peg.2604.site.10, 2, 216, 218
1120974.3.peg.2604.site.11, 122, 208, 330
1120974.3.peg.2604.site.12, 84, 208, 292
1120974.3.peg.2607.site.1, 26, 214, 240
1120974.3.peg.2607.site.2, 2, 215, 217
1120974.3.peg.2607.site.3, 25, 213, 238
1120974.3.peg.2607.site.4, 0, 215, 215
1120974.3.peg.2607.site.5, 2, 212, 214
1120974.3.peg.2607.site.6, 23, 209, 232
1120974.3.peg.2607.site.7, 186, 213, 399
1120974.3.peg.2607.site.8, 0, 215, 215
1120974.3.peg.2607.site.9, 0, 214, 214
1120974.3.peg.2607.site.10, 214, 215, 429
1120974.3.peg.828.site.1, 108, 205, 313
1120974.3.peg.828.site.2, 0, 183, 183
1120974.3.peg.828.site.3, 103, 183, 286
1120974.3.peg.828.site.4, 0, 187, 187
1120974.3.peg.828.site.5, 115, 204, 319
1120974.3.peg.828.site.6, 115, 204, 319
1120974.3.peg.828.site.7, 7, 212, 219
1120974.3.peg.828.site.8, 8, 212, 220
1120974.3.peg.828.site.9, 2, 214, 216
1120974.3.peg.828.site.10, 38, 208, 246
1120974.3.peg.828.site.11, 12, 210, 222
1120974.3.peg.828.site.12, 5, 203, 208
1120974.3.peg.828.site.13, 102, 184, 286
1120974.3.peg.828.site.14, 5, 186, 191
1120974.3.peg.828.site.15, 0, 197, 197
1120974.3.peg.828.site.16, 91, 185, 276
1120974.3.peg.828.site.17, 122, 193, 315
1120974.3.peg.828.site.18, 0, 207, 207
1120974.3.peg.828.site.19, 122, 203, 325
1120974.3.peg.828.site.20, 111, 208, 319
1120974.3.peg.828.site.21, 114, 212, 326
1120974.3.peg.828.site.22, 114, 212, 326
1120974.3.peg.828.site.23, 37, 210, 247
1120974.3.peg.828.site.24, 114, 212, 326
1120974.3.peg.828.site.25, 10, 215, 225
1120974.3.peg.828.site.26, 209, 215, 424
1120974.3.peg.828.site.27, 0, 213, 213
1120974.3.peg.829.site.1, 0, 215, 215
1120974.3.peg.829.site.2, 0, 213, 213
1120974.3.peg.829.site.3, 121, 212, 333
1120974.3.peg.829.site.4, 0, 211, 211
1120974.3.peg.829.site.5, 2, 212, 214
1120974.3.peg.829.site.6, 2, 201, 203
1120974.3.peg.826.site.1, 0, 190, 190
1120974.3.peg.826.site.2, 131, 174, 305
1120974.3.peg.826.site.3, 126, 164, 290
1120974.3.peg.826.site.4, 0, 207, 207
1120974.3.peg.826.site.5, 33, 214, 247
1120974.3.peg.826.site.6, 1, 214, 215
1120974.3.peg.826.site.7, 1, 215, 216
1120974.3.peg.826.site.8, 41, 205, 246
1120974.3.peg.826.site.9, 2, 211, 213
1120974.3.peg.826.site.10, 0, 206, 206
1120974.3.peg.826.site.11, 199, 205, 404
1120974.3.peg.826.site.12, 167, 208, 375
1120974.3.peg.826.site.13, 8, 210, 218
1120974.3.peg.826.site.14, 8, 201, 209
1120974.3.peg.826.site.15, 0, 180, 180
1120974.3.peg.826.site.16, 99, 144, 243
1120974.3.peg.826.site.17, 5, 166, 171
1120974.3.peg.826.site.18, 39, 119, 158
1120974.3.peg.826.site.19, 61, 140, 201
1120974.3.peg.826.site.20, 42, 198, 240
1120974.3.peg.826.site.21, 3, 207, 210
1120974.3.peg.826.site.22, 128, 209, 337
1120974.3.peg.826.site.23, 0, 216, 216
1120974.3.peg.826.site.24, 0, 214, 214
1120974.3.peg.826.site.25, 1, 213, 214
1120974.3.peg.826.site.26, 1, 212, 213
1120974.3.peg.826.site.27, 0, 212, 212
1120974.3.peg.826.site.28, 0, 168, 168
1120974.3.peg.826.site.29, 161, 199, 360
1120974.3.peg.826.site.30, 1, 209, 210
1120974.3.peg.826.site.31, 143, 213, 356
1120974.3.peg.826.site.32, 35, 215, 250
1120974.3.peg.826.site.33, 100, 145, 245
1120974.3.peg.826.site.34, 83, 157, 240
1120974.3.peg.826.site.35, 0, 208, 208
1120974.3.peg.826.site.36, 32, 210, 242
1120974.3.peg.826.site.37, 116, 198, 314
1120974.3.peg.826.site.38, 37, 202, 239
1120974.3.peg.827.site.1, 84, 209, 293
1120974.3.peg.827.site.2, 9, 213, 222
1120974.3.peg.827.site.3, 10, 209, 219
1120974.3.peg.827.site.4, 0, 190, 190
1120974.3.peg.827.site.5, 5, 216, 221
1120974.3.peg.827.site.6, 157, 212, 369
1120974.3.peg.827.site.7, 4, 215, 219
1120974.3.peg.827.site.8, 8, 215, 223
1120974.3.peg.827.site.9, 0, 215, 215
1120974.3.peg.827.site.10, 0, 214, 214
1120974.3.peg.827.site.11, 123, 205, 328
1120974.3.peg.827.site.12, 111, 208, 319
1120974.3.peg.827.site.13, 177, 211, 388
1120974.3.peg.827.site.14, 24, 124, 148
1120974.3.peg.827.site.15, 22, 115, 137
1120974.3.peg.827.site.16, 24, 117, 141
1120974.3.peg.827.site.17, 6, 201, 207
1120974.3.peg.827.site.18, 0, 209, 209
1120974.3.peg.824.site.1, 0, 209, 209
1120974.3.peg.824.site.2, 129, 205, 334
1120974.3.peg.824.site.3, 130, 207, 337
1120974.3.peg.824.site.4, 163, 211, 374
1120974.3.peg.824.site.5, 35, 202, 237
1120974.3.peg.824.site.6, 21, 200, 221
1120974.3.peg.824.site.7, 9, 189, 198
1120974.3.peg.824.site.8, 4, 183, 187
1120974.3.peg.824.site.9, 129, 181, 310
1120974.3.peg.824.site.10, 31, 183, 214
1120974.3.peg.824.site.11, 0, 183, 183
1120974.3.peg.824.site.12, 6, 182, 188
1120974.3.peg.824.site.13, 159, 206, 365
1120974.3.peg.824.site.14, 1, 208, 209
1120974.3.peg.824.site.15, 105, 206, 311
1120974.3.peg.824.site.16, 26, 205, 231
1120974.3.peg.824.site.17, 8, 210, 218
1120974.3.peg.824.site.18, 117, 188, 305
1120974.3.peg.824.site.19, 100, 171, 271
1120974.3.peg.825.site.1, 126, 196, 322
1120974.3.peg.825.site.2, 0, 207, 207
1120974.3.peg.825.site.3, 143, 209, 352
1120974.3.peg.825.site.4, 0, 214, 214
1120974.3.peg.825.site.5, 114, 210, 324
1120974.3.peg.825.site.6, 190, 214, 404
1120974.3.peg.825.site.7, 30, 213, 243
1120974.3.peg.825.site.8, 31, 212, 243
1120974.3.peg.825.site.9, 31, 213, 244
1120974.3.peg.825.site.10, 113, 208, 321
1120974.3.peg.825.site.11, 5, 216, 221
1120974.3.peg.825.site.12, 32, 214, 246
1120974.3.peg.825.site.13, 33, 213, 246
1120974.3.peg.825.site.14, 33, 213, 246
1120974.3.peg.825.site.15, 1, 216, 217
1120974.3.peg.825.site.16, 0, 215, 215
1120974.3.peg.825.site.17, 0, 215, 215
1120974.3.peg.825.site.18, 2, 215, 217
1120974.3.peg.825.site.19, 2, 216, 218
1120974.3.peg.825.site.20, 4, 213, 217
1120974.3.peg.825.site.21, 205, 214, 419
1120974.3.peg.825.site.22, 1, 215, 216
1120974.3.peg.825.site.23, 64, 208, 272
1120974.3.peg.825.site.24, 4, 215, 219
1120974.3.peg.825.site.25, 0, 216, 216
1120974.3.peg.825.site.26, 11, 213, 224
1120974.3.peg.825.site.27, 2, 213, 215
1120974.3.peg.825.site.28, 2, 215, 217
1120974.3.peg.825.site.29, 6, 213, 219
1120974.3.peg.825.site.30, 0, 215, 215
1120974.3.peg.825.site.31, 7, 216, 223
1120974.3.peg.825.site.32, 1, 215, 216
1120974.3.peg.825.site.33, 111, 201, 312
1120974.3.peg.825.site.34, 0, 211, 211
1120974.3.peg.825.site.35, 2, 205, 207
1120974.3.peg.825.site.36, 2, 213, 215
1120974.3.peg.825.site.37, 2, 213, 215
1120974.3.peg.825.site.38, 0, 214, 214
1120974.3.peg.825.site.39, 0, 215, 215
1120974.3.peg.825.site.40, 0, 213, 213
1120974.3.peg.822.site.1, 5, 213, 218
1120974.3.peg.822.site.2, 182, 192, 374
1120974.3.peg.822.site.3, 0, 173, 173
1120974.3.peg.822.site.4, 119, 178, 297
1120974.3.peg.822.site.5, 114, 174, 288
1120974.3.peg.822.site.6, 126, 186, 312
1120974.3.peg.822.site.7, 6, 211, 217
1120974.3.peg.822.site.8, 1, 210, 211
1120974.3.peg.822.site.9, 182, 208, 390
1120974.3.peg.822.site.10, 192, 209, 401
1120974.3.peg.822.site.11, 30, 209, 239
1120974.3.peg.822.site.12, 30, 209, 239
1120974.3.peg.822.site.13, 210, 212, 422
1120974.3.peg.822.site.14, 33, 211, 244
1120974.3.peg.822.site.15, 0, 213, 213
1120974.3.peg.822.site.16, 6, 213, 219
1120974.3.peg.822.site.17, 17, 207, 224
1120974.3.peg.822.site.18, 177, 210, 387
1120974.3.peg.822.site.19, 148, 207, 355
1120974.3.peg.823.site.1, 0, 213, 213
1120974.3.peg.823.site.2, 4, 213, 217
1120974.3.peg.823.site.3, 0, 213, 213
1120974.3.peg.823.site.4, 35, 201, 236
1120974.3.peg.823.site.5, 28, 206, 234
1120974.3.peg.823.site.6, 0, 212, 212
1120974.3.peg.823.site.7, 9, 90, 99
1120974.3.peg.823.site.8, 4, 87, 91
1120974.3.peg.823.site.9, 4, 87, 91
1120974.3.peg.823.site.10, 99, 182, 281
1120974.3.peg.823.site.11, 4, 212, 216
1120974.3.peg.823.site.12, 3, 212, 215
1120974.3.peg.823.site.13, 12, 194, 206
1120974.3.peg.823.site.14, 16, 64, 80
1120974.3.peg.823.site.15, 12, 60, 72
1120974.3.peg.823.site.16, 6, 54, 60
1120974.3.peg.823.site.17, 50, 93, 143
1120974.3.peg.823.site.18, 4, 115, 119
1120974.3.peg.823.site.19, 28, 202, 230
1120974.3.peg.823.site.20, 0, 208, 208
1120974.3.peg.823.site.21, 2, 208, 210
1120974.3.peg.823.site.22, 1, 213, 214
1120974.3.peg.823.site.23, 192, 212, 404
1120974.3.peg.823.site.24, 1, 212, 213
1120974.3.peg.823.site.25, 125, 208, 333
1120974.3.peg.823.site.26, 37, 211, 248
1120974.3.peg.823.site.27, 0, 213, 213
1120974.3.peg.823.site.28, 120, 210, 330
1120974.3.peg.823.site.29, 4, 210, 214
1120974.3.peg.820.site.1, 18, 44, 62
1120974.3.peg.820.site.2, 79, 101, 180
1120974.3.peg.820.site.3, 167, 192, 359
1120974.3.peg.820.site.4, 5, 215, 220
1120974.3.peg.820.site.5, 3, 209, 212
1120974.3.peg.820.site.6, 144, 164, 308
1120974.3.peg.820.site.7, 64, 87, 151
1120974.3.peg.821.site.1, 2, 21, 23
1120974.3.peg.821.site.2, 9, 27, 36
1120974.3.peg.821.site.3, 3, 33, 36
1120974.3.peg.821.site.4, 16, 37, 53
1120974.3.peg.821.site.5, 17, 38, 55
1120974.3.peg.821.site.6, 42, 63, 105
1120974.3.peg.821.site.7, 130, 153, 283
1120974.3.peg.821.site.8, 121, 143, 264
1120974.3.peg.821.site.9, 110, 132, 242
1120974.3.peg.821.site.10, 116, 138, 254
1120974.3.peg.821.site.11, 126, 146, 272
1120974.3.peg.821.site.12, 10, 207, 217
1120974.3.peg.821.site.13, 41, 202, 243
1120974.3.peg.821.site.14, 0, 194, 194
1120974.3.peg.821.site.15, 12, 206, 218
1120974.3.peg.821.site.16, 10, 212, 222
1120974.3.peg.821.site.17, 1, 209, 210
1120974.3.peg.821.site.18, 85, 210, 295
1120974.3.peg.821.site.19, 0, 215, 215
1120974.3.peg.821.site.20, 4, 213, 217
1120974.3.peg.821.site.21, 0, 208, 208
1120974.3.peg.821.site.22, 2, 215, 217
1120974.3.peg.821.site.23, 98, 211, 309
1120974.3.peg.821.site.24, 2, 215, 217
1120974.3.peg.821.site.25, 2, 216, 218
1120974.3.peg.821.site.26, 2, 216, 218
1120974.3.peg.821.site.27, 0, 214, 214
1120974.3.peg.821.site.28, 2, 216, 218
1120974.3.peg.821.site.29, 3, 216, 219
1120974.3.peg.821.site.30, 104, 211, 315
1120974.3.peg.821.site.31, 109, 212, 321
1120974.3.peg.821.site.32, 152, 212, 364
1120974.3.peg.821.site.33, 11, 207, 218
1120974.3.peg.821.site.34, 80, 162, 242
1120974.3.peg.821.site.35, 0, 173, 173
1120974.3.peg.821.site.36, 122, 165, 287
1120974.3.peg.821.site.37, 0, 176, 176
1120974.3.peg.821.site.38, 0, 192, 192
1120974.3.peg.821.site.39, 50, 212, 262
1120974.3.peg.821.site.40, 0, 214, 214
1120974.3.peg.821.site.41, 4, 216, 220
1120974.3.peg.821.site.42, 12, 215, 227
1120974.3.peg.821.site.43, 2, 216, 218
1120974.3.peg.821.site.44, 0, 216, 216
1120974.3.peg.821.site.45, 12, 212, 224
1120974.3.peg.821.site.46, 11, 211, 222
1120974.3.peg.821.site.47, 5, 212, 217
1120974.3.peg.821.site.48, 37, 208, 245
1120974.3.peg.821.site.49, 6, 206, 212
1120974.3.peg.821.site.50, 211, 211, 422
1120974.3.peg.821.site.51, 1, 212, 213
1120974.3.peg.821.site.52, 1, 213, 214
1120974.3.peg.821.site.53, 4, 212, 216
1120974.3.peg.821.site.54, 2, 209, 211
1120974.3.peg.821.site.55, 4, 213, 217
1120974.3.peg.821.site.56, 182, 210, 392
1120974.3.peg.821.site.57, 168, 207, 375
1120974.3.peg.821.site.58, 10, 210, 220
1120974.3.peg.821.site.59, 170, 207, 377
1120974.3.peg.2116.site.1, 45, 196, 241
1120974.3.peg.2116.site.2, 0, 207, 207
1120974.3.peg.2116.site.3, 6, 172, 178
1120974.3.peg.2116.site.4, 6, 171, 177
1120974.3.peg.2116.site.5, 3, 169, 172
1120974.3.peg.2116.site.6, 165, 196, 361
1120974.3.peg.2116.site.7, 43, 206, 249
1120974.3.peg.2116.site.8, 45, 211, 256
1120974.3.peg.2116.site.9, 120, 211, 331
1120974.3.peg.2116.site.10, 47, 214, 261
1120974.3.peg.2116.site.11, 0, 216, 216
1120974.3.peg.2116.site.12, 49, 213, 262
1120974.3.peg.2116.site.13, 0, 216, 216
1120974.3.peg.2116.site.14, 169, 214, 383
1120974.3.peg.2116.site.15, 169, 211, 380
1120974.3.peg.2116.site.16, 0, 207, 207
1120974.3.peg.2116.site.17, 199, 214, 413
1120974.3.peg.2116.site.18, 117, 209, 326
1120974.3.peg.2116.site.19, 0, 216, 216
1120974.3.peg.2116.site.20, 114, 207, 321
1120974.3.peg.2043.site.1, 0, 215, 215
1120974.3.peg.2043.site.2, 102, 213, 315
1120974.3.peg.2043.site.3, 102, 213, 315
1120974.3.peg.2043.site.4, 26, 212, 238
1120974.3.peg.2043.site.5, 18, 213, 231
1120974.3.peg.2043.site.6, 16, 212, 228
1120974.3.peg.2043.site.7, 26, 213, 239
1120974.3.peg.2043.site.8, 44, 213, 257
1120974.3.peg.2043.site.9, 1, 216, 217
1120974.3.peg.2043.site.10, 23, 214, 237
1120974.3.peg.2043.site.11, 97, 212, 309
1120974.3.peg.2043.site.12, 1, 213, 214
1120974.3.peg.2043.site.13, 0, 216, 216
1120974.3.peg.2043.site.14, 0, 215, 215
1120974.3.peg.2043.site.15, 3, 215, 218
1120974.3.peg.2043.site.16, 1, 213, 214
1120974.3.peg.2043.site.17, 5, 215, 220
1120974.3.peg.2043.site.18, 1, 216, 217
1120974.3.peg.2043.site.19, 101, 211, 312
1120974.3.peg.2043.site.20, 103, 212, 315
1120974.3.peg.2043.site.21, 1, 216, 217
1120974.3.peg.2043.site.22, 43, 209, 252
1120974.3.peg.2043.site.23, 3, 216, 219
1120974.3.peg.2043.site.24, 148, 208, 356
1120974.3.peg.2043.site.25, 99, 214, 313
1120974.3.peg.2043.site.26, 153, 212, 365
1120974.3.peg.2043.site.27, 107, 215, 322
1120974.3.peg.2043.site.28, 44, 215, 259
1120974.3.peg.2043.site.29, 43, 214, 257
1120974.3.peg.2043.site.30, 43, 214, 257
1120974.3.peg.2043.site.31, 151, 207, 358
1120974.3.peg.2043.site.32, 39, 202, 241
1120974.3.peg.2043.site.33, 100, 200, 300
1120974.3.peg.2043.site.34, 153, 210, 363
1120974.3.peg.2043.site.35, 153, 210, 363
1120974.3.peg.2043.site.36, 80, 212, 292
1120974.3.peg.2043.site.37, 148, 206, 354
1120974.3.peg.2043.site.38, 1, 212, 213
1120974.3.peg.2043.site.39, 87, 204, 291
1120974.3.peg.2042.site.1, 2, 216, 218
1120974.3.peg.2042.site.2, 4, 216, 220
1120974.3.peg.2042.site.3, 2, 215, 217
1120974.3.peg.2042.site.4, 111, 211, 322
1120974.3.peg.2042.site.5, 139, 207, 346
1120974.3.peg.2042.site.6, 0, 215, 215
1120974.3.peg.2042.site.7, 30, 214, 244
1120974.3.peg.2042.site.8, 1, 216, 217
1120974.3.peg.2042.site.9, 1, 216, 217
1120974.3.peg.2042.site.10, 0, 216, 216
1120974.3.peg.2042.site.11, 142, 206, 348
1120974.3.peg.2042.site.12, 29, 213, 242
1120974.3.peg.2042.site.13, 0, 211, 211
1120974.3.peg.2042.site.14, 0, 209, 209
1120974.3.peg.2042.site.15, 0, 212, 212
1120974.3.peg.2042.site.16, 0, 213, 213
1120974.3.peg.2042.site.17, 0, 214, 214
1120974.3.peg.2042.site.18, 0, 216, 216
1120974.3.peg.2042.site.19, 0, 216, 216
1120974.3.peg.2042.site.20, 2, 215, 217
1120974.3.peg.2042.site.21, 4, 216, 220
1120974.3.peg.2042.site.22, 4, 216, 220
1120974.3.peg.2042.site.23, 99, 214, 313
1120974.3.peg.2042.site.24, 98, 214, 312
1120974.3.peg.2041.site.1, 1, 85, 86
1120974.3.peg.2041.site.2, 5, 85, 90
1120974.3.peg.2041.site.3, 1, 83, 84
1120974.3.peg.2041.site.4, 10, 89, 99
1120974.3.peg.2041.site.5, 20, 97, 117
1120974.3.peg.2041.site.6, 1, 120, 121
1120974.3.peg.2041.site.7, 18, 196, 214
1120974.3.peg.2041.site.8, 1, 204, 205
1120974.3.peg.2041.site.9, 116, 199, 315
1120974.3.peg.2041.site.10, 106, 189, 295
1120974.3.peg.2041.site.11, 4, 197, 201
1120974.3.peg.2041.site.12, 116, 194, 310
1120974.3.peg.2041.site.13, 3, 214, 217
1120974.3.peg.2041.site.14, 128, 215, 343
1120974.3.peg.2041.site.15, 59, 214, 273
1120974.3.peg.2041.site.16, 1, 213, 214
1120974.3.peg.2041.site.17, 90, 206, 296
1120974.3.peg.2041.site.18, 91, 207, 298
1120974.3.peg.2041.site.19, 178, 208, 386
1120974.3.peg.2041.site.20, 108, 209, 317
1120974.3.peg.2041.site.21, 18, 208, 226
1120974.3.peg.2041.site.22, 0, 209, 209
1120974.3.peg.2041.site.23, 98, 211, 309
1120974.3.peg.2041.site.24, 0, 214, 214
1120974.3.peg.2041.site.25, 4, 215, 219
1120974.3.peg.2041.site.26, 81, 195, 276
1120974.3.peg.2041.site.27, 74, 188, 262
1120974.3.peg.2041.site.28, 2, 178, 180
1120974.3.peg.2041.site.29, 5, 127, 132
1120974.3.peg.2041.site.30, 51, 207, 258
1120974.3.peg.2041.site.31, 53, 208, 261
1120974.3.peg.2041.site.32, 0, 212, 212
1120974.3.peg.2041.site.33, 189, 197, 386
1120974.3.peg.2041.site.34, 1, 204, 205
1120974.3.peg.2041.site.35, 0, 202, 202
1120974.3.peg.2041.site.36, 0, 203, 203
1120974.3.peg.2041.site.37, 0, 215, 215
1120974.3.peg.2041.site.38, 3, 214, 217
1120974.3.peg.2041.site.39, 120, 214, 334
1120974.3.peg.2041.site.40, 0, 211, 211
1120974.3.peg.2041.site.41, 0, 210, 210
1120974.3.peg.2041.site.42, 5, 212, 217
1120974.3.peg.2041.site.43, 0, 211, 211
1120974.3.peg.2041.site.44, 0, 212, 212
1120974.3.peg.2041.site.45, 0, 212, 212
1120974.3.peg.2041.site.46, 0, 211, 211
1120974.3.peg.2041.site.47, 0, 209, 209
1120974.3.peg.2041.site.48, 25, 152, 177
1120974.3.peg.2041.site.49, 9, 136, 145
1120974.3.peg.2041.site.50, 1, 199, 200
1120974.3.peg.2041.site.51, 33, 202, 235
1120974.3.peg.2041.site.52, 1, 213, 214
1120974.3.peg.2041.site.53, 2, 214, 216
1120974.3.peg.2041.site.54, 0, 210, 210
1120974.3.peg.2041.site.55, 4, 215, 219
1120974.3.peg.2041.site.56, 4, 214, 218
1120974.3.peg.2040.site.1, 165, 210, 375
1120974.3.peg.2040.site.2, 0, 202, 202
1120974.3.peg.2040.site.3, 206, 208, 414
1120974.3.peg.2040.site.4, 144, 207, 351
1120974.3.peg.2040.site.5, 4, 212, 216
1120974.3.peg.2040.site.6, 0, 213, 213
1120974.3.peg.2040.site.7, 150, 208, 358
1120974.3.peg.2040.site.8, 6, 209, 215
1120974.3.peg.2040.site.9, 13, 207, 220
1120974.3.peg.2040.site.10, 1, 203, 204
1120974.3.peg.2040.site.11, 1, 202, 203
1120974.3.peg.2040.site.12, 1, 203, 204
1120974.3.peg.2040.site.13, 2, 203, 205
1120974.3.peg.2040.site.14, 3, 205, 208
1120974.3.peg.2040.site.15, 4, 206, 210
1120974.3.peg.2040.site.16, 1, 202, 203
1120974.3.peg.2040.site.17, 1, 203, 204
1120974.3.peg.2040.site.18, 1, 203, 204
1120974.3.peg.2040.site.19, 2, 203, 205
1120974.3.peg.2040.site.20, 4, 206, 210
1120974.3.peg.2040.site.21, 4, 205, 209
1120974.3.peg.2040.site.22, 4, 206, 210
1120974.3.peg.2040.site.23, 0, 200, 200
1120974.3.peg.2040.site.24, 0, 200, 200
1120974.3.peg.2040.site.25, 1, 203, 204
1120974.3.peg.2040.site.26, 0, 203, 203
1120974.3.peg.2040.site.27, 1, 202, 203
1120974.3.peg.2040.site.28, 158, 194, 352
1120974.3.peg.2040.site.29, 3, 202, 205
1120974.3.peg.2040.site.30, 4, 206, 210
1120974.3.peg.2040.site.31, 191, 205, 396
1120974.3.peg.2040.site.32, 144, 201, 345
1120974.3.peg.2040.site.33, 1, 206, 207
1120974.3.peg.2040.site.34, 5, 204, 209
1120974.3.peg.2040.site.35, 1, 201, 202
1120974.3.peg.2040.site.36, 2, 201, 203
1120974.3.peg.2040.site.37, 2, 201, 203
1120974.3.peg.2040.site.38, 1, 198, 199
1120974.3.peg.2040.site.39, 1, 203, 204
1120974.3.peg.2040.site.40, 4, 206, 210
1120974.3.peg.2040.site.41, 13, 205, 218
1120974.3.peg.2040.site.42, 0, 205, 205
1120974.3.peg.2040.site.43, 0, 204, 204
1120974.3.peg.2040.site.44, 11, 203, 214
1120974.3.peg.2040.site.45, 22, 202, 224
1120974.3.peg.2040.site.46, 4, 205, 209
1120974.3.peg.2040.site.47, 4, 207, 211
1120974.3.peg.2040.site.48, 0, 205, 205
1120974.3.peg.2040.site.49, 129, 206, 335
1120974.3.peg.2040.site.50, 146, 201, 347
1120974.3.peg.2040.site.51, 37, 115, 152
1120974.3.peg.2040.site.52, 29, 107, 136
1120974.3.peg.2040.site.53, 17, 95, 112
1120974.3.peg.2047.site.1, 119, 210, 329
1120974.3.peg.2047.site.2, 127, 211, 338
1120974.3.peg.2047.site.3, 3, 213, 216
1120974.3.peg.2047.site.4, 129, 213, 342
1120974.3.peg.2047.site.5, 130, 214, 344
1120974.3.peg.2047.site.6, 131, 214, 345
1120974.3.peg.2047.site.7, 130, 212, 342
1120974.3.peg.2047.site.8, 127, 210, 337
1120974.3.peg.2047.site.9, 0, 216, 216
1120974.3.peg.2047.site.10, 2, 216, 218
1120974.3.peg.2047.site.11, 4, 216, 220
1120974.3.peg.2047.site.12, 2, 210, 212
1120974.3.peg.2047.site.13, 122, 203, 325
1120974.3.peg.2047.site.14, 0, 216, 216
1120974.3.peg.2047.site.15, 1, 215, 216
1120974.3.peg.2047.site.16, 0, 214, 214
1120974.3.peg.2047.site.17, 124, 212, 336
1120974.3.peg.2046.site.1, 50, 128, 178
1120974.3.peg.2046.site.2, 11, 166, 177
1120974.3.peg.2046.site.3, 78, 168, 246
1120974.3.peg.2046.site.4, 75, 167, 242
1120974.3.peg.2046.site.5, 53, 138, 191
1120974.3.peg.2046.site.6, 39, 121, 160
1120974.3.peg.2046.site.7, 32, 118, 150
1120974.3.peg.2046.site.8, 4, 93, 97
1120974.3.peg.2046.site.9, 2, 91, 93
1120974.3.peg.2046.site.10, 72, 92, 164
1120974.3.peg.2046.site.11, 0, 91, 91
1120974.3.peg.2046.site.12, 4, 92, 96
1120974.3.peg.2046.site.13, 5, 96, 101
1120974.3.peg.2046.site.14, 21, 108, 129
1120974.3.peg.2046.site.15, 108, 200, 308
1120974.3.peg.2046.site.16, 124, 215, 339
1120974.3.peg.2046.site.17, 123, 215, 338
1120974.3.peg.2046.site.18, 2, 216, 218
1120974.3.peg.2045.site.1, 24, 211, 235
1120974.3.peg.2045.site.2, 167, 211, 378
1120974.3.peg.2045.site.3, 11, 213, 224
1120974.3.peg.2045.site.4, 1, 216, 217
1120974.3.peg.2045.site.5, 1, 216, 217
1120974.3.peg.2045.site.6, 1, 216, 217
1120974.3.peg.2045.site.7, 1, 216, 217
1120974.3.peg.2045.site.8, 4, 215, 219
1120974.3.peg.2045.site.9, 1, 216, 217
1120974.3.peg.2045.site.10, 164, 209, 373
1120974.3.peg.2045.site.11, 163, 209, 372
1120974.3.peg.2045.site.12, 160, 208, 368
1120974.3.peg.2045.site.13, 159, 205, 364
1120974.3.peg.2045.site.14, 1, 213, 214
1120974.3.peg.2045.site.15, 110, 195, 305
1120974.3.peg.2045.site.16, 117, 201, 318
1120974.3.peg.2045.site.17, 106, 191, 297
1120974.3.peg.2045.site.18, 11, 196, 207
1120974.3.peg.2045.site.19, 108, 193, 301
1120974.3.peg.2045.site.20, 123, 207, 330
1120974.3.peg.2045.site.21, 121, 206, 327
1120974.3.peg.2045.site.22, 88, 176, 264
1120974.3.peg.2045.site.23, 0, 93, 93
1120974.3.peg.2045.site.24, 65, 107, 172
1120974.3.peg.2045.site.25, 17, 90, 107
1120974.3.peg.2045.site.26, 65, 97, 162
1120974.3.peg.2045.site.27, 126, 169, 295
1120974.3.peg.2045.site.28, 1, 174, 175
1120974.3.peg.2045.site.29, 163, 195, 358
1120974.3.peg.2045.site.30, 1, 200, 201
1120974.3.peg.2045.site.31, 1, 206, 207
1120974.3.peg.2045.site.32, 1, 212, 213
1120974.3.peg.2045.site.33, 11, 211, 222
1120974.3.peg.2045.site.34, 125, 211, 336
1120974.3.peg.2045.site.35, 1, 211, 212
1120974.3.peg.2045.site.36, 0, 209, 209
1120974.3.peg.2045.site.37, 96, 178, 274
1120974.3.peg.2045.site.38, 12, 115, 127
1120974.3.peg.2045.site.39, 56, 113, 169
1120974.3.peg.2045.site.40, 197, 198, 395
1120974.3.peg.2045.site.41, 10, 209, 219
1120974.3.peg.2045.site.42, 102, 186, 288
1120974.3.peg.2045.site.43, 31, 115, 146
1120974.3.peg.2044.site.1, 110, 213, 323
1120974.3.peg.2044.site.2, 111, 215, 326
1120974.3.peg.2044.site.3, 0, 215, 215
1120974.3.peg.2044.site.4, 122, 207, 329
1120974.3.peg.2044.site.5, 140, 212, 352
1120974.3.peg.2044.site.6, 115, 213, 328
1120974.3.peg.2044.site.7, 2, 215, 217
1120974.3.peg.2044.site.8, 116, 213, 329
1120974.3.peg.2044.site.9, 0, 216, 216
1120974.3.peg.2044.site.10, 1, 213, 214
1120974.3.peg.2044.site.11, 1, 214, 215
1120974.3.peg.2044.site.12, 1, 216, 217
1120974.3.peg.2044.site.13, 53, 210, 263
1120974.3.peg.2044.site.14, 214, 215, 429
1120974.3.peg.2044.site.15, 1, 216, 217
1120974.3.peg.2044.site.16, 2, 215, 217
1120974.3.peg.2044.site.17, 2, 215, 217
1120974.3.peg.2044.site.18, 2, 215, 217
1120974.3.peg.2044.site.19, 0, 215, 215
1120974.3.peg.2044.site.20, 14, 207, 221
1120974.3.peg.2044.site.21, 1, 214, 215
1120974.3.peg.2044.site.22, 194, 209, 403
1120974.3.peg.2044.site.23, 149, 205, 354
1120974.3.peg.2044.site.24, 153, 212, 365
1120974.3.peg.2044.site.25, 153, 214, 367
1120974.3.peg.2044.site.26, 151, 211, 362
1120974.3.peg.2044.site.27, 4, 216, 220
1120974.3.peg.2044.site.28, 163, 211, 374
1120974.3.peg.2044.site.29, 165, 208, 373
1120974.3.peg.2044.site.30, 162, 205, 367
1120974.3.peg.2044.site.31, 10, 206, 216
1120974.3.peg.2044.site.32, 1, 207, 208
1120974.3.peg.2044.site.33, 0, 215, 215
1120974.3.peg.2044.site.34, 0, 210, 210
1120974.3.peg.2044.site.35, 162, 211, 373
1120974.3.peg.2044.site.36, 5, 216, 221
1120974.3.peg.2044.site.37, 163, 213, 376
1120974.3.peg.2044.site.38, 165, 210, 375
1120974.3.peg.2044.site.39, 213, 215, 428
1120974.3.peg.2049.site.1, 48, 212, 260
1120974.3.peg.2049.site.2, 214, 215, 429
1120974.3.peg.2049.site.3, 0, 216, 216
1120974.3.peg.2049.site.4, 117, 209, 326
1120974.3.peg.2049.site.5, 0, 214, 214
1120974.3.peg.2049.site.6, 1, 211, 212
1120974.3.peg.2049.site.7, 33, 215, 248
1120974.3.peg.2049.site.8, 176, 213, 389
1120974.3.peg.2049.site.9, 2, 216, 218
1120974.3.peg.2049.site.10, 176, 213, 389
1120974.3.peg.2049.site.11, 0, 216, 216
1120974.3.peg.2049.site.12, 176, 213, 389
1120974.3.peg.2049.site.13, 176, 214, 390
1120974.3.peg.2049.site.14, 176, 213, 389
1120974.3.peg.2049.site.15, 177, 215, 392
1120974.3.peg.2049.site.16, 0, 214, 214
1120974.3.peg.2049.site.17, 0, 215, 215
1120974.3.peg.2049.site.18, 160, 198, 358
1120974.3.peg.2049.site.19, 0, 109, 109
1120974.3.peg.2048.site.1, 119, 207, 326
1120974.3.peg.2048.site.2, 0, 216, 216
1120974.3.peg.2048.site.3, 211, 212, 423
1120974.3.peg.2048.site.4, 172, 209, 381
1120974.3.peg.2048.site.5, 3, 204, 207
1120974.3.peg.2048.site.6, 115, 203, 318
1120974.3.peg.2048.site.7, 0, 211, 211
1120974.3.peg.2048.site.8, 0, 209, 209
1120974.3.peg.2048.site.9, 117, 200, 317
1120974.3.peg.2048.site.10, 1, 210, 211
1120974.3.peg.2048.site.11, 0, 210, 210
1120974.3.peg.2048.site.12, 39, 126, 165
1120974.3.peg.2048.site.13, 24, 112, 136
1120974.3.peg.2048.site.14, 73, 110, 183
1120974.3.peg.2048.site.15, 1, 88, 89
1120974.3.peg.2048.site.16, 75, 79, 154
1120974.3.peg.2048.site.17, 37, 78, 115
1120974.3.peg.2048.site.18, 35, 76, 111
1120974.3.peg.2048.site.19, 67, 103, 170
1120974.3.peg.2048.site.20, 102, 143, 245
1120974.3.peg.2048.site.21, 49, 214, 263
1120974.3.peg.2048.site.22, 173, 216, 389
1120974.3.peg.2048.site.23, 3, 216, 219
1120974.3.peg.2048.site.24, 0, 216, 216
1120974.3.peg.2821.site.1, 1, 216, 217
1120974.3.peg.2821.site.2, 0, 216, 216
1120974.3.peg.2821.site.3, 187, 215, 402
1120974.3.peg.2821.site.4, 0, 171, 171
1120974.3.peg.2821.site.5, 1, 157, 158
1120974.3.peg.2821.site.6, 6, 185, 191
1120974.3.peg.2821.site.7, 25, 203, 228
1120974.3.peg.2821.site.8, 177, 204, 381
1120974.3.peg.2821.site.9, 70, 95, 165
1120974.3.peg.2821.site.10, 4, 68, 72
1120974.3.peg.2821.site.11, 4, 37, 41
1120974.3.peg.2821.site.12, 3, 16, 19
1120974.3.peg.2821.site.13, 2, 23, 25
1120974.3.peg.2821.site.14, 8, 31, 39
1120974.3.peg.2821.site.15, 149, 174, 323
1120974.3.peg.2821.site.16, 155, 180, 335
1120974.3.peg.2821.site.17, 130, 145, 275
1120974.3.peg.2821.site.18, 125, 149, 274
1120974.3.peg.2821.site.19, 122, 147, 269
1120974.3.peg.2821.site.20, 133, 156, 289
1120974.3.peg.2821.site.21, 0, 184, 184
1120974.3.peg.2821.site.22, 119, 178, 297
1120974.3.peg.2821.site.23, 69, 129, 198
1120974.3.peg.2821.site.24, 84, 145, 229
1120974.3.peg.2821.site.25, 129, 188, 317
1120974.3.peg.2821.site.26, 146, 204, 350
1120974.3.peg.2821.site.27, 200, 211, 411
1120974.3.peg.2821.site.28, 159, 179, 338
1120974.3.peg.2820.site.1, 0, 215, 215
1120974.3.peg.2820.site.2, 9, 214, 223
1120974.3.peg.2820.site.3, 9, 215, 224
1120974.3.peg.2820.site.4, 7, 135, 142
1120974.3.peg.2820.site.5, 5, 131, 136
1120974.3.peg.2820.site.6, 1, 123, 124
1120974.3.peg.2820.site.7, 0, 119, 119
1120974.3.peg.2820.site.8, 83, 160, 243
1120974.3.peg.2820.site.9, 101, 154, 255
1120974.3.peg.2820.site.10, 103, 157, 260
1120974.3.peg.2820.site.11, 176, 178, 354
1120974.3.peg.2820.site.12, 18, 121, 139
1120974.3.peg.2820.site.13, 18, 124, 142
1120974.3.peg.2820.site.14, 12, 115, 127
1120974.3.peg.2820.site.15, 80, 185, 265
1120974.3.peg.2820.site.16, 0, 199, 199
1120974.3.peg.2820.site.17, 2, 206, 208
1120974.3.peg.2820.site.18, 1, 210, 211
1120974.3.peg.2820.site.19, 5, 213, 218
1120974.3.peg.2820.site.20, 4, 215, 219
1120974.3.peg.2820.site.21, 5, 204, 209
1120974.3.peg.2820.site.22, 195, 201, 396
1120974.3.peg.2820.site.23, 1, 188, 189
1120974.3.peg.2820.site.24, 113, 194, 307
1120974.3.peg.2820.site.25, 157, 201, 358
1120974.3.peg.2820.site.26, 110, 194, 304
1120974.3.peg.2820.site.27, 1, 202, 203
1120974.3.peg.2820.site.28, 2, 213, 215
1120974.3.peg.2820.site.29, 33, 211, 244
1120974.3.peg.2820.site.30, 9, 194, 203
1120974.3.peg.2820.site.31, 33, 174, 207
1120974.3.peg.2820.site.32, 34, 183, 217
1120974.3.peg.2820.site.33, 99, 184, 283
1120974.3.peg.2820.site.34, 1, 200, 201
1120974.3.peg.2820.site.35, 3, 166, 169
1120974.3.peg.2820.site.36, 28, 194, 222
1120974.3.peg.2820.site.37, 36, 179, 215
1120974.3.peg.2820.site.38, 3, 178, 181
1120974.3.peg.2820.site.39, 1, 107, 108
1120974.3.peg.2820.site.40, 4, 158, 162
1120974.3.peg.2820.site.41, 8, 204, 212
1120974.3.peg.2820.site.42, 10, 210, 220
1120974.3.peg.2820.site.43, 4, 214, 218
1120974.3.peg.2820.site.44, 45, 207, 252
1120974.3.peg.2820.site.45, 8, 204, 212
1120974.3.peg.2820.site.46, 0, 211, 211
1120974.3.peg.2820.site.47, 6, 210, 216
1120974.3.peg.2820.site.48, 34, 202, 236
1120974.3.peg.2820.site.49, 1, 198, 199
1120974.3.peg.2820.site.50, 1, 207, 208
1120974.3.peg.2820.site.51, 3, 208, 211
1120974.3.peg.2820.site.52, 1, 200, 201
1120974.3.peg.2820.site.53, 6, 183, 189
1120974.3.peg.2820.site.54, 1, 179, 180
1120974.3.peg.2820.site.55, 1, 181, 182
1120974.3.peg.2820.site.56, 87, 210, 297
1120974.3.peg.2820.site.57, 0, 216, 216
1120974.3.peg.2820.site.58, 0, 216, 216
1120974.3.peg.2820.site.59, 0, 216, 216
1120974.3.peg.2820.site.60, 34, 214, 248
1120974.3.peg.2820.site.61, 156, 213, 369
1120974.3.peg.2820.site.62, 17, 195, 212
1120974.3.peg.952.site.1, 38, 66, 104
1120974.3.peg.952.site.2, 34, 61, 95
1120974.3.peg.952.site.3, 0, 65, 65
1120974.3.peg.952.site.4, 5, 29, 34
1120974.3.peg.952.site.5, 1, 68, 69
1120974.3.peg.952.site.6, 54, 75, 129
1120974.3.peg.952.site.7, 1, 181, 182
1120974.3.peg.952.site.8, 181, 208, 389
1120974.3.peg.952.site.9, 2, 215, 217
1120974.3.peg.952.site.10, 15, 213, 228
1120974.3.peg.952.site.11, 183, 210, 393
1120974.3.peg.952.site.12, 17, 206, 223
1120974.3.peg.952.site.13, 0, 173, 173
1120974.3.peg.952.site.14, 158, 186, 344
1120974.3.peg.952.site.15, 1, 207, 208
1120974.3.peg.952.site.16, 177, 212, 389
1120974.3.peg.952.site.17, 0, 216, 216
1120974.3.peg.952.site.18, 183, 210, 393
1120974.3.peg.952.site.19, 185, 212, 397
1120974.3.peg.952.site.20, 188, 210, 398
1120974.3.peg.952.site.21, 181, 212, 393
1120974.3.peg.952.site.22, 3, 214, 217
1120974.3.peg.952.site.23, 4, 214, 218
1120974.3.peg.952.site.24, 0, 215, 215
1120974.3.peg.952.site.25, 200, 212, 412
1120974.3.peg.952.site.26, 163, 187, 350
1120974.3.peg.952.site.27, 5, 176, 181
1120974.3.peg.952.site.28, 7, 161, 168
1120974.3.peg.952.site.29, 140, 163, 303
1120974.3.peg.952.site.30, 121, 144, 265
1120974.3.peg.952.site.31, 68, 100, 168
1120974.3.peg.952.site.32, 66, 99, 165
1120974.3.peg.952.site.33, 0, 215, 215
1120974.3.peg.952.site.34, 0, 215, 215
1120974.3.peg.952.site.35, 4, 215, 219
1120974.3.peg.952.site.36, 0, 175, 175
1120974.3.peg.952.site.37, 0, 159, 159
1120974.3.peg.952.site.38, 106, 122, 228
1120974.3.peg.952.site.39, 31, 69, 100
1120974.3.peg.952.site.40, 4, 56, 60
1120974.3.peg.952.site.41, 24, 63, 87
1120974.3.peg.952.site.42, 4, 200, 204
1120974.3.peg.952.site.43, 174, 209, 383
1120974.3.peg.952.site.44, 0, 208, 208
1120974.3.peg.951.site.1, 6, 214, 220
1120974.3.peg.951.site.2, 161, 183, 344
1120974.3.peg.956.site.1, 4, 214, 218
1120974.3.peg.956.site.2, 126, 147, 273
1120974.3.peg.956.site.3, 26, 47, 73
1120974.3.peg.956.site.4, 5, 35, 40
1120974.3.peg.956.site.5, 17, 37, 54
1120974.3.peg.956.site.6, 69, 87, 156
1120974.3.peg.956.site.7, 87, 106, 193
1120974.3.peg.956.site.8, 109, 144, 253
1120974.3.peg.956.site.9, 17, 184, 201
1120974.3.peg.956.site.10, 163, 183, 346
1120974.3.peg.956.site.11, 2, 193, 195
1120974.3.peg.956.site.12, 26, 209, 235
1120974.3.peg.956.site.13, 2, 210, 212
1120974.3.peg.956.site.14, 2, 212, 214
1120974.3.peg.956.site.15, 165, 202, 367
1120974.3.peg.956.site.16, 166, 205, 371
1120974.3.peg.956.site.17, 1, 192, 193
1120974.3.peg.956.site.18, 160, 200, 360
1120974.3.peg.956.site.19, 15, 34, 49
1120974.3.peg.956.site.20, 11, 28, 39
1120974.3.peg.956.site.21, 4, 23, 27
1120974.3.peg.956.site.22, 1, 22, 23
1120974.3.peg.956.site.23, 51, 75, 126
1120974.3.peg.956.site.24, 35, 59, 94
1120974.3.peg.956.site.25, 41, 64, 105
1120974.3.peg.956.site.26, 28, 49, 77
1120974.3.peg.956.site.27, 44, 66, 110
1120974.3.peg.956.site.28, 2, 93, 95
1120974.3.peg.956.site.29, 122, 138, 260
1120974.3.peg.956.site.30, 16, 211, 227
1120974.3.peg.956.site.31, 175, 211, 386
1120974.3.peg.956.site.32, 21, 213, 234
1120974.3.peg.956.site.33, 2, 215, 217
1120974.3.peg.956.site.34, 8, 213, 221
1120974.3.peg.956.site.35, 2, 215, 217
1120974.3.peg.956.site.36, 0, 216, 216
1120974.3.peg.956.site.37, 204, 215, 419
1120974.3.peg.956.site.38, 1, 211, 212
1120974.3.peg.956.site.39, 162, 208, 370
1120974.3.peg.956.site.40, 1, 214, 215
1120974.3.peg.956.site.41, 1, 213, 214
1120974.3.peg.956.site.42, 164, 212, 376
1120974.3.peg.956.site.43, 0, 212, 212
1120974.3.peg.956.site.44, 16, 213, 229
1120974.3.peg.956.site.45, 155, 210, 365
1120974.3.peg.956.site.46, 1, 216, 217
1120974.3.peg.956.site.47, 172, 204, 376
1120974.3.peg.956.site.48, 35, 60, 95
1120974.3.peg.956.site.49, 3, 62, 65
1120974.3.peg.956.site.50, 0, 197, 197
1120974.3.peg.956.site.51, 10, 199, 209
1120974.3.peg.956.site.52, 0, 208, 208
1120974.3.peg.956.site.53, 18, 210, 228
1120974.3.peg.956.site.54, 10, 216, 226
1120974.3.peg.956.site.55, 208, 215, 423
1120974.3.peg.956.site.56, 26, 214, 240
1120974.3.peg.956.site.57, 26, 213, 239
1120974.3.peg.956.site.58, 3, 191, 194
1120974.3.peg.956.site.59, 0, 192, 192
1120974.3.peg.956.site.60, 2, 191, 193
1120974.3.peg.956.site.61, 167, 193, 360
1120974.3.peg.956.site.62, 158, 211, 369
1120974.3.peg.956.site.63, 8, 214, 222
1120974.3.peg.956.site.64, 162, 205, 367
1120974.3.peg.956.site.65, 159, 201, 360
1120974.3.peg.956.site.66, 0, 214, 214
1120974.3.peg.956.site.67, 9, 214, 223
1120974.3.peg.956.site.68, 203, 214, 417
1120974.3.peg.956.site.69, 149, 194, 343
1120974.3.peg.956.site.70, 101, 146, 247
1120974.3.peg.956.site.71, 1, 137, 138
1120974.3.peg.956.site.72, 11, 57, 68
1120974.3.peg.956.site.73, 41, 80, 121
1120974.3.peg.956.site.74, 0, 214, 214
1120974.3.peg.956.site.75, 2, 215, 217
1120974.3.peg.954.site.1, 1, 213, 214
1120974.3.peg.954.site.2, 0, 211, 211
1120974.3.peg.954.site.3, 5, 209, 214
1120974.3.peg.954.site.4, 87, 210, 297
1120974.3.peg.954.site.5, 0, 214, 214
1120974.3.peg.954.site.6, 85, 207, 292
1120974.3.peg.954.site.7, 86, 209, 295
1120974.3.peg.954.site.8, 66, 213, 279
1120974.3.peg.955.site.1, 88, 210, 298
1120974.3.peg.955.site.2, 157, 210, 367
1120974.3.peg.955.site.3, 2, 209, 211
1120974.3.peg.955.site.4, 1, 208, 209
1120974.3.peg.955.site.5, 183, 196, 379
1120974.3.peg.955.site.6, 148, 173, 321
1120974.3.peg.955.site.7, 5, 143, 148
1120974.3.peg.955.site.8, 146, 179, 325
1120974.3.peg.955.site.9, 2, 213, 215
1120974.3.peg.955.site.10, 19, 208, 227
1120974.3.peg.955.site.11, 19, 215, 234
1120974.3.peg.958.site.1, 163, 213, 376
1120974.3.peg.958.site.2, 4, 215, 219
1120974.3.peg.958.site.3, 18, 213, 231
1120974.3.peg.958.site.4, 141, 195, 336
1120974.3.peg.958.site.5, 155, 202, 357
1120974.3.peg.958.site.6, 0, 212, 212
1120974.3.peg.958.site.7, 2, 196, 198
1120974.3.peg.958.site.8, 137, 177, 314
1120974.3.peg.958.site.9, 134, 172, 306
1120974.3.peg.958.site.10, 5, 206, 211
1120974.3.peg.958.site.11, 151, 181, 332
1120974.3.peg.958.site.12, 120, 153, 273
1120974.3.peg.958.site.13, 139, 182, 321
1120974.3.peg.958.site.14, 167, 212, 379
1120974.3.peg.958.site.15, 202, 211, 413
1120974.3.peg.958.site.16, 170, 212, 382
1120974.3.peg.958.site.17, 0, 213, 213
1120974.3.peg.959.site.1, 170, 212, 382
1120974.3.peg.959.site.2, 166, 212, 378
1120974.3.peg.959.site.3, 165, 211, 376
1120974.3.peg.959.site.4, 167, 212, 379
1120974.3.peg.959.site.5, 171, 210, 381
1120974.3.peg.959.site.6, 169, 208, 377
1120974.3.peg.959.site.7, 4, 215, 219
1120974.3.peg.959.site.8, 4, 215, 219
1120974.3.peg.959.site.9, 3, 214, 217
1120974.3.peg.959.site.10, 165, 212, 377
1120974.3.peg.959.site.11, 172, 214, 386
1120974.3.peg.959.site.12, 161, 208, 369
1120974.3.peg.959.site.13, 148, 194, 342
1120974.3.peg.959.site.14, 0, 200, 200
1120974.3.peg.959.site.15, 5, 176, 181
1120974.3.peg.959.site.16, 94, 141, 235
1120974.3.peg.959.site.17, 108, 151, 259
1120974.3.peg.959.site.18, 158, 191, 349
1120974.3.peg.959.site.19, 168, 211, 379
1120974.3.peg.959.site.20, 163, 210, 373
1120974.3.peg.959.site.21, 4, 215, 219
1120974.3.peg.1671.site.1, 0, 213, 213
1120974.3.peg.1671.site.2, 76, 206, 282
1120974.3.peg.1671.site.3, 5, 159, 164
1120974.3.peg.1671.site.4, 40, 131, 171
1120974.3.peg.1671.site.5, 39, 129, 168
1120974.3.peg.1671.site.6, 0, 183, 183
1120974.3.peg.1671.site.7, 80, 168, 248
1120974.3.peg.1671.site.8, 67, 156, 223
1120974.3.peg.1671.site.9, 84, 174, 258
1120974.3.peg.1671.site.10, 57, 146, 203
1120974.3.peg.1671.site.11, 0, 174, 174
1120974.3.peg.1671.site.12, 82, 172, 254
1120974.3.peg.1671.site.13, 13, 201, 214
1120974.3.peg.1671.site.14, 108, 197, 305
1120974.3.peg.1671.site.15, 129, 207, 336
1120974.3.peg.1671.site.16, 130, 207, 337
1120974.3.peg.1671.site.17, 0, 216, 216
1120974.3.peg.1671.site.18, 4, 216, 220
1120974.3.peg.1671.site.19, 150, 213, 363
1120974.3.peg.1671.site.20, 18, 212, 230
1120974.3.peg.1671.site.21, 123, 212, 335
1120974.3.peg.1671.site.22, 5, 216, 221
1120974.3.peg.1671.site.23, 56, 208, 264
1120974.3.peg.1671.site.24, 126, 208, 334
1120974.3.peg.1671.site.25, 5, 214, 219
1120974.3.peg.1671.site.26, 4, 184, 188
1120974.3.peg.1671.site.27, 84, 170, 254
1120974.3.peg.1671.site.28, 89, 175, 264
1120974.3.peg.1671.site.29, 4, 176, 180
1120974.3.peg.1671.site.30, 40, 128, 168
1120974.3.peg.1671.site.31, 76, 88, 164
1120974.3.peg.1671.site.32, 77, 89, 166
1120974.3.peg.1671.site.33, 77, 89, 166
1120974.3.peg.1671.site.34, 89, 89, 178
1120974.3.peg.1671.site.35, 13, 86, 99
1120974.3.peg.1671.site.36, 4, 84, 88
1120974.3.peg.1671.site.37, 34, 106, 140
1120974.3.peg.1671.site.38, 80, 163, 243
1120974.3.peg.1671.site.39, 60, 207, 267
1120974.3.peg.1671.site.40, 123, 209, 332
1120974.3.peg.1671.site.41, 6, 214, 220
1120974.3.peg.1671.site.42, 6, 214, 220
1120974.3.peg.1671.site.43, 119, 207, 326
1120974.3.peg.1671.site.44, 126, 208, 334
1120974.3.peg.1671.site.45, 4, 215, 219
1120974.3.peg.1671.site.46, 69, 209, 278
1120974.3.peg.1671.site.47, 133, 207, 340
1120974.3.peg.1671.site.48, 137, 211, 348
1120974.3.peg.1671.site.49, 136, 210, 346
1120974.3.peg.1671.site.50, 136, 212, 348
1120974.3.peg.1671.site.51, 2, 196, 198
1120974.3.peg.1671.site.52, 4, 20, 24
1120974.3.peg.1671.site.53, 4, 20, 24
1120974.3.peg.1671.site.54, 9, 25, 34
1120974.3.peg.1671.site.55, 138, 154, 292
1120974.3.peg.1671.site.56, 130, 146, 276
1120974.3.peg.1671.site.57, 137, 153, 290
1120974.3.peg.1671.site.58, 4, 161, 165
1120974.3.peg.2318.site.1, 0, 215, 215
1120974.3.peg.2318.site.2, 0, 214, 214
1120974.3.peg.2318.site.3, 216, 216, 432
1120974.3.peg.2318.site.4, 4, 216, 220
1120974.3.peg.2318.site.5, 215, 215, 430
1120974.3.peg.2318.site.6, 2, 215, 217
1120974.3.peg.2318.site.7, 160, 194, 354
1120974.3.peg.2318.site.8, 4, 209, 213
1120974.3.peg.2318.site.9, 1, 212, 213
1120974.3.peg.2318.site.10, 2, 215, 217
1120974.3.peg.2318.site.11, 0, 210, 210
1120974.3.peg.2318.site.12, 3, 210, 213
1120974.3.peg.2318.site.13, 2, 216, 218
1120974.3.peg.2318.site.14, 151, 201, 352
1120974.3.peg.2318.site.15, 0, 204, 204
1120974.3.peg.2318.site.16, 9, 204, 213
1120974.3.peg.2318.site.17, 209, 209, 418
1120974.3.peg.2318.site.18, 131, 181, 312
1120974.3.peg.2318.site.19, 1, 188, 189
1120974.3.peg.2318.site.20, 161, 213, 374
1120974.3.peg.2318.site.21, 0, 204, 204
1120974.3.peg.2318.site.22, 0, 198, 198
1120974.3.peg.2318.site.23, 164, 213, 377
1120974.3.peg.2318.site.24, 0, 216, 216
1120974.3.peg.2318.site.25, 0, 214, 214
1120974.3.peg.2318.site.26, 1, 212, 213
1120974.3.peg.2318.site.27, 160, 212, 372
1120974.3.peg.2318.site.28, 34, 212, 246
1120974.3.peg.2318.site.29, 0, 214, 214
1120974.3.peg.2318.site.30, 155, 207, 362
1120974.3.peg.2318.site.31, 33, 213, 246
1120974.3.peg.2318.site.32, 1, 215, 216
1120974.3.peg.2318.site.33, 2, 216, 218
1120974.3.peg.2318.site.34, 160, 213, 373
1120974.3.peg.2318.site.35, 212, 215, 427
1120974.3.peg.2318.site.36, 162, 211, 373
1120974.3.peg.2318.site.37, 0, 214, 214
1120974.3.peg.2318.site.38, 0, 206, 206
1120974.3.peg.2318.site.39, 1, 212, 213
1120974.3.peg.2318.site.40, 3, 210, 213
1120974.3.peg.2318.site.41, 192, 205, 397
1120974.3.peg.2318.site.42, 14, 151, 165
1120974.3.peg.2318.site.43, 123, 139, 262
1120974.3.peg.2318.site.44, 99, 152, 251
1120974.3.peg.2318.site.45, 14, 205, 219
1120974.3.peg.2318.site.46, 183, 205, 388
1120974.3.peg.1906.site.1, 11, 210, 221
1120974.3.peg.1906.site.2, 152, 208, 360
1120974.3.peg.1906.site.3, 6, 209, 215
1120974.3.peg.1906.site.4, 2, 209, 211
1120974.3.peg.1906.site.5, 57, 210, 267
1120974.3.peg.1906.site.6, 55, 207, 262
1120974.3.peg.1906.site.7, 42, 209, 251
1120974.3.peg.1906.site.8, 48, 208, 256
1120974.3.peg.1906.site.9, 59, 207, 266
1120974.3.peg.1906.site.10, 0, 213, 213
1120974.3.peg.1906.site.11, 59, 208, 267
1120974.3.peg.1906.site.12, 14, 207, 221
1120974.3.peg.1906.site.13, 0, 213, 213
1120974.3.peg.1906.site.14, 45, 211, 256
1120974.3.peg.1906.site.15, 45, 212, 257
1120974.3.peg.1906.site.16, 158, 176, 334
1120974.3.peg.1906.site.17, 118, 145, 263
1120974.3.peg.1906.site.18, 111, 137, 248
1120974.3.peg.1906.site.19, 8, 122, 130
1120974.3.peg.1906.site.20, 15, 104, 119
1120974.3.peg.1906.site.21, 3, 118, 121
1120974.3.peg.1906.site.22, 4, 117, 121
1120974.3.peg.1906.site.23, 12, 127, 139
1120974.3.peg.1906.site.24, 17, 129, 146
1120974.3.peg.1906.site.25, 30, 145, 175
1120974.3.peg.1906.site.26, 102, 153, 255
1120974.3.peg.1906.site.27, 30, 143, 173
1120974.3.peg.1906.site.28, 11, 117, 128
1120974.3.peg.1906.site.29, 9, 113, 122
1120974.3.peg.1906.site.30, 0, 109, 109
1120974.3.peg.1906.site.31, 13, 103, 116
1120974.3.peg.1906.site.32, 2, 76, 78
1120974.3.peg.1906.site.33, 27, 91, 118
1120974.3.peg.1906.site.34, 24, 101, 125
1120974.3.peg.2313.site.1, 108, 190, 298
1120974.3.peg.2313.site.2, 149, 166, 315
1120974.3.peg.2313.site.3, 138, 170, 308
1120974.3.peg.2313.site.4, 11, 209, 220
1120974.3.peg.2313.site.5, 11, 207, 218
1120974.3.peg.2313.site.6, 153, 205, 358
1120974.3.peg.2313.site.7, 160, 212, 372
1120974.3.peg.2313.site.8, 53, 210, 263
1120974.3.peg.2313.site.9, 1, 212, 213
1120974.3.peg.2313.site.10, 25, 210, 235
1120974.3.peg.2313.site.11, 24, 209, 233
1120974.3.peg.2313.site.12, 23, 209, 232
1120974.3.peg.2313.site.13, 181, 213, 394
1120974.3.peg.2313.site.14, 116, 208, 324
1120974.3.peg.2313.site.15, 13, 196, 209
1120974.3.peg.2313.site.16, 102, 184, 286
1120974.3.peg.2313.site.17, 36, 176, 212
1120974.3.peg.2313.site.18, 2, 213, 215
1120974.3.peg.2313.site.19, 0, 209, 209
1120974.3.peg.2313.site.20, 0, 212, 212
1120974.3.peg.2313.site.21, 30, 213, 243
1120974.3.peg.2313.site.22, 12, 216, 228
1120974.3.peg.2313.site.23, 12, 208, 220
1120974.3.peg.2313.site.24, 162, 186, 348
1120974.3.peg.2313.site.25, 178, 191, 369
1120974.3.peg.2313.site.26, 12, 191, 203
1120974.3.peg.2313.site.27, 191, 202, 393
1120974.3.peg.2313.site.28, 26, 210, 236
1120974.3.peg.2313.site.29, 39, 209, 248
1120974.3.peg.2313.site.30, 41, 212, 253
1120974.3.peg.2313.site.31, 40, 211, 251
1120974.3.peg.2313.site.32, 0, 215, 215
1120974.3.peg.2313.site.33, 39, 214, 253
1120974.3.peg.2313.site.34, 1, 215, 216
1120974.3.peg.2313.site.35, 1, 215, 216
1120974.3.peg.2313.site.36, 1, 215, 216
1120974.3.peg.2313.site.37, 131, 211, 342
1120974.3.peg.2313.site.38, 39, 216, 255
1120974.3.peg.2313.site.39, 41, 213, 254
1120974.3.peg.2313.site.40, 3, 216, 219
1120974.3.peg.2313.site.41, 1, 215, 216
1120974.3.peg.2313.site.42, 215, 215, 430
1120974.3.peg.2313.site.43, 215, 215, 430
1120974.3.peg.2313.site.44, 215, 215, 430
1120974.3.peg.2313.site.45, 215, 215, 430
1120974.3.peg.2313.site.46, 0, 212, 212
1120974.3.peg.2313.site.47, 89, 200, 289
1120974.3.peg.2313.site.48, 0, 210, 210
1120974.3.peg.2313.site.49, 0, 210, 210
1120974.3.peg.2313.site.50, 32, 211, 243
1120974.3.peg.2313.site.51, 1, 210, 211
1120974.3.peg.2313.site.52, 17, 209, 226
1120974.3.peg.2313.site.53, 43, 211, 254
1120974.3.peg.2313.site.54, 2, 216, 218
1120974.3.peg.2313.site.55, 105, 210, 315
1120974.3.peg.2313.site.56, 1, 213, 214
1120974.3.peg.2313.site.57, 2, 216, 218
1120974.3.peg.2313.site.58, 0, 215, 215
1120974.3.peg.2313.site.59, 2, 216, 218
1120974.3.peg.2313.site.60, 2, 216, 218
1120974.3.peg.2313.site.61, 0, 216, 216
1120974.3.peg.2313.site.62, 0, 215, 215
1120974.3.peg.2313.site.63, 2, 215, 217
1120974.3.peg.2313.site.64, 2, 215, 217
1120974.3.peg.2313.site.65, 2, 215, 217
1120974.3.peg.2313.site.66, 12, 213, 225
1120974.3.peg.2313.site.67, 33, 206, 239
1120974.3.peg.2313.site.68, 4, 208, 212
1120974.3.peg.2313.site.69, 1, 211, 212
1120974.3.peg.2313.site.70, 0, 211, 211
1120974.3.peg.2313.site.71, 1, 211, 212
1120974.3.peg.2312.site.1, 146, 205, 351
1120974.3.peg.2312.site.2, 0, 194, 194
1120974.3.peg.2312.site.3, 138, 193, 331
1120974.3.peg.2312.site.4, 151, 211, 362
1120974.3.peg.2312.site.5, 41, 211, 252
1120974.3.peg.2312.site.6, 198, 214, 412
1120974.3.peg.2312.site.7, 1, 214, 215
1120974.3.peg.2312.site.8, 9, 214, 223
1120974.3.peg.2312.site.9, 2, 215, 217
1120974.3.peg.2312.site.10, 1, 213, 214
1120974.3.peg.2312.site.11, 126, 210, 336
1120974.3.peg.2312.site.12, 26, 214, 240
1120974.3.peg.2312.site.13, 149, 208, 357
1120974.3.peg.2312.site.14, 150, 209, 359
1120974.3.peg.2312.site.15, 44, 212, 256
1120974.3.peg.2312.site.16, 27, 215, 242
1120974.3.peg.2312.site.17, 131, 148, 279
1120974.3.peg.2311.site.1, 5, 214, 219
1120974.3.peg.2311.site.2, 211, 214, 425
1120974.3.peg.2311.site.3, 15, 210, 225
1120974.3.peg.2311.site.4, 115, 210, 325
1120974.3.peg.2311.site.5, 68, 209, 277
1120974.3.peg.2311.site.6, 13, 212, 225
1120974.3.peg.2311.site.7, 112, 210, 322
1120974.3.peg.2311.site.8, 4, 214, 218
1120974.3.peg.2311.site.9, 113, 210, 323
1120974.3.peg.2311.site.10, 1, 214, 215
1120974.3.peg.2311.site.11, 0, 214, 214
1120974.3.peg.2311.site.12, 69, 201, 270
1120974.3.peg.2311.site.13, 3, 210, 213
1120974.3.peg.2311.site.14, 0, 215, 215
1120974.3.peg.2311.site.15, 3, 215, 218
1120974.3.peg.2311.site.16, 162, 214, 376
1120974.3.peg.2311.site.17, 1, 215, 216
1120974.3.peg.2311.site.18, 32, 212, 244
1120974.3.peg.2311.site.19, 47, 211, 258
1120974.3.peg.2311.site.20, 149, 211, 360
1120974.3.peg.2311.site.21, 145, 209, 354
1120974.3.peg.2311.site.22, 145, 209, 354
1120974.3.peg.2311.site.23, 1, 213, 214
1120974.3.peg.2310.site.1, 1, 215, 216
1120974.3.peg.2310.site.2, 63, 214, 277
1120974.3.peg.2310.site.3, 45, 210, 255
1120974.3.peg.2310.site.4, 4, 211, 215
1120974.3.peg.2310.site.5, 38, 210, 248
1120974.3.peg.2310.site.6, 41, 200, 241
1120974.3.peg.2310.site.7, 0, 212, 212
1120974.3.peg.2310.site.8, 41, 214, 255
1120974.3.peg.2310.site.9, 1, 215, 216
1120974.3.peg.2310.site.10, 0, 215, 215
1120974.3.peg.2310.site.11, 94, 175, 269
1120974.3.peg.2310.site.12, 65, 175, 240
1120974.3.peg.2310.site.13, 1, 167, 168
1120974.3.peg.2310.site.14, 106, 191, 297
1120974.3.peg.2310.site.15, 1, 207, 208
1120974.3.peg.2310.site.16, 0, 215, 215
1120974.3.peg.2310.site.17, 6, 216, 222
1120974.3.peg.2317.site.1, 181, 198, 379
1120974.3.peg.2317.site.2, 15, 212, 227
1120974.3.peg.2317.site.3, 174, 200, 374
1120974.3.peg.2317.site.4, 202, 207, 409
1120974.3.peg.2317.site.5, 0, 211, 211
1120974.3.peg.2317.site.6, 4, 213, 217
1120974.3.peg.2317.site.7, 169, 213, 382
1120974.3.peg.2317.site.8, 16, 213, 229
1120974.3.peg.2317.site.9, 8, 214, 222
1120974.3.peg.2317.site.10, 9, 210, 219
1120974.3.peg.2317.site.11, 41, 211, 252
1120974.3.peg.2317.site.12, 38, 210, 248
1120974.3.peg.2317.site.13, 83, 204, 287
1120974.3.peg.2317.site.14, 3, 213, 216
1120974.3.peg.2317.site.15, 38, 207, 245
1120974.3.peg.2317.site.16, 18, 214, 232
1120974.3.peg.2316.site.1, 125, 209, 334
1120974.3.peg.2316.site.2, 15, 199, 214
1120974.3.peg.2316.site.3, 0, 191, 191
1120974.3.peg.2316.site.4, 0, 181, 181
1120974.3.peg.2316.site.5, 1, 188, 189
1120974.3.peg.2316.site.6, 38, 207, 245
1120974.3.peg.2316.site.7, 18, 211, 229
1120974.3.peg.2316.site.8, 0, 201, 201
1120974.3.peg.2316.site.9, 42, 215, 257
1120974.3.peg.2316.site.10, 208, 212, 420
1120974.3.peg.2316.site.11, 51, 203, 254
1120974.3.peg.2316.site.12, 0, 205, 205
1120974.3.peg.2316.site.13, 45, 178, 223
1120974.3.peg.2316.site.14, 41, 182, 223
1120974.3.peg.2316.site.15, 170, 170, 340
1120974.3.peg.2316.site.16, 133, 173, 306
1120974.3.peg.2316.site.17, 136, 166, 302
1120974.3.peg.2316.site.18, 38, 213, 251
1120974.3.peg.2316.site.19, 38, 213, 251
1120974.3.peg.2316.site.20, 38, 212, 250
1120974.3.peg.2316.site.21, 125, 207, 332
1120974.3.peg.2316.site.22, 196, 197, 393
1120974.3.peg.2316.site.23, 7, 191, 198
1120974.3.peg.2315.site.1, 53, 208, 261
1120974.3.peg.2315.site.2, 89, 204, 293
1120974.3.peg.2315.site.3, 102, 193, 295
1120974.3.peg.2315.site.4, 2, 205, 207
1120974.3.peg.2315.site.5, 2, 203, 205
1120974.3.peg.2315.site.6, 2, 179, 181
1120974.3.peg.2315.site.7, 58, 195, 253
1120974.3.peg.2315.site.8, 12, 215, 227
1120974.3.peg.2315.site.9, 89, 212, 301
1120974.3.peg.2315.site.10, 55, 215, 270
1120974.3.peg.2315.site.11, 214, 215, 429
1120974.3.peg.2315.site.12, 130, 206, 336
1120974.3.peg.2315.site.13, 4, 213, 217
1120974.3.peg.2315.site.14, 91, 206, 297
1120974.3.peg.2315.site.15, 91, 209, 300
1120974.3.peg.2315.site.16, 91, 209, 300
1120974.3.peg.2315.site.17, 52, 214, 266
1120974.3.peg.2315.site.18, 146, 213, 359
1120974.3.peg.2315.site.19, 14, 212, 226
1120974.3.peg.2315.site.20, 55, 208, 263
1120974.3.peg.2315.site.21, 182, 211, 393
1120974.3.peg.2315.site.22, 1, 214, 215
1120974.3.peg.2315.site.23, 203, 212, 415
1120974.3.peg.2315.site.24, 35, 206, 241
1120974.3.peg.2315.site.25, 118, 185, 303
1120974.3.peg.2315.site.26, 0, 161, 161
1120974.3.peg.2315.site.27, 0, 147, 147
1120974.3.peg.2315.site.28, 0, 164, 164
1120974.3.peg.2315.site.29, 0, 209, 209
1120974.3.peg.2314.site.1, 2, 197, 199
1120974.3.peg.2314.site.2, 0, 215, 215
1120974.3.peg.2314.site.3, 0, 214, 214
1120974.3.peg.2314.site.4, 141, 208, 349
1120974.3.peg.2314.site.5, 20, 211, 231
1120974.3.peg.2314.site.6, 21, 208, 229
1120974.3.peg.2314.site.7, 1, 211, 212
1120974.3.peg.2314.site.8, 0, 211, 211
1120974.3.peg.2314.site.9, 2, 186, 188
1120974.3.peg.2314.site.10, 45, 129, 174
1120974.3.peg.2314.site.11, 45, 135, 180
1120974.3.peg.2314.site.12, 76, 128, 204
1120974.3.peg.2314.site.13, 89, 156, 245
1120974.3.peg.2314.site.14, 1, 173, 174
1120974.3.peg.2314.site.15, 121, 180, 301
1120974.3.peg.2314.site.16, 2, 211, 213
1120974.3.peg.2314.site.17, 207, 214, 421
1120974.3.peg.2314.site.18, 12, 213, 225
1120974.3.peg.2314.site.19, 183, 212, 395
1120974.3.peg.2314.site.20, 151, 211, 362
1120974.3.peg.2314.site.21, 1, 212, 213
1120974.3.peg.2314.site.22, 131, 193, 324
1120974.3.peg.2314.site.23, 37, 192, 229
1120974.3.peg.2314.site.24, 0, 202, 202
1120974.3.peg.2314.site.25, 178, 183, 361
1120974.3.peg.2314.site.26, 61, 182, 243
1120974.3.peg.2314.site.27, 71, 191, 262
1120974.3.peg.2314.site.28, 96, 125, 221
1120974.3.peg.2314.site.29, 1, 142, 143
1120974.3.peg.2314.site.30, 134, 196, 330
1120974.3.peg.2314.site.31, 48, 213, 261
1120974.3.peg.2314.site.32, 152, 214, 366
1120974.3.peg.2314.site.33, 39, 212, 251
1120974.3.peg.2314.site.34, 132, 204, 336
1120974.3.peg.2314.site.35, 0, 213, 213
1120974.3.peg.2314.site.36, 0, 211, 211
1120974.3.peg.2314.site.37, 9, 212, 221
1120974.3.peg.2314.site.38, 9, 209, 218
1120974.3.peg.2314.site.39, 4, 207, 211
1120974.3.peg.2314.site.40, 1, 209, 210
1120974.3.peg.2314.site.41, 7, 209, 216
1120974.3.peg.2314.site.42, 8, 213, 221
1120974.3.peg.2314.site.43, 107, 213, 320
1120974.3.peg.2314.site.44, 0, 216, 216
1120974.3.peg.2314.site.45, 211, 214, 425
1120974.3.peg.2314.site.46, 0, 215, 215
1120974.3.peg.2314.site.47, 54, 213, 267
1120974.3.peg.2314.site.48, 54, 213, 267
1120974.3.peg.2314.site.49, 0, 216, 216
1120974.3.peg.2314.site.50, 20, 193, 213
1120974.3.peg.2314.site.51, 7, 179, 186
1120974.3.peg.2314.site.52, 4, 205, 209
1120974.3.peg.2314.site.53, 8, 198, 206
1120974.3.peg.2314.site.54, 3, 212, 215
1120974.3.peg.2314.site.55, 51, 214, 265
1120974.3.peg.2314.site.56, 1, 216, 217
1120974.3.peg.2314.site.57, 95, 207, 302
1120974.3.peg.2314.site.58, 3, 214, 217
1120974.3.peg.2314.site.59, 5, 209, 214
1120974.3.peg.2314.site.60, 0, 208, 208
1120974.3.peg.2314.site.61, 0, 205, 205
1120974.3.peg.2314.site.62, 32, 178, 210
1120974.3.peg.2314.site.63, 33, 176, 209
1120974.3.peg.2314.site.64, 0, 178, 178
1120974.3.peg.2314.site.65, 0, 215, 215
1120974.3.peg.2314.site.66, 60, 210, 270
1120974.3.peg.2314.site.67, 120, 210, 330
1120974.3.peg.2314.site.68, 49, 215, 264
1120974.3.peg.2314.site.69, 55, 214, 269
1120974.3.peg.2314.site.70, 0, 216, 216
1120974.3.peg.2227.site.1, 162, 177, 339
1120974.3.peg.2227.site.2, 180, 180, 360
1120974.3.peg.2227.site.3, 14, 176, 190
1120974.3.peg.2227.site.4, 25, 200, 225
1120974.3.peg.2227.site.5, 203, 209, 412
1120974.3.peg.2227.site.6, 7, 208, 215
1120974.3.peg.2227.site.7, 186, 213, 399
1120974.3.peg.2227.site.8, 3, 216, 219
1120974.3.peg.2227.site.9, 113, 210, 323
1120974.3.peg.2227.site.10, 6, 215, 221
1120974.3.peg.2227.site.11, 69, 212, 281
1120974.3.peg.2227.site.12, 182, 211, 393
1120974.3.peg.2227.site.13, 110, 207, 317
1120974.3.peg.2227.site.14, 108, 207, 315
1120974.3.peg.2227.site.15, 66, 205, 271
1120974.3.peg.2227.site.16, 69, 209, 278
1120974.3.peg.2227.site.17, 3, 206, 209
1120974.3.peg.2227.site.18, 108, 109, 217
1120974.3.peg.2227.site.19, 38, 70, 108
1120974.3.peg.2227.site.20, 71, 202, 273
1120974.3.peg.2227.site.21, 133, 206, 339
1120974.3.peg.2227.site.22, 73, 209, 282
1120974.3.peg.2227.site.23, 0, 213, 213
1120974.3.peg.2227.site.24, 0, 214, 214
1120974.3.peg.2227.site.25, 75, 210, 285
1120974.3.peg.2227.site.26, 73, 212, 285
1120974.3.peg.2227.site.27, 0, 209, 209
1120974.3.peg.2227.site.28, 183, 213, 396
1120974.3.peg.2227.site.29, 17, 214, 231
1120974.3.peg.2227.site.30, 6, 213, 219
1120974.3.peg.2227.site.31, 28, 213, 241
1120974.3.peg.2227.site.32, 70, 211, 281
1120974.3.peg.2227.site.33, 85, 210, 295
1120974.3.peg.2227.site.34, 124, 209, 333
1120974.3.peg.2227.site.35, 6, 216, 222
1120974.3.peg.2227.site.36, 6, 216, 222
1120974.3.peg.2227.site.37, 34, 214, 248
1120974.3.peg.2227.site.38, 26, 213, 239
1120974.3.peg.2227.site.39, 0, 214, 214
1120974.3.peg.2227.site.40, 4, 216, 220
1120974.3.peg.2227.site.41, 23, 209, 232
1120974.3.peg.2950.site.1, 174, 195, 369
1120974.3.peg.2950.site.2, 5, 185, 190
1120974.3.peg.2950.site.3, 198, 200, 398
1120974.3.peg.2950.site.4, 154, 211, 365
1120974.3.peg.2950.site.5, 189, 213, 402
1120974.3.peg.2950.site.6, 190, 214, 404
1120974.3.peg.2950.site.7, 0, 216, 216
1120974.3.peg.2950.site.8, 4, 216, 220
1120974.3.peg.2950.site.9, 190, 216, 406
1120974.3.peg.2950.site.10, 189, 212, 401
1120974.3.peg.2950.site.11, 33, 212, 245
1120974.3.peg.2950.site.12, 34, 214, 248
1120974.3.peg.2950.site.13, 34, 214, 248
1120974.3.peg.2950.site.14, 1, 215, 216
1120974.3.peg.2950.site.15, 1, 215, 216
1120974.3.peg.2950.site.16, 51, 213, 264
1120974.3.peg.2950.site.17, 35, 214, 249
1120974.3.peg.2950.site.18, 195, 212, 407
1120974.3.peg.2950.site.19, 1, 215, 216
1120974.3.peg.2950.site.20, 1, 214, 215
1120974.3.peg.2950.site.21, 151, 210, 361
1120974.3.peg.2950.site.22, 88, 114, 202
1120974.3.peg.2950.site.23, 15, 69, 84
1120974.3.peg.2950.site.24, 11, 57, 68
1120974.3.peg.2950.site.25, 23, 49, 72
1120974.3.peg.2950.site.26, 76, 101, 177
1120974.3.peg.2950.site.27, 156, 182, 338
1120974.3.peg.2950.site.28, 18, 196, 214
1120974.3.peg.2950.site.29, 175, 196, 371
1120974.3.peg.2950.site.30, 139, 160, 299
1120974.3.peg.2950.site.31, 160, 181, 341
1120974.3.peg.2950.site.32, 1, 213, 214
1120974.3.peg.2950.site.33, 4, 215, 219
1120974.3.peg.2950.site.34, 215, 216, 431
1120974.3.peg.2950.site.35, 187, 207, 394
1120974.3.peg.2225.site.1, 3, 215, 218
1120974.3.peg.2225.site.2, 196, 213, 409
1120974.3.peg.2225.site.3, 28, 212, 240
1120974.3.peg.2225.site.4, 87, 213, 300
1120974.3.peg.2225.site.5, 92, 211, 303
1120974.3.peg.2225.site.6, 215, 216, 431
1120974.3.peg.2225.site.7, 0, 216, 216
1120974.3.peg.2225.site.8, 0, 213, 213
1120974.3.peg.2225.site.9, 0, 208, 208
1120974.3.peg.2225.site.10, 0, 207, 207
1120974.3.peg.2225.site.11, 207, 208, 415
1120974.3.peg.2225.site.12, 4, 211, 215
1120974.3.peg.2225.site.13, 215, 216, 431
1120974.3.peg.2225.site.14, 8, 214, 222
1120974.3.peg.2225.site.15, 11, 215, 226
1120974.3.peg.2225.site.16, 0, 214, 214
1120974.3.peg.2225.site.17, 115, 209, 324
1120974.3.peg.2225.site.18, 0, 214, 214
1120974.3.peg.2225.site.19, 0, 215, 215
1120974.3.peg.2225.site.20, 4, 216, 220
1120974.3.peg.2225.site.21, 190, 214, 404
1120974.3.peg.2225.site.22, 1, 216, 217
1120974.3.peg.2225.site.23, 10, 216, 226
1120974.3.peg.2225.site.24, 1, 216, 217
1120974.3.peg.2225.site.25, 190, 214, 404
1120974.3.peg.2225.site.26, 189, 214, 403
1120974.3.peg.2225.site.27, 1, 215, 216
1120974.3.peg.2224.site.1, 19, 214, 233
1120974.3.peg.2224.site.2, 208, 214, 422
1120974.3.peg.2224.site.3, 197, 213, 410
1120974.3.peg.2224.site.4, 0, 216, 216
1120974.3.peg.2224.site.5, 1, 215, 216
1120974.3.peg.2224.site.6, 171, 212, 383
1120974.3.peg.2224.site.7, 0, 212, 212
1120974.3.peg.2224.site.8, 5, 214, 219
1120974.3.peg.2224.site.9, 171, 213, 384
1120974.3.peg.2224.site.10, 5, 215, 220
1120974.3.peg.2224.site.11, 21, 215, 236
1120974.3.peg.2224.site.12, 3, 216, 219
1120974.3.peg.2224.site.13, 207, 215, 422
1120974.3.peg.2224.site.14, 216, 216, 432
1120974.3.peg.2224.site.15, 186, 207, 393
1120974.3.peg.2224.site.16, 3, 214, 217
1120974.3.peg.2224.site.17, 4, 214, 218
1120974.3.peg.2224.site.18, 187, 214, 401
1120974.3.peg.2224.site.19, 0, 215, 215
1120974.3.peg.2224.site.20, 14, 216, 230
1120974.3.peg.2224.site.21, 5, 215, 220
1120974.3.peg.2224.site.22, 0, 215, 215
1120974.3.peg.2224.site.23, 3, 214, 217
1120974.3.peg.2224.site.24, 205, 213, 418
1120974.3.peg.2224.site.25, 206, 214, 420
1120974.3.peg.2224.site.26, 207, 215, 422
1120974.3.peg.2224.site.27, 8, 215, 223
1120974.3.peg.2224.site.28, 206, 214, 420
1120974.3.peg.2224.site.29, 207, 215, 422
1120974.3.peg.2224.site.30, 0, 215, 215
1120974.3.peg.2224.site.31, 203, 211, 414
1120974.3.peg.2224.site.32, 205, 214, 419
1120974.3.peg.2955.site.1, 185, 207, 392
1120974.3.peg.2955.site.2, 188, 209, 397
1120974.3.peg.2955.site.3, 22, 209, 231
1120974.3.peg.2955.site.4, 0, 216, 216
1120974.3.peg.2955.site.5, 163, 211, 374
1120974.3.peg.2955.site.6, 5, 214, 219
1120974.3.peg.2955.site.7, 188, 210, 398
1120974.3.peg.2955.site.8, 191, 213, 404
1120974.3.peg.2955.site.9, 27, 216, 243
1120974.3.peg.2955.site.10, 5, 214, 219
1120974.3.peg.2955.site.11, 19, 212, 231
1120974.3.peg.2955.site.12, 179, 202, 381
1120974.3.peg.2222.site.1, 0, 216, 216
1120974.3.peg.2222.site.2, 1, 216, 217
1120974.3.peg.2222.site.3, 0, 215, 215
1120974.3.peg.2222.site.4, 100, 210, 310
1120974.3.peg.2222.site.5, 1, 215, 216
1120974.3.peg.2222.site.6, 124, 213, 337
1120974.3.peg.2222.site.7, 0, 216, 216
1120974.3.peg.2222.site.8, 0, 215, 215
1120974.3.peg.2222.site.9, 104, 209, 313
1120974.3.peg.2222.site.10, 0, 216, 216
1120974.3.peg.2222.site.11, 17, 214, 231
1120974.3.peg.2222.site.12, 2, 215, 217
1120974.3.peg.2222.site.13, 65, 212, 277
1120974.3.peg.2222.site.14, 0, 216, 216
1120974.3.peg.2222.site.15, 63, 205, 268
1120974.3.peg.2222.site.16, 41, 175, 216
1120974.3.peg.2222.site.17, 0, 118, 118
1120974.3.peg.2222.site.18, 113, 206, 319
1120974.3.peg.2222.site.19, 4, 216, 220
1120974.3.peg.2222.site.20, 7, 214, 221
1120974.3.peg.2222.site.21, 2, 216, 218
1120974.3.peg.2222.site.22, 67, 211, 278
1120974.3.peg.2222.site.23, 0, 215, 215
1120974.3.peg.2222.site.24, 1, 212, 213
1120974.3.peg.2222.site.25, 1, 215, 216
1120974.3.peg.2222.site.26, 4, 215, 219
1120974.3.peg.2222.site.27, 4, 215, 219
1120974.3.peg.2222.site.28, 118, 212, 330
1120974.3.peg.2222.site.29, 0, 216, 216
1120974.3.peg.2221.site.1, 43, 214, 257
1120974.3.peg.2221.site.2, 47, 214, 261
1120974.3.peg.2221.site.3, 26, 214, 240
1120974.3.peg.2221.site.4, 1, 213, 214
1120974.3.peg.2221.site.5, 22, 210, 232
1120974.3.peg.2221.site.6, 25, 213, 238
1120974.3.peg.2221.site.7, 18, 206, 224
1120974.3.peg.2221.site.8, 16, 205, 221
1120974.3.peg.2221.site.9, 21, 208, 229
1120974.3.peg.2221.site.10, 27, 214, 241
1120974.3.peg.2221.site.11, 0, 215, 215
1120974.3.peg.2221.site.12, 0, 216, 216
1120974.3.peg.2221.site.13, 0, 215, 215
1120974.3.peg.2221.site.14, 0, 216, 216
1120974.3.peg.2221.site.15, 41, 213, 254
1120974.3.peg.2221.site.16, 27, 213, 240
1120974.3.peg.2221.site.17, 0, 214, 214
1120974.3.peg.2221.site.18, 16, 209, 225
1120974.3.peg.2221.site.19, 17, 204, 221
1120974.3.peg.2221.site.20, 4, 210, 214
1120974.3.peg.2221.site.21, 19, 211, 230
1120974.3.peg.2221.site.22, 19, 213, 232
1120974.3.peg.2221.site.23, 84, 210, 294
1120974.3.peg.2221.site.24, 83, 209, 292
1120974.3.peg.2221.site.25, 2, 216, 218
1120974.3.peg.2220.site.1, 0, 216, 216
1120974.3.peg.2220.site.2, 29, 215, 244
1120974.3.peg.2958.site.1, 4, 147, 151
1120974.3.peg.2958.site.2, 67, 202, 269
1120974.3.peg.2958.site.3, 18, 213, 231
1120974.3.peg.2935.site.1, 4, 216, 220
1120974.3.peg.2935.site.2, 72, 210, 282
1120974.3.peg.2935.site.3, 0, 216, 216
1120974.3.peg.2935.site.4, 68, 211, 279
1120974.3.peg.2229.site.1, 30, 184, 214
1120974.3.peg.2229.site.2, 28, 202, 230
1120974.3.peg.2229.site.3, 3, 202, 205
1120974.3.peg.2229.site.4, 154, 199, 353
1120974.3.peg.2229.site.5, 155, 201, 356
1120974.3.peg.2229.site.6, 17, 202, 219
1120974.3.peg.2229.site.7, 20, 200, 220
1120974.3.peg.2229.site.8, 147, 197, 344
1120974.3.peg.2229.site.9, 168, 202, 370
1120974.3.peg.2229.site.10, 7, 205, 212
1120974.3.peg.2229.site.11, 136, 203, 339
1120974.3.peg.2229.site.12, 22, 204, 226
1120974.3.peg.2229.site.13, 22, 203, 225
1120974.3.peg.2229.site.14, 1, 201, 202
1120974.3.peg.2229.site.15, 0, 203, 203
1120974.3.peg.2229.site.16, 2, 201, 203
1120974.3.peg.2229.site.17, 4, 205, 209
1120974.3.peg.2229.site.18, 4, 207, 211
1120974.3.peg.2229.site.19, 4, 209, 213
1120974.3.peg.2229.site.20, 131, 204, 335
1120974.3.peg.2229.site.21, 53, 206, 259
1120974.3.peg.2229.site.22, 1, 208, 209
1120974.3.peg.2229.site.23, 4, 209, 213
1120974.3.peg.2229.site.24, 11, 207, 218
1120974.3.peg.2229.site.25, 4, 207, 211
1120974.3.peg.2229.site.26, 178, 203, 381
1120974.3.peg.2229.site.27, 0, 205, 205
1120974.3.peg.2229.site.28, 1, 203, 204
1120974.3.peg.2229.site.29, 3, 205, 208
1120974.3.peg.2229.site.30, 135, 202, 337
1120974.3.peg.2229.site.31, 1, 208, 209
1120974.3.peg.2229.site.32, 1, 210, 211
1120974.3.peg.2229.site.33, 0, 209, 209
1120974.3.peg.2229.site.34, 19, 203, 222
1120974.3.peg.2229.site.35, 178, 203, 381
1120974.3.peg.2229.site.36, 8, 209, 217
1120974.3.peg.2229.site.37, 153, 206, 359
1120974.3.peg.2229.site.38, 179, 206, 385
1120974.3.peg.2229.site.39, 8, 207, 215
1120974.3.peg.2228.site.1, 135, 204, 339
1120974.3.peg.2228.site.2, 85, 189, 274
1120974.3.peg.2228.site.3, 14, 198, 212
1120974.3.peg.2228.site.4, 21, 204, 225
1120974.3.peg.2228.site.5, 4, 209, 213
1120974.3.peg.2228.site.6, 77, 205, 282
1120974.3.peg.2228.site.7, 77, 204, 281
1120974.3.peg.2228.site.8, 105, 204, 309
1120974.3.peg.2228.site.9, 80, 206, 286
1120974.3.peg.2228.site.10, 79, 207, 286
1120974.3.peg.2228.site.11, 0, 202, 202
1120974.3.peg.2228.site.12, 178, 201, 379
1120974.3.peg.2228.site.13, 198, 204, 402
1120974.3.peg.2228.site.14, 11, 208, 219
1120974.3.peg.2228.site.15, 183, 210, 393
1120974.3.peg.2228.site.16, 109, 208, 317
1120974.3.peg.2228.site.17, 183, 210, 393
1120974.3.peg.2228.site.18, 154, 207, 361
1120974.3.peg.2228.site.19, 178, 202, 380
1120974.3.peg.2228.site.20, 11, 202, 213
1120974.3.peg.2228.site.21, 169, 208, 377
1120974.3.peg.2228.site.22, 78, 206, 284
1120974.3.peg.2228.site.23, 150, 206, 356
1120974.3.peg.2228.site.24, 150, 207, 357
1120974.3.peg.2228.site.25, 151, 207, 358
1120974.3.peg.2228.site.26, 4, 209, 213
1120974.3.peg.2228.site.27, 36, 207, 243
1120974.3.peg.2228.site.28, 3, 208, 211
1120974.3.peg.2228.site.29, 199, 203, 402
1120974.3.peg.2228.site.30, 167, 202, 369
1120974.3.peg.2228.site.31, 155, 203, 358
1120974.3.peg.2228.site.32, 125, 130, 255
1120974.3.peg.2228.site.33, 137, 154, 291
1120974.3.peg.2228.site.34, 5, 202, 207
1120974.3.peg.2228.site.35, 159, 201, 360
1120974.3.peg.2228.site.36, 12, 199, 211
1120974.3.peg.2228.site.37, 0, 150, 150
1120974.3.peg.2228.site.38, 2, 194, 196
1120974.3.peg.3219.site.1, 26, 197, 223
1120974.3.peg.3219.site.2, 11, 206, 217
1120974.3.peg.3219.site.3, 4, 215, 219
1120974.3.peg.3219.site.4, 14, 216, 230
1120974.3.peg.3219.site.5, 2, 215, 217
1120974.3.peg.3219.site.6, 5, 216, 221
1120974.3.peg.3219.site.7, 2, 215, 217
1120974.3.peg.3219.site.8, 13, 215, 228
1120974.3.peg.3219.site.9, 28, 212, 240
1120974.3.peg.3219.site.10, 10, 215, 225
1120974.3.peg.3219.site.11, 4, 214, 218
1120974.3.peg.3219.site.12, 0, 214, 214
1120974.3.peg.3219.site.13, 12, 213, 225
1120974.3.peg.3219.site.14, 37, 212, 249
1120974.3.peg.3219.site.15, 0, 215, 215
1120974.3.peg.3219.site.16, 0, 215, 215
1120974.3.peg.3219.site.17, 12, 214, 226
1120974.3.peg.3219.site.18, 0, 215, 215
1120974.3.peg.3219.site.19, 13, 211, 224
1120974.3.peg.3219.site.20, 17, 210, 227
1120974.3.peg.3219.site.21, 12, 208, 220
1120974.3.peg.3219.site.22, 12, 204, 216
1120974.3.peg.3219.site.23, 2, 214, 216
1120974.3.peg.3219.site.24, 1, 214, 215
1120974.3.peg.3219.site.25, 1, 216, 217
1120974.3.peg.3219.site.26, 1, 215, 216
1120974.3.peg.3219.site.27, 0, 213, 213
1120974.3.peg.3219.site.28, 0, 213, 213
1120974.3.peg.3219.site.29, 135, 138, 273
1120974.3.peg.3219.site.30, 94, 129, 223
1120974.3.peg.3219.site.31, 9, 214, 223
1120974.3.peg.3219.site.32, 4, 215, 219
1120974.3.peg.3219.site.33, 180, 213, 393
1120974.3.peg.3219.site.34, 4, 215, 219
1120974.3.peg.3219.site.35, 197, 202, 399
1120974.3.peg.3219.site.36, 77, 113, 190
1120974.3.peg.3219.site.37, 191, 208, 399
1120974.3.peg.3219.site.38, 191, 208, 399
1120974.3.peg.3219.site.39, 0, 212, 212
1120974.3.peg.3219.site.40, 169, 205, 374
1120974.3.peg.3219.site.41, 0, 210, 210
1120974.3.peg.2934.site.1, 0, 215, 215
1120974.3.peg.2934.site.2, 0, 215, 215
1120974.3.peg.2934.site.3, 108, 211, 319
1120974.3.peg.2934.site.4, 4, 216, 220
1120974.3.peg.2934.site.5, 2, 216, 218
1120974.3.peg.2934.site.6, 66, 209, 275
1120974.3.peg.2933.site.1, 0, 213, 213
1120974.3.peg.2933.site.2, 0, 214, 214
1120974.3.peg.2933.site.3, 1, 214, 215
1120974.3.peg.2933.site.4, 0, 215, 215
1120974.3.peg.2933.site.5, 4, 215, 219
1120974.3.peg.2933.site.6, 67, 212, 279
1120974.3.peg.2933.site.7, 2, 215, 217
1120974.3.peg.2933.site.8, 15, 213, 228
1120974.3.peg.2933.site.9, 1, 214, 215
1120974.3.peg.2933.site.10, 0, 211, 211
1120974.3.peg.2933.site.11, 10, 210, 220
1120974.3.peg.2933.site.12, 65, 205, 270
1120974.3.peg.2280.site.1, 182, 204, 386
1120974.3.peg.2280.site.2, 168, 190, 358
1120974.3.peg.2280.site.3, 169, 186, 355
1120974.3.peg.2280.site.4, 69, 209, 278
1120974.3.peg.2280.site.5, 69, 209, 278
1120974.3.peg.2280.site.6, 4, 213, 217
1120974.3.peg.2280.site.7, 0, 200, 200
1120974.3.peg.2280.site.8, 0, 191, 191
1120974.3.peg.2280.site.9, 147, 163, 310
1120974.3.peg.2280.site.10, 119, 142, 261
1120974.3.peg.2280.site.11, 125, 147, 272
1120974.3.peg.2280.site.12, 162, 170, 332
1120974.3.peg.2280.site.13, 129, 173, 302
1120974.3.peg.2280.site.14, 1, 213, 214
1120974.3.peg.2280.site.15, 95, 210, 305
1120974.3.peg.2280.site.16, 71, 207, 278
1120974.3.peg.2280.site.17, 94, 196, 290
1120974.3.peg.2280.site.18, 1, 213, 214
1120974.3.peg.2280.site.19, 14, 210, 224
1120974.3.peg.2280.site.20, 0, 213, 213
1120974.3.peg.2558.site.1, 172, 212, 384
1120974.3.peg.2558.site.2, 167, 212, 379
1120974.3.peg.2558.site.3, 2, 214, 216
1120974.3.peg.2558.site.4, 166, 209, 375
1120974.3.peg.2558.site.5, 19, 211, 230
1120974.3.peg.2558.site.6, 41, 213, 254
1120974.3.peg.2558.site.7, 2, 213, 215
1120974.3.peg.2558.site.8, 1, 212, 213
1120974.3.peg.2558.site.9, 1, 213, 214
1120974.3.peg.2558.site.10, 3, 215, 218
1120974.3.peg.2558.site.11, 0, 216, 216
1120974.3.peg.2558.site.12, 194, 214, 408
1120974.3.peg.2558.site.13, 0, 215, 215
1120974.3.peg.2558.site.14, 3, 215, 218
1120974.3.peg.2558.site.15, 30, 214, 244
1120974.3.peg.2558.site.16, 0, 214, 214
1120974.3.peg.2558.site.17, 4, 216, 220
1120974.3.peg.2558.site.18, 0, 216, 216
1120974.3.peg.2558.site.19, 0, 215, 215
1120974.3.peg.2558.site.20, 30, 212, 242
1120974.3.peg.2558.site.21, 154, 205, 359
1120974.3.peg.2558.site.22, 33, 202, 235
1120974.3.peg.2558.site.23, 117, 203, 320
1120974.3.peg.2558.site.24, 121, 207, 328
1120974.3.peg.2558.site.25, 166, 212, 378
1120974.3.peg.2557.site.1, 4, 216, 220
1120974.3.peg.2557.site.2, 0, 214, 214
1120974.3.peg.2557.site.3, 2, 212, 214
1120974.3.peg.2557.site.4, 157, 200, 357
1120974.3.peg.2557.site.5, 11, 191, 202
1120974.3.peg.2557.site.6, 4, 195, 199
1120974.3.peg.2557.site.7, 145, 187, 332
1120974.3.peg.2557.site.8, 148, 190, 338
1120974.3.peg.2557.site.9, 0, 205, 205
1120974.3.peg.2557.site.10, 205, 207, 412
1120974.3.peg.2557.site.11, 155, 198, 353
1120974.3.peg.2557.site.12, 4, 205, 209
1120974.3.peg.2557.site.13, 1, 209, 210
1120974.3.peg.2557.site.14, 35, 86, 121
1120974.3.peg.2557.site.15, 78, 129, 207
1120974.3.peg.2557.site.16, 21, 193, 214
1120974.3.peg.2557.site.17, 4, 208, 212
1120974.3.peg.2557.site.18, 0, 212, 212
1120974.3.peg.2557.site.19, 155, 206, 361
1120974.3.peg.2557.site.20, 161, 208, 369
1120974.3.peg.2557.site.21, 4, 208, 212
1120974.3.peg.2557.site.22, 0, 194, 194
1120974.3.peg.2557.site.23, 124, 171, 295
1120974.3.peg.2557.site.24, 0, 199, 199
1120974.3.peg.2557.site.25, 0, 204, 204
1120974.3.peg.2557.site.26, 1, 211, 212
1120974.3.peg.2557.site.27, 0, 209, 209
1120974.3.peg.2557.site.28, 162, 208, 370
1120974.3.peg.2557.site.29, 4, 216, 220
1120974.3.peg.2557.site.30, 3, 213, 216
1120974.3.peg.2557.site.31, 171, 206, 377
1120974.3.peg.2557.site.32, 154, 198, 352
1120974.3.peg.2557.site.33, 8, 194, 202
1120974.3.peg.2557.site.34, 107, 152, 259
1120974.3.peg.2557.site.35, 112, 156, 268
1120974.3.peg.2557.site.36, 9, 152, 161
1120974.3.peg.2557.site.37, 4, 124, 128
1120974.3.peg.2557.site.38, 129, 132, 261
1120974.3.peg.2557.site.39, 79, 130, 209
1120974.3.peg.2557.site.40, 92, 140, 232
1120974.3.peg.2557.site.41, 1, 122, 123
1120974.3.peg.2557.site.42, 77, 120, 197
1120974.3.peg.2557.site.43, 12, 139, 151
1120974.3.peg.2557.site.44, 104, 142, 246
1120974.3.peg.2557.site.45, 119, 159, 278
1120974.3.peg.2557.site.46, 1, 205, 206
1120974.3.peg.2557.site.47, 1, 211, 212
1120974.3.peg.2557.site.48, 163, 205, 368
1120974.3.peg.2557.site.49, 184, 210, 394
1120974.3.peg.2557.site.50, 1, 213, 214
1120974.3.peg.2557.site.51, 168, 210, 378
1120974.3.peg.2557.site.52, 4, 215, 219
1120974.3.peg.2557.site.53, 4, 216, 220
1120974.3.peg.2557.site.54, 0, 215, 215
1120974.3.peg.2556.site.1, 6, 35, 41
1120974.3.peg.2556.site.2, 2, 68, 70
1120974.3.peg.2556.site.3, 123, 140, 263
1120974.3.peg.2556.site.4, 31, 53, 84
1120974.3.peg.2556.site.5, 163, 210, 373
1120974.3.peg.2551.site.1, 17, 213, 230
1120974.3.peg.2551.site.2, 0, 213, 213
1120974.3.peg.2551.site.3, 2, 216, 218
1120974.3.peg.2551.site.4, 7, 205, 212
1120974.3.peg.2551.site.5, 0, 204, 204
1120974.3.peg.2551.site.6, 128, 165, 293
1120974.3.peg.2551.site.7, 174, 198, 372
1120974.3.peg.2551.site.8, 0, 216, 216
1120974.3.peg.2551.site.9, 0, 215, 215
1120974.3.peg.2551.site.10, 0, 214, 214
1120974.3.peg.2551.site.11, 177, 204, 381
1120974.3.peg.2551.site.12, 19, 205, 224
1120974.3.peg.2550.site.1, 170, 208, 378
1120974.3.peg.2550.site.2, 11, 206, 217
1120974.3.peg.2550.site.3, 174, 214, 388
1120974.3.peg.2550.site.4, 213, 214, 427
1120974.3.peg.2550.site.5, 1, 213, 214
1120974.3.peg.2550.site.6, 0, 211, 211
1120974.3.peg.2550.site.7, 2, 213, 215
1120974.3.peg.2550.site.8, 10, 214, 224
1120974.3.peg.2550.site.9, 0, 216, 216
1120974.3.peg.2550.site.10, 4, 216, 220
1120974.3.peg.2550.site.11, 0, 215, 215
1120974.3.peg.2550.site.12, 0, 208, 208
1120974.3.peg.2550.site.13, 207, 207, 414
1120974.3.peg.2550.site.14, 171, 204, 375
1120974.3.peg.2550.site.15, 8, 212, 220
1120974.3.peg.2552.site.1, 9, 215, 224
1120974.3.peg.2552.site.2, 9, 210, 219
1120974.3.peg.2552.site.3, 0, 210, 210
1120974.3.peg.2552.site.4, 0, 212, 212
1120974.3.peg.2552.site.5, 5, 212, 217
1120974.3.peg.2552.site.6, 86, 93, 179
1120974.3.peg.2552.site.7, 46, 70, 116
1120974.3.peg.2552.site.8, 69, 87, 156
1120974.3.peg.2552.site.9, 41, 83, 124
1120974.3.peg.2552.site.10, 54, 73, 127
1120974.3.peg.2552.site.11, 65, 67, 132
1120974.3.peg.2552.site.12, 0, 81, 81
1120974.3.peg.2552.site.13, 9, 213, 222
1120974.3.peg.2552.site.14, 14, 213, 227
1120974.3.peg.2552.site.15, 9, 211, 220
1120974.3.peg.2552.site.16, 187, 210, 397
1120974.3.peg.2552.site.17, 176, 199, 375
1120974.3.peg.523.site.1, 181, 212, 393
1120974.3.peg.523.site.2, 50, 212, 262
1120974.3.peg.523.site.3, 6, 216, 222
1120974.3.peg.523.site.4, 15, 214, 229
1120974.3.peg.523.site.5, 10, 212, 222
1120974.3.peg.523.site.6, 107, 180, 287
1120974.3.peg.523.site.7, 1, 51, 52
1120974.3.peg.522.site.1, 0, 214, 214
1120974.3.peg.522.site.2, 2, 215, 217
1120974.3.peg.522.site.3, 207, 215, 422
1120974.3.peg.522.site.4, 0, 215, 215
1120974.3.peg.522.site.5, 4, 216, 220
1120974.3.peg.522.site.6, 0, 215, 215
1120974.3.peg.522.site.7, 4, 213, 217
1120974.3.peg.522.site.8, 136, 211, 347
1120974.3.peg.522.site.9, 131, 211, 342
1120974.3.peg.522.site.10, 1, 215, 216
1120974.3.peg.522.site.11, 184, 213, 397
1120974.3.peg.522.site.12, 48, 209, 257
1120974.3.peg.522.site.13, 5, 216, 221
1120974.3.peg.522.site.14, 0, 215, 215
1120974.3.peg.522.site.15, 184, 213, 397
1120974.3.peg.522.site.16, 181, 211, 392
1120974.3.peg.522.site.17, 5, 209, 214
1120974.3.peg.522.site.18, 118, 197, 315
1120974.3.peg.3157.site.1, 4, 39, 43
1120974.3.peg.3157.site.2, 39, 56, 95
1120974.3.peg.3157.site.3, 3, 84, 87
1120974.3.peg.3157.site.4, 22, 87, 109
1120974.3.peg.3157.site.5, 42, 141, 183
1120974.3.peg.3157.site.6, 179, 195, 374
1120974.3.peg.3157.site.7, 183, 206, 389
1120974.3.peg.3157.site.8, 185, 211, 396
1120974.3.peg.3157.site.9, 186, 213, 399
1120974.3.peg.3157.site.10, 198, 213, 411
1120974.3.peg.3157.site.11, 175, 191, 366
1120974.3.peg.3157.site.12, 175, 188, 363
1120974.3.peg.3157.site.13, 172, 187, 359
1120974.3.peg.3157.site.14, 144, 153, 297
1120974.3.peg.3157.site.15, 172, 184, 356
1120974.3.peg.3157.site.16, 197, 209, 406
1120974.3.peg.3157.site.17, 198, 212, 410
1120974.3.peg.3157.site.18, 0, 213, 213
1120974.3.peg.3157.site.19, 4, 184, 188
1120974.3.peg.3157.site.20, 119, 133, 252
1120974.3.peg.3157.site.21, 89, 103, 192
1120974.3.peg.3157.site.22, 89, 92, 181
1120974.3.peg.3157.site.23, 77, 93, 170
1120974.3.peg.3157.site.24, 2, 107, 109
1120974.3.peg.3157.site.25, 70, 95, 165
1120974.3.peg.3157.site.26, 183, 186, 369
1120974.3.peg.3157.site.27, 12, 200, 212
1120974.3.peg.3157.site.28, 52, 192, 244
1120974.3.peg.3157.site.29, 6, 197, 203
1120974.3.peg.3157.site.30, 12, 189, 201
1120974.3.peg.3157.site.31, 47, 185, 232
1120974.3.peg.3157.site.32, 1, 188, 189
1120974.3.peg.3157.site.33, 117, 208, 325
1120974.3.peg.3157.site.34, 199, 213, 412
1120974.3.peg.3150.site.1, 1, 213, 214
1120974.3.peg.3150.site.2, 0, 212, 212
1120974.3.peg.3150.site.3, 3, 211, 214
1120974.3.peg.3150.site.4, 3, 211, 214
1120974.3.peg.3150.site.5, 3, 209, 212
1120974.3.peg.3150.site.6, 3, 211, 214
1120974.3.peg.3150.site.7, 3, 210, 213
1120974.3.peg.3150.site.8, 4, 211, 215
1120974.3.peg.3150.site.9, 13, 210, 223
1120974.3.peg.3150.site.10, 17, 211, 228
1120974.3.peg.3150.site.11, 18, 211, 229
1120974.3.peg.3150.site.12, 78, 211, 289
1120974.3.peg.3150.site.13, 14, 211, 225
1120974.3.peg.3150.site.14, 14, 212, 226
1120974.3.peg.3150.site.15, 8, 186, 194
1120974.3.peg.3150.site.16, 71, 189, 260
1120974.3.peg.3150.site.17, 73, 198, 271
1120974.3.peg.3150.site.18, 75, 198, 273
1120974.3.peg.3150.site.19, 126, 207, 333
1120974.3.peg.3150.site.20, 12, 211, 223
1120974.3.peg.3150.site.21, 11, 208, 219
1120974.3.peg.3150.site.22, 15, 214, 229
1120974.3.peg.3150.site.23, 10, 211, 221
1120974.3.peg.3150.site.24, 6, 208, 214
1120974.3.peg.3150.site.25, 1, 202, 203
1120974.3.peg.3150.site.26, 0, 200, 200
1120974.3.peg.3150.site.27, 97, 207, 304
1120974.3.peg.3150.site.28, 3, 211, 214
1120974.3.peg.3150.site.29, 36, 211, 247
1120974.3.peg.3150.site.30, 38, 211, 249
1120974.3.peg.3150.site.31, 43, 211, 254
1120974.3.peg.3150.site.32, 0, 210, 210
1120974.3.peg.3150.site.33, 104, 209, 313
1120974.3.peg.3151.site.1, 0, 213, 213
1120974.3.peg.3151.site.2, 125, 209, 334
1120974.3.peg.3151.site.3, 0, 212, 212
1120974.3.peg.3151.site.4, 2, 213, 215
1120974.3.peg.3151.site.5, 3, 211, 214
1120974.3.peg.3151.site.6, 2, 211, 213
1120974.3.peg.3151.site.7, 1, 213, 214
1120974.3.peg.3151.site.8, 120, 209, 329
1120974.3.peg.3151.site.9, 3, 191, 194
1120974.3.peg.3151.site.10, 0, 202, 202
1120974.3.peg.3151.site.11, 3, 206, 209
1120974.3.peg.3151.site.12, 1, 212, 213
1120974.3.peg.3151.site.13, 1, 212, 213
1120974.3.peg.3151.site.14, 4, 213, 217
1120974.3.peg.3151.site.15, 4, 212, 216
1120974.3.peg.3151.site.16, 0, 212, 212
1120974.3.peg.3151.site.17, 8, 211, 219
1120974.3.peg.3151.site.18, 4, 212, 216
1120974.3.peg.3151.site.19, 0, 211, 211
1120974.3.peg.3151.site.20, 16, 209, 225
1120974.3.peg.3151.site.21, 6, 213, 219
1120974.3.peg.3151.site.22, 7, 212, 219
1120974.3.peg.3151.site.23, 4, 213, 217
1120974.3.peg.3151.site.24, 1, 210, 211
1120974.3.peg.3151.site.25, 1, 210, 211
1120974.3.peg.3151.site.26, 1, 212, 213
1120974.3.peg.3151.site.27, 2, 212, 214
1120974.3.peg.3151.site.28, 1, 213, 214
1120974.3.peg.3151.site.29, 0, 211, 211
1120974.3.peg.3151.site.30, 0, 211, 211
1120974.3.peg.3151.site.31, 0, 211, 211
1120974.3.peg.3151.site.32, 0, 212, 212
1120974.3.peg.3151.site.33, 93, 207, 300
1120974.3.peg.3151.site.34, 88, 206, 294
1120974.3.peg.3151.site.35, 85, 202, 287
1120974.3.peg.3151.site.36, 90, 208, 298
1120974.3.peg.3151.site.37, 85, 211, 296
1120974.3.peg.3151.site.38, 0, 210, 210
1120974.3.peg.3151.site.39, 193, 211, 404
1120974.3.peg.3151.site.40, 4, 210, 214
1120974.3.peg.3151.site.41, 1, 211, 212
1120974.3.peg.3151.site.42, 4, 213, 217
1120974.3.peg.3151.site.43, 121, 209, 330
1120974.3.peg.3151.site.44, 14, 212, 226
1120974.3.peg.3151.site.45, 1, 213, 214
1120974.3.peg.3151.site.46, 176, 212, 388
1120974.3.peg.3151.site.47, 152, 209, 361
1120974.3.peg.3151.site.48, 144, 203, 347
1120974.3.peg.3151.site.49, 16, 146, 162
1120974.3.peg.3151.site.50, 62, 149, 211
1120974.3.peg.3151.site.51, 15, 211, 226
1120974.3.peg.3151.site.52, 179, 211, 390
1120974.3.peg.3151.site.53, 80, 208, 288
1120974.3.peg.3151.site.54, 4, 214, 218
1120974.3.peg.3151.site.55, 83, 211, 294
1120974.3.peg.3151.site.56, 1, 213, 214
1120974.3.peg.3151.site.57, 6, 213, 219
1120974.3.peg.3151.site.58, 43, 208, 251
1120974.3.peg.3151.site.59, 33, 209, 242
1120974.3.peg.3151.site.60, 0, 211, 211
1120974.3.peg.3151.site.61, 1, 211, 212
1120974.3.peg.3151.site.62, 1, 212, 213
1120974.3.peg.3151.site.63, 1, 212, 213
1120974.3.peg.3151.site.64, 49, 211, 260
1120974.3.peg.3151.site.65, 53, 211, 264
1120974.3.peg.3151.site.66, 47, 209, 256
1120974.3.peg.3151.site.67, 50, 210, 260
1120974.3.peg.3151.site.68, 3, 210, 213
1120974.3.peg.3151.site.69, 51, 210, 261
1120974.3.peg.3151.site.70, 47, 212, 259
1120974.3.peg.3151.site.71, 2, 212, 214
1120974.3.peg.3151.site.72, 0, 212, 212
1120974.3.peg.3151.site.73, 31, 205, 236
1120974.3.peg.3151.site.74, 25, 199, 224
1120974.3.peg.3151.site.75, 16, 191, 207
1120974.3.peg.3151.site.76, 12, 187, 199
1120974.3.peg.3151.site.77, 79, 182, 261
1120974.3.peg.3151.site.78, 4, 181, 185
1120974.3.peg.3151.site.79, 0, 180, 180
1120974.3.peg.3151.site.80, 24, 194, 218
1120974.3.peg.3151.site.81, 40, 210, 250
1120974.3.peg.3151.site.82, 0, 212, 212
1120974.3.peg.3151.site.83, 0, 190, 190
1120974.3.peg.3151.site.84, 0, 181, 181
1120974.3.peg.3151.site.85, 0, 185, 185
1120974.3.peg.3151.site.86, 0, 159, 159
1120974.3.peg.3151.site.87, 2, 138, 140
1120974.3.peg.3151.site.88, 3, 140, 143
1120974.3.peg.3151.site.89, 4, 150, 154
1120974.3.peg.2829.site.1, 144, 161, 305
1120974.3.peg.2829.site.2, 184, 209, 393
1120974.3.peg.2829.site.3, 2, 216, 218
1120974.3.peg.2829.site.4, 190, 212, 402
1120974.3.peg.2829.site.5, 3, 211, 214
1120974.3.peg.2829.site.6, 2, 211, 213
1120974.3.peg.2829.site.7, 2, 211, 213
1120974.3.peg.2829.site.8, 4, 216, 220
1120974.3.peg.2829.site.9, 2, 216, 218
1120974.3.peg.3158.site.1, 0, 214, 214
1120974.3.peg.3158.site.2, 107, 198, 305
1120974.3.peg.3158.site.3, 147, 197, 344
1120974.3.peg.3158.site.4, 199, 213, 412
1120974.3.peg.3158.site.5, 29, 216, 245
1120974.3.peg.3158.site.6, 0, 213, 213
1120974.3.peg.3158.site.7, 166, 181, 347
1120974.3.peg.3158.site.8, 161, 177, 338
1120974.3.peg.3158.site.9, 152, 165, 317
1120974.3.peg.3158.site.10, 0, 189, 189
1120974.3.peg.3158.site.11, 63, 186, 249
1120974.3.peg.3158.site.12, 154, 170, 324
1120974.3.peg.3158.site.13, 12, 214, 226
1120974.3.peg.3158.site.14, 203, 212, 415
1120974.3.peg.3158.site.15, 209, 212, 421
1120974.3.peg.3158.site.16, 195, 211, 406
1120974.3.peg.3158.site.17, 131, 211, 342
1120974.3.peg.3158.site.18, 1, 216, 217
1120974.3.peg.3158.site.19, 0, 215, 215
1120974.3.peg.3158.site.20, 6, 214, 220
1120974.3.peg.3159.site.1, 33, 179, 212
1120974.3.peg.3159.site.2, 49, 194, 243
1120974.3.peg.3159.site.3, 22, 168, 190
1120974.3.peg.3159.site.4, 136, 169, 305
1120974.3.peg.3159.site.5, 0, 151, 151
1120974.3.peg.1614.site.1, 162, 209, 371
1120974.3.peg.1614.site.2, 184, 212, 396
1120974.3.peg.1614.site.3, 15, 216, 231
1120974.3.peg.1614.site.4, 0, 215, 215
1120974.3.peg.1614.site.5, 171, 213, 384
1120974.3.peg.1614.site.6, 132, 172, 304
1120974.3.peg.1614.site.7, 0, 215, 215
1120974.3.peg.1614.site.8, 3, 215, 218
1120974.3.peg.1614.site.9, 0, 216, 216
1120974.3.peg.1614.site.10, 170, 213, 383
1120974.3.peg.1614.site.11, 4, 211, 215
1120974.3.peg.1614.site.12, 167, 211, 378
1120974.3.peg.1614.site.13, 0, 211, 211
1120974.3.peg.1614.site.14, 164, 208, 372
1120974.3.peg.1614.site.15, 160, 207, 367
1120974.3.peg.1614.site.16, 161, 206, 367
1120974.3.peg.1614.site.17, 157, 204, 361
1120974.3.peg.1614.site.18, 1, 213, 214
1120974.3.peg.1614.site.19, 1, 208, 209
1120974.3.peg.1614.site.20, 0, 187, 187
1120974.3.peg.1614.site.21, 156, 178, 334
1120974.3.peg.1614.site.22, 30, 173, 203
1120974.3.peg.1614.site.23, 4, 75, 79
1120974.3.peg.1614.site.24, 0, 66, 66
1120974.3.peg.3168.site.1, 168, 214, 382
1120974.3.peg.3168.site.2, 36, 212, 248
1120974.3.peg.3168.site.3, 36, 213, 249
1120974.3.peg.3168.site.4, 115, 209, 324
1120974.3.peg.3168.site.5, 0, 210, 210
1120974.3.peg.3168.site.6, 158, 202, 360
1120974.3.peg.3168.site.7, 31, 201, 232
1120974.3.peg.3168.site.8, 10, 212, 222
1120974.3.peg.3168.site.9, 13, 214, 227
1120974.3.peg.3168.site.10, 13, 213, 226
1120974.3.peg.3168.site.11, 162, 207, 369
1120974.3.peg.3168.site.12, 42, 212, 254
1120974.3.peg.3168.site.13, 144, 200, 344
1120974.3.peg.3168.site.14, 204, 210, 414
1120974.3.peg.3168.site.15, 48, 205, 253
1120974.3.peg.3168.site.16, 111, 208, 319
1120974.3.peg.3168.site.17, 0, 211, 211
1120974.3.peg.3168.site.18, 112, 210, 322
1120974.3.peg.3168.site.19, 153, 210, 363
1120974.3.peg.3168.site.20, 150, 208, 358
1120974.3.peg.3168.site.21, 12, 211, 223
1120974.3.peg.3168.site.22, 151, 209, 360
1120974.3.peg.3168.site.23, 188, 191, 379
1120974.3.peg.3168.site.24, 151, 209, 360
1120974.3.peg.3168.site.25, 2, 212, 214
1120974.3.peg.3168.site.26, 6, 214, 220
1120974.3.peg.3168.site.27, 9, 214, 223
1120974.3.peg.3168.site.28, 0, 216, 216
1120974.3.peg.3168.site.29, 11, 215, 226
1120974.3.peg.3168.site.30, 1, 170, 171
1120974.3.peg.3168.site.31, 9, 175, 184
1120974.3.peg.3168.site.32, 25, 153, 178
1120974.3.peg.3168.site.33, 23, 169, 192
1120974.3.peg.3168.site.34, 112, 160, 272
1120974.3.peg.3168.site.35, 7, 190, 197
1120974.3.peg.3168.site.36, 151, 197, 348
1120974.3.peg.3168.site.37, 4, 212, 216
1120974.3.peg.3168.site.38, 22, 193, 215
1120974.3.peg.3168.site.39, 0, 194, 194
1120974.3.peg.3168.site.40, 42, 213, 255
1120974.3.peg.3168.site.41, 9, 215, 224
1120974.3.peg.3168.site.42, 41, 212, 253
1120974.3.peg.3168.site.43, 2, 214, 216
1120974.3.peg.3168.site.44, 28, 215, 243
1120974.3.peg.3168.site.45, 2, 216, 218
1120974.3.peg.3168.site.46, 49, 215, 264
1120974.3.peg.3168.site.47, 0, 216, 216
1120974.3.peg.3168.site.48, 28, 214, 242
1120974.3.peg.945.site.1, 4, 212, 216
1120974.3.peg.945.site.2, 34, 211, 245
1120974.3.peg.945.site.3, 0, 215, 215
1120974.3.peg.945.site.4, 33, 214, 247
1120974.3.peg.945.site.5, 2, 215, 217
1120974.3.peg.945.site.6, 7, 212, 219
1120974.3.peg.945.site.7, 39, 214, 253
1120974.3.peg.945.site.8, 0, 214, 214
1120974.3.peg.945.site.9, 166, 196, 362
1120974.3.peg.945.site.10, 112, 142, 254
1120974.3.peg.945.site.11, 62, 92, 154
1120974.3.peg.945.site.12, 48, 78, 126
1120974.3.peg.945.site.13, 34, 64, 98
1120974.3.peg.236.site.1, 63, 203, 266
1120974.3.peg.236.site.2, 135, 208, 343
1120974.3.peg.236.site.3, 74, 210, 284
1120974.3.peg.236.site.4, 0, 203, 203
1120974.3.peg.236.site.5, 47, 193, 240
1120974.3.peg.236.site.6, 0, 198, 198
1120974.3.peg.236.site.7, 3, 198, 201
1120974.3.peg.236.site.8, 2, 199, 201
1120974.3.peg.236.site.9, 0, 209, 209
1120974.3.peg.236.site.10, 81, 211, 292
1120974.3.peg.236.site.11, 66, 213, 279
1120974.3.peg.236.site.12, 11, 215, 226
1120974.3.peg.236.site.13, 60, 212, 272
1120974.3.peg.236.site.14, 6, 216, 222
1120974.3.peg.236.site.15, 211, 214, 425
1120974.3.peg.236.site.16, 211, 214, 425
1120974.3.peg.947.site.1, 3, 14, 17
1120974.3.peg.947.site.2, 2, 8, 10
1120974.3.peg.3202.site.1, 4, 216, 220
1120974.3.peg.3202.site.2, 102, 212, 314
1120974.3.peg.3202.site.3, 18, 214, 232
1120974.3.peg.3203.site.1, 0, 213, 213
1120974.3.peg.3203.site.2, 0, 215, 215
1120974.3.peg.3203.site.3, 189, 213, 402
1120974.3.peg.3203.site.4, 0, 216, 216
1120974.3.peg.3203.site.5, 59, 202, 261
1120974.3.peg.3203.site.6, 126, 157, 283
1120974.3.peg.3203.site.7, 1, 69, 70
1120974.3.peg.3203.site.8, 10, 42, 52
1120974.3.peg.3203.site.9, 1, 215, 216
1120974.3.peg.3203.site.10, 8, 214, 222
1120974.3.peg.3203.site.11, 75, 212, 287
1120974.3.peg.789.site.1, 2, 163, 165
1120974.3.peg.789.site.2, 9, 120, 129
1120974.3.peg.789.site.3, 2, 205, 207
1120974.3.peg.789.site.4, 5, 212, 217
1120974.3.peg.789.site.5, 87, 196, 283
1120974.3.peg.789.site.6, 68, 180, 248
1120974.3.peg.789.site.7, 105, 206, 311
1120974.3.peg.789.site.8, 2, 213, 215
1120974.3.peg.789.site.9, 105, 207, 312
1120974.3.peg.789.site.10, 109, 207, 316
1120974.3.peg.789.site.11, 5, 215, 220
1120974.3.peg.789.site.12, 105, 210, 315
1120974.3.peg.789.site.13, 2, 215, 217
1120974.3.peg.789.site.14, 104, 201, 305
1120974.3.peg.789.site.15, 0, 216, 216
1120974.3.peg.789.site.16, 7, 215, 222
1120974.3.peg.788.site.1, 50, 214, 264
1120974.3.peg.788.site.2, 80, 182, 262
1120974.3.peg.788.site.3, 89, 194, 283
1120974.3.peg.788.site.4, 90, 193, 283
1120974.3.peg.788.site.5, 3, 209, 212
1120974.3.peg.788.site.6, 100, 209, 309
1120974.3.peg.788.site.7, 92, 208, 300
1120974.3.peg.788.site.8, 98, 201, 299
1120974.3.peg.788.site.9, 0, 215, 215
1120974.3.peg.788.site.10, 0, 214, 214
1120974.3.peg.788.site.11, 0, 214, 214
1120974.3.peg.788.site.12, 91, 200, 291
1120974.3.peg.788.site.13, 0, 202, 202
1120974.3.peg.788.site.14, 83, 193, 276
1120974.3.peg.788.site.15, 108, 133, 241
1120974.3.peg.788.site.16, 6, 120, 126
1120974.3.peg.788.site.17, 69, 179, 248
1120974.3.peg.788.site.18, 101, 210, 311
1120974.3.peg.788.site.19, 102, 211, 313
1120974.3.peg.788.site.20, 105, 210, 315
1120974.3.peg.788.site.21, 1, 216, 217
1120974.3.peg.788.site.22, 207, 214, 421
1120974.3.peg.788.site.23, 89, 205, 294
1120974.3.peg.788.site.24, 1, 205, 206
1120974.3.peg.788.site.25, 211, 216, 427
1120974.3.peg.788.site.26, 0, 215, 215
1120974.3.peg.788.site.27, 1, 214, 215
1120974.3.peg.788.site.28, 2, 214, 216
1120974.3.peg.788.site.29, 3, 215, 218
1120974.3.peg.788.site.30, 8, 215, 223
1120974.3.peg.788.site.31, 2, 216, 218
1120974.3.peg.788.site.32, 2, 216, 218
1120974.3.peg.788.site.33, 0, 215, 215
1120974.3.peg.788.site.34, 0, 216, 216
1120974.3.peg.788.site.35, 96, 210, 306
1120974.3.peg.3206.site.1, 182, 182, 364
1120974.3.peg.3206.site.2, 6, 189, 195
1120974.3.peg.3206.site.3, 19, 203, 222
1120974.3.peg.3206.site.4, 25, 209, 234
1120974.3.peg.3206.site.5, 5, 200, 205
1120974.3.peg.3206.site.6, 1, 196, 197
1120974.3.peg.3206.site.7, 0, 196, 196
1120974.3.peg.3206.site.8, 0, 196, 196
1120974.3.peg.3206.site.9, 1, 200, 201
1120974.3.peg.3206.site.10, 1, 197, 198
1120974.3.peg.3206.site.11, 4, 200, 204
1120974.3.peg.3206.site.12, 4, 200, 204
1120974.3.peg.3207.site.1, 18, 211, 229
1120974.3.peg.3207.site.2, 0, 212, 212
1120974.3.peg.3207.site.3, 0, 209, 209
1120974.3.peg.3207.site.4, 22, 210, 232
1120974.3.peg.3207.site.5, 2, 209, 211
1120974.3.peg.3207.site.6, 16, 208, 224
1120974.3.peg.3207.site.7, 210, 210, 420
1120974.3.peg.3207.site.8, 1, 144, 145
1120974.3.peg.3207.site.9, 16, 141, 157
1120974.3.peg.3207.site.10, 6, 130, 136
1120974.3.peg.3207.site.11, 4, 129, 133
1120974.3.peg.3207.site.12, 1, 135, 136
1120974.3.peg.3207.site.13, 10, 132, 142
1120974.3.peg.3207.site.14, 21, 146, 167
1120974.3.peg.3207.site.15, 2, 193, 195
1120974.3.peg.3207.site.16, 1, 192, 193
1120974.3.peg.3207.site.17, 126, 190, 316
1120974.3.peg.3207.site.18, 1, 202, 203
1120974.3.peg.3207.site.19, 1, 203, 204
1120974.3.peg.3207.site.20, 1, 203, 204
1120974.3.peg.3207.site.21, 76, 202, 278
1120974.3.peg.3207.site.22, 0, 208, 208
1120974.3.peg.3207.site.23, 83, 207, 290
1120974.3.peg.3207.site.24, 0, 215, 215
1120974.3.peg.3207.site.25, 3, 214, 217
1120974.3.peg.3207.site.26, 47, 208, 255
1120974.3.peg.3207.site.27, 0, 212, 212
1120974.3.peg.3207.site.28, 4, 215, 219
1120974.3.peg.3207.site.29, 4, 215, 219
1120974.3.peg.3207.site.30, 0, 212, 212
1120974.3.peg.3207.site.31, 4, 212, 216
1120974.3.peg.3207.site.32, 4, 212, 216
1120974.3.peg.3207.site.33, 26, 210, 236
1120974.3.peg.3207.site.34, 26, 210, 236
1120974.3.peg.3207.site.35, 157, 209, 366
1120974.3.peg.3207.site.36, 2, 213, 215
1120974.3.peg.3207.site.37, 1, 213, 214
1120974.3.peg.3207.site.38, 4, 216, 220
1120974.3.peg.3207.site.39, 4, 216, 220
1120974.3.peg.3207.site.40, 0, 214, 214
1120974.3.peg.3207.site.41, 0, 213, 213
1120974.3.peg.3207.site.42, 1, 213, 214
1120974.3.peg.3207.site.43, 0, 210, 210
1120974.3.peg.3207.site.44, 0, 212, 212
1120974.3.peg.3207.site.45, 11, 211, 222
1120974.3.peg.3207.site.46, 29, 212, 241
1120974.3.peg.3207.site.47, 5, 209, 214
1120974.3.peg.3207.site.48, 1, 201, 202
1120974.3.peg.3207.site.49, 1, 198, 199
1120974.3.peg.3207.site.50, 53, 92, 145
1120974.3.peg.3207.site.51, 53, 59, 112
1120974.3.peg.3207.site.52, 18, 63, 81
1120974.3.peg.3207.site.53, 19, 55, 74
1120974.3.peg.3207.site.54, 105, 156, 261
1120974.3.peg.3207.site.55, 188, 202, 390
1120974.3.peg.3207.site.56, 4, 205, 209
1120974.3.peg.3207.site.57, 1, 212, 213
1120974.3.peg.3207.site.58, 1, 211, 212
1120974.3.peg.3207.site.59, 5, 206, 211
1120974.3.peg.3207.site.60, 0, 210, 210
1120974.3.peg.3207.site.61, 12, 212, 224
1120974.3.peg.3207.site.62, 2, 211, 213
1120974.3.peg.3207.site.63, 4, 215, 219
1120974.3.peg.3207.site.64, 4, 214, 218
1120974.3.peg.3207.site.65, 4, 214, 218
1120974.3.peg.3207.site.66, 4, 214, 218
1120974.3.peg.3204.site.1, 206, 208, 414
1120974.3.peg.3204.site.2, 143, 207, 350
1120974.3.peg.3204.site.3, 216, 216, 432
1120974.3.peg.3204.site.4, 178, 212, 390
1120974.3.peg.3204.site.5, 178, 212, 390
1120974.3.peg.3204.site.6, 179, 213, 392
1120974.3.peg.3204.site.7, 179, 213, 392
1120974.3.peg.3204.site.8, 0, 216, 216
1120974.3.peg.3204.site.9, 0, 215, 215
1120974.3.peg.3204.site.10, 34, 213, 247
1120974.3.peg.3204.site.11, 8, 216, 224
1120974.3.peg.3204.site.12, 37, 212, 249
1120974.3.peg.3208.site.1, 0, 213, 213
1120974.3.peg.3208.site.2, 0, 208, 208
1120974.3.peg.3208.site.3, 2, 202, 204
1120974.3.peg.3208.site.4, 143, 189, 332
1120974.3.peg.3208.site.5, 0, 202, 202
1120974.3.peg.3208.site.6, 0, 148, 148
1120974.3.peg.3208.site.7, 1, 175, 176
1120974.3.peg.3208.site.8, 151, 179, 330
1120974.3.peg.3208.site.9, 5, 202, 207
1120974.3.peg.3208.site.10, 17, 190, 207
1120974.3.peg.3208.site.11, 4, 188, 192
1120974.3.peg.3208.site.12, 5, 194, 199
1120974.3.peg.3208.site.13, 5, 191, 196
1120974.3.peg.3208.site.14, 1, 204, 205
1120974.3.peg.3208.site.15, 157, 204, 361
1120974.3.peg.3208.site.16, 1, 170, 171
1120974.3.peg.3208.site.17, 5, 214, 219
1120974.3.peg.3208.site.18, 0, 213, 213
1120974.3.peg.3208.site.19, 2, 211, 213
1120974.3.peg.3208.site.20, 2, 214, 216
1120974.3.peg.3208.site.21, 3, 216, 219
1120974.3.peg.2942.site.1, 182, 213, 395
1120974.3.peg.2942.site.2, 5, 215, 220
1120974.3.peg.2942.site.3, 1, 216, 217
1120974.3.peg.2942.site.4, 178, 212, 390
1120974.3.peg.2942.site.5, 1, 216, 217
1120974.3.peg.2942.site.6, 2, 214, 216
1120974.3.peg.2942.site.7, 14, 185, 199
1120974.3.peg.2942.site.8, 27, 54, 81
1120974.3.peg.2942.site.9, 32, 58, 90
1120974.3.peg.2942.site.10, 106, 202, 308
1120974.3.peg.2942.site.11, 157, 189, 346
1120974.3.peg.2942.site.12, 12, 190, 202
1120974.3.peg.2942.site.13, 1, 186, 187
1120974.3.peg.2942.site.14, 141, 173, 314
1120974.3.peg.2942.site.15, 155, 187, 342
1120974.3.peg.2942.site.16, 2, 198, 200
1120974.3.peg.2942.site.17, 196, 214, 410
1120974.3.peg.2942.site.18, 115, 212, 327
1120974.3.peg.2942.site.19, 181, 212, 393
1120974.3.peg.2942.site.20, 186, 211, 397
1120974.3.peg.2942.site.21, 183, 207, 390
1120974.3.peg.2943.site.1, 126, 153, 279
1120974.3.peg.2943.site.2, 163, 165, 328
1120974.3.peg.2943.site.3, 157, 182, 339
1120974.3.peg.2943.site.4, 186, 211, 397
1120974.3.peg.2943.site.5, 170, 196, 366
1120974.3.peg.2943.site.6, 119, 145, 264
1120974.3.peg.2943.site.7, 115, 142, 257
1120974.3.peg.2943.site.8, 0, 215, 215
1120974.3.peg.2943.site.9, 186, 211, 397
1120974.3.peg.2943.site.10, 1, 204, 205
1120974.3.peg.2943.site.11, 73, 99, 172
1120974.3.peg.2943.site.12, 5, 78, 83
1120974.3.peg.2943.site.13, 43, 102, 145
1120974.3.peg.2943.site.14, 22, 125, 147
1120974.3.peg.2943.site.15, 182, 207, 389
1120974.3.peg.2943.site.16, 0, 215, 215
1120974.3.peg.2940.site.1, 47, 91, 138
1120974.3.peg.2940.site.2, 15, 183, 198
1120974.3.peg.2940.site.3, 15, 185, 200
1120974.3.peg.2940.site.4, 11, 183, 194
1120974.3.peg.2940.site.5, 0, 198, 198
1120974.3.peg.2940.site.6, 30, 192, 222
1120974.3.peg.2940.site.7, 0, 201, 201
1120974.3.peg.2940.site.8, 0, 196, 196
1120974.3.peg.2940.site.9, 106, 185, 291
1120974.3.peg.2940.site.10, 102, 180, 282
1120974.3.peg.2940.site.11, 89, 167, 256
1120974.3.peg.2940.site.12, 45, 177, 222
1120974.3.peg.2940.site.13, 50, 199, 249
1120974.3.peg.2940.site.14, 1, 203, 204
1120974.3.peg.2940.site.15, 32, 198, 230
1120974.3.peg.2940.site.16, 197, 200, 397
1120974.3.peg.2940.site.17, 31, 198, 229
1120974.3.peg.2940.site.18, 32, 198, 230
1120974.3.peg.2940.site.19, 43, 205, 248
1120974.3.peg.2940.site.20, 10, 205, 215
1120974.3.peg.2940.site.21, 203, 207, 410
1120974.3.peg.2940.site.22, 165, 205, 370
1120974.3.peg.2940.site.23, 155, 204, 359
1120974.3.peg.2940.site.24, 41, 209, 250
1120974.3.peg.2940.site.25, 42, 212, 254
1120974.3.peg.2940.site.26, 0, 211, 211
1120974.3.peg.2940.site.27, 118, 203, 321
1120974.3.peg.2940.site.28, 1, 213, 214
1120974.3.peg.2940.site.29, 0, 212, 212
1120974.3.peg.2940.site.30, 42, 211, 253
1120974.3.peg.2940.site.31, 1, 215, 216
1120974.3.peg.2940.site.32, 0, 213, 213
1120974.3.peg.2940.site.33, 166, 210, 376
1120974.3.peg.2940.site.34, 169, 213, 382
1120974.3.peg.2940.site.35, 42, 214, 256
1120974.3.peg.2940.site.36, 165, 209, 374
1120974.3.peg.2940.site.37, 11, 187, 198
1120974.3.peg.2940.site.38, 2, 126, 128
1120974.3.peg.2940.site.39, 31, 75, 106
1120974.3.peg.2940.site.40, 16, 61, 77
1120974.3.peg.2940.site.41, 17, 62, 79
1120974.3.peg.2940.site.42, 1, 47, 48
1120974.3.peg.2940.site.43, 1, 46, 47
1120974.3.peg.2940.site.44, 44, 46, 90
1120974.3.peg.2940.site.45, 5, 52, 57
1120974.3.peg.2940.site.46, 6, 53, 59
1120974.3.peg.2940.site.47, 0, 56, 56
1120974.3.peg.2940.site.48, 13, 80, 93
1120974.3.peg.2940.site.49, 79, 143, 222
1120974.3.peg.2940.site.50, 112, 176, 288
1120974.3.peg.2940.site.51, 30, 208, 238
1120974.3.peg.2940.site.52, 109, 194, 303
1120974.3.peg.2940.site.53, 164, 196, 360
1120974.3.peg.2940.site.54, 168, 200, 368
1120974.3.peg.2940.site.55, 4, 209, 213
1120974.3.peg.2940.site.56, 0, 209, 209
1120974.3.peg.2940.site.57, 0, 161, 161
1120974.3.peg.2940.site.58, 131, 167, 298
1120974.3.peg.2940.site.59, 140, 176, 316
1120974.3.peg.2940.site.60, 178, 213, 391
1120974.3.peg.2940.site.61, 114, 213, 327
1120974.3.peg.2941.site.1, 4, 216, 220
1120974.3.peg.2941.site.2, 0, 216, 216
1120974.3.peg.2941.site.3, 141, 204, 345
1120974.3.peg.2941.site.4, 140, 202, 342
1120974.3.peg.2941.site.5, 1, 216, 217
1120974.3.peg.2946.site.1, 0, 213, 213
1120974.3.peg.2946.site.2, 156, 188, 344
1120974.3.peg.2946.site.3, 3, 25, 28
1120974.3.peg.2946.site.4, 2, 23, 25
1120974.3.peg.2946.site.5, 8, 180, 188
1120974.3.peg.2946.site.6, 11, 191, 202
1120974.3.peg.2946.site.7, 0, 213, 213
1120974.3.peg.2946.site.8, 192, 211, 403
1120974.3.peg.2946.site.9, 12, 193, 205
1120974.3.peg.2946.site.10, 13, 192, 205
1120974.3.peg.2946.site.11, 3, 184, 187
1120974.3.peg.2946.site.12, 3, 184, 187
1120974.3.peg.2946.site.13, 4, 215, 219
1120974.3.peg.2947.site.1, 198, 213, 411
1120974.3.peg.2947.site.2, 24, 198, 222
1120974.3.peg.2947.site.3, 167, 196, 363
1120974.3.peg.2947.site.4, 19, 187, 206
1120974.3.peg.2947.site.5, 152, 181, 333
1120974.3.peg.2947.site.6, 126, 182, 308
1120974.3.peg.2947.site.7, 4, 168, 172
1120974.3.peg.2947.site.8, 111, 136, 247
1120974.3.peg.2947.site.9, 98, 121, 219
1120974.3.peg.2947.site.10, 163, 165, 328
1120974.3.peg.2947.site.11, 6, 201, 207
1120974.3.peg.2947.site.12, 123, 186, 309
1120974.3.peg.2947.site.13, 110, 144, 254
1120974.3.peg.2947.site.14, 49, 81, 130
1120974.3.peg.2947.site.15, 16, 67, 83
1120974.3.peg.2947.site.16, 12, 61, 73
1120974.3.peg.2947.site.17, 9, 44, 53
1120974.3.peg.2947.site.18, 1, 52, 53
1120974.3.peg.2947.site.19, 18, 50, 68
1120974.3.peg.2947.site.20, 51, 84, 135
1120974.3.peg.2947.site.21, 111, 146, 257
1120974.3.peg.2947.site.22, 19, 167, 186
1120974.3.peg.2947.site.23, 142, 160, 302
1120974.3.peg.2947.site.24, 5, 158, 163
1120974.3.peg.2947.site.25, 12, 175, 187
1120974.3.peg.2947.site.26, 24, 204, 228
1120974.3.peg.2947.site.27, 28, 211, 239
1120974.3.peg.2947.site.28, 29, 212, 241
1120974.3.peg.2947.site.29, 28, 212, 240
1120974.3.peg.2947.site.30, 184, 211, 395
1120974.3.peg.2947.site.31, 180, 214, 394
1120974.3.peg.2947.site.32, 177, 210, 387
1120974.3.peg.2947.site.33, 0, 204, 204
1120974.3.peg.2947.site.34, 105, 169, 274
1120974.3.peg.2947.site.35, 100, 167, 267
1120974.3.peg.2947.site.36, 0, 195, 195
1120974.3.peg.2947.site.37, 126, 191, 317
1120974.3.peg.2947.site.38, 6, 209, 215
1120974.3.peg.2947.site.39, 167, 202, 369
1120974.3.peg.2947.site.40, 148, 213, 361
1120974.3.peg.2947.site.41, 0, 214, 214
1120974.3.peg.2947.site.42, 1, 215, 216
1120974.3.peg.2944.site.1, 9, 215, 224
1120974.3.peg.2944.site.2, 9, 215, 224
1120974.3.peg.2944.site.3, 120, 212, 332
1120974.3.peg.2944.site.4, 3, 216, 219
1120974.3.peg.2944.site.5, 0, 215, 215
1120974.3.peg.2944.site.6, 0, 215, 215
1120974.3.peg.2944.site.7, 9, 212, 221
1120974.3.peg.2944.site.8, 67, 210, 277
1120974.3.peg.2944.site.9, 1, 212, 213
1120974.3.peg.2944.site.10, 204, 210, 414
1120974.3.peg.2944.site.11, 114, 211, 325
1120974.3.peg.2944.site.12, 115, 207, 322
1120974.3.peg.2944.site.13, 167, 194, 361
1120974.3.peg.2944.site.14, 39, 184, 223
1120974.3.peg.2944.site.15, 153, 179, 332
1120974.3.peg.2944.site.16, 134, 195, 329
1120974.3.peg.2944.site.17, 33, 206, 239
1120974.3.peg.2944.site.18, 42, 210, 252
1120974.3.peg.2944.site.19, 36, 213, 249
1120974.3.peg.2944.site.20, 68, 210, 278
1120974.3.peg.2944.site.21, 0, 215, 215
1120974.3.peg.2944.site.22, 120, 215, 335
1120974.3.peg.2944.site.23, 188, 212, 400
1120974.3.peg.2944.site.24, 189, 212, 401
1120974.3.peg.2944.site.25, 9, 214, 223
1120974.3.peg.2944.site.26, 21, 210, 231
1120974.3.peg.2945.site.1, 100, 195, 295
1120974.3.peg.2945.site.2, 168, 188, 356
1120974.3.peg.2945.site.3, 0, 201, 201
1120974.3.peg.2945.site.4, 69, 198, 267
1120974.3.peg.2945.site.5, 104, 186, 290
1120974.3.peg.2945.site.6, 2, 201, 203
1120974.3.peg.2945.site.7, 188, 195, 383
1120974.3.peg.2945.site.8, 5, 186, 191
1120974.3.peg.2945.site.9, 157, 175, 332
1120974.3.peg.2945.site.10, 152, 172, 324
1120974.3.peg.2945.site.11, 179, 179, 358
1120974.3.peg.2945.site.12, 25, 188, 213
1120974.3.peg.2945.site.13, 148, 168, 316
1120974.3.peg.2945.site.14, 106, 128, 234
1120974.3.peg.2945.site.15, 96, 117, 213
1120974.3.peg.2945.site.16, 188, 212, 400
1120974.3.peg.2945.site.17, 193, 213, 406
1120974.3.peg.2945.site.18, 69, 211, 280
1120974.3.peg.2945.site.19, 186, 206, 392
1120974.3.peg.2945.site.20, 68, 208, 276
1120974.3.peg.2945.site.21, 0, 213, 213
1120974.3.peg.2945.site.22, 194, 208, 402
1120974.3.peg.1408.site.1, 17, 211, 228
1120974.3.peg.1408.site.2, 27, 196, 223
1120974.3.peg.1408.site.3, 201, 202, 403
1120974.3.peg.1408.site.4, 4, 205, 209
1120974.3.peg.1408.site.5, 2, 199, 201
1120974.3.peg.1408.site.6, 173, 179, 352
1120974.3.peg.1408.site.7, 1, 175, 176
1120974.3.peg.1408.site.8, 1, 180, 181
1120974.3.peg.1408.site.9, 1, 177, 178
1120974.3.peg.1408.site.10, 3, 179, 182
1120974.3.peg.1408.site.11, 163, 169, 332
1120974.3.peg.1408.site.12, 0, 209, 209
1120974.3.peg.1408.site.13, 0, 203, 203
1120974.3.peg.1408.site.14, 164, 206, 370
1120974.3.peg.1408.site.15, 155, 195, 350
1120974.3.peg.1408.site.16, 19, 193, 212
1120974.3.peg.1408.site.17, 8, 190, 198
1120974.3.peg.1408.site.18, 13, 160, 173
1120974.3.peg.1408.site.19, 67, 69, 136
1120974.3.peg.1408.site.20, 1, 85, 86
1120974.3.peg.1408.site.21, 43, 61, 104
1120974.3.peg.1408.site.22, 83, 83, 166
1120974.3.peg.1408.site.23, 66, 88, 154
1120974.3.peg.1408.site.24, 25, 199, 224
1120974.3.peg.1408.site.25, 177, 210, 387
1120974.3.peg.1338.site.1, 121, 199, 320
1120974.3.peg.1338.site.2, 4, 199, 203
1120974.3.peg.1338.site.3, 9, 206, 215
1120974.3.peg.1338.site.4, 0, 206, 206
1120974.3.peg.1338.site.5, 0, 216, 216
1120974.3.peg.1338.site.6, 10, 215, 225
1120974.3.peg.1338.site.7, 44, 205, 249
1120974.3.peg.1338.site.8, 3, 214, 217
1120974.3.peg.1338.site.9, 3, 214, 217
1120974.3.peg.1338.site.10, 0, 215, 215
1120974.3.peg.1338.site.11, 0, 216, 216
1120974.3.peg.1338.site.12, 200, 215, 415
1120974.3.peg.1338.site.13, 1, 213, 214
1120974.3.peg.1338.site.14, 1, 214, 215
1120974.3.peg.1338.site.15, 131, 208, 339
1120974.3.peg.1338.site.16, 2, 215, 217
1120974.3.peg.1338.site.17, 143, 210, 353
1120974.3.peg.1338.site.18, 144, 211, 355
1120974.3.peg.1338.site.19, 0, 215, 215
1120974.3.peg.1338.site.20, 0, 215, 215
1120974.3.peg.1339.site.1, 67, 67, 134
1120974.3.peg.1339.site.2, 13, 60, 73
1120974.3.peg.1339.site.3, 37, 84, 121
1120974.3.peg.1339.site.4, 2, 161, 163
1120974.3.peg.1339.site.5, 1, 52, 53
1120974.3.peg.1339.site.6, 2, 53, 55
1120974.3.peg.1339.site.7, 3, 52, 55
1120974.3.peg.1339.site.8, 4, 54, 58
1120974.3.peg.1339.site.9, 17, 69, 86
1120974.3.peg.1339.site.10, 42, 94, 136
1120974.3.peg.1339.site.11, 189, 211, 400
1120974.3.peg.1339.site.12, 154, 211, 365
1120974.3.peg.1339.site.13, 0, 216, 216
1120974.3.peg.1339.site.14, 121, 178, 299
1120974.3.peg.1339.site.15, 11, 107, 118
1120974.3.peg.1339.site.16, 1, 211, 212
1120974.3.peg.1339.site.17, 2, 214, 216
1120974.3.peg.1339.site.18, 3, 215, 218
1120974.3.peg.1339.site.19, 0, 208, 208
1120974.3.peg.1339.site.20, 0, 191, 191
1120974.3.peg.561.site.1, 2, 214, 216
1120974.3.peg.561.site.2, 6, 216, 222
1120974.3.peg.561.site.3, 31, 213, 244
1120974.3.peg.561.site.4, 2, 216, 218
1120974.3.peg.561.site.5, 2, 216, 218
1120974.3.peg.561.site.6, 2, 216, 218
1120974.3.peg.561.site.7, 149, 211, 360
1120974.3.peg.561.site.8, 4, 213, 217
1120974.3.peg.561.site.9, 38, 209, 247
1120974.3.peg.1157.site.1, 0, 213, 213
1120974.3.peg.1157.site.2, 0, 214, 214
1120974.3.peg.1157.site.3, 0, 216, 216
1120974.3.peg.1157.site.4, 0, 215, 215
1120974.3.peg.1157.site.5, 0, 214, 214
1120974.3.peg.1157.site.6, 0, 214, 214
1120974.3.peg.1157.site.7, 0, 212, 212
1120974.3.peg.1333.site.1, 0, 204, 204
1120974.3.peg.1333.site.2, 2, 203, 205
1120974.3.peg.1333.site.3, 2, 207, 209
1120974.3.peg.1333.site.4, 39, 206, 245
1120974.3.peg.1333.site.5, 3, 206, 209
1120974.3.peg.1333.site.6, 40, 204, 244
1120974.3.peg.1333.site.7, 0, 206, 206
1120974.3.peg.1333.site.8, 4, 205, 209
1120974.3.peg.1333.site.9, 36, 203, 239
1120974.3.peg.1333.site.10, 0, 206, 206
1120974.3.peg.1333.site.11, 36, 204, 240
1120974.3.peg.1333.site.12, 0, 205, 205
1120974.3.peg.1333.site.13, 2, 206, 208
1120974.3.peg.1333.site.14, 36, 206, 242
1120974.3.peg.1333.site.15, 32, 206, 238
1120974.3.peg.1333.site.16, 26, 204, 230
1120974.3.peg.1333.site.17, 28, 203, 231
1120974.3.peg.1334.site.1, 4, 207, 211
1120974.3.peg.1334.site.2, 0, 205, 205
1120974.3.peg.1334.site.3, 64, 199, 263
1120974.3.peg.1334.site.4, 1, 204, 205
1120974.3.peg.1334.site.5, 79, 195, 274
1120974.3.peg.1334.site.6, 176, 176, 352
1120974.3.peg.1334.site.7, 85, 199, 284
1120974.3.peg.1334.site.8, 2, 205, 207
1120974.3.peg.1334.site.9, 3, 205, 208
1120974.3.peg.1334.site.10, 8, 206, 214
1120974.3.peg.1334.site.11, 3, 206, 209
1120974.3.peg.1334.site.12, 143, 195, 338
1120974.3.peg.1334.site.13, 46, 159, 205
1120974.3.peg.1334.site.14, 39, 168, 207
1120974.3.peg.1334.site.15, 164, 164, 328
1120974.3.peg.1334.site.16, 77, 131, 208
1120974.3.peg.1334.site.17, 148, 202, 350
1120974.3.peg.1334.site.18, 145, 199, 344
1120974.3.peg.1334.site.19, 151, 205, 356
1120974.3.peg.1334.site.20, 6, 205, 211
1120974.3.peg.1334.site.21, 0, 206, 206
1120974.3.peg.1334.site.22, 0, 206, 206
1120974.3.peg.1334.site.23, 150, 203, 353
1120974.3.peg.1334.site.24, 65, 203, 268
1120974.3.peg.1334.site.25, 151, 202, 353
1120974.3.peg.1334.site.26, 0, 210, 210
1120974.3.peg.1334.site.27, 4, 216, 220
1120974.3.peg.1334.site.28, 58, 205, 263
1120974.3.peg.1334.site.29, 45, 192, 237
1120974.3.peg.1335.site.1, 15, 79, 94
1120974.3.peg.1335.site.2, 49, 203, 252
1120974.3.peg.1335.site.3, 96, 144, 240
1120974.3.peg.1335.site.4, 39, 97, 136
1120974.3.peg.1335.site.5, 49, 102, 151
1120974.3.peg.1335.site.6, 36, 114, 150
1120974.3.peg.1335.site.7, 125, 193, 318
1120974.3.peg.1335.site.8, 130, 198, 328
1120974.3.peg.1335.site.9, 59, 211, 270
1120974.3.peg.1335.site.10, 1, 213, 214
1120974.3.peg.1335.site.11, 62, 209, 271
1120974.3.peg.1335.site.12, 213, 214, 427
1120974.3.peg.1335.site.13, 0, 210, 210
1120974.3.peg.1335.site.14, 1, 205, 206
1120974.3.peg.1335.site.15, 23, 93, 116
1120974.3.peg.1335.site.16, 18, 89, 107
1120974.3.peg.1335.site.17, 15, 86, 101
1120974.3.peg.1335.site.18, 17, 87, 104
1120974.3.peg.1335.site.19, 151, 152, 303
1120974.3.peg.1335.site.20, 121, 194, 315
1120974.3.peg.1335.site.21, 56, 214, 270
1120974.3.peg.1335.site.22, 52, 212, 264
1120974.3.peg.1335.site.23, 74, 195, 269
1120974.3.peg.1335.site.24, 136, 206, 342
1120974.3.peg.1335.site.25, 2, 212, 214
1120974.3.peg.1335.site.26, 140, 213, 353
1120974.3.peg.1335.site.27, 74, 209, 283
1120974.3.peg.1335.site.28, 80, 215, 295
1120974.3.peg.1335.site.29, 5, 216, 221
1120974.3.peg.1335.site.30, 0, 215, 215
1120974.3.peg.1335.site.31, 81, 216, 297
1120974.3.peg.1335.site.32, 140, 213, 353
1120974.3.peg.1335.site.33, 0, 216, 216
1120974.3.peg.1335.site.34, 83, 215, 298
1120974.3.peg.1335.site.35, 82, 214, 296
1120974.3.peg.1336.site.1, 127, 201, 328
1120974.3.peg.1336.site.2, 0, 204, 204
1120974.3.peg.1336.site.3, 156, 163, 319
1120974.3.peg.1336.site.4, 0, 188, 188
1120974.3.peg.1336.site.5, 7, 212, 219
1120974.3.peg.1336.site.6, 213, 213, 426
1120974.3.peg.1336.site.7, 4, 216, 220
1120974.3.peg.1336.site.8, 81, 207, 288
1120974.3.peg.1336.site.9, 132, 203, 335
1120974.3.peg.1336.site.10, 128, 200, 328
1120974.3.peg.1336.site.11, 136, 208, 344
1120974.3.peg.1336.site.12, 5, 210, 215
1120974.3.peg.1336.site.13, 136, 209, 345
1120974.3.peg.1336.site.14, 134, 206, 340
1120974.3.peg.1336.site.15, 136, 209, 345
1120974.3.peg.1336.site.16, 58, 159, 217
1120974.3.peg.1336.site.17, 7, 81, 88
1120974.3.peg.1336.site.18, 2, 77, 79
1120974.3.peg.1336.site.19, 2, 76, 78
1120974.3.peg.1336.site.20, 5, 79, 84
1120974.3.peg.1336.site.21, 9, 185, 194
1120974.3.peg.1336.site.22, 115, 187, 302
1120974.3.peg.1336.site.23, 68, 143, 211
1120974.3.peg.1336.site.24, 49, 121, 170
1120974.3.peg.1336.site.25, 63, 75, 138
1120974.3.peg.1336.site.26, 4, 49, 53
1120974.3.peg.1337.site.1, 2, 214, 216
1120974.3.peg.1337.site.2, 49, 211, 260
1120974.3.peg.1337.site.3, 7, 213, 220
1120974.3.peg.1337.site.4, 2, 215, 217
1120974.3.peg.1337.site.5, 51, 208, 259
1120974.3.peg.1337.site.6, 51, 212, 263
1120974.3.peg.1337.site.7, 136, 212, 348
1120974.3.peg.1337.site.8, 0, 212, 212
1120974.3.peg.1337.site.9, 49, 211, 260
1120974.3.peg.1337.site.10, 6, 151, 157
1120974.3.peg.1337.site.11, 0, 154, 154
1120974.3.peg.1337.site.12, 68, 146, 214
1120974.3.peg.1337.site.13, 58, 163, 221
1120974.3.peg.1337.site.14, 83, 166, 249
1120974.3.peg.1337.site.15, 4, 172, 176
1120974.3.peg.1337.site.16, 0, 182, 182
1120974.3.peg.1337.site.17, 83, 185, 268
1120974.3.peg.1337.site.18, 0, 215, 215
1120974.3.peg.1337.site.19, 15, 214, 229
1120974.3.peg.1337.site.20, 14, 215, 229
1120974.3.peg.1337.site.21, 74, 213, 287
1120974.3.peg.1337.site.22, 117, 208, 325
1120974.3.peg.1337.site.23, 199, 209, 408
1120974.3.peg.1337.site.24, 10, 210, 220
1120974.3.peg.1337.site.25, 16, 215, 231
1120974.3.peg.1337.site.26, 16, 215, 231
1120974.3.peg.1337.site.27, 1, 216, 217
1120974.3.peg.1337.site.28, 122, 211, 333
1120974.3.peg.1337.site.29, 15, 213, 228
1120974.3.peg.1337.site.30, 1, 210, 211
1120974.3.peg.1337.site.31, 0, 187, 187
1120974.3.peg.1337.site.32, 7, 207, 214
1120974.3.peg.1337.site.33, 0, 210, 210
1120974.3.peg.1337.site.34, 80, 203, 283
1120974.3.peg.1337.site.35, 122, 210, 332
1120974.3.peg.1680.site.1, 0, 215, 215
1120974.3.peg.1680.site.2, 197, 216, 413
1120974.3.peg.1680.site.3, 0, 214, 214
1120974.3.peg.1680.site.4, 0, 215, 215
1120974.3.peg.1680.site.5, 4, 216, 220
1120974.3.peg.1681.site.1, 0, 216, 216
1120974.3.peg.1681.site.2, 0, 215, 215
1120974.3.peg.1681.site.3, 57, 210, 267
1120974.3.peg.1681.site.4, 0, 215, 215
1120974.3.peg.1681.site.5, 59, 210, 269
1120974.3.peg.1681.site.6, 0, 216, 216
1120974.3.peg.1681.site.7, 13, 216, 229
1120974.3.peg.1681.site.8, 206, 213, 419
1120974.3.peg.1681.site.9, 84, 176, 260
1120974.3.peg.1681.site.10, 123, 208, 331
1120974.3.peg.1681.site.11, 118, 208, 326
1120974.3.peg.1681.site.12, 7, 38, 45
1120974.3.peg.1681.site.13, 50, 75, 125
1120974.3.peg.1681.site.14, 30, 61, 91
1120974.3.peg.1681.site.15, 39, 72, 111
1120974.3.peg.1681.site.16, 75, 110, 185
1120974.3.peg.1681.site.17, 3, 183, 186
1120974.3.peg.1681.site.18, 22, 53, 75
1120974.3.peg.1681.site.19, 13, 53, 66
1120974.3.peg.1681.site.20, 5, 59, 64
1120974.3.peg.1681.site.21, 20, 54, 74
1120974.3.peg.1681.site.22, 29, 63, 92
1120974.3.peg.1681.site.23, 32, 66, 98
1120974.3.peg.1681.site.24, 55, 83, 138
1120974.3.peg.1681.site.25, 4, 96, 100
1120974.3.peg.1681.site.26, 188, 212, 400
1120974.3.peg.1681.site.27, 151, 184, 335
1120974.3.peg.1681.site.28, 8, 119, 127
1120974.3.peg.1681.site.29, 0, 102, 102
1120974.3.peg.1681.site.30, 169, 202, 371
1120974.3.peg.1681.site.31, 0, 214, 214
1120974.3.peg.1681.site.32, 4, 216, 220
1120974.3.peg.1681.site.33, 176, 213, 389
1120974.3.peg.1681.site.34, 4, 216, 220
1120974.3.peg.1681.site.35, 4, 216, 220
1120974.3.peg.1681.site.36, 216, 216, 432
1120974.3.peg.1681.site.37, 4, 215, 219
1120974.3.peg.1681.site.38, 171, 205, 376
1120974.3.peg.1681.site.39, 169, 203, 372
1120974.3.peg.1681.site.40, 170, 205, 375
1120974.3.peg.1681.site.41, 179, 212, 391
1120974.3.peg.1934.site.1, 0, 214, 214
1120974.3.peg.1934.site.2, 9, 214, 223
1120974.3.peg.1934.site.3, 0, 216, 216
1120974.3.peg.1934.site.4, 0, 216, 216
1120974.3.peg.1934.site.5, 0, 214, 214
1120974.3.peg.1934.site.6, 10, 213, 223
1120974.3.peg.1934.site.7, 7, 211, 218
1120974.3.peg.1934.site.8, 0, 203, 203
1120974.3.peg.1934.site.9, 0, 214, 214
1120974.3.peg.1934.site.10, 0, 215, 215
1120974.3.peg.1934.site.11, 0, 215, 215
1120974.3.peg.1934.site.12, 1, 216, 217
1120974.3.peg.1934.site.13, 0, 215, 215
1120974.3.peg.1934.site.14, 2, 214, 216
1120974.3.peg.1934.site.15, 0, 214, 214
1120974.3.peg.1934.site.16, 1, 214, 215
1120974.3.peg.1934.site.17, 0, 213, 213
1120974.3.peg.1934.site.18, 3, 216, 219
1120974.3.peg.1934.site.19, 0, 215, 215
1120974.3.peg.1934.site.20, 9, 213, 222
1120974.3.peg.1934.site.21, 1, 213, 214
1120974.3.peg.1934.site.22, 6, 214, 220
1120974.3.peg.1934.site.23, 4, 214, 218
1120974.3.peg.1934.site.24, 0, 215, 215
1120974.3.peg.1934.site.25, 0, 215, 215
1120974.3.peg.1934.site.26, 2, 216, 218
1120974.3.peg.1934.site.27, 3, 213, 216
1120974.3.peg.1934.site.28, 0, 213, 213
1120974.3.peg.1934.site.29, 0, 215, 215
1120974.3.peg.1934.site.30, 0, 213, 213
1120974.3.peg.1934.site.31, 0, 215, 215
1120974.3.peg.1934.site.32, 13, 216, 229
1120974.3.peg.1935.site.1, 3, 204, 207
1120974.3.peg.1935.site.2, 51, 160, 211
1120974.3.peg.1935.site.3, 79, 140, 219
1120974.3.peg.1935.site.4, 133, 182, 315
1120974.3.peg.1935.site.5, 0, 211, 211
1120974.3.peg.1935.site.6, 2, 210, 212
1120974.3.peg.1935.site.7, 0, 212, 212
1120974.3.peg.1935.site.8, 41, 212, 253
1120974.3.peg.1935.site.9, 33, 203, 236
1120974.3.peg.1935.site.10, 1, 210, 211
1120974.3.peg.1935.site.11, 1, 210, 211
1120974.3.peg.1935.site.12, 0, 214, 214
1120974.3.peg.1935.site.13, 75, 211, 286
1120974.3.peg.1935.site.14, 1, 208, 209
1120974.3.peg.1935.site.15, 119, 208, 327
1120974.3.peg.1935.site.16, 9, 212, 221
1120974.3.peg.1935.site.17, 9, 210, 219
1120974.3.peg.1935.site.18, 157, 207, 364
1120974.3.peg.1935.site.19, 2, 212, 214
1120974.3.peg.1935.site.20, 151, 209, 360
1120974.3.peg.1935.site.21, 165, 213, 378
1120974.3.peg.1935.site.22, 2, 214, 216
1120974.3.peg.1935.site.23, 2, 214, 216
1120974.3.peg.1935.site.24, 8, 215, 223
1120974.3.peg.1935.site.25, 90, 213, 303
1120974.3.peg.1935.site.26, 123, 212, 335
1120974.3.peg.1935.site.27, 43, 215, 258
1120974.3.peg.1935.site.28, 2, 212, 214
1120974.3.peg.1935.site.29, 156, 210, 366
1120974.3.peg.1935.site.30, 60, 210, 270
1120974.3.peg.1935.site.31, 41, 212, 253
1120974.3.peg.1932.site.1, 210, 215, 425
1120974.3.peg.1932.site.2, 1, 215, 216
1120974.3.peg.1932.site.3, 47, 215, 262
1120974.3.peg.1932.site.4, 0, 213, 213
1120974.3.peg.1932.site.5, 0, 211, 211
1120974.3.peg.1932.site.6, 0, 213, 213
1120974.3.peg.1932.site.7, 50, 212, 262
1120974.3.peg.1932.site.8, 36, 212, 248
1120974.3.peg.1932.site.9, 8, 214, 222
1120974.3.peg.1932.site.10, 17, 163, 180
1120974.3.peg.1932.site.11, 1, 178, 179
1120974.3.peg.1932.site.12, 0, 194, 194
1120974.3.peg.1932.site.13, 1, 208, 209
1120974.3.peg.1932.site.14, 70, 204, 274
1120974.3.peg.1932.site.15, 1, 215, 216
1120974.3.peg.1932.site.16, 1, 216, 217
1120974.3.peg.1932.site.17, 0, 214, 214
1120974.3.peg.1932.site.18, 0, 214, 214
1120974.3.peg.1933.site.1, 0, 214, 214
1120974.3.peg.1933.site.2, 1, 212, 213
1120974.3.peg.1933.site.3, 33, 208, 241
1120974.3.peg.1933.site.4, 0, 213, 213
1120974.3.peg.1933.site.5, 28, 212, 240
1120974.3.peg.1933.site.6, 0, 211, 211
1120974.3.peg.1933.site.7, 3, 211, 214
1120974.3.peg.1933.site.8, 1, 213, 214
1120974.3.peg.1933.site.9, 1, 214, 215
1120974.3.peg.1933.site.10, 0, 214, 214
1120974.3.peg.1933.site.11, 0, 215, 215
1120974.3.peg.1933.site.12, 0, 213, 213
1120974.3.peg.1933.site.13, 0, 215, 215
1120974.3.peg.1933.site.14, 5, 215, 220
1120974.3.peg.1933.site.15, 0, 214, 214
1120974.3.peg.1933.site.16, 77, 209, 286
1120974.3.peg.1933.site.17, 1, 209, 210
1120974.3.peg.1933.site.18, 2, 210, 212
1120974.3.peg.1933.site.19, 72, 200, 272
1120974.3.peg.1933.site.20, 71, 199, 270
1120974.3.peg.1933.site.21, 26, 209, 235
1120974.3.peg.1933.site.22, 111, 211, 322
1120974.3.peg.1933.site.23, 214, 215, 429
1120974.3.peg.1933.site.24, 0, 215, 215
1120974.3.peg.1933.site.25, 4, 206, 210
1120974.3.peg.1933.site.26, 1, 215, 216
1120974.3.peg.1933.site.27, 0, 215, 215
1120974.3.peg.1933.site.28, 0, 215, 215
1120974.3.peg.1933.site.29, 116, 212, 328
1120974.3.peg.1933.site.30, 115, 211, 326
1120974.3.peg.1930.site.1, 115, 212, 327
1120974.3.peg.1930.site.2, 18, 215, 233
1120974.3.peg.1930.site.3, 4, 214, 218
1120974.3.peg.1930.site.4, 115, 211, 326
1120974.3.peg.1930.site.5, 108, 205, 313
1120974.3.peg.1930.site.6, 0, 214, 214
1120974.3.peg.1930.site.7, 82, 205, 287
1120974.3.peg.1930.site.8, 9, 214, 223
1120974.3.peg.1687.site.1, 5, 216, 221
1120974.3.peg.1687.site.2, 5, 216, 221
1120974.3.peg.1687.site.3, 174, 213, 387
1120974.3.peg.1687.site.4, 169, 212, 381
1120974.3.peg.1687.site.5, 170, 213, 383
1120974.3.peg.1687.site.6, 4, 216, 220
1120974.3.peg.1687.site.7, 170, 212, 382
1120974.3.peg.1687.site.8, 169, 212, 381
1120974.3.peg.1687.site.9, 166, 209, 375
1120974.3.peg.1687.site.10, 171, 210, 381
1120974.3.peg.1687.site.11, 0, 215, 215
1120974.3.peg.1687.site.12, 174, 212, 386
1120974.3.peg.1687.site.13, 1, 212, 213
1120974.3.peg.1687.site.14, 173, 212, 385
1120974.3.peg.1687.site.15, 175, 213, 388
1120974.3.peg.1687.site.16, 172, 211, 383
1120974.3.peg.1687.site.17, 167, 206, 373
1120974.3.peg.1687.site.18, 13, 207, 220
1120974.3.peg.1687.site.19, 2, 209, 211
1120974.3.peg.1687.site.20, 13, 215, 228
1120974.3.peg.1687.site.21, 0, 216, 216
1120974.3.peg.1687.site.22, 5, 216, 221
1120974.3.peg.1687.site.23, 0, 214, 214
1120974.3.peg.1687.site.24, 17, 214, 231
1120974.3.peg.1687.site.25, 173, 212, 385
1120974.3.peg.1687.site.26, 175, 214, 389
1120974.3.peg.1687.site.27, 174, 214, 388
1120974.3.peg.1687.site.28, 144, 185, 329
1120974.3.peg.1687.site.29, 146, 187, 333
1120974.3.peg.1688.site.1, 174, 208, 382
1120974.3.peg.1688.site.2, 4, 215, 219
1120974.3.peg.1688.site.3, 7, 214, 221
1120974.3.peg.1688.site.4, 11, 214, 225
1120974.3.peg.1688.site.5, 7, 215, 222
1120974.3.peg.1688.site.6, 7, 215, 222
1120974.3.peg.1688.site.7, 7, 215, 222
1120974.3.peg.1688.site.8, 0, 214, 214
1120974.3.peg.1688.site.9, 4, 214, 218
1120974.3.peg.1688.site.10, 172, 210, 382
1120974.3.peg.1688.site.11, 5, 209, 214
1120974.3.peg.1688.site.12, 12, 210, 222
1120974.3.peg.1688.site.13, 0, 211, 211
1120974.3.peg.1688.site.14, 9, 205, 214
1120974.3.peg.1688.site.15, 4, 172, 176
1120974.3.peg.1688.site.16, 124, 154, 278
1120974.3.peg.1688.site.17, 95, 130, 225
1120974.3.peg.1688.site.18, 51, 81, 132
1120974.3.peg.1688.site.19, 39, 69, 108
1120974.3.peg.1688.site.20, 82, 117, 199
1120974.3.peg.1689.site.1, 13, 27, 40
1120974.3.peg.1689.site.2, 15, 32, 47
1120974.3.peg.1689.site.3, 51, 51, 102
1120974.3.peg.1689.site.4, 1, 100, 101
1120974.3.peg.1689.site.5, 4, 182, 186
1120974.3.peg.1689.site.6, 0, 187, 187
1120974.3.peg.1689.site.7, 0, 186, 186
1120974.3.peg.1689.site.8, 5, 179, 184
1120974.3.peg.1689.site.9, 164, 164, 328
1120974.3.peg.1689.site.10, 166, 166, 332
1120974.3.peg.1689.site.11, 140, 140, 280
1120974.3.peg.1689.site.12, 141, 141, 282
1120974.3.peg.1689.site.13, 62, 91, 153
1120974.3.peg.1689.site.14, 74, 103, 177
1120974.3.peg.1689.site.15, 9, 102, 111
1120974.3.peg.1689.site.16, 11, 30, 41
1120974.3.peg.1689.site.17, 189, 207, 396
1120974.3.peg.1689.site.18, 178, 202, 380
1120974.3.peg.1689.site.19, 5, 215, 220
1120974.3.peg.1689.site.20, 5, 214, 219
1120974.3.peg.1689.site.21, 0, 193, 193
1120974.3.peg.1689.site.22, 7, 209, 216
1120974.3.peg.1689.site.23, 4, 212, 216
1120974.3.peg.1689.site.24, 0, 215, 215
1120974.3.peg.1689.site.25, 213, 213, 426
1120974.3.peg.1689.site.26, 210, 210, 420
1120974.3.peg.1689.site.27, 175, 213, 388
1120974.3.peg.1689.site.28, 5, 214, 219
1120974.3.peg.1689.site.29, 1, 215, 216
1120974.3.peg.1689.site.30, 4, 214, 218
1120974.3.peg.1689.site.31, 216, 216, 432
1120974.3.peg.1879.site.1, 4, 214, 218
1120974.3.peg.1879.site.2, 21, 193, 214
1120974.3.peg.1879.site.3, 1, 205, 206
1120974.3.peg.1879.site.4, 172, 201, 373
1120974.3.peg.1879.site.5, 171, 199, 370
1120974.3.peg.1879.site.6, 1, 215, 216
1120974.3.peg.1879.site.7, 0, 215, 215
1120974.3.peg.1879.site.8, 20, 207, 227
1120974.3.peg.1879.site.9, 0, 211, 211
1120974.3.peg.1879.site.10, 4, 211, 215
1120974.3.peg.1879.site.11, 0, 185, 185
1120974.3.peg.1879.site.12, 6, 208, 214
1120974.3.peg.1879.site.13, 21, 203, 224
1120974.3.peg.1879.site.14, 21, 208, 229
1120974.3.peg.1879.site.15, 3, 207, 210
1120974.3.peg.1879.site.16, 171, 203, 374
1120974.3.peg.1879.site.17, 169, 198, 367
1120974.3.peg.1879.site.18, 4, 198, 202
1120974.3.peg.1879.site.19, 3, 216, 219
1120974.3.peg.1879.site.20, 2, 216, 218
1120974.3.peg.1879.site.21, 3, 216, 219
1120974.3.peg.1879.site.22, 22, 216, 238
1120974.3.peg.1879.site.23, 4, 216, 220
1120974.3.peg.1879.site.24, 208, 213, 421
1120974.3.peg.1879.site.25, 64, 201, 265
1120974.3.peg.1879.site.26, 102, 190, 292
1120974.3.peg.1879.site.27, 180, 212, 392
1120974.3.peg.1879.site.28, 3, 213, 216
1120974.3.peg.1879.site.29, 3, 214, 217
1120974.3.peg.1879.site.30, 2, 216, 218
1120974.3.peg.1879.site.31, 93, 211, 304
1120974.3.peg.1879.site.32, 4, 216, 220
1120974.3.peg.1879.site.33, 77, 209, 286
1120974.3.peg.1879.site.34, 210, 211, 421
1120974.3.peg.1938.site.1, 114, 204, 318
1120974.3.peg.1938.site.2, 108, 211, 319
1120974.3.peg.1938.site.3, 4, 213, 217
1120974.3.peg.1938.site.4, 4, 213, 217
1120974.3.peg.1938.site.5, 172, 213, 385
1120974.3.peg.1938.site.6, 166, 208, 374
1120974.3.peg.1938.site.7, 167, 208, 375
1120974.3.peg.1938.site.8, 1, 213, 214
1120974.3.peg.1938.site.9, 41, 211, 252
1120974.3.peg.1938.site.10, 3, 203, 206
1120974.3.peg.1938.site.11, 2, 209, 211
1120974.3.peg.1938.site.12, 12, 211, 223
1120974.3.peg.1938.site.13, 210, 213, 423
1120974.3.peg.1938.site.14, 25, 210, 235
1120974.3.peg.1938.site.15, 164, 209, 373
1120974.3.peg.1938.site.16, 7, 212, 219
1120974.3.peg.1939.site.1, 1, 212, 213
1120974.3.peg.1939.site.2, 157, 209, 366
1120974.3.peg.1939.site.3, 1, 210, 211
1120974.3.peg.1939.site.4, 4, 209, 213
1120974.3.peg.1939.site.5, 3, 212, 215
1120974.3.peg.1939.site.6, 211, 214, 425
1120974.3.peg.1939.site.7, 159, 209, 368
1120974.3.peg.1939.site.8, 165, 213, 378
1120974.3.peg.1939.site.9, 16, 216, 232
1120974.3.peg.1939.site.10, 212, 215, 427
1120974.3.peg.1939.site.11, 1, 214, 215
1120974.3.peg.1939.site.12, 85, 212, 297
1120974.3.peg.1939.site.13, 105, 206, 311
1120974.3.peg.1939.site.14, 78, 210, 288
1120974.3.peg.1939.site.15, 76, 209, 285
1120974.3.peg.1939.site.16, 20, 213, 233
1120974.3.peg.1939.site.17, 26, 213, 239
1120974.3.peg.1939.site.18, 0, 215, 215
1120974.3.peg.1939.site.19, 2, 210, 212
1120974.3.peg.1939.site.20, 15, 211, 226
1120974.3.peg.1939.site.21, 66, 213, 279
1120974.3.peg.1939.site.22, 4, 216, 220
1120974.3.peg.1939.site.23, 84, 213, 297
1120974.3.peg.1939.site.24, 0, 216, 216
1120974.3.peg.1939.site.25, 62, 212, 274
1120974.3.peg.1939.site.26, 14, 215, 229
1120974.3.peg.1939.site.27, 5, 213, 218
1120974.3.peg.1939.site.28, 48, 186, 234
1120974.3.peg.1939.site.29, 180, 187, 367
1120974.3.peg.1939.site.30, 2, 200, 202
1120974.3.peg.1939.site.31, 1, 206, 207
1120974.3.peg.1939.site.32, 142, 205, 347
1120974.3.peg.1939.site.33, 89, 205, 294
1120974.3.peg.1939.site.34, 0, 216, 216
1120974.3.peg.1939.site.35, 207, 215, 422
1120974.3.peg.1939.site.36, 85, 211, 296
1120974.3.peg.1939.site.37, 0, 214, 214
1120974.3.peg.1939.site.38, 148, 209, 357
1120974.3.peg.1939.site.39, 2, 215, 217
1120974.3.peg.1939.site.40, 0, 187, 187
1120974.3.peg.1016.site.1, 191, 214, 405
1120974.3.peg.1016.site.2, 0, 216, 216
1120974.3.peg.1016.site.3, 8, 216, 224
1120974.3.peg.1016.site.4, 31, 210, 241
1120974.3.peg.1016.site.5, 29, 211, 240
1120974.3.peg.1016.site.6, 207, 214, 421
1120974.3.peg.1016.site.7, 153, 211, 364
1120974.3.peg.1016.site.8, 154, 214, 368
1120974.3.peg.1016.site.9, 0, 215, 215
1120974.3.peg.1016.site.10, 57, 82, 139
1120974.3.peg.1016.site.11, 1, 25, 26
1120974.3.peg.1016.site.12, 1, 25, 26
1120974.3.peg.1016.site.13, 81, 103, 184
1120974.3.peg.1016.site.14, 5, 187, 192
1120974.3.peg.1016.site.15, 188, 211, 399
1120974.3.peg.1208.site.1, 174, 204, 378
1120974.3.peg.1208.site.2, 2, 215, 217
1120974.3.peg.1208.site.3, 188, 215, 403
1120974.3.peg.1208.site.4, 187, 214, 401
1120974.3.peg.1208.site.5, 148, 205, 353
1120974.3.peg.1208.site.6, 31, 207, 238
1120974.3.peg.1208.site.7, 29, 213, 242
1120974.3.peg.1208.site.8, 186, 213, 399
1120974.3.peg.1208.site.9, 1, 215, 216
1120974.3.peg.1208.site.10, 186, 213, 399
1120974.3.peg.1208.site.11, 2, 216, 218
1120974.3.peg.1208.site.12, 187, 214, 401
1120974.3.peg.1208.site.13, 32, 212, 244
1120974.3.peg.1208.site.14, 4, 215, 219
1120974.3.peg.1208.site.15, 0, 214, 214
1120974.3.peg.1208.site.16, 156, 212, 368
1120974.3.peg.1208.site.17, 0, 215, 215
1120974.3.peg.1208.site.18, 27, 214, 241
1120974.3.peg.1208.site.19, 27, 215, 242
1120974.3.peg.1208.site.20, 0, 215, 215
1120974.3.peg.1208.site.21, 26, 213, 239
1120974.3.peg.1208.site.22, 186, 213, 399
1120974.3.peg.1208.site.23, 7, 214, 221
1120974.3.peg.1208.site.24, 184, 211, 395
1120974.3.peg.1208.site.25, 145, 199, 344
1120974.3.peg.1208.site.26, 154, 208, 362
1120974.3.peg.1208.site.27, 156, 210, 366
1120974.3.peg.1208.site.28, 156, 210, 366
1120974.3.peg.1209.site.1, 161, 167, 328
1120974.3.peg.1209.site.2, 45, 106, 151
1120974.3.peg.1209.site.3, 17, 39, 56
1120974.3.peg.1209.site.4, 17, 37, 54
1120974.3.peg.1209.site.5, 19, 50, 69
1120974.3.peg.1209.site.6, 63, 96, 159
1120974.3.peg.1209.site.7, 2, 129, 131
1120974.3.peg.1209.site.8, 142, 168, 310
1120974.3.peg.1209.site.9, 168, 196, 364
1120974.3.peg.1209.site.10, 2, 200, 202
1120974.3.peg.1209.site.11, 131, 158, 289
1120974.3.peg.1209.site.12, 128, 207, 335
1120974.3.peg.1209.site.13, 0, 212, 212
1120974.3.peg.1209.site.14, 1, 211, 212
1120974.3.peg.1209.site.15, 126, 193, 319
1120974.3.peg.1209.site.16, 1, 205, 206
1120974.3.peg.1209.site.17, 3, 210, 213
1120974.3.peg.1209.site.18, 179, 205, 384
1120974.3.peg.1209.site.19, 184, 213, 397
1120974.3.peg.1209.site.20, 2, 213, 215
1120974.3.peg.1209.site.21, 51, 210, 261
1120974.3.peg.1209.site.22, 167, 196, 363
1120974.3.peg.1209.site.23, 159, 188, 347
1120974.3.peg.1209.site.24, 2, 80, 82
1120974.3.peg.1209.site.25, 34, 63, 97
1120974.3.peg.1209.site.26, 31, 60, 91
1120974.3.peg.1209.site.27, 47, 76, 123
1120974.3.peg.1209.site.28, 48, 110, 158
1120974.3.peg.1204.site.1, 0, 213, 213
1120974.3.peg.1204.site.2, 0, 215, 215
1120974.3.peg.1204.site.3, 177, 211, 388
1120974.3.peg.1204.site.4, 4, 215, 219
1120974.3.peg.1204.site.5, 9, 214, 223
1120974.3.peg.1204.site.6, 25, 211, 236
1120974.3.peg.1204.site.7, 2, 216, 218
1120974.3.peg.1204.site.8, 124, 204, 328
1120974.3.peg.1204.site.9, 0, 214, 214
1120974.3.peg.1204.site.10, 3, 212, 215
1120974.3.peg.1204.site.11, 123, 204, 327
1120974.3.peg.1204.site.12, 130, 205, 335
1120974.3.peg.1204.site.13, 123, 203, 326
1120974.3.peg.1204.site.14, 80, 201, 281
1120974.3.peg.1204.site.15, 79, 201, 280
1120974.3.peg.1204.site.16, 123, 210, 333
1120974.3.peg.1204.site.17, 0, 215, 215
1120974.3.peg.1204.site.18, 0, 214, 214
1120974.3.peg.1204.site.19, 2, 214, 216
1120974.3.peg.1406.site.1, 135, 154, 289
1120974.3.peg.1406.site.2, 149, 153, 302
1120974.3.peg.1406.site.3, 163, 183, 346
1120974.3.peg.1406.site.4, 168, 188, 356
1120974.3.peg.1406.site.5, 177, 195, 372
1120974.3.peg.1406.site.6, 182, 202, 384
1120974.3.peg.1406.site.7, 182, 202, 384
1120974.3.peg.1406.site.8, 192, 210, 402
1120974.3.peg.1406.site.9, 196, 214, 410
1120974.3.peg.1406.site.10, 0, 215, 215
1120974.3.peg.1406.site.11, 2, 215, 217
1120974.3.peg.1406.site.12, 195, 215, 410
1120974.3.peg.1406.site.13, 3, 215, 218
1120974.3.peg.1406.site.14, 0, 216, 216
1120974.3.peg.1406.site.15, 2, 215, 217
1120974.3.peg.1406.site.16, 55, 199, 254
1120974.3.peg.1406.site.17, 45, 192, 237
1120974.3.peg.1406.site.18, 47, 182, 229
1120974.3.peg.1406.site.19, 53, 193, 246
1120974.3.peg.1406.site.20, 67, 209, 276
1120974.3.peg.1406.site.21, 71, 212, 283
1120974.3.peg.1406.site.22, 0, 216, 216
1120974.3.peg.1406.site.23, 10, 206, 216
1120974.3.peg.1406.site.24, 40, 165, 205
1120974.3.peg.1406.site.25, 9, 158, 167
1120974.3.peg.1406.site.26, 19, 146, 165
1120974.3.peg.1406.site.27, 5, 148, 153
1120974.3.peg.1406.site.28, 0, 153, 153
1120974.3.peg.1406.site.29, 10, 157, 167
1120974.3.peg.1406.site.30, 30, 161, 191
1120974.3.peg.1406.site.31, 0, 180, 180
1120974.3.peg.1406.site.32, 135, 169, 304
1120974.3.peg.1406.site.33, 10, 46, 56
1120974.3.peg.1406.site.34, 4, 39, 43
1120974.3.peg.1406.site.35, 8, 43, 51
1120974.3.peg.1406.site.36, 30, 62, 92
1120974.3.peg.1406.site.37, 12, 152, 164
1120974.3.peg.1406.site.38, 55, 210, 265
1120974.3.peg.1406.site.39, 211, 211, 422
1120974.3.peg.1406.site.40, 178, 207, 385
1120974.3.peg.1406.site.41, 210, 211, 421
1120974.3.peg.1406.site.42, 29, 189, 218
1120974.3.peg.1406.site.43, 128, 187, 315
1120974.3.peg.1406.site.44, 3, 213, 216
1120974.3.peg.1406.site.45, 1, 216, 217
1120974.3.peg.1406.site.46, 55, 213, 268
1120974.3.peg.1406.site.47, 6, 215, 221
1120974.3.peg.1406.site.48, 4, 215, 219
1120974.3.peg.1406.site.49, 215, 215, 430
1120974.3.peg.1406.site.50, 132, 212, 344
1120974.3.peg.1406.site.51, 133, 212, 345
1120974.3.peg.1406.site.52, 10, 215, 225
1120974.3.peg.1206.site.1, 41, 214, 255
1120974.3.peg.1206.site.2, 0, 214, 214
1120974.3.peg.1206.site.3, 9, 215, 224
1120974.3.peg.1206.site.4, 2, 215, 217
1120974.3.peg.1206.site.5, 34, 213, 247
1120974.3.peg.1206.site.6, 39, 213, 252
1120974.3.peg.1206.site.7, 3, 216, 219
1120974.3.peg.1206.site.8, 2, 215, 217
1120974.3.peg.1206.site.9, 9, 215, 224
1120974.3.peg.1206.site.10, 44, 211, 255
1120974.3.peg.1206.site.11, 38, 212, 250
1120974.3.peg.1206.site.12, 0, 214, 214
1120974.3.peg.1206.site.13, 125, 207, 332
1120974.3.peg.1206.site.14, 4, 210, 214
1120974.3.peg.1206.site.15, 35, 201, 236
1120974.3.peg.1206.site.16, 21, 215, 236
1120974.3.peg.1206.site.17, 0, 215, 215
1120974.3.peg.1206.site.18, 9, 214, 223
1120974.3.peg.1206.site.19, 107, 209, 316
1120974.3.peg.1206.site.20, 213, 213, 426
1120974.3.peg.1206.site.21, 0, 213, 213
1120974.3.peg.1206.site.22, 216, 216, 432
1120974.3.peg.1206.site.23, 162, 213, 375
1120974.3.peg.1206.site.24, 0, 214, 214
1120974.3.peg.1206.site.25, 8, 215, 223
1120974.3.peg.1206.site.26, 11, 202, 213
1120974.3.peg.1206.site.27, 1, 213, 214
1120974.3.peg.1206.site.28, 152, 211, 363
1120974.3.peg.1206.site.29, 21, 211, 232
1120974.3.peg.1207.site.1, 0, 214, 214
1120974.3.peg.1207.site.2, 70, 132, 202
1120974.3.peg.1207.site.3, 71, 133, 204
1120974.3.peg.1207.site.4, 150, 210, 360
1120974.3.peg.1207.site.5, 150, 210, 360
1120974.3.peg.1207.site.6, 125, 186, 311
1120974.3.peg.1207.site.7, 68, 128, 196
1120974.3.peg.1207.site.8, 54, 114, 168
1120974.3.peg.1207.site.9, 115, 175, 290
1120974.3.peg.1207.site.10, 118, 178, 296
1120974.3.peg.1207.site.11, 132, 196, 328
1120974.3.peg.1207.site.12, 2, 192, 194
1120974.3.peg.1207.site.13, 92, 157, 249
1120974.3.peg.1207.site.14, 82, 148, 230
1120974.3.peg.1207.site.15, 89, 155, 244
1120974.3.peg.1207.site.16, 86, 147, 233
1120974.3.peg.1207.site.17, 35, 213, 248
1120974.3.peg.1207.site.18, 0, 205, 205
1120974.3.peg.1200.site.1, 196, 214, 410
1120974.3.peg.1200.site.2, 16, 213, 229
1120974.3.peg.1201.site.1, 38, 214, 252
1120974.3.peg.1201.site.2, 0, 216, 216
1120974.3.peg.1201.site.3, 158, 211, 369
1120974.3.peg.1201.site.4, 193, 213, 406
1120974.3.peg.1201.site.5, 0, 215, 215
1120974.3.peg.1201.site.6, 0, 213, 213
1120974.3.peg.1201.site.7, 134, 211, 345
1120974.3.peg.1201.site.8, 2, 216, 218
1120974.3.peg.1201.site.9, 138, 213, 351
1120974.3.peg.1201.site.10, 199, 213, 412
1120974.3.peg.1201.site.11, 2, 214, 216
1120974.3.peg.1202.site.1, 214, 216, 430
1120974.3.peg.1202.site.2, 216, 216, 432
1120974.3.peg.1202.site.3, 41, 207, 248
1120974.3.peg.1203.site.1, 31, 179, 210
1120974.3.peg.1203.site.2, 2, 213, 215
1120974.3.peg.1203.site.3, 28, 211, 239
1120974.3.peg.1203.site.4, 0, 216, 216
1120974.3.peg.1203.site.5, 28, 210, 238
1120974.3.peg.1203.site.6, 27, 209, 236
1120974.3.peg.1203.site.7, 23, 208, 231
1120974.3.peg.1203.site.8, 177, 209, 386
1120974.3.peg.1203.site.9, 0, 209, 209
1120974.3.peg.1203.site.10, 16, 210, 226
1120974.3.peg.1203.site.11, 1, 158, 159
1120974.3.peg.1203.site.12, 21, 55, 76
1120974.3.peg.1203.site.13, 149, 212, 361
1120974.3.peg.1203.site.14, 4, 214, 218
1120974.3.peg.1203.site.15, 29, 210, 239
1120974.3.peg.1203.site.16, 0, 213, 213
1120974.3.peg.1594.site.1, 10, 207, 217
1120974.3.peg.1594.site.2, 198, 212, 410
1120974.3.peg.1594.site.3, 0, 211, 211
1120974.3.peg.1594.site.4, 0, 208, 208
1120974.3.peg.1594.site.5, 6, 212, 218
1120974.3.peg.1594.site.6, 4, 209, 213
1120974.3.peg.1594.site.7, 6, 213, 219
1120974.3.peg.1594.site.8, 122, 210, 332
1120974.3.peg.1594.site.9, 1, 212, 213
1120974.3.peg.1594.site.10, 6, 207, 213
1120974.3.peg.1594.site.11, 120, 208, 328
1120974.3.peg.1594.site.12, 202, 210, 412
1120974.3.peg.1594.site.13, 9, 211, 220
1120974.3.peg.1594.site.14, 15, 215, 230
1120974.3.peg.1594.site.15, 6, 215, 221
1120974.3.peg.1594.site.16, 21, 209, 230
1120974.3.peg.1594.site.17, 0, 209, 209
1120974.3.peg.1594.site.18, 121, 209, 330
1120974.3.peg.1594.site.19, 210, 214, 424
1120974.3.peg.1594.site.20, 8, 211, 219
1120974.3.peg.1594.site.21, 6, 215, 221
1120974.3.peg.1594.site.22, 128, 211, 339
1120974.3.peg.1594.site.23, 9, 216, 225
1120974.3.peg.1594.site.24, 113, 192, 305
1120974.3.peg.1594.site.25, 6, 178, 184
1120974.3.peg.1594.site.26, 1, 158, 159
1120974.3.peg.1594.site.27, 27, 82, 109
1120974.3.peg.1594.site.28, 13, 96, 109
1120974.3.peg.1594.site.29, 131, 214, 345
1120974.3.peg.1594.site.30, 109, 191, 300
1120974.3.peg.1594.site.31, 99, 119, 218
1120974.3.peg.1595.site.1, 2, 43, 45
1120974.3.peg.1595.site.2, 6, 47, 53
1120974.3.peg.1595.site.3, 24, 50, 74
1120974.3.peg.1595.site.4, 0, 58, 58
1120974.3.peg.1595.site.5, 40, 80, 120
1120974.3.peg.1595.site.6, 13, 80, 93
1120974.3.peg.1595.site.7, 37, 77, 114
1120974.3.peg.1595.site.8, 50, 90, 140
1120974.3.peg.1595.site.9, 35, 76, 111
1120974.3.peg.1595.site.10, 10, 49, 59
1120974.3.peg.1595.site.11, 4, 42, 46
1120974.3.peg.1595.site.12, 42, 42, 84
1120974.3.peg.1595.site.13, 26, 40, 66
1120974.3.peg.1595.site.14, 4, 45, 49
1120974.3.peg.1595.site.15, 40, 81, 121
1120974.3.peg.1595.site.16, 80, 120, 200
1120974.3.peg.1595.site.17, 46, 171, 217
1120974.3.peg.1595.site.18, 26, 188, 214
1120974.3.peg.1595.site.19, 162, 203, 365
1120974.3.peg.1595.site.20, 4, 211, 215
1120974.3.peg.1595.site.21, 40, 209, 249
1120974.3.peg.1595.site.22, 10, 210, 220
1120974.3.peg.1595.site.23, 2, 216, 218
1120974.3.peg.1595.site.24, 0, 214, 214
1120974.3.peg.1595.site.25, 14, 214, 228
1120974.3.peg.1595.site.26, 170, 212, 382
1120974.3.peg.1595.site.27, 170, 211, 381
1120974.3.peg.1595.site.28, 171, 213, 384
1120974.3.peg.1595.site.29, 172, 214, 386
1120974.3.peg.1595.site.30, 84, 213, 297
1120974.3.peg.1848.site.1, 136, 212, 348
1120974.3.peg.1848.site.2, 0, 215, 215
1120974.3.peg.1848.site.3, 0, 214, 214
1120974.3.peg.1848.site.4, 1, 212, 213
1120974.3.peg.1848.site.5, 1, 210, 211
1120974.3.peg.1848.site.6, 76, 207, 283
1120974.3.peg.1848.site.7, 5, 216, 221
1120974.3.peg.1848.site.8, 157, 213, 370
1120974.3.peg.1848.site.9, 69, 195, 264
1120974.3.peg.1848.site.10, 1, 188, 189
1120974.3.peg.1848.site.11, 67, 182, 249
1120974.3.peg.1848.site.12, 57, 185, 242
1120974.3.peg.1848.site.13, 68, 191, 259
1120974.3.peg.1848.site.14, 60, 193, 253
1120974.3.peg.1848.site.15, 4, 206, 210
1120974.3.peg.1848.site.16, 1, 212, 213
1120974.3.peg.1848.site.17, 0, 214, 214
1120974.3.peg.1848.site.18, 0, 214, 214
1120974.3.peg.1848.site.19, 5, 215, 220
1120974.3.peg.1848.site.20, 138, 211, 349
1120974.3.peg.1848.site.21, 5, 216, 221
1120974.3.peg.1848.site.22, 139, 213, 352
1120974.3.peg.1848.site.23, 138, 210, 348
1120974.3.peg.1848.site.24, 2, 214, 216
1120974.3.peg.1848.site.25, 126, 194, 320
1120974.3.peg.1848.site.26, 125, 193, 318
1120974.3.peg.1848.site.27, 143, 212, 355
1120974.3.peg.1848.site.28, 0, 207, 207
1120974.3.peg.1848.site.29, 141, 209, 350
1120974.3.peg.1848.site.30, 9, 215, 224
1120974.3.peg.1848.site.31, 143, 212, 355
1120974.3.peg.1848.site.32, 5, 215, 220
1120974.3.peg.1848.site.33, 10, 215, 225
1120974.3.peg.1848.site.34, 15, 215, 230
1120974.3.peg.1848.site.35, 142, 213, 355
1120974.3.peg.1848.site.36, 10, 216, 226
1120974.3.peg.1848.site.37, 1, 216, 217
1120974.3.peg.1848.site.38, 9, 202, 211
1120974.3.peg.1848.site.39, 137, 208, 345
1120974.3.peg.1849.site.1, 137, 207, 344
1120974.3.peg.1849.site.2, 0, 214, 214
1120974.3.peg.1849.site.3, 4, 216, 220
1120974.3.peg.1849.site.4, 4, 215, 219
1120974.3.peg.1849.site.5, 5, 212, 217
1120974.3.peg.1849.site.6, 130, 199, 329
1120974.3.peg.1849.site.7, 2, 209, 211
1120974.3.peg.1849.site.8, 134, 208, 342
1120974.3.peg.1849.site.9, 128, 201, 329
1120974.3.peg.1849.site.10, 0, 204, 204
1120974.3.peg.1849.site.11, 2, 214, 216
1120974.3.peg.1849.site.12, 159, 210, 369
1120974.3.peg.1842.site.1, 84, 119, 203
1120974.3.peg.1842.site.2, 194, 212, 406
1120974.3.peg.1842.site.3, 18, 216, 234
1120974.3.peg.1842.site.4, 36, 216, 252
1120974.3.peg.1842.site.5, 130, 211, 341
1120974.3.peg.1842.site.6, 6, 215, 221
1120974.3.peg.1842.site.7, 66, 208, 274
1120974.3.peg.1842.site.8, 5, 213, 218
1120974.3.peg.1842.site.9, 215, 215, 430
1120974.3.peg.1842.site.10, 4, 216, 220
1120974.3.peg.1842.site.11, 0, 211, 211
1120974.3.peg.1842.site.12, 4, 216, 220
1120974.3.peg.1842.site.13, 4, 215, 219
1120974.3.peg.1842.site.14, 4, 216, 220
1120974.3.peg.1842.site.15, 187, 214, 401
1120974.3.peg.1842.site.16, 1, 216, 217
1120974.3.peg.1842.site.17, 11, 214, 225
1120974.3.peg.1842.site.18, 6, 215, 221
1120974.3.peg.1843.site.1, 0, 210, 210
1120974.3.peg.1843.site.2, 198, 214, 412
1120974.3.peg.1843.site.3, 22, 215, 237
1120974.3.peg.1843.site.4, 197, 212, 409
1120974.3.peg.1843.site.5, 181, 211, 392
1120974.3.peg.1843.site.6, 2, 216, 218
1120974.3.peg.1843.site.7, 172, 211, 383
1120974.3.peg.1843.site.8, 214, 214, 428
1120974.3.peg.1843.site.9, 2, 214, 216
1120974.3.peg.1840.site.1, 181, 214, 395
1120974.3.peg.1840.site.2, 180, 212, 392
1120974.3.peg.1840.site.3, 0, 212, 212
1120974.3.peg.1840.site.4, 194, 214, 408
1120974.3.peg.1840.site.5, 183, 213, 396
1120974.3.peg.1840.site.6, 10, 214, 224
1120974.3.peg.1840.site.7, 197, 211, 408
1120974.3.peg.1840.site.8, 174, 206, 380
1120974.3.peg.1840.site.9, 22, 70, 92
1120974.3.peg.1840.site.10, 13, 45, 58
1120974.3.peg.1840.site.11, 13, 44, 57
1120974.3.peg.1840.site.12, 13, 44, 57
1120974.3.peg.1840.site.13, 65, 96, 161
1120974.3.peg.1841.site.1, 190, 208, 398
1120974.3.peg.1841.site.2, 178, 208, 386
1120974.3.peg.1841.site.3, 154, 191, 345
1120974.3.peg.1841.site.4, 0, 206, 206
1120974.3.peg.1841.site.5, 6, 179, 185
1120974.3.peg.1841.site.6, 57, 81, 138
1120974.3.peg.1841.site.7, 29, 55, 84
1120974.3.peg.1841.site.8, 13, 29, 42
1120974.3.peg.1841.site.9, 12, 34, 46
1120974.3.peg.1841.site.10, 18, 18, 36
1120974.3.peg.1841.site.11, 9, 20, 29
1120974.3.peg.1841.site.12, 18, 37, 55
1120974.3.peg.1841.site.13, 2, 205, 207
1120974.3.peg.1841.site.14, 4, 216, 220
1120974.3.peg.1841.site.15, 0, 216, 216
1120974.3.peg.1841.site.16, 1, 215, 216
1120974.3.peg.1841.site.17, 9, 215, 224
1120974.3.peg.1841.site.18, 0, 211, 211
1120974.3.peg.1841.site.19, 1, 168, 169
1120974.3.peg.1841.site.20, 166, 184, 350
1120974.3.peg.1841.site.21, 142, 160, 302
1120974.3.peg.1841.site.22, 0, 214, 214
1120974.3.peg.1841.site.23, 0, 216, 216
1120974.3.peg.1841.site.24, 0, 214, 214
1120974.3.peg.1841.site.25, 194, 214, 408
1120974.3.peg.1841.site.26, 4, 209, 213
1120974.3.peg.1841.site.27, 208, 208, 416
1120974.3.peg.1841.site.28, 22, 27, 49
1120974.3.peg.1846.site.1, 11, 69, 80
1120974.3.peg.1846.site.2, 9, 213, 222
1120974.3.peg.1846.site.3, 85, 210, 295
1120974.3.peg.1846.site.4, 0, 213, 213
1120974.3.peg.1846.site.5, 201, 211, 412
1120974.3.peg.1846.site.6, 204, 214, 418
1120974.3.peg.1846.site.7, 12, 214, 226
1120974.3.peg.1846.site.8, 202, 215, 417
1120974.3.peg.1846.site.9, 202, 215, 417
1120974.3.peg.1846.site.10, 2, 216, 218
1120974.3.peg.1846.site.11, 95, 205, 300
1120974.3.peg.1846.site.12, 144, 211, 355
1120974.3.peg.1846.site.13, 61, 211, 272
1120974.3.peg.1846.site.14, 151, 214, 365
1120974.3.peg.1846.site.15, 0, 216, 216
1120974.3.peg.1846.site.16, 14, 215, 229
1120974.3.peg.1846.site.17, 160, 214, 374
1120974.3.peg.1846.site.18, 160, 213, 373
1120974.3.peg.1846.site.19, 4, 215, 219
1120974.3.peg.1846.site.20, 102, 212, 314
1120974.3.peg.1846.site.21, 5, 213, 218
1120974.3.peg.1846.site.22, 48, 207, 255
1120974.3.peg.1846.site.23, 4, 207, 211
1120974.3.peg.1847.site.1, 0, 212, 212
1120974.3.peg.1847.site.2, 1, 214, 215
1120974.3.peg.1847.site.3, 0, 215, 215
1120974.3.peg.1847.site.4, 69, 210, 279
1120974.3.peg.1847.site.5, 140, 208, 348
1120974.3.peg.1847.site.6, 0, 215, 215
1120974.3.peg.1847.site.7, 0, 214, 214
1120974.3.peg.1844.site.1, 6, 213, 219
1120974.3.peg.1844.site.2, 0, 216, 216
1120974.3.peg.1844.site.3, 6, 215, 221
1120974.3.peg.1844.site.4, 185, 214, 399
1120974.3.peg.1844.site.5, 0, 209, 209
1120974.3.peg.1844.site.6, 9, 213, 222
1120974.3.peg.1844.site.7, 0, 196, 196
1120974.3.peg.1844.site.8, 68, 75, 143
1120974.3.peg.1844.site.9, 91, 92, 183
1120974.3.peg.1844.site.10, 92, 93, 185
1120974.3.peg.1844.site.11, 14, 90, 104
1120974.3.peg.1844.site.12, 59, 76, 135
1120974.3.peg.1844.site.13, 50, 67, 117
1120974.3.peg.1844.site.14, 10, 27, 37
1120974.3.peg.1844.site.15, 4, 17, 21
1120974.3.peg.1844.site.16, 26, 31, 57
1120974.3.peg.1844.site.17, 0, 211, 211
1120974.3.peg.1844.site.18, 4, 215, 219
1120974.3.peg.1844.site.19, 34, 214, 248
1120974.3.peg.1844.site.20, 1, 215, 216
1120974.3.peg.1457.site.1, 0, 205, 205
1120974.3.peg.1457.site.2, 25, 207, 232
1120974.3.peg.1457.site.3, 193, 214, 407
1120974.3.peg.1457.site.4, 18, 214, 232
1120974.3.peg.1457.site.5, 10, 215, 225
1120974.3.peg.1457.site.6, 147, 208, 355
1120974.3.peg.1457.site.7, 0, 215, 215
1120974.3.peg.1457.site.8, 159, 209, 368
1120974.3.peg.1457.site.9, 114, 205, 319
1120974.3.peg.1457.site.10, 143, 207, 350
1120974.3.peg.1457.site.11, 148, 213, 361
1120974.3.peg.1457.site.12, 25, 206, 231
1120974.3.peg.1457.site.13, 0, 211, 211
1120974.3.peg.1457.site.14, 24, 208, 232
1120974.3.peg.1457.site.15, 41, 212, 253
1120974.3.peg.1457.site.16, 0, 213, 213
1120974.3.peg.1457.site.17, 182, 206, 388
1120974.3.peg.1457.site.18, 34, 178, 212
1120974.3.peg.1457.site.19, 157, 181, 338
1120974.3.peg.1457.site.20, 140, 164, 304
1120974.3.peg.1457.site.21, 23, 198, 221
1120974.3.peg.1457.site.22, 184, 207, 391
1120974.3.peg.1457.site.23, 145, 210, 355
1120974.3.peg.1457.site.24, 192, 214, 406
1120974.3.peg.1457.site.25, 192, 214, 406
1120974.3.peg.1457.site.26, 41, 215, 256
1120974.3.peg.1457.site.27, 161, 210, 371
1120974.3.peg.1457.site.28, 191, 213, 404
1120974.3.peg.1457.site.29, 167, 190, 357
1120974.3.peg.1457.site.30, 6, 191, 197
1120974.3.peg.1457.site.31, 4, 191, 195
1120974.3.peg.1457.site.32, 7, 194, 201
1120974.3.peg.1457.site.33, 0, 209, 209
1120974.3.peg.1457.site.34, 0, 208, 208
1120974.3.peg.1457.site.35, 0, 215, 215
1120974.3.peg.1457.site.36, 191, 215, 406
1120974.3.peg.1457.site.37, 4, 216, 220
1120974.3.peg.1457.site.38, 143, 212, 355
1120974.3.peg.1457.site.39, 41, 199, 240
1120974.3.peg.1457.site.40, 183, 202, 385
1120974.3.peg.1457.site.41, 159, 178, 337
1120974.3.peg.1457.site.42, 123, 158, 281
1120974.3.peg.1457.site.43, 149, 187, 336
1120974.3.peg.1457.site.44, 161, 199, 360
1120974.3.peg.1457.site.45, 99, 208, 307
1120974.3.peg.1457.site.46, 143, 213, 356
1120974.3.peg.1457.site.47, 1, 215, 216
1120974.3.peg.1457.site.48, 13, 213, 226
1120974.3.peg.1457.site.49, 4, 204, 208
1120974.3.peg.1457.site.50, 150, 186, 336
1120974.3.peg.1457.site.51, 14, 196, 210
1120974.3.peg.1457.site.52, 0, 185, 185
1120974.3.peg.1457.site.53, 166, 183, 349
1120974.3.peg.1457.site.54, 118, 150, 268
1120974.3.peg.1457.site.55, 2, 213, 215
1120974.3.peg.1446.site.1, 156, 212, 368
1120974.3.peg.1446.site.2, 206, 215, 421
1120974.3.peg.1446.site.3, 3, 215, 218
1120974.3.peg.1446.site.4, 212, 216, 428
1120974.3.peg.1446.site.5, 208, 215, 423
1120974.3.peg.1446.site.6, 199, 214, 413
1120974.3.peg.1446.site.7, 191, 214, 405
1120974.3.peg.1446.site.8, 206, 215, 421
1120974.3.peg.1446.site.9, 206, 214, 420
1120974.3.peg.1446.site.10, 209, 214, 423
1120974.3.peg.1446.site.11, 207, 215, 422
1120974.3.peg.1446.site.12, 207, 215, 422
1120974.3.peg.1446.site.13, 11, 211, 222
1120974.3.peg.1446.site.14, 46, 54, 100
1120974.3.peg.1446.site.15, 37, 45, 82
1120974.3.peg.1446.site.16, 21, 29, 50
1120974.3.peg.1446.site.17, 11, 20, 31
1120974.3.peg.1446.site.18, 4, 13, 17
1120974.3.peg.1446.site.19, 107, 115, 222
1120974.3.peg.1446.site.20, 160, 178, 338
1120974.3.peg.1446.site.21, 181, 212, 393
1120974.3.peg.1446.site.22, 20, 208, 228
1120974.3.peg.1446.site.23, 13, 196, 209
1120974.3.peg.1446.site.24, 188, 197, 385
1120974.3.peg.1446.site.25, 5, 180, 185
1120974.3.peg.1446.site.26, 0, 121, 121
1120974.3.peg.1446.site.27, 0, 160, 160
1120974.3.peg.1446.site.28, 58, 67, 125
1120974.3.peg.1446.site.29, 27, 36, 63
1120974.3.peg.1446.site.30, 24, 33, 57
1120974.3.peg.1446.site.31, 2, 11, 13
1120974.3.peg.1446.site.32, 4, 11, 15
1120974.3.peg.1446.site.33, 3, 12, 15
1120974.3.peg.1446.site.34, 26, 35, 61
1120974.3.peg.1446.site.35, 33, 42, 75
1120974.3.peg.1446.site.36, 118, 126, 244
1120974.3.peg.1446.site.37, 0, 215, 215
1120974.3.peg.1447.site.1, 28, 36, 64
1120974.3.peg.1447.site.2, 13, 21, 34
1120974.3.peg.1447.site.3, 5, 13, 18
1120974.3.peg.1447.site.4, 3, 10, 13
1120974.3.peg.1447.site.5, 7, 7, 14
1120974.3.peg.1447.site.6, 181, 203, 384
1120974.3.peg.1447.site.7, 192, 200, 392
1120974.3.peg.1447.site.8, 14, 213, 227
1120974.3.peg.1447.site.9, 7, 215, 222
1120974.3.peg.1447.site.10, 1, 216, 217
1120974.3.peg.1447.site.11, 212, 215, 427
1120974.3.peg.1447.site.12, 202, 214, 416
1120974.3.peg.1447.site.13, 1, 216, 217
1120974.3.peg.1447.site.14, 203, 215, 418
1120974.3.peg.1447.site.15, 202, 214, 416
1120974.3.peg.1444.site.1, 137, 210, 347
1120974.3.peg.1444.site.2, 1, 216, 217
1120974.3.peg.1444.site.3, 6, 215, 221
1120974.3.peg.1444.site.4, 17, 214, 231
1120974.3.peg.1444.site.5, 1, 215, 216
1120974.3.peg.1444.site.6, 6, 216, 222
1120974.3.peg.1444.site.7, 16, 210, 226
1120974.3.peg.1444.site.8, 202, 205, 407
1120974.3.peg.1444.site.9, 4, 202, 206
1120974.3.peg.1444.site.10, 0, 199, 199
1120974.3.peg.1444.site.11, 0, 200, 200
1120974.3.peg.1444.site.12, 10, 208, 218
1120974.3.peg.1444.site.13, 0, 213, 213
1120974.3.peg.1444.site.14, 0, 210, 210
1120974.3.peg.1444.site.15, 22, 212, 234
1120974.3.peg.1444.site.16, 9, 214, 223
1120974.3.peg.1445.site.1, 198, 214, 412
1120974.3.peg.1445.site.2, 26, 215, 241
1120974.3.peg.1442.site.1, 183, 205, 388
1120974.3.peg.1442.site.2, 195, 210, 405
1120974.3.peg.1442.site.3, 0, 216, 216
1120974.3.peg.1442.site.4, 0, 214, 214
1120974.3.peg.1442.site.5, 0, 214, 214
1120974.3.peg.1442.site.6, 6, 216, 222
1120974.3.peg.1442.site.7, 2, 215, 217
1120974.3.peg.1442.site.8, 6, 215, 221
1120974.3.peg.1443.site.1, 0, 215, 215
1120974.3.peg.1443.site.2, 75, 211, 286
1120974.3.peg.1443.site.3, 7, 213, 220
1120974.3.peg.1443.site.4, 130, 213, 343
1120974.3.peg.1443.site.5, 191, 212, 403
1120974.3.peg.1443.site.6, 19, 212, 231
1120974.3.peg.1443.site.7, 60, 214, 274
1120974.3.peg.1443.site.8, 0, 216, 216
1120974.3.peg.1443.site.9, 58, 211, 269
1120974.3.peg.1443.site.10, 199, 207, 406
1120974.3.peg.1443.site.11, 188, 209, 397
1120974.3.peg.1443.site.12, 58, 215, 273
1120974.3.peg.1443.site.13, 209, 215, 424
1120974.3.peg.1443.site.14, 215, 215, 430
1120974.3.peg.1440.site.1, 168, 216, 384
1120974.3.peg.1440.site.2, 168, 215, 383
1120974.3.peg.1440.site.3, 132, 211, 343
1120974.3.peg.1440.site.4, 36, 206, 242
1120974.3.peg.1440.site.5, 161, 203, 364
1120974.3.peg.1440.site.6, 0, 207, 207
1120974.3.peg.1440.site.7, 0, 195, 195
1120974.3.peg.1440.site.8, 14, 212, 226
1120974.3.peg.1440.site.9, 164, 211, 375
1120974.3.peg.1440.site.10, 167, 214, 381
1120974.3.peg.1440.site.11, 0, 216, 216
1120974.3.peg.1440.site.12, 74, 162, 236
1120974.3.peg.1440.site.13, 54, 141, 195
1120974.3.peg.1440.site.14, 92, 139, 231
1120974.3.peg.1440.site.15, 73, 120, 193
1120974.3.peg.1440.site.16, 18, 104, 122
1120974.3.peg.1440.site.17, 26, 111, 137
1120974.3.peg.1440.site.18, 28, 213, 241
1120974.3.peg.1440.site.19, 46, 133, 179
1120974.3.peg.1440.site.20, 0, 87, 87
1120974.3.peg.1440.site.21, 4, 90, 94
1120974.3.peg.1440.site.22, 14, 100, 114
1120974.3.peg.1440.site.23, 113, 200, 313
1120974.3.peg.1440.site.24, 124, 210, 334
1120974.3.peg.1440.site.25, 4, 214, 218
1120974.3.peg.1440.site.26, 11, 215, 226
1120974.3.peg.1440.site.27, 0, 214, 214
1120974.3.peg.1440.site.28, 143, 191, 334
1120974.3.peg.1440.site.29, 138, 184, 322
1120974.3.peg.1440.site.30, 6, 186, 192
1120974.3.peg.1441.site.1, 4, 188, 192
1120974.3.peg.1441.site.2, 125, 212, 337
1120974.3.peg.1441.site.3, 61, 212, 273
1120974.3.peg.1441.site.4, 7, 216, 223
1120974.3.peg.1441.site.5, 196, 212, 408
1120974.3.peg.1441.site.6, 201, 214, 415
1120974.3.peg.1441.site.7, 0, 215, 215
1120974.3.peg.1118.site.1, 162, 196, 358
1120974.3.peg.1118.site.2, 169, 203, 372
1120974.3.peg.1118.site.3, 2, 214, 216
1120974.3.peg.1118.site.4, 167, 213, 380
1120974.3.peg.1118.site.5, 2, 215, 217
1120974.3.peg.1118.site.6, 2, 215, 217
1120974.3.peg.1118.site.7, 180, 214, 394
1120974.3.peg.1118.site.8, 0, 212, 212
1120974.3.peg.1118.site.9, 168, 209, 377
1120974.3.peg.1118.site.10, 1, 211, 212
1120974.3.peg.1118.site.11, 1, 209, 210
1120974.3.peg.1118.site.12, 1, 211, 212
1120974.3.peg.1118.site.13, 0, 211, 211
1120974.3.peg.1118.site.14, 2, 214, 216
1120974.3.peg.1118.site.15, 14, 211, 225
1120974.3.peg.1118.site.16, 2, 216, 218
1120974.3.peg.1118.site.17, 8, 212, 220
1120974.3.peg.1118.site.18, 4, 209, 213
1120974.3.peg.1118.site.19, 4, 212, 216
1120974.3.peg.1118.site.20, 200, 215, 415
1120974.3.peg.1118.site.21, 2, 216, 218
1120974.3.peg.1118.site.22, 161, 213, 374
1120974.3.peg.1118.site.23, 160, 212, 372
1120974.3.peg.1118.site.24, 25, 210, 235
1120974.3.peg.1118.site.25, 1, 198, 199
1120974.3.peg.1118.site.26, 1, 205, 206
1120974.3.peg.1118.site.27, 141, 199, 340
1120974.3.peg.1118.site.28, 0, 211, 211
1120974.3.peg.1118.site.29, 190, 209, 399
1120974.3.peg.1118.site.30, 48, 201, 249
1120974.3.peg.1118.site.31, 29, 132, 161
1120974.3.peg.1118.site.32, 62, 103, 165
1120974.3.peg.1118.site.33, 1, 34, 35
1120974.3.peg.1448.site.1, 191, 199, 390
1120974.3.peg.1448.site.2, 198, 213, 411
1120974.3.peg.1448.site.3, 199, 215, 414
1120974.3.peg.1448.site.4, 196, 215, 411
1120974.3.peg.1448.site.5, 0, 215, 215
1120974.3.peg.1448.site.6, 198, 215, 413
1120974.3.peg.1448.site.7, 194, 210, 404
1120974.3.peg.1448.site.8, 173, 192, 365
1120974.3.peg.1448.site.9, 193, 208, 401
1120974.3.peg.1448.site.10, 2, 208, 210
1120974.3.peg.1448.site.11, 2, 208, 210
1120974.3.peg.1448.site.12, 0, 206, 206
1120974.3.peg.1448.site.13, 87, 105, 192
1120974.3.peg.1448.site.14, 107, 125, 232
1120974.3.peg.1448.site.15, 0, 187, 187
1120974.3.peg.1448.site.16, 0, 214, 214
1120974.3.peg.1448.site.17, 4, 215, 219
1120974.3.peg.1448.site.18, 108, 211, 319
1120974.3.peg.1448.site.19, 106, 211, 317
1120974.3.peg.1448.site.20, 108, 193, 301
1120974.3.peg.1448.site.21, 96, 192, 288
1120974.3.peg.1448.site.22, 0, 210, 210
1120974.3.peg.1448.site.23, 117, 212, 329
1120974.3.peg.1448.site.24, 2, 201, 203
1120974.3.peg.1448.site.25, 2, 202, 204
1120974.3.peg.1448.site.26, 5, 194, 199
1120974.3.peg.1448.site.27, 0, 161, 161
1120974.3.peg.1448.site.28, 120, 163, 283
1120974.3.peg.1448.site.29, 40, 212, 252
1120974.3.peg.1448.site.30, 154, 211, 365
1120974.3.peg.1448.site.31, 1, 215, 216
1120974.3.peg.1448.site.32, 0, 214, 214
1120974.3.peg.1448.site.33, 0, 208, 208
1120974.3.peg.1448.site.34, 1, 215, 216
1120974.3.peg.1448.site.35, 0, 214, 214
1120974.3.peg.1448.site.36, 162, 214, 376
1120974.3.peg.1448.site.37, 1, 216, 217
1120974.3.peg.1448.site.38, 13, 216, 229
1120974.3.peg.1448.site.39, 1, 216, 217
1120974.3.peg.1448.site.40, 1, 212, 213
1120974.3.peg.1448.site.41, 159, 213, 372
1120974.3.peg.1448.site.42, 148, 195, 343
1120974.3.peg.1448.site.43, 28, 198, 226
1120974.3.peg.1448.site.44, 3, 204, 207
1120974.3.peg.1448.site.45, 41, 54, 95
1120974.3.peg.1448.site.46, 3, 36, 39
1120974.3.peg.1448.site.47, 1, 201, 202
1120974.3.peg.1448.site.48, 168, 189, 357
1120974.3.peg.1448.site.49, 3, 22, 25
1120974.3.peg.1448.site.50, 1, 20, 21
1120974.3.peg.1448.site.51, 18, 19, 37
1120974.3.peg.1904.site.1, 137, 205, 342
1120974.3.peg.1904.site.2, 36, 183, 219
1120974.3.peg.1904.site.3, 69, 177, 246
1120974.3.peg.1904.site.4, 171, 181, 352
1120974.3.peg.1904.site.5, 18, 175, 193
1120974.3.peg.1904.site.6, 19, 176, 195
1120974.3.peg.1904.site.7, 43, 205, 248
1120974.3.peg.1904.site.8, 0, 216, 216
1120974.3.peg.1904.site.9, 181, 205, 386
1120974.3.peg.1904.site.10, 119, 204, 323
1120974.3.peg.1904.site.11, 48, 203, 251
1120974.3.peg.1904.site.12, 45, 206, 251
1120974.3.peg.1904.site.13, 36, 186, 222
1120974.3.peg.1904.site.14, 187, 194, 381
1120974.3.peg.1904.site.15, 44, 145, 189
1120974.3.peg.1904.site.16, 37, 144, 181
1120974.3.peg.1904.site.17, 81, 156, 237
1120974.3.peg.1904.site.18, 0, 179, 179
1120974.3.peg.1904.site.19, 4, 215, 219
1120974.3.peg.1904.site.20, 54, 209, 263
1120974.3.peg.1904.site.21, 123, 211, 334
1120974.3.peg.1904.site.22, 61, 210, 271
1120974.3.peg.1904.site.23, 205, 213, 418
1120974.3.peg.1904.site.24, 12, 209, 221
1120974.3.peg.1904.site.25, 4, 212, 216
1120974.3.peg.1904.site.26, 4, 214, 218
1120974.3.peg.1904.site.27, 100, 209, 309
1120974.3.peg.1904.site.28, 4, 214, 218
1120974.3.peg.1904.site.29, 95, 210, 305
1120974.3.peg.1904.site.30, 145, 211, 356
1120974.3.peg.1904.site.31, 4, 216, 220
1120974.3.peg.1904.site.32, 4, 216, 220
1120974.3.peg.1904.site.33, 4, 214, 218
1120974.3.peg.1904.site.34, 44, 208, 252
1120974.3.peg.1904.site.35, 1, 209, 210
1120974.3.peg.1904.site.36, 127, 205, 332
1120974.3.peg.1904.site.37, 184, 208, 392
1120974.3.peg.1904.site.38, 2, 214, 216
1120974.3.peg.2609.site.1, 0, 213, 213
1120974.3.peg.2609.site.2, 4, 168, 172
1120974.3.peg.2609.site.3, 127, 174, 301
1120974.3.peg.2609.site.4, 0, 185, 185
1120974.3.peg.2609.site.5, 138, 185, 323
1120974.3.peg.2609.site.6, 176, 203, 379
1120974.3.peg.2609.site.7, 175, 201, 376
1120974.3.peg.2609.site.8, 175, 202, 377
1120974.3.peg.2609.site.9, 160, 187, 347
1120974.3.peg.2609.site.10, 5, 172, 177
1120974.3.peg.2609.site.11, 136, 159, 295
1120974.3.peg.2609.site.12, 2, 186, 188
1120974.3.peg.2609.site.13, 4, 191, 195
1120974.3.peg.2609.site.14, 4, 195, 199
1120974.3.peg.2609.site.15, 149, 176, 325
1120974.3.peg.2609.site.16, 22, 168, 190
1120974.3.peg.2609.site.17, 4, 174, 178
1120974.3.peg.2609.site.18, 141, 168, 309
1120974.3.peg.2609.site.19, 22, 175, 197
1120974.3.peg.2609.site.20, 0, 171, 171
1120974.3.peg.2609.site.21, 1, 178, 179
1120974.3.peg.2609.site.22, 0, 196, 196
1120974.3.peg.2609.site.23, 2, 198, 200
1120974.3.peg.2609.site.24, 168, 193, 361
1120974.3.peg.2609.site.25, 0, 183, 183
1120974.3.peg.2609.site.26, 20, 203, 223
1120974.3.peg.2609.site.27, 4, 205, 209
1120974.3.peg.2609.site.28, 9, 177, 186
1120974.3.peg.2609.site.29, 8, 28, 36
1120974.3.peg.2609.site.30, 10, 30, 40
1120974.3.peg.2609.site.31, 1, 32, 33
1120974.3.peg.2609.site.32, 1, 35, 36
1120974.3.peg.813.site.1, 39, 212, 251
1120974.3.peg.813.site.2, 26, 214, 240
1120974.3.peg.813.site.3, 37, 209, 246
1120974.3.peg.813.site.4, 38, 211, 249
1120974.3.peg.813.site.5, 24, 213, 237
1120974.3.peg.813.site.6, 53, 210, 263
1120974.3.peg.813.site.7, 3, 214, 217
1120974.3.peg.813.site.8, 1, 215, 216
1120974.3.peg.813.site.9, 17, 216, 233
1120974.3.peg.813.site.10, 12, 216, 228
1120974.3.peg.813.site.11, 25, 214, 239
1120974.3.peg.813.site.12, 2, 214, 216
1120974.3.peg.813.site.13, 10, 201, 211
1120974.3.peg.813.site.14, 145, 187, 332
1120974.3.peg.813.site.15, 174, 181, 355
1120974.3.peg.813.site.16, 14, 189, 203
1120974.3.peg.813.site.17, 185, 208, 393
1120974.3.peg.813.site.18, 2, 213, 215
1120974.3.peg.813.site.19, 21, 206, 227
1120974.3.peg.813.site.20, 0, 158, 158
1120974.3.peg.812.site.1, 5, 213, 218
1120974.3.peg.812.site.2, 3, 215, 218
1120974.3.peg.812.site.3, 21, 216, 237
1120974.3.peg.812.site.4, 2, 214, 216
1120974.3.peg.812.site.5, 30, 213, 243
1120974.3.peg.812.site.6, 27, 212, 239
1120974.3.peg.812.site.7, 6, 213, 219
1120974.3.peg.812.site.8, 3, 214, 217
1120974.3.peg.812.site.9, 25, 211, 236
1120974.3.peg.812.site.10, 24, 212, 236
1120974.3.peg.812.site.11, 24, 213, 237
1120974.3.peg.812.site.12, 23, 210, 233
1120974.3.peg.812.site.13, 0, 216, 216
1120974.3.peg.811.site.1, 4, 42, 46
1120974.3.peg.811.site.2, 14, 41, 55
1120974.3.peg.811.site.3, 6, 34, 40
1120974.3.peg.811.site.4, 1, 35, 36
1120974.3.peg.811.site.5, 6, 31, 37
1120974.3.peg.811.site.6, 21, 36, 57
1120974.3.peg.811.site.7, 13, 39, 52
1120974.3.peg.811.site.8, 128, 176, 304
1120974.3.peg.811.site.9, 128, 174, 302
1120974.3.peg.811.site.10, 21, 178, 199
1120974.3.peg.811.site.11, 140, 175, 315
1120974.3.peg.811.site.12, 165, 175, 340
1120974.3.peg.811.site.13, 124, 166, 290
1120974.3.peg.811.site.14, 2, 152, 154
1120974.3.peg.811.site.15, 103, 142, 245
1120974.3.peg.811.site.16, 2, 143, 145
1120974.3.peg.811.site.17, 80, 105, 185
1120974.3.peg.811.site.18, 0, 92, 92
1120974.3.peg.811.site.19, 10, 35, 45
1120974.3.peg.811.site.20, 1, 26, 27
1120974.3.peg.811.site.21, 1, 26, 27
1120974.3.peg.811.site.22, 2, 46, 48
1120974.3.peg.811.site.23, 26, 171, 197
1120974.3.peg.811.site.24, 146, 188, 334
1120974.3.peg.811.site.25, 0, 199, 199
1120974.3.peg.811.site.26, 0, 210, 210
1120974.3.peg.811.site.27, 2, 208, 210
1120974.3.peg.811.site.28, 2, 193, 195
1120974.3.peg.811.site.29, 3, 201, 204
1120974.3.peg.811.site.30, 0, 209, 209
1120974.3.peg.811.site.31, 12, 208, 220
1120974.3.peg.811.site.32, 2, 192, 194
1120974.3.peg.810.site.1, 1, 141, 142
1120974.3.peg.810.site.2, 8, 145, 153
1120974.3.peg.810.site.3, 181, 205, 386
1120974.3.peg.810.site.4, 0, 207, 207
1120974.3.peg.810.site.5, 129, 212, 341
1120974.3.peg.810.site.6, 58, 215, 273
1120974.3.peg.810.site.7, 1, 214, 215
1120974.3.peg.810.site.8, 4, 206, 210
1120974.3.peg.810.site.9, 1, 216, 217
1120974.3.peg.810.site.10, 11, 215, 226
1120974.3.peg.810.site.11, 0, 207, 207
1120974.3.peg.810.site.12, 184, 208, 392
1120974.3.peg.810.site.13, 5, 211, 216
1120974.3.peg.810.site.14, 23, 210, 233
1120974.3.peg.810.site.15, 19, 213, 232
1120974.3.peg.810.site.16, 19, 214, 233
1120974.3.peg.810.site.17, 0, 215, 215
1120974.3.peg.810.site.18, 13, 208, 221
1120974.3.peg.810.site.19, 8, 204, 212
1120974.3.peg.816.site.1, 192, 214, 406
1120974.3.peg.2142.site.1, 3, 214, 217
1120974.3.peg.2142.site.2, 127, 210, 337
1120974.3.peg.2142.site.3, 18, 212, 230
1120974.3.peg.2142.site.4, 2, 195, 197
1120974.3.peg.2142.site.5, 207, 208, 415
1120974.3.peg.2142.site.6, 66, 204, 270
1120974.3.peg.2142.site.7, 50, 213, 263
1120974.3.peg.2142.site.8, 0, 195, 195
1120974.3.peg.2142.site.9, 0, 216, 216
1120974.3.peg.2142.site.10, 75, 197, 272
1120974.3.peg.2142.site.11, 1, 195, 196
1120974.3.peg.2142.site.12, 8, 211, 219
1120974.3.peg.2142.site.13, 21, 214, 235
1120974.3.peg.2142.site.14, 76, 212, 288
1120974.3.peg.2142.site.15, 89, 212, 301
1120974.3.peg.2142.site.16, 122, 210, 332
1120974.3.peg.2142.site.17, 0, 215, 215
1120974.3.peg.2142.site.18, 42, 211, 253
1120974.3.peg.2142.site.19, 4, 216, 220
1120974.3.peg.2142.site.20, 121, 212, 333
1120974.3.peg.2142.site.21, 22, 216, 238
1120974.3.peg.2142.site.22, 121, 210, 331
1120974.3.peg.2142.site.23, 22, 216, 238
1120974.3.peg.2142.site.24, 22, 216, 238
1120974.3.peg.2142.site.25, 137, 212, 349
1120974.3.peg.2142.site.26, 34, 215, 249
1120974.3.peg.2142.site.27, 119, 210, 329
1120974.3.peg.2142.site.28, 203, 214, 417
1120974.3.peg.2142.site.29, 22, 215, 237
1120974.3.peg.2142.site.30, 167, 215, 382
1120974.3.peg.2142.site.31, 190, 215, 405
1120974.3.peg.2143.site.1, 175, 198, 373
1120974.3.peg.2143.site.2, 135, 201, 336
1120974.3.peg.2143.site.3, 163, 210, 373
1120974.3.peg.2143.site.4, 11, 212, 223
1120974.3.peg.2143.site.5, 0, 215, 215
1120974.3.peg.2143.site.6, 170, 215, 385
1120974.3.peg.2143.site.7, 168, 213, 381
1120974.3.peg.2143.site.8, 116, 212, 328
1120974.3.peg.2143.site.9, 117, 211, 328
1120974.3.peg.2143.site.10, 68, 203, 271
1120974.3.peg.2143.site.11, 66, 201, 267
1120974.3.peg.2143.site.12, 0, 209, 209
1120974.3.peg.2143.site.13, 71, 206, 277
1120974.3.peg.2143.site.14, 67, 210, 277
1120974.3.peg.2143.site.15, 117, 211, 328
1120974.3.peg.2143.site.16, 1, 215, 216
1120974.3.peg.2143.site.17, 0, 215, 215
1120974.3.peg.2143.site.18, 44, 211, 255
1120974.3.peg.2143.site.19, 170, 196, 366
1120974.3.peg.2143.site.20, 164, 165, 329
1120974.3.peg.2143.site.21, 41, 66, 107
1120974.3.peg.2143.site.22, 2, 74, 76
1120974.3.peg.2143.site.23, 35, 61, 96
1120974.3.peg.2143.site.24, 94, 145, 239
1120974.3.peg.2143.site.25, 1, 204, 205
1120974.3.peg.2143.site.26, 179, 205, 384
1120974.3.peg.2143.site.27, 98, 124, 222
1120974.3.peg.2143.site.28, 86, 110, 196
1120974.3.peg.2143.site.29, 79, 104, 183
1120974.3.peg.2143.site.30, 3, 119, 122
1120974.3.peg.2143.site.31, 84, 110, 194
1120974.3.peg.2143.site.32, 89, 115, 204
1120974.3.peg.2143.site.33, 90, 116, 206
1120974.3.peg.2143.site.34, 1, 203, 204
1120974.3.peg.2143.site.35, 172, 197, 369
1120974.3.peg.2143.site.36, 187, 211, 398
1120974.3.peg.2143.site.37, 185, 210, 395
1120974.3.peg.2143.site.38, 73, 208, 281
1120974.3.peg.2143.site.39, 196, 215, 411
1120974.3.peg.2143.site.40, 0, 216, 216
1120974.3.peg.2143.site.41, 104, 209, 313
1120974.3.peg.2143.site.42, 0, 202, 202
1120974.3.peg.2143.site.43, 52, 107, 159
1120974.3.peg.2143.site.44, 23, 78, 101
1120974.3.peg.2143.site.45, 18, 73, 91
1120974.3.peg.2143.site.46, 14, 69, 83
1120974.3.peg.2143.site.47, 1, 56, 57
1120974.3.peg.2143.site.48, 1, 56, 57
1120974.3.peg.2143.site.49, 5, 60, 65
1120974.3.peg.2143.site.50, 0, 147, 147
1120974.3.peg.2143.site.51, 61, 165, 226
1120974.3.peg.2143.site.52, 124, 179, 303
1120974.3.peg.2143.site.53, 150, 203, 353
1120974.3.peg.2143.site.54, 157, 211, 368
1120974.3.peg.2143.site.55, 123, 177, 300
1120974.3.peg.819.site.1, 191, 214, 405
1120974.3.peg.819.site.2, 0, 213, 213
1120974.3.peg.819.site.3, 0, 214, 214
1120974.3.peg.819.site.4, 1, 211, 212
1120974.3.peg.819.site.5, 2, 202, 204
1120974.3.peg.819.site.6, 1, 204, 205
1120974.3.peg.819.site.7, 7, 208, 215
1120974.3.peg.819.site.8, 2, 209, 211
1120974.3.peg.819.site.9, 199, 213, 412
1120974.3.peg.819.site.10, 5, 216, 221
1120974.3.peg.819.site.11, 2, 207, 209
1120974.3.peg.819.site.12, 0, 214, 214
1120974.3.peg.819.site.13, 2, 215, 217
1120974.3.peg.819.site.14, 189, 209, 398
1120974.3.peg.819.site.15, 180, 204, 384
1120974.3.peg.819.site.16, 4, 215, 219
1120974.3.peg.819.site.17, 0, 207, 207
1120974.3.peg.819.site.18, 180, 206, 386
1120974.3.peg.818.site.1, 0, 188, 188
1120974.3.peg.818.site.2, 0, 54, 54
1120974.3.peg.818.site.3, 35, 60, 95
1120974.3.peg.818.site.4, 23, 48, 71
1120974.3.peg.818.site.5, 18, 42, 60
1120974.3.peg.818.site.6, 17, 36, 53
1120974.3.peg.818.site.7, 57, 81, 138
1120974.3.peg.818.site.8, 1, 131, 132
1120974.3.peg.818.site.9, 150, 152, 302
1120974.3.peg.818.site.10, 145, 153, 298
1120974.3.peg.818.site.11, 190, 211, 401
1120974.3.peg.818.site.12, 173, 195, 368
1120974.3.peg.818.site.13, 97, 120, 217
1120974.3.peg.818.site.14, 76, 99, 175
1120974.3.peg.818.site.15, 64, 87, 151
1120974.3.peg.818.site.16, 168, 190, 358
1120974.3.peg.818.site.17, 29, 212, 241
1120974.3.peg.818.site.18, 189, 210, 399
1120974.3.peg.818.site.19, 19, 210, 229
1120974.3.peg.818.site.20, 9, 211, 220
1120974.3.peg.818.site.21, 0, 212, 212
1120974.3.peg.2146.site.1, 0, 214, 214
1120974.3.peg.2146.site.2, 13, 213, 226
1120974.3.peg.2146.site.3, 13, 214, 227
1120974.3.peg.2146.site.4, 179, 214, 393
1120974.3.peg.2146.site.5, 194, 216, 410
1120974.3.peg.2146.site.6, 0, 215, 215
1120974.3.peg.2146.site.7, 13, 214, 227
1120974.3.peg.2146.site.8, 3, 214, 217
1120974.3.peg.2146.site.9, 13, 213, 226
1120974.3.peg.2146.site.10, 13, 214, 227
1120974.3.peg.2146.site.11, 13, 214, 227
1120974.3.peg.2146.site.12, 1, 216, 217
1120974.3.peg.2146.site.13, 133, 211, 344
1120974.3.peg.2146.site.14, 11, 213, 224
1120974.3.peg.2146.site.15, 12, 213, 225
1120974.3.peg.2146.site.16, 12, 213, 225
1120974.3.peg.2146.site.17, 0, 216, 216
1120974.3.peg.2146.site.18, 12, 214, 226
1120974.3.peg.2146.site.19, 0, 215, 215
1120974.3.peg.2146.site.20, 12, 211, 223
1120974.3.peg.2146.site.21, 4, 216, 220
1120974.3.peg.2146.site.22, 128, 211, 339
1120974.3.peg.2146.site.23, 124, 201, 325
1120974.3.peg.2146.site.24, 68, 123, 191
1120974.3.peg.2146.site.25, 0, 119, 119
1120974.3.peg.2146.site.26, 24, 106, 130
1120974.3.peg.2146.site.27, 38, 116, 154
1120974.3.peg.2146.site.28, 45, 125, 170
1120974.3.peg.2146.site.29, 3, 216, 219
1120974.3.peg.2146.site.30, 211, 216, 427
1120974.3.peg.2146.site.31, 134, 213, 347
1120974.3.peg.2146.site.32, 134, 213, 347
1120974.3.peg.2146.site.33, 4, 215, 219
1120974.3.peg.2146.site.34, 16, 212, 228
1120974.3.peg.2146.site.35, 0, 213, 213
1120974.3.peg.2146.site.36, 3, 214, 217
1120974.3.peg.2146.site.37, 0, 216, 216
1120974.3.peg.2146.site.38, 0, 216, 216
1120974.3.peg.2146.site.39, 11, 214, 225
1120974.3.peg.2146.site.40, 6, 216, 222
1120974.3.peg.2146.site.41, 3, 216, 219
1120974.3.peg.2146.site.42, 0, 215, 215
1120974.3.peg.2146.site.43, 44, 213, 257
1120974.3.peg.2146.site.44, 47, 213, 260
1120974.3.peg.2146.site.45, 48, 214, 262
1120974.3.peg.2146.site.46, 3, 214, 217
1120974.3.peg.2146.site.47, 167, 215, 382
1120974.3.peg.2146.site.48, 165, 213, 378
1120974.3.peg.2146.site.49, 0, 214, 214
1120974.3.peg.2146.site.50, 4, 214, 218
1120974.3.peg.2146.site.51, 211, 211, 422
1120974.3.peg.2146.site.52, 33, 211, 244
1120974.3.peg.2146.site.53, 0, 214, 214
1120974.3.peg.2146.site.54, 1, 201, 202
1120974.3.peg.2146.site.55, 132, 190, 322
1120974.3.peg.2146.site.56, 1, 203, 204
1120974.3.peg.2146.site.57, 156, 202, 358
1120974.3.peg.2146.site.58, 159, 204, 363
1120974.3.peg.2146.site.59, 160, 204, 364
1120974.3.peg.2146.site.60, 0, 212, 212
1120974.3.peg.2146.site.61, 10, 213, 223
1120974.3.peg.2146.site.62, 12, 215, 227
1120974.3.peg.2146.site.63, 0, 216, 216
1120974.3.peg.2146.site.64, 12, 215, 227
1120974.3.peg.2147.site.1, 50, 211, 261
1120974.3.peg.2147.site.2, 174, 213, 387
1120974.3.peg.2147.site.3, 50, 211, 261
1120974.3.peg.2147.site.4, 6, 216, 222
1120974.3.peg.2147.site.5, 6, 213, 219
1120974.3.peg.2147.site.6, 17, 216, 233
1120974.3.peg.2147.site.7, 17, 215, 232
1120974.3.peg.2147.site.8, 17, 214, 231
1120974.3.peg.2147.site.9, 0, 215, 215
1120974.3.peg.2147.site.10, 12, 214, 226
1120974.3.peg.2147.site.11, 159, 211, 370
1120974.3.peg.2147.site.12, 12, 214, 226
1120974.3.peg.2147.site.13, 12, 213, 225
1120974.3.peg.2147.site.14, 9, 215, 224
1120974.3.peg.2147.site.15, 12, 214, 226
1120974.3.peg.2147.site.16, 12, 213, 225
1120974.3.peg.2147.site.17, 40, 211, 251
1120974.3.peg.2147.site.18, 157, 210, 367
1120974.3.peg.2147.site.19, 40, 212, 252
1120974.3.peg.2147.site.20, 4, 216, 220
1120974.3.peg.2147.site.21, 121, 164, 285
1120974.3.peg.2147.site.22, 43, 83, 126
1120974.3.peg.2144.site.1, 5, 87, 92
1120974.3.peg.2144.site.2, 4, 107, 111
1120974.3.peg.2144.site.3, 9, 213, 222
1120974.3.peg.2144.site.4, 102, 201, 303
1120974.3.peg.2144.site.5, 0, 202, 202
1120974.3.peg.2144.site.6, 4, 208, 212
1120974.3.peg.2144.site.7, 1, 213, 214
1120974.3.peg.2144.site.8, 0, 215, 215
1120974.3.peg.2144.site.9, 110, 211, 321
1120974.3.peg.2144.site.10, 112, 213, 325
1120974.3.peg.2144.site.11, 1, 215, 216
1120974.3.peg.2144.site.12, 0, 214, 214
1120974.3.peg.2144.site.13, 0, 176, 176
1120974.3.peg.2144.site.14, 4, 209, 213
1120974.3.peg.2144.site.15, 0, 215, 215
1120974.3.peg.2144.site.16, 6, 213, 219
1120974.3.peg.2144.site.17, 0, 216, 216
1120974.3.peg.2144.site.18, 0, 215, 215
1120974.3.peg.2144.site.19, 38, 212, 250
1120974.3.peg.2144.site.20, 38, 214, 252
1120974.3.peg.2144.site.21, 38, 212, 250
1120974.3.peg.2144.site.22, 87, 209, 296
1120974.3.peg.2145.site.1, 214, 216, 430
1120974.3.peg.2145.site.2, 14, 214, 228
1120974.3.peg.2145.site.3, 14, 214, 228
1120974.3.peg.2145.site.4, 14, 214, 228
1120974.3.peg.2145.site.5, 14, 214, 228
1120974.3.peg.2145.site.6, 149, 207, 356
1120974.3.peg.2145.site.7, 4, 203, 207
1120974.3.peg.2145.site.8, 1, 202, 203
1120974.3.peg.2145.site.9, 0, 201, 201
1120974.3.peg.2145.site.10, 213, 214, 427
1120974.3.peg.2145.site.11, 13, 213, 226
1120974.3.peg.2036.site.1, 1, 212, 213
1120974.3.peg.2036.site.2, 137, 211, 348
1120974.3.peg.2036.site.3, 1, 215, 216
1120974.3.peg.2036.site.4, 2, 216, 218
1120974.3.peg.2036.site.5, 137, 211, 348
1120974.3.peg.2036.site.6, 4, 216, 220
1120974.3.peg.2036.site.7, 0, 215, 215
1120974.3.peg.2036.site.8, 115, 193, 308
1120974.3.peg.2036.site.9, 57, 132, 189
1120974.3.peg.2036.site.10, 10, 88, 98
1120974.3.peg.2036.site.11, 28, 91, 119
1120974.3.peg.2036.site.12, 32, 86, 118
1120974.3.peg.2036.site.13, 6, 83, 89
1120974.3.peg.2036.site.14, 58, 105, 163
1120974.3.peg.2036.site.15, 90, 136, 226
1120974.3.peg.2036.site.16, 135, 186, 321
1120974.3.peg.2036.site.17, 173, 204, 377
1120974.3.peg.2036.site.18, 35, 208, 243
1120974.3.peg.2036.site.19, 138, 211, 349
1120974.3.peg.2036.site.20, 41, 207, 248
1120974.3.peg.2036.site.21, 0, 214, 214
1120974.3.peg.2036.site.22, 136, 210, 346
1120974.3.peg.2036.site.23, 131, 205, 336
1120974.3.peg.2036.site.24, 0, 138, 138
1120974.3.peg.2036.site.25, 0, 156, 156
1120974.3.peg.2036.site.26, 9, 210, 219
1120974.3.peg.2036.site.27, 0, 212, 212
1120974.3.peg.2036.site.28, 3, 211, 214
1120974.3.peg.2036.site.29, 0, 196, 196
1120974.3.peg.2036.site.30, 117, 190, 307
1120974.3.peg.2036.site.31, 113, 185, 298
1120974.3.peg.2036.site.32, 116, 189, 305
1120974.3.peg.2036.site.33, 3, 199, 202
1120974.3.peg.2036.site.34, 0, 213, 213
1120974.3.peg.2036.site.35, 100, 207, 307
1120974.3.peg.2036.site.36, 11, 212, 223
1120974.3.peg.2036.site.37, 4, 215, 219
1120974.3.peg.2036.site.38, 4, 215, 219
1120974.3.peg.2036.site.39, 4, 215, 219
1120974.3.peg.2036.site.40, 100, 212, 312
1120974.3.peg.2037.site.1, 3, 214, 217
1120974.3.peg.2037.site.2, 9, 212, 221
1120974.3.peg.2037.site.3, 3, 216, 219
1120974.3.peg.2037.site.4, 2, 216, 218
1120974.3.peg.2037.site.5, 2, 215, 217
1120974.3.peg.2037.site.6, 206, 206, 412
1120974.3.peg.2037.site.7, 51, 200, 251
1120974.3.peg.2037.site.8, 46, 195, 241
1120974.3.peg.2037.site.9, 46, 196, 242
1120974.3.peg.2037.site.10, 0, 215, 215
1120974.3.peg.2037.site.11, 0, 216, 216
1120974.3.peg.2037.site.12, 61, 214, 275
1120974.3.peg.2037.site.13, 24, 213, 237
1120974.3.peg.2037.site.14, 206, 214, 420
1120974.3.peg.2037.site.15, 44, 194, 238
1120974.3.peg.2037.site.16, 39, 189, 228
1120974.3.peg.2037.site.17, 53, 200, 253
1120974.3.peg.2037.site.18, 60, 209, 269
1120974.3.peg.2037.site.19, 0, 215, 215
1120974.3.peg.2037.site.20, 67, 215, 282
1120974.3.peg.2037.site.21, 65, 213, 278
1120974.3.peg.2037.site.22, 65, 213, 278
1120974.3.peg.2037.site.23, 39, 210, 249
1120974.3.peg.2037.site.24, 2, 208, 210
1120974.3.peg.2037.site.25, 5, 146, 151
1120974.3.peg.2037.site.26, 7, 151, 158
1120974.3.peg.2034.site.1, 86, 205, 291
1120974.3.peg.2034.site.2, 86, 205, 291
1120974.3.peg.2034.site.3, 87, 208, 295
1120974.3.peg.2034.site.4, 87, 208, 295
1120974.3.peg.2034.site.5, 0, 215, 215
1120974.3.peg.2034.site.6, 114, 208, 322
1120974.3.peg.2034.site.7, 113, 207, 320
1120974.3.peg.2034.site.8, 85, 208, 293
1120974.3.peg.2034.site.9, 197, 213, 410
1120974.3.peg.2034.site.10, 2, 215, 217
1120974.3.peg.2034.site.11, 15, 212, 227
1120974.3.peg.2034.site.12, 205, 213, 418
1120974.3.peg.2034.site.13, 0, 214, 214
1120974.3.peg.2034.site.14, 0, 215, 215
1120974.3.peg.2034.site.15, 6, 214, 220
1120974.3.peg.2034.site.16, 0, 212, 212
1120974.3.peg.2034.site.17, 83, 207, 290
1120974.3.peg.2034.site.18, 103, 207, 310
1120974.3.peg.2034.site.19, 3, 214, 217
1120974.3.peg.2034.site.20, 9, 215, 224
1120974.3.peg.2034.site.21, 0, 212, 212
1120974.3.peg.2034.site.22, 1, 216, 217
1120974.3.peg.2034.site.23, 1, 216, 217
1120974.3.peg.2034.site.24, 192, 211, 403
1120974.3.peg.2034.site.25, 1, 216, 217
1120974.3.peg.2034.site.26, 4, 215, 219
1120974.3.peg.2034.site.27, 62, 176, 238
1120974.3.peg.2034.site.28, 50, 162, 212
1120974.3.peg.2033.site.1, 0, 167, 167
1120974.3.peg.2033.site.2, 180, 181, 361
1120974.3.peg.2033.site.3, 89, 208, 297
1120974.3.peg.2033.site.4, 2, 214, 216
1120974.3.peg.2033.site.5, 94, 206, 300
1120974.3.peg.2033.site.6, 2, 214, 216
1120974.3.peg.2033.site.7, 96, 213, 309
1120974.3.peg.2033.site.8, 92, 210, 302
1120974.3.peg.2033.site.9, 93, 211, 304
1120974.3.peg.2033.site.10, 0, 213, 213
1120974.3.peg.2033.site.11, 1, 215, 216
1120974.3.peg.2033.site.12, 93, 209, 302
1120974.3.peg.2033.site.13, 6, 214, 220
1120974.3.peg.2030.site.1, 2, 213, 215
1120974.3.peg.2030.site.2, 2, 214, 216
1120974.3.peg.2030.site.3, 83, 207, 290
1120974.3.peg.2030.site.4, 8, 214, 222
1120974.3.peg.2030.site.5, 2, 215, 217
1120974.3.peg.2030.site.6, 69, 213, 282
1120974.3.peg.2030.site.7, 2, 215, 217
1120974.3.peg.2030.site.8, 13, 212, 225
1120974.3.peg.2030.site.9, 90, 210, 300
1120974.3.peg.2030.site.10, 9, 216, 225
1120974.3.peg.2030.site.11, 9, 216, 225
1120974.3.peg.2030.site.12, 195, 213, 408
1120974.3.peg.2030.site.13, 8, 213, 221
1120974.3.peg.2030.site.14, 8, 214, 222
1120974.3.peg.2030.site.15, 5, 212, 217
1120974.3.peg.2030.site.16, 6, 213, 219
1120974.3.peg.2030.site.17, 87, 209, 296
1120974.3.peg.2030.site.18, 9, 215, 224
1120974.3.peg.2030.site.19, 87, 209, 296
1120974.3.peg.2030.site.20, 9, 215, 224
1120974.3.peg.2030.site.21, 86, 209, 295
1120974.3.peg.2030.site.22, 189, 213, 402
1120974.3.peg.2030.site.23, 1, 209, 210
1120974.3.peg.2030.site.24, 2, 206, 208
1120974.3.peg.2030.site.25, 2, 206, 208
1120974.3.peg.2030.site.26, 96, 195, 291
1120974.3.peg.2030.site.27, 85, 194, 279
1120974.3.peg.2030.site.28, 0, 203, 203
1120974.3.peg.2030.site.29, 89, 198, 287
1120974.3.peg.2030.site.30, 168, 196, 364
1120974.3.peg.2030.site.31, 79, 199, 278
1120974.3.peg.2030.site.32, 4, 210, 214
1120974.3.peg.2030.site.33, 64, 208, 272
1120974.3.peg.2030.site.34, 1, 206, 207
1120974.3.peg.2030.site.35, 2, 205, 207
1120974.3.peg.2030.site.36, 67, 203, 270
1120974.3.peg.2030.site.37, 1, 215, 216
1120974.3.peg.2030.site.38, 11, 213, 224
1120974.3.peg.2030.site.39, 103, 208, 311
1120974.3.peg.2030.site.40, 90, 210, 300
1120974.3.peg.2030.site.41, 80, 203, 283
1120974.3.peg.2030.site.42, 54, 167, 221
1120974.3.peg.2030.site.43, 1, 134, 135
1120974.3.peg.2030.site.44, 1, 134, 135
1120974.3.peg.2030.site.45, 11, 138, 149
1120974.3.peg.2030.site.46, 11, 150, 161
1120974.3.peg.2030.site.47, 83, 205, 288
1120974.3.peg.2031.site.1, 84, 209, 293
1120974.3.peg.2031.site.2, 0, 207, 207
1120974.3.peg.2031.site.3, 1, 211, 212
1120974.3.peg.2031.site.4, 10, 211, 221
1120974.3.peg.2031.site.5, 71, 192, 263
1120974.3.peg.2031.site.6, 11, 210, 221
1120974.3.peg.2031.site.7, 52, 165, 217
1120974.3.peg.2031.site.8, 32, 147, 179
1120974.3.peg.2031.site.9, 28, 143, 171
1120974.3.peg.2031.site.10, 16, 129, 145
1120974.3.peg.2039.site.1, 0, 214, 214
1120974.3.peg.2039.site.2, 205, 206, 411
1120974.3.peg.2039.site.3, 0, 199, 199
1120974.3.peg.2039.site.4, 1, 213, 214
1120974.3.peg.2039.site.5, 64, 208, 272
1120974.3.peg.2039.site.6, 0, 214, 214
1120974.3.peg.2039.site.7, 0, 202, 202
1120974.3.peg.2039.site.8, 129, 204, 333
1120974.3.peg.2039.site.9, 0, 214, 214
1120974.3.peg.2039.site.10, 0, 211, 211
1120974.3.peg.2039.site.11, 0, 213, 213
1120974.3.peg.2039.site.12, 0, 213, 213
1120974.3.peg.2039.site.13, 0, 216, 216
1120974.3.peg.2039.site.14, 1, 216, 217
1120974.3.peg.2039.site.15, 2, 214, 216
1120974.3.peg.2039.site.16, 0, 215, 215
1120974.3.peg.2039.site.17, 67, 210, 277
1120974.3.peg.2039.site.18, 13, 210, 223
1120974.3.peg.2039.site.19, 0, 215, 215
1120974.3.peg.2039.site.20, 1, 213, 214
1120974.3.peg.2039.site.21, 2, 216, 218
1120974.3.peg.2039.site.22, 3, 214, 217
1120974.3.peg.2039.site.23, 4, 216, 220
1120974.3.peg.2039.site.24, 4, 216, 220
1120974.3.peg.2039.site.25, 182, 210, 392
1120974.3.peg.2039.site.26, 119, 212, 331
1120974.3.peg.2039.site.27, 139, 211, 350
1120974.3.peg.2039.site.28, 0, 215, 215
1120974.3.peg.2039.site.29, 63, 207, 270
1120974.3.peg.2039.site.30, 1, 215, 216
1120974.3.peg.2039.site.31, 0, 216, 216
1120974.3.peg.2039.site.32, 6, 215, 221
1120974.3.peg.2039.site.33, 204, 205, 409
1120974.3.peg.2039.site.34, 9, 202, 211
1120974.3.peg.2039.site.35, 1, 211, 212
1120974.3.peg.2811.site.1, 0, 216, 216
1120974.3.peg.2811.site.2, 152, 210, 362
1120974.3.peg.2811.site.3, 186, 212, 398
1120974.3.peg.2811.site.4, 59, 208, 267
1120974.3.peg.2811.site.5, 159, 209, 368
1120974.3.peg.2811.site.6, 13, 212, 225
1120974.3.peg.2811.site.7, 2, 213, 215
1120974.3.peg.2811.site.8, 0, 212, 212
1120974.3.peg.2811.site.9, 2, 214, 216
1120974.3.peg.2811.site.10, 155, 212, 367
1120974.3.peg.2811.site.11, 152, 210, 362
1120974.3.peg.2811.site.12, 4, 209, 213
1120974.3.peg.2811.site.13, 0, 207, 207
1120974.3.peg.2811.site.14, 186, 207, 393
1120974.3.peg.2811.site.15, 135, 200, 335
1120974.3.peg.2811.site.16, 133, 198, 331
1120974.3.peg.2811.site.17, 2, 210, 212
1120974.3.peg.2811.site.18, 157, 200, 357
1120974.3.peg.2811.site.19, 18, 213, 231
1120974.3.peg.2812.site.1, 28, 215, 243
1120974.3.peg.2812.site.2, 28, 215, 243
1120974.3.peg.2812.site.3, 146, 213, 359
1120974.3.peg.2812.site.4, 3, 215, 218
1120974.3.peg.2812.site.5, 174, 211, 385
1120974.3.peg.2812.site.6, 128, 196, 324
1120974.3.peg.2812.site.7, 0, 211, 211
1120974.3.peg.2812.site.8, 3, 212, 215
1120974.3.peg.2812.site.9, 145, 211, 356
1120974.3.peg.2812.site.10, 145, 211, 356
1120974.3.peg.2812.site.11, 137, 201, 338
1120974.3.peg.2812.site.12, 144, 209, 353
1120974.3.peg.2812.site.13, 6, 215, 221
1120974.3.peg.2812.site.14, 138, 206, 344
1120974.3.peg.2812.site.15, 2, 216, 218
1120974.3.peg.2812.site.16, 19, 215, 234
1120974.3.peg.2812.site.17, 198, 211, 409
1120974.3.peg.2812.site.18, 19, 212, 231
1120974.3.peg.2812.site.19, 29, 211, 240
1120974.3.peg.2812.site.20, 0, 214, 214
1120974.3.peg.2812.site.21, 19, 213, 232
1120974.3.peg.2812.site.22, 19, 214, 233
1120974.3.peg.2812.site.23, 19, 215, 234
1120974.3.peg.2812.site.24, 19, 215, 234
1120974.3.peg.2812.site.25, 0, 216, 216
1120974.3.peg.2812.site.26, 2, 214, 216
1120974.3.peg.2812.site.27, 18, 212, 230
1120974.3.peg.2812.site.28, 0, 210, 210
1120974.3.peg.2812.site.29, 8, 212, 220
1120974.3.peg.2812.site.30, 0, 212, 212
1120974.3.peg.2812.site.31, 0, 210, 210
1120974.3.peg.2812.site.32, 12, 211, 223
1120974.3.peg.2812.site.33, 17, 212, 229
1120974.3.peg.2812.site.34, 1, 216, 217
1120974.3.peg.2812.site.35, 160, 200, 360
1120974.3.peg.2812.site.36, 42, 214, 256
1120974.3.peg.2812.site.37, 3, 214, 217
1120974.3.peg.2812.site.38, 3, 215, 218
1120974.3.peg.2812.site.39, 16, 214, 230
1120974.3.peg.2812.site.40, 0, 215, 215
1120974.3.peg.2812.site.41, 2, 201, 203
1120974.3.peg.2812.site.42, 13, 203, 216
1120974.3.peg.2812.site.43, 0, 194, 194
1120974.3.peg.2812.site.44, 14, 196, 210
1120974.3.peg.2812.site.45, 152, 195, 347
1120974.3.peg.2812.site.46, 7, 199, 206
1120974.3.peg.2812.site.47, 0, 202, 202
1120974.3.peg.2812.site.48, 9, 203, 212
1120974.3.peg.2812.site.49, 0, 203, 203
1120974.3.peg.2812.site.50, 4, 216, 220
1120974.3.peg.2812.site.51, 18, 209, 227
1120974.3.peg.2812.site.52, 63, 206, 269
1120974.3.peg.2812.site.53, 60, 202, 262
1120974.3.peg.2812.site.54, 12, 211, 223
1120974.3.peg.2812.site.55, 1, 213, 214
1120974.3.peg.2812.site.56, 2, 211, 213
1120974.3.peg.2812.site.57, 0, 215, 215
1120974.3.peg.2812.site.58, 47, 208, 255
1120974.3.peg.2812.site.59, 0, 212, 212
1120974.3.peg.2812.site.60, 0, 215, 215
1120974.3.peg.2812.site.61, 0, 209, 209
1120974.3.peg.2812.site.62, 0, 213, 213
1120974.3.peg.2812.site.63, 71, 214, 285
1120974.3.peg.2812.site.64, 15, 215, 230
1120974.3.peg.2812.site.65, 6, 216, 222
1120974.3.peg.2812.site.66, 6, 216, 222
1120974.3.peg.2812.site.67, 170, 212, 382
1120974.3.peg.2812.site.68, 11, 214, 225
1120974.3.peg.2812.site.69, 165, 210, 375
1120974.3.peg.2812.site.70, 0, 213, 213
1120974.3.peg.2812.site.71, 9, 215, 224
1120974.3.peg.2812.site.72, 190, 212, 402
1120974.3.peg.2812.site.73, 169, 209, 378
1120974.3.peg.2812.site.74, 196, 210, 406
1120974.3.peg.2812.site.75, 7, 210, 217
1120974.3.peg.2812.site.76, 3, 213, 216
1120974.3.peg.2813.site.1, 8, 215, 223
1120974.3.peg.2813.site.2, 182, 213, 395
1120974.3.peg.2813.site.3, 4, 216, 220
1120974.3.peg.2813.site.4, 11, 214, 225
1120974.3.peg.2813.site.5, 184, 214, 398
1120974.3.peg.2813.site.6, 184, 213, 397
1120974.3.peg.2813.site.7, 1, 216, 217
1120974.3.peg.2813.site.8, 181, 214, 395
1120974.3.peg.2813.site.9, 0, 215, 215
1120974.3.peg.2813.site.10, 213, 215, 428
1120974.3.peg.2813.site.11, 3, 216, 219
1120974.3.peg.2814.site.1, 0, 129, 129
1120974.3.peg.2814.site.2, 1, 33, 34
1120974.3.peg.2814.site.3, 4, 45, 49
1120974.3.peg.2814.site.4, 3, 106, 109
1120974.3.peg.2814.site.5, 159, 192, 351
1120974.3.peg.2814.site.6, 167, 199, 366
1120974.3.peg.2814.site.7, 8, 212, 220
1120974.3.peg.2814.site.8, 179, 211, 390
1120974.3.peg.2814.site.9, 179, 211, 390
1120974.3.peg.2814.site.10, 0, 214, 214
1120974.3.peg.2814.site.11, 183, 213, 396
1120974.3.peg.2814.site.12, 198, 213, 411
1120974.3.peg.2814.site.13, 181, 212, 393
1120974.3.peg.2814.site.14, 4, 215, 219
1120974.3.peg.2814.site.15, 184, 215, 399
1120974.3.peg.2814.site.16, 185, 214, 399
1120974.3.peg.2814.site.17, 188, 209, 397
1120974.3.peg.2814.site.18, 22, 195, 217
1120974.3.peg.2814.site.19, 116, 124, 240
1120974.3.peg.2814.site.20, 1, 97, 98
1120974.3.peg.2814.site.21, 5, 103, 108
1120974.3.peg.2814.site.22, 77, 102, 179
1120974.3.peg.2814.site.23, 8, 84, 92
1120974.3.peg.2814.site.24, 12, 39, 51
1120974.3.peg.2816.site.1, 9, 32, 41
1120974.3.peg.2816.site.2, 104, 201, 305
1120974.3.peg.2816.site.3, 8, 213, 221
1120974.3.peg.2816.site.4, 102, 208, 310
1120974.3.peg.2816.site.5, 101, 207, 308
1120974.3.peg.2816.site.6, 172, 215, 387
1120974.3.peg.2816.site.7, 0, 214, 214
1120974.3.peg.2816.site.8, 0, 215, 215
1120974.3.peg.2816.site.9, 162, 207, 369
1120974.3.peg.2816.site.10, 0, 214, 214
1120974.3.peg.2816.site.11, 156, 202, 358
1120974.3.peg.2817.site.1, 1, 211, 212
1120974.3.peg.2817.site.2, 0, 210, 210
1120974.3.peg.2817.site.3, 0, 216, 216
1120974.3.peg.2817.site.4, 20, 211, 231
1120974.3.peg.2817.site.5, 21, 212, 233
1120974.3.peg.2817.site.6, 3, 212, 215
1120974.3.peg.2817.site.7, 102, 210, 312
1120974.3.peg.2817.site.8, 4, 213, 217
1120974.3.peg.2817.site.9, 4, 214, 218
1120974.3.peg.2817.site.10, 0, 216, 216
1120974.3.peg.2817.site.11, 106, 209, 315
1120974.3.peg.2817.site.12, 212, 214, 426
1120974.3.peg.2817.site.13, 81, 213, 294
1120974.3.peg.2817.site.14, 0, 216, 216
1120974.3.peg.2817.site.15, 20, 214, 234
1120974.3.peg.2817.site.16, 0, 215, 215
1120974.3.peg.2817.site.17, 1, 215, 216
1120974.3.peg.2817.site.18, 2, 215, 217
1120974.3.peg.2817.site.19, 197, 213, 410
1120974.3.peg.2817.site.20, 102, 208, 310
1120974.3.peg.2817.site.21, 106, 210, 316
1120974.3.peg.2817.site.22, 38, 214, 252
1120974.3.peg.2818.site.1, 1, 215, 216
1120974.3.peg.2818.site.2, 107, 212, 319
1120974.3.peg.2818.site.3, 93, 209, 302
1120974.3.peg.2818.site.4, 2, 216, 218
1120974.3.peg.2818.site.5, 2, 215, 217
1120974.3.peg.2818.site.6, 0, 198, 198
1120974.3.peg.2818.site.7, 0, 200, 200
1120974.3.peg.2819.site.1, 166, 188, 354
1120974.3.peg.2819.site.2, 0, 214, 214
1120974.3.peg.2819.site.3, 0, 214, 214
1120974.3.peg.2819.site.4, 4, 215, 219
1120974.3.peg.2819.site.5, 122, 212, 334
1120974.3.peg.2819.site.6, 191, 213, 404
1120974.3.peg.2819.site.7, 127, 211, 338
1120974.3.peg.2819.site.8, 126, 209, 335
1120974.3.peg.2819.site.9, 146, 211, 357
1120974.3.peg.2819.site.10, 204, 214, 418
1120974.3.peg.2819.site.11, 9, 215, 224
1120974.3.peg.2819.site.12, 7, 214, 221
1120974.3.peg.2819.site.13, 26, 214, 240
1120974.3.peg.2819.site.14, 117, 211, 328
1120974.3.peg.2819.site.15, 143, 210, 353
1120974.3.peg.2819.site.16, 1, 216, 217
1120974.3.peg.2819.site.17, 2, 177, 179
1120974.3.peg.2819.site.18, 114, 167, 281
1120974.3.peg.2819.site.19, 98, 172, 270
1120974.3.peg.2819.site.20, 9, 192, 201
1120974.3.peg.2819.site.21, 0, 209, 209
1120974.3.peg.2819.site.22, 1, 214, 215
1120974.3.peg.2819.site.23, 28, 214, 242
1120974.3.peg.2819.site.24, 0, 215, 215
1120974.3.peg.2819.site.25, 26, 212, 238
1120974.3.peg.2819.site.26, 5, 215, 220
1120974.3.peg.2819.site.27, 144, 207, 351
1120974.3.peg.2819.site.28, 28, 214, 242
1120974.3.peg.2819.site.29, 10, 214, 224
1120974.3.peg.2819.site.30, 0, 216, 216
1120974.3.peg.2819.site.31, 2, 213, 215
1120974.3.peg.2819.site.32, 173, 198, 371
1120974.3.peg.2819.site.33, 0, 194, 194
1120974.3.peg.967.site.1, 0, 215, 215
1120974.3.peg.967.site.2, 138, 211, 349
1120974.3.peg.967.site.3, 139, 211, 350
1120974.3.peg.967.site.4, 211, 215, 426
1120974.3.peg.967.site.5, 141, 212, 353
1120974.3.peg.967.site.6, 141, 212, 353
1120974.3.peg.967.site.7, 4, 211, 215
1120974.3.peg.967.site.8, 0, 212, 212
1120974.3.peg.967.site.9, 0, 210, 210
1120974.3.peg.967.site.10, 127, 198, 325
1120974.3.peg.967.site.11, 129, 198, 327
1120974.3.peg.967.site.12, 0, 191, 191
1120974.3.peg.967.site.13, 0, 188, 188
1120974.3.peg.967.site.14, 0, 175, 175
1120974.3.peg.967.site.15, 79, 145, 224
1120974.3.peg.967.site.16, 161, 197, 358
1120974.3.peg.967.site.17, 8, 183, 191
1120974.3.peg.967.site.18, 0, 110, 110
1120974.3.peg.967.site.19, 104, 136, 240
1120974.3.peg.967.site.20, 0, 142, 142
1120974.3.peg.967.site.21, 93, 128, 221
1120974.3.peg.967.site.22, 71, 108, 179
1120974.3.peg.967.site.23, 1, 119, 120
1120974.3.peg.966.site.1, 5, 213, 218
1120974.3.peg.966.site.2, 4, 216, 220
1120974.3.peg.966.site.3, 2, 212, 214
1120974.3.peg.966.site.4, 141, 209, 350
1120974.3.peg.966.site.5, 63, 208, 271
1120974.3.peg.966.site.6, 129, 198, 327
1120974.3.peg.966.site.7, 37, 205, 242
1120974.3.peg.966.site.8, 124, 195, 319
1120974.3.peg.965.site.1, 5, 212, 217
1120974.3.peg.965.site.2, 141, 211, 352
1120974.3.peg.965.site.3, 0, 216, 216
1120974.3.peg.965.site.4, 4, 209, 213
1120974.3.peg.965.site.5, 5, 163, 168
1120974.3.peg.965.site.6, 8, 48, 56
1120974.3.peg.965.site.7, 1, 41, 42
1120974.3.peg.965.site.8, 20, 60, 80
1120974.3.peg.965.site.9, 183, 210, 393
1120974.3.peg.965.site.10, 0, 215, 215
1120974.3.peg.965.site.11, 0, 215, 215
1120974.3.peg.965.site.12, 182, 215, 397
1120974.3.peg.965.site.13, 179, 215, 394
1120974.3.peg.965.site.14, 29, 39, 68
1120974.3.peg.965.site.15, 2, 39, 41
1120974.3.peg.965.site.16, 1, 38, 39
1120974.3.peg.965.site.17, 81, 113, 194
1120974.3.peg.965.site.18, 4, 199, 203
1120974.3.peg.965.site.19, 33, 210, 243
1120974.3.peg.965.site.20, 32, 211, 243
1120974.3.peg.965.site.21, 32, 212, 244
1120974.3.peg.965.site.22, 0, 215, 215
1120974.3.peg.965.site.23, 5, 214, 219
1120974.3.peg.965.site.24, 33, 213, 246
1120974.3.peg.965.site.25, 2, 207, 209
1120974.3.peg.964.site.1, 38, 207, 245
1120974.3.peg.963.site.1, 39, 214, 253
1120974.3.peg.963.site.2, 2, 214, 216
1120974.3.peg.963.site.3, 40, 216, 256
1120974.3.peg.963.site.4, 157, 213, 370
1120974.3.peg.963.site.5, 2, 211, 213
1120974.3.peg.963.site.6, 0, 214, 214
1120974.3.peg.963.site.7, 103, 209, 312
1120974.3.peg.963.site.8, 9, 210, 219
1120974.3.peg.963.site.9, 135, 198, 333
1120974.3.peg.963.site.10, 2, 203, 205
1120974.3.peg.963.site.11, 2, 194, 196
1120974.3.peg.963.site.12, 4, 212, 216
1120974.3.peg.963.site.13, 141, 211, 352
1120974.3.peg.963.site.14, 2, 207, 209
1120974.3.peg.963.site.15, 207, 207, 414
1120974.3.peg.963.site.16, 1, 210, 211
1120974.3.peg.963.site.17, 71, 209, 280
1120974.3.peg.962.site.1, 1, 216, 217
1120974.3.peg.962.site.2, 19, 215, 234
1120974.3.peg.962.site.3, 2, 215, 217
1120974.3.peg.962.site.4, 214, 215, 429
1120974.3.peg.962.site.5, 2, 214, 216
1120974.3.peg.962.site.6, 1, 215, 216
1120974.3.peg.962.site.7, 186, 211, 397
1120974.3.peg.962.site.8, 7, 211, 218
1120974.3.peg.962.site.9, 2, 213, 215
1120974.3.peg.962.site.10, 2, 213, 215
1120974.3.peg.962.site.11, 10, 214, 224
1120974.3.peg.962.site.12, 2, 216, 218
1120974.3.peg.962.site.13, 29, 212, 241
1120974.3.peg.962.site.14, 2, 216, 218
1120974.3.peg.962.site.15, 0, 216, 216
1120974.3.peg.962.site.16, 173, 211, 384
1120974.3.peg.962.site.17, 2, 216, 218
1120974.3.peg.962.site.18, 1, 197, 198
1120974.3.peg.962.site.19, 208, 208, 416
1120974.3.peg.962.site.20, 2, 216, 218
1120974.3.peg.962.site.21, 5, 215, 220
1120974.3.peg.962.site.22, 121, 203, 324
1120974.3.peg.962.site.23, 2, 215, 217
1120974.3.peg.962.site.24, 2, 214, 216
1120974.3.peg.962.site.25, 14, 211, 225
1120974.3.peg.962.site.26, 15, 210, 225
1120974.3.peg.962.site.27, 170, 211, 381
1120974.3.peg.962.site.28, 173, 212, 385
1120974.3.peg.962.site.29, 35, 211, 246
1120974.3.peg.962.site.30, 4, 216, 220
1120974.3.peg.962.site.31, 13, 215, 228
1120974.3.peg.962.site.32, 74, 211, 285
1120974.3.peg.962.site.33, 173, 213, 386
1120974.3.peg.962.site.34, 45, 214, 259
1120974.3.peg.962.site.35, 45, 215, 260
1120974.3.peg.962.site.36, 4, 216, 220
1120974.3.peg.962.site.37, 1, 216, 217
1120974.3.peg.962.site.38, 2, 215, 217
1120974.3.peg.962.site.39, 167, 212, 379
1120974.3.peg.962.site.40, 2, 214, 216
1120974.3.peg.962.site.41, 0, 214, 214
1120974.3.peg.962.site.42, 0, 215, 215
1120974.3.peg.962.site.43, 12, 215, 227
1120974.3.peg.962.site.44, 2, 216, 218
1120974.3.peg.962.site.45, 2, 212, 214
1120974.3.peg.962.site.46, 2, 214, 216
1120974.3.peg.962.site.47, 2, 212, 214
1120974.3.peg.962.site.48, 31, 208, 239
1120974.3.peg.962.site.49, 2, 197, 199
1120974.3.peg.962.site.50, 167, 169, 336
1120974.3.peg.962.site.51, 0, 126, 126
1120974.3.peg.962.site.52, 1, 130, 131
1120974.3.peg.962.site.53, 27, 144, 171
1120974.3.peg.962.site.54, 155, 205, 360
1120974.3.peg.962.site.55, 172, 173, 345
1120974.3.peg.962.site.56, 4, 183, 187
1120974.3.peg.962.site.57, 69, 179, 248
1120974.3.peg.962.site.58, 192, 192, 384
1120974.3.peg.962.site.59, 45, 214, 259
1120974.3.peg.962.site.60, 96, 205, 301
1120974.3.peg.962.site.61, 203, 212, 415
1120974.3.peg.962.site.62, 2, 214, 216
1120974.3.peg.962.site.63, 2, 216, 218
1120974.3.peg.962.site.64, 0, 215, 215
1120974.3.peg.961.site.1, 3, 138, 141
1120974.3.peg.961.site.2, 168, 210, 378
1120974.3.peg.961.site.3, 3, 213, 216
1120974.3.peg.961.site.4, 122, 155, 277
1120974.3.peg.961.site.5, 164, 164, 328
1120974.3.peg.961.site.6, 1, 161, 162
1120974.3.peg.961.site.7, 1, 163, 164
1120974.3.peg.961.site.8, 5, 164, 169
1120974.3.peg.961.site.9, 122, 164, 286
1120974.3.peg.961.site.10, 127, 168, 295
1120974.3.peg.961.site.11, 150, 191, 341
1120974.3.peg.961.site.12, 2, 207, 209
1120974.3.peg.961.site.13, 2, 211, 213
1120974.3.peg.961.site.14, 167, 210, 377
1120974.3.peg.961.site.15, 2, 210, 212
1120974.3.peg.961.site.16, 166, 210, 376
1120974.3.peg.961.site.17, 2, 213, 215
1120974.3.peg.961.site.18, 2, 208, 210
1120974.3.peg.961.site.19, 2, 206, 208
1120974.3.peg.961.site.20, 5, 195, 200
1120974.3.peg.961.site.21, 0, 192, 192
1120974.3.peg.961.site.22, 1, 187, 188
1120974.3.peg.961.site.23, 1, 178, 179
1120974.3.peg.961.site.24, 118, 152, 270
1120974.3.peg.961.site.25, 116, 152, 268
1120974.3.peg.961.site.26, 135, 171, 306
1120974.3.peg.961.site.27, 2, 206, 208
1120974.3.peg.961.site.28, 2, 199, 201
1120974.3.peg.961.site.29, 74, 114, 188
1120974.3.peg.961.site.30, 14, 50, 64
1120974.3.peg.961.site.31, 3, 24, 27
1120974.3.peg.961.site.32, 1, 22, 23
1120974.3.peg.961.site.33, 14, 16, 30
1120974.3.peg.961.site.34, 3, 20, 23
1120974.3.peg.961.site.35, 188, 212, 400
1120974.3.peg.961.site.36, 5, 216, 221
1120974.3.peg.961.site.37, 2, 216, 218
1120974.3.peg.960.site.1, 169, 210, 379
1120974.3.peg.960.site.2, 161, 208, 369
1120974.3.peg.960.site.3, 151, 194, 345
1120974.3.peg.960.site.4, 157, 198, 355
1120974.3.peg.960.site.5, 6, 202, 208
1120974.3.peg.960.site.6, 10, 212, 222
1120974.3.peg.960.site.7, 158, 204, 362
1120974.3.peg.960.site.8, 104, 146, 250
1120974.3.peg.969.site.1, 128, 161, 289
1120974.3.peg.969.site.2, 138, 171, 309
1120974.3.peg.969.site.3, 22, 57, 79
1120974.3.peg.969.site.4, 3, 37, 40
1120974.3.peg.969.site.5, 25, 36, 61
1120974.3.peg.969.site.6, 25, 35, 60
1120974.3.peg.969.site.7, 18, 53, 71
1120974.3.peg.969.site.8, 123, 157, 280
1120974.3.peg.969.site.9, 16, 195, 211
1120974.3.peg.969.site.10, 135, 202, 337
1120974.3.peg.969.site.11, 131, 199, 330
1120974.3.peg.969.site.12, 23, 202, 225
1120974.3.peg.969.site.13, 81, 150, 231
1120974.3.peg.969.site.14, 107, 148, 255
1120974.3.peg.969.site.15, 4, 165, 169
1120974.3.peg.969.site.16, 158, 195, 353
1120974.3.peg.969.site.17, 95, 134, 229
1120974.3.peg.969.site.18, 23, 62, 85
1120974.3.peg.969.site.19, 16, 56, 72
1120974.3.peg.969.site.20, 39, 64, 103
1120974.3.peg.969.site.21, 185, 191, 376
1120974.3.peg.969.site.22, 16, 206, 222
1120974.3.peg.969.site.23, 167, 195, 362
1120974.3.peg.969.site.24, 175, 203, 378
1120974.3.peg.969.site.25, 152, 179, 331
1120974.3.peg.969.site.26, 49, 77, 126
1120974.3.peg.969.site.27, 12, 38, 50
1120974.3.peg.969.site.28, 1, 44, 45
1120974.3.peg.969.site.29, 4, 31, 35
1120974.3.peg.969.site.30, 2, 158, 160
1120974.3.peg.969.site.31, 181, 206, 387
1120974.3.peg.969.site.32, 9, 212, 221
1120974.3.peg.969.site.33, 65, 92, 157
1120974.3.peg.969.site.34, 10, 38, 48
1120974.3.peg.969.site.35, 12, 40, 52
1120974.3.peg.969.site.36, 186, 209, 395
1120974.3.peg.969.site.37, 9, 214, 223
1120974.3.peg.969.site.38, 184, 209, 393
1120974.3.peg.969.site.39, 180, 205, 385
1120974.3.peg.969.site.40, 91, 117, 208
1120974.3.peg.969.site.41, 119, 146, 265
1120974.3.peg.969.site.42, 177, 203, 380
1120974.3.peg.968.site.1, 4, 61, 65
1120974.3.peg.968.site.2, 27, 60, 87
1120974.3.peg.968.site.3, 4, 83, 87
1120974.3.peg.968.site.4, 77, 103, 180
1120974.3.peg.968.site.5, 5, 127, 132
1120974.3.peg.968.site.6, 179, 179, 358
1120974.3.peg.968.site.7, 154, 185, 339
1120974.3.peg.968.site.8, 5, 210, 215
1120974.3.peg.968.site.9, 185, 214, 399
1120974.3.peg.968.site.10, 77, 90, 167
1120974.3.peg.968.site.11, 41, 68, 109
1120974.3.peg.968.site.12, 7, 46, 53
1120974.3.peg.968.site.13, 29, 68, 97
1120974.3.peg.2499.site.1, 58, 213, 271
1120974.3.peg.2499.site.2, 1, 216, 217
1120974.3.peg.2499.site.3, 0, 215, 215
1120974.3.peg.2499.site.4, 0, 216, 216
1120974.3.peg.2499.site.5, 70, 214, 284
1120974.3.peg.2499.site.6, 86, 208, 294
1120974.3.peg.2499.site.7, 91, 184, 275
1120974.3.peg.2499.site.8, 73, 167, 240
1120974.3.peg.2499.site.9, 124, 210, 334
1120974.3.peg.2499.site.10, 125, 208, 333
1120974.3.peg.2499.site.11, 127, 210, 337
1120974.3.peg.2499.site.12, 4, 215, 219
1120974.3.peg.2499.site.13, 0, 216, 216
1120974.3.peg.2499.site.14, 68, 215, 283
1120974.3.peg.2499.site.15, 126, 212, 338
1120974.3.peg.2499.site.16, 64, 211, 275
1120974.3.peg.2499.site.17, 0, 214, 214
1120974.3.peg.2499.site.18, 0, 209, 209
1120974.3.peg.2499.site.19, 39, 188, 227
1120974.3.peg.2499.site.20, 186, 206, 392
1120974.3.peg.2499.site.21, 1, 214, 215
1120974.3.peg.2499.site.22, 64, 213, 277
1120974.3.peg.2499.site.23, 61, 210, 271
1120974.3.peg.2499.site.24, 50, 200, 250
1120974.3.peg.2499.site.25, 4, 212, 216
1120974.3.peg.2499.site.26, 0, 215, 215
1120974.3.peg.2499.site.27, 1, 215, 216
1120974.3.peg.2499.site.28, 5, 215, 220
1120974.3.peg.2368.site.1, 0, 215, 215
1120974.3.peg.2368.site.2, 2, 216, 218
1120974.3.peg.2368.site.3, 8, 215, 223
1120974.3.peg.2368.site.4, 1, 214, 215
1120974.3.peg.2368.site.5, 1, 215, 216
1120974.3.peg.2368.site.6, 67, 210, 277
1120974.3.peg.2368.site.7, 8, 213, 221
1120974.3.peg.2368.site.8, 1, 212, 213
1120974.3.peg.2368.site.9, 66, 209, 275
1120974.3.peg.2368.site.10, 11, 212, 223
1120974.3.peg.2368.site.11, 1, 205, 206
1120974.3.peg.2368.site.12, 1, 205, 206
1120974.3.peg.2368.site.13, 5, 216, 221
1120974.3.peg.2368.site.14, 13, 213, 226
1120974.3.peg.2368.site.15, 10, 213, 223
1120974.3.peg.2368.site.16, 10, 201, 211
1120974.3.peg.2368.site.17, 59, 197, 256
1120974.3.peg.2368.site.18, 34, 189, 223
1120974.3.peg.2368.site.19, 6, 215, 221
1120974.3.peg.2368.site.20, 6, 216, 222
1120974.3.peg.2369.site.1, 54, 212, 266
1120974.3.peg.2369.site.2, 0, 194, 194
1120974.3.peg.2369.site.3, 2, 196, 198
1120974.3.peg.2369.site.4, 44, 194, 238
1120974.3.peg.2369.site.5, 40, 195, 235
1120974.3.peg.2369.site.6, 2, 205, 207
1120974.3.peg.2369.site.7, 0, 212, 212
1120974.3.peg.2369.site.8, 0, 213, 213
1120974.3.peg.2369.site.9, 0, 210, 210
1120974.3.peg.2369.site.10, 0, 215, 215
1120974.3.peg.2369.site.11, 4, 213, 217
1120974.3.peg.2369.site.12, 1, 212, 213
1120974.3.peg.2369.site.13, 2, 212, 214
1120974.3.peg.2369.site.14, 0, 209, 209
1120974.3.peg.2369.site.15, 0, 208, 208
1120974.3.peg.2369.site.16, 0, 209, 209
1120974.3.peg.2366.site.1, 2, 215, 217
1120974.3.peg.2366.site.2, 1, 216, 217
1120974.3.peg.2366.site.3, 166, 213, 379
1120974.3.peg.2366.site.4, 0, 216, 216
1120974.3.peg.2366.site.5, 7, 214, 221
1120974.3.peg.2366.site.6, 0, 215, 215
1120974.3.peg.2366.site.7, 3, 216, 219
1120974.3.peg.2367.site.1, 49, 214, 263
1120974.3.peg.2367.site.2, 2, 216, 218
1120974.3.peg.2367.site.3, 2, 215, 217
1120974.3.peg.2367.site.4, 55, 206, 261
1120974.3.peg.2367.site.5, 55, 206, 261
1120974.3.peg.2367.site.6, 1, 215, 216
1120974.3.peg.2367.site.7, 35, 215, 250
1120974.3.peg.2367.site.8, 35, 212, 247
1120974.3.peg.2367.site.9, 51, 208, 259
1120974.3.peg.2367.site.10, 0, 211, 211
1120974.3.peg.2367.site.11, 0, 209, 209
1120974.3.peg.2367.site.12, 2, 193, 195
1120974.3.peg.2367.site.13, 1, 192, 193
1120974.3.peg.2367.site.14, 1, 187, 188
1120974.3.peg.2367.site.15, 43, 169, 212
1120974.3.peg.2367.site.16, 1, 169, 170
1120974.3.peg.2367.site.17, 0, 216, 216
1120974.3.peg.2367.site.18, 6, 215, 221
1120974.3.peg.2367.site.19, 1, 215, 216
1120974.3.peg.2367.site.20, 0, 211, 211
1120974.3.peg.2367.site.21, 65, 214, 279
1120974.3.peg.2367.site.22, 2, 214, 216
1120974.3.peg.2367.site.23, 5, 201, 206
1120974.3.peg.2367.site.24, 0, 215, 215
1120974.3.peg.2364.site.1, 171, 215, 386
1120974.3.peg.2364.site.2, 5, 210, 215
1120974.3.peg.2364.site.3, 117, 206, 323
1120974.3.peg.2364.site.4, 119, 207, 326
1120974.3.peg.2364.site.5, 159, 200, 359
1120974.3.peg.2364.site.6, 0, 202, 202
1120974.3.peg.2364.site.7, 3, 196, 199
1120974.3.peg.2364.site.8, 114, 195, 309
1120974.3.peg.2364.site.9, 9, 204, 213
1120974.3.peg.2364.site.10, 119, 202, 321
1120974.3.peg.2364.site.11, 1, 209, 210
1120974.3.peg.2364.site.12, 4, 208, 212
1120974.3.peg.2364.site.13, 51, 209, 260
1120974.3.peg.2364.site.14, 9, 212, 221
1120974.3.peg.2364.site.15, 113, 209, 322
1120974.3.peg.2365.site.1, 95, 187, 282
1120974.3.peg.2365.site.2, 4, 213, 217
1120974.3.peg.2365.site.3, 171, 206, 377
1120974.3.peg.2365.site.4, 142, 197, 339
1120974.3.peg.2365.site.5, 166, 202, 368
1120974.3.peg.2365.site.6, 3, 205, 208
1120974.3.peg.2365.site.7, 145, 191, 336
1120974.3.peg.2365.site.8, 5, 207, 212
1120974.3.peg.2365.site.9, 173, 208, 381
1120974.3.peg.2365.site.10, 0, 215, 215
1120974.3.peg.2365.site.11, 163, 214, 377
1120974.3.peg.2365.site.12, 1, 215, 216
1120974.3.peg.2365.site.13, 4, 184, 188
1120974.3.peg.2365.site.14, 1, 215, 216
1120974.3.peg.2362.site.1, 0, 211, 211
1120974.3.peg.2362.site.2, 98, 208, 306
1120974.3.peg.2362.site.3, 78, 210, 288
1120974.3.peg.2362.site.4, 79, 212, 291
1120974.3.peg.2362.site.5, 6, 216, 222
1120974.3.peg.2362.site.6, 123, 213, 336
1120974.3.peg.2362.site.7, 1, 214, 215
1120974.3.peg.2362.site.8, 93, 212, 305
1120974.3.peg.2362.site.9, 2, 216, 218
1120974.3.peg.2362.site.10, 31, 213, 244
1120974.3.peg.2362.site.11, 1, 215, 216
1120974.3.peg.2362.site.12, 38, 214, 252
1120974.3.peg.2362.site.13, 1, 215, 216
1120974.3.peg.2362.site.14, 33, 214, 247
1120974.3.peg.2362.site.15, 30, 212, 242
1120974.3.peg.2362.site.16, 22, 212, 234
1120974.3.peg.2362.site.17, 107, 181, 288
1120974.3.peg.2362.site.18, 91, 177, 268
1120974.3.peg.2362.site.19, 2, 177, 179
1120974.3.peg.2362.site.20, 2, 180, 182
1120974.3.peg.2362.site.21, 100, 180, 280
1120974.3.peg.2362.site.22, 10, 187, 197
1120974.3.peg.2362.site.23, 93, 208, 301
1120974.3.peg.2362.site.24, 95, 211, 306
1120974.3.peg.2362.site.25, 0, 216, 216
1120974.3.peg.2362.site.26, 0, 215, 215
1120974.3.peg.2362.site.27, 2, 104, 106
1120974.3.peg.2362.site.28, 46, 149, 195
1120974.3.peg.2362.site.29, 0, 171, 171
1120974.3.peg.2362.site.30, 0, 216, 216
1120974.3.peg.2362.site.31, 71, 209, 280
1120974.3.peg.2362.site.32, 70, 210, 280
1120974.3.peg.2362.site.33, 57, 207, 264
1120974.3.peg.2362.site.34, 0, 216, 216
1120974.3.peg.2362.site.35, 6, 215, 221
1120974.3.peg.2362.site.36, 130, 212, 342
1120974.3.peg.2362.site.37, 213, 216, 429
1120974.3.peg.2362.site.38, 79, 212, 291
1120974.3.peg.2362.site.39, 77, 211, 288
1120974.3.peg.2363.site.1, 1, 199, 200
1120974.3.peg.2363.site.2, 75, 211, 286
1120974.3.peg.2363.site.3, 70, 209, 279
1120974.3.peg.2363.site.4, 1, 215, 216
1120974.3.peg.2363.site.5, 0, 214, 214
1120974.3.peg.2363.site.6, 7, 210, 217
1120974.3.peg.2363.site.7, 27, 214, 241
1120974.3.peg.2363.site.8, 2, 214, 216
1120974.3.peg.2363.site.9, 46, 212, 258
1120974.3.peg.2363.site.10, 128, 204, 332
1120974.3.peg.2363.site.11, 120, 196, 316
1120974.3.peg.2363.site.12, 5, 204, 209
1120974.3.peg.2363.site.13, 124, 196, 320
1120974.3.peg.2363.site.14, 7, 177, 184
1120974.3.peg.2363.site.15, 0, 209, 209
1120974.3.peg.2363.site.16, 184, 205, 389
1120974.3.peg.2363.site.17, 1, 208, 209
1120974.3.peg.2363.site.18, 3, 209, 212
1120974.3.peg.2363.site.19, 1, 209, 210
1120974.3.peg.2363.site.20, 15, 211, 226
1120974.3.peg.2363.site.21, 2, 210, 212
1120974.3.peg.2363.site.22, 0, 213, 213
1120974.3.peg.2363.site.23, 1, 215, 216
1120974.3.peg.2363.site.24, 3, 213, 216
1120974.3.peg.2363.site.25, 0, 216, 216
1120974.3.peg.2363.site.26, 0, 214, 214
1120974.3.peg.2363.site.27, 4, 215, 219
1120974.3.peg.2363.site.28, 0, 213, 213
1120974.3.peg.2363.site.29, 0, 216, 216
1120974.3.peg.2363.site.30, 92, 210, 302
1120974.3.peg.2363.site.31, 16, 216, 232
1120974.3.peg.2363.site.32, 4, 215, 219
1120974.3.peg.2363.site.33, 0, 215, 215
1120974.3.peg.2363.site.34, 4, 214, 218
1120974.3.peg.2363.site.35, 159, 215, 374
1120974.3.peg.2363.site.36, 11, 213, 224
1120974.3.peg.2965.site.1, 97, 128, 225
1120974.3.peg.2965.site.2, 0, 141, 141
1120974.3.peg.2965.site.3, 135, 143, 278
1120974.3.peg.2965.site.4, 124, 155, 279
1120974.3.peg.2965.site.5, 148, 180, 328
1120974.3.peg.2965.site.6, 122, 210, 332
1120974.3.peg.2965.site.7, 4, 214, 218
1120974.3.peg.2965.site.8, 122, 211, 333
1120974.3.peg.2965.site.9, 40, 213, 253
1120974.3.peg.2965.site.10, 79, 211, 290
1120974.3.peg.2965.site.11, 42, 214, 256
1120974.3.peg.2965.site.12, 0, 195, 195
1120974.3.peg.2965.site.13, 207, 216, 423
1120974.3.peg.2965.site.14, 0, 214, 214
1120974.3.peg.2965.site.15, 0, 213, 213
1120974.3.peg.2965.site.16, 0, 215, 215
1120974.3.peg.2965.site.17, 48, 207, 255
1120974.3.peg.2965.site.18, 168, 212, 380
1120974.3.peg.2965.site.19, 142, 210, 352
1120974.3.peg.2965.site.20, 0, 209, 209
1120974.3.peg.2965.site.21, 49, 211, 260
1120974.3.peg.2965.site.22, 75, 211, 286
1120974.3.peg.2965.site.23, 77, 211, 288
1120974.3.peg.2965.site.24, 2, 215, 217
1120974.3.peg.2965.site.25, 74, 210, 284
1120974.3.peg.2965.site.26, 77, 212, 289
1120974.3.peg.2966.site.1, 4, 216, 220
1120974.3.peg.2966.site.2, 1, 216, 217
1120974.3.peg.2966.site.3, 160, 212, 372
1120974.3.peg.2966.site.4, 0, 215, 215
1120974.3.peg.2966.site.5, 116, 209, 325
1120974.3.peg.2966.site.6, 117, 210, 327
1120974.3.peg.2966.site.7, 54, 210, 264
1120974.3.peg.2966.site.8, 160, 212, 372
1120974.3.peg.2967.site.1, 4, 215, 219
1120974.3.peg.2967.site.2, 0, 214, 214
1120974.3.peg.2967.site.3, 180, 214, 394
1120974.3.peg.2967.site.4, 111, 206, 317
1120974.3.peg.2967.site.5, 1, 195, 196
1120974.3.peg.2967.site.6, 0, 192, 192
1120974.3.peg.2967.site.7, 1, 192, 193
1120974.3.peg.2967.site.8, 23, 199, 222
1120974.3.peg.2967.site.9, 0, 204, 204
1120974.3.peg.2967.site.10, 0, 207, 207
1120974.3.peg.2967.site.11, 16, 208, 224
1120974.3.peg.2967.site.12, 115, 200, 315
1120974.3.peg.2967.site.13, 1, 210, 211
1120974.3.peg.2967.site.14, 1, 212, 213
1120974.3.peg.2967.site.15, 19, 210, 229
1120974.3.peg.2967.site.16, 1, 212, 213
1120974.3.peg.2967.site.17, 1, 210, 211
1120974.3.peg.2967.site.18, 131, 202, 333
1120974.3.peg.2967.site.19, 134, 143, 277
1120974.3.peg.2967.site.20, 0, 181, 181
1120974.3.peg.2967.site.21, 82, 188, 270
1120974.3.peg.2967.site.22, 103, 197, 300
1120974.3.peg.2960.site.1, 0, 210, 210
1120974.3.peg.2960.site.2, 50, 208, 258
1120974.3.peg.2960.site.3, 17, 213, 230
1120974.3.peg.2960.site.4, 0, 212, 212
1120974.3.peg.2960.site.5, 51, 207, 258
1120974.3.peg.2960.site.6, 102, 150, 252
1120974.3.peg.2960.site.7, 142, 194, 336
1120974.3.peg.2960.site.8, 6, 215, 221
1120974.3.peg.2960.site.9, 5, 213, 218
1120974.3.peg.2960.site.10, 0, 213, 213
1120974.3.peg.2960.site.11, 2, 210, 212
1120974.3.peg.2960.site.12, 0, 209, 209
1120974.3.peg.2960.site.13, 152, 206, 358
1120974.3.peg.2960.site.14, 143, 196, 339
1120974.3.peg.2960.site.15, 7, 203, 210
1120974.3.peg.2960.site.16, 72, 208, 280
1120974.3.peg.2960.site.17, 74, 211, 285
1120974.3.peg.2960.site.18, 54, 211, 265
1120974.3.peg.2960.site.19, 216, 216, 432
1120974.3.peg.2960.site.20, 192, 212, 404
1120974.3.peg.2960.site.21, 51, 213, 264
1120974.3.peg.2960.site.22, 51, 213, 264
1120974.3.peg.2960.site.23, 50, 212, 262
1120974.3.peg.2960.site.24, 3, 214, 217
1120974.3.peg.2960.site.25, 50, 210, 260
1120974.3.peg.2960.site.26, 0, 215, 215
1120974.3.peg.2960.site.27, 51, 212, 263
1120974.3.peg.2960.site.28, 6, 215, 221
1120974.3.peg.2960.site.29, 190, 214, 404
1120974.3.peg.2960.site.30, 53, 215, 268
1120974.3.peg.2960.site.31, 0, 216, 216
1120974.3.peg.2960.site.32, 52, 212, 264
1120974.3.peg.2960.site.33, 51, 212, 263
1120974.3.peg.2960.site.34, 0, 216, 216
1120974.3.peg.2960.site.35, 202, 213, 415
1120974.3.peg.2960.site.36, 53, 212, 265
1120974.3.peg.2960.site.37, 0, 187, 187
1120974.3.peg.2960.site.38, 65, 204, 269
1120974.3.peg.2960.site.39, 117, 209, 326
1120974.3.peg.2960.site.40, 117, 211, 328
1120974.3.peg.2960.site.41, 67, 211, 278
1120974.3.peg.2960.site.42, 0, 214, 214
1120974.3.peg.2960.site.43, 8, 214, 222
1120974.3.peg.2960.site.44, 214, 214, 428
1120974.3.peg.2960.site.45, 186, 212, 398
1120974.3.peg.2960.site.46, 12, 215, 227
1120974.3.peg.2960.site.47, 3, 215, 218
1120974.3.peg.2960.site.48, 186, 214, 400
1120974.3.peg.2960.site.49, 111, 205, 316
1120974.3.peg.2960.site.50, 152, 181, 333
1120974.3.peg.2960.site.51, 21, 50, 71
1120974.3.peg.2960.site.52, 12, 40, 52
1120974.3.peg.2961.site.1, 41, 70, 111
1120974.3.peg.2961.site.2, 98, 138, 236
1120974.3.peg.2961.site.3, 49, 187, 236
1120974.3.peg.2961.site.4, 7, 196, 203
1120974.3.peg.2961.site.5, 101, 196, 297
1120974.3.peg.2961.site.6, 57, 190, 247
1120974.3.peg.2961.site.7, 164, 194, 358
1120974.3.peg.2961.site.8, 63, 202, 265
1120974.3.peg.2961.site.9, 66, 209, 275
1120974.3.peg.2961.site.10, 2, 216, 218
1120974.3.peg.2961.site.11, 1, 214, 215
1120974.3.peg.2961.site.12, 183, 211, 394
1120974.3.peg.2961.site.13, 184, 211, 395
1120974.3.peg.2961.site.14, 184, 210, 394
1120974.3.peg.2961.site.15, 197, 208, 405
1120974.3.peg.2961.site.16, 65, 205, 270
1120974.3.peg.2961.site.17, 182, 210, 392
1120974.3.peg.2961.site.18, 0, 215, 215
1120974.3.peg.2961.site.19, 1, 215, 216
1120974.3.peg.2961.site.20, 110, 205, 315
1120974.3.peg.2961.site.21, 3, 214, 217
1120974.3.peg.2961.site.22, 0, 215, 215
1120974.3.peg.2961.site.23, 110, 210, 320
1120974.3.peg.2961.site.24, 96, 196, 292
1120974.3.peg.2961.site.25, 31, 135, 166
1120974.3.peg.2961.site.26, 5, 108, 113
1120974.3.peg.2961.site.27, 4, 107, 111
1120974.3.peg.2961.site.28, 6, 109, 115
1120974.3.peg.2961.site.29, 11, 114, 125
1120974.3.peg.2961.site.30, 1, 201, 202
1120974.3.peg.2961.site.31, 4, 216, 220
1120974.3.peg.2961.site.32, 182, 213, 395
1120974.3.peg.2961.site.33, 0, 215, 215
1120974.3.peg.2961.site.34, 4, 216, 220
1120974.3.peg.2961.site.35, 186, 212, 398
1120974.3.peg.2961.site.36, 187, 213, 400
1120974.3.peg.2963.site.1, 107, 128, 235
1120974.3.peg.2963.site.2, 147, 169, 316
1120974.3.peg.2963.site.3, 150, 172, 322
1120974.3.peg.2963.site.4, 48, 144, 192
1120974.3.peg.2963.site.5, 80, 103, 183
1120974.3.peg.2963.site.6, 171, 193, 364
1120974.3.peg.2963.site.7, 177, 199, 376
1120974.3.peg.2963.site.8, 177, 199, 376
1120974.3.peg.2963.site.9, 11, 190, 201
1120974.3.peg.2963.site.10, 164, 186, 350
1120974.3.peg.2963.site.11, 1, 188, 189
1120974.3.peg.2963.site.12, 179, 200, 379
1120974.3.peg.2963.site.13, 146, 169, 315
1120974.3.peg.2963.site.14, 114, 137, 251
1120974.3.peg.2963.site.15, 106, 129, 235
1120974.3.peg.2963.site.16, 4, 63, 67
1120974.3.peg.2963.site.17, 14, 37, 51
1120974.3.peg.2963.site.18, 0, 75, 75
1120974.3.peg.2963.site.19, 51, 74, 125
1120974.3.peg.2963.site.20, 9, 79, 88
1120974.3.peg.2963.site.21, 0, 29, 29
1120974.3.peg.2963.site.22, 9, 29, 38
1120974.3.peg.2963.site.23, 51, 53, 104
1120974.3.peg.2963.site.24, 123, 143, 266
1120974.3.peg.2963.site.25, 113, 133, 246
1120974.3.peg.2963.site.26, 1, 52, 53
1120974.3.peg.2963.site.27, 13, 36, 49
1120974.3.peg.2963.site.28, 4, 21, 25
1120974.3.peg.2963.site.29, 12, 21, 33
1120974.3.peg.2963.site.30, 13, 22, 35
1120974.3.peg.2963.site.31, 5, 27, 32
1120974.3.peg.2963.site.32, 13, 35, 48
1120974.3.peg.2963.site.33, 6, 52, 58
1120974.3.peg.2963.site.34, 11, 139, 150
1120974.3.peg.2963.site.35, 25, 134, 159
1120974.3.peg.2963.site.36, 0, 115, 115
1120974.3.peg.2963.site.37, 74, 96, 170
1120974.3.peg.2963.site.38, 1, 83, 84
1120974.3.peg.2963.site.39, 44, 63, 107
1120974.3.peg.2963.site.40, 8, 24, 32
1120974.3.peg.2963.site.41, 14, 29, 43
1120974.3.peg.2963.site.42, 86, 88, 174
1120974.3.peg.2963.site.43, 172, 193, 365
1120974.3.peg.2963.site.44, 191, 210, 401
1120974.3.peg.2963.site.45, 0, 210, 210
1120974.3.peg.2963.site.46, 121, 202, 323
1120974.3.peg.2963.site.47, 50, 69, 119
1120974.3.peg.2963.site.48, 13, 32, 45
1120974.3.peg.2963.site.49, 3, 21, 24
1120974.3.peg.2963.site.50, 2, 20, 22
1120974.3.peg.2963.site.51, 14, 36, 50
1120974.3.peg.2963.site.52, 116, 135, 251
1120974.3.peg.2963.site.53, 139, 141, 280
1120974.3.peg.2963.site.54, 5, 144, 149
1120974.3.peg.2963.site.55, 67, 210, 277
1120974.3.peg.2963.site.56, 4, 215, 219
1120974.3.peg.2968.site.1, 3, 215, 218
1120974.3.peg.2968.site.2, 4, 216, 220
1120974.3.peg.2968.site.3, 1, 213, 214
1120974.3.peg.2968.site.4, 23, 210, 233
1120974.3.peg.2968.site.5, 1, 213, 214
1120974.3.peg.2968.site.6, 2, 214, 216
1120974.3.peg.2968.site.7, 158, 213, 371
1120974.3.peg.2968.site.8, 157, 211, 368
1120974.3.peg.2968.site.9, 2, 211, 213
1120974.3.peg.2968.site.10, 1, 213, 214
1120974.3.peg.2968.site.11, 1, 213, 214
1120974.3.peg.2968.site.12, 0, 212, 212
1120974.3.peg.2968.site.13, 0, 211, 211
1120974.3.peg.2762.site.1, 1, 213, 214
1120974.3.peg.2762.site.2, 177, 212, 389
1120974.3.peg.2762.site.3, 0, 210, 210
1120974.3.peg.2762.site.4, 170, 204, 374
1120974.3.peg.2762.site.5, 170, 204, 374
1120974.3.peg.2762.site.6, 6, 214, 220
1120974.3.peg.2762.site.7, 182, 212, 394
1120974.3.peg.2762.site.8, 0, 211, 211
1120974.3.peg.2762.site.9, 166, 196, 362
1120974.3.peg.2762.site.10, 0, 208, 208
1120974.3.peg.2762.site.11, 176, 207, 383
1120974.3.peg.2762.site.12, 107, 205, 312
1120974.3.peg.2762.site.13, 167, 200, 367
1120974.3.peg.2762.site.14, 132, 165, 297
1120974.3.peg.2762.site.15, 175, 206, 381
1120974.3.peg.2762.site.16, 2, 212, 214
1120974.3.peg.2762.site.17, 121, 153, 274
1120974.3.peg.2762.site.18, 54, 87, 141
1120974.3.peg.2762.site.19, 24, 58, 82
1120974.3.peg.2762.site.20, 17, 34, 51
1120974.3.peg.2762.site.21, 16, 37, 53
1120974.3.peg.2762.site.22, 0, 118, 118
1120974.3.peg.2762.site.23, 188, 216, 404
1120974.3.peg.2762.site.24, 1, 215, 216
1120974.3.peg.2762.site.25, 4, 216, 220
1120974.3.peg.2762.site.26, 185, 213, 398
1120974.3.peg.2762.site.27, 15, 215, 230
1120974.3.peg.2762.site.28, 188, 214, 402
1120974.3.peg.2762.site.29, 1, 215, 216
1120974.3.peg.2762.site.30, 188, 214, 402
1120974.3.peg.2762.site.31, 187, 213, 400
1120974.3.peg.2763.site.1, 4, 214, 218
1120974.3.peg.2763.site.2, 4, 215, 219
1120974.3.peg.2763.site.3, 0, 216, 216
1120974.3.peg.2763.site.4, 0, 214, 214
1120974.3.peg.2763.site.5, 4, 214, 218
1120974.3.peg.2763.site.6, 2, 215, 217
1120974.3.peg.2763.site.7, 4, 215, 219
1120974.3.peg.2763.site.8, 179, 207, 386
1120974.3.peg.2763.site.9, 199, 201, 400
1120974.3.peg.2763.site.10, 172, 199, 371
1120974.3.peg.2763.site.11, 2, 197, 199
1120974.3.peg.2763.site.12, 129, 158, 287
1120974.3.peg.2763.site.13, 129, 158, 287
1120974.3.peg.2763.site.14, 20, 154, 174
1120974.3.peg.2763.site.15, 2, 154, 156
1120974.3.peg.2763.site.16, 103, 125, 228
1120974.3.peg.2763.site.17, 117, 141, 258
1120974.3.peg.2763.site.18, 133, 159, 292
1120974.3.peg.2763.site.19, 5, 214, 219
1120974.3.peg.2763.site.20, 1, 215, 216
1120974.3.peg.2760.site.1, 0, 210, 210
1120974.3.peg.2760.site.2, 75, 212, 287
1120974.3.peg.2760.site.3, 13, 213, 226
1120974.3.peg.2760.site.4, 1, 213, 214
1120974.3.peg.2760.site.5, 0, 215, 215
1120974.3.peg.2760.site.6, 202, 210, 412
1120974.3.peg.2760.site.7, 93, 202, 295
1120974.3.peg.2761.site.1, 1, 213, 214
1120974.3.peg.2761.site.2, 203, 211, 414
1120974.3.peg.2761.site.3, 1, 215, 216
1120974.3.peg.2761.site.4, 91, 211, 302
1120974.3.peg.2761.site.5, 0, 215, 215
1120974.3.peg.2761.site.6, 72, 211, 283
1120974.3.peg.2761.site.7, 0, 216, 216
1120974.3.peg.2761.site.8, 0, 216, 216
1120974.3.peg.2761.site.9, 0, 216, 216
1120974.3.peg.2761.site.10, 99, 210, 309
1120974.3.peg.2761.site.11, 0, 213, 213
1120974.3.peg.2761.site.12, 206, 216, 422
1120974.3.peg.2761.site.13, 4, 214, 218
1120974.3.peg.2761.site.14, 69, 210, 279
1120974.3.peg.2761.site.15, 70, 211, 281
1120974.3.peg.2761.site.16, 66, 209, 275
1120974.3.peg.2761.site.17, 66, 213, 279
1120974.3.peg.2761.site.18, 61, 196, 257
1120974.3.peg.2761.site.19, 45, 189, 234
1120974.3.peg.2761.site.20, 52, 199, 251
1120974.3.peg.2761.site.21, 169, 213, 382
1120974.3.peg.2761.site.22, 0, 216, 216
1120974.3.peg.2764.site.1, 69, 209, 278
1120974.3.peg.2764.site.2, 20, 160, 180
1120974.3.peg.2764.site.3, 0, 145, 145
1120974.3.peg.2764.site.4, 2, 144, 146
1120974.3.peg.2764.site.5, 3, 147, 150
1120974.3.peg.2764.site.6, 7, 151, 158
1120974.3.peg.2764.site.7, 183, 212, 395
1120974.3.peg.2764.site.8, 2, 215, 217
1120974.3.peg.2764.site.9, 1, 213, 214
1120974.3.peg.2764.site.10, 72, 210, 282
1120974.3.peg.2764.site.11, 91, 207, 298
1120974.3.peg.2764.site.12, 132, 204, 336
1120974.3.peg.2764.site.13, 61, 199, 260
1120974.3.peg.2764.site.14, 56, 194, 250
1120974.3.peg.2764.site.15, 2, 214, 216
1120974.3.peg.2764.site.16, 102, 210, 312
1120974.3.peg.2764.site.17, 193, 214, 407
1120974.3.peg.2764.site.18, 18, 214, 232
1120974.3.peg.2764.site.19, 185, 214, 399
1120974.3.peg.2764.site.20, 13, 42, 55
1120974.3.peg.2765.site.1, 185, 212, 397
1120974.3.peg.2765.site.2, 0, 216, 216
1120974.3.peg.2560.site.1, 0, 215, 215
1120974.3.peg.2560.site.2, 1, 214, 215
1120974.3.peg.2560.site.3, 15, 215, 230
1120974.3.peg.2560.site.4, 21, 215, 236
1120974.3.peg.2560.site.5, 25, 215, 240
1120974.3.peg.2560.site.6, 34, 212, 246
1120974.3.peg.2560.site.7, 0, 211, 211
1120974.3.peg.2560.site.8, 0, 209, 209
1120974.3.peg.2560.site.9, 195, 211, 406
1120974.3.peg.2560.site.10, 0, 213, 213
1120974.3.peg.2560.site.11, 0, 214, 214
1120974.3.peg.2560.site.12, 0, 215, 215
1120974.3.peg.2560.site.13, 126, 211, 337
1120974.3.peg.2560.site.14, 4, 214, 218
1120974.3.peg.2560.site.15, 4, 215, 219
1120974.3.peg.2560.site.16, 58, 208, 266
1120974.3.peg.2560.site.17, 188, 209, 397
1120974.3.peg.2560.site.18, 173, 190, 363
1120974.3.peg.2560.site.19, 88, 159, 247
1120974.3.peg.2560.site.20, 5, 26, 31
1120974.3.peg.2563.site.1, 0, 216, 216
1120974.3.peg.2563.site.2, 191, 214, 405
1120974.3.peg.2563.site.3, 191, 214, 405
1120974.3.peg.2563.site.4, 190, 213, 403
1120974.3.peg.2563.site.5, 12, 215, 227
1120974.3.peg.2563.site.6, 193, 214, 407
1120974.3.peg.2563.site.7, 2, 216, 218
1120974.3.peg.2563.site.8, 30, 213, 243
1120974.3.peg.2563.site.9, 161, 214, 375
1120974.3.peg.2564.site.1, 192, 213, 405
1120974.3.peg.2564.site.2, 188, 212, 400
1120974.3.peg.2564.site.3, 20, 25, 45
1120974.3.peg.2564.site.4, 2, 27, 29
1120974.3.peg.2564.site.5, 47, 72, 119
1120974.3.peg.2564.site.6, 14, 36, 50
1120974.3.peg.2564.site.7, 17, 23, 40
1120974.3.peg.2564.site.8, 35, 58, 93
1120974.3.peg.2564.site.9, 68, 211, 279
1120974.3.peg.2564.site.10, 10, 211, 221
1120974.3.peg.2564.site.11, 43, 133, 176
1120974.3.peg.2564.site.12, 94, 116, 210
1120974.3.peg.2564.site.13, 70, 91, 161
1120974.3.peg.2564.site.14, 5, 103, 108
1120974.3.peg.2564.site.15, 6, 102, 108
1120974.3.peg.2564.site.16, 4, 118, 122
1120974.3.peg.2564.site.17, 4, 137, 141
1120974.3.peg.2564.site.18, 134, 136, 270
1120974.3.peg.2564.site.19, 26, 167, 193
1120974.3.peg.2564.site.20, 57, 196, 253
1120974.3.peg.2564.site.21, 0, 215, 215
1120974.3.peg.2564.site.22, 2, 215, 217
1120974.3.peg.2564.site.23, 2, 214, 216
1120974.3.peg.2564.site.24, 0, 213, 213
1120974.3.peg.2564.site.25, 2, 215, 217
1120974.3.peg.2564.site.26, 2, 216, 218
1120974.3.peg.2564.site.27, 214, 214, 428
1120974.3.peg.2564.site.28, 2, 214, 216
1120974.3.peg.2564.site.29, 2, 214, 216
1120974.3.peg.2564.site.30, 79, 210, 289
1120974.3.peg.2564.site.31, 15, 213, 228
1120974.3.peg.2564.site.32, 0, 214, 214
1120974.3.peg.2564.site.33, 0, 216, 216
1120974.3.peg.2564.site.34, 215, 215, 430
1120974.3.peg.2564.site.35, 2, 214, 216
1120974.3.peg.2564.site.36, 0, 213, 213
1120974.3.peg.2564.site.37, 0, 213, 213
1120974.3.peg.2564.site.38, 50, 213, 263
1120974.3.peg.2564.site.39, 38, 214, 252
1120974.3.peg.2564.site.40, 42, 215, 257
1120974.3.peg.2564.site.41, 39, 202, 241
1120974.3.peg.2564.site.42, 120, 176, 296
1120974.3.peg.2564.site.43, 2, 186, 188
1120974.3.peg.2564.site.44, 31, 172, 203
1120974.3.peg.2564.site.45, 26, 139, 165
1120974.3.peg.2564.site.46, 3, 141, 144
1120974.3.peg.2564.site.47, 142, 162, 304
1120974.3.peg.2564.site.48, 4, 194, 198
1120974.3.peg.2565.site.1, 4, 215, 219
1120974.3.peg.2565.site.2, 5, 213, 218
1120974.3.peg.2565.site.3, 137, 195, 332
1120974.3.peg.2565.site.4, 53, 215, 268
1120974.3.peg.2565.site.5, 5, 212, 217
1120974.3.peg.2565.site.6, 25, 184, 209
1120974.3.peg.2565.site.7, 38, 198, 236
1120974.3.peg.2565.site.8, 0, 216, 216
1120974.3.peg.2565.site.9, 0, 215, 215
1120974.3.peg.2565.site.10, 5, 216, 221
1120974.3.peg.2565.site.11, 52, 213, 265
1120974.3.peg.2565.site.12, 193, 212, 405
1120974.3.peg.2565.site.13, 46, 207, 253
1120974.3.peg.2565.site.14, 0, 213, 213
1120974.3.peg.2565.site.15, 213, 213, 426
1120974.3.peg.2565.site.16, 0, 211, 211
1120974.3.peg.2565.site.17, 55, 211, 266
1120974.3.peg.2565.site.18, 55, 213, 268
1120974.3.peg.2566.site.1, 155, 213, 368
1120974.3.peg.2566.site.2, 52, 214, 266
1120974.3.peg.2566.site.3, 50, 213, 263
1120974.3.peg.2566.site.4, 4, 215, 219
1120974.3.peg.2566.site.5, 146, 210, 356
1120974.3.peg.2566.site.6, 52, 212, 264
1120974.3.peg.2567.site.1, 5, 202, 207
1120974.3.peg.2567.site.2, 0, 216, 216
1120974.3.peg.2567.site.3, 193, 213, 406
1120974.3.peg.2567.site.4, 1, 215, 216
1120974.3.peg.2567.site.5, 0, 216, 216
1120974.3.peg.2567.site.6, 0, 216, 216
1120974.3.peg.2567.site.7, 114, 213, 327
1120974.3.peg.2567.site.8, 1, 216, 217
1120974.3.peg.2567.site.9, 0, 214, 214
1120974.3.peg.2567.site.10, 0, 215, 215
1120974.3.peg.2567.site.11, 113, 210, 323
1120974.3.peg.2567.site.12, 1, 215, 216
1120974.3.peg.2567.site.13, 0, 215, 215
1120974.3.peg.2567.site.14, 125, 210, 335
1120974.3.peg.2567.site.15, 0, 216, 216
1120974.3.peg.2567.site.16, 117, 212, 329
1120974.3.peg.2567.site.17, 117, 212, 329
1120974.3.peg.2567.site.18, 215, 216, 431
1120974.3.peg.2567.site.19, 76, 215, 291
1120974.3.peg.2567.site.20, 116, 212, 328
1120974.3.peg.2567.site.21, 1, 215, 216
1120974.3.peg.2567.site.22, 93, 212, 305
1120974.3.peg.2567.site.23, 0, 215, 215
1120974.3.peg.2568.site.1, 9, 214, 223
1120974.3.peg.2568.site.2, 209, 209, 418
1120974.3.peg.2568.site.3, 203, 203, 406
1120974.3.peg.2568.site.4, 77, 198, 275
1120974.3.peg.2568.site.5, 154, 154, 308
1120974.3.peg.2568.site.6, 87, 208, 295
1120974.3.peg.2568.site.7, 89, 210, 299
1120974.3.peg.2568.site.8, 0, 216, 216
1120974.3.peg.2568.site.9, 4, 216, 220
1120974.3.peg.2568.site.10, 9, 216, 225
1120974.3.peg.2568.site.11, 209, 214, 423
1120974.3.peg.2568.site.12, 100, 204, 304
1120974.3.peg.2568.site.13, 1, 209, 210
1120974.3.peg.2568.site.14, 1, 211, 212
1120974.3.peg.2568.site.15, 86, 203, 289
1120974.3.peg.2568.site.16, 8, 208, 216
1120974.3.peg.2568.site.17, 190, 207, 397
1120974.3.peg.2568.site.18, 191, 209, 400
1120974.3.peg.2568.site.19, 0, 212, 212
1120974.3.peg.2568.site.20, 100, 209, 309
1120974.3.peg.2568.site.21, 89, 209, 298
1120974.3.peg.2568.site.22, 90, 210, 300
1120974.3.peg.2568.site.23, 99, 206, 305
1120974.3.peg.2568.site.24, 0, 212, 212
1120974.3.peg.2568.site.25, 122, 211, 333
1120974.3.peg.2568.site.26, 18, 212, 230
1120974.3.peg.2568.site.27, 195, 213, 408
1120974.3.peg.2568.site.28, 0, 215, 215
1120974.3.peg.2568.site.29, 93, 206, 299
1120974.3.peg.2568.site.30, 0, 206, 206
1120974.3.peg.2568.site.31, 8, 205, 213
1120974.3.peg.2568.site.32, 0, 206, 206
1120974.3.peg.2568.site.33, 183, 201, 384
1120974.3.peg.2568.site.34, 1, 189, 190
1120974.3.peg.2568.site.35, 5, 196, 201
1120974.3.peg.2568.site.36, 0, 216, 216
1120974.3.peg.2568.site.37, 211, 215, 426
1120974.3.peg.2568.site.38, 91, 208, 299
1120974.3.peg.2568.site.39, 93, 204, 297
1120974.3.peg.2568.site.40, 9, 188, 197
1120974.3.peg.2568.site.41, 175, 197, 372
1120974.3.peg.2568.site.42, 181, 203, 384
1120974.3.peg.2568.site.43, 180, 202, 382
1120974.3.peg.2568.site.44, 181, 203, 384
1120974.3.peg.2568.site.45, 192, 213, 405
1120974.3.peg.2568.site.46, 5, 215, 220
1120974.3.peg.2568.site.47, 1, 214, 215
1120974.3.peg.2569.site.1, 14, 211, 225
1120974.3.peg.2569.site.2, 116, 212, 328
1120974.3.peg.2569.site.3, 0, 215, 215
1120974.3.peg.2569.site.4, 37, 214, 251
1120974.3.peg.2569.site.5, 37, 213, 250
1120974.3.peg.2569.site.6, 36, 215, 251
1120974.3.peg.2569.site.7, 39, 214, 253
1120974.3.peg.2569.site.8, 118, 211, 329
1120974.3.peg.2569.site.9, 151, 207, 358
1120974.3.peg.2569.site.10, 33, 214, 247
1120974.3.peg.2569.site.11, 35, 216, 251
1120974.3.peg.2569.site.12, 154, 210, 364
1120974.3.peg.2569.site.13, 4, 216, 220
1120974.3.peg.2569.site.14, 4, 216, 220
1120974.3.peg.2569.site.15, 4, 216, 220
1120974.3.peg.2569.site.16, 4, 215, 219
1120974.3.peg.2569.site.17, 204, 214, 418
1120974.3.peg.2569.site.18, 33, 214, 247
1120974.3.peg.2569.site.19, 204, 214, 418
1120974.3.peg.2569.site.20, 32, 212, 244
1120974.3.peg.2569.site.21, 24, 205, 229
1120974.3.peg.2569.site.22, 15, 196, 211
1120974.3.peg.2569.site.23, 3, 185, 188
1120974.3.peg.2569.site.24, 0, 185, 185
1120974.3.peg.2569.site.25, 154, 180, 334
1120974.3.peg.2569.site.26, 0, 185, 185
1120974.3.peg.2569.site.27, 5, 185, 190
1120974.3.peg.2569.site.28, 1, 184, 185
1120974.3.peg.2569.site.29, 54, 180, 234
1120974.3.peg.2569.site.30, 1, 181, 182
1120974.3.peg.2569.site.31, 0, 183, 183
1120974.3.peg.2569.site.32, 2, 185, 187
1120974.3.peg.2569.site.33, 3, 186, 189
1120974.3.peg.2569.site.34, 1, 186, 187
1120974.3.peg.2569.site.35, 12, 185, 197
1120974.3.peg.2569.site.36, 111, 194, 305
1120974.3.peg.2569.site.37, 14, 195, 209
1120974.3.peg.2569.site.38, 0, 202, 202
1120974.3.peg.2569.site.39, 0, 211, 211
1120974.3.peg.2569.site.40, 25, 209, 234
1120974.3.peg.2569.site.41, 118, 200, 318
1120974.3.peg.2569.site.42, 101, 210, 311
1120974.3.peg.2569.site.43, 31, 214, 245
1120974.3.peg.2569.site.44, 27, 214, 241
1120974.3.peg.2569.site.45, 17, 204, 221
1120974.3.peg.2569.site.46, 79, 162, 241
1120974.3.peg.2569.site.47, 62, 145, 207
1120974.3.peg.2569.site.48, 46, 129, 175
1120974.3.peg.2569.site.49, 93, 176, 269
1120974.3.peg.2569.site.50, 69, 129, 198
1120974.3.peg.2569.site.51, 89, 92, 181
1120974.3.peg.2569.site.52, 25, 97, 122
1120974.3.peg.2569.site.53, 17, 78, 95
1120974.3.peg.2569.site.54, 5, 66, 71
1120974.3.peg.2569.site.55, 126, 184, 310
1120974.3.peg.2569.site.56, 150, 207, 357
1120974.3.peg.2569.site.57, 151, 209, 360
1120974.3.peg.2569.site.58, 31, 91, 122
1120974.3.peg.3145.site.1, 34, 196, 230
1120974.3.peg.3145.site.2, 29, 195, 224
1120974.3.peg.3145.site.3, 31, 194, 225
1120974.3.peg.3145.site.4, 0, 200, 200
1120974.3.peg.3145.site.5, 8, 204, 212
1120974.3.peg.3144.site.1, 7, 215, 222
1120974.3.peg.3144.site.2, 0, 216, 216
1120974.3.peg.3144.site.3, 6, 216, 222
1120974.3.peg.3144.site.4, 6, 208, 214
1120974.3.peg.3144.site.5, 22, 204, 226
1120974.3.peg.3144.site.6, 0, 212, 212
1120974.3.peg.3144.site.7, 0, 214, 214
1120974.3.peg.3144.site.8, 29, 212, 241
1120974.3.peg.3144.site.9, 24, 213, 237
1120974.3.peg.3144.site.10, 0, 215, 215
1120974.3.peg.3144.site.11, 5, 211, 216
1120974.3.peg.3144.site.12, 0, 212, 212
1120974.3.peg.3144.site.13, 55, 210, 265
1120974.3.peg.3144.site.14, 19, 214, 233
1120974.3.peg.3144.site.15, 34, 211, 245
1120974.3.peg.3144.site.16, 4, 211, 215
1120974.3.peg.3144.site.17, 40, 212, 252
1120974.3.peg.3144.site.18, 4, 214, 218
1120974.3.peg.3144.site.19, 4, 216, 220
1120974.3.peg.3144.site.20, 43, 213, 256
1120974.3.peg.3144.site.21, 4, 216, 220
1120974.3.peg.3144.site.22, 0, 215, 215
1120974.3.peg.3144.site.23, 3, 213, 216
1120974.3.peg.3144.site.24, 4, 214, 218
1120974.3.peg.3144.site.25, 17, 214, 231
1120974.3.peg.3144.site.26, 17, 214, 231
1120974.3.peg.3147.site.1, 180, 212, 392
1120974.3.peg.3147.site.2, 16, 216, 232
1120974.3.peg.3147.site.3, 18, 215, 233
1120974.3.peg.3147.site.4, 2, 213, 215
1120974.3.peg.3147.site.5, 159, 209, 368
1120974.3.peg.3147.site.6, 166, 199, 365
1120974.3.peg.3147.site.7, 174, 206, 380
1120974.3.peg.3147.site.8, 1, 198, 199
1120974.3.peg.3147.site.9, 148, 199, 347
1120974.3.peg.3147.site.10, 164, 199, 363
1120974.3.peg.3147.site.11, 81, 116, 197
1120974.3.peg.3147.site.12, 56, 91, 147
1120974.3.peg.3147.site.13, 2, 95, 97
1120974.3.peg.3147.site.14, 2, 94, 96
1120974.3.peg.3147.site.15, 2, 94, 96
1120974.3.peg.3147.site.16, 13, 47, 60
1120974.3.peg.3147.site.17, 24, 59, 83
1120974.3.peg.3147.site.18, 73, 107, 180
1120974.3.peg.3147.site.19, 64, 97, 161
1120974.3.peg.3147.site.20, 16, 47, 63
1120974.3.peg.3147.site.21, 1, 42, 43
1120974.3.peg.3147.site.22, 2, 34, 36
1120974.3.peg.3147.site.23, 2, 34, 36
1120974.3.peg.3147.site.24, 0, 112, 112
1120974.3.peg.3147.site.25, 129, 162, 291
1120974.3.peg.3147.site.26, 53, 204, 257
1120974.3.peg.3147.site.27, 121, 198, 319
1120974.3.peg.3147.site.28, 96, 168, 264
1120974.3.peg.3147.site.29, 21, 77, 98
1120974.3.peg.3147.site.30, 10, 48, 58
1120974.3.peg.3147.site.31, 8, 32, 40
1120974.3.peg.3147.site.32, 149, 173, 322
1120974.3.peg.3147.site.33, 178, 201, 379
1120974.3.peg.3147.site.34, 0, 215, 215
1120974.3.peg.3147.site.35, 192, 213, 405
1120974.3.peg.3147.site.36, 4, 213, 217
1120974.3.peg.3147.site.37, 189, 209, 398
1120974.3.peg.3147.site.38, 4, 215, 219
1120974.3.peg.3147.site.39, 198, 211, 409
1120974.3.peg.3147.site.40, 58, 206, 264
1120974.3.peg.3147.site.41, 129, 209, 338
1120974.3.peg.3147.site.42, 128, 208, 336
1120974.3.peg.3147.site.43, 188, 209, 397
1120974.3.peg.3147.site.44, 190, 211, 401
1120974.3.peg.3147.site.45, 193, 214, 407
1120974.3.peg.3147.site.46, 58, 211, 269
1120974.3.peg.3147.site.47, 58, 212, 270
1120974.3.peg.3147.site.48, 188, 209, 397
1120974.3.peg.3147.site.49, 181, 202, 383
1120974.3.peg.3147.site.50, 137, 158, 295
1120974.3.peg.3147.site.51, 37, 57, 94
1120974.3.peg.3147.site.52, 189, 209, 398
1120974.3.peg.3147.site.53, 103, 124, 227
1120974.3.peg.3147.site.54, 38, 59, 97
1120974.3.peg.3146.site.1, 21, 215, 236
1120974.3.peg.3146.site.2, 1, 206, 207
1120974.3.peg.3146.site.3, 20, 206, 226
1120974.3.peg.3146.site.4, 0, 205, 205
1120974.3.peg.3146.site.5, 15, 206, 221
1120974.3.peg.3146.site.6, 15, 205, 220
1120974.3.peg.3146.site.7, 2, 203, 205
1120974.3.peg.3146.site.8, 18, 198, 216
1120974.3.peg.3146.site.9, 0, 200, 200
1120974.3.peg.3146.site.10, 4, 213, 217
1120974.3.peg.3146.site.11, 13, 215, 228
1120974.3.peg.3146.site.12, 0, 215, 215
1120974.3.peg.3146.site.13, 9, 213, 222
1120974.3.peg.3146.site.14, 14, 214, 228
1120974.3.peg.3146.site.15, 1, 216, 217
1120974.3.peg.3146.site.16, 23, 204, 227
1120974.3.peg.3146.site.17, 9, 202, 211
1120974.3.peg.3146.site.18, 7, 199, 206
1120974.3.peg.3146.site.19, 10, 193, 203
1120974.3.peg.3146.site.20, 1, 194, 195
1120974.3.peg.3146.site.21, 8, 198, 206
1120974.3.peg.3146.site.22, 0, 203, 203
1120974.3.peg.3146.site.23, 0, 204, 204
1120974.3.peg.3146.site.24, 7, 210, 217
1120974.3.peg.3146.site.25, 2, 197, 199
1120974.3.peg.3146.site.26, 0, 192, 192
1120974.3.peg.3146.site.27, 0, 194, 194
1120974.3.peg.3146.site.28, 4, 198, 202
1120974.3.peg.3146.site.29, 14, 207, 221
1120974.3.peg.3146.site.30, 14, 207, 221
1120974.3.peg.3146.site.31, 0, 207, 207
1120974.3.peg.3146.site.32, 8, 201, 209
1120974.3.peg.3146.site.33, 5, 197, 202
1120974.3.peg.3146.site.34, 6, 198, 204
1120974.3.peg.3146.site.35, 9, 200, 209
1120974.3.peg.3146.site.36, 7, 198, 205
1120974.3.peg.3146.site.37, 2, 192, 194
1120974.3.peg.3146.site.38, 2, 192, 194
1120974.3.peg.3146.site.39, 2, 190, 192
1120974.3.peg.3146.site.40, 10, 192, 202
1120974.3.peg.3146.site.41, 7, 196, 203
1120974.3.peg.3146.site.42, 5, 196, 201
1120974.3.peg.3146.site.43, 0, 199, 199
1120974.3.peg.3146.site.44, 2, 196, 198
1120974.3.peg.3146.site.45, 10, 194, 204
1120974.3.peg.3146.site.46, 9, 191, 200
1120974.3.peg.3146.site.47, 11, 191, 202
1120974.3.peg.3146.site.48, 21, 202, 223
1120974.3.peg.3146.site.49, 2, 208, 210
1120974.3.peg.3146.site.50, 32, 213, 245
1120974.3.peg.3146.site.51, 9, 215, 224
1120974.3.peg.3146.site.52, 0, 215, 215
1120974.3.peg.3146.site.53, 8, 215, 223
1120974.3.peg.3146.site.54, 32, 212, 244
1120974.3.peg.3146.site.55, 0, 214, 214
1120974.3.peg.3146.site.56, 27, 203, 230
1120974.3.peg.3146.site.57, 32, 212, 244
1120974.3.peg.3146.site.58, 32, 213, 245
1120974.3.peg.3146.site.59, 183, 212, 395
1120974.3.peg.3146.site.60, 181, 214, 395
1120974.3.peg.3146.site.61, 181, 213, 394
1120974.3.peg.3146.site.62, 4, 215, 219
1120974.3.peg.3146.site.63, 153, 203, 356
1120974.3.peg.3146.site.64, 73, 105, 178
1120974.3.peg.3146.site.65, 20, 52, 72
1120974.3.peg.3146.site.66, 16, 47, 63
1120974.3.peg.3146.site.67, 13, 48, 61
1120974.3.peg.3146.site.68, 49, 84, 133
1120974.3.peg.3141.site.1, 0, 213, 213
1120974.3.peg.3141.site.2, 14, 214, 228
1120974.3.peg.3141.site.3, 2, 216, 218
1120974.3.peg.3141.site.4, 1, 215, 216
1120974.3.peg.3141.site.5, 12, 215, 227
1120974.3.peg.3141.site.6, 12, 215, 227
1120974.3.peg.3141.site.7, 184, 214, 398
1120974.3.peg.3141.site.8, 213, 215, 428
1120974.3.peg.3141.site.9, 4, 214, 218
1120974.3.peg.3141.site.10, 3, 214, 217
1120974.3.peg.3141.site.11, 1, 214, 215
1120974.3.peg.3141.site.12, 129, 141, 270
1120974.3.peg.3141.site.13, 4, 215, 219
1120974.3.peg.3141.site.14, 187, 213, 400
1120974.3.peg.3141.site.15, 0, 215, 215
1120974.3.peg.3141.site.16, 5, 215, 220
1120974.3.peg.3141.site.17, 1, 216, 217
1120974.3.peg.3141.site.18, 0, 216, 216
1120974.3.peg.3141.site.19, 148, 211, 359
1120974.3.peg.3141.site.20, 0, 215, 215
1120974.3.peg.3141.site.21, 1, 216, 217
1120974.3.peg.3141.site.22, 151, 211, 362
1120974.3.peg.3141.site.23, 193, 216, 409
1120974.3.peg.3140.site.1, 3, 215, 218
1120974.3.peg.3140.site.2, 10, 215, 225
1120974.3.peg.3140.site.3, 9, 214, 223
1120974.3.peg.3140.site.4, 99, 211, 310
1120974.3.peg.3140.site.5, 0, 216, 216
1120974.3.peg.3140.site.6, 0, 215, 215
1120974.3.peg.3140.site.7, 35, 214, 249
1120974.3.peg.3140.site.8, 158, 211, 369
1120974.3.peg.3140.site.9, 88, 212, 300
1120974.3.peg.3140.site.10, 0, 214, 214
1120974.3.peg.3140.site.11, 0, 213, 213
1120974.3.peg.3140.site.12, 90, 214, 304
1120974.3.peg.3140.site.13, 0, 216, 216
1120974.3.peg.3140.site.14, 5, 216, 221
1120974.3.peg.3140.site.15, 88, 213, 301
1120974.3.peg.3143.site.1, 21, 39, 60
1120974.3.peg.3143.site.2, 51, 71, 122
1120974.3.peg.3143.site.3, 22, 182, 204
1120974.3.peg.3143.site.4, 28, 214, 242
1120974.3.peg.3143.site.5, 2, 216, 218
1120974.3.peg.3143.site.6, 25, 211, 236
1120974.3.peg.3143.site.7, 27, 213, 240
1120974.3.peg.3143.site.8, 26, 212, 238
1120974.3.peg.3143.site.9, 5, 185, 190
1120974.3.peg.3143.site.10, 2, 180, 182
1120974.3.peg.3143.site.11, 0, 161, 161
1120974.3.peg.3143.site.12, 23, 193, 216
1120974.3.peg.3143.site.13, 0, 213, 213
1120974.3.peg.3143.site.14, 23, 215, 238
1120974.3.peg.3143.site.15, 28, 213, 241
1120974.3.peg.3143.site.16, 27, 211, 238
1120974.3.peg.3143.site.17, 28, 212, 240
1120974.3.peg.3143.site.18, 42, 213, 255
1120974.3.peg.3143.site.19, 23, 213, 236
1120974.3.peg.3143.site.20, 23, 214, 237
1120974.3.peg.3143.site.21, 4, 211, 215
1120974.3.peg.3143.site.22, 4, 214, 218
1120974.3.peg.3143.site.23, 0, 214, 214
1120974.3.peg.3143.site.24, 25, 214, 239
1120974.3.peg.3143.site.25, 4, 216, 220
1120974.3.peg.3143.site.26, 2, 216, 218
1120974.3.peg.3143.site.27, 0, 215, 215
1120974.3.peg.3143.site.28, 8, 215, 223
1120974.3.peg.3143.site.29, 0, 216, 216
1120974.3.peg.3143.site.30, 4, 216, 220
1120974.3.peg.3143.site.31, 4, 214, 218
1120974.3.peg.3143.site.32, 194, 214, 408
1120974.3.peg.3143.site.33, 7, 215, 222
1120974.3.peg.3143.site.34, 7, 215, 222
1120974.3.peg.365.site.1, 186, 212, 398
1120974.3.peg.365.site.2, 10, 214, 224
1120974.3.peg.365.site.3, 0, 212, 212
1120974.3.peg.365.site.4, 0, 212, 212
1120974.3.peg.365.site.5, 0, 213, 213
1120974.3.peg.365.site.6, 8, 212, 220
1120974.3.peg.365.site.7, 1, 215, 216
1120974.3.peg.365.site.8, 0, 214, 214
1120974.3.peg.365.site.9, 0, 215, 215
1120974.3.peg.365.site.10, 0, 215, 215
1120974.3.peg.365.site.11, 0, 215, 215
1120974.3.peg.365.site.12, 0, 213, 213
1120974.3.peg.365.site.13, 0, 215, 215
1120974.3.peg.365.site.14, 7, 214, 221
1120974.3.peg.365.site.15, 0, 214, 214
1120974.3.peg.365.site.16, 0, 214, 214
1120974.3.peg.365.site.17, 0, 214, 214
1120974.3.peg.366.site.1, 4, 167, 171
1120974.3.peg.366.site.2, 6, 130, 136
1120974.3.peg.366.site.3, 1, 112, 113
1120974.3.peg.366.site.4, 0, 143, 143
1120974.3.peg.366.site.5, 52, 170, 222
1120974.3.peg.366.site.6, 66, 180, 246
1120974.3.peg.366.site.7, 73, 190, 263
1120974.3.peg.366.site.8, 72, 189, 261
1120974.3.peg.366.site.9, 0, 210, 210
1120974.3.peg.366.site.10, 86, 210, 296
1120974.3.peg.366.site.11, 8, 216, 224
1120974.3.peg.366.site.12, 0, 213, 213
1120974.3.peg.366.site.13, 0, 214, 214
1120974.3.peg.366.site.14, 3, 208, 211
1120974.3.peg.2989.site.1, 143, 210, 353
1120974.3.peg.2989.site.2, 2, 214, 216
1120974.3.peg.2989.site.3, 2, 214, 216
1120974.3.peg.2989.site.4, 2, 214, 216
1120974.3.peg.2989.site.5, 2, 211, 213
1120974.3.peg.2989.site.6, 152, 204, 356
1120974.3.peg.2989.site.7, 96, 204, 300
1120974.3.peg.2989.site.8, 5, 211, 216
1120974.3.peg.2989.site.9, 203, 209, 412
1120974.3.peg.2989.site.10, 0, 210, 210
1120974.3.peg.2989.site.11, 187, 210, 397
1120974.3.peg.2989.site.12, 9, 210, 219
1120974.3.peg.3213.site.1, 149, 168, 317
1120974.3.peg.3213.site.2, 1, 173, 174
1120974.3.peg.3213.site.3, 0, 202, 202
1120974.3.peg.3213.site.4, 143, 208, 351
1120974.3.peg.3213.site.5, 0, 211, 211
1120974.3.peg.3213.site.6, 8, 210, 218
1120974.3.peg.3213.site.7, 0, 215, 215
1120974.3.peg.3213.site.8, 189, 212, 401
1120974.3.peg.798.site.1, 38, 208, 246
1120974.3.peg.798.site.2, 0, 212, 212
1120974.3.peg.798.site.3, 0, 213, 213
1120974.3.peg.798.site.4, 1, 211, 212
1120974.3.peg.798.site.5, 186, 199, 385
1120974.3.peg.798.site.6, 30, 196, 226
1120974.3.peg.798.site.7, 25, 198, 223
1120974.3.peg.798.site.8, 0, 203, 203
1120974.3.peg.798.site.9, 162, 181, 343
1120974.3.peg.798.site.10, 98, 119, 217
1120974.3.peg.799.site.1, 39, 212, 251
1120974.3.peg.799.site.2, 31, 211, 242
1120974.3.peg.799.site.3, 0, 215, 215
1120974.3.peg.799.site.4, 32, 212, 244
1120974.3.peg.799.site.5, 29, 212, 241
1120974.3.peg.799.site.6, 11, 210, 221
1120974.3.peg.799.site.7, 189, 207, 396
1120974.3.peg.799.site.8, 150, 208, 358
1120974.3.peg.799.site.9, 0, 186, 186
1120974.3.peg.799.site.10, 13, 37, 50
1120974.3.peg.3217.site.1, 193, 214, 407
1120974.3.peg.3217.site.2, 193, 213, 406
1120974.3.peg.3217.site.3, 60, 211, 271
1120974.3.peg.3217.site.4, 1, 215, 216
1120974.3.peg.3217.site.5, 2, 216, 218
1120974.3.peg.3217.site.6, 167, 197, 364
1120974.3.peg.3217.site.7, 197, 216, 413
1120974.3.peg.3217.site.8, 0, 216, 216
1120974.3.peg.3217.site.9, 1, 216, 217
1120974.3.peg.3217.site.10, 1, 216, 217
1120974.3.peg.3217.site.11, 2, 216, 218
1120974.3.peg.3217.site.12, 2, 46, 48
1120974.3.peg.3217.site.13, 1, 64, 65
1120974.3.peg.3217.site.14, 28, 62, 90
1120974.3.peg.3217.site.15, 2, 161, 163
1120974.3.peg.3217.site.16, 158, 158, 316
1120974.3.peg.3217.site.17, 174, 209, 383
1120974.3.peg.3217.site.18, 203, 209, 412
1120974.3.peg.3217.site.19, 186, 208, 394
1120974.3.peg.3217.site.20, 0, 216, 216
1120974.3.peg.3217.site.21, 0, 208, 208
1120974.3.peg.3217.site.22, 19, 211, 230
1120974.3.peg.3217.site.23, 6, 215, 221
1120974.3.peg.3217.site.24, 22, 213, 235
1120974.3.peg.3217.site.25, 18, 213, 231
1120974.3.peg.3217.site.26, 21, 210, 231
1120974.3.peg.3217.site.27, 12, 213, 225
1120974.3.peg.3217.site.28, 19, 211, 230
1120974.3.peg.3217.site.29, 0, 216, 216
1120974.3.peg.3217.site.30, 2, 216, 218
1120974.3.peg.3217.site.31, 2, 216, 218
1120974.3.peg.3217.site.32, 24, 213, 237
1120974.3.peg.3217.site.33, 1, 216, 217
1120974.3.peg.3217.site.34, 22, 213, 235
1120974.3.peg.3217.site.35, 156, 182, 338
1120974.3.peg.3217.site.36, 108, 134, 242
1120974.3.peg.3217.site.37, 24, 213, 237
1120974.3.peg.3217.site.38, 4, 216, 220
1120974.3.peg.3217.site.39, 2, 215, 217
1120974.3.peg.3217.site.40, 18, 211, 229
1120974.3.peg.3217.site.41, 24, 213, 237
1120974.3.peg.3217.site.42, 25, 213, 238
1120974.3.peg.3217.site.43, 25, 214, 239
1120974.3.peg.3217.site.44, 17, 208, 225
1120974.3.peg.3217.site.45, 2, 209, 211
1120974.3.peg.3217.site.46, 0, 209, 209
1120974.3.peg.3217.site.47, 2, 205, 207
1120974.3.peg.3216.site.1, 212, 214, 426
1120974.3.peg.3216.site.2, 4, 215, 219
1120974.3.peg.3216.site.3, 131, 206, 337
1120974.3.peg.3216.site.4, 58, 208, 266
1120974.3.peg.3216.site.5, 58, 207, 265
1120974.3.peg.3216.site.6, 58, 208, 266
1120974.3.peg.3216.site.7, 50, 193, 243
1120974.3.peg.3216.site.8, 1, 208, 209
1120974.3.peg.3216.site.9, 53, 197, 250
1120974.3.peg.3216.site.10, 0, 208, 208
1120974.3.peg.3216.site.11, 59, 205, 264
1120974.3.peg.3216.site.12, 0, 189, 189
1120974.3.peg.3216.site.13, 5, 191, 196
1120974.3.peg.3216.site.14, 22, 166, 188
1120974.3.peg.3216.site.15, 20, 163, 183
1120974.3.peg.3216.site.16, 1, 152, 153
1120974.3.peg.3216.site.17, 1, 155, 156
1120974.3.peg.3216.site.18, 10, 183, 193
1120974.3.peg.3216.site.19, 5, 209, 214
1120974.3.peg.3216.site.20, 0, 212, 212
1120974.3.peg.3216.site.21, 4, 210, 214
1120974.3.peg.3216.site.22, 0, 198, 198
1120974.3.peg.3216.site.23, 64, 184, 248
1120974.3.peg.3216.site.24, 56, 206, 262
1120974.3.peg.3216.site.25, 127, 205, 332
1120974.3.peg.3216.site.26, 6, 211, 217
1120974.3.peg.3216.site.27, 3, 216, 219
1120974.3.peg.794.site.1, 55, 74, 129
1120974.3.peg.794.site.2, 74, 93, 167
1120974.3.peg.794.site.3, 159, 201, 360
1120974.3.peg.794.site.4, 164, 207, 371
1120974.3.peg.794.site.5, 4, 216, 220
1120974.3.peg.794.site.6, 170, 212, 382
1120974.3.peg.794.site.7, 168, 209, 377
1120974.3.peg.794.site.8, 208, 210, 418
1120974.3.peg.794.site.9, 0, 208, 208
1120974.3.peg.794.site.10, 6, 194, 200
1120974.3.peg.794.site.11, 0, 184, 184
1120974.3.peg.794.site.12, 3, 184, 187
1120974.3.peg.794.site.13, 37, 178, 215
1120974.3.peg.794.site.14, 101, 125, 226
1120974.3.peg.794.site.15, 102, 120, 222
1120974.3.peg.794.site.16, 1, 152, 153
1120974.3.peg.794.site.17, 10, 153, 163
1120974.3.peg.794.site.18, 151, 153, 304
1120974.3.peg.3218.site.1, 2, 212, 214
1120974.3.peg.3218.site.2, 18, 211, 229
1120974.3.peg.3218.site.3, 11, 214, 225
1120974.3.peg.3218.site.4, 36, 215, 251
1120974.3.peg.3218.site.5, 9, 214, 223
1120974.3.peg.3218.site.6, 14, 215, 229
1120974.3.peg.3218.site.7, 23, 213, 236
1120974.3.peg.3218.site.8, 22, 212, 234
1120974.3.peg.3218.site.9, 1, 214, 215
1120974.3.peg.3218.site.10, 9, 212, 221
1120974.3.peg.3218.site.11, 33, 211, 244
1120974.3.peg.3218.site.12, 33, 212, 245
1120974.3.peg.3218.site.13, 22, 212, 234
1120974.3.peg.3218.site.14, 10, 199, 209
1120974.3.peg.3218.site.15, 0, 202, 202
1120974.3.peg.3218.site.16, 22, 201, 223
1120974.3.peg.3218.site.17, 22, 201, 223
1120974.3.peg.3218.site.18, 9, 187, 196
1120974.3.peg.3218.site.19, 4, 191, 195
1120974.3.peg.3218.site.20, 3, 195, 198
1120974.3.peg.3218.site.21, 10, 193, 203
1120974.3.peg.3218.site.22, 7, 194, 201
1120974.3.peg.3218.site.23, 11, 198, 209
1120974.3.peg.3218.site.24, 1, 202, 203
1120974.3.peg.3218.site.25, 12, 199, 211
1120974.3.peg.3218.site.26, 4, 213, 217
1120974.3.peg.3218.site.27, 10, 209, 219
1120974.3.peg.3218.site.28, 1, 202, 203
1120974.3.peg.3218.site.29, 13, 209, 222
1120974.3.peg.3218.site.30, 20, 200, 220
1120974.3.peg.3218.site.31, 19, 199, 218
1120974.3.peg.3218.site.32, 2, 206, 208
1120974.3.peg.3218.site.33, 18, 203, 221
1120974.3.peg.797.site.1, 200, 202, 402
1120974.3.peg.797.site.2, 114, 207, 321
1120974.3.peg.797.site.3, 0, 214, 214
1120974.3.peg.797.site.4, 40, 214, 254
1120974.3.peg.797.site.5, 40, 213, 253
1120974.3.peg.797.site.6, 190, 211, 401
1120974.3.peg.791.site.1, 8, 124, 132
1120974.3.peg.791.site.2, 6, 118, 124
1120974.3.peg.791.site.3, 6, 114, 120
1120974.3.peg.791.site.4, 3, 114, 117
1120974.3.peg.791.site.5, 1, 112, 113
1120974.3.peg.791.site.6, 2, 113, 115
1120974.3.peg.791.site.7, 3, 112, 115
1120974.3.peg.791.site.8, 8, 114, 122
1120974.3.peg.791.site.9, 52, 164, 216
1120974.3.peg.791.site.10, 37, 149, 186
1120974.3.peg.791.site.11, 12, 124, 136
1120974.3.peg.791.site.12, 56, 168, 224
1120974.3.peg.791.site.13, 136, 203, 339
1120974.3.peg.791.site.14, 138, 210, 348
1120974.3.peg.791.site.15, 1, 215, 216
1120974.3.peg.791.site.16, 0, 214, 214
1120974.3.peg.791.site.17, 142, 209, 351
1120974.3.peg.792.site.1, 90, 161, 251
1120974.3.peg.792.site.2, 108, 186, 294
1120974.3.peg.792.site.3, 136, 205, 341
1120974.3.peg.792.site.4, 135, 200, 335
1120974.3.peg.792.site.5, 168, 195, 363
1120974.3.peg.792.site.6, 181, 208, 389
1120974.3.peg.792.site.7, 190, 213, 403
1120974.3.peg.792.site.8, 181, 215, 396
1120974.3.peg.792.site.9, 0, 216, 216
1120974.3.peg.793.site.1, 180, 201, 381
1120974.3.peg.793.site.2, 0, 215, 215
1120974.3.peg.793.site.3, 0, 215, 215
1120974.3.peg.793.site.4, 0, 215, 215
1120974.3.peg.793.site.5, 0, 214, 214
1120974.3.peg.793.site.6, 0, 215, 215
1120974.3.peg.793.site.7, 179, 213, 392
1120974.3.peg.793.site.8, 0, 213, 213
1120974.3.peg.793.site.9, 133, 154, 287
1120974.3.peg.793.site.10, 146, 188, 334
1120974.3.peg.793.site.11, 9, 204, 213
1120974.3.peg.793.site.12, 20, 211, 231
1120974.3.peg.793.site.13, 187, 206, 393
1120974.3.peg.793.site.14, 157, 177, 334
1120974.3.peg.793.site.15, 153, 175, 328
1120974.3.peg.793.site.16, 156, 177, 333
1120974.3.peg.793.site.17, 191, 201, 392
1120974.3.peg.793.site.18, 0, 174, 174
1120974.3.peg.859.site.1, 0, 215, 215
1120974.3.peg.859.site.2, 29, 214, 243
1120974.3.peg.859.site.3, 29, 213, 242
1120974.3.peg.859.site.4, 23, 212, 235
1120974.3.peg.859.site.5, 0, 210, 210
1120974.3.peg.859.site.6, 175, 208, 383
1120974.3.peg.859.site.7, 4, 212, 216
1120974.3.peg.859.site.8, 192, 209, 401
1120974.3.peg.859.site.9, 22, 205, 227
1120974.3.peg.859.site.10, 23, 180, 203
1120974.3.peg.859.site.11, 1, 179, 180
1120974.3.peg.859.site.12, 134, 170, 304
1120974.3.peg.859.site.13, 18, 195, 213
1120974.3.peg.859.site.14, 1, 199, 200
1120974.3.peg.859.site.15, 0, 200, 200
1120974.3.peg.859.site.16, 14, 175, 189
1120974.3.peg.859.site.17, 117, 152, 269
1120974.3.peg.859.site.18, 0, 142, 142
1120974.3.peg.859.site.19, 66, 102, 168
1120974.3.peg.859.site.20, 4, 72, 76
1120974.3.peg.859.site.21, 33, 40, 73
1120974.3.peg.859.site.22, 0, 51, 51
1120974.3.peg.859.site.23, 3, 61, 64
1120974.3.peg.859.site.24, 4, 193, 197
1120974.3.peg.859.site.25, 155, 192, 347
1120974.3.peg.859.site.26, 135, 158, 293
1120974.3.peg.859.site.27, 115, 151, 266
1120974.3.peg.859.site.28, 5, 151, 156
1120974.3.peg.859.site.29, 63, 101, 164
1120974.3.peg.859.site.30, 66, 105, 171
1120974.3.peg.859.site.31, 13, 205, 218
1120974.3.peg.859.site.32, 5, 205, 210
1120974.3.peg.859.site.33, 160, 197, 357
1120974.3.peg.859.site.34, 36, 74, 110
1120974.3.peg.859.site.35, 0, 190, 190
1120974.3.peg.859.site.36, 13, 214, 227
1120974.3.peg.859.site.37, 121, 210, 331
1120974.3.peg.3175.site.1, 2, 214, 216
1120974.3.peg.3175.site.2, 38, 212, 250
1120974.3.peg.3175.site.3, 112, 207, 319
1120974.3.peg.3175.site.4, 0, 206, 206
1120974.3.peg.3175.site.5, 0, 112, 112
1120974.3.peg.3175.site.6, 15, 74, 89
1120974.3.peg.3175.site.7, 11, 70, 81
1120974.3.peg.3175.site.8, 43, 58, 101
1120974.3.peg.3175.site.9, 5, 59, 64
1120974.3.peg.3175.site.10, 0, 58, 58
1120974.3.peg.3175.site.11, 2, 58, 60
1120974.3.peg.3175.site.12, 3, 60, 63
1120974.3.peg.3175.site.13, 37, 205, 242
1120974.3.peg.3175.site.14, 2, 212, 214
1120974.3.peg.3175.site.15, 89, 199, 288
1120974.3.peg.3175.site.16, 2, 213, 215
1120974.3.peg.3175.site.17, 107, 202, 309
1120974.3.peg.3175.site.18, 68, 166, 234
1120974.3.peg.3175.site.19, 86, 110, 196
1120974.3.peg.3175.site.20, 41, 95, 136
1120974.3.peg.3175.site.21, 75, 86, 161
1120974.3.peg.1327.site.1, 109, 138, 247
1120974.3.peg.1327.site.2, 105, 136, 241
1120974.3.peg.1327.site.3, 87, 117, 204
1120974.3.peg.1327.site.4, 81, 107, 188
1120974.3.peg.1327.site.5, 1, 126, 127
1120974.3.peg.1327.site.6, 89, 120, 209
1120974.3.peg.1327.site.7, 0, 215, 215
1120974.3.peg.1327.site.8, 131, 173, 304
1120974.3.peg.1327.site.9, 3, 38, 41
1120974.3.peg.1327.site.10, 7, 32, 39
1120974.3.peg.1327.site.11, 12, 29, 41
1120974.3.peg.1327.site.12, 2, 19, 21
1120974.3.peg.1327.site.13, 3, 22, 25
1120974.3.peg.1327.site.14, 25, 26, 51
1120974.3.peg.1327.site.15, 2, 15, 17
1120974.3.peg.1327.site.16, 175, 203, 378
1120974.3.peg.1327.site.17, 167, 206, 373
1120974.3.peg.1327.site.18, 168, 206, 374
1120974.3.peg.1327.site.19, 172, 212, 384
1120974.3.peg.1327.site.20, 114, 210, 324
1120974.3.peg.1327.site.21, 4, 216, 220
1120974.3.peg.1327.site.22, 111, 207, 318
1120974.3.peg.1327.site.23, 1, 173, 174
1120974.3.peg.1327.site.24, 30, 171, 201
1120974.3.peg.1327.site.25, 1, 209, 210
1120974.3.peg.1327.site.26, 1, 213, 214
1120974.3.peg.1327.site.27, 172, 212, 384
1120974.3.peg.1326.site.1, 0, 216, 216
1120974.3.peg.1326.site.2, 121, 214, 335
1120974.3.peg.1326.site.3, 3, 216, 219
1120974.3.peg.1326.site.4, 0, 215, 215
1120974.3.peg.1326.site.5, 178, 216, 394
1120974.3.peg.1326.site.6, 176, 215, 391
1120974.3.peg.1326.site.7, 4, 215, 219
1120974.3.peg.1326.site.8, 33, 214, 247
1120974.3.peg.1326.site.9, 34, 191, 225
1120974.3.peg.1326.site.10, 36, 189, 225
1120974.3.peg.1326.site.11, 168, 206, 374
1120974.3.peg.1326.site.12, 162, 210, 372
1120974.3.peg.1326.site.13, 3, 214, 217
1120974.3.peg.1326.site.14, 99, 149, 248
1120974.3.peg.1326.site.15, 83, 102, 185
1120974.3.peg.1326.site.16, 43, 54, 97
1120974.3.peg.1326.site.17, 8, 59, 67
1120974.3.peg.1326.site.18, 4, 208, 212
1120974.3.peg.1326.site.19, 4, 216, 220
1120974.3.peg.1326.site.20, 32, 216, 248
1120974.3.peg.1326.site.21, 161, 196, 357
1120974.3.peg.1326.site.22, 120, 172, 292
1120974.3.peg.1326.site.23, 101, 105, 206
1120974.3.peg.1326.site.24, 31, 62, 93
1120974.3.peg.1326.site.25, 12, 52, 64
1120974.3.peg.1326.site.26, 22, 62, 84
1120974.3.peg.1326.site.27, 4, 206, 210
1120974.3.peg.1326.site.28, 4, 214, 218
1120974.3.peg.1326.site.29, 4, 209, 213
1120974.3.peg.1326.site.30, 30, 207, 237
1120974.3.peg.1326.site.31, 105, 201, 306
1120974.3.peg.1326.site.32, 164, 202, 366
1120974.3.peg.1326.site.33, 161, 196, 357
1120974.3.peg.1326.site.34, 45, 191, 236
1120974.3.peg.1326.site.35, 4, 214, 218
1120974.3.peg.1326.site.36, 171, 210, 381
1120974.3.peg.1326.site.37, 172, 211, 383
1120974.3.peg.1326.site.38, 169, 207, 376
1120974.3.peg.1326.site.39, 4, 211, 215
1120974.3.peg.1326.site.40, 175, 205, 380
1120974.3.peg.1326.site.41, 43, 200, 243
1120974.3.peg.1325.site.1, 26, 120, 146
1120974.3.peg.1325.site.2, 0, 167, 167
1120974.3.peg.1325.site.3, 118, 211, 329
1120974.3.peg.1325.site.4, 118, 211, 329
1120974.3.peg.1325.site.5, 120, 213, 333
1120974.3.peg.1325.site.6, 121, 212, 333
1120974.3.peg.1325.site.7, 0, 216, 216
1120974.3.peg.1325.site.8, 1, 215, 216
1120974.3.peg.1325.site.9, 107, 194, 301
1120974.3.peg.1325.site.10, 123, 141, 264
1120974.3.peg.1325.site.11, 18, 107, 125
1120974.3.peg.1325.site.12, 4, 139, 143
1120974.3.peg.1325.site.13, 73, 92, 165
1120974.3.peg.1325.site.14, 71, 89, 160
1120974.3.peg.1325.site.15, 0, 96, 96
1120974.3.peg.1325.site.16, 18, 91, 109
1120974.3.peg.1325.site.17, 0, 87, 87
1120974.3.peg.1325.site.18, 42, 59, 101
1120974.3.peg.1325.site.19, 68, 68, 136
1120974.3.peg.1325.site.20, 8, 58, 66
1120974.3.peg.1325.site.21, 52, 69, 121
1120974.3.peg.1325.site.22, 92, 92, 184
1120974.3.peg.1325.site.23, 1, 158, 159
1120974.3.peg.1325.site.24, 53, 147, 200
1120974.3.peg.1325.site.25, 48, 143, 191
1120974.3.peg.1325.site.26, 17, 111, 128
1120974.3.peg.1325.site.27, 13, 109, 122
1120974.3.peg.1325.site.28, 21, 115, 136
1120974.3.peg.1325.site.29, 41, 134, 175
1120974.3.peg.1325.site.30, 56, 149, 205
1120974.3.peg.1325.site.31, 50, 143, 193
1120974.3.peg.1325.site.32, 74, 160, 234
1120974.3.peg.1325.site.33, 33, 200, 233
1120974.3.peg.1325.site.34, 35, 204, 239
1120974.3.peg.1325.site.35, 120, 210, 330
1120974.3.peg.1325.site.36, 122, 211, 333
1120974.3.peg.1325.site.37, 1, 213, 214
1120974.3.peg.1325.site.38, 96, 98, 194
1120974.3.peg.1324.site.1, 1, 216, 217
1120974.3.peg.1324.site.2, 202, 216, 418
1120974.3.peg.1324.site.3, 118, 211, 329
1120974.3.peg.1324.site.4, 1, 216, 217
1120974.3.peg.1324.site.5, 7, 213, 220
1120974.3.peg.1324.site.6, 0, 214, 214
1120974.3.peg.1324.site.7, 4, 214, 218
1120974.3.peg.1324.site.8, 83, 213, 296
1120974.3.peg.1324.site.9, 3, 215, 218
1120974.3.peg.1324.site.10, 118, 210, 328
1120974.3.peg.1324.site.11, 118, 212, 330
1120974.3.peg.1324.site.12, 79, 209, 288
1120974.3.peg.1324.site.13, 7, 204, 211
1120974.3.peg.1324.site.14, 193, 208, 401
1120974.3.peg.1324.site.15, 79, 205, 284
1120974.3.peg.1324.site.16, 81, 207, 288
1120974.3.peg.1324.site.17, 106, 202, 308
1120974.3.peg.1324.site.18, 76, 204, 280
1120974.3.peg.1324.site.19, 82, 213, 295
1120974.3.peg.1324.site.20, 0, 214, 214
1120974.3.peg.1324.site.21, 0, 216, 216
1120974.3.peg.1324.site.22, 118, 210, 328
1120974.3.peg.1324.site.23, 0, 216, 216
1120974.3.peg.1324.site.24, 0, 216, 216
1120974.3.peg.1324.site.25, 0, 215, 215
1120974.3.peg.1324.site.26, 1, 215, 216
1120974.3.peg.1324.site.27, 115, 207, 322
1120974.3.peg.1324.site.28, 4, 216, 220
1120974.3.peg.1324.site.29, 102, 193, 295
1120974.3.peg.1324.site.30, 185, 197, 382
1120974.3.peg.1324.site.31, 0, 199, 199
1120974.3.peg.1324.site.32, 85, 209, 294
1120974.3.peg.1323.site.1, 10, 19, 29
1120974.3.peg.1323.site.2, 5, 24, 29
1120974.3.peg.1323.site.3, 8, 44, 52
1120974.3.peg.1323.site.4, 22, 40, 62
1120974.3.peg.1323.site.5, 17, 36, 53
1120974.3.peg.1323.site.6, 4, 21, 25
1120974.3.peg.1323.site.7, 15, 17, 32
1120974.3.peg.1323.site.8, 14, 43, 57
1120974.3.peg.1323.site.9, 130, 147, 277
1120974.3.peg.1323.site.10, 145, 162, 307
1120974.3.peg.1323.site.11, 170, 186, 356
1120974.3.peg.1323.site.12, 4, 197, 201
1120974.3.peg.1323.site.13, 98, 191, 289
1120974.3.peg.1323.site.14, 95, 188, 283
1120974.3.peg.1323.site.15, 152, 170, 322
1120974.3.peg.1323.site.16, 13, 30, 43
1120974.3.peg.1323.site.17, 29, 45, 74
1120974.3.peg.1323.site.18, 10, 66, 76
1120974.3.peg.1323.site.19, 10, 69, 79
1120974.3.peg.1323.site.20, 81, 83, 164
1120974.3.peg.1323.site.21, 62, 179, 241
1120974.3.peg.1323.site.22, 62, 189, 251
1120974.3.peg.1323.site.23, 188, 205, 393
1120974.3.peg.1323.site.24, 116, 135, 251
1120974.3.peg.1323.site.25, 31, 132, 163
1120974.3.peg.1323.site.26, 154, 172, 326
1120974.3.peg.1323.site.27, 10, 202, 212
1120974.3.peg.1323.site.28, 196, 214, 410
1120974.3.peg.1323.site.29, 216, 216, 432
1120974.3.peg.1323.site.30, 0, 216, 216
1120974.3.peg.1321.site.1, 194, 212, 406
1120974.3.peg.1321.site.2, 167, 186, 353
1120974.3.peg.1321.site.3, 4, 214, 218
1120974.3.peg.1321.site.4, 75, 214, 289
1120974.3.peg.1321.site.5, 197, 214, 411
1120974.3.peg.1321.site.6, 195, 212, 407
1120974.3.peg.1321.site.7, 119, 211, 330
1120974.3.peg.1321.site.8, 196, 215, 411
1120974.3.peg.1697.site.1, 193, 215, 408
1120974.3.peg.1697.site.2, 45, 214, 259
1120974.3.peg.1697.site.3, 2, 213, 215
1120974.3.peg.1697.site.4, 166, 212, 378
1120974.3.peg.1697.site.5, 32, 57, 89
1120974.3.peg.1697.site.6, 93, 140, 233
1120974.3.peg.1697.site.7, 0, 204, 204
1120974.3.peg.1697.site.8, 40, 207, 247
1120974.3.peg.1697.site.9, 171, 212, 383
1120974.3.peg.1697.site.10, 15, 214, 229
1120974.3.peg.1697.site.11, 6, 215, 221
1120974.3.peg.1924.site.1, 2, 170, 172
1120974.3.peg.1924.site.2, 116, 189, 305
1120974.3.peg.1924.site.3, 4, 213, 217
1120974.3.peg.1924.site.4, 28, 211, 239
1120974.3.peg.1924.site.5, 0, 215, 215
1120974.3.peg.1924.site.6, 4, 214, 218
1120974.3.peg.1924.site.7, 209, 215, 424
1120974.3.peg.1924.site.8, 0, 215, 215
1120974.3.peg.1924.site.9, 1, 214, 215
1120974.3.peg.1924.site.10, 206, 206, 412
1120974.3.peg.1924.site.11, 7, 205, 212
1120974.3.peg.1924.site.12, 71, 194, 265
1120974.3.peg.1924.site.13, 113, 198, 311
1120974.3.peg.1924.site.14, 25, 202, 227
1120974.3.peg.1924.site.15, 1, 211, 212
1120974.3.peg.1924.site.16, 4, 216, 220
1120974.3.peg.1695.site.1, 66, 197, 263
1120974.3.peg.1695.site.2, 117, 151, 268
1120974.3.peg.1695.site.3, 110, 144, 254
1120974.3.peg.1695.site.4, 166, 200, 366
1120974.3.peg.1695.site.5, 2, 216, 218
1120974.3.peg.1695.site.6, 178, 211, 389
1120974.3.peg.1695.site.7, 0, 201, 201
1120974.3.peg.1695.site.8, 5, 93, 98
1120974.3.peg.1695.site.9, 26, 61, 87
1120974.3.peg.1695.site.10, 5, 55, 60
1120974.3.peg.1695.site.11, 2, 37, 39
1120974.3.peg.1695.site.12, 4, 35, 39
1120974.3.peg.1695.site.13, 1, 37, 38
1120974.3.peg.1695.site.14, 1, 32, 33
1120974.3.peg.1695.site.15, 2, 33, 35
1120974.3.peg.1695.site.16, 1, 37, 38
1120974.3.peg.1695.site.17, 16, 69, 85
1120974.3.peg.1695.site.18, 27, 59, 86
1120974.3.peg.1695.site.19, 30, 62, 92
1120974.3.peg.1695.site.20, 28, 59, 87
1120974.3.peg.1695.site.21, 3, 35, 38
1120974.3.peg.1695.site.22, 10, 34, 44
1120974.3.peg.1695.site.23, 33, 33, 66
1120974.3.peg.1695.site.24, 4, 36, 40
1120974.3.peg.1695.site.25, 3, 37, 40
1120974.3.peg.1695.site.26, 15, 51, 66
1120974.3.peg.1695.site.27, 159, 192, 351
1120974.3.peg.1695.site.28, 34, 161, 195
1120974.3.peg.1695.site.29, 34, 164, 198
1120974.3.peg.1695.site.30, 170, 170, 340
1120974.3.peg.1695.site.31, 124, 158, 282
1120974.3.peg.1695.site.32, 175, 207, 382
1120974.3.peg.1695.site.33, 70, 104, 174
1120974.3.peg.1695.site.34, 35, 69, 104
1120974.3.peg.1695.site.35, 26, 59, 85
1120974.3.peg.1695.site.36, 42, 75, 117
1120974.3.peg.1695.site.37, 55, 88, 143
1120974.3.peg.1695.site.38, 175, 208, 383
1120974.3.peg.1695.site.39, 214, 214, 428
1120974.3.peg.1695.site.40, 0, 216, 216
1120974.3.peg.1695.site.41, 180, 211, 391
1120974.3.peg.1695.site.42, 182, 213, 395
1120974.3.peg.1695.site.43, 14, 215, 229
1120974.3.peg.1695.site.44, 181, 212, 393
1120974.3.peg.1695.site.45, 156, 192, 348
1120974.3.peg.1695.site.46, 4, 210, 214
1120974.3.peg.1695.site.47, 175, 211, 386
1120974.3.peg.1695.site.48, 174, 210, 384
1120974.3.peg.1695.site.49, 177, 212, 389
1120974.3.peg.1695.site.50, 174, 209, 383
1120974.3.peg.1695.site.51, 179, 213, 392
1120974.3.peg.1695.site.52, 14, 214, 228
1120974.3.peg.1695.site.53, 147, 178, 325
1120974.3.peg.1695.site.54, 1, 185, 186
1120974.3.peg.1695.site.55, 14, 183, 197
1120974.3.peg.1695.site.56, 152, 185, 337
1120974.3.peg.1695.site.57, 169, 202, 371
1120974.3.peg.1695.site.58, 179, 209, 388
1120974.3.peg.1926.site.1, 0, 212, 212
1120974.3.peg.1926.site.2, 90, 214, 304
1120974.3.peg.1926.site.3, 100, 213, 313
1120974.3.peg.1926.site.4, 193, 216, 409
1120974.3.peg.1926.site.5, 7, 212, 219
1120974.3.peg.1926.site.6, 0, 216, 216
1120974.3.peg.1926.site.7, 3, 216, 219
1120974.3.peg.1926.site.8, 184, 214, 398
1120974.3.peg.1926.site.9, 9, 216, 225
1120974.3.peg.1926.site.10, 14, 213, 227
1120974.3.peg.1926.site.11, 0, 214, 214
1120974.3.peg.1926.site.12, 183, 212, 395
1120974.3.peg.1926.site.13, 84, 211, 295
1120974.3.peg.1926.site.14, 207, 210, 417
1120974.3.peg.1926.site.15, 91, 205, 296
1120974.3.peg.1926.site.16, 180, 208, 388
1120974.3.peg.1926.site.17, 0, 216, 216
1120974.3.peg.1926.site.18, 3, 216, 219
1120974.3.peg.1926.site.19, 14, 215, 229
1120974.3.peg.1926.site.20, 187, 213, 400
1120974.3.peg.1926.site.21, 17, 214, 231
1120974.3.peg.1926.site.22, 3, 215, 218
1120974.3.peg.1926.site.23, 184, 213, 397
1120974.3.peg.1926.site.24, 14, 111, 125
1120974.3.peg.1926.site.25, 11, 37, 48
1120974.3.peg.1926.site.26, 8, 33, 41
1120974.3.peg.1926.site.27, 1, 25, 26
1120974.3.peg.1926.site.28, 1, 25, 26
1120974.3.peg.1926.site.29, 15, 40, 55
1120974.3.peg.1926.site.30, 4, 208, 212
1120974.3.peg.1926.site.31, 0, 216, 216
1120974.3.peg.1926.site.32, 88, 211, 299
1120974.3.peg.1926.site.33, 95, 210, 305
1120974.3.peg.1926.site.34, 0, 215, 215
1120974.3.peg.1926.site.35, 25, 214, 239
1120974.3.peg.1926.site.36, 0, 215, 215
1120974.3.peg.1926.site.37, 17, 215, 232
1120974.3.peg.1926.site.38, 19, 216, 235
1120974.3.peg.1926.site.39, 90, 210, 300
1120974.3.peg.1921.site.1, 0, 214, 214
1120974.3.peg.1921.site.2, 0, 216, 216
1120974.3.peg.1921.site.3, 94, 211, 305
1120974.3.peg.1921.site.4, 86, 208, 294
1120974.3.peg.1921.site.5, 0, 193, 193
1120974.3.peg.1921.site.6, 0, 210, 210
1120974.3.peg.1921.site.7, 0, 211, 211
1120974.3.peg.1921.site.8, 0, 211, 211
1120974.3.peg.1921.site.9, 2, 216, 218
1120974.3.peg.1921.site.10, 216, 216, 432
1120974.3.peg.1921.site.11, 0, 216, 216
1120974.3.peg.1921.site.12, 90, 209, 299
1120974.3.peg.1921.site.13, 0, 216, 216
1120974.3.peg.1921.site.14, 0, 216, 216
1120974.3.peg.1921.site.15, 112, 212, 324
1120974.3.peg.1921.site.16, 0, 216, 216
1120974.3.peg.1921.site.17, 104, 212, 316
1120974.3.peg.1921.site.18, 208, 209, 417
1120974.3.peg.1921.site.19, 3, 190, 193
1120974.3.peg.1921.site.20, 33, 155, 188
1120974.3.peg.1921.site.21, 29, 150, 179
1120974.3.peg.1921.site.22, 22, 151, 173
1120974.3.peg.1921.site.23, 0, 194, 194
1120974.3.peg.1921.site.24, 11, 141, 152
1120974.3.peg.1921.site.25, 11, 140, 151
1120974.3.peg.1921.site.26, 0, 150, 150
1120974.3.peg.1921.site.27, 16, 144, 160
1120974.3.peg.1921.site.28, 7, 139, 146
1120974.3.peg.1921.site.29, 27, 106, 133
1120974.3.peg.1921.site.30, 79, 102, 181
1120974.3.peg.1921.site.31, 96, 115, 211
1120974.3.peg.1921.site.32, 19, 144, 163
1120974.3.peg.1921.site.33, 93, 204, 297
1120974.3.peg.1921.site.34, 1, 215, 216
1120974.3.peg.1921.site.35, 97, 208, 305
1120974.3.peg.1921.site.36, 96, 208, 304
1120974.3.peg.1921.site.37, 0, 215, 215
1120974.3.peg.1921.site.38, 1, 215, 216
1120974.3.peg.1921.site.39, 17, 215, 232
1120974.3.peg.1921.site.40, 0, 200, 200
1120974.3.peg.1921.site.41, 185, 196, 381
1120974.3.peg.1921.site.42, 1, 169, 170
1120974.3.peg.1921.site.43, 0, 179, 179
1120974.3.peg.1921.site.44, 0, 192, 192
1120974.3.peg.1921.site.45, 67, 197, 264
1120974.3.peg.1921.site.46, 0, 205, 205
1120974.3.peg.1921.site.47, 0, 208, 208
1120974.3.peg.1921.site.48, 0, 208, 208
1120974.3.peg.1921.site.49, 0, 205, 205
1120974.3.peg.1921.site.50, 13, 191, 204
1120974.3.peg.1921.site.51, 179, 183, 362
1120974.3.peg.1921.site.52, 50, 159, 209
1120974.3.peg.1921.site.53, 125, 135, 260
1120974.3.peg.1921.site.54, 38, 132, 170
1120974.3.peg.1921.site.55, 77, 124, 201
1120974.3.peg.1921.site.56, 165, 204, 369
1120974.3.peg.1921.site.57, 0, 204, 204
1120974.3.peg.1921.site.58, 29, 208, 237
1120974.3.peg.1921.site.59, 2, 213, 215
1120974.3.peg.1921.site.60, 136, 204, 340
1120974.3.peg.1921.site.61, 2, 212, 214
1120974.3.peg.1921.site.62, 150, 204, 354
1120974.3.peg.1921.site.63, 152, 206, 358
1120974.3.peg.1921.site.64, 188, 198, 386
1120974.3.peg.1921.site.65, 202, 212, 414
1120974.3.peg.1921.site.66, 3, 210, 213
1120974.3.peg.1921.site.67, 143, 208, 351
1120974.3.peg.1921.site.68, 2, 212, 214
1120974.3.peg.1921.site.69, 189, 204, 393
1120974.3.peg.1921.site.70, 2, 192, 194
1120974.3.peg.1921.site.71, 1, 213, 214
1120974.3.peg.1921.site.72, 2, 210, 212
1120974.3.peg.1921.site.73, 0, 211, 211
1120974.3.peg.1921.site.74, 2, 211, 213
1120974.3.peg.1921.site.75, 56, 211, 267
1120974.3.peg.1921.site.76, 189, 208, 397
1120974.3.peg.1921.site.77, 50, 209, 259
1120974.3.peg.1692.site.1, 191, 211, 402
1120974.3.peg.1692.site.2, 195, 214, 409
1120974.3.peg.1692.site.3, 191, 210, 401
1120974.3.peg.1692.site.4, 188, 207, 395
1120974.3.peg.1692.site.5, 86, 191, 277
1120974.3.peg.1692.site.6, 188, 206, 394
1120974.3.peg.1692.site.7, 107, 212, 319
1120974.3.peg.1692.site.8, 107, 212, 319
1120974.3.peg.1692.site.9, 4, 214, 218
1120974.3.peg.1691.site.1, 1, 215, 216
1120974.3.peg.1691.site.2, 4, 215, 219
1120974.3.peg.1691.site.3, 31, 206, 237
1120974.3.peg.1691.site.4, 10, 187, 197
1120974.3.peg.1691.site.5, 3, 180, 183
1120974.3.peg.1691.site.6, 29, 206, 235
1120974.3.peg.1691.site.7, 35, 211, 246
1120974.3.peg.1691.site.8, 0, 215, 215
1120974.3.peg.1691.site.9, 0, 213, 213
1120974.3.peg.1691.site.10, 35, 211, 246
1120974.3.peg.1691.site.11, 215, 216, 431
1120974.3.peg.1691.site.12, 1, 216, 217
1120974.3.peg.1691.site.13, 35, 212, 247
1120974.3.peg.1691.site.14, 12, 215, 227
1120974.3.peg.1691.site.15, 1, 214, 215
1120974.3.peg.1691.site.16, 1, 216, 217
1120974.3.peg.1691.site.17, 1, 216, 217
1120974.3.peg.1691.site.18, 4, 216, 220
1120974.3.peg.1691.site.19, 31, 212, 243
1120974.3.peg.1691.site.20, 33, 210, 243
1120974.3.peg.1691.site.21, 34, 210, 244
1120974.3.peg.1691.site.22, 4, 214, 218
1120974.3.peg.1691.site.23, 13, 208, 221
1120974.3.peg.1691.site.24, 1, 209, 210
1120974.3.peg.1691.site.25, 117, 205, 322
1120974.3.peg.1691.site.26, 22, 200, 222
1120974.3.peg.1691.site.27, 21, 199, 220
1120974.3.peg.1691.site.28, 8, 187, 195
1120974.3.peg.1691.site.29, 78, 198, 276
1120974.3.peg.1691.site.30, 0, 201, 201
1120974.3.peg.1691.site.31, 84, 204, 288
1120974.3.peg.1691.site.32, 1, 210, 211
1120974.3.peg.1691.site.33, 1, 213, 214
1120974.3.peg.1691.site.34, 57, 209, 266
1120974.3.peg.1691.site.35, 28, 213, 241
1120974.3.peg.1691.site.36, 0, 214, 214
1120974.3.peg.1691.site.37, 67, 209, 276
1120974.3.peg.1691.site.38, 0, 215, 215
1120974.3.peg.1690.site.1, 191, 212, 403
1120974.3.peg.1690.site.2, 2, 215, 217
1120974.3.peg.1690.site.3, 1, 214, 215
1120974.3.peg.1690.site.4, 5, 214, 219
1120974.3.peg.1690.site.5, 17, 214, 231
1120974.3.peg.1690.site.6, 0, 215, 215
1120974.3.peg.1690.site.7, 184, 207, 391
1120974.3.peg.1690.site.8, 0, 206, 206
1120974.3.peg.1690.site.9, 186, 209, 395
1120974.3.peg.1690.site.10, 186, 209, 395
1120974.3.peg.1690.site.11, 209, 213, 422
1120974.3.peg.1690.site.12, 2, 198, 200
1120974.3.peg.1690.site.13, 134, 173, 307
1120974.3.peg.1690.site.14, 144, 181, 325
1120974.3.peg.1690.site.15, 0, 214, 214
1120974.3.peg.1690.site.16, 5, 204, 209
1120974.3.peg.1690.site.17, 158, 180, 338
1120974.3.peg.1690.site.18, 75, 82, 157
1120974.3.peg.1690.site.19, 34, 56, 90
1120974.3.peg.1690.site.20, 66, 66, 132
1120974.3.peg.1690.site.21, 48, 70, 118
1120974.3.peg.1690.site.22, 186, 208, 394
1120974.3.peg.1929.site.1, 76, 170, 246
1120974.3.peg.1929.site.2, 73, 165, 238
1120974.3.peg.1929.site.3, 70, 154, 224
1120974.3.peg.1929.site.4, 2, 147, 149
1120974.3.peg.1929.site.5, 7, 173, 180
1120974.3.peg.1929.site.6, 113, 210, 323
1120974.3.peg.1929.site.7, 4, 215, 219
1120974.3.peg.1929.site.8, 45, 212, 257
1120974.3.peg.1929.site.9, 50, 213, 263
1120974.3.peg.1929.site.10, 50, 206, 256
1120974.3.peg.1929.site.11, 116, 208, 324
1120974.3.peg.1929.site.12, 108, 209, 317
1120974.3.peg.1929.site.13, 104, 203, 307
1120974.3.peg.1929.site.14, 108, 208, 316
1120974.3.peg.1929.site.15, 95, 195, 290
1120974.3.peg.1929.site.16, 21, 123, 144
1120974.3.peg.1929.site.17, 4, 113, 117
1120974.3.peg.1929.site.18, 7, 111, 118
1120974.3.peg.1929.site.19, 96, 157, 253
1120974.3.peg.1928.site.1, 1, 191, 192
1120974.3.peg.1928.site.2, 1, 189, 190
1120974.3.peg.1928.site.3, 149, 151, 300
1120974.3.peg.1928.site.4, 86, 99, 185
1120974.3.peg.1928.site.5, 59, 77, 136
1120974.3.peg.1928.site.6, 1, 216, 217
1120974.3.peg.1928.site.7, 107, 210, 317
1120974.3.peg.1698.site.1, 0, 212, 212
1120974.3.peg.1698.site.2, 0, 215, 215
1120974.3.peg.1698.site.3, 38, 191, 229
1120974.3.peg.1698.site.4, 29, 192, 221
1120974.3.peg.1698.site.5, 0, 195, 195
1120974.3.peg.1698.site.6, 151, 191, 342
1120974.3.peg.1698.site.7, 10, 213, 223
1120974.3.peg.1698.site.8, 179, 214, 393
1120974.3.peg.1698.site.9, 166, 212, 378
1120974.3.peg.1698.site.10, 41, 214, 255
1120974.3.peg.1698.site.11, 1, 216, 217
1120974.3.peg.1698.site.12, 0, 209, 209
1120974.3.peg.1698.site.13, 123, 212, 335
1120974.3.peg.1698.site.14, 119, 208, 327
1120974.3.peg.1698.site.15, 159, 204, 363
1120974.3.peg.1698.site.16, 102, 179, 281
1120974.3.peg.1698.site.17, 100, 188, 288
1120974.3.peg.1698.site.18, 13, 101, 114
1120974.3.peg.1698.site.19, 4, 89, 93
1120974.3.peg.1698.site.20, 42, 93, 135
1120974.3.peg.1698.site.21, 9, 95, 104
1120974.3.peg.1698.site.22, 1, 133, 134
1120974.3.peg.1698.site.23, 37, 131, 168
1120974.3.peg.1698.site.24, 1, 149, 150
1120974.3.peg.1698.site.25, 146, 190, 336
1120974.3.peg.1698.site.26, 122, 207, 329
1120974.3.peg.1698.site.27, 3, 213, 216
1120974.3.peg.1698.site.28, 0, 215, 215
1120974.3.peg.1698.site.29, 0, 204, 204
1120974.3.peg.1698.site.30, 8, 187, 195
1120974.3.peg.1698.site.31, 21, 213, 234
1120974.3.peg.1698.site.32, 117, 201, 318
1120974.3.peg.1698.site.33, 109, 121, 230
1120974.3.peg.1698.site.34, 31, 111, 142
1120974.3.peg.1698.site.35, 187, 189, 376
1120974.3.peg.1698.site.36, 6, 204, 210
1120974.3.peg.1698.site.37, 39, 206, 245
1120974.3.peg.1698.site.38, 0, 206, 206
1120974.3.peg.1698.site.39, 34, 189, 223
1120974.3.peg.1698.site.40, 54, 210, 264
1120974.3.peg.1698.site.41, 15, 215, 230
1120974.3.peg.1698.site.42, 172, 214, 386
1120974.3.peg.1698.site.43, 3, 216, 219
1120974.3.peg.1698.site.44, 55, 211, 266
1120974.3.peg.1698.site.45, 169, 213, 382
1120974.3.peg.1698.site.46, 52, 208, 260
1120974.3.peg.1698.site.47, 51, 207, 258
1120974.3.peg.1698.site.48, 11, 195, 206
1120974.3.peg.1698.site.49, 11, 171, 182
1120974.3.peg.1698.site.50, 11, 165, 176
1120974.3.peg.1698.site.51, 35, 151, 186
1120974.3.peg.1698.site.52, 34, 164, 198
1120974.3.peg.1698.site.53, 5, 162, 167
1120974.3.peg.1212.site.1, 49, 165, 214
1120974.3.peg.1212.site.2, 5, 126, 131
1120974.3.peg.1212.site.3, 54, 109, 163
1120974.3.peg.1212.site.4, 59, 114, 173
1120974.3.peg.1212.site.5, 74, 129, 203
1120974.3.peg.1212.site.6, 121, 175, 296
1120974.3.peg.1212.site.7, 142, 196, 338
1120974.3.peg.1212.site.8, 152, 205, 357
1120974.3.peg.1212.site.9, 0, 215, 215
1120974.3.peg.1212.site.10, 167, 212, 379
1120974.3.peg.1212.site.11, 142, 186, 328
1120974.3.peg.1212.site.12, 70, 116, 186
1120974.3.peg.1212.site.13, 54, 100, 154
1120974.3.peg.1212.site.14, 59, 106, 165
1120974.3.peg.1212.site.15, 77, 124, 201
1120974.3.peg.1212.site.16, 141, 187, 328
1120974.3.peg.1212.site.17, 160, 207, 367
1120974.3.peg.1211.site.1, 177, 214, 391
1120974.3.peg.1211.site.2, 176, 214, 390
1120974.3.peg.1211.site.3, 2, 216, 218
1120974.3.peg.1211.site.4, 140, 179, 319
1120974.3.peg.1211.site.5, 67, 205, 272
1120974.3.peg.1211.site.6, 168, 206, 374
1120974.3.peg.1211.site.7, 188, 213, 401
1120974.3.peg.1211.site.8, 185, 215, 400
1120974.3.peg.1211.site.9, 185, 215, 400
1120974.3.peg.1211.site.10, 183, 214, 397
1120974.3.peg.1211.site.11, 1, 211, 212
1120974.3.peg.1211.site.12, 169, 209, 378
1120974.3.peg.1211.site.13, 5, 216, 221
1120974.3.peg.1211.site.14, 0, 215, 215
1120974.3.peg.1211.site.15, 116, 211, 327
1120974.3.peg.1211.site.16, 105, 211, 316
1120974.3.peg.1211.site.17, 164, 207, 371
1120974.3.peg.1211.site.18, 128, 169, 297
1120974.3.peg.1211.site.19, 1, 180, 181
1120974.3.peg.1211.site.20, 117, 159, 276
1120974.3.peg.1211.site.21, 97, 140, 237
1120974.3.peg.1211.site.22, 53, 61, 114
1120974.3.peg.1211.site.23, 19, 62, 81
1120974.3.peg.1211.site.24, 40, 83, 123
1120974.3.peg.1211.site.25, 208, 210, 418
1120974.3.peg.1211.site.26, 167, 204, 371
1120974.3.peg.1211.site.27, 153, 211, 364
1120974.3.peg.1211.site.28, 177, 213, 390
1120974.3.peg.1211.site.29, 0, 212, 212
1120974.3.peg.1211.site.30, 8, 213, 221
1120974.3.peg.1211.site.31, 196, 211, 407
1120974.3.peg.1211.site.32, 22, 211, 233
1120974.3.peg.1211.site.33, 154, 213, 367
1120974.3.peg.1211.site.34, 154, 212, 366
1120974.3.peg.1211.site.35, 32, 213, 245
1120974.3.peg.1211.site.36, 43, 209, 252
1120974.3.peg.1211.site.37, 35, 211, 246
1120974.3.peg.1211.site.38, 142, 206, 348
1120974.3.peg.1211.site.39, 146, 206, 352
1120974.3.peg.1211.site.40, 21, 202, 223
1120974.3.peg.1211.site.41, 141, 203, 344
1120974.3.peg.1211.site.42, 54, 173, 227
1120974.3.peg.1210.site.1, 185, 212, 397
1120974.3.peg.1210.site.2, 150, 211, 361
1120974.3.peg.1210.site.3, 126, 210, 336
1120974.3.peg.1210.site.4, 176, 204, 380
1120974.3.peg.1210.site.5, 80, 159, 239
1120974.3.peg.1210.site.6, 135, 166, 301
1120974.3.peg.1210.site.7, 48, 205, 253
1120974.3.peg.1210.site.8, 50, 208, 258
1120974.3.peg.1210.site.9, 5, 211, 216
1120974.3.peg.1210.site.10, 0, 215, 215
1120974.3.peg.1210.site.11, 40, 212, 252
1120974.3.peg.1210.site.12, 172, 212, 384
1120974.3.peg.1210.site.13, 2, 215, 217
1120974.3.peg.1216.site.1, 211, 216, 427
1120974.3.peg.1216.site.2, 181, 211, 392
1120974.3.peg.1216.site.3, 190, 214, 404
1120974.3.peg.1216.site.4, 182, 213, 395
1120974.3.peg.1216.site.5, 182, 213, 395
1120974.3.peg.1216.site.6, 199, 214, 413
1120974.3.peg.1216.site.7, 1, 215, 216
1120974.3.peg.1216.site.8, 189, 213, 402
1120974.3.peg.1216.site.9, 189, 213, 402
1120974.3.peg.1216.site.10, 0, 216, 216
1120974.3.peg.1216.site.11, 5, 212, 217
1120974.3.peg.1216.site.12, 0, 203, 203
1120974.3.peg.1216.site.13, 171, 191, 362
1120974.3.peg.1216.site.14, 59, 184, 243
1120974.3.peg.1216.site.15, 1, 194, 195
1120974.3.peg.1216.site.16, 155, 178, 333
1120974.3.peg.1216.site.17, 171, 194, 365
1120974.3.peg.1216.site.18, 180, 202, 382
1120974.3.peg.1216.site.19, 184, 207, 391
1120974.3.peg.1216.site.20, 170, 202, 372
1120974.3.peg.1216.site.21, 39, 172, 211
1120974.3.peg.1216.site.22, 137, 167, 304
1120974.3.peg.1216.site.23, 42, 188, 230
1120974.3.peg.1216.site.24, 166, 196, 362
1120974.3.peg.1216.site.25, 166, 195, 361
1120974.3.peg.1216.site.26, 38, 67, 105
1120974.3.peg.1216.site.27, 9, 39, 48
1120974.3.peg.1216.site.28, 9, 39, 48
1120974.3.peg.1216.site.29, 11, 82, 93
1120974.3.peg.1216.site.30, 60, 89, 149
1120974.3.peg.1216.site.31, 4, 211, 215
1120974.3.peg.1216.site.32, 0, 211, 211
1120974.3.peg.1216.site.33, 188, 213, 401
1120974.3.peg.1216.site.34, 198, 207, 405
1120974.3.peg.1216.site.35, 39, 65, 104
1120974.3.peg.1216.site.36, 16, 45, 61
1120974.3.peg.1216.site.37, 21, 47, 68
1120974.3.peg.1216.site.38, 47, 73, 120
1120974.3.peg.1216.site.39, 78, 103, 181
1120974.3.peg.1216.site.40, 100, 125, 225
1120974.3.peg.1216.site.41, 68, 175, 243
1120974.3.peg.1216.site.42, 186, 208, 394
1120974.3.peg.1216.site.43, 210, 212, 422
1120974.3.peg.1216.site.44, 4, 213, 217
1120974.3.peg.1216.site.45, 4, 215, 219
1120974.3.peg.1216.site.46, 188, 211, 399
1120974.3.peg.1216.site.47, 189, 212, 401
1120974.3.peg.1216.site.48, 4, 215, 219
1120974.3.peg.1216.site.49, 193, 215, 408
1120974.3.peg.1216.site.50, 193, 215, 408
1120974.3.peg.1216.site.51, 193, 215, 408
1120974.3.peg.1216.site.52, 11, 214, 225
1120974.3.peg.1216.site.53, 192, 213, 405
1120974.3.peg.1216.site.54, 192, 213, 405
1120974.3.peg.1216.site.55, 192, 213, 405
1120974.3.peg.1216.site.56, 213, 215, 428
1120974.3.peg.1216.site.57, 190, 212, 402
1120974.3.peg.1216.site.58, 209, 215, 424
1120974.3.peg.1216.site.59, 191, 213, 404
1120974.3.peg.1216.site.60, 188, 210, 398
1120974.3.peg.1216.site.61, 170, 190, 360
1120974.3.peg.1216.site.62, 180, 203, 383
1120974.3.peg.1216.site.63, 4, 216, 220
1120974.3.peg.1216.site.64, 190, 214, 404
1120974.3.peg.1216.site.65, 190, 213, 403
1120974.3.peg.1216.site.66, 195, 213, 408
1120974.3.peg.1216.site.67, 0, 215, 215
1120974.3.peg.1216.site.68, 194, 212, 406
1120974.3.peg.1216.site.69, 194, 212, 406
1120974.3.peg.1216.site.70, 16, 214, 230
1120974.3.peg.1216.site.71, 195, 214, 409
1120974.3.peg.1216.site.72, 195, 213, 408
1120974.3.peg.1216.site.73, 191, 213, 404
1120974.3.peg.1216.site.74, 108, 211, 319
1120974.3.peg.1216.site.75, 195, 213, 408
1120974.3.peg.1215.site.1, 0, 213, 213
1120974.3.peg.1215.site.2, 173, 210, 383
1120974.3.peg.1215.site.3, 169, 211, 380
1120974.3.peg.1215.site.4, 167, 209, 376
1120974.3.peg.1215.site.5, 55, 212, 267
1120974.3.peg.1215.site.6, 168, 210, 378
1120974.3.peg.1215.site.7, 19, 214, 233
1120974.3.peg.1215.site.8, 162, 197, 359
1120974.3.peg.1215.site.9, 167, 203, 370
1120974.3.peg.1215.site.10, 173, 208, 381
1120974.3.peg.1215.site.11, 4, 216, 220
1120974.3.peg.1215.site.12, 180, 212, 392
1120974.3.peg.1215.site.13, 0, 215, 215
1120974.3.peg.1215.site.14, 175, 212, 387
1120974.3.peg.1215.site.15, 1, 216, 217
1120974.3.peg.1219.site.1, 140, 170, 310
1120974.3.peg.1219.site.2, 3, 33, 36
1120974.3.peg.1219.site.3, 18, 100, 118
1120974.3.peg.1219.site.4, 150, 179, 329
1120974.3.peg.1219.site.5, 9, 212, 221
1120974.3.peg.1219.site.6, 17, 210, 227
1120974.3.peg.1219.site.7, 0, 210, 210
1120974.3.peg.1219.site.8, 9, 208, 217
1120974.3.peg.1219.site.9, 9, 214, 223
1120974.3.peg.1219.site.10, 214, 216, 430
1120974.3.peg.1219.site.11, 178, 207, 385
1120974.3.peg.1219.site.12, 18, 215, 233
1120974.3.peg.1219.site.13, 0, 215, 215
1120974.3.peg.1219.site.14, 212, 214, 426
1120974.3.peg.1219.site.15, 1, 214, 215
1120974.3.peg.1218.site.1, 187, 214, 401
1120974.3.peg.1859.site.1, 0, 216, 216
1120974.3.peg.1859.site.2, 0, 215, 215
1120974.3.peg.1859.site.3, 178, 212, 390
1120974.3.peg.1859.site.4, 0, 215, 215
1120974.3.peg.1859.site.5, 0, 215, 215
1120974.3.peg.1859.site.6, 162, 188, 350
1120974.3.peg.1859.site.7, 2, 200, 202
1120974.3.peg.1859.site.8, 187, 213, 400
1120974.3.peg.1859.site.9, 151, 211, 362
1120974.3.peg.1859.site.10, 17, 88, 105
1120974.3.peg.1859.site.11, 3, 73, 76
1120974.3.peg.1859.site.12, 7, 75, 82
1120974.3.peg.1859.site.13, 46, 115, 161
1120974.3.peg.1859.site.14, 62, 130, 192
1120974.3.peg.1859.site.15, 138, 206, 344
1120974.3.peg.1859.site.16, 0, 216, 216
1120974.3.peg.1859.site.17, 153, 211, 364
1120974.3.peg.1858.site.1, 77, 200, 277
1120974.3.peg.1858.site.2, 71, 199, 270
1120974.3.peg.1858.site.3, 6, 215, 221
1120974.3.peg.1858.site.4, 213, 216, 429
1120974.3.peg.1858.site.5, 92, 214, 306
1120974.3.peg.1858.site.6, 170, 212, 382
1120974.3.peg.1858.site.7, 165, 206, 371
1120974.3.peg.1858.site.8, 175, 212, 387
1120974.3.peg.1851.site.1, 50, 209, 259
1120974.3.peg.1851.site.2, 3, 216, 219
1120974.3.peg.1851.site.3, 91, 208, 299
1120974.3.peg.1851.site.4, 127, 203, 330
1120974.3.peg.1851.site.5, 0, 215, 215
1120974.3.peg.1851.site.6, 130, 209, 339
1120974.3.peg.1851.site.7, 3, 216, 219
1120974.3.peg.1851.site.8, 0, 214, 214
1120974.3.peg.1851.site.9, 129, 209, 338
1120974.3.peg.1851.site.10, 37, 211, 248
1120974.3.peg.1851.site.11, 132, 210, 342
1120974.3.peg.1851.site.12, 40, 212, 252
1120974.3.peg.1851.site.13, 5, 213, 218
1120974.3.peg.1851.site.14, 0, 206, 206
1120974.3.peg.1851.site.15, 38, 209, 247
1120974.3.peg.1851.site.16, 42, 214, 256
1120974.3.peg.1851.site.17, 0, 215, 215
1120974.3.peg.1851.site.18, 45, 211, 256
1120974.3.peg.1851.site.19, 6, 215, 221
1120974.3.peg.1851.site.20, 170, 212, 382
1120974.3.peg.1851.site.21, 70, 160, 230
1120974.3.peg.1851.site.22, 13, 96, 109
1120974.3.peg.1851.site.23, 9, 93, 102
1120974.3.peg.1851.site.24, 16, 100, 116
1120974.3.peg.1851.site.25, 2, 122, 124
1120974.3.peg.1851.site.26, 49, 130, 179
1120974.3.peg.1851.site.27, 115, 196, 311
1120974.3.peg.1851.site.28, 77, 213, 290
1120974.3.peg.1851.site.29, 162, 208, 370
1120974.3.peg.1851.site.30, 158, 208, 366
1120974.3.peg.1851.site.31, 45, 208, 253
1120974.3.peg.1851.site.32, 73, 212, 285
1120974.3.peg.1851.site.33, 39, 180, 219
1120974.3.peg.1851.site.34, 7, 180, 187
1120974.3.peg.1851.site.35, 2, 176, 178
1120974.3.peg.1851.site.36, 2, 176, 178
1120974.3.peg.1851.site.37, 1, 176, 177
1120974.3.peg.1851.site.38, 108, 183, 291
1120974.3.peg.1851.site.39, 1, 195, 196
1120974.3.peg.1851.site.40, 111, 183, 294
1120974.3.peg.1851.site.41, 0, 184, 184
1120974.3.peg.1851.site.42, 27, 196, 223
1120974.3.peg.1851.site.43, 35, 179, 214
1120974.3.peg.1851.site.44, 35, 179, 214
1120974.3.peg.1850.site.1, 16, 214, 230
1120974.3.peg.1850.site.2, 4, 213, 217
1120974.3.peg.1850.site.3, 186, 210, 396
1120974.3.peg.1850.site.4, 0, 214, 214
1120974.3.peg.1850.site.5, 186, 213, 399
1120974.3.peg.1850.site.6, 4, 210, 214
1120974.3.peg.1850.site.7, 0, 215, 215
1120974.3.peg.1850.site.8, 205, 213, 418
1120974.3.peg.1850.site.9, 1, 215, 216
1120974.3.peg.1850.site.10, 209, 215, 424
1120974.3.peg.1850.site.11, 189, 211, 400
1120974.3.peg.1850.site.12, 184, 210, 394
1120974.3.peg.1850.site.13, 3, 213, 216
1120974.3.peg.1850.site.14, 194, 212, 406
1120974.3.peg.1850.site.15, 4, 215, 219
1120974.3.peg.1850.site.16, 1, 214, 215
1120974.3.peg.1850.site.17, 0, 55, 55
1120974.3.peg.1850.site.18, 0, 56, 56
1120974.3.peg.1850.site.19, 5, 19, 24
1120974.3.peg.1850.site.20, 0, 26, 26
1120974.3.peg.1850.site.21, 10, 24, 34
1120974.3.peg.1850.site.22, 2, 26, 28
1120974.3.peg.1850.site.23, 0, 16, 16
1120974.3.peg.1850.site.24, 0, 18, 18
1120974.3.peg.1850.site.25, 16, 25, 41
1120974.3.peg.1850.site.26, 5, 25, 30
1120974.3.peg.1850.site.27, 6, 27, 33
1120974.3.peg.1850.site.28, 10, 28, 38
1120974.3.peg.1850.site.29, 1, 28, 29
1120974.3.peg.1850.site.30, 3, 32, 35
1120974.3.peg.1850.site.31, 5, 152, 157
1120974.3.peg.1850.site.32, 35, 209, 244
1120974.3.peg.1853.site.1, 51, 205, 256
1120974.3.peg.1853.site.2, 3, 207, 210
1120974.3.peg.1853.site.3, 1, 203, 204
1120974.3.peg.1853.site.4, 144, 201, 345
1120974.3.peg.1853.site.5, 0, 205, 205
1120974.3.peg.1853.site.6, 142, 205, 347
1120974.3.peg.1853.site.7, 0, 206, 206
1120974.3.peg.1853.site.8, 32, 207, 239
1120974.3.peg.1853.site.9, 2, 214, 216
1120974.3.peg.1853.site.10, 3, 215, 218
1120974.3.peg.1853.site.11, 1, 211, 212
1120974.3.peg.1853.site.12, 148, 205, 353
1120974.3.peg.1853.site.13, 144, 202, 346
1120974.3.peg.1853.site.14, 1, 185, 186
1120974.3.peg.1853.site.15, 127, 185, 312
1120974.3.peg.1853.site.16, 1, 201, 202
1120974.3.peg.1853.site.17, 97, 205, 302
1120974.3.peg.1853.site.18, 0, 209, 209
1120974.3.peg.1853.site.19, 51, 203, 254
1120974.3.peg.1853.site.20, 64, 207, 271
1120974.3.peg.1853.site.21, 4, 211, 215
1120974.3.peg.1853.site.22, 84, 209, 293
1120974.3.peg.1853.site.23, 79, 207, 286
1120974.3.peg.1853.site.24, 0, 215, 215
1120974.3.peg.1853.site.25, 0, 213, 213
1120974.3.peg.1853.site.26, 67, 208, 275
1120974.3.peg.1853.site.27, 0, 207, 207
1120974.3.peg.1853.site.28, 149, 206, 355
1120974.3.peg.1853.site.29, 154, 207, 361
1120974.3.peg.1853.site.30, 66, 208, 274
1120974.3.peg.1853.site.31, 67, 209, 276
1120974.3.peg.1853.site.32, 69, 208, 277
1120974.3.peg.1854.site.1, 19, 210, 229
1120974.3.peg.1854.site.2, 37, 207, 244
1120974.3.peg.1856.site.1, 17, 145, 162
1120974.3.peg.1856.site.2, 76, 209, 285
1120974.3.peg.1856.site.3, 61, 211, 272
1120974.3.peg.1856.site.4, 64, 213, 277
1120974.3.peg.1856.site.5, 63, 212, 275
1120974.3.peg.1856.site.6, 78, 211, 289
1120974.3.peg.1856.site.7, 0, 216, 216
1120974.3.peg.1856.site.8, 91, 209, 300
1120974.3.peg.1856.site.9, 83, 208, 291
1120974.3.peg.1856.site.10, 96, 205, 301
1120974.3.peg.1856.site.11, 0, 182, 182
1120974.3.peg.1856.site.12, 0, 181, 181
1120974.3.peg.1856.site.13, 4, 188, 192
1120974.3.peg.1856.site.14, 4, 192, 196
1120974.3.peg.1856.site.15, 3, 195, 198
1120974.3.peg.1856.site.16, 207, 207, 414
1120974.3.peg.1856.site.17, 83, 210, 293
1120974.3.peg.1856.site.18, 0, 214, 214
1120974.3.peg.1856.site.19, 89, 209, 298
1120974.3.peg.1856.site.20, 89, 209, 298
1120974.3.peg.1856.site.21, 87, 210, 297
1120974.3.peg.1856.site.22, 0, 213, 213
1120974.3.peg.1856.site.23, 87, 209, 296
1120974.3.peg.1856.site.24, 92, 211, 303
1120974.3.peg.1856.site.25, 4, 214, 218
1120974.3.peg.1856.site.26, 106, 208, 314
1120974.3.peg.1856.site.27, 4, 214, 218
1120974.3.peg.1455.site.1, 2, 215, 217
1120974.3.peg.1455.site.2, 0, 215, 215
1120974.3.peg.1455.site.3, 102, 208, 310
1120974.3.peg.1455.site.4, 216, 216, 432
1120974.3.peg.1455.site.5, 107, 210, 317
1120974.3.peg.1455.site.6, 138, 153, 291
1120974.3.peg.1455.site.7, 43, 150, 193
1120974.3.peg.1455.site.8, 0, 201, 201
1120974.3.peg.1455.site.9, 91, 196, 287
1120974.3.peg.1455.site.10, 2, 209, 211
1120974.3.peg.1455.site.11, 0, 216, 216
1120974.3.peg.1106.site.1, 0, 214, 214
1120974.3.peg.1106.site.2, 8, 213, 221
1120974.3.peg.1106.site.3, 182, 215, 397
1120974.3.peg.1106.site.4, 1, 215, 216
1120974.3.peg.1106.site.5, 182, 216, 398
1120974.3.peg.1106.site.6, 187, 214, 401
1120974.3.peg.1106.site.7, 180, 213, 393
1120974.3.peg.1106.site.8, 179, 212, 391
1120974.3.peg.1106.site.9, 1, 215, 216
1120974.3.peg.1106.site.10, 181, 214, 395
1120974.3.peg.1106.site.11, 0, 214, 214
1120974.3.peg.1105.site.1, 4, 214, 218
1120974.3.peg.1105.site.2, 178, 210, 388
1120974.3.peg.1105.site.3, 177, 211, 388
1120974.3.peg.1105.site.4, 2, 216, 218
1120974.3.peg.1105.site.5, 0, 216, 216
1120974.3.peg.1105.site.6, 60, 213, 273
1120974.3.peg.1105.site.7, 60, 213, 273
1120974.3.peg.1105.site.8, 12, 215, 227
1120974.3.peg.1105.site.9, 3, 216, 219
1120974.3.peg.1105.site.10, 158, 212, 370
1120974.3.peg.1105.site.11, 162, 213, 375
1120974.3.peg.1105.site.12, 180, 212, 392
1120974.3.peg.1105.site.13, 180, 214, 394
1120974.3.peg.1105.site.14, 19, 216, 235
1120974.3.peg.1105.site.15, 182, 215, 397
1120974.3.peg.1105.site.16, 2, 215, 217
1120974.3.peg.1105.site.17, 182, 215, 397
1120974.3.peg.1105.site.18, 181, 213, 394
1120974.3.peg.1105.site.19, 185, 214, 399
1120974.3.peg.1105.site.20, 4, 215, 219
1120974.3.peg.1105.site.21, 6, 215, 221
1120974.3.peg.1105.site.22, 0, 212, 212
1120974.3.peg.1104.site.1, 159, 190, 349
1120974.3.peg.1104.site.2, 112, 211, 323
1120974.3.peg.1104.site.3, 2, 214, 216
1120974.3.peg.1104.site.4, 180, 211, 391
1120974.3.peg.1104.site.5, 5, 214, 219
1120974.3.peg.1104.site.6, 186, 212, 398
1120974.3.peg.1104.site.7, 0, 216, 216
1120974.3.peg.1104.site.8, 10, 216, 226
1120974.3.peg.1451.site.1, 29, 213, 242
1120974.3.peg.1450.site.1, 183, 201, 384
1120974.3.peg.1450.site.2, 34, 213, 247
1120974.3.peg.1450.site.3, 32, 215, 247
1120974.3.peg.1450.site.4, 4, 216, 220
1120974.3.peg.1450.site.5, 32, 215, 247
1120974.3.peg.1450.site.6, 29, 212, 241
1120974.3.peg.1450.site.7, 31, 215, 246
1120974.3.peg.1450.site.8, 0, 214, 214
1120974.3.peg.1450.site.9, 29, 214, 243
1120974.3.peg.1450.site.10, 5, 215, 220
1120974.3.peg.1450.site.11, 0, 215, 215
1120974.3.peg.1450.site.12, 0, 215, 215
1120974.3.peg.1450.site.13, 0, 216, 216
1120974.3.peg.1450.site.14, 29, 215, 244
1120974.3.peg.1450.site.15, 29, 214, 243
1120974.3.peg.1450.site.16, 0, 216, 216
1120974.3.peg.1450.site.17, 29, 215, 244
1120974.3.peg.1453.site.1, 26, 209, 235
1120974.3.peg.1453.site.2, 26, 213, 239
1120974.3.peg.1453.site.3, 0, 214, 214
1120974.3.peg.1453.site.4, 0, 215, 215
1120974.3.peg.1453.site.5, 27, 212, 239
1120974.3.peg.1453.site.6, 1, 212, 213
1120974.3.peg.1453.site.7, 164, 208, 372
1120974.3.peg.1453.site.8, 212, 213, 425
1120974.3.peg.1453.site.9, 1, 214, 215
1120974.3.peg.1453.site.10, 195, 211, 406
1120974.3.peg.1453.site.11, 1, 215, 216
1120974.3.peg.1453.site.12, 1, 215, 216
1120974.3.peg.1453.site.13, 2, 214, 216
1120974.3.peg.1453.site.14, 3, 214, 217
1120974.3.peg.1452.site.1, 0, 216, 216
1120974.3.peg.1452.site.2, 27, 216, 243
1120974.3.peg.1452.site.3, 4, 216, 220
1120974.3.peg.1452.site.4, 15, 213, 228
1120974.3.peg.1452.site.5, 209, 213, 422
1120974.3.peg.1452.site.6, 27, 216, 243
1120974.3.peg.1452.site.7, 32, 214, 246
1120974.3.peg.1452.site.8, 182, 214, 396
1120974.3.peg.1452.site.9, 12, 195, 207
1120974.3.peg.1452.site.10, 15, 194, 209
1120974.3.peg.1452.site.11, 19, 206, 225
1120974.3.peg.1452.site.12, 1, 211, 212
1120974.3.peg.1452.site.13, 4, 212, 216
1120974.3.peg.1452.site.14, 26, 210, 236
1120974.3.peg.1452.site.15, 0, 216, 216
1120974.3.peg.1458.site.1, 0, 187, 187
1120974.3.peg.1458.site.2, 142, 180, 322
1120974.3.peg.1458.site.3, 141, 210, 351
1120974.3.peg.1458.site.4, 178, 214, 392
1120974.3.peg.1458.site.5, 33, 214, 247
1120974.3.peg.1458.site.6, 0, 214, 214
1120974.3.peg.1458.site.7, 0, 215, 215
1120974.3.peg.1458.site.8, 51, 212, 263
1120974.3.peg.1458.site.9, 14, 213, 227
1120974.3.peg.1458.site.10, 34, 213, 247
1120974.3.peg.1458.site.11, 107, 212, 319
1120974.3.peg.1458.site.12, 18, 214, 232
1120974.3.peg.1458.site.13, 216, 216, 432
1120974.3.peg.1458.site.14, 177, 215, 392
1120974.3.peg.1458.site.15, 177, 215, 392
1120974.3.peg.1458.site.16, 106, 213, 319
1120974.3.peg.1458.site.17, 0, 216, 216
1120974.3.peg.1458.site.18, 156, 214, 370
1120974.3.peg.1458.site.19, 0, 215, 215
1120974.3.peg.1458.site.20, 1, 214, 215
1120974.3.peg.1458.site.21, 2, 214, 216
1120974.3.peg.1458.site.22, 3, 216, 219
1120974.3.peg.1458.site.23, 83, 210, 293
1120974.3.peg.1109.site.1, 29, 212, 241
1120974.3.peg.1109.site.2, 156, 212, 368
1120974.3.peg.1109.site.3, 181, 210, 391
1120974.3.peg.1109.site.4, 1, 207, 208
1120974.3.peg.1109.site.5, 0, 213, 213
1120974.3.peg.1109.site.6, 0, 208, 208
1120974.3.peg.1109.site.7, 0, 212, 212
1120974.3.peg.1109.site.8, 5, 214, 219
1120974.3.peg.1109.site.9, 15, 210, 225
1120974.3.peg.1109.site.10, 0, 167, 167
1120974.3.peg.1109.site.11, 24, 208, 232
1120974.3.peg.1108.site.1, 159, 211, 370
1120974.3.peg.1108.site.2, 32, 212, 244
1120974.3.peg.1108.site.3, 159, 213, 372
1120974.3.peg.1108.site.4, 7, 216, 223
1120974.3.peg.1108.site.5, 38, 213, 251
1120974.3.peg.1108.site.6, 0, 205, 205
1120974.3.peg.1108.site.7, 37, 208, 245
1120974.3.peg.1108.site.8, 38, 210, 248
1120974.3.peg.1108.site.9, 32, 208, 240
1120974.3.peg.1108.site.10, 0, 214, 214
1120974.3.peg.804.site.1, 0, 215, 215
1120974.3.peg.804.site.2, 181, 211, 392
1120974.3.peg.804.site.3, 177, 207, 384
1120974.3.peg.804.site.4, 170, 200, 370
1120974.3.peg.804.site.5, 1, 185, 186
1120974.3.peg.804.site.6, 115, 144, 259
1120974.3.peg.804.site.7, 98, 126, 224
1120974.3.peg.804.site.8, 20, 34, 54
1120974.3.peg.804.site.9, 12, 24, 36
1120974.3.peg.805.site.1, 154, 182, 336
1120974.3.peg.805.site.2, 2, 187, 189
1120974.3.peg.805.site.3, 37, 213, 250
1120974.3.peg.805.site.4, 0, 216, 216
1120974.3.peg.805.site.5, 49, 212, 261
1120974.3.peg.805.site.6, 11, 214, 225
1120974.3.peg.805.site.7, 184, 212, 396
1120974.3.peg.805.site.8, 214, 216, 430
1120974.3.peg.805.site.9, 10, 216, 226
1120974.3.peg.805.site.10, 2, 216, 218
1120974.3.peg.805.site.11, 49, 213, 262
1120974.3.peg.805.site.12, 0, 215, 215
1120974.3.peg.805.site.13, 48, 212, 260
1120974.3.peg.805.site.14, 47, 211, 258
1120974.3.peg.805.site.15, 145, 210, 355
1120974.3.peg.805.site.16, 38, 212, 250
1120974.3.peg.805.site.17, 0, 216, 216
1120974.3.peg.805.site.18, 48, 215, 263
1120974.3.peg.805.site.19, 48, 215, 263
1120974.3.peg.805.site.20, 144, 210, 354
1120974.3.peg.805.site.21, 45, 210, 255
1120974.3.peg.805.site.22, 190, 211, 401
1120974.3.peg.805.site.23, 214, 216, 430
1120974.3.peg.805.site.24, 146, 208, 354
1120974.3.peg.805.site.25, 45, 211, 256
1120974.3.peg.805.site.26, 214, 216, 430
1120974.3.peg.805.site.27, 1, 215, 216
1120974.3.peg.805.site.28, 49, 212, 261
1120974.3.peg.805.site.29, 214, 216, 430
1120974.3.peg.805.site.30, 2, 214, 216
1120974.3.peg.805.site.31, 0, 215, 215
1120974.3.peg.805.site.32, 0, 215, 215
1120974.3.peg.805.site.33, 7, 215, 222
1120974.3.peg.805.site.34, 4, 204, 208
1120974.3.peg.805.site.35, 25, 45, 70
1120974.3.peg.805.site.36, 4, 33, 37
1120974.3.peg.805.site.37, 9, 29, 38
1120974.3.peg.805.site.38, 5, 25, 30
1120974.3.peg.807.site.1, 2, 216, 218
1120974.3.peg.807.site.2, 8, 214, 222
1120974.3.peg.807.site.3, 3, 65, 68
1120974.3.peg.807.site.4, 2, 11, 13
1120974.3.peg.807.site.5, 1, 20, 21
1120974.3.peg.807.site.6, 1, 17, 18
1120974.3.peg.807.site.7, 22, 193, 215
1120974.3.peg.807.site.8, 140, 190, 330
1120974.3.peg.807.site.9, 146, 198, 344
1120974.3.peg.807.site.10, 11, 166, 177
1120974.3.peg.807.site.11, 116, 163, 279
1120974.3.peg.807.site.12, 106, 157, 263
1120974.3.peg.807.site.13, 102, 152, 254
1120974.3.peg.807.site.14, 181, 191, 372
1120974.3.peg.807.site.15, 0, 201, 201
1120974.3.peg.807.site.16, 187, 208, 395
1120974.3.peg.807.site.17, 0, 216, 216
1120974.3.peg.807.site.18, 32, 214, 246
1120974.3.peg.807.site.19, 22, 204, 226
1120974.3.peg.807.site.20, 111, 132, 243
1120974.3.peg.807.site.21, 85, 105, 190
1120974.3.peg.807.site.22, 6, 105, 111
1120974.3.peg.807.site.23, 40, 114, 154
1120974.3.peg.807.site.24, 63, 136, 199
1120974.3.peg.807.site.25, 0, 157, 157
1120974.3.peg.807.site.26, 83, 165, 248
1120974.3.peg.807.site.27, 1, 187, 188
1120974.3.peg.807.site.28, 203, 211, 414
1120974.3.peg.807.site.29, 125, 205, 330
1120974.3.peg.807.site.30, 11, 208, 219
1120974.3.peg.807.site.31, 134, 210, 344
1120974.3.peg.807.site.32, 3, 214, 217
1120974.3.peg.807.site.33, 190, 213, 403
1120974.3.peg.807.site.34, 71, 213, 284
1120974.3.peg.807.site.35, 136, 212, 348
1120974.3.peg.807.site.36, 135, 211, 346
1120974.3.peg.807.site.37, 2, 215, 217
1120974.3.peg.807.site.38, 135, 210, 345
1120974.3.peg.807.site.39, 139, 211, 350
1120974.3.peg.807.site.40, 1, 216, 217
1120974.3.peg.800.site.1, 83, 156, 239
1120974.3.peg.800.site.2, 60, 196, 256
1120974.3.peg.800.site.3, 109, 197, 306
1120974.3.peg.800.site.4, 118, 203, 321
1120974.3.peg.800.site.5, 114, 199, 313
1120974.3.peg.800.site.6, 118, 202, 320
1120974.3.peg.800.site.7, 58, 136, 194
1120974.3.peg.800.site.8, 62, 139, 201
1120974.3.peg.800.site.9, 38, 107, 145
1120974.3.peg.800.site.10, 162, 164, 326
1120974.3.peg.800.site.11, 84, 146, 230
1120974.3.peg.800.site.12, 86, 166, 252
1120974.3.peg.800.site.13, 98, 176, 274
1120974.3.peg.800.site.14, 0, 212, 212
1120974.3.peg.800.site.15, 0, 215, 215
1120974.3.peg.800.site.16, 190, 212, 402
1120974.3.peg.800.site.17, 63, 209, 272
1120974.3.peg.801.site.1, 186, 206, 392
1120974.3.peg.801.site.2, 178, 200, 378
1120974.3.peg.801.site.3, 121, 131, 252
1120974.3.peg.801.site.4, 76, 93, 169
1120974.3.peg.801.site.5, 64, 78, 142
1120974.3.peg.801.site.6, 7, 152, 159
1120974.3.peg.801.site.7, 64, 85, 149
1120974.3.peg.801.site.8, 7, 51, 58
1120974.3.peg.801.site.9, 10, 21, 31
1120974.3.peg.801.site.10, 1, 17, 18
1120974.3.peg.801.site.11, 4, 15, 19
1120974.3.peg.801.site.12, 15, 17, 32
1120974.3.peg.801.site.13, 1, 27, 28
1120974.3.peg.801.site.14, 0, 41, 41
1120974.3.peg.801.site.15, 15, 86, 101
1120974.3.peg.801.site.16, 134, 136, 270
1120974.3.peg.801.site.17, 184, 206, 390
1120974.3.peg.801.site.18, 16, 213, 229
1120974.3.peg.801.site.19, 0, 214, 214
1120974.3.peg.801.site.20, 213, 215, 428
1120974.3.peg.801.site.21, 0, 215, 215
1120974.3.peg.803.site.1, 39, 212, 251
1120974.3.peg.803.site.2, 0, 216, 216
1120974.3.peg.803.site.3, 175, 214, 389
1120974.3.peg.2151.site.1, 122, 205, 327
1120974.3.peg.2151.site.2, 5, 212, 217
1120974.3.peg.2151.site.3, 2, 215, 217
1120974.3.peg.2151.site.4, 164, 213, 377
1120974.3.peg.2151.site.5, 0, 214, 214
1120974.3.peg.2151.site.6, 155, 213, 368
1120974.3.peg.2151.site.7, 154, 211, 365
1120974.3.peg.2151.site.8, 2, 215, 217
1120974.3.peg.2151.site.9, 159, 212, 371
1120974.3.peg.2151.site.10, 146, 205, 351
1120974.3.peg.2151.site.11, 2, 185, 187
1120974.3.peg.2151.site.12, 106, 167, 273
1120974.3.peg.2151.site.13, 0, 179, 179
1120974.3.peg.2151.site.14, 139, 199, 338
1120974.3.peg.2153.site.1, 2, 39, 41
1120974.3.peg.2153.site.2, 3, 216, 219
1120974.3.peg.2153.site.3, 178, 213, 391
1120974.3.peg.2153.site.4, 166, 203, 369
1120974.3.peg.2153.site.5, 169, 206, 375
1120974.3.peg.2153.site.6, 166, 203, 369
1120974.3.peg.2153.site.7, 165, 202, 367
1120974.3.peg.2153.site.8, 173, 209, 382
1120974.3.peg.2153.site.9, 110, 206, 316
1120974.3.peg.2153.site.10, 169, 209, 378
1120974.3.peg.2153.site.11, 23, 212, 235
1120974.3.peg.2153.site.12, 138, 212, 350
1120974.3.peg.2153.site.13, 174, 215, 389
1120974.3.peg.2153.site.14, 0, 216, 216
1120974.3.peg.2153.site.15, 171, 210, 381
1120974.3.peg.2153.site.16, 10, 185, 195
1120974.3.peg.2153.site.17, 163, 201, 364
1120974.3.peg.2153.site.18, 175, 212, 387
1120974.3.peg.2153.site.19, 0, 214, 214
1120974.3.peg.2153.site.20, 172, 212, 384
1120974.3.peg.2153.site.21, 184, 214, 398
1120974.3.peg.2153.site.22, 177, 215, 392
1120974.3.peg.2153.site.23, 121, 210, 331
1120974.3.peg.2153.site.24, 175, 211, 386
1120974.3.peg.2153.site.25, 177, 215, 392
1120974.3.peg.2153.site.26, 43, 205, 248
1120974.3.peg.2153.site.27, 2, 211, 213
1120974.3.peg.2153.site.28, 1, 214, 215
1120974.3.peg.2153.site.29, 121, 213, 334
1120974.3.peg.2153.site.30, 8, 213, 221
1120974.3.peg.2153.site.31, 3, 216, 219
1120974.3.peg.2153.site.32, 4, 216, 220
1120974.3.peg.2153.site.33, 177, 215, 392
1120974.3.peg.2153.site.34, 10, 195, 205
1120974.3.peg.2153.site.35, 1, 39, 40
1120974.3.peg.2153.site.36, 79, 118, 197
1120974.3.peg.2153.site.37, 89, 127, 216
1120974.3.peg.2153.site.38, 103, 141, 244
1120974.3.peg.2153.site.39, 147, 184, 331
1120974.3.peg.2153.site.40, 0, 190, 190
1120974.3.peg.2153.site.41, 173, 208, 381
1120974.3.peg.2153.site.42, 0, 214, 214
1120974.3.peg.2153.site.43, 176, 214, 390
1120974.3.peg.2153.site.44, 177, 215, 392
1120974.3.peg.2153.site.45, 175, 215, 390
1120974.3.peg.2153.site.46, 2, 216, 218
1120974.3.peg.2153.site.47, 2, 216, 218
1120974.3.peg.2153.site.48, 174, 214, 388
1120974.3.peg.2153.site.49, 174, 212, 386
1120974.3.peg.2153.site.50, 2, 212, 214
1120974.3.peg.2153.site.51, 119, 158, 277
1120974.3.peg.2153.site.52, 123, 161, 284
1120974.3.peg.2153.site.53, 92, 131, 223
1120974.3.peg.2153.site.54, 81, 120, 201
1120974.3.peg.2153.site.55, 117, 126, 243
1120974.3.peg.2152.site.1, 0, 213, 213
1120974.3.peg.2152.site.2, 149, 209, 358
1120974.3.peg.2152.site.3, 150, 210, 360
1120974.3.peg.2152.site.4, 26, 212, 238
1120974.3.peg.2152.site.5, 0, 216, 216
1120974.3.peg.2152.site.6, 178, 204, 382
1120974.3.peg.2152.site.7, 195, 195, 390
1120974.3.peg.2152.site.8, 188, 212, 400
1120974.3.peg.808.site.1, 1, 214, 215
1120974.3.peg.808.site.2, 192, 211, 403
1120974.3.peg.808.site.3, 1, 214, 215
1120974.3.peg.808.site.4, 136, 209, 345
1120974.3.peg.808.site.5, 183, 206, 389
1120974.3.peg.808.site.6, 38, 115, 153
1120974.3.peg.808.site.7, 181, 194, 375
1120974.3.peg.808.site.8, 115, 192, 307
1120974.3.peg.808.site.9, 2, 216, 218
1120974.3.peg.808.site.10, 59, 212, 271
1120974.3.peg.808.site.11, 0, 214, 214
1120974.3.peg.808.site.12, 0, 215, 215
1120974.3.peg.809.site.1, 0, 213, 213
1120974.3.peg.809.site.2, 55, 206, 261
1120974.3.peg.809.site.3, 132, 207, 339
1120974.3.peg.809.site.4, 60, 211, 271
1120974.3.peg.809.site.5, 58, 211, 269
1120974.3.peg.809.site.6, 2, 215, 217
1120974.3.peg.809.site.7, 128, 208, 336
1120974.3.peg.809.site.8, 60, 211, 271
1120974.3.peg.809.site.9, 2, 216, 218
1120974.3.peg.809.site.10, 2, 214, 216
1120974.3.peg.809.site.11, 63, 213, 276
1120974.3.peg.2157.site.1, 1, 215, 216
1120974.3.peg.2157.site.2, 205, 214, 419
1120974.3.peg.2157.site.3, 101, 199, 300
1120974.3.peg.2157.site.4, 203, 211, 414
1120974.3.peg.2157.site.5, 1, 214, 215
1120974.3.peg.2157.site.6, 4, 213, 217
1120974.3.peg.2157.site.7, 1, 211, 212
1120974.3.peg.2157.site.8, 189, 198, 387
1120974.3.peg.2157.site.9, 196, 204, 400
1120974.3.peg.2157.site.10, 201, 208, 409
1120974.3.peg.2157.site.11, 0, 208, 208
1120974.3.peg.2157.site.12, 200, 209, 409
1120974.3.peg.2157.site.13, 195, 203, 398
1120974.3.peg.2157.site.14, 60, 69, 129
1120974.3.peg.2157.site.15, 2, 11, 13
1120974.3.peg.2156.site.1, 22, 209, 231
1120974.3.peg.2156.site.2, 139, 163, 302
1120974.3.peg.2156.site.3, 154, 178, 332
1120974.3.peg.2156.site.4, 183, 207, 390
1120974.3.peg.2156.site.5, 0, 216, 216
1120974.3.peg.2156.site.6, 5, 215, 220
1120974.3.peg.2156.site.7, 142, 209, 351
1120974.3.peg.2156.site.8, 0, 214, 214
1120974.3.peg.2156.site.9, 22, 212, 234
1120974.3.peg.2156.site.10, 192, 214, 406
1120974.3.peg.2156.site.11, 193, 213, 406
1120974.3.peg.2156.site.12, 3, 215, 218
1120974.3.peg.2021.site.1, 6, 216, 222
1120974.3.peg.2021.site.2, 2, 215, 217
1120974.3.peg.2021.site.3, 69, 209, 278
1120974.3.peg.2021.site.4, 33, 213, 246
1120974.3.peg.2021.site.5, 209, 214, 423
1120974.3.peg.2021.site.6, 1, 214, 215
1120974.3.peg.2021.site.7, 91, 209, 300
1120974.3.peg.2021.site.8, 56, 198, 254
1120974.3.peg.2021.site.9, 151, 183, 334
1120974.3.peg.2021.site.10, 86, 140, 226
1120974.3.peg.2021.site.11, 85, 140, 225
1120974.3.peg.2021.site.12, 133, 185, 318
1120974.3.peg.2021.site.13, 18, 198, 216
1120974.3.peg.2021.site.14, 166, 199, 365
1120974.3.peg.2021.site.15, 175, 205, 380
1120974.3.peg.2021.site.16, 162, 211, 373
1120974.3.peg.2021.site.17, 0, 216, 216
1120974.3.peg.2021.site.18, 8, 212, 220
1120974.3.peg.2021.site.19, 166, 213, 379
1120974.3.peg.2021.site.20, 165, 212, 377
1120974.3.peg.2021.site.21, 3, 216, 219
1120974.3.peg.2021.site.22, 164, 212, 376
1120974.3.peg.2021.site.23, 0, 213, 213
1120974.3.peg.2020.site.1, 209, 215, 424
1120974.3.peg.2020.site.2, 100, 210, 310
1120974.3.peg.2020.site.3, 96, 207, 303
1120974.3.peg.2020.site.4, 147, 199, 346
1120974.3.peg.2020.site.5, 56, 207, 263
1120974.3.peg.2020.site.6, 180, 204, 384
1120974.3.peg.2020.site.7, 155, 205, 360
1120974.3.peg.2020.site.8, 7, 212, 219
1120974.3.peg.2020.site.9, 24, 206, 230
1120974.3.peg.2020.site.10, 3, 201, 204
1120974.3.peg.2020.site.11, 3, 212, 215
1120974.3.peg.2807.site.1, 16, 214, 230
1120974.3.peg.2807.site.2, 73, 213, 286
1120974.3.peg.2807.site.3, 189, 215, 404
1120974.3.peg.2807.site.4, 117, 211, 328
1120974.3.peg.2807.site.5, 0, 216, 216
1120974.3.peg.2807.site.6, 1, 165, 166
1120974.3.peg.2807.site.7, 19, 162, 181
1120974.3.peg.2807.site.8, 10, 154, 164
1120974.3.peg.2807.site.9, 171, 200, 371
1120974.3.peg.2807.site.10, 184, 212, 396
1120974.3.peg.2807.site.11, 66, 209, 275
1120974.3.peg.2807.site.12, 202, 213, 415
1120974.3.peg.2807.site.13, 69, 214, 283
1120974.3.peg.2807.site.14, 69, 211, 280
1120974.3.peg.2807.site.15, 70, 211, 281
1120974.3.peg.2807.site.16, 178, 203, 381
1120974.3.peg.2807.site.17, 177, 202, 379
1120974.3.peg.2807.site.18, 29, 195, 224
1120974.3.peg.2807.site.19, 179, 204, 383
1120974.3.peg.2807.site.20, 158, 184, 342
1120974.3.peg.2807.site.21, 97, 190, 287
1120974.3.peg.2807.site.22, 169, 195, 364
1120974.3.peg.2807.site.23, 186, 211, 397
1120974.3.peg.2807.site.24, 12, 216, 228
1120974.3.peg.2807.site.25, 0, 215, 215
1120974.3.peg.2807.site.26, 0, 216, 216
1120974.3.peg.2807.site.27, 189, 214, 403
1120974.3.peg.2809.site.1, 209, 209, 418
1120974.3.peg.2809.site.2, 0, 214, 214
1120974.3.peg.2809.site.3, 66, 211, 277
1120974.3.peg.2809.site.4, 64, 211, 275
1120974.3.peg.2809.site.5, 4, 209, 213
1120974.3.peg.2809.site.6, 8, 209, 217
1120974.3.peg.2809.site.7, 180, 198, 378
1120974.3.peg.2809.site.8, 133, 151, 284
1120974.3.peg.2809.site.9, 77, 159, 236
1120974.3.peg.2809.site.10, 142, 159, 301
1120974.3.peg.2809.site.11, 195, 213, 408
1120974.3.peg.2809.site.12, 194, 211, 405
1120974.3.peg.2809.site.13, 0, 206, 206
1120974.3.peg.2809.site.14, 128, 209, 337
1120974.3.peg.2809.site.15, 66, 206, 272
1120974.3.peg.2809.site.16, 4, 211, 215
1120974.3.peg.2809.site.17, 126, 208, 334
1120974.3.peg.2809.site.18, 4, 207, 211
1120974.3.peg.2809.site.19, 193, 210, 403
1120974.3.peg.2809.site.20, 4, 209, 213
1120974.3.peg.2809.site.21, 194, 208, 402
1120974.3.peg.2809.site.22, 118, 205, 323
1120974.3.peg.2809.site.23, 4, 211, 215
1120974.3.peg.2809.site.24, 3, 213, 216
1120974.3.peg.2809.site.25, 191, 213, 404
1120974.3.peg.2809.site.26, 58, 209, 267
1120974.3.peg.2809.site.27, 117, 205, 322
1120974.3.peg.2809.site.28, 97, 123, 220
1120974.3.peg.2809.site.29, 2, 131, 133
1120974.3.peg.2809.site.30, 0, 209, 209
1120974.3.peg.2809.site.31, 116, 195, 311
1120974.3.peg.2809.site.32, 154, 172, 326
1120974.3.peg.2809.site.33, 119, 136, 255
1120974.3.peg.2809.site.34, 122, 143, 265
1120974.3.peg.2809.site.35, 24, 114, 138
1120974.3.peg.2809.site.36, 10, 101, 111
1120974.3.peg.2809.site.37, 78, 92, 170
1120974.3.peg.2809.site.38, 47, 83, 130
1120974.3.peg.2809.site.39, 19, 97, 116
1120974.3.peg.2809.site.40, 74, 93, 167
1120974.3.peg.2809.site.41, 72, 95, 167
1120974.3.peg.2809.site.42, 123, 128, 251
1120974.3.peg.2809.site.43, 52, 191, 243
1120974.3.peg.2809.site.44, 4, 205, 209
1120974.3.peg.2809.site.45, 190, 210, 400
1120974.3.peg.2809.site.46, 190, 210, 400
1120974.3.peg.2809.site.47, 128, 211, 339
1120974.3.peg.2809.site.48, 192, 213, 405
1120974.3.peg.2809.site.49, 1, 216, 217
1120974.3.peg.2809.site.50, 123, 209, 332
1120974.3.peg.2809.site.51, 59, 202, 261
1120974.3.peg.2808.site.1, 11, 215, 226
1120974.3.peg.2808.site.2, 114, 210, 324
1120974.3.peg.2808.site.3, 185, 209, 394
1120974.3.peg.2808.site.4, 8, 215, 223
1120974.3.peg.2808.site.5, 111, 208, 319
1120974.3.peg.2808.site.6, 112, 209, 321
1120974.3.peg.2808.site.7, 113, 210, 323
1120974.3.peg.2808.site.8, 0, 214, 214
1120974.3.peg.2808.site.9, 0, 215, 215
1120974.3.peg.2808.site.10, 116, 207, 323
1120974.3.peg.2808.site.11, 5, 215, 220
1120974.3.peg.2808.site.12, 49, 189, 238
1120974.3.peg.2808.site.13, 170, 189, 359
1120974.3.peg.2808.site.14, 9, 156, 165
1120974.3.peg.2808.site.15, 12, 154, 166
1120974.3.peg.2808.site.16, 5, 157, 162
1120974.3.peg.2808.site.17, 6, 145, 151
1120974.3.peg.2808.site.18, 63, 202, 265
1120974.3.peg.2808.site.19, 67, 205, 272
1120974.3.peg.2808.site.20, 70, 211, 281
1120974.3.peg.978.site.1, 191, 213, 404
1120974.3.peg.978.site.2, 191, 214, 405
1120974.3.peg.978.site.3, 0, 215, 215
1120974.3.peg.978.site.4, 113, 212, 325
1120974.3.peg.978.site.5, 113, 212, 325
1120974.3.peg.978.site.6, 189, 211, 400
1120974.3.peg.978.site.7, 2, 213, 215
1120974.3.peg.978.site.8, 163, 186, 349
1120974.3.peg.978.site.9, 105, 129, 234
1120974.3.peg.978.site.10, 2, 132, 134
1120974.3.peg.978.site.11, 102, 126, 228
1120974.3.peg.978.site.12, 189, 212, 401
1120974.3.peg.978.site.13, 0, 215, 215
1120974.3.peg.978.site.14, 5, 215, 220
1120974.3.peg.978.site.15, 73, 213, 286
1120974.3.peg.978.site.16, 192, 215, 407
1120974.3.peg.978.site.17, 190, 213, 403
1120974.3.peg.978.site.18, 168, 190, 358
1120974.3.peg.978.site.19, 14, 186, 200
1120974.3.peg.978.site.20, 69, 208, 277
1120974.3.peg.978.site.21, 195, 214, 409
1120974.3.peg.978.site.22, 4, 215, 219
1120974.3.peg.978.site.23, 4, 143, 147
1120974.3.peg.979.site.1, 61, 213, 274
1120974.3.peg.979.site.2, 162, 176, 338
1120974.3.peg.979.site.3, 4, 210, 214
1120974.3.peg.979.site.4, 107, 129, 236
1120974.3.peg.979.site.5, 91, 113, 204
1120974.3.peg.979.site.6, 4, 63, 67
1120974.3.peg.979.site.7, 1, 24, 25
1120974.3.peg.979.site.8, 3, 23, 26
1120974.3.peg.979.site.9, 191, 211, 402
1120974.3.peg.979.site.10, 2, 204, 206
1120974.3.peg.979.site.11, 154, 177, 331
1120974.3.peg.979.site.12, 3, 117, 120
1120974.3.peg.979.site.13, 2, 22, 24
1120974.3.peg.979.site.14, 2, 22, 24
1120974.3.peg.979.site.15, 4, 29, 33
1120974.3.peg.973.site.1, 90, 211, 301
1120974.3.peg.973.site.2, 180, 214, 394
1120974.3.peg.973.site.3, 179, 214, 393
1120974.3.peg.973.site.4, 8, 214, 222
1120974.3.peg.973.site.5, 7, 212, 219
1120974.3.peg.973.site.6, 192, 213, 405
1120974.3.peg.973.site.7, 186, 211, 397
1120974.3.peg.973.site.8, 188, 213, 401
1120974.3.peg.973.site.9, 2, 215, 217
1120974.3.peg.973.site.10, 185, 209, 394
1120974.3.peg.973.site.11, 192, 214, 406
1120974.3.peg.973.site.12, 192, 214, 406
1120974.3.peg.973.site.13, 16, 215, 231
1120974.3.peg.973.site.14, 192, 213, 405
1120974.3.peg.973.site.15, 19, 211, 230
1120974.3.peg.973.site.16, 14, 208, 222
1120974.3.peg.973.site.17, 10, 199, 209
1120974.3.peg.973.site.18, 8, 199, 207
1120974.3.peg.973.site.19, 7, 199, 206
1120974.3.peg.973.site.20, 6, 198, 204
1120974.3.peg.973.site.21, 162, 195, 357
1120974.3.peg.973.site.22, 162, 193, 355
1120974.3.peg.975.site.1, 21, 213, 234
1120974.3.peg.975.site.2, 2, 216, 218
1120974.3.peg.975.site.3, 20, 212, 232
1120974.3.peg.975.site.4, 19, 209, 228
1120974.3.peg.975.site.5, 19, 208, 227
1120974.3.peg.975.site.6, 3, 209, 212
1120974.3.peg.975.site.7, 20, 211, 231
1120974.3.peg.975.site.8, 0, 214, 214
1120974.3.peg.975.site.9, 2, 216, 218
1120974.3.peg.975.site.10, 26, 214, 240
1120974.3.peg.975.site.11, 43, 209, 252
1120974.3.peg.975.site.12, 0, 215, 215
1120974.3.peg.975.site.13, 19, 211, 230
1120974.3.peg.975.site.14, 2, 192, 194
1120974.3.peg.975.site.15, 1, 193, 194
1120974.3.peg.975.site.16, 1, 190, 191
1120974.3.peg.975.site.17, 0, 199, 199
1120974.3.peg.975.site.18, 25, 207, 232
1120974.3.peg.975.site.19, 2, 206, 208
1120974.3.peg.975.site.20, 0, 211, 211
1120974.3.peg.975.site.21, 0, 209, 209
1120974.3.peg.975.site.22, 45, 211, 256
1120974.3.peg.975.site.23, 23, 213, 236
1120974.3.peg.975.site.24, 1, 215, 216
1120974.3.peg.975.site.25, 0, 212, 212
1120974.3.peg.975.site.26, 3, 211, 214
1120974.3.peg.975.site.27, 20, 208, 228
1120974.3.peg.975.site.28, 21, 208, 229
1120974.3.peg.975.site.29, 12, 214, 226
1120974.3.peg.975.site.30, 4, 216, 220
1120974.3.peg.975.site.31, 115, 212, 327
1120974.3.peg.975.site.32, 9, 215, 224
1120974.3.peg.975.site.33, 0, 216, 216
1120974.3.peg.975.site.34, 114, 212, 326
1120974.3.peg.975.site.35, 72, 212, 284
1120974.3.peg.975.site.36, 0, 216, 216
1120974.3.peg.975.site.37, 190, 213, 403
1120974.3.peg.975.site.38, 0, 216, 216
1120974.3.peg.975.site.39, 4, 216, 220
1120974.3.peg.975.site.40, 2, 216, 218
1120974.3.peg.975.site.41, 22, 212, 234
1120974.3.peg.975.site.42, 8, 214, 222
1120974.3.peg.976.site.1, 22, 171, 193
1120974.3.peg.976.site.2, 18, 210, 228
1120974.3.peg.976.site.3, 18, 210, 228
1120974.3.peg.976.site.4, 19, 211, 230
1120974.3.peg.976.site.5, 21, 211, 232
1120974.3.peg.976.site.6, 1, 216, 217
1120974.3.peg.976.site.7, 20, 213, 233
1120974.3.peg.976.site.8, 19, 213, 232
1120974.3.peg.976.site.9, 0, 215, 215
1120974.3.peg.977.site.1, 0, 216, 216
1120974.3.peg.977.site.2, 0, 216, 216
1120974.3.peg.977.site.3, 0, 214, 214
1120974.3.peg.977.site.4, 15, 214, 229
1120974.3.peg.977.site.5, 17, 215, 232
1120974.3.peg.977.site.6, 135, 211, 346
1120974.3.peg.977.site.7, 19, 213, 232
1120974.3.peg.977.site.8, 0, 215, 215
1120974.3.peg.977.site.9, 115, 211, 326
1120974.3.peg.977.site.10, 1, 215, 216
1120974.3.peg.977.site.11, 19, 213, 232
1120974.3.peg.977.site.12, 191, 214, 405
1120974.3.peg.977.site.13, 190, 212, 402
1120974.3.peg.977.site.14, 0, 215, 215
1120974.3.peg.977.site.15, 191, 213, 404
1120974.3.peg.977.site.16, 192, 214, 406
1120974.3.peg.2371.site.1, 0, 113, 113
1120974.3.peg.2371.site.2, 0, 146, 146
1120974.3.peg.2371.site.3, 141, 165, 306
1120974.3.peg.2371.site.4, 86, 185, 271
1120974.3.peg.2371.site.5, 4, 192, 196
1120974.3.peg.2371.site.6, 110, 211, 321
1120974.3.peg.2371.site.7, 186, 210, 396
1120974.3.peg.2371.site.8, 1, 215, 216
1120974.3.peg.2371.site.9, 214, 214, 428
1120974.3.peg.2371.site.10, 0, 212, 212
1120974.3.peg.2371.site.11, 185, 212, 397
1120974.3.peg.2370.site.1, 0, 214, 214
1120974.3.peg.2370.site.2, 4, 213, 217
1120974.3.peg.2370.site.3, 31, 210, 241
1120974.3.peg.2370.site.4, 0, 215, 215
1120974.3.peg.2370.site.5, 6, 212, 218
1120974.3.peg.2370.site.6, 0, 207, 207
1120974.3.peg.2370.site.7, 61, 192, 253
1120974.3.peg.2370.site.8, 32, 212, 244
1120974.3.peg.2370.site.9, 2, 213, 215
1120974.3.peg.2370.site.10, 72, 207, 279
1120974.3.peg.2370.site.11, 0, 210, 210
1120974.3.peg.2370.site.12, 42, 177, 219
1120974.3.peg.2370.site.13, 1, 199, 200
1120974.3.peg.2370.site.14, 42, 197, 239
1120974.3.peg.2370.site.15, 50, 196, 246
1120974.3.peg.2370.site.16, 1, 164, 165
1120974.3.peg.2370.site.17, 43, 123, 166
1120974.3.peg.2370.site.18, 27, 138, 165
1120974.3.peg.2370.site.19, 10, 122, 132
1120974.3.peg.2370.site.20, 4, 110, 114
1120974.3.peg.2373.site.1, 174, 196, 370
1120974.3.peg.2373.site.2, 137, 161, 298
1120974.3.peg.2373.site.3, 0, 198, 198
1120974.3.peg.2373.site.4, 101, 197, 298
1120974.3.peg.2373.site.5, 4, 208, 212
1120974.3.peg.2373.site.6, 1, 216, 217
1120974.3.peg.2373.site.7, 123, 212, 335
1120974.3.peg.2373.site.8, 119, 210, 329
1120974.3.peg.2373.site.9, 59, 187, 246
1120974.3.peg.2373.site.10, 1, 193, 194
1120974.3.peg.2373.site.11, 51, 177, 228
1120974.3.peg.2373.site.12, 170, 182, 352
1120974.3.peg.2373.site.13, 150, 165, 315
1120974.3.peg.2373.site.14, 2, 131, 133
1120974.3.peg.2373.site.15, 4, 124, 128
1120974.3.peg.2373.site.16, 113, 124, 237
1120974.3.peg.2373.site.17, 4, 210, 214
1120974.3.peg.2373.site.18, 4, 214, 218
1120974.3.peg.2373.site.19, 191, 214, 405
1120974.3.peg.2373.site.20, 60, 203, 263
1120974.3.peg.2373.site.21, 1, 214, 215
1120974.3.peg.2373.site.22, 187, 211, 398
1120974.3.peg.2373.site.23, 189, 213, 402
1120974.3.peg.2373.site.24, 11, 198, 209
1120974.3.peg.2373.site.25, 68, 202, 270
1120974.3.peg.2373.site.26, 77, 204, 281
1120974.3.peg.2373.site.27, 62, 202, 264
1120974.3.peg.2373.site.28, 4, 208, 212
1120974.3.peg.2373.site.29, 87, 174, 261
1120974.3.peg.2373.site.30, 73, 99, 172
1120974.3.peg.2372.site.1, 188, 211, 399
1120974.3.peg.2372.site.2, 3, 214, 217
1120974.3.peg.2372.site.3, 100, 204, 304
1120974.3.peg.2372.site.4, 0, 212, 212
1120974.3.peg.2372.site.5, 90, 177, 267
1120974.3.peg.2372.site.6, 0, 191, 191
1120974.3.peg.2372.site.7, 1, 189, 190
1120974.3.peg.2372.site.8, 1, 214, 215
1120974.3.peg.2372.site.9, 0, 213, 213
1120974.3.peg.2372.site.10, 113, 210, 323
1120974.3.peg.2372.site.11, 1, 214, 215
1120974.3.peg.2372.site.12, 4, 211, 215
1120974.3.peg.2372.site.13, 0, 212, 212
1120974.3.peg.2372.site.14, 0, 213, 213
1120974.3.peg.2372.site.15, 0, 215, 215
1120974.3.peg.2372.site.16, 2, 214, 216
1120974.3.peg.2372.site.17, 4, 216, 220
1120974.3.peg.2372.site.18, 0, 216, 216
1120974.3.peg.2372.site.19, 189, 213, 402
1120974.3.peg.2979.site.1, 28, 210, 238
1120974.3.peg.2979.site.2, 5, 215, 220
1120974.3.peg.2979.site.3, 163, 214, 377
1120974.3.peg.2979.site.4, 8, 215, 223
1120974.3.peg.2979.site.5, 0, 214, 214
1120974.3.peg.2979.site.6, 0, 216, 216
1120974.3.peg.2979.site.7, 166, 215, 381
1120974.3.peg.2979.site.8, 80, 124, 204
1120974.3.peg.2979.site.9, 61, 109, 170
1120974.3.peg.2979.site.10, 1, 96, 97
1120974.3.peg.2979.site.11, 21, 70, 91
1120974.3.peg.2979.site.12, 48, 92, 140
1120974.3.peg.2973.site.1, 169, 205, 374
1120974.3.peg.2973.site.2, 166, 202, 368
1120974.3.peg.2973.site.3, 161, 196, 357
1120974.3.peg.2973.site.4, 0, 135, 135
1120974.3.peg.2973.site.5, 10, 46, 56
1120974.3.peg.2973.site.6, 16, 52, 68
1120974.3.peg.2973.site.7, 187, 214, 401
1120974.3.peg.2973.site.8, 187, 209, 396
1120974.3.peg.2973.site.9, 186, 211, 397
1120974.3.peg.2973.site.10, 188, 214, 402
1120974.3.peg.2973.site.11, 188, 215, 403
1120974.3.peg.2973.site.12, 188, 215, 403
1120974.3.peg.2973.site.13, 188, 215, 403
1120974.3.peg.2973.site.14, 4, 215, 219
1120974.3.peg.2973.site.15, 188, 215, 403
1120974.3.peg.2973.site.16, 188, 215, 403
1120974.3.peg.2973.site.17, 4, 216, 220
1120974.3.peg.2973.site.18, 2, 209, 211
1120974.3.peg.2973.site.19, 1, 183, 184
1120974.3.peg.2973.site.20, 121, 145, 266
1120974.3.peg.2973.site.21, 1, 167, 168
1120974.3.peg.2973.site.22, 157, 162, 319
1120974.3.peg.2973.site.23, 187, 210, 397
1120974.3.peg.2973.site.24, 4, 216, 220
1120974.3.peg.2973.site.25, 171, 195, 366
1120974.3.peg.2973.site.26, 175, 203, 378
1120974.3.peg.2973.site.27, 200, 202, 402
1120974.3.peg.2973.site.28, 178, 205, 383
1120974.3.peg.2973.site.29, 184, 211, 395
1120974.3.peg.2973.site.30, 70, 211, 281
1120974.3.peg.2971.site.1, 191, 214, 405
1120974.3.peg.2971.site.2, 51, 210, 261
1120974.3.peg.2971.site.3, 191, 215, 406
1120974.3.peg.2971.site.4, 211, 215, 426
1120974.3.peg.2971.site.5, 191, 216, 407
1120974.3.peg.2971.site.6, 58, 212, 270
1120974.3.peg.2971.site.7, 55, 206, 261
1120974.3.peg.2971.site.8, 189, 209, 398
1120974.3.peg.2971.site.9, 5, 211, 216
1120974.3.peg.2971.site.10, 102, 127, 229
1120974.3.peg.2971.site.11, 5, 38, 43
1120974.3.peg.2971.site.12, 29, 29, 58
1120974.3.peg.2970.site.1, 152, 157, 309
1120974.3.peg.2970.site.2, 0, 207, 207
1120974.3.peg.2970.site.3, 0, 140, 140
1120974.3.peg.2970.site.4, 151, 167, 318
1120974.3.peg.2970.site.5, 166, 189, 355
1120974.3.peg.2970.site.6, 13, 199, 212
1120974.3.peg.2970.site.7, 175, 197, 372
1120974.3.peg.2970.site.8, 210, 210, 420
1120974.3.peg.2977.site.1, 5, 210, 215
1120974.3.peg.2977.site.2, 93, 109, 202
1120974.3.peg.2977.site.3, 51, 70, 121
1120974.3.peg.2977.site.4, 4, 132, 136
1120974.3.peg.2977.site.5, 109, 192, 301
1120974.3.peg.2977.site.6, 111, 189, 300
1120974.3.peg.2977.site.7, 184, 198, 382
1120974.3.peg.2977.site.8, 111, 189, 300
1120974.3.peg.2977.site.9, 155, 171, 326
1120974.3.peg.2976.site.1, 206, 214, 420
1120974.3.peg.2976.site.2, 195, 212, 407
1120974.3.peg.2976.site.3, 1, 213, 214
1120974.3.peg.2976.site.4, 185, 203, 388
1120974.3.peg.2976.site.5, 71, 90, 161
1120974.3.peg.2976.site.6, 45, 66, 111
1120974.3.peg.2976.site.7, 5, 65, 70
1120974.3.peg.2976.site.8, 1, 48, 49
1120974.3.peg.2976.site.9, 127, 146, 273
1120974.3.peg.2976.site.10, 39, 60, 99
1120974.3.peg.2976.site.11, 13, 35, 48
1120974.3.peg.2976.site.12, 56, 75, 131
1120974.3.peg.2976.site.13, 9, 209, 218
1120974.3.peg.2976.site.14, 9, 210, 219
1120974.3.peg.2976.site.15, 119, 206, 325
1120974.3.peg.2976.site.16, 0, 216, 216
1120974.3.peg.2976.site.17, 4, 214, 218
1120974.3.peg.2976.site.18, 0, 212, 212
1120974.3.peg.2976.site.19, 0, 216, 216
1120974.3.peg.2976.site.20, 4, 216, 220
1120974.3.peg.2976.site.21, 1, 215, 216
1120974.3.peg.2976.site.22, 195, 212, 407
1120974.3.peg.2976.site.23, 125, 209, 334
1120974.3.peg.2976.site.24, 193, 211, 404
1120974.3.peg.2976.site.25, 193, 209, 402
1120974.3.peg.2976.site.26, 195, 213, 408
1120974.3.peg.2976.site.27, 69, 211, 280
1120974.3.peg.2976.site.28, 35, 178, 213
1120974.3.peg.2976.site.29, 41, 185, 226
1120974.3.peg.2976.site.30, 39, 176, 215
1120974.3.peg.2976.site.31, 38, 185, 223
1120974.3.peg.2976.site.32, 69, 211, 280
1120974.3.peg.2976.site.33, 9, 214, 223
1120974.3.peg.2976.site.34, 197, 212, 409
1120974.3.peg.2976.site.35, 171, 187, 358
1120974.3.peg.2975.site.1, 0, 215, 215
1120974.3.peg.2975.site.2, 188, 205, 393
1120974.3.peg.2975.site.3, 64, 207, 271
1120974.3.peg.2975.site.4, 6, 207, 213
1120974.3.peg.2975.site.5, 187, 210, 397
1120974.3.peg.2975.site.6, 186, 209, 395
1120974.3.peg.2975.site.7, 193, 210, 403
1120974.3.peg.2974.site.1, 3, 215, 218
1120974.3.peg.2974.site.2, 212, 214, 426
1120974.3.peg.2974.site.3, 0, 214, 214
1120974.3.peg.2974.site.4, 188, 213, 401
1120974.3.peg.2974.site.5, 180, 206, 386
1120974.3.peg.2974.site.6, 187, 212, 399
1120974.3.peg.2974.site.7, 185, 211, 396
1120974.3.peg.2974.site.8, 202, 213, 415
1120974.3.peg.2974.site.9, 186, 210, 396
1120974.3.peg.2974.site.10, 184, 208, 392
1120974.3.peg.2974.site.11, 113, 208, 321
1120974.3.peg.2974.site.12, 186, 211, 397
1120974.3.peg.2974.site.13, 111, 210, 321
1120974.3.peg.2974.site.14, 67, 210, 277
1120974.3.peg.2974.site.15, 183, 207, 390
1120974.3.peg.2974.site.16, 69, 208, 277
1120974.3.peg.2974.site.17, 67, 208, 275
1120974.3.peg.2974.site.18, 189, 210, 399
1120974.3.peg.2974.site.19, 70, 210, 280
1120974.3.peg.2974.site.20, 0, 216, 216
1120974.3.peg.2974.site.21, 190, 211, 401
1120974.3.peg.2974.site.22, 1, 216, 217
1120974.3.peg.2974.site.23, 5, 216, 221
1120974.3.peg.2974.site.24, 1, 216, 217
1120974.3.peg.2974.site.25, 190, 211, 401
1120974.3.peg.2974.site.26, 71, 209, 280
1120974.3.peg.2974.site.27, 189, 210, 399
1120974.3.peg.2854.site.1, 204, 213, 417
1120974.3.peg.2854.site.2, 94, 209, 303
1120974.3.peg.2854.site.3, 0, 215, 215
1120974.3.peg.2854.site.4, 0, 216, 216
1120974.3.peg.2854.site.5, 83, 201, 284
1120974.3.peg.2854.site.6, 0, 204, 204
1120974.3.peg.2854.site.7, 56, 176, 232
1120974.3.peg.2854.site.8, 0, 182, 182
1120974.3.peg.2854.site.9, 51, 169, 220
1120974.3.peg.2854.site.10, 116, 169, 285
1120974.3.peg.2854.site.11, 3, 169, 172
1120974.3.peg.2854.site.12, 42, 163, 205
1120974.3.peg.2854.site.13, 55, 175, 230
1120974.3.peg.2854.site.14, 215, 215, 430
1120974.3.peg.2854.site.15, 1, 216, 217
1120974.3.peg.2854.site.16, 0, 213, 213
1120974.3.peg.2854.site.17, 13, 38, 51
1120974.3.peg.2854.site.18, 12, 36, 48
1120974.3.peg.2854.site.19, 4, 24, 28
1120974.3.peg.2854.site.20, 7, 31, 38
1120974.3.peg.2854.site.21, 40, 41, 81
1120974.3.peg.2854.site.22, 17, 42, 59
1120974.3.peg.2854.site.23, 83, 204, 287
1120974.3.peg.2854.site.24, 185, 212, 397
1120974.3.peg.2855.site.1, 1, 214, 215
1120974.3.peg.2855.site.2, 4, 207, 211
1120974.3.peg.2619.site.1, 29, 212, 241
1120974.3.peg.2619.site.2, 155, 210, 365
1120974.3.peg.2619.site.3, 202, 214, 416
1120974.3.peg.2619.site.4, 0, 216, 216
1120974.3.peg.2619.site.5, 1, 214, 215
1120974.3.peg.2619.site.6, 0, 214, 214
1120974.3.peg.2619.site.7, 0, 214, 214
1120974.3.peg.2619.site.8, 0, 214, 214
1120974.3.peg.2619.site.9, 154, 211, 365
1120974.3.peg.2619.site.10, 14, 214, 228
1120974.3.peg.2619.site.11, 8, 213, 221
1120974.3.peg.2619.site.12, 5, 215, 220
1120974.3.peg.2619.site.13, 5, 215, 220
1120974.3.peg.2619.site.14, 6, 215, 221
1120974.3.peg.2619.site.15, 151, 213, 364
1120974.3.peg.2619.site.16, 1, 215, 216
1120974.3.peg.2619.site.17, 159, 211, 370
1120974.3.peg.2619.site.18, 0, 215, 215
1120974.3.peg.2619.site.19, 0, 210, 210
1120974.3.peg.2619.site.20, 0, 211, 211
1120974.3.peg.2619.site.21, 0, 212, 212
1120974.3.peg.2619.site.22, 45, 210, 255
1120974.3.peg.2619.site.23, 45, 212, 257
1120974.3.peg.2619.site.24, 45, 212, 257
1120974.3.peg.2619.site.25, 50, 213, 263
1120974.3.peg.2619.site.26, 44, 211, 255
1120974.3.peg.2577.site.1, 0, 212, 212
1120974.3.peg.2577.site.2, 12, 213, 225
1120974.3.peg.2577.site.3, 2, 216, 218
1120974.3.peg.2577.site.4, 91, 207, 298
1120974.3.peg.2577.site.5, 2, 215, 217
1120974.3.peg.2577.site.6, 154, 211, 365
1120974.3.peg.2577.site.7, 158, 212, 370
1120974.3.peg.2577.site.8, 158, 211, 369
1120974.3.peg.2577.site.9, 184, 208, 392
1120974.3.peg.2577.site.10, 1, 213, 214
1120974.3.peg.2577.site.11, 185, 210, 395
1120974.3.peg.2577.site.12, 2, 214, 216
1120974.3.peg.2577.site.13, 10, 215, 225
1120974.3.peg.2577.site.14, 7, 213, 220
1120974.3.peg.2577.site.15, 43, 213, 256
1120974.3.peg.2577.site.16, 5, 209, 214
1120974.3.peg.2577.site.17, 140, 199, 339
1120974.3.peg.2577.site.18, 1, 165, 166
1120974.3.peg.2577.site.19, 75, 135, 210
1120974.3.peg.2577.site.20, 1, 208, 209
1120974.3.peg.2577.site.21, 2, 212, 214
1120974.3.peg.2577.site.22, 0, 215, 215
1120974.3.peg.2577.site.23, 8, 212, 220
1120974.3.peg.2577.site.24, 4, 208, 212
1120974.3.peg.2577.site.25, 50, 207, 257
1120974.3.peg.2577.site.26, 4, 215, 219
1120974.3.peg.2577.site.27, 3, 215, 218
1120974.3.peg.2577.site.28, 1, 214, 215
1120974.3.peg.2577.site.29, 0, 216, 216
1120974.3.peg.2577.site.30, 2, 215, 217
1120974.3.peg.2577.site.31, 2, 214, 216
1120974.3.peg.2577.site.32, 6, 216, 222
1120974.3.peg.2577.site.33, 1, 213, 214
1120974.3.peg.2577.site.34, 44, 211, 255
1120974.3.peg.2577.site.35, 1, 212, 213
1120974.3.peg.2577.site.36, 41, 209, 250
1120974.3.peg.2577.site.37, 41, 207, 248
1120974.3.peg.2577.site.38, 1, 204, 205
1120974.3.peg.2576.site.1, 20, 214, 234
1120974.3.peg.2576.site.2, 0, 215, 215
1120974.3.peg.2576.site.3, 215, 215, 430
1120974.3.peg.2576.site.4, 112, 213, 325
1120974.3.peg.2576.site.5, 18, 216, 234
1120974.3.peg.2576.site.6, 15, 213, 228
1120974.3.peg.2576.site.7, 215, 215, 430
1120974.3.peg.2576.site.8, 191, 204, 395
1120974.3.peg.2576.site.9, 74, 216, 290
1120974.3.peg.2576.site.10, 1, 216, 217
1120974.3.peg.2576.site.11, 131, 210, 341
1120974.3.peg.2576.site.12, 37, 208, 245
1120974.3.peg.2576.site.13, 30, 204, 234
1120974.3.peg.2576.site.14, 19, 192, 211
1120974.3.peg.2576.site.15, 2, 193, 195
1120974.3.peg.2576.site.16, 1, 175, 176
1120974.3.peg.2576.site.17, 5, 172, 177
1120974.3.peg.2576.site.18, 89, 166, 255
1120974.3.peg.2576.site.19, 79, 173, 252
1120974.3.peg.2576.site.20, 1, 209, 210
1120974.3.peg.2576.site.21, 91, 207, 298
1120974.3.peg.2576.site.22, 42, 212, 254
1120974.3.peg.2576.site.23, 208, 211, 419
1120974.3.peg.2576.site.24, 180, 183, 363
1120974.3.peg.2576.site.25, 130, 206, 336
1120974.3.peg.2576.site.26, 0, 213, 213
1120974.3.peg.2576.site.27, 134, 209, 343
1120974.3.peg.2576.site.28, 48, 212, 260
1120974.3.peg.2576.site.29, 85, 210, 295
1120974.3.peg.2576.site.30, 1, 213, 214
1120974.3.peg.2576.site.31, 0, 215, 215
1120974.3.peg.2576.site.32, 0, 212, 212
1120974.3.peg.2576.site.33, 87, 210, 297
1120974.3.peg.2576.site.34, 87, 211, 298
1120974.3.peg.2576.site.35, 83, 209, 292
1120974.3.peg.2574.site.1, 0, 183, 183
1120974.3.peg.2574.site.2, 0, 215, 215
1120974.3.peg.2574.site.3, 9, 212, 221
1120974.3.peg.2574.site.4, 9, 213, 222
1120974.3.peg.2574.site.5, 2, 210, 212
1120974.3.peg.2574.site.6, 0, 210, 210
1120974.3.peg.2574.site.7, 0, 216, 216
1120974.3.peg.2574.site.8, 0, 212, 212
1120974.3.peg.2574.site.9, 2, 213, 215
1120974.3.peg.2574.site.10, 1, 212, 213
1120974.3.peg.2574.site.11, 0, 213, 213
1120974.3.peg.2574.site.12, 1, 216, 217
1120974.3.peg.2574.site.13, 0, 216, 216
1120974.3.peg.2574.site.14, 9, 215, 224
1120974.3.peg.2574.site.15, 1, 211, 212
1120974.3.peg.2574.site.16, 1, 213, 214
1120974.3.peg.2574.site.17, 167, 211, 378
1120974.3.peg.2574.site.18, 15, 210, 225
1120974.3.peg.2574.site.19, 0, 212, 212
1120974.3.peg.2574.site.20, 163, 210, 373
1120974.3.peg.2574.site.21, 166, 211, 377
1120974.3.peg.2574.site.22, 1, 210, 211
1120974.3.peg.2574.site.23, 74, 203, 277
1120974.3.peg.2574.site.24, 38, 192, 230
1120974.3.peg.2574.site.25, 98, 179, 277
1120974.3.peg.2574.site.26, 42, 195, 237
1120974.3.peg.2574.site.27, 42, 202, 244
1120974.3.peg.2574.site.28, 74, 201, 275
1120974.3.peg.2574.site.29, 142, 205, 347
1120974.3.peg.2574.site.30, 0, 215, 215
1120974.3.peg.2574.site.31, 13, 214, 227
1120974.3.peg.2574.site.32, 67, 209, 276
1120974.3.peg.2574.site.33, 94, 210, 304
1120974.3.peg.2574.site.34, 19, 203, 222
1120974.3.peg.2574.site.35, 61, 206, 267
1120974.3.peg.2574.site.36, 70, 202, 272
1120974.3.peg.2574.site.37, 71, 212, 283
1120974.3.peg.2574.site.38, 72, 213, 285
1120974.3.peg.2574.site.39, 0, 214, 214
1120974.3.peg.2574.site.40, 4, 214, 218
1120974.3.peg.2574.site.41, 49, 213, 262
1120974.3.peg.2574.site.42, 48, 211, 259
1120974.3.peg.2574.site.43, 67, 207, 274
1120974.3.peg.2573.site.1, 1, 216, 217
1120974.3.peg.2573.site.2, 4, 216, 220
1120974.3.peg.2573.site.3, 35, 102, 137
1120974.3.peg.2573.site.4, 21, 99, 120
1120974.3.peg.2573.site.5, 26, 92, 118
1120974.3.peg.2573.site.6, 7, 76, 83
1120974.3.peg.2573.site.7, 106, 172, 278
1120974.3.peg.2573.site.8, 103, 212, 315
1120974.3.peg.2573.site.9, 94, 200, 294
1120974.3.peg.2573.site.10, 47, 211, 258
1120974.3.peg.2573.site.11, 0, 215, 215
1120974.3.peg.2573.site.12, 0, 215, 215
1120974.3.peg.2573.site.13, 151, 211, 362
1120974.3.peg.2572.site.1, 155, 209, 364
1120974.3.peg.2572.site.2, 147, 207, 354
1120974.3.peg.2572.site.3, 0, 213, 213
1120974.3.peg.2572.site.4, 1, 212, 213
1120974.3.peg.2572.site.5, 0, 214, 214
1120974.3.peg.2572.site.6, 1, 69, 70
1120974.3.peg.2572.site.7, 213, 215, 428
1120974.3.peg.2572.site.8, 36, 211, 247
1120974.3.peg.2572.site.9, 6, 216, 222
1120974.3.peg.2572.site.10, 0, 215, 215
1120974.3.peg.2572.site.11, 49, 212, 261
1120974.3.peg.2572.site.12, 3, 215, 218
1120974.3.peg.2572.site.13, 0, 216, 216
1120974.3.peg.2572.site.14, 0, 216, 216
1120974.3.peg.2572.site.15, 157, 210, 367
1120974.3.peg.2572.site.16, 1, 216, 217
1120974.3.peg.2571.site.1, 1, 216, 217
1120974.3.peg.2571.site.2, 0, 214, 214
1120974.3.peg.2570.site.1, 147, 205, 352
1120974.3.peg.2570.site.2, 8, 187, 195
1120974.3.peg.2570.site.3, 16, 158, 174
1120974.3.peg.2570.site.4, 55, 114, 169
1120974.3.peg.2570.site.5, 61, 120, 181
1120974.3.peg.2570.site.6, 110, 115, 225
1120974.3.peg.2570.site.7, 73, 160, 233
1120974.3.peg.2570.site.8, 78, 166, 244
1120974.3.peg.2570.site.9, 92, 177, 269
1120974.3.peg.2570.site.10, 2, 207, 209
1120974.3.peg.2570.site.11, 1, 203, 204
1120974.3.peg.2570.site.12, 0, 201, 201
1120974.3.peg.2570.site.13, 3, 209, 212
1120974.3.peg.2570.site.14, 1, 210, 211
1120974.3.peg.2570.site.15, 0, 207, 207
1120974.3.peg.2570.site.16, 119, 205, 324
1120974.3.peg.2570.site.17, 120, 206, 326
1120974.3.peg.2570.site.18, 0, 211, 211
1120974.3.peg.2570.site.19, 119, 207, 326
1120974.3.peg.2570.site.20, 1, 215, 216
1120974.3.peg.2850.site.1, 0, 213, 213
1120974.3.peg.2850.site.2, 4, 215, 219
1120974.3.peg.2850.site.3, 9, 215, 224
1120974.3.peg.2850.site.4, 189, 214, 403
1120974.3.peg.2850.site.5, 0, 216, 216
1120974.3.peg.2850.site.6, 186, 211, 397
1120974.3.peg.2850.site.7, 205, 215, 420
1120974.3.peg.2850.site.8, 4, 205, 209
1120974.3.peg.2850.site.9, 198, 209, 407
1120974.3.peg.2850.site.10, 26, 210, 236
1120974.3.peg.2850.site.11, 179, 205, 384
1120974.3.peg.2850.site.12, 9, 173, 182
1120974.3.peg.2850.site.13, 0, 207, 207
1120974.3.peg.2850.site.14, 0, 212, 212
1120974.3.peg.2850.site.15, 8, 216, 224
1120974.3.peg.2850.site.16, 0, 216, 216
1120974.3.peg.2850.site.17, 180, 209, 389
1120974.3.peg.2850.site.18, 11, 212, 223
1120974.3.peg.2850.site.19, 0, 216, 216
1120974.3.peg.2579.site.1, 0, 208, 208
1120974.3.peg.2579.site.2, 33, 215, 248
1120974.3.peg.2579.site.3, 146, 212, 358
1120974.3.peg.2579.site.4, 154, 207, 361
1120974.3.peg.2579.site.5, 204, 214, 418
1120974.3.peg.2579.site.6, 1, 215, 216
1120974.3.peg.2579.site.7, 114, 209, 323
1120974.3.peg.2578.site.1, 2, 213, 215
1120974.3.peg.2578.site.2, 2, 214, 216
1120974.3.peg.2483.site.1, 0, 210, 210
1120974.3.peg.2483.site.2, 133, 207, 340
1120974.3.peg.2483.site.3, 0, 214, 214
1120974.3.peg.2483.site.4, 58, 210, 268
1120974.3.peg.2483.site.5, 58, 207, 265
1120974.3.peg.2483.site.6, 204, 207, 411
1120974.3.peg.2483.site.7, 0, 207, 207
1120974.3.peg.2483.site.8, 61, 211, 272
1120974.3.peg.2483.site.9, 2, 215, 217
1120974.3.peg.2483.site.10, 206, 215, 421
1120974.3.peg.2483.site.11, 203, 213, 416
1120974.3.peg.2483.site.12, 212, 212, 424
1120974.3.peg.2483.site.13, 196, 206, 402
1120974.3.peg.2483.site.14, 191, 201, 392
1120974.3.peg.2483.site.15, 191, 204, 395
1120974.3.peg.2483.site.16, 1, 215, 216
1120974.3.peg.2483.site.17, 4, 216, 220
1120974.3.peg.2483.site.18, 132, 213, 345
1120974.3.peg.2483.site.19, 132, 212, 344
1120974.3.peg.2483.site.20, 131, 211, 342
1120974.3.peg.2483.site.21, 144, 212, 356
1120974.3.peg.2483.site.22, 142, 211, 353
1120974.3.peg.2483.site.23, 139, 211, 350
1120974.3.peg.2483.site.24, 140, 212, 352
1120974.3.peg.2483.site.25, 141, 212, 353
1120974.3.peg.2483.site.26, 9, 215, 224
1120974.3.peg.2483.site.27, 0, 212, 212
1120974.3.peg.2483.site.28, 198, 209, 407
1120974.3.peg.2483.site.29, 0, 200, 200
1120974.3.peg.2483.site.30, 148, 160, 308
1120974.3.peg.2483.site.31, 137, 213, 350
1120974.3.peg.2483.site.32, 138, 214, 352
1120974.3.peg.2483.site.33, 3, 214, 217
1120974.3.peg.2483.site.34, 3, 215, 218
1120974.3.peg.2483.site.35, 9, 212, 221
1120974.3.peg.2483.site.36, 3, 209, 212
1120974.3.peg.2483.site.37, 3, 206, 209
1120974.3.peg.2483.site.38, 24, 212, 236
1120974.3.peg.2482.site.1, 4, 214, 218
1120974.3.peg.2482.site.2, 178, 200, 378
1120974.3.peg.2482.site.3, 178, 200, 378
1120974.3.peg.2482.site.4, 0, 215, 215
1120974.3.peg.2482.site.5, 4, 216, 220
1120974.3.peg.2482.site.6, 4, 212, 216
1120974.3.peg.2482.site.7, 5, 159, 164
1120974.3.peg.2482.site.8, 5, 99, 104
1120974.3.peg.2482.site.9, 5, 16, 21
1120974.3.peg.2482.site.10, 10, 18, 28
1120974.3.peg.2482.site.11, 6, 90, 96
1120974.3.peg.2482.site.12, 65, 90, 155
1120974.3.peg.2482.site.13, 5, 90, 95
1120974.3.peg.2482.site.14, 7, 86, 93
1120974.3.peg.2482.site.15, 82, 86, 168
1120974.3.peg.2482.site.16, 82, 86, 168
1120974.3.peg.2482.site.17, 11, 86, 97
1120974.3.peg.2482.site.18, 83, 85, 168
1120974.3.peg.2481.site.1, 10, 215, 225
1120974.3.peg.2481.site.2, 192, 213, 405
1120974.3.peg.2481.site.3, 5, 213, 218
1120974.3.peg.2481.site.4, 168, 198, 366
1120974.3.peg.2481.site.5, 110, 140, 250
1120974.3.peg.2481.site.6, 30, 60, 90
1120974.3.peg.2481.site.7, 1, 41, 42
1120974.3.peg.2481.site.8, 180, 213, 393
1120974.3.peg.2481.site.9, 4, 216, 220
1120974.3.peg.2481.site.10, 11, 216, 227
1120974.3.peg.2481.site.11, 28, 47, 75
1120974.3.peg.2481.site.12, 9, 31, 40
1120974.3.peg.2481.site.13, 79, 101, 180
1120974.3.peg.2481.site.14, 153, 175, 328
1120974.3.peg.2481.site.15, 1, 215, 216
1120974.3.peg.2481.site.16, 194, 214, 408
1120974.3.peg.2481.site.17, 0, 214, 214
1120974.3.peg.2481.site.18, 167, 207, 374
1120974.3.peg.2481.site.19, 173, 212, 385
1120974.3.peg.2480.site.1, 159, 186, 345
1120974.3.peg.2480.site.2, 166, 193, 359
1120974.3.peg.2480.site.3, 132, 183, 315
1120974.3.peg.2480.site.4, 0, 210, 210
1120974.3.peg.2480.site.5, 164, 214, 378
1120974.3.peg.2480.site.6, 35, 213, 248
1120974.3.peg.2480.site.7, 141, 191, 332
1120974.3.peg.2480.site.8, 171, 190, 361
1120974.3.peg.2480.site.9, 128, 158, 286
1120974.3.peg.2480.site.10, 29, 178, 207
1120974.3.peg.2480.site.11, 148, 188, 336
1120974.3.peg.2480.site.12, 185, 205, 390
1120974.3.peg.2480.site.13, 185, 206, 391
1120974.3.peg.2480.site.14, 160, 213, 373
1120974.3.peg.2480.site.15, 5, 205, 210
1120974.3.peg.2480.site.16, 148, 201, 349
1120974.3.peg.2480.site.17, 157, 205, 362
1120974.3.peg.2480.site.18, 29, 205, 234
1120974.3.peg.2480.site.19, 1, 209, 210
1120974.3.peg.2480.site.20, 29, 212, 241
1120974.3.peg.2480.site.21, 0, 211, 211
1120974.3.peg.2480.site.22, 153, 205, 358
1120974.3.peg.2480.site.23, 182, 204, 386
1120974.3.peg.2480.site.24, 184, 206, 390
1120974.3.peg.2480.site.25, 183, 204, 387
1120974.3.peg.2480.site.26, 9, 213, 222
1120974.3.peg.2480.site.27, 179, 212, 391
1120974.3.peg.2480.site.28, 207, 214, 421
1120974.3.peg.2480.site.29, 0, 213, 213
1120974.3.peg.2480.site.30, 186, 209, 395
1120974.3.peg.2480.site.31, 6, 209, 215
1120974.3.peg.2480.site.32, 2, 209, 211
1120974.3.peg.2487.site.1, 0, 215, 215
1120974.3.peg.2487.site.2, 0, 215, 215
1120974.3.peg.2487.site.3, 70, 213, 283
1120974.3.peg.2487.site.4, 2, 215, 217
1120974.3.peg.2487.site.5, 6, 214, 220
1120974.3.peg.2487.site.6, 121, 213, 334
1120974.3.peg.2487.site.7, 128, 213, 341
1120974.3.peg.2487.site.8, 181, 213, 394
1120974.3.peg.2487.site.9, 4, 215, 219
1120974.3.peg.2487.site.10, 7, 216, 223
1120974.3.peg.2487.site.11, 2, 216, 218
1120974.3.peg.2487.site.12, 65, 213, 278
1120974.3.peg.2487.site.13, 208, 216, 424
1120974.3.peg.2487.site.14, 25, 213, 238
1120974.3.peg.2487.site.15, 125, 213, 338
1120974.3.peg.2487.site.16, 10, 216, 226
1120974.3.peg.2487.site.17, 2, 204, 206
1120974.3.peg.2487.site.18, 2, 204, 206
1120974.3.peg.2487.site.19, 78, 215, 293
1120974.3.peg.2487.site.20, 0, 216, 216
1120974.3.peg.2486.site.1, 6, 213, 219
1120974.3.peg.2486.site.2, 0, 212, 212
1120974.3.peg.2486.site.3, 4, 210, 214
1120974.3.peg.2486.site.4, 53, 208, 261
1120974.3.peg.2486.site.5, 3, 214, 217
1120974.3.peg.2486.site.6, 6, 214, 220
1120974.3.peg.2486.site.7, 7, 215, 222
1120974.3.peg.2486.site.8, 7, 215, 222
1120974.3.peg.2486.site.9, 152, 213, 365
1120974.3.peg.2486.site.10, 3, 216, 219
1120974.3.peg.2486.site.11, 15, 216, 231
1120974.3.peg.2486.site.12, 121, 213, 334
1120974.3.peg.2486.site.13, 112, 206, 318
1120974.3.peg.2486.site.14, 4, 25, 29
1120974.3.peg.2486.site.15, 2, 18, 20
1120974.3.peg.2486.site.16, 1, 20, 21
1120974.3.peg.2486.site.17, 0, 20, 20
1120974.3.peg.2486.site.18, 6, 21, 27
1120974.3.peg.2486.site.19, 39, 52, 91
1120974.3.peg.2486.site.20, 129, 207, 336
1120974.3.peg.2486.site.21, 4, 213, 217
1120974.3.peg.2486.site.22, 0, 215, 215
1120974.3.peg.2486.site.23, 0, 216, 216
1120974.3.peg.2485.site.1, 20, 215, 235
1120974.3.peg.2485.site.2, 1, 216, 217
1120974.3.peg.2485.site.3, 2, 215, 217
1120974.3.peg.2485.site.4, 10, 200, 210
1120974.3.peg.2485.site.5, 7, 196, 203
1120974.3.peg.2485.site.6, 56, 70, 126
1120974.3.peg.2485.site.7, 11, 19, 30
1120974.3.peg.2485.site.8, 6, 14, 20
1120974.3.peg.2485.site.9, 11, 22, 33
1120974.3.peg.2485.site.10, 30, 40, 70
1120974.3.peg.2485.site.11, 177, 181, 358
1120974.3.peg.2485.site.12, 9, 206, 215
1120974.3.peg.2485.site.13, 1, 208, 209
1120974.3.peg.2485.site.14, 1, 202, 203
1120974.3.peg.2485.site.15, 1, 198, 199
1120974.3.peg.2485.site.16, 1, 199, 200
1120974.3.peg.2485.site.17, 0, 202, 202
1120974.3.peg.2485.site.18, 7, 211, 218
1120974.3.peg.2485.site.19, 7, 206, 213
1120974.3.peg.2485.site.20, 2, 197, 199
1120974.3.peg.2485.site.21, 3, 207, 210
1120974.3.peg.2485.site.22, 5, 213, 218
1120974.3.peg.2485.site.23, 5, 214, 219
1120974.3.peg.2485.site.24, 0, 216, 216
1120974.3.peg.2485.site.25, 0, 216, 216
1120974.3.peg.2485.site.26, 7, 213, 220
1120974.3.peg.2485.site.27, 21, 210, 231
1120974.3.peg.2485.site.28, 11, 202, 213
1120974.3.peg.2485.site.29, 9, 199, 208
1120974.3.peg.2485.site.30, 5, 195, 200
1120974.3.peg.2485.site.31, 5, 196, 201
1120974.3.peg.2485.site.32, 9, 202, 211
1120974.3.peg.2485.site.33, 14, 206, 220
1120974.3.peg.2485.site.34, 16, 212, 228
1120974.3.peg.2485.site.35, 7, 210, 217
1120974.3.peg.2485.site.36, 7, 209, 216
1120974.3.peg.2485.site.37, 6, 210, 216
1120974.3.peg.2485.site.38, 0, 213, 213
1120974.3.peg.2485.site.39, 7, 216, 223
1120974.3.peg.2485.site.40, 10, 214, 224
1120974.3.peg.2485.site.41, 3, 214, 217
1120974.3.peg.2485.site.42, 11, 215, 226
1120974.3.peg.2485.site.43, 12, 215, 227
1120974.3.peg.2485.site.44, 7, 215, 222
1120974.3.peg.2485.site.45, 173, 207, 380
1120974.3.peg.2485.site.46, 0, 215, 215
1120974.3.peg.2484.site.1, 25, 212, 237
1120974.3.peg.2484.site.2, 8, 211, 219
1120974.3.peg.2484.site.3, 0, 214, 214
1120974.3.peg.2484.site.4, 10, 213, 223
1120974.3.peg.2484.site.5, 3, 216, 219
1120974.3.peg.2484.site.6, 0, 216, 216
1120974.3.peg.2484.site.7, 1, 216, 217
1120974.3.peg.2484.site.8, 17, 212, 229
1120974.3.peg.3170.site.1, 0, 209, 209
1120974.3.peg.3170.site.2, 32, 190, 222
1120974.3.peg.3170.site.3, 0, 193, 193
1120974.3.peg.3170.site.4, 15, 189, 204
1120974.3.peg.3170.site.5, 2, 173, 175
1120974.3.peg.3170.site.6, 196, 199, 395
1120974.3.peg.3170.site.7, 31, 213, 244
1120974.3.peg.3170.site.8, 0, 214, 214
1120974.3.peg.3170.site.9, 0, 215, 215
1120974.3.peg.3170.site.10, 3, 213, 216
1120974.3.peg.3170.site.11, 4, 212, 216
1120974.3.peg.3170.site.12, 0, 211, 211
1120974.3.peg.3170.site.13, 4, 199, 203
1120974.3.peg.3170.site.14, 43, 213, 256
1120974.3.peg.3170.site.15, 2, 215, 217
1120974.3.peg.3170.site.16, 84, 210, 294
1120974.3.peg.3170.site.17, 0, 214, 214
1120974.3.peg.3170.site.18, 63, 211, 274
1120974.3.peg.3170.site.19, 51, 183, 234
1120974.3.peg.3170.site.20, 2, 204, 206
1120974.3.peg.3170.site.21, 178, 192, 370
1120974.3.peg.3170.site.22, 0, 212, 212
1120974.3.peg.3170.site.23, 67, 207, 274
1120974.3.peg.3170.site.24, 0, 153, 153
1120974.3.peg.3170.site.25, 50, 136, 186
1120974.3.peg.3170.site.26, 21, 107, 128
1120974.3.peg.3170.site.27, 4, 88, 92
1120974.3.peg.3171.site.1, 11, 89, 100
1120974.3.peg.3171.site.2, 60, 86, 146
1120974.3.peg.3171.site.3, 1, 84, 85
1120974.3.peg.3171.site.4, 4, 85, 89
1120974.3.peg.3171.site.5, 69, 86, 155
1120974.3.peg.3171.site.6, 8, 88, 96
1120974.3.peg.3171.site.7, 2, 88, 90
1120974.3.peg.3171.site.8, 4, 88, 92
1120974.3.peg.3171.site.9, 4, 88, 92
1120974.3.peg.3171.site.10, 0, 88, 88
1120974.3.peg.3171.site.11, 1, 91, 92
1120974.3.peg.3171.site.12, 112, 202, 314
1120974.3.peg.3171.site.13, 2, 215, 217
1120974.3.peg.3171.site.14, 5, 215, 220
1120974.3.peg.3171.site.15, 7, 212, 219
1120974.3.peg.3171.site.16, 2, 215, 217
1120974.3.peg.3171.site.17, 54, 209, 263
1120974.3.peg.3171.site.18, 56, 209, 265
1120974.3.peg.3171.site.19, 0, 216, 216
1120974.3.peg.3171.site.20, 57, 212, 269
1120974.3.peg.3171.site.21, 1, 216, 217
1120974.3.peg.3171.site.22, 52, 200, 252
1120974.3.peg.3171.site.23, 59, 208, 267
1120974.3.peg.3171.site.24, 64, 211, 275
1120974.3.peg.3171.site.25, 17, 215, 232
1120974.3.peg.3171.site.26, 174, 193, 367
1120974.3.peg.3171.site.27, 17, 168, 185
1120974.3.peg.3171.site.28, 15, 165, 180
1120974.3.peg.3171.site.29, 2, 151, 153
1120974.3.peg.3171.site.30, 59, 207, 266
1120974.3.peg.3171.site.31, 10, 210, 220
1120974.3.peg.3171.site.32, 107, 196, 303
1120974.3.peg.3171.site.33, 0, 200, 200
1120974.3.peg.3171.site.34, 0, 208, 208
1120974.3.peg.3171.site.35, 1, 193, 194
1120974.3.peg.3171.site.36, 88, 107, 195
1120974.3.peg.3171.site.37, 87, 107, 194
1120974.3.peg.3171.site.38, 91, 110, 201
1120974.3.peg.3171.site.39, 36, 161, 197
1120974.3.peg.3171.site.40, 11, 209, 220
1120974.3.peg.3171.site.41, 68, 202, 270
1120974.3.peg.3171.site.42, 3, 194, 197
1120974.3.peg.3171.site.43, 0, 185, 185
1120974.3.peg.3171.site.44, 18, 156, 174
1120974.3.peg.3171.site.45, 140, 148, 288
1120974.3.peg.2489.site.1, 4, 214, 218
1120974.3.peg.2489.site.2, 18, 211, 229
1120974.3.peg.2489.site.3, 4, 214, 218
1120974.3.peg.2489.site.4, 1, 216, 217
1120974.3.peg.2489.site.5, 186, 212, 398
1120974.3.peg.2489.site.6, 4, 212, 216
1120974.3.peg.2489.site.7, 0, 216, 216
1120974.3.peg.2489.site.8, 24, 213, 237
1120974.3.peg.2489.site.9, 6, 216, 222
1120974.3.peg.2489.site.10, 45, 215, 260
1120974.3.peg.2489.site.11, 16, 213, 229
1120974.3.peg.2489.site.12, 49, 212, 261
1120974.3.peg.2489.site.13, 174, 209, 383
1120974.3.peg.2489.site.14, 1, 216, 217
1120974.3.peg.2489.site.15, 115, 213, 328
1120974.3.peg.2489.site.16, 118, 206, 324
1120974.3.peg.2489.site.17, 44, 148, 192
1120974.3.peg.2489.site.18, 97, 203, 300
1120974.3.peg.2489.site.19, 0, 208, 208
1120974.3.peg.2489.site.20, 0, 211, 211
1120974.3.peg.2489.site.21, 10, 214, 224
1120974.3.peg.2489.site.22, 33, 213, 246
1120974.3.peg.2489.site.23, 107, 212, 319
1120974.3.peg.2489.site.24, 74, 210, 284
1120974.3.peg.2489.site.25, 14, 213, 227
1120974.3.peg.2489.site.26, 158, 205, 363
1120974.3.peg.2489.site.27, 0, 201, 201
1120974.3.peg.2489.site.28, 134, 208, 342
1120974.3.peg.2489.site.29, 18, 214, 232
1120974.3.peg.2489.site.30, 102, 212, 314
1120974.3.peg.2489.site.31, 80, 212, 292
1120974.3.peg.2853.site.1, 14, 167, 181
1120974.3.peg.2853.site.2, 6, 160, 166
1120974.3.peg.2853.site.3, 9, 165, 174
1120974.3.peg.2853.site.4, 13, 166, 179
1120974.3.peg.2853.site.5, 4, 171, 175
1120974.3.peg.2853.site.6, 3, 204, 207
1120974.3.peg.2853.site.7, 177, 210, 387
1120974.3.peg.2853.site.8, 0, 215, 215
1120974.3.peg.2853.site.9, 0, 215, 215
1120974.3.peg.2853.site.10, 185, 213, 398
1120974.3.peg.2853.site.11, 0, 216, 216
1120974.3.peg.2853.site.12, 2, 213, 215
1120974.3.peg.2853.site.13, 0, 191, 191
1120974.3.peg.2853.site.14, 0, 180, 180
1120974.3.peg.2853.site.15, 13, 202, 215
1120974.3.peg.2853.site.16, 2, 203, 205
1120974.3.peg.2853.site.17, 94, 205, 299
1120974.3.peg.2853.site.18, 17, 211, 228
1120974.3.peg.2853.site.19, 0, 212, 212
1120974.3.peg.2853.site.20, 201, 213, 414
1120974.3.peg.2853.site.21, 90, 209, 299
1120974.3.peg.2853.site.22, 0, 212, 212
1120974.3.peg.2853.site.23, 1, 213, 214
1120974.3.peg.2853.site.24, 1, 212, 213
1120974.3.peg.2853.site.25, 4, 215, 219
1120974.3.peg.2853.site.26, 4, 213, 217
1120974.3.peg.2853.site.27, 3, 215, 218
1120974.3.peg.2853.site.28, 9, 206, 215
1120974.3.peg.2853.site.29, 2, 216, 218
1120974.3.peg.2853.site.30, 91, 201, 292
1120974.3.peg.2853.site.31, 0, 213, 213
1120974.3.peg.2853.site.32, 91, 115, 206
1120974.3.peg.3174.site.1, 133, 174, 307
1120974.3.peg.3174.site.2, 139, 182, 321
1120974.3.peg.3174.site.3, 1, 167, 168
1120974.3.peg.3174.site.4, 1, 193, 194
1120974.3.peg.3174.site.5, 2, 201, 203
1120974.3.peg.3174.site.6, 7, 206, 213
1120974.3.peg.3174.site.7, 210, 210, 420
1120974.3.peg.3174.site.8, 6, 209, 215
1120974.3.peg.3174.site.9, 142, 211, 353
1120974.3.peg.3174.site.10, 150, 212, 362
1120974.3.peg.3174.site.11, 6, 207, 213
1120974.3.peg.3174.site.12, 2, 194, 196
1120974.3.peg.3174.site.13, 0, 198, 198
1120974.3.peg.3174.site.14, 1, 202, 203
1120974.3.peg.3174.site.15, 118, 185, 303
1120974.3.peg.3174.site.16, 23, 90, 113
1120974.3.peg.3174.site.17, 65, 74, 139
1120974.3.peg.3174.site.18, 0, 204, 204
1120974.3.peg.3174.site.19, 13, 82, 95
1120974.3.peg.3174.site.20, 6, 74, 80
1120974.3.peg.3174.site.21, 11, 99, 110
1120974.3.peg.3174.site.22, 24, 97, 121
1120974.3.peg.3174.site.23, 7, 101, 108
1120974.3.peg.3174.site.24, 3, 73, 76
1120974.3.peg.3174.site.25, 3, 72, 75
1120974.3.peg.3174.site.26, 2, 70, 72
1120974.3.peg.3174.site.27, 4, 70, 74
1120974.3.peg.3174.site.28, 2, 68, 70
1120974.3.peg.3174.site.29, 20, 90, 110
1120974.3.peg.3174.site.30, 26, 88, 114
1120974.3.peg.3174.site.31, 123, 191, 314
1120974.3.peg.3174.site.32, 112, 174, 286
1120974.3.peg.3174.site.33, 0, 183, 183
1120974.3.peg.3174.site.34, 113, 175, 288
1120974.3.peg.3174.site.35, 0, 178, 178
1120974.3.peg.3174.site.36, 3, 205, 208
1120974.3.peg.3174.site.37, 144, 205, 349
1120974.3.peg.3174.site.38, 142, 204, 346
1120974.3.peg.3174.site.39, 3, 212, 215
1120974.3.peg.3174.site.40, 1, 210, 211
1120974.3.peg.3174.site.41, 0, 210, 210
1120974.3.peg.3174.site.42, 150, 209, 359
1120974.3.peg.3174.site.43, 0, 215, 215
1120974.3.peg.3174.site.44, 146, 211, 357
1120974.3.peg.1927.site.1, 3, 27, 30
1120974.3.peg.1927.site.2, 19, 26, 45
1120974.3.peg.1927.site.3, 6, 16, 22
1120974.3.peg.1927.site.4, 7, 16, 23
1120974.3.peg.1927.site.5, 29, 44, 73
1120974.3.peg.1927.site.6, 1, 113, 114
1120974.3.peg.1927.site.7, 138, 154, 292
1120974.3.peg.1927.site.8, 108, 205, 313
1120974.3.peg.1927.site.9, 1, 209, 210
1120974.3.peg.1927.site.10, 93, 108, 201
1120974.3.peg.1927.site.11, 92, 110, 202
1120974.3.peg.1927.site.12, 14, 213, 227
1120974.3.peg.1927.site.13, 89, 204, 293
1120974.3.peg.1927.site.14, 139, 207, 346
1120974.3.peg.3176.site.1, 157, 212, 369
1120974.3.peg.3176.site.2, 4, 214, 218
1120974.3.peg.3176.site.3, 4, 214, 218
1120974.3.peg.3176.site.4, 71, 123, 194
1120974.3.peg.3177.site.1, 20, 195, 215
1120974.3.peg.3177.site.2, 22, 199, 221
1120974.3.peg.3177.site.3, 2, 213, 215
1120974.3.peg.3177.site.4, 13, 214, 227
1120974.3.peg.3177.site.5, 2, 215, 217
1120974.3.peg.3177.site.6, 2, 216, 218
1120974.3.peg.3177.site.7, 0, 215, 215
1120974.3.peg.3177.site.8, 4, 215, 219
1120974.3.peg.3177.site.9, 4, 214, 218
1120974.3.peg.3177.site.10, 0, 215, 215
1120974.3.peg.3177.site.11, 113, 205, 318
1120974.3.peg.3177.site.12, 155, 211, 366
1120974.3.peg.3177.site.13, 4, 216, 220
1120974.3.peg.3177.site.14, 86, 214, 300
1120974.3.peg.3177.site.15, 4, 216, 220
1120974.3.peg.3177.site.16, 76, 211, 287
1120974.3.peg.3177.site.17, 75, 212, 287
1120974.3.peg.378.site.1, 0, 172, 172
1120974.3.peg.378.site.2, 0, 171, 171
1120974.3.peg.378.site.3, 9, 174, 183
1120974.3.peg.378.site.4, 14, 175, 189
1120974.3.peg.378.site.5, 2, 195, 197
1120974.3.peg.378.site.6, 1, 208, 209
1120974.3.peg.378.site.7, 198, 210, 408
1120974.3.peg.378.site.8, 191, 211, 402
1120974.3.peg.378.site.9, 0, 213, 213
1120974.3.peg.376.site.1, 7, 214, 221
1120974.3.peg.376.site.2, 29, 211, 240
1120974.3.peg.376.site.3, 17, 212, 229
1120974.3.peg.377.site.1, 0, 216, 216
1120974.3.peg.377.site.2, 0, 216, 216
1120974.3.peg.377.site.3, 138, 204, 342
1120974.3.peg.377.site.4, 0, 119, 119
1120974.3.peg.377.site.5, 15, 86, 101
1120974.3.peg.377.site.6, 62, 71, 133
1120974.3.peg.377.site.7, 16, 80, 96
1120974.3.peg.377.site.8, 68, 87, 155
1120974.3.peg.377.site.9, 100, 107, 207
1120974.3.peg.377.site.10, 0, 130, 130
1120974.3.peg.377.site.11, 163, 165, 328
1120974.3.peg.377.site.12, 4, 171, 175
1120974.3.peg.377.site.13, 4, 215, 219
1120974.3.peg.377.site.14, 4, 211, 215
1120974.3.peg.377.site.15, 7, 213, 220
1120974.3.peg.377.site.16, 211, 214, 425
1120974.3.peg.377.site.17, 168, 211, 379
1120974.3.peg.377.site.18, 5, 214, 219
1120974.3.peg.377.site.19, 0, 201, 201
1120974.3.peg.377.site.20, 0, 193, 193
1120974.3.peg.377.site.21, 31, 181, 212
1120974.3.peg.377.site.22, 26, 203, 229
1120974.3.peg.377.site.23, 10, 215, 225
1120974.3.peg.377.site.24, 0, 216, 216
1120974.3.peg.377.site.25, 0, 215, 215
1120974.3.peg.377.site.26, 0, 215, 215
1120974.3.peg.377.site.27, 0, 207, 207
1120974.3.peg.377.site.28, 0, 210, 210
1120974.3.peg.377.site.29, 0, 213, 213
1120974.3.peg.374.site.1, 125, 155, 280
1120974.3.peg.374.site.2, 7, 34, 41
1120974.3.peg.374.site.3, 31, 58, 89
1120974.3.peg.374.site.4, 0, 199, 199
1120974.3.peg.374.site.5, 0, 198, 198
1120974.3.peg.374.site.6, 59, 89, 148
1120974.3.peg.374.site.7, 41, 71, 112
1120974.3.peg.374.site.8, 1, 39, 40
1120974.3.peg.374.site.9, 2, 34, 36
1120974.3.peg.374.site.10, 3, 34, 37
1120974.3.peg.374.site.11, 0, 33, 33
1120974.3.peg.374.site.12, 14, 44, 58
1120974.3.peg.374.site.13, 4, 59, 63
1120974.3.peg.374.site.14, 57, 87, 144
1120974.3.peg.374.site.15, 155, 185, 340
1120974.3.peg.374.site.16, 164, 191, 355
1120974.3.peg.374.site.17, 0, 197, 197
1120974.3.peg.374.site.18, 0, 203, 203
1120974.3.peg.374.site.19, 0, 202, 202
1120974.3.peg.374.site.20, 189, 203, 392
1120974.3.peg.374.site.21, 180, 207, 387
1120974.3.peg.374.site.22, 181, 208, 389
1120974.3.peg.374.site.23, 182, 207, 389
1120974.3.peg.374.site.24, 2, 213, 215
1120974.3.peg.374.site.25, 4, 216, 220
1120974.3.peg.374.site.26, 183, 214, 397
1120974.3.peg.374.site.27, 184, 213, 397
1120974.3.peg.374.site.28, 4, 216, 220
1120974.3.peg.374.site.29, 3, 215, 218
1120974.3.peg.374.site.30, 2, 215, 217
1120974.3.peg.374.site.31, 4, 214, 218
1120974.3.peg.374.site.32, 187, 210, 397
1120974.3.peg.374.site.33, 4, 215, 219
1120974.3.peg.374.site.34, 188, 212, 400
1120974.3.peg.374.site.35, 189, 212, 401
1120974.3.peg.374.site.36, 4, 216, 220
1120974.3.peg.375.site.1, 4, 215, 219
1120974.3.peg.375.site.2, 0, 215, 215
1120974.3.peg.375.site.3, 167, 193, 360
1120974.3.peg.375.site.4, 0, 190, 190
1120974.3.peg.375.site.5, 153, 162, 315
1120974.3.peg.375.site.6, 123, 154, 277
1120974.3.peg.375.site.7, 141, 172, 313
1120974.3.peg.375.site.8, 19, 204, 223
1120974.3.peg.375.site.9, 0, 213, 213
1120974.3.peg.2917.site.1, 0, 214, 214
1120974.3.peg.2917.site.2, 0, 215, 215
1120974.3.peg.2917.site.3, 138, 210, 348
1120974.3.peg.2917.site.4, 8, 215, 223
1120974.3.peg.2917.site.5, 190, 211, 401
1120974.3.peg.2917.site.6, 190, 211, 401
1120974.3.peg.2917.site.7, 211, 215, 426
1120974.3.peg.2917.site.8, 0, 215, 215
1120974.3.peg.2917.site.9, 0, 214, 214
1120974.3.peg.2917.site.10, 125, 208, 333
1120974.3.peg.2917.site.11, 124, 207, 331
1120974.3.peg.2917.site.12, 124, 207, 331
1120974.3.peg.2917.site.13, 0, 212, 212
1120974.3.peg.2917.site.14, 188, 214, 402
1120974.3.peg.2917.site.15, 0, 216, 216
1120974.3.peg.2917.site.16, 0, 215, 215
1120974.3.peg.2917.site.17, 8, 216, 224
1120974.3.peg.2917.site.18, 2, 216, 218
1120974.3.peg.2917.site.19, 214, 216, 430
1120974.3.peg.2917.site.20, 114, 213, 327
1120974.3.peg.2917.site.21, 215, 215, 430
1120974.3.peg.2917.site.22, 10, 214, 224
1120974.3.peg.2917.site.23, 180, 212, 392
1120974.3.peg.2917.site.24, 8, 211, 219
1120974.3.peg.2917.site.25, 5, 214, 219
1120974.3.peg.370.site.1, 169, 191, 360
1120974.3.peg.370.site.2, 49, 200, 249
1120974.3.peg.370.site.3, 117, 174, 291
1120974.3.peg.370.site.4, 18, 169, 187
1120974.3.peg.370.site.5, 118, 147, 265
1120974.3.peg.370.site.6, 74, 105, 179
1120974.3.peg.370.site.7, 8, 192, 200
1120974.3.peg.370.site.8, 177, 207, 384
1120974.3.peg.370.site.9, 181, 211, 392
1120974.3.peg.370.site.10, 182, 212, 394
1120974.3.peg.370.site.11, 127, 156, 283
1120974.3.peg.370.site.12, 2, 155, 157
1120974.3.peg.370.site.13, 116, 163, 279
1120974.3.peg.370.site.14, 0, 174, 174
1120974.3.peg.370.site.15, 151, 159, 310
1120974.3.peg.370.site.16, 20, 153, 173
1120974.3.peg.370.site.17, 1, 128, 129
1120974.3.peg.370.site.18, 0, 143, 143
1120974.3.peg.370.site.19, 0, 141, 141
1120974.3.peg.370.site.20, 3, 144, 147
1120974.3.peg.370.site.21, 3, 139, 142
1120974.3.peg.1920.site.1, 60, 142, 202
1120974.3.peg.1920.site.2, 0, 215, 215
1120974.3.peg.1920.site.3, 0, 216, 216
1120974.3.peg.1920.site.4, 0, 215, 215
1120974.3.peg.1920.site.5, 0, 216, 216
1120974.3.peg.3192.site.1, 129, 131, 260
1120974.3.peg.3192.site.2, 80, 99, 179
1120974.3.peg.3192.site.3, 5, 134, 139
1120974.3.peg.3192.site.4, 10, 209, 219
1120974.3.peg.3192.site.5, 40, 158, 198
1120974.3.peg.3192.site.6, 118, 129, 247
1120974.3.peg.3192.site.7, 4, 22, 26
1120974.3.peg.3192.site.8, 44, 56, 100
1120974.3.peg.3192.site.9, 66, 84, 150
1120974.3.peg.3192.site.10, 126, 142, 268
1120974.3.peg.3192.site.11, 56, 74, 130
1120974.3.peg.3192.site.12, 11, 29, 40
1120974.3.peg.3192.site.13, 63, 81, 144
1120974.3.peg.3192.site.14, 78, 96, 174
1120974.3.peg.3192.site.15, 1, 120, 121
1120974.3.peg.3192.site.16, 112, 130, 242
1120974.3.peg.3192.site.17, 69, 86, 155
1120974.3.peg.3192.site.18, 3, 81, 84
1120974.3.peg.3192.site.19, 5, 83, 88
1120974.3.peg.3193.site.1, 4, 115, 119
1120974.3.peg.3193.site.2, 0, 215, 215
1120974.3.peg.3193.site.3, 0, 215, 215
1120974.3.peg.3193.site.4, 197, 212, 409
1120974.3.peg.3193.site.5, 0, 213, 213
1120974.3.peg.3193.site.6, 188, 205, 393
1120974.3.peg.3193.site.7, 2, 201, 203
1120974.3.peg.3193.site.8, 185, 202, 387
1120974.3.peg.3193.site.9, 175, 204, 379
1120974.3.peg.3193.site.10, 0, 211, 211
1120974.3.peg.3193.site.11, 1, 213, 214
1120974.3.peg.3193.site.12, 1, 215, 216
1120974.3.peg.3193.site.13, 199, 214, 413
1120974.3.peg.3193.site.14, 194, 209, 403
1120974.3.peg.3193.site.15, 205, 210, 415
1120974.3.peg.3193.site.16, 200, 215, 415
1120974.3.peg.3193.site.17, 200, 215, 415
1120974.3.peg.3190.site.1, 13, 215, 228
1120974.3.peg.3190.site.2, 4, 215, 219
1120974.3.peg.3190.site.3, 185, 213, 398
1120974.3.peg.3190.site.4, 2, 215, 217
1120974.3.peg.3190.site.5, 2, 216, 218
1120974.3.peg.3190.site.6, 4, 213, 217
1120974.3.peg.3190.site.7, 0, 216, 216
1120974.3.peg.3190.site.8, 4, 214, 218
1120974.3.peg.3190.site.9, 2, 211, 213
1120974.3.peg.3190.site.10, 2, 213, 215
1120974.3.peg.3190.site.11, 11, 211, 222
1120974.3.peg.3190.site.12, 0, 196, 196
1120974.3.peg.3190.site.13, 3, 211, 214
1120974.3.peg.3190.site.14, 3, 211, 214
1120974.3.peg.3190.site.15, 204, 214, 418
1120974.3.peg.3190.site.16, 10, 206, 216
1120974.3.peg.3190.site.17, 186, 211, 397
1120974.3.peg.3190.site.18, 0, 215, 215
1120974.3.peg.3190.site.19, 199, 215, 414
1120974.3.peg.3190.site.20, 13, 215, 228
1120974.3.peg.3190.site.21, 196, 213, 409
1120974.3.peg.3190.site.22, 4, 215, 219
1120974.3.peg.3190.site.23, 12, 216, 228
1120974.3.peg.3190.site.24, 0, 216, 216
1120974.3.peg.2916.site.1, 67, 211, 278
1120974.3.peg.2916.site.2, 0, 216, 216
1120974.3.peg.2916.site.3, 9, 215, 224
1120974.3.peg.2916.site.4, 9, 215, 224
1120974.3.peg.2916.site.5, 9, 214, 223
1120974.3.peg.2916.site.6, 0, 216, 216
1120974.3.peg.2916.site.7, 9, 215, 224
1120974.3.peg.2916.site.8, 17, 215, 232
1120974.3.peg.2916.site.9, 58, 212, 270
1120974.3.peg.2916.site.10, 1, 215, 216
1120974.3.peg.2916.site.11, 0, 215, 215
1120974.3.peg.2916.site.12, 0, 216, 216
1120974.3.peg.2916.site.13, 216, 216, 432
1120974.3.peg.2916.site.14, 68, 212, 280
1120974.3.peg.2916.site.15, 194, 213, 407
1120974.3.peg.2916.site.16, 0, 211, 211
1120974.3.peg.2916.site.17, 0, 212, 212
1120974.3.peg.2916.site.18, 0, 215, 215
1120974.3.peg.2916.site.19, 1, 216, 217
1120974.3.peg.2916.site.20, 0, 213, 213
1120974.3.peg.2916.site.21, 0, 213, 213
1120974.3.peg.2916.site.22, 6, 215, 221
1120974.3.peg.2916.site.23, 4, 214, 218
1120974.3.peg.2916.site.24, 11, 213, 224
1120974.3.peg.2916.site.25, 0, 212, 212
1120974.3.peg.2916.site.26, 11, 214, 225
1120974.3.peg.2916.site.27, 0, 213, 213
1120974.3.peg.2916.site.28, 0, 209, 209
1120974.3.peg.3196.site.1, 8, 215, 223
1120974.3.peg.3196.site.2, 8, 212, 220
1120974.3.peg.3196.site.3, 177, 206, 383
1120974.3.peg.3196.site.4, 113, 143, 256
1120974.3.peg.3196.site.5, 140, 170, 310
1120974.3.peg.3196.site.6, 175, 205, 380
1120974.3.peg.3196.site.7, 68, 211, 279
1120974.3.peg.3196.site.8, 189, 212, 401
1120974.3.peg.3196.site.9, 116, 212, 328
1120974.3.peg.3196.site.10, 191, 214, 405
1120974.3.peg.3196.site.11, 108, 210, 318
1120974.3.peg.1923.site.1, 4, 216, 220
1120974.3.peg.1923.site.2, 0, 213, 213
1120974.3.peg.1923.site.3, 4, 210, 214
1120974.3.peg.1923.site.4, 205, 211, 416
1120974.3.peg.1923.site.5, 3, 210, 213
1120974.3.peg.1923.site.6, 178, 199, 377
1120974.3.peg.1923.site.7, 3, 215, 218
1120974.3.peg.1923.site.8, 192, 212, 404
1120974.3.peg.1923.site.9, 0, 214, 214
1120974.3.peg.1923.site.10, 159, 210, 369
1120974.3.peg.1923.site.11, 151, 190, 341
1120974.3.peg.1923.site.12, 5, 178, 183
1120974.3.peg.1923.site.13, 140, 140, 280
1120974.3.peg.1923.site.14, 147, 147, 294
1120974.3.peg.1923.site.15, 34, 56, 90
1120974.3.peg.1923.site.16, 59, 84, 143
1120974.3.peg.1923.site.17, 64, 85, 149
1120974.3.peg.1923.site.18, 13, 129, 142
1120974.3.peg.1923.site.19, 141, 145, 286
1120974.3.peg.1923.site.20, 158, 184, 342
1120974.3.peg.1923.site.21, 6, 197, 203
1120974.3.peg.1923.site.22, 135, 157, 292
1120974.3.peg.1923.site.23, 157, 178, 335
1120974.3.peg.1923.site.24, 160, 181, 341
1120974.3.peg.1923.site.25, 158, 180, 338
1120974.3.peg.1923.site.26, 154, 176, 330
1120974.3.peg.1923.site.27, 65, 171, 236
1120974.3.peg.1923.site.28, 8, 209, 217
1120974.3.peg.1923.site.29, 0, 208, 208
1120974.3.peg.1923.site.30, 46, 206, 252
1120974.3.peg.1923.site.31, 26, 201, 227
1120974.3.peg.3195.site.1, 0, 203, 203
1120974.3.peg.3195.site.2, 0, 214, 214
1120974.3.peg.3195.site.3, 0, 213, 213
1120974.3.peg.3195.site.4, 119, 152, 271
1120974.3.peg.3195.site.5, 0, 124, 124
1120974.3.peg.3195.site.6, 82, 114, 196
1120974.3.peg.3195.site.7, 93, 123, 216
1120974.3.peg.3195.site.8, 38, 180, 218
1120974.3.peg.3195.site.9, 185, 205, 390
1120974.3.peg.3195.site.10, 180, 210, 390
1120974.3.peg.3195.site.11, 10, 215, 225
1120974.3.peg.3195.site.12, 2, 216, 218
1120974.3.peg.3195.site.13, 1, 200, 201
1120974.3.peg.3195.site.14, 64, 206, 270
1120974.3.peg.3195.site.15, 70, 209, 279
1120974.3.peg.3195.site.16, 63, 198, 261
1120974.3.peg.3195.site.17, 68, 207, 275
1120974.3.peg.3195.site.18, 211, 211, 422
1120974.3.peg.3195.site.19, 3, 210, 213
1120974.3.peg.3195.site.20, 0, 214, 214
1120974.3.peg.3195.site.21, 69, 209, 278
1120974.3.peg.3195.site.22, 211, 211, 422
1120974.3.peg.3195.site.23, 2, 216, 218
1120974.3.peg.2674.site.1, 0, 214, 214
1120974.3.peg.2674.site.2, 0, 213, 213
1120974.3.peg.2674.site.3, 0, 214, 214
1120974.3.peg.2674.site.4, 93, 212, 305
1120974.3.peg.2674.site.5, 2, 204, 206
1120974.3.peg.2674.site.6, 69, 186, 255
1120974.3.peg.2674.site.7, 100, 200, 300
1120974.3.peg.2674.site.8, 75, 193, 268
1120974.3.peg.2674.site.9, 40, 157, 197
1120974.3.peg.2674.site.10, 45, 163, 208
1120974.3.peg.2674.site.11, 44, 162, 206
1120974.3.peg.2674.site.12, 51, 169, 220
1120974.3.peg.2674.site.13, 11, 215, 226
1120974.3.peg.2674.site.14, 73, 212, 285
1120974.3.peg.2674.site.15, 115, 211, 326
1120974.3.peg.2674.site.16, 112, 208, 320
1120974.3.peg.2674.site.17, 0, 97, 97
1120974.3.peg.2674.site.18, 2, 26, 28
1120974.3.peg.1922.site.1, 0, 212, 212
1120974.3.peg.1922.site.2, 205, 209, 414
1120974.3.peg.1922.site.3, 1, 213, 214
1120974.3.peg.3224.site.1, 5, 62, 67
1120974.3.peg.3224.site.2, 32, 88, 120
1120974.3.peg.3224.site.3, 13, 188, 201
1120974.3.peg.3224.site.4, 193, 195, 388
1120974.3.peg.3224.site.5, 2, 204, 206
1120974.3.peg.3224.site.6, 178, 199, 377
1120974.3.peg.3224.site.7, 150, 196, 346
1120974.3.peg.3224.site.8, 12, 207, 219
1120974.3.peg.3224.site.9, 49, 171, 220
1120974.3.peg.3224.site.10, 111, 212, 323
1120974.3.peg.3224.site.11, 3, 164, 167
1120974.3.peg.3224.site.12, 51, 158, 209
1120974.3.peg.3224.site.13, 21, 148, 169
1120974.3.peg.3224.site.14, 0, 190, 190
1120974.3.peg.3224.site.15, 0, 199, 199
1120974.3.peg.3224.site.16, 18, 201, 219
1120974.3.peg.3224.site.17, 2, 178, 180
1120974.3.peg.3224.site.18, 2, 190, 192
1120974.3.peg.3224.site.19, 102, 200, 302
1120974.3.peg.3224.site.20, 0, 208, 208
1120974.3.peg.3224.site.21, 200, 212, 412
1120974.3.peg.3224.site.22, 55, 210, 265
1120974.3.peg.3224.site.23, 55, 210, 265
1120974.3.peg.3225.site.1, 49, 212, 261
1120974.3.peg.3225.site.2, 48, 201, 249
1120974.3.peg.3225.site.3, 144, 200, 344
1120974.3.peg.3225.site.4, 121, 176, 297
1120974.3.peg.3225.site.5, 153, 192, 345
1120974.3.peg.3225.site.6, 145, 196, 341
1120974.3.peg.3225.site.7, 10, 201, 211
1120974.3.peg.3225.site.8, 0, 192, 192
1120974.3.peg.3225.site.9, 0, 189, 189
1120974.3.peg.3225.site.10, 194, 200, 394
1120974.3.peg.3225.site.11, 76, 202, 278
1120974.3.peg.3225.site.12, 122, 186, 308
1120974.3.peg.3225.site.13, 7, 214, 221
1120974.3.peg.3225.site.14, 47, 204, 251
1120974.3.peg.3225.site.15, 47, 203, 250
1120974.3.peg.3225.site.16, 7, 205, 212
1120974.3.peg.3225.site.17, 0, 206, 206
1120974.3.peg.3225.site.18, 44, 203, 247
1120974.3.peg.3225.site.19, 52, 207, 259
1120974.3.peg.3225.site.20, 45, 208, 253
1120974.3.peg.3225.site.21, 0, 212, 212
1120974.3.peg.3225.site.22, 188, 212, 400
1120974.3.peg.3225.site.23, 7, 214, 221
1120974.3.peg.3225.site.24, 0, 215, 215
1120974.3.peg.3225.site.25, 51, 212, 263
1120974.3.peg.3225.site.26, 4, 215, 219
1120974.3.peg.3225.site.27, 50, 209, 259
1120974.3.peg.3225.site.28, 10, 212, 222
1120974.3.peg.3225.site.29, 0, 214, 214
1120974.3.peg.3225.site.30, 49, 213, 262
1120974.3.peg.3225.site.31, 0, 216, 216
1120974.3.peg.3225.site.32, 0, 215, 215
1120974.3.peg.3225.site.33, 0, 215, 215
1120974.3.peg.3226.site.1, 120, 212, 332
1120974.3.peg.3226.site.2, 43, 213, 256
1120974.3.peg.3226.site.3, 213, 215, 428
1120974.3.peg.3226.site.4, 0, 214, 214
1120974.3.peg.3226.site.5, 64, 198, 262
1120974.3.peg.3226.site.6, 0, 205, 205
1120974.3.peg.3226.site.7, 11, 203, 214
1120974.3.peg.3226.site.8, 72, 209, 281
1120974.3.peg.3226.site.9, 6, 214, 220
1120974.3.peg.3226.site.10, 151, 214, 365
1120974.3.peg.3226.site.11, 150, 213, 363
1120974.3.peg.3227.site.1, 40, 210, 250
1120974.3.peg.3227.site.2, 187, 212, 399
1120974.3.peg.3227.site.3, 1, 209, 210
1120974.3.peg.3227.site.4, 174, 200, 374
1120974.3.peg.3227.site.5, 0, 177, 177
1120974.3.peg.3227.site.6, 100, 120, 220
1120974.3.peg.3227.site.7, 1, 136, 137
1120974.3.peg.3227.site.8, 86, 108, 194
1120974.3.peg.3227.site.9, 118, 140, 258
1120974.3.peg.3227.site.10, 0, 173, 173
1120974.3.peg.3227.site.11, 81, 169, 250
1120974.3.peg.3227.site.12, 0, 200, 200
1120974.3.peg.3227.site.13, 188, 211, 399
1120974.3.peg.3227.site.14, 1, 216, 217
1120974.3.peg.3227.site.15, 183, 203, 386
1120974.3.peg.3227.site.16, 177, 196, 373
1120974.3.peg.3227.site.17, 0, 205, 205
1120974.3.peg.3227.site.18, 38, 56, 94
1120974.3.peg.3227.site.19, 31, 49, 80
1120974.3.peg.3227.site.20, 54, 58, 112
1120974.3.peg.3227.site.21, 0, 183, 183
1120974.3.peg.3227.site.22, 0, 193, 193
1120974.3.peg.3227.site.23, 86, 212, 298
1120974.3.peg.3227.site.24, 88, 214, 302
1120974.3.peg.3227.site.25, 11, 210, 221
1120974.3.peg.3227.site.26, 3, 215, 218
1120974.3.peg.3227.site.27, 0, 213, 213
1120974.3.peg.3227.site.28, 0, 214, 214
1120974.3.peg.3227.site.29, 90, 214, 304
1120974.3.peg.3227.site.30, 0, 213, 213
1120974.3.peg.3227.site.31, 0, 213, 213
1120974.3.peg.3227.site.32, 193, 213, 406
1120974.3.peg.3227.site.33, 89, 213, 302
1120974.3.peg.3227.site.34, 2, 214, 216
1120974.3.peg.3227.site.35, 193, 213, 406
1120974.3.peg.3227.site.36, 4, 205, 209
1120974.3.peg.3227.site.37, 182, 200, 382
1120974.3.peg.3227.site.38, 131, 153, 284
1120974.3.peg.3227.site.39, 0, 180, 180
1120974.3.peg.3227.site.40, 196, 212, 408
1120974.3.peg.3220.site.1, 37, 212, 249
1120974.3.peg.3220.site.2, 157, 211, 368
1120974.3.peg.3220.site.3, 193, 212, 405
1120974.3.peg.3220.site.4, 156, 209, 365
1120974.3.peg.3221.site.1, 4, 214, 218
1120974.3.peg.3221.site.2, 134, 212, 346
1120974.3.peg.3221.site.3, 145, 208, 353
1120974.3.peg.3221.site.4, 141, 205, 346
1120974.3.peg.3221.site.5, 38, 125, 163
1120974.3.peg.3221.site.6, 3, 85, 88
1120974.3.peg.3221.site.7, 4, 86, 90
1120974.3.peg.3221.site.8, 3, 78, 81
1120974.3.peg.3221.site.9, 5, 81, 86
1120974.3.peg.3221.site.10, 10, 86, 96
1120974.3.peg.3221.site.11, 4, 158, 162
1120974.3.peg.3221.site.12, 95, 178, 273
1120974.3.peg.3221.site.13, 0, 164, 164
1120974.3.peg.3221.site.14, 0, 157, 157
1120974.3.peg.3221.site.15, 0, 120, 120
1120974.3.peg.3221.site.16, 65, 127, 192
1120974.3.peg.3221.site.17, 64, 126, 190
1120974.3.peg.3221.site.18, 113, 175, 288
1120974.3.peg.3221.site.19, 0, 172, 172
1120974.3.peg.3221.site.20, 113, 169, 282
1120974.3.peg.3221.site.21, 29, 173, 202
1120974.3.peg.3221.site.22, 30, 178, 208
1120974.3.peg.3221.site.23, 110, 188, 298
1120974.3.peg.3221.site.24, 9, 206, 215
1120974.3.peg.3221.site.25, 10, 201, 211
1120974.3.peg.3221.site.26, 49, 196, 245
1120974.3.peg.3221.site.27, 147, 173, 320
1120974.3.peg.3221.site.28, 120, 173, 293
1120974.3.peg.3221.site.29, 0, 185, 185
1120974.3.peg.3221.site.30, 8, 205, 213
1120974.3.peg.3221.site.31, 0, 210, 210
1120974.3.peg.3221.site.32, 1, 188, 189
1120974.3.peg.3221.site.33, 123, 196, 319
1120974.3.peg.3221.site.34, 0, 207, 207
1120974.3.peg.3221.site.35, 164, 185, 349
1120974.3.peg.3221.site.36, 111, 189, 300
1120974.3.peg.3221.site.37, 0, 182, 182
1120974.3.peg.3221.site.38, 11, 184, 195
1120974.3.peg.3221.site.39, 2, 187, 189
1120974.3.peg.3221.site.40, 53, 190, 243
1120974.3.peg.3221.site.41, 157, 209, 366
1120974.3.peg.3221.site.42, 42, 191, 233
1120974.3.peg.3222.site.1, 96, 212, 308
1120974.3.peg.3222.site.2, 2, 216, 218
1120974.3.peg.3222.site.3, 100, 210, 310
1120974.3.peg.3222.site.4, 3, 121, 124
1120974.3.peg.3222.site.5, 0, 207, 207
1120974.3.peg.3222.site.6, 87, 200, 287
1120974.3.peg.3222.site.7, 2, 212, 214
1120974.3.peg.3222.site.8, 0, 213, 213
1120974.3.peg.3222.site.9, 0, 202, 202
1120974.3.peg.3222.site.10, 37, 214, 251
1120974.3.peg.3222.site.11, 36, 213, 249
1120974.3.peg.3223.site.1, 0, 215, 215
1120974.3.peg.3223.site.2, 108, 208, 316
1120974.3.peg.3223.site.3, 7, 209, 216
1120974.3.peg.3223.site.4, 66, 176, 242
1120974.3.peg.3223.site.5, 64, 179, 243
1120974.3.peg.3223.site.6, 0, 184, 184
1120974.3.peg.3223.site.7, 48, 164, 212
1120974.3.peg.3223.site.8, 0, 177, 177
1120974.3.peg.3223.site.9, 57, 169, 226
1120974.3.peg.3223.site.10, 62, 176, 238
1120974.3.peg.3223.site.11, 0, 180, 180
1120974.3.peg.3223.site.12, 158, 176, 334
1120974.3.peg.3223.site.13, 29, 120, 149
1120974.3.peg.3223.site.14, 113, 118, 231
1120974.3.peg.3223.site.15, 1, 122, 123
1120974.3.peg.3223.site.16, 25, 102, 127
1120974.3.peg.3223.site.17, 0, 125, 125
1120974.3.peg.3223.site.18, 29, 120, 149
1120974.3.peg.3223.site.19, 27, 132, 159
1120974.3.peg.3223.site.20, 5, 193, 198
1120974.3.peg.3223.site.21, 32, 174, 206
1120974.3.peg.3223.site.22, 1, 185, 186
1120974.3.peg.3223.site.23, 54, 173, 227
1120974.3.peg.3223.site.24, 1, 58, 59
1120974.3.peg.3223.site.25, 0, 64, 64
1120974.3.peg.3223.site.26, 0, 57, 57
1120974.3.peg.3228.site.1, 0, 215, 215
1120974.3.peg.3228.site.2, 193, 211, 404
1120974.3.peg.3228.site.3, 193, 212, 405
1120974.3.peg.3228.site.4, 216, 216, 432
1120974.3.peg.1600.site.1, 0, 213, 213
1120974.3.peg.1600.site.2, 123, 207, 330
1120974.3.peg.1600.site.3, 95, 203, 298
1120974.3.peg.1600.site.4, 83, 190, 273
1120974.3.peg.1600.site.5, 163, 195, 358
1120974.3.peg.1600.site.6, 209, 215, 424
1120974.3.peg.1600.site.7, 98, 210, 308
1120974.3.peg.1600.site.8, 6, 216, 222
1120974.3.peg.1600.site.9, 1, 216, 217
1120974.3.peg.1600.site.10, 36, 211, 247
1120974.3.peg.1600.site.11, 1, 215, 216
1120974.3.peg.1600.site.12, 4, 216, 220
1120974.3.peg.1600.site.13, 4, 216, 220
1120974.3.peg.1600.site.14, 1, 216, 217
1120974.3.peg.1600.site.15, 203, 215, 418
1120974.3.peg.1600.site.16, 0, 215, 215
1120974.3.peg.1600.site.17, 2, 216, 218
1120974.3.peg.1600.site.18, 27, 215, 242
1120974.3.peg.1600.site.19, 22, 215, 237
1120974.3.peg.1600.site.20, 0, 216, 216
1120974.3.peg.1600.site.21, 38, 216, 254
1120974.3.peg.1600.site.22, 30, 213, 243
1120974.3.peg.1601.site.1, 8, 215, 223
1120974.3.peg.1601.site.2, 11, 215, 226
1120974.3.peg.1601.site.3, 2, 214, 216
1120974.3.peg.1601.site.4, 2, 214, 216
1120974.3.peg.1601.site.5, 6, 215, 221
1120974.3.peg.1601.site.6, 22, 216, 238
1120974.3.peg.1601.site.7, 1, 213, 214
1120974.3.peg.1601.site.8, 3, 212, 215
1120974.3.peg.1601.site.9, 21, 212, 233
1120974.3.peg.1601.site.10, 214, 214, 428
1120974.3.peg.1601.site.11, 0, 215, 215
1120974.3.peg.1601.site.12, 0, 215, 215
1120974.3.peg.1601.site.13, 4, 216, 220
1120974.3.peg.1601.site.14, 13, 215, 228
1120974.3.peg.1601.site.15, 186, 212, 398
1120974.3.peg.1601.site.16, 3, 215, 218
1120974.3.peg.1601.site.17, 90, 211, 301
1120974.3.peg.1601.site.18, 209, 216, 425
1120974.3.peg.1601.site.19, 4, 215, 219
1120974.3.peg.1601.site.20, 0, 215, 215
1120974.3.peg.1601.site.21, 0, 215, 215
1120974.3.peg.1601.site.22, 0, 216, 216
1120974.3.peg.1601.site.23, 23, 215, 238
1120974.3.peg.1601.site.24, 82, 209, 291
1120974.3.peg.1601.site.25, 82, 210, 292
1120974.3.peg.1601.site.26, 81, 210, 291
1120974.3.peg.1601.site.27, 7, 213, 220
1120974.3.peg.1601.site.28, 22, 211, 233
1120974.3.peg.1601.site.29, 41, 214, 255
1120974.3.peg.1601.site.30, 213, 215, 428
1120974.3.peg.1601.site.31, 80, 211, 291
1120974.3.peg.1601.site.32, 0, 214, 214
1120974.3.peg.1601.site.33, 176, 215, 391
1120974.3.peg.1601.site.34, 27, 215, 242
1120974.3.peg.1601.site.35, 215, 215, 430
1120974.3.peg.1601.site.36, 4, 213, 217
1120974.3.peg.1601.site.37, 4, 216, 220
1120974.3.peg.1601.site.38, 4, 216, 220
1120974.3.peg.1602.site.1, 136, 210, 346
1120974.3.peg.1602.site.2, 85, 209, 294
1120974.3.peg.1602.site.3, 0, 215, 215
1120974.3.peg.1602.site.4, 95, 210, 305
1120974.3.peg.1603.site.1, 41, 209, 250
1120974.3.peg.1603.site.2, 40, 209, 249
1120974.3.peg.1603.site.3, 36, 206, 242
1120974.3.peg.1603.site.4, 39, 208, 247
1120974.3.peg.1603.site.5, 104, 104, 208
1120974.3.peg.1603.site.6, 0, 107, 107
1120974.3.peg.1603.site.7, 51, 94, 145
1120974.3.peg.1603.site.8, 2, 215, 217
1120974.3.peg.1603.site.9, 4, 215, 219
1120974.3.peg.1603.site.10, 0, 211, 211
1120974.3.peg.1603.site.11, 0, 211, 211
1120974.3.peg.1603.site.12, 26, 88, 114
1120974.3.peg.1603.site.13, 25, 31, 56
1120974.3.peg.1603.site.14, 27, 34, 61
1120974.3.peg.1603.site.15, 3, 59, 62
1120974.3.peg.1603.site.16, 104, 105, 209
1120974.3.peg.1603.site.17, 0, 186, 186
1120974.3.peg.1603.site.18, 0, 185, 185
1120974.3.peg.1603.site.19, 0, 166, 166
1120974.3.peg.1603.site.20, 0, 152, 152
1120974.3.peg.1603.site.21, 1, 150, 151
1120974.3.peg.1603.site.22, 2, 127, 129
1120974.3.peg.1603.site.23, 4, 94, 98
1120974.3.peg.1603.site.24, 4, 93, 97
1120974.3.peg.1603.site.25, 5, 94, 99
1120974.3.peg.1603.site.26, 5, 96, 101
1120974.3.peg.1603.site.27, 0, 121, 121
1120974.3.peg.1603.site.28, 59, 152, 211
1120974.3.peg.1603.site.29, 52, 145, 197
1120974.3.peg.1603.site.30, 59, 152, 211
1120974.3.peg.1603.site.31, 10, 178, 188
1120974.3.peg.1603.site.32, 76, 168, 244
1120974.3.peg.1603.site.33, 16, 212, 228
1120974.3.peg.1603.site.34, 2, 215, 217
1120974.3.peg.1603.site.35, 0, 212, 212
1120974.3.peg.1603.site.36, 6, 211, 217
1120974.3.peg.1603.site.37, 7, 213, 220
1120974.3.peg.1603.site.38, 0, 212, 212
1120974.3.peg.1603.site.39, 0, 212, 212
1120974.3.peg.1603.site.40, 2, 212, 214
1120974.3.peg.1603.site.41, 0, 210, 210
1120974.3.peg.1603.site.42, 116, 213, 329
1120974.3.peg.1603.site.43, 0, 216, 216
1120974.3.peg.1673.site.1, 33, 213, 246
1120974.3.peg.1673.site.2, 31, 211, 242
1120974.3.peg.1673.site.3, 22, 202, 224
1120974.3.peg.1673.site.4, 161, 179, 340
1120974.3.peg.1673.site.5, 6, 186, 192
1120974.3.peg.1673.site.6, 26, 206, 232
1120974.3.peg.1673.site.7, 36, 213, 249
1120974.3.peg.1673.site.8, 161, 215, 376
1120974.3.peg.1673.site.9, 162, 215, 377
1120974.3.peg.1673.site.10, 158, 212, 370
1120974.3.peg.1673.site.11, 156, 210, 366
1120974.3.peg.1673.site.12, 152, 204, 356
1120974.3.peg.1673.site.13, 146, 197, 343
1120974.3.peg.1673.site.14, 141, 192, 333
1120974.3.peg.1673.site.15, 23, 215, 238
1120974.3.peg.1673.site.16, 22, 203, 225
1120974.3.peg.1673.site.17, 164, 206, 370
1120974.3.peg.1673.site.18, 18, 199, 217
1120974.3.peg.1673.site.19, 28, 209, 237
1120974.3.peg.1673.site.20, 32, 213, 245
1120974.3.peg.1673.site.21, 1, 214, 215
1120974.3.peg.1673.site.22, 35, 214, 249
1120974.3.peg.1673.site.23, 34, 213, 247
1120974.3.peg.1673.site.24, 24, 204, 228
1120974.3.peg.1673.site.25, 22, 202, 224
1120974.3.peg.1673.site.26, 21, 201, 222
1120974.3.peg.1673.site.27, 180, 209, 389
1120974.3.peg.1673.site.28, 27, 205, 232
1120974.3.peg.1673.site.29, 26, 206, 232
1120974.3.peg.1673.site.30, 0, 214, 214
1120974.3.peg.1673.site.31, 23, 213, 236
1120974.3.peg.1673.site.32, 160, 214, 374
1120974.3.peg.1354.site.1, 3, 214, 217
1120974.3.peg.1354.site.2, 0, 213, 213
1120974.3.peg.1354.site.3, 0, 215, 215
1120974.3.peg.1354.site.4, 12, 214, 226
1120974.3.peg.1354.site.5, 4, 216, 220
1120974.3.peg.1354.site.6, 4, 216, 220
1120974.3.peg.1354.site.7, 3, 214, 217
1120974.3.peg.1354.site.8, 73, 211, 284
1120974.3.peg.1354.site.9, 20, 213, 233
1120974.3.peg.1354.site.10, 20, 213, 233
1120974.3.peg.1354.site.11, 80, 209, 289
1120974.3.peg.2695.site.1, 0, 210, 210
1120974.3.peg.2695.site.2, 0, 205, 205
1120974.3.peg.2695.site.3, 149, 193, 342
1120974.3.peg.2695.site.4, 170, 209, 379
1120974.3.peg.2695.site.5, 4, 213, 217
1120974.3.peg.2695.site.6, 186, 212, 398
1120974.3.peg.2695.site.7, 3, 212, 215
1120974.3.peg.2695.site.8, 4, 215, 219
1120974.3.peg.2695.site.9, 0, 215, 215
1120974.3.peg.2695.site.10, 138, 190, 328
1120974.3.peg.3101.site.1, 21, 47, 68
1120974.3.peg.3101.site.2, 41, 45, 86
1120974.3.peg.3101.site.3, 7, 34, 41
1120974.3.peg.3101.site.4, 4, 30, 34
1120974.3.peg.3101.site.5, 1, 29, 30
1120974.3.peg.3101.site.6, 5, 33, 38
1120974.3.peg.3101.site.7, 7, 34, 41
1120974.3.peg.3101.site.8, 7, 35, 42
1120974.3.peg.3101.site.9, 8, 36, 44
1120974.3.peg.3101.site.10, 4, 54, 58
1120974.3.peg.3101.site.11, 0, 99, 99
1120974.3.peg.3101.site.12, 0, 104, 104
1120974.3.peg.3101.site.13, 0, 162, 162
1120974.3.peg.3101.site.14, 182, 208, 390
1120974.3.peg.3101.site.15, 1, 210, 211
1120974.3.peg.3101.site.16, 125, 203, 328
1120974.3.peg.3101.site.17, 182, 207, 389
1120974.3.peg.3101.site.18, 0, 189, 189
1120974.3.peg.3101.site.19, 75, 101, 176
1120974.3.peg.3101.site.20, 22, 82, 104
1120974.3.peg.3101.site.21, 0, 83, 83
1120974.3.peg.3101.site.22, 8, 60, 68
1120974.3.peg.3101.site.23, 10, 51, 61
1120974.3.peg.3101.site.24, 41, 45, 86
1120974.3.peg.3101.site.25, 27, 52, 79
1120974.3.peg.3101.site.26, 21, 88, 109
1120974.3.peg.3101.site.27, 99, 168, 267
1120974.3.peg.3101.site.28, 166, 170, 336
1120974.3.peg.3101.site.29, 6, 206, 212
1120974.3.peg.3101.site.30, 53, 211, 264
1120974.3.peg.3101.site.31, 107, 180, 287
1120974.3.peg.3101.site.32, 81, 156, 237
1120974.3.peg.3101.site.33, 11, 85, 96
1120974.3.peg.3101.site.34, 14, 87, 101
1120974.3.peg.3101.site.35, 18, 91, 109
1120974.3.peg.3101.site.36, 87, 160, 247
1120974.3.peg.3101.site.37, 1, 197, 198
1120974.3.peg.3101.site.38, 0, 198, 198
1120974.3.peg.3101.site.39, 0, 195, 195
1120974.3.peg.3101.site.40, 130, 195, 325
1120974.3.peg.742.site.1, 42, 208, 250
1120974.3.peg.742.site.2, 123, 200, 323
1120974.3.peg.742.site.3, 0, 203, 203
1120974.3.peg.742.site.4, 143, 192, 335
1120974.3.peg.742.site.5, 116, 200, 316
1120974.3.peg.742.site.6, 0, 209, 209
1120974.3.peg.742.site.7, 5, 208, 213
1120974.3.peg.742.site.8, 112, 202, 314
1120974.3.peg.742.site.9, 111, 201, 312
1120974.3.peg.742.site.10, 0, 211, 211
1120974.3.peg.742.site.11, 0, 212, 212
1120974.3.peg.742.site.12, 0, 210, 210
1120974.3.peg.742.site.13, 157, 205, 362
1120974.3.peg.742.site.14, 1, 211, 212
1120974.3.peg.742.site.15, 116, 206, 322
1120974.3.peg.742.site.16, 2, 210, 212
1120974.3.peg.742.site.17, 117, 204, 321
1120974.3.peg.742.site.18, 113, 204, 317
1120974.3.peg.742.site.19, 185, 211, 396
1120974.3.peg.742.site.20, 0, 210, 210
1120974.3.peg.742.site.21, 157, 204, 361
1120974.3.peg.742.site.22, 22, 208, 230
1120974.3.peg.742.site.23, 1, 212, 213
1120974.3.peg.742.site.24, 1, 211, 212
1120974.3.peg.742.site.25, 157, 206, 363
1120974.3.peg.742.site.26, 13, 210, 223
1120974.3.peg.742.site.27, 193, 210, 403
1120974.3.peg.741.site.1, 4, 210, 214
1120974.3.peg.741.site.2, 4, 213, 217
1120974.3.peg.741.site.3, 0, 213, 213
1120974.3.peg.741.site.4, 0, 215, 215
1120974.3.peg.741.site.5, 162, 205, 367
1120974.3.peg.741.site.6, 165, 204, 369
1120974.3.peg.741.site.7, 197, 214, 411
1120974.3.peg.741.site.8, 4, 215, 219
1120974.3.peg.741.site.9, 174, 212, 386
1120974.3.peg.741.site.10, 9, 212, 221
1120974.3.peg.741.site.11, 187, 211, 398
1120974.3.peg.741.site.12, 215, 215, 430
1120974.3.peg.741.site.13, 10, 214, 224
1120974.3.peg.741.site.14, 0, 214, 214
1120974.3.peg.741.site.15, 170, 211, 381
1120974.3.peg.741.site.16, 171, 212, 383
1120974.3.peg.741.site.17, 4, 215, 219
1120974.3.peg.741.site.18, 169, 211, 380
1120974.3.peg.741.site.19, 169, 212, 381
1120974.3.peg.741.site.20, 169, 211, 380
1120974.3.peg.741.site.21, 203, 213, 416
1120974.3.peg.741.site.22, 27, 213, 240
1120974.3.peg.741.site.23, 20, 213, 233
1120974.3.peg.741.site.24, 5, 214, 219
1120974.3.peg.741.site.25, 54, 212, 266
1120974.3.peg.741.site.26, 0, 212, 212
1120974.3.peg.741.site.27, 0, 214, 214
1120974.3.peg.741.site.28, 114, 207, 321
1120974.3.peg.741.site.29, 24, 215, 239
1120974.3.peg.741.site.30, 10, 214, 224
1120974.3.peg.741.site.31, 4, 215, 219
1120974.3.peg.741.site.32, 2, 213, 215
1120974.3.peg.741.site.33, 2, 213, 215
1120974.3.peg.741.site.34, 41, 209, 250
1120974.3.peg.741.site.35, 0, 211, 211
1120974.3.peg.741.site.36, 3, 214, 217
1120974.3.peg.741.site.37, 3, 214, 217
1120974.3.peg.741.site.38, 3, 214, 217
1120974.3.peg.741.site.39, 11, 215, 226
1120974.3.peg.741.site.40, 3, 212, 215
1120974.3.peg.741.site.41, 1, 211, 212
1120974.3.peg.741.site.42, 1, 211, 212
1120974.3.peg.741.site.43, 0, 210, 210
1120974.3.peg.2327.site.1, 1, 206, 207
1120974.3.peg.2327.site.2, 1, 206, 207
1120974.3.peg.2327.site.3, 2, 192, 194
1120974.3.peg.2327.site.4, 164, 185, 349
1120974.3.peg.2327.site.5, 0, 198, 198
1120974.3.peg.2327.site.6, 3, 179, 182
1120974.3.peg.2327.site.7, 0, 187, 187
1120974.3.peg.2327.site.8, 3, 191, 194
1120974.3.peg.2327.site.9, 0, 201, 201
1120974.3.peg.2327.site.10, 175, 196, 371
1120974.3.peg.2327.site.11, 178, 191, 369
1120974.3.peg.2327.site.12, 1, 193, 194
1120974.3.peg.2327.site.13, 0, 206, 206
1120974.3.peg.2149.site.1, 191, 214, 405
1120974.3.peg.2149.site.2, 19, 214, 233
1120974.3.peg.2149.site.3, 190, 213, 403
1120974.3.peg.2149.site.4, 23, 214, 237
1120974.3.peg.2149.site.5, 216, 216, 432
1120974.3.peg.2149.site.6, 67, 212, 279
1120974.3.peg.2149.site.7, 6, 216, 222
1120974.3.peg.2149.site.8, 18, 214, 232
1120974.3.peg.2149.site.9, 23, 212, 235
1120974.3.peg.2149.site.10, 12, 215, 227
1120974.3.peg.2149.site.11, 12, 215, 227
1120974.3.peg.2149.site.12, 128, 209, 337
1120974.3.peg.2149.site.13, 0, 209, 209
1120974.3.peg.2149.site.14, 126, 195, 321
1120974.3.peg.1918.site.1, 83, 207, 290
1120974.3.peg.1918.site.2, 196, 209, 405
1120974.3.peg.1918.site.3, 1, 209, 210
1120974.3.peg.1918.site.4, 114, 209, 323
1120974.3.peg.1918.site.5, 5, 212, 217
1120974.3.peg.1918.site.6, 4, 202, 206
1120974.3.peg.1918.site.7, 2, 205, 207
1120974.3.peg.1918.site.8, 89, 200, 289
1120974.3.peg.1918.site.9, 2, 201, 203
1120974.3.peg.1918.site.10, 67, 195, 262
1120974.3.peg.1918.site.11, 0, 205, 205
1120974.3.peg.1918.site.12, 102, 199, 301
1120974.3.peg.1918.site.13, 97, 199, 296
1120974.3.peg.1918.site.14, 77, 205, 282
1120974.3.peg.1918.site.15, 2, 208, 210
1120974.3.peg.1918.site.16, 19, 209, 228
1120974.3.peg.1918.site.17, 92, 211, 303
1120974.3.peg.1918.site.18, 88, 212, 300
1120974.3.peg.1918.site.19, 0, 209, 209
1120974.3.peg.1918.site.20, 0, 211, 211
1120974.3.peg.1918.site.21, 2, 216, 218
1120974.3.peg.1919.site.1, 0, 213, 213
1120974.3.peg.1919.site.2, 19, 216, 235
1120974.3.peg.1919.site.3, 2, 216, 218
1120974.3.peg.1919.site.4, 5, 201, 206
1120974.3.peg.1919.site.5, 2, 214, 216
1120974.3.peg.1919.site.6, 0, 213, 213
1120974.3.peg.1919.site.7, 16, 205, 221
1120974.3.peg.1919.site.8, 16, 207, 223
1120974.3.peg.1919.site.9, 184, 190, 374
1120974.3.peg.1919.site.10, 181, 187, 368
1120974.3.peg.1919.site.11, 1, 208, 209
1120974.3.peg.1919.site.12, 0, 201, 201
1120974.3.peg.1919.site.13, 42, 156, 198
1120974.3.peg.1919.site.14, 74, 153, 227
1120974.3.peg.1919.site.15, 62, 157, 219
1120974.3.peg.1919.site.16, 175, 184, 359
1120974.3.peg.1669.site.1, 108, 189, 297
1120974.3.peg.1669.site.2, 114, 195, 309
1120974.3.peg.1669.site.3, 130, 211, 341
1120974.3.peg.1669.site.4, 129, 209, 338
1120974.3.peg.1669.site.5, 4, 215, 219
1120974.3.peg.1669.site.6, 1, 205, 206
1120974.3.peg.1669.site.7, 42, 202, 244
1120974.3.peg.1669.site.8, 6, 174, 180
1120974.3.peg.1669.site.9, 21, 150, 171
1120974.3.peg.1669.site.10, 8, 140, 148
1120974.3.peg.1669.site.11, 137, 137, 274
1120974.3.peg.1669.site.12, 4, 211, 215
1120974.3.peg.1669.site.13, 1, 212, 213
1120974.3.peg.1669.site.14, 0, 213, 213
1120974.3.peg.1669.site.15, 52, 212, 264
1120974.3.peg.1669.site.16, 33, 193, 226
1120974.3.peg.1669.site.17, 28, 189, 217
1120974.3.peg.1669.site.18, 34, 194, 228
1120974.3.peg.1669.site.19, 35, 195, 230
1120974.3.peg.1669.site.20, 1, 204, 205
1120974.3.peg.1669.site.21, 5, 199, 204
1120974.3.peg.1669.site.22, 1, 192, 193
1120974.3.peg.1669.site.23, 27, 187, 214
1120974.3.peg.1669.site.24, 210, 210, 420
1120974.3.peg.1669.site.25, 12, 216, 228
1120974.3.peg.1669.site.26, 12, 215, 227
1120974.3.peg.1669.site.27, 54, 212, 266
1120974.3.peg.1669.site.28, 54, 210, 264
1120974.3.peg.1669.site.29, 49, 210, 259
1120974.3.peg.1669.site.30, 0, 209, 209
1120974.3.peg.1669.site.31, 44, 205, 249
1120974.3.peg.1669.site.32, 45, 205, 250
1120974.3.peg.1669.site.33, 46, 204, 250
1120974.3.peg.3100.site.1, 17, 215, 232
1120974.3.peg.3100.site.2, 4, 215, 219
1120974.3.peg.1910.site.1, 1, 208, 209
1120974.3.peg.1910.site.2, 158, 192, 350
1120974.3.peg.1910.site.3, 144, 178, 322
1120974.3.peg.1910.site.4, 106, 142, 248
1120974.3.peg.1910.site.5, 94, 131, 225
1120974.3.peg.1910.site.6, 2, 184, 186
1120974.3.peg.1910.site.7, 4, 210, 214
1120974.3.peg.1910.site.8, 170, 202, 372
1120974.3.peg.1910.site.9, 3, 211, 214
1120974.3.peg.1910.site.10, 4, 212, 216
1120974.3.peg.1910.site.11, 1, 214, 215
1120974.3.peg.1910.site.12, 3, 214, 217
1120974.3.peg.1910.site.13, 2, 214, 216
1120974.3.peg.1910.site.14, 189, 210, 399
1120974.3.peg.1910.site.15, 1, 209, 210
1120974.3.peg.1910.site.16, 3, 206, 209
1120974.3.peg.1910.site.17, 1, 205, 206
1120974.3.peg.1910.site.18, 85, 196, 281
1120974.3.peg.1910.site.19, 0, 209, 209
1120974.3.peg.1663.site.1, 2, 214, 216
1120974.3.peg.1663.site.2, 164, 212, 376
1120974.3.peg.1663.site.3, 3, 214, 217
1120974.3.peg.1663.site.4, 162, 210, 372
1120974.3.peg.1663.site.5, 0, 216, 216
1120974.3.peg.1663.site.6, 0, 215, 215
1120974.3.peg.1663.site.7, 0, 216, 216
1120974.3.peg.1663.site.8, 0, 215, 215
1120974.3.peg.1663.site.9, 0, 216, 216
1120974.3.peg.1663.site.10, 8, 215, 223
1120974.3.peg.1663.site.11, 8, 216, 224
1120974.3.peg.1663.site.12, 185, 213, 398
1120974.3.peg.1663.site.13, 25, 216, 241
1120974.3.peg.1663.site.14, 9, 216, 225
1120974.3.peg.1663.site.15, 0, 216, 216
1120974.3.peg.1660.site.1, 10, 215, 225
1120974.3.peg.1660.site.2, 52, 212, 264
1120974.3.peg.1660.site.3, 52, 211, 263
1120974.3.peg.1660.site.4, 0, 216, 216
1120974.3.peg.1660.site.5, 5, 216, 221
1120974.3.peg.1660.site.6, 6, 214, 220
1120974.3.peg.1660.site.7, 0, 216, 216
1120974.3.peg.1660.site.8, 0, 214, 214
1120974.3.peg.1660.site.9, 0, 209, 209
1120974.3.peg.1660.site.10, 10, 209, 219
1120974.3.peg.1660.site.11, 0, 202, 202
1120974.3.peg.1660.site.12, 32, 210, 242
1120974.3.peg.1660.site.13, 169, 214, 383
1120974.3.peg.1660.site.14, 2, 216, 218
1120974.3.peg.1660.site.15, 5, 216, 221
1120974.3.peg.1660.site.16, 171, 215, 386
1120974.3.peg.1660.site.17, 173, 216, 389
1120974.3.peg.1660.site.18, 6, 214, 220
1120974.3.peg.1660.site.19, 7, 189, 196
1120974.3.peg.1913.site.1, 18, 215, 233
1120974.3.peg.1913.site.2, 9, 215, 224
1120974.3.peg.1913.site.3, 193, 213, 406
1120974.3.peg.1913.site.4, 194, 213, 407
1120974.3.peg.1913.site.5, 0, 216, 216
1120974.3.peg.1913.site.6, 11, 216, 227
1120974.3.peg.1913.site.7, 193, 213, 406
1120974.3.peg.1913.site.8, 193, 214, 407
1120974.3.peg.1913.site.9, 12, 211, 223
1120974.3.peg.1913.site.10, 186, 207, 393
1120974.3.peg.1913.site.11, 175, 209, 384
1120974.3.peg.1913.site.12, 0, 216, 216
1120974.3.peg.1913.site.13, 0, 214, 214
1120974.3.peg.1913.site.14, 4, 196, 200
1120974.3.peg.1913.site.15, 25, 154, 179
1120974.3.peg.1913.site.16, 145, 166, 311
1120974.3.peg.1913.site.17, 9, 159, 168
1120974.3.peg.1913.site.18, 12, 162, 174
1120974.3.peg.1913.site.19, 126, 131, 257
1120974.3.peg.1913.site.20, 54, 131, 185
1120974.3.peg.1913.site.21, 4, 156, 160
1120974.3.peg.1913.site.22, 174, 174, 348
1120974.3.peg.1913.site.23, 12, 84, 96
1120974.3.peg.1913.site.24, 56, 76, 132
1120974.3.peg.1913.site.25, 0, 74, 74
1120974.3.peg.1913.site.26, 34, 65, 99
1120974.3.peg.1913.site.27, 7, 53, 60
1120974.3.peg.1913.site.28, 1, 53, 54
1120974.3.peg.1913.site.29, 0, 62, 62
1120974.3.peg.1913.site.30, 9, 64, 73
1120974.3.peg.1913.site.31, 0, 76, 76
1120974.3.peg.1913.site.32, 45, 65, 110
1120974.3.peg.1913.site.33, 56, 75, 131
1120974.3.peg.1913.site.34, 0, 95, 95
1120974.3.peg.1913.site.35, 0, 148, 148
1120974.3.peg.1913.site.36, 0, 210, 210
1120974.3.peg.1913.site.37, 73, 210, 283
1120974.3.peg.1913.site.38, 4, 212, 216
1120974.3.peg.1913.site.39, 176, 199, 375
1120974.3.peg.1913.site.40, 0, 216, 216
1120974.3.peg.1913.site.41, 56, 207, 263
1120974.3.peg.1913.site.42, 0, 212, 212
1120974.3.peg.1913.site.43, 188, 210, 398
1120974.3.peg.1913.site.44, 12, 212, 224
1120974.3.peg.1913.site.45, 125, 206, 331
1120974.3.peg.1913.site.46, 0, 209, 209
1120974.3.peg.1913.site.47, 31, 52, 83
1120974.3.peg.1914.site.1, 11, 212, 223
1120974.3.peg.1914.site.2, 3, 198, 201
1120974.3.peg.1914.site.3, 210, 210, 420
1120974.3.peg.1914.site.4, 23, 208, 231
1120974.3.peg.1914.site.5, 211, 213, 424
1120974.3.peg.1914.site.6, 3, 208, 211
1120974.3.peg.1914.site.7, 2, 208, 210
1120974.3.peg.1914.site.8, 16, 198, 214
1120974.3.peg.1914.site.9, 0, 208, 208
1120974.3.peg.1914.site.10, 4, 210, 214
1120974.3.peg.1914.site.11, 0, 214, 214
1120974.3.peg.1914.site.12, 150, 208, 358
1120974.3.peg.1914.site.13, 2, 216, 218
1120974.3.peg.1914.site.14, 4, 215, 219
1120974.3.peg.1914.site.15, 11, 215, 226
1120974.3.peg.1914.site.16, 11, 216, 227
1120974.3.peg.1914.site.17, 4, 216, 220
1120974.3.peg.1914.site.18, 151, 212, 363
1120974.3.peg.1914.site.19, 0, 212, 212
1120974.3.peg.1914.site.20, 4, 203, 207
1120974.3.peg.1914.site.21, 3, 209, 212
1120974.3.peg.1914.site.22, 12, 209, 221
1120974.3.peg.1914.site.23, 178, 207, 385
1120974.3.peg.1914.site.24, 4, 94, 98
1120974.3.peg.1915.site.1, 162, 196, 358
1120974.3.peg.1915.site.2, 177, 207, 384
1120974.3.peg.1915.site.3, 7, 209, 216
1120974.3.peg.1915.site.4, 127, 210, 337
1120974.3.peg.1915.site.5, 204, 212, 416
1120974.3.peg.1915.site.6, 4, 215, 219
1120974.3.peg.1915.site.7, 179, 212, 391
1120974.3.peg.1915.site.8, 4, 215, 219
1120974.3.peg.1915.site.9, 4, 214, 218
1120974.3.peg.1915.site.10, 4, 216, 220
1120974.3.peg.1915.site.11, 0, 214, 214
1120974.3.peg.1915.site.12, 4, 214, 218
1120974.3.peg.1915.site.13, 2, 214, 216
1120974.3.peg.1915.site.14, 0, 213, 213
1120974.3.peg.1915.site.15, 13, 214, 227
1120974.3.peg.1915.site.16, 2, 211, 213
1120974.3.peg.1915.site.17, 166, 203, 369
1120974.3.peg.1915.site.18, 2, 209, 211
1120974.3.peg.1915.site.19, 121, 205, 326
1120974.3.peg.1915.site.20, 119, 201, 320
1120974.3.peg.1915.site.21, 113, 186, 299
1120974.3.peg.1915.site.22, 3, 189, 192
1120974.3.peg.1915.site.23, 46, 183, 229
1120974.3.peg.1915.site.24, 47, 194, 241
1120974.3.peg.1915.site.25, 46, 202, 248
1120974.3.peg.1915.site.26, 8, 210, 218
1120974.3.peg.1915.site.27, 131, 207, 338
1120974.3.peg.1915.site.28, 43, 210, 253
1120974.3.peg.1915.site.29, 2, 211, 213
1120974.3.peg.1915.site.30, 14, 204, 218
1120974.3.peg.1915.site.31, 2, 207, 209
1120974.3.peg.1915.site.32, 3, 208, 211
1120974.3.peg.1915.site.33, 124, 203, 327
1120974.3.peg.1915.site.34, 4, 209, 213
1120974.3.peg.1915.site.35, 3, 210, 213
1120974.3.peg.1915.site.36, 12, 208, 220
1120974.3.peg.1915.site.37, 12, 198, 210
1120974.3.peg.1915.site.38, 5, 195, 200
1120974.3.peg.1915.site.39, 9, 173, 182
1120974.3.peg.1915.site.40, 191, 199, 390
1120974.3.peg.1915.site.41, 0, 203, 203
1120974.3.peg.1915.site.42, 6, 212, 218
1120974.3.peg.1915.site.43, 6, 213, 219
1120974.3.peg.1915.site.44, 4, 211, 215
1120974.3.peg.1915.site.45, 0, 212, 212
1120974.3.peg.1915.site.46, 13, 215, 228
1120974.3.peg.1915.site.47, 2, 209, 211
1120974.3.peg.1915.site.48, 122, 199, 321
1120974.3.peg.1916.site.1, 36, 211, 247
1120974.3.peg.1916.site.2, 37, 212, 249
1120974.3.peg.1916.site.3, 4, 214, 218
1120974.3.peg.1916.site.4, 2, 216, 218
1120974.3.peg.1916.site.5, 22, 125, 147
1120974.3.peg.1917.site.1, 65, 207, 272
1120974.3.peg.1917.site.2, 212, 214, 426
1120974.3.peg.1917.site.3, 213, 215, 428
1120974.3.peg.1917.site.4, 108, 210, 318
1120974.3.peg.1917.site.5, 208, 215, 423
1120974.3.peg.1917.site.6, 1, 215, 216
1120974.3.peg.1917.site.7, 5, 215, 220
1120974.3.peg.1917.site.8, 6, 216, 222
1120974.3.peg.1917.site.9, 1, 213, 214
1120974.3.peg.1917.site.10, 131, 210, 341
1120974.3.peg.1917.site.11, 133, 212, 345
1120974.3.peg.1917.site.12, 115, 211, 326
1120974.3.peg.1917.site.13, 6, 215, 221
1120974.3.peg.1917.site.14, 0, 210, 210
1120974.3.peg.1917.site.15, 214, 215, 429
1120974.3.peg.1917.site.16, 0, 214, 214
1120974.3.peg.1917.site.17, 94, 209, 303
1120974.3.peg.1917.site.18, 12, 213, 225
1120974.3.peg.1917.site.19, 79, 214, 293
1120974.3.peg.1917.site.20, 6, 210, 216
1120974.3.peg.1917.site.21, 9, 211, 220
1120974.3.peg.1266.site.1, 174, 207, 381
1120974.3.peg.1266.site.2, 170, 203, 373
1120974.3.peg.1266.site.3, 3, 184, 187
1120974.3.peg.1266.site.4, 67, 171, 238
1120974.3.peg.1266.site.5, 4, 171, 175
1120974.3.peg.1266.site.6, 139, 159, 298
1120974.3.peg.1266.site.7, 55, 154, 209
1120974.3.peg.1266.site.8, 4, 71, 75
1120974.3.peg.1266.site.9, 8, 39, 47
1120974.3.peg.1266.site.10, 38, 39, 77
1120974.3.peg.1266.site.11, 24, 51, 75
1120974.3.peg.1266.site.12, 31, 61, 92
1120974.3.peg.1266.site.13, 45, 74, 119
1120974.3.peg.1266.site.14, 0, 139, 139
1120974.3.peg.1266.site.15, 1, 147, 148
1120974.3.peg.1266.site.16, 4, 209, 213
1120974.3.peg.1266.site.17, 77, 197, 274
1120974.3.peg.1266.site.18, 81, 182, 263
1120974.3.peg.1266.site.19, 0, 199, 199
1120974.3.peg.1266.site.20, 82, 200, 282
1120974.3.peg.1266.site.21, 0, 206, 206
1120974.3.peg.1266.site.22, 0, 214, 214
1120974.3.peg.1266.site.23, 5, 213, 218
1120974.3.peg.1266.site.24, 0, 214, 214
1120974.3.peg.1266.site.25, 0, 213, 213
1120974.3.peg.1266.site.26, 93, 208, 301
1120974.3.peg.1266.site.27, 0, 208, 208
1120974.3.peg.1266.site.28, 89, 202, 291
1120974.3.peg.1266.site.29, 11, 213, 224
1120974.3.peg.1266.site.30, 0, 213, 213
1120974.3.peg.1266.site.31, 9, 211, 220
1120974.3.peg.1266.site.32, 106, 209, 315
1120974.3.peg.1266.site.33, 9, 212, 221
1120974.3.peg.1266.site.34, 213, 213, 426
1120974.3.peg.1266.site.35, 72, 202, 274
1120974.3.peg.1266.site.36, 64, 108, 172
1120974.3.peg.1266.site.37, 10, 98, 108
1120974.3.peg.1266.site.38, 10, 59, 69
1120974.3.peg.1266.site.39, 38, 61, 99
1120974.3.peg.1266.site.40, 19, 64, 83
1120974.3.peg.1266.site.41, 87, 131, 218
1120974.3.peg.1266.site.42, 161, 203, 364
1120974.3.peg.1266.site.43, 161, 203, 364
1120974.3.peg.1266.site.44, 151, 194, 345
1120974.3.peg.1266.site.45, 154, 196, 350
1120974.3.peg.1266.site.46, 153, 191, 344
1120974.3.peg.1266.site.47, 152, 196, 348
1120974.3.peg.1266.site.48, 150, 203, 353
1120974.3.peg.1266.site.49, 0, 215, 215
1120974.3.peg.1266.site.50, 0, 215, 215
1120974.3.peg.1266.site.51, 172, 214, 386
1120974.3.peg.1266.site.52, 12, 216, 228
1120974.3.peg.1266.site.53, 8, 213, 221
1120974.3.peg.1266.site.54, 160, 212, 372
1120974.3.peg.1266.site.55, 162, 212, 374
1120974.3.peg.2890.site.1, 2, 163, 165
1120974.3.peg.2890.site.2, 172, 213, 385
1120974.3.peg.2890.site.3, 46, 212, 258
1120974.3.peg.2890.site.4, 0, 216, 216
1120974.3.peg.2890.site.5, 3, 215, 218
1120974.3.peg.2890.site.6, 8, 214, 222
1120974.3.peg.2890.site.7, 9, 215, 224
1120974.3.peg.2890.site.8, 161, 212, 373
1120974.3.peg.2890.site.9, 164, 213, 377
1120974.3.peg.2890.site.10, 15, 199, 214
1120974.3.peg.2890.site.11, 12, 196, 208
1120974.3.peg.2890.site.12, 2, 187, 189
1120974.3.peg.2890.site.13, 2, 186, 188
1120974.3.peg.2890.site.14, 182, 189, 371
1120974.3.peg.2890.site.15, 125, 176, 301
1120974.3.peg.2890.site.16, 4, 153, 157
1120974.3.peg.2890.site.17, 15, 69, 84
1120974.3.peg.2890.site.18, 35, 57, 92
1120974.3.peg.2890.site.19, 13, 58, 71
1120974.3.peg.2890.site.20, 15, 60, 75
1120974.3.peg.2890.site.21, 63, 110, 173
1120974.3.peg.2890.site.22, 5, 162, 167
1120974.3.peg.2890.site.23, 136, 184, 320
1120974.3.peg.2890.site.24, 140, 190, 330
1120974.3.peg.2890.site.25, 1, 209, 210
1120974.3.peg.2890.site.26, 1, 194, 195
1120974.3.peg.2890.site.27, 0, 196, 196
1120974.3.peg.2890.site.28, 141, 192, 333
1120974.3.peg.2890.site.29, 158, 207, 365
1120974.3.peg.2890.site.30, 1, 214, 215
1120974.3.peg.2890.site.31, 216, 216, 432
1120974.3.peg.2890.site.32, 164, 214, 378
1120974.3.peg.2890.site.33, 164, 213, 377
1120974.3.peg.2890.site.34, 0, 214, 214
1120974.3.peg.2890.site.35, 162, 211, 373
1120974.3.peg.2890.site.36, 7, 153, 160
1120974.3.peg.2890.site.37, 18, 214, 232
1120974.3.peg.2890.site.38, 1, 216, 217
1120974.3.peg.2890.site.39, 17, 212, 229
1120974.3.peg.2890.site.40, 163, 215, 378
1120974.3.peg.2890.site.41, 40, 212, 252
1120974.3.peg.2890.site.42, 0, 215, 215
1120974.3.peg.2890.site.43, 1, 214, 215
1120974.3.peg.2890.site.44, 4, 215, 219
1120974.3.peg.2890.site.45, 0, 216, 216
1120974.3.peg.2890.site.46, 20, 213, 233
1120974.3.peg.2890.site.47, 1, 216, 217
1120974.3.peg.2890.site.48, 0, 215, 215
1120974.3.peg.2890.site.49, 162, 215, 377
1120974.3.peg.1264.site.1, 13, 85, 98
1120974.3.peg.1264.site.2, 1, 68, 69
1120974.3.peg.1264.site.3, 1, 68, 69
1120974.3.peg.1264.site.4, 6, 66, 72
1120974.3.peg.1264.site.5, 7, 65, 72
1120974.3.peg.1264.site.6, 2, 84, 86
1120974.3.peg.1264.site.7, 8, 95, 103
1120974.3.peg.1264.site.8, 15, 78, 93
1120974.3.peg.1264.site.9, 7, 69, 76
1120974.3.peg.1264.site.10, 6, 64, 70
1120974.3.peg.1264.site.11, 9, 184, 193
1120974.3.peg.1264.site.12, 117, 179, 296
1120974.3.peg.1264.site.13, 2, 175, 177
1120974.3.peg.1264.site.14, 1, 150, 151
1120974.3.peg.1264.site.15, 52, 112, 164
1120974.3.peg.1264.site.16, 17, 75, 92
1120974.3.peg.1264.site.17, 1, 59, 60
1120974.3.peg.1264.site.18, 3, 65, 68
1120974.3.peg.1264.site.19, 25, 88, 113
1120974.3.peg.1264.site.20, 35, 158, 193
1120974.3.peg.1264.site.21, 141, 202, 343
1120974.3.peg.1264.site.22, 6, 173, 179
1120974.3.peg.1264.site.23, 95, 155, 250
1120974.3.peg.1264.site.24, 0, 89, 89
1120974.3.peg.1264.site.25, 21, 77, 98
1120974.3.peg.1264.site.26, 12, 68, 80
1120974.3.peg.1264.site.27, 6, 66, 72
1120974.3.peg.1264.site.28, 20, 83, 103
1120974.3.peg.1264.site.29, 117, 179, 296
1120974.3.peg.1264.site.30, 0, 212, 212
1120974.3.peg.1265.site.1, 0, 211, 211
1120974.3.peg.1265.site.2, 0, 184, 184
1120974.3.peg.1265.site.3, 57, 125, 182
1120974.3.peg.1265.site.4, 21, 86, 107
1120974.3.peg.1265.site.5, 3, 68, 71
1120974.3.peg.1265.site.6, 23, 87, 110
1120974.3.peg.1265.site.7, 106, 140, 246
1120974.3.peg.1265.site.8, 105, 138, 243
1120974.3.peg.1265.site.9, 133, 167, 300
1120974.3.peg.1265.site.10, 170, 194, 364
1120974.3.peg.1265.site.11, 2, 169, 171
1120974.3.peg.1265.site.12, 152, 155, 307
1120974.3.peg.1265.site.13, 81, 111, 192
1120974.3.peg.1265.site.14, 6, 111, 117
1120974.3.peg.1265.site.15, 10, 43, 53
1120974.3.peg.1265.site.16, 6, 40, 46
1120974.3.peg.1265.site.17, 3, 35, 38
1120974.3.peg.1265.site.18, 12, 43, 55
1120974.3.peg.1265.site.19, 16, 47, 63
1120974.3.peg.1265.site.20, 161, 192, 353
1120974.3.peg.1265.site.21, 0, 196, 196
1120974.3.peg.1265.site.22, 75, 198, 273
1120974.3.peg.1265.site.23, 54, 176, 230
1120974.3.peg.1265.site.24, 74, 194, 268
1120974.3.peg.1265.site.25, 174, 207, 381
1120974.3.peg.1265.site.26, 165, 206, 371
1120974.3.peg.1265.site.27, 82, 212, 294
1120974.3.peg.1265.site.28, 90, 211, 301
1120974.3.peg.1265.site.29, 91, 211, 302
1120974.3.peg.1262.site.1, 108, 214, 322
1120974.3.peg.1262.site.2, 107, 213, 320
1120974.3.peg.1262.site.3, 105, 213, 318
1120974.3.peg.1262.site.4, 0, 216, 216
1120974.3.peg.1262.site.5, 0, 215, 215
1120974.3.peg.1262.site.6, 110, 214, 324
1120974.3.peg.1262.site.7, 149, 211, 360
1120974.3.peg.1262.site.8, 18, 216, 234
1120974.3.peg.1262.site.9, 126, 213, 339
1120974.3.peg.1262.site.10, 125, 211, 336
1120974.3.peg.1262.site.11, 126, 211, 337
1120974.3.peg.1262.site.12, 127, 213, 340
1120974.3.peg.1262.site.13, 126, 212, 338
1120974.3.peg.1262.site.14, 153, 212, 365
1120974.3.peg.1262.site.15, 153, 213, 366
1120974.3.peg.1262.site.16, 126, 213, 339
1120974.3.peg.1262.site.17, 4, 216, 220
1120974.3.peg.1262.site.18, 0, 215, 215
1120974.3.peg.1262.site.19, 133, 210, 343
1120974.3.peg.1262.site.20, 4, 215, 219
1120974.3.peg.1262.site.21, 0, 214, 214
1120974.3.peg.1262.site.22, 10, 214, 224
1120974.3.peg.1262.site.23, 137, 214, 351
1120974.3.peg.1262.site.24, 118, 197, 315
1120974.3.peg.1262.site.25, 15, 95, 110
1120974.3.peg.1262.site.26, 0, 70, 70
1120974.3.peg.1263.site.1, 206, 212, 418
1120974.3.peg.1263.site.2, 134, 198, 332
1120974.3.peg.1263.site.3, 138, 202, 340
1120974.3.peg.1263.site.4, 45, 212, 257
1120974.3.peg.1263.site.5, 0, 214, 214
1120974.3.peg.1263.site.6, 13, 216, 229
1120974.3.peg.1263.site.7, 142, 212, 354
1120974.3.peg.1263.site.8, 0, 216, 216
1120974.3.peg.1263.site.9, 1, 215, 216
1120974.3.peg.1263.site.10, 1, 215, 216
1120974.3.peg.1263.site.11, 8, 216, 224
1120974.3.peg.1263.site.12, 161, 213, 374
1120974.3.peg.1263.site.13, 44, 214, 258
1120974.3.peg.1263.site.14, 1, 215, 216
1120974.3.peg.1263.site.15, 139, 212, 351
1120974.3.peg.1263.site.16, 144, 211, 355
1120974.3.peg.1260.site.1, 116, 209, 325
1120974.3.peg.1260.site.2, 1, 214, 215
1120974.3.peg.2891.site.1, 7, 215, 222
1120974.3.peg.2891.site.2, 160, 215, 375
1120974.3.peg.2891.site.3, 161, 211, 372
1120974.3.peg.2891.site.4, 1, 214, 215
1120974.3.peg.2891.site.5, 87, 139, 226
1120974.3.peg.2891.site.6, 132, 132, 264
1120974.3.peg.2891.site.7, 1, 57, 58
1120974.3.peg.2891.site.8, 5, 55, 60
1120974.3.peg.2891.site.9, 2, 56, 58
1120974.3.peg.2891.site.10, 10, 57, 67
1120974.3.peg.2891.site.11, 7, 55, 62
1120974.3.peg.2891.site.12, 21, 69, 90
1120974.3.peg.2891.site.13, 89, 95, 184
1120974.3.peg.2891.site.14, 0, 87, 87
1120974.3.peg.2891.site.15, 72, 115, 187
1120974.3.peg.2891.site.16, 101, 143, 244
1120974.3.peg.2891.site.17, 18, 145, 163
1120974.3.peg.2891.site.18, 17, 72, 89
1120974.3.peg.2891.site.19, 40, 45, 85
1120974.3.peg.2891.site.20, 9, 52, 61
1120974.3.peg.2891.site.21, 17, 61, 78
1120974.3.peg.2891.site.22, 1, 121, 122
1120974.3.peg.2891.site.23, 133, 139, 272
1120974.3.peg.2891.site.24, 123, 161, 284
1120974.3.peg.2891.site.25, 16, 184, 200
1120974.3.peg.2891.site.26, 0, 204, 204
1120974.3.peg.2891.site.27, 1, 194, 195
1120974.3.peg.2891.site.28, 1, 186, 187
1120974.3.peg.2891.site.29, 1, 181, 182
1120974.3.peg.2891.site.30, 128, 180, 308
1120974.3.peg.2891.site.31, 140, 192, 332
1120974.3.peg.2891.site.32, 46, 210, 256
1120974.3.peg.2891.site.33, 0, 216, 216
1120974.3.peg.2891.site.34, 174, 214, 388
1120974.3.peg.2891.site.35, 0, 214, 214
1120974.3.peg.2891.site.36, 9, 209, 218
1120974.3.peg.2891.site.37, 17, 203, 220
1120974.3.peg.1008.site.1, 124, 207, 331
1120974.3.peg.1008.site.2, 19, 209, 228
1120974.3.peg.1008.site.3, 4, 214, 218
1120974.3.peg.1008.site.4, 142, 203, 345
1120974.3.peg.1008.site.5, 0, 207, 207
1120974.3.peg.1008.site.6, 87, 148, 235
1120974.3.peg.1008.site.7, 73, 139, 212
1120974.3.peg.1008.site.8, 17, 82, 99
1120974.3.peg.1008.site.9, 14, 76, 90
1120974.3.peg.1008.site.10, 19, 82, 101
1120974.3.peg.1008.site.11, 2, 82, 84
1120974.3.peg.1008.site.12, 27, 87, 114
1120974.3.peg.1008.site.13, 19, 82, 101
1120974.3.peg.1008.site.14, 11, 98, 109
1120974.3.peg.1008.site.15, 79, 141, 220
1120974.3.peg.1009.site.1, 9, 215, 224
1120974.3.peg.1009.site.2, 4, 214, 218
1120974.3.peg.1009.site.3, 3, 190, 193
1120974.3.peg.1009.site.4, 4, 54, 58
1120974.3.peg.1006.site.1, 0, 182, 182
1120974.3.peg.1006.site.2, 43, 192, 235
1120974.3.peg.1006.site.3, 66, 101, 167
1120974.3.peg.1006.site.4, 58, 93, 151
1120974.3.peg.1006.site.5, 1, 88, 89
1120974.3.peg.1006.site.6, 5, 91, 96
1120974.3.peg.1006.site.7, 7, 95, 102
1120974.3.peg.1006.site.8, 0, 144, 144
1120974.3.peg.1006.site.9, 101, 181, 282
1120974.3.peg.1006.site.10, 85, 166, 251
1120974.3.peg.1006.site.11, 113, 193, 306
1120974.3.peg.1006.site.12, 98, 179, 277
1120974.3.peg.1006.site.13, 96, 177, 273
1120974.3.peg.1006.site.14, 114, 194, 308
1120974.3.peg.1006.site.15, 0, 214, 214
1120974.3.peg.1006.site.16, 127, 207, 334
1120974.3.peg.1006.site.17, 0, 214, 214
1120974.3.peg.1006.site.18, 129, 206, 335
1120974.3.peg.1006.site.19, 3, 209, 212
1120974.3.peg.1006.site.20, 0, 210, 210
1120974.3.peg.1006.site.21, 0, 196, 196
1120974.3.peg.1006.site.22, 122, 198, 320
1120974.3.peg.1006.site.23, 115, 190, 305
1120974.3.peg.1006.site.24, 0, 201, 201
1120974.3.peg.1006.site.25, 0, 210, 210
1120974.3.peg.1006.site.26, 6, 207, 213
1120974.3.peg.1006.site.27, 121, 197, 318
1120974.3.peg.1006.site.28, 0, 205, 205
1120974.3.peg.1006.site.29, 4, 183, 187
1120974.3.peg.1007.site.1, 28, 104, 132
1120974.3.peg.1007.site.2, 27, 103, 130
1120974.3.peg.1007.site.3, 27, 102, 129
1120974.3.peg.1007.site.4, 29, 107, 136
1120974.3.peg.1007.site.5, 0, 186, 186
1120974.3.peg.1007.site.6, 0, 203, 203
1120974.3.peg.1007.site.7, 52, 207, 259
1120974.3.peg.1007.site.8, 58, 210, 268
1120974.3.peg.1007.site.9, 23, 185, 208
1120974.3.peg.1007.site.10, 130, 185, 315
1120974.3.peg.1007.site.11, 1, 204, 205
1120974.3.peg.1007.site.12, 38, 206, 244
1120974.3.peg.1007.site.13, 141, 208, 349
1120974.3.peg.1007.site.14, 142, 210, 352
1120974.3.peg.1007.site.15, 41, 207, 248
1120974.3.peg.1007.site.16, 12, 210, 222
1120974.3.peg.1007.site.17, 13, 212, 225
1120974.3.peg.1007.site.18, 5, 214, 219
1120974.3.peg.1007.site.19, 54, 207, 261
1120974.3.peg.1007.site.20, 165, 210, 375
1120974.3.peg.1007.site.21, 0, 213, 213
1120974.3.peg.1007.site.22, 0, 207, 207
1120974.3.peg.1007.site.23, 2, 210, 212
1120974.3.peg.1007.site.24, 2, 210, 212
1120974.3.peg.1007.site.25, 0, 216, 216
1120974.3.peg.1007.site.26, 120, 210, 330
1120974.3.peg.1007.site.27, 35, 213, 248
1120974.3.peg.1007.site.28, 120, 206, 326
1120974.3.peg.1007.site.29, 2, 215, 217
1120974.3.peg.1007.site.30, 2, 213, 215
1120974.3.peg.1007.site.31, 22, 213, 235
1120974.3.peg.1007.site.32, 137, 208, 345
1120974.3.peg.1007.site.33, 181, 207, 388
1120974.3.peg.1007.site.34, 4, 215, 219
1120974.3.peg.1004.site.1, 191, 213, 404
1120974.3.peg.1004.site.2, 190, 212, 402
1120974.3.peg.1004.site.3, 207, 211, 418
1120974.3.peg.1004.site.4, 0, 202, 202
1120974.3.peg.1004.site.5, 161, 182, 343
1120974.3.peg.1004.site.6, 0, 207, 207
1120974.3.peg.1004.site.7, 185, 207, 392
1120974.3.peg.1004.site.8, 181, 204, 385
1120974.3.peg.1004.site.9, 29, 54, 83
1120974.3.peg.1004.site.10, 34, 44, 78
1120974.3.peg.1004.site.11, 177, 202, 379
1120974.3.peg.1004.site.12, 17, 214, 231
1120974.3.peg.1004.site.13, 210, 213, 423
1120974.3.peg.1004.site.14, 4, 105, 109
1120974.3.peg.1004.site.15, 34, 58, 92
1120974.3.peg.1004.site.16, 4, 29, 33
1120974.3.peg.1005.site.1, 89, 114, 203
1120974.3.peg.1005.site.2, 8, 36, 44
1120974.3.peg.1005.site.3, 10, 30, 40
1120974.3.peg.1005.site.4, 6, 32, 38
1120974.3.peg.1005.site.5, 43, 70, 113
1120974.3.peg.1005.site.6, 10, 65, 75
1120974.3.peg.1005.site.7, 33, 56, 89
1120974.3.peg.1005.site.8, 26, 48, 74
1120974.3.peg.1005.site.9, 32, 58, 90
1120974.3.peg.1005.site.10, 51, 195, 246
1120974.3.peg.1005.site.11, 169, 196, 365
1120974.3.peg.1005.site.12, 180, 206, 386
1120974.3.peg.1005.site.13, 124, 207, 331
1120974.3.peg.1005.site.14, 126, 209, 335
1120974.3.peg.1005.site.15, 132, 159, 291
1120974.3.peg.1002.site.1, 194, 213, 407
1120974.3.peg.1002.site.2, 194, 214, 408
1120974.3.peg.1002.site.3, 197, 214, 411
1120974.3.peg.1002.site.4, 190, 213, 403
1120974.3.peg.1002.site.5, 197, 214, 411
1120974.3.peg.1002.site.6, 197, 214, 411
1120974.3.peg.1002.site.7, 193, 213, 406
1120974.3.peg.1002.site.8, 193, 213, 406
1120974.3.peg.1002.site.9, 193, 215, 408
1120974.3.peg.1002.site.10, 185, 206, 391
1120974.3.peg.1002.site.11, 186, 208, 394
1120974.3.peg.1002.site.12, 126, 148, 274
1120974.3.peg.1002.site.13, 15, 37, 52
1120974.3.peg.1002.site.14, 12, 34, 46
1120974.3.peg.1002.site.15, 93, 115, 208
1120974.3.peg.1002.site.16, 137, 159, 296
1120974.3.peg.1002.site.17, 8, 209, 217
1120974.3.peg.1002.site.18, 188, 209, 397
1120974.3.peg.1002.site.19, 187, 209, 396
1120974.3.peg.1002.site.20, 191, 213, 404
1120974.3.peg.1002.site.21, 112, 209, 321
1120974.3.peg.1002.site.22, 79, 211, 290
1120974.3.peg.1002.site.23, 0, 215, 215
1120974.3.peg.1002.site.24, 193, 213, 406
1120974.3.peg.1002.site.25, 76, 211, 287
1120974.3.peg.1002.site.26, 194, 214, 408
1120974.3.peg.1002.site.27, 80, 212, 292
1120974.3.peg.1002.site.28, 0, 216, 216
1120974.3.peg.1002.site.29, 0, 215, 215
1120974.3.peg.1002.site.30, 79, 212, 291
1120974.3.peg.1002.site.31, 191, 212, 403
1120974.3.peg.1002.site.32, 75, 198, 273
1120974.3.peg.1003.site.1, 9, 21, 30
1120974.3.peg.1003.site.2, 14, 35, 49
1120974.3.peg.1003.site.3, 23, 44, 67
1120974.3.peg.1003.site.4, 126, 147, 273
1120974.3.peg.1003.site.5, 8, 209, 217
1120974.3.peg.1003.site.6, 184, 204, 388
1120974.3.peg.1003.site.7, 184, 204, 388
1120974.3.peg.1003.site.8, 76, 210, 286
1120974.3.peg.1003.site.9, 193, 212, 405
1120974.3.peg.1003.site.10, 192, 214, 406
1120974.3.peg.1003.site.11, 193, 211, 404
1120974.3.peg.1003.site.12, 188, 209, 397
1120974.3.peg.1003.site.13, 4, 215, 219
1120974.3.peg.1003.site.14, 189, 210, 399
1120974.3.peg.1003.site.15, 0, 215, 215
1120974.3.peg.1003.site.16, 190, 212, 402
1120974.3.peg.1003.site.17, 190, 213, 403
1120974.3.peg.1003.site.18, 190, 213, 403
1120974.3.peg.1003.site.19, 16, 212, 228
1120974.3.peg.1003.site.20, 8, 211, 219
1120974.3.peg.1003.site.21, 191, 209, 400
1120974.3.peg.1003.site.22, 187, 209, 396
1120974.3.peg.1000.site.1, 148, 212, 360
1120974.3.peg.1000.site.2, 4, 216, 220
1120974.3.peg.1000.site.3, 192, 212, 404
1120974.3.peg.1000.site.4, 190, 208, 398
1120974.3.peg.1000.site.5, 42, 207, 249
1120974.3.peg.1000.site.6, 0, 207, 207
1120974.3.peg.1000.site.7, 181, 198, 379
1120974.3.peg.1000.site.8, 2, 198, 200
1120974.3.peg.1000.site.9, 95, 96, 191
1120974.3.peg.1000.site.10, 77, 81, 158
1120974.3.peg.1000.site.11, 58, 80, 138
1120974.3.peg.1000.site.12, 63, 89, 152
1120974.3.peg.1000.site.13, 45, 67, 112
1120974.3.peg.1000.site.14, 5, 189, 194
1120974.3.peg.1000.site.15, 4, 173, 177
1120974.3.peg.1000.site.16, 5, 179, 184
1120974.3.peg.1000.site.17, 0, 208, 208
1120974.3.peg.1000.site.18, 181, 206, 387
1120974.3.peg.1000.site.19, 178, 202, 380
1120974.3.peg.1000.site.20, 0, 210, 210
1120974.3.peg.1000.site.21, 180, 206, 386
1120974.3.peg.1000.site.22, 0, 211, 211
1120974.3.peg.1000.site.23, 193, 206, 399
1120974.3.peg.1000.site.24, 0, 215, 215
1120974.3.peg.1000.site.25, 188, 213, 401
1120974.3.peg.1000.site.26, 188, 213, 401
1120974.3.peg.1000.site.27, 0, 215, 215
1120974.3.peg.1000.site.28, 189, 214, 403
1120974.3.peg.1000.site.29, 188, 214, 402
1120974.3.peg.1000.site.30, 189, 213, 402
1120974.3.peg.1000.site.31, 7, 215, 222
1120974.3.peg.1000.site.32, 187, 213, 400
1120974.3.peg.1000.site.33, 208, 216, 424
1120974.3.peg.1000.site.34, 188, 213, 401
1120974.3.peg.1000.site.35, 194, 211, 405
1120974.3.peg.1000.site.36, 146, 171, 317
1120974.3.peg.1000.site.37, 7, 56, 63
1120974.3.peg.1001.site.1, 0, 216, 216
1120974.3.peg.1001.site.2, 3, 216, 219
1120974.3.peg.1001.site.3, 189, 212, 401
1120974.3.peg.1001.site.4, 4, 215, 219
1120974.3.peg.1001.site.5, 2, 215, 217
1120974.3.peg.1001.site.6, 0, 216, 216
1120974.3.peg.1001.site.7, 171, 194, 365
1120974.3.peg.1001.site.8, 44, 67, 111
1120974.3.peg.1001.site.9, 1, 214, 215
1120974.3.peg.1001.site.10, 3, 214, 217
1120974.3.peg.1001.site.11, 7, 215, 222
1120974.3.peg.1001.site.12, 189, 209, 398
1120974.3.peg.1001.site.13, 3, 210, 213
1120974.3.peg.1001.site.14, 2, 203, 205
1120974.3.peg.1001.site.15, 0, 214, 214
1120974.3.peg.1001.site.16, 194, 214, 408
1120974.3.peg.1468.site.1, 188, 211, 399
1120974.3.peg.1468.site.2, 4, 212, 216
1120974.3.peg.1468.site.3, 154, 162, 316
1120974.3.peg.1468.site.4, 1, 176, 177
1120974.3.peg.1468.site.5, 3, 183, 186
1120974.3.peg.1468.site.6, 1, 188, 189
1120974.3.peg.1468.site.7, 0, 210, 210
1120974.3.peg.1468.site.8, 187, 209, 396
1120974.3.peg.1468.site.9, 4, 208, 212
1120974.3.peg.1468.site.10, 164, 204, 368
1120974.3.peg.1468.site.11, 211, 211, 422
1120974.3.peg.1468.site.12, 193, 207, 400
1120974.3.peg.1468.site.13, 1, 209, 210
1120974.3.peg.1468.site.14, 28, 210, 238
1120974.3.peg.1468.site.15, 4, 214, 218
1120974.3.peg.1468.site.16, 185, 208, 393
1120974.3.peg.1468.site.17, 159, 212, 371
1120974.3.peg.1468.site.18, 2, 205, 207
1120974.3.peg.1468.site.19, 14, 192, 206
1120974.3.peg.1468.site.20, 138, 175, 313
1120974.3.peg.1468.site.21, 1, 196, 197
1120974.3.peg.1468.site.22, 132, 179, 311
1120974.3.peg.1468.site.23, 37, 181, 218
1120974.3.peg.1468.site.24, 151, 196, 347
1120974.3.peg.1468.site.25, 173, 213, 386
1120974.3.peg.1468.site.26, 4, 216, 220
1120974.3.peg.1468.site.27, 166, 210, 376
1120974.3.peg.1468.site.28, 0, 214, 214
1120974.3.peg.1468.site.29, 4, 214, 218
1120974.3.peg.1468.site.30, 4, 214, 218
1120974.3.peg.1468.site.31, 4, 216, 220
1120974.3.peg.1468.site.32, 25, 214, 239
1120974.3.peg.1468.site.33, 5, 207, 212
1120974.3.peg.1468.site.34, 1, 208, 209
1120974.3.peg.1468.site.35, 165, 203, 368
1120974.3.peg.1468.site.36, 1, 207, 208
1120974.3.peg.1468.site.37, 1, 207, 208
1120974.3.peg.1468.site.38, 162, 209, 371
1120974.3.peg.1468.site.39, 175, 206, 381
1120974.3.peg.1468.site.40, 189, 208, 397
1120974.3.peg.1468.site.41, 1, 213, 214
1120974.3.peg.1469.site.1, 161, 205, 366
1120974.3.peg.1469.site.2, 23, 208, 231
1120974.3.peg.1469.site.3, 1, 208, 209
1120974.3.peg.1469.site.4, 1, 212, 213
1120974.3.peg.1469.site.5, 159, 212, 371
1120974.3.peg.1469.site.6, 0, 214, 214
1120974.3.peg.1469.site.7, 192, 212, 404
1120974.3.peg.1469.site.8, 4, 216, 220
1120974.3.peg.1469.site.9, 30, 211, 241
1120974.3.peg.1469.site.10, 179, 200, 379
1120974.3.peg.1469.site.11, 184, 205, 389
1120974.3.peg.1469.site.12, 0, 209, 209
1120974.3.peg.1469.site.13, 30, 204, 234
1120974.3.peg.1469.site.14, 180, 200, 380
1120974.3.peg.1469.site.15, 117, 141, 258
1120974.3.peg.1469.site.16, 54, 77, 131
1120974.3.peg.1469.site.17, 21, 45, 66
1120974.3.peg.1469.site.18, 6, 36, 42
1120974.3.peg.1469.site.19, 43, 64, 107
1120974.3.peg.1469.site.20, 27, 46, 73
1120974.3.peg.1469.site.21, 14, 142, 156
1120974.3.peg.1469.site.22, 160, 165, 325
1120974.3.peg.1469.site.23, 135, 157, 292
1120974.3.peg.1469.site.24, 0, 214, 214
1120974.3.peg.1469.site.25, 1, 214, 215
1120974.3.peg.1469.site.26, 7, 209, 216
1120974.3.peg.1469.site.27, 0, 212, 212
1120974.3.peg.1469.site.28, 183, 202, 385
1120974.3.peg.1469.site.29, 179, 198, 377
1120974.3.peg.1469.site.30, 187, 202, 389
1120974.3.peg.1469.site.31, 38, 207, 245
1120974.3.peg.1460.site.1, 5, 212, 217
1120974.3.peg.1460.site.2, 1, 214, 215
1120974.3.peg.1460.site.3, 25, 212, 237
1120974.3.peg.1460.site.4, 0, 191, 191
1120974.3.peg.1460.site.5, 118, 171, 289
1120974.3.peg.1460.site.6, 107, 161, 268
1120974.3.peg.1460.site.7, 110, 164, 274
1120974.3.peg.1460.site.8, 121, 175, 296
1120974.3.peg.1460.site.9, 1, 185, 186
1120974.3.peg.1460.site.10, 112, 206, 318
1120974.3.peg.1460.site.11, 116, 210, 326
1120974.3.peg.1460.site.12, 160, 212, 372
1120974.3.peg.1460.site.13, 119, 211, 330
1120974.3.peg.1460.site.14, 43, 214, 257
1120974.3.peg.1460.site.15, 41, 212, 253
1120974.3.peg.1460.site.16, 169, 196, 365
1120974.3.peg.1462.site.1, 3, 57, 60
1120974.3.peg.1462.site.2, 142, 198, 340
1120974.3.peg.1462.site.3, 152, 206, 358
1120974.3.peg.1462.site.4, 142, 207, 349
1120974.3.peg.1462.site.5, 25, 212, 237
1120974.3.peg.1462.site.6, 74, 211, 285
1120974.3.peg.1462.site.7, 75, 210, 285
1120974.3.peg.1462.site.8, 74, 211, 285
1120974.3.peg.1462.site.9, 132, 210, 342
1120974.3.peg.1462.site.10, 91, 212, 303
1120974.3.peg.1462.site.11, 178, 213, 391
1120974.3.peg.1462.site.12, 75, 212, 287
1120974.3.peg.1462.site.13, 0, 215, 215
1120974.3.peg.1462.site.14, 43, 214, 257
1120974.3.peg.1462.site.15, 92, 197, 289
1120974.3.peg.1462.site.16, 45, 197, 242
1120974.3.peg.1462.site.17, 2, 161, 163
1120974.3.peg.1462.site.18, 108, 187, 295
1120974.3.peg.1462.site.19, 21, 204, 225
1120974.3.peg.1462.site.20, 55, 192, 247
1120974.3.peg.1462.site.21, 44, 183, 227
1120974.3.peg.1462.site.22, 40, 179, 219
1120974.3.peg.1462.site.23, 183, 183, 366
1120974.3.peg.1462.site.24, 68, 203, 271
1120974.3.peg.1462.site.25, 0, 210, 210
1120974.3.peg.1462.site.26, 61, 199, 260
1120974.3.peg.1462.site.27, 65, 198, 263
1120974.3.peg.1462.site.28, 16, 161, 177
1120974.3.peg.1462.site.29, 37, 210, 247
1120974.3.peg.1462.site.30, 3, 202, 205
1120974.3.peg.1462.site.31, 26, 189, 215
1120974.3.peg.1462.site.32, 10, 159, 169
1120974.3.peg.1463.site.1, 81, 171, 252
1120974.3.peg.1463.site.2, 21, 172, 193
1120974.3.peg.1463.site.3, 1, 142, 143
1120974.3.peg.1463.site.4, 4, 140, 144
1120974.3.peg.1463.site.5, 8, 146, 154
1120974.3.peg.1463.site.6, 141, 156, 297
1120974.3.peg.1463.site.7, 119, 158, 277
1120974.3.peg.1463.site.8, 37, 213, 250
1120974.3.peg.1463.site.9, 1, 214, 215
1120974.3.peg.1463.site.10, 199, 210, 409
1120974.3.peg.1463.site.11, 55, 204, 259
1120974.3.peg.1463.site.12, 38, 202, 240
1120974.3.peg.1463.site.13, 2, 206, 208
1120974.3.peg.1463.site.14, 204, 204, 408
1120974.3.peg.1463.site.15, 36, 203, 239
1120974.3.peg.1463.site.16, 1, 197, 198
1120974.3.peg.1463.site.17, 43, 195, 238
1120974.3.peg.1463.site.18, 124, 204, 328
1120974.3.peg.1464.site.1, 0, 216, 216
1120974.3.peg.1464.site.2, 0, 215, 215
1120974.3.peg.1464.site.3, 0, 215, 215
1120974.3.peg.1464.site.4, 118, 212, 330
1120974.3.peg.1464.site.5, 85, 213, 298
1120974.3.peg.1464.site.6, 39, 213, 252
1120974.3.peg.1464.site.7, 0, 215, 215
1120974.3.peg.1464.site.8, 81, 213, 294
1120974.3.peg.1464.site.9, 0, 216, 216
1120974.3.peg.1464.site.10, 5, 215, 220
1120974.3.peg.1464.site.11, 4, 216, 220
1120974.3.peg.1464.site.12, 20, 215, 235
1120974.3.peg.1464.site.13, 214, 214, 428
1120974.3.peg.1464.site.14, 4, 216, 220
1120974.3.peg.1464.site.15, 3, 216, 219
1120974.3.peg.1464.site.16, 3, 216, 219
1120974.3.peg.1465.site.1, 112, 209, 321
1120974.3.peg.1465.site.2, 0, 208, 208
1120974.3.peg.1465.site.3, 0, 194, 194
1120974.3.peg.1465.site.4, 53, 211, 264
1120974.3.peg.1465.site.5, 45, 213, 258
1120974.3.peg.1465.site.6, 0, 213, 213
1120974.3.peg.1465.site.7, 2, 216, 218
1120974.3.peg.1465.site.8, 205, 216, 421
1120974.3.peg.1465.site.9, 153, 208, 361
1120974.3.peg.1465.site.10, 41, 206, 247
1120974.3.peg.1465.site.11, 2, 209, 211
1120974.3.peg.1465.site.12, 31, 201, 232
1120974.3.peg.1465.site.13, 37, 213, 250
1120974.3.peg.1465.site.14, 37, 213, 250
1120974.3.peg.1465.site.15, 121, 204, 325
1120974.3.peg.1465.site.16, 39, 205, 244
1120974.3.peg.1465.site.17, 2, 207, 209
1120974.3.peg.1465.site.18, 34, 196, 230
1120974.3.peg.1465.site.19, 18, 193, 211
1120974.3.peg.1465.site.20, 115, 203, 318
1120974.3.peg.1465.site.21, 26, 82, 108
1120974.3.peg.1465.site.22, 27, 84, 111
1120974.3.peg.1465.site.23, 40, 98, 138
1120974.3.peg.1465.site.24, 2, 209, 211
1120974.3.peg.1465.site.25, 187, 208, 395
1120974.3.peg.1466.site.1, 96, 173, 269
1120974.3.peg.1466.site.2, 3, 192, 195
1120974.3.peg.1466.site.3, 19, 195, 214
1120974.3.peg.1466.site.4, 20, 203, 223
1120974.3.peg.1466.site.5, 1, 209, 210
1120974.3.peg.1466.site.6, 8, 216, 224
1120974.3.peg.1466.site.7, 30, 208, 238
1120974.3.peg.1466.site.8, 157, 215, 372
1120974.3.peg.1466.site.9, 213, 214, 427
1120974.3.peg.1466.site.10, 22, 211, 233
1120974.3.peg.1466.site.11, 23, 209, 232
1120974.3.peg.1466.site.12, 0, 216, 216
1120974.3.peg.1466.site.13, 4, 214, 218
1120974.3.peg.1466.site.14, 39, 213, 252
1120974.3.peg.1466.site.15, 39, 215, 254
1120974.3.peg.1466.site.16, 2, 215, 217
1120974.3.peg.1466.site.17, 3, 214, 217
1120974.3.peg.1466.site.18, 4, 215, 219
1120974.3.peg.1466.site.19, 205, 214, 419
1120974.3.peg.1466.site.20, 4, 215, 219
1120974.3.peg.1466.site.21, 159, 214, 373
1120974.3.peg.1466.site.22, 158, 214, 372
1120974.3.peg.1466.site.23, 0, 209, 209
1120974.3.peg.1466.site.24, 203, 207, 410
1120974.3.peg.1466.site.25, 77, 130, 207
1120974.3.peg.1466.site.26, 60, 133, 193
1120974.3.peg.1466.site.27, 4, 161, 165
1120974.3.peg.1466.site.28, 110, 168, 278
1120974.3.peg.1466.site.29, 17, 196, 213
1120974.3.peg.1467.site.1, 214, 214, 428
1120974.3.peg.1467.site.2, 155, 212, 367
1120974.3.peg.1467.site.3, 158, 211, 369
1120974.3.peg.1467.site.4, 35, 92, 127
1120974.3.peg.1467.site.5, 39, 96, 135
1120974.3.peg.1467.site.6, 37, 95, 132
1120974.3.peg.1467.site.7, 148, 203, 351
1120974.3.peg.1467.site.8, 48, 214, 262
1120974.3.peg.1467.site.9, 154, 214, 368
1120974.3.peg.1467.site.10, 0, 214, 214
1120974.3.peg.1467.site.11, 4, 214, 218
1120974.3.peg.1467.site.12, 153, 213, 366
1120974.3.peg.1467.site.13, 4, 215, 219
1120974.3.peg.1467.site.14, 11, 214, 225
1120974.3.peg.1467.site.15, 153, 214, 367
1120974.3.peg.1467.site.16, 153, 214, 367
1120974.3.peg.1482.site.1, 0, 216, 216
1120974.3.peg.1482.site.2, 7, 134, 141
1120974.3.peg.1482.site.3, 3, 105, 108
1120974.3.peg.1482.site.4, 2, 83, 85
1120974.3.peg.1482.site.5, 1, 102, 103
1120974.3.peg.1483.site.1, 25, 138, 163
1120974.3.peg.1483.site.2, 59, 207, 266
1120974.3.peg.1483.site.3, 53, 180, 233
1120974.3.peg.1483.site.4, 32, 171, 203
1120974.3.peg.1483.site.5, 58, 208, 266
1120974.3.peg.1483.site.6, 61, 210, 271
1120974.3.peg.1483.site.7, 0, 216, 216
1120974.3.peg.1483.site.8, 10, 216, 226
1120974.3.peg.1483.site.9, 15, 215, 230
1120974.3.peg.1483.site.10, 77, 209, 286
1120974.3.peg.1483.site.11, 1, 216, 217
1120974.3.peg.1483.site.12, 199, 214, 413
1120974.3.peg.1483.site.13, 4, 216, 220
1120974.3.peg.1483.site.14, 0, 216, 216
1120974.3.peg.1483.site.15, 1, 215, 216
1120974.3.peg.1483.site.16, 115, 209, 324
1120974.3.peg.1483.site.17, 63, 208, 271
1120974.3.peg.1483.site.18, 6, 215, 221
1120974.3.peg.1483.site.19, 1, 216, 217
1120974.3.peg.1483.site.20, 1, 216, 217
1120974.3.peg.1483.site.21, 66, 208, 274
1120974.3.peg.1483.site.22, 17, 211, 228
1120974.3.peg.1483.site.23, 68, 208, 276
1120974.3.peg.1483.site.24, 61, 204, 265
1120974.3.peg.1483.site.25, 9, 211, 220
1120974.3.peg.1483.site.26, 120, 207, 327
1120974.3.peg.1483.site.27, 0, 213, 213
1120974.3.peg.1483.site.28, 0, 215, 215
1120974.3.peg.1483.site.29, 69, 206, 275
1120974.3.peg.1483.site.30, 183, 213, 396
1120974.3.peg.1480.site.1, 2, 212, 214
1120974.3.peg.1480.site.2, 2, 214, 216
1120974.3.peg.1480.site.3, 1, 215, 216
1120974.3.peg.1480.site.4, 0, 213, 213
1120974.3.peg.1480.site.5, 103, 205, 308
1120974.3.peg.1480.site.6, 104, 207, 311
1120974.3.peg.1480.site.7, 2, 209, 211
1120974.3.peg.1480.site.8, 2, 197, 199
1120974.3.peg.1480.site.9, 1, 197, 198
1120974.3.peg.1480.site.10, 27, 169, 196
1120974.3.peg.1480.site.11, 2, 166, 168
1120974.3.peg.1480.site.12, 6, 148, 154
1120974.3.peg.1480.site.13, 48, 110, 158
1120974.3.peg.1481.site.1, 1, 215, 216
1120974.3.peg.1481.site.2, 106, 210, 316
1120974.3.peg.1481.site.3, 8, 198, 206
1120974.3.peg.1481.site.4, 10, 206, 216
1120974.3.peg.1481.site.5, 46, 211, 257
1120974.3.peg.1481.site.6, 0, 214, 214
1120974.3.peg.1481.site.7, 105, 213, 318
1120974.3.peg.1481.site.8, 147, 204, 351
1120974.3.peg.1481.site.9, 0, 211, 211
1120974.3.peg.1481.site.10, 0, 207, 207
1120974.3.peg.1481.site.11, 0, 211, 211
1120974.3.peg.1481.site.12, 33, 213, 246
1120974.3.peg.1481.site.13, 0, 214, 214
1120974.3.peg.1481.site.14, 0, 213, 213
1120974.3.peg.1481.site.15, 125, 207, 332
1120974.3.peg.1481.site.16, 0, 214, 214
1120974.3.peg.1481.site.17, 0, 214, 214
1120974.3.peg.1481.site.18, 0, 215, 215
1120974.3.peg.1481.site.19, 9, 210, 219
1120974.3.peg.1481.site.20, 1, 215, 216
1120974.3.peg.1712.site.1, 1, 188, 189
1120974.3.peg.1712.site.2, 85, 167, 252
1120974.3.peg.1712.site.3, 69, 169, 238
1120974.3.peg.1712.site.4, 180, 182, 362
1120974.3.peg.1712.site.5, 125, 208, 333
1120974.3.peg.1712.site.6, 0, 212, 212
1120974.3.peg.1712.site.7, 124, 195, 319
1120974.3.peg.1712.site.8, 2, 179, 181
1120974.3.peg.1712.site.9, 24, 162, 186
1120974.3.peg.1712.site.10, 97, 182, 279
1120974.3.peg.1712.site.11, 14, 208, 222
1120974.3.peg.1712.site.12, 12, 208, 220
1120974.3.peg.1712.site.13, 1, 208, 209
1120974.3.peg.1712.site.14, 69, 152, 221
1120974.3.peg.1712.site.15, 1, 116, 117
1120974.3.peg.1712.site.16, 120, 120, 240
1120974.3.peg.1712.site.17, 77, 156, 233
1120974.3.peg.1712.site.18, 2, 188, 190
1120974.3.peg.1712.site.19, 131, 209, 340
1120974.3.peg.1712.site.20, 0, 215, 215
1120974.3.peg.1712.site.21, 1, 216, 217
1120974.3.peg.1712.site.22, 0, 213, 213
1120974.3.peg.1712.site.23, 16, 212, 228
1120974.3.peg.1712.site.24, 16, 213, 229
1120974.3.peg.1712.site.25, 46, 210, 256
1120974.3.peg.1713.site.1, 135, 213, 348
1120974.3.peg.1713.site.2, 10, 215, 225
1120974.3.peg.1713.site.3, 10, 215, 225
1120974.3.peg.1713.site.4, 76, 214, 290
1120974.3.peg.1713.site.5, 108, 211, 319
1120974.3.peg.1713.site.6, 0, 216, 216
1120974.3.peg.1713.site.7, 107, 211, 318
1120974.3.peg.1713.site.8, 107, 210, 317
1120974.3.peg.1713.site.9, 107, 209, 316
1120974.3.peg.1713.site.10, 2, 216, 218
1120974.3.peg.1713.site.11, 11, 215, 226
1120974.3.peg.1713.site.12, 80, 209, 289
1120974.3.peg.1713.site.13, 0, 215, 215
1120974.3.peg.1713.site.14, 83, 211, 294
1120974.3.peg.1713.site.15, 85, 211, 296
1120974.3.peg.1713.site.16, 0, 211, 211
1120974.3.peg.1713.site.17, 176, 206, 382
1120974.3.peg.1713.site.18, 208, 208, 416
1120974.3.peg.1713.site.19, 124, 208, 332
1120974.3.peg.1713.site.20, 2, 216, 218
1120974.3.peg.1713.site.21, 0, 216, 216
1120974.3.peg.1713.site.22, 80, 208, 288
1120974.3.peg.1713.site.23, 1, 206, 207
1120974.3.peg.1713.site.24, 76, 202, 278
1120974.3.peg.1713.site.25, 79, 205, 284
1120974.3.peg.1713.site.26, 3, 216, 219
1120974.3.peg.1713.site.27, 83, 211, 294
1120974.3.peg.1713.site.28, 42, 215, 257
1120974.3.peg.1713.site.29, 39, 211, 250
1120974.3.peg.1713.site.30, 40, 212, 252
1120974.3.peg.1710.site.1, 9, 138, 147
1120974.3.peg.1710.site.2, 3, 177, 180
1120974.3.peg.1710.site.3, 1, 190, 191
1120974.3.peg.1710.site.4, 145, 185, 330
1120974.3.peg.1710.site.5, 148, 188, 336
1120974.3.peg.1710.site.6, 4, 213, 217
1120974.3.peg.1710.site.7, 170, 209, 379
1120974.3.peg.1710.site.8, 170, 208, 378
1120974.3.peg.1710.site.9, 27, 208, 235
1120974.3.peg.1710.site.10, 165, 204, 369
1120974.3.peg.1710.site.11, 178, 208, 386
1120974.3.peg.1710.site.12, 4, 210, 214
1120974.3.peg.1710.site.13, 166, 205, 371
1120974.3.peg.1710.site.14, 196, 208, 404
1120974.3.peg.1710.site.15, 0, 213, 213
1120974.3.peg.1710.site.16, 171, 210, 381
1120974.3.peg.1710.site.17, 14, 211, 225
1120974.3.peg.1710.site.18, 0, 209, 209
1120974.3.peg.1710.site.19, 8, 210, 218
1120974.3.peg.1710.site.20, 36, 206, 242
1120974.3.peg.1710.site.21, 146, 187, 333
1120974.3.peg.1710.site.22, 146, 186, 332
1120974.3.peg.1710.site.23, 110, 191, 301
1120974.3.peg.1710.site.24, 161, 200, 361
1120974.3.peg.1710.site.25, 0, 214, 214
1120974.3.peg.1710.site.26, 0, 215, 215
1120974.3.peg.1710.site.27, 117, 208, 325
1120974.3.peg.1710.site.28, 8, 215, 223
1120974.3.peg.1710.site.29, 184, 212, 396
1120974.3.peg.1710.site.30, 0, 215, 215
1120974.3.peg.1710.site.31, 54, 211, 265
1120974.3.peg.1710.site.32, 32, 203, 235
1120974.3.peg.1710.site.33, 0, 209, 209
1120974.3.peg.1710.site.34, 0, 212, 212
1120974.3.peg.1710.site.35, 4, 212, 216
1120974.3.peg.1710.site.36, 52, 210, 262
1120974.3.peg.1710.site.37, 1, 212, 213
1120974.3.peg.1710.site.38, 52, 209, 261
1120974.3.peg.1710.site.39, 1, 212, 213
1120974.3.peg.1710.site.40, 33, 187, 220
1120974.3.peg.1710.site.41, 33, 188, 221
1120974.3.peg.1710.site.42, 4, 158, 162
1120974.3.peg.1716.site.1, 46, 214, 260
1120974.3.peg.1716.site.2, 47, 214, 261
1120974.3.peg.1716.site.3, 137, 197, 334
1120974.3.peg.1716.site.4, 2, 207, 209
1120974.3.peg.1716.site.5, 140, 204, 344
1120974.3.peg.1716.site.6, 35, 194, 229
1120974.3.peg.1716.site.7, 95, 197, 292
1120974.3.peg.1716.site.8, 29, 187, 216
1120974.3.peg.1716.site.9, 35, 198, 233
1120974.3.peg.1716.site.10, 139, 201, 340
1120974.3.peg.1716.site.11, 1, 188, 189
1120974.3.peg.1716.site.12, 47, 213, 260
1120974.3.peg.1716.site.13, 96, 210, 306
1120974.3.peg.1716.site.14, 92, 210, 302
1120974.3.peg.1716.site.15, 49, 215, 264
1120974.3.peg.1716.site.16, 49, 215, 264
1120974.3.peg.1716.site.17, 144, 210, 354
1120974.3.peg.1716.site.18, 1, 215, 216
1120974.3.peg.1716.site.19, 14, 216, 230
1120974.3.peg.1716.site.20, 132, 194, 326
1120974.3.peg.1716.site.21, 128, 197, 325
1120974.3.peg.1717.site.1, 50, 121, 171
1120974.3.peg.1717.site.2, 50, 122, 172
1120974.3.peg.1717.site.3, 44, 209, 253
1120974.3.peg.1717.site.4, 42, 205, 247
1120974.3.peg.1717.site.5, 98, 202, 300
1120974.3.peg.1717.site.6, 2, 175, 177
1120974.3.peg.1717.site.7, 7, 121, 128
1120974.3.peg.1714.site.1, 0, 215, 215
1120974.3.peg.1714.site.2, 40, 212, 252
1120974.3.peg.1714.site.3, 81, 207, 288
1120974.3.peg.1714.site.4, 40, 211, 251
1120974.3.peg.1714.site.5, 119, 201, 320
1120974.3.peg.1714.site.6, 122, 204, 326
1120974.3.peg.1714.site.7, 180, 213, 393
1120974.3.peg.1714.site.8, 81, 205, 286
1120974.3.peg.1714.site.9, 52, 119, 171
1120974.3.peg.1714.site.10, 52, 114, 166
1120974.3.peg.1714.site.11, 8, 115, 123
1120974.3.peg.1714.site.12, 5, 114, 119
1120974.3.peg.1714.site.13, 28, 96, 124
1120974.3.peg.1714.site.14, 5, 79, 84
1120974.3.peg.1714.site.15, 3, 69, 72
1120974.3.peg.1714.site.16, 33, 38, 71
1120974.3.peg.1714.site.17, 1, 49, 50
1120974.3.peg.1714.site.18, 25, 48, 73
1120974.3.peg.1714.site.19, 15, 36, 51
1120974.3.peg.1714.site.20, 0, 40, 40
1120974.3.peg.1714.site.21, 18, 40, 58
1120974.3.peg.1714.site.22, 0, 163, 163
1120974.3.peg.1714.site.23, 0, 210, 210
1120974.3.peg.1714.site.24, 209, 213, 422
1120974.3.peg.1714.site.25, 169, 212, 381
1120974.3.peg.1714.site.26, 84, 207, 291
1120974.3.peg.1714.site.27, 0, 216, 216
1120974.3.peg.1715.site.1, 4, 215, 219
1120974.3.peg.1715.site.2, 46, 214, 260
1120974.3.peg.1715.site.3, 47, 215, 262
1120974.3.peg.1718.site.1, 215, 215, 430
1120974.3.peg.1718.site.2, 0, 215, 215
1120974.3.peg.1718.site.3, 2, 214, 216
1120974.3.peg.1718.site.4, 43, 214, 257
1120974.3.peg.1718.site.5, 91, 207, 298
1120974.3.peg.1718.site.6, 0, 215, 215
1120974.3.peg.1718.site.7, 6, 216, 222
1120974.3.peg.1718.site.8, 80, 210, 290
1120974.3.peg.1718.site.9, 0, 216, 216
1120974.3.peg.1718.site.10, 0, 215, 215
1120974.3.peg.1718.site.11, 88, 212, 300
1120974.3.peg.1718.site.12, 2, 215, 217
1120974.3.peg.1718.site.13, 2, 215, 217
1120974.3.peg.1718.site.14, 4, 215, 219
1120974.3.peg.1718.site.15, 56, 211, 267
1120974.3.peg.1718.site.16, 54, 207, 261
1120974.3.peg.1718.site.17, 53, 207, 260
1120974.3.peg.1718.site.18, 4, 214, 218
1120974.3.peg.1718.site.19, 21, 205, 226
1120974.3.peg.1718.site.20, 58, 213, 271
1120974.3.peg.1718.site.21, 56, 208, 264
1120974.3.peg.1718.site.22, 57, 204, 261
1120974.3.peg.1718.site.23, 0, 211, 211
1120974.3.peg.1718.site.24, 187, 208, 395
1120974.3.peg.1718.site.25, 6, 209, 215
1120974.3.peg.1718.site.26, 194, 214, 408
1120974.3.peg.1718.site.27, 60, 213, 273
1120974.3.peg.1718.site.28, 143, 212, 355
1120974.3.peg.1718.site.29, 215, 215, 430
1120974.3.peg.1718.site.30, 58, 212, 270
1120974.3.peg.2167.site.1, 188, 209, 397
1120974.3.peg.2167.site.2, 3, 212, 215
1120974.3.peg.2167.site.3, 33, 180, 213
1120974.3.peg.2167.site.4, 135, 192, 327
1120974.3.peg.2167.site.5, 85, 196, 281
1120974.3.peg.2167.site.6, 143, 200, 343
1120974.3.peg.2167.site.7, 146, 213, 359
1120974.3.peg.2167.site.8, 47, 209, 256
1120974.3.peg.2167.site.9, 48, 210, 258
1120974.3.peg.2167.site.10, 142, 199, 341
1120974.3.peg.2167.site.11, 146, 203, 349
1120974.3.peg.2167.site.12, 203, 216, 419
1120974.3.peg.2167.site.13, 40, 205, 245
1120974.3.peg.2167.site.14, 0, 205, 205
1120974.3.peg.2167.site.15, 151, 208, 359
1120974.3.peg.2167.site.16, 148, 206, 354
1120974.3.peg.2167.site.17, 0, 212, 212
1120974.3.peg.2167.site.18, 0, 213, 213
1120974.3.peg.2167.site.19, 0, 214, 214
1120974.3.peg.2167.site.20, 0, 215, 215
1120974.3.peg.2167.site.21, 0, 215, 215
1120974.3.peg.2167.site.22, 159, 212, 371
1120974.3.peg.2167.site.23, 158, 211, 369
1120974.3.peg.2167.site.24, 146, 214, 360
1120974.3.peg.2167.site.25, 161, 213, 374
1120974.3.peg.2167.site.26, 161, 213, 374
1120974.3.peg.2167.site.27, 0, 214, 214
1120974.3.peg.2167.site.28, 0, 215, 215
1120974.3.peg.2167.site.29, 0, 212, 212
1120974.3.peg.2167.site.30, 0, 211, 211
1120974.3.peg.2018.site.1, 1, 185, 186
1120974.3.peg.2018.site.2, 2, 184, 186
1120974.3.peg.2018.site.3, 4, 183, 187
1120974.3.peg.2018.site.4, 10, 181, 191
1120974.3.peg.2018.site.5, 5, 184, 189
1120974.3.peg.2018.site.6, 163, 183, 346
1120974.3.peg.2018.site.7, 11, 188, 199
1120974.3.peg.2018.site.8, 6, 170, 176
1120974.3.peg.2018.site.9, 5, 164, 169
1120974.3.peg.2018.site.10, 122, 165, 287
1120974.3.peg.2018.site.11, 0, 126, 126
1120974.3.peg.2018.site.12, 117, 179, 296
1120974.3.peg.2018.site.13, 192, 195, 387
1120974.3.peg.2018.site.14, 2, 210, 212
1120974.3.peg.2018.site.15, 30, 212, 242
1120974.3.peg.2018.site.16, 8, 213, 221
1120974.3.peg.2018.site.17, 7, 208, 215
1120974.3.peg.2018.site.18, 0, 155, 155
1120974.3.peg.2018.site.19, 81, 106, 187
1120974.3.peg.2018.site.20, 95, 120, 215
1120974.3.peg.2018.site.21, 0, 123, 123
1120974.3.peg.2018.site.22, 17, 214, 231
1120974.3.peg.2018.site.23, 0, 215, 215
1120974.3.peg.2018.site.24, 55, 211, 266
1120974.3.peg.2018.site.25, 164, 203, 367
1120974.3.peg.2018.site.26, 0, 213, 213
1120974.3.peg.2019.site.1, 20, 100, 120
1120974.3.peg.2019.site.2, 2, 96, 98
1120974.3.peg.2019.site.3, 2, 201, 203
1120974.3.peg.2019.site.4, 0, 205, 205
1120974.3.peg.2019.site.5, 1, 211, 212
1120974.3.peg.2019.site.6, 14, 206, 220
1120974.3.peg.2019.site.7, 163, 209, 372
1120974.3.peg.2019.site.8, 161, 208, 369
1120974.3.peg.2019.site.9, 158, 203, 361
1120974.3.peg.2019.site.10, 174, 200, 374
1120974.3.peg.2019.site.11, 140, 184, 324
1120974.3.peg.2019.site.12, 41, 193, 234
1120974.3.peg.2019.site.13, 61, 211, 272
1120974.3.peg.2019.site.14, 12, 68, 80
1120974.3.peg.2019.site.15, 35, 92, 127
1120974.3.peg.2019.site.16, 157, 214, 371
1120974.3.peg.2019.site.17, 155, 213, 368
1120974.3.peg.2019.site.18, 157, 209, 366
1120974.3.peg.2019.site.19, 0, 215, 215
1120974.3.peg.2019.site.20, 160, 209, 369
1120974.3.peg.2019.site.21, 187, 213, 400
1120974.3.peg.2010.site.1, 0, 215, 215
1120974.3.peg.2010.site.2, 104, 211, 315
1120974.3.peg.2010.site.3, 178, 200, 378
1120974.3.peg.2010.site.4, 187, 210, 397
1120974.3.peg.2010.site.5, 209, 213, 422
1120974.3.peg.2010.site.6, 188, 209, 397
1120974.3.peg.2010.site.7, 0, 214, 214
1120974.3.peg.2010.site.8, 0, 213, 213
1120974.3.peg.2010.site.9, 1, 214, 215
1120974.3.peg.2010.site.10, 188, 210, 398
1120974.3.peg.2010.site.11, 186, 209, 395
1120974.3.peg.2010.site.12, 78, 205, 283
1120974.3.peg.2010.site.13, 1, 213, 214
1120974.3.peg.2010.site.14, 98, 196, 294
1120974.3.peg.2010.site.15, 4, 192, 196
1120974.3.peg.2010.site.16, 108, 207, 315
1120974.3.peg.2010.site.17, 215, 215, 430
1120974.3.peg.2010.site.18, 192, 214, 406
1120974.3.peg.2010.site.19, 112, 208, 320
1120974.3.peg.2010.site.20, 73, 206, 279
1120974.3.peg.2010.site.21, 184, 206, 390
1120974.3.peg.2010.site.22, 196, 203, 399
1120974.3.peg.2010.site.23, 0, 207, 207
1120974.3.peg.2010.site.24, 64, 197, 261
1120974.3.peg.2010.site.25, 34, 197, 231
1120974.3.peg.2010.site.26, 0, 198, 198
1120974.3.peg.2010.site.27, 147, 161, 308
1120974.3.peg.2010.site.28, 49, 159, 208
1120974.3.peg.2010.site.29, 54, 164, 218
1120974.3.peg.2010.site.30, 0, 164, 164
1120974.3.peg.2010.site.31, 1, 169, 170
1120974.3.peg.2010.site.32, 1, 181, 182
1120974.3.peg.2010.site.33, 0, 212, 212
1120974.3.peg.2010.site.34, 32, 209, 241
1120974.3.peg.2010.site.35, 0, 214, 214
1120974.3.peg.2010.site.36, 0, 215, 215
1120974.3.peg.2010.site.37, 0, 215, 215
1120974.3.peg.2010.site.38, 132, 212, 344
1120974.3.peg.2010.site.39, 33, 214, 247
1120974.3.peg.2010.site.40, 0, 215, 215
1120974.3.peg.2010.site.41, 2, 216, 218
1120974.3.peg.2010.site.42, 8, 212, 220
1120974.3.peg.2010.site.43, 7, 212, 219
1120974.3.peg.2010.site.44, 0, 215, 215
1120974.3.peg.2011.site.1, 4, 209, 213
1120974.3.peg.2011.site.2, 137, 195, 332
1120974.3.peg.2011.site.3, 52, 200, 252
1120974.3.peg.2011.site.4, 86, 148, 234
1120974.3.peg.2011.site.5, 0, 159, 159
1120974.3.peg.2011.site.6, 0, 155, 155
1120974.3.peg.2011.site.7, 0, 162, 162
1120974.3.peg.2011.site.8, 0, 169, 169
1120974.3.peg.2011.site.9, 0, 155, 155
1120974.3.peg.2011.site.10, 73, 137, 210
1120974.3.peg.2011.site.11, 77, 136, 213
1120974.3.peg.2011.site.12, 89, 150, 239
1120974.3.peg.2011.site.13, 91, 151, 242
1120974.3.peg.2011.site.14, 109, 179, 288
1120974.3.peg.2011.site.15, 1, 184, 185
1120974.3.peg.2011.site.16, 116, 183, 299
1120974.3.peg.2011.site.17, 109, 170, 279
1120974.3.peg.2011.site.18, 52, 146, 198
1120974.3.peg.2011.site.19, 39, 141, 180
1120974.3.peg.2011.site.20, 106, 174, 280
1120974.3.peg.2011.site.21, 115, 185, 300
1120974.3.peg.2011.site.22, 1, 204, 205
1120974.3.peg.2011.site.23, 4, 215, 219
1120974.3.peg.2011.site.24, 45, 199, 244
1120974.3.peg.2011.site.25, 25, 173, 198
1120974.3.peg.2011.site.26, 180, 204, 384
1120974.3.peg.2011.site.27, 1, 213, 214
1120974.3.peg.2011.site.28, 24, 215, 239
1120974.3.peg.2011.site.29, 47, 212, 259
1120974.3.peg.2011.site.30, 10, 215, 225
1120974.3.peg.2011.site.31, 215, 215, 430
1120974.3.peg.2011.site.32, 4, 214, 218
1120974.3.peg.2011.site.33, 4, 214, 218
1120974.3.peg.2011.site.34, 21, 211, 232
1120974.3.peg.2011.site.35, 0, 213, 213
1120974.3.peg.2011.site.36, 44, 213, 257
1120974.3.peg.2011.site.37, 0, 215, 215
1120974.3.peg.2011.site.38, 4, 213, 217
1120974.3.peg.2011.site.39, 0, 215, 215
1120974.3.peg.2011.site.40, 13, 214, 227
1120974.3.peg.2011.site.41, 0, 213, 213
1120974.3.peg.2011.site.42, 0, 213, 213
1120974.3.peg.2011.site.43, 0, 212, 212
1120974.3.peg.2011.site.44, 0, 210, 210
1120974.3.peg.2011.site.45, 1, 211, 212
1120974.3.peg.2011.site.46, 4, 214, 218
1120974.3.peg.2011.site.47, 0, 213, 213
1120974.3.peg.2011.site.48, 140, 210, 350
1120974.3.peg.2011.site.49, 5, 214, 219
1120974.3.peg.2011.site.50, 4, 216, 220
1120974.3.peg.2011.site.51, 4, 214, 218
1120974.3.peg.2011.site.52, 62, 211, 273
1120974.3.peg.2011.site.53, 4, 207, 211
1120974.3.peg.2011.site.54, 4, 178, 182
1120974.3.peg.2012.site.1, 71, 182, 253
1120974.3.peg.2012.site.2, 70, 189, 259
1120974.3.peg.2012.site.3, 0, 188, 188
1120974.3.peg.2012.site.4, 0, 195, 195
1120974.3.peg.2012.site.5, 0, 208, 208
1120974.3.peg.2012.site.6, 0, 209, 209
1120974.3.peg.2012.site.7, 0, 212, 212
1120974.3.peg.2012.site.8, 0, 208, 208
1120974.3.peg.2012.site.9, 2, 210, 212
1120974.3.peg.2012.site.10, 15, 207, 222
1120974.3.peg.2012.site.11, 1, 209, 210
1120974.3.peg.2012.site.12, 76, 204, 280
1120974.3.peg.2012.site.13, 4, 214, 218
1120974.3.peg.2012.site.14, 81, 205, 286
1120974.3.peg.2012.site.15, 3, 207, 210
1120974.3.peg.2012.site.16, 201, 204, 405
1120974.3.peg.2012.site.17, 215, 215, 430
1120974.3.peg.2012.site.18, 104, 211, 315
1120974.3.peg.2012.site.19, 10, 215, 225
1120974.3.peg.2012.site.20, 197, 214, 411
1120974.3.peg.2012.site.21, 4, 215, 219
1120974.3.peg.2012.site.22, 4, 215, 219
1120974.3.peg.2012.site.23, 2, 213, 215
1120974.3.peg.2012.site.24, 191, 212, 403
1120974.3.peg.2012.site.25, 7, 214, 221
1120974.3.peg.2012.site.26, 7, 211, 218
1120974.3.peg.2012.site.27, 7, 211, 218
1120974.3.peg.2012.site.28, 11, 212, 223
1120974.3.peg.2012.site.29, 0, 212, 212
1120974.3.peg.2012.site.30, 9, 209, 218
1120974.3.peg.2012.site.31, 4, 205, 209
1120974.3.peg.2012.site.32, 77, 205, 282
1120974.3.peg.2012.site.33, 1, 200, 201
1120974.3.peg.2012.site.34, 81, 179, 260
1120974.3.peg.2012.site.35, 2, 201, 203
1120974.3.peg.2012.site.36, 7, 210, 217
1120974.3.peg.2012.site.37, 212, 212, 424
1120974.3.peg.2012.site.38, 105, 209, 314
1120974.3.peg.2012.site.39, 4, 214, 218
1120974.3.peg.2012.site.40, 83, 212, 295
1120974.3.peg.2012.site.41, 1, 212, 213
1120974.3.peg.2012.site.42, 0, 211, 211
1120974.3.peg.2012.site.43, 0, 213, 213
1120974.3.peg.2012.site.44, 103, 208, 311
1120974.3.peg.2012.site.45, 99, 203, 302
1120974.3.peg.2012.site.46, 0, 190, 190
1120974.3.peg.2012.site.47, 80, 211, 291
1120974.3.peg.2012.site.48, 4, 216, 220
1120974.3.peg.2012.site.49, 126, 212, 338
1120974.3.peg.2012.site.50, 126, 212, 338
1120974.3.peg.2014.site.1, 0, 143, 143
1120974.3.peg.2014.site.2, 7, 140, 147
1120974.3.peg.2014.site.3, 0, 210, 210
1120974.3.peg.2014.site.4, 5, 202, 207
1120974.3.peg.2014.site.5, 0, 206, 206
1120974.3.peg.2014.site.6, 103, 212, 315
1120974.3.peg.2014.site.7, 102, 211, 313
1120974.3.peg.2014.site.8, 90, 212, 302
1120974.3.peg.2014.site.9, 0, 215, 215
1120974.3.peg.2014.site.10, 1, 215, 216
1120974.3.peg.2014.site.11, 0, 200, 200
1120974.3.peg.2014.site.12, 8, 211, 219
1120974.3.peg.2014.site.13, 13, 197, 210
1120974.3.peg.2014.site.14, 0, 203, 203
1120974.3.peg.2014.site.15, 129, 196, 325
1120974.3.peg.2014.site.16, 0, 204, 204
1120974.3.peg.2014.site.17, 0, 211, 211
1120974.3.peg.2014.site.18, 56, 211, 267
1120974.3.peg.2014.site.19, 194, 194, 388
1120974.3.peg.2014.site.20, 0, 173, 173
1120974.3.peg.2014.site.21, 2, 189, 191
1120974.3.peg.2014.site.22, 2, 182, 184
1120974.3.peg.2014.site.23, 4, 202, 206
1120974.3.peg.2014.site.24, 0, 213, 213
1120974.3.peg.2014.site.25, 2, 212, 214
1120974.3.peg.2014.site.26, 1, 212, 213
1120974.3.peg.2014.site.27, 0, 213, 213
1120974.3.peg.2014.site.28, 4, 209, 213
1120974.3.peg.2014.site.29, 0, 197, 197
1120974.3.peg.2014.site.30, 171, 172, 343
1120974.3.peg.2014.site.31, 47, 180, 227
1120974.3.peg.2015.site.1, 74, 208, 282
1120974.3.peg.2015.site.2, 1, 210, 211
1120974.3.peg.2015.site.3, 66, 184, 250
1120974.3.peg.2015.site.4, 26, 184, 210
1120974.3.peg.2015.site.5, 0, 199, 199
1120974.3.peg.2015.site.6, 44, 204, 248
1120974.3.peg.2015.site.7, 3, 203, 206
1120974.3.peg.2015.site.8, 0, 209, 209
1120974.3.peg.2015.site.9, 0, 209, 209
1120974.3.peg.2015.site.10, 1, 211, 212
1120974.3.peg.2015.site.11, 0, 209, 209
1120974.3.peg.2015.site.12, 4, 212, 216
1120974.3.peg.2015.site.13, 1, 212, 213
1120974.3.peg.2015.site.14, 0, 202, 202
1120974.3.peg.2015.site.15, 2, 208, 210
1120974.3.peg.2015.site.16, 1, 202, 203
1120974.3.peg.2015.site.17, 84, 200, 284
1120974.3.peg.2015.site.18, 90, 210, 300
1120974.3.peg.2015.site.19, 98, 207, 305
1120974.3.peg.2015.site.20, 1, 209, 210
1120974.3.peg.2015.site.21, 3, 212, 215
1120974.3.peg.2015.site.22, 100, 208, 308
1120974.3.peg.2015.site.23, 2, 213, 215
1120974.3.peg.2015.site.24, 3, 215, 218
1120974.3.peg.2015.site.25, 91, 210, 301
1120974.3.peg.2015.site.26, 3, 214, 217
1120974.3.peg.2015.site.27, 108, 211, 319
1120974.3.peg.2015.site.28, 12, 214, 226
1120974.3.peg.2015.site.29, 4, 213, 217
1120974.3.peg.2015.site.30, 8, 213, 221
1120974.3.peg.2015.site.31, 5, 214, 219
1120974.3.peg.2015.site.32, 3, 211, 214
1120974.3.peg.2015.site.33, 3, 213, 216
1120974.3.peg.2015.site.34, 106, 210, 316
1120974.3.peg.2015.site.35, 6, 216, 222
1120974.3.peg.2016.site.1, 0, 214, 214
1120974.3.peg.2016.site.2, 4, 214, 218
1120974.3.peg.2016.site.3, 0, 214, 214
1120974.3.peg.2016.site.4, 0, 213, 213
1120974.3.peg.2016.site.5, 0, 209, 209
1120974.3.peg.2016.site.6, 0, 201, 201
1120974.3.peg.2016.site.7, 6, 206, 212
1120974.3.peg.2016.site.8, 0, 207, 207
1120974.3.peg.2016.site.9, 139, 205, 344
1120974.3.peg.2016.site.10, 0, 210, 210
1120974.3.peg.2016.site.11, 0, 208, 208
1120974.3.peg.2016.site.12, 4, 214, 218
1120974.3.peg.2016.site.13, 13, 215, 228
1120974.3.peg.2016.site.14, 0, 216, 216
1120974.3.peg.2016.site.15, 0, 216, 216
1120974.3.peg.2017.site.1, 203, 203, 406
1120974.3.peg.2017.site.2, 0, 204, 204
1120974.3.peg.2017.site.3, 153, 179, 332
1120974.3.peg.2017.site.4, 2, 210, 212
1120974.3.peg.2017.site.5, 212, 212, 424
1120974.3.peg.2017.site.6, 184, 209, 393
1120974.3.peg.2017.site.7, 0, 208, 208
1120974.3.peg.2017.site.8, 1, 200, 201
1120974.3.peg.2017.site.9, 176, 189, 365
1120974.3.peg.2017.site.10, 23, 183, 206
1120974.3.peg.2017.site.11, 160, 194, 354
1120974.3.peg.2017.site.12, 12, 214, 226
1120974.3.peg.2017.site.13, 4, 215, 219
1120974.3.peg.2017.site.14, 213, 213, 426
1120974.3.peg.2017.site.15, 11, 123, 134
1120974.3.peg.2017.site.16, 50, 119, 169
1120974.3.peg.2017.site.17, 89, 156, 245
1120974.3.peg.2017.site.18, 142, 210, 352
1120974.3.peg.2017.site.19, 5, 215, 220
1120974.3.peg.2017.site.20, 1, 214, 215
1120974.3.peg.2017.site.21, 14, 200, 214
1120974.3.peg.2017.site.22, 12, 156, 168
1120974.3.peg.2017.site.23, 1, 132, 133
1120974.3.peg.2017.site.24, 5, 131, 136
1120974.3.peg.2017.site.25, 71, 106, 177
1120974.3.peg.2017.site.26, 61, 99, 160
1120974.3.peg.2017.site.27, 8, 45, 53
1120974.3.peg.2017.site.28, 6, 42, 48
1120974.3.peg.2017.site.29, 4, 47, 51
1120974.3.peg.1107.site.1, 161, 185, 346
1120974.3.peg.1107.site.2, 165, 190, 355
1120974.3.peg.1107.site.3, 155, 186, 341
1120974.3.peg.1107.site.4, 146, 178, 324
1120974.3.peg.1107.site.5, 0, 183, 183
1120974.3.peg.1107.site.6, 153, 182, 335
1120974.3.peg.1107.site.7, 87, 110, 197
1120974.3.peg.1107.site.8, 115, 136, 251
1120974.3.peg.1107.site.9, 154, 206, 360
1120974.3.peg.1107.site.10, 5, 211, 216
1120974.3.peg.1107.site.11, 0, 211, 211
1120974.3.peg.1107.site.12, 0, 207, 207
1120974.3.peg.1107.site.13, 1, 208, 209
1120974.3.peg.1107.site.14, 0, 210, 210
1120974.3.peg.1107.site.15, 0, 211, 211
1120974.3.peg.1107.site.16, 0, 208, 208
1120974.3.peg.1107.site.17, 0, 211, 211
1120974.3.peg.1107.site.18, 0, 212, 212
1120974.3.peg.1107.site.19, 0, 211, 211
1120974.3.peg.1107.site.20, 157, 210, 367
1120974.3.peg.1107.site.21, 159, 211, 370
1120974.3.peg.1107.site.22, 159, 211, 370
1120974.3.peg.1107.site.23, 159, 210, 369
1120974.3.peg.1107.site.24, 0, 214, 214
1120974.3.peg.1107.site.25, 1, 215, 216
1120974.3.peg.1107.site.26, 2, 216, 218
1120974.3.peg.909.site.1, 59, 199, 258
1120974.3.peg.909.site.2, 4, 209, 213
1120974.3.peg.909.site.3, 181, 211, 392
1120974.3.peg.909.site.4, 13, 203, 216
1120974.3.peg.909.site.5, 9, 211, 220
1120974.3.peg.909.site.6, 174, 206, 380
1120974.3.peg.908.site.1, 21, 211, 232
1120974.3.peg.908.site.2, 0, 213, 213
1120974.3.peg.908.site.3, 168, 214, 382
1120974.3.peg.908.site.4, 12, 213, 225
1120974.3.peg.908.site.5, 0, 215, 215
1120974.3.peg.908.site.6, 0, 215, 215
1120974.3.peg.908.site.7, 1, 216, 217
1120974.3.peg.908.site.8, 0, 215, 215
1120974.3.peg.908.site.9, 0, 216, 216
1120974.3.peg.908.site.10, 1, 216, 217
1120974.3.peg.908.site.11, 1, 215, 216
1120974.3.peg.908.site.12, 3, 208, 211
1120974.3.peg.908.site.13, 0, 209, 209
1120974.3.peg.908.site.14, 154, 205, 359
1120974.3.peg.908.site.15, 9, 216, 225
1120974.3.peg.908.site.16, 9, 214, 223
1120974.3.peg.908.site.17, 158, 215, 373
1120974.3.peg.908.site.18, 1, 215, 216
1120974.3.peg.908.site.19, 0, 215, 215
1120974.3.peg.908.site.20, 1, 213, 214
1120974.3.peg.908.site.21, 0, 214, 214
1120974.3.peg.908.site.22, 1, 216, 217
1120974.3.peg.908.site.23, 0, 215, 215
1120974.3.peg.908.site.24, 207, 215, 422
1120974.3.peg.908.site.25, 6, 215, 221
1120974.3.peg.908.site.26, 14, 216, 230
1120974.3.peg.908.site.27, 3, 216, 219
1120974.3.peg.908.site.28, 2, 216, 218
1120974.3.peg.908.site.29, 113, 211, 324
1120974.3.peg.908.site.30, 3, 216, 219
1120974.3.peg.908.site.31, 120, 211, 331
1120974.3.peg.908.site.32, 67, 209, 276
1120974.3.peg.908.site.33, 2, 212, 214
1120974.3.peg.908.site.34, 2, 215, 217
1120974.3.peg.908.site.35, 187, 214, 401
1120974.3.peg.908.site.36, 113, 212, 325
1120974.3.peg.908.site.37, 115, 209, 324
1120974.3.peg.908.site.38, 196, 213, 409
1120974.3.peg.908.site.39, 178, 209, 387
1120974.3.peg.908.site.40, 9, 210, 219
1120974.3.peg.908.site.41, 35, 66, 101
1120974.3.peg.908.site.42, 33, 64, 97
1120974.3.peg.908.site.43, 23, 31, 54
1120974.3.peg.908.site.44, 11, 29, 40
1120974.3.peg.908.site.45, 6, 36, 42
1120974.3.peg.908.site.46, 24, 42, 66
1120974.3.peg.908.site.47, 35, 66, 101
1120974.3.peg.908.site.48, 0, 198, 198
1120974.3.peg.908.site.49, 141, 168, 309
1120974.3.peg.908.site.50, 12, 209, 221
1120974.3.peg.908.site.51, 175, 204, 379
1120974.3.peg.908.site.52, 174, 205, 379
1120974.3.peg.908.site.53, 175, 206, 381
1120974.3.peg.908.site.54, 3, 215, 218
1120974.3.peg.908.site.55, 60, 212, 272
1120974.3.peg.908.site.56, 134, 212, 346
1120974.3.peg.908.site.57, 60, 213, 273
1120974.3.peg.908.site.58, 0, 213, 213
1120974.3.peg.908.site.59, 0, 215, 215
1120974.3.peg.908.site.60, 0, 202, 202
1120974.3.peg.908.site.61, 75, 107, 182
1120974.3.peg.1454.site.1, 201, 215, 416
1120974.3.peg.1454.site.2, 25, 213, 238
1120974.3.peg.1454.site.3, 108, 208, 316
1120974.3.peg.1454.site.4, 108, 208, 316
1120974.3.peg.1454.site.5, 5, 216, 221
1120974.3.peg.1454.site.6, 9, 214, 223
1120974.3.peg.1454.site.7, 5, 215, 220
1120974.3.peg.1454.site.8, 0, 215, 215
1120974.3.peg.1454.site.9, 0, 216, 216
1120974.3.peg.1454.site.10, 1, 216, 217
1120974.3.peg.1454.site.11, 4, 215, 219
1120974.3.peg.1454.site.12, 109, 211, 320
1120974.3.peg.1454.site.13, 1, 216, 217
1120974.3.peg.1454.site.14, 15, 215, 230
1120974.3.peg.1454.site.15, 123, 206, 329
1120974.3.peg.905.site.1, 0, 130, 130
1120974.3.peg.905.site.2, 140, 209, 349
1120974.3.peg.905.site.3, 5, 215, 220
1120974.3.peg.905.site.4, 70, 211, 281
1120974.3.peg.905.site.5, 31, 211, 242
1120974.3.peg.905.site.6, 37, 211, 248
1120974.3.peg.905.site.7, 145, 209, 354
1120974.3.peg.905.site.8, 67, 211, 278
1120974.3.peg.905.site.9, 215, 215, 430
1120974.3.peg.905.site.10, 175, 210, 385
1120974.3.peg.905.site.11, 7, 214, 221
1120974.3.peg.905.site.12, 37, 208, 245
1120974.3.peg.905.site.13, 210, 210, 420
1120974.3.peg.905.site.14, 205, 205, 410
1120974.3.peg.905.site.15, 1, 214, 215
1120974.3.peg.905.site.16, 141, 210, 351
1120974.3.peg.905.site.17, 0, 209, 209
1120974.3.peg.905.site.18, 0, 209, 209
1120974.3.peg.905.site.19, 1, 215, 216
1120974.3.peg.905.site.20, 216, 216, 432
1120974.3.peg.905.site.21, 4, 216, 220
1120974.3.peg.905.site.22, 4, 216, 220
1120974.3.peg.907.site.1, 41, 44, 85
1120974.3.peg.907.site.2, 3, 49, 52
1120974.3.peg.907.site.3, 5, 51, 56
1120974.3.peg.907.site.4, 85, 111, 196
1120974.3.peg.907.site.5, 164, 209, 373
1120974.3.peg.907.site.6, 99, 146, 245
1120974.3.peg.907.site.7, 7, 142, 149
1120974.3.peg.907.site.8, 50, 98, 148
1120974.3.peg.907.site.9, 0, 216, 216
1120974.3.peg.907.site.10, 1, 216, 217
1120974.3.peg.907.site.11, 0, 215, 215
1120974.3.peg.907.site.12, 0, 211, 211
1120974.3.peg.907.site.13, 0, 213, 213
1120974.3.peg.907.site.14, 152, 191, 343
1120974.3.peg.907.site.15, 132, 170, 302
1120974.3.peg.907.site.16, 14, 77, 91
1120974.3.peg.907.site.17, 173, 213, 386
1120974.3.peg.907.site.18, 173, 212, 385
1120974.3.peg.907.site.19, 3, 213, 216
1120974.3.peg.907.site.20, 173, 212, 385
1120974.3.peg.907.site.21, 166, 205, 371
1120974.3.peg.907.site.22, 209, 211, 420
1120974.3.peg.907.site.23, 174, 214, 388
1120974.3.peg.907.site.24, 0, 213, 213
1120974.3.peg.907.site.25, 9, 215, 224
1120974.3.peg.907.site.26, 171, 214, 385
1120974.3.peg.907.site.27, 164, 211, 375
1120974.3.peg.907.site.28, 0, 199, 199
1120974.3.peg.907.site.29, 1, 215, 216
1120974.3.peg.907.site.30, 1, 215, 216
1120974.3.peg.907.site.31, 0, 215, 215
1120974.3.peg.906.site.1, 29, 153, 182
1120974.3.peg.906.site.2, 37, 163, 200
1120974.3.peg.906.site.3, 0, 201, 201
1120974.3.peg.906.site.4, 4, 209, 213
1120974.3.peg.906.site.5, 4, 210, 214
1120974.3.peg.906.site.6, 4, 216, 220
1120974.3.peg.906.site.7, 0, 215, 215
1120974.3.peg.906.site.8, 215, 215, 430
1120974.3.peg.906.site.9, 216, 216, 432
1120974.3.peg.906.site.10, 3, 215, 218
1120974.3.peg.906.site.11, 1, 214, 215
1120974.3.peg.906.site.12, 1, 214, 215
1120974.3.peg.906.site.13, 0, 214, 214
1120974.3.peg.906.site.14, 1, 214, 215
1120974.3.peg.906.site.15, 0, 214, 214
1120974.3.peg.906.site.16, 176, 214, 390
1120974.3.peg.906.site.17, 176, 214, 390
1120974.3.peg.906.site.18, 8, 216, 224
1120974.3.peg.906.site.19, 182, 212, 394
1120974.3.peg.906.site.20, 182, 213, 395
1120974.3.peg.906.site.21, 4, 216, 220
1120974.3.peg.906.site.22, 9, 215, 224
1120974.3.peg.906.site.23, 0, 213, 213
1120974.3.peg.906.site.24, 0, 215, 215
1120974.3.peg.906.site.25, 199, 213, 412
1120974.3.peg.906.site.26, 214, 214, 428
1120974.3.peg.906.site.27, 183, 209, 392
1120974.3.peg.906.site.28, 0, 214, 214
1120974.3.peg.906.site.29, 0, 214, 214
1120974.3.peg.906.site.30, 205, 208, 413
1120974.3.peg.906.site.31, 145, 201, 346
1120974.3.peg.900.site.1, 0, 193, 193
1120974.3.peg.900.site.2, 0, 212, 212
1120974.3.peg.900.site.3, 0, 215, 215
1120974.3.peg.900.site.4, 1, 215, 216
1120974.3.peg.900.site.5, 203, 214, 417
1120974.3.peg.900.site.6, 11, 214, 225
1120974.3.peg.900.site.7, 0, 215, 215
1120974.3.peg.900.site.8, 209, 213, 422
1120974.3.peg.900.site.9, 127, 209, 336
1120974.3.peg.900.site.10, 123, 207, 330
1120974.3.peg.900.site.11, 137, 208, 345
1120974.3.peg.900.site.12, 1, 213, 214
1120974.3.peg.900.site.13, 0, 209, 209
1120974.3.peg.900.site.14, 210, 212, 422
1120974.3.peg.900.site.15, 2, 214, 216
1120974.3.peg.900.site.16, 54, 211, 265
1120974.3.peg.900.site.17, 2, 203, 205
1120974.3.peg.900.site.18, 2, 193, 195
1120974.3.peg.900.site.19, 133, 208, 341
1120974.3.peg.900.site.20, 134, 210, 344
1120974.3.peg.900.site.21, 1, 214, 215
1120974.3.peg.900.site.22, 121, 203, 324
1120974.3.peg.900.site.23, 184, 206, 390
1120974.3.peg.900.site.24, 143, 166, 309
1120974.3.peg.900.site.25, 113, 137, 250
1120974.3.peg.900.site.26, 187, 208, 395
1120974.3.peg.900.site.27, 1, 213, 214
1120974.3.peg.900.site.28, 190, 211, 401
1120974.3.peg.900.site.29, 158, 180, 338
1120974.3.peg.900.site.30, 26, 47, 73
1120974.3.peg.903.site.1, 0, 216, 216
1120974.3.peg.903.site.2, 117, 209, 326
1120974.3.peg.903.site.3, 0, 214, 214
1120974.3.peg.903.site.4, 76, 214, 290
1120974.3.peg.903.site.5, 1, 216, 217
1120974.3.peg.903.site.6, 115, 211, 326
1120974.3.peg.903.site.7, 116, 210, 326
1120974.3.peg.903.site.8, 0, 210, 210
1120974.3.peg.903.site.9, 2, 212, 214
1120974.3.peg.903.site.10, 4, 214, 218
1120974.3.peg.903.site.11, 4, 215, 219
1120974.3.peg.903.site.12, 0, 215, 215
1120974.3.peg.903.site.13, 1, 216, 217
1120974.3.peg.903.site.14, 2, 212, 214
1120974.3.peg.903.site.15, 111, 207, 318
1120974.3.peg.903.site.16, 145, 210, 355
1120974.3.peg.903.site.17, 13, 215, 228
1120974.3.peg.903.site.18, 115, 208, 323
1120974.3.peg.903.site.19, 4, 209, 213
1120974.3.peg.903.site.20, 114, 208, 322
1120974.3.peg.903.site.21, 1, 216, 217
1120974.3.peg.903.site.22, 88, 181, 269
1120974.3.peg.902.site.1, 0, 215, 215
1120974.3.peg.902.site.2, 119, 211, 330
1120974.3.peg.902.site.3, 4, 215, 219
1120974.3.peg.902.site.4, 117, 210, 327
1120974.3.peg.902.site.5, 0, 216, 216
1120974.3.peg.902.site.6, 0, 215, 215
1120974.3.peg.902.site.7, 0, 216, 216
1120974.3.peg.1456.site.1, 101, 204, 305
1120974.3.peg.1456.site.2, 0, 215, 215
1120974.3.peg.1456.site.3, 113, 211, 324
1120974.3.peg.1456.site.4, 79, 212, 291
1120974.3.peg.1456.site.5, 78, 214, 292
1120974.3.peg.1456.site.6, 74, 207, 281
1120974.3.peg.1456.site.7, 41, 214, 255
1120974.3.peg.1456.site.8, 51, 173, 224
1120974.3.peg.1456.site.9, 45, 68, 113
1120974.3.peg.1456.site.10, 31, 54, 85
1120974.3.peg.1456.site.11, 79, 86, 165
1120974.3.peg.1456.site.12, 184, 207, 391
1120974.3.peg.1456.site.13, 0, 215, 215
1120974.3.peg.1456.site.14, 80, 213, 293
1120974.3.peg.1456.site.15, 74, 213, 287
1120974.3.peg.1456.site.16, 73, 211, 284
1120974.3.peg.1456.site.17, 72, 210, 282
1120974.3.peg.1456.site.18, 131, 212, 343
1120974.3.peg.1456.site.19, 1, 216, 217
1120974.3.peg.1456.site.20, 0, 214, 214
1120974.3.peg.1456.site.21, 72, 205, 277
1120974.3.peg.1456.site.22, 112, 204, 316
1120974.3.peg.1456.site.23, 74, 203, 277
1120974.3.peg.1456.site.24, 72, 203, 275
1120974.3.peg.1103.site.1, 0, 216, 216
1120974.3.peg.1103.site.2, 204, 213, 417
1120974.3.peg.1103.site.3, 18, 210, 228
1120974.3.peg.1103.site.4, 79, 203, 282
1120974.3.peg.1103.site.5, 3, 205, 208
1120974.3.peg.1103.site.6, 5, 200, 205
1120974.3.peg.1103.site.7, 1, 194, 195
1120974.3.peg.1103.site.8, 0, 194, 194
1120974.3.peg.1103.site.9, 71, 195, 266
1120974.3.peg.1103.site.10, 5, 198, 203
1120974.3.peg.1103.site.11, 2, 198, 200
1120974.3.peg.1103.site.12, 79, 207, 286
1120974.3.peg.1103.site.13, 7, 215, 222
1120974.3.peg.1103.site.14, 90, 210, 300
1120974.3.peg.1103.site.15, 22, 214, 236
1120974.3.peg.1103.site.16, 65, 209, 274
1120974.3.peg.1103.site.17, 90, 210, 300
1120974.3.peg.1103.site.18, 65, 210, 275
1120974.3.peg.1103.site.19, 0, 215, 215
1120974.3.peg.1103.site.20, 4, 215, 219
1120974.3.peg.1103.site.21, 91, 210, 301
1120974.3.peg.1103.site.22, 24, 213, 237
1120974.3.peg.1103.site.23, 0, 215, 215
1120974.3.peg.1103.site.24, 0, 215, 215
1120974.3.peg.2908.site.1, 0, 215, 215
1120974.3.peg.2908.site.2, 9, 213, 222
1120974.3.peg.2908.site.3, 0, 216, 216
1120974.3.peg.2908.site.4, 132, 210, 342
1120974.3.peg.2908.site.5, 1, 215, 216
1120974.3.peg.2908.site.6, 118, 211, 329
1120974.3.peg.2908.site.7, 61, 213, 274
1120974.3.peg.2908.site.8, 63, 211, 274
1120974.3.peg.2908.site.9, 52, 190, 242
1120974.3.peg.2908.site.10, 174, 209, 383
1120974.3.peg.2908.site.11, 115, 209, 324
1120974.3.peg.2908.site.12, 0, 209, 209
1120974.3.peg.2908.site.13, 5, 202, 207
1120974.3.peg.2908.site.14, 0, 179, 179
1120974.3.peg.2908.site.15, 18, 207, 225
1120974.3.peg.2908.site.16, 112, 210, 322
1120974.3.peg.2908.site.17, 0, 211, 211
1120974.3.peg.2908.site.18, 110, 204, 314
1120974.3.peg.2908.site.19, 0, 185, 185
1120974.3.peg.2908.site.20, 0, 178, 178
1120974.3.peg.2908.site.21, 0, 194, 194
1120974.3.peg.2908.site.22, 166, 197, 363
1120974.3.peg.2908.site.23, 0, 205, 205
1120974.3.peg.2909.site.1, 179, 211, 390
1120974.3.peg.2909.site.2, 0, 213, 213
1120974.3.peg.2909.site.3, 0, 214, 214
1120974.3.peg.2909.site.4, 181, 213, 394
1120974.3.peg.2909.site.5, 0, 212, 212
1120974.3.peg.2909.site.6, 5, 211, 216
1120974.3.peg.2909.site.7, 111, 213, 324
1120974.3.peg.2909.site.8, 0, 216, 216
1120974.3.peg.2909.site.9, 19, 215, 234
1120974.3.peg.2909.site.10, 19, 215, 234
1120974.3.peg.2909.site.11, 166, 212, 378
1120974.3.peg.2909.site.12, 16, 216, 232
1120974.3.peg.2909.site.13, 7, 214, 221
1120974.3.peg.2909.site.14, 161, 215, 376
1120974.3.peg.2909.site.15, 14, 215, 229
1120974.3.peg.2909.site.16, 197, 214, 411
1120974.3.peg.2909.site.17, 43, 201, 244
1120974.3.peg.2909.site.18, 0, 196, 196
1120974.3.peg.2909.site.19, 0, 179, 179
1120974.3.peg.2909.site.20, 91, 180, 271
1120974.3.peg.2909.site.21, 0, 213, 213
1120974.3.peg.2909.site.22, 0, 211, 211
1120974.3.peg.2909.site.23, 0, 215, 215
1120974.3.peg.2909.site.24, 47, 213, 260
1120974.3.peg.2906.site.1, 54, 208, 262
1120974.3.peg.2906.site.2, 45, 198, 243
1120974.3.peg.2906.site.3, 0, 181, 181
1120974.3.peg.2906.site.4, 33, 191, 224
1120974.3.peg.2906.site.5, 14, 210, 224
1120974.3.peg.2906.site.6, 13, 214, 227
1120974.3.peg.2906.site.7, 0, 214, 214
1120974.3.peg.2906.site.8, 5, 210, 215
1120974.3.peg.2906.site.9, 0, 214, 214
1120974.3.peg.2907.site.1, 0, 207, 207
1120974.3.peg.2907.site.2, 1, 210, 211
1120974.3.peg.2907.site.3, 4, 216, 220
1120974.3.peg.2907.site.4, 4, 216, 220
1120974.3.peg.2907.site.5, 54, 213, 267
1120974.3.peg.2907.site.6, 7, 214, 221
1120974.3.peg.2907.site.7, 203, 216, 419
1120974.3.peg.2907.site.8, 121, 214, 335
1120974.3.peg.2907.site.9, 196, 198, 394
1120974.3.peg.2907.site.10, 37, 192, 229
1120974.3.peg.2907.site.11, 180, 213, 393
1120974.3.peg.2907.site.12, 186, 213, 399
1120974.3.peg.2907.site.13, 58, 213, 271
1120974.3.peg.2907.site.14, 4, 215, 219
1120974.3.peg.2907.site.15, 57, 214, 271
1120974.3.peg.2907.site.16, 58, 214, 272
1120974.3.peg.2907.site.17, 0, 216, 216
1120974.3.peg.2907.site.18, 78, 212, 290
1120974.3.peg.2907.site.19, 58, 213, 271
1120974.3.peg.2907.site.20, 4, 214, 218
1120974.3.peg.2907.site.21, 139, 212, 351
1120974.3.peg.2907.site.22, 15, 212, 227
1120974.3.peg.2907.site.23, 71, 209, 280
1120974.3.peg.2907.site.24, 36, 193, 229
1120974.3.peg.2907.site.25, 130, 204, 334
1120974.3.peg.2907.site.26, 42, 196, 238
1120974.3.peg.2907.site.27, 4, 152, 156
1120974.3.peg.2907.site.28, 0, 149, 149
1120974.3.peg.2907.site.29, 3, 155, 158
1120974.3.peg.2907.site.30, 40, 158, 198
1120974.3.peg.2907.site.31, 7, 171, 178
1120974.3.peg.2907.site.32, 150, 203, 353
1120974.3.peg.2907.site.33, 57, 211, 268
1120974.3.peg.2907.site.34, 0, 213, 213
1120974.3.peg.2907.site.35, 58, 211, 269
1120974.3.peg.2907.site.36, 55, 210, 265
1120974.3.peg.2907.site.37, 132, 213, 345
1120974.3.peg.2907.site.38, 0, 215, 215
1120974.3.peg.2907.site.39, 15, 211, 226
1120974.3.peg.2907.site.40, 0, 214, 214
1120974.3.peg.2907.site.41, 136, 209, 345
1120974.3.peg.2907.site.42, 0, 210, 210
1120974.3.peg.2907.site.43, 146, 213, 359
1120974.3.peg.2907.site.44, 4, 216, 220
1120974.3.peg.2904.site.1, 4, 207, 211
1120974.3.peg.2904.site.2, 62, 206, 268
1120974.3.peg.2904.site.3, 41, 209, 250
1120974.3.peg.2904.site.4, 157, 212, 369
1120974.3.peg.2904.site.5, 194, 207, 401
1120974.3.peg.2904.site.6, 8, 199, 207
1120974.3.peg.2904.site.7, 2, 201, 203
1120974.3.peg.2904.site.8, 64, 206, 270
1120974.3.peg.2904.site.9, 13, 213, 226
1120974.3.peg.2904.site.10, 8, 213, 221
1120974.3.peg.2904.site.11, 2, 211, 213
1120974.3.peg.2904.site.12, 62, 194, 256
1120974.3.peg.2904.site.13, 2, 188, 190
1120974.3.peg.2904.site.14, 144, 210, 354
1120974.3.peg.2905.site.1, 0, 214, 214
1120974.3.peg.2905.site.2, 0, 216, 216
1120974.3.peg.2905.site.3, 65, 211, 276
1120974.3.peg.2905.site.4, 17, 214, 231
1120974.3.peg.2905.site.5, 4, 212, 216
1120974.3.peg.2905.site.6, 57, 210, 267
1120974.3.peg.2905.site.7, 3, 216, 219
1120974.3.peg.2905.site.8, 55, 214, 269
1120974.3.peg.2905.site.9, 4, 216, 220
1120974.3.peg.2905.site.10, 1, 215, 216
1120974.3.peg.2905.site.11, 4, 215, 219
1120974.3.peg.2905.site.12, 216, 216, 432
1120974.3.peg.2905.site.13, 5, 214, 219
1120974.3.peg.2905.site.14, 5, 214, 219
1120974.3.peg.2905.site.15, 55, 211, 266
1120974.3.peg.2905.site.16, 4, 216, 220
1120974.3.peg.2905.site.17, 44, 200, 244
1120974.3.peg.2902.site.1, 1, 215, 216
1120974.3.peg.2902.site.2, 107, 212, 319
1120974.3.peg.2902.site.3, 20, 216, 236
1120974.3.peg.2902.site.4, 0, 216, 216
1120974.3.peg.2902.site.5, 0, 216, 216
1120974.3.peg.2902.site.6, 1, 216, 217
1120974.3.peg.2902.site.7, 2, 216, 218
1120974.3.peg.2902.site.8, 4, 216, 220
1120974.3.peg.2902.site.9, 10, 214, 224
1120974.3.peg.2902.site.10, 10, 214, 224
1120974.3.peg.2902.site.11, 11, 214, 225
1120974.3.peg.2902.site.12, 0, 216, 216
1120974.3.peg.2902.site.13, 130, 212, 342
1120974.3.peg.2902.site.14, 1, 216, 217
1120974.3.peg.2902.site.15, 11, 215, 226
1120974.3.peg.2902.site.16, 10, 213, 223
1120974.3.peg.2902.site.17, 7, 209, 216
1120974.3.peg.2902.site.18, 111, 204, 315
1120974.3.peg.2902.site.19, 1, 199, 200
1120974.3.peg.2902.site.20, 4, 202, 206
1120974.3.peg.2902.site.21, 0, 202, 202
1120974.3.peg.2902.site.22, 19, 213, 232
1120974.3.peg.2902.site.23, 112, 212, 324
1120974.3.peg.2902.site.24, 0, 214, 214
1120974.3.peg.2902.site.25, 9, 214, 223
1120974.3.peg.2902.site.26, 0, 182, 182
1120974.3.peg.2902.site.27, 2, 144, 146
1120974.3.peg.2902.site.28, 61, 136, 197
1120974.3.peg.2902.site.29, 55, 138, 193
1120974.3.peg.2903.site.1, 1, 143, 144
1120974.3.peg.2903.site.2, 9, 144, 153
1120974.3.peg.2903.site.3, 6, 141, 147
1120974.3.peg.2903.site.4, 42, 146, 188
1120974.3.peg.2903.site.5, 32, 106, 138
1120974.3.peg.2903.site.6, 2, 214, 216
1120974.3.peg.2900.site.1, 1, 85, 86
1120974.3.peg.2900.site.2, 31, 109, 140
1120974.3.peg.2900.site.3, 3, 111, 114
1120974.3.peg.2900.site.4, 2, 120, 122
1120974.3.peg.2900.site.5, 35, 118, 153
1120974.3.peg.2900.site.6, 71, 99, 170
1120974.3.peg.2900.site.7, 8, 94, 102
1120974.3.peg.2900.site.8, 22, 107, 129
1120974.3.peg.2900.site.9, 192, 193, 385
1120974.3.peg.2900.site.10, 53, 204, 257
1120974.3.peg.2900.site.11, 49, 206, 255
1120974.3.peg.2900.site.12, 41, 202, 243
1120974.3.peg.2900.site.13, 11, 202, 213
1120974.3.peg.2900.site.14, 19, 186, 205
1120974.3.peg.2900.site.15, 20, 187, 207
1120974.3.peg.2900.site.16, 0, 193, 193
1120974.3.peg.2900.site.17, 138, 207, 345
1120974.3.peg.2900.site.18, 45, 211, 256
1120974.3.peg.2900.site.19, 173, 211, 384
1120974.3.peg.2900.site.20, 0, 216, 216
1120974.3.peg.2900.site.21, 115, 215, 330
1120974.3.peg.2901.site.1, 12, 208, 220
1120974.3.peg.2901.site.2, 0, 212, 212
1120974.3.peg.2901.site.3, 156, 206, 362
1120974.3.peg.2901.site.4, 0, 214, 214
1120974.3.peg.2901.site.5, 0, 216, 216
1120974.3.peg.2901.site.6, 185, 215, 400
1120974.3.peg.2901.site.7, 46, 212, 258
1120974.3.peg.2744.site.1, 149, 206, 355
1120974.3.peg.2744.site.2, 151, 205, 356
1120974.3.peg.2744.site.3, 151, 205, 356
1120974.3.peg.2744.site.4, 190, 207, 397
1120974.3.peg.2744.site.5, 0, 209, 209
1120974.3.peg.2744.site.6, 0, 214, 214
1120974.3.peg.2744.site.7, 4, 215, 219
1120974.3.peg.2744.site.8, 215, 215, 430
1120974.3.peg.2744.site.9, 3, 215, 218
1120974.3.peg.2744.site.10, 0, 214, 214
1120974.3.peg.2744.site.11, 0, 212, 212
1120974.3.peg.2744.site.12, 0, 211, 211
1120974.3.peg.2744.site.13, 11, 210, 221
1120974.3.peg.2744.site.14, 16, 207, 223
1120974.3.peg.2744.site.15, 0, 212, 212
1120974.3.peg.2744.site.16, 190, 212, 402
1120974.3.peg.2744.site.17, 11, 211, 222
1120974.3.peg.2744.site.18, 20, 213, 233
1120974.3.peg.2744.site.19, 17, 214, 231
1120974.3.peg.2744.site.20, 5, 212, 217
1120974.3.peg.2744.site.21, 184, 209, 393
1120974.3.peg.2744.site.22, 6, 181, 187
1120974.3.peg.2744.site.23, 11, 32, 43
1120974.3.peg.2744.site.24, 6, 27, 33
1120974.3.peg.2744.site.25, 28, 48, 76
1120974.3.peg.2744.site.26, 207, 207, 414
1120974.3.peg.2745.site.1, 1, 24, 25
1120974.3.peg.2745.site.2, 9, 24, 33
1120974.3.peg.2745.site.3, 9, 23, 32
1120974.3.peg.2745.site.4, 19, 21, 40
1120974.3.peg.2745.site.5, 7, 20, 27
1120974.3.peg.2745.site.6, 1, 20, 21
1120974.3.peg.2745.site.7, 8, 22, 30
1120974.3.peg.2745.site.8, 1, 23, 24
1120974.3.peg.2745.site.9, 4, 27, 31
1120974.3.peg.2745.site.10, 6, 28, 34
1120974.3.peg.2745.site.11, 1, 33, 34
1120974.3.peg.2745.site.12, 16, 19, 35
1120974.3.peg.2745.site.13, 6, 20, 26
1120974.3.peg.2745.site.14, 12, 26, 38
1120974.3.peg.2745.site.15, 5, 46, 51
1120974.3.peg.2745.site.16, 6, 182, 188
1120974.3.peg.2745.site.17, 178, 202, 380
1120974.3.peg.2745.site.18, 156, 159, 315
1120974.3.peg.2745.site.19, 1, 21, 22
1120974.3.peg.2745.site.20, 1, 20, 21
1120974.3.peg.2745.site.21, 3, 24, 27
1120974.3.peg.2745.site.22, 4, 25, 29
1120974.3.peg.2745.site.23, 5, 25, 30
1120974.3.peg.2745.site.24, 55, 58, 113
1120974.3.peg.2745.site.25, 210, 212, 422
1120974.3.peg.2745.site.26, 165, 211, 376
1120974.3.peg.2745.site.27, 4, 213, 217
1120974.3.peg.2745.site.28, 1, 211, 212
1120974.3.peg.2745.site.29, 39, 211, 250
1120974.3.peg.2745.site.30, 108, 152, 260
1120974.3.peg.2745.site.31, 35, 80, 115
1120974.3.peg.2745.site.32, 47, 50, 97
1120974.3.peg.2745.site.33, 2, 87, 89
1120974.3.peg.2745.site.34, 103, 149, 252
1120974.3.peg.2745.site.35, 1, 187, 188
1120974.3.peg.2745.site.36, 15, 190, 205
1120974.3.peg.2745.site.37, 157, 205, 362
1120974.3.peg.2745.site.38, 147, 199, 346
1120974.3.peg.2745.site.39, 164, 196, 360
1120974.3.peg.2745.site.40, 103, 154, 257
1120974.3.peg.2745.site.41, 51, 101, 152
1120974.3.peg.2745.site.42, 25, 76, 101
1120974.3.peg.2745.site.43, 27, 76, 103
1120974.3.peg.2745.site.44, 3, 53, 56
1120974.3.peg.2745.site.45, 10, 52, 62
1120974.3.peg.2745.site.46, 5, 49, 54
1120974.3.peg.2745.site.47, 3, 51, 54
1120974.3.peg.2745.site.48, 2, 86, 88
1120974.3.peg.2745.site.49, 1, 85, 86
1120974.3.peg.2745.site.50, 26, 81, 107
1120974.3.peg.2745.site.51, 0, 81, 81
1120974.3.peg.2745.site.52, 25, 80, 105
1120974.3.peg.2745.site.53, 2, 86, 88
1120974.3.peg.2745.site.54, 13, 100, 113
1120974.3.peg.2745.site.55, 2, 118, 120
1120974.3.peg.2745.site.56, 66, 149, 215
1120974.3.peg.2745.site.57, 153, 214, 367
1120974.3.peg.2745.site.58, 10, 215, 225
1120974.3.peg.2745.site.59, 152, 213, 365
1120974.3.peg.2745.site.60, 170, 212, 382
1120974.3.peg.2745.site.61, 152, 213, 365
1120974.3.peg.2745.site.62, 127, 187, 314
1120974.3.peg.2745.site.63, 142, 203, 345
1120974.3.peg.2745.site.64, 1, 205, 206
1120974.3.peg.2745.site.65, 150, 200, 350
1120974.3.peg.2745.site.66, 0, 205, 205
1120974.3.peg.2745.site.67, 9, 205, 214
1120974.3.peg.2745.site.68, 0, 198, 198
1120974.3.peg.2745.site.69, 1, 207, 208
1120974.3.peg.2745.site.70, 149, 210, 359
1120974.3.peg.2745.site.71, 147, 208, 355
1120974.3.peg.2745.site.72, 1, 211, 212
1120974.3.peg.2745.site.73, 1, 212, 213
1120974.3.peg.2745.site.74, 1, 213, 214
1120974.3.peg.2745.site.75, 3, 212, 215
1120974.3.peg.2745.site.76, 3, 211, 214
1120974.3.peg.2745.site.77, 0, 216, 216
1120974.3.peg.2745.site.78, 6, 216, 222
1120974.3.peg.2745.site.79, 1, 215, 216
1120974.3.peg.2745.site.80, 2, 213, 215
1120974.3.peg.2745.site.81, 150, 213, 363
1120974.3.peg.2745.site.82, 124, 214, 338
1120974.3.peg.2745.site.83, 123, 207, 330
1120974.3.peg.2745.site.84, 47, 214, 261
1120974.3.peg.2745.site.85, 0, 209, 209
1120974.3.peg.2745.site.86, 17, 109, 126
1120974.3.peg.2745.site.87, 9, 99, 108
1120974.3.peg.2745.site.88, 71, 161, 232
1120974.3.peg.2745.site.89, 79, 169, 248
1120974.3.peg.2745.site.90, 0, 183, 183
1120974.3.peg.2745.site.91, 67, 157, 224
1120974.3.peg.2745.site.92, 28, 118, 146
1120974.3.peg.2745.site.93, 65, 152, 217
1120974.3.peg.2745.site.94, 81, 170, 251
1120974.3.peg.2745.site.95, 96, 186, 282
1120974.3.peg.2745.site.96, 124, 214, 338
1120974.3.peg.2745.site.97, 1, 215, 216
1120974.3.peg.2746.site.1, 116, 205, 321
1120974.3.peg.2746.site.2, 115, 209, 324
1120974.3.peg.2746.site.3, 35, 209, 244
1120974.3.peg.2746.site.4, 137, 211, 348
1120974.3.peg.2746.site.5, 121, 211, 332
1120974.3.peg.2746.site.6, 116, 205, 321
1120974.3.peg.2746.site.7, 14, 208, 222
1120974.3.peg.2746.site.8, 0, 201, 201
1120974.3.peg.2746.site.9, 0, 204, 204
1120974.3.peg.2746.site.10, 0, 203, 203
1120974.3.peg.2746.site.11, 0, 201, 201
1120974.3.peg.2746.site.12, 70, 149, 219
1120974.3.peg.2746.site.13, 2, 203, 205
1120974.3.peg.2746.site.14, 117, 207, 324
1120974.3.peg.2746.site.15, 118, 208, 326
1120974.3.peg.2746.site.16, 0, 211, 211
1120974.3.peg.2746.site.17, 43, 203, 246
1120974.3.peg.2746.site.18, 92, 181, 273
1120974.3.peg.2746.site.19, 97, 190, 287
1120974.3.peg.2746.site.20, 130, 172, 302
1120974.3.peg.2746.site.21, 2, 212, 214
1120974.3.peg.2746.site.22, 2, 213, 215
1120974.3.peg.2746.site.23, 2, 212, 214
1120974.3.peg.2746.site.24, 2, 210, 212
1120974.3.peg.2746.site.25, 118, 206, 324
1120974.3.peg.2746.site.26, 33, 173, 206
1120974.3.peg.2746.site.27, 18, 112, 130
1120974.3.peg.2746.site.28, 8, 101, 109
1120974.3.peg.2746.site.29, 76, 117, 193
1120974.3.peg.2746.site.30, 34, 124, 158
1120974.3.peg.2746.site.31, 6, 212, 218
1120974.3.peg.2747.site.1, 2, 215, 217
1120974.3.peg.2747.site.2, 4, 215, 219
1120974.3.peg.2747.site.3, 2, 214, 216
1120974.3.peg.2747.site.4, 4, 216, 220
1120974.3.peg.2747.site.5, 204, 213, 417
1120974.3.peg.2747.site.6, 0, 213, 213
1120974.3.peg.2747.site.7, 171, 212, 383
1120974.3.peg.2747.site.8, 2, 216, 218
1120974.3.peg.2747.site.9, 2, 215, 217
1120974.3.peg.2747.site.10, 173, 214, 387
1120974.3.peg.2747.site.11, 174, 214, 388
1120974.3.peg.2747.site.12, 9, 214, 223
1120974.3.peg.2740.site.1, 210, 216, 426
1120974.3.peg.2740.site.2, 210, 216, 426
1120974.3.peg.2740.site.3, 199, 215, 414
1120974.3.peg.2740.site.4, 211, 216, 427
1120974.3.peg.2740.site.5, 200, 216, 416
1120974.3.peg.2740.site.6, 200, 216, 416
1120974.3.peg.2740.site.7, 4, 213, 217
1120974.3.peg.2740.site.8, 5, 216, 221
1120974.3.peg.2740.site.9, 5, 214, 219
1120974.3.peg.2740.site.10, 5, 214, 219
1120974.3.peg.2740.site.11, 198, 214, 412
1120974.3.peg.2740.site.12, 196, 212, 408
1120974.3.peg.2740.site.13, 100, 197, 297
1120974.3.peg.2740.site.14, 169, 185, 354
1120974.3.peg.2740.site.15, 8, 205, 213
1120974.3.peg.2740.site.16, 116, 211, 327
1120974.3.peg.2740.site.17, 4, 215, 219
1120974.3.peg.2740.site.18, 113, 209, 322
1120974.3.peg.2740.site.19, 208, 213, 421
1120974.3.peg.2740.site.20, 205, 216, 421
1120974.3.peg.2740.site.21, 198, 214, 412
1120974.3.peg.2740.site.22, 198, 212, 410
1120974.3.peg.2740.site.23, 198, 214, 412
1120974.3.peg.2740.site.24, 199, 215, 414
1120974.3.peg.2740.site.25, 4, 216, 220
1120974.3.peg.2740.site.26, 199, 215, 414
1120974.3.peg.2740.site.27, 199, 215, 414
1120974.3.peg.2740.site.28, 0, 215, 215
1120974.3.peg.2740.site.29, 200, 216, 416
1120974.3.peg.2740.site.30, 199, 215, 414
1120974.3.peg.2740.site.31, 199, 215, 414
1120974.3.peg.2740.site.32, 0, 216, 216
1120974.3.peg.2741.site.1, 184, 211, 395
1120974.3.peg.2741.site.2, 0, 216, 216
1120974.3.peg.2741.site.3, 0, 216, 216
1120974.3.peg.2741.site.4, 0, 214, 214
1120974.3.peg.2741.site.5, 1, 216, 217
1120974.3.peg.2741.site.6, 4, 214, 218
1120974.3.peg.2741.site.7, 0, 214, 214
1120974.3.peg.2741.site.8, 0, 216, 216
1120974.3.peg.2741.site.9, 114, 208, 322
1120974.3.peg.2741.site.10, 112, 210, 322
1120974.3.peg.2741.site.11, 112, 210, 322
1120974.3.peg.2741.site.12, 65, 213, 278
1120974.3.peg.2741.site.13, 182, 214, 396
1120974.3.peg.2741.site.14, 0, 216, 216
1120974.3.peg.2741.site.15, 63, 213, 276
1120974.3.peg.2741.site.16, 111, 208, 319
1120974.3.peg.2741.site.17, 0, 206, 206
1120974.3.peg.2741.site.18, 1, 191, 192
1120974.3.peg.2741.site.19, 0, 205, 205
1120974.3.peg.2741.site.20, 212, 214, 426
1120974.3.peg.2741.site.21, 74, 108, 182
1120974.3.peg.2741.site.22, 28, 43, 71
1120974.3.peg.2741.site.23, 19, 53, 72
1120974.3.peg.2741.site.24, 27, 61, 88
1120974.3.peg.2741.site.25, 34, 68, 102
1120974.3.peg.2741.site.26, 130, 164, 294
1120974.3.peg.2741.site.27, 0, 212, 212
1120974.3.peg.2741.site.28, 190, 212, 402
1120974.3.peg.2741.site.29, 24, 213, 237
1120974.3.peg.2741.site.30, 0, 216, 216
1120974.3.peg.2741.site.31, 154, 210, 364
1120974.3.peg.2741.site.32, 22, 206, 228
1120974.3.peg.2741.site.33, 146, 203, 349
1120974.3.peg.2741.site.34, 25, 198, 223
1120974.3.peg.2741.site.35, 0, 216, 216
1120974.3.peg.2741.site.36, 203, 205, 408
1120974.3.peg.2741.site.37, 4, 216, 220
1120974.3.peg.2741.site.38, 180, 211, 391
1120974.3.peg.2741.site.39, 186, 213, 399
1120974.3.peg.2741.site.40, 2, 212, 214
1120974.3.peg.2741.site.41, 156, 204, 360
1120974.3.peg.2741.site.42, 190, 212, 402
1120974.3.peg.2741.site.43, 0, 212, 212
1120974.3.peg.2741.site.44, 186, 210, 396
1120974.3.peg.2742.site.1, 1, 213, 214
1120974.3.peg.2742.site.2, 1, 212, 213
1120974.3.peg.2742.site.3, 209, 211, 420
1120974.3.peg.2742.site.4, 156, 206, 362
1120974.3.peg.2742.site.5, 185, 210, 395
1120974.3.peg.2742.site.6, 185, 211, 396
1120974.3.peg.2742.site.7, 5, 210, 215
1120974.3.peg.2742.site.8, 189, 210, 399
1120974.3.peg.2742.site.9, 3, 212, 215
1120974.3.peg.2742.site.10, 28, 210, 238
1120974.3.peg.2742.site.11, 1, 212, 213
1120974.3.peg.2742.site.12, 1, 212, 213
1120974.3.peg.2742.site.13, 32, 211, 243
1120974.3.peg.2742.site.14, 3, 214, 217
1120974.3.peg.2742.site.15, 29, 210, 239
1120974.3.peg.2742.site.16, 212, 212, 424
1120974.3.peg.2742.site.17, 13, 173, 186
1120974.3.peg.2742.site.18, 60, 79, 139
1120974.3.peg.2743.site.1, 8, 177, 185
1120974.3.peg.2743.site.2, 156, 174, 330
1120974.3.peg.2743.site.3, 168, 184, 352
1120974.3.peg.2743.site.4, 14, 149, 163
1120974.3.peg.2743.site.5, 128, 128, 256
1120974.3.peg.2743.site.6, 57, 79, 136
1120974.3.peg.2743.site.7, 17, 38, 55
1120974.3.peg.2743.site.8, 9, 27, 36
1120974.3.peg.2743.site.9, 30, 51, 81
1120974.3.peg.2743.site.10, 2, 143, 145
1120974.3.peg.2743.site.11, 0, 197, 197
1120974.3.peg.2743.site.12, 180, 197, 377
1120974.3.peg.2743.site.13, 1, 208, 209
1120974.3.peg.2743.site.14, 1, 204, 205
1120974.3.peg.2743.site.15, 0, 208, 208
1120974.3.peg.2743.site.16, 189, 205, 394
1120974.3.peg.2743.site.17, 0, 185, 185
1120974.3.peg.2743.site.18, 103, 157, 260
1120974.3.peg.2743.site.19, 103, 154, 257
1120974.3.peg.2743.site.20, 17, 74, 91
1120974.3.peg.2743.site.21, 15, 72, 87
1120974.3.peg.2743.site.22, 0, 57, 57
1120974.3.peg.2749.site.1, 4, 194, 198
1120974.3.peg.2749.site.2, 34, 84, 118
1120974.3.peg.2749.site.3, 2, 72, 74
1120974.3.peg.2749.site.4, 1, 51, 52
1120974.3.peg.2749.site.5, 2, 48, 50
1120974.3.peg.2749.site.6, 18, 45, 63
1120974.3.peg.2749.site.7, 53, 86, 139
1120974.3.peg.2749.site.8, 22, 141, 163
1120974.3.peg.2749.site.9, 26, 192, 218
1120974.3.peg.2749.site.10, 2, 203, 205
1120974.3.peg.2749.site.11, 4, 197, 201
1120974.3.peg.2749.site.12, 162, 203, 365
1120974.3.peg.2749.site.13, 182, 193, 375
1120974.3.peg.2749.site.14, 133, 172, 305
1120974.3.peg.2749.site.15, 120, 158, 278
1120974.3.peg.2749.site.16, 143, 181, 324
1120974.3.peg.2749.site.17, 8, 180, 188
1120974.3.peg.2749.site.18, 114, 154, 268
1120974.3.peg.2749.site.19, 49, 91, 140
1120974.3.peg.2749.site.20, 9, 44, 53
1120974.3.peg.2749.site.21, 13, 58, 71
1120974.3.peg.2749.site.22, 20, 60, 80
1120974.3.peg.2749.site.23, 111, 153, 264
1120974.3.peg.2749.site.24, 155, 196, 351
1120974.3.peg.2749.site.25, 161, 203, 364
1120974.3.peg.2749.site.26, 161, 207, 368
1120974.3.peg.2749.site.27, 4, 209, 213
1120974.3.peg.2749.site.28, 53, 92, 145
1120974.3.peg.2749.site.29, 36, 70, 106
1120974.3.peg.2749.site.30, 29, 48, 77
1120974.3.peg.2749.site.31, 40, 47, 87
1120974.3.peg.2749.site.32, 36, 81, 117
1120974.3.peg.2749.site.33, 78, 122, 200
1120974.3.peg.2749.site.34, 7, 189, 196
1120974.3.peg.2749.site.35, 0, 215, 215
1120974.3.peg.2749.site.36, 6, 214, 220
1120974.3.peg.2749.site.37, 6, 214, 220
1120974.3.peg.2749.site.38, 4, 216, 220
1120974.3.peg.2749.site.39, 0, 210, 210
1120974.3.peg.2749.site.40, 80, 119, 199
1120974.3.peg.2749.site.41, 4, 52, 56
1120974.3.peg.2749.site.42, 19, 77, 96
1120974.3.peg.2588.site.1, 1, 22, 23
1120974.3.peg.2588.site.2, 34, 55, 89
1120974.3.peg.2588.site.3, 34, 55, 89
1120974.3.peg.2588.site.4, 93, 166, 259
1120974.3.peg.2588.site.5, 56, 176, 232
1120974.3.peg.2588.site.6, 14, 210, 224
1120974.3.peg.2588.site.7, 191, 193, 384
1120974.3.peg.2588.site.8, 112, 187, 299
1120974.3.peg.2588.site.9, 9, 214, 223
1120974.3.peg.2588.site.10, 125, 209, 334
1120974.3.peg.2588.site.11, 3, 213, 216
1120974.3.peg.2588.site.12, 13, 214, 227
1120974.3.peg.2588.site.13, 207, 214, 421
1120974.3.peg.2588.site.14, 120, 192, 312
1120974.3.peg.2588.site.15, 12, 205, 217
1120974.3.peg.2588.site.16, 155, 201, 356
1120974.3.peg.2588.site.17, 156, 201, 357
1120974.3.peg.2588.site.18, 1, 203, 204
1120974.3.peg.2582.site.1, 132, 205, 337
1120974.3.peg.2582.site.2, 172, 213, 385
1120974.3.peg.2582.site.3, 0, 214, 214
1120974.3.peg.2582.site.4, 36, 214, 250
1120974.3.peg.2582.site.5, 148, 210, 358
1120974.3.peg.2582.site.6, 212, 214, 426
1120974.3.peg.2582.site.7, 13, 215, 228
1120974.3.peg.2582.site.8, 213, 215, 428
1120974.3.peg.2582.site.9, 150, 212, 362
1120974.3.peg.2582.site.10, 2, 216, 218
1120974.3.peg.2582.site.11, 18, 212, 230
1120974.3.peg.2582.site.12, 146, 208, 354
1120974.3.peg.2582.site.13, 145, 207, 352
1120974.3.peg.2582.site.14, 143, 205, 348
1120974.3.peg.2582.site.15, 151, 212, 363
1120974.3.peg.2582.site.16, 7, 213, 220
1120974.3.peg.2582.site.17, 47, 212, 259
1120974.3.peg.2582.site.18, 117, 208, 325
1120974.3.peg.2582.site.19, 115, 205, 320
1120974.3.peg.2582.site.20, 0, 213, 213
1120974.3.peg.2582.site.21, 116, 208, 324
1120974.3.peg.2582.site.22, 116, 206, 322
1120974.3.peg.2582.site.23, 118, 209, 327
1120974.3.peg.2582.site.24, 118, 211, 329
1120974.3.peg.2583.site.1, 118, 207, 325
1120974.3.peg.2580.site.1, 18, 73, 91
1120974.3.peg.2580.site.2, 36, 195, 231
1120974.3.peg.2580.site.3, 118, 208, 326
1120974.3.peg.2580.site.4, 118, 210, 328
1120974.3.peg.2580.site.5, 3, 213, 216
1120974.3.peg.2580.site.6, 99, 184, 283
1120974.3.peg.2580.site.7, 1, 194, 195
1120974.3.peg.2580.site.8, 1, 196, 197
1120974.3.peg.2580.site.9, 97, 170, 267
1120974.3.peg.2580.site.10, 1, 183, 184
1120974.3.peg.2580.site.11, 1, 198, 199
1120974.3.peg.2580.site.12, 188, 200, 388
1120974.3.peg.2580.site.13, 0, 204, 204
1120974.3.peg.2580.site.14, 4, 212, 216
1120974.3.peg.2580.site.15, 103, 206, 309
1120974.3.peg.2580.site.16, 100, 205, 305
1120974.3.peg.2580.site.17, 118, 209, 327
1120974.3.peg.2580.site.18, 0, 213, 213
1120974.3.peg.2580.site.19, 107, 208, 315
1120974.3.peg.2580.site.20, 104, 203, 307
1120974.3.peg.2580.site.21, 0, 204, 204
1120974.3.peg.2581.site.1, 0, 216, 216
1120974.3.peg.2581.site.2, 106, 210, 316
1120974.3.peg.2581.site.3, 0, 215, 215
1120974.3.peg.2581.site.4, 0, 211, 211
1120974.3.peg.2581.site.5, 98, 203, 301
1120974.3.peg.2581.site.6, 3, 106, 109
1120974.3.peg.2581.site.7, 119, 121, 240
1120974.3.peg.2581.site.8, 32, 132, 164
1120974.3.peg.2581.site.9, 0, 202, 202
1120974.3.peg.2581.site.10, 201, 203, 404
1120974.3.peg.2581.site.11, 65, 162, 227
1120974.3.peg.2581.site.12, 10, 90, 100
1120974.3.peg.2581.site.13, 0, 87, 87
1120974.3.peg.2581.site.14, 5, 84, 89
1120974.3.peg.2581.site.15, 2, 92, 94
1120974.3.peg.2581.site.16, 2, 102, 104
1120974.3.peg.2581.site.17, 0, 196, 196
1120974.3.peg.2586.site.1, 211, 212, 423
1120974.3.peg.2586.site.2, 135, 207, 342
1120974.3.peg.2586.site.3, 43, 110, 153
1120974.3.peg.2586.site.4, 73, 75, 148
1120974.3.peg.2586.site.5, 72, 74, 146
1120974.3.peg.2586.site.6, 0, 75, 75
1120974.3.peg.2586.site.7, 3, 17, 20
1120974.3.peg.2584.site.1, 0, 213, 213
1120974.3.peg.2584.site.2, 160, 170, 330
1120974.3.peg.2584.site.3, 0, 215, 215
1120974.3.peg.2584.site.4, 14, 213, 227
1120974.3.peg.2584.site.5, 80, 181, 261
1120974.3.peg.2584.site.6, 61, 165, 226
1120974.3.peg.2584.site.7, 104, 202, 306
1120974.3.peg.2584.site.8, 111, 208, 319
1120974.3.peg.2584.site.9, 137, 208, 345
1120974.3.peg.2584.site.10, 115, 206, 321
1120974.3.peg.2584.site.11, 113, 205, 318
1120974.3.peg.2584.site.12, 117, 208, 325
1120974.3.peg.2584.site.13, 116, 206, 322
1120974.3.peg.2584.site.14, 3, 213, 216
1120974.3.peg.2584.site.15, 134, 204, 338
1120974.3.peg.2584.site.16, 128, 200, 328
1120974.3.peg.2584.site.17, 124, 196, 320
1120974.3.peg.2584.site.18, 120, 192, 312
1120974.3.peg.2584.site.19, 137, 210, 347
1120974.3.peg.2584.site.20, 0, 215, 215
1120974.3.peg.2585.site.1, 137, 209, 346
1120974.3.peg.2585.site.2, 149, 211, 360
1120974.3.peg.2585.site.3, 10, 214, 224
1120974.3.peg.2585.site.4, 134, 210, 344
1120974.3.peg.2585.site.5, 63, 212, 275
1120974.3.peg.2585.site.6, 0, 216, 216
1120974.3.peg.2585.site.7, 0, 215, 215
1120974.3.peg.2585.site.8, 132, 206, 338
1120974.3.peg.2585.site.9, 0, 213, 213
1120974.3.peg.2585.site.10, 39, 214, 253
1120974.3.peg.2585.site.11, 135, 205, 340
1120974.3.peg.2585.site.12, 150, 206, 356
1120974.3.peg.2585.site.13, 137, 207, 344
1120974.3.peg.2343.site.1, 1, 213, 214
1120974.3.peg.2343.site.2, 0, 212, 212
1120974.3.peg.2343.site.3, 0, 212, 212
1120974.3.peg.2343.site.4, 35, 212, 247
1120974.3.peg.2343.site.5, 3, 213, 216
1120974.3.peg.2343.site.6, 35, 211, 246
1120974.3.peg.2343.site.7, 121, 210, 331
1120974.3.peg.2343.site.8, 213, 213, 426
1120974.3.peg.2343.site.9, 10, 211, 221
1120974.3.peg.2343.site.10, 2, 211, 213
1120974.3.peg.2343.site.11, 35, 211, 246
1120974.3.peg.2343.site.12, 35, 210, 245
1120974.3.peg.2343.site.13, 119, 208, 327
1120974.3.peg.2343.site.14, 41, 211, 252
1120974.3.peg.2343.site.15, 1, 213, 214
1120974.3.peg.2343.site.16, 4, 211, 215
1120974.3.peg.2343.site.17, 36, 210, 246
1120974.3.peg.2343.site.18, 4, 211, 215
1120974.3.peg.2343.site.19, 1, 213, 214
1120974.3.peg.2343.site.20, 199, 212, 411
1120974.3.peg.2343.site.21, 0, 213, 213
1120974.3.peg.2343.site.22, 1, 215, 216
1120974.3.peg.2343.site.23, 0, 215, 215
1120974.3.peg.2343.site.24, 13, 214, 227
1120974.3.peg.2343.site.25, 215, 215, 430
1120974.3.peg.2343.site.26, 5, 216, 221
1120974.3.peg.2343.site.27, 212, 216, 428
1120974.3.peg.2343.site.28, 97, 211, 308
1120974.3.peg.2343.site.29, 50, 211, 261
1120974.3.peg.2344.site.1, 216, 216, 432
1120974.3.peg.2344.site.2, 0, 212, 212
1120974.3.peg.2344.site.3, 92, 212, 304
1120974.3.peg.2344.site.4, 3, 216, 219
1120974.3.peg.2344.site.5, 0, 215, 215
1120974.3.peg.2344.site.6, 4, 216, 220
1120974.3.peg.2344.site.7, 0, 216, 216
1120974.3.peg.2344.site.8, 189, 212, 401
1120974.3.peg.2344.site.9, 21, 213, 234
1120974.3.peg.2344.site.10, 103, 210, 313
1120974.3.peg.2344.site.11, 101, 209, 310
1120974.3.peg.2344.site.12, 0, 215, 215
1120974.3.peg.2344.site.13, 4, 214, 218
1120974.3.peg.2344.site.14, 0, 213, 213
1120974.3.peg.2344.site.15, 98, 206, 304
1120974.3.peg.2344.site.16, 0, 216, 216
1120974.3.peg.2344.site.17, 0, 215, 215
1120974.3.peg.2344.site.18, 1, 216, 217
1120974.3.peg.2344.site.19, 0, 215, 215
1120974.3.peg.2344.site.20, 2, 216, 218
1120974.3.peg.2344.site.21, 7, 215, 222
1120974.3.peg.2344.site.22, 2, 216, 218
1120974.3.peg.2344.site.23, 7, 214, 221
1120974.3.peg.2344.site.24, 1, 216, 217
1120974.3.peg.2344.site.25, 2, 216, 218
1120974.3.peg.2344.site.26, 112, 209, 321
1120974.3.peg.2344.site.27, 4, 216, 220
1120974.3.peg.2344.site.28, 4, 216, 220
1120974.3.peg.2344.site.29, 0, 215, 215
1120974.3.peg.2344.site.30, 4, 215, 219
1120974.3.peg.2344.site.31, 1, 213, 214
1120974.3.peg.2344.site.32, 3, 215, 218
1120974.3.peg.2344.site.33, 4, 216, 220
1120974.3.peg.2344.site.34, 4, 216, 220
1120974.3.peg.2344.site.35, 2, 214, 216
1120974.3.peg.2344.site.36, 1, 212, 213
1120974.3.peg.2344.site.37, 1, 210, 211
1120974.3.peg.2344.site.38, 89, 206, 295
1120974.3.peg.2344.site.39, 5, 209, 214
1120974.3.peg.2344.site.40, 7, 208, 215
1120974.3.peg.2344.site.41, 4, 210, 214
1120974.3.peg.2344.site.42, 114, 200, 314
1120974.3.peg.2344.site.43, 1, 216, 217
1120974.3.peg.2344.site.44, 211, 213, 424
1120974.3.peg.2344.site.45, 3, 216, 219
1120974.3.peg.2344.site.46, 202, 211, 413
1120974.3.peg.2344.site.47, 106, 209, 315
1120974.3.peg.2345.site.1, 88, 211, 299
1120974.3.peg.2345.site.2, 0, 215, 215
1120974.3.peg.2345.site.3, 1, 215, 216
1120974.3.peg.2345.site.4, 77, 209, 286
1120974.3.peg.2345.site.5, 82, 211, 293
1120974.3.peg.2345.site.6, 4, 213, 217
1120974.3.peg.2345.site.7, 0, 214, 214
1120974.3.peg.2345.site.8, 1, 212, 213
1120974.3.peg.2345.site.9, 0, 212, 212
1120974.3.peg.2345.site.10, 0, 211, 211
1120974.3.peg.2345.site.11, 1, 212, 213
1120974.3.peg.2345.site.12, 1, 210, 211
1120974.3.peg.2345.site.13, 0, 216, 216
1120974.3.peg.2345.site.14, 0, 215, 215
1120974.3.peg.2345.site.15, 0, 215, 215
1120974.3.peg.2345.site.16, 0, 215, 215
1120974.3.peg.2345.site.17, 2, 215, 217
1120974.3.peg.2345.site.18, 157, 213, 370
1120974.3.peg.2345.site.19, 2, 216, 218
1120974.3.peg.2345.site.20, 0, 216, 216
1120974.3.peg.2345.site.21, 1, 216, 217
1120974.3.peg.2345.site.22, 4, 213, 217
1120974.3.peg.2345.site.23, 1, 208, 209
1120974.3.peg.2345.site.24, 2, 215, 217
1120974.3.peg.2345.site.25, 149, 212, 361
1120974.3.peg.2345.site.26, 1, 216, 217
1120974.3.peg.2345.site.27, 150, 213, 363
1120974.3.peg.2345.site.28, 8, 215, 223
1120974.3.peg.2345.site.29, 0, 215, 215
1120974.3.peg.2345.site.30, 1, 214, 215
1120974.3.peg.2345.site.31, 215, 215, 430
1120974.3.peg.2345.site.32, 157, 215, 372
1120974.3.peg.2345.site.33, 43, 215, 258
1120974.3.peg.2345.site.34, 144, 211, 355
1120974.3.peg.2345.site.35, 148, 211, 359
1120974.3.peg.2345.site.36, 20, 215, 235
1120974.3.peg.2345.site.37, 0, 215, 215
1120974.3.peg.2345.site.38, 0, 211, 211
1120974.3.peg.2346.site.1, 149, 211, 360
1120974.3.peg.2346.site.2, 147, 208, 355
1120974.3.peg.2346.site.3, 148, 208, 356
1120974.3.peg.2346.site.4, 67, 203, 270
1120974.3.peg.2346.site.5, 3, 214, 217
1120974.3.peg.2346.site.6, 0, 215, 215
1120974.3.peg.2346.site.7, 162, 210, 372
1120974.3.peg.2346.site.8, 3, 215, 218
1120974.3.peg.2346.site.9, 38, 215, 253
1120974.3.peg.2346.site.10, 39, 214, 253
1120974.3.peg.2346.site.11, 142, 211, 353
1120974.3.peg.2346.site.12, 148, 209, 357
1120974.3.peg.2346.site.13, 119, 190, 309
1120974.3.peg.2346.site.14, 112, 183, 295
1120974.3.peg.2346.site.15, 11, 198, 209
1120974.3.peg.2346.site.16, 129, 199, 328
1120974.3.peg.2346.site.17, 149, 210, 359
1120974.3.peg.2346.site.18, 142, 212, 354
1120974.3.peg.2346.site.19, 8, 215, 223
1120974.3.peg.2346.site.20, 38, 213, 251
1120974.3.peg.2346.site.21, 0, 216, 216
1120974.3.peg.2346.site.22, 0, 216, 216
1120974.3.peg.2346.site.23, 46, 210, 256
1120974.3.peg.2346.site.24, 201, 214, 415
1120974.3.peg.2346.site.25, 0, 215, 215
1120974.3.peg.2346.site.26, 206, 214, 420
1120974.3.peg.2346.site.27, 1, 216, 217
1120974.3.peg.2346.site.28, 124, 210, 334
1120974.3.peg.2346.site.29, 121, 209, 330
1120974.3.peg.2346.site.30, 181, 207, 388
1120974.3.peg.2346.site.31, 182, 209, 391
1120974.3.peg.2346.site.32, 1, 215, 216
1120974.3.peg.2346.site.33, 127, 210, 337
1120974.3.peg.2346.site.34, 3, 212, 215
1120974.3.peg.2346.site.35, 0, 205, 205
1120974.3.peg.2346.site.36, 1, 214, 215
1120974.3.peg.2346.site.37, 0, 207, 207
1120974.3.peg.2346.site.38, 0, 210, 210
1120974.3.peg.2346.site.39, 69, 210, 279
1120974.3.peg.2346.site.40, 0, 214, 214
1120974.3.peg.2346.site.41, 2, 209, 211
1120974.3.peg.2346.site.42, 14, 209, 223
1120974.3.peg.2346.site.43, 0, 208, 208
1120974.3.peg.2346.site.44, 113, 201, 314
1120974.3.peg.2346.site.45, 5, 215, 220
1120974.3.peg.2346.site.46, 209, 214, 423
1120974.3.peg.2346.site.47, 213, 214, 427
1120974.3.peg.2346.site.48, 98, 209, 307
1120974.3.peg.2346.site.49, 6, 213, 219
1120974.3.peg.2346.site.50, 4, 213, 217
1120974.3.peg.2346.site.51, 4, 213, 217
1120974.3.peg.2346.site.52, 110, 208, 318
1120974.3.peg.2346.site.53, 0, 214, 214
1120974.3.peg.2346.site.54, 0, 214, 214
1120974.3.peg.2346.site.55, 0, 215, 215
1120974.3.peg.2346.site.56, 1, 210, 211
1120974.3.peg.2346.site.57, 4, 208, 212
1120974.3.peg.2347.site.1, 2, 215, 217
1120974.3.peg.2347.site.2, 3, 214, 217
1120974.3.peg.2347.site.3, 203, 214, 417
1120974.3.peg.2347.site.4, 7, 215, 222
1120974.3.peg.2347.site.5, 109, 210, 319
1120974.3.peg.2347.site.6, 0, 206, 206
1120974.3.peg.2347.site.7, 15, 198, 213
1120974.3.peg.2347.site.8, 1, 195, 196
1120974.3.peg.2347.site.9, 2, 209, 211
1120974.3.peg.2347.site.10, 125, 211, 336
1120974.3.peg.2347.site.11, 139, 212, 351
1120974.3.peg.2347.site.12, 2, 216, 218
1120974.3.peg.2347.site.13, 140, 207, 347
1120974.3.peg.2347.site.14, 113, 204, 317
1120974.3.peg.2347.site.15, 4, 212, 216
1120974.3.peg.2347.site.16, 121, 210, 331
1120974.3.peg.2347.site.17, 0, 216, 216
1120974.3.peg.2347.site.18, 2, 216, 218
1120974.3.peg.2347.site.19, 187, 214, 401
1120974.3.peg.2347.site.20, 67, 209, 276
1120974.3.peg.2347.site.21, 4, 213, 217
1120974.3.peg.2347.site.22, 182, 207, 389
1120974.3.peg.2347.site.23, 54, 198, 252
1120974.3.peg.2347.site.24, 3, 133, 136
1120974.3.peg.2347.site.25, 115, 128, 243
1120974.3.peg.2347.site.26, 0, 130, 130
1120974.3.peg.2347.site.27, 0, 140, 140
1120974.3.peg.2347.site.28, 1, 185, 186
1120974.3.peg.2347.site.29, 6, 186, 192
1120974.3.peg.2347.site.30, 11, 190, 201
1120974.3.peg.2347.site.31, 11, 180, 191
1120974.3.peg.2347.site.32, 42, 71, 113
1120974.3.peg.2347.site.33, 18, 18, 36
1120974.3.peg.2347.site.34, 1, 110, 111
1120974.3.peg.2347.site.35, 1, 145, 146
1120974.3.peg.2347.site.36, 1, 149, 150
1120974.3.peg.2347.site.37, 2, 211, 213
1120974.3.peg.2347.site.38, 124, 202, 326
1120974.3.peg.2347.site.39, 68, 209, 277
1120974.3.peg.2347.site.40, 7, 215, 222
1120974.3.peg.2347.site.41, 210, 216, 426
1120974.3.peg.2347.site.42, 8, 215, 223
1120974.3.peg.2347.site.43, 64, 215, 279
1120974.3.peg.2347.site.44, 3, 215, 218
1120974.3.peg.2347.site.45, 12, 215, 227
1120974.3.peg.2347.site.46, 64, 214, 278
1120974.3.peg.2347.site.47, 13, 215, 228
1120974.3.peg.2347.site.48, 9, 216, 225
1120974.3.peg.2347.site.49, 195, 215, 410
1120974.3.peg.2347.site.50, 0, 215, 215
1120974.3.peg.2347.site.51, 1, 215, 216
1120974.3.peg.2347.site.52, 2, 215, 217
1120974.3.peg.2347.site.53, 193, 213, 406
1120974.3.peg.2347.site.54, 64, 215, 279
1120974.3.peg.2347.site.55, 1, 215, 216
1120974.3.peg.2347.site.56, 193, 213, 406
1120974.3.peg.2347.site.57, 1, 155, 156
1120974.3.peg.2347.site.58, 125, 210, 335
1120974.3.peg.3167.site.1, 4, 214, 218
1120974.3.peg.3167.site.2, 117, 205, 322
1120974.3.peg.3167.site.3, 0, 211, 211
1120974.3.peg.3167.site.4, 0, 216, 216
1120974.3.peg.3167.site.5, 44, 214, 258
1120974.3.peg.3167.site.6, 35, 214, 249
1120974.3.peg.3167.site.7, 0, 215, 215
1120974.3.peg.3167.site.8, 1, 213, 214
1120974.3.peg.3167.site.9, 197, 211, 408
1120974.3.peg.3167.site.10, 10, 213, 223
1120974.3.peg.3167.site.11, 35, 209, 244
1120974.3.peg.3167.site.12, 184, 184, 368
1120974.3.peg.3167.site.13, 198, 198, 396
1120974.3.peg.3167.site.14, 207, 211, 418
1120974.3.peg.3167.site.15, 149, 202, 351
1120974.3.peg.3167.site.16, 147, 201, 348
1120974.3.peg.3166.site.1, 8, 209, 217
1120974.3.peg.3166.site.2, 155, 211, 366
1120974.3.peg.3166.site.3, 167, 211, 378
1120974.3.peg.3166.site.4, 201, 215, 416
1120974.3.peg.3166.site.5, 178, 213, 391
1120974.3.peg.3166.site.6, 5, 214, 219
1120974.3.peg.3166.site.7, 5, 216, 221
1120974.3.peg.3166.site.8, 0, 215, 215
1120974.3.peg.3166.site.9, 163, 214, 377
1120974.3.peg.3166.site.10, 163, 211, 374
1120974.3.peg.3166.site.11, 164, 213, 377
1120974.3.peg.3166.site.12, 4, 216, 220
1120974.3.peg.3166.site.13, 1, 216, 217
1120974.3.peg.3166.site.14, 203, 212, 415
1120974.3.peg.3166.site.15, 4, 214, 218
1120974.3.peg.3166.site.16, 2, 216, 218
1120974.3.peg.3166.site.17, 178, 204, 382
1120974.3.peg.3166.site.18, 0, 207, 207
1120974.3.peg.3166.site.19, 4, 215, 219
1120974.3.peg.3166.site.20, 3, 216, 219
1120974.3.peg.3166.site.21, 0, 216, 216
1120974.3.peg.3166.site.22, 5, 216, 221
1120974.3.peg.3165.site.1, 9, 208, 217
1120974.3.peg.3165.site.2, 160, 203, 363
1120974.3.peg.3165.site.3, 8, 198, 206
1120974.3.peg.3165.site.4, 1, 195, 196
1120974.3.peg.3165.site.5, 1, 190, 191
1120974.3.peg.3165.site.6, 9, 204, 213
1120974.3.peg.3165.site.7, 0, 206, 206
1120974.3.peg.3165.site.8, 0, 205, 205
1120974.3.peg.3165.site.9, 2, 211, 213
1120974.3.peg.3165.site.10, 2, 213, 215
1120974.3.peg.3165.site.11, 176, 213, 389
1120974.3.peg.3165.site.12, 2, 213, 215
1120974.3.peg.3165.site.13, 13, 212, 225
1120974.3.peg.3165.site.14, 1, 212, 213
1120974.3.peg.3165.site.15, 2, 215, 217
1120974.3.peg.3165.site.16, 2, 216, 218
1120974.3.peg.3165.site.17, 206, 216, 422
1120974.3.peg.3165.site.18, 6, 214, 220
1120974.3.peg.3165.site.19, 0, 215, 215
1120974.3.peg.3165.site.20, 4, 213, 217
1120974.3.peg.3165.site.21, 169, 210, 379
1120974.3.peg.3165.site.22, 0, 211, 211
1120974.3.peg.3165.site.23, 4, 211, 215
1120974.3.peg.3165.site.24, 4, 215, 219
1120974.3.peg.3165.site.25, 4, 216, 220
1120974.3.peg.3165.site.26, 2, 210, 212
1120974.3.peg.3165.site.27, 3, 213, 216
1120974.3.peg.3165.site.28, 1, 214, 215
1120974.3.peg.3165.site.29, 0, 215, 215
1120974.3.peg.3165.site.30, 1, 216, 217
1120974.3.peg.3165.site.31, 0, 216, 216
1120974.3.peg.3165.site.32, 0, 215, 215
1120974.3.peg.3165.site.33, 1, 215, 216
1120974.3.peg.3165.site.34, 198, 214, 412
1120974.3.peg.3165.site.35, 177, 213, 390
1120974.3.peg.3165.site.36, 4, 215, 219
1120974.3.peg.3165.site.37, 169, 211, 380
1120974.3.peg.3165.site.38, 14, 213, 227
1120974.3.peg.3165.site.39, 162, 210, 372
1120974.3.peg.3165.site.40, 200, 211, 411
1120974.3.peg.3165.site.41, 149, 205, 354
1120974.3.peg.3165.site.42, 197, 212, 409
1120974.3.peg.3165.site.43, 31, 211, 242
1120974.3.peg.3164.site.1, 2, 215, 217
1120974.3.peg.3164.site.2, 0, 200, 200
1120974.3.peg.3164.site.3, 5, 199, 204
1120974.3.peg.3164.site.4, 0, 200, 200
1120974.3.peg.3164.site.5, 2, 201, 203
1120974.3.peg.3164.site.6, 177, 199, 376
1120974.3.peg.3164.site.7, 0, 201, 201
1120974.3.peg.3164.site.8, 0, 200, 200
1120974.3.peg.3164.site.9, 2, 200, 202
1120974.3.peg.3164.site.10, 164, 196, 360
1120974.3.peg.3164.site.11, 180, 198, 378
1120974.3.peg.3164.site.12, 1, 200, 201
1120974.3.peg.3164.site.13, 1, 200, 201
1120974.3.peg.3164.site.14, 183, 199, 382
1120974.3.peg.3164.site.15, 181, 197, 378
1120974.3.peg.3164.site.16, 167, 197, 364
1120974.3.peg.3164.site.17, 0, 200, 200
1120974.3.peg.3164.site.18, 0, 200, 200
1120974.3.peg.3164.site.19, 161, 196, 357
1120974.3.peg.3164.site.20, 162, 195, 357
1120974.3.peg.3163.site.1, 4, 214, 218
1120974.3.peg.3163.site.2, 84, 207, 291
1120974.3.peg.3163.site.3, 0, 213, 213
1120974.3.peg.3163.site.4, 0, 208, 208
1120974.3.peg.3163.site.5, 110, 213, 323
1120974.3.peg.3163.site.6, 0, 215, 215
1120974.3.peg.3163.site.7, 105, 208, 313
1120974.3.peg.3163.site.8, 4, 213, 217
1120974.3.peg.3163.site.9, 0, 216, 216
1120974.3.peg.3163.site.10, 83, 210, 293
1120974.3.peg.3163.site.11, 0, 215, 215
1120974.3.peg.3163.site.12, 205, 211, 416
1120974.3.peg.3163.site.13, 0, 212, 212
1120974.3.peg.3163.site.14, 3, 215, 218
1120974.3.peg.3163.site.15, 0, 215, 215
1120974.3.peg.3163.site.16, 0, 203, 203
1120974.3.peg.3163.site.17, 191, 216, 407
1120974.3.peg.3163.site.18, 14, 215, 229
1120974.3.peg.3163.site.19, 0, 213, 213
1120974.3.peg.3163.site.20, 25, 213, 238
1120974.3.peg.3163.site.21, 0, 215, 215
1120974.3.peg.3163.site.22, 14, 216, 230
1120974.3.peg.3163.site.23, 18, 216, 234
1120974.3.peg.3163.site.24, 1, 216, 217
1120974.3.peg.3163.site.25, 191, 215, 406
1120974.3.peg.3163.site.26, 0, 215, 215
1120974.3.peg.3163.site.27, 191, 215, 406
1120974.3.peg.3162.site.1, 0, 216, 216
1120974.3.peg.3162.site.2, 0, 216, 216
1120974.3.peg.3162.site.3, 0, 216, 216
1120974.3.peg.3162.site.4, 2, 215, 217
1120974.3.peg.3162.site.5, 108, 208, 316
1120974.3.peg.3162.site.6, 0, 214, 214
1120974.3.peg.3162.site.7, 1, 214, 215
1120974.3.peg.3162.site.8, 0, 211, 211
1120974.3.peg.3162.site.9, 79, 179, 258
1120974.3.peg.3162.site.10, 26, 126, 152
1120974.3.peg.3162.site.11, 3, 103, 106
1120974.3.peg.3162.site.12, 5, 107, 112
1120974.3.peg.3162.site.13, 37, 136, 173
1120974.3.peg.3162.site.14, 59, 154, 213
1120974.3.peg.3162.site.15, 0, 209, 209
1120974.3.peg.3162.site.16, 1, 210, 211
1120974.3.peg.3162.site.17, 85, 174, 259
1120974.3.peg.3162.site.18, 157, 158, 315
1120974.3.peg.3162.site.19, 2, 78, 80
1120974.3.peg.3162.site.20, 32, 53, 85
1120974.3.peg.3162.site.21, 34, 58, 92
1120974.3.peg.3162.site.22, 40, 64, 104
1120974.3.peg.3162.site.23, 115, 140, 255
1120974.3.peg.3162.site.24, 184, 211, 395
1120974.3.peg.3162.site.25, 189, 212, 401
1120974.3.peg.3162.site.26, 0, 215, 215
1120974.3.peg.3162.site.27, 186, 212, 398
1120974.3.peg.3162.site.28, 0, 216, 216
1120974.3.peg.3162.site.29, 186, 210, 396
1120974.3.peg.3162.site.30, 184, 212, 396
1120974.3.peg.3162.site.31, 184, 213, 397
1120974.3.peg.3162.site.32, 192, 215, 407
1120974.3.peg.3162.site.33, 203, 215, 418
1120974.3.peg.3162.site.34, 0, 215, 215
1120974.3.peg.3162.site.35, 1, 216, 217
1120974.3.peg.3162.site.36, 187, 212, 399
1120974.3.peg.3162.site.37, 187, 212, 399
1120974.3.peg.3162.site.38, 196, 214, 410
1120974.3.peg.3162.site.39, 2, 215, 217
1120974.3.peg.3162.site.40, 0, 213, 213
1120974.3.peg.3162.site.41, 1, 215, 216
1120974.3.peg.3162.site.42, 151, 209, 360
1120974.3.peg.3162.site.43, 0, 214, 214
1120974.3.peg.3162.site.44, 144, 212, 356
1120974.3.peg.3162.site.45, 109, 213, 322
1120974.3.peg.3162.site.46, 1, 216, 217
1120974.3.peg.3162.site.47, 194, 214, 408
1120974.3.peg.3162.site.48, 101, 213, 314
1120974.3.peg.3162.site.49, 0, 216, 216
1120974.3.peg.3162.site.50, 97, 205, 302
1120974.3.peg.3162.site.51, 126, 213, 339
1120974.3.peg.3162.site.52, 80, 211, 291
1120974.3.peg.3162.site.53, 1, 215, 216
1120974.3.peg.3162.site.54, 0, 216, 216
1120974.3.peg.3162.site.55, 82, 212, 294
1120974.3.peg.3162.site.56, 81, 208, 289
1120974.3.peg.3162.site.57, 0, 215, 215
1120974.3.peg.3162.site.58, 80, 207, 287
1120974.3.peg.3162.site.59, 1, 214, 215
1120974.3.peg.3162.site.60, 4, 213, 217
1120974.3.peg.3162.site.61, 1, 214, 215
1120974.3.peg.3162.site.62, 8, 215, 223
1120974.3.peg.3162.site.63, 85, 213, 298
1120974.3.peg.3162.site.64, 85, 213, 298
1120974.3.peg.3162.site.65, 4, 215, 219
1120974.3.peg.3162.site.66, 82, 207, 289
1120974.3.peg.3162.site.67, 83, 208, 291
1120974.3.peg.3162.site.68, 1, 213, 214
1120974.3.peg.3162.site.69, 3, 215, 218
1120974.3.peg.3162.site.70, 4, 216, 220
1120974.3.peg.3162.site.71, 4, 216, 220
1120974.3.peg.3162.site.72, 1, 214, 215
1120974.3.peg.3181.site.1, 2, 186, 188
1120974.3.peg.3181.site.2, 1, 199, 200
1120974.3.peg.3181.site.3, 4, 195, 199
1120974.3.peg.3181.site.4, 102, 205, 307
1120974.3.peg.3181.site.5, 80, 210, 290
1120974.3.peg.3181.site.6, 106, 209, 315
1120974.3.peg.3181.site.7, 102, 206, 308
1120974.3.peg.3181.site.8, 103, 206, 309
1120974.3.peg.3181.site.9, 78, 200, 278
1120974.3.peg.3181.site.10, 0, 184, 184
1120974.3.peg.3181.site.11, 169, 190, 359
1120974.3.peg.3181.site.12, 196, 208, 404
1120974.3.peg.3181.site.13, 1, 194, 195
1120974.3.peg.3181.site.14, 76, 148, 224
1120974.3.peg.3181.site.15, 166, 167, 333
1120974.3.peg.3181.site.16, 68, 195, 263
1120974.3.peg.3181.site.17, 25, 126, 151
1120974.3.peg.3181.site.18, 9, 36, 45
1120974.3.peg.3181.site.19, 2, 129, 131
1120974.3.peg.3181.site.20, 210, 213, 423
1120974.3.peg.3181.site.21, 185, 211, 396
1120974.3.peg.3181.site.22, 212, 213, 425
1120974.3.peg.3181.site.23, 8, 212, 220
1120974.3.peg.3180.site.1, 0, 114, 114
1120974.3.peg.3180.site.2, 1, 122, 123
1120974.3.peg.3180.site.3, 0, 119, 119
1120974.3.peg.3180.site.4, 39, 172, 211
1120974.3.peg.3180.site.5, 1, 209, 210
1120974.3.peg.3180.site.6, 0, 191, 191
1120974.3.peg.3180.site.7, 2, 206, 208
1120974.3.peg.3180.site.8, 6, 194, 200
1120974.3.peg.3180.site.9, 1, 195, 196
1120974.3.peg.3180.site.10, 10, 170, 180
1120974.3.peg.3180.site.11, 2, 183, 185
1120974.3.peg.3180.site.12, 18, 188, 206
1120974.3.peg.3180.site.13, 11, 195, 206
1120974.3.peg.3180.site.14, 7, 205, 212
1120974.3.peg.3180.site.15, 146, 204, 350
1120974.3.peg.3180.site.16, 0, 216, 216
1120974.3.peg.3180.site.17, 0, 216, 216
1120974.3.peg.3183.site.1, 1, 75, 76
1120974.3.peg.3183.site.2, 90, 99, 189
1120974.3.peg.3183.site.3, 90, 111, 201
1120974.3.peg.3183.site.4, 125, 131, 256
1120974.3.peg.3183.site.5, 0, 152, 152
1120974.3.peg.3183.site.6, 66, 174, 240
1120974.3.peg.3183.site.7, 2, 197, 199
1120974.3.peg.3183.site.8, 4, 213, 217
1120974.3.peg.3183.site.9, 110, 209, 319
1120974.3.peg.3183.site.10, 65, 208, 273
1120974.3.peg.3183.site.11, 178, 205, 383
1120974.3.peg.3183.site.12, 174, 205, 379
1120974.3.peg.3183.site.13, 65, 205, 270
1120974.3.peg.3183.site.14, 68, 202, 270
1120974.3.peg.3183.site.15, 1, 204, 205
1120974.3.peg.3183.site.16, 13, 160, 173
1120974.3.peg.3183.site.17, 18, 142, 160
1120974.3.peg.3183.site.18, 60, 162, 222
1120974.3.peg.3183.site.19, 0, 193, 193
1120974.3.peg.3183.site.20, 73, 195, 268
1120974.3.peg.3183.site.21, 1, 207, 208
1120974.3.peg.3183.site.22, 19, 202, 221
1120974.3.peg.3183.site.23, 0, 202, 202
1120974.3.peg.3183.site.24, 70, 178, 248
1120974.3.peg.3183.site.25, 86, 189, 275
1120974.3.peg.3183.site.26, 88, 191, 279
1120974.3.peg.3183.site.27, 74, 195, 269
1120974.3.peg.3183.site.28, 37, 151, 188
1120974.3.peg.3183.site.29, 1, 107, 108
1120974.3.peg.3183.site.30, 1, 103, 104
1120974.3.peg.3183.site.31, 17, 67, 84
1120974.3.peg.3183.site.32, 9, 32, 41
1120974.3.peg.3183.site.33, 1, 24, 25
1120974.3.peg.3183.site.34, 4, 27, 31
1120974.3.peg.3183.site.35, 26, 28, 54
1120974.3.peg.3183.site.36, 32, 34, 66
1120974.3.peg.3183.site.37, 22, 140, 162
1120974.3.peg.3185.site.1, 0, 214, 214
1120974.3.peg.3185.site.2, 54, 211, 265
1120974.3.peg.3185.site.3, 12, 214, 226
1120974.3.peg.3185.site.4, 1, 213, 214
1120974.3.peg.3185.site.5, 55, 210, 265
1120974.3.peg.3185.site.6, 1, 215, 216
1120974.3.peg.3185.site.7, 134, 210, 344
1120974.3.peg.3185.site.8, 0, 215, 215
1120974.3.peg.3185.site.9, 0, 216, 216
1120974.3.peg.3184.site.1, 2, 34, 36
1120974.3.peg.3184.site.2, 2, 29, 31
1120974.3.peg.3184.site.3, 9, 28, 37
1120974.3.peg.3184.site.4, 10, 49, 59
1120974.3.peg.3184.site.5, 12, 59, 71
1120974.3.peg.3184.site.6, 164, 194, 358
1120974.3.peg.3184.site.7, 1, 206, 207
1120974.3.peg.3184.site.8, 9, 207, 216
1120974.3.peg.3184.site.9, 184, 209, 393
1120974.3.peg.3184.site.10, 210, 212, 422
1120974.3.peg.3184.site.11, 0, 211, 211
1120974.3.peg.3184.site.12, 8, 216, 224
1120974.3.peg.3184.site.13, 10, 148, 158
1120974.3.peg.3184.site.14, 125, 136, 261
1120974.3.peg.3184.site.15, 1, 139, 140
1120974.3.peg.3184.site.16, 12, 168, 180
1120974.3.peg.3184.site.17, 101, 207, 308
1120974.3.peg.3184.site.18, 0, 211, 211
1120974.3.peg.3184.site.19, 184, 209, 393
1120974.3.peg.3184.site.20, 58, 190, 248
1120974.3.peg.3184.site.21, 167, 199, 366
1120974.3.peg.3184.site.22, 6, 198, 204
1120974.3.peg.3184.site.23, 93, 190, 283
1120974.3.peg.3184.site.24, 90, 194, 284
1120974.3.peg.3184.site.25, 92, 197, 289
1120974.3.peg.3184.site.26, 93, 198, 291
1120974.3.peg.3184.site.27, 0, 206, 206
1120974.3.peg.3187.site.1, 60, 207, 267
1120974.3.peg.3187.site.2, 58, 206, 264
1120974.3.peg.3187.site.3, 196, 207, 403
1120974.3.peg.3187.site.4, 4, 209, 213
1120974.3.peg.3187.site.5, 4, 187, 191
1120974.3.peg.3187.site.6, 1, 183, 184
1120974.3.peg.3187.site.7, 53, 196, 249
1120974.3.peg.3187.site.8, 1, 150, 151
1120974.3.peg.3187.site.9, 3, 148, 151
1120974.3.peg.3187.site.10, 2, 150, 152
1120974.3.peg.3187.site.11, 0, 157, 157
1120974.3.peg.3187.site.12, 15, 158, 173
1120974.3.peg.3187.site.13, 44, 193, 237
1120974.3.peg.3187.site.14, 60, 197, 257
1120974.3.peg.3187.site.15, 59, 205, 264
1120974.3.peg.3187.site.16, 8, 207, 215
1120974.3.peg.3187.site.17, 56, 202, 258
1120974.3.peg.3187.site.18, 52, 209, 261
1120974.3.peg.3187.site.19, 57, 213, 270
1120974.3.peg.3187.site.20, 3, 216, 219
1120974.3.peg.3187.site.21, 52, 212, 264
1120974.3.peg.3187.site.22, 49, 209, 258
1120974.3.peg.3187.site.23, 0, 212, 212
1120974.3.peg.3187.site.24, 4, 211, 215
1120974.3.peg.3187.site.25, 53, 205, 258
1120974.3.peg.3187.site.26, 3, 210, 213
1120974.3.peg.3187.site.27, 0, 208, 208
1120974.3.peg.3187.site.28, 170, 181, 351
1120974.3.peg.3187.site.29, 7, 177, 184
1120974.3.peg.3187.site.30, 48, 209, 257
1120974.3.peg.3187.site.31, 197, 213, 410
1120974.3.peg.3187.site.32, 141, 212, 353
1120974.3.peg.3186.site.1, 1, 207, 208
1120974.3.peg.3186.site.2, 55, 205, 260
1120974.3.peg.3186.site.3, 205, 207, 412
1120974.3.peg.3186.site.4, 57, 209, 266
1120974.3.peg.3186.site.5, 8, 211, 219
1120974.3.peg.3186.site.6, 0, 183, 183
1120974.3.peg.3186.site.7, 55, 162, 217
1120974.3.peg.3186.site.8, 1, 212, 213
1120974.3.peg.3186.site.9, 0, 215, 215
1120974.3.peg.3186.site.10, 48, 213, 261
1120974.3.peg.3186.site.11, 14, 215, 229
1120974.3.peg.3188.site.1, 0, 215, 215
1120974.3.peg.3188.site.2, 1, 216, 217
1120974.3.peg.3188.site.3, 0, 211, 211
1120974.3.peg.3188.site.4, 0, 209, 209
1120974.3.peg.3188.site.5, 3, 207, 210
1120974.3.peg.3188.site.6, 0, 184, 184
1120974.3.peg.3188.site.7, 44, 177, 221
1120974.3.peg.3188.site.8, 189, 213, 402
1120974.3.peg.3188.site.9, 5, 214, 219
1120974.3.peg.3188.site.10, 186, 207, 393
1120974.3.peg.3188.site.11, 2, 209, 211
1120974.3.peg.3188.site.12, 188, 210, 398
1120974.3.peg.3188.site.13, 3, 213, 216
1120974.3.peg.3188.site.14, 1, 216, 217
1120974.3.peg.3188.site.15, 3, 215, 218
1120974.3.peg.3188.site.16, 4, 216, 220
1120974.3.peg.3188.site.17, 6, 216, 222
1120974.3.peg.3188.site.18, 1, 215, 216
1120974.3.peg.3188.site.19, 13, 212, 225
1120974.3.peg.3188.site.20, 14, 208, 222
1120974.3.peg.3188.site.21, 189, 213, 402
1120974.3.peg.3188.site.22, 2, 212, 214
1120974.3.peg.3188.site.23, 185, 211, 396
1120974.3.peg.3188.site.24, 0, 213, 213
1120974.3.peg.3188.site.25, 187, 204, 391
1120974.3.peg.172.site.1, 15, 118, 133
1120974.3.peg.172.site.2, 28, 49, 77
1120974.3.peg.172.site.3, 10, 32, 42
1120974.3.peg.172.site.4, 19, 24, 43
1120974.3.peg.3238.site.1, 1, 164, 165
1120974.3.peg.3238.site.2, 1, 167, 168
1120974.3.peg.3238.site.3, 37, 205, 242
1120974.3.peg.3238.site.4, 36, 203, 239
1120974.3.peg.3238.site.5, 39, 206, 245
1120974.3.peg.3238.site.6, 32, 199, 231
1120974.3.peg.3238.site.7, 34, 201, 235
1120974.3.peg.3238.site.8, 55, 207, 262
1120974.3.peg.3238.site.9, 48, 214, 262
1120974.3.peg.3238.site.10, 0, 212, 212
1120974.3.peg.3238.site.11, 1, 196, 197
1120974.3.peg.3238.site.12, 2, 212, 214
1120974.3.peg.3238.site.13, 41, 209, 250
1120974.3.peg.3238.site.14, 10, 215, 225
1120974.3.peg.3238.site.15, 48, 214, 262
1120974.3.peg.3238.site.16, 48, 214, 262
1120974.3.peg.3238.site.17, 0, 213, 213
1120974.3.peg.3238.site.18, 13, 215, 228
1120974.3.peg.3238.site.19, 12, 214, 226
1120974.3.peg.3238.site.20, 12, 210, 222
1120974.3.peg.3238.site.21, 0, 203, 203
1120974.3.peg.3233.site.1, 0, 212, 212
1120974.3.peg.3233.site.2, 9, 213, 222
1120974.3.peg.3233.site.3, 9, 215, 224
1120974.3.peg.3233.site.4, 52, 213, 265
1120974.3.peg.3233.site.5, 4, 214, 218
1120974.3.peg.3233.site.6, 207, 214, 421
1120974.3.peg.3233.site.7, 28, 215, 243
1120974.3.peg.3233.site.8, 10, 216, 226
1120974.3.peg.3233.site.9, 1, 215, 216
1120974.3.peg.3233.site.10, 28, 214, 242
1120974.3.peg.3233.site.11, 31, 214, 245
1120974.3.peg.3233.site.12, 0, 214, 214
1120974.3.peg.3233.site.13, 2, 179, 181
1120974.3.peg.3233.site.14, 28, 213, 241
1120974.3.peg.3233.site.15, 0, 215, 215
1120974.3.peg.3233.site.16, 27, 210, 237
1120974.3.peg.3233.site.17, 29, 208, 237
1120974.3.peg.3233.site.18, 202, 206, 408
1120974.3.peg.3233.site.19, 78, 214, 292
1120974.3.peg.3233.site.20, 3, 216, 219
1120974.3.peg.3233.site.21, 0, 215, 215
1120974.3.peg.3233.site.22, 3, 211, 214
1120974.3.peg.3233.site.23, 3, 198, 201
1120974.3.peg.3233.site.24, 131, 181, 312
1120974.3.peg.3233.site.25, 104, 151, 255
1120974.3.peg.3233.site.26, 113, 163, 276
1120974.3.peg.3233.site.27, 165, 178, 343
1120974.3.peg.3233.site.28, 124, 199, 323
1120974.3.peg.3233.site.29, 29, 207, 236
1120974.3.peg.3233.site.30, 0, 211, 211
1120974.3.peg.3233.site.31, 1, 213, 214
1120974.3.peg.3232.site.1, 3, 23, 26
1120974.3.peg.3232.site.2, 1, 85, 86
1120974.3.peg.3232.site.3, 96, 100, 196
1120974.3.peg.3232.site.4, 96, 103, 199
1120974.3.peg.3232.site.5, 3, 106, 109
1120974.3.peg.3232.site.6, 0, 107, 107
1120974.3.peg.3232.site.7, 14, 136, 150
1120974.3.peg.3232.site.8, 51, 181, 232
1120974.3.peg.3232.site.9, 7, 207, 214
1120974.3.peg.3232.site.10, 186, 205, 391
1120974.3.peg.3232.site.11, 189, 209, 398
1120974.3.peg.3232.site.12, 115, 211, 326
1120974.3.peg.3232.site.13, 136, 214, 350
1120974.3.peg.3232.site.14, 44, 208, 252
1120974.3.peg.3232.site.15, 146, 213, 359
1120974.3.peg.3232.site.16, 148, 216, 364
1120974.3.peg.3232.site.17, 82, 196, 278
1120974.3.peg.3232.site.18, 0, 216, 216
1120974.3.peg.3232.site.19, 0, 214, 214
1120974.3.peg.3232.site.20, 46, 209, 255
1120974.3.peg.3232.site.21, 0, 211, 211
1120974.3.peg.3231.site.1, 18, 22, 40
1120974.3.peg.3231.site.2, 3, 89, 92
1120974.3.peg.3231.site.3, 11, 119, 130
1120974.3.peg.3231.site.4, 2, 125, 127
1120974.3.peg.3231.site.5, 0, 184, 184
1120974.3.peg.3231.site.6, 207, 214, 421
1120974.3.peg.3230.site.1, 85, 213, 298
1120974.3.peg.3230.site.2, 108, 210, 318
1120974.3.peg.3230.site.3, 0, 213, 213
1120974.3.peg.3230.site.4, 1, 63, 64
1120974.3.peg.3237.site.1, 165, 215, 380
1120974.3.peg.3237.site.2, 126, 214, 340
1120974.3.peg.3237.site.3, 162, 211, 373
1120974.3.peg.3237.site.4, 156, 209, 365
1120974.3.peg.3237.site.5, 116, 164, 280
1120974.3.peg.3237.site.6, 105, 153, 258
1120974.3.peg.3237.site.7, 111, 160, 271
1120974.3.peg.3237.site.8, 113, 162, 275
1120974.3.peg.3237.site.9, 112, 160, 272
1120974.3.peg.3237.site.10, 1, 180, 181
1120974.3.peg.3237.site.11, 0, 183, 183
1120974.3.peg.3237.site.12, 8, 180, 188
1120974.3.peg.3237.site.13, 100, 152, 252
1120974.3.peg.3237.site.14, 107, 157, 264
1120974.3.peg.3237.site.15, 108, 158, 266
1120974.3.peg.3237.site.16, 107, 156, 263
1120974.3.peg.3237.site.17, 1, 172, 173
1120974.3.peg.3237.site.18, 1, 156, 157
1120974.3.peg.3237.site.19, 75, 124, 199
1120974.3.peg.3237.site.20, 2, 98, 100
1120974.3.peg.3237.site.21, 43, 93, 136
1120974.3.peg.3237.site.22, 5, 75, 80
1120974.3.peg.3237.site.23, 4, 51, 55
1120974.3.peg.3237.site.24, 20, 53, 73
1120974.3.peg.3237.site.25, 15, 52, 67
1120974.3.peg.3237.site.26, 7, 54, 61
1120974.3.peg.3237.site.27, 4, 55, 59
1120974.3.peg.3237.site.28, 5, 56, 61
1120974.3.peg.3237.site.29, 7, 57, 64
1120974.3.peg.3237.site.30, 11, 61, 72
1120974.3.peg.3237.site.31, 200, 213, 413
1120974.3.peg.3237.site.32, 129, 212, 341
1120974.3.peg.3237.site.33, 168, 214, 382
1120974.3.peg.3237.site.34, 0, 213, 213
1120974.3.peg.3237.site.35, 168, 212, 380
1120974.3.peg.3237.site.36, 4, 202, 206
1120974.3.peg.3237.site.37, 4, 206, 210
1120974.3.peg.3237.site.38, 29, 204, 233
1120974.3.peg.3237.site.39, 27, 180, 207
1120974.3.peg.3237.site.40, 122, 167, 289
1120974.3.peg.3237.site.41, 100, 145, 245
1120974.3.peg.3237.site.42, 113, 158, 271
1120974.3.peg.3237.site.43, 3, 184, 187
1120974.3.peg.3237.site.44, 0, 158, 158
1120974.3.peg.3237.site.45, 121, 166, 287
1120974.3.peg.3237.site.46, 133, 178, 311
1120974.3.peg.3237.site.47, 167, 167, 334
1120974.3.peg.3237.site.48, 45, 92, 137
1120974.3.peg.3237.site.49, 16, 94, 110
1120974.3.peg.3237.site.50, 105, 105, 210
1120974.3.peg.3237.site.51, 60, 108, 168
1120974.3.peg.3237.site.52, 47, 124, 171
1120974.3.peg.3237.site.53, 0, 169, 169
1120974.3.peg.3237.site.54, 166, 208, 374
1120974.3.peg.3237.site.55, 5, 215, 220
1120974.3.peg.3237.site.56, 166, 189, 355
1120974.3.peg.3237.site.57, 109, 153, 262
1120974.3.peg.3237.site.58, 36, 118, 154
1120974.3.peg.3237.site.59, 2, 47, 49
1120974.3.peg.3237.site.60, 1, 46, 47
1120974.3.peg.3237.site.61, 6, 52, 58
1120974.3.peg.3237.site.62, 1, 56, 57
1120974.3.peg.3237.site.63, 0, 74, 74
1120974.3.peg.3237.site.64, 0, 127, 127
1120974.3.peg.3237.site.65, 3, 142, 145
1120974.3.peg.3237.site.66, 0, 141, 141
1120974.3.peg.3237.site.67, 0, 169, 169
1120974.3.peg.3237.site.68, 156, 195, 351
1120974.3.peg.3237.site.69, 0, 198, 198
1120974.3.peg.3237.site.70, 0, 204, 204
1120974.3.peg.3237.site.71, 0, 205, 205
1120974.3.peg.3237.site.72, 6, 203, 209
1120974.3.peg.3237.site.73, 72, 203, 275
1120974.3.peg.3237.site.74, 29, 200, 229
1120974.3.peg.3237.site.75, 0, 198, 198
1120974.3.peg.3237.site.76, 8, 179, 187
1120974.3.peg.3237.site.77, 5, 179, 184
1120974.3.peg.3237.site.78, 0, 181, 181
1120974.3.peg.3237.site.79, 0, 179, 179
1120974.3.peg.3237.site.80, 0, 185, 185
1120974.3.peg.3237.site.81, 0, 191, 191
1120974.3.peg.3237.site.82, 3, 190, 193
1120974.3.peg.3237.site.83, 10, 189, 199
1120974.3.peg.3237.site.84, 8, 189, 197
1120974.3.peg.3237.site.85, 0, 192, 192
1120974.3.peg.3237.site.86, 10, 189, 199
1120974.3.peg.3237.site.87, 13, 194, 207
1120974.3.peg.3237.site.88, 0, 198, 198
1120974.3.peg.3237.site.89, 0, 205, 205
1120974.3.peg.3237.site.90, 0, 208, 208
1120974.3.peg.3237.site.91, 32, 212, 244
1120974.3.peg.3237.site.92, 31, 210, 241
1120974.3.peg.3237.site.93, 22, 197, 219
1120974.3.peg.3237.site.94, 33, 184, 217
1120974.3.peg.3237.site.95, 6, 184, 190
1120974.3.peg.3237.site.96, 0, 183, 183
1120974.3.peg.3237.site.97, 1, 184, 185
1120974.3.peg.3237.site.98, 11, 191, 202
1120974.3.peg.3237.site.99, 7, 178, 185
1120974.3.peg.3237.site.100, 0, 175, 175
1120974.3.peg.3237.site.101, 1, 170, 171
1120974.3.peg.3237.site.102, 6, 173, 179
1120974.3.peg.3237.site.103, 4, 178, 182
1120974.3.peg.3237.site.104, 19, 181, 200
1120974.3.peg.3237.site.105, 6, 181, 187
1120974.3.peg.3237.site.106, 5, 183, 188
1120974.3.peg.3237.site.107, 9, 184, 193
1120974.3.peg.3237.site.108, 0, 190, 190
1120974.3.peg.3237.site.109, 0, 192, 192
1120974.3.peg.3237.site.110, 16, 191, 207
1120974.3.peg.3237.site.111, 2, 189, 191
1120974.3.peg.3237.site.112, 15, 190, 205
1120974.3.peg.3237.site.113, 0, 215, 215
1120974.3.peg.3237.site.114, 2, 208, 210
1120974.3.peg.3237.site.115, 41, 211, 252
1120974.3.peg.3237.site.116, 0, 214, 214
1120974.3.peg.3237.site.117, 76, 212, 288
1120974.3.peg.3235.site.1, 1, 206, 207
1120974.3.peg.3235.site.2, 187, 208, 395
1120974.3.peg.3235.site.3, 185, 206, 391
1120974.3.peg.3235.site.4, 0, 209, 209
1120974.3.peg.3235.site.5, 0, 201, 201
1120974.3.peg.3235.site.6, 174, 191, 365
1120974.3.peg.3235.site.7, 150, 167, 317
1120974.3.peg.3235.site.8, 2, 207, 209
1120974.3.peg.3235.site.9, 197, 210, 407
1120974.3.peg.3235.site.10, 35, 200, 235
1120974.3.peg.3235.site.11, 0, 212, 212
1120974.3.peg.3235.site.12, 0, 214, 214
1120974.3.peg.3235.site.13, 195, 214, 409
1120974.3.peg.3235.site.14, 196, 215, 411
1120974.3.peg.3234.site.1, 2, 215, 217
1120974.3.peg.3234.site.2, 3, 214, 217
1120974.3.peg.3234.site.3, 15, 165, 180
1120974.3.peg.3234.site.4, 140, 155, 295
1120974.3.peg.3234.site.5, 11, 212, 223
1120974.3.peg.3234.site.6, 124, 214, 338
1120974.3.peg.3234.site.7, 81, 104, 185
1120974.3.peg.3234.site.8, 3, 160, 163
1120974.3.peg.3234.site.9, 186, 205, 391
1120974.3.peg.3234.site.10, 187, 208, 395
1120974.3.peg.3234.site.11, 2, 209, 211
1120974.3.peg.3234.site.12, 187, 206, 393
1120974.3.peg.3234.site.13, 133, 153, 286
1120974.3.peg.3234.site.14, 6, 22, 28
1120974.3.peg.3234.site.15, 3, 22, 25
1120974.3.peg.3234.site.16, 4, 27, 31
1120974.3.peg.2857.site.1, 123, 209, 332
1120974.3.peg.2857.site.2, 177, 210, 387
1120974.3.peg.2857.site.3, 2, 210, 212
1120974.3.peg.2857.site.4, 123, 207, 330
1120974.3.peg.2857.site.5, 121, 207, 328
1120974.3.peg.2857.site.6, 0, 212, 212
1120974.3.peg.2857.site.7, 51, 212, 263
1120974.3.peg.2857.site.8, 2, 212, 214
1120974.3.peg.2857.site.9, 26, 180, 206
1120974.3.peg.2857.site.10, 10, 166, 176
1120974.3.peg.2857.site.11, 12, 167, 179
1120974.3.peg.2857.site.12, 157, 187, 344
1120974.3.peg.2857.site.13, 180, 197, 377
1120974.3.peg.2857.site.14, 183, 192, 375
1120974.3.peg.2857.site.15, 145, 178, 323
1120974.3.peg.2857.site.16, 9, 184, 193
1120974.3.peg.2857.site.17, 164, 196, 360
1120974.3.peg.2857.site.18, 126, 212, 338
1120974.3.peg.2857.site.19, 183, 212, 395
1120974.3.peg.2857.site.20, 183, 214, 397
1120974.3.peg.2857.site.21, 4, 214, 218
1120974.3.peg.2857.site.22, 52, 210, 262
1120974.3.peg.2852.site.1, 205, 209, 414
1120974.3.peg.2852.site.2, 60, 198, 258
1120974.3.peg.2852.site.3, 0, 215, 215
1120974.3.peg.2852.site.4, 0, 215, 215
1120974.3.peg.2852.site.5, 5, 215, 220
1120974.3.peg.2852.site.6, 5, 216, 221
1120974.3.peg.2852.site.7, 8, 214, 222
1120974.3.peg.2852.site.8, 15, 215, 230
1120974.3.peg.2852.site.9, 4, 214, 218
1120974.3.peg.2852.site.10, 2, 215, 217
1120974.3.peg.2852.site.11, 3, 215, 218
1120974.3.peg.2852.site.12, 3, 216, 219
1120974.3.peg.2852.site.13, 0, 216, 216
1120974.3.peg.2852.site.14, 127, 214, 341
1120974.3.peg.2852.site.15, 5, 214, 219
1120974.3.peg.2852.site.16, 145, 214, 359
1120974.3.peg.2852.site.17, 5, 209, 214
1120974.3.peg.2852.site.18, 10, 202, 212
1120974.3.peg.2852.site.19, 95, 181, 276
1120974.3.peg.2852.site.20, 2, 206, 208
1120974.3.peg.2155.site.1, 0, 215, 215
1120974.3.peg.2155.site.2, 4, 214, 218
1120974.3.peg.2155.site.3, 3, 214, 217
1120974.3.peg.2155.site.4, 184, 212, 396
1120974.3.peg.2155.site.5, 13, 213, 226
1120974.3.peg.2155.site.6, 0, 211, 211
1120974.3.peg.2155.site.7, 0, 208, 208
1120974.3.peg.2155.site.8, 3, 210, 213
1120974.3.peg.2155.site.9, 185, 207, 392
1120974.3.peg.2155.site.10, 0, 209, 209
1120974.3.peg.2155.site.11, 113, 206, 319
1120974.3.peg.2155.site.12, 0, 211, 211
1120974.3.peg.2155.site.13, 3, 213, 216
1120974.3.peg.2155.site.14, 190, 212, 402
1120974.3.peg.2155.site.15, 191, 213, 404
1120974.3.peg.2155.site.16, 24, 215, 239
1120974.3.peg.2155.site.17, 168, 214, 382
1120974.3.peg.2155.site.18, 168, 214, 382
1120974.3.peg.2155.site.19, 117, 209, 326
1120974.3.peg.2155.site.20, 5, 214, 219
1120974.3.peg.2155.site.21, 179, 203, 382
1120974.3.peg.2154.site.1, 0, 208, 208
1120974.3.peg.2154.site.2, 32, 210, 242
1120974.3.peg.2154.site.3, 32, 211, 243
1120974.3.peg.2154.site.4, 211, 216, 427
1120974.3.peg.2154.site.5, 33, 212, 245
1120974.3.peg.2154.site.6, 1, 215, 216
1120974.3.peg.2154.site.7, 35, 209, 244
1120974.3.peg.2154.site.8, 28, 213, 241
1120974.3.peg.2154.site.9, 140, 211, 351
1120974.3.peg.2154.site.10, 62, 213, 275
1120974.3.peg.2154.site.11, 138, 212, 350
1120974.3.peg.598.site.1, 1, 213, 214
1120974.3.peg.598.site.2, 178, 208, 386
1120974.3.peg.598.site.3, 2, 209, 211
1120974.3.peg.598.site.4, 0, 205, 205
1120974.3.peg.598.site.5, 198, 204, 402
1120974.3.peg.598.site.6, 0, 201, 201
1120974.3.peg.598.site.7, 168, 198, 366
1120974.3.peg.598.site.8, 5, 203, 208
1120974.3.peg.598.site.9, 186, 205, 391
1120974.3.peg.598.site.10, 0, 201, 201
1120974.3.peg.598.site.11, 0, 208, 208
1120974.3.peg.598.site.12, 209, 209, 418
1120974.3.peg.598.site.13, 185, 199, 384
1120974.3.peg.598.site.14, 5, 175, 180
1120974.3.peg.598.site.15, 180, 204, 384
1120974.3.peg.598.site.16, 149, 154, 303
1120974.3.peg.598.site.17, 1, 185, 186
1120974.3.peg.598.site.18, 1, 204, 205
1120974.3.peg.598.site.19, 1, 199, 200
1120974.3.peg.598.site.20, 5, 202, 207
1120974.3.peg.598.site.21, 165, 185, 350
1120974.3.peg.598.site.22, 10, 204, 214
1120974.3.peg.598.site.23, 1, 208, 209
1120974.3.peg.598.site.24, 3, 207, 210
1120974.3.peg.598.site.25, 4, 210, 214
1120974.3.peg.598.site.26, 4, 207, 211
1120974.3.peg.598.site.27, 4, 211, 215
1120974.3.peg.599.site.1, 204, 212, 416
1120974.3.peg.599.site.2, 1, 207, 208
1120974.3.peg.599.site.3, 1, 209, 210
1120974.3.peg.599.site.4, 1, 211, 212
1120974.3.peg.599.site.5, 4, 209, 213
1120974.3.peg.599.site.6, 20, 212, 232
1120974.3.peg.599.site.7, 3, 214, 217
1120974.3.peg.599.site.8, 3, 207, 210
1120974.3.peg.599.site.9, 0, 209, 209
1120974.3.peg.599.site.10, 0, 204, 204
1120974.3.peg.599.site.11, 184, 193, 377
1120974.3.peg.599.site.12, 163, 186, 349
1120974.3.peg.599.site.13, 185, 203, 388
1120974.3.peg.599.site.14, 13, 140, 153
1120974.3.peg.599.site.15, 60, 74, 134
1120974.3.peg.599.site.16, 43, 58, 101
1120974.3.peg.599.site.17, 36, 51, 87
1120974.3.peg.599.site.18, 11, 11, 22
1120974.3.peg.599.site.19, 0, 10, 10
1120974.3.peg.599.site.20, 1, 13, 14
1120974.3.peg.599.site.21, 4, 14, 18
1120974.3.peg.599.site.22, 7, 12, 19
1120974.3.peg.599.site.23, 1, 13, 14
1120974.3.peg.599.site.24, 7, 12, 19
1120974.3.peg.599.site.25, 8, 13, 21
1120974.3.peg.599.site.26, 31, 42, 73
1120974.3.peg.599.site.27, 2, 199, 201
1120974.3.peg.599.site.28, 0, 208, 208
1120974.3.peg.599.site.29, 49, 215, 264
1120974.3.peg.599.site.30, 46, 213, 259
1120974.3.peg.599.site.31, 10, 214, 224
1120974.3.peg.599.site.32, 60, 213, 273
1120974.3.peg.593.site.1, 0, 213, 213
1120974.3.peg.593.site.2, 2, 122, 124
1120974.3.peg.593.site.3, 3, 183, 186
1120974.3.peg.593.site.4, 88, 201, 289
1120974.3.peg.593.site.5, 4, 210, 214
1120974.3.peg.593.site.6, 3, 192, 195
1120974.3.peg.593.site.7, 84, 202, 286
1120974.3.peg.593.site.8, 93, 211, 304
1120974.3.peg.593.site.9, 84, 201, 285
1120974.3.peg.596.site.1, 0, 213, 213
1120974.3.peg.596.site.2, 0, 216, 216
1120974.3.peg.596.site.3, 6, 212, 218
1120974.3.peg.596.site.4, 0, 215, 215
1120974.3.peg.596.site.5, 23, 213, 236
1120974.3.peg.596.site.6, 5, 214, 219
1120974.3.peg.596.site.7, 3, 214, 217
1120974.3.peg.596.site.8, 5, 213, 218
1120974.3.peg.596.site.9, 3, 213, 216
1120974.3.peg.596.site.10, 0, 216, 216
1120974.3.peg.596.site.11, 187, 212, 399
1120974.3.peg.596.site.12, 185, 211, 396
1120974.3.peg.596.site.13, 4, 210, 214
1120974.3.peg.596.site.14, 0, 215, 215
1120974.3.peg.596.site.15, 0, 216, 216
1120974.3.peg.596.site.16, 0, 214, 214
1120974.3.peg.596.site.17, 189, 212, 401
1120974.3.peg.596.site.18, 0, 215, 215
1120974.3.peg.596.site.19, 10, 214, 224
1120974.3.peg.596.site.20, 4, 215, 219
1120974.3.peg.596.site.21, 0, 213, 213
1120974.3.peg.1679.site.1, 13, 37, 50
1120974.3.peg.1679.site.2, 9, 33, 42
1120974.3.peg.1679.site.3, 96, 122, 218
1120974.3.peg.1679.site.4, 123, 147, 270
1120974.3.peg.1679.site.5, 131, 155, 286
1120974.3.peg.1679.site.6, 0, 163, 163
1120974.3.peg.1679.site.7, 125, 157, 282
1120974.3.peg.1679.site.8, 124, 150, 274
1120974.3.peg.1679.site.9, 0, 193, 193
1120974.3.peg.1679.site.10, 169, 195, 364
1120974.3.peg.1679.site.11, 1, 198, 199
1120974.3.peg.1679.site.12, 3, 202, 205
1120974.3.peg.1679.site.13, 0, 209, 209
1120974.3.peg.1679.site.14, 3, 209, 212
1120974.3.peg.1679.site.15, 0, 207, 207
1120974.3.peg.1679.site.16, 0, 207, 207
1120974.3.peg.1679.site.17, 173, 199, 372
1120974.3.peg.1679.site.18, 152, 178, 330
1120974.3.peg.1679.site.19, 115, 119, 234
1120974.3.peg.1679.site.20, 13, 107, 120
1120974.3.peg.1679.site.21, 16, 80, 96
1120974.3.peg.1679.site.22, 2, 135, 137
1120974.3.peg.1679.site.23, 174, 198, 372
1120974.3.peg.1679.site.24, 133, 156, 289
1120974.3.peg.1679.site.25, 168, 191, 359
1120974.3.peg.1679.site.26, 5, 195, 200
1120974.3.peg.1679.site.27, 183, 206, 389
1120974.3.peg.1679.site.28, 176, 199, 375
1120974.3.peg.1679.site.29, 187, 207, 394
1120974.3.peg.1679.site.30, 1, 202, 203
1120974.3.peg.1679.site.31, 178, 198, 376
1120974.3.peg.1679.site.32, 169, 191, 360
1120974.3.peg.1679.site.33, 188, 207, 395
1120974.3.peg.1679.site.34, 190, 209, 399
1120974.3.peg.1679.site.35, 196, 213, 409
1120974.3.peg.1678.site.1, 115, 144, 259
1120974.3.peg.1678.site.2, 3, 172, 175
1120974.3.peg.1678.site.3, 0, 170, 170
1120974.3.peg.1678.site.4, 40, 206, 246
1120974.3.peg.1678.site.5, 45, 211, 256
1120974.3.peg.1678.site.6, 0, 215, 215
1120974.3.peg.1678.site.7, 189, 215, 404
1120974.3.peg.1678.site.8, 183, 209, 392
1120974.3.peg.1678.site.9, 179, 205, 384
1120974.3.peg.1678.site.10, 181, 206, 387
1120974.3.peg.1678.site.11, 8, 213, 221
1120974.3.peg.1678.site.12, 2, 215, 217
1120974.3.peg.1678.site.13, 0, 215, 215
1120974.3.peg.1678.site.14, 189, 202, 391
1120974.3.peg.1678.site.15, 61, 87, 148
1120974.3.peg.1678.site.16, 52, 78, 130
1120974.3.peg.1678.site.17, 1, 90, 91
1120974.3.peg.1678.site.18, 0, 95, 95
1120974.3.peg.1678.site.19, 8, 96, 104
1120974.3.peg.1678.site.20, 69, 95, 164
1120974.3.peg.1678.site.21, 9, 35, 44
1120974.3.peg.1678.site.22, 143, 168, 311
1120974.3.peg.1678.site.23, 184, 184, 368
1120974.3.peg.1773.site.1, 37, 45, 82
1120974.3.peg.1773.site.2, 4, 47, 51
1120974.3.peg.1773.site.3, 8, 51, 59
1120974.3.peg.1773.site.4, 4, 53, 57
1120974.3.peg.1773.site.5, 5, 212, 217
1120974.3.peg.1773.site.6, 6, 216, 222
1120974.3.peg.1773.site.7, 50, 213, 263
1120974.3.peg.1773.site.8, 9, 215, 224
1120974.3.peg.1773.site.9, 9, 215, 224
1120974.3.peg.1773.site.10, 5, 216, 221
1120974.3.peg.1773.site.11, 4, 216, 220
1120974.3.peg.1773.site.12, 153, 209, 362
1120974.3.peg.1773.site.13, 0, 210, 210
1120974.3.peg.1773.site.14, 189, 209, 398
1120974.3.peg.1773.site.15, 150, 201, 351
1120974.3.peg.1773.site.16, 26, 202, 228
1120974.3.peg.1773.site.17, 4, 210, 214
1120974.3.peg.1773.site.18, 3, 211, 214
1120974.3.peg.1773.site.19, 150, 207, 357
1120974.3.peg.1773.site.20, 211, 211, 422
1120974.3.peg.1773.site.21, 8, 213, 221
1120974.3.peg.1773.site.22, 190, 215, 405
1120974.3.peg.1773.site.23, 4, 216, 220
1120974.3.peg.1773.site.24, 174, 200, 374
1120974.3.peg.1773.site.25, 28, 55, 83
1120974.3.peg.1773.site.26, 0, 174, 174
1120974.3.peg.1773.site.27, 206, 210, 416
1120974.3.peg.1773.site.28, 210, 214, 424
1120974.3.peg.1773.site.29, 208, 213, 421
1120974.3.peg.1773.site.30, 183, 208, 391
1120974.3.peg.1773.site.31, 3, 213, 216
1120974.3.peg.1773.site.32, 185, 209, 394
1120974.3.peg.1773.site.33, 178, 201, 379
1120974.3.peg.1773.site.34, 42, 205, 247
1120974.3.peg.1773.site.35, 181, 206, 387
1120974.3.peg.1773.site.36, 41, 203, 244
1120974.3.peg.1773.site.37, 191, 211, 402
1120974.3.peg.1773.site.38, 194, 214, 408
1120974.3.peg.1909.site.1, 53, 155, 208
1120974.3.peg.1909.site.2, 0, 179, 179
1120974.3.peg.1909.site.3, 0, 182, 182
1120974.3.peg.1909.site.4, 9, 162, 171
1120974.3.peg.1909.site.5, 81, 104, 185
1120974.3.peg.1909.site.6, 15, 57, 72
1120974.3.peg.1909.site.7, 10, 30, 40
1120974.3.peg.1909.site.8, 6, 34, 40
1120974.3.peg.1909.site.9, 4, 34, 38
1120974.3.peg.1909.site.10, 0, 43, 43
1120974.3.peg.1909.site.11, 0, 131, 131
1120974.3.peg.1909.site.12, 0, 127, 127
1120974.3.peg.1909.site.13, 26, 135, 161
1120974.3.peg.1909.site.14, 1, 153, 154
1120974.3.peg.1909.site.15, 19, 133, 152
1120974.3.peg.1909.site.16, 38, 147, 185
1120974.3.peg.1909.site.17, 0, 144, 144
1120974.3.peg.1909.site.18, 49, 152, 201
1120974.3.peg.1909.site.19, 5, 177, 182
1120974.3.peg.1909.site.20, 1, 190, 191
1120974.3.peg.1909.site.21, 13, 191, 204
1120974.3.peg.1909.site.22, 1, 193, 194
1120974.3.peg.1909.site.23, 0, 208, 208
1120974.3.peg.1909.site.24, 0, 206, 206
1120974.3.peg.1909.site.25, 0, 208, 208
1120974.3.peg.1909.site.26, 78, 202, 280
1120974.3.peg.1909.site.27, 11, 172, 183
1120974.3.peg.1909.site.28, 6, 177, 183
1120974.3.peg.1909.site.29, 3, 159, 162
1120974.3.peg.1909.site.30, 3, 186, 189
1120974.3.peg.1909.site.31, 179, 209, 388
1120974.3.peg.1909.site.32, 0, 200, 200
1120974.3.peg.1909.site.33, 0, 207, 207
1120974.3.peg.1909.site.34, 0, 206, 206
1120974.3.peg.1909.site.35, 0, 203, 203
1120974.3.peg.1909.site.36, 0, 196, 196
1120974.3.peg.1909.site.37, 163, 196, 359
1120974.3.peg.1909.site.38, 6, 196, 202
1120974.3.peg.1909.site.39, 139, 147, 286
1120974.3.peg.1909.site.40, 1, 40, 41
1120974.3.peg.1908.site.1, 202, 214, 416
1120974.3.peg.1908.site.2, 10, 212, 222
1120974.3.peg.1908.site.3, 84, 211, 295
1120974.3.peg.1908.site.4, 0, 210, 210
1120974.3.peg.1908.site.5, 83, 206, 289
1120974.3.peg.1908.site.6, 199, 209, 408
1120974.3.peg.1908.site.7, 5, 212, 217
1120974.3.peg.1908.site.8, 0, 203, 203
1120974.3.peg.1908.site.9, 19, 57, 76
1120974.3.peg.1908.site.10, 4, 53, 57
1120974.3.peg.1908.site.11, 11, 49, 60
1120974.3.peg.1908.site.12, 95, 105, 200
1120974.3.peg.1907.site.1, 171, 204, 375
1120974.3.peg.1907.site.2, 166, 199, 365
1120974.3.peg.1907.site.3, 66, 189, 255
1120974.3.peg.1907.site.4, 0, 163, 163
1120974.3.peg.1907.site.5, 51, 172, 223
1120974.3.peg.1907.site.6, 4, 177, 181
1120974.3.peg.1907.site.7, 84, 205, 289
1120974.3.peg.1907.site.8, 184, 208, 392
1120974.3.peg.1907.site.9, 84, 206, 290
1120974.3.peg.1907.site.10, 84, 210, 294
1120974.3.peg.1907.site.11, 82, 208, 290
1120974.3.peg.1907.site.12, 5, 208, 213
1120974.3.peg.1907.site.13, 5, 208, 213
1120974.3.peg.1907.site.14, 75, 195, 270
1120974.3.peg.1907.site.15, 0, 212, 212
1120974.3.peg.1907.site.16, 207, 215, 422
1120974.3.peg.1907.site.17, 0, 213, 213
1120974.3.peg.1907.site.18, 0, 213, 213
1120974.3.peg.1907.site.19, 118, 213, 331
1120974.3.peg.1907.site.20, 11, 215, 226
1120974.3.peg.1907.site.21, 206, 214, 420
1120974.3.peg.1907.site.22, 176, 209, 385
1120974.3.peg.1907.site.23, 0, 211, 211
1120974.3.peg.1907.site.24, 0, 215, 215
1120974.3.peg.1907.site.25, 0, 216, 216
1120974.3.peg.1907.site.26, 0, 215, 215
1120974.3.peg.1907.site.27, 0, 215, 215
1120974.3.peg.1907.site.28, 91, 213, 304
1120974.3.peg.1670.site.1, 180, 213, 393
1120974.3.peg.1670.site.2, 3, 216, 219
1120974.3.peg.1670.site.3, 180, 213, 393
1120974.3.peg.1670.site.4, 179, 213, 392
1120974.3.peg.1670.site.5, 5, 216, 221
1120974.3.peg.1670.site.6, 172, 206, 378
1120974.3.peg.1670.site.7, 20, 204, 224
1120974.3.peg.1670.site.8, 194, 202, 396
1120974.3.peg.1670.site.9, 9, 211, 220
1120974.3.peg.1670.site.10, 0, 211, 211
1120974.3.peg.1670.site.11, 155, 188, 343
1120974.3.peg.1670.site.12, 34, 188, 222
1120974.3.peg.1670.site.13, 147, 182, 329
1120974.3.peg.1670.site.14, 153, 190, 343
1120974.3.peg.1670.site.15, 109, 191, 300
1120974.3.peg.1670.site.16, 163, 199, 362
1120974.3.peg.1670.site.17, 152, 188, 340
1120974.3.peg.1670.site.18, 165, 201, 366
1120974.3.peg.1670.site.19, 164, 196, 360
1120974.3.peg.1670.site.20, 157, 190, 347
1120974.3.peg.1670.site.21, 1, 190, 191
1120974.3.peg.1670.site.22, 121, 156, 277
1120974.3.peg.1670.site.23, 3, 39, 42
1120974.3.peg.1670.site.24, 81, 117, 198
1120974.3.peg.1670.site.25, 126, 161, 287
1120974.3.peg.1670.site.26, 0, 215, 215
1120974.3.peg.1670.site.27, 8, 214, 222
1120974.3.peg.1670.site.28, 0, 216, 216
1120974.3.peg.1670.site.29, 181, 214, 395
1120974.3.peg.1670.site.30, 181, 213, 394
1120974.3.peg.1670.site.31, 1, 216, 217
1120974.3.peg.1670.site.32, 181, 213, 394
1120974.3.peg.1670.site.33, 0, 215, 215
1120974.3.peg.1670.site.34, 118, 208, 326
1120974.3.peg.1670.site.35, 180, 214, 394
1120974.3.peg.1670.site.36, 177, 213, 390
1120974.3.peg.1670.site.37, 178, 214, 392
1120974.3.peg.1670.site.38, 177, 213, 390
1120974.3.peg.1670.site.39, 41, 64, 105
1120974.3.peg.1670.site.40, 28, 47, 75
1120974.3.peg.1670.site.41, 22, 45, 67
1120974.3.peg.1670.site.42, 4, 47, 51
1120974.3.peg.1670.site.43, 4, 51, 55
1120974.3.peg.1670.site.44, 45, 84, 129
1120974.3.peg.1670.site.45, 4, 216, 220
1120974.3.peg.1670.site.46, 0, 216, 216
1120974.3.peg.1670.site.47, 0, 215, 215
1120974.3.peg.1670.site.48, 183, 213, 396
1120974.3.peg.1670.site.49, 18, 216, 234
1120974.3.peg.1670.site.50, 189, 214, 403
1120974.3.peg.1670.site.51, 0, 214, 214
1120974.3.peg.1670.site.52, 0, 215, 215
1120974.3.peg.1670.site.53, 192, 212, 404
1120974.3.peg.1670.site.54, 1, 215, 216
1120974.3.peg.1670.site.55, 195, 213, 408
1120974.3.peg.1670.site.56, 194, 212, 406
1120974.3.peg.1670.site.57, 1, 216, 217
1120974.3.peg.1670.site.58, 0, 212, 212
1120974.3.peg.1670.site.59, 199, 208, 407
1120974.3.peg.1670.site.60, 1, 215, 216
1120974.3.peg.1670.site.61, 171, 188, 359
1120974.3.peg.1670.site.62, 1, 185, 186
1120974.3.peg.1670.site.63, 1, 176, 177
1120974.3.peg.1670.site.64, 1, 192, 193
1120974.3.peg.1670.site.65, 1, 195, 196
1120974.3.peg.1670.site.66, 1, 193, 194
1120974.3.peg.1670.site.67, 0, 200, 200
1120974.3.peg.1670.site.68, 163, 183, 346
1120974.3.peg.1670.site.69, 0, 186, 186
1120974.3.peg.1670.site.70, 1, 176, 177
1120974.3.peg.1670.site.71, 4, 169, 173
1120974.3.peg.1670.site.72, 4, 173, 177
1120974.3.peg.1670.site.73, 46, 71, 117
1120974.3.peg.1670.site.74, 47, 73, 120
1120974.3.peg.1670.site.75, 35, 61, 96
1120974.3.peg.1670.site.76, 24, 50, 74
1120974.3.peg.1670.site.77, 29, 53, 82
1120974.3.peg.1670.site.78, 27, 48, 75
1120974.3.peg.1670.site.79, 0, 125, 125
1120974.3.peg.1670.site.80, 172, 196, 368
1120974.3.peg.1670.site.81, 0, 209, 209
1120974.3.peg.1670.site.82, 1, 213, 214
1120974.3.peg.1670.site.83, 1, 215, 216
1120974.3.peg.1670.site.84, 0, 214, 214
1120974.3.peg.1670.site.85, 11, 207, 218
1120974.3.peg.1670.site.86, 0, 215, 215
1120974.3.peg.1670.site.87, 194, 206, 400
1120974.3.peg.1670.site.88, 0, 209, 209
1120974.3.peg.1670.site.89, 0, 206, 206
1120974.3.peg.1670.site.90, 0, 208, 208
1120974.3.peg.1670.site.91, 0, 207, 207
1120974.3.peg.1670.site.92, 0, 207, 207
1120974.3.peg.1670.site.93, 1, 211, 212
1120974.3.peg.1670.site.94, 0, 209, 209
1120974.3.peg.1670.site.95, 203, 209, 412
1120974.3.peg.1670.site.96, 0, 212, 212
1120974.3.peg.1670.site.97, 0, 213, 213
1120974.3.peg.1670.site.98, 0, 215, 215
1120974.3.peg.1670.site.99, 131, 210, 341
1120974.3.peg.1670.site.100, 2, 213, 215
1120974.3.peg.1670.site.101, 126, 212, 338
1120974.3.peg.1670.site.102, 10, 215, 225
1120974.3.peg.1670.site.103, 126, 209, 335
1120974.3.peg.1670.site.104, 16, 214, 230
1120974.3.peg.1670.site.105, 122, 212, 334
1120974.3.peg.1670.site.106, 4, 216, 220
1120974.3.peg.1670.site.107, 124, 211, 335
1120974.3.peg.1670.site.108, 120, 209, 329
1120974.3.peg.1670.site.109, 123, 211, 334
1120974.3.peg.1670.site.110, 123, 210, 333
1120974.3.peg.1670.site.111, 124, 210, 334
1120974.3.peg.1670.site.112, 0, 214, 214
1120974.3.peg.1670.site.113, 15, 215, 230
1120974.3.peg.1905.site.1, 127, 193, 320
1120974.3.peg.1905.site.2, 86, 199, 285
1120974.3.peg.1905.site.3, 46, 202, 248
1120974.3.peg.1905.site.4, 1, 200, 201
1120974.3.peg.1905.site.5, 54, 167, 221
1120974.3.peg.1905.site.6, 35, 147, 182
1120974.3.peg.1905.site.7, 118, 118, 236
1120974.3.peg.1905.site.8, 22, 125, 147
1120974.3.peg.1905.site.9, 61, 132, 193
1120974.3.peg.1905.site.10, 0, 196, 196
1120974.3.peg.1905.site.11, 51, 200, 251
1120974.3.peg.1905.site.12, 43, 192, 235
1120974.3.peg.1905.site.13, 14, 176, 190
1120974.3.peg.1905.site.14, 68, 170, 238
1120974.3.peg.1905.site.15, 63, 165, 228
1120974.3.peg.1905.site.16, 16, 70, 86
1120974.3.peg.1905.site.17, 25, 126, 151
1120974.3.peg.1905.site.18, 7, 191, 198
1120974.3.peg.1905.site.19, 70, 181, 251
1120974.3.peg.1905.site.20, 3, 191, 194
1120974.3.peg.1905.site.21, 78, 189, 267
1120974.3.peg.1905.site.22, 42, 178, 220
1120974.3.peg.1905.site.23, 1, 178, 179
1120974.3.peg.1905.site.24, 112, 168, 280
1120974.3.peg.1905.site.25, 109, 166, 275
1120974.3.peg.1905.site.26, 0, 155, 155
1120974.3.peg.1905.site.27, 50, 140, 190
1120974.3.peg.1905.site.28, 6, 156, 162
1120974.3.peg.1905.site.29, 15, 153, 168
1120974.3.peg.1905.site.30, 31, 173, 204
1120974.3.peg.1905.site.31, 34, 179, 213
1120974.3.peg.1905.site.32, 5, 182, 187
1120974.3.peg.1905.site.33, 6, 182, 188
1120974.3.peg.1905.site.34, 6, 185, 191
1120974.3.peg.1905.site.35, 1, 198, 199
1120974.3.peg.1672.site.1, 2, 216, 218
1120974.3.peg.1672.site.2, 186, 216, 402
1120974.3.peg.1672.site.3, 11, 216, 227
1120974.3.peg.1672.site.4, 184, 215, 399
1120974.3.peg.1672.site.5, 1, 215, 216
1120974.3.peg.1672.site.6, 2, 213, 215
1120974.3.peg.1672.site.7, 178, 212, 390
1120974.3.peg.1672.site.8, 178, 212, 390
1120974.3.peg.1672.site.9, 213, 213, 426
1120974.3.peg.1672.site.10, 24, 205, 229
1120974.3.peg.1672.site.11, 8, 213, 221
1120974.3.peg.1672.site.12, 161, 211, 372
1120974.3.peg.1672.site.13, 2, 215, 217
1120974.3.peg.1672.site.14, 1, 213, 214
1120974.3.peg.1672.site.15, 158, 211, 369
1120974.3.peg.1672.site.16, 2, 214, 216
1120974.3.peg.1672.site.17, 5, 211, 216
1120974.3.peg.1672.site.18, 156, 210, 366
1120974.3.peg.1672.site.19, 36, 212, 248
1120974.3.peg.1672.site.20, 124, 210, 334
1120974.3.peg.1672.site.21, 5, 215, 220
1120974.3.peg.1672.site.22, 37, 213, 250
1120974.3.peg.1672.site.23, 0, 213, 213
1120974.3.peg.1672.site.24, 0, 215, 215
1120974.3.peg.1672.site.25, 197, 213, 410
1120974.3.peg.1672.site.26, 198, 214, 412
1120974.3.peg.1672.site.27, 25, 210, 235
1120974.3.peg.1903.site.1, 0, 211, 211
1120974.3.peg.1903.site.2, 81, 206, 287
1120974.3.peg.1903.site.3, 127, 207, 334
1120974.3.peg.1903.site.4, 42, 208, 250
1120974.3.peg.1903.site.5, 193, 210, 403
1120974.3.peg.1903.site.6, 5, 212, 217
1120974.3.peg.1903.site.7, 51, 207, 258
1120974.3.peg.1903.site.8, 52, 209, 261
1120974.3.peg.1903.site.9, 83, 209, 292
1120974.3.peg.1903.site.10, 1, 213, 214
1120974.3.peg.1903.site.11, 3, 214, 217
1120974.3.peg.1903.site.12, 72, 212, 284
1120974.3.peg.1903.site.13, 4, 215, 219
1120974.3.peg.1903.site.14, 4, 216, 220
1120974.3.peg.1903.site.15, 81, 211, 292
1120974.3.peg.1903.site.16, 63, 210, 273
1120974.3.peg.1903.site.17, 58, 209, 267
1120974.3.peg.1903.site.18, 2, 210, 212
1120974.3.peg.1903.site.19, 136, 204, 340
1120974.3.peg.1903.site.20, 61, 207, 268
1120974.3.peg.1903.site.21, 1, 194, 195
1120974.3.peg.1903.site.22, 181, 186, 367
1120974.3.peg.1903.site.23, 61, 199, 260
1120974.3.peg.1903.site.24, 48, 197, 245
1120974.3.peg.1903.site.25, 56, 208, 264
1120974.3.peg.1903.site.26, 1, 212, 213
1120974.3.peg.1903.site.27, 52, 206, 258
1120974.3.peg.1903.site.28, 0, 210, 210
1120974.3.peg.1903.site.29, 68, 207, 275
1120974.3.peg.1903.site.30, 0, 215, 215
1120974.3.peg.1903.site.31, 109, 199, 308
1120974.3.peg.1903.site.32, 2, 202, 204
1120974.3.peg.1903.site.33, 56, 198, 254
1120974.3.peg.1903.site.34, 0, 210, 210
1120974.3.peg.1903.site.35, 2, 213, 215
1120974.3.peg.1903.site.36, 2, 214, 216
1120974.3.peg.1903.site.37, 208, 208, 416
1120974.3.peg.1903.site.38, 0, 211, 211
1120974.3.peg.1903.site.39, 116, 207, 323
1120974.3.peg.1902.site.1, 42, 154, 196
1120974.3.peg.1902.site.2, 27, 136, 163
1120974.3.peg.1902.site.3, 1, 143, 144
1120974.3.peg.1902.site.4, 1, 139, 140
1120974.3.peg.1902.site.5, 50, 157, 207
1120974.3.peg.1902.site.6, 0, 111, 111
1120974.3.peg.1902.site.7, 3, 113, 116
1120974.3.peg.1902.site.8, 3, 113, 116
1120974.3.peg.1902.site.9, 3, 113, 116
1120974.3.peg.1902.site.10, 6, 110, 116
1120974.3.peg.1902.site.11, 2, 112, 114
1120974.3.peg.1902.site.12, 3, 113, 116
1120974.3.peg.1902.site.13, 13, 165, 178
1120974.3.peg.1902.site.14, 3, 213, 216
1120974.3.peg.1902.site.15, 4, 216, 220
1120974.3.peg.1902.site.16, 0, 215, 215
1120974.3.peg.1902.site.17, 83, 213, 296
1120974.3.peg.1902.site.18, 0, 216, 216
1120974.3.peg.1902.site.19, 0, 214, 214
1120974.3.peg.1902.site.20, 0, 214, 214
1120974.3.peg.1902.site.21, 3, 211, 214
1120974.3.peg.1902.site.22, 0, 210, 210
1120974.3.peg.1902.site.23, 9, 211, 220
1120974.3.peg.1902.site.24, 0, 210, 210
1120974.3.peg.1902.site.25, 210, 210, 420
1120974.3.peg.1902.site.26, 4, 214, 218
1120974.3.peg.1902.site.27, 50, 213, 263
1120974.3.peg.1902.site.28, 0, 215, 215
1120974.3.peg.1901.site.1, 1, 119, 120
1120974.3.peg.1901.site.2, 51, 209, 260
1120974.3.peg.1901.site.3, 52, 214, 266
1120974.3.peg.1901.site.4, 5, 213, 218
1120974.3.peg.1901.site.5, 44, 204, 248
1120974.3.peg.1901.site.6, 0, 212, 212
1120974.3.peg.1901.site.7, 162, 213, 375
1120974.3.peg.1901.site.8, 4, 216, 220
1120974.3.peg.1901.site.9, 0, 216, 216
1120974.3.peg.1901.site.10, 3, 215, 218
1120974.3.peg.1901.site.11, 0, 214, 214
1120974.3.peg.1901.site.12, 1, 212, 213
1120974.3.peg.1901.site.13, 54, 208, 262
1120974.3.peg.1901.site.14, 54, 208, 262
1120974.3.peg.1901.site.15, 5, 212, 217
1120974.3.peg.1901.site.16, 5, 211, 216
1120974.3.peg.1901.site.17, 0, 211, 211
1120974.3.peg.1901.site.18, 51, 208, 259
1120974.3.peg.1901.site.19, 55, 208, 263
1120974.3.peg.1901.site.20, 50, 207, 257
1120974.3.peg.1901.site.21, 48, 207, 255
1120974.3.peg.1901.site.22, 1, 209, 210
1120974.3.peg.1901.site.23, 43, 204, 247
1120974.3.peg.1901.site.24, 63, 204, 267
1120974.3.peg.1901.site.25, 53, 210, 263
1120974.3.peg.1901.site.26, 2, 212, 214
1120974.3.peg.1901.site.27, 1, 213, 214
1120974.3.peg.1901.site.28, 2, 214, 216
1120974.3.peg.1901.site.29, 0, 211, 211
1120974.3.peg.1901.site.30, 4, 212, 216
1120974.3.peg.1901.site.31, 57, 210, 267
1120974.3.peg.1901.site.32, 57, 210, 267
1120974.3.peg.1901.site.33, 97, 201, 298
1120974.3.peg.1901.site.34, 0, 203, 203
1120974.3.peg.1901.site.35, 89, 199, 288
1120974.3.peg.1901.site.36, 1, 202, 203
1120974.3.peg.1901.site.37, 1, 194, 195
1120974.3.peg.1901.site.38, 72, 183, 255
1120974.3.peg.1901.site.39, 53, 162, 215
1120974.3.peg.1778.site.1, 14, 141, 155
1120974.3.peg.1778.site.2, 122, 174, 296
1120974.3.peg.1778.site.3, 3, 216, 219
1120974.3.peg.1778.site.4, 1, 175, 176
1120974.3.peg.1778.site.5, 32, 183, 215
1120974.3.peg.1778.site.6, 3, 195, 198
1120974.3.peg.1778.site.7, 0, 214, 214
1120974.3.peg.1778.site.8, 0, 215, 215
1120974.3.peg.1778.site.9, 0, 214, 214
1120974.3.peg.1019.site.1, 187, 212, 399
1120974.3.peg.1019.site.2, 1, 214, 215
1120974.3.peg.1019.site.3, 0, 214, 214
1120974.3.peg.1019.site.4, 0, 216, 216
1120974.3.peg.1019.site.5, 0, 215, 215
1120974.3.peg.1019.site.6, 0, 216, 216
1120974.3.peg.1019.site.7, 185, 215, 400
1120974.3.peg.1019.site.8, 183, 213, 396
1120974.3.peg.1019.site.9, 7, 211, 218
1120974.3.peg.1019.site.10, 180, 210, 390
1120974.3.peg.1019.site.11, 62, 207, 269
1120974.3.peg.1019.site.12, 176, 203, 379
1120974.3.peg.1019.site.13, 0, 216, 216
1120974.3.peg.1019.site.14, 185, 213, 398
1120974.3.peg.1019.site.15, 185, 215, 400
1120974.3.peg.1019.site.16, 189, 214, 403
1120974.3.peg.1019.site.17, 7, 216, 223
1120974.3.peg.1019.site.18, 108, 204, 312
1120974.3.peg.1019.site.19, 17, 214, 231
1120974.3.peg.1019.site.20, 1, 210, 211
1120974.3.peg.1019.site.21, 0, 212, 212
1120974.3.peg.1019.site.22, 185, 214, 399
1120974.3.peg.1019.site.23, 7, 203, 210
1120974.3.peg.1018.site.1, 77, 209, 286
1120974.3.peg.1018.site.2, 78, 210, 288
1120974.3.peg.1018.site.3, 38, 214, 252
1120974.3.peg.1018.site.4, 0, 215, 215
1120974.3.peg.1018.site.5, 77, 210, 287
1120974.3.peg.1018.site.6, 0, 213, 213
1120974.3.peg.1018.site.7, 52, 175, 227
1120974.3.peg.1018.site.8, 51, 165, 216
1120974.3.peg.1018.site.9, 131, 133, 264
1120974.3.peg.1018.site.10, 18, 148, 166
1120974.3.peg.1018.site.11, 3, 194, 197
1120974.3.peg.1018.site.12, 42, 159, 201
1120974.3.peg.1018.site.13, 180, 195, 375
1120974.3.peg.1018.site.14, 70, 210, 280
1120974.3.peg.1018.site.15, 0, 216, 216
1120974.3.peg.1018.site.16, 0, 216, 216
1120974.3.peg.1018.site.17, 4, 215, 219
1120974.3.peg.1015.site.1, 1, 215, 216
1120974.3.peg.1015.site.2, 119, 211, 330
1120974.3.peg.1015.site.3, 1, 214, 215
1120974.3.peg.1015.site.4, 124, 212, 336
1120974.3.peg.1015.site.5, 124, 212, 336
1120974.3.peg.1015.site.6, 4, 214, 218
1120974.3.peg.1015.site.7, 1, 215, 216
1120974.3.peg.1015.site.8, 191, 214, 405
1120974.3.peg.1015.site.9, 191, 214, 405
1120974.3.peg.1015.site.10, 192, 215, 407
1120974.3.peg.1015.site.11, 0, 211, 211
1120974.3.peg.1014.site.1, 189, 211, 400
1120974.3.peg.1014.site.2, 188, 213, 401
1120974.3.peg.1014.site.3, 193, 214, 407
1120974.3.peg.1014.site.4, 190, 215, 405
1120974.3.peg.1014.site.5, 1, 215, 216
1120974.3.peg.1017.site.1, 0, 215, 215
1120974.3.peg.1017.site.2, 192, 214, 406
1120974.3.peg.1017.site.3, 189, 211, 400
1120974.3.peg.1017.site.4, 190, 212, 402
1120974.3.peg.1017.site.5, 0, 216, 216
1120974.3.peg.1017.site.6, 192, 214, 406
1120974.3.peg.1017.site.7, 197, 214, 411
1120974.3.peg.1017.site.8, 5, 215, 220
1120974.3.peg.1017.site.9, 193, 214, 407
1120974.3.peg.1017.site.10, 186, 213, 399
1120974.3.peg.1017.site.11, 196, 213, 409
1120974.3.peg.1017.site.12, 187, 215, 402
1120974.3.peg.1017.site.13, 0, 216, 216
1120974.3.peg.1017.site.14, 2, 216, 218
1120974.3.peg.1017.site.15, 1, 216, 217
1120974.3.peg.1017.site.16, 211, 215, 426
1120974.3.peg.1017.site.17, 98, 209, 307
1120974.3.peg.1017.site.18, 1, 213, 214
1120974.3.peg.1017.site.19, 6, 213, 219
1120974.3.peg.1017.site.20, 92, 209, 301
1120974.3.peg.1017.site.21, 85, 210, 295
1120974.3.peg.1017.site.22, 1, 216, 217
1120974.3.peg.1017.site.23, 94, 208, 302
1120974.3.peg.1017.site.24, 7, 216, 223
1120974.3.peg.1017.site.25, 0, 216, 216
1120974.3.peg.1017.site.26, 87, 209, 296
1120974.3.peg.1017.site.27, 208, 214, 422
1120974.3.peg.1017.site.28, 184, 212, 396
1120974.3.peg.1017.site.29, 167, 199, 366
1120974.3.peg.1017.site.30, 189, 196, 385
1120974.3.peg.1017.site.31, 100, 133, 233
1120974.3.peg.1017.site.32, 86, 118, 204
1120974.3.peg.1017.site.33, 14, 137, 151
1120974.3.peg.1017.site.34, 113, 144, 257
1120974.3.peg.1017.site.35, 108, 211, 319
1120974.3.peg.1878.site.1, 4, 18, 22
1120974.3.peg.1878.site.2, 24, 41, 65
1120974.3.peg.1878.site.3, 64, 80, 144
1120974.3.peg.1878.site.4, 86, 100, 186
1120974.3.peg.1878.site.5, 173, 206, 379
1120974.3.peg.1878.site.6, 180, 212, 392
1120974.3.peg.1878.site.7, 181, 212, 393
1120974.3.peg.1878.site.8, 0, 215, 215
1120974.3.peg.1878.site.9, 177, 210, 387
1120974.3.peg.1878.site.10, 179, 209, 388
1120974.3.peg.1878.site.11, 3, 190, 193
1120974.3.peg.1878.site.12, 165, 194, 359
1120974.3.peg.1878.site.13, 205, 206, 411
1120974.3.peg.1878.site.14, 184, 214, 398
1120974.3.peg.1013.site.1, 0, 210, 210
1120974.3.peg.1013.site.2, 192, 216, 408
1120974.3.peg.1013.site.3, 44, 65, 109
1120974.3.peg.1013.site.4, 4, 30, 34
1120974.3.peg.1013.site.5, 11, 38, 49
1120974.3.peg.1013.site.6, 178, 205, 383
1120974.3.peg.1013.site.7, 0, 215, 215
1120974.3.peg.1013.site.8, 187, 214, 401
1120974.3.peg.1479.site.1, 136, 204, 340
1120974.3.peg.1479.site.2, 0, 204, 204
1120974.3.peg.1479.site.3, 0, 207, 207
1120974.3.peg.1479.site.4, 104, 205, 309
1120974.3.peg.1479.site.5, 44, 209, 253
1120974.3.peg.1479.site.6, 0, 209, 209
1120974.3.peg.1479.site.7, 1, 206, 207
1120974.3.peg.1479.site.8, 2, 204, 206
1120974.3.peg.1479.site.9, 0, 205, 205
1120974.3.peg.1479.site.10, 3, 210, 213
1120974.3.peg.1479.site.11, 4, 209, 213
1120974.3.peg.1479.site.12, 97, 210, 307
1120974.3.peg.1479.site.13, 4, 214, 218
1120974.3.peg.1479.site.14, 214, 214, 428
1120974.3.peg.1479.site.15, 3, 214, 217
1120974.3.peg.1479.site.16, 95, 205, 300
1120974.3.peg.1479.site.17, 99, 206, 305
1120974.3.peg.1479.site.18, 1, 213, 214
1120974.3.peg.1479.site.19, 0, 215, 215
1120974.3.peg.1479.site.20, 0, 214, 214
1120974.3.peg.1479.site.21, 4, 214, 218
1120974.3.peg.1479.site.22, 4, 214, 218
1120974.3.peg.1479.site.23, 42, 213, 255
1120974.3.peg.1479.site.24, 4, 215, 219
1120974.3.peg.1479.site.25, 100, 209, 309
1120974.3.peg.1478.site.1, 158, 204, 362
1120974.3.peg.1478.site.2, 125, 172, 297
1120974.3.peg.1478.site.3, 25, 89, 114
1120974.3.peg.1478.site.4, 25, 87, 112
1120974.3.peg.1478.site.5, 34, 81, 115
1120974.3.peg.1478.site.6, 14, 89, 103
1120974.3.peg.1478.site.7, 19, 104, 123
1120974.3.peg.1478.site.8, 42, 212, 254
1120974.3.peg.1478.site.9, 4, 215, 219
1120974.3.peg.1478.site.10, 7, 216, 223
1120974.3.peg.1478.site.11, 110, 209, 319
1120974.3.peg.1478.site.12, 5, 208, 213
1120974.3.peg.1478.site.13, 5, 198, 203
1120974.3.peg.1478.site.14, 122, 196, 318
1120974.3.peg.1478.site.15, 11, 187, 198
1120974.3.peg.1478.site.16, 2, 204, 206
1120974.3.peg.1476.site.1, 6, 216, 222
1120974.3.peg.1476.site.2, 0, 214, 214
1120974.3.peg.1476.site.3, 4, 212, 216
1120974.3.peg.1476.site.4, 1, 207, 208
1120974.3.peg.1476.site.5, 41, 215, 256
1120974.3.peg.1476.site.6, 1, 215, 216
1120974.3.peg.1476.site.7, 1, 213, 214
1120974.3.peg.1476.site.8, 40, 215, 255
1120974.3.peg.1476.site.9, 147, 211, 358
1120974.3.peg.1476.site.10, 39, 215, 254
1120974.3.peg.1476.site.11, 4, 198, 202
1120974.3.peg.1476.site.12, 4, 182, 186
1120974.3.peg.1476.site.13, 3, 208, 211
1120974.3.peg.1476.site.14, 2, 203, 205
1120974.3.peg.1476.site.15, 112, 204, 316
1120974.3.peg.1476.site.16, 204, 216, 420
1120974.3.peg.1476.site.17, 171, 215, 386
1120974.3.peg.1476.site.18, 203, 213, 416
1120974.3.peg.1476.site.19, 69, 212, 281
1120974.3.peg.1475.site.1, 4, 216, 220
1120974.3.peg.1475.site.2, 0, 216, 216
1120974.3.peg.1475.site.3, 44, 215, 259
1120974.3.peg.1475.site.4, 0, 213, 213
1120974.3.peg.1475.site.5, 0, 213, 213
1120974.3.peg.1475.site.6, 0, 215, 215
1120974.3.peg.1475.site.7, 1, 214, 215
1120974.3.peg.1475.site.8, 178, 212, 390
1120974.3.peg.1475.site.9, 0, 214, 214
1120974.3.peg.1475.site.10, 0, 214, 214
1120974.3.peg.1475.site.11, 0, 212, 212
1120974.3.peg.1475.site.12, 1, 214, 215
1120974.3.peg.1475.site.13, 202, 215, 417
1120974.3.peg.1475.site.14, 5, 216, 221
1120974.3.peg.1475.site.15, 6, 216, 222
1120974.3.peg.1474.site.1, 128, 169, 297
1120974.3.peg.1474.site.2, 152, 154, 306
1120974.3.peg.1474.site.3, 145, 147, 292
1120974.3.peg.1474.site.4, 21, 138, 159
1120974.3.peg.1474.site.5, 0, 151, 151
1120974.3.peg.1474.site.6, 0, 159, 159
1120974.3.peg.1474.site.7, 172, 175, 347
1120974.3.peg.1474.site.8, 20, 99, 119
1120974.3.peg.1474.site.9, 5, 181, 186
1120974.3.peg.1474.site.10, 0, 206, 206
1120974.3.peg.1474.site.11, 198, 216, 414
1120974.3.peg.1474.site.12, 58, 211, 269
1120974.3.peg.1474.site.13, 12, 215, 227
1120974.3.peg.1474.site.14, 9, 214, 223
1120974.3.peg.1474.site.15, 8, 213, 221
1120974.3.peg.1474.site.16, 10, 209, 219
1120974.3.peg.1474.site.17, 207, 207, 414
1120974.3.peg.1474.site.18, 0, 211, 211
1120974.3.peg.1474.site.19, 47, 209, 256
1120974.3.peg.1474.site.20, 45, 199, 244
1120974.3.peg.1474.site.21, 0, 211, 211
1120974.3.peg.1474.site.22, 2, 212, 214
1120974.3.peg.1474.site.23, 2, 207, 209
1120974.3.peg.1474.site.24, 0, 208, 208
1120974.3.peg.1474.site.25, 215, 215, 430
1120974.3.peg.1474.site.26, 4, 215, 219
1120974.3.peg.1474.site.27, 14, 208, 222
1120974.3.peg.1474.site.28, 17, 174, 191
1120974.3.peg.1474.site.29, 10, 207, 217
1120974.3.peg.1474.site.30, 0, 215, 215
1120974.3.peg.1474.site.31, 44, 210, 254
1120974.3.peg.1474.site.32, 193, 213, 406
1120974.3.peg.1474.site.33, 62, 211, 273
1120974.3.peg.1474.site.34, 12, 215, 227
1120974.3.peg.1474.site.35, 5, 208, 213
1120974.3.peg.1474.site.36, 152, 197, 349
1120974.3.peg.1474.site.37, 141, 196, 337
1120974.3.peg.1474.site.38, 1, 205, 206
1120974.3.peg.1474.site.39, 0, 215, 215
1120974.3.peg.1474.site.40, 0, 215, 215
1120974.3.peg.1474.site.41, 31, 213, 244
1120974.3.peg.1474.site.42, 33, 214, 247
1120974.3.peg.1474.site.43, 0, 192, 192
1120974.3.peg.1473.site.1, 4, 209, 213
1120974.3.peg.1473.site.2, 1, 209, 210
1120974.3.peg.1473.site.3, 207, 208, 415
1120974.3.peg.1473.site.4, 25, 195, 220
1120974.3.peg.1473.site.5, 0, 208, 208
1120974.3.peg.1473.site.6, 0, 197, 197
1120974.3.peg.1473.site.7, 191, 195, 386
1120974.3.peg.1473.site.8, 121, 190, 311
1120974.3.peg.1473.site.9, 0, 190, 190
1120974.3.peg.1473.site.10, 0, 200, 200
1120974.3.peg.1473.site.11, 196, 206, 402
1120974.3.peg.1473.site.12, 179, 193, 372
1120974.3.peg.1473.site.13, 0, 196, 196
1120974.3.peg.1473.site.14, 148, 186, 334
1120974.3.peg.1472.site.1, 145, 170, 315
1120974.3.peg.1472.site.2, 0, 205, 205
1120974.3.peg.1472.site.3, 0, 204, 204
1120974.3.peg.1472.site.4, 181, 201, 382
1120974.3.peg.1472.site.5, 154, 194, 348
1120974.3.peg.1472.site.6, 205, 205, 410
1120974.3.peg.1472.site.7, 19, 211, 230
1120974.3.peg.1472.site.8, 1, 212, 213
1120974.3.peg.1472.site.9, 2, 214, 216
1120974.3.peg.1472.site.10, 171, 213, 384
1120974.3.peg.1472.site.11, 194, 213, 407
1120974.3.peg.1472.site.12, 195, 214, 409
1120974.3.peg.1472.site.13, 0, 215, 215
1120974.3.peg.1472.site.14, 193, 212, 405
1120974.3.peg.1472.site.15, 194, 214, 408
1120974.3.peg.1472.site.16, 195, 215, 410
1120974.3.peg.1472.site.17, 193, 214, 407
1120974.3.peg.1472.site.18, 185, 205, 390
1120974.3.peg.1472.site.19, 11, 212, 223
1120974.3.peg.1472.site.20, 195, 215, 410
1120974.3.peg.1472.site.21, 1, 216, 217
1120974.3.peg.1472.site.22, 0, 212, 212
1120974.3.peg.1472.site.23, 138, 206, 344
1120974.3.peg.1472.site.24, 0, 214, 214
1120974.3.peg.1472.site.25, 0, 216, 216
1120974.3.peg.1472.site.26, 1, 216, 217
1120974.3.peg.1471.site.1, 158, 200, 358
1120974.3.peg.1471.site.2, 23, 200, 223
1120974.3.peg.1471.site.3, 9, 195, 204
1120974.3.peg.1471.site.4, 1, 201, 202
1120974.3.peg.1471.site.5, 21, 186, 207
1120974.3.peg.1471.site.6, 140, 181, 321
1120974.3.peg.1471.site.7, 31, 196, 227
1120974.3.peg.1471.site.8, 2, 204, 206
1120974.3.peg.1471.site.9, 161, 200, 361
1120974.3.peg.1471.site.10, 209, 209, 418
1120974.3.peg.1471.site.11, 0, 207, 207
1120974.3.peg.1471.site.12, 25, 199, 224
1120974.3.peg.1471.site.13, 161, 212, 373
1120974.3.peg.1471.site.14, 12, 211, 223
1120974.3.peg.1471.site.15, 9, 164, 173
1120974.3.peg.1471.site.16, 145, 163, 308
1120974.3.peg.1471.site.17, 140, 169, 309
1120974.3.peg.1471.site.18, 142, 173, 315
1120974.3.peg.1471.site.19, 0, 184, 184
1120974.3.peg.1471.site.20, 185, 185, 370
1120974.3.peg.1471.site.21, 1, 183, 184
1120974.3.peg.1471.site.22, 199, 199, 398
1120974.3.peg.1471.site.23, 148, 192, 340
1120974.3.peg.1471.site.24, 149, 192, 341
1120974.3.peg.1471.site.25, 148, 182, 330
1120974.3.peg.1471.site.26, 1, 185, 186
1120974.3.peg.1471.site.27, 10, 193, 203
1120974.3.peg.1471.site.28, 147, 184, 331
1120974.3.peg.1471.site.29, 10, 201, 211
1120974.3.peg.1471.site.30, 1, 191, 192
1120974.3.peg.1471.site.31, 172, 173, 345
1120974.3.peg.1471.site.32, 3, 171, 174
1120974.3.peg.1471.site.33, 1, 184, 185
1120974.3.peg.1471.site.34, 0, 185, 185
1120974.3.peg.1471.site.35, 201, 201, 402
1120974.3.peg.1471.site.36, 181, 199, 380
1120974.3.peg.1471.site.37, 175, 190, 365
1120974.3.peg.1471.site.38, 164, 184, 348
1120974.3.peg.1470.site.1, 0, 216, 216
1120974.3.peg.1470.site.2, 0, 216, 216
1120974.3.peg.1470.site.3, 191, 211, 402
1120974.3.peg.1470.site.4, 4, 214, 218
1120974.3.peg.1470.site.5, 213, 214, 427
1120974.3.peg.1470.site.6, 157, 209, 366
1120974.3.peg.1470.site.7, 39, 211, 250
1120974.3.peg.1470.site.8, 2, 215, 217
1120974.3.peg.1470.site.9, 0, 194, 194
1120974.3.peg.1470.site.10, 23, 166, 189
1120974.3.peg.1470.site.11, 146, 146, 292
1120974.3.peg.1470.site.12, 0, 130, 130
1120974.3.peg.1470.site.13, 114, 143, 257
1120974.3.peg.1495.site.1, 180, 200, 380
1120974.3.peg.1495.site.2, 178, 203, 381
1120974.3.peg.1495.site.3, 3, 215, 218
1120974.3.peg.1495.site.4, 2, 215, 217
1120974.3.peg.1495.site.5, 159, 181, 340
1120974.3.peg.1495.site.6, 59, 63, 122
1120974.3.peg.1495.site.7, 58, 80, 138
1120974.3.peg.1495.site.8, 193, 212, 405
1120974.3.peg.1495.site.9, 27, 49, 76
1120974.3.peg.1495.site.10, 19, 41, 60
1120974.3.peg.1495.site.11, 15, 37, 52
1120974.3.peg.1495.site.12, 9, 171, 180
1120974.3.peg.1495.site.13, 1, 187, 188
1120974.3.peg.1495.site.14, 168, 188, 356
1120974.3.peg.1494.site.1, 4, 5, 9
1120974.3.peg.1494.site.2, 1, 6, 7
1120974.3.peg.1494.site.3, 3, 99, 102
1120974.3.peg.1494.site.4, 28, 176, 204
1120974.3.peg.1494.site.5, 2, 203, 205
1120974.3.peg.1494.site.6, 155, 208, 363
1120974.3.peg.1494.site.7, 212, 215, 427
1120974.3.peg.1494.site.8, 2, 216, 218
1120974.3.peg.1494.site.9, 157, 206, 363
1120974.3.peg.1494.site.10, 28, 207, 235
1120974.3.peg.1494.site.11, 29, 207, 236
1120974.3.peg.1494.site.12, 32, 209, 241
1120974.3.peg.1494.site.13, 196, 216, 412
1120974.3.peg.1494.site.14, 42, 213, 255
1120974.3.peg.1494.site.15, 0, 213, 213
1120974.3.peg.1494.site.16, 132, 152, 284
1120974.3.peg.1494.site.17, 118, 129, 247
1120974.3.peg.1494.site.18, 86, 107, 193
1120974.3.peg.1494.site.19, 3, 82, 85
1120974.3.peg.1494.site.20, 99, 119, 218
1120974.3.peg.1494.site.21, 8, 206, 214
1120974.3.peg.1494.site.22, 35, 211, 246
1120974.3.peg.1494.site.23, 36, 206, 242
1120974.3.peg.1494.site.24, 187, 204, 391
1120974.3.peg.1494.site.25, 191, 213, 404
1120974.3.peg.1497.site.1, 8, 141, 149
1120974.3.peg.1497.site.2, 14, 208, 222
1120974.3.peg.1497.site.3, 161, 214, 375
1120974.3.peg.1497.site.4, 215, 215, 430
1120974.3.peg.1497.site.5, 160, 212, 372
1120974.3.peg.1497.site.6, 161, 215, 376
1120974.3.peg.1497.site.7, 195, 206, 401
1120974.3.peg.1497.site.8, 206, 206, 412
1120974.3.peg.1497.site.9, 31, 192, 223
1120974.3.peg.1497.site.10, 130, 169, 299
1120974.3.peg.1497.site.11, 20, 133, 153
1120974.3.peg.1497.site.12, 18, 141, 159
1120974.3.peg.1497.site.13, 150, 154, 304
1120974.3.peg.1497.site.14, 164, 176, 340
1120974.3.peg.1497.site.15, 121, 152, 273
1120974.3.peg.1497.site.16, 124, 156, 280
1120974.3.peg.1497.site.17, 0, 155, 155
1120974.3.peg.1497.site.18, 1, 171, 172
1120974.3.peg.1497.site.19, 2, 177, 179
1120974.3.peg.1497.site.20, 154, 185, 339
1120974.3.peg.1497.site.21, 152, 170, 322
1120974.3.peg.1497.site.22, 91, 108, 199
1120974.3.peg.1497.site.23, 47, 66, 113
1120974.3.peg.1497.site.24, 119, 137, 256
1120974.3.peg.1497.site.25, 168, 186, 354
1120974.3.peg.1497.site.26, 1, 194, 195
1120974.3.peg.1497.site.27, 130, 175, 305
1120974.3.peg.1497.site.28, 121, 125, 246
1120974.3.peg.1497.site.29, 38, 56, 94
1120974.3.peg.1497.site.30, 70, 70, 140
1120974.3.peg.1497.site.31, 4, 207, 211
1120974.3.peg.1497.site.32, 55, 204, 259
1120974.3.peg.1497.site.33, 57, 209, 266
1120974.3.peg.1497.site.34, 0, 214, 214
1120974.3.peg.1497.site.35, 137, 208, 345
1120974.3.peg.1496.site.1, 0, 215, 215
1120974.3.peg.1496.site.2, 4, 216, 220
1120974.3.peg.1496.site.3, 185, 207, 392
1120974.3.peg.1496.site.4, 49, 207, 256
1120974.3.peg.1496.site.5, 187, 210, 397
1120974.3.peg.1496.site.6, 3, 208, 211
1120974.3.peg.1496.site.7, 44, 211, 255
1120974.3.peg.1496.site.8, 10, 208, 218
1120974.3.peg.1496.site.9, 213, 215, 428
1120974.3.peg.1496.site.10, 1, 216, 217
1120974.3.peg.1496.site.11, 3, 215, 218
1120974.3.peg.1496.site.12, 135, 211, 346
1120974.3.peg.1496.site.13, 185, 201, 386
1120974.3.peg.1496.site.14, 2, 207, 209
1120974.3.peg.1496.site.15, 1, 204, 205
1120974.3.peg.1496.site.16, 5, 207, 212
1120974.3.peg.1496.site.17, 6, 209, 215
1120974.3.peg.1496.site.18, 0, 209, 209
1120974.3.peg.1496.site.19, 186, 210, 396
1120974.3.peg.1496.site.20, 2, 215, 217
1120974.3.peg.1496.site.21, 156, 210, 366
1120974.3.peg.1496.site.22, 0, 216, 216
1120974.3.peg.1496.site.23, 2, 216, 218
1120974.3.peg.1496.site.24, 7, 215, 222
1120974.3.peg.1496.site.25, 0, 214, 214
1120974.3.peg.1496.site.26, 203, 214, 417
1120974.3.peg.1496.site.27, 201, 212, 413
1120974.3.peg.1496.site.28, 13, 214, 227
1120974.3.peg.1496.site.29, 13, 208, 221
1120974.3.peg.1496.site.30, 157, 205, 362
1120974.3.peg.1499.site.1, 104, 200, 304
1120974.3.peg.1499.site.2, 0, 212, 212
1120974.3.peg.1499.site.3, 0, 215, 215
1120974.3.peg.1499.site.4, 0, 215, 215
1120974.3.peg.1499.site.5, 111, 212, 323
1120974.3.peg.1499.site.6, 109, 210, 319
1120974.3.peg.1499.site.7, 115, 210, 325
1120974.3.peg.1499.site.8, 0, 214, 214
1120974.3.peg.1499.site.9, 145, 199, 344
1120974.3.peg.1499.site.10, 0, 181, 181
1120974.3.peg.1499.site.11, 0, 168, 168
1120974.3.peg.1499.site.12, 0, 177, 177
1120974.3.peg.1499.site.13, 0, 157, 157
1120974.3.peg.1499.site.14, 7, 195, 202
1120974.3.peg.1499.site.15, 0, 203, 203
1120974.3.peg.1499.site.16, 0, 205, 205
1120974.3.peg.1499.site.17, 94, 193, 287
1120974.3.peg.1499.site.18, 64, 198, 262
1120974.3.peg.1499.site.19, 0, 193, 193
1120974.3.peg.1499.site.20, 105, 201, 306
1120974.3.peg.1499.site.21, 80, 199, 279
1120974.3.peg.1499.site.22, 0, 209, 209
1120974.3.peg.1499.site.23, 0, 198, 198
1120974.3.peg.1499.site.24, 0, 187, 187
1120974.3.peg.1499.site.25, 0, 193, 193
1120974.3.peg.1499.site.26, 88, 192, 280
1120974.3.peg.1499.site.27, 0, 210, 210
1120974.3.peg.1499.site.28, 0, 214, 214
1120974.3.peg.1499.site.29, 4, 216, 220
1120974.3.peg.1499.site.30, 208, 215, 423
1120974.3.peg.1499.site.31, 0, 215, 215
1120974.3.peg.1499.site.32, 0, 215, 215
1120974.3.peg.1499.site.33, 10, 215, 225
1120974.3.peg.1499.site.34, 19, 214, 233
1120974.3.peg.1499.site.35, 33, 212, 245
1120974.3.peg.1499.site.36, 176, 210, 386
1120974.3.peg.1499.site.37, 0, 192, 192
1120974.3.peg.1499.site.38, 2, 195, 197
1120974.3.peg.1499.site.39, 133, 189, 322
1120974.3.peg.1499.site.40, 113, 172, 285
1120974.3.peg.1499.site.41, 0, 176, 176
1120974.3.peg.1499.site.42, 0, 170, 170
1120974.3.peg.1499.site.43, 116, 177, 293
1120974.3.peg.1499.site.44, 0, 188, 188
1120974.3.peg.1499.site.45, 36, 199, 235
1120974.3.peg.1499.site.46, 26, 204, 230
1120974.3.peg.1499.site.47, 17, 210, 227
1120974.3.peg.1499.site.48, 2, 209, 211
1120974.3.peg.1499.site.49, 4, 198, 202
1120974.3.peg.1499.site.50, 2, 202, 204
1120974.3.peg.1499.site.51, 2, 213, 215
1120974.3.peg.1499.site.52, 0, 214, 214
1120974.3.peg.1499.site.53, 40, 214, 254
1120974.3.peg.1499.site.54, 4, 215, 219
1120974.3.peg.1499.site.55, 11, 215, 226
1120974.3.peg.1499.site.56, 184, 206, 390
1120974.3.peg.1499.site.57, 16, 211, 227
1120974.3.peg.1499.site.58, 2, 214, 216
1120974.3.peg.1499.site.59, 147, 210, 357
1120974.3.peg.1499.site.60, 39, 214, 253
1120974.3.peg.1499.site.61, 145, 209, 354
1120974.3.peg.1499.site.62, 38, 212, 250
1120974.3.peg.1499.site.63, 2, 216, 218
1120974.3.peg.1499.site.64, 0, 214, 214
1120974.3.peg.1499.site.65, 150, 210, 360
1120974.3.peg.1499.site.66, 144, 206, 350
1120974.3.peg.1498.site.1, 141, 211, 352
1120974.3.peg.1498.site.2, 4, 213, 217
1120974.3.peg.1498.site.3, 126, 198, 324
1120974.3.peg.1498.site.4, 131, 204, 335
1120974.3.peg.1498.site.5, 129, 204, 333
1120974.3.peg.1498.site.6, 106, 182, 288
1120974.3.peg.1498.site.7, 87, 162, 249
1120974.3.peg.1498.site.8, 24, 100, 124
1120974.3.peg.1498.site.9, 17, 93, 110
1120974.3.peg.1498.site.10, 201, 215, 416
1120974.3.peg.1498.site.11, 128, 211, 339
1120974.3.peg.1498.site.12, 2, 213, 215
1120974.3.peg.1498.site.13, 109, 207, 316
1120974.3.peg.1498.site.14, 143, 208, 351
1120974.3.peg.1498.site.15, 119, 208, 327
1120974.3.peg.1498.site.16, 0, 212, 212
1120974.3.peg.1498.site.17, 9, 212, 221
1120974.3.peg.1498.site.18, 127, 212, 339
1120974.3.peg.1498.site.19, 2, 215, 217
1120974.3.peg.1498.site.20, 8, 213, 221
1120974.3.peg.1498.site.21, 113, 209, 322
1120974.3.peg.1498.site.22, 120, 208, 328
1120974.3.peg.1498.site.23, 133, 209, 342
1120974.3.peg.1498.site.24, 121, 204, 325
1120974.3.peg.1498.site.25, 136, 207, 343
1120974.3.peg.1498.site.26, 7, 199, 206
1120974.3.peg.1498.site.27, 1, 189, 190
1120974.3.peg.1498.site.28, 1, 164, 165
1120974.3.peg.1498.site.29, 110, 123, 233
1120974.3.peg.1498.site.30, 39, 113, 152
1120974.3.peg.1498.site.31, 28, 116, 144
1120974.3.peg.1498.site.32, 0, 131, 131
1120974.3.peg.1498.site.33, 1, 148, 149
1120974.3.peg.1498.site.34, 118, 202, 320
1120974.3.peg.1498.site.35, 4, 215, 219
1120974.3.peg.1498.site.36, 2, 215, 217
1120974.3.peg.1498.site.37, 182, 206, 388
1120974.3.peg.1498.site.38, 111, 196, 307
1120974.3.peg.1498.site.39, 1, 208, 209
1120974.3.peg.1498.site.40, 10, 214, 224
1120974.3.peg.1498.site.41, 182, 197, 379
1120974.3.peg.1498.site.42, 124, 204, 328
1120974.3.peg.1498.site.43, 202, 208, 410
1120974.3.peg.1498.site.44, 99, 185, 284
1120974.3.peg.1701.site.1, 121, 214, 335
1120974.3.peg.1701.site.2, 2, 216, 218
1120974.3.peg.1701.site.3, 50, 211, 261
1120974.3.peg.1701.site.4, 123, 214, 337
1120974.3.peg.1701.site.5, 0, 215, 215
1120974.3.peg.1701.site.6, 2, 215, 217
1120974.3.peg.1701.site.7, 187, 215, 402
1120974.3.peg.1701.site.8, 24, 214, 238
1120974.3.peg.1701.site.9, 0, 213, 213
1120974.3.peg.1701.site.10, 125, 214, 339
1120974.3.peg.1701.site.11, 2, 216, 218
1120974.3.peg.1701.site.12, 126, 215, 341
1120974.3.peg.1701.site.13, 6, 216, 222
1120974.3.peg.1701.site.14, 125, 213, 338
1120974.3.peg.1701.site.15, 4, 216, 220
1120974.3.peg.1701.site.16, 125, 214, 339
1120974.3.peg.1701.site.17, 121, 212, 333
1120974.3.peg.1701.site.18, 122, 213, 335
1120974.3.peg.1700.site.1, 54, 213, 267
1120974.3.peg.1700.site.2, 2, 216, 218
1120974.3.peg.1700.site.3, 8, 169, 177
1120974.3.peg.1700.site.4, 7, 169, 176
1120974.3.peg.1700.site.5, 6, 168, 174
1120974.3.peg.1700.site.6, 3, 165, 168
1120974.3.peg.1700.site.7, 0, 162, 162
1120974.3.peg.1700.site.8, 11, 173, 184
1120974.3.peg.1700.site.9, 204, 204, 408
1120974.3.peg.1700.site.10, 0, 208, 208
1120974.3.peg.1700.site.11, 209, 209, 418
1120974.3.peg.1700.site.12, 50, 210, 260
1120974.3.peg.1700.site.13, 50, 211, 261
1120974.3.peg.1700.site.14, 52, 212, 264
1120974.3.peg.1700.site.15, 4, 216, 220
1120974.3.peg.1700.site.16, 48, 207, 255
1120974.3.peg.1700.site.17, 50, 209, 259
1120974.3.peg.1700.site.18, 2, 216, 218
1120974.3.peg.1700.site.19, 212, 212, 424
1120974.3.peg.1700.site.20, 51, 208, 259
1120974.3.peg.1700.site.21, 0, 215, 215
1120974.3.peg.1700.site.22, 0, 213, 213
1120974.3.peg.1700.site.23, 0, 211, 211
1120974.3.peg.1700.site.24, 4, 211, 215
1120974.3.peg.1703.site.1, 0, 213, 213
1120974.3.peg.1703.site.2, 180, 201, 381
1120974.3.peg.1703.site.3, 9, 205, 214
1120974.3.peg.1703.site.4, 121, 203, 324
1120974.3.peg.1703.site.5, 61, 211, 272
1120974.3.peg.1703.site.6, 1, 215, 216
1120974.3.peg.1703.site.7, 200, 215, 415
1120974.3.peg.1703.site.8, 6, 216, 222
1120974.3.peg.1703.site.9, 1, 210, 211
1120974.3.peg.1703.site.10, 0, 209, 209
1120974.3.peg.1703.site.11, 54, 204, 258
1120974.3.peg.1703.site.12, 1, 216, 217
1120974.3.peg.1703.site.13, 7, 212, 219
1120974.3.peg.1703.site.14, 52, 207, 259
1120974.3.peg.1703.site.15, 44, 195, 239
1120974.3.peg.1703.site.16, 56, 208, 264
1120974.3.peg.1703.site.17, 0, 213, 213
1120974.3.peg.1703.site.18, 214, 214, 428
1120974.3.peg.1703.site.19, 2, 210, 212
1120974.3.peg.1703.site.20, 0, 206, 206
1120974.3.peg.1703.site.21, 176, 196, 372
1120974.3.peg.1703.site.22, 7, 166, 173
1120974.3.peg.1703.site.23, 1, 164, 165
1120974.3.peg.1703.site.24, 36, 191, 227
1120974.3.peg.1703.site.25, 0, 206, 206
1120974.3.peg.1703.site.26, 134, 212, 346
1120974.3.peg.1703.site.27, 2, 215, 217
1120974.3.peg.1703.site.28, 0, 215, 215
1120974.3.peg.1703.site.29, 53, 207, 260
1120974.3.peg.1703.site.30, 55, 187, 242
1120974.3.peg.1703.site.31, 6, 206, 212
1120974.3.peg.1703.site.32, 54, 209, 263
1120974.3.peg.1703.site.33, 53, 208, 261
1120974.3.peg.1703.site.34, 21, 212, 233
1120974.3.peg.1703.site.35, 0, 215, 215
1120974.3.peg.1703.site.36, 62, 210, 272
1120974.3.peg.1703.site.37, 13, 215, 228
1120974.3.peg.1703.site.38, 1, 216, 217
1120974.3.peg.1703.site.39, 53, 212, 265
1120974.3.peg.1703.site.40, 15, 215, 230
1120974.3.peg.1702.site.1, 101, 186, 287
1120974.3.peg.1702.site.2, 0, 200, 200
1120974.3.peg.1702.site.3, 16, 208, 224
1120974.3.peg.1702.site.4, 52, 214, 266
1120974.3.peg.1702.site.5, 8, 216, 224
1120974.3.peg.1702.site.6, 121, 211, 332
1120974.3.peg.1702.site.7, 0, 215, 215
1120974.3.peg.1702.site.8, 4, 215, 219
1120974.3.peg.1702.site.9, 124, 209, 333
1120974.3.peg.1702.site.10, 123, 208, 331
1120974.3.peg.1702.site.11, 0, 215, 215
1120974.3.peg.1702.site.12, 127, 208, 335
1120974.3.peg.1702.site.13, 180, 214, 394
1120974.3.peg.1702.site.14, 2, 216, 218
1120974.3.peg.1705.site.1, 6, 38, 44
1120974.3.peg.1705.site.2, 19, 49, 68
1120974.3.peg.1705.site.3, 176, 212, 388
1120974.3.peg.1705.site.4, 176, 213, 389
1120974.3.peg.1705.site.5, 6, 216, 222
1120974.3.peg.1705.site.6, 177, 215, 392
1120974.3.peg.1705.site.7, 177, 213, 390
1120974.3.peg.1705.site.8, 174, 210, 384
1120974.3.peg.1705.site.9, 167, 203, 370
1120974.3.peg.1705.site.10, 174, 209, 383
1120974.3.peg.1705.site.11, 163, 200, 363
1120974.3.peg.1705.site.12, 7, 214, 221
1120974.3.peg.1705.site.13, 4, 212, 216
1120974.3.peg.1705.site.14, 22, 212, 234
1120974.3.peg.1705.site.15, 121, 208, 329
1120974.3.peg.1705.site.16, 18, 213, 231
1120974.3.peg.1705.site.17, 119, 205, 324
1120974.3.peg.1705.site.18, 175, 211, 386
1120974.3.peg.1705.site.19, 0, 214, 214
1120974.3.peg.1705.site.20, 167, 203, 370
1120974.3.peg.1705.site.21, 160, 178, 338
1120974.3.peg.1705.site.22, 101, 190, 291
1120974.3.peg.1705.site.23, 175, 211, 386
1120974.3.peg.1705.site.24, 176, 213, 389
1120974.3.peg.1705.site.25, 195, 213, 408
1120974.3.peg.1707.site.1, 1, 216, 217
1120974.3.peg.1707.site.2, 0, 214, 214
1120974.3.peg.1707.site.3, 179, 214, 393
1120974.3.peg.1707.site.4, 179, 215, 394
1120974.3.peg.1707.site.5, 1, 216, 217
1120974.3.peg.1707.site.6, 179, 215, 394
1120974.3.peg.1707.site.7, 0, 210, 210
1120974.3.peg.1707.site.8, 170, 205, 375
1120974.3.peg.1707.site.9, 1, 132, 133
1120974.3.peg.1707.site.10, 69, 105, 174
1120974.3.peg.1707.site.11, 31, 67, 98
1120974.3.peg.1707.site.12, 6, 42, 48
1120974.3.peg.1707.site.13, 5, 42, 47
1120974.3.peg.1707.site.14, 5, 63, 68
1120974.3.peg.1707.site.15, 42, 79, 121
1120974.3.peg.1707.site.16, 85, 149, 234
1120974.3.peg.1707.site.17, 135, 171, 306
1120974.3.peg.1707.site.18, 35, 126, 161
1120974.3.peg.1707.site.19, 46, 81, 127
1120974.3.peg.1707.site.20, 48, 84, 132
1120974.3.peg.1707.site.21, 21, 56, 77
1120974.3.peg.1707.site.22, 15, 52, 67
1120974.3.peg.1707.site.23, 14, 51, 65
1120974.3.peg.1707.site.24, 2, 39, 41
1120974.3.peg.1707.site.25, 11, 46, 57
1120974.3.peg.1707.site.26, 7, 47, 54
1120974.3.peg.1707.site.27, 13, 66, 79
1120974.3.peg.1707.site.28, 11, 77, 88
1120974.3.peg.1707.site.29, 12, 93, 105
1120974.3.peg.1707.site.30, 4, 177, 181
1120974.3.peg.1707.site.31, 174, 208, 382
1120974.3.peg.1707.site.32, 54, 206, 260
1120974.3.peg.1707.site.33, 119, 209, 328
1120974.3.peg.1707.site.34, 31, 187, 218
1120974.3.peg.1707.site.35, 4, 190, 194
1120974.3.peg.1707.site.36, 155, 182, 337
1120974.3.peg.1706.site.1, 6, 213, 219
1120974.3.peg.1706.site.2, 1, 215, 216
1120974.3.peg.1706.site.3, 0, 214, 214
1120974.3.peg.1706.site.4, 1, 216, 217
1120974.3.peg.1706.site.5, 0, 216, 216
1120974.3.peg.1706.site.6, 120, 211, 331
1120974.3.peg.1706.site.7, 119, 210, 329
1120974.3.peg.1706.site.8, 6, 215, 221
1120974.3.peg.1706.site.9, 52, 211, 263
1120974.3.peg.1706.site.10, 4, 215, 219
1120974.3.peg.1706.site.11, 1, 216, 217
1120974.3.peg.1706.site.12, 0, 215, 215
1120974.3.peg.1706.site.13, 177, 215, 392
1120974.3.peg.1706.site.14, 54, 213, 267
1120974.3.peg.1706.site.15, 120, 214, 334
1120974.3.peg.1706.site.16, 117, 212, 329
1120974.3.peg.1706.site.17, 171, 213, 384
1120974.3.peg.1706.site.18, 1, 213, 214
1120974.3.peg.1706.site.19, 53, 210, 263
1120974.3.peg.1706.site.20, 54, 210, 264
1120974.3.peg.1706.site.21, 1, 216, 217
1120974.3.peg.1706.site.22, 177, 213, 390
1120974.3.peg.1706.site.23, 1, 216, 217
1120974.3.peg.1706.site.24, 52, 212, 264
1120974.3.peg.1706.site.25, 1, 216, 217
1120974.3.peg.1709.site.1, 1, 37, 38
1120974.3.peg.1709.site.2, 7, 43, 50
1120974.3.peg.1709.site.3, 97, 132, 229
1120974.3.peg.1709.site.4, 106, 138, 244
1120974.3.peg.1709.site.5, 4, 152, 156
1120974.3.peg.1709.site.6, 121, 153, 274
1120974.3.peg.1709.site.7, 107, 188, 295
1120974.3.peg.1709.site.8, 45, 192, 237
1120974.3.peg.1709.site.9, 49, 195, 244
1120974.3.peg.1709.site.10, 0, 208, 208
1120974.3.peg.1709.site.11, 138, 211, 349
1120974.3.peg.1709.site.12, 0, 216, 216
1120974.3.peg.1709.site.13, 0, 213, 213
1120974.3.peg.1709.site.14, 22, 211, 233
1120974.3.peg.1709.site.15, 134, 212, 346
1120974.3.peg.1709.site.16, 134, 212, 346
1120974.3.peg.1709.site.17, 136, 213, 349
1120974.3.peg.1709.site.18, 216, 216, 432
1120974.3.peg.1709.site.19, 137, 211, 348
1120974.3.peg.1709.site.20, 20, 97, 117
1120974.3.peg.1709.site.21, 34, 80, 114
1120974.3.peg.1709.site.22, 5, 52, 57
1120974.3.peg.1709.site.23, 40, 48, 88
1120974.3.peg.1709.site.24, 1, 48, 49
1120974.3.peg.1709.site.25, 4, 58, 62
1120974.3.peg.1709.site.26, 6, 52, 58
1120974.3.peg.1709.site.27, 32, 75, 107
1120974.3.peg.1709.site.28, 79, 120, 199
1120974.3.peg.1709.site.29, 1, 158, 159
1120974.3.peg.1709.site.30, 203, 211, 414
1120974.3.peg.1709.site.31, 127, 206, 333
1120974.3.peg.1709.site.32, 163, 202, 365
1120974.3.peg.1709.site.33, 150, 188, 338
1120974.3.peg.1709.site.34, 33, 201, 234
1120974.3.peg.1709.site.35, 0, 197, 197
1120974.3.peg.1709.site.36, 28, 179, 207
1120974.3.peg.1709.site.37, 1, 185, 186
1120974.3.peg.1709.site.38, 131, 170, 301
1120974.3.peg.1709.site.39, 126, 163, 289
1120974.3.peg.1709.site.40, 133, 169, 302
1120974.3.peg.1709.site.41, 0, 216, 216
1120974.3.peg.1709.site.42, 5, 214, 219
1120974.3.peg.1709.site.43, 205, 215, 420
1120974.3.peg.1709.site.44, 8, 215, 223
1120974.3.peg.1708.site.1, 9, 213, 222
1120974.3.peg.1708.site.2, 170, 205, 375
1120974.3.peg.1708.site.3, 168, 204, 372
1120974.3.peg.2009.site.1, 189, 214, 403
1120974.3.peg.2009.site.2, 0, 215, 215
1120974.3.peg.2009.site.3, 188, 212, 400
1120974.3.peg.2009.site.4, 4, 214, 218
1120974.3.peg.2009.site.5, 0, 214, 214
1120974.3.peg.2009.site.6, 0, 212, 212
1120974.3.peg.2009.site.7, 210, 210, 420
1120974.3.peg.2009.site.8, 0, 213, 213
1120974.3.peg.2009.site.9, 209, 209, 418
1120974.3.peg.2009.site.10, 210, 210, 420
1120974.3.peg.2009.site.11, 11, 185, 196
1120974.3.peg.2009.site.12, 17, 177, 194
1120974.3.peg.2009.site.13, 0, 170, 170
1120974.3.peg.2009.site.14, 150, 172, 322
1120974.3.peg.2009.site.15, 28, 200, 228
1120974.3.peg.2009.site.16, 1, 209, 210
1120974.3.peg.2009.site.17, 14, 213, 227
1120974.3.peg.2009.site.18, 0, 213, 213
1120974.3.peg.2009.site.19, 0, 214, 214
1120974.3.peg.2009.site.20, 152, 205, 357
1120974.3.peg.2009.site.21, 144, 196, 340
1120974.3.peg.2009.site.22, 127, 170, 297
1120974.3.peg.2009.site.23, 17, 188, 205
1120974.3.peg.2009.site.24, 0, 195, 195
1120974.3.peg.2009.site.25, 0, 203, 203
1120974.3.peg.2009.site.26, 12, 180, 192
1120974.3.peg.2009.site.27, 5, 197, 202
1120974.3.peg.2009.site.28, 164, 185, 349
1120974.3.peg.2009.site.29, 161, 189, 350
1120974.3.peg.2009.site.30, 172, 203, 375
1120974.3.peg.2009.site.31, 1, 210, 211
1120974.3.peg.2009.site.32, 131, 202, 333
1120974.3.peg.2009.site.33, 193, 194, 387
1120974.3.peg.2009.site.34, 4, 180, 184
1120974.3.peg.2009.site.35, 1, 203, 204
1120974.3.peg.2009.site.36, 0, 216, 216
1120974.3.peg.2008.site.1, 96, 117, 213
1120974.3.peg.2008.site.2, 0, 166, 166
1120974.3.peg.2008.site.3, 2, 182, 184
1120974.3.peg.2008.site.4, 15, 208, 223
1120974.3.peg.2008.site.5, 4, 212, 216
1120974.3.peg.2008.site.6, 0, 213, 213
1120974.3.peg.2008.site.7, 1, 215, 216
1120974.3.peg.2008.site.8, 0, 215, 215
1120974.3.peg.2008.site.9, 0, 214, 214
1120974.3.peg.2008.site.10, 12, 209, 221
1120974.3.peg.2008.site.11, 16, 214, 230
1120974.3.peg.2008.site.12, 17, 213, 230
1120974.3.peg.2008.site.13, 0, 214, 214
1120974.3.peg.2008.site.14, 0, 175, 175
1120974.3.peg.2008.site.15, 0, 165, 165
1120974.3.peg.2008.site.16, 0, 158, 158
1120974.3.peg.2008.site.17, 2, 167, 169
1120974.3.peg.2008.site.18, 12, 180, 192
1120974.3.peg.2008.site.19, 181, 184, 365
1120974.3.peg.2008.site.20, 1, 211, 212
1120974.3.peg.2008.site.21, 161, 208, 369
1120974.3.peg.2008.site.22, 173, 204, 377
1120974.3.peg.2008.site.23, 11, 206, 217
1120974.3.peg.2008.site.24, 12, 204, 216
1120974.3.peg.2008.site.25, 11, 206, 217
1120974.3.peg.2008.site.26, 12, 207, 219
1120974.3.peg.2008.site.27, 0, 207, 207
1120974.3.peg.2008.site.28, 5, 209, 214
1120974.3.peg.2008.site.29, 5, 215, 220
1120974.3.peg.2008.site.30, 0, 215, 215
1120974.3.peg.2007.site.1, 1, 215, 216
1120974.3.peg.2007.site.2, 0, 213, 213
1120974.3.peg.2007.site.3, 1, 216, 217
1120974.3.peg.2007.site.4, 188, 210, 398
1120974.3.peg.2007.site.5, 5, 216, 221
1120974.3.peg.2007.site.6, 4, 215, 219
1120974.3.peg.2007.site.7, 199, 213, 412
1120974.3.peg.2007.site.8, 2, 216, 218
1120974.3.peg.2007.site.9, 188, 211, 399
1120974.3.peg.2007.site.10, 6, 215, 221
1120974.3.peg.2007.site.11, 202, 211, 413
1120974.3.peg.2007.site.12, 2, 202, 204
1120974.3.peg.2007.site.13, 188, 199, 387
1120974.3.peg.2007.site.14, 5, 204, 209
1120974.3.peg.2007.site.15, 5, 210, 215
1120974.3.peg.2007.site.16, 5, 214, 219
1120974.3.peg.2006.site.1, 1, 214, 215
1120974.3.peg.2006.site.2, 201, 213, 414
1120974.3.peg.2006.site.3, 8, 213, 221
1120974.3.peg.2006.site.4, 0, 212, 212
1120974.3.peg.2006.site.5, 182, 211, 393
1120974.3.peg.2006.site.6, 215, 215, 430
1120974.3.peg.2006.site.7, 19, 210, 229
1120974.3.peg.2006.site.8, 2, 214, 216
1120974.3.peg.2006.site.9, 0, 216, 216
1120974.3.peg.2006.site.10, 12, 215, 227
1120974.3.peg.2006.site.11, 4, 216, 220
1120974.3.peg.2006.site.12, 5, 216, 221
1120974.3.peg.2006.site.13, 3, 215, 218
1120974.3.peg.2006.site.14, 0, 216, 216
1120974.3.peg.2006.site.15, 2, 211, 213
1120974.3.peg.2006.site.16, 4, 216, 220
1120974.3.peg.2005.site.1, 2, 201, 203
1120974.3.peg.2005.site.2, 199, 199, 398
1120974.3.peg.2005.site.3, 0, 210, 210
1120974.3.peg.2005.site.4, 0, 200, 200
1120974.3.peg.2005.site.5, 0, 214, 214
1120974.3.peg.2004.site.1, 4, 215, 219
1120974.3.peg.2004.site.2, 0, 215, 215
1120974.3.peg.2004.site.3, 188, 210, 398
1120974.3.peg.2004.site.4, 0, 210, 210
1120974.3.peg.2004.site.5, 0, 212, 212
1120974.3.peg.2004.site.6, 195, 200, 395
1120974.3.peg.2004.site.7, 189, 192, 381
1120974.3.peg.2004.site.8, 2, 192, 194
1120974.3.peg.2004.site.9, 7, 210, 217
1120974.3.peg.2004.site.10, 0, 211, 211
1120974.3.peg.2004.site.11, 210, 214, 424
1120974.3.peg.2004.site.12, 212, 215, 427
1120974.3.peg.2004.site.13, 0, 215, 215
1120974.3.peg.2004.site.14, 194, 212, 406
1120974.3.peg.2004.site.15, 181, 212, 393
1120974.3.peg.2004.site.16, 190, 212, 402
1120974.3.peg.2003.site.1, 2, 216, 218
1120974.3.peg.2003.site.2, 0, 216, 216
1120974.3.peg.2003.site.3, 7, 216, 223
1120974.3.peg.2003.site.4, 185, 205, 390
1120974.3.peg.2003.site.5, 175, 195, 370
1120974.3.peg.2003.site.6, 167, 187, 354
1120974.3.peg.2003.site.7, 184, 186, 370
1120974.3.peg.2003.site.8, 175, 194, 369
1120974.3.peg.2003.site.9, 192, 212, 404
1120974.3.peg.2003.site.10, 192, 214, 406
1120974.3.peg.2003.site.11, 191, 211, 402
1120974.3.peg.2002.site.1, 209, 213, 422
1120974.3.peg.2002.site.2, 4, 214, 218
1120974.3.peg.2002.site.3, 4, 215, 219
1120974.3.peg.2002.site.4, 213, 214, 427
1120974.3.peg.2001.site.1, 3, 211, 214
1120974.3.peg.2001.site.2, 1, 189, 190
1120974.3.peg.2001.site.3, 1, 212, 213
1120974.3.peg.2001.site.4, 25, 207, 232
1120974.3.peg.2001.site.5, 5, 213, 218
1120974.3.peg.2001.site.6, 2, 214, 216
1120974.3.peg.2001.site.7, 2, 212, 214
1120974.3.peg.2001.site.8, 179, 205, 384
1120974.3.peg.2001.site.9, 211, 211, 422
1120974.3.peg.2001.site.10, 184, 207, 391
1120974.3.peg.2001.site.11, 195, 209, 404
1120974.3.peg.2001.site.12, 2, 211, 213
1120974.3.peg.2001.site.13, 196, 213, 409
1120974.3.peg.2001.site.14, 9, 203, 212
1120974.3.peg.2001.site.15, 2, 211, 213
1120974.3.peg.2001.site.16, 210, 214, 424
1120974.3.peg.2001.site.17, 2, 214, 216
1120974.3.peg.2001.site.18, 1, 213, 214
1120974.3.peg.2001.site.19, 4, 215, 219
1120974.3.peg.2001.site.20, 8, 215, 223
1120974.3.peg.2001.site.21, 206, 215, 421
1120974.3.peg.2000.site.1, 9, 215, 224
1120974.3.peg.2000.site.2, 16, 215, 231
1120974.3.peg.2000.site.3, 15, 214, 229
1120974.3.peg.2000.site.4, 2, 215, 217
1120974.3.peg.2000.site.5, 63, 210, 273
1120974.3.peg.918.site.1, 45, 154, 199
1120974.3.peg.918.site.2, 96, 128, 224
1120974.3.peg.918.site.3, 161, 193, 354
1120974.3.peg.918.site.4, 184, 215, 399
1120974.3.peg.918.site.5, 184, 215, 399
1120974.3.peg.918.site.6, 3, 215, 218
1120974.3.peg.918.site.7, 0, 215, 215
1120974.3.peg.918.site.8, 1, 215, 216
1120974.3.peg.918.site.9, 11, 216, 227
1120974.3.peg.918.site.10, 4, 216, 220
1120974.3.peg.918.site.11, 0, 213, 213
1120974.3.peg.919.site.1, 13, 202, 215
1120974.3.peg.919.site.2, 3, 146, 149
1120974.3.peg.919.site.3, 95, 168, 263
1120974.3.peg.919.site.4, 1, 199, 200
1120974.3.peg.919.site.5, 59, 194, 253
1120974.3.peg.919.site.6, 112, 202, 314
1120974.3.peg.919.site.7, 12, 210, 222
1120974.3.peg.919.site.8, 191, 208, 399
1120974.3.peg.919.site.9, 112, 209, 321
1120974.3.peg.919.site.10, 0, 213, 213
1120974.3.peg.919.site.11, 0, 206, 206
1120974.3.peg.919.site.12, 19, 212, 231
1120974.3.peg.919.site.13, 39, 211, 250
1120974.3.peg.919.site.14, 153, 210, 363
1120974.3.peg.919.site.15, 0, 213, 213
1120974.3.peg.919.site.16, 153, 210, 363
1120974.3.peg.919.site.17, 152, 206, 358
1120974.3.peg.919.site.18, 85, 211, 296
1120974.3.peg.919.site.19, 1, 215, 216
1120974.3.peg.919.site.20, 1, 216, 217
1120974.3.peg.919.site.21, 0, 216, 216
1120974.3.peg.916.site.1, 0, 213, 213
1120974.3.peg.916.site.2, 184, 213, 397
1120974.3.peg.916.site.3, 203, 213, 416
1120974.3.peg.916.site.4, 1, 215, 216
1120974.3.peg.916.site.5, 0, 215, 215
1120974.3.peg.916.site.6, 40, 202, 242
1120974.3.peg.916.site.7, 131, 181, 312
1120974.3.peg.916.site.8, 10, 166, 176
1120974.3.peg.916.site.9, 6, 161, 167
1120974.3.peg.916.site.10, 90, 119, 209
1120974.3.peg.916.site.11, 54, 83, 137
1120974.3.peg.916.site.12, 1, 39, 40
1120974.3.peg.916.site.13, 1, 30, 31
1120974.3.peg.916.site.14, 8, 37, 45
1120974.3.peg.916.site.15, 9, 39, 48
1120974.3.peg.916.site.16, 21, 50, 71
1120974.3.peg.916.site.17, 20, 47, 67
1120974.3.peg.916.site.18, 8, 36, 44
1120974.3.peg.916.site.19, 2, 33, 35
1120974.3.peg.916.site.20, 2, 41, 43
1120974.3.peg.917.site.1, 64, 106, 170
1120974.3.peg.917.site.2, 67, 109, 176
1120974.3.peg.917.site.3, 106, 148, 254
1120974.3.peg.917.site.4, 123, 164, 287
1120974.3.peg.917.site.5, 21, 178, 199
1120974.3.peg.917.site.6, 0, 202, 202
1120974.3.peg.917.site.7, 159, 200, 359
1120974.3.peg.917.site.8, 0, 199, 199
1120974.3.peg.917.site.9, 118, 159, 277
1120974.3.peg.917.site.10, 51, 171, 222
1120974.3.peg.917.site.11, 157, 168, 325
1120974.3.peg.917.site.12, 122, 161, 283
1120974.3.peg.917.site.13, 87, 127, 214
1120974.3.peg.917.site.14, 141, 182, 323
1120974.3.peg.917.site.15, 179, 212, 391
1120974.3.peg.917.site.16, 180, 214, 394
1120974.3.peg.917.site.17, 0, 215, 215
1120974.3.peg.917.site.18, 117, 213, 330
1120974.3.peg.917.site.19, 25, 213, 238
1120974.3.peg.917.site.20, 29, 211, 240
1120974.3.peg.917.site.21, 0, 198, 198
1120974.3.peg.917.site.22, 147, 180, 327
1120974.3.peg.917.site.23, 28, 61, 89
1120974.3.peg.917.site.24, 13, 46, 59
1120974.3.peg.917.site.25, 1, 38, 39
1120974.3.peg.917.site.26, 6, 40, 46
1120974.3.peg.917.site.27, 10, 44, 54
1120974.3.peg.917.site.28, 2, 133, 135
1120974.3.peg.917.site.29, 46, 146, 192
1120974.3.peg.917.site.30, 2, 165, 167
1120974.3.peg.917.site.31, 1, 182, 183
1120974.3.peg.917.site.32, 58, 181, 239
1120974.3.peg.917.site.33, 168, 202, 370
1120974.3.peg.917.site.34, 183, 215, 398
1120974.3.peg.917.site.35, 182, 214, 396
1120974.3.peg.917.site.36, 200, 213, 413
1120974.3.peg.917.site.37, 0, 205, 205
1120974.3.peg.917.site.38, 45, 185, 230
1120974.3.peg.917.site.39, 4, 38, 42
1120974.3.peg.917.site.40, 6, 39, 45
1120974.3.peg.917.site.41, 63, 97, 160
1120974.3.peg.917.site.42, 82, 114, 196
1120974.3.peg.914.site.1, 3, 201, 204
1120974.3.peg.914.site.2, 31, 207, 238
1120974.3.peg.914.site.3, 206, 212, 418
1120974.3.peg.914.site.4, 1, 212, 213
1120974.3.peg.914.site.5, 98, 196, 294
1120974.3.peg.914.site.6, 2, 202, 204
1120974.3.peg.914.site.7, 103, 199, 302
1120974.3.peg.914.site.8, 109, 206, 315
1120974.3.peg.914.site.9, 8, 214, 222
1120974.3.peg.914.site.10, 4, 212, 216
1120974.3.peg.914.site.11, 112, 209, 321
1120974.3.peg.914.site.12, 1, 212, 213
1120974.3.peg.914.site.13, 19, 156, 175
1120974.3.peg.914.site.14, 16, 155, 171
1120974.3.peg.914.site.15, 6, 145, 151
1120974.3.peg.914.site.16, 135, 142, 277
1120974.3.peg.914.site.17, 7, 138, 145
1120974.3.peg.914.site.18, 6, 143, 149
1120974.3.peg.914.site.19, 0, 150, 150
1120974.3.peg.914.site.20, 110, 209, 319
1120974.3.peg.914.site.21, 109, 211, 320
1120974.3.peg.914.site.22, 78, 209, 287
1120974.3.peg.914.site.23, 4, 215, 219
1120974.3.peg.914.site.24, 105, 209, 314
1120974.3.peg.914.site.25, 0, 214, 214
1120974.3.peg.914.site.26, 0, 215, 215
1120974.3.peg.914.site.27, 0, 215, 215
1120974.3.peg.914.site.28, 98, 189, 287
1120974.3.peg.914.site.29, 48, 161, 209
1120974.3.peg.914.site.30, 11, 142, 153
1120974.3.peg.914.site.31, 174, 202, 376
1120974.3.peg.914.site.32, 184, 212, 396
1120974.3.peg.914.site.33, 177, 203, 380
1120974.3.peg.914.site.34, 167, 201, 368
1120974.3.peg.914.site.35, 173, 209, 382
1120974.3.peg.914.site.36, 4, 212, 216
1120974.3.peg.914.site.37, 0, 214, 214
1120974.3.peg.914.site.38, 0, 214, 214
1120974.3.peg.914.site.39, 35, 68, 103
1120974.3.peg.915.site.1, 205, 215, 420
1120974.3.peg.915.site.2, 34, 44, 78
1120974.3.peg.915.site.3, 13, 42, 55
1120974.3.peg.915.site.4, 19, 50, 69
1120974.3.peg.915.site.5, 58, 108, 166
1120974.3.peg.915.site.6, 123, 152, 275
1120974.3.peg.915.site.7, 1, 109, 110
1120974.3.peg.915.site.8, 89, 99, 188
1120974.3.peg.915.site.9, 1, 102, 103
1120974.3.peg.915.site.10, 114, 141, 255
1120974.3.peg.915.site.11, 12, 36, 48
1120974.3.peg.915.site.12, 13, 205, 218
1120974.3.peg.915.site.13, 13, 202, 215
1120974.3.peg.915.site.14, 119, 147, 266
1120974.3.peg.915.site.15, 0, 128, 128
1120974.3.peg.915.site.16, 1, 119, 120
1120974.3.peg.915.site.17, 73, 135, 208
1120974.3.peg.915.site.18, 0, 168, 168
1120974.3.peg.915.site.19, 109, 170, 279
1120974.3.peg.915.site.20, 73, 109, 182
1120974.3.peg.915.site.21, 1, 109, 110
1120974.3.peg.915.site.22, 3, 53, 56
1120974.3.peg.915.site.23, 5, 33, 38
1120974.3.peg.915.site.24, 1, 31, 32
1120974.3.peg.915.site.25, 1, 32, 33
1120974.3.peg.915.site.26, 1, 32, 33
1120974.3.peg.915.site.27, 80, 111, 191
1120974.3.peg.915.site.28, 5, 215, 220
1120974.3.peg.915.site.29, 0, 214, 214
1120974.3.peg.915.site.30, 0, 211, 211
1120974.3.peg.915.site.31, 0, 212, 212
1120974.3.peg.915.site.32, 204, 215, 419
1120974.3.peg.915.site.33, 189, 213, 402
1120974.3.peg.915.site.34, 8, 214, 222
1120974.3.peg.915.site.35, 4, 216, 220
1120974.3.peg.915.site.36, 0, 215, 215
1120974.3.peg.915.site.37, 1, 216, 217
1120974.3.peg.912.site.1, 5, 214, 219
1120974.3.peg.912.site.2, 4, 213, 217
1120974.3.peg.912.site.3, 161, 207, 368
1120974.3.peg.912.site.4, 34, 207, 241
1120974.3.peg.912.site.5, 1, 211, 212
1120974.3.peg.912.site.6, 153, 200, 353
1120974.3.peg.912.site.7, 30, 211, 241
1120974.3.peg.912.site.8, 149, 168, 317
1120974.3.peg.912.site.9, 136, 158, 294
1120974.3.peg.912.site.10, 24, 115, 139
1120974.3.peg.912.site.11, 0, 203, 203
1120974.3.peg.912.site.12, 4, 215, 219
1120974.3.peg.912.site.13, 129, 190, 319
1120974.3.peg.912.site.14, 131, 192, 323
1120974.3.peg.912.site.15, 160, 184, 344
1120974.3.peg.912.site.16, 145, 170, 315
1120974.3.peg.912.site.17, 170, 196, 366
1120974.3.peg.912.site.18, 174, 199, 373
1120974.3.peg.912.site.19, 33, 203, 236
1120974.3.peg.912.site.20, 190, 212, 402
1120974.3.peg.912.site.21, 0, 215, 215
1120974.3.peg.912.site.22, 184, 208, 392
1120974.3.peg.913.site.1, 1, 210, 211
1120974.3.peg.913.site.2, 131, 196, 327
1120974.3.peg.913.site.3, 187, 208, 395
1120974.3.peg.913.site.4, 5, 214, 219
1120974.3.peg.913.site.5, 143, 212, 355
1120974.3.peg.913.site.6, 145, 214, 359
1120974.3.peg.913.site.7, 1, 213, 214
1120974.3.peg.913.site.8, 1, 208, 209
1120974.3.peg.913.site.9, 140, 208, 348
1120974.3.peg.913.site.10, 141, 203, 344
1120974.3.peg.913.site.11, 1, 199, 200
1120974.3.peg.913.site.12, 1, 198, 199
1120974.3.peg.913.site.13, 0, 215, 215
1120974.3.peg.913.site.14, 189, 212, 401
1120974.3.peg.913.site.15, 189, 212, 401
1120974.3.peg.913.site.16, 0, 215, 215
1120974.3.peg.910.site.1, 111, 212, 323
1120974.3.peg.910.site.2, 210, 214, 424
1120974.3.peg.910.site.3, 0, 215, 215
1120974.3.peg.910.site.4, 208, 213, 421
1120974.3.peg.910.site.5, 3, 212, 215
1120974.3.peg.910.site.6, 6, 212, 218
1120974.3.peg.910.site.7, 190, 211, 401
1120974.3.peg.910.site.8, 61, 207, 268
1120974.3.peg.910.site.9, 9, 209, 218
1120974.3.peg.910.site.10, 58, 206, 264
1120974.3.peg.910.site.11, 133, 206, 339
1120974.3.peg.910.site.12, 69, 211, 280
1120974.3.peg.910.site.13, 56, 207, 263
1120974.3.peg.910.site.14, 0, 211, 211
1120974.3.peg.910.site.15, 4, 216, 220
1120974.3.peg.910.site.16, 9, 212, 221
1120974.3.peg.910.site.17, 13, 193, 206
1120974.3.peg.910.site.18, 54, 158, 212
1120974.3.peg.910.site.19, 6, 210, 216
1120974.3.peg.910.site.20, 67, 209, 276
1120974.3.peg.910.site.21, 1, 216, 217
1120974.3.peg.910.site.22, 77, 208, 285
1120974.3.peg.910.site.23, 77, 210, 287
1120974.3.peg.910.site.24, 192, 213, 405
1120974.3.peg.910.site.25, 206, 214, 420
1120974.3.peg.910.site.26, 4, 215, 219
1120974.3.peg.910.site.27, 0, 216, 216
1120974.3.peg.910.site.28, 5, 213, 218
1120974.3.peg.910.site.29, 6, 214, 220
1120974.3.peg.910.site.30, 0, 215, 215
1120974.3.peg.910.site.31, 33, 212, 245
1120974.3.peg.910.site.32, 36, 200, 236
1120974.3.peg.910.site.33, 0, 168, 168
1120974.3.peg.910.site.34, 13, 35, 48
1120974.3.peg.910.site.35, 9, 32, 41
1120974.3.peg.910.site.36, 12, 35, 47
1120974.3.peg.910.site.37, 10, 93, 103
1120974.3.peg.910.site.38, 4, 200, 204
1120974.3.peg.910.site.39, 0, 211, 211
1120974.3.peg.910.site.40, 33, 195, 228
1120974.3.peg.910.site.41, 42, 198, 240
1120974.3.peg.910.site.42, 34, 209, 243
1120974.3.peg.910.site.43, 0, 215, 215
1120974.3.peg.911.site.1, 0, 216, 216
1120974.3.peg.911.site.2, 0, 216, 216
1120974.3.peg.911.site.3, 170, 212, 382
1120974.3.peg.911.site.4, 5, 216, 221
1120974.3.peg.911.site.5, 5, 216, 221
1120974.3.peg.911.site.6, 0, 211, 211
1120974.3.peg.911.site.7, 0, 207, 207
1120974.3.peg.911.site.8, 0, 213, 213
1120974.3.peg.911.site.9, 32, 205, 237
1120974.3.peg.911.site.10, 0, 211, 211
1120974.3.peg.911.site.11, 0, 214, 214
1120974.3.peg.911.site.12, 5, 215, 220
1120974.3.peg.911.site.13, 41, 210, 251
1120974.3.peg.911.site.14, 30, 210, 240
1120974.3.peg.911.site.15, 0, 214, 214
1120974.3.peg.911.site.16, 157, 211, 368
1120974.3.peg.911.site.17, 197, 207, 404
1120974.3.peg.911.site.18, 155, 207, 362
1120974.3.peg.911.site.19, 8, 215, 223
1120974.3.peg.911.site.20, 32, 210, 242
1120974.3.peg.911.site.21, 0, 207, 207
1120974.3.peg.911.site.22, 35, 215, 250
1120974.3.peg.911.site.23, 32, 212, 244
1120974.3.peg.911.site.24, 32, 214, 246
1120974.3.peg.911.site.25, 204, 215, 419
1120974.3.peg.911.site.26, 209, 214, 423
1120974.3.peg.2173.site.1, 179, 206, 385
1120974.3.peg.2173.site.2, 0, 216, 216
1120974.3.peg.2173.site.3, 8, 215, 223
1120974.3.peg.2173.site.4, 0, 214, 214
1120974.3.peg.2173.site.5, 182, 211, 393
1120974.3.peg.2173.site.6, 165, 195, 360
1120974.3.peg.2173.site.7, 183, 212, 395
1120974.3.peg.2173.site.8, 185, 214, 399
1120974.3.peg.2173.site.9, 148, 210, 358
1120974.3.peg.2173.site.10, 205, 216, 421
1120974.3.peg.2173.site.11, 62, 213, 275
1120974.3.peg.2173.site.12, 0, 214, 214
1120974.3.peg.2173.site.13, 4, 208, 212
1120974.3.peg.2173.site.14, 150, 211, 361
1120974.3.peg.2173.site.15, 150, 212, 362
1120974.3.peg.2173.site.16, 35, 214, 249
1120974.3.peg.2172.site.1, 148, 211, 359
1120974.3.peg.2172.site.2, 16, 189, 205
1120974.3.peg.2172.site.3, 2, 151, 153
1120974.3.peg.2172.site.4, 3, 103, 106
1120974.3.peg.2172.site.5, 6, 63, 69
1120974.3.peg.2172.site.6, 104, 162, 266
1120974.3.peg.2172.site.7, 139, 198, 337
1120974.3.peg.2172.site.8, 31, 197, 228
1120974.3.peg.2172.site.9, 134, 192, 326
1120974.3.peg.2172.site.10, 1, 193, 194
1120974.3.peg.2172.site.11, 5, 64, 69
1120974.3.peg.2172.site.12, 4, 60, 64
1120974.3.peg.2172.site.13, 1, 73, 74
1120974.3.peg.2172.site.14, 2, 105, 107
1120974.3.peg.2172.site.15, 4, 103, 107
1120974.3.peg.2172.site.16, 1, 60, 61
1120974.3.peg.2172.site.17, 31, 86, 117
1120974.3.peg.2172.site.18, 55, 114, 169
1120974.3.peg.2172.site.19, 144, 175, 319
1120974.3.peg.2172.site.20, 136, 195, 331
1120974.3.peg.2172.site.21, 1, 212, 213
1120974.3.peg.2172.site.22, 44, 213, 257
1120974.3.peg.2172.site.23, 46, 214, 260
1120974.3.peg.2172.site.24, 4, 216, 220
1120974.3.peg.2172.site.25, 1, 215, 216
1120974.3.peg.2172.site.26, 1, 215, 216
1120974.3.peg.2172.site.27, 1, 215, 216
1120974.3.peg.2172.site.28, 3, 209, 212
1120974.3.peg.2172.site.29, 55, 75, 130
1120974.3.peg.2172.site.30, 109, 127, 236
1120974.3.peg.2172.site.31, 118, 139, 257
1120974.3.peg.2172.site.32, 1, 202, 203
1120974.3.peg.2177.site.1, 0, 209, 209
1120974.3.peg.2177.site.2, 0, 212, 212
1120974.3.peg.2177.site.3, 20, 213, 233
1120974.3.peg.2177.site.4, 0, 216, 216
1120974.3.peg.2177.site.5, 0, 216, 216
1120974.3.peg.2177.site.6, 0, 216, 216
1120974.3.peg.2177.site.7, 0, 216, 216
1120974.3.peg.2177.site.8, 0, 215, 215
1120974.3.peg.2177.site.9, 0, 214, 214
1120974.3.peg.2177.site.10, 0, 215, 215
1120974.3.peg.2177.site.11, 193, 214, 407
1120974.3.peg.2177.site.12, 0, 215, 215
1120974.3.peg.2918.site.1, 9, 215, 224
1120974.3.peg.2918.site.2, 4, 206, 210
1120974.3.peg.2918.site.3, 4, 204, 208
1120974.3.peg.2918.site.4, 0, 214, 214
1120974.3.peg.2918.site.5, 5, 215, 220
1120974.3.peg.2918.site.6, 4, 216, 220
1120974.3.peg.2918.site.7, 0, 215, 215
1120974.3.peg.2918.site.8, 14, 212, 226
1120974.3.peg.2918.site.9, 51, 213, 264
1120974.3.peg.2918.site.10, 213, 213, 426
1120974.3.peg.2918.site.11, 114, 195, 309
1120974.3.peg.2918.site.12, 169, 203, 372
1120974.3.peg.2918.site.13, 169, 200, 369
1120974.3.peg.2918.site.14, 164, 192, 356
1120974.3.peg.2918.site.15, 0, 213, 213
1120974.3.peg.2918.site.16, 182, 203, 385
1120974.3.peg.2918.site.17, 169, 206, 375
1120974.3.peg.2915.site.1, 10, 214, 224
1120974.3.peg.2915.site.2, 198, 214, 412
1120974.3.peg.2915.site.3, 199, 211, 410
1120974.3.peg.2915.site.4, 200, 211, 411
1120974.3.peg.2915.site.5, 22, 210, 232
1120974.3.peg.2915.site.6, 3, 211, 214
1120974.3.peg.2915.site.7, 201, 212, 413
1120974.3.peg.2915.site.8, 0, 214, 214
1120974.3.peg.2915.site.9, 0, 212, 212
1120974.3.peg.2915.site.10, 23, 211, 234
1120974.3.peg.2915.site.11, 199, 210, 409
1120974.3.peg.2915.site.12, 2, 212, 214
1120974.3.peg.2915.site.13, 3, 212, 215
1120974.3.peg.2915.site.14, 203, 214, 417
1120974.3.peg.2915.site.15, 0, 212, 212
1120974.3.peg.2915.site.16, 177, 208, 385
1120974.3.peg.2915.site.17, 178, 209, 387
1120974.3.peg.2915.site.18, 208, 214, 422
1120974.3.peg.2915.site.19, 25, 214, 239
1120974.3.peg.2915.site.20, 176, 212, 388
1120974.3.peg.2915.site.21, 19, 211, 230
1120974.3.peg.2915.site.22, 4, 216, 220
1120974.3.peg.2915.site.23, 4, 216, 220
1120974.3.peg.2915.site.24, 33, 213, 246
1120974.3.peg.2915.site.25, 0, 216, 216
1120974.3.peg.2915.site.26, 3, 214, 217
1120974.3.peg.2915.site.27, 1, 211, 212
1120974.3.peg.2915.site.28, 199, 211, 410
1120974.3.peg.2915.site.29, 0, 215, 215
1120974.3.peg.2914.site.1, 24, 41, 65
1120974.3.peg.2914.site.2, 35, 52, 87
1120974.3.peg.2914.site.3, 4, 85, 89
1120974.3.peg.2914.site.4, 8, 88, 96
1120974.3.peg.2914.site.5, 79, 89, 168
1120974.3.peg.2914.site.6, 26, 42, 68
1120974.3.peg.2914.site.7, 50, 60, 110
1120974.3.peg.2914.site.8, 1, 81, 82
1120974.3.peg.2914.site.9, 1, 182, 183
1120974.3.peg.2914.site.10, 188, 203, 391
1120974.3.peg.2914.site.11, 188, 203, 391
1120974.3.peg.2914.site.12, 143, 159, 302
1120974.3.peg.2914.site.13, 42, 202, 244
1120974.3.peg.2914.site.14, 1, 156, 157
1120974.3.peg.2914.site.15, 4, 117, 121
1120974.3.peg.2914.site.16, 91, 107, 198
1120974.3.peg.2914.site.17, 1, 68, 69
1120974.3.peg.2179.site.1, 7, 214, 221
1120974.3.peg.2179.site.2, 0, 215, 215
1120974.3.peg.2179.site.3, 32, 216, 248
1120974.3.peg.2179.site.4, 1, 216, 217
1120974.3.peg.2179.site.5, 32, 213, 245
1120974.3.peg.2179.site.6, 161, 214, 375
1120974.3.peg.2179.site.7, 33, 215, 248
1120974.3.peg.2179.site.8, 23, 202, 225
1120974.3.peg.2179.site.9, 0, 198, 198
1120974.3.peg.2179.site.10, 30, 214, 244
1120974.3.peg.2179.site.11, 30, 215, 245
1120974.3.peg.2179.site.12, 22, 214, 236
1120974.3.peg.2178.site.1, 0, 215, 215
1120974.3.peg.2178.site.2, 18, 216, 234
1120974.3.peg.2178.site.3, 18, 216, 234
1120974.3.peg.2178.site.4, 197, 216, 413
1120974.3.peg.2178.site.5, 0, 214, 214
1120974.3.peg.2178.site.6, 171, 212, 383
1120974.3.peg.2178.site.7, 0, 215, 215
1120974.3.peg.2178.site.8, 18, 214, 232
1120974.3.peg.2178.site.9, 181, 213, 394
1120974.3.peg.2178.site.10, 2, 212, 214
1120974.3.peg.2178.site.11, 29, 213, 242
1120974.3.peg.2178.site.12, 3, 206, 209
1120974.3.peg.2178.site.13, 24, 206, 230
1120974.3.peg.2178.site.14, 0, 214, 214
1120974.3.peg.2178.site.15, 211, 216, 427
1120974.3.peg.2178.site.16, 0, 216, 216
1120974.3.peg.2911.site.1, 1, 189, 190
1120974.3.peg.2911.site.2, 49, 123, 172
1120974.3.peg.2911.site.3, 35, 80, 115
1120974.3.peg.2911.site.4, 38, 83, 121
1120974.3.peg.2911.site.5, 1, 109, 110
1120974.3.peg.2911.site.6, 110, 155, 265
1120974.3.peg.2911.site.7, 48, 210, 258
1120974.3.peg.2911.site.8, 1, 213, 214
1120974.3.peg.2911.site.9, 2, 214, 216
1120974.3.peg.2911.site.10, 2, 215, 217
1120974.3.peg.2911.site.11, 7, 213, 220
1120974.3.peg.2911.site.12, 2, 215, 217
1120974.3.peg.2911.site.13, 2, 215, 217
1120974.3.peg.2911.site.14, 134, 211, 345
1120974.3.peg.2911.site.15, 131, 211, 342
1120974.3.peg.2911.site.16, 2, 214, 216
1120974.3.peg.2911.site.17, 3, 216, 219
1120974.3.peg.2911.site.18, 0, 215, 215
1120974.3.peg.2911.site.19, 0, 211, 211
1120974.3.peg.2911.site.20, 176, 209, 385
1120974.3.peg.2911.site.21, 2, 211, 213
1120974.3.peg.2911.site.22, 39, 201, 240
1120974.3.peg.2911.site.23, 33, 197, 230
1120974.3.peg.2911.site.24, 2, 190, 192
1120974.3.peg.2911.site.25, 137, 169, 306
1120974.3.peg.2911.site.26, 135, 167, 302
1120974.3.peg.2911.site.27, 152, 205, 357
1120974.3.peg.2911.site.28, 0, 209, 209
1120974.3.peg.2911.site.29, 144, 178, 322
1120974.3.peg.2911.site.30, 121, 166, 287
1120974.3.peg.2911.site.31, 129, 165, 294
1120974.3.peg.2911.site.32, 47, 206, 253
1120974.3.peg.2911.site.33, 129, 210, 339
1120974.3.peg.2911.site.34, 80, 208, 288
1120974.3.peg.2911.site.35, 157, 194, 351
1120974.3.peg.2911.site.36, 10, 197, 207
1120974.3.peg.2911.site.37, 26, 196, 222
1120974.3.peg.2911.site.38, 0, 195, 195
1120974.3.peg.2911.site.39, 57, 141, 198
1120974.3.peg.2911.site.40, 2, 114, 116
1120974.3.peg.2911.site.41, 74, 99, 173
1120974.3.peg.2911.site.42, 1, 88, 89
1120974.3.peg.2911.site.43, 7, 95, 102
1120974.3.peg.2911.site.44, 11, 99, 110
1120974.3.peg.2911.site.45, 33, 115, 148
1120974.3.peg.2911.site.46, 148, 197, 345
1120974.3.peg.2911.site.47, 140, 175, 315
1120974.3.peg.2911.site.48, 113, 149, 262
1120974.3.peg.2911.site.49, 28, 155, 183
1120974.3.peg.2911.site.50, 84, 119, 203
1120974.3.peg.2911.site.51, 164, 164, 328
1120974.3.peg.2911.site.52, 68, 157, 225
1120974.3.peg.2911.site.53, 68, 158, 226
1120974.3.peg.2911.site.54, 185, 185, 370
1120974.3.peg.2911.site.55, 93, 188, 281
1120974.3.peg.2911.site.56, 97, 192, 289
1120974.3.peg.2911.site.57, 108, 203, 311
1120974.3.peg.2911.site.58, 119, 213, 332
1120974.3.peg.2911.site.59, 119, 211, 330
1120974.3.peg.2911.site.60, 108, 202, 310
1120974.3.peg.2911.site.61, 70, 165, 235
1120974.3.peg.2911.site.62, 102, 145, 247
1120974.3.peg.2911.site.63, 2, 100, 102
1120974.3.peg.2911.site.64, 77, 173, 250
1120974.3.peg.2911.site.65, 120, 208, 328
1120974.3.peg.2911.site.66, 0, 209, 209
1120974.3.peg.2911.site.67, 5, 215, 220
1120974.3.peg.2911.site.68, 0, 216, 216
1120974.3.peg.2911.site.69, 37, 118, 155
1120974.3.peg.2911.site.70, 93, 121, 214
1120974.3.peg.2911.site.71, 166, 193, 359
1120974.3.peg.2911.site.72, 51, 210, 261
1120974.3.peg.2911.site.73, 126, 208, 334
1120974.3.peg.2911.site.74, 1, 215, 216
1120974.3.peg.2911.site.75, 181, 210, 391
1120974.3.peg.2911.site.76, 181, 210, 391
1120974.3.peg.2911.site.77, 176, 204, 380
1120974.3.peg.2911.site.78, 26, 202, 228
1120974.3.peg.2911.site.79, 18, 196, 214
1120974.3.peg.2911.site.80, 0, 191, 191
1120974.3.peg.2911.site.81, 198, 200, 398
1120974.3.peg.2911.site.82, 5, 207, 212
1120974.3.peg.2911.site.83, 133, 206, 339
1120974.3.peg.2911.site.84, 125, 206, 331
1120974.3.peg.2911.site.85, 0, 214, 214
1120974.3.peg.2911.site.86, 17, 213, 230
1120974.3.peg.2911.site.87, 152, 211, 363
1120974.3.peg.2911.site.88, 208, 210, 418
1120974.3.peg.2911.site.89, 0, 215, 215
1120974.3.peg.2911.site.90, 2, 214, 216
1120974.3.peg.2911.site.91, 5, 214, 219
1120974.3.peg.2911.site.92, 181, 209, 390
1120974.3.peg.2911.site.93, 27, 208, 235
1120974.3.peg.2911.site.94, 182, 210, 392
1120974.3.peg.2911.site.95, 176, 204, 380
1120974.3.peg.2911.site.96, 172, 200, 372
1120974.3.peg.2911.site.97, 5, 210, 215
1120974.3.peg.2910.site.1, 0, 213, 213
1120974.3.peg.2910.site.2, 2, 214, 216
1120974.3.peg.2910.site.3, 1, 209, 210
1120974.3.peg.2910.site.4, 81, 135, 216
1120974.3.peg.2910.site.5, 14, 130, 144
1120974.3.peg.2910.site.6, 4, 62, 66
1120974.3.peg.2910.site.7, 11, 68, 79
1120974.3.peg.2910.site.8, 1, 76, 77
1120974.3.peg.2910.site.9, 9, 83, 92
1120974.3.peg.2910.site.10, 18, 87, 105
1120974.3.peg.2910.site.11, 39, 93, 132
1120974.3.peg.2910.site.12, 0, 208, 208
1120974.3.peg.2910.site.13, 49, 210, 259
1120974.3.peg.2913.site.1, 182, 215, 397
1120974.3.peg.2913.site.2, 182, 215, 397
1120974.3.peg.2913.site.3, 4, 212, 216
1120974.3.peg.2913.site.4, 174, 208, 382
1120974.3.peg.2913.site.5, 59, 208, 267
1120974.3.peg.2913.site.6, 159, 193, 352
1120974.3.peg.2913.site.7, 138, 170, 308
1120974.3.peg.2913.site.8, 122, 154, 276
1120974.3.peg.2913.site.9, 179, 210, 389
1120974.3.peg.2913.site.10, 211, 211, 422
1120974.3.peg.2913.site.11, 61, 185, 246
1120974.3.peg.2913.site.12, 139, 153, 292
1120974.3.peg.2913.site.13, 68, 85, 153
1120974.3.peg.2913.site.14, 63, 81, 144
1120974.3.peg.2913.site.15, 67, 84, 151
1120974.3.peg.2913.site.16, 193, 210, 403
1120974.3.peg.2913.site.17, 194, 211, 405
1120974.3.peg.2913.site.18, 198, 211, 409
1120974.3.peg.2913.site.19, 60, 194, 254
1120974.3.peg.2913.site.20, 180, 197, 377
1120974.3.peg.2913.site.21, 172, 190, 362
1120974.3.peg.2913.site.22, 189, 189, 378
1120974.3.peg.2913.site.23, 159, 176, 335
1120974.3.peg.2913.site.24, 41, 173, 214
1120974.3.peg.2913.site.25, 154, 171, 325
1120974.3.peg.2913.site.26, 5, 172, 177
1120974.3.peg.2912.site.1, 7, 213, 220
1120974.3.peg.2912.site.2, 185, 215, 400
1120974.3.peg.2912.site.3, 11, 215, 226
1120974.3.peg.2912.site.4, 129, 209, 338
1120974.3.peg.2912.site.5, 3, 216, 219
1120974.3.peg.2912.site.6, 0, 215, 215
1120974.3.peg.2912.site.7, 122, 210, 332
1120974.3.peg.2912.site.8, 18, 214, 232
1120974.3.peg.2912.site.9, 123, 210, 333
1120974.3.peg.2912.site.10, 174, 213, 387
1120974.3.peg.2912.site.11, 0, 212, 212
1120974.3.peg.2912.site.12, 0, 215, 215
1120974.3.peg.2912.site.13, 2, 216, 218
1120974.3.peg.2912.site.14, 126, 211, 337
1120974.3.peg.2912.site.15, 4, 213, 217
1120974.3.peg.2912.site.16, 59, 214, 273
1120974.3.peg.2912.site.17, 0, 216, 216
1120974.3.peg.2912.site.18, 0, 216, 216
1120974.3.peg.2912.site.19, 0, 216, 216
1120974.3.peg.2912.site.20, 0, 216, 216
1120974.3.peg.2912.site.21, 0, 215, 215
1120974.3.peg.2912.site.22, 0, 206, 206
1120974.3.peg.2912.site.23, 8, 210, 218
1120974.3.peg.2912.site.24, 180, 209, 389
1120974.3.peg.2912.site.25, 210, 212, 422
1120974.3.peg.2912.site.26, 1, 211, 212
1120974.3.peg.2912.site.27, 1, 213, 214
1120974.3.peg.2912.site.28, 1, 211, 212
1120974.3.peg.2912.site.29, 1, 215, 216
1120974.3.peg.2912.site.30, 211, 216, 427
1120974.3.peg.2912.site.31, 4, 211, 215
1120974.3.peg.2912.site.32, 2, 214, 216
1120974.3.peg.2912.site.33, 0, 214, 214
1120974.3.peg.2912.site.34, 131, 205, 336
1120974.3.peg.2912.site.35, 1, 208, 209
1120974.3.peg.2912.site.36, 44, 207, 251
1120974.3.peg.2912.site.37, 0, 209, 209
1120974.3.peg.2912.site.38, 0, 208, 208
1120974.3.peg.2912.site.39, 52, 202, 254
1120974.3.peg.2912.site.40, 41, 194, 235
1120974.3.peg.2912.site.41, 1, 178, 179
1120974.3.peg.2912.site.42, 150, 182, 332
1120974.3.peg.2912.site.43, 162, 197, 359
1120974.3.peg.2912.site.44, 1, 206, 207
1120974.3.peg.2912.site.45, 126, 130, 256
1120974.3.peg.2759.site.1, 166, 202, 368
1120974.3.peg.2759.site.2, 72, 202, 274
1120974.3.peg.2759.site.3, 162, 198, 360
1120974.3.peg.2759.site.4, 77, 207, 284
1120974.3.peg.2759.site.5, 0, 213, 213
1120974.3.peg.2759.site.6, 173, 208, 381
1120974.3.peg.2759.site.7, 78, 203, 281
1120974.3.peg.2759.site.8, 83, 205, 288
1120974.3.peg.2759.site.9, 86, 207, 293
1120974.3.peg.357.site.1, 0, 204, 204
1120974.3.peg.357.site.2, 116, 205, 321
1120974.3.peg.357.site.3, 14, 214, 228
1120974.3.peg.357.site.4, 195, 213, 408
1120974.3.peg.357.site.5, 158, 212, 370
1120974.3.peg.357.site.6, 27, 210, 237
1120974.3.peg.357.site.7, 125, 171, 296
1120974.3.peg.357.site.8, 15, 61, 76
1120974.3.peg.357.site.9, 7, 54, 61
1120974.3.peg.357.site.10, 4, 50, 54
1120974.3.peg.357.site.11, 9, 57, 66
1120974.3.peg.357.site.12, 16, 63, 79
1120974.3.peg.357.site.13, 110, 149, 259
1120974.3.peg.357.site.14, 199, 212, 411
1120974.3.peg.357.site.15, 0, 213, 213
1120974.3.peg.357.site.16, 166, 211, 377
1120974.3.peg.357.site.17, 4, 213, 217
1120974.3.peg.2752.site.1, 135, 149, 284
1120974.3.peg.2752.site.2, 185, 208, 393
1120974.3.peg.2752.site.3, 169, 186, 355
1120974.3.peg.2752.site.4, 0, 192, 192
1120974.3.peg.2752.site.5, 0, 172, 172
1120974.3.peg.2752.site.6, 126, 148, 274
1120974.3.peg.2752.site.7, 85, 107, 192
1120974.3.peg.2752.site.8, 79, 101, 180
1120974.3.peg.2752.site.9, 108, 118, 226
1120974.3.peg.2752.site.10, 1, 134, 135
1120974.3.peg.2752.site.11, 132, 153, 285
1120974.3.peg.2752.site.12, 184, 203, 387
1120974.3.peg.2752.site.13, 0, 207, 207
1120974.3.peg.2752.site.14, 179, 202, 381
1120974.3.peg.2752.site.15, 1, 213, 214
1120974.3.peg.2752.site.16, 187, 212, 399
1120974.3.peg.2752.site.17, 183, 209, 392
1120974.3.peg.2752.site.18, 0, 213, 213
1120974.3.peg.2752.site.19, 0, 214, 214
1120974.3.peg.2752.site.20, 15, 210, 225
1120974.3.peg.2752.site.21, 0, 208, 208
1120974.3.peg.2752.site.22, 16, 192, 208
1120974.3.peg.2752.site.23, 10, 175, 185
1120974.3.peg.2752.site.24, 56, 83, 139
1120974.3.peg.2752.site.25, 33, 60, 93
1120974.3.peg.2752.site.26, 28, 55, 83
1120974.3.peg.2752.site.27, 33, 61, 94
1120974.3.peg.2752.site.28, 1, 111, 112
1120974.3.peg.2752.site.29, 1, 97, 98
1120974.3.peg.2752.site.30, 16, 43, 59
1120974.3.peg.2752.site.31, 19, 31, 50
1120974.3.peg.2752.site.32, 67, 94, 161
1120974.3.peg.2752.site.33, 151, 181, 332
1120974.3.peg.2752.site.34, 7, 199, 206
1120974.3.peg.2752.site.35, 5, 215, 220
1120974.3.peg.2752.site.36, 0, 215, 215
1120974.3.peg.2752.site.37, 0, 215, 215
1120974.3.peg.2752.site.38, 1, 214, 215
1120974.3.peg.2752.site.39, 185, 210, 395
1120974.3.peg.2752.site.40, 182, 208, 390
1120974.3.peg.2752.site.41, 185, 211, 396
1120974.3.peg.2752.site.42, 1, 172, 173
1120974.3.peg.2752.site.43, 1, 112, 113
1120974.3.peg.2752.site.44, 85, 113, 198
1120974.3.peg.2752.site.45, 164, 191, 355
1120974.3.peg.2752.site.46, 4, 214, 218
1120974.3.peg.2752.site.47, 186, 212, 398
1120974.3.peg.2752.site.48, 3, 186, 189
1120974.3.peg.2751.site.1, 19, 45, 64
1120974.3.peg.2751.site.2, 45, 70, 115
1120974.3.peg.2751.site.3, 1, 119, 120
1120974.3.peg.2751.site.4, 11, 82, 93
1120974.3.peg.2751.site.5, 14, 38, 52
1120974.3.peg.2751.site.6, 1, 29, 30
1120974.3.peg.2751.site.7, 6, 32, 38
1120974.3.peg.2751.site.8, 8, 34, 42
1120974.3.peg.2751.site.9, 3, 94, 97
1120974.3.peg.2751.site.10, 190, 196, 386
1120974.3.peg.2751.site.11, 163, 189, 352
1120974.3.peg.2751.site.12, 156, 182, 338
1120974.3.peg.2750.site.1, 0, 213, 213
1120974.3.peg.2750.site.2, 165, 209, 374
1120974.3.peg.2750.site.3, 166, 208, 374
1120974.3.peg.2750.site.4, 167, 211, 378
1120974.3.peg.2750.site.5, 189, 213, 402
1120974.3.peg.2750.site.6, 4, 216, 220
1120974.3.peg.2750.site.7, 0, 216, 216
1120974.3.peg.2750.site.8, 4, 215, 219
1120974.3.peg.2750.site.9, 102, 143, 245
1120974.3.peg.2750.site.10, 149, 151, 300
1120974.3.peg.2750.site.11, 4, 133, 137
1120974.3.peg.2750.site.12, 127, 153, 280
1120974.3.peg.2750.site.13, 153, 179, 332
1120974.3.peg.2750.site.14, 0, 141, 141
1120974.3.peg.2750.site.15, 1, 144, 145
1120974.3.peg.2750.site.16, 4, 104, 108
1120974.3.peg.2757.site.1, 155, 157, 312
1120974.3.peg.2757.site.2, 107, 201, 308
1120974.3.peg.2757.site.3, 79, 207, 286
1120974.3.peg.2757.site.4, 19, 215, 234
1120974.3.peg.2756.site.1, 193, 214, 407
1120974.3.peg.2756.site.2, 186, 213, 399
1120974.3.peg.2756.site.3, 187, 214, 401
1120974.3.peg.2756.site.4, 0, 216, 216
1120974.3.peg.2756.site.5, 5, 206, 211
1120974.3.peg.2756.site.6, 6, 208, 214
1120974.3.peg.2756.site.7, 0, 208, 208
1120974.3.peg.2756.site.8, 171, 192, 363
1120974.3.peg.2599.site.1, 0, 216, 216
1120974.3.peg.2599.site.2, 60, 213, 273
1120974.3.peg.2599.site.3, 203, 207, 410
1120974.3.peg.2599.site.4, 52, 211, 263
1120974.3.peg.2598.site.1, 59, 209, 268
1120974.3.peg.2598.site.2, 60, 210, 270
1120974.3.peg.1696.site.1, 0, 215, 215
1120974.3.peg.1696.site.2, 91, 208, 299
1120974.3.peg.1696.site.3, 89, 208, 297
1120974.3.peg.1696.site.4, 90, 210, 300
1120974.3.peg.1696.site.5, 0, 215, 215
1120974.3.peg.1696.site.6, 90, 212, 302
1120974.3.peg.1696.site.7, 197, 210, 407
1120974.3.peg.1696.site.8, 9, 212, 221
1120974.3.peg.1696.site.9, 23, 62, 85
1120974.3.peg.1696.site.10, 24, 60, 84
1120974.3.peg.1696.site.11, 32, 68, 100
1120974.3.peg.1696.site.12, 22, 102, 124
1120974.3.peg.1696.site.13, 2, 209, 211
1120974.3.peg.1696.site.14, 10, 209, 219
1120974.3.peg.1696.site.15, 3, 210, 213
1120974.3.peg.1696.site.16, 212, 212, 424
1120974.3.peg.1696.site.17, 14, 215, 229
1120974.3.peg.1696.site.18, 0, 215, 215
1120974.3.peg.1696.site.19, 12, 214, 226
1120974.3.peg.1696.site.20, 2, 209, 211
1120974.3.peg.1696.site.21, 189, 211, 400
1120974.3.peg.1696.site.22, 0, 216, 216
1120974.3.peg.1696.site.23, 169, 214, 383
1120974.3.peg.1696.site.24, 170, 212, 382
1120974.3.peg.1696.site.25, 0, 212, 212
1120974.3.peg.1696.site.26, 1, 211, 212
1120974.3.peg.1696.site.27, 1, 205, 206
1120974.3.peg.1696.site.28, 157, 201, 358
1120974.3.peg.1696.site.29, 2, 207, 209
1120974.3.peg.1696.site.30, 0, 205, 205
1120974.3.peg.1696.site.31, 8, 182, 190
1120974.3.peg.1696.site.32, 14, 185, 199
1120974.3.peg.1696.site.33, 202, 202, 404
1120974.3.peg.2591.site.1, 183, 215, 398
1120974.3.peg.2591.site.2, 193, 212, 405
1120974.3.peg.2591.site.3, 163, 213, 376
1120974.3.peg.2591.site.4, 184, 214, 398
1120974.3.peg.2591.site.5, 75, 89, 164
1120974.3.peg.2591.site.6, 1, 52, 53
1120974.3.peg.2591.site.7, 7, 56, 63
1120974.3.peg.2591.site.8, 19, 70, 89
1120974.3.peg.2591.site.9, 8, 214, 222
1120974.3.peg.2591.site.10, 165, 213, 378
1120974.3.peg.2591.site.11, 186, 214, 400
1120974.3.peg.2591.site.12, 185, 213, 398
1120974.3.peg.2591.site.13, 184, 212, 396
1120974.3.peg.2591.site.14, 19, 210, 229
1120974.3.peg.2591.site.15, 10, 210, 220
1120974.3.peg.2591.site.16, 9, 213, 222
1120974.3.peg.2591.site.17, 201, 212, 413
1120974.3.peg.2591.site.18, 6, 216, 222
1120974.3.peg.2591.site.19, 26, 214, 240
1120974.3.peg.2591.site.20, 177, 203, 380
1120974.3.peg.2591.site.21, 0, 205, 205
1120974.3.peg.2591.site.22, 9, 210, 219
1120974.3.peg.2591.site.23, 147, 205, 352
1120974.3.peg.2590.site.1, 186, 214, 400
1120974.3.peg.2590.site.2, 164, 213, 377
1120974.3.peg.2590.site.3, 164, 212, 376
1120974.3.peg.2590.site.4, 4, 215, 219
1120974.3.peg.2590.site.5, 9, 215, 224
1120974.3.peg.2590.site.6, 16, 215, 231
1120974.3.peg.2590.site.7, 0, 216, 216
1120974.3.peg.2590.site.8, 165, 213, 378
1120974.3.peg.2592.site.1, 7, 216, 223
1120974.3.peg.2592.site.2, 7, 216, 223
1120974.3.peg.2592.site.3, 0, 215, 215
1120974.3.peg.2592.site.4, 12, 215, 227
1120974.3.peg.2592.site.5, 153, 212, 365
1120974.3.peg.2592.site.6, 24, 209, 233
1120974.3.peg.2592.site.7, 179, 209, 388
1120974.3.peg.2592.site.8, 183, 214, 397
1120974.3.peg.2592.site.9, 20, 205, 225
1120974.3.peg.2592.site.10, 21, 205, 226
1120974.3.peg.2592.site.11, 33, 212, 245
1120974.3.peg.2592.site.12, 0, 215, 215
1120974.3.peg.2592.site.13, 210, 212, 422
1120974.3.peg.2592.site.14, 2, 172, 174
1120974.3.peg.2592.site.15, 4, 157, 161
1120974.3.peg.2592.site.16, 0, 160, 160
1120974.3.peg.2592.site.17, 0, 161, 161
1120974.3.peg.2592.site.18, 117, 150, 267
1120974.3.peg.2592.site.19, 0, 204, 204
1120974.3.peg.2592.site.20, 124, 187, 311
1120974.3.peg.2592.site.21, 143, 171, 314
1120974.3.peg.2592.site.22, 12, 192, 204
1120974.3.peg.2592.site.23, 4, 203, 207
1120974.3.peg.2592.site.24, 179, 205, 384
1120974.3.peg.2592.site.25, 187, 213, 400
1120974.3.peg.2592.site.26, 185, 210, 395
1120974.3.peg.2592.site.27, 1, 214, 215
1120974.3.peg.2592.site.28, 4, 212, 216
1120974.3.peg.2592.site.29, 4, 216, 220
1120974.3.peg.2592.site.30, 2, 216, 218
1120974.3.peg.2592.site.31, 0, 216, 216
1120974.3.peg.2592.site.32, 20, 211, 231
1120974.3.peg.2592.site.33, 190, 213, 403
1120974.3.peg.2592.site.34, 3, 215, 218
1120974.3.peg.2592.site.35, 144, 206, 350
1120974.3.peg.2592.site.36, 1, 198, 199
1120974.3.peg.2592.site.37, 1, 206, 207
1120974.3.peg.2592.site.38, 174, 176, 350
1120974.3.peg.2592.site.39, 110, 155, 265
1120974.3.peg.2592.site.40, 1, 145, 146
1120974.3.peg.2592.site.41, 89, 150, 239
1120974.3.peg.2592.site.42, 13, 168, 181
1120974.3.peg.2592.site.43, 71, 144, 215
1120974.3.peg.2592.site.44, 106, 172, 278
1120974.3.peg.2592.site.45, 12, 191, 203
1120974.3.peg.2592.site.46, 0, 203, 203
1120974.3.peg.2592.site.47, 0, 215, 215
1120974.3.peg.2592.site.48, 212, 214, 426
1120974.3.peg.2592.site.49, 149, 207, 356
1120974.3.peg.2592.site.50, 9, 174, 183
1120974.3.peg.2592.site.51, 84, 142, 226
1120974.3.peg.2592.site.52, 103, 170, 273
1120974.3.peg.2592.site.53, 213, 215, 428
1120974.3.peg.2595.site.1, 28, 88, 116
1120974.3.peg.2595.site.2, 1, 149, 150
1120974.3.peg.2595.site.3, 3, 215, 218
1120974.3.peg.2595.site.4, 164, 213, 377
1120974.3.peg.2595.site.5, 152, 212, 364
1120974.3.peg.2595.site.6, 171, 214, 385
1120974.3.peg.2595.site.7, 172, 214, 386
1120974.3.peg.2595.site.8, 0, 216, 216
1120974.3.peg.2595.site.9, 170, 213, 383
1120974.3.peg.2595.site.10, 2, 216, 218
1120974.3.peg.2595.site.11, 101, 207, 308
1120974.3.peg.2595.site.12, 0, 215, 215
1120974.3.peg.2595.site.13, 0, 215, 215
1120974.3.peg.2595.site.14, 208, 213, 421
1120974.3.peg.2595.site.15, 150, 210, 360
1120974.3.peg.2595.site.16, 104, 213, 317
1120974.3.peg.2595.site.17, 46, 213, 259
1120974.3.peg.2595.site.18, 105, 216, 321
1120974.3.peg.2595.site.19, 0, 205, 205
1120974.3.peg.2595.site.20, 3, 206, 209
1120974.3.peg.2595.site.21, 52, 208, 260
1120974.3.peg.2595.site.22, 1, 215, 216
1120974.3.peg.2595.site.23, 104, 214, 318
1120974.3.peg.2595.site.24, 104, 213, 317
1120974.3.peg.2597.site.1, 0, 216, 216
1120974.3.peg.2597.site.2, 4, 211, 215
1120974.3.peg.2597.site.3, 102, 212, 314
1120974.3.peg.2597.site.4, 102, 213, 315
1120974.3.peg.2597.site.5, 102, 213, 315
1120974.3.peg.2597.site.6, 70, 212, 282
1120974.3.peg.2597.site.7, 68, 211, 279
1120974.3.peg.2597.site.8, 63, 205, 268
1120974.3.peg.2597.site.9, 17, 213, 230
1120974.3.peg.2597.site.10, 29, 212, 241
1120974.3.peg.2597.site.11, 0, 215, 215
1120974.3.peg.2597.site.12, 68, 211, 279
1120974.3.peg.2597.site.13, 0, 210, 210
1120974.3.peg.2597.site.14, 68, 211, 279
1120974.3.peg.2597.site.15, 6, 215, 221
1120974.3.peg.2597.site.16, 0, 214, 214
1120974.3.peg.2597.site.17, 8, 214, 222
1120974.3.peg.2596.site.1, 4, 216, 220
1120974.3.peg.2596.site.2, 102, 213, 315
1120974.3.peg.2596.site.3, 28, 136, 164
1120974.3.peg.2596.site.4, 55, 105, 160
1120974.3.peg.2596.site.5, 4, 216, 220
1120974.3.peg.2596.site.6, 50, 214, 264
1120974.3.peg.2596.site.7, 49, 214, 263
1120974.3.peg.2596.site.8, 0, 214, 214
1120974.3.peg.2596.site.9, 107, 206, 313
1120974.3.peg.2596.site.10, 51, 213, 264
1120974.3.peg.2596.site.11, 47, 213, 260
1120974.3.peg.2596.site.12, 213, 216, 429
1120974.3.peg.2596.site.13, 107, 214, 321
1120974.3.peg.2596.site.14, 0, 216, 216
1120974.3.peg.3248.site.1, 14, 215, 229
1120974.3.peg.3248.site.2, 0, 214, 214
1120974.3.peg.3248.site.3, 4, 216, 220
1120974.3.peg.3248.site.4, 0, 191, 191
1120974.3.peg.3248.site.5, 0, 133, 133
1120974.3.peg.3248.site.6, 156, 208, 364
1120974.3.peg.3248.site.7, 0, 211, 211
1120974.3.peg.3248.site.8, 19, 210, 229
1120974.3.peg.3248.site.9, 182, 206, 388
1120974.3.peg.3248.site.10, 139, 189, 328
1120974.3.peg.3248.site.11, 151, 201, 352
1120974.3.peg.3248.site.12, 15, 216, 231
1120974.3.peg.3248.site.13, 184, 187, 371
1120974.3.peg.3248.site.14, 25, 160, 185
1120974.3.peg.3248.site.15, 129, 153, 282
1120974.3.peg.3248.site.16, 0, 157, 157
1120974.3.peg.3248.site.17, 0, 157, 157
1120974.3.peg.3248.site.18, 1, 201, 202
1120974.3.peg.3248.site.19, 1, 214, 215
1120974.3.peg.3248.site.20, 3, 214, 217
1120974.3.peg.3248.site.21, 1, 215, 216
1120974.3.peg.3249.site.1, 0, 213, 213
1120974.3.peg.3249.site.2, 210, 212, 422
1120974.3.peg.3249.site.3, 0, 213, 213
1120974.3.peg.3249.site.4, 213, 215, 428
1120974.3.peg.3249.site.5, 215, 215, 430
1120974.3.peg.3249.site.6, 5, 214, 219
1120974.3.peg.3249.site.7, 131, 183, 314
1120974.3.peg.3249.site.8, 0, 179, 179
1120974.3.peg.3249.site.9, 8, 211, 219
1120974.3.peg.3249.site.10, 19, 211, 230
1120974.3.peg.3249.site.11, 0, 214, 214
1120974.3.peg.3249.site.12, 212, 216, 428
1120974.3.peg.3249.site.13, 0, 215, 215
1120974.3.peg.3249.site.14, 0, 215, 215
1120974.3.peg.3249.site.15, 0, 216, 216
1120974.3.peg.3249.site.16, 0, 215, 215
1120974.3.peg.3249.site.17, 0, 215, 215
1120974.3.peg.3249.site.18, 2, 215, 217
1120974.3.peg.3249.site.19, 15, 215, 230
1120974.3.peg.3249.site.20, 4, 215, 219
1120974.3.peg.3249.site.21, 6, 211, 217
1120974.3.peg.3249.site.22, 5, 197, 202
1120974.3.peg.3249.site.23, 0, 182, 182
1120974.3.peg.3249.site.24, 168, 195, 363
1120974.3.peg.3247.site.1, 17, 85, 102
1120974.3.peg.3247.site.2, 2, 72, 74
1120974.3.peg.3247.site.3, 12, 64, 76
1120974.3.peg.3247.site.4, 23, 42, 65
1120974.3.peg.3247.site.5, 2, 28, 30
1120974.3.peg.3247.site.6, 2, 188, 190
1120974.3.peg.3247.site.7, 149, 204, 353
1120974.3.peg.3247.site.8, 22, 212, 234
1120974.3.peg.3247.site.9, 159, 210, 369
1120974.3.peg.3247.site.10, 160, 210, 370
1120974.3.peg.3245.site.1, 180, 212, 392
1120974.3.peg.3245.site.2, 10, 214, 224
1120974.3.peg.3245.site.3, 4, 212, 216
1120974.3.peg.3245.site.4, 10, 212, 222
1120974.3.peg.3245.site.5, 9, 41, 50
1120974.3.peg.3245.site.6, 10, 42, 52
1120974.3.peg.3245.site.7, 1, 159, 160
1120974.3.peg.3245.site.8, 138, 172, 310
1120974.3.peg.3245.site.9, 0, 206, 206
1120974.3.peg.3245.site.10, 185, 201, 386
1120974.3.peg.3245.site.11, 1, 189, 190
1120974.3.peg.3245.site.12, 2, 181, 183
1120974.3.peg.3245.site.13, 1, 145, 146
1120974.3.peg.3240.site.1, 201, 213, 414
1120974.3.peg.3240.site.2, 201, 213, 414
1120974.3.peg.3240.site.3, 201, 214, 415
1120974.3.peg.3240.site.4, 0, 213, 213
1120974.3.peg.3240.site.5, 195, 208, 403
1120974.3.peg.3240.site.6, 195, 206, 401
1120974.3.peg.3240.site.7, 190, 202, 392
1120974.3.peg.3240.site.8, 0, 216, 216
1120974.3.peg.3240.site.9, 202, 215, 417
1120974.3.peg.3240.site.10, 0, 215, 215
1120974.3.peg.3240.site.11, 202, 215, 417
1120974.3.peg.3240.site.12, 199, 209, 408
1120974.3.peg.3240.site.13, 80, 93, 173
1120974.3.peg.3240.site.14, 70, 84, 154
1120974.3.peg.3240.site.15, 56, 59, 115
1120974.3.peg.3240.site.16, 20, 25, 45
1120974.3.peg.1947.site.1, 34, 210, 244
1120974.3.peg.1947.site.2, 5, 212, 217
1120974.3.peg.1947.site.3, 10, 210, 220
1120974.3.peg.1947.site.4, 9, 212, 221
1120974.3.peg.1947.site.5, 184, 209, 393
1120974.3.peg.1947.site.6, 0, 211, 211
1120974.3.peg.1947.site.7, 193, 208, 401
1120974.3.peg.1947.site.8, 5, 213, 218
1120974.3.peg.1947.site.9, 10, 210, 220
1120974.3.peg.1947.site.10, 0, 211, 211
1120974.3.peg.1947.site.11, 201, 206, 407
1120974.3.peg.1947.site.12, 187, 209, 396
1120974.3.peg.1947.site.13, 142, 208, 350
1120974.3.peg.1947.site.14, 1, 213, 214
1120974.3.peg.1947.site.15, 6, 211, 217
1120974.3.peg.1947.site.16, 0, 212, 212
1120974.3.peg.1947.site.17, 154, 212, 366
1120974.3.peg.1947.site.18, 191, 211, 402
1120974.3.peg.1947.site.19, 133, 210, 343
1120974.3.peg.1947.site.20, 1, 213, 214
1120974.3.peg.1947.site.21, 141, 209, 350
1120974.3.peg.1947.site.22, 1, 212, 213
1120974.3.peg.1947.site.23, 213, 213, 426
1120974.3.peg.1947.site.24, 11, 212, 223
1120974.3.peg.1947.site.25, 148, 211, 359
1120974.3.peg.1947.site.26, 144, 211, 355
1120974.3.peg.1947.site.27, 193, 212, 405
1120974.3.peg.1947.site.28, 4, 213, 217
1120974.3.peg.1947.site.29, 0, 212, 212
1120974.3.peg.1946.site.1, 0, 207, 207
1120974.3.peg.1946.site.2, 31, 206, 237
1120974.3.peg.1946.site.3, 173, 194, 367
1120974.3.peg.1946.site.4, 0, 212, 212
1120974.3.peg.1946.site.5, 0, 210, 210
1120974.3.peg.1946.site.6, 159, 207, 366
1120974.3.peg.1946.site.7, 0, 206, 206
1120974.3.peg.1946.site.8, 202, 207, 409
1120974.3.peg.1946.site.9, 133, 201, 334
1120974.3.peg.1946.site.10, 37, 213, 250
1120974.3.peg.1946.site.11, 151, 207, 358
1120974.3.peg.1946.site.12, 6, 212, 218
1120974.3.peg.1946.site.13, 185, 204, 389
1120974.3.peg.1946.site.14, 4, 201, 205
1120974.3.peg.1946.site.15, 0, 207, 207
1120974.3.peg.1946.site.16, 4, 193, 197
1120974.3.peg.1946.site.17, 184, 192, 376
1120974.3.peg.1946.site.18, 5, 215, 220
1120974.3.peg.1946.site.19, 9, 214, 223
1120974.3.peg.1946.site.20, 5, 213, 218
1120974.3.peg.1946.site.21, 196, 212, 408
1120974.3.peg.1946.site.22, 159, 212, 371
1120974.3.peg.1946.site.23, 1, 214, 215
1120974.3.peg.1946.site.24, 99, 211, 310
1120974.3.peg.1946.site.25, 11, 214, 225
1120974.3.peg.1946.site.26, 198, 213, 411
1120974.3.peg.1946.site.27, 0, 214, 214
1120974.3.peg.1946.site.28, 1, 213, 214
1120974.3.peg.1946.site.29, 15, 213, 228
1120974.3.peg.1946.site.30, 34, 214, 248
1120974.3.peg.1946.site.31, 8, 215, 223
1120974.3.peg.1946.site.32, 65, 212, 277
1120974.3.peg.1946.site.33, 5, 214, 219
1120974.3.peg.1946.site.34, 39, 214, 253
1120974.3.peg.1946.site.35, 35, 214, 249
1120974.3.peg.1946.site.36, 4, 214, 218
1120974.3.peg.1946.site.37, 2, 214, 216
1120974.3.peg.1946.site.38, 1, 210, 211
1120974.3.peg.1946.site.39, 168, 210, 378
1120974.3.peg.1946.site.40, 6, 205, 211
1120974.3.peg.1946.site.41, 3, 204, 207
1120974.3.peg.1946.site.42, 166, 199, 365
1120974.3.peg.1946.site.43, 0, 188, 188
1120974.3.peg.1946.site.44, 2, 196, 198
1120974.3.peg.1946.site.45, 4, 204, 208
1120974.3.peg.1946.site.46, 0, 215, 215
1120974.3.peg.1946.site.47, 148, 205, 353
1120974.3.peg.1946.site.48, 145, 208, 353
1120974.3.peg.1946.site.49, 155, 209, 364
1120974.3.peg.1946.site.50, 132, 186, 318
1120974.3.peg.1946.site.51, 209, 209, 418
1120974.3.peg.1946.site.52, 212, 212, 424
