site, alts, refs, total
1118061.3.peg.1689.site.1, 0, 113, 113
1118061.3.peg.1689.site.2, 0, 113, 113
1118061.3.peg.1689.site.3, 90, 132, 222
1118061.3.peg.1689.site.4, 9, 121, 130
1118061.3.peg.1689.site.5, 8, 121, 129
1118061.3.peg.1689.site.6, 105, 125, 230
1118061.3.peg.1689.site.7, 119, 146, 265
1118061.3.peg.1689.site.8, 0, 125, 125
1118061.3.peg.1689.site.9, 1, 126, 127
1118061.3.peg.1689.site.10, 1, 117, 118
1118061.3.peg.1689.site.11, 10, 124, 134
1118061.3.peg.1689.site.12, 0, 140, 140
1118061.3.peg.1684.site.1, 0, 146, 146
1118061.3.peg.1684.site.2, 57, 150, 207
1118061.3.peg.1684.site.3, 0, 150, 150
1118061.3.peg.1684.site.4, 2, 150, 152
1118061.3.peg.1684.site.5, 31, 150, 181
1118061.3.peg.1684.site.6, 143, 149, 292
1118061.3.peg.1684.site.7, 0, 150, 150
1118061.3.peg.1684.site.8, 28, 150, 178
1118061.3.peg.1684.site.9, 48, 143, 191
1118061.3.peg.1684.site.10, 0, 135, 135
1118061.3.peg.1684.site.11, 29, 146, 175
1118061.3.peg.1684.site.12, 32, 145, 177
1118061.3.peg.1684.site.13, 1, 141, 142
1118061.3.peg.1684.site.14, 2, 142, 144
1118061.3.peg.1684.site.15, 39, 146, 185
1118061.3.peg.1684.site.16, 20, 141, 161
1118061.3.peg.1684.site.17, 1, 136, 137
1118061.3.peg.1684.site.18, 3, 129, 132
1118061.3.peg.1684.site.19, 9, 136, 145
1118061.3.peg.1684.site.20, 0, 145, 145
1118061.3.peg.1685.site.1, 2, 142, 144
1118061.3.peg.1685.site.2, 0, 120, 120
1118061.3.peg.1685.site.3, 15, 123, 138
1118061.3.peg.1685.site.4, 31, 125, 156
1118061.3.peg.1685.site.5, 1, 146, 147
1118061.3.peg.1685.site.6, 33, 136, 169
1118061.3.peg.1685.site.7, 26, 136, 162
1118061.3.peg.1685.site.8, 0, 145, 145
1118061.3.peg.1685.site.9, 13, 145, 158
1118061.3.peg.1685.site.10, 4, 141, 145
1118061.3.peg.1685.site.11, 100, 146, 246
1118061.3.peg.1685.site.12, 150, 150, 300
1118061.3.peg.1685.site.13, 57, 149, 206
1118061.3.peg.1686.site.1, 0, 150, 150
1118061.3.peg.1686.site.2, 37, 149, 186
1118061.3.peg.1686.site.3, 37, 150, 187
1118061.3.peg.1686.site.4, 48, 122, 170
1118061.3.peg.1686.site.5, 3, 119, 122
1118061.3.peg.1686.site.6, 0, 148, 148
1118061.3.peg.1686.site.7, 2, 134, 136
1118061.3.peg.1680.site.1, 55, 136, 191
1118061.3.peg.1680.site.2, 0, 143, 143
1118061.3.peg.1680.site.3, 23, 148, 171
1118061.3.peg.1680.site.4, 62, 148, 210
1118061.3.peg.1680.site.5, 1, 149, 150
1118061.3.peg.1680.site.6, 43, 150, 193
1118061.3.peg.1680.site.7, 135, 149, 284
1118061.3.peg.1680.site.8, 30, 149, 179
1118061.3.peg.1680.site.9, 39, 150, 189
1118061.3.peg.1680.site.10, 6, 143, 149
1118061.3.peg.1680.site.11, 2, 143, 145
1118061.3.peg.1680.site.12, 0, 133, 133
1118061.3.peg.1680.site.13, 50, 149, 199
1118061.3.peg.1680.site.14, 1, 150, 151
1118061.3.peg.1680.site.15, 53, 150, 203
1118061.3.peg.1680.site.16, 0, 150, 150
1118061.3.peg.1680.site.17, 114, 148, 262
1118061.3.peg.1680.site.18, 8, 148, 156
1118061.3.peg.1680.site.19, 2, 149, 151
1118061.3.peg.1680.site.20, 9, 149, 158
1118061.3.peg.1680.site.21, 0, 150, 150
1118061.3.peg.1680.site.22, 0, 149, 149
1118061.3.peg.1680.site.23, 126, 146, 272
1118061.3.peg.1680.site.24, 85, 143, 228
1118061.3.peg.1680.site.25, 37, 141, 178
1118061.3.peg.1680.site.26, 39, 144, 183
1118061.3.peg.1680.site.27, 8, 145, 153
1118061.3.peg.1680.site.28, 39, 150, 189
1118061.3.peg.1680.site.29, 9, 148, 157
1118061.3.peg.1680.site.30, 149, 149, 298
1118061.3.peg.1680.site.31, 2, 150, 152
1118061.3.peg.1680.site.32, 1, 150, 151
1118061.3.peg.2390.site.1, 0, 149, 149
1118061.3.peg.2390.site.2, 68, 150, 218
1118061.3.peg.2390.site.3, 1, 148, 149
1118061.3.peg.2390.site.4, 1, 149, 150
1118061.3.peg.2390.site.5, 25, 144, 169
1118061.3.peg.2390.site.6, 0, 148, 148
1118061.3.peg.2390.site.7, 2, 149, 151
1118061.3.peg.2390.site.8, 0, 148, 148
1118061.3.peg.2390.site.9, 148, 148, 296
1118061.3.peg.2390.site.10, 7, 143, 150
1118061.3.peg.2390.site.11, 2, 142, 144
1118061.3.peg.2390.site.12, 31, 115, 146
1118061.3.peg.2390.site.13, 27, 138, 165
1118061.3.peg.2390.site.14, 51, 136, 187
1118061.3.peg.2390.site.15, 88, 150, 238
1118061.3.peg.2390.site.16, 102, 150, 252
1118061.3.peg.2390.site.17, 50, 150, 200
1118061.3.peg.2390.site.18, 149, 149, 298
1118061.3.peg.2390.site.19, 10, 150, 160
1118061.3.peg.2390.site.20, 149, 150, 299
1118061.3.peg.2390.site.21, 34, 146, 180
1118061.3.peg.2390.site.22, 48, 149, 197
1118061.3.peg.2390.site.23, 98, 145, 243
1118061.3.peg.2390.site.24, 3, 134, 137
1118061.3.peg.2390.site.25, 3, 137, 140
1118061.3.peg.2390.site.26, 3, 145, 148
1118061.3.peg.2390.site.27, 0, 146, 146
1118061.3.peg.2390.site.28, 87, 143, 230
1118061.3.peg.2390.site.29, 1, 147, 148
1118061.3.peg.2390.site.30, 11, 149, 160
1118061.3.peg.2390.site.31, 4, 150, 154
1118061.3.peg.2390.site.32, 63, 101, 164
1118061.3.peg.2390.site.33, 3, 124, 127
1118061.3.peg.2390.site.34, 40, 147, 187
1118061.3.peg.2390.site.35, 12, 150, 162
1118061.3.peg.2390.site.36, 84, 150, 234
1118061.3.peg.2390.site.37, 0, 150, 150
1118061.3.peg.2390.site.38, 5, 149, 154
1118061.3.peg.1750.site.1, 0, 150, 150
1118061.3.peg.1750.site.2, 0, 150, 150
1118061.3.peg.1751.site.1, 2, 149, 151
1118061.3.peg.1751.site.2, 63, 149, 212
1118061.3.peg.1757.site.1, 3, 150, 153
1118061.3.peg.1757.site.2, 0, 149, 149
1118061.3.peg.1757.site.3, 31, 148, 179
1118061.3.peg.1757.site.4, 0, 149, 149
1118061.3.peg.1757.site.5, 149, 149, 298
1118061.3.peg.1757.site.6, 0, 150, 150
1118061.3.peg.1757.site.7, 71, 150, 221
1118061.3.peg.1755.site.1, 0, 150, 150
1118061.3.peg.1755.site.2, 9, 150, 159
1118061.3.peg.1755.site.3, 0, 141, 141
1118061.3.peg.1758.site.1, 9, 149, 158
1118061.3.peg.1758.site.2, 76, 145, 221
1118061.3.peg.1758.site.3, 65, 148, 213
1118061.3.peg.1758.site.4, 79, 147, 226
1118061.3.peg.1758.site.5, 0, 149, 149
1118061.3.peg.1758.site.6, 120, 148, 268
1118061.3.peg.1758.site.7, 0, 150, 150
1118061.3.peg.1759.site.1, 0, 150, 150
1118061.3.peg.1759.site.2, 0, 149, 149
1118061.3.peg.1759.site.3, 5, 150, 155
1118061.3.peg.1759.site.4, 21, 150, 171
1118061.3.peg.1759.site.5, 0, 149, 149
1118061.3.peg.1759.site.6, 7, 150, 157
1118061.3.peg.1759.site.7, 29, 149, 178
1118061.3.peg.1759.site.8, 29, 149, 178
1118061.3.peg.1759.site.9, 27, 149, 176
1118061.3.peg.1439.site.1, 29, 148, 177
1118061.3.peg.1439.site.2, 2, 150, 152
1118061.3.peg.1439.site.3, 2, 150, 152
1118061.3.peg.1438.site.1, 0, 149, 149
1118061.3.peg.1438.site.2, 4, 148, 152
1118061.3.peg.1438.site.3, 10, 150, 160
1118061.3.peg.1438.site.4, 0, 150, 150
1118061.3.peg.1438.site.5, 50, 140, 190
1118061.3.peg.1438.site.6, 0, 139, 139
1118061.3.peg.1438.site.7, 14, 136, 150
1118061.3.peg.1438.site.8, 6, 147, 153
1118061.3.peg.1438.site.9, 0, 148, 148
1118061.3.peg.1438.site.10, 0, 148, 148
1118061.3.peg.1438.site.11, 2, 148, 150
1118061.3.peg.1438.site.12, 27, 147, 174
1118061.3.peg.1438.site.13, 7, 149, 156
1118061.3.peg.1438.site.14, 1, 149, 150
1118061.3.peg.1438.site.15, 0, 121, 121
1118061.3.peg.1438.site.16, 83, 134, 217
1118061.3.peg.1438.site.17, 139, 148, 287
1118061.3.peg.1437.site.1, 1, 148, 149
1118061.3.peg.1437.site.2, 88, 142, 230
1118061.3.peg.1437.site.3, 2, 147, 149
1118061.3.peg.1437.site.4, 8, 135, 143
1118061.3.peg.1437.site.5, 1, 141, 142
1118061.3.peg.1437.site.6, 1, 148, 149
1118061.3.peg.1437.site.7, 13, 149, 162
1118061.3.peg.1437.site.8, 1, 148, 149
1118061.3.peg.1436.site.1, 32, 124, 156
1118061.3.peg.1436.site.2, 74, 76, 150
1118061.3.peg.1436.site.3, 33, 45, 78
1118061.3.peg.1436.site.4, 3, 44, 47
1118061.3.peg.1436.site.5, 3, 41, 44
1118061.3.peg.1436.site.6, 0, 40, 40
1118061.3.peg.1436.site.7, 3, 36, 39
1118061.3.peg.1436.site.8, 6, 39, 45
1118061.3.peg.1436.site.9, 6, 67, 73
1118061.3.peg.1436.site.10, 7, 78, 85
1118061.3.peg.1436.site.11, 1, 139, 140
1118061.3.peg.1436.site.12, 1, 139, 140
1118061.3.peg.1436.site.13, 9, 146, 155
1118061.3.peg.1436.site.14, 0, 141, 141
1118061.3.peg.1436.site.15, 17, 144, 161
1118061.3.peg.1435.site.1, 82, 92, 174
1118061.3.peg.1435.site.2, 1, 58, 59
1118061.3.peg.1435.site.3, 53, 64, 117
1118061.3.peg.1435.site.4, 0, 67, 67
1118061.3.peg.1435.site.5, 0, 46, 46
1118061.3.peg.1435.site.6, 2, 141, 143
1118061.3.peg.1435.site.7, 74, 134, 208
1118061.3.peg.1435.site.8, 12, 150, 162
1118061.3.peg.1435.site.9, 8, 150, 158
1118061.3.peg.1435.site.10, 101, 149, 250
1118061.3.peg.1435.site.11, 150, 150, 300
1118061.3.peg.1435.site.12, 15, 150, 165
1118061.3.peg.1435.site.13, 0, 150, 150
1118061.3.peg.1435.site.14, 3, 148, 151
1118061.3.peg.1435.site.15, 0, 150, 150
1118061.3.peg.1435.site.16, 75, 148, 223
1118061.3.peg.1435.site.17, 12, 148, 160
1118061.3.peg.1435.site.18, 33, 148, 181
1118061.3.peg.1435.site.19, 9, 150, 159
1118061.3.peg.1435.site.20, 2, 149, 151
1118061.3.peg.1435.site.21, 41, 150, 191
1118061.3.peg.1435.site.22, 28, 149, 177
1118061.3.peg.1435.site.23, 14, 150, 164
1118061.3.peg.1435.site.24, 126, 150, 276
1118061.3.peg.1435.site.25, 17, 150, 167
1118061.3.peg.1435.site.26, 0, 150, 150
1118061.3.peg.1435.site.27, 0, 150, 150
1118061.3.peg.1435.site.28, 21, 150, 171
1118061.3.peg.1435.site.29, 10, 147, 157
1118061.3.peg.1435.site.30, 18, 147, 165
1118061.3.peg.1435.site.31, 9, 146, 155
1118061.3.peg.1435.site.32, 0, 148, 148
1118061.3.peg.1434.site.1, 82, 147, 229
1118061.3.peg.1434.site.2, 89, 149, 238
1118061.3.peg.1434.site.3, 41, 118, 159
1118061.3.peg.1434.site.4, 3, 147, 150
1118061.3.peg.1434.site.5, 19, 145, 164
1118061.3.peg.1434.site.6, 93, 148, 241
1118061.3.peg.1434.site.7, 3, 149, 152
1118061.3.peg.1434.site.8, 9, 147, 156
1118061.3.peg.1434.site.9, 0, 148, 148
1118061.3.peg.1434.site.10, 111, 142, 253
1118061.3.peg.1434.site.11, 74, 138, 212
1118061.3.peg.1434.site.12, 0, 128, 128
1118061.3.peg.1434.site.13, 0, 148, 148
1118061.3.peg.1434.site.14, 0, 149, 149
1118061.3.peg.1433.site.1, 0, 150, 150
1118061.3.peg.1433.site.2, 148, 149, 297
1118061.3.peg.1433.site.3, 5, 150, 155
1118061.3.peg.1432.site.1, 32, 139, 171
1118061.3.peg.1432.site.2, 1, 117, 118
1118061.3.peg.1432.site.3, 0, 106, 106
1118061.3.peg.1432.site.4, 1, 146, 147
1118061.3.peg.1432.site.5, 2, 148, 150
1118061.3.peg.1432.site.6, 12, 141, 153
1118061.3.peg.1432.site.7, 18, 141, 159
1118061.3.peg.1432.site.8, 14, 143, 157
1118061.3.peg.1432.site.9, 0, 143, 143
1118061.3.peg.1432.site.10, 0, 147, 147
1118061.3.peg.1432.site.11, 38, 148, 186
1118061.3.peg.1432.site.12, 55, 98, 153
1118061.3.peg.1432.site.13, 39, 98, 137
1118061.3.peg.1432.site.14, 1, 91, 92
1118061.3.peg.1432.site.15, 88, 90, 178
1118061.3.peg.1432.site.16, 5, 118, 123
1118061.3.peg.1432.site.17, 28, 124, 152
1118061.3.peg.1432.site.18, 38, 120, 158
1118061.3.peg.1432.site.19, 3, 137, 140
1118061.3.peg.1432.site.20, 45, 145, 190
1118061.3.peg.1432.site.21, 2, 150, 152
1118061.3.peg.1431.site.1, 0, 141, 141
1118061.3.peg.1431.site.2, 25, 145, 170
1118061.3.peg.1431.site.3, 1, 146, 147
1118061.3.peg.1431.site.4, 6, 142, 148
1118061.3.peg.1431.site.5, 74, 119, 193
1118061.3.peg.1431.site.6, 20, 140, 160
1118061.3.peg.1431.site.7, 1, 149, 150
1118061.3.peg.1431.site.8, 0, 147, 147
1118061.3.peg.1431.site.9, 1, 145, 146
1118061.3.peg.1431.site.10, 2, 149, 151
1118061.3.peg.1431.site.11, 1, 141, 142
1118061.3.peg.1431.site.12, 134, 141, 275
1118061.3.peg.1431.site.13, 0, 147, 147
1118061.3.peg.1431.site.14, 0, 140, 140
1118061.3.peg.1431.site.15, 17, 150, 167
1118061.3.peg.1430.site.1, 23, 136, 159
1118061.3.peg.1430.site.2, 26, 136, 162
1118061.3.peg.1430.site.3, 11, 138, 149
1118061.3.peg.1430.site.4, 67, 130, 197
1118061.3.peg.1430.site.5, 29, 126, 155
1118061.3.peg.1430.site.6, 2, 125, 127
1118061.3.peg.1430.site.7, 28, 119, 147
1118061.3.peg.1430.site.8, 1, 121, 122
1118061.3.peg.1430.site.9, 2, 130, 132
1118061.3.peg.1430.site.10, 85, 138, 223
1118061.3.peg.1430.site.11, 1, 134, 135
1118061.3.peg.1430.site.12, 27, 126, 153
1118061.3.peg.1430.site.13, 3, 137, 140
1118061.3.peg.1430.site.14, 16, 129, 145
1118061.3.peg.1430.site.15, 125, 125, 250
1118061.3.peg.1430.site.16, 2, 118, 120
1118061.3.peg.1430.site.17, 21, 143, 164
1118061.3.peg.1430.site.18, 143, 143, 286
1118061.3.peg.1430.site.19, 29, 142, 171
1118061.3.peg.1430.site.20, 41, 141, 182
1118061.3.peg.1430.site.21, 29, 135, 164
1118061.3.peg.1430.site.22, 5, 129, 134
1118061.3.peg.1430.site.23, 20, 106, 126
1118061.3.peg.1430.site.24, 2, 83, 85
1118061.3.peg.1430.site.25, 0, 107, 107
1118061.3.peg.1511.site.1, 5, 149, 154
1118061.3.peg.1511.site.2, 7, 149, 156
1118061.3.peg.1511.site.3, 113, 145, 258
1118061.3.peg.1511.site.4, 130, 130, 260
1118061.3.peg.1511.site.5, 127, 141, 268
1118061.3.peg.1511.site.6, 138, 138, 276
1118061.3.peg.1511.site.7, 2, 146, 148
1118061.3.peg.1511.site.8, 71, 145, 216
1118061.3.peg.1323.site.1, 15, 142, 157
1118061.3.peg.1323.site.2, 0, 140, 140
1118061.3.peg.1323.site.3, 69, 135, 204
1118061.3.peg.1323.site.4, 104, 145, 249
1118061.3.peg.1323.site.5, 40, 145, 185
1118061.3.peg.479.site.1, 25, 141, 166
1118061.3.peg.479.site.2, 25, 139, 164
1118061.3.peg.479.site.3, 1, 141, 142
1118061.3.peg.479.site.4, 73, 99, 172
1118061.3.peg.479.site.5, 0, 139, 139
1118061.3.peg.479.site.6, 1, 141, 142
1118061.3.peg.479.site.7, 2, 150, 152
1118061.3.peg.479.site.8, 0, 145, 145
1118061.3.peg.479.site.9, 5, 142, 147
1118061.3.peg.479.site.10, 12, 145, 157
1118061.3.peg.479.site.11, 29, 143, 172
1118061.3.peg.479.site.12, 12, 148, 160
1118061.3.peg.479.site.13, 0, 150, 150
1118061.3.peg.479.site.14, 0, 148, 148
1118061.3.peg.479.site.15, 50, 140, 190
1118061.3.peg.479.site.16, 80, 121, 201
1118061.3.peg.479.site.17, 2, 125, 127
1118061.3.peg.479.site.18, 12, 133, 145
1118061.3.peg.479.site.19, 0, 129, 129
1118061.3.peg.479.site.20, 25, 137, 162
1118061.3.peg.479.site.21, 12, 138, 150
1118061.3.peg.479.site.22, 9, 144, 153
1118061.3.peg.479.site.23, 3, 145, 148
1118061.3.peg.1320.site.1, 4, 148, 152
1118061.3.peg.1320.site.2, 134, 149, 283
1118061.3.peg.1320.site.3, 1, 148, 149
1118061.3.peg.1320.site.4, 17, 149, 166
1118061.3.peg.1320.site.5, 41, 148, 189
1118061.3.peg.1320.site.6, 29, 149, 178
1118061.3.peg.1320.site.7, 54, 139, 193
1118061.3.peg.1320.site.8, 13, 141, 154
1118061.3.peg.1320.site.9, 9, 137, 146
1118061.3.peg.1320.site.10, 1, 139, 140
1118061.3.peg.1320.site.11, 38, 141, 179
1118061.3.peg.1320.site.12, 1, 121, 122
1118061.3.peg.1320.site.13, 0, 136, 136
1118061.3.peg.1320.site.14, 8, 141, 149
1118061.3.peg.1320.site.15, 0, 142, 142
1118061.3.peg.1320.site.16, 0, 140, 140
1118061.3.peg.1320.site.17, 1, 144, 145
1118061.3.peg.1320.site.18, 3, 144, 147
1118061.3.peg.1327.site.1, 1, 147, 148
1118061.3.peg.1327.site.2, 1, 149, 150
1118061.3.peg.1327.site.3, 0, 148, 148
1118061.3.peg.1327.site.4, 1, 147, 148
1118061.3.peg.1327.site.5, 1, 143, 144
1118061.3.peg.1327.site.6, 1, 144, 145
1118061.3.peg.1327.site.7, 1, 148, 149
1118061.3.peg.1326.site.1, 29, 149, 178
1118061.3.peg.1326.site.2, 1, 137, 138
1118061.3.peg.1326.site.3, 1, 131, 132
1118061.3.peg.1325.site.1, 56, 142, 198
1118061.3.peg.1325.site.2, 1, 148, 149
1118061.3.peg.1325.site.3, 20, 148, 168
1118061.3.peg.1325.site.4, 0, 141, 141
1118061.3.peg.1325.site.5, 2, 143, 145
1118061.3.peg.1325.site.6, 27, 146, 173
1118061.3.peg.1325.site.7, 19, 149, 168
1118061.3.peg.1325.site.8, 0, 150, 150
1118061.3.peg.1325.site.9, 2, 150, 152
1118061.3.peg.1325.site.10, 0, 149, 149
1118061.3.peg.1325.site.11, 0, 145, 145
1118061.3.peg.1325.site.12, 146, 146, 292
1118061.3.peg.1325.site.13, 68, 141, 209
1118061.3.peg.1325.site.14, 3, 145, 148
1118061.3.peg.1325.site.15, 0, 145, 145
1118061.3.peg.1325.site.16, 1, 148, 149
1118061.3.peg.1325.site.17, 1, 150, 151
1118061.3.peg.1325.site.18, 1, 149, 150
1118061.3.peg.1325.site.19, 0, 150, 150
1118061.3.peg.1325.site.20, 3, 150, 153
1118061.3.peg.478.site.1, 80, 149, 229
1118061.3.peg.478.site.2, 147, 147, 294
1118061.3.peg.478.site.3, 147, 147, 294
1118061.3.peg.478.site.4, 146, 149, 295
1118061.3.peg.478.site.5, 93, 144, 237
1118061.3.peg.478.site.6, 13, 143, 156
1118061.3.peg.478.site.7, 3, 140, 143
1118061.3.peg.478.site.8, 30, 143, 173
1118061.3.peg.478.site.9, 3, 147, 150
1118061.3.peg.478.site.10, 7, 149, 156
1118061.3.peg.478.site.11, 15, 147, 162
1118061.3.peg.478.site.12, 43, 135, 178
1118061.3.peg.1329.site.1, 1, 150, 151
1118061.3.peg.1329.site.2, 0, 150, 150
1118061.3.peg.1329.site.3, 2, 149, 151
1118061.3.peg.1329.site.4, 0, 148, 148
1118061.3.peg.1329.site.5, 1, 146, 147
1118061.3.peg.1329.site.6, 1, 147, 148
1118061.3.peg.1329.site.7, 1, 148, 149
1118061.3.peg.1329.site.8, 1, 146, 147
1118061.3.peg.1329.site.9, 1, 150, 151
1118061.3.peg.1329.site.10, 1, 150, 151
1118061.3.peg.1329.site.11, 28, 150, 178
1118061.3.peg.1329.site.12, 28, 150, 178
1118061.3.peg.1329.site.13, 27, 149, 176
1118061.3.peg.1329.site.14, 1, 150, 151
1118061.3.peg.1329.site.15, 2, 150, 152
1118061.3.peg.1329.site.16, 1, 150, 151
1118061.3.peg.1329.site.17, 26, 150, 176
1118061.3.peg.1329.site.18, 0, 150, 150
1118061.3.peg.1329.site.19, 28, 145, 173
1118061.3.peg.1329.site.20, 73, 149, 222
1118061.3.peg.1329.site.21, 49, 146, 195
1118061.3.peg.1329.site.22, 3, 147, 150
1118061.3.peg.1329.site.23, 3, 147, 150
1118061.3.peg.1329.site.24, 1, 141, 142
1118061.3.peg.1329.site.25, 48, 139, 187
1118061.3.peg.1329.site.26, 91, 149, 240
1118061.3.peg.1329.site.27, 56, 149, 205
1118061.3.peg.1329.site.28, 2, 150, 152
1118061.3.peg.1329.site.29, 91, 150, 241
1118061.3.peg.1329.site.30, 29, 147, 176
1118061.3.peg.1329.site.31, 49, 149, 198
1118061.3.peg.1329.site.32, 2, 147, 149
1118061.3.peg.1329.site.33, 6, 147, 153
1118061.3.peg.1329.site.34, 6, 147, 153
1118061.3.peg.1329.site.35, 32, 148, 180
1118061.3.peg.1329.site.36, 110, 150, 260
1118061.3.peg.1329.site.37, 33, 147, 180
1118061.3.peg.1329.site.38, 112, 148, 260
1118061.3.peg.1329.site.39, 1, 149, 150
1118061.3.peg.1329.site.40, 4, 146, 150
1118061.3.peg.1328.site.1, 147, 149, 296
1118061.3.peg.1328.site.2, 1, 148, 149
1118061.3.peg.1328.site.3, 1, 142, 143
1118061.3.peg.1328.site.4, 58, 144, 202
1118061.3.peg.1328.site.5, 3, 143, 146
1118061.3.peg.1328.site.6, 1, 117, 118
1118061.3.peg.1328.site.7, 0, 118, 118
1118061.3.peg.1328.site.8, 0, 106, 106
1118061.3.peg.1328.site.9, 1, 150, 151
1118061.3.peg.1328.site.10, 1, 150, 151
1118061.3.peg.2658.site.1, 1, 149, 150
1118061.3.peg.2658.site.2, 0, 149, 149
1118061.3.peg.2658.site.3, 0, 150, 150
1118061.3.peg.2658.site.4, 3, 148, 151
1118061.3.peg.2658.site.5, 89, 145, 234
1118061.3.peg.2658.site.6, 23, 138, 161
1118061.3.peg.2658.site.7, 52, 107, 159
1118061.3.peg.2658.site.8, 37, 133, 170
1118061.3.peg.2658.site.9, 2, 143, 145
1118061.3.peg.2658.site.10, 2, 146, 148
1118061.3.peg.2658.site.11, 0, 149, 149
1118061.3.peg.2659.site.1, 18, 139, 157
1118061.3.peg.2659.site.2, 0, 150, 150
1118061.3.peg.2659.site.3, 1, 148, 149
1118061.3.peg.2659.site.4, 0, 144, 144
1118061.3.peg.2659.site.5, 1, 146, 147
1118061.3.peg.2659.site.6, 36, 144, 180
1118061.3.peg.2659.site.7, 4, 137, 141
1118061.3.peg.2659.site.8, 0, 134, 134
1118061.3.peg.2659.site.9, 6, 146, 152
1118061.3.peg.2659.site.10, 2, 145, 147
1118061.3.peg.2659.site.11, 130, 149, 279
1118061.3.peg.2659.site.12, 118, 147, 265
1118061.3.peg.2659.site.13, 14, 150, 164
1118061.3.peg.2652.site.1, 9, 150, 159
1118061.3.peg.2652.site.2, 11, 150, 161
1118061.3.peg.2652.site.3, 0, 149, 149
1118061.3.peg.2652.site.4, 105, 143, 248
1118061.3.peg.2652.site.5, 0, 150, 150
1118061.3.peg.2652.site.6, 0, 150, 150
1118061.3.peg.2652.site.7, 0, 148, 148
1118061.3.peg.2652.site.8, 1, 150, 151
1118061.3.peg.2652.site.9, 2, 150, 152
1118061.3.peg.2652.site.10, 8, 149, 157
1118061.3.peg.2652.site.11, 0, 148, 148
1118061.3.peg.2652.site.12, 45, 150, 195
1118061.3.peg.2652.site.13, 75, 149, 224
1118061.3.peg.2652.site.14, 3, 150, 153
1118061.3.peg.2652.site.15, 11, 150, 161
1118061.3.peg.2652.site.16, 0, 149, 149
1118061.3.peg.2652.site.17, 0, 150, 150
1118061.3.peg.2652.site.18, 17, 149, 166
1118061.3.peg.2652.site.19, 7, 150, 157
1118061.3.peg.2652.site.20, 31, 150, 181
1118061.3.peg.2652.site.21, 9, 149, 158
1118061.3.peg.2653.site.1, 9, 149, 158
1118061.3.peg.2653.site.2, 0, 128, 128
1118061.3.peg.2653.site.3, 26, 89, 115
1118061.3.peg.2656.site.1, 0, 140, 140
1118061.3.peg.2656.site.2, 27, 146, 173
1118061.3.peg.2656.site.3, 22, 148, 170
1118061.3.peg.2656.site.4, 78, 144, 222
1118061.3.peg.2656.site.5, 3, 145, 148
1118061.3.peg.2656.site.6, 20, 146, 166
1118061.3.peg.2657.site.1, 122, 148, 270
1118061.3.peg.2657.site.2, 24, 128, 152
1118061.3.peg.2657.site.3, 0, 126, 126
1118061.3.peg.2657.site.4, 44, 131, 175
1118061.3.peg.2657.site.5, 1, 133, 134
1118061.3.peg.2657.site.6, 110, 131, 241
1118061.3.peg.2657.site.7, 0, 116, 116
1118061.3.peg.2657.site.8, 43, 103, 146
1118061.3.peg.2657.site.9, 42, 100, 142
1118061.3.peg.2657.site.10, 0, 88, 88
1118061.3.peg.2657.site.11, 0, 109, 109
1118061.3.peg.2657.site.12, 59, 118, 177
1118061.3.peg.2657.site.13, 39, 122, 161
1118061.3.peg.2657.site.14, 57, 125, 182
1118061.3.peg.2657.site.15, 38, 131, 169
1118061.3.peg.2657.site.16, 40, 131, 171
1118061.3.peg.2657.site.17, 29, 123, 152
1118061.3.peg.2657.site.18, 31, 125, 156
1118061.3.peg.2657.site.19, 1, 127, 128
1118061.3.peg.2657.site.20, 84, 140, 224
1118061.3.peg.2657.site.21, 0, 147, 147
1118061.3.peg.2657.site.22, 23, 144, 167
1118061.3.peg.2657.site.23, 1, 125, 126
1118061.3.peg.2657.site.24, 65, 133, 198
1118061.3.peg.2657.site.25, 27, 117, 144
1118061.3.peg.2657.site.26, 2, 133, 135
1118061.3.peg.2657.site.27, 19, 122, 141
1118061.3.peg.2657.site.28, 68, 129, 197
1118061.3.peg.2657.site.29, 21, 131, 152
1118061.3.peg.2657.site.30, 18, 144, 162
1118061.3.peg.2657.site.31, 1, 146, 147
1118061.3.peg.2657.site.32, 85, 126, 211
1118061.3.peg.2657.site.33, 3, 121, 124
1118061.3.peg.2657.site.34, 50, 133, 183
1118061.3.peg.2654.site.1, 9, 57, 66
1118061.3.peg.2654.site.2, 2, 7, 9
1118061.3.peg.2654.site.3, 6, 9, 15
1118061.3.peg.2654.site.4, 5, 29, 34
1118061.3.peg.2655.site.1, 51, 141, 192
1118061.3.peg.2655.site.2, 2, 144, 146
1118061.3.peg.2655.site.3, 6, 146, 152
1118061.3.peg.2655.site.4, 4, 148, 152
1118061.3.peg.2655.site.5, 3, 147, 150
1118061.3.peg.2655.site.6, 3, 148, 151
1118061.3.peg.2655.site.7, 25, 132, 157
1118061.3.peg.2655.site.8, 3, 134, 137
1118061.3.peg.2655.site.9, 53, 145, 198
1118061.3.peg.2655.site.10, 2, 143, 145
1118061.3.peg.470.site.1, 0, 147, 147
1118061.3.peg.470.site.2, 0, 148, 148
1118061.3.peg.470.site.3, 0, 148, 148
1118061.3.peg.470.site.4, 4, 149, 153
1118061.3.peg.470.site.5, 4, 149, 153
1118061.3.peg.470.site.6, 27, 145, 172
1118061.3.peg.470.site.7, 1, 146, 147
1118061.3.peg.470.site.8, 16, 146, 162
1118061.3.peg.470.site.9, 0, 142, 142
1118061.3.peg.2498.site.1, 0, 118, 118
1118061.3.peg.2498.site.2, 3, 121, 124
1118061.3.peg.2498.site.3, 14, 125, 139
1118061.3.peg.2498.site.4, 126, 126, 252
1118061.3.peg.2498.site.5, 0, 142, 142
1118061.3.peg.2498.site.6, 2, 145, 147
1118061.3.peg.2498.site.7, 6, 145, 151
1118061.3.peg.2498.site.8, 55, 140, 195
1118061.3.peg.2498.site.9, 0, 146, 146
1118061.3.peg.2498.site.10, 33, 145, 178
1118061.3.peg.909.site.1, 0, 109, 109
1118061.3.peg.909.site.2, 32, 106, 138
1118061.3.peg.909.site.3, 128, 128, 256
1118061.3.peg.909.site.4, 13, 134, 147
1118061.3.peg.909.site.5, 3, 137, 140
1118061.3.peg.909.site.6, 24, 137, 161
1118061.3.peg.909.site.7, 3, 133, 136
1118061.3.peg.909.site.8, 3, 129, 132
1118061.3.peg.909.site.9, 0, 136, 136
1118061.3.peg.909.site.10, 58, 137, 195
1118061.3.peg.908.site.1, 4, 116, 120
1118061.3.peg.908.site.2, 18, 97, 115
1118061.3.peg.908.site.3, 39, 126, 165
1118061.3.peg.908.site.4, 27, 102, 129
1118061.3.peg.908.site.5, 18, 100, 118
1118061.3.peg.908.site.6, 18, 106, 124
1118061.3.peg.908.site.7, 5, 104, 109
1118061.3.peg.908.site.8, 2, 123, 125
1118061.3.peg.908.site.9, 21, 126, 147
1118061.3.peg.908.site.10, 23, 140, 163
1118061.3.peg.908.site.11, 66, 150, 216
1118061.3.peg.908.site.12, 18, 142, 160
1118061.3.peg.908.site.13, 0, 138, 138
1118061.3.peg.2490.site.1, 67, 147, 214
1118061.3.peg.2490.site.2, 63, 135, 198
1118061.3.peg.2490.site.3, 68, 137, 205
1118061.3.peg.2490.site.4, 40, 143, 183
1118061.3.peg.2490.site.5, 38, 139, 177
1118061.3.peg.2490.site.6, 21, 146, 167
1118061.3.peg.2490.site.7, 0, 146, 146
1118061.3.peg.2490.site.8, 25, 145, 170
1118061.3.peg.2490.site.9, 6, 145, 151
1118061.3.peg.2490.site.10, 3, 136, 139
1118061.3.peg.2490.site.11, 30, 139, 169
1118061.3.peg.2490.site.12, 0, 142, 142
1118061.3.peg.2490.site.13, 18, 139, 157
1118061.3.peg.2490.site.14, 0, 148, 148
1118061.3.peg.2490.site.15, 149, 149, 298
1118061.3.peg.2490.site.16, 108, 148, 256
1118061.3.peg.2490.site.17, 0, 140, 140
1118061.3.peg.2490.site.18, 144, 144, 288
1118061.3.peg.2490.site.19, 0, 147, 147
1118061.3.peg.2490.site.20, 41, 131, 172
1118061.3.peg.2490.site.21, 64, 147, 211
1118061.3.peg.2490.site.22, 3, 147, 150
1118061.3.peg.2490.site.23, 2, 149, 151
1118061.3.peg.2490.site.24, 7, 149, 156
1118061.3.peg.2490.site.25, 26, 110, 136
1118061.3.peg.2490.site.26, 3, 149, 152
1118061.3.peg.2490.site.27, 38, 145, 183
1118061.3.peg.2490.site.28, 70, 146, 216
1118061.3.peg.2490.site.29, 41, 145, 186
1118061.3.peg.2492.site.1, 0, 149, 149
1118061.3.peg.2492.site.2, 5, 137, 142
1118061.3.peg.2492.site.3, 14, 141, 155
1118061.3.peg.2492.site.4, 84, 111, 195
1118061.3.peg.2492.site.5, 0, 105, 105
1118061.3.peg.2492.site.6, 12, 130, 142
1118061.3.peg.2492.site.7, 87, 142, 229
1118061.3.peg.2492.site.8, 27, 146, 173
1118061.3.peg.2492.site.9, 1, 121, 122
1118061.3.peg.2492.site.10, 0, 125, 125
1118061.3.peg.2492.site.11, 0, 125, 125
1118061.3.peg.2492.site.12, 96, 123, 219
1118061.3.peg.2492.site.13, 84, 124, 208
1118061.3.peg.2492.site.14, 5, 127, 132
1118061.3.peg.2493.site.1, 0, 150, 150
1118061.3.peg.2493.site.2, 30, 150, 180
1118061.3.peg.2493.site.3, 0, 150, 150
1118061.3.peg.2493.site.4, 2, 149, 151
1118061.3.peg.2493.site.5, 115, 150, 265
1118061.3.peg.2493.site.6, 7, 147, 154
1118061.3.peg.2493.site.7, 7, 146, 153
1118061.3.peg.2493.site.8, 0, 149, 149
1118061.3.peg.2493.site.9, 7, 149, 156
1118061.3.peg.2494.site.1, 33, 140, 173
1118061.3.peg.2494.site.2, 5, 136, 141
1118061.3.peg.2494.site.3, 5, 138, 143
1118061.3.peg.2494.site.4, 2, 135, 137
1118061.3.peg.2494.site.5, 60, 134, 194
1118061.3.peg.2494.site.6, 35, 140, 175
1118061.3.peg.2494.site.7, 5, 134, 139
1118061.3.peg.2494.site.8, 98, 148, 246
1118061.3.peg.2494.site.9, 92, 146, 238
1118061.3.peg.2494.site.10, 1, 150, 151
1118061.3.peg.2494.site.11, 0, 150, 150
1118061.3.peg.2494.site.12, 6, 150, 156
1118061.3.peg.2494.site.13, 1, 150, 151
1118061.3.peg.2494.site.14, 44, 149, 193
1118061.3.peg.279.site.1, 23, 140, 163
1118061.3.peg.279.site.2, 1, 140, 141
1118061.3.peg.279.site.3, 53, 133, 186
1118061.3.peg.279.site.4, 1, 138, 139
1118061.3.peg.279.site.5, 2, 141, 143
1118061.3.peg.279.site.6, 1, 120, 121
1118061.3.peg.279.site.7, 22, 120, 142
1118061.3.peg.279.site.8, 11, 116, 127
1118061.3.peg.279.site.9, 6, 126, 132
1118061.3.peg.279.site.10, 96, 141, 237
1118061.3.peg.279.site.11, 0, 143, 143
1118061.3.peg.279.site.12, 1, 150, 151
1118061.3.peg.279.site.13, 74, 147, 221
1118061.3.peg.279.site.14, 0, 147, 147
1118061.3.peg.279.site.15, 148, 148, 296
1118061.3.peg.279.site.16, 26, 132, 158
1118061.3.peg.2496.site.1, 1, 124, 125
1118061.3.peg.2496.site.2, 4, 140, 144
1118061.3.peg.2496.site.3, 0, 140, 140
1118061.3.peg.2496.site.4, 0, 140, 140
1118061.3.peg.2496.site.5, 2, 138, 140
1118061.3.peg.2496.site.6, 1, 134, 135
1118061.3.peg.2496.site.7, 2, 144, 146
1118061.3.peg.2496.site.8, 52, 143, 195
1118061.3.peg.2497.site.1, 0, 144, 144
1118061.3.peg.2497.site.2, 1, 143, 144
1118061.3.peg.2497.site.3, 147, 147, 294
1118061.3.peg.839.site.1, 0, 143, 143
1118061.3.peg.839.site.2, 30, 140, 170
1118061.3.peg.839.site.3, 20, 150, 170
1118061.3.peg.839.site.4, 148, 148, 296
1118061.3.peg.839.site.5, 7, 149, 156
1118061.3.peg.839.site.6, 4, 150, 154
1118061.3.peg.839.site.7, 150, 150, 300
1118061.3.peg.838.site.1, 1, 149, 150
1118061.3.peg.838.site.2, 95, 148, 243
1118061.3.peg.838.site.3, 4, 149, 153
1118061.3.peg.838.site.4, 0, 149, 149
1118061.3.peg.838.site.5, 32, 149, 181
1118061.3.peg.838.site.6, 1, 149, 150
1118061.3.peg.838.site.7, 3, 141, 144
1118061.3.peg.838.site.8, 28, 147, 175
1118061.3.peg.1215.site.1, 3, 148, 151
1118061.3.peg.1215.site.2, 2, 148, 150
1118061.3.peg.1215.site.3, 1, 144, 145
1118061.3.peg.1215.site.4, 58, 147, 205
1118061.3.peg.1215.site.5, 46, 142, 188
1118061.3.peg.1215.site.6, 0, 137, 137
1118061.3.peg.1215.site.7, 15, 102, 117
1118061.3.peg.1215.site.8, 0, 95, 95
1118061.3.peg.1215.site.9, 4, 62, 66
1118061.3.peg.1215.site.10, 11, 101, 112
1118061.3.peg.1214.site.1, 30, 150, 180
1118061.3.peg.1214.site.2, 12, 147, 159
1118061.3.peg.1214.site.3, 6, 149, 155
1118061.3.peg.1214.site.4, 82, 149, 231
1118061.3.peg.1214.site.5, 1, 150, 151
1118061.3.peg.1214.site.6, 19, 149, 168
1118061.3.peg.1214.site.7, 1, 150, 151
1118061.3.peg.1214.site.8, 0, 150, 150
1118061.3.peg.1214.site.9, 0, 148, 148
1118061.3.peg.1213.site.1, 0, 134, 134
1118061.3.peg.1213.site.2, 3, 133, 136
1118061.3.peg.1213.site.3, 3, 144, 147
1118061.3.peg.1213.site.4, 134, 143, 277
1118061.3.peg.1213.site.5, 35, 144, 179
1118061.3.peg.1213.site.6, 43, 146, 189
1118061.3.peg.1213.site.7, 11, 124, 135
1118061.3.peg.1213.site.8, 9, 122, 131
1118061.3.peg.1213.site.9, 7, 116, 123
1118061.3.peg.1213.site.10, 2, 117, 119
1118061.3.peg.1213.site.11, 50, 117, 167
1118061.3.peg.1213.site.12, 1, 134, 135
1118061.3.peg.1213.site.13, 40, 133, 173
1118061.3.peg.1213.site.14, 22, 141, 163
1118061.3.peg.1213.site.15, 31, 138, 169
1118061.3.peg.1213.site.16, 31, 136, 167
1118061.3.peg.1213.site.17, 7, 128, 135
1118061.3.peg.1213.site.18, 5, 128, 133
1118061.3.peg.1213.site.19, 1, 124, 125
1118061.3.peg.1213.site.20, 11, 136, 147
1118061.3.peg.1213.site.21, 79, 141, 220
1118061.3.peg.1213.site.22, 36, 143, 179
1118061.3.peg.1213.site.23, 3, 141, 144
1118061.3.peg.1213.site.24, 25, 146, 171
1118061.3.peg.1213.site.25, 20, 145, 165
1118061.3.peg.1213.site.26, 145, 145, 290
1118061.3.peg.1213.site.27, 26, 146, 172
1118061.3.peg.1213.site.28, 7, 146, 153
1118061.3.peg.1213.site.29, 47, 145, 192
1118061.3.peg.1213.site.30, 101, 144, 245
1118061.3.peg.1213.site.31, 0, 145, 145
1118061.3.peg.1213.site.32, 3, 141, 144
1118061.3.peg.1213.site.33, 35, 140, 175
1118061.3.peg.1213.site.34, 138, 138, 276
1118061.3.peg.1213.site.35, 1, 130, 131
1118061.3.peg.1213.site.36, 18, 115, 133
1118061.3.peg.1213.site.37, 11, 116, 127
1118061.3.peg.1212.site.1, 4, 149, 153
1118061.3.peg.1212.site.2, 149, 149, 298
1118061.3.peg.1212.site.3, 13, 149, 162
1118061.3.peg.1212.site.4, 0, 149, 149
1118061.3.peg.1212.site.5, 146, 149, 295
1118061.3.peg.1212.site.6, 88, 149, 237
1118061.3.peg.1212.site.7, 0, 150, 150
1118061.3.peg.1212.site.8, 24, 149, 173
1118061.3.peg.1212.site.9, 9, 149, 158
1118061.3.peg.1212.site.10, 0, 149, 149
1118061.3.peg.1212.site.11, 11, 148, 159
1118061.3.peg.1211.site.1, 2, 147, 149
1118061.3.peg.1211.site.2, 6, 150, 156
1118061.3.peg.1210.site.1, 69, 146, 215
1118061.3.peg.1210.site.2, 14, 149, 163
1118061.3.peg.1210.site.3, 0, 148, 148
1118061.3.peg.1210.site.4, 15, 135, 150
1118061.3.peg.1210.site.5, 37, 146, 183
1118061.3.peg.1210.site.6, 80, 145, 225
1118061.3.peg.1210.site.7, 29, 129, 158
1118061.3.peg.1210.site.8, 28, 123, 151
1118061.3.peg.1210.site.9, 0, 133, 133
1118061.3.peg.1210.site.10, 15, 142, 157
1118061.3.peg.1210.site.11, 0, 140, 140
1118061.3.peg.1210.site.12, 94, 137, 231
1118061.3.peg.1210.site.13, 0, 117, 117
1118061.3.peg.1210.site.14, 32, 106, 138
1118061.3.peg.1210.site.15, 1, 102, 103
1118061.3.peg.1210.site.16, 65, 107, 172
1118061.3.peg.1210.site.17, 29, 129, 158
1118061.3.peg.1210.site.18, 32, 125, 157
1118061.3.peg.1210.site.19, 27, 131, 158
1118061.3.peg.1210.site.20, 32, 134, 166
1118061.3.peg.1210.site.21, 138, 144, 282
1118061.3.peg.1210.site.22, 16, 145, 161
1118061.3.peg.1210.site.23, 7, 150, 157
1118061.3.peg.1210.site.24, 16, 147, 163
1118061.3.peg.1210.site.25, 11, 143, 154
1118061.3.peg.1210.site.26, 0, 150, 150
1118061.3.peg.1210.site.27, 7, 149, 156
1118061.3.peg.1210.site.28, 149, 149, 298
1118061.3.peg.1210.site.29, 150, 150, 300
1118061.3.peg.523.site.1, 0, 146, 146
1118061.3.peg.523.site.2, 3, 142, 145
1118061.3.peg.523.site.3, 28, 139, 167
1118061.3.peg.523.site.4, 121, 125, 246
1118061.3.peg.523.site.5, 2, 112, 114
1118061.3.peg.523.site.6, 92, 134, 226
1118061.3.peg.523.site.7, 53, 140, 193
1118061.3.peg.523.site.8, 5, 147, 152
1118061.3.peg.523.site.9, 136, 147, 283
1118061.3.peg.522.site.1, 6, 149, 155
1118061.3.peg.522.site.2, 11, 150, 161
1118061.3.peg.522.site.3, 37, 132, 169
1118061.3.peg.522.site.4, 13, 144, 157
1118061.3.peg.522.site.5, 1, 144, 145
1118061.3.peg.522.site.6, 12, 146, 158
1118061.3.peg.522.site.7, 0, 148, 148
1118061.3.peg.522.site.8, 1, 149, 150
1118061.3.peg.522.site.9, 12, 150, 162
1118061.3.peg.522.site.10, 3, 149, 152
1118061.3.peg.522.site.11, 0, 137, 137
1118061.3.peg.522.site.12, 23, 137, 160
1118061.3.peg.522.site.13, 3, 139, 142
1118061.3.peg.522.site.14, 2, 146, 148
1118061.3.peg.522.site.15, 3, 147, 150
1118061.3.peg.522.site.16, 2, 150, 152
1118061.3.peg.522.site.17, 10, 150, 160
1118061.3.peg.522.site.18, 41, 150, 191
1118061.3.peg.521.site.1, 30, 150, 180
1118061.3.peg.521.site.2, 0, 150, 150
1118061.3.peg.521.site.3, 2, 150, 152
1118061.3.peg.521.site.4, 6, 150, 156
1118061.3.peg.521.site.5, 137, 149, 286
1118061.3.peg.521.site.6, 0, 149, 149
1118061.3.peg.521.site.7, 62, 148, 210
1118061.3.peg.521.site.8, 3, 145, 148
1118061.3.peg.521.site.9, 32, 141, 173
1118061.3.peg.521.site.10, 33, 144, 177
1118061.3.peg.521.site.11, 3, 145, 148
1118061.3.peg.521.site.12, 113, 147, 260
1118061.3.peg.521.site.13, 2, 148, 150
1118061.3.peg.521.site.14, 3, 144, 147
1118061.3.peg.521.site.15, 0, 150, 150
1118061.3.peg.521.site.16, 0, 150, 150
1118061.3.peg.520.site.1, 1, 147, 148
1118061.3.peg.520.site.2, 2, 150, 152
1118061.3.peg.520.site.3, 32, 147, 179
1118061.3.peg.520.site.4, 35, 149, 184
1118061.3.peg.520.site.5, 1, 150, 151
1118061.3.peg.520.site.6, 42, 148, 190
1118061.3.peg.520.site.7, 116, 150, 266
1118061.3.peg.520.site.8, 1, 150, 151
1118061.3.peg.520.site.9, 14, 138, 152
1118061.3.peg.520.site.10, 3, 141, 144
1118061.3.peg.520.site.11, 12, 147, 159
1118061.3.peg.520.site.12, 67, 143, 210
1118061.3.peg.520.site.13, 0, 147, 147
1118061.3.peg.520.site.14, 74, 148, 222
1118061.3.peg.520.site.15, 1, 146, 147
1118061.3.peg.520.site.16, 1, 138, 139
1118061.3.peg.520.site.17, 32, 147, 179
1118061.3.peg.520.site.18, 9, 146, 155
1118061.3.peg.520.site.19, 3, 138, 141
1118061.3.peg.520.site.20, 19, 143, 162
1118061.3.peg.520.site.21, 2, 147, 149
1118061.3.peg.520.site.22, 53, 146, 199
1118061.3.peg.520.site.23, 15, 148, 163
1118061.3.peg.520.site.24, 71, 146, 217
1118061.3.peg.520.site.25, 72, 143, 215
1118061.3.peg.520.site.26, 8, 144, 152
1118061.3.peg.520.site.27, 133, 147, 280
1118061.3.peg.520.site.28, 70, 142, 212
1118061.3.peg.520.site.29, 2, 144, 146
1118061.3.peg.520.site.30, 127, 127, 254
1118061.3.peg.520.site.31, 136, 136, 272
1118061.3.peg.520.site.32, 20, 139, 159
1118061.3.peg.520.site.33, 1, 148, 149
1118061.3.peg.520.site.34, 23, 150, 173
1118061.3.peg.520.site.35, 31, 149, 180
1118061.3.peg.520.site.36, 32, 150, 182
1118061.3.peg.520.site.37, 14, 147, 161
1118061.3.peg.520.site.38, 12, 147, 159
1118061.3.peg.520.site.39, 3, 145, 148
1118061.3.peg.520.site.40, 0, 148, 148
1118061.3.peg.520.site.41, 12, 150, 162
1118061.3.peg.520.site.42, 0, 149, 149
1118061.3.peg.520.site.43, 57, 149, 206
1118061.3.peg.520.site.44, 59, 147, 206
1118061.3.peg.520.site.45, 1, 150, 151
1118061.3.peg.527.site.1, 0, 148, 148
1118061.3.peg.527.site.2, 4, 150, 154
1118061.3.peg.527.site.3, 2, 134, 136
1118061.3.peg.527.site.4, 93, 150, 243
1118061.3.peg.527.site.5, 29, 146, 175
1118061.3.peg.527.site.6, 120, 147, 267
1118061.3.peg.527.site.7, 6, 140, 146
1118061.3.peg.527.site.8, 25, 145, 170
1118061.3.peg.527.site.9, 28, 150, 178
1118061.3.peg.527.site.10, 8, 146, 154
1118061.3.peg.527.site.11, 1, 142, 143
1118061.3.peg.527.site.12, 4, 149, 153
1118061.3.peg.527.site.13, 42, 148, 190
1118061.3.peg.527.site.14, 0, 150, 150
1118061.3.peg.527.site.15, 1, 149, 150
1118061.3.peg.527.site.16, 4, 150, 154
1118061.3.peg.527.site.17, 1, 149, 150
1118061.3.peg.527.site.18, 105, 150, 255
1118061.3.peg.527.site.19, 7, 149, 156
1118061.3.peg.527.site.20, 11, 150, 161
1118061.3.peg.527.site.21, 1, 145, 146
1118061.3.peg.527.site.22, 136, 145, 281
1118061.3.peg.527.site.23, 37, 147, 184
1118061.3.peg.527.site.24, 15, 148, 163
1118061.3.peg.527.site.25, 22, 147, 169
1118061.3.peg.527.site.26, 35, 146, 181
1118061.3.peg.527.site.27, 1, 140, 141
1118061.3.peg.527.site.28, 2, 135, 137
1118061.3.peg.527.site.29, 53, 144, 197
1118061.3.peg.527.site.30, 129, 142, 271
1118061.3.peg.527.site.31, 1, 140, 141
1118061.3.peg.527.site.32, 10, 142, 152
1118061.3.peg.527.site.33, 7, 143, 150
1118061.3.peg.527.site.34, 5, 149, 154
1118061.3.peg.527.site.35, 4, 150, 154
1118061.3.peg.527.site.36, 135, 149, 284
1118061.3.peg.527.site.37, 14, 142, 156
1118061.3.peg.527.site.38, 125, 145, 270
1118061.3.peg.527.site.39, 19, 141, 160
1118061.3.peg.527.site.40, 104, 107, 211
1118061.3.peg.527.site.41, 46, 105, 151
1118061.3.peg.527.site.42, 28, 102, 130
1118061.3.peg.527.site.43, 5, 122, 127
1118061.3.peg.527.site.44, 6, 116, 122
1118061.3.peg.527.site.45, 119, 120, 239
1118061.3.peg.527.site.46, 20, 120, 140
1118061.3.peg.527.site.47, 3, 123, 126
1118061.3.peg.527.site.48, 22, 138, 160
1118061.3.peg.527.site.49, 36, 129, 165
1118061.3.peg.527.site.50, 6, 89, 95
1118061.3.peg.527.site.51, 63, 79, 142
1118061.3.peg.527.site.52, 26, 79, 105
1118061.3.peg.527.site.53, 3, 84, 87
1118061.3.peg.527.site.54, 45, 79, 124
1118061.3.peg.527.site.55, 3, 114, 117
1118061.3.peg.527.site.56, 3, 137, 140
1118061.3.peg.527.site.57, 62, 123, 185
1118061.3.peg.527.site.58, 59, 123, 182
1118061.3.peg.527.site.59, 17, 133, 150
1118061.3.peg.527.site.60, 1, 128, 129
1118061.3.peg.527.site.61, 35, 129, 164
1118061.3.peg.527.site.62, 24, 136, 160
1118061.3.peg.527.site.63, 1, 129, 130
1118061.3.peg.834.site.1, 0, 144, 144
1118061.3.peg.834.site.2, 6, 122, 128
1118061.3.peg.834.site.3, 32, 121, 153
1118061.3.peg.834.site.4, 0, 112, 112
1118061.3.peg.834.site.5, 4, 81, 85
1118061.3.peg.834.site.6, 1, 70, 71
1118061.3.peg.834.site.7, 1, 72, 73
1118061.3.peg.834.site.8, 56, 76, 132
1118061.3.peg.834.site.9, 2, 94, 96
1118061.3.peg.834.site.10, 0, 142, 142
1118061.3.peg.525.site.1, 147, 150, 297
1118061.3.peg.525.site.2, 2, 150, 152
1118061.3.peg.525.site.3, 3, 149, 152
1118061.3.peg.525.site.4, 2, 150, 152
1118061.3.peg.525.site.5, 21, 144, 165
1118061.3.peg.525.site.6, 50, 143, 193
1118061.3.peg.525.site.7, 61, 147, 208
1118061.3.peg.525.site.8, 1, 148, 149
1118061.3.peg.525.site.9, 3, 146, 149
1118061.3.peg.525.site.10, 1, 149, 150
1118061.3.peg.525.site.11, 29, 146, 175
1118061.3.peg.525.site.12, 11, 147, 158
1118061.3.peg.524.site.1, 2, 146, 148
1118061.3.peg.524.site.2, 95, 142, 237
1118061.3.peg.524.site.3, 1, 143, 144
1118061.3.peg.524.site.4, 138, 145, 283
1118061.3.peg.524.site.5, 51, 146, 197
1118061.3.peg.524.site.6, 1, 148, 149
1118061.3.peg.524.site.7, 9, 138, 147
1118061.3.peg.524.site.8, 2, 149, 151
1118061.3.peg.524.site.9, 3, 149, 152
1118061.3.peg.524.site.10, 106, 150, 256
1118061.3.peg.524.site.11, 141, 148, 289
1118061.3.peg.524.site.12, 1, 149, 150
1118061.3.peg.524.site.13, 82, 142, 224
1118061.3.peg.524.site.14, 42, 100, 142
1118061.3.peg.524.site.15, 31, 112, 143
1118061.3.peg.524.site.16, 125, 125, 250
1118061.3.peg.524.site.17, 30, 121, 151
1118061.3.peg.524.site.18, 4, 127, 131
1118061.3.peg.524.site.19, 28, 130, 158
1118061.3.peg.524.site.20, 103, 106, 209
1118061.3.peg.524.site.21, 60, 138, 198
1118061.3.peg.524.site.22, 0, 130, 130
1118061.3.peg.524.site.23, 14, 86, 100
1118061.3.peg.524.site.24, 17, 84, 101
1118061.3.peg.524.site.25, 2, 106, 108
1118061.3.peg.524.site.26, 47, 110, 157
1118061.3.peg.524.site.27, 130, 130, 260
1118061.3.peg.524.site.28, 2, 130, 132
1118061.3.peg.524.site.29, 2, 147, 149
1118061.3.peg.524.site.30, 33, 148, 181
1118061.3.peg.524.site.31, 6, 148, 154
1118061.3.peg.524.site.32, 32, 149, 181
1118061.3.peg.524.site.33, 148, 148, 296
1118061.3.peg.524.site.34, 62, 149, 211
1118061.3.peg.524.site.35, 62, 148, 210
1118061.3.peg.524.site.36, 53, 139, 192
1118061.3.peg.524.site.37, 100, 103, 203
1118061.3.peg.524.site.38, 134, 135, 269
1118061.3.peg.524.site.39, 145, 147, 292
1118061.3.peg.524.site.40, 2, 149, 151
1118061.3.peg.524.site.41, 7, 149, 156
1118061.3.peg.524.site.42, 24, 149, 173
1118061.3.peg.524.site.43, 39, 150, 189
1118061.3.peg.524.site.44, 54, 144, 198
1118061.3.peg.524.site.45, 13, 146, 159
1118061.3.peg.524.site.46, 0, 146, 146
1118061.3.peg.2472.site.1, 17, 149, 166
1118061.3.peg.2472.site.2, 2, 150, 152
1118061.3.peg.2472.site.3, 2, 149, 151
1118061.3.peg.2472.site.4, 1, 150, 151
1118061.3.peg.2472.site.5, 28, 149, 177
1118061.3.peg.2472.site.6, 42, 149, 191
1118061.3.peg.2472.site.7, 1, 149, 150
1118061.3.peg.2472.site.8, 74, 149, 223
1118061.3.peg.2472.site.9, 143, 148, 291
1118061.3.peg.2472.site.10, 58, 148, 206
1118061.3.peg.2472.site.11, 2, 147, 149
1118061.3.peg.2472.site.12, 19, 148, 167
1118061.3.peg.2472.site.13, 1, 149, 150
1118061.3.peg.2472.site.14, 0, 148, 148
1118061.3.peg.2472.site.15, 2, 150, 152
1118061.3.peg.2473.site.1, 63, 148, 211
1118061.3.peg.2473.site.2, 5, 144, 149
1118061.3.peg.2473.site.3, 4, 143, 147
1118061.3.peg.2473.site.4, 2, 141, 143
1118061.3.peg.2473.site.5, 119, 147, 266
1118061.3.peg.2473.site.6, 1, 148, 149
1118061.3.peg.2473.site.7, 1, 144, 145
1118061.3.peg.2473.site.8, 1, 146, 147
1118061.3.peg.2473.site.9, 111, 147, 258
1118061.3.peg.2473.site.10, 0, 149, 149
1118061.3.peg.2473.site.11, 30, 150, 180
1118061.3.peg.2473.site.12, 0, 144, 144
1118061.3.peg.2470.site.1, 44, 147, 191
1118061.3.peg.2470.site.2, 0, 150, 150
1118061.3.peg.2470.site.3, 0, 150, 150
1118061.3.peg.2470.site.4, 39, 150, 189
1118061.3.peg.2470.site.5, 1, 148, 149
1118061.3.peg.2470.site.6, 3, 150, 153
1118061.3.peg.2470.site.7, 7, 150, 157
1118061.3.peg.2470.site.8, 3, 150, 153
1118061.3.peg.2470.site.9, 1, 147, 148
1118061.3.peg.2470.site.10, 2, 150, 152
1118061.3.peg.2470.site.11, 1, 150, 151
1118061.3.peg.2470.site.12, 29, 149, 178
1118061.3.peg.2470.site.13, 2, 149, 151
1118061.3.peg.2470.site.14, 106, 149, 255
1118061.3.peg.2470.site.15, 35, 150, 185
1118061.3.peg.2471.site.1, 2, 150, 152
1118061.3.peg.2476.site.1, 1, 145, 146
1118061.3.peg.2476.site.2, 9, 144, 153
1118061.3.peg.2477.site.1, 20, 150, 170
1118061.3.peg.2477.site.2, 2, 129, 131
1118061.3.peg.2477.site.3, 8, 121, 129
1118061.3.peg.2477.site.4, 9, 79, 88
1118061.3.peg.2477.site.5, 0, 80, 80
1118061.3.peg.2477.site.6, 7, 97, 104
1118061.3.peg.2477.site.7, 0, 84, 84
1118061.3.peg.2477.site.8, 9, 140, 149
1118061.3.peg.2477.site.9, 1, 145, 146
1118061.3.peg.2477.site.10, 2, 149, 151
1118061.3.peg.2477.site.11, 13, 149, 162
1118061.3.peg.2477.site.12, 29, 150, 179
1118061.3.peg.2477.site.13, 1, 150, 151
1118061.3.peg.2477.site.14, 1, 141, 142
1118061.3.peg.2477.site.15, 18, 143, 161
1118061.3.peg.2477.site.16, 25, 148, 173
1118061.3.peg.2477.site.17, 16, 147, 163
1118061.3.peg.2477.site.18, 63, 148, 211
1118061.3.peg.2477.site.19, 0, 149, 149
1118061.3.peg.2477.site.20, 1, 148, 149
1118061.3.peg.2477.site.21, 19, 148, 167
1118061.3.peg.2477.site.22, 123, 148, 271
1118061.3.peg.2477.site.23, 20, 148, 168
1118061.3.peg.2477.site.24, 129, 148, 277
1118061.3.peg.2477.site.25, 31, 148, 179
1118061.3.peg.2477.site.26, 14, 148, 162
1118061.3.peg.2477.site.27, 48, 147, 195
1118061.3.peg.2477.site.28, 4, 148, 152
1118061.3.peg.2477.site.29, 2, 148, 150
1118061.3.peg.2477.site.30, 2, 148, 150
1118061.3.peg.2477.site.31, 0, 144, 144
1118061.3.peg.2477.site.32, 85, 147, 232
1118061.3.peg.2477.site.33, 1, 148, 149
1118061.3.peg.2474.site.1, 17, 149, 166
1118061.3.peg.2474.site.2, 0, 146, 146
1118061.3.peg.2474.site.3, 33, 150, 183
1118061.3.peg.2474.site.4, 59, 148, 207
1118061.3.peg.2474.site.5, 58, 149, 207
1118061.3.peg.2475.site.1, 6, 149, 155
1118061.3.peg.2475.site.2, 89, 148, 237
1118061.3.peg.2475.site.3, 0, 149, 149
1118061.3.peg.2475.site.4, 0, 150, 150
1118061.3.peg.2475.site.5, 0, 149, 149
1118061.3.peg.2475.site.6, 0, 139, 139
1118061.3.peg.2475.site.7, 23, 135, 158
1118061.3.peg.2475.site.8, 0, 143, 143
1118061.3.peg.2475.site.9, 148, 148, 296
1118061.3.peg.2475.site.10, 22, 138, 160
1118061.3.peg.2475.site.11, 3, 140, 143
1118061.3.peg.2478.site.1, 1, 135, 136
1118061.3.peg.2478.site.2, 34, 130, 164
1118061.3.peg.2478.site.3, 2, 145, 147
1118061.3.peg.2478.site.4, 5, 125, 130
1118061.3.peg.2478.site.5, 19, 142, 161
1118061.3.peg.2479.site.1, 50, 147, 197
1118061.3.peg.2479.site.2, 0, 147, 147
1118061.3.peg.2479.site.3, 46, 145, 191
1118061.3.peg.2479.site.4, 3, 146, 149
1118061.3.peg.2479.site.5, 22, 148, 170
1118061.3.peg.2479.site.6, 11, 134, 145
1118061.3.peg.2479.site.7, 0, 143, 143
1118061.3.peg.2479.site.8, 0, 144, 144
1118061.3.peg.2479.site.9, 17, 138, 155
1118061.3.peg.2479.site.10, 14, 130, 144
1118061.3.peg.2479.site.11, 36, 120, 156
1118061.3.peg.2479.site.12, 29, 140, 169
1118061.3.peg.2479.site.13, 20, 142, 162
1118061.3.peg.2479.site.14, 17, 131, 148
1118061.3.peg.2479.site.15, 0, 140, 140
1118061.3.peg.2479.site.16, 1, 140, 141
1118061.3.peg.2479.site.17, 3, 142, 145
1118061.3.peg.2479.site.18, 5, 146, 151
1118061.3.peg.2479.site.19, 3, 129, 132
1118061.3.peg.2479.site.20, 17, 132, 149
1118061.3.peg.2479.site.21, 18, 125, 143
1118061.3.peg.2479.site.22, 16, 150, 166
1118061.3.peg.2479.site.23, 1, 150, 151
1118061.3.peg.2479.site.24, 5, 149, 154
1118061.3.peg.2479.site.25, 57, 147, 204
1118061.3.peg.2479.site.26, 3, 136, 139
1118061.3.peg.2479.site.27, 43, 126, 169
1118061.3.peg.2479.site.28, 4, 141, 145
1118061.3.peg.2270.site.1, 37, 137, 174
1118061.3.peg.2270.site.2, 0, 141, 141
1118061.3.peg.2270.site.3, 67, 145, 212
1118061.3.peg.2270.site.4, 2, 144, 146
1118061.3.peg.2271.site.1, 37, 83, 120
1118061.3.peg.2271.site.2, 1, 120, 121
1118061.3.peg.2271.site.3, 14, 127, 141
1118061.3.peg.2271.site.4, 3, 144, 147
1118061.3.peg.2271.site.5, 28, 150, 178
1118061.3.peg.2271.site.6, 19, 150, 169
1118061.3.peg.2271.site.7, 1, 149, 150
1118061.3.peg.2272.site.1, 2, 145, 147
1118061.3.peg.2272.site.2, 0, 141, 141
1118061.3.peg.2272.site.3, 6, 146, 152
1118061.3.peg.2272.site.4, 10, 147, 157
1118061.3.peg.2272.site.5, 13, 147, 160
1118061.3.peg.2272.site.6, 3, 147, 150
1118061.3.peg.2272.site.7, 0, 132, 132
1118061.3.peg.2272.site.8, 40, 136, 176
1118061.3.peg.2272.site.9, 4, 144, 148
1118061.3.peg.2273.site.1, 53, 147, 200
1118061.3.peg.2273.site.2, 2, 147, 149
1118061.3.peg.2273.site.3, 6, 149, 155
1118061.3.peg.2273.site.4, 0, 150, 150
1118061.3.peg.2273.site.5, 0, 150, 150
1118061.3.peg.2273.site.6, 13, 149, 162
1118061.3.peg.2274.site.1, 0, 147, 147
1118061.3.peg.2274.site.2, 0, 147, 147
1118061.3.peg.2274.site.3, 39, 145, 184
1118061.3.peg.2274.site.4, 89, 144, 233
1118061.3.peg.2274.site.5, 36, 137, 173
1118061.3.peg.2274.site.6, 1, 141, 142
1118061.3.peg.2274.site.7, 39, 137, 176
1118061.3.peg.2274.site.8, 15, 143, 158
1118061.3.peg.2274.site.9, 53, 139, 192
1118061.3.peg.2274.site.10, 134, 138, 272
1118061.3.peg.2274.site.11, 2, 133, 135
1118061.3.peg.2274.site.12, 36, 134, 170
1118061.3.peg.2274.site.13, 34, 122, 156
1118061.3.peg.2274.site.14, 125, 127, 252
1118061.3.peg.2274.site.15, 1, 141, 142
1118061.3.peg.2274.site.16, 1, 143, 144
1118061.3.peg.2274.site.17, 11, 139, 150
1118061.3.peg.2274.site.18, 26, 124, 150
1118061.3.peg.2274.site.19, 101, 101, 202
1118061.3.peg.2274.site.20, 10, 137, 147
1118061.3.peg.2274.site.21, 6, 145, 151
1118061.3.peg.2274.site.22, 42, 145, 187
1118061.3.peg.2274.site.23, 3, 144, 147
1118061.3.peg.2274.site.24, 56, 139, 195
1118061.3.peg.2274.site.25, 138, 138, 276
1118061.3.peg.2274.site.26, 3, 130, 133
1118061.3.peg.2275.site.1, 138, 138, 276
1118061.3.peg.2275.site.2, 30, 136, 166
1118061.3.peg.2275.site.3, 1, 119, 120
1118061.3.peg.2275.site.4, 43, 137, 180
1118061.3.peg.2275.site.5, 0, 150, 150
1118061.3.peg.2275.site.6, 45, 149, 194
1118061.3.peg.2275.site.7, 116, 146, 262
1118061.3.peg.2275.site.8, 0, 149, 149
1118061.3.peg.2275.site.9, 12, 148, 160
1118061.3.peg.2275.site.10, 4, 150, 154
1118061.3.peg.2275.site.11, 52, 148, 200
1118061.3.peg.2275.site.12, 37, 148, 185
1118061.3.peg.2275.site.13, 0, 149, 149
1118061.3.peg.2275.site.14, 52, 148, 200
1118061.3.peg.2275.site.15, 2, 150, 152
1118061.3.peg.2275.site.16, 91, 149, 240
1118061.3.peg.2275.site.17, 46, 145, 191
1118061.3.peg.2275.site.18, 2, 116, 118
1118061.3.peg.2275.site.19, 80, 135, 215
1118061.3.peg.2276.site.1, 13, 145, 158
1118061.3.peg.2276.site.2, 27, 140, 167
1118061.3.peg.2276.site.3, 0, 150, 150
1118061.3.peg.2276.site.4, 33, 147, 180
1118061.3.peg.2276.site.5, 12, 145, 157
1118061.3.peg.2276.site.6, 103, 148, 251
1118061.3.peg.2276.site.7, 1, 150, 151
1118061.3.peg.2276.site.8, 3, 149, 152
1118061.3.peg.2276.site.9, 2, 150, 152
1118061.3.peg.2276.site.10, 2, 147, 149
1118061.3.peg.2276.site.11, 52, 148, 200
1118061.3.peg.2276.site.12, 53, 150, 203
1118061.3.peg.2276.site.13, 0, 148, 148
1118061.3.peg.2276.site.14, 89, 142, 231
1118061.3.peg.2276.site.15, 0, 148, 148
1118061.3.peg.2276.site.16, 30, 147, 177
1118061.3.peg.2276.site.17, 81, 131, 212
1118061.3.peg.2276.site.18, 9, 132, 141
1118061.3.peg.2276.site.19, 23, 134, 157
1118061.3.peg.2276.site.20, 9, 150, 159
1118061.3.peg.2276.site.21, 68, 149, 217
1118061.3.peg.2276.site.22, 20, 142, 162
1118061.3.peg.2276.site.23, 3, 142, 145
1118061.3.peg.2276.site.24, 120, 146, 266
1118061.3.peg.2276.site.25, 1, 148, 149
1118061.3.peg.2276.site.26, 1, 150, 151
1118061.3.peg.2276.site.27, 150, 150, 300
1118061.3.peg.2276.site.28, 5, 150, 155
1118061.3.peg.2276.site.29, 99, 149, 248
1118061.3.peg.2276.site.30, 95, 150, 245
1118061.3.peg.2276.site.31, 6, 150, 156
1118061.3.peg.2276.site.32, 0, 149, 149
1118061.3.peg.2276.site.33, 1, 149, 150
1118061.3.peg.2276.site.34, 19, 143, 162
1118061.3.peg.2276.site.35, 3, 135, 138
1118061.3.peg.2276.site.36, 4, 109, 113
1118061.3.peg.900.site.1, 39, 139, 178
1118061.3.peg.900.site.2, 10, 147, 157
1118061.3.peg.900.site.3, 2, 149, 151
1118061.3.peg.900.site.4, 5, 142, 147
1118061.3.peg.900.site.5, 3, 142, 145
1118061.3.peg.900.site.6, 2, 145, 147
1118061.3.peg.900.site.7, 2, 146, 148
1118061.3.peg.900.site.8, 20, 145, 165
1118061.3.peg.900.site.9, 2, 149, 151
1118061.3.peg.900.site.10, 0, 148, 148
1118061.3.peg.900.site.11, 125, 149, 274
1118061.3.peg.900.site.12, 2, 148, 150
1118061.3.peg.900.site.13, 27, 146, 173
1118061.3.peg.900.site.14, 3, 143, 146
1118061.3.peg.900.site.15, 0, 136, 136
1118061.3.peg.900.site.16, 10, 131, 141
1118061.3.peg.900.site.17, 1, 135, 136
1118061.3.peg.900.site.18, 22, 134, 156
1118061.3.peg.900.site.19, 16, 136, 152
1118061.3.peg.900.site.20, 3, 128, 131
1118061.3.peg.900.site.21, 1, 121, 122
1118061.3.peg.900.site.22, 7, 113, 120
1118061.3.peg.900.site.23, 2, 110, 112
1118061.3.peg.900.site.24, 21, 98, 119
1118061.3.peg.900.site.25, 0, 138, 138
1118061.3.peg.2278.site.1, 2, 145, 147
1118061.3.peg.2278.site.2, 139, 144, 283
1118061.3.peg.2278.site.3, 2, 144, 146
1118061.3.peg.2278.site.4, 5, 145, 150
1118061.3.peg.2278.site.5, 5, 145, 150
1118061.3.peg.2278.site.6, 0, 143, 143
1118061.3.peg.2278.site.7, 2, 143, 145
1118061.3.peg.2278.site.8, 8, 143, 151
1118061.3.peg.2278.site.9, 19, 145, 164
1118061.3.peg.2278.site.10, 1, 143, 144
1118061.3.peg.2278.site.11, 22, 137, 159
1118061.3.peg.2278.site.12, 39, 132, 171
1118061.3.peg.2278.site.13, 26, 137, 163
1118061.3.peg.2278.site.14, 1, 138, 139
1118061.3.peg.2278.site.15, 8, 141, 149
1118061.3.peg.2278.site.16, 3, 144, 147
1118061.3.peg.2278.site.17, 1, 145, 146
1118061.3.peg.2278.site.18, 13, 142, 155
1118061.3.peg.2278.site.19, 50, 140, 190
1118061.3.peg.2278.site.20, 0, 142, 142
1118061.3.peg.2278.site.21, 56, 134, 190
1118061.3.peg.2278.site.22, 13, 139, 152
1118061.3.peg.2278.site.23, 2, 138, 140
1118061.3.peg.2278.site.24, 129, 139, 268
1118061.3.peg.2278.site.25, 27, 115, 142
1118061.3.peg.2278.site.26, 18, 138, 156
1118061.3.peg.2278.site.27, 29, 143, 172
1118061.3.peg.2278.site.28, 1, 143, 144
1118061.3.peg.2278.site.29, 72, 138, 210
1118061.3.peg.2278.site.30, 6, 144, 150
1118061.3.peg.2278.site.31, 143, 143, 286
1118061.3.peg.2278.site.32, 2, 145, 147
1118061.3.peg.2278.site.33, 52, 144, 196
1118061.3.peg.2278.site.34, 0, 144, 144
1118061.3.peg.2278.site.35, 0, 144, 144
1118061.3.peg.2278.site.36, 70, 143, 213
1118061.3.peg.2278.site.37, 6, 145, 151
1118061.3.peg.2278.site.38, 2, 143, 145
1118061.3.peg.2278.site.39, 33, 142, 175
1118061.3.peg.2278.site.40, 1, 142, 143
1118061.3.peg.2278.site.41, 3, 141, 144
1118061.3.peg.2279.site.1, 8, 138, 146
1118061.3.peg.2279.site.2, 119, 129, 248
1118061.3.peg.2279.site.3, 2, 144, 146
1118061.3.peg.2279.site.4, 0, 145, 145
1118061.3.peg.2279.site.5, 17, 138, 155
1118061.3.peg.2279.site.6, 57, 141, 198
1118061.3.peg.2279.site.7, 5, 145, 150
1118061.3.peg.2279.site.8, 4, 144, 148
1118061.3.peg.2279.site.9, 91, 145, 236
1118061.3.peg.2279.site.10, 2, 145, 147
1118061.3.peg.2279.site.11, 142, 142, 284
1118061.3.peg.2279.site.12, 34, 144, 178
1118061.3.peg.2279.site.13, 12, 143, 155
1118061.3.peg.2279.site.14, 12, 138, 150
1118061.3.peg.2279.site.15, 0, 143, 143
1118061.3.peg.2279.site.16, 144, 144, 288
1118061.3.peg.2279.site.17, 145, 145, 290
1118061.3.peg.2279.site.18, 145, 145, 290
1118061.3.peg.2279.site.19, 33, 144, 177
1118061.3.peg.2279.site.20, 3, 144, 147
1118061.3.peg.2279.site.21, 144, 144, 288
1118061.3.peg.2279.site.22, 0, 135, 135
1118061.3.peg.2279.site.23, 35, 134, 169
1118061.3.peg.903.site.1, 3, 150, 153
1118061.3.peg.903.site.2, 19, 143, 162
1118061.3.peg.903.site.3, 3, 136, 139
1118061.3.peg.903.site.4, 1, 139, 140
1118061.3.peg.903.site.5, 3, 142, 145
1118061.3.peg.903.site.6, 76, 150, 226
1118061.3.peg.903.site.7, 9, 150, 159
1118061.3.peg.903.site.8, 14, 149, 163
1118061.3.peg.903.site.9, 0, 145, 145
1118061.3.peg.903.site.10, 83, 147, 230
1118061.3.peg.903.site.11, 4, 142, 146
1118061.3.peg.903.site.12, 3, 148, 151
1118061.3.peg.1109.site.1, 6, 146, 152
1118061.3.peg.1109.site.2, 2, 146, 148
1118061.3.peg.1109.site.3, 59, 145, 204
1118061.3.peg.1108.site.1, 7, 147, 154
1118061.3.peg.1108.site.2, 135, 149, 284
1118061.3.peg.1108.site.3, 2, 149, 151
1118061.3.peg.1108.site.4, 1, 147, 148
1118061.3.peg.1108.site.5, 77, 142, 219
1118061.3.peg.1108.site.6, 11, 133, 144
1118061.3.peg.1108.site.7, 28, 146, 174
1118061.3.peg.1108.site.8, 41, 144, 185
1118061.3.peg.1108.site.9, 9, 139, 148
1118061.3.peg.239.site.1, 14, 149, 163
1118061.3.peg.239.site.2, 0, 150, 150
1118061.3.peg.238.site.1, 110, 132, 242
1118061.3.peg.238.site.2, 30, 142, 172
1118061.3.peg.238.site.3, 10, 146, 156
1118061.3.peg.238.site.4, 1, 144, 145
1118061.3.peg.238.site.5, 16, 146, 162
1118061.3.peg.238.site.6, 0, 142, 142
1118061.3.peg.238.site.7, 12, 145, 157
1118061.3.peg.238.site.8, 126, 149, 275
1118061.3.peg.238.site.9, 3, 149, 152
1118061.3.peg.238.site.10, 5, 148, 153
1118061.3.peg.238.site.11, 2, 146, 148
1118061.3.peg.238.site.12, 0, 145, 145
1118061.3.peg.238.site.13, 2, 148, 150
1118061.3.peg.238.site.14, 0, 138, 138
1118061.3.peg.238.site.15, 1, 139, 140
1118061.3.peg.237.site.1, 0, 146, 146
1118061.3.peg.237.site.2, 10, 143, 153
1118061.3.peg.237.site.3, 2, 144, 146
1118061.3.peg.237.site.4, 0, 141, 141
1118061.3.peg.237.site.5, 0, 137, 137
1118061.3.peg.237.site.6, 118, 147, 265
1118061.3.peg.237.site.7, 1, 146, 147
1118061.3.peg.237.site.8, 30, 147, 177
1118061.3.peg.237.site.9, 120, 150, 270
1118061.3.peg.236.site.1, 0, 150, 150
1118061.3.peg.236.site.2, 0, 150, 150
1118061.3.peg.236.site.3, 74, 148, 222
1118061.3.peg.236.site.4, 1, 149, 150
1118061.3.peg.236.site.5, 62, 149, 211
1118061.3.peg.236.site.6, 12, 150, 162
1118061.3.peg.236.site.7, 27, 149, 176
1118061.3.peg.236.site.8, 2, 149, 151
1118061.3.peg.236.site.9, 3, 150, 153
1118061.3.peg.236.site.10, 3, 149, 152
1118061.3.peg.236.site.11, 1, 150, 151
1118061.3.peg.236.site.12, 97, 149, 246
1118061.3.peg.236.site.13, 3, 144, 147
1118061.3.peg.236.site.14, 5, 142, 147
1118061.3.peg.236.site.15, 5, 145, 150
1118061.3.peg.236.site.16, 4, 150, 154
1118061.3.peg.236.site.17, 77, 143, 220
1118061.3.peg.236.site.18, 37, 150, 187
1118061.3.peg.236.site.19, 2, 150, 152
1118061.3.peg.236.site.20, 101, 149, 250
1118061.3.peg.236.site.21, 149, 149, 298
1118061.3.peg.236.site.22, 2, 147, 149
1118061.3.peg.236.site.23, 1, 145, 146
1118061.3.peg.236.site.24, 2, 149, 151
1118061.3.peg.236.site.25, 2, 148, 150
1118061.3.peg.235.site.1, 7, 150, 157
1118061.3.peg.235.site.2, 5, 150, 155
1118061.3.peg.235.site.3, 5, 148, 153
1118061.3.peg.235.site.4, 0, 149, 149
1118061.3.peg.235.site.5, 1, 149, 150
1118061.3.peg.235.site.6, 18, 132, 150
1118061.3.peg.235.site.7, 3, 143, 146
1118061.3.peg.1100.site.1, 79, 143, 222
1118061.3.peg.1100.site.2, 0, 146, 146
1118061.3.peg.1100.site.3, 2, 149, 151
1118061.3.peg.1100.site.4, 9, 150, 159
1118061.3.peg.1100.site.5, 6, 146, 152
1118061.3.peg.1100.site.6, 14, 147, 161
1118061.3.peg.1100.site.7, 76, 147, 223
1118061.3.peg.1100.site.8, 72, 144, 216
1118061.3.peg.1100.site.9, 2, 150, 152
1118061.3.peg.1100.site.10, 0, 135, 135
1118061.3.peg.1100.site.11, 0, 128, 128
1118061.3.peg.1100.site.12, 0, 135, 135
1118061.3.peg.1100.site.13, 12, 125, 137
1118061.3.peg.1100.site.14, 2, 140, 142
1118061.3.peg.233.site.1, 13, 150, 163
1118061.3.peg.233.site.2, 2, 150, 152
1118061.3.peg.233.site.3, 36, 150, 186
1118061.3.peg.233.site.4, 111, 149, 260
1118061.3.peg.233.site.5, 104, 146, 250
1118061.3.peg.233.site.6, 6, 147, 153
1118061.3.peg.233.site.7, 1, 145, 146
1118061.3.peg.233.site.8, 55, 148, 203
1118061.3.peg.233.site.9, 0, 150, 150
1118061.3.peg.233.site.10, 2, 148, 150
1118061.3.peg.233.site.11, 27, 145, 172
1118061.3.peg.233.site.12, 8, 148, 156
1118061.3.peg.233.site.13, 4, 141, 145
1118061.3.peg.233.site.14, 0, 150, 150
1118061.3.peg.233.site.15, 39, 150, 189
1118061.3.peg.233.site.16, 92, 148, 240
1118061.3.peg.233.site.17, 90, 146, 236
1118061.3.peg.233.site.18, 36, 148, 184
1118061.3.peg.233.site.19, 49, 147, 196
1118061.3.peg.233.site.20, 0, 148, 148
1118061.3.peg.233.site.21, 5, 147, 152
1118061.3.peg.233.site.22, 1, 150, 151
1118061.3.peg.232.site.1, 144, 149, 293
1118061.3.peg.232.site.2, 80, 149, 229
1118061.3.peg.232.site.3, 149, 149, 298
1118061.3.peg.232.site.4, 0, 148, 148
1118061.3.peg.232.site.5, 0, 144, 144
1118061.3.peg.232.site.6, 144, 144, 288
1118061.3.peg.232.site.7, 144, 144, 288
1118061.3.peg.232.site.8, 1, 149, 150
1118061.3.peg.232.site.9, 1, 150, 151
1118061.3.peg.232.site.10, 12, 149, 161
1118061.3.peg.232.site.11, 0, 150, 150
1118061.3.peg.232.site.12, 33, 149, 182
1118061.3.peg.232.site.13, 0, 150, 150
1118061.3.peg.232.site.14, 9, 150, 159
1118061.3.peg.232.site.15, 1, 150, 151
1118061.3.peg.232.site.16, 8, 150, 158
1118061.3.peg.232.site.17, 9, 150, 159
1118061.3.peg.231.site.1, 1, 149, 150
1118061.3.peg.231.site.2, 7, 144, 151
1118061.3.peg.231.site.3, 7, 149, 156
1118061.3.peg.231.site.4, 33, 149, 182
1118061.3.peg.231.site.5, 12, 149, 161
1118061.3.peg.231.site.6, 20, 147, 167
1118061.3.peg.231.site.7, 29, 144, 173
1118061.3.peg.231.site.8, 22, 140, 162
1118061.3.peg.231.site.9, 39, 135, 174
1118061.3.peg.231.site.10, 37, 128, 165
1118061.3.peg.231.site.11, 1, 128, 129
1118061.3.peg.231.site.12, 29, 130, 159
1118061.3.peg.231.site.13, 0, 135, 135
1118061.3.peg.231.site.14, 10, 117, 127
1118061.3.peg.231.site.15, 0, 131, 131
1118061.3.peg.231.site.16, 15, 140, 155
1118061.3.peg.231.site.17, 1, 144, 145
1118061.3.peg.231.site.18, 2, 140, 142
1118061.3.peg.231.site.19, 0, 139, 139
1118061.3.peg.231.site.20, 7, 144, 151
1118061.3.peg.231.site.21, 116, 149, 265
1118061.3.peg.231.site.22, 21, 113, 134
1118061.3.peg.231.site.23, 14, 96, 110
1118061.3.peg.231.site.24, 16, 130, 146
1118061.3.peg.231.site.25, 1, 145, 146
1118061.3.peg.231.site.26, 0, 148, 148
1118061.3.peg.231.site.27, 87, 149, 236
1118061.3.peg.231.site.28, 0, 149, 149
1118061.3.peg.231.site.29, 131, 141, 272
1118061.3.peg.231.site.30, 0, 142, 142
1118061.3.peg.230.site.1, 41, 148, 189
1118061.3.peg.230.site.2, 0, 139, 139
1118061.3.peg.230.site.3, 1, 129, 130
1118061.3.peg.230.site.4, 1, 121, 122
1118061.3.peg.230.site.5, 3, 117, 120
1118061.3.peg.230.site.6, 2, 119, 121
1118061.3.peg.230.site.7, 116, 116, 232
1118061.3.peg.230.site.8, 27, 124, 151
1118061.3.peg.230.site.9, 1, 135, 136
1118061.3.peg.230.site.10, 3, 140, 143
1118061.3.peg.230.site.11, 13, 126, 139
1118061.3.peg.230.site.12, 12, 127, 139
1118061.3.peg.230.site.13, 135, 135, 270
1118061.3.peg.230.site.14, 30, 132, 162
1118061.3.peg.230.site.15, 1, 134, 135
1118061.3.peg.230.site.16, 2, 131, 133
1118061.3.peg.230.site.17, 112, 112, 224
1118061.3.peg.230.site.18, 67, 104, 171
1118061.3.peg.230.site.19, 51, 135, 186
1118061.3.peg.230.site.20, 35, 144, 179
1118061.3.peg.230.site.21, 0, 142, 142
1118061.3.peg.230.site.22, 4, 145, 149
1118061.3.peg.230.site.23, 7, 145, 152
1118061.3.peg.230.site.24, 4, 142, 146
1118061.3.peg.230.site.25, 37, 149, 186
1118061.3.peg.230.site.26, 0, 138, 138
1118061.3.peg.275.site.1, 2, 145, 147
1118061.3.peg.275.site.2, 27, 127, 154
1118061.3.peg.275.site.3, 26, 145, 171
1118061.3.peg.275.site.4, 1, 149, 150
1118061.3.peg.275.site.5, 100, 146, 246
1118061.3.peg.275.site.6, 0, 147, 147
1118061.3.peg.275.site.7, 59, 146, 205
1118061.3.peg.275.site.8, 29, 147, 176
1118061.3.peg.789.site.1, 0, 148, 148
1118061.3.peg.789.site.2, 110, 149, 259
1118061.3.peg.789.site.3, 12, 149, 161
1118061.3.peg.789.site.4, 3, 150, 153
1118061.3.peg.789.site.5, 5, 149, 154
1118061.3.peg.789.site.6, 0, 150, 150
1118061.3.peg.789.site.7, 45, 150, 195
1118061.3.peg.789.site.8, 146, 150, 296
1118061.3.peg.789.site.9, 26, 149, 175
1118061.3.peg.789.site.10, 74, 149, 223
1118061.3.peg.789.site.11, 12, 150, 162
1118061.3.peg.789.site.12, 1, 147, 148
1118061.3.peg.789.site.13, 2, 146, 148
1118061.3.peg.789.site.14, 0, 148, 148
1118061.3.peg.788.site.1, 0, 146, 146
1118061.3.peg.788.site.2, 3, 148, 151
1118061.3.peg.787.site.1, 1, 128, 129
1118061.3.peg.787.site.2, 2, 129, 131
1118061.3.peg.787.site.3, 10, 134, 144
1118061.3.peg.787.site.4, 52, 136, 188
1118061.3.peg.787.site.5, 19, 142, 161
1118061.3.peg.787.site.6, 3, 98, 101
1118061.3.peg.787.site.7, 55, 128, 183
1118061.3.peg.787.site.8, 110, 144, 254
1118061.3.peg.787.site.9, 144, 149, 293
1118061.3.peg.787.site.10, 20, 149, 169
1118061.3.peg.787.site.11, 3, 149, 152
1118061.3.peg.787.site.12, 83, 92, 175
1118061.3.peg.787.site.13, 86, 86, 172
1118061.3.peg.787.site.14, 105, 108, 213
1118061.3.peg.787.site.15, 34, 149, 183
1118061.3.peg.787.site.16, 116, 140, 256
1118061.3.peg.787.site.17, 2, 146, 148
1118061.3.peg.787.site.18, 34, 142, 176
1118061.3.peg.787.site.19, 38, 139, 177
1118061.3.peg.787.site.20, 19, 143, 162
1118061.3.peg.787.site.21, 1, 143, 144
1118061.3.peg.787.site.22, 66, 136, 202
1118061.3.peg.787.site.23, 1, 132, 133
1118061.3.peg.787.site.24, 72, 136, 208
1118061.3.peg.787.site.25, 1, 138, 139
1118061.3.peg.787.site.26, 69, 141, 210
1118061.3.peg.787.site.27, 39, 136, 175
1118061.3.peg.787.site.28, 1, 136, 137
1118061.3.peg.787.site.29, 19, 131, 150
1118061.3.peg.787.site.30, 0, 131, 131
1118061.3.peg.787.site.31, 0, 143, 143
1118061.3.peg.787.site.32, 143, 146, 289
1118061.3.peg.787.site.33, 0, 146, 146
1118061.3.peg.787.site.34, 2, 142, 144
1118061.3.peg.787.site.35, 126, 126, 252
1118061.3.peg.787.site.36, 2, 131, 133
1118061.3.peg.787.site.37, 55, 125, 180
1118061.3.peg.787.site.38, 3, 135, 138
1118061.3.peg.786.site.1, 1, 149, 150
1118061.3.peg.786.site.2, 7, 146, 153
1118061.3.peg.786.site.3, 53, 143, 196
1118061.3.peg.786.site.4, 46, 146, 192
1118061.3.peg.786.site.5, 118, 145, 263
1118061.3.peg.786.site.6, 19, 148, 167
1118061.3.peg.786.site.7, 23, 147, 170
1118061.3.peg.786.site.8, 1, 148, 149
1118061.3.peg.786.site.9, 3, 147, 150
1118061.3.peg.786.site.10, 3, 147, 150
1118061.3.peg.786.site.11, 3, 145, 148
1118061.3.peg.786.site.12, 0, 143, 143
1118061.3.peg.786.site.13, 83, 147, 230
1118061.3.peg.786.site.14, 2, 148, 150
1118061.3.peg.786.site.15, 2, 147, 149
1118061.3.peg.786.site.16, 78, 150, 228
1118061.3.peg.786.site.17, 1, 145, 146
1118061.3.peg.786.site.18, 8, 143, 151
1118061.3.peg.786.site.19, 2, 144, 146
1118061.3.peg.786.site.20, 0, 143, 143
1118061.3.peg.786.site.21, 21, 128, 149
1118061.3.peg.786.site.22, 41, 148, 189
1118061.3.peg.785.site.1, 147, 147, 294
1118061.3.peg.785.site.2, 0, 149, 149
1118061.3.peg.785.site.3, 0, 150, 150
1118061.3.peg.785.site.4, 21, 150, 171
1118061.3.peg.785.site.5, 150, 150, 300
1118061.3.peg.785.site.6, 0, 150, 150
1118061.3.peg.785.site.7, 23, 146, 169
1118061.3.peg.785.site.8, 2, 150, 152
1118061.3.peg.785.site.9, 0, 149, 149
1118061.3.peg.785.site.10, 51, 150, 201
1118061.3.peg.785.site.11, 97, 146, 243
1118061.3.peg.785.site.12, 1, 146, 147
1118061.3.peg.785.site.13, 37, 136, 173
1118061.3.peg.785.site.14, 22, 133, 155
1118061.3.peg.785.site.15, 1, 129, 130
1118061.3.peg.785.site.16, 9, 125, 134
1118061.3.peg.785.site.17, 10, 127, 137
1118061.3.peg.785.site.18, 26, 124, 150
1118061.3.peg.785.site.19, 1, 132, 133
1118061.3.peg.785.site.20, 7, 109, 116
1118061.3.peg.785.site.21, 106, 106, 212
1118061.3.peg.785.site.22, 0, 89, 89
1118061.3.peg.785.site.23, 37, 121, 158
1118061.3.peg.785.site.24, 7, 112, 119
1118061.3.peg.785.site.25, 0, 138, 138
1118061.3.peg.784.site.1, 38, 108, 146
1118061.3.peg.784.site.2, 24, 145, 169
1118061.3.peg.784.site.3, 0, 150, 150
1118061.3.peg.784.site.4, 22, 146, 168
1118061.3.peg.784.site.5, 0, 133, 133
1118061.3.peg.784.site.6, 26, 137, 163
1118061.3.peg.783.site.1, 57, 149, 206
1118061.3.peg.783.site.2, 2, 148, 150
1118061.3.peg.783.site.3, 2, 149, 151
1118061.3.peg.783.site.4, 2, 150, 152
1118061.3.peg.783.site.5, 5, 145, 150
1118061.3.peg.783.site.6, 23, 128, 151
1118061.3.peg.783.site.7, 0, 139, 139
1118061.3.peg.783.site.8, 0, 143, 143
1118061.3.peg.783.site.9, 0, 144, 144
1118061.3.peg.783.site.10, 0, 143, 143
1118061.3.peg.783.site.11, 2, 145, 147
1118061.3.peg.783.site.12, 144, 144, 288
1118061.3.peg.783.site.13, 144, 147, 291
1118061.3.peg.783.site.14, 3, 146, 149
1118061.3.peg.783.site.15, 3, 149, 152
1118061.3.peg.783.site.16, 1, 147, 148
1118061.3.peg.783.site.17, 0, 141, 141
1118061.3.peg.782.site.1, 1, 148, 149
1118061.3.peg.782.site.2, 86, 140, 226
1118061.3.peg.782.site.3, 79, 142, 221
1118061.3.peg.782.site.4, 36, 137, 173
1118061.3.peg.782.site.5, 110, 111, 221
1118061.3.peg.782.site.6, 2, 123, 125
1118061.3.peg.782.site.7, 1, 127, 128
1118061.3.peg.782.site.8, 31, 132, 163
1118061.3.peg.782.site.9, 1, 148, 149
1118061.3.peg.782.site.10, 27, 146, 173
1118061.3.peg.782.site.11, 2, 150, 152
1118061.3.peg.781.site.1, 2, 149, 151
1118061.3.peg.781.site.2, 15, 149, 164
1118061.3.peg.781.site.3, 4, 148, 152
1118061.3.peg.781.site.4, 123, 147, 270
1118061.3.peg.781.site.5, 99, 143, 242
1118061.3.peg.781.site.6, 1, 149, 150
1118061.3.peg.781.site.7, 109, 122, 231
1118061.3.peg.781.site.8, 11, 131, 142
1118061.3.peg.781.site.9, 53, 144, 197
1118061.3.peg.781.site.10, 117, 140, 257
1118061.3.peg.781.site.11, 4, 142, 146
1118061.3.peg.781.site.12, 124, 147, 271
1118061.3.peg.781.site.13, 4, 149, 153
1118061.3.peg.781.site.14, 4, 147, 151
1118061.3.peg.781.site.15, 148, 148, 296
1118061.3.peg.781.site.16, 2, 148, 150
1118061.3.peg.781.site.17, 83, 129, 212
1118061.3.peg.781.site.18, 41, 146, 187
1118061.3.peg.780.site.1, 0, 148, 148
1118061.3.peg.780.site.2, 4, 148, 152
1118061.3.peg.780.site.3, 80, 133, 213
1118061.3.peg.780.site.4, 43, 138, 181
1118061.3.peg.780.site.5, 129, 137, 266
1118061.3.peg.780.site.6, 9, 138, 147
1118061.3.peg.780.site.7, 117, 121, 238
1118061.3.peg.780.site.8, 110, 120, 230
1118061.3.peg.780.site.9, 40, 101, 141
1118061.3.peg.780.site.10, 5, 127, 132
1118061.3.peg.780.site.11, 53, 140, 193
1118061.3.peg.780.site.12, 138, 143, 281
1118061.3.peg.780.site.13, 75, 144, 219
1118061.3.peg.780.site.14, 51, 148, 199
1118061.3.peg.651.site.1, 0, 149, 149
1118061.3.peg.651.site.2, 22, 144, 166
1118061.3.peg.651.site.3, 0, 149, 149
1118061.3.peg.651.site.4, 28, 144, 172
1118061.3.peg.651.site.5, 28, 139, 167
1118061.3.peg.651.site.6, 19, 117, 136
1118061.3.peg.651.site.7, 0, 140, 140
1118061.3.peg.651.site.8, 2, 144, 146
1118061.3.peg.651.site.9, 0, 144, 144
1118061.3.peg.651.site.10, 1, 149, 150
1118061.3.peg.651.site.11, 105, 150, 255
1118061.3.peg.651.site.12, 2, 149, 151
1118061.3.peg.651.site.13, 121, 148, 269
1118061.3.peg.651.site.14, 13, 143, 156
1118061.3.peg.651.site.15, 27, 146, 173
1118061.3.peg.651.site.16, 0, 146, 146
1118061.3.peg.651.site.17, 55, 146, 201
1118061.3.peg.651.site.18, 0, 146, 146
1118061.3.peg.651.site.19, 15, 148, 163
1118061.3.peg.651.site.20, 18, 146, 164
1118061.3.peg.651.site.21, 1, 146, 147
1118061.3.peg.651.site.22, 1, 146, 147
1118061.3.peg.651.site.23, 82, 149, 231
1118061.3.peg.651.site.24, 5, 141, 146
1118061.3.peg.651.site.25, 1, 145, 146
1118061.3.peg.651.site.26, 31, 144, 175
1118061.3.peg.651.site.27, 11, 147, 158
1118061.3.peg.651.site.28, 34, 148, 182
1118061.3.peg.651.site.29, 0, 149, 149
1118061.3.peg.651.site.30, 0, 146, 146
1118061.3.peg.651.site.31, 31, 149, 180
1118061.3.peg.651.site.32, 31, 150, 181
1118061.3.peg.651.site.33, 0, 150, 150
1118061.3.peg.651.site.34, 39, 121, 160
1118061.3.peg.651.site.35, 13, 110, 123
1118061.3.peg.651.site.36, 1, 105, 106
1118061.3.peg.651.site.37, 23, 99, 122
1118061.3.peg.651.site.38, 110, 115, 225
1118061.3.peg.651.site.39, 34, 124, 158
1118061.3.peg.651.site.40, 1, 139, 140
1118061.3.peg.651.site.41, 4, 135, 139
1118061.3.peg.651.site.42, 0, 142, 142
1118061.3.peg.651.site.43, 52, 137, 189
1118061.3.peg.651.site.44, 45, 139, 184
1118061.3.peg.651.site.45, 4, 140, 144
1118061.3.peg.651.site.46, 1, 146, 147
1118061.3.peg.651.site.47, 2, 145, 147
1118061.3.peg.651.site.48, 9, 141, 150
1118061.3.peg.651.site.49, 9, 142, 151
1118061.3.peg.651.site.50, 1, 143, 144
1118061.3.peg.651.site.51, 2, 140, 142
1118061.3.peg.651.site.52, 0, 132, 132
1118061.3.peg.651.site.53, 93, 130, 223
1118061.3.peg.651.site.54, 41, 134, 175
1118061.3.peg.651.site.55, 16, 150, 166
1118061.3.peg.651.site.56, 0, 149, 149
1118061.3.peg.651.site.57, 80, 146, 226
1118061.3.peg.302.site.1, 0, 148, 148
1118061.3.peg.302.site.2, 0, 150, 150
1118061.3.peg.301.site.1, 2, 149, 151
1118061.3.peg.300.site.1, 1, 144, 145
1118061.3.peg.300.site.2, 29, 134, 163
1118061.3.peg.300.site.3, 16, 142, 158
1118061.3.peg.300.site.4, 5, 142, 147
1118061.3.peg.300.site.5, 55, 143, 198
1118061.3.peg.300.site.6, 9, 146, 155
1118061.3.peg.300.site.7, 0, 147, 147
1118061.3.peg.300.site.8, 105, 139, 244
1118061.3.peg.300.site.9, 1, 146, 147
1118061.3.peg.300.site.10, 2, 147, 149
1118061.3.peg.300.site.11, 1, 148, 149
1118061.3.peg.300.site.12, 32, 111, 143
1118061.3.peg.300.site.13, 11, 102, 113
1118061.3.peg.300.site.14, 1, 102, 103
1118061.3.peg.300.site.15, 1, 106, 107
1118061.3.peg.300.site.16, 15, 127, 142
1118061.3.peg.300.site.17, 0, 131, 131
1118061.3.peg.300.site.18, 2, 141, 143
1118061.3.peg.300.site.19, 0, 139, 139
1118061.3.peg.300.site.20, 4, 142, 146
1118061.3.peg.300.site.21, 0, 142, 142
1118061.3.peg.300.site.22, 0, 140, 140
1118061.3.peg.300.site.23, 3, 141, 144
1118061.3.peg.300.site.24, 45, 136, 181
1118061.3.peg.300.site.25, 1, 137, 138
1118061.3.peg.300.site.26, 1, 98, 99
1118061.3.peg.300.site.27, 1, 103, 104
1118061.3.peg.300.site.28, 1, 140, 141
1118061.3.peg.300.site.29, 30, 146, 176
1118061.3.peg.300.site.30, 50, 145, 195
1118061.3.peg.300.site.31, 61, 144, 205
1118061.3.peg.300.site.32, 9, 147, 156
1118061.3.peg.300.site.33, 2, 150, 152
1118061.3.peg.300.site.34, 5, 150, 155
1118061.3.peg.300.site.35, 0, 149, 149
1118061.3.peg.300.site.36, 1, 149, 150
1118061.3.peg.300.site.37, 68, 149, 217
1118061.3.peg.307.site.1, 107, 148, 255
1118061.3.peg.307.site.2, 25, 149, 174
1118061.3.peg.307.site.3, 1, 149, 150
1118061.3.peg.307.site.4, 61, 131, 192
1118061.3.peg.307.site.5, 1, 114, 115
1118061.3.peg.307.site.6, 27, 127, 154
1118061.3.peg.307.site.7, 43, 149, 192
1118061.3.peg.307.site.8, 149, 149, 298
1118061.3.peg.307.site.9, 8, 145, 153
1118061.3.peg.307.site.10, 12, 146, 158
1118061.3.peg.307.site.11, 1, 150, 151
1118061.3.peg.307.site.12, 6, 150, 156
1118061.3.peg.307.site.13, 142, 150, 292
1118061.3.peg.307.site.14, 8, 150, 158
1118061.3.peg.307.site.15, 0, 149, 149
1118061.3.peg.307.site.16, 73, 150, 223
1118061.3.peg.307.site.17, 110, 149, 259
1118061.3.peg.307.site.18, 50, 150, 200
1118061.3.peg.307.site.19, 0, 150, 150
1118061.3.peg.307.site.20, 6, 148, 154
1118061.3.peg.307.site.21, 2, 150, 152
1118061.3.peg.307.site.22, 12, 150, 162
1118061.3.peg.307.site.23, 0, 149, 149
1118061.3.peg.307.site.24, 17, 123, 140
1118061.3.peg.307.site.25, 94, 118, 212
1118061.3.peg.307.site.26, 0, 143, 143
1118061.3.peg.307.site.27, 0, 145, 145
1118061.3.peg.307.site.28, 0, 143, 143
1118061.3.peg.307.site.29, 0, 145, 145
1118061.3.peg.307.site.30, 0, 145, 145
1118061.3.peg.307.site.31, 1, 146, 147
1118061.3.peg.307.site.32, 0, 135, 135
1118061.3.peg.307.site.33, 0, 142, 142
1118061.3.peg.307.site.34, 1, 146, 147
1118061.3.peg.307.site.35, 1, 150, 151
1118061.3.peg.307.site.36, 110, 148, 258
1118061.3.peg.307.site.37, 0, 150, 150
1118061.3.peg.307.site.38, 1, 150, 151
1118061.3.peg.307.site.39, 2, 149, 151
1118061.3.peg.307.site.40, 13, 149, 162
1118061.3.peg.307.site.41, 19, 150, 169
1118061.3.peg.307.site.42, 2, 150, 152
1118061.3.peg.307.site.43, 0, 150, 150
1118061.3.peg.307.site.44, 0, 148, 148
1118061.3.peg.307.site.45, 2, 150, 152
1118061.3.peg.307.site.46, 15, 150, 165
1118061.3.peg.307.site.47, 2, 150, 152
1118061.3.peg.307.site.48, 94, 147, 241
1118061.3.peg.307.site.49, 6, 150, 156
1118061.3.peg.307.site.50, 6, 150, 156
1118061.3.peg.307.site.51, 0, 150, 150
1118061.3.peg.307.site.52, 5, 149, 154
1118061.3.peg.307.site.53, 1, 149, 150
1118061.3.peg.307.site.54, 0, 150, 150
1118061.3.peg.307.site.55, 0, 150, 150
1118061.3.peg.307.site.56, 9, 149, 158
1118061.3.peg.307.site.57, 9, 148, 157
1118061.3.peg.307.site.58, 9, 147, 156
1118061.3.peg.307.site.59, 50, 149, 199
1118061.3.peg.307.site.60, 1, 149, 150
1118061.3.peg.307.site.61, 3, 150, 153
1118061.3.peg.307.site.62, 27, 142, 169
1118061.3.peg.307.site.63, 0, 148, 148
1118061.3.peg.307.site.64, 35, 147, 182
1118061.3.peg.307.site.65, 35, 144, 179
1118061.3.peg.307.site.66, 51, 149, 200
1118061.3.peg.307.site.67, 3, 150, 153
1118061.3.peg.307.site.68, 126, 150, 276
1118061.3.peg.307.site.69, 50, 149, 199
1118061.3.peg.307.site.70, 11, 150, 161
1118061.3.peg.306.site.1, 105, 150, 255
1118061.3.peg.306.site.2, 21, 150, 171
1118061.3.peg.306.site.3, 149, 150, 299
1118061.3.peg.305.site.1, 56, 149, 205
1118061.3.peg.305.site.2, 5, 149, 154
1118061.3.peg.305.site.3, 0, 149, 149
1118061.3.peg.305.site.4, 0, 150, 150
1118061.3.peg.305.site.5, 7, 148, 155
1118061.3.peg.305.site.6, 110, 129, 239
1118061.3.peg.305.site.7, 42, 133, 175
1118061.3.peg.305.site.8, 1, 134, 135
1118061.3.peg.305.site.9, 0, 148, 148
1118061.3.peg.305.site.10, 0, 149, 149
1118061.3.peg.305.site.11, 0, 148, 148
1118061.3.peg.305.site.12, 135, 147, 282
1118061.3.peg.305.site.13, 2, 147, 149
1118061.3.peg.305.site.14, 53, 149, 202
1118061.3.peg.656.site.1, 1, 148, 149
1118061.3.peg.656.site.2, 3, 143, 146
1118061.3.peg.656.site.3, 80, 145, 225
1118061.3.peg.656.site.4, 35, 147, 182
1118061.3.peg.656.site.5, 114, 148, 262
1118061.3.peg.656.site.6, 2, 139, 141
1118061.3.peg.656.site.7, 4, 132, 136
1118061.3.peg.656.site.8, 21, 115, 136
1118061.3.peg.656.site.9, 111, 124, 235
1118061.3.peg.656.site.10, 16, 135, 151
1118061.3.peg.656.site.11, 14, 136, 150
1118061.3.peg.656.site.12, 5, 138, 143
1118061.3.peg.656.site.13, 0, 136, 136
1118061.3.peg.656.site.14, 87, 142, 229
1118061.3.peg.656.site.15, 132, 145, 277
1118061.3.peg.656.site.16, 76, 144, 220
1118061.3.peg.656.site.17, 26, 147, 173
1118061.3.peg.656.site.18, 0, 145, 145
1118061.3.peg.656.site.19, 2, 146, 148
1118061.3.peg.656.site.20, 0, 144, 144
1118061.3.peg.656.site.21, 0, 147, 147
1118061.3.peg.656.site.22, 146, 148, 294
1118061.3.peg.656.site.23, 25, 149, 174
1118061.3.peg.656.site.24, 2, 149, 151
1118061.3.peg.656.site.25, 1, 149, 150
1118061.3.peg.656.site.26, 3, 149, 152
1118061.3.peg.656.site.27, 1, 149, 150
1118061.3.peg.656.site.28, 1, 149, 150
1118061.3.peg.656.site.29, 1, 150, 151
1118061.3.peg.656.site.30, 4, 150, 154
1118061.3.peg.656.site.31, 2, 148, 150
1118061.3.peg.659.site.1, 2, 149, 151
1118061.3.peg.659.site.2, 43, 148, 191
1118061.3.peg.659.site.3, 0, 143, 143
1118061.3.peg.659.site.4, 7, 126, 133
1118061.3.peg.659.site.5, 7, 138, 145
1118061.3.peg.659.site.6, 26, 150, 176
1118061.3.peg.658.site.1, 0, 148, 148
1118061.3.peg.658.site.2, 1, 148, 149
1118061.3.peg.658.site.3, 3, 150, 153
1118061.3.peg.658.site.4, 0, 150, 150
1118061.3.peg.658.site.5, 24, 150, 174
1118061.3.peg.658.site.6, 0, 121, 121
1118061.3.peg.658.site.7, 0, 123, 123
1118061.3.peg.658.site.8, 13, 132, 145
1118061.3.peg.658.site.9, 2, 140, 142
1118061.3.peg.658.site.10, 1, 147, 148
1118061.3.peg.658.site.11, 6, 147, 153
1118061.3.peg.658.site.12, 58, 149, 207
1118061.3.peg.658.site.13, 58, 150, 208
1118061.3.peg.658.site.14, 1, 147, 148
1118061.3.peg.658.site.15, 0, 141, 141
1118061.3.peg.658.site.16, 2, 145, 147
1118061.3.peg.658.site.17, 53, 149, 202
1118061.3.peg.658.site.18, 148, 148, 296
1118061.3.peg.658.site.19, 66, 147, 213
1118061.3.peg.658.site.20, 2, 145, 147
1118061.3.peg.658.site.21, 38, 148, 186
1118061.3.peg.658.site.22, 0, 149, 149
1118061.3.peg.658.site.23, 0, 149, 149
1118061.3.peg.658.site.24, 0, 150, 150
1118061.3.peg.658.site.25, 6, 145, 151
1118061.3.peg.658.site.26, 1, 140, 141
1118061.3.peg.658.site.27, 0, 137, 137
1118061.3.peg.658.site.28, 27, 139, 166
1118061.3.peg.658.site.29, 0, 141, 141
1118061.3.peg.658.site.30, 3, 147, 150
1118061.3.peg.658.site.31, 0, 149, 149
1118061.3.peg.658.site.32, 13, 150, 163
1118061.3.peg.658.site.33, 0, 149, 149
1118061.3.peg.658.site.34, 1, 149, 150
1118061.3.peg.658.site.35, 0, 150, 150
1118061.3.peg.658.site.36, 2, 148, 150
1118061.3.peg.658.site.37, 0, 147, 147
1118061.3.peg.658.site.38, 1, 147, 148
1118061.3.peg.658.site.39, 9, 145, 154
1118061.3.peg.658.site.40, 70, 147, 217
1118061.3.peg.658.site.41, 1, 147, 148
1118061.3.peg.658.site.42, 0, 147, 147
1118061.3.peg.658.site.43, 1, 150, 151
1118061.3.peg.658.site.44, 28, 150, 178
1118061.3.peg.658.site.45, 1, 149, 150
1118061.3.peg.309.site.1, 0, 145, 145
1118061.3.peg.309.site.2, 7, 146, 153
1118061.3.peg.309.site.3, 96, 147, 243
1118061.3.peg.309.site.4, 2, 137, 139
1118061.3.peg.309.site.5, 1, 145, 146
1118061.3.peg.309.site.6, 86, 148, 234
1118061.3.peg.309.site.7, 3, 149, 152
1118061.3.peg.309.site.8, 4, 147, 151
1118061.3.peg.309.site.9, 12, 147, 159
1118061.3.peg.309.site.10, 4, 143, 147
1118061.3.peg.309.site.11, 1, 147, 148
1118061.3.peg.309.site.12, 130, 147, 277
1118061.3.peg.309.site.13, 11, 149, 160
1118061.3.peg.309.site.14, 130, 143, 273
1118061.3.peg.308.site.1, 0, 148, 148
1118061.3.peg.308.site.2, 3, 149, 152
1118061.3.peg.2549.site.1, 80, 150, 230
1118061.3.peg.2549.site.2, 34, 150, 184
1118061.3.peg.2549.site.3, 0, 149, 149
1118061.3.peg.2549.site.4, 25, 149, 174
1118061.3.peg.2549.site.5, 2, 148, 150
1118061.3.peg.2549.site.6, 0, 147, 147
1118061.3.peg.2549.site.7, 5, 146, 151
1118061.3.peg.2549.site.8, 0, 149, 149
1118061.3.peg.2549.site.9, 0, 148, 148
1118061.3.peg.2549.site.10, 1, 138, 139
1118061.3.peg.2549.site.11, 67, 129, 196
1118061.3.peg.2549.site.12, 3, 146, 149
1118061.3.peg.2549.site.13, 46, 145, 191
1118061.3.peg.2549.site.14, 1, 144, 145
1118061.3.peg.2549.site.15, 1, 145, 146
1118061.3.peg.2549.site.16, 0, 146, 146
1118061.3.peg.2549.site.17, 33, 145, 178
1118061.3.peg.2549.site.18, 1, 139, 140
1118061.3.peg.2549.site.19, 113, 136, 249
1118061.3.peg.2549.site.20, 2, 139, 141
1118061.3.peg.2549.site.21, 1, 136, 137
1118061.3.peg.2549.site.22, 31, 143, 174
1118061.3.peg.2549.site.23, 2, 149, 151
1118061.3.peg.2549.site.24, 1, 148, 149
1118061.3.peg.1075.site.1, 47, 148, 195
1118061.3.peg.1075.site.2, 18, 136, 154
1118061.3.peg.1075.site.3, 2, 144, 146
1118061.3.peg.1075.site.4, 0, 147, 147
1118061.3.peg.1075.site.5, 3, 142, 145
1118061.3.peg.1075.site.6, 15, 149, 164
1118061.3.peg.1075.site.7, 3, 149, 152
1118061.3.peg.1075.site.8, 12, 150, 162
1118061.3.peg.1133.site.1, 2, 149, 151
1118061.3.peg.1133.site.2, 0, 147, 147
1118061.3.peg.1133.site.3, 0, 142, 142
1118061.3.peg.1133.site.4, 0, 142, 142
1118061.3.peg.1133.site.5, 0, 149, 149
1118061.3.peg.1133.site.6, 62, 150, 212
1118061.3.peg.1133.site.7, 28, 150, 178
1118061.3.peg.1133.site.8, 4, 150, 154
1118061.3.peg.1133.site.9, 2, 148, 150
1118061.3.peg.1133.site.10, 0, 147, 147
1118061.3.peg.1133.site.11, 2, 149, 151
1118061.3.peg.1133.site.12, 1, 149, 150
1118061.3.peg.1133.site.13, 0, 150, 150
1118061.3.peg.1133.site.14, 0, 145, 145
1118061.3.peg.1133.site.15, 27, 138, 165
1118061.3.peg.1133.site.16, 27, 137, 164
1118061.3.peg.1133.site.17, 3, 109, 112
1118061.3.peg.990.site.1, 54, 145, 199
1118061.3.peg.990.site.2, 148, 148, 296
1118061.3.peg.990.site.3, 6, 150, 156
1118061.3.peg.990.site.4, 1, 150, 151
1118061.3.peg.990.site.5, 144, 147, 291
1118061.3.peg.990.site.6, 34, 145, 179
1118061.3.peg.990.site.7, 7, 148, 155
1118061.3.peg.990.site.8, 2, 146, 148
1118061.3.peg.990.site.9, 32, 148, 180
1118061.3.peg.990.site.10, 122, 147, 269
1118061.3.peg.990.site.11, 19, 149, 168
1118061.3.peg.990.site.12, 52, 149, 201
1118061.3.peg.990.site.13, 7, 147, 154
1118061.3.peg.990.site.14, 150, 150, 300
1118061.3.peg.990.site.15, 1, 145, 146
1118061.3.peg.990.site.16, 8, 142, 150
1118061.3.peg.990.site.17, 2, 144, 146
1118061.3.peg.990.site.18, 2, 141, 143
1118061.3.peg.990.site.19, 2, 138, 140
1118061.3.peg.990.site.20, 32, 139, 171
1118061.3.peg.990.site.21, 2, 139, 141
1118061.3.peg.990.site.22, 129, 129, 258
1118061.3.peg.990.site.23, 2, 107, 109
1118061.3.peg.990.site.24, 8, 142, 150
1118061.3.peg.990.site.25, 2, 143, 145
1118061.3.peg.990.site.26, 1, 140, 141
1118061.3.peg.990.site.27, 1, 140, 141
1118061.3.peg.990.site.28, 106, 146, 252
1118061.3.peg.990.site.29, 140, 145, 285
1118061.3.peg.990.site.30, 40, 149, 189
1118061.3.peg.990.site.31, 57, 150, 207
1118061.3.peg.990.site.32, 94, 146, 240
1118061.3.peg.990.site.33, 17, 144, 161
1118061.3.peg.990.site.34, 2, 145, 147
1118061.3.peg.990.site.35, 93, 143, 236
1118061.3.peg.990.site.36, 2, 128, 130
1118061.3.peg.990.site.37, 7, 130, 137
1118061.3.peg.990.site.38, 1, 138, 139
1118061.3.peg.990.site.39, 0, 144, 144
1118061.3.peg.990.site.40, 9, 146, 155
1118061.3.peg.990.site.41, 3, 147, 150
1118061.3.peg.990.site.42, 2, 117, 119
1118061.3.peg.990.site.43, 2, 120, 122
1118061.3.peg.990.site.44, 6, 123, 129
1118061.3.peg.990.site.45, 2, 139, 141
1118061.3.peg.990.site.46, 8, 141, 149
1118061.3.peg.990.site.47, 51, 150, 201
1118061.3.peg.990.site.48, 2, 148, 150
1118061.3.peg.990.site.49, 33, 149, 182
1118061.3.peg.1693.site.1, 0, 145, 145
1118061.3.peg.1693.site.2, 4, 148, 152
1118061.3.peg.1693.site.3, 41, 142, 183
1118061.3.peg.1693.site.4, 0, 143, 143
1118061.3.peg.1693.site.5, 33, 142, 175
1118061.3.peg.1693.site.6, 2, 144, 146
1118061.3.peg.1693.site.7, 57, 147, 204
1118061.3.peg.1693.site.8, 4, 150, 154
1118061.3.peg.1693.site.9, 23, 150, 173
1118061.3.peg.1693.site.10, 3, 150, 153
1118061.3.peg.1693.site.11, 70, 150, 220
1118061.3.peg.1693.site.12, 4, 147, 151
1118061.3.peg.1693.site.13, 10, 142, 152
1118061.3.peg.1693.site.14, 38, 142, 180
1118061.3.peg.1693.site.15, 147, 147, 294
1118061.3.peg.1693.site.16, 100, 146, 246
1118061.3.peg.1693.site.17, 87, 149, 236
1118061.3.peg.1693.site.18, 4, 150, 154
1118061.3.peg.1693.site.19, 4, 149, 153
1118061.3.peg.1693.site.20, 4, 147, 151
1118061.3.peg.1693.site.21, 37, 150, 187
1118061.3.peg.1693.site.22, 0, 148, 148
1118061.3.peg.1693.site.23, 34, 144, 178
1118061.3.peg.1693.site.24, 6, 146, 152
1118061.3.peg.1693.site.25, 4, 147, 151
1118061.3.peg.1693.site.26, 2, 143, 145
1118061.3.peg.1693.site.27, 4, 143, 147
1118061.3.peg.1693.site.28, 146, 146, 292
1118061.3.peg.1693.site.29, 0, 149, 149
1118061.3.peg.1693.site.30, 2, 149, 151
1118061.3.peg.1693.site.31, 9, 149, 158
1118061.3.peg.1693.site.32, 4, 144, 148
1118061.3.peg.1693.site.33, 55, 147, 202
1118061.3.peg.1693.site.34, 13, 142, 155
1118061.3.peg.1693.site.35, 58, 144, 202
1118061.3.peg.1693.site.36, 0, 149, 149
1118061.3.peg.1692.site.1, 2, 136, 138
1118061.3.peg.1692.site.2, 1, 140, 141
1118061.3.peg.1692.site.3, 105, 136, 241
1118061.3.peg.1692.site.4, 105, 136, 241
1118061.3.peg.1692.site.5, 46, 132, 178
1118061.3.peg.1692.site.6, 1, 84, 85
1118061.3.peg.1692.site.7, 0, 146, 146
1118061.3.peg.1692.site.8, 147, 147, 294
1118061.3.peg.1692.site.9, 1, 144, 145
1118061.3.peg.1692.site.10, 1, 135, 136
1118061.3.peg.1692.site.11, 0, 96, 96
1118061.3.peg.1692.site.12, 0, 99, 99
1118061.3.peg.1692.site.13, 109, 109, 218
1118061.3.peg.1692.site.14, 33, 127, 160
1118061.3.peg.1691.site.1, 83, 150, 233
1118061.3.peg.1691.site.2, 1, 150, 151
1118061.3.peg.1691.site.3, 2, 148, 150
1118061.3.peg.1691.site.4, 3, 146, 149
1118061.3.peg.1691.site.5, 146, 146, 292
1118061.3.peg.991.site.1, 17, 150, 167
1118061.3.peg.991.site.2, 1, 150, 151
1118061.3.peg.991.site.3, 7, 148, 155
1118061.3.peg.991.site.4, 0, 138, 138
1118061.3.peg.991.site.5, 2, 141, 143
1118061.3.peg.994.site.1, 0, 136, 136
1118061.3.peg.994.site.2, 20, 126, 146
1118061.3.peg.994.site.3, 0, 120, 120
1118061.3.peg.994.site.4, 20, 122, 142
1118061.3.peg.994.site.5, 4, 146, 150
1118061.3.peg.994.site.6, 1, 150, 151
1118061.3.peg.994.site.7, 77, 146, 223
1118061.3.peg.1139.site.1, 1, 148, 149
1118061.3.peg.1139.site.2, 3, 149, 152
1118061.3.peg.1139.site.3, 2, 149, 151
1118061.3.peg.1139.site.4, 91, 150, 241
1118061.3.peg.611.site.1, 22, 136, 158
1118061.3.peg.611.site.2, 1, 144, 145
1118061.3.peg.611.site.3, 147, 147, 294
1118061.3.peg.611.site.4, 5, 145, 150
1118061.3.peg.611.site.5, 15, 102, 117
1118061.3.peg.611.site.6, 2, 121, 123
1118061.3.peg.611.site.7, 23, 148, 171
1118061.3.peg.611.site.8, 0, 148, 148
1118061.3.peg.1029.site.1, 21, 149, 170
1118061.3.peg.1029.site.2, 0, 142, 142
1118061.3.peg.1029.site.3, 1, 143, 144
1118061.3.peg.1029.site.4, 54, 146, 200
1118061.3.peg.1029.site.5, 3, 148, 151
1118061.3.peg.1029.site.6, 0, 150, 150
1118061.3.peg.1029.site.7, 54, 150, 204
1118061.3.peg.1029.site.8, 73, 150, 223
1118061.3.peg.1029.site.9, 1, 150, 151
1118061.3.peg.2350.site.1, 3, 115, 118
1118061.3.peg.2350.site.2, 0, 114, 114
1118061.3.peg.2350.site.3, 1, 126, 127
1118061.3.peg.2350.site.4, 1, 129, 130
1118061.3.peg.2350.site.5, 1, 142, 143
1118061.3.peg.2350.site.6, 41, 145, 186
1118061.3.peg.2350.site.7, 67, 144, 211
1118061.3.peg.2350.site.8, 0, 144, 144
1118061.3.peg.2350.site.9, 5, 145, 150
1118061.3.peg.2350.site.10, 88, 144, 232
1118061.3.peg.612.site.1, 144, 144, 288
1118061.3.peg.612.site.2, 2, 140, 142
1118061.3.peg.612.site.3, 0, 148, 148
1118061.3.peg.612.site.4, 3, 150, 153
1118061.3.peg.1741.site.1, 3, 150, 153
1118061.3.peg.1741.site.2, 3, 150, 153
1118061.3.peg.1741.site.3, 6, 150, 156
1118061.3.peg.1741.site.4, 3, 150, 153
1118061.3.peg.1741.site.5, 61, 147, 208
1118061.3.peg.1741.site.6, 2, 147, 149
1118061.3.peg.1741.site.7, 145, 150, 295
1118061.3.peg.1741.site.8, 3, 150, 153
1118061.3.peg.1741.site.9, 3, 150, 153
1118061.3.peg.1741.site.10, 5, 149, 154
1118061.3.peg.1741.site.11, 46, 150, 196
1118061.3.peg.1741.site.12, 79, 148, 227
1118061.3.peg.1741.site.13, 65, 141, 206
1118061.3.peg.1741.site.14, 3, 146, 149
1118061.3.peg.1741.site.15, 0, 145, 145
1118061.3.peg.1741.site.16, 43, 143, 186
1118061.3.peg.1741.site.17, 42, 142, 184
1118061.3.peg.1741.site.18, 1, 147, 148
1118061.3.peg.1741.site.19, 3, 147, 150
1118061.3.peg.1741.site.20, 7, 148, 155
1118061.3.peg.1741.site.21, 35, 146, 181
1118061.3.peg.1741.site.22, 4, 149, 153
1118061.3.peg.1741.site.23, 3, 148, 151
1118061.3.peg.1741.site.24, 3, 150, 153
1118061.3.peg.1741.site.25, 0, 150, 150
1118061.3.peg.1741.site.26, 75, 149, 224
1118061.3.peg.1741.site.27, 3, 149, 152
1118061.3.peg.1741.site.28, 18, 150, 168
1118061.3.peg.1741.site.29, 39, 150, 189
1118061.3.peg.1741.site.30, 0, 150, 150
1118061.3.peg.1741.site.31, 4, 150, 154
1118061.3.peg.1741.site.32, 5, 149, 154
1118061.3.peg.1741.site.33, 14, 150, 164
1118061.3.peg.1741.site.34, 21, 150, 171
1118061.3.peg.1741.site.35, 136, 150, 286
1118061.3.peg.1741.site.36, 10, 147, 157
1118061.3.peg.1741.site.37, 10, 147, 157
1118061.3.peg.1741.site.38, 150, 150, 300
1118061.3.peg.1743.site.1, 2, 150, 152
1118061.3.peg.1743.site.2, 3, 128, 131
1118061.3.peg.1743.site.3, 25, 149, 174
1118061.3.peg.1743.site.4, 5, 150, 155
1118061.3.peg.1743.site.5, 0, 150, 150
1118061.3.peg.1742.site.1, 150, 150, 300
1118061.3.peg.1742.site.2, 19, 148, 167
1118061.3.peg.1744.site.1, 0, 150, 150
1118061.3.peg.1744.site.2, 33, 150, 183
1118061.3.peg.1744.site.3, 5, 150, 155
1118061.3.peg.1744.site.4, 28, 148, 176
1118061.3.peg.1744.site.5, 0, 146, 146
1118061.3.peg.1744.site.6, 0, 150, 150
1118061.3.peg.1744.site.7, 5, 150, 155
1118061.3.peg.1744.site.8, 0, 150, 150
1118061.3.peg.1744.site.9, 0, 148, 148
1118061.3.peg.1744.site.10, 14, 150, 164
1118061.3.peg.1747.site.1, 5, 150, 155
1118061.3.peg.1747.site.2, 0, 150, 150
1118061.3.peg.1747.site.3, 10, 149, 159
1118061.3.peg.1746.site.1, 0, 149, 149
1118061.3.peg.1746.site.2, 73, 150, 223
1118061.3.peg.1746.site.3, 26, 149, 175
1118061.3.peg.1746.site.4, 0, 148, 148
1118061.3.peg.1746.site.5, 12, 150, 162
1118061.3.peg.1746.site.6, 0, 149, 149
1118061.3.peg.1746.site.7, 0, 150, 150
1118061.3.peg.1746.site.8, 145, 145, 290
1118061.3.peg.1749.site.1, 86, 149, 235
1118061.3.peg.1749.site.2, 148, 148, 296
1118061.3.peg.1749.site.3, 35, 147, 182
1118061.3.peg.1749.site.4, 147, 147, 294
1118061.3.peg.1749.site.5, 0, 149, 149
1118061.3.peg.1748.site.1, 12, 150, 162
1118061.3.peg.1748.site.2, 3, 150, 153
1118061.3.peg.1748.site.3, 39, 149, 188
1118061.3.peg.1748.site.4, 3, 150, 153
1118061.3.peg.1748.site.5, 0, 148, 148
1118061.3.peg.1748.site.6, 0, 141, 141
1118061.3.peg.1748.site.7, 0, 144, 144
1118061.3.peg.1748.site.8, 0, 139, 139
1118061.3.peg.1748.site.9, 22, 137, 159
1118061.3.peg.1748.site.10, 0, 138, 138
1118061.3.peg.1748.site.11, 10, 143, 153
1118061.3.peg.1748.site.12, 60, 141, 201
1118061.3.peg.1748.site.13, 138, 142, 280
1118061.3.peg.1748.site.14, 12, 137, 149
1118061.3.peg.1748.site.15, 79, 143, 222
1118061.3.peg.1748.site.16, 0, 148, 148
1118061.3.peg.1748.site.17, 74, 147, 221
1118061.3.peg.1748.site.18, 12, 148, 160
1118061.3.peg.1748.site.19, 24, 148, 172
1118061.3.peg.1748.site.20, 150, 150, 300
1118061.3.peg.1728.site.1, 0, 141, 141
1118061.3.peg.1728.site.2, 0, 140, 140
1118061.3.peg.1728.site.3, 0, 141, 141
1118061.3.peg.1728.site.4, 21, 141, 162
1118061.3.peg.1728.site.5, 35, 141, 176
1118061.3.peg.1728.site.6, 2, 142, 144
1118061.3.peg.1728.site.7, 36, 142, 178
1118061.3.peg.1728.site.8, 110, 141, 251
1118061.3.peg.1728.site.9, 2, 141, 143
1118061.3.peg.1728.site.10, 60, 141, 201
1118061.3.peg.1728.site.11, 141, 142, 283
1118061.3.peg.1728.site.12, 64, 142, 206
1118061.3.peg.1728.site.13, 62, 141, 203
1118061.3.peg.1728.site.14, 141, 141, 282
1118061.3.peg.1728.site.15, 0, 142, 142
1118061.3.peg.1354.site.1, 1, 149, 150
1118061.3.peg.1354.site.2, 0, 143, 143
1118061.3.peg.1354.site.3, 43, 129, 172
1118061.3.peg.1354.site.4, 17, 145, 162
1118061.3.peg.1354.site.5, 18, 148, 166
1118061.3.peg.1354.site.6, 77, 147, 224
1118061.3.peg.1354.site.7, 0, 149, 149
1118061.3.peg.1354.site.8, 144, 147, 291
1118061.3.peg.1354.site.9, 1, 149, 150
1118061.3.peg.1354.site.10, 57, 141, 198
1118061.3.peg.1354.site.11, 7, 149, 156
1118061.3.peg.1354.site.12, 3, 149, 152
1118061.3.peg.1354.site.13, 3, 149, 152
1118061.3.peg.1354.site.14, 0, 150, 150
1118061.3.peg.1354.site.15, 117, 150, 267
1118061.3.peg.1354.site.16, 0, 150, 150
1118061.3.peg.1354.site.17, 1, 150, 151
1118061.3.peg.1354.site.18, 12, 149, 161
1118061.3.peg.1354.site.19, 23, 149, 172
1118061.3.peg.1354.site.20, 50, 149, 199
1118061.3.peg.1354.site.21, 38, 150, 188
1118061.3.peg.1354.site.22, 58, 150, 208
1118061.3.peg.1354.site.23, 90, 150, 240
1118061.3.peg.1354.site.24, 6, 150, 156
1118061.3.peg.1354.site.25, 12, 150, 162
1118061.3.peg.1354.site.26, 93, 150, 243
1118061.3.peg.1354.site.27, 110, 148, 258
1118061.3.peg.1354.site.28, 78, 146, 224
1118061.3.peg.1354.site.29, 3, 148, 151
1118061.3.peg.1354.site.30, 29, 149, 178
1118061.3.peg.1355.site.1, 13, 140, 153
1118061.3.peg.1355.site.2, 1, 137, 138
1118061.3.peg.1355.site.3, 3, 143, 146
1118061.3.peg.1355.site.4, 0, 149, 149
1118061.3.peg.1355.site.5, 0, 149, 149
1118061.3.peg.1355.site.6, 3, 150, 153
1118061.3.peg.1355.site.7, 32, 149, 181
1118061.3.peg.1355.site.8, 0, 149, 149
1118061.3.peg.1355.site.9, 88, 149, 237
1118061.3.peg.1355.site.10, 100, 149, 249
1118061.3.peg.1355.site.11, 14, 148, 162
1118061.3.peg.1355.site.12, 3, 148, 151
1118061.3.peg.1355.site.13, 6, 150, 156
1118061.3.peg.1355.site.14, 69, 129, 198
1118061.3.peg.1352.site.1, 0, 150, 150
1118061.3.peg.1352.site.2, 1, 146, 147
1118061.3.peg.1352.site.3, 142, 144, 286
1118061.3.peg.1352.site.4, 2, 148, 150
1118061.3.peg.1352.site.5, 61, 148, 209
1118061.3.peg.1352.site.6, 46, 147, 193
1118061.3.peg.1352.site.7, 0, 149, 149
1118061.3.peg.1352.site.8, 1, 150, 151
1118061.3.peg.1352.site.9, 0, 150, 150
1118061.3.peg.1352.site.10, 36, 150, 186
1118061.3.peg.1352.site.11, 39, 144, 183
1118061.3.peg.1352.site.12, 118, 149, 267
1118061.3.peg.1352.site.13, 65, 147, 212
1118061.3.peg.1352.site.14, 1, 149, 150
1118061.3.peg.1352.site.15, 1, 150, 151
1118061.3.peg.1352.site.16, 144, 150, 294
1118061.3.peg.1352.site.17, 1, 149, 150
1118061.3.peg.1352.site.18, 0, 150, 150
1118061.3.peg.1352.site.19, 3, 150, 153
1118061.3.peg.1352.site.20, 14, 150, 164
1118061.3.peg.1352.site.21, 3, 150, 153
1118061.3.peg.1353.site.1, 40, 148, 188
1118061.3.peg.1353.site.2, 0, 147, 147
1118061.3.peg.1353.site.3, 2, 147, 149
1118061.3.peg.1353.site.4, 3, 146, 149
1118061.3.peg.1353.site.5, 0, 150, 150
1118061.3.peg.1353.site.6, 41, 149, 190
1118061.3.peg.1353.site.7, 2, 150, 152
1118061.3.peg.1353.site.8, 0, 150, 150
1118061.3.peg.1353.site.9, 0, 150, 150
1118061.3.peg.1353.site.10, 1, 150, 151
1118061.3.peg.1353.site.11, 3, 150, 153
1118061.3.peg.1353.site.12, 86, 149, 235
1118061.3.peg.1353.site.13, 0, 149, 149
1118061.3.peg.1353.site.14, 0, 150, 150
1118061.3.peg.1353.site.15, 41, 149, 190
1118061.3.peg.1353.site.16, 0, 149, 149
1118061.3.peg.1350.site.1, 0, 120, 120
1118061.3.peg.1350.site.2, 0, 150, 150
1118061.3.peg.1351.site.1, 122, 122, 244
1118061.3.peg.1351.site.2, 122, 122, 244
1118061.3.peg.1351.site.3, 2, 137, 139
1118061.3.peg.1351.site.4, 0, 134, 134
1118061.3.peg.1351.site.5, 0, 148, 148
1118061.3.peg.1351.site.6, 1, 150, 151
1118061.3.peg.1351.site.7, 3, 150, 153
1118061.3.peg.1351.site.8, 0, 149, 149
1118061.3.peg.1351.site.9, 1, 149, 150
1118061.3.peg.1351.site.10, 2, 150, 152
1118061.3.peg.1351.site.11, 1, 150, 151
1118061.3.peg.1351.site.12, 19, 135, 154
1118061.3.peg.1351.site.13, 22, 145, 167
1118061.3.peg.1351.site.14, 1, 150, 151
1118061.3.peg.1351.site.15, 6, 150, 156
1118061.3.peg.1351.site.16, 8, 150, 158
1118061.3.peg.1351.site.17, 1, 150, 151
1118061.3.peg.1351.site.18, 108, 149, 257
1118061.3.peg.1351.site.19, 1, 150, 151
1118061.3.peg.1351.site.20, 25, 149, 174
1118061.3.peg.1351.site.21, 83, 149, 232
1118061.3.peg.1351.site.22, 0, 149, 149
1118061.3.peg.1351.site.23, 4, 150, 154
1118061.3.peg.1351.site.24, 2, 148, 150
1118061.3.peg.1351.site.25, 19, 148, 167
1118061.3.peg.1351.site.26, 23, 146, 169
1118061.3.peg.1351.site.27, 30, 150, 180
1118061.3.peg.1351.site.28, 20, 150, 170
1118061.3.peg.1351.site.29, 27, 148, 175
1118061.3.peg.1351.site.30, 38, 149, 187
1118061.3.peg.1351.site.31, 1, 150, 151
1118061.3.peg.1351.site.32, 3, 149, 152
1118061.3.peg.1351.site.33, 19, 148, 167
1118061.3.peg.1351.site.34, 0, 150, 150
1118061.3.peg.1358.site.1, 0, 150, 150
1118061.3.peg.1358.site.2, 147, 150, 297
1118061.3.peg.1358.site.3, 3, 150, 153
1118061.3.peg.1358.site.4, 0, 149, 149
1118061.3.peg.1358.site.5, 121, 149, 270
1118061.3.peg.1358.site.6, 127, 139, 266
1118061.3.peg.1358.site.7, 3, 150, 153
1118061.3.peg.1358.site.8, 4, 149, 153
1118061.3.peg.1358.site.9, 16, 149, 165
1118061.3.peg.1358.site.10, 1, 149, 150
1118061.3.peg.1358.site.11, 0, 133, 133
1118061.3.peg.1359.site.1, 1, 149, 150
1118061.3.peg.1359.site.2, 53, 146, 199
1118061.3.peg.1359.site.3, 1, 148, 149
1118061.3.peg.1359.site.4, 72, 140, 212
1118061.3.peg.1359.site.5, 4, 140, 144
1118061.3.peg.1359.site.6, 3, 149, 152
1118061.3.peg.1359.site.7, 21, 147, 168
1118061.3.peg.1359.site.8, 75, 148, 223
1118061.3.peg.1359.site.9, 11, 149, 160
1118061.3.peg.1359.site.10, 91, 148, 239
1118061.3.peg.1359.site.11, 51, 148, 199
1118061.3.peg.1359.site.12, 3, 148, 151
1118061.3.peg.1359.site.13, 34, 149, 183
1118061.3.peg.1359.site.14, 3, 150, 153
1118061.3.peg.1359.site.15, 39, 149, 188
1118061.3.peg.1359.site.16, 12, 149, 161
1118061.3.peg.1359.site.17, 36, 145, 181
1118061.3.peg.1359.site.18, 5, 79, 84
1118061.3.peg.1359.site.19, 0, 104, 104
1118061.3.peg.1359.site.20, 0, 118, 118
1118061.3.peg.1359.site.21, 1, 150, 151
1118061.3.peg.1359.site.22, 4, 150, 154
1118061.3.peg.1359.site.23, 0, 149, 149
1118061.3.peg.1359.site.24, 16, 149, 165
1118061.3.peg.2649.site.1, 1, 150, 151
1118061.3.peg.2649.site.2, 0, 150, 150
1118061.3.peg.2649.site.3, 0, 149, 149
1118061.3.peg.2649.site.4, 43, 147, 190
1118061.3.peg.2648.site.1, 42, 148, 190
1118061.3.peg.2648.site.2, 3, 149, 152
1118061.3.peg.2648.site.3, 1, 150, 151
1118061.3.peg.2648.site.4, 28, 148, 176
1118061.3.peg.2648.site.5, 5, 150, 155
1118061.3.peg.2648.site.6, 0, 149, 149
1118061.3.peg.2641.site.1, 2, 142, 144
1118061.3.peg.2641.site.2, 27, 141, 168
1118061.3.peg.2641.site.3, 4, 138, 142
1118061.3.peg.2641.site.4, 6, 137, 143
1118061.3.peg.2641.site.5, 6, 136, 142
1118061.3.peg.2641.site.6, 1, 120, 121
1118061.3.peg.2641.site.7, 1, 101, 102
1118061.3.peg.2641.site.8, 5, 87, 92
1118061.3.peg.2641.site.9, 0, 76, 76
1118061.3.peg.2641.site.10, 24, 97, 121
1118061.3.peg.2641.site.11, 12, 134, 146
1118061.3.peg.2641.site.12, 12, 139, 151
1118061.3.peg.2641.site.13, 3, 143, 146
1118061.3.peg.2640.site.1, 2, 114, 116
1118061.3.peg.2640.site.2, 68, 111, 179
1118061.3.peg.2640.site.3, 1, 126, 127
1118061.3.peg.2640.site.4, 2, 136, 138
1118061.3.peg.2640.site.5, 23, 135, 158
1118061.3.peg.2640.site.6, 3, 141, 144
1118061.3.peg.2640.site.7, 27, 142, 169
1118061.3.peg.2640.site.8, 42, 144, 186
1118061.3.peg.2640.site.9, 2, 138, 140
1118061.3.peg.2640.site.10, 5, 144, 149
1118061.3.peg.2640.site.11, 43, 148, 191
1118061.3.peg.2640.site.12, 0, 150, 150
1118061.3.peg.2640.site.13, 27, 150, 177
1118061.3.peg.2643.site.1, 5, 143, 148
1118061.3.peg.2643.site.2, 46, 143, 189
1118061.3.peg.2643.site.3, 12, 144, 156
1118061.3.peg.2643.site.4, 6, 149, 155
1118061.3.peg.2643.site.5, 3, 147, 150
1118061.3.peg.2643.site.6, 100, 142, 242
1118061.3.peg.2643.site.7, 4, 142, 146
1118061.3.peg.2643.site.8, 15, 140, 155
1118061.3.peg.2643.site.9, 1, 134, 135
1118061.3.peg.2643.site.10, 4, 134, 138
1118061.3.peg.2643.site.11, 27, 132, 159
1118061.3.peg.2643.site.12, 2, 135, 137
1118061.3.peg.2643.site.13, 0, 147, 147
1118061.3.peg.2643.site.14, 0, 144, 144
1118061.3.peg.2643.site.15, 1, 146, 147
1118061.3.peg.2643.site.16, 0, 146, 146
1118061.3.peg.2643.site.17, 0, 148, 148
1118061.3.peg.2643.site.18, 46, 143, 189
1118061.3.peg.2643.site.19, 0, 142, 142
1118061.3.peg.2642.site.1, 103, 150, 253
1118061.3.peg.2642.site.2, 0, 150, 150
1118061.3.peg.2642.site.3, 4, 145, 149
1118061.3.peg.2642.site.4, 1, 149, 150
1118061.3.peg.2642.site.5, 2, 150, 152
1118061.3.peg.2642.site.6, 150, 150, 300
1118061.3.peg.2642.site.7, 48, 148, 196
1118061.3.peg.2642.site.8, 2, 150, 152
1118061.3.peg.2642.site.9, 3, 150, 153
1118061.3.peg.2645.site.1, 3, 150, 153
1118061.3.peg.2645.site.2, 7, 150, 157
1118061.3.peg.2645.site.3, 6, 147, 153
1118061.3.peg.2645.site.4, 60, 141, 201
1118061.3.peg.2645.site.5, 21, 134, 155
1118061.3.peg.2645.site.6, 0, 129, 129
1118061.3.peg.2645.site.7, 23, 129, 152
1118061.3.peg.2645.site.8, 1, 126, 127
1118061.3.peg.2645.site.9, 29, 106, 135
1118061.3.peg.2645.site.10, 27, 104, 131
1118061.3.peg.2645.site.11, 21, 125, 146
1118061.3.peg.2645.site.12, 122, 122, 244
1118061.3.peg.2645.site.13, 10, 123, 133
1118061.3.peg.2645.site.14, 11, 130, 141
1118061.3.peg.2645.site.15, 3, 129, 132
1118061.3.peg.2645.site.16, 0, 135, 135
1118061.3.peg.2645.site.17, 20, 131, 151
1118061.3.peg.2645.site.18, 30, 142, 172
1118061.3.peg.2645.site.19, 32, 145, 177
1118061.3.peg.2645.site.20, 0, 148, 148
1118061.3.peg.2645.site.21, 0, 148, 148
1118061.3.peg.2645.site.22, 12, 124, 136
1118061.3.peg.2645.site.23, 5, 120, 125
1118061.3.peg.2645.site.24, 3, 115, 118
1118061.3.peg.2645.site.25, 49, 115, 164
1118061.3.peg.2645.site.26, 0, 124, 124
1118061.3.peg.2645.site.27, 10, 147, 157
1118061.3.peg.2645.site.28, 31, 143, 174
1118061.3.peg.2645.site.29, 5, 149, 154
1118061.3.peg.2645.site.30, 1, 150, 151
1118061.3.peg.2645.site.31, 37, 149, 186
1118061.3.peg.2645.site.32, 37, 150, 187
1118061.3.peg.2645.site.33, 0, 150, 150
1118061.3.peg.2645.site.34, 37, 150, 187
1118061.3.peg.2645.site.35, 3, 137, 140
1118061.3.peg.2645.site.36, 32, 147, 179
1118061.3.peg.2645.site.37, 50, 147, 197
1118061.3.peg.2645.site.38, 101, 146, 247
1118061.3.peg.2645.site.39, 3, 146, 149
1118061.3.peg.2645.site.40, 0, 148, 148
1118061.3.peg.2645.site.41, 3, 150, 153
1118061.3.peg.2645.site.42, 1, 149, 150
1118061.3.peg.2645.site.43, 3, 147, 150
1118061.3.peg.2645.site.44, 147, 147, 294
1118061.3.peg.2645.site.45, 4, 147, 151
1118061.3.peg.2645.site.46, 0, 147, 147
1118061.3.peg.2645.site.47, 1, 145, 146
1118061.3.peg.2645.site.48, 15, 150, 165
1118061.3.peg.2645.site.49, 3, 150, 153
1118061.3.peg.2645.site.50, 0, 148, 148
1118061.3.peg.2645.site.51, 75, 148, 223
1118061.3.peg.2645.site.52, 0, 150, 150
1118061.3.peg.2645.site.53, 18, 150, 168
1118061.3.peg.2645.site.54, 41, 150, 191
1118061.3.peg.2645.site.55, 62, 150, 212
1118061.3.peg.2645.site.56, 93, 149, 242
1118061.3.peg.2645.site.57, 2, 150, 152
1118061.3.peg.2645.site.58, 1, 150, 151
1118061.3.peg.2645.site.59, 2, 150, 152
1118061.3.peg.2645.site.60, 142, 149, 291
1118061.3.peg.2645.site.61, 0, 149, 149
1118061.3.peg.2645.site.62, 0, 147, 147
1118061.3.peg.2645.site.63, 0, 148, 148
1118061.3.peg.2645.site.64, 2, 150, 152
1118061.3.peg.2645.site.65, 149, 150, 299
1118061.3.peg.2645.site.66, 3, 150, 153
1118061.3.peg.2645.site.67, 11, 149, 160
1118061.3.peg.2645.site.68, 59, 149, 208
1118061.3.peg.2645.site.69, 0, 148, 148
1118061.3.peg.2644.site.1, 15, 146, 161
1118061.3.peg.2644.site.2, 3, 149, 152
1118061.3.peg.2644.site.3, 0, 150, 150
1118061.3.peg.2644.site.4, 0, 150, 150
1118061.3.peg.2644.site.5, 0, 150, 150
1118061.3.peg.2644.site.6, 43, 149, 192
1118061.3.peg.2644.site.7, 34, 150, 184
1118061.3.peg.2644.site.8, 36, 149, 185
1118061.3.peg.2644.site.9, 2, 149, 151
1118061.3.peg.2644.site.10, 0, 150, 150
1118061.3.peg.2644.site.11, 3, 150, 153
1118061.3.peg.2644.site.12, 31, 149, 180
1118061.3.peg.2644.site.13, 17, 150, 167
1118061.3.peg.2644.site.14, 4, 150, 154
1118061.3.peg.2644.site.15, 0, 148, 148
1118061.3.peg.2644.site.16, 136, 137, 273
1118061.3.peg.2644.site.17, 78, 134, 212
1118061.3.peg.2644.site.18, 4, 150, 154
1118061.3.peg.2644.site.19, 1, 148, 149
1118061.3.peg.2644.site.20, 74, 149, 223
1118061.3.peg.2644.site.21, 1, 150, 151
1118061.3.peg.2644.site.22, 74, 149, 223
1118061.3.peg.2644.site.23, 2, 143, 145
1118061.3.peg.2644.site.24, 5, 141, 146
1118061.3.peg.2644.site.25, 5, 143, 148
1118061.3.peg.2644.site.26, 0, 144, 144
1118061.3.peg.2644.site.27, 1, 142, 143
1118061.3.peg.2644.site.28, 4, 144, 148
1118061.3.peg.2644.site.29, 0, 144, 144
1118061.3.peg.2644.site.30, 1, 150, 151
1118061.3.peg.2644.site.31, 1, 150, 151
1118061.3.peg.2644.site.32, 1, 149, 150
1118061.3.peg.2644.site.33, 1, 150, 151
1118061.3.peg.2644.site.34, 3, 150, 153
1118061.3.peg.2644.site.35, 0, 150, 150
1118061.3.peg.2644.site.36, 0, 148, 148
1118061.3.peg.2644.site.37, 3, 146, 149
1118061.3.peg.2644.site.38, 2, 149, 151
1118061.3.peg.2644.site.39, 3, 150, 153
1118061.3.peg.2644.site.40, 137, 150, 287
1118061.3.peg.2644.site.41, 0, 149, 149
1118061.3.peg.2644.site.42, 2, 147, 149
1118061.3.peg.2644.site.43, 0, 148, 148
1118061.3.peg.2644.site.44, 0, 149, 149
1118061.3.peg.2644.site.45, 56, 149, 205
1118061.3.peg.2644.site.46, 3, 150, 153
1118061.3.peg.2644.site.47, 48, 150, 198
1118061.3.peg.2644.site.48, 2, 149, 151
1118061.3.peg.2644.site.49, 2, 149, 151
1118061.3.peg.2644.site.50, 96, 149, 245
1118061.3.peg.2644.site.51, 1, 141, 142
1118061.3.peg.2644.site.52, 2, 130, 132
1118061.3.peg.2644.site.53, 10, 128, 138
1118061.3.peg.2644.site.54, 10, 128, 138
1118061.3.peg.2644.site.55, 10, 124, 134
1118061.3.peg.2644.site.56, 103, 106, 209
1118061.3.peg.2644.site.57, 102, 105, 207
1118061.3.peg.2644.site.58, 1, 130, 131
1118061.3.peg.2644.site.59, 3, 121, 124
1118061.3.peg.2644.site.60, 48, 109, 157
1118061.3.peg.2644.site.61, 0, 150, 150
1118061.3.peg.2644.site.62, 35, 150, 185
1118061.3.peg.2644.site.63, 2, 150, 152
1118061.3.peg.2644.site.64, 145, 149, 294
1118061.3.peg.2644.site.65, 0, 148, 148
1118061.3.peg.2644.site.66, 3, 149, 152
1118061.3.peg.2644.site.67, 1, 148, 149
1118061.3.peg.2644.site.68, 8, 149, 157
1118061.3.peg.2644.site.69, 33, 148, 181
1118061.3.peg.2647.site.1, 1, 149, 150
1118061.3.peg.2647.site.2, 14, 150, 164
1118061.3.peg.2647.site.3, 14, 150, 164
1118061.3.peg.2646.site.1, 149, 149, 298
1118061.3.peg.2646.site.2, 0, 150, 150
1118061.3.peg.2646.site.3, 0, 148, 148
1118061.3.peg.2646.site.4, 112, 112, 224
1118061.3.peg.2646.site.5, 1, 133, 134
1118061.3.peg.1594.site.1, 1, 150, 151
1118061.3.peg.1594.site.2, 0, 149, 149
1118061.3.peg.1594.site.3, 73, 148, 221
1118061.3.peg.1594.site.4, 19, 149, 168
1118061.3.peg.1594.site.5, 2, 148, 150
1118061.3.peg.1594.site.6, 130, 149, 279
1118061.3.peg.1594.site.7, 10, 150, 160
1118061.3.peg.1594.site.8, 19, 150, 169
1118061.3.peg.1594.site.9, 19, 147, 166
1118061.3.peg.1594.site.10, 0, 144, 144
1118061.3.peg.1594.site.11, 52, 145, 197
1118061.3.peg.1594.site.12, 61, 146, 207
1118061.3.peg.1594.site.13, 0, 148, 148
1118061.3.peg.1594.site.14, 3, 140, 143
1118061.3.peg.1594.site.15, 1, 147, 148
1118061.3.peg.1594.site.16, 2, 145, 147
1118061.3.peg.1594.site.17, 0, 146, 146
1118061.3.peg.1594.site.18, 0, 145, 145
1118061.3.peg.1594.site.19, 28, 147, 175
1118061.3.peg.1594.site.20, 0, 146, 146
1118061.3.peg.1594.site.21, 10, 147, 157
1118061.3.peg.1594.site.22, 3, 146, 149
1118061.3.peg.1594.site.23, 0, 149, 149
1118061.3.peg.1594.site.24, 2, 150, 152
1118061.3.peg.1594.site.25, 1, 150, 151
1118061.3.peg.1594.site.26, 0, 149, 149
1118061.3.peg.1595.site.1, 1, 146, 147
1118061.3.peg.1595.site.2, 0, 147, 147
1118061.3.peg.1595.site.3, 6, 143, 149
1118061.3.peg.1595.site.4, 1, 131, 132
1118061.3.peg.1595.site.5, 31, 128, 159
1118061.3.peg.1595.site.6, 1, 139, 140
1118061.3.peg.1595.site.7, 10, 144, 154
1118061.3.peg.1595.site.8, 90, 141, 231
1118061.3.peg.1595.site.9, 43, 134, 177
1118061.3.peg.1596.site.1, 41, 131, 172
1118061.3.peg.1596.site.2, 0, 131, 131
1118061.3.peg.1596.site.3, 82, 145, 227
1118061.3.peg.1596.site.4, 0, 144, 144
1118061.3.peg.1596.site.5, 94, 142, 236
1118061.3.peg.1596.site.6, 1, 148, 149
1118061.3.peg.1596.site.7, 2, 148, 150
1118061.3.peg.1596.site.8, 3, 150, 153
1118061.3.peg.1596.site.9, 0, 148, 148
1118061.3.peg.1597.site.1, 99, 142, 241
1118061.3.peg.1597.site.2, 0, 141, 141
1118061.3.peg.1597.site.3, 2, 146, 148
1118061.3.peg.1597.site.4, 18, 149, 167
1118061.3.peg.1597.site.5, 0, 150, 150
1118061.3.peg.1597.site.6, 76, 150, 226
1118061.3.peg.1597.site.7, 30, 148, 178
1118061.3.peg.1597.site.8, 10, 150, 160
1118061.3.peg.1597.site.9, 64, 149, 213
1118061.3.peg.1597.site.10, 0, 144, 144
1118061.3.peg.1597.site.11, 20, 146, 166
1118061.3.peg.1597.site.12, 9, 147, 156
1118061.3.peg.1597.site.13, 34, 124, 158
1118061.3.peg.1597.site.14, 0, 127, 127
1118061.3.peg.1597.site.15, 104, 129, 233
1118061.3.peg.1597.site.16, 126, 130, 256
1118061.3.peg.1597.site.17, 1, 147, 148
1118061.3.peg.1597.site.18, 0, 147, 147
1118061.3.peg.1597.site.19, 136, 141, 277
1118061.3.peg.1598.site.1, 0, 135, 135
1118061.3.peg.1598.site.2, 9, 131, 140
1118061.3.peg.1598.site.3, 10, 137, 147
1118061.3.peg.1598.site.4, 72, 126, 198
1118061.3.peg.1598.site.5, 1, 131, 132
1118061.3.peg.1598.site.6, 10, 129, 139
1118061.3.peg.1598.site.7, 73, 130, 203
1118061.3.peg.1598.site.8, 7, 125, 132
1118061.3.peg.1598.site.9, 108, 136, 244
1118061.3.peg.1598.site.10, 43, 143, 186
1118061.3.peg.1598.site.11, 0, 138, 138
1118061.3.peg.1598.site.12, 51, 142, 193
1118061.3.peg.1598.site.13, 54, 139, 193
1118061.3.peg.1598.site.14, 16, 138, 154
1118061.3.peg.1598.site.15, 132, 135, 267
1118061.3.peg.1598.site.16, 0, 141, 141
1118061.3.peg.1598.site.17, 0, 143, 143
1118061.3.peg.1598.site.18, 3, 141, 144
1118061.3.peg.1598.site.19, 3, 142, 145
1118061.3.peg.1598.site.20, 56, 120, 176
1118061.3.peg.1599.site.1, 2, 149, 151
1118061.3.peg.1599.site.2, 5, 150, 155
1118061.3.peg.1599.site.3, 148, 148, 296
1118061.3.peg.1599.site.4, 5, 148, 153
1118061.3.peg.1599.site.5, 6, 137, 143
1118061.3.peg.1599.site.6, 1, 146, 147
1118061.3.peg.1599.site.7, 19, 143, 162
1118061.3.peg.1599.site.8, 19, 148, 167
1118061.3.peg.1599.site.9, 4, 148, 152
1118061.3.peg.1599.site.10, 2, 150, 152
1118061.3.peg.1599.site.11, 19, 148, 167
1118061.3.peg.1599.site.12, 18, 150, 168
1118061.3.peg.1599.site.13, 2, 150, 152
1118061.3.peg.1599.site.14, 30, 150, 180
1118061.3.peg.1599.site.15, 0, 150, 150
1118061.3.peg.1599.site.16, 131, 149, 280
1118061.3.peg.1599.site.17, 89, 145, 234
1118061.3.peg.1599.site.18, 2, 144, 146
1118061.3.peg.1599.site.19, 21, 144, 165
1118061.3.peg.1599.site.20, 39, 144, 183
1118061.3.peg.1599.site.21, 40, 145, 185
1118061.3.peg.1599.site.22, 1, 138, 139
1118061.3.peg.1599.site.23, 3, 137, 140
1118061.3.peg.1599.site.24, 1, 133, 134
1118061.3.peg.1599.site.25, 16, 137, 153
1118061.3.peg.1599.site.26, 0, 139, 139
1118061.3.peg.1599.site.27, 2, 134, 136
1118061.3.peg.1599.site.28, 2, 139, 141
1118061.3.peg.1599.site.29, 66, 143, 209
1118061.3.peg.1599.site.30, 69, 139, 208
1118061.3.peg.2489.site.1, 9, 149, 158
1118061.3.peg.2489.site.2, 22, 145, 167
1118061.3.peg.2489.site.3, 23, 144, 167
1118061.3.peg.2489.site.4, 2, 133, 135
1118061.3.peg.2489.site.5, 69, 147, 216
1118061.3.peg.2489.site.6, 30, 149, 179
1118061.3.peg.2489.site.7, 2, 150, 152
1118061.3.peg.2489.site.8, 0, 149, 149
1118061.3.peg.2489.site.9, 5, 150, 155
1118061.3.peg.2489.site.10, 13, 143, 156
1118061.3.peg.2489.site.11, 26, 146, 172
1118061.3.peg.2489.site.12, 9, 147, 156
1118061.3.peg.2489.site.13, 75, 122, 197
1118061.3.peg.2489.site.14, 14, 148, 162
1118061.3.peg.2489.site.15, 0, 149, 149
1118061.3.peg.2488.site.1, 3, 143, 146
1118061.3.peg.2488.site.2, 0, 123, 123
1118061.3.peg.2488.site.3, 14, 135, 149
1118061.3.peg.2488.site.4, 10, 149, 159
1118061.3.peg.2488.site.5, 78, 146, 224
1118061.3.peg.2488.site.6, 10, 143, 153
1118061.3.peg.2488.site.7, 12, 145, 157
1118061.3.peg.2488.site.8, 13, 143, 156
1118061.3.peg.2488.site.9, 14, 145, 159
1118061.3.peg.2488.site.10, 13, 147, 160
1118061.3.peg.2488.site.11, 9, 149, 158
1118061.3.peg.2488.site.12, 2, 149, 151
1118061.3.peg.2488.site.13, 0, 146, 146
1118061.3.peg.2488.site.14, 3, 146, 149
1118061.3.peg.2488.site.15, 137, 149, 286
1118061.3.peg.2488.site.16, 1, 132, 133
1118061.3.peg.2488.site.17, 17, 139, 156
1118061.3.peg.2488.site.18, 1, 138, 139
1118061.3.peg.2488.site.19, 1, 114, 115
1118061.3.peg.2488.site.20, 4, 88, 92
1118061.3.peg.2488.site.21, 117, 119, 236
1118061.3.peg.2488.site.22, 55, 118, 173
1118061.3.peg.2488.site.23, 101, 124, 225
1118061.3.peg.2488.site.24, 99, 120, 219
1118061.3.peg.2488.site.25, 0, 128, 128
1118061.3.peg.2488.site.26, 31, 124, 155
1118061.3.peg.2488.site.27, 11, 119, 130
1118061.3.peg.2488.site.28, 31, 123, 154
1118061.3.peg.2488.site.29, 13, 125, 138
1118061.3.peg.2488.site.30, 23, 102, 125
1118061.3.peg.2488.site.31, 22, 106, 128
1118061.3.peg.2488.site.32, 48, 100, 148
1118061.3.peg.2488.site.33, 30, 99, 129
1118061.3.peg.2488.site.34, 30, 95, 125
1118061.3.peg.2488.site.35, 1, 126, 127
1118061.3.peg.2488.site.36, 1, 118, 119
1118061.3.peg.2488.site.37, 107, 140, 247
1118061.3.peg.2488.site.38, 1, 139, 140
1118061.3.peg.2488.site.39, 49, 135, 184
1118061.3.peg.2488.site.40, 51, 140, 191
1118061.3.peg.2488.site.41, 62, 144, 206
1118061.3.peg.2488.site.42, 0, 143, 143
1118061.3.peg.2488.site.43, 21, 138, 159
1118061.3.peg.2488.site.44, 1, 139, 140
1118061.3.peg.2488.site.45, 1, 139, 140
1118061.3.peg.2488.site.46, 2, 143, 145
1118061.3.peg.2488.site.47, 18, 139, 157
1118061.3.peg.2488.site.48, 0, 109, 109
1118061.3.peg.2488.site.49, 46, 110, 156
1118061.3.peg.2487.site.1, 15, 150, 165
1118061.3.peg.2487.site.2, 6, 150, 156
1118061.3.peg.2487.site.3, 15, 150, 165
1118061.3.peg.2487.site.4, 4, 148, 152
1118061.3.peg.2487.site.5, 146, 149, 295
1118061.3.peg.2487.site.6, 14, 137, 151
1118061.3.peg.2487.site.7, 129, 131, 260
1118061.3.peg.2487.site.8, 0, 141, 141
1118061.3.peg.2487.site.9, 3, 150, 153
1118061.3.peg.2486.site.1, 0, 145, 145
1118061.3.peg.2486.site.2, 0, 147, 147
1118061.3.peg.2486.site.3, 143, 150, 293
1118061.3.peg.2486.site.4, 13, 150, 163
1118061.3.peg.2486.site.5, 10, 150, 160
1118061.3.peg.2486.site.6, 11, 146, 157
1118061.3.peg.2486.site.7, 3, 147, 150
1118061.3.peg.2486.site.8, 141, 147, 288
1118061.3.peg.2486.site.9, 0, 139, 139
1118061.3.peg.2486.site.10, 6, 140, 146
1118061.3.peg.2486.site.11, 7, 149, 156
1118061.3.peg.2486.site.12, 3, 150, 153
1118061.3.peg.2486.site.13, 17, 150, 167
1118061.3.peg.2485.site.1, 0, 145, 145
1118061.3.peg.2485.site.2, 34, 149, 183
1118061.3.peg.2485.site.3, 10, 150, 160
1118061.3.peg.2485.site.4, 111, 148, 259
1118061.3.peg.2485.site.5, 121, 150, 271
1118061.3.peg.2485.site.6, 2, 150, 152
1118061.3.peg.2485.site.7, 2, 149, 151
1118061.3.peg.2485.site.8, 3, 149, 152
1118061.3.peg.2485.site.9, 16, 148, 164
1118061.3.peg.2485.site.10, 14, 148, 162
1118061.3.peg.2485.site.11, 2, 148, 150
1118061.3.peg.2485.site.12, 0, 149, 149
1118061.3.peg.2485.site.13, 2, 149, 151
1118061.3.peg.2485.site.14, 1, 141, 142
1118061.3.peg.2485.site.15, 23, 120, 143
1118061.3.peg.2485.site.16, 19, 118, 137
1118061.3.peg.2485.site.17, 16, 112, 128
1118061.3.peg.2485.site.18, 0, 131, 131
1118061.3.peg.2485.site.19, 0, 143, 143
1118061.3.peg.2485.site.20, 1, 148, 149
1118061.3.peg.2485.site.21, 0, 149, 149
1118061.3.peg.2485.site.22, 0, 150, 150
1118061.3.peg.2485.site.23, 2, 150, 152
1118061.3.peg.2485.site.24, 1, 149, 150
1118061.3.peg.2485.site.25, 3, 150, 153
1118061.3.peg.2485.site.26, 0, 145, 145
1118061.3.peg.2485.site.27, 1, 149, 150
1118061.3.peg.2485.site.28, 45, 150, 195
1118061.3.peg.2485.site.29, 148, 148, 296
1118061.3.peg.2485.site.30, 2, 142, 144
1118061.3.peg.2484.site.1, 0, 140, 140
1118061.3.peg.2484.site.2, 2, 127, 129
1118061.3.peg.2484.site.3, 117, 143, 260
1118061.3.peg.2484.site.4, 3, 149, 152
1118061.3.peg.2484.site.5, 0, 146, 146
1118061.3.peg.2484.site.6, 6, 148, 154
1118061.3.peg.2484.site.7, 1, 149, 150
1118061.3.peg.2484.site.8, 0, 148, 148
1118061.3.peg.2484.site.9, 0, 149, 149
1118061.3.peg.2484.site.10, 118, 150, 268
1118061.3.peg.2484.site.11, 10, 150, 160
1118061.3.peg.2484.site.12, 0, 149, 149
1118061.3.peg.2483.site.1, 1, 82, 83
1118061.3.peg.2483.site.2, 3, 82, 85
1118061.3.peg.2483.site.3, 4, 78, 82
1118061.3.peg.2483.site.4, 2, 83, 85
1118061.3.peg.2483.site.5, 94, 99, 193
1118061.3.peg.2483.site.6, 1, 112, 113
1118061.3.peg.2483.site.7, 6, 124, 130
1118061.3.peg.2483.site.8, 3, 130, 133
1118061.3.peg.2483.site.9, 24, 120, 144
1118061.3.peg.2483.site.10, 136, 140, 276
1118061.3.peg.2483.site.11, 149, 150, 299
1118061.3.peg.2483.site.12, 149, 150, 299
1118061.3.peg.2483.site.13, 0, 146, 146
1118061.3.peg.2483.site.14, 148, 148, 296
1118061.3.peg.2483.site.15, 27, 148, 175
1118061.3.peg.2483.site.16, 7, 146, 153
1118061.3.peg.2483.site.17, 2, 148, 150
1118061.3.peg.2483.site.18, 2, 150, 152
1118061.3.peg.2482.site.1, 0, 149, 149
1118061.3.peg.2482.site.2, 0, 149, 149
1118061.3.peg.2482.site.3, 5, 143, 148
1118061.3.peg.2482.site.4, 2, 76, 78
1118061.3.peg.2482.site.5, 1, 71, 72
1118061.3.peg.2482.site.6, 5, 75, 80
1118061.3.peg.2482.site.7, 4, 80, 84
1118061.3.peg.2482.site.8, 9, 150, 159
1118061.3.peg.2482.site.9, 25, 140, 165
1118061.3.peg.2482.site.10, 9, 145, 154
1118061.3.peg.2482.site.11, 31, 148, 179
1118061.3.peg.2482.site.12, 31, 148, 179
1118061.3.peg.2482.site.13, 35, 148, 183
1118061.3.peg.2482.site.14, 42, 111, 153
1118061.3.peg.2482.site.15, 1, 135, 136
1118061.3.peg.2482.site.16, 55, 137, 192
1118061.3.peg.2482.site.17, 13, 145, 158
1118061.3.peg.2482.site.18, 3, 149, 152
1118061.3.peg.2482.site.19, 28, 139, 167
1118061.3.peg.2482.site.20, 14, 78, 92
1118061.3.peg.2482.site.21, 67, 73, 140
1118061.3.peg.2482.site.22, 3, 42, 45
1118061.3.peg.2482.site.23, 3, 41, 44
1118061.3.peg.2482.site.24, 16, 19, 35
1118061.3.peg.2482.site.25, 8, 46, 54
1118061.3.peg.2482.site.26, 49, 52, 101
1118061.3.peg.2482.site.27, 9, 51, 60
1118061.3.peg.2482.site.28, 2, 35, 37
1118061.3.peg.2482.site.29, 7, 35, 42
1118061.3.peg.2482.site.30, 0, 33, 33
1118061.3.peg.2482.site.31, 2, 33, 35
1118061.3.peg.2482.site.32, 4, 35, 39
1118061.3.peg.2482.site.33, 8, 42, 50
1118061.3.peg.2482.site.34, 1, 44, 45
1118061.3.peg.2482.site.35, 1, 44, 45
1118061.3.peg.2482.site.36, 4, 42, 46
1118061.3.peg.2482.site.37, 8, 43, 51
1118061.3.peg.2482.site.38, 9, 44, 53
1118061.3.peg.2482.site.39, 5, 63, 68
1118061.3.peg.2481.site.1, 31, 103, 134
1118061.3.peg.2480.site.1, 1, 149, 150
1118061.3.peg.2480.site.2, 0, 134, 134
1118061.3.peg.2480.site.3, 2, 113, 115
1118061.3.peg.2480.site.4, 1, 103, 104
1118061.3.peg.2480.site.5, 1, 118, 119
1118061.3.peg.2480.site.6, 8, 129, 137
1118061.3.peg.2480.site.7, 0, 128, 128
1118061.3.peg.2480.site.8, 3, 125, 128
1118061.3.peg.2480.site.9, 16, 102, 118
1118061.3.peg.2480.site.10, 1, 133, 134
1118061.3.peg.2480.site.11, 39, 137, 176
1118061.3.peg.2480.site.12, 1, 141, 142
1118061.3.peg.2480.site.13, 10, 144, 154
1118061.3.peg.2480.site.14, 35, 144, 179
1118061.3.peg.2480.site.15, 2, 142, 144
1118061.3.peg.2480.site.16, 96, 144, 240
1118061.3.peg.2480.site.17, 1, 149, 150
1118061.3.peg.2480.site.18, 3, 142, 145
1118061.3.peg.2480.site.19, 18, 141, 159
1118061.3.peg.2480.site.20, 33, 149, 182
1118061.3.peg.2480.site.21, 0, 146, 146
1118061.3.peg.2480.site.22, 48, 150, 198
1118061.3.peg.2480.site.23, 34, 149, 183
1118061.3.peg.2480.site.24, 44, 143, 187
1118061.3.peg.828.site.1, 7, 144, 151
1118061.3.peg.828.site.2, 62, 116, 178
1118061.3.peg.828.site.3, 1, 116, 117
1118061.3.peg.828.site.4, 1, 135, 136
1118061.3.peg.828.site.5, 0, 146, 146
1118061.3.peg.828.site.6, 104, 139, 243
1118061.3.peg.828.site.7, 119, 148, 267
1118061.3.peg.828.site.8, 0, 147, 147
1118061.3.peg.828.site.9, 12, 144, 156
1118061.3.peg.828.site.10, 27, 143, 170
1118061.3.peg.828.site.11, 2, 143, 145
1118061.3.peg.828.site.12, 44, 138, 182
1118061.3.peg.828.site.13, 39, 130, 169
1118061.3.peg.828.site.14, 38, 134, 172
1118061.3.peg.828.site.15, 3, 131, 134
1118061.3.peg.828.site.16, 18, 130, 148
1118061.3.peg.828.site.17, 28, 132, 160
1118061.3.peg.829.site.1, 0, 145, 145
1118061.3.peg.829.site.2, 16, 130, 146
1118061.3.peg.829.site.3, 44, 120, 164
1118061.3.peg.829.site.4, 0, 117, 117
1118061.3.peg.829.site.5, 1, 110, 111
1118061.3.peg.829.site.6, 0, 129, 129
1118061.3.peg.829.site.7, 64, 130, 194
1118061.3.peg.829.site.8, 3, 140, 143
1118061.3.peg.822.site.1, 7, 150, 157
1118061.3.peg.822.site.2, 78, 150, 228
1118061.3.peg.822.site.3, 76, 148, 224
1118061.3.peg.822.site.4, 0, 148, 148
1118061.3.peg.822.site.5, 3, 145, 148
1118061.3.peg.822.site.6, 7, 145, 152
1118061.3.peg.822.site.7, 0, 150, 150
1118061.3.peg.822.site.8, 12, 147, 159
1118061.3.peg.822.site.9, 27, 135, 162
1118061.3.peg.822.site.10, 16, 111, 127
1118061.3.peg.822.site.11, 18, 112, 130
1118061.3.peg.823.site.1, 15, 90, 105
1118061.3.peg.823.site.2, 18, 140, 158
1118061.3.peg.823.site.3, 11, 147, 158
1118061.3.peg.823.site.4, 3, 145, 148
1118061.3.peg.823.site.5, 30, 146, 176
1118061.3.peg.823.site.6, 0, 144, 144
1118061.3.peg.823.site.7, 0, 142, 142
1118061.3.peg.823.site.8, 77, 138, 215
1118061.3.peg.823.site.9, 115, 126, 241
1118061.3.peg.820.site.1, 17, 145, 162
1118061.3.peg.820.site.2, 18, 138, 156
1118061.3.peg.820.site.3, 0, 140, 140
1118061.3.peg.820.site.4, 1, 126, 127
1118061.3.peg.820.site.5, 1, 135, 136
1118061.3.peg.820.site.6, 17, 138, 155
1118061.3.peg.820.site.7, 1, 134, 135
1118061.3.peg.820.site.8, 1, 144, 145
1118061.3.peg.820.site.9, 7, 140, 147
1118061.3.peg.820.site.10, 36, 148, 184
1118061.3.peg.820.site.11, 2, 145, 147
1118061.3.peg.820.site.12, 10, 148, 158
1118061.3.peg.820.site.13, 62, 149, 211
1118061.3.peg.820.site.14, 7, 148, 155
1118061.3.peg.820.site.15, 2, 136, 138
1118061.3.peg.820.site.16, 3, 147, 150
1118061.3.peg.820.site.17, 145, 145, 290
1118061.3.peg.820.site.18, 0, 148, 148
1118061.3.peg.821.site.1, 0, 150, 150
1118061.3.peg.826.site.1, 70, 136, 206
1118061.3.peg.826.site.2, 137, 142, 279
1118061.3.peg.826.site.3, 1, 135, 136
1118061.3.peg.826.site.4, 10, 145, 155
1118061.3.peg.826.site.5, 2, 145, 147
1118061.3.peg.826.site.6, 1, 142, 143
1118061.3.peg.826.site.7, 103, 148, 251
1118061.3.peg.826.site.8, 138, 150, 288
1118061.3.peg.826.site.9, 3, 150, 153
1118061.3.peg.826.site.10, 15, 149, 164
1118061.3.peg.827.site.1, 2, 149, 151
1118061.3.peg.827.site.2, 48, 137, 185
1118061.3.peg.827.site.3, 1, 106, 107
1118061.3.peg.827.site.4, 53, 102, 155
1118061.3.peg.827.site.5, 2, 100, 102
1118061.3.peg.827.site.6, 61, 104, 165
1118061.3.peg.827.site.7, 2, 135, 137
1118061.3.peg.827.site.8, 85, 142, 227
1118061.3.peg.827.site.9, 35, 129, 164
1118061.3.peg.827.site.10, 126, 126, 252
1118061.3.peg.827.site.11, 1, 124, 125
1118061.3.peg.827.site.12, 69, 146, 215
1118061.3.peg.827.site.13, 32, 150, 182
1118061.3.peg.824.site.1, 7, 145, 152
1118061.3.peg.824.site.2, 30, 145, 175
1118061.3.peg.824.site.3, 0, 140, 140
1118061.3.peg.824.site.4, 2, 141, 143
1118061.3.peg.824.site.5, 0, 145, 145
1118061.3.peg.824.site.6, 5, 146, 151
1118061.3.peg.824.site.7, 1, 147, 148
1118061.3.peg.824.site.8, 4, 145, 149
1118061.3.peg.824.site.9, 7, 144, 151
1118061.3.peg.824.site.10, 0, 149, 149
1118061.3.peg.824.site.11, 0, 149, 149
1118061.3.peg.824.site.12, 4, 140, 144
1118061.3.peg.824.site.13, 111, 149, 260
1118061.3.peg.824.site.14, 1, 146, 147
1118061.3.peg.824.site.15, 5, 146, 151
1118061.3.peg.824.site.16, 3, 145, 148
1118061.3.peg.824.site.17, 2, 139, 141
1118061.3.peg.824.site.18, 21, 149, 170
1118061.3.peg.824.site.19, 11, 146, 157
1118061.3.peg.824.site.20, 2, 138, 140
1118061.3.peg.824.site.21, 0, 144, 144
1118061.3.peg.824.site.22, 10, 150, 160
1118061.3.peg.790.site.1, 2, 147, 149
1118061.3.peg.790.site.2, 95, 146, 241
1118061.3.peg.790.site.3, 104, 141, 245
1118061.3.peg.790.site.4, 127, 127, 254
1118061.3.peg.790.site.5, 1, 136, 137
1118061.3.peg.790.site.6, 55, 146, 201
1118061.3.peg.790.site.7, 1, 144, 145
1118061.3.peg.790.site.8, 3, 145, 148
1118061.3.peg.790.site.9, 0, 147, 147
1118061.3.peg.790.site.10, 21, 145, 166
1118061.3.peg.790.site.11, 3, 147, 150
1118061.3.peg.790.site.12, 0, 149, 149
1118061.3.peg.790.site.13, 45, 149, 194
1118061.3.peg.790.site.14, 22, 150, 172
1118061.3.peg.790.site.15, 1, 141, 142
1118061.3.peg.790.site.16, 118, 137, 255
1118061.3.peg.790.site.17, 10, 140, 150
1118061.3.peg.790.site.18, 11, 147, 158
1118061.3.peg.790.site.19, 12, 148, 160
1118061.3.peg.790.site.20, 0, 149, 149
1118061.3.peg.790.site.21, 0, 147, 147
1118061.3.peg.790.site.22, 122, 145, 267
1118061.3.peg.790.site.23, 12, 144, 156
1118061.3.peg.790.site.24, 67, 150, 217
1118061.3.peg.790.site.25, 5, 149, 154
1118061.3.peg.790.site.26, 0, 148, 148
1118061.3.peg.790.site.27, 11, 149, 160
1118061.3.peg.790.site.28, 3, 146, 149
1118061.3.peg.790.site.29, 22, 150, 172
1118061.3.peg.790.site.30, 2, 150, 152
1118061.3.peg.790.site.31, 2, 150, 152
1118061.3.peg.790.site.32, 5, 150, 155
1118061.3.peg.790.site.33, 0, 150, 150
1118061.3.peg.790.site.34, 0, 150, 150
1118061.3.peg.790.site.35, 2, 138, 140
1118061.3.peg.790.site.36, 6, 133, 139
1118061.3.peg.790.site.37, 0, 139, 139
1118061.3.peg.790.site.38, 5, 148, 153
1118061.3.peg.790.site.39, 146, 146, 292
1118061.3.peg.790.site.40, 3, 148, 151
1118061.3.peg.790.site.41, 0, 150, 150
1118061.3.peg.790.site.42, 2, 148, 150
1118061.3.peg.791.site.1, 146, 150, 296
1118061.3.peg.792.site.1, 2, 139, 141
1118061.3.peg.792.site.2, 0, 129, 129
1118061.3.peg.792.site.3, 7, 101, 108
1118061.3.peg.792.site.4, 4, 89, 93
1118061.3.peg.792.site.5, 0, 127, 127
1118061.3.peg.792.site.6, 5, 118, 123
1118061.3.peg.792.site.7, 33, 135, 168
1118061.3.peg.792.site.8, 46, 135, 181
1118061.3.peg.792.site.9, 30, 135, 165
1118061.3.peg.792.site.10, 1, 121, 122
1118061.3.peg.792.site.11, 11, 117, 128
1118061.3.peg.792.site.12, 26, 117, 143
1118061.3.peg.792.site.13, 66, 142, 208
1118061.3.peg.792.site.14, 0, 142, 142
1118061.3.peg.792.site.15, 0, 141, 141
1118061.3.peg.792.site.16, 0, 131, 131
1118061.3.peg.792.site.17, 139, 139, 278
1118061.3.peg.792.site.18, 1, 122, 123
1118061.3.peg.792.site.19, 48, 106, 154
1118061.3.peg.792.site.20, 107, 107, 214
1118061.3.peg.792.site.21, 8, 103, 111
1118061.3.peg.792.site.22, 53, 110, 163
1118061.3.peg.792.site.23, 28, 100, 128
1118061.3.peg.792.site.24, 43, 82, 125
1118061.3.peg.792.site.25, 1, 88, 89
1118061.3.peg.793.site.1, 3, 135, 138
1118061.3.peg.793.site.2, 129, 129, 258
1118061.3.peg.793.site.3, 32, 139, 171
1118061.3.peg.793.site.4, 0, 135, 135
1118061.3.peg.793.site.5, 34, 147, 181
1118061.3.peg.793.site.6, 3, 148, 151
1118061.3.peg.793.site.7, 1, 116, 117
1118061.3.peg.793.site.8, 16, 134, 150
1118061.3.peg.793.site.9, 2, 137, 139
1118061.3.peg.794.site.1, 0, 148, 148
1118061.3.peg.794.site.2, 0, 142, 142
1118061.3.peg.794.site.3, 41, 142, 183
1118061.3.peg.794.site.4, 142, 144, 286
1118061.3.peg.794.site.5, 0, 140, 140
1118061.3.peg.794.site.6, 2, 142, 144
1118061.3.peg.794.site.7, 59, 146, 205
1118061.3.peg.794.site.8, 2, 144, 146
1118061.3.peg.794.site.9, 1, 148, 149
1118061.3.peg.794.site.10, 1, 147, 148
1118061.3.peg.794.site.11, 3, 144, 147
1118061.3.peg.794.site.12, 2, 146, 148
1118061.3.peg.794.site.13, 0, 149, 149
1118061.3.peg.794.site.14, 77, 147, 224
1118061.3.peg.794.site.15, 0, 150, 150
1118061.3.peg.794.site.16, 35, 149, 184
1118061.3.peg.794.site.17, 102, 149, 251
1118061.3.peg.794.site.18, 3, 150, 153
1118061.3.peg.794.site.19, 36, 149, 185
1118061.3.peg.794.site.20, 36, 149, 185
1118061.3.peg.794.site.21, 0, 150, 150
1118061.3.peg.794.site.22, 139, 149, 288
1118061.3.peg.794.site.23, 3, 150, 153
1118061.3.peg.794.site.24, 26, 149, 175
1118061.3.peg.794.site.25, 61, 149, 210
1118061.3.peg.794.site.26, 0, 149, 149
1118061.3.peg.794.site.27, 0, 149, 149
1118061.3.peg.794.site.28, 0, 150, 150
1118061.3.peg.794.site.29, 2, 140, 142
1118061.3.peg.794.site.30, 3, 142, 145
1118061.3.peg.794.site.31, 3, 142, 145
1118061.3.peg.794.site.32, 27, 139, 166
1118061.3.peg.794.site.33, 55, 139, 194
1118061.3.peg.794.site.34, 25, 57, 82
1118061.3.peg.794.site.35, 140, 140, 280
1118061.3.peg.794.site.36, 28, 141, 169
1118061.3.peg.794.site.37, 1, 145, 146
1118061.3.peg.794.site.38, 2, 144, 146
1118061.3.peg.794.site.39, 27, 143, 170
1118061.3.peg.794.site.40, 2, 144, 146
1118061.3.peg.794.site.41, 57, 145, 202
1118061.3.peg.794.site.42, 36, 142, 178
1118061.3.peg.794.site.43, 57, 142, 199
1118061.3.peg.794.site.44, 0, 148, 148
1118061.3.peg.795.site.1, 81, 105, 186
1118061.3.peg.795.site.2, 66, 105, 171
1118061.3.peg.795.site.3, 57, 112, 169
1118061.3.peg.795.site.4, 120, 130, 250
1118061.3.peg.795.site.5, 0, 130, 130
1118061.3.peg.795.site.6, 132, 133, 265
1118061.3.peg.795.site.7, 1, 103, 104
1118061.3.peg.795.site.8, 113, 113, 226
1118061.3.peg.795.site.9, 0, 105, 105
1118061.3.peg.795.site.10, 2, 147, 149
1118061.3.peg.796.site.1, 135, 147, 282
1118061.3.peg.796.site.2, 1, 137, 138
1118061.3.peg.796.site.3, 2, 137, 139
1118061.3.peg.796.site.4, 1, 148, 149
1118061.3.peg.797.site.1, 34, 144, 178
1118061.3.peg.797.site.2, 1, 94, 95
1118061.3.peg.797.site.3, 1, 112, 113
1118061.3.peg.797.site.4, 0, 123, 123
1118061.3.peg.797.site.5, 32, 150, 182
1118061.3.peg.797.site.6, 7, 150, 157
1118061.3.peg.797.site.7, 2, 150, 152
1118061.3.peg.797.site.8, 20, 150, 170
1118061.3.peg.797.site.9, 2, 150, 152
1118061.3.peg.797.site.10, 18, 149, 167
1118061.3.peg.797.site.11, 83, 149, 232
1118061.3.peg.797.site.12, 11, 148, 159
1118061.3.peg.797.site.13, 0, 145, 145
1118061.3.peg.797.site.14, 23, 150, 173
1118061.3.peg.797.site.15, 15, 150, 165
1118061.3.peg.797.site.16, 43, 150, 193
1118061.3.peg.797.site.17, 0, 147, 147
1118061.3.peg.797.site.18, 2, 149, 151
1118061.3.peg.797.site.19, 2, 149, 151
1118061.3.peg.797.site.20, 7, 150, 157
1118061.3.peg.797.site.21, 56, 150, 206
1118061.3.peg.797.site.22, 2, 150, 152
1118061.3.peg.797.site.23, 20, 150, 170
1118061.3.peg.797.site.24, 7, 146, 153
1118061.3.peg.797.site.25, 3, 148, 151
1118061.3.peg.797.site.26, 0, 144, 144
1118061.3.peg.797.site.27, 39, 146, 185
1118061.3.peg.797.site.28, 130, 148, 278
1118061.3.peg.797.site.29, 8, 144, 152
1118061.3.peg.797.site.30, 24, 146, 170
1118061.3.peg.797.site.31, 1, 124, 125
1118061.3.peg.797.site.32, 0, 107, 107
1118061.3.peg.797.site.33, 0, 110, 110
1118061.3.peg.797.site.34, 15, 131, 146
1118061.3.peg.797.site.35, 0, 147, 147
1118061.3.peg.797.site.36, 3, 144, 147
1118061.3.peg.797.site.37, 29, 136, 165
1118061.3.peg.797.site.38, 0, 142, 142
1118061.3.peg.797.site.39, 0, 130, 130
1118061.3.peg.797.site.40, 0, 87, 87
1118061.3.peg.797.site.41, 0, 103, 103
1118061.3.peg.798.site.1, 62, 148, 210
1118061.3.peg.798.site.2, 2, 146, 148
1118061.3.peg.798.site.3, 32, 144, 176
1118061.3.peg.798.site.4, 2, 150, 152
1118061.3.peg.798.site.5, 5, 149, 154
1118061.3.peg.798.site.6, 27, 149, 176
1118061.3.peg.798.site.7, 95, 145, 240
1118061.3.peg.798.site.8, 16, 147, 163
1118061.3.peg.798.site.9, 29, 149, 178
1118061.3.peg.798.site.10, 0, 149, 149
1118061.3.peg.798.site.11, 125, 150, 275
1118061.3.peg.798.site.12, 150, 150, 300
1118061.3.peg.798.site.13, 9, 147, 156
1118061.3.peg.798.site.14, 0, 149, 149
1118061.3.peg.798.site.15, 2, 150, 152
1118061.3.peg.798.site.16, 2, 150, 152
1118061.3.peg.798.site.17, 119, 150, 269
1118061.3.peg.798.site.18, 1, 145, 146
1118061.3.peg.798.site.19, 81, 144, 225
1118061.3.peg.798.site.20, 145, 145, 290
1118061.3.peg.798.site.21, 77, 140, 217
1118061.3.peg.798.site.22, 2, 147, 149
1118061.3.peg.798.site.23, 2, 148, 150
1118061.3.peg.798.site.24, 17, 145, 162
1118061.3.peg.799.site.1, 121, 121, 242
1118061.3.peg.799.site.2, 25, 143, 168
1118061.3.peg.799.site.3, 0, 144, 144
1118061.3.peg.799.site.4, 35, 143, 178
1118061.3.peg.799.site.5, 2, 149, 151
1118061.3.peg.799.site.6, 148, 148, 296
1118061.3.peg.799.site.7, 46, 150, 196
1118061.3.peg.799.site.8, 0, 149, 149
1118061.3.peg.799.site.9, 12, 149, 161
1118061.3.peg.799.site.10, 68, 150, 218
1118061.3.peg.799.site.11, 0, 150, 150
1118061.3.peg.2267.site.1, 74, 146, 220
1118061.3.peg.2267.site.2, 41, 105, 146
1118061.3.peg.2266.site.1, 64, 141, 205
1118061.3.peg.2266.site.2, 2, 118, 120
1118061.3.peg.2266.site.3, 5, 130, 135
1118061.3.peg.2266.site.4, 7, 131, 138
1118061.3.peg.2266.site.5, 4, 134, 138
1118061.3.peg.2266.site.6, 20, 118, 138
1118061.3.peg.2266.site.7, 2, 65, 67
1118061.3.peg.2266.site.8, 0, 41, 41
1118061.3.peg.2266.site.9, 3, 84, 87
1118061.3.peg.2266.site.10, 2, 139, 141
1118061.3.peg.2266.site.11, 1, 136, 137
1118061.3.peg.2266.site.12, 13, 131, 144
1118061.3.peg.2266.site.13, 1, 128, 129
1118061.3.peg.2266.site.14, 0, 132, 132
1118061.3.peg.2266.site.15, 130, 139, 269
1118061.3.peg.2266.site.16, 1, 140, 141
1118061.3.peg.2265.site.1, 1, 129, 130
1118061.3.peg.2265.site.2, 0, 135, 135
1118061.3.peg.2265.site.3, 0, 143, 143
1118061.3.peg.2265.site.4, 32, 146, 178
1118061.3.peg.2265.site.5, 2, 137, 139
1118061.3.peg.2265.site.6, 1, 134, 135
1118061.3.peg.2265.site.7, 54, 138, 192
1118061.3.peg.2265.site.8, 2, 144, 146
1118061.3.peg.2265.site.9, 10, 139, 149
1118061.3.peg.2265.site.10, 2, 150, 152
1118061.3.peg.2265.site.11, 108, 148, 256
1118061.3.peg.2265.site.12, 26, 149, 175
1118061.3.peg.2265.site.13, 15, 149, 164
1118061.3.peg.2265.site.14, 107, 150, 257
1118061.3.peg.2265.site.15, 2, 149, 151
1118061.3.peg.2265.site.16, 6, 144, 150
1118061.3.peg.2265.site.17, 0, 149, 149
1118061.3.peg.2265.site.18, 59, 147, 206
1118061.3.peg.2265.site.19, 0, 147, 147
1118061.3.peg.2265.site.20, 0, 142, 142
1118061.3.peg.2265.site.21, 44, 144, 188
1118061.3.peg.2265.site.22, 0, 148, 148
1118061.3.peg.2265.site.23, 2, 148, 150
1118061.3.peg.2265.site.24, 4, 149, 153
1118061.3.peg.2265.site.25, 51, 147, 198
1118061.3.peg.2265.site.26, 8, 149, 157
1118061.3.peg.2265.site.27, 76, 145, 221
1118061.3.peg.2265.site.28, 31, 149, 180
1118061.3.peg.2265.site.29, 3, 150, 153
1118061.3.peg.2265.site.30, 9, 150, 159
1118061.3.peg.2265.site.31, 3, 150, 153
1118061.3.peg.2265.site.32, 31, 148, 179
1118061.3.peg.2265.site.33, 3, 143, 146
1118061.3.peg.2265.site.34, 46, 150, 196
1118061.3.peg.2265.site.35, 21, 149, 170
1118061.3.peg.2265.site.36, 4, 146, 150
1118061.3.peg.2265.site.37, 2, 147, 149
1118061.3.peg.2265.site.38, 128, 149, 277
1118061.3.peg.2265.site.39, 0, 149, 149
1118061.3.peg.2265.site.40, 67, 150, 217
1118061.3.peg.2265.site.41, 3, 150, 153
1118061.3.peg.2265.site.42, 129, 150, 279
1118061.3.peg.2265.site.43, 0, 149, 149
1118061.3.peg.2265.site.44, 2, 150, 152
1118061.3.peg.2264.site.1, 142, 142, 284
1118061.3.peg.2264.site.2, 32, 149, 181
1118061.3.peg.2264.site.3, 115, 147, 262
1118061.3.peg.2264.site.4, 0, 150, 150
1118061.3.peg.2264.site.5, 109, 148, 257
1118061.3.peg.2264.site.6, 3, 149, 152
1118061.3.peg.2264.site.7, 36, 148, 184
1118061.3.peg.2264.site.8, 36, 146, 182
1118061.3.peg.2264.site.9, 1, 148, 149
1118061.3.peg.2264.site.10, 1, 148, 149
1118061.3.peg.2263.site.1, 44, 135, 179
1118061.3.peg.2263.site.2, 92, 145, 237
1118061.3.peg.2263.site.3, 1, 145, 146
1118061.3.peg.2263.site.4, 105, 147, 252
1118061.3.peg.2263.site.5, 6, 146, 152
1118061.3.peg.2263.site.6, 2, 144, 146
1118061.3.peg.2263.site.7, 22, 146, 168
1118061.3.peg.2263.site.8, 13, 146, 159
1118061.3.peg.2263.site.9, 2, 147, 149
1118061.3.peg.2263.site.10, 13, 133, 146
1118061.3.peg.2263.site.11, 0, 138, 138
1118061.3.peg.2262.site.1, 80, 144, 224
1118061.3.peg.2262.site.2, 11, 145, 156
1118061.3.peg.2262.site.3, 63, 134, 197
1118061.3.peg.2262.site.4, 82, 140, 222
1118061.3.peg.2262.site.5, 30, 140, 170
1118061.3.peg.2262.site.6, 1, 134, 135
1118061.3.peg.2262.site.7, 30, 150, 180
1118061.3.peg.2262.site.8, 12, 150, 162
1118061.3.peg.2262.site.9, 1, 149, 150
1118061.3.peg.2262.site.10, 2, 148, 150
1118061.3.peg.2262.site.11, 0, 146, 146
1118061.3.peg.2262.site.12, 149, 149, 298
1118061.3.peg.2262.site.13, 122, 134, 256
1118061.3.peg.2262.site.14, 30, 142, 172
1118061.3.peg.2262.site.15, 43, 145, 188
1118061.3.peg.2262.site.16, 3, 149, 152
1118061.3.peg.2262.site.17, 1, 149, 150
1118061.3.peg.2262.site.18, 13, 146, 159
1118061.3.peg.2262.site.19, 15, 140, 155
1118061.3.peg.2262.site.20, 3, 148, 151
1118061.3.peg.2261.site.1, 1, 128, 129
1118061.3.peg.2261.site.2, 12, 125, 137
1118061.3.peg.2261.site.3, 1, 146, 147
1118061.3.peg.2261.site.4, 0, 143, 143
1118061.3.peg.2261.site.5, 78, 143, 221
1118061.3.peg.2261.site.6, 3, 148, 151
1118061.3.peg.2261.site.7, 0, 144, 144
1118061.3.peg.2261.site.8, 1, 146, 147
1118061.3.peg.2261.site.9, 117, 148, 265
1118061.3.peg.2261.site.10, 50, 149, 199
1118061.3.peg.1245.site.1, 66, 148, 214
1118061.3.peg.1245.site.2, 143, 148, 291
1118061.3.peg.2269.site.1, 37, 114, 151
1118061.3.peg.2269.site.2, 47, 115, 162
1118061.3.peg.2269.site.3, 6, 80, 86
1118061.3.peg.2269.site.4, 4, 80, 84
1118061.3.peg.2269.site.5, 76, 119, 195
1118061.3.peg.2269.site.6, 18, 124, 142
1118061.3.peg.2269.site.7, 17, 92, 109
1118061.3.peg.2269.site.8, 74, 97, 171
1118061.3.peg.2269.site.9, 18, 90, 108
1118061.3.peg.2269.site.10, 14, 96, 110
1118061.3.peg.2269.site.11, 0, 141, 141
1118061.3.peg.2269.site.12, 30, 131, 161
1118061.3.peg.2269.site.13, 33, 105, 138
1118061.3.peg.2269.site.14, 33, 120, 153
1118061.3.peg.2269.site.15, 0, 146, 146
1118061.3.peg.2269.site.16, 10, 147, 157
1118061.3.peg.2269.site.17, 20, 148, 168
1118061.3.peg.2269.site.18, 13, 146, 159
1118061.3.peg.2269.site.19, 145, 150, 295
1118061.3.peg.2269.site.20, 5, 150, 155
1118061.3.peg.2269.site.21, 36, 148, 184
1118061.3.peg.2268.site.1, 0, 145, 145
1118061.3.peg.2268.site.2, 4, 117, 121
1118061.3.peg.2268.site.3, 38, 124, 162
1118061.3.peg.2268.site.4, 122, 124, 246
1118061.3.peg.2268.site.5, 63, 133, 196
1118061.3.peg.2268.site.6, 1, 150, 151
1118061.3.peg.2268.site.7, 2, 149, 151
1118061.3.peg.2268.site.8, 16, 141, 157
1118061.3.peg.2268.site.9, 4, 150, 154
1118061.3.peg.2268.site.10, 3, 150, 153
1118061.3.peg.2268.site.11, 0, 150, 150
1118061.3.peg.2268.site.12, 0, 149, 149
1118061.3.peg.1178.site.1, 4, 147, 151
1118061.3.peg.1178.site.2, 147, 147, 294
1118061.3.peg.1178.site.3, 0, 132, 132
1118061.3.peg.1178.site.4, 105, 140, 245
1118061.3.peg.1178.site.5, 3, 143, 146
1118061.3.peg.1178.site.6, 20, 148, 168
1118061.3.peg.1178.site.7, 1, 147, 148
1118061.3.peg.1178.site.8, 31, 142, 173
1118061.3.peg.1178.site.9, 38, 143, 181
1118061.3.peg.1178.site.10, 2, 143, 145
1118061.3.peg.1178.site.11, 45, 139, 184
1118061.3.peg.1178.site.12, 2, 142, 144
1118061.3.peg.1178.site.13, 2, 146, 148
1118061.3.peg.1178.site.14, 1, 147, 148
1118061.3.peg.1179.site.1, 67, 144, 211
1118061.3.peg.1179.site.2, 1, 146, 147
1118061.3.peg.1179.site.3, 41, 149, 190
1118061.3.peg.1179.site.4, 4, 148, 152
1118061.3.peg.1179.site.5, 1, 120, 121
1118061.3.peg.1179.site.6, 1, 140, 141
1118061.3.peg.1179.site.7, 0, 140, 140
1118061.3.peg.1179.site.8, 10, 137, 147
1118061.3.peg.1179.site.9, 3, 133, 136
1118061.3.peg.1179.site.10, 0, 115, 115
1118061.3.peg.1179.site.11, 3, 128, 131
1118061.3.peg.1179.site.12, 78, 137, 215
1118061.3.peg.1179.site.13, 0, 137, 137
1118061.3.peg.1179.site.14, 0, 130, 130
1118061.3.peg.1179.site.15, 22, 128, 150
1118061.3.peg.1179.site.16, 35, 127, 162
1118061.3.peg.1179.site.17, 1, 150, 151
1118061.3.peg.1179.site.18, 3, 149, 152
1118061.3.peg.1179.site.19, 0, 148, 148
1118061.3.peg.1179.site.20, 4, 146, 150
1118061.3.peg.1176.site.1, 0, 145, 145
1118061.3.peg.1176.site.2, 0, 136, 136
1118061.3.peg.1176.site.3, 1, 135, 136
1118061.3.peg.1176.site.4, 4, 136, 140
1118061.3.peg.1176.site.5, 21, 130, 151
1118061.3.peg.1176.site.6, 9, 118, 127
1118061.3.peg.1176.site.7, 21, 120, 141
1118061.3.peg.1176.site.8, 12, 125, 137
1118061.3.peg.1176.site.9, 2, 124, 126
1118061.3.peg.1176.site.10, 20, 121, 141
1118061.3.peg.1176.site.11, 10, 105, 115
1118061.3.peg.1176.site.12, 3, 109, 112
1118061.3.peg.1176.site.13, 65, 118, 183
1118061.3.peg.1176.site.14, 12, 120, 132
1118061.3.peg.1176.site.15, 1, 120, 121
1118061.3.peg.1176.site.16, 7, 123, 130
1118061.3.peg.1176.site.17, 6, 121, 127
1118061.3.peg.1176.site.18, 89, 97, 186
1118061.3.peg.1176.site.19, 92, 98, 190
1118061.3.peg.1176.site.20, 0, 99, 99
1118061.3.peg.1176.site.21, 7, 140, 147
1118061.3.peg.1176.site.22, 5, 114, 119
1118061.3.peg.1177.site.1, 52, 148, 200
1118061.3.peg.1177.site.2, 86, 134, 220
1118061.3.peg.1177.site.3, 28, 143, 171
1118061.3.peg.1177.site.4, 73, 147, 220
1118061.3.peg.1177.site.5, 44, 73, 117
1118061.3.peg.1177.site.6, 3, 75, 78
1118061.3.peg.1177.site.7, 83, 83, 166
1118061.3.peg.1177.site.8, 0, 115, 115
1118061.3.peg.1177.site.9, 0, 147, 147
1118061.3.peg.1177.site.10, 0, 150, 150
1118061.3.peg.1177.site.11, 14, 145, 159
1118061.3.peg.1177.site.12, 3, 147, 150
1118061.3.peg.1177.site.13, 0, 149, 149
1118061.3.peg.1177.site.14, 1, 147, 148
1118061.3.peg.1177.site.15, 91, 147, 238
1118061.3.peg.1177.site.16, 2, 147, 149
1118061.3.peg.1177.site.17, 1, 149, 150
1118061.3.peg.1177.site.18, 25, 149, 174
1118061.3.peg.1177.site.19, 37, 148, 185
1118061.3.peg.1177.site.20, 27, 142, 169
1118061.3.peg.1177.site.21, 0, 144, 144
1118061.3.peg.1177.site.22, 1, 147, 148
1118061.3.peg.1177.site.23, 10, 146, 156
1118061.3.peg.1177.site.24, 0, 146, 146
1118061.3.peg.1177.site.25, 110, 140, 250
1118061.3.peg.1177.site.26, 117, 117, 234
1118061.3.peg.1177.site.27, 1, 111, 112
1118061.3.peg.1177.site.28, 0, 109, 109
1118061.3.peg.1177.site.29, 0, 113, 113
1118061.3.peg.1177.site.30, 20, 134, 154
1118061.3.peg.1177.site.31, 93, 138, 231
1118061.3.peg.1177.site.32, 0, 113, 113
1118061.3.peg.1177.site.33, 77, 140, 217
1118061.3.peg.1177.site.34, 38, 141, 179
1118061.3.peg.1177.site.35, 5, 137, 142
1118061.3.peg.1177.site.36, 33, 132, 165
1118061.3.peg.1174.site.1, 1, 149, 150
1118061.3.peg.1174.site.2, 15, 150, 165
1118061.3.peg.1174.site.3, 2, 146, 148
1118061.3.peg.1174.site.4, 1, 148, 149
1118061.3.peg.1174.site.5, 20, 149, 169
1118061.3.peg.1174.site.6, 122, 143, 265
1118061.3.peg.1174.site.7, 76, 137, 213
1118061.3.peg.1174.site.8, 7, 135, 142
1118061.3.peg.1174.site.9, 3, 141, 144
1118061.3.peg.1174.site.10, 3, 144, 147
1118061.3.peg.1174.site.11, 2, 144, 146
1118061.3.peg.1174.site.12, 8, 141, 149
1118061.3.peg.1174.site.13, 0, 143, 143
1118061.3.peg.1174.site.14, 3, 144, 147
1118061.3.peg.1174.site.15, 73, 145, 218
1118061.3.peg.1174.site.16, 1, 143, 144
1118061.3.peg.1174.site.17, 62, 140, 202
1118061.3.peg.1174.site.18, 14, 138, 152
1118061.3.peg.1174.site.19, 14, 134, 148
1118061.3.peg.1174.site.20, 37, 137, 174
1118061.3.peg.1174.site.21, 2, 140, 142
1118061.3.peg.1174.site.22, 0, 132, 132
1118061.3.peg.1174.site.23, 147, 147, 294
1118061.3.peg.1174.site.24, 50, 146, 196
1118061.3.peg.1174.site.25, 12, 149, 161
1118061.3.peg.1174.site.26, 0, 149, 149
1118061.3.peg.1174.site.27, 2, 150, 152
1118061.3.peg.1174.site.28, 3, 150, 153
1118061.3.peg.1174.site.29, 3, 148, 151
1118061.3.peg.1174.site.30, 0, 150, 150
1118061.3.peg.1174.site.31, 142, 150, 292
1118061.3.peg.1174.site.32, 0, 149, 149
1118061.3.peg.1174.site.33, 1, 149, 150
1118061.3.peg.1174.site.34, 15, 140, 155
1118061.3.peg.1174.site.35, 110, 136, 246
1118061.3.peg.1174.site.36, 2, 141, 143
1118061.3.peg.1174.site.37, 8, 138, 146
1118061.3.peg.1174.site.38, 115, 137, 252
1118061.3.peg.1174.site.39, 89, 98, 187
1118061.3.peg.1174.site.40, 11, 117, 128
1118061.3.peg.1174.site.41, 5, 116, 121
1118061.3.peg.1174.site.42, 0, 112, 112
1118061.3.peg.1174.site.43, 10, 131, 141
1118061.3.peg.1174.site.44, 35, 143, 178
1118061.3.peg.1174.site.45, 0, 147, 147
1118061.3.peg.1174.site.46, 50, 140, 190
1118061.3.peg.1174.site.47, 2, 144, 146
1118061.3.peg.1174.site.48, 147, 149, 296
1118061.3.peg.1175.site.1, 0, 147, 147
1118061.3.peg.1175.site.2, 2, 146, 148
1118061.3.peg.1175.site.3, 18, 146, 164
1118061.3.peg.1175.site.4, 28, 146, 174
1118061.3.peg.1175.site.5, 2, 130, 132
1118061.3.peg.1175.site.6, 24, 148, 172
1118061.3.peg.1175.site.7, 9, 149, 158
1118061.3.peg.1175.site.8, 1, 143, 144
1118061.3.peg.1172.site.1, 0, 138, 138
1118061.3.peg.1172.site.2, 102, 130, 232
1118061.3.peg.1172.site.3, 120, 128, 248
1118061.3.peg.1172.site.4, 95, 119, 214
1118061.3.peg.1172.site.5, 3, 137, 140
1118061.3.peg.1172.site.6, 1, 137, 138
1118061.3.peg.1172.site.7, 40, 134, 174
1118061.3.peg.1172.site.8, 137, 140, 277
1118061.3.peg.1172.site.9, 67, 132, 199
1118061.3.peg.1172.site.10, 26, 142, 168
1118061.3.peg.1172.site.11, 25, 139, 164
1118061.3.peg.1173.site.1, 66, 149, 215
1118061.3.peg.1173.site.2, 148, 150, 298
1118061.3.peg.1173.site.3, 0, 147, 147
1118061.3.peg.1173.site.4, 1, 142, 143
1118061.3.peg.1173.site.5, 150, 150, 300
1118061.3.peg.1173.site.6, 45, 147, 192
1118061.3.peg.1173.site.7, 4, 138, 142
1118061.3.peg.1173.site.8, 62, 131, 193
1118061.3.peg.1173.site.9, 3, 145, 148
1118061.3.peg.1173.site.10, 2, 150, 152
1118061.3.peg.1173.site.11, 4, 150, 154
1118061.3.peg.1173.site.12, 2, 149, 151
1118061.3.peg.1173.site.13, 83, 148, 231
1118061.3.peg.1173.site.14, 31, 123, 154
1118061.3.peg.1173.site.15, 0, 121, 121
1118061.3.peg.1173.site.16, 0, 149, 149
1118061.3.peg.1173.site.17, 3, 150, 153
1118061.3.peg.1173.site.18, 0, 146, 146
1118061.3.peg.1173.site.19, 0, 140, 140
1118061.3.peg.1170.site.1, 5, 145, 150
1118061.3.peg.1170.site.2, 2, 134, 136
1118061.3.peg.1170.site.3, 9, 146, 155
1118061.3.peg.1170.site.4, 5, 126, 131
1118061.3.peg.1170.site.5, 1, 136, 137
1118061.3.peg.1170.site.6, 1, 144, 145
1118061.3.peg.1170.site.7, 0, 124, 124
1118061.3.peg.1170.site.8, 2, 133, 135
1118061.3.peg.1170.site.9, 0, 143, 143
1118061.3.peg.1170.site.10, 137, 141, 278
1118061.3.peg.1170.site.11, 14, 145, 159
1118061.3.peg.1170.site.12, 2, 143, 145
1118061.3.peg.1170.site.13, 3, 139, 142
1118061.3.peg.1170.site.14, 0, 147, 147
1118061.3.peg.1170.site.15, 7, 128, 135
1118061.3.peg.1170.site.16, 0, 150, 150
1118061.3.peg.1170.site.17, 139, 149, 288
1118061.3.peg.1170.site.18, 142, 150, 292
1118061.3.peg.1171.site.1, 0, 146, 146
1118061.3.peg.220.site.1, 0, 150, 150
1118061.3.peg.220.site.2, 26, 147, 173
1118061.3.peg.220.site.3, 1, 150, 151
1118061.3.peg.220.site.4, 0, 145, 145
1118061.3.peg.220.site.5, 1, 149, 150
1118061.3.peg.221.site.1, 3, 150, 153
1118061.3.peg.221.site.2, 22, 149, 171
1118061.3.peg.221.site.3, 18, 149, 167
1118061.3.peg.221.site.4, 149, 149, 298
1118061.3.peg.221.site.5, 22, 146, 168
1118061.3.peg.221.site.6, 19, 149, 168
1118061.3.peg.221.site.7, 111, 147, 258
1118061.3.peg.221.site.8, 3, 147, 150
1118061.3.peg.221.site.9, 18, 149, 167
1118061.3.peg.221.site.10, 74, 150, 224
1118061.3.peg.222.site.1, 6, 21, 27
1118061.3.peg.222.site.2, 2, 145, 147
1118061.3.peg.222.site.3, 95, 150, 245
1118061.3.peg.222.site.4, 12, 149, 161
1118061.3.peg.222.site.5, 0, 150, 150
1118061.3.peg.222.site.6, 21, 150, 171
1118061.3.peg.222.site.7, 111, 149, 260
1118061.3.peg.222.site.8, 0, 150, 150
1118061.3.peg.222.site.9, 60, 149, 209
1118061.3.peg.222.site.10, 17, 148, 165
1118061.3.peg.222.site.11, 60, 148, 208
1118061.3.peg.222.site.12, 24, 149, 173
1118061.3.peg.222.site.13, 21, 149, 170
1118061.3.peg.222.site.14, 12, 149, 161
1118061.3.peg.222.site.15, 83, 150, 233
1118061.3.peg.222.site.16, 0, 150, 150
1118061.3.peg.222.site.17, 6, 148, 154
1118061.3.peg.222.site.18, 138, 142, 280
1118061.3.peg.222.site.19, 0, 143, 143
1118061.3.peg.222.site.20, 16, 138, 154
1118061.3.peg.222.site.21, 0, 142, 142
1118061.3.peg.222.site.22, 1, 145, 146
1118061.3.peg.222.site.23, 1, 128, 129
1118061.3.peg.222.site.24, 0, 145, 145
1118061.3.peg.222.site.25, 17, 126, 143
1118061.3.peg.222.site.26, 0, 145, 145
1118061.3.peg.222.site.27, 47, 148, 195
1118061.3.peg.222.site.28, 18, 148, 166
1118061.3.peg.224.site.1, 0, 126, 126
1118061.3.peg.224.site.2, 53, 128, 181
1118061.3.peg.224.site.3, 18, 136, 154
1118061.3.peg.224.site.4, 19, 148, 167
1118061.3.peg.224.site.5, 0, 145, 145
1118061.3.peg.225.site.1, 1, 149, 150
1118061.3.peg.225.site.2, 12, 149, 161
1118061.3.peg.225.site.3, 0, 147, 147
1118061.3.peg.225.site.4, 3, 149, 152
1118061.3.peg.225.site.5, 13, 148, 161
1118061.3.peg.225.site.6, 38, 148, 186
1118061.3.peg.225.site.7, 2, 149, 151
1118061.3.peg.225.site.8, 2, 150, 152
1118061.3.peg.225.site.9, 2, 149, 151
1118061.3.peg.225.site.10, 12, 133, 145
1118061.3.peg.225.site.11, 1, 127, 128
1118061.3.peg.225.site.12, 123, 123, 246
1118061.3.peg.225.site.13, 11, 125, 136
1118061.3.peg.225.site.14, 13, 127, 140
1118061.3.peg.226.site.1, 1, 127, 128
1118061.3.peg.226.site.2, 2, 117, 119
1118061.3.peg.226.site.3, 1, 131, 132
1118061.3.peg.226.site.4, 22, 135, 157
1118061.3.peg.226.site.5, 51, 141, 192
1118061.3.peg.226.site.6, 4, 139, 143
1118061.3.peg.226.site.7, 20, 133, 153
1118061.3.peg.226.site.8, 9, 136, 145
1118061.3.peg.226.site.9, 16, 142, 158
1118061.3.peg.226.site.10, 144, 144, 288
1118061.3.peg.226.site.11, 0, 145, 145
1118061.3.peg.226.site.12, 2, 145, 147
1118061.3.peg.226.site.13, 0, 145, 145
1118061.3.peg.226.site.14, 9, 144, 153
1118061.3.peg.226.site.15, 139, 148, 287
1118061.3.peg.226.site.16, 4, 147, 151
1118061.3.peg.226.site.17, 3, 146, 149
1118061.3.peg.226.site.18, 11, 148, 159
1118061.3.peg.226.site.19, 0, 148, 148
1118061.3.peg.226.site.20, 24, 131, 155
1118061.3.peg.227.site.1, 2, 144, 146
1118061.3.peg.227.site.2, 14, 141, 155
1118061.3.peg.227.site.3, 0, 142, 142
1118061.3.peg.227.site.4, 80, 125, 205
1118061.3.peg.227.site.5, 7, 147, 154
1118061.3.peg.227.site.6, 4, 149, 153
1118061.3.peg.228.site.1, 3, 149, 152
1118061.3.peg.228.site.2, 4, 146, 150
1118061.3.peg.228.site.3, 5, 147, 152
1118061.3.peg.228.site.4, 0, 150, 150
1118061.3.peg.228.site.5, 0, 148, 148
1118061.3.peg.228.site.6, 5, 147, 152
1118061.3.peg.228.site.7, 1, 150, 151
1118061.3.peg.228.site.8, 24, 146, 170
1118061.3.peg.228.site.9, 4, 143, 147
1118061.3.peg.228.site.10, 42, 139, 181
1118061.3.peg.228.site.11, 38, 144, 182
1118061.3.peg.228.site.12, 3, 140, 143
1118061.3.peg.228.site.13, 13, 142, 155
1118061.3.peg.228.site.14, 0, 141, 141
1118061.3.peg.228.site.15, 1, 137, 138
1118061.3.peg.228.site.16, 96, 140, 236
1118061.3.peg.228.site.17, 111, 146, 257
1118061.3.peg.228.site.18, 1, 150, 151
1118061.3.peg.228.site.19, 139, 149, 288
1118061.3.peg.228.site.20, 2, 143, 145
1118061.3.peg.228.site.21, 9, 148, 157
1118061.3.peg.228.site.22, 1, 149, 150
1118061.3.peg.229.site.1, 88, 150, 238
1118061.3.peg.229.site.2, 25, 150, 175
1118061.3.peg.229.site.3, 3, 149, 152
1118061.3.peg.229.site.4, 0, 150, 150
1118061.3.peg.229.site.5, 66, 150, 216
1118061.3.peg.229.site.6, 9, 149, 158
1118061.3.peg.229.site.7, 10, 147, 157
1118061.3.peg.229.site.8, 0, 149, 149
1118061.3.peg.229.site.9, 1, 146, 147
1118061.3.peg.229.site.10, 0, 148, 148
1118061.3.peg.229.site.11, 2, 149, 151
1118061.3.peg.229.site.12, 0, 150, 150
1118061.3.peg.229.site.13, 3, 150, 153
1118061.3.peg.229.site.14, 0, 147, 147
1118061.3.peg.229.site.15, 2, 148, 150
1118061.3.peg.229.site.16, 7, 145, 152
1118061.3.peg.229.site.17, 1, 149, 150
1118061.3.peg.229.site.18, 2, 149, 151
1118061.3.peg.229.site.19, 4, 149, 153
1118061.3.peg.229.site.20, 2, 150, 152
1118061.3.peg.2376.site.1, 1, 144, 145
1118061.3.peg.2376.site.2, 105, 145, 250
1118061.3.peg.2376.site.3, 0, 150, 150
1118061.3.peg.2376.site.4, 56, 150, 206
1118061.3.peg.2376.site.5, 4, 149, 153
1118061.3.peg.2376.site.6, 5, 149, 154
1118061.3.peg.2376.site.7, 1, 150, 151
1118061.3.peg.2376.site.8, 1, 148, 149
1118061.3.peg.2376.site.9, 3, 149, 152
1118061.3.peg.1002.site.1, 133, 150, 283
1118061.3.peg.1002.site.2, 0, 149, 149
1118061.3.peg.1002.site.3, 1, 148, 149
1118061.3.peg.1002.site.4, 1, 150, 151
1118061.3.peg.1002.site.5, 61, 150, 211
1118061.3.peg.1002.site.6, 0, 148, 148
1118061.3.peg.1002.site.7, 1, 150, 151
1118061.3.peg.1002.site.8, 15, 150, 165
1118061.3.peg.1002.site.9, 3, 130, 133
1118061.3.peg.1002.site.10, 12, 144, 156
1118061.3.peg.1002.site.11, 1, 146, 147
1118061.3.peg.1002.site.12, 0, 137, 137
1118061.3.peg.643.site.1, 1, 149, 150
1118061.3.peg.643.site.2, 34, 149, 183
1118061.3.peg.643.site.3, 12, 147, 159
1118061.3.peg.643.site.4, 2, 149, 151
1118061.3.peg.643.site.5, 27, 142, 169
1118061.3.peg.643.site.6, 26, 119, 145
1118061.3.peg.643.site.7, 20, 150, 170
1118061.3.peg.643.site.8, 1, 150, 151
1118061.3.peg.643.site.9, 1, 150, 151
1118061.3.peg.643.site.10, 78, 145, 223
1118061.3.peg.643.site.11, 3, 125, 128
1118061.3.peg.643.site.12, 4, 128, 132
1118061.3.peg.643.site.13, 1, 126, 127
1118061.3.peg.640.site.1, 65, 147, 212
1118061.3.peg.640.site.2, 0, 149, 149
1118061.3.peg.640.site.3, 51, 146, 197
1118061.3.peg.640.site.4, 49, 149, 198
1118061.3.peg.640.site.5, 2, 149, 151
1118061.3.peg.640.site.6, 92, 149, 241
1118061.3.peg.640.site.7, 54, 147, 201
1118061.3.peg.640.site.8, 56, 148, 204
1118061.3.peg.640.site.9, 0, 150, 150
1118061.3.peg.640.site.10, 0, 148, 148
1118061.3.peg.640.site.11, 136, 136, 272
1118061.3.peg.640.site.12, 143, 143, 286
1118061.3.peg.640.site.13, 24, 140, 164
1118061.3.peg.640.site.14, 14, 150, 164
1118061.3.peg.640.site.15, 4, 150, 154
1118061.3.peg.640.site.16, 30, 146, 176
1118061.3.peg.640.site.17, 97, 148, 245
1118061.3.peg.640.site.18, 1, 145, 146
1118061.3.peg.640.site.19, 3, 149, 152
1118061.3.peg.641.site.1, 3, 144, 147
1118061.3.peg.641.site.2, 1, 145, 146
1118061.3.peg.641.site.3, 0, 144, 144
1118061.3.peg.641.site.4, 2, 142, 144
1118061.3.peg.641.site.5, 2, 147, 149
1118061.3.peg.641.site.6, 0, 144, 144
1118061.3.peg.641.site.7, 4, 143, 147
1118061.3.peg.641.site.8, 8, 141, 149
1118061.3.peg.641.site.9, 5, 144, 149
1118061.3.peg.641.site.10, 3, 145, 148
1118061.3.peg.641.site.11, 95, 140, 235
1118061.3.peg.641.site.12, 5, 149, 154
1118061.3.peg.641.site.13, 0, 150, 150
1118061.3.peg.641.site.14, 4, 149, 153
1118061.3.peg.646.site.1, 3, 149, 152
1118061.3.peg.646.site.2, 0, 149, 149
1118061.3.peg.646.site.3, 126, 147, 273
1118061.3.peg.646.site.4, 16, 150, 166
1118061.3.peg.646.site.5, 113, 147, 260
1118061.3.peg.646.site.6, 4, 147, 151
1118061.3.peg.646.site.7, 1, 149, 150
1118061.3.peg.646.site.8, 2, 148, 150
1118061.3.peg.646.site.9, 4, 149, 153
1118061.3.peg.646.site.10, 0, 149, 149
1118061.3.peg.646.site.11, 0, 149, 149
1118061.3.peg.646.site.12, 3, 150, 153
1118061.3.peg.646.site.13, 59, 149, 208
1118061.3.peg.646.site.14, 62, 143, 205
1118061.3.peg.646.site.15, 2, 141, 143
1118061.3.peg.646.site.16, 2, 150, 152
1118061.3.peg.646.site.17, 0, 150, 150
1118061.3.peg.646.site.18, 43, 150, 193
1118061.3.peg.646.site.19, 0, 149, 149
1118061.3.peg.646.site.20, 78, 148, 226
1118061.3.peg.646.site.21, 4, 150, 154
1118061.3.peg.311.site.1, 20, 137, 157
1118061.3.peg.311.site.2, 10, 135, 145
1118061.3.peg.311.site.3, 24, 134, 158
1118061.3.peg.311.site.4, 1, 136, 137
1118061.3.peg.311.site.5, 9, 114, 123
1118061.3.peg.311.site.6, 12, 107, 119
1118061.3.peg.311.site.7, 4, 101, 105
1118061.3.peg.311.site.8, 99, 113, 212
1118061.3.peg.311.site.9, 12, 118, 130
1118061.3.peg.311.site.10, 2, 110, 112
1118061.3.peg.311.site.11, 2, 147, 149
1118061.3.peg.311.site.12, 1, 143, 144
1118061.3.peg.311.site.13, 1, 150, 151
1118061.3.peg.311.site.14, 1, 150, 151
1118061.3.peg.311.site.15, 12, 146, 158
1118061.3.peg.311.site.16, 39, 147, 186
1118061.3.peg.311.site.17, 17, 146, 163
1118061.3.peg.311.site.18, 88, 143, 231
1118061.3.peg.311.site.19, 11, 139, 150
1118061.3.peg.311.site.20, 84, 111, 195
1118061.3.peg.311.site.21, 1, 121, 122
1118061.3.peg.311.site.22, 1, 113, 114
1118061.3.peg.311.site.23, 3, 146, 149
1118061.3.peg.311.site.24, 48, 146, 194
1118061.3.peg.311.site.25, 1, 146, 147
1118061.3.peg.311.site.26, 113, 147, 260
1118061.3.peg.311.site.27, 32, 149, 181
1118061.3.peg.311.site.28, 1, 149, 150
1118061.3.peg.311.site.29, 10, 140, 150
1118061.3.peg.311.site.30, 65, 130, 195
1118061.3.peg.311.site.31, 3, 134, 137
1118061.3.peg.311.site.32, 64, 125, 189
1118061.3.peg.311.site.33, 61, 116, 177
1118061.3.peg.1004.site.1, 6, 74, 80
1118061.3.peg.645.site.1, 150, 150, 300
1118061.3.peg.645.site.2, 3, 150, 153
1118061.3.peg.645.site.3, 0, 147, 147
1118061.3.peg.645.site.4, 24, 148, 172
1118061.3.peg.645.site.5, 25, 147, 172
1118061.3.peg.645.site.6, 3, 149, 152
1118061.3.peg.645.site.7, 0, 150, 150
1118061.3.peg.645.site.8, 0, 150, 150
1118061.3.peg.648.site.1, 26, 149, 175
1118061.3.peg.648.site.2, 2, 149, 151
1118061.3.peg.648.site.3, 40, 146, 186
1118061.3.peg.648.site.4, 0, 146, 146
1118061.3.peg.648.site.5, 38, 148, 186
1118061.3.peg.648.site.6, 49, 150, 199
1118061.3.peg.648.site.7, 0, 150, 150
1118061.3.peg.648.site.8, 0, 149, 149
1118061.3.peg.648.site.9, 2, 150, 152
1118061.3.peg.648.site.10, 14, 150, 164
1118061.3.peg.648.site.11, 0, 150, 150
1118061.3.peg.648.site.12, 42, 148, 190
1118061.3.peg.648.site.13, 2, 148, 150
1118061.3.peg.648.site.14, 19, 147, 166
1118061.3.peg.648.site.15, 40, 149, 189
1118061.3.peg.648.site.16, 16, 149, 165
1118061.3.peg.648.site.17, 47, 148, 195
1118061.3.peg.648.site.18, 2, 150, 152
1118061.3.peg.648.site.19, 15, 150, 165
1118061.3.peg.648.site.20, 1, 149, 150
1118061.3.peg.648.site.21, 19, 149, 168
1118061.3.peg.648.site.22, 18, 148, 166
1118061.3.peg.648.site.23, 0, 148, 148
1118061.3.peg.648.site.24, 2, 149, 151
1118061.3.peg.1009.site.1, 1, 141, 142
1118061.3.peg.1009.site.2, 131, 131, 262
1118061.3.peg.1009.site.3, 1, 135, 136
1118061.3.peg.1009.site.4, 92, 127, 219
1118061.3.peg.1009.site.5, 20, 125, 145
1118061.3.peg.1009.site.6, 105, 134, 239
1118061.3.peg.1009.site.7, 134, 134, 268
1118061.3.peg.1009.site.8, 1, 138, 139
1118061.3.peg.1009.site.9, 0, 125, 125
1118061.3.peg.1009.site.10, 2, 118, 120
1118061.3.peg.1009.site.11, 0, 105, 105
1118061.3.peg.1009.site.12, 2, 84, 86
1118061.3.peg.1009.site.13, 56, 93, 149
1118061.3.peg.1009.site.14, 2, 89, 91
1118061.3.peg.1009.site.15, 1, 117, 118
1118061.3.peg.1009.site.16, 107, 118, 225
1118061.3.peg.1009.site.17, 32, 134, 166
1118061.3.peg.318.site.1, 39, 150, 189
1118061.3.peg.318.site.2, 61, 146, 207
1118061.3.peg.318.site.3, 35, 148, 183
1118061.3.peg.318.site.4, 0, 147, 147
1118061.3.peg.318.site.5, 60, 147, 207
1118061.3.peg.318.site.6, 31, 147, 178
1118061.3.peg.318.site.7, 29, 148, 177
1118061.3.peg.318.site.8, 1, 108, 109
1118061.3.peg.318.site.9, 1, 85, 86
1118061.3.peg.318.site.10, 2, 62, 64
1118061.3.peg.318.site.11, 0, 149, 149
1118061.3.peg.318.site.12, 0, 149, 149
1118061.3.peg.318.site.13, 0, 149, 149
1118061.3.peg.318.site.14, 0, 150, 150
1118061.3.peg.318.site.15, 9, 140, 149
1118061.3.peg.318.site.16, 44, 135, 179
1118061.3.peg.318.site.17, 140, 141, 281
1118061.3.peg.318.site.18, 49, 140, 189
1118061.3.peg.319.site.1, 3, 149, 152
1118061.3.peg.319.site.2, 112, 145, 257
1118061.3.peg.319.site.3, 6, 148, 154
1118061.3.peg.319.site.4, 1, 149, 150
1118061.3.peg.319.site.5, 9, 150, 159
1118061.3.peg.319.site.6, 3, 149, 152
1118061.3.peg.2178.site.1, 2, 149, 151
1118061.3.peg.2178.site.2, 3, 150, 153
1118061.3.peg.2178.site.3, 0, 148, 148
1118061.3.peg.2178.site.4, 0, 148, 148
1118061.3.peg.2178.site.5, 128, 150, 278
1118061.3.peg.2178.site.6, 2, 147, 149
1118061.3.peg.2178.site.7, 1, 145, 146
1118061.3.peg.2178.site.8, 7, 141, 148
1118061.3.peg.2178.site.9, 5, 144, 149
1118061.3.peg.2178.site.10, 3, 142, 145
1118061.3.peg.2178.site.11, 1, 143, 144
1118061.3.peg.2178.site.12, 28, 149, 177
1118061.3.peg.2178.site.13, 7, 149, 156
1118061.3.peg.2178.site.14, 4, 140, 144
1118061.3.peg.2178.site.15, 1, 138, 139
1118061.3.peg.2178.site.16, 18, 136, 154
1118061.3.peg.2178.site.17, 17, 140, 157
1118061.3.peg.2178.site.18, 42, 143, 185
1118061.3.peg.2178.site.19, 1, 149, 150
1118061.3.peg.2178.site.20, 40, 147, 187
1118061.3.peg.2178.site.21, 110, 150, 260
1118061.3.peg.2178.site.22, 30, 148, 178
1118061.3.peg.2178.site.23, 2, 148, 150
1118061.3.peg.2178.site.24, 53, 147, 200
1118061.3.peg.2178.site.25, 28, 145, 173
1118061.3.peg.1014.site.1, 47, 149, 196
1118061.3.peg.1014.site.2, 2, 149, 151
1118061.3.peg.1014.site.3, 1, 149, 150
1118061.3.peg.2173.site.1, 49, 149, 198
1118061.3.peg.2173.site.2, 2, 150, 152
1118061.3.peg.2173.site.3, 8, 150, 158
1118061.3.peg.2173.site.4, 0, 150, 150
1118061.3.peg.2173.site.5, 13, 149, 162
1118061.3.peg.2173.site.6, 0, 150, 150
1118061.3.peg.2173.site.7, 41, 149, 190
1118061.3.peg.2173.site.8, 44, 146, 190
1118061.3.peg.2173.site.9, 0, 149, 149
1118061.3.peg.2173.site.10, 5, 150, 155
1118061.3.peg.2173.site.11, 19, 148, 167
1118061.3.peg.2173.site.12, 0, 149, 149
1118061.3.peg.2173.site.13, 21, 150, 171
1118061.3.peg.2173.site.14, 12, 145, 157
1118061.3.peg.2173.site.15, 3, 150, 153
1118061.3.peg.2173.site.16, 13, 145, 158
1118061.3.peg.2173.site.17, 15, 129, 144
1118061.3.peg.2173.site.18, 4, 149, 153
1118061.3.peg.2172.site.1, 0, 146, 146
1118061.3.peg.2172.site.2, 103, 147, 250
1118061.3.peg.2172.site.3, 28, 145, 173
1118061.3.peg.2172.site.4, 0, 142, 142
1118061.3.peg.2172.site.5, 2, 145, 147
1118061.3.peg.2172.site.6, 2, 142, 144
1118061.3.peg.2172.site.7, 41, 147, 188
1118061.3.peg.2172.site.8, 24, 146, 170
1118061.3.peg.2172.site.9, 0, 144, 144
1118061.3.peg.2172.site.10, 2, 142, 144
1118061.3.peg.2172.site.11, 17, 138, 155
1118061.3.peg.2172.site.12, 0, 139, 139
1118061.3.peg.2172.site.13, 0, 130, 130
1118061.3.peg.2172.site.14, 78, 150, 228
1118061.3.peg.2172.site.15, 3, 150, 153
1118061.3.peg.2172.site.16, 0, 150, 150
1118061.3.peg.2172.site.17, 0, 150, 150
1118061.3.peg.2172.site.18, 23, 148, 171
1118061.3.peg.2172.site.19, 0, 150, 150
1118061.3.peg.2172.site.20, 20, 149, 169
1118061.3.peg.2172.site.21, 19, 148, 167
1118061.3.peg.2172.site.22, 1, 150, 151
1118061.3.peg.2172.site.23, 26, 146, 172
1118061.3.peg.2172.site.24, 52, 146, 198
1118061.3.peg.2172.site.25, 24, 150, 174
1118061.3.peg.2172.site.26, 47, 150, 197
1118061.3.peg.2172.site.27, 15, 149, 164
1118061.3.peg.2172.site.28, 0, 150, 150
1118061.3.peg.1918.site.1, 0, 149, 149
1118061.3.peg.1918.site.2, 0, 149, 149
1118061.3.peg.1918.site.3, 0, 150, 150
1118061.3.peg.1918.site.4, 0, 150, 150
1118061.3.peg.1918.site.5, 2, 150, 152
1118061.3.peg.1918.site.6, 7, 126, 133
1118061.3.peg.1918.site.7, 3, 150, 153
1118061.3.peg.1918.site.8, 2, 150, 152
1118061.3.peg.1918.site.9, 0, 149, 149
1118061.3.peg.1918.site.10, 14, 149, 163
1118061.3.peg.1918.site.11, 2, 147, 149
1118061.3.peg.1918.site.12, 1, 150, 151
1118061.3.peg.1918.site.13, 110, 149, 259
1118061.3.peg.1918.site.14, 0, 149, 149
1118061.3.peg.1914.site.1, 3, 142, 145
1118061.3.peg.1914.site.2, 2, 143, 145
1118061.3.peg.1914.site.3, 5, 145, 150
1118061.3.peg.1914.site.4, 2, 147, 149
1118061.3.peg.1914.site.5, 2, 148, 150
1118061.3.peg.1914.site.6, 41, 146, 187
1118061.3.peg.1914.site.7, 1, 148, 149
1118061.3.peg.1914.site.8, 0, 147, 147
1118061.3.peg.1914.site.9, 38, 143, 181
1118061.3.peg.1914.site.10, 7, 150, 157
1118061.3.peg.1914.site.11, 76, 148, 224
1118061.3.peg.1914.site.12, 115, 150, 265
1118061.3.peg.1914.site.13, 1, 148, 149
1118061.3.peg.1914.site.14, 49, 147, 196
1118061.3.peg.1914.site.15, 5, 150, 155
1118061.3.peg.1914.site.16, 0, 150, 150
1118061.3.peg.1914.site.17, 1, 148, 149
1118061.3.peg.1914.site.18, 2, 149, 151
1118061.3.peg.1914.site.19, 0, 148, 148
1118061.3.peg.1914.site.20, 6, 148, 154
1118061.3.peg.1914.site.21, 1, 144, 145
1118061.3.peg.1914.site.22, 139, 146, 285
1118061.3.peg.1914.site.23, 45, 137, 182
1118061.3.peg.1914.site.24, 60, 146, 206
1118061.3.peg.1914.site.25, 25, 146, 171
1118061.3.peg.1914.site.26, 0, 144, 144
1118061.3.peg.1914.site.27, 3, 143, 146
1118061.3.peg.1914.site.28, 3, 146, 149
1118061.3.peg.1914.site.29, 0, 148, 148
1118061.3.peg.1914.site.30, 0, 149, 149
1118061.3.peg.1914.site.31, 0, 149, 149
1118061.3.peg.1914.site.32, 96, 149, 245
1118061.3.peg.1914.site.33, 22, 150, 172
1118061.3.peg.1914.site.34, 28, 150, 178
1118061.3.peg.1914.site.35, 4, 150, 154
1118061.3.peg.1914.site.36, 2, 150, 152
1118061.3.peg.1914.site.37, 31, 150, 181
1118061.3.peg.1914.site.38, 3, 150, 153
1118061.3.peg.1915.site.1, 8, 150, 158
1118061.3.peg.1915.site.2, 1, 150, 151
1118061.3.peg.1915.site.3, 2, 150, 152
1118061.3.peg.1915.site.4, 1, 150, 151
1118061.3.peg.1915.site.5, 66, 150, 216
1118061.3.peg.1915.site.6, 1, 150, 151
1118061.3.peg.1915.site.7, 3, 150, 153
1118061.3.peg.1916.site.1, 2, 145, 147
1118061.3.peg.1916.site.2, 81, 148, 229
1118061.3.peg.1916.site.3, 21, 149, 170
1118061.3.peg.1916.site.4, 0, 150, 150
1118061.3.peg.1916.site.5, 143, 149, 292
1118061.3.peg.1916.site.6, 98, 147, 245
1118061.3.peg.1916.site.7, 95, 148, 243
1118061.3.peg.1916.site.8, 0, 149, 149
1118061.3.peg.1916.site.9, 0, 148, 148
1118061.3.peg.1916.site.10, 0, 145, 145
1118061.3.peg.1916.site.11, 137, 146, 283
1118061.3.peg.1916.site.12, 43, 147, 190
1118061.3.peg.1911.site.1, 93, 147, 240
1118061.3.peg.1911.site.2, 4, 149, 153
1118061.3.peg.1911.site.3, 148, 148, 296
1118061.3.peg.1911.site.4, 0, 149, 149
1118061.3.peg.1911.site.5, 0, 148, 148
1118061.3.peg.1912.site.1, 72, 133, 205
1118061.3.peg.1912.site.2, 2, 129, 131
1118061.3.peg.1912.site.3, 1, 134, 135
1118061.3.peg.1912.site.4, 3, 135, 138
1118061.3.peg.1912.site.5, 24, 127, 151
1118061.3.peg.1774.site.1, 2, 150, 152
1118061.3.peg.1774.site.2, 6, 148, 154
1118061.3.peg.1774.site.3, 50, 136, 186
1118061.3.peg.1774.site.4, 0, 139, 139
1118061.3.peg.1774.site.5, 1, 141, 142
1118061.3.peg.1774.site.6, 115, 149, 264
1118061.3.peg.1774.site.7, 12, 126, 138
1118061.3.peg.1775.site.1, 9, 146, 155
1118061.3.peg.1775.site.2, 9, 146, 155
1118061.3.peg.1775.site.3, 10, 146, 156
1118061.3.peg.1775.site.4, 144, 149, 293
1118061.3.peg.1775.site.5, 1, 149, 150
1118061.3.peg.1775.site.6, 2, 141, 143
1118061.3.peg.1775.site.7, 116, 116, 232
1118061.3.peg.1775.site.8, 63, 123, 186
1118061.3.peg.1775.site.9, 83, 129, 212
1118061.3.peg.1775.site.10, 10, 149, 159
1118061.3.peg.1776.site.1, 116, 149, 265
1118061.3.peg.1776.site.2, 1, 147, 148
1118061.3.peg.1776.site.3, 51, 146, 197
1118061.3.peg.1776.site.4, 32, 146, 178
1118061.3.peg.1776.site.5, 45, 143, 188
1118061.3.peg.1776.site.6, 0, 146, 146
1118061.3.peg.1776.site.7, 94, 144, 238
1118061.3.peg.1776.site.8, 109, 141, 250
1118061.3.peg.1776.site.9, 100, 135, 235
1118061.3.peg.1776.site.10, 0, 129, 129
1118061.3.peg.1776.site.11, 4, 132, 136
1118061.3.peg.1776.site.12, 3, 146, 149
1118061.3.peg.1777.site.1, 10, 150, 160
1118061.3.peg.1777.site.2, 0, 148, 148
1118061.3.peg.1777.site.3, 2, 146, 148
1118061.3.peg.1777.site.4, 3, 146, 149
1118061.3.peg.1777.site.5, 4, 145, 149
1118061.3.peg.1777.site.6, 2, 145, 147
1118061.3.peg.1777.site.7, 13, 137, 150
1118061.3.peg.1777.site.8, 0, 140, 140
1118061.3.peg.1777.site.9, 2, 149, 151
1118061.3.peg.1777.site.10, 0, 149, 149
1118061.3.peg.1777.site.11, 2, 147, 149
1118061.3.peg.1777.site.12, 0, 150, 150
1118061.3.peg.1777.site.13, 42, 142, 184
1118061.3.peg.1777.site.14, 5, 149, 154
1118061.3.peg.1777.site.15, 0, 142, 142
1118061.3.peg.1777.site.16, 7, 147, 154
1118061.3.peg.1777.site.17, 32, 149, 181
1118061.3.peg.1777.site.18, 0, 138, 138
1118061.3.peg.1777.site.19, 43, 141, 184
1118061.3.peg.1777.site.20, 2, 148, 150
1118061.3.peg.1777.site.21, 1, 145, 146
1118061.3.peg.1777.site.22, 15, 141, 156
1118061.3.peg.1777.site.23, 17, 116, 133
1118061.3.peg.1777.site.24, 97, 109, 206
1118061.3.peg.1777.site.25, 1, 121, 122
1118061.3.peg.1777.site.26, 48, 124, 172
1118061.3.peg.1777.site.27, 0, 127, 127
1118061.3.peg.1777.site.28, 5, 118, 123
1118061.3.peg.1777.site.29, 5, 141, 146
1118061.3.peg.1777.site.30, 5, 138, 143
1118061.3.peg.1777.site.31, 135, 138, 273
1118061.3.peg.1770.site.1, 3, 149, 152
1118061.3.peg.1770.site.2, 1, 148, 149
1118061.3.peg.1770.site.3, 25, 148, 173
1118061.3.peg.1770.site.4, 35, 148, 183
1118061.3.peg.1770.site.5, 45, 147, 192
1118061.3.peg.1770.site.6, 60, 150, 210
1118061.3.peg.1770.site.7, 6, 134, 140
1118061.3.peg.1770.site.8, 47, 135, 182
1118061.3.peg.1770.site.9, 48, 139, 187
1118061.3.peg.1770.site.10, 57, 137, 194
1118061.3.peg.1770.site.11, 11, 149, 160
1118061.3.peg.1771.site.1, 0, 150, 150
1118061.3.peg.1771.site.2, 2, 150, 152
1118061.3.peg.1771.site.3, 19, 146, 165
1118061.3.peg.1771.site.4, 82, 147, 229
1118061.3.peg.1771.site.5, 0, 150, 150
1118061.3.peg.1771.site.6, 82, 148, 230
1118061.3.peg.1771.site.7, 15, 137, 152
1118061.3.peg.1772.site.1, 27, 27, 54
1118061.3.peg.1772.site.2, 18, 18, 36
1118061.3.peg.1772.site.3, 2, 149, 151
1118061.3.peg.1772.site.4, 78, 150, 228
1118061.3.peg.1772.site.5, 0, 150, 150
1118061.3.peg.1772.site.6, 2, 148, 150
1118061.3.peg.1772.site.7, 30, 147, 177
1118061.3.peg.1772.site.8, 0, 146, 146
1118061.3.peg.1772.site.9, 147, 147, 294
1118061.3.peg.1772.site.10, 0, 134, 134
1118061.3.peg.1772.site.11, 9, 140, 149
1118061.3.peg.1772.site.12, 2, 141, 143
1118061.3.peg.1772.site.13, 0, 146, 146
1118061.3.peg.1772.site.14, 16, 149, 165
1118061.3.peg.1772.site.15, 4, 148, 152
1118061.3.peg.1772.site.16, 2, 149, 151
1118061.3.peg.1772.site.17, 1, 149, 150
1118061.3.peg.1772.site.18, 9, 149, 158
1118061.3.peg.1772.site.19, 0, 150, 150
1118061.3.peg.1772.site.20, 147, 150, 297
1118061.3.peg.1772.site.21, 111, 146, 257
1118061.3.peg.1772.site.22, 0, 148, 148
1118061.3.peg.1772.site.23, 0, 148, 148
1118061.3.peg.1772.site.24, 2, 149, 151
1118061.3.peg.1772.site.25, 100, 150, 250
1118061.3.peg.1772.site.26, 133, 146, 279
1118061.3.peg.1773.site.1, 0, 138, 138
1118061.3.peg.1773.site.2, 0, 148, 148
1118061.3.peg.1773.site.3, 33, 149, 182
1118061.3.peg.1773.site.4, 58, 146, 204
1118061.3.peg.1773.site.5, 3, 150, 153
1118061.3.peg.1773.site.6, 1, 150, 151
1118061.3.peg.1773.site.7, 0, 150, 150
1118061.3.peg.1773.site.8, 26, 146, 172
1118061.3.peg.1773.site.9, 55, 143, 198
1118061.3.peg.1773.site.10, 2, 148, 150
1118061.3.peg.1773.site.11, 93, 144, 237
1118061.3.peg.1773.site.12, 143, 149, 292
1118061.3.peg.1773.site.13, 2, 147, 149
1118061.3.peg.1773.site.14, 56, 145, 201
1118061.3.peg.1773.site.15, 70, 144, 214
1118061.3.peg.1773.site.16, 12, 147, 159
1118061.3.peg.1773.site.17, 10, 132, 142
1118061.3.peg.1773.site.18, 1, 124, 125
1118061.3.peg.1773.site.19, 1, 139, 140
1118061.3.peg.1773.site.20, 60, 148, 208
1118061.3.peg.1773.site.21, 146, 148, 294
1118061.3.peg.1773.site.22, 4, 146, 150
1118061.3.peg.1778.site.1, 141, 141, 282
1118061.3.peg.1778.site.2, 3, 147, 150
1118061.3.peg.1778.site.3, 1, 145, 146
1118061.3.peg.1778.site.4, 2, 148, 150
1118061.3.peg.1778.site.5, 16, 139, 155
1118061.3.peg.1778.site.6, 129, 129, 258
1118061.3.peg.1778.site.7, 0, 131, 131
1118061.3.peg.1778.site.8, 1, 150, 151
1118061.3.peg.1779.site.1, 16, 149, 165
1118061.3.peg.1779.site.2, 11, 147, 158
1118061.3.peg.1779.site.3, 3, 139, 142
1118061.3.peg.1779.site.4, 43, 143, 186
1118061.3.peg.1779.site.5, 2, 140, 142
1118061.3.peg.1779.site.6, 12, 136, 148
1118061.3.peg.1779.site.7, 50, 143, 193
1118061.3.peg.1779.site.8, 14, 135, 149
1118061.3.peg.1779.site.9, 0, 141, 141
1118061.3.peg.1779.site.10, 16, 142, 158
1118061.3.peg.2454.site.1, 1, 135, 136
1118061.3.peg.2454.site.2, 5, 129, 134
1118061.3.peg.2454.site.3, 2, 125, 127
1118061.3.peg.2454.site.4, 12, 137, 149
1118061.3.peg.2454.site.5, 3, 144, 147
1118061.3.peg.2454.site.6, 118, 147, 265
1118061.3.peg.2454.site.7, 72, 137, 209
1118061.3.peg.2454.site.8, 9, 110, 119
1118061.3.peg.2454.site.9, 8, 113, 121
1118061.3.peg.2454.site.10, 3, 108, 111
1118061.3.peg.2454.site.11, 52, 95, 147
1118061.3.peg.2454.site.12, 10, 109, 119
1118061.3.peg.2454.site.13, 64, 134, 198
1118061.3.peg.2454.site.14, 63, 136, 199
1118061.3.peg.2454.site.15, 0, 132, 132
1118061.3.peg.2454.site.16, 2, 145, 147
1118061.3.peg.11.site.1, 0, 143, 143
1118061.3.peg.11.site.2, 3, 149, 152
1118061.3.peg.11.site.3, 132, 150, 282
1118061.3.peg.11.site.4, 133, 149, 282
1118061.3.peg.11.site.5, 126, 150, 276
1118061.3.peg.11.site.6, 83, 150, 233
1118061.3.peg.11.site.7, 129, 148, 277
1118061.3.peg.11.site.8, 16, 148, 164
1118061.3.peg.11.site.9, 7, 149, 156
1118061.3.peg.11.site.10, 0, 148, 148
1118061.3.peg.2456.site.1, 74, 126, 200
1118061.3.peg.2456.site.2, 0, 150, 150
1118061.3.peg.2456.site.3, 1, 150, 151
1118061.3.peg.2456.site.4, 75, 149, 224
1118061.3.peg.2456.site.5, 6, 149, 155
1118061.3.peg.2456.site.6, 30, 146, 176
1118061.3.peg.2456.site.7, 148, 148, 296
1118061.3.peg.2456.site.8, 2, 130, 132
1118061.3.peg.2456.site.9, 12, 127, 139
1118061.3.peg.2456.site.10, 4, 115, 119
1118061.3.peg.2456.site.11, 1, 117, 118
1118061.3.peg.2456.site.12, 38, 142, 180
1118061.3.peg.2456.site.13, 1, 145, 146
1118061.3.peg.2456.site.14, 1, 120, 121
1118061.3.peg.2456.site.15, 120, 122, 242
1118061.3.peg.2456.site.16, 14, 115, 129
1118061.3.peg.2456.site.17, 2, 105, 107
1118061.3.peg.2456.site.18, 1, 109, 110
1118061.3.peg.2451.site.1, 0, 138, 138
1118061.3.peg.2451.site.2, 2, 142, 144
1118061.3.peg.2451.site.3, 2, 144, 146
1118061.3.peg.2451.site.4, 0, 134, 134
1118061.3.peg.2451.site.5, 1, 115, 116
1118061.3.peg.2451.site.6, 13, 110, 123
1118061.3.peg.2451.site.7, 7, 102, 109
1118061.3.peg.2451.site.8, 2, 98, 100
1118061.3.peg.2451.site.9, 1, 127, 128
1118061.3.peg.2451.site.10, 135, 149, 284
1118061.3.peg.2451.site.11, 52, 145, 197
1118061.3.peg.2451.site.12, 24, 145, 169
1118061.3.peg.2451.site.13, 37, 142, 179
1118061.3.peg.2451.site.14, 85, 141, 226
1118061.3.peg.2451.site.15, 0, 147, 147
1118061.3.peg.2451.site.16, 2, 149, 151
1118061.3.peg.2451.site.17, 1, 147, 148
1118061.3.peg.2451.site.18, 17, 150, 167
1118061.3.peg.2451.site.19, 2, 149, 151
1118061.3.peg.2451.site.20, 143, 150, 293
1118061.3.peg.2452.site.1, 9, 128, 137
1118061.3.peg.2452.site.2, 2, 134, 136
1118061.3.peg.2452.site.3, 1, 138, 139
1118061.3.peg.2452.site.4, 0, 138, 138
1118061.3.peg.2452.site.5, 3, 134, 137
1118061.3.peg.2452.site.6, 27, 131, 158
1118061.3.peg.2452.site.7, 80, 144, 224
1118061.3.peg.2452.site.8, 0, 148, 148
1118061.3.peg.2452.site.9, 1, 141, 142
1118061.3.peg.2452.site.10, 66, 131, 197
1118061.3.peg.2452.site.11, 16, 126, 142
1118061.3.peg.2452.site.12, 5, 126, 131
1118061.3.peg.2452.site.13, 0, 120, 120
1118061.3.peg.2452.site.14, 25, 134, 159
1118061.3.peg.2452.site.15, 0, 135, 135
1118061.3.peg.2452.site.16, 0, 126, 126
1118061.3.peg.2452.site.17, 1, 145, 146
1118061.3.peg.2452.site.18, 2, 145, 147
1118061.3.peg.2452.site.19, 6, 142, 148
1118061.3.peg.2452.site.20, 35, 146, 181
1118061.3.peg.2452.site.21, 3, 146, 149
1118061.3.peg.2452.site.22, 37, 149, 186
1118061.3.peg.2452.site.23, 7, 147, 154
1118061.3.peg.2452.site.24, 31, 146, 177
1118061.3.peg.2452.site.25, 32, 143, 175
1118061.3.peg.2452.site.26, 29, 139, 168
1118061.3.peg.2452.site.27, 31, 127, 158
1118061.3.peg.2452.site.28, 0, 139, 139
1118061.3.peg.2452.site.29, 143, 143, 286
1118061.3.peg.2452.site.30, 2, 147, 149
1118061.3.peg.2452.site.31, 71, 149, 220
1118061.3.peg.2452.site.32, 0, 150, 150
1118061.3.peg.2452.site.33, 38, 150, 188
1118061.3.peg.2452.site.34, 24, 148, 172
1118061.3.peg.2452.site.35, 7, 149, 156
1118061.3.peg.2452.site.36, 3, 149, 152
1118061.3.peg.2452.site.37, 2, 143, 145
1118061.3.peg.2452.site.38, 3, 142, 145
1118061.3.peg.2452.site.39, 3, 138, 141
1118061.3.peg.2452.site.40, 38, 138, 176
1118061.3.peg.2452.site.41, 4, 135, 139
1118061.3.peg.2452.site.42, 2, 134, 136
1118061.3.peg.2452.site.43, 0, 137, 137
1118061.3.peg.2452.site.44, 2, 134, 136
1118061.3.peg.2452.site.45, 1, 109, 110
1118061.3.peg.2452.site.46, 44, 110, 154
1118061.3.peg.2452.site.47, 2, 103, 105
1118061.3.peg.2452.site.48, 22, 99, 121
1118061.3.peg.2452.site.49, 54, 85, 139
1118061.3.peg.2452.site.50, 1, 96, 97
1118061.3.peg.2452.site.51, 124, 124, 248
1118061.3.peg.2452.site.52, 43, 145, 188
1118061.3.peg.2452.site.53, 147, 147, 294
1118061.3.peg.2452.site.54, 24, 142, 166
1118061.3.peg.2452.site.55, 0, 145, 145
1118061.3.peg.2452.site.56, 0, 145, 145
1118061.3.peg.2452.site.57, 2, 144, 146
1118061.3.peg.2452.site.58, 1, 145, 146
1118061.3.peg.2452.site.59, 15, 149, 164
1118061.3.peg.2453.site.1, 0, 148, 148
1118061.3.peg.2453.site.2, 18, 141, 159
1118061.3.peg.2453.site.3, 30, 140, 170
1118061.3.peg.2453.site.4, 3, 148, 151
1118061.3.peg.2453.site.5, 136, 136, 272
1118061.3.peg.2453.site.6, 137, 138, 275
1118061.3.peg.2453.site.7, 0, 143, 143
1118061.3.peg.2453.site.8, 8, 142, 150
1118061.3.peg.2453.site.9, 2, 137, 139
1118061.3.peg.2453.site.10, 20, 142, 162
1118061.3.peg.2453.site.11, 24, 145, 169
1118061.3.peg.2453.site.12, 3, 147, 150
1118061.3.peg.2453.site.13, 55, 136, 191
1118061.3.peg.2453.site.14, 16, 143, 159
1118061.3.peg.2379.site.1, 12, 149, 161
1118061.3.peg.2379.site.2, 0, 150, 150
1118061.3.peg.2379.site.3, 1, 150, 151
1118061.3.peg.2379.site.4, 1, 150, 151
1118061.3.peg.2379.site.5, 0, 149, 149
1118061.3.peg.2379.site.6, 0, 150, 150
1118061.3.peg.2379.site.7, 28, 150, 178
1118061.3.peg.2379.site.8, 149, 149, 298
1118061.3.peg.2379.site.9, 0, 148, 148
1118061.3.peg.2379.site.10, 1, 150, 151
1118061.3.peg.2379.site.11, 117, 150, 267
1118061.3.peg.1345.site.1, 1, 148, 149
1118061.3.peg.1345.site.2, 15, 149, 164
1118061.3.peg.1345.site.3, 49, 145, 194
1118061.3.peg.1345.site.4, 27, 149, 176
1118061.3.peg.1345.site.5, 60, 144, 204
1118061.3.peg.1345.site.6, 27, 147, 174
1118061.3.peg.1345.site.7, 3, 150, 153
1118061.3.peg.1345.site.8, 2, 149, 151
1118061.3.peg.1345.site.9, 22, 149, 171
1118061.3.peg.1345.site.10, 0, 150, 150
1118061.3.peg.1345.site.11, 1, 148, 149
1118061.3.peg.1345.site.12, 107, 146, 253
1118061.3.peg.1345.site.13, 36, 146, 182
1118061.3.peg.1345.site.14, 0, 149, 149
1118061.3.peg.1345.site.15, 92, 149, 241
1118061.3.peg.1345.site.16, 12, 150, 162
1118061.3.peg.1345.site.17, 0, 149, 149
1118061.3.peg.1345.site.18, 0, 150, 150
1118061.3.peg.1345.site.19, 1, 150, 151
1118061.3.peg.1345.site.20, 0, 149, 149
1118061.3.peg.1345.site.21, 7, 145, 152
1118061.3.peg.1345.site.22, 7, 145, 152
1118061.3.peg.1345.site.23, 0, 144, 144
1118061.3.peg.1345.site.24, 0, 149, 149
1118061.3.peg.1345.site.25, 0, 149, 149
1118061.3.peg.1345.site.26, 0, 149, 149
1118061.3.peg.1345.site.27, 29, 150, 179
1118061.3.peg.1345.site.28, 17, 150, 167
1118061.3.peg.1345.site.29, 147, 147, 294
1118061.3.peg.1344.site.1, 35, 142, 177
1118061.3.peg.1344.site.2, 27, 126, 153
1118061.3.peg.1344.site.3, 80, 129, 209
1118061.3.peg.1344.site.4, 43, 136, 179
1118061.3.peg.1344.site.5, 1, 145, 146
1118061.3.peg.1344.site.6, 51, 145, 196
1118061.3.peg.1344.site.7, 3, 144, 147
1118061.3.peg.1344.site.8, 55, 141, 196
1118061.3.peg.1344.site.9, 58, 146, 204
1118061.3.peg.1344.site.10, 46, 149, 195
1118061.3.peg.1344.site.11, 12, 109, 121
1118061.3.peg.1347.site.1, 148, 148, 296
1118061.3.peg.1347.site.2, 3, 147, 150
1118061.3.peg.1347.site.3, 22, 149, 171
1118061.3.peg.1347.site.4, 3, 150, 153
1118061.3.peg.1347.site.5, 98, 150, 248
1118061.3.peg.1347.site.6, 19, 147, 166
1118061.3.peg.1347.site.7, 0, 147, 147
1118061.3.peg.1347.site.8, 0, 141, 141
1118061.3.peg.1347.site.9, 0, 132, 132
1118061.3.peg.1347.site.10, 68, 147, 215
1118061.3.peg.1347.site.11, 143, 143, 286
1118061.3.peg.1346.site.1, 28, 113, 141
1118061.3.peg.1346.site.2, 7, 114, 121
1118061.3.peg.1346.site.3, 3, 115, 118
1118061.3.peg.1346.site.4, 3, 123, 126
1118061.3.peg.1346.site.5, 3, 147, 150
1118061.3.peg.1346.site.6, 4, 145, 149
1118061.3.peg.1346.site.7, 26, 145, 171
1118061.3.peg.1346.site.8, 45, 108, 153
1118061.3.peg.1346.site.9, 0, 150, 150
1118061.3.peg.1341.site.1, 2, 150, 152
1118061.3.peg.1341.site.2, 30, 145, 175
1118061.3.peg.1341.site.3, 105, 141, 246
1118061.3.peg.1341.site.4, 3, 143, 146
1118061.3.peg.1341.site.5, 33, 150, 183
1118061.3.peg.1341.site.6, 0, 148, 148
1118061.3.peg.1341.site.7, 6, 134, 140
1118061.3.peg.1341.site.8, 30, 131, 161
1118061.3.peg.1341.site.9, 16, 136, 152
1118061.3.peg.1341.site.10, 7, 144, 151
1118061.3.peg.1341.site.11, 3, 143, 146
1118061.3.peg.1341.site.12, 92, 144, 236
1118061.3.peg.1341.site.13, 99, 142, 241
1118061.3.peg.1341.site.14, 0, 147, 147
1118061.3.peg.1341.site.15, 3, 130, 133
1118061.3.peg.1341.site.16, 35, 138, 173
1118061.3.peg.1341.site.17, 0, 142, 142
1118061.3.peg.1340.site.1, 2, 68, 70
1118061.3.peg.1340.site.2, 1, 64, 65
1118061.3.peg.1340.site.3, 16, 142, 158
1118061.3.peg.1340.site.4, 6, 135, 141
1118061.3.peg.1340.site.5, 87, 150, 237
1118061.3.peg.1340.site.6, 7, 150, 157
1118061.3.peg.1340.site.7, 18, 149, 167
1118061.3.peg.1343.site.1, 80, 150, 230
1118061.3.peg.1343.site.2, 1, 149, 150
1118061.3.peg.1343.site.3, 62, 145, 207
1118061.3.peg.1343.site.4, 94, 144, 238
1118061.3.peg.1343.site.5, 3, 140, 143
1118061.3.peg.1343.site.6, 37, 137, 174
1118061.3.peg.1343.site.7, 146, 146, 292
1118061.3.peg.1343.site.8, 3, 147, 150
1118061.3.peg.1343.site.9, 1, 150, 151
1118061.3.peg.1343.site.10, 5, 149, 154
1118061.3.peg.1343.site.11, 3, 150, 153
1118061.3.peg.1343.site.12, 80, 147, 227
1118061.3.peg.1343.site.13, 78, 144, 222
1118061.3.peg.1343.site.14, 1, 145, 146
1118061.3.peg.1343.site.15, 2, 150, 152
1118061.3.peg.1343.site.16, 2, 150, 152
1118061.3.peg.1343.site.17, 67, 148, 215
1118061.3.peg.1343.site.18, 4, 145, 149
1118061.3.peg.1343.site.19, 10, 146, 156
1118061.3.peg.1343.site.20, 6, 149, 155
1118061.3.peg.1343.site.21, 2, 147, 149
1118061.3.peg.1342.site.1, 0, 145, 145
1118061.3.peg.1342.site.2, 39, 144, 183
1118061.3.peg.1342.site.3, 0, 123, 123
1118061.3.peg.1342.site.4, 1, 97, 98
1118061.3.peg.1342.site.5, 99, 107, 206
1118061.3.peg.1342.site.6, 116, 125, 241
1118061.3.peg.1342.site.7, 38, 136, 174
1118061.3.peg.1342.site.8, 3, 134, 137
1118061.3.peg.1342.site.9, 0, 103, 103
1118061.3.peg.1342.site.10, 26, 99, 125
1118061.3.peg.1342.site.11, 20, 102, 122
1118061.3.peg.1342.site.12, 3, 109, 112
1118061.3.peg.1342.site.13, 30, 118, 148
1118061.3.peg.1342.site.14, 73, 147, 220
1118061.3.peg.1342.site.15, 2, 149, 151
1118061.3.peg.1342.site.16, 1, 148, 149
1118061.3.peg.1342.site.17, 23, 143, 166
1118061.3.peg.1342.site.18, 1, 144, 145
1118061.3.peg.1342.site.19, 3, 144, 147
1118061.3.peg.1342.site.20, 32, 141, 173
1118061.3.peg.1342.site.21, 30, 143, 173
1118061.3.peg.1342.site.22, 101, 145, 246
1118061.3.peg.1342.site.23, 3, 144, 147
1118061.3.peg.1342.site.24, 30, 146, 176
1118061.3.peg.1349.site.1, 0, 144, 144
1118061.3.peg.1349.site.2, 10, 146, 156
1118061.3.peg.1348.site.1, 10, 141, 151
1118061.3.peg.1348.site.2, 5, 150, 155
1118061.3.peg.1348.site.3, 10, 149, 159
1118061.3.peg.1348.site.4, 9, 149, 158
1118061.3.peg.1348.site.5, 7, 147, 154
1118061.3.peg.1348.site.6, 117, 146, 263
1118061.3.peg.1348.site.7, 13, 145, 158
1118061.3.peg.1348.site.8, 53, 146, 199
1118061.3.peg.1348.site.9, 10, 149, 159
1118061.3.peg.1348.site.10, 11, 149, 160
1118061.3.peg.1348.site.11, 2, 149, 151
1118061.3.peg.1348.site.12, 50, 150, 200
1118061.3.peg.1348.site.13, 1, 150, 151
1118061.3.peg.1348.site.14, 29, 93, 122
1118061.3.peg.2678.site.1, 146, 146, 292
1118061.3.peg.2678.site.2, 97, 146, 243
1118061.3.peg.2678.site.3, 3, 146, 149
1118061.3.peg.2678.site.4, 1, 147, 148
1118061.3.peg.2678.site.5, 0, 145, 145
1118061.3.peg.2678.site.6, 0, 148, 148
1118061.3.peg.2678.site.7, 1, 148, 149
1118061.3.peg.2678.site.8, 1, 147, 148
1118061.3.peg.2678.site.9, 20, 148, 168
1118061.3.peg.2678.site.10, 2, 147, 149
1118061.3.peg.2678.site.11, 16, 147, 163
1118061.3.peg.2678.site.12, 67, 148, 215
1118061.3.peg.2678.site.13, 148, 148, 296
1118061.3.peg.2678.site.14, 2, 148, 150
1118061.3.peg.2678.site.15, 0, 148, 148
1118061.3.peg.2678.site.16, 143, 146, 289
1118061.3.peg.2678.site.17, 0, 145, 145
1118061.3.peg.2678.site.18, 1, 148, 149
1118061.3.peg.2678.site.19, 0, 148, 148
1118061.3.peg.2678.site.20, 0, 142, 142
1118061.3.peg.2679.site.1, 10, 148, 158
1118061.3.peg.2679.site.2, 0, 146, 146
1118061.3.peg.2679.site.3, 2, 147, 149
1118061.3.peg.2679.site.4, 109, 145, 254
1118061.3.peg.2679.site.5, 116, 146, 262
1118061.3.peg.2679.site.6, 2, 148, 150
1118061.3.peg.2679.site.7, 1, 147, 148
1118061.3.peg.2679.site.8, 0, 147, 147
1118061.3.peg.2679.site.9, 37, 146, 183
1118061.3.peg.2679.site.10, 36, 144, 180
1118061.3.peg.2679.site.11, 83, 148, 231
1118061.3.peg.2679.site.12, 9, 147, 156
1118061.3.peg.2679.site.13, 8, 146, 154
1118061.3.peg.2679.site.14, 0, 147, 147
1118061.3.peg.2679.site.15, 0, 147, 147
1118061.3.peg.2679.site.16, 1, 127, 128
1118061.3.peg.2679.site.17, 102, 123, 225
1118061.3.peg.2679.site.18, 5, 126, 131
1118061.3.peg.2679.site.19, 0, 141, 141
1118061.3.peg.2679.site.20, 109, 142, 251
1118061.3.peg.2679.site.21, 42, 139, 181
1118061.3.peg.2679.site.22, 47, 148, 195
1118061.3.peg.2679.site.23, 0, 146, 146
1118061.3.peg.2679.site.24, 9, 148, 157
1118061.3.peg.2679.site.25, 3, 142, 145
1118061.3.peg.2679.site.26, 10, 124, 134
1118061.3.peg.2679.site.27, 9, 144, 153
1118061.3.peg.2679.site.28, 3, 149, 152
1118061.3.peg.2679.site.29, 5, 150, 155
1118061.3.peg.2679.site.30, 13, 149, 162
1118061.3.peg.2679.site.31, 20, 149, 169
1118061.3.peg.2679.site.32, 0, 143, 143
1118061.3.peg.2679.site.33, 51, 138, 189
1118061.3.peg.2679.site.34, 1, 147, 148
1118061.3.peg.2679.site.35, 0, 148, 148
1118061.3.peg.2679.site.36, 0, 148, 148
1118061.3.peg.2679.site.37, 0, 147, 147
1118061.3.peg.2679.site.38, 9, 148, 157
1118061.3.peg.2679.site.39, 36, 146, 182
1118061.3.peg.2679.site.40, 1, 146, 147
1118061.3.peg.2679.site.41, 0, 145, 145
1118061.3.peg.2679.site.42, 102, 119, 221
1118061.3.peg.2679.site.43, 7, 135, 142
1118061.3.peg.2679.site.44, 1, 150, 151
1118061.3.peg.2679.site.45, 1, 150, 151
1118061.3.peg.2679.site.46, 0, 146, 146
1118061.3.peg.2674.site.1, 26, 147, 173
1118061.3.peg.2674.site.2, 3, 147, 150
1118061.3.peg.2674.site.3, 0, 143, 143
1118061.3.peg.2674.site.4, 42, 143, 185
1118061.3.peg.2674.site.5, 4, 144, 148
1118061.3.peg.2674.site.6, 37, 133, 170
1118061.3.peg.2674.site.7, 2, 135, 137
1118061.3.peg.2674.site.8, 3, 141, 144
1118061.3.peg.2674.site.9, 1, 131, 132
1118061.3.peg.2674.site.10, 124, 124, 248
1118061.3.peg.2674.site.11, 16, 129, 145
1118061.3.peg.2674.site.12, 0, 142, 142
1118061.3.peg.2674.site.13, 0, 141, 141
1118061.3.peg.2675.site.1, 86, 146, 232
1118061.3.peg.2675.site.2, 1, 147, 148
1118061.3.peg.2675.site.3, 0, 147, 147
1118061.3.peg.2676.site.1, 0, 135, 135
1118061.3.peg.2676.site.2, 75, 146, 221
1118061.3.peg.2676.site.3, 2, 146, 148
1118061.3.peg.2676.site.4, 0, 146, 146
1118061.3.peg.2676.site.5, 0, 147, 147
1118061.3.peg.2676.site.6, 0, 148, 148
1118061.3.peg.2676.site.7, 25, 146, 171
1118061.3.peg.2676.site.8, 0, 147, 147
1118061.3.peg.2677.site.1, 0, 147, 147
1118061.3.peg.2677.site.2, 0, 147, 147
1118061.3.peg.2677.site.3, 0, 147, 147
1118061.3.peg.2677.site.4, 8, 145, 153
1118061.3.peg.2677.site.5, 17, 147, 164
1118061.3.peg.2677.site.6, 2, 147, 149
1118061.3.peg.2677.site.7, 3, 145, 148
1118061.3.peg.2677.site.8, 0, 146, 146
1118061.3.peg.2677.site.9, 3, 146, 149
1118061.3.peg.2677.site.10, 1, 145, 146
1118061.3.peg.2677.site.11, 0, 144, 144
1118061.3.peg.2677.site.12, 1, 143, 144
1118061.3.peg.2677.site.13, 2, 145, 147
1118061.3.peg.2677.site.14, 0, 145, 145
1118061.3.peg.2677.site.15, 21, 146, 167
1118061.3.peg.2677.site.16, 1, 147, 148
1118061.3.peg.1129.site.1, 54, 149, 203
1118061.3.peg.1129.site.2, 142, 149, 291
1118061.3.peg.1129.site.3, 98, 147, 245
1118061.3.peg.1129.site.4, 24, 146, 170
1118061.3.peg.1129.site.5, 9, 147, 156
1118061.3.peg.1129.site.6, 42, 148, 190
1118061.3.peg.1129.site.7, 131, 148, 279
1118061.3.peg.1129.site.8, 0, 149, 149
1118061.3.peg.1129.site.9, 136, 150, 286
1118061.3.peg.1129.site.10, 0, 150, 150
1118061.3.peg.1129.site.11, 56, 148, 204
1118061.3.peg.1129.site.12, 1, 148, 149
1118061.3.peg.1129.site.13, 16, 105, 121
1118061.3.peg.1129.site.14, 62, 126, 188
1118061.3.peg.1129.site.15, 148, 148, 296
1118061.3.peg.1129.site.16, 145, 145, 290
1118061.3.peg.1129.site.17, 0, 148, 148
1118061.3.peg.1129.site.18, 6, 146, 152
1118061.3.peg.1129.site.19, 143, 147, 290
1118061.3.peg.1129.site.20, 0, 150, 150
1118061.3.peg.1129.site.21, 18, 134, 152
1118061.3.peg.1129.site.22, 147, 150, 297
1118061.3.peg.819.site.1, 0, 150, 150
1118061.3.peg.819.site.2, 4, 150, 154
1118061.3.peg.819.site.3, 13, 141, 154
1118061.3.peg.819.site.4, 17, 141, 158
1118061.3.peg.819.site.5, 20, 145, 165
1118061.3.peg.819.site.6, 84, 149, 233
1118061.3.peg.819.site.7, 8, 150, 158
1118061.3.peg.819.site.8, 55, 148, 203
1118061.3.peg.819.site.9, 6, 149, 155
1118061.3.peg.819.site.10, 78, 138, 216
1118061.3.peg.819.site.11, 87, 126, 213
1118061.3.peg.819.site.12, 1, 130, 131
1118061.3.peg.819.site.13, 109, 140, 249
1118061.3.peg.819.site.14, 32, 144, 176
1118061.3.peg.819.site.15, 60, 146, 206
1118061.3.peg.819.site.16, 6, 150, 156
1118061.3.peg.819.site.17, 4, 149, 153
1118061.3.peg.819.site.18, 36, 148, 184
1118061.3.peg.819.site.19, 0, 144, 144
1118061.3.peg.819.site.20, 0, 147, 147
1118061.3.peg.819.site.21, 7, 144, 151
1118061.3.peg.819.site.22, 123, 150, 273
1118061.3.peg.819.site.23, 85, 114, 199
1118061.3.peg.819.site.24, 0, 146, 146
1118061.3.peg.819.site.25, 5, 136, 141
1118061.3.peg.819.site.26, 49, 110, 159
1118061.3.peg.819.site.27, 68, 111, 179
1118061.3.peg.819.site.28, 87, 128, 215
1118061.3.peg.819.site.29, 52, 131, 183
1118061.3.peg.819.site.30, 27, 145, 172
1118061.3.peg.819.site.31, 2, 148, 150
1118061.3.peg.819.site.32, 22, 150, 172
1118061.3.peg.819.site.33, 3, 150, 153
1118061.3.peg.819.site.34, 0, 150, 150
1118061.3.peg.819.site.35, 0, 150, 150
1118061.3.peg.819.site.36, 0, 150, 150
1118061.3.peg.819.site.37, 15, 149, 164
1118061.3.peg.819.site.38, 37, 134, 171
1118061.3.peg.819.site.39, 69, 137, 206
1118061.3.peg.819.site.40, 0, 147, 147
1118061.3.peg.819.site.41, 11, 149, 160
1118061.3.peg.819.site.42, 2, 149, 151
1118061.3.peg.819.site.43, 16, 150, 166
1118061.3.peg.819.site.44, 0, 148, 148
1118061.3.peg.819.site.45, 148, 148, 296
1118061.3.peg.819.site.46, 0, 149, 149
1118061.3.peg.819.site.47, 1, 149, 150
1118061.3.peg.819.site.48, 0, 149, 149
1118061.3.peg.819.site.49, 27, 149, 176
1118061.3.peg.818.site.1, 65, 137, 202
1118061.3.peg.818.site.2, 3, 138, 141
1118061.3.peg.818.site.3, 129, 130, 259
1118061.3.peg.818.site.4, 28, 125, 153
1118061.3.peg.818.site.5, 53, 111, 164
1118061.3.peg.818.site.6, 2, 118, 120
1118061.3.peg.818.site.7, 1, 116, 117
1118061.3.peg.818.site.8, 27, 130, 157
1118061.3.peg.818.site.9, 1, 122, 123
1118061.3.peg.818.site.10, 23, 115, 138
1118061.3.peg.818.site.11, 2, 139, 141
1118061.3.peg.818.site.12, 29, 135, 164
1118061.3.peg.818.site.13, 117, 150, 267
1118061.3.peg.818.site.14, 1, 143, 144
1118061.3.peg.818.site.15, 2, 143, 145
1118061.3.peg.818.site.16, 25, 140, 165
1118061.3.peg.818.site.17, 1, 147, 148
1118061.3.peg.818.site.18, 2, 139, 141
1118061.3.peg.818.site.19, 0, 125, 125
1118061.3.peg.818.site.20, 119, 119, 238
1118061.3.peg.818.site.21, 81, 123, 204
1118061.3.peg.818.site.22, 22, 135, 157
1118061.3.peg.818.site.23, 60, 135, 195
1118061.3.peg.818.site.24, 89, 132, 221
1118061.3.peg.818.site.25, 89, 146, 235
1118061.3.peg.818.site.26, 149, 149, 298
1118061.3.peg.817.site.1, 54, 119, 173
1118061.3.peg.817.site.2, 0, 141, 141
1118061.3.peg.817.site.3, 0, 139, 139
1118061.3.peg.817.site.4, 42, 142, 184
1118061.3.peg.817.site.5, 2, 108, 110
1118061.3.peg.817.site.6, 0, 141, 141
1118061.3.peg.817.site.7, 1, 144, 145
1118061.3.peg.817.site.8, 29, 148, 177
1118061.3.peg.817.site.9, 102, 148, 250
1118061.3.peg.817.site.10, 3, 145, 148
1118061.3.peg.817.site.11, 0, 138, 138
1118061.3.peg.817.site.12, 71, 143, 214
1118061.3.peg.817.site.13, 67, 145, 212
1118061.3.peg.817.site.14, 2, 146, 148
1118061.3.peg.817.site.15, 43, 101, 144
1118061.3.peg.817.site.16, 7, 10, 17
1118061.3.peg.817.site.17, 2, 5, 7
1118061.3.peg.817.site.18, 3, 6, 9
1118061.3.peg.817.site.19, 5, 8, 13
1118061.3.peg.817.site.20, 7, 10, 17
1118061.3.peg.817.site.21, 30, 33, 63
1118061.3.peg.817.site.22, 7, 102, 109
1118061.3.peg.817.site.23, 5, 106, 111
1118061.3.peg.817.site.24, 22, 116, 138
1118061.3.peg.817.site.25, 2, 141, 143
1118061.3.peg.817.site.26, 0, 145, 145
1118061.3.peg.816.site.1, 76, 149, 225
1118061.3.peg.816.site.2, 1, 148, 149
1118061.3.peg.816.site.3, 68, 148, 216
1118061.3.peg.816.site.4, 0, 143, 143
1118061.3.peg.816.site.5, 3, 135, 138
1118061.3.peg.816.site.6, 2, 138, 140
1118061.3.peg.816.site.7, 39, 125, 164
1118061.3.peg.816.site.8, 0, 129, 129
1118061.3.peg.816.site.9, 0, 148, 148
1118061.3.peg.816.site.10, 26, 149, 175
1118061.3.peg.816.site.11, 0, 150, 150
1118061.3.peg.816.site.12, 6, 150, 156
1118061.3.peg.815.site.1, 0, 150, 150
1118061.3.peg.815.site.2, 148, 148, 296
1118061.3.peg.815.site.3, 5, 145, 150
1118061.3.peg.815.site.4, 100, 141, 241
1118061.3.peg.815.site.5, 28, 146, 174
1118061.3.peg.815.site.6, 37, 133, 170
1118061.3.peg.815.site.7, 1, 146, 147
1118061.3.peg.815.site.8, 10, 141, 151
1118061.3.peg.815.site.9, 1, 140, 141
1118061.3.peg.815.site.10, 17, 135, 152
1118061.3.peg.815.site.11, 0, 110, 110
1118061.3.peg.815.site.12, 16, 131, 147
1118061.3.peg.815.site.13, 31, 130, 161
1118061.3.peg.815.site.14, 1, 132, 133
1118061.3.peg.815.site.15, 42, 126, 168
1118061.3.peg.815.site.16, 99, 147, 246
1118061.3.peg.815.site.17, 34, 113, 147
1118061.3.peg.815.site.18, 47, 142, 189
1118061.3.peg.815.site.19, 13, 147, 160
1118061.3.peg.814.site.1, 67, 150, 217
1118061.3.peg.814.site.2, 1, 150, 151
1118061.3.peg.814.site.3, 8, 149, 157
1118061.3.peg.814.site.4, 8, 148, 156
1118061.3.peg.814.site.5, 148, 148, 296
1118061.3.peg.814.site.6, 2, 150, 152
1118061.3.peg.814.site.7, 23, 148, 171
1118061.3.peg.814.site.8, 1, 149, 150
1118061.3.peg.814.site.9, 21, 139, 160
1118061.3.peg.814.site.10, 0, 138, 138
1118061.3.peg.814.site.11, 1, 137, 138
1118061.3.peg.814.site.12, 3, 139, 142
1118061.3.peg.814.site.13, 0, 148, 148
1118061.3.peg.814.site.14, 5, 149, 154
1118061.3.peg.810.site.1, 1, 149, 150
1118061.3.peg.810.site.2, 1, 150, 151
1118061.3.peg.810.site.3, 57, 149, 206
1118061.3.peg.810.site.4, 3, 147, 150
1118061.3.peg.810.site.5, 6, 143, 149
1118061.3.peg.810.site.6, 20, 149, 169
1118061.3.peg.810.site.7, 149, 149, 298
1118061.3.peg.810.site.8, 0, 148, 148
1118061.3.peg.810.site.9, 96, 149, 245
1118061.3.peg.810.site.10, 0, 150, 150
1118061.3.peg.810.site.11, 1, 150, 151
1118061.3.peg.810.site.12, 1, 150, 151
1118061.3.peg.810.site.13, 3, 150, 153
1118061.3.peg.810.site.14, 148, 150, 298
1118061.3.peg.810.site.15, 3, 148, 151
1118061.3.peg.810.site.16, 4, 143, 147
1118061.3.peg.810.site.17, 48, 136, 184
1118061.3.peg.810.site.18, 9, 115, 124
1118061.3.peg.810.site.19, 60, 98, 158
1118061.3.peg.810.site.20, 59, 138, 197
1118061.3.peg.810.site.21, 3, 138, 141
1118061.3.peg.810.site.22, 2, 150, 152
1118061.3.peg.810.site.23, 4, 150, 154
1118061.3.peg.810.site.24, 26, 149, 175
1118061.3.peg.810.site.25, 2, 148, 150
1118061.3.peg.810.site.26, 0, 148, 148
1118061.3.peg.810.site.27, 66, 149, 215
1118061.3.peg.810.site.28, 3, 150, 153
1118061.3.peg.810.site.29, 1, 150, 151
1118061.3.peg.810.site.30, 16, 149, 165
1118061.3.peg.810.site.31, 68, 150, 218
1118061.3.peg.810.site.32, 117, 149, 266
1118061.3.peg.810.site.33, 1, 148, 149
1118061.3.peg.810.site.34, 148, 148, 296
1118061.3.peg.810.site.35, 2, 149, 151
1118061.3.peg.810.site.36, 131, 149, 280
1118061.3.peg.810.site.37, 1, 149, 150
1118061.3.peg.810.site.38, 0, 148, 148
1118061.3.peg.810.site.39, 1, 148, 149
1118061.3.peg.810.site.40, 1, 147, 148
1118061.3.peg.810.site.41, 0, 140, 140
1118061.3.peg.810.site.42, 1, 150, 151
1118061.3.peg.10.site.1, 36, 148, 184
1118061.3.peg.10.site.2, 11, 150, 161
1118061.3.peg.10.site.3, 0, 150, 150
1118061.3.peg.10.site.4, 0, 150, 150
1118061.3.peg.10.site.5, 0, 148, 148
1118061.3.peg.10.site.6, 2, 150, 152
1118061.3.peg.10.site.7, 3, 150, 153
1118061.3.peg.10.site.8, 2, 150, 152
1118061.3.peg.10.site.9, 150, 150, 300
1118061.3.peg.10.site.10, 3, 148, 151
1118061.3.peg.10.site.11, 6, 149, 155
1118061.3.peg.1244.site.1, 67, 145, 212
1118061.3.peg.1244.site.2, 1, 141, 142
1118061.3.peg.1244.site.3, 1, 136, 137
1118061.3.peg.1244.site.4, 59, 126, 185
1118061.3.peg.1244.site.5, 1, 138, 139
1118061.3.peg.1244.site.6, 115, 142, 257
1118061.3.peg.1244.site.7, 3, 146, 149
1118061.3.peg.1244.site.8, 71, 140, 211
1118061.3.peg.1244.site.9, 33, 148, 181
1118061.3.peg.1244.site.10, 3, 143, 146
1118061.3.peg.1244.site.11, 3, 145, 148
1118061.3.peg.1244.site.12, 0, 138, 138
1118061.3.peg.1244.site.13, 1, 132, 133
1118061.3.peg.1244.site.14, 87, 150, 237
1118061.3.peg.1244.site.15, 0, 149, 149
1118061.3.peg.1244.site.16, 76, 148, 224
1118061.3.peg.1244.site.17, 92, 145, 237
1118061.3.peg.1244.site.18, 2, 149, 151
1118061.3.peg.1244.site.19, 41, 145, 186
1118061.3.peg.1244.site.20, 88, 147, 235
1118061.3.peg.1244.site.21, 0, 148, 148
1118061.3.peg.1244.site.22, 144, 144, 288
1118061.3.peg.1244.site.23, 44, 150, 194
1118061.3.peg.1244.site.24, 0, 149, 149
1118061.3.peg.1244.site.25, 150, 150, 300
1118061.3.peg.1244.site.26, 3, 150, 153
1118061.3.peg.1244.site.27, 1, 150, 151
1118061.3.peg.1244.site.28, 1, 145, 146
1118061.3.peg.1244.site.29, 0, 143, 143
1118061.3.peg.12.site.1, 140, 149, 289
1118061.3.peg.12.site.2, 3, 150, 153
1118061.3.peg.2457.site.1, 6, 113, 119
1118061.3.peg.2457.site.2, 12, 149, 161
1118061.3.peg.2457.site.3, 2, 150, 152
1118061.3.peg.2457.site.4, 2, 144, 146
1118061.3.peg.2457.site.5, 0, 148, 148
1118061.3.peg.14.site.1, 76, 147, 223
1118061.3.peg.14.site.2, 2, 150, 152
1118061.3.peg.14.site.3, 3, 150, 153
1118061.3.peg.14.site.4, 5, 150, 155
1118061.3.peg.14.site.5, 6, 149, 155
1118061.3.peg.14.site.6, 9, 148, 157
1118061.3.peg.14.site.7, 12, 149, 161
1118061.3.peg.14.site.8, 34, 146, 180
1118061.3.peg.14.site.9, 62, 146, 208
1118061.3.peg.14.site.10, 30, 149, 179
1118061.3.peg.14.site.11, 4, 148, 152
1118061.3.peg.14.site.12, 141, 141, 282
1118061.3.peg.14.site.13, 0, 148, 148
1118061.3.peg.14.site.14, 47, 145, 192
1118061.3.peg.14.site.15, 132, 132, 264
1118061.3.peg.14.site.16, 5, 147, 152
1118061.3.peg.14.site.17, 31, 142, 173
1118061.3.peg.14.site.18, 0, 141, 141
1118061.3.peg.14.site.19, 0, 148, 148
1118061.3.peg.14.site.20, 0, 141, 141
1118061.3.peg.14.site.21, 42, 135, 177
1118061.3.peg.14.site.22, 25, 142, 167
1118061.3.peg.14.site.23, 32, 150, 182
1118061.3.peg.14.site.24, 25, 148, 173
1118061.3.peg.14.site.25, 2, 149, 151
1118061.3.peg.14.site.26, 124, 148, 272
1118061.3.peg.14.site.27, 0, 150, 150
1118061.3.peg.14.site.28, 52, 150, 202
1118061.3.peg.14.site.29, 3, 150, 153
1118061.3.peg.14.site.30, 3, 149, 152
1118061.3.peg.14.site.31, 2, 148, 150
1118061.3.peg.15.site.1, 0, 150, 150
1118061.3.peg.15.site.2, 0, 137, 137
1118061.3.peg.15.site.3, 29, 147, 176
1118061.3.peg.15.site.4, 3, 147, 150
1118061.3.peg.15.site.5, 40, 148, 188
1118061.3.peg.15.site.6, 3, 148, 151
1118061.3.peg.15.site.7, 19, 147, 166
1118061.3.peg.15.site.8, 107, 147, 254
1118061.3.peg.15.site.9, 0, 148, 148
1118061.3.peg.15.site.10, 122, 148, 270
1118061.3.peg.15.site.11, 3, 147, 150
1118061.3.peg.15.site.12, 121, 127, 248
1118061.3.peg.15.site.13, 118, 124, 242
1118061.3.peg.15.site.14, 25, 113, 138
1118061.3.peg.15.site.15, 0, 128, 128
1118061.3.peg.15.site.16, 3, 129, 132
1118061.3.peg.15.site.17, 123, 130, 253
1118061.3.peg.15.site.18, 30, 143, 173
1118061.3.peg.15.site.19, 3, 147, 150
1118061.3.peg.15.site.20, 1, 148, 149
1118061.3.peg.15.site.21, 0, 150, 150
1118061.3.peg.15.site.22, 1, 149, 150
1118061.3.peg.16.site.1, 0, 149, 149
1118061.3.peg.16.site.2, 72, 150, 222
1118061.3.peg.16.site.3, 19, 148, 167
1118061.3.peg.16.site.4, 3, 142, 145
1118061.3.peg.16.site.5, 1, 132, 133
1118061.3.peg.16.site.6, 137, 139, 276
1118061.3.peg.16.site.7, 1, 123, 124
1118061.3.peg.17.site.1, 2, 147, 149
1118061.3.peg.17.site.2, 1, 147, 148
1118061.3.peg.17.site.3, 101, 143, 244
1118061.3.peg.17.site.4, 2, 140, 142
1118061.3.peg.17.site.5, 0, 147, 147
1118061.3.peg.17.site.6, 1, 141, 142
1118061.3.peg.17.site.7, 24, 145, 169
1118061.3.peg.17.site.8, 29, 137, 166
1118061.3.peg.17.site.9, 0, 123, 123
1118061.3.peg.17.site.10, 3, 129, 132
1118061.3.peg.17.site.11, 8, 147, 155
1118061.3.peg.17.site.12, 0, 149, 149
1118061.3.peg.18.site.1, 106, 150, 256
1118061.3.peg.18.site.2, 1, 149, 150
1118061.3.peg.18.site.3, 13, 150, 163
1118061.3.peg.18.site.4, 0, 147, 147
1118061.3.peg.18.site.5, 20, 150, 170
1118061.3.peg.18.site.6, 2, 150, 152
1118061.3.peg.18.site.7, 22, 147, 169
1118061.3.peg.18.site.8, 107, 150, 257
1118061.3.peg.18.site.9, 4, 150, 154
1118061.3.peg.18.site.10, 42, 150, 192
1118061.3.peg.18.site.11, 0, 150, 150
1118061.3.peg.18.site.12, 2, 150, 152
1118061.3.peg.18.site.13, 2, 149, 151
1118061.3.peg.18.site.14, 86, 149, 235
1118061.3.peg.18.site.15, 9, 150, 159
1118061.3.peg.18.site.16, 5, 150, 155
1118061.3.peg.18.site.17, 136, 143, 279
1118061.3.peg.18.site.18, 0, 149, 149
1118061.3.peg.18.site.19, 29, 147, 176
1118061.3.peg.18.site.20, 53, 150, 203
1118061.3.peg.18.site.21, 147, 147, 294
1118061.3.peg.18.site.22, 3, 150, 153
1118061.3.peg.18.site.23, 19, 149, 168
1118061.3.peg.18.site.24, 11, 150, 161
1118061.3.peg.18.site.25, 4, 150, 154
1118061.3.peg.18.site.26, 3, 150, 153
1118061.3.peg.18.site.27, 23, 150, 173
1118061.3.peg.18.site.28, 19, 149, 168
1118061.3.peg.18.site.29, 34, 146, 180
1118061.3.peg.18.site.30, 0, 150, 150
1118061.3.peg.18.site.31, 137, 150, 287
1118061.3.peg.18.site.32, 6, 150, 156
1118061.3.peg.18.site.33, 1, 149, 150
1118061.3.peg.18.site.34, 21, 149, 170
1118061.3.peg.18.site.35, 0, 147, 147
1118061.3.peg.18.site.36, 3, 146, 149
1118061.3.peg.18.site.37, 0, 149, 149
1118061.3.peg.18.site.38, 35, 145, 180
1118061.3.peg.19.site.1, 0, 138, 138
1118061.3.peg.19.site.2, 29, 138, 167
1118061.3.peg.19.site.3, 1, 122, 123
1118061.3.peg.19.site.4, 87, 117, 204
1118061.3.peg.19.site.5, 4, 138, 142
1118061.3.peg.19.site.6, 13, 138, 151
1118061.3.peg.19.site.7, 1, 134, 135
1118061.3.peg.19.site.8, 1, 147, 148
1118061.3.peg.19.site.9, 1, 146, 147
1118061.3.peg.19.site.10, 2, 149, 151
1118061.3.peg.19.site.11, 143, 143, 286
1118061.3.peg.19.site.12, 2, 142, 144
1118061.3.peg.19.site.13, 33, 140, 173
1118061.3.peg.2458.site.1, 2, 149, 151
1118061.3.peg.2458.site.2, 6, 149, 155
1118061.3.peg.2458.site.3, 124, 148, 272
1118061.3.peg.2458.site.4, 1, 150, 151
1118061.3.peg.2458.site.5, 0, 149, 149
1118061.3.peg.2458.site.6, 0, 150, 150
1118061.3.peg.2459.site.1, 2, 149, 151
1118061.3.peg.2459.site.2, 0, 147, 147
1118061.3.peg.2459.site.3, 2, 128, 130
1118061.3.peg.2459.site.4, 11, 95, 106
1118061.3.peg.2459.site.5, 120, 130, 250
1118061.3.peg.2459.site.6, 132, 139, 271
1118061.3.peg.2459.site.7, 0, 140, 140
1118061.3.peg.2459.site.8, 19, 114, 133
1118061.3.peg.2459.site.9, 83, 108, 191
1118061.3.peg.2459.site.10, 3, 142, 145
1118061.3.peg.2459.site.11, 20, 146, 166
1118061.3.peg.2459.site.12, 2, 147, 149
1118061.3.peg.2585.site.1, 3, 120, 123
1118061.3.peg.2585.site.2, 29, 118, 147
1118061.3.peg.2585.site.3, 1, 115, 116
1118061.3.peg.2585.site.4, 1, 143, 144
1118061.3.peg.2585.site.5, 43, 145, 188
1118061.3.peg.2585.site.6, 35, 145, 180
1118061.3.peg.2585.site.7, 0, 145, 145
1118061.3.peg.2585.site.8, 2, 143, 145
1118061.3.peg.497.site.1, 0, 150, 150
1118061.3.peg.497.site.2, 0, 150, 150
1118061.3.peg.497.site.3, 0, 149, 149
1118061.3.peg.497.site.4, 0, 149, 149
1118061.3.peg.497.site.5, 0, 150, 150
1118061.3.peg.497.site.6, 82, 150, 232
1118061.3.peg.497.site.7, 80, 150, 230
1118061.3.peg.497.site.8, 0, 149, 149
1118061.3.peg.497.site.9, 0, 150, 150
1118061.3.peg.497.site.10, 2, 150, 152
1118061.3.peg.497.site.11, 3, 148, 151
1118061.3.peg.497.site.12, 3, 149, 152
1118061.3.peg.497.site.13, 30, 148, 178
1118061.3.peg.497.site.14, 30, 148, 178
1118061.3.peg.497.site.15, 3, 149, 152
1118061.3.peg.497.site.16, 3, 149, 152
1118061.3.peg.497.site.17, 3, 147, 150
1118061.3.peg.497.site.18, 64, 144, 208
1118061.3.peg.497.site.19, 28, 143, 171
1118061.3.peg.497.site.20, 3, 144, 147
1118061.3.peg.497.site.21, 2, 138, 140
1118061.3.peg.497.site.22, 56, 141, 197
1118061.3.peg.497.site.23, 3, 140, 143
1118061.3.peg.497.site.24, 2, 150, 152
1118061.3.peg.497.site.25, 47, 146, 193
1118061.3.peg.497.site.26, 14, 144, 158
1118061.3.peg.497.site.27, 2, 143, 145
1118061.3.peg.497.site.28, 48, 140, 188
1118061.3.peg.497.site.29, 14, 145, 159
1118061.3.peg.496.site.1, 1, 149, 150
1118061.3.peg.496.site.2, 0, 150, 150
1118061.3.peg.496.site.3, 48, 149, 197
1118061.3.peg.496.site.4, 40, 149, 189
1118061.3.peg.496.site.5, 2, 144, 146
1118061.3.peg.496.site.6, 20, 145, 165
1118061.3.peg.496.site.7, 66, 149, 215
1118061.3.peg.496.site.8, 0, 150, 150
1118061.3.peg.496.site.9, 35, 149, 184
1118061.3.peg.496.site.10, 4, 147, 151
1118061.3.peg.493.site.1, 0, 148, 148
1118061.3.peg.493.site.2, 2, 147, 149
1118061.3.peg.493.site.3, 32, 131, 163
1118061.3.peg.493.site.4, 2, 143, 145
1118061.3.peg.493.site.5, 4, 147, 151
1118061.3.peg.493.site.6, 8, 146, 154
1118061.3.peg.493.site.7, 22, 131, 153
1118061.3.peg.493.site.8, 1, 128, 129
1118061.3.peg.493.site.9, 1, 125, 126
1118061.3.peg.493.site.10, 59, 125, 184
1118061.3.peg.493.site.11, 1, 134, 135
1118061.3.peg.493.site.12, 87, 136, 223
1118061.3.peg.493.site.13, 11, 136, 147
1118061.3.peg.493.site.14, 8, 140, 148
1118061.3.peg.493.site.15, 85, 149, 234
1118061.3.peg.493.site.16, 0, 148, 148
1118061.3.peg.493.site.17, 55, 149, 204
1118061.3.peg.493.site.18, 17, 150, 167
1118061.3.peg.493.site.19, 32, 150, 182
1118061.3.peg.493.site.20, 2, 149, 151
1118061.3.peg.493.site.21, 0, 149, 149
1118061.3.peg.493.site.22, 22, 135, 157
1118061.3.peg.493.site.23, 7, 149, 156
1118061.3.peg.492.site.1, 29, 150, 179
1118061.3.peg.492.site.2, 29, 149, 178
1118061.3.peg.492.site.3, 1, 146, 147
1118061.3.peg.492.site.4, 3, 145, 148
1118061.3.peg.492.site.5, 70, 145, 215
1118061.3.peg.492.site.6, 8, 143, 151
1118061.3.peg.492.site.7, 2, 140, 142
1118061.3.peg.2584.site.1, 2, 143, 145
1118061.3.peg.2584.site.2, 13, 133, 146
1118061.3.peg.2584.site.3, 13, 120, 133
1118061.3.peg.2584.site.4, 13, 129, 142
1118061.3.peg.2584.site.5, 1, 132, 133
1118061.3.peg.2584.site.6, 2, 136, 138
1118061.3.peg.2584.site.7, 44, 144, 188
1118061.3.peg.2584.site.8, 10, 148, 158
1118061.3.peg.2584.site.9, 78, 148, 226
1118061.3.peg.2584.site.10, 15, 148, 163
1118061.3.peg.2584.site.11, 143, 149, 292
1118061.3.peg.2584.site.12, 0, 149, 149
1118061.3.peg.2584.site.13, 84, 143, 227
1118061.3.peg.2584.site.14, 6, 145, 151
1118061.3.peg.2584.site.15, 52, 132, 184
1118061.3.peg.2584.site.16, 3, 147, 150
1118061.3.peg.2584.site.17, 2, 150, 152
1118061.3.peg.2584.site.18, 3, 150, 153
1118061.3.peg.2584.site.19, 0, 150, 150
1118061.3.peg.2584.site.20, 0, 150, 150
1118061.3.peg.490.site.1, 45, 144, 189
1118061.3.peg.490.site.2, 0, 145, 145
1118061.3.peg.490.site.3, 48, 148, 196
1118061.3.peg.490.site.4, 146, 146, 292
1118061.3.peg.490.site.5, 93, 143, 236
1118061.3.peg.490.site.6, 1, 143, 144
1118061.3.peg.490.site.7, 48, 148, 196
1118061.3.peg.490.site.8, 46, 143, 189
1118061.3.peg.490.site.9, 44, 140, 184
1118061.3.peg.490.site.10, 3, 142, 145
1118061.3.peg.490.site.11, 11, 138, 149
1118061.3.peg.490.site.12, 0, 141, 141
1118061.3.peg.490.site.13, 116, 144, 260
1118061.3.peg.490.site.14, 24, 146, 170
1118061.3.peg.490.site.15, 2, 147, 149
1118061.3.peg.490.site.16, 3, 149, 152
1118061.3.peg.490.site.17, 21, 149, 170
1118061.3.peg.490.site.18, 43, 150, 193
1118061.3.peg.490.site.19, 13, 149, 162
1118061.3.peg.490.site.20, 3, 150, 153
1118061.3.peg.490.site.21, 78, 149, 227
1118061.3.peg.490.site.22, 78, 149, 227
1118061.3.peg.490.site.23, 1, 149, 150
1118061.3.peg.490.site.24, 14, 149, 163
1118061.3.peg.1169.site.1, 11, 147, 158
1118061.3.peg.1169.site.2, 0, 146, 146
1118061.3.peg.1169.site.3, 3, 149, 152
1118061.3.peg.1169.site.4, 38, 149, 187
1118061.3.peg.1169.site.5, 0, 146, 146
1118061.3.peg.1169.site.6, 0, 143, 143
1118061.3.peg.1169.site.7, 144, 144, 288
1118061.3.peg.1169.site.8, 1, 144, 145
1118061.3.peg.1169.site.9, 2, 138, 140
1118061.3.peg.1169.site.10, 2, 147, 149
1118061.3.peg.1169.site.11, 2, 145, 147
1118061.3.peg.1169.site.12, 4, 139, 143
1118061.3.peg.1169.site.13, 119, 119, 238
1118061.3.peg.1169.site.14, 39, 136, 175
1118061.3.peg.1169.site.15, 25, 135, 160
1118061.3.peg.1169.site.16, 82, 137, 219
1118061.3.peg.1169.site.17, 2, 123, 125
1118061.3.peg.1169.site.18, 2, 145, 147
1118061.3.peg.1169.site.19, 1, 150, 151
1118061.3.peg.1169.site.20, 3, 150, 153
1118061.3.peg.1169.site.21, 61, 147, 208
1118061.3.peg.1169.site.22, 42, 138, 180
1118061.3.peg.1169.site.23, 1, 149, 150
1118061.3.peg.1169.site.24, 1, 150, 151
1118061.3.peg.1169.site.25, 63, 149, 212
1118061.3.peg.1169.site.26, 0, 144, 144
1118061.3.peg.1169.site.27, 28, 143, 171
1118061.3.peg.1169.site.28, 31, 144, 175
1118061.3.peg.1169.site.29, 3, 144, 147
1118061.3.peg.1169.site.30, 3, 144, 147
1118061.3.peg.1169.site.31, 3, 148, 151
1118061.3.peg.1169.site.32, 10, 146, 156
1118061.3.peg.1169.site.33, 3, 144, 147
1118061.3.peg.1169.site.34, 24, 141, 165
1118061.3.peg.1169.site.35, 0, 135, 135
1118061.3.peg.1169.site.36, 1, 128, 129
1118061.3.peg.1169.site.37, 3, 135, 138
1118061.3.peg.1169.site.38, 3, 146, 149
1118061.3.peg.1169.site.39, 25, 120, 145
1118061.3.peg.1169.site.40, 23, 90, 113
1118061.3.peg.1169.site.41, 2, 145, 147
1118061.3.peg.1169.site.42, 1, 142, 143
1118061.3.peg.1169.site.43, 2, 149, 151
1118061.3.peg.1169.site.44, 1, 150, 151
1118061.3.peg.1169.site.45, 0, 150, 150
1118061.3.peg.1169.site.46, 0, 149, 149
1118061.3.peg.1169.site.47, 0, 148, 148
1118061.3.peg.1169.site.48, 150, 150, 300
1118061.3.peg.1169.site.49, 2, 149, 151
1118061.3.peg.1169.site.50, 2, 150, 152
1118061.3.peg.1169.site.51, 0, 150, 150
1118061.3.peg.1168.site.1, 128, 149, 277
1118061.3.peg.1168.site.2, 1, 150, 151
1118061.3.peg.1168.site.3, 40, 148, 188
1118061.3.peg.1168.site.4, 22, 148, 170
1118061.3.peg.1168.site.5, 27, 150, 177
1118061.3.peg.1168.site.6, 2, 149, 151
1118061.3.peg.1168.site.7, 80, 149, 229
1118061.3.peg.1168.site.8, 26, 149, 175
1118061.3.peg.1168.site.9, 17, 149, 166
1118061.3.peg.1168.site.10, 18, 149, 167
1118061.3.peg.1168.site.11, 137, 150, 287
1118061.3.peg.1168.site.12, 58, 149, 207
1118061.3.peg.1168.site.13, 19, 150, 169
1118061.3.peg.1168.site.14, 6, 150, 156
1118061.3.peg.1168.site.15, 10, 150, 160
1118061.3.peg.1168.site.16, 15, 150, 165
1118061.3.peg.1168.site.17, 4, 150, 154
1118061.3.peg.1168.site.18, 0, 150, 150
1118061.3.peg.1168.site.19, 10, 150, 160
1118061.3.peg.1168.site.20, 2, 150, 152
1118061.3.peg.1168.site.21, 1, 149, 150
1118061.3.peg.1168.site.22, 3, 148, 151
1118061.3.peg.1168.site.23, 22, 149, 171
1118061.3.peg.494.site.1, 2, 150, 152
1118061.3.peg.494.site.2, 21, 149, 170
1118061.3.peg.494.site.3, 106, 149, 255
1118061.3.peg.494.site.4, 3, 148, 151
1118061.3.peg.494.site.5, 1, 136, 137
1118061.3.peg.494.site.6, 43, 147, 190
1118061.3.peg.494.site.7, 2, 145, 147
1118061.3.peg.494.site.8, 0, 150, 150
1118061.3.peg.494.site.9, 2, 148, 150
1118061.3.peg.494.site.10, 3, 150, 153
1118061.3.peg.1165.site.1, 1, 146, 147
1118061.3.peg.1165.site.2, 12, 149, 161
1118061.3.peg.1164.site.1, 20, 148, 168
1118061.3.peg.1164.site.2, 39, 145, 184
1118061.3.peg.1164.site.3, 0, 149, 149
1118061.3.peg.1167.site.1, 27, 149, 176
1118061.3.peg.1167.site.2, 21, 122, 143
1118061.3.peg.1167.site.3, 114, 141, 255
1118061.3.peg.1167.site.4, 111, 138, 249
1118061.3.peg.1167.site.5, 32, 146, 178
1118061.3.peg.1167.site.6, 2, 150, 152
1118061.3.peg.1167.site.7, 1, 150, 151
1118061.3.peg.1167.site.8, 22, 148, 170
1118061.3.peg.1167.site.9, 3, 150, 153
1118061.3.peg.1167.site.10, 0, 150, 150
1118061.3.peg.1167.site.11, 19, 150, 169
1118061.3.peg.1167.site.12, 0, 149, 149
1118061.3.peg.1167.site.13, 37, 149, 186
1118061.3.peg.1167.site.14, 0, 150, 150
1118061.3.peg.1167.site.15, 31, 146, 177
1118061.3.peg.1167.site.16, 3, 145, 148
1118061.3.peg.1167.site.17, 1, 147, 148
1118061.3.peg.1167.site.18, 129, 147, 276
1118061.3.peg.1167.site.19, 0, 149, 149
1118061.3.peg.1167.site.20, 39, 147, 186
1118061.3.peg.1167.site.21, 1, 150, 151
1118061.3.peg.1167.site.22, 2, 149, 151
1118061.3.peg.1167.site.23, 64, 145, 209
1118061.3.peg.1167.site.24, 0, 147, 147
1118061.3.peg.1167.site.25, 2, 149, 151
1118061.3.peg.1167.site.26, 2, 149, 151
1118061.3.peg.1167.site.27, 2, 148, 150
1118061.3.peg.1167.site.28, 0, 149, 149
1118061.3.peg.1167.site.29, 131, 147, 278
1118061.3.peg.1167.site.30, 18, 148, 166
1118061.3.peg.1167.site.31, 18, 148, 166
1118061.3.peg.1167.site.32, 147, 147, 294
1118061.3.peg.1167.site.33, 3, 147, 150
1118061.3.peg.1167.site.34, 1, 150, 151
1118061.3.peg.1167.site.35, 0, 150, 150
1118061.3.peg.1167.site.36, 144, 147, 291
1118061.3.peg.1167.site.37, 52, 148, 200
1118061.3.peg.1167.site.38, 68, 146, 214
1118061.3.peg.1167.site.39, 16, 148, 164
1118061.3.peg.1167.site.40, 0, 141, 141
1118061.3.peg.1167.site.41, 1, 137, 138
1118061.3.peg.1167.site.42, 68, 137, 205
1118061.3.peg.1167.site.43, 19, 137, 156
1118061.3.peg.1167.site.44, 123, 126, 249
1118061.3.peg.1167.site.45, 39, 126, 165
1118061.3.peg.1167.site.46, 0, 140, 140
1118061.3.peg.1166.site.1, 77, 149, 226
1118061.3.peg.1166.site.2, 0, 147, 147
1118061.3.peg.1166.site.3, 117, 149, 266
1118061.3.peg.1166.site.4, 65, 147, 212
1118061.3.peg.1166.site.5, 64, 147, 211
1118061.3.peg.1166.site.6, 0, 147, 147
1118061.3.peg.1166.site.7, 1, 149, 150
1118061.3.peg.1166.site.8, 0, 146, 146
1118061.3.peg.1166.site.9, 1, 149, 150
1118061.3.peg.1166.site.10, 1, 149, 150
1118061.3.peg.1166.site.11, 3, 150, 153
1118061.3.peg.1166.site.12, 25, 150, 175
1118061.3.peg.1166.site.13, 36, 149, 185
1118061.3.peg.1166.site.14, 20, 147, 167
1118061.3.peg.1166.site.15, 0, 142, 142
1118061.3.peg.1166.site.16, 143, 146, 289
1118061.3.peg.1166.site.17, 109, 148, 257
1118061.3.peg.1166.site.18, 0, 147, 147
1118061.3.peg.1166.site.19, 18, 146, 164
1118061.3.peg.1166.site.20, 47, 145, 192
1118061.3.peg.1166.site.21, 23, 144, 167
1118061.3.peg.1166.site.22, 2, 140, 142
1118061.3.peg.1166.site.23, 24, 149, 173
1118061.3.peg.1166.site.24, 3, 147, 150
1118061.3.peg.1166.site.25, 52, 147, 199
1118061.3.peg.1166.site.26, 89, 149, 238
1118061.3.peg.1166.site.27, 6, 148, 154
1118061.3.peg.1166.site.28, 10, 149, 159
1118061.3.peg.1166.site.29, 24, 140, 164
1118061.3.peg.1160.site.1, 76, 148, 224
1118061.3.peg.1160.site.2, 0, 146, 146
1118061.3.peg.1160.site.3, 14, 144, 158
1118061.3.peg.1160.site.4, 1, 148, 149
1118061.3.peg.1160.site.5, 2, 148, 150
1118061.3.peg.1160.site.6, 20, 148, 168
1118061.3.peg.1160.site.7, 1, 145, 146
1118061.3.peg.1160.site.8, 3, 147, 150
1118061.3.peg.1160.site.9, 88, 117, 205
1118061.3.peg.1163.site.1, 0, 149, 149
1118061.3.peg.1163.site.2, 105, 147, 252
1118061.3.peg.1163.site.3, 1, 148, 149
1118061.3.peg.1163.site.4, 14, 150, 164
1118061.3.peg.1163.site.5, 74, 150, 224
1118061.3.peg.1163.site.6, 84, 149, 233
1118061.3.peg.1163.site.7, 2, 148, 150
1118061.3.peg.1163.site.8, 1, 147, 148
1118061.3.peg.1163.site.9, 0, 149, 149
1118061.3.peg.1163.site.10, 88, 149, 237
1118061.3.peg.1163.site.11, 2, 147, 149
1118061.3.peg.1163.site.12, 1, 141, 142
1118061.3.peg.1163.site.13, 39, 138, 177
1118061.3.peg.1163.site.14, 0, 137, 137
1118061.3.peg.1162.site.1, 16, 116, 132
1118061.3.peg.1162.site.2, 24, 137, 161
1118061.3.peg.1162.site.3, 144, 144, 288
1118061.3.peg.1162.site.4, 26, 134, 160
1118061.3.peg.1162.site.5, 43, 148, 191
1118061.3.peg.1162.site.6, 28, 148, 176
1118061.3.peg.1162.site.7, 24, 149, 173
1118061.3.peg.1162.site.8, 31, 146, 177
1118061.3.peg.1162.site.9, 23, 145, 168
1118061.3.peg.1162.site.10, 105, 150, 255
1118061.3.peg.1162.site.11, 14, 149, 163
1118061.3.peg.1162.site.12, 14, 148, 162
1118061.3.peg.1162.site.13, 1, 150, 151
1118061.3.peg.1162.site.14, 0, 150, 150
1118061.3.peg.1162.site.15, 0, 150, 150
1118061.3.peg.1162.site.16, 14, 144, 158
1118061.3.peg.1162.site.17, 2, 145, 147
1118061.3.peg.1162.site.18, 1, 147, 148
1118061.3.peg.1162.site.19, 73, 146, 219
1118061.3.peg.1162.site.20, 148, 148, 296
1118061.3.peg.1162.site.21, 2, 148, 150
1118061.3.peg.1162.site.22, 138, 150, 288
1118061.3.peg.259.site.1, 3, 144, 147
1118061.3.peg.259.site.2, 3, 142, 145
1118061.3.peg.259.site.3, 115, 141, 256
1118061.3.peg.259.site.4, 1, 140, 141
1118061.3.peg.259.site.5, 2, 149, 151
1118061.3.peg.259.site.6, 118, 146, 264
1118061.3.peg.259.site.7, 35, 147, 182
1118061.3.peg.259.site.8, 2, 148, 150
1118061.3.peg.259.site.9, 0, 149, 149
1118061.3.peg.259.site.10, 3, 150, 153
1118061.3.peg.259.site.11, 0, 149, 149
1118061.3.peg.259.site.12, 1, 150, 151
1118061.3.peg.259.site.13, 5, 150, 155
1118061.3.peg.259.site.14, 24, 150, 174
1118061.3.peg.259.site.15, 64, 149, 213
1118061.3.peg.259.site.16, 18, 150, 168
1118061.3.peg.259.site.17, 0, 150, 150
1118061.3.peg.259.site.18, 0, 147, 147
1118061.3.peg.259.site.19, 1, 148, 149
1118061.3.peg.259.site.20, 1, 147, 148
1118061.3.peg.259.site.21, 27, 150, 177
1118061.3.peg.259.site.22, 1, 150, 151
1118061.3.peg.259.site.23, 37, 150, 187
1118061.3.peg.259.site.24, 50, 149, 199
1118061.3.peg.259.site.25, 125, 148, 273
1118061.3.peg.259.site.26, 0, 136, 136
1118061.3.peg.259.site.27, 39, 124, 163
1118061.3.peg.259.site.28, 1, 143, 144
1118061.3.peg.259.site.29, 1, 148, 149
1118061.3.peg.259.site.30, 49, 148, 197
1118061.3.peg.259.site.31, 0, 146, 146
1118061.3.peg.259.site.32, 82, 146, 228
1118061.3.peg.259.site.33, 49, 147, 196
1118061.3.peg.259.site.34, 11, 149, 160
1118061.3.peg.259.site.35, 3, 145, 148
1118061.3.peg.259.site.36, 140, 148, 288
1118061.3.peg.259.site.37, 0, 149, 149
1118061.3.peg.259.site.38, 2, 148, 150
1118061.3.peg.259.site.39, 2, 150, 152
1118061.3.peg.499.site.1, 42, 144, 186
1118061.3.peg.499.site.2, 1, 138, 139
1118061.3.peg.499.site.3, 148, 148, 296
1118061.3.peg.499.site.4, 18, 149, 167
1118061.3.peg.499.site.5, 8, 149, 157
1118061.3.peg.499.site.6, 5, 150, 155
1118061.3.peg.499.site.7, 0, 150, 150
1118061.3.peg.499.site.8, 3, 150, 153
1118061.3.peg.499.site.9, 2, 150, 152
1118061.3.peg.499.site.10, 0, 145, 145
1118061.3.peg.499.site.11, 31, 142, 173
1118061.3.peg.499.site.12, 2, 144, 146
1118061.3.peg.499.site.13, 2, 144, 146
1118061.3.peg.499.site.14, 18, 147, 165
1118061.3.peg.499.site.15, 146, 150, 296
1118061.3.peg.499.site.16, 145, 145, 290
1118061.3.peg.499.site.17, 146, 146, 292
1118061.3.peg.499.site.18, 42, 144, 186
1118061.3.peg.499.site.19, 92, 147, 239
1118061.3.peg.499.site.20, 0, 149, 149
1118061.3.peg.499.site.21, 0, 146, 146
1118061.3.peg.499.site.22, 10, 146, 156
1118061.3.peg.499.site.23, 1, 143, 144
1118061.3.peg.499.site.24, 0, 144, 144
1118061.3.peg.499.site.25, 1, 148, 149
1118061.3.peg.499.site.26, 85, 142, 227
1118061.3.peg.499.site.27, 0, 149, 149
1118061.3.peg.498.site.1, 2, 149, 151
1118061.3.peg.498.site.2, 3, 150, 153
1118061.3.peg.498.site.3, 21, 147, 168
1118061.3.peg.498.site.4, 1, 149, 150
1118061.3.peg.498.site.5, 2, 149, 151
1118061.3.peg.498.site.6, 27, 143, 170
1118061.3.peg.498.site.7, 15, 146, 161
1118061.3.peg.498.site.8, 12, 146, 158
1118061.3.peg.498.site.9, 28, 146, 174
1118061.3.peg.498.site.10, 26, 145, 171
1118061.3.peg.498.site.11, 2, 147, 149
1118061.3.peg.498.site.12, 2, 149, 151
1118061.3.peg.498.site.13, 1, 148, 149
1118061.3.peg.498.site.14, 74, 149, 223
1118061.3.peg.498.site.15, 2, 149, 151
1118061.3.peg.498.site.16, 31, 149, 180
1118061.3.peg.498.site.17, 21, 150, 171
1118061.3.peg.498.site.18, 2, 149, 151
1118061.3.peg.498.site.19, 1, 148, 149
1118061.3.peg.498.site.20, 3, 149, 152
1118061.3.peg.498.site.21, 4, 150, 154
1118061.3.peg.498.site.22, 146, 150, 296
1118061.3.peg.498.site.23, 0, 150, 150
1118061.3.peg.498.site.24, 1, 150, 151
1118061.3.peg.498.site.25, 150, 150, 300
1118061.3.peg.498.site.26, 121, 150, 271
1118061.3.peg.498.site.27, 41, 148, 189
1118061.3.peg.498.site.28, 1, 149, 150
1118061.3.peg.498.site.29, 70, 149, 219
1118061.3.peg.498.site.30, 8, 150, 158
1118061.3.peg.498.site.31, 1, 149, 150
1118061.3.peg.498.site.32, 1, 150, 151
1118061.3.peg.498.site.33, 15, 149, 164
1118061.3.peg.498.site.34, 48, 146, 194
1118061.3.peg.498.site.35, 0, 139, 139
1118061.3.peg.498.site.36, 0, 138, 138
1118061.3.peg.498.site.37, 150, 150, 300
1118061.3.peg.498.site.38, 38, 150, 188
1118061.3.peg.498.site.39, 72, 146, 218
1118061.3.peg.498.site.40, 3, 149, 152
1118061.3.peg.498.site.41, 38, 148, 186
1118061.3.peg.498.site.42, 1, 149, 150
1118061.3.peg.498.site.43, 148, 150, 298
1118061.3.peg.498.site.44, 105, 149, 254
1118061.3.peg.498.site.45, 1, 150, 151
1118061.3.peg.498.site.46, 1, 149, 150
1118061.3.peg.498.site.47, 25, 149, 174
1118061.3.peg.498.site.48, 3, 142, 145
1118061.3.peg.498.site.49, 3, 141, 144
1118061.3.peg.498.site.50, 1, 137, 138
1118061.3.peg.498.site.51, 1, 137, 138
1118061.3.peg.498.site.52, 1, 136, 137
1118061.3.peg.498.site.53, 24, 138, 162
1118061.3.peg.498.site.54, 84, 143, 227
1118061.3.peg.498.site.55, 11, 146, 157
1118061.3.peg.498.site.56, 3, 148, 151
1118061.3.peg.498.site.57, 143, 145, 288
1118061.3.peg.498.site.58, 1, 145, 146
1118061.3.peg.498.site.59, 3, 150, 153
1118061.3.peg.498.site.60, 64, 144, 208
1118061.3.peg.498.site.61, 3, 143, 146
1118061.3.peg.498.site.62, 28, 138, 166
1118061.3.peg.498.site.63, 2, 133, 135
1118061.3.peg.498.site.64, 6, 140, 146
1118061.3.peg.498.site.65, 20, 146, 166
1118061.3.peg.498.site.66, 38, 148, 186
1118061.3.peg.498.site.67, 2, 148, 150
1118061.3.peg.498.site.68, 0, 149, 149
1118061.3.peg.498.site.69, 2, 148, 150
1118061.3.peg.498.site.70, 0, 149, 149
1118061.3.peg.498.site.71, 0, 149, 149
1118061.3.peg.498.site.72, 2, 146, 148
1118061.3.peg.498.site.73, 1, 147, 148
1118061.3.peg.498.site.74, 3, 150, 153
1118061.3.peg.498.site.75, 2, 150, 152
1118061.3.peg.498.site.76, 83, 131, 214
1118061.3.peg.498.site.77, 1, 146, 147
1118061.3.peg.498.site.78, 13, 149, 162
1118061.3.peg.498.site.79, 3, 150, 153
1118061.3.peg.498.site.80, 0, 149, 149
1118061.3.peg.1003.site.1, 76, 100, 176
1118061.3.peg.1003.site.2, 5, 88, 93
1118061.3.peg.1003.site.3, 20, 96, 116
1118061.3.peg.1003.site.4, 0, 136, 136
1118061.3.peg.1003.site.5, 3, 138, 141
1118061.3.peg.1003.site.6, 60, 129, 189
1118061.3.peg.1003.site.7, 54, 126, 180
1118061.3.peg.1003.site.8, 10, 143, 153
1118061.3.peg.1248.site.1, 4, 149, 153
1118061.3.peg.1248.site.2, 18, 148, 166
1118061.3.peg.1248.site.3, 35, 147, 182
1118061.3.peg.1248.site.4, 12, 150, 162
1118061.3.peg.1248.site.5, 1, 150, 151
1118061.3.peg.1248.site.6, 55, 150, 205
1118061.3.peg.1248.site.7, 6, 150, 156
1118061.3.peg.1248.site.8, 3, 150, 153
1118061.3.peg.2588.site.1, 94, 149, 243
1118061.3.peg.2588.site.2, 47, 143, 190
1118061.3.peg.2588.site.3, 1, 148, 149
1118061.3.peg.2588.site.4, 1, 139, 140
1118061.3.peg.2588.site.5, 0, 140, 140
1118061.3.peg.2589.site.1, 9, 147, 156
1118061.3.peg.2589.site.2, 8, 148, 156
1118061.3.peg.2589.site.3, 0, 149, 149
1118061.3.peg.2589.site.4, 22, 149, 171
1118061.3.peg.677.site.1, 2, 149, 151
1118061.3.peg.677.site.2, 124, 124, 248
1118061.3.peg.677.site.3, 0, 139, 139
1118061.3.peg.677.site.4, 1, 146, 147
1118061.3.peg.677.site.5, 2, 150, 152
1118061.3.peg.677.site.6, 5, 149, 154
1118061.3.peg.677.site.7, 132, 149, 281
1118061.3.peg.677.site.8, 0, 150, 150
1118061.3.peg.677.site.9, 1, 150, 151
1118061.3.peg.677.site.10, 2, 149, 151
1118061.3.peg.677.site.11, 2, 147, 149
1118061.3.peg.676.site.1, 20, 149, 169
1118061.3.peg.676.site.2, 1, 147, 148
1118061.3.peg.676.site.3, 3, 145, 148
1118061.3.peg.676.site.4, 3, 140, 143
1118061.3.peg.676.site.5, 1, 144, 145
1118061.3.peg.676.site.6, 3, 147, 150
1118061.3.peg.676.site.7, 2, 149, 151
1118061.3.peg.676.site.8, 2, 128, 130
1118061.3.peg.676.site.9, 3, 134, 137
1118061.3.peg.676.site.10, 0, 131, 131
1118061.3.peg.676.site.11, 37, 130, 167
1118061.3.peg.676.site.12, 3, 135, 138
1118061.3.peg.676.site.13, 3, 135, 138
1118061.3.peg.676.site.14, 56, 136, 192
1118061.3.peg.676.site.15, 17, 145, 162
1118061.3.peg.676.site.16, 4, 140, 144
1118061.3.peg.676.site.17, 8, 142, 150
1118061.3.peg.676.site.18, 7, 141, 148
1118061.3.peg.676.site.19, 12, 149, 161
1118061.3.peg.676.site.20, 1, 149, 150
1118061.3.peg.676.site.21, 21, 149, 170
1118061.3.peg.676.site.22, 3, 150, 153
1118061.3.peg.676.site.23, 45, 150, 195
1118061.3.peg.675.site.1, 7, 148, 155
1118061.3.peg.675.site.2, 4, 147, 151
1118061.3.peg.675.site.3, 4, 144, 148
1118061.3.peg.675.site.4, 2, 137, 139
1118061.3.peg.675.site.5, 4, 130, 134
1118061.3.peg.675.site.6, 132, 132, 264
1118061.3.peg.675.site.7, 8, 132, 140
1118061.3.peg.675.site.8, 1, 141, 142
1118061.3.peg.675.site.9, 132, 139, 271
1118061.3.peg.675.site.10, 1, 120, 121
1118061.3.peg.675.site.11, 0, 146, 146
1118061.3.peg.675.site.12, 86, 145, 231
1118061.3.peg.674.site.1, 34, 148, 182
1118061.3.peg.674.site.2, 45, 148, 193
1118061.3.peg.674.site.3, 0, 147, 147
1118061.3.peg.674.site.4, 39, 135, 174
1118061.3.peg.674.site.5, 2, 142, 144
1118061.3.peg.674.site.6, 79, 142, 221
1118061.3.peg.674.site.7, 44, 141, 185
1118061.3.peg.674.site.8, 94, 145, 239
1118061.3.peg.674.site.9, 3, 145, 148
1118061.3.peg.674.site.10, 83, 137, 220
1118061.3.peg.674.site.11, 8, 143, 151
1118061.3.peg.674.site.12, 80, 150, 230
1118061.3.peg.674.site.13, 66, 150, 216
1118061.3.peg.674.site.14, 136, 136, 272
1118061.3.peg.674.site.15, 0, 143, 143
1118061.3.peg.674.site.16, 3, 150, 153
1118061.3.peg.674.site.17, 0, 149, 149
1118061.3.peg.674.site.18, 28, 149, 177
1118061.3.peg.674.site.19, 2, 149, 151
1118061.3.peg.674.site.20, 3, 150, 153
1118061.3.peg.674.site.21, 42, 148, 190
1118061.3.peg.674.site.22, 6, 150, 156
1118061.3.peg.674.site.23, 2, 150, 152
1118061.3.peg.1015.site.1, 2, 147, 149
1118061.3.peg.1015.site.2, 0, 145, 145
1118061.3.peg.1015.site.3, 27, 150, 177
1118061.3.peg.1015.site.4, 61, 149, 210
1118061.3.peg.1015.site.5, 48, 146, 194
1118061.3.peg.1015.site.6, 89, 147, 236
1118061.3.peg.1015.site.7, 1, 149, 150
1118061.3.peg.1015.site.8, 6, 141, 147
1118061.3.peg.1015.site.9, 0, 149, 149
1118061.3.peg.1000.site.1, 0, 150, 150
1118061.3.peg.671.site.1, 0, 150, 150
1118061.3.peg.671.site.2, 0, 150, 150
1118061.3.peg.671.site.3, 0, 149, 149
1118061.3.peg.671.site.4, 2, 150, 152
1118061.3.peg.671.site.5, 115, 149, 264
1118061.3.peg.671.site.6, 11, 149, 160
1118061.3.peg.671.site.7, 1, 147, 148
1118061.3.peg.671.site.8, 1, 149, 150
1118061.3.peg.671.site.9, 74, 148, 222
1118061.3.peg.671.site.10, 33, 150, 183
1118061.3.peg.671.site.11, 0, 150, 150
1118061.3.peg.671.site.12, 52, 150, 202
1118061.3.peg.671.site.13, 5, 150, 155
1118061.3.peg.671.site.14, 0, 148, 148
1118061.3.peg.671.site.15, 29, 150, 179
1118061.3.peg.671.site.16, 40, 149, 189
1118061.3.peg.671.site.17, 150, 150, 300
1118061.3.peg.671.site.18, 0, 147, 147
1118061.3.peg.671.site.19, 150, 150, 300
1118061.3.peg.671.site.20, 0, 149, 149
1118061.3.peg.671.site.21, 62, 148, 210
1118061.3.peg.671.site.22, 42, 149, 191
1118061.3.peg.671.site.23, 1, 150, 151
1118061.3.peg.671.site.24, 8, 148, 156
1118061.3.peg.671.site.25, 4, 149, 153
1118061.3.peg.671.site.26, 1, 149, 150
1118061.3.peg.671.site.27, 10, 127, 137
1118061.3.peg.671.site.28, 4, 130, 134
1118061.3.peg.671.site.29, 43, 141, 184
1118061.3.peg.671.site.30, 147, 147, 294
1118061.3.peg.671.site.31, 7, 150, 157
1118061.3.peg.671.site.32, 1, 150, 151
1118061.3.peg.671.site.33, 117, 149, 266
1118061.3.peg.671.site.34, 135, 150, 285
1118061.3.peg.671.site.35, 0, 149, 149
1118061.3.peg.671.site.36, 12, 149, 161
1118061.3.peg.671.site.37, 138, 149, 287
1118061.3.peg.671.site.38, 43, 148, 191
1118061.3.peg.671.site.39, 8, 149, 157
1118061.3.peg.671.site.40, 2, 149, 151
1118061.3.peg.671.site.41, 82, 148, 230
1118061.3.peg.671.site.42, 121, 149, 270
1118061.3.peg.671.site.43, 1, 148, 149
1118061.3.peg.671.site.44, 135, 150, 285
1118061.3.peg.671.site.45, 1, 150, 151
1118061.3.peg.671.site.46, 32, 139, 171
1118061.3.peg.1016.site.1, 0, 150, 150
1118061.3.peg.1016.site.2, 3, 149, 152
1118061.3.peg.1016.site.3, 1, 150, 151
1118061.3.peg.1016.site.4, 18, 149, 167
1118061.3.peg.1016.site.5, 2, 150, 152
1118061.3.peg.1016.site.6, 31, 147, 178
1118061.3.peg.1016.site.7, 3, 147, 150
1118061.3.peg.1016.site.8, 0, 147, 147
1118061.3.peg.1016.site.9, 25, 149, 174
1118061.3.peg.1016.site.10, 7, 149, 156
1118061.3.peg.1016.site.11, 3, 145, 148
1118061.3.peg.1016.site.12, 9, 146, 155
1118061.3.peg.1016.site.13, 0, 147, 147
1118061.3.peg.1016.site.14, 148, 148, 296
1118061.3.peg.1016.site.15, 17, 145, 162
1118061.3.peg.1016.site.16, 10, 143, 153
1118061.3.peg.1016.site.17, 3, 141, 144
1118061.3.peg.1016.site.18, 103, 144, 247
1118061.3.peg.1016.site.19, 69, 147, 216
1118061.3.peg.1016.site.20, 0, 149, 149
1118061.3.peg.1018.site.1, 0, 150, 150
1118061.3.peg.1018.site.2, 1, 148, 149
1118061.3.peg.1018.site.3, 22, 149, 171
1118061.3.peg.1018.site.4, 9, 148, 157
1118061.3.peg.1018.site.5, 22, 146, 168
1118061.3.peg.1018.site.6, 15, 150, 165
1118061.3.peg.1018.site.7, 3, 147, 150
1118061.3.peg.679.site.1, 0, 150, 150
1118061.3.peg.679.site.2, 92, 149, 241
1118061.3.peg.679.site.3, 0, 148, 148
1118061.3.peg.679.site.4, 29, 150, 179
1118061.3.peg.679.site.5, 101, 148, 249
1118061.3.peg.679.site.6, 3, 150, 153
1118061.3.peg.679.site.7, 44, 144, 188
1118061.3.peg.679.site.8, 28, 147, 175
1118061.3.peg.679.site.9, 0, 144, 144
1118061.3.peg.679.site.10, 50, 145, 195
1118061.3.peg.679.site.11, 4, 143, 147
1118061.3.peg.679.site.12, 1, 140, 141
1118061.3.peg.679.site.13, 136, 137, 273
1118061.3.peg.679.site.14, 0, 150, 150
1118061.3.peg.679.site.15, 0, 144, 144
1118061.3.peg.679.site.16, 5, 148, 153
1118061.3.peg.679.site.17, 33, 149, 182
1118061.3.peg.679.site.18, 42, 150, 192
1118061.3.peg.679.site.19, 2, 150, 152
1118061.3.peg.679.site.20, 2, 150, 152
1118061.3.peg.679.site.21, 2, 150, 152
1118061.3.peg.679.site.22, 2, 150, 152
1118061.3.peg.679.site.23, 18, 149, 167
1118061.3.peg.679.site.24, 0, 149, 149
1118061.3.peg.679.site.25, 2, 150, 152
1118061.3.peg.679.site.26, 3, 150, 153
1118061.3.peg.679.site.27, 27, 150, 177
1118061.3.peg.679.site.28, 3, 137, 140
1118061.3.peg.679.site.29, 4, 149, 153
1118061.3.peg.679.site.30, 18, 148, 166
1118061.3.peg.678.site.1, 5, 150, 155
1118061.3.peg.678.site.2, 9, 150, 159
1118061.3.peg.678.site.3, 46, 149, 195
1118061.3.peg.678.site.4, 10, 150, 160
1118061.3.peg.678.site.5, 2, 150, 152
1118061.3.peg.678.site.6, 2, 149, 151
1118061.3.peg.678.site.7, 1, 150, 151
1118061.3.peg.678.site.8, 108, 149, 257
1118061.3.peg.678.site.9, 3, 150, 153
1118061.3.peg.1001.site.1, 1, 139, 140
1118061.3.peg.1001.site.2, 1, 136, 137
1118061.3.peg.1001.site.3, 2, 126, 128
1118061.3.peg.1001.site.4, 19, 136, 155
1118061.3.peg.1001.site.5, 1, 138, 139
1118061.3.peg.1001.site.6, 11, 134, 145
1118061.3.peg.1001.site.7, 0, 126, 126
1118061.3.peg.1001.site.8, 23, 128, 151
1118061.3.peg.1001.site.9, 55, 117, 172
1118061.3.peg.101.site.1, 23, 147, 170
1118061.3.peg.101.site.2, 56, 144, 200
1118061.3.peg.101.site.3, 15, 123, 138
1118061.3.peg.101.site.4, 0, 138, 138
1118061.3.peg.101.site.5, 36, 149, 185
1118061.3.peg.101.site.6, 20, 149, 169
1118061.3.peg.101.site.7, 62, 148, 210
1118061.3.peg.101.site.8, 111, 145, 256
1118061.3.peg.101.site.9, 21, 142, 163
1118061.3.peg.101.site.10, 110, 147, 257
1118061.3.peg.101.site.11, 81, 145, 226
1118061.3.peg.101.site.12, 19, 142, 161
1118061.3.peg.101.site.13, 4, 141, 145
1118061.3.peg.101.site.14, 15, 140, 155
1118061.3.peg.101.site.15, 141, 141, 282
1118061.3.peg.101.site.16, 4, 137, 141
1118061.3.peg.101.site.17, 2, 113, 115
1118061.3.peg.101.site.18, 127, 130, 257
1118061.3.peg.101.site.19, 4, 131, 135
1118061.3.peg.101.site.20, 38, 110, 148
1118061.3.peg.101.site.21, 2, 129, 131
1118061.3.peg.101.site.22, 0, 147, 147
1118061.3.peg.100.site.1, 20, 105, 125
1118061.3.peg.100.site.2, 59, 98, 157
1118061.3.peg.100.site.3, 4, 100, 104
1118061.3.peg.100.site.4, 1, 72, 73
1118061.3.peg.100.site.5, 9, 87, 96
1118061.3.peg.100.site.6, 18, 115, 133
1118061.3.peg.100.site.7, 1, 143, 144
1118061.3.peg.100.site.8, 22, 142, 164
1118061.3.peg.100.site.9, 1, 147, 148
1118061.3.peg.100.site.10, 6, 140, 146
1118061.3.peg.100.site.11, 15, 135, 150
1118061.3.peg.100.site.12, 58, 116, 174
1118061.3.peg.100.site.13, 3, 114, 117
1118061.3.peg.100.site.14, 1, 111, 112
1118061.3.peg.100.site.15, 3, 139, 142
1118061.3.peg.100.site.16, 1, 147, 148
1118061.3.peg.100.site.17, 4, 150, 154
1118061.3.peg.100.site.18, 19, 148, 167
1118061.3.peg.100.site.19, 19, 145, 164
1118061.3.peg.100.site.20, 23, 137, 160
1118061.3.peg.100.site.21, 2, 146, 148
1118061.3.peg.100.site.22, 1, 144, 145
1118061.3.peg.103.site.1, 22, 148, 170
1118061.3.peg.103.site.2, 52, 148, 200
1118061.3.peg.103.site.3, 120, 149, 269
1118061.3.peg.103.site.4, 9, 150, 159
1118061.3.peg.103.site.5, 5, 150, 155
1118061.3.peg.103.site.6, 150, 150, 300
1118061.3.peg.103.site.7, 2, 149, 151
1118061.3.peg.103.site.8, 0, 148, 148
1118061.3.peg.103.site.9, 10, 147, 157
1118061.3.peg.103.site.10, 1, 147, 148
1118061.3.peg.103.site.11, 32, 147, 179
1118061.3.peg.102.site.1, 1, 148, 149
1118061.3.peg.102.site.2, 32, 139, 171
1118061.3.peg.102.site.3, 1, 141, 142
1118061.3.peg.102.site.4, 97, 142, 239
1118061.3.peg.102.site.5, 15, 134, 149
1118061.3.peg.102.site.6, 41, 147, 188
1118061.3.peg.102.site.7, 148, 148, 296
1118061.3.peg.102.site.8, 142, 142, 284
1118061.3.peg.102.site.9, 45, 143, 188
1118061.3.peg.102.site.10, 120, 142, 262
1118061.3.peg.102.site.11, 0, 141, 141
1118061.3.peg.102.site.12, 1, 143, 144
1118061.3.peg.102.site.13, 0, 149, 149
1118061.3.peg.102.site.14, 1, 149, 150
1118061.3.peg.102.site.15, 1, 150, 151
1118061.3.peg.102.site.16, 1, 150, 151
1118061.3.peg.102.site.17, 35, 149, 184
1118061.3.peg.102.site.18, 2, 148, 150
1118061.3.peg.102.site.19, 32, 149, 181
1118061.3.peg.102.site.20, 12, 150, 162
1118061.3.peg.102.site.21, 0, 149, 149
1118061.3.peg.102.site.22, 20, 149, 169
1118061.3.peg.105.site.1, 0, 148, 148
1118061.3.peg.105.site.2, 14, 150, 164
1118061.3.peg.105.site.3, 0, 148, 148
1118061.3.peg.105.site.4, 144, 150, 294
1118061.3.peg.105.site.5, 22, 148, 170
1118061.3.peg.105.site.6, 129, 148, 277
1118061.3.peg.1690.site.1, 0, 150, 150
1118061.3.peg.1690.site.2, 1, 144, 145
1118061.3.peg.1690.site.3, 1, 144, 145
1118061.3.peg.1690.site.4, 0, 140, 140
1118061.3.peg.1690.site.5, 6, 145, 151
1118061.3.peg.1690.site.6, 6, 145, 151
1118061.3.peg.1690.site.7, 0, 146, 146
1118061.3.peg.1690.site.8, 9, 147, 156
1118061.3.peg.1690.site.9, 3, 147, 150
1118061.3.peg.1690.site.10, 0, 148, 148
1118061.3.peg.1690.site.11, 1, 147, 148
1118061.3.peg.1690.site.12, 2, 140, 142
1118061.3.peg.1690.site.13, 0, 146, 146
1118061.3.peg.1690.site.14, 4, 139, 143
1118061.3.peg.1690.site.15, 52, 134, 186
1118061.3.peg.1690.site.16, 1, 148, 149
1118061.3.peg.1690.site.17, 0, 149, 149
1118061.3.peg.1690.site.18, 0, 150, 150
1118061.3.peg.1690.site.19, 0, 150, 150
1118061.3.peg.1690.site.20, 0, 150, 150
1118061.3.peg.106.site.1, 2, 147, 149
1118061.3.peg.106.site.2, 2, 139, 141
1118061.3.peg.106.site.3, 0, 139, 139
1118061.3.peg.106.site.4, 11, 144, 155
1118061.3.peg.106.site.5, 0, 116, 116
1118061.3.peg.106.site.6, 3, 121, 124
1118061.3.peg.106.site.7, 10, 131, 141
1118061.3.peg.106.site.8, 18, 123, 141
1118061.3.peg.106.site.9, 36, 94, 130
1118061.3.peg.106.site.10, 23, 99, 122
1118061.3.peg.106.site.11, 0, 114, 114
1118061.3.peg.106.site.12, 3, 148, 151
1118061.3.peg.106.site.13, 0, 149, 149
1118061.3.peg.106.site.14, 2, 150, 152
1118061.3.peg.106.site.15, 3, 150, 153
1118061.3.peg.106.site.16, 2, 149, 151
1118061.3.peg.106.site.17, 7, 148, 155
1118061.3.peg.106.site.18, 0, 147, 147
1118061.3.peg.106.site.19, 3, 146, 149
1118061.3.peg.106.site.20, 1, 144, 145
1118061.3.peg.108.site.1, 1, 150, 151
1118061.3.peg.108.site.2, 52, 146, 198
1118061.3.peg.108.site.3, 43, 145, 188
1118061.3.peg.108.site.4, 1, 147, 148
1118061.3.peg.108.site.5, 2, 148, 150
1118061.3.peg.108.site.6, 8, 150, 158
1118061.3.peg.108.site.7, 99, 149, 248
1118061.3.peg.108.site.8, 3, 149, 152
1118061.3.peg.108.site.9, 21, 147, 168
1118061.3.peg.108.site.10, 0, 148, 148
1118061.3.peg.108.site.11, 0, 143, 143
1118061.3.peg.108.site.12, 0, 144, 144
1118061.3.peg.108.site.13, 2, 141, 143
1118061.3.peg.108.site.14, 0, 141, 141
1118061.3.peg.108.site.15, 0, 146, 146
1118061.3.peg.108.site.16, 5, 148, 153
1118061.3.peg.108.site.17, 1, 150, 151
1118061.3.peg.1006.site.1, 79, 149, 228
1118061.3.peg.1006.site.2, 100, 149, 249
1118061.3.peg.1006.site.3, 2, 147, 149
1118061.3.peg.1006.site.4, 20, 149, 169
1118061.3.peg.1006.site.5, 5, 149, 154
1118061.3.peg.1006.site.6, 0, 144, 144
1118061.3.peg.1006.site.7, 3, 123, 126
1118061.3.peg.1006.site.8, 0, 135, 135
1118061.3.peg.1006.site.9, 22, 147, 169
1118061.3.peg.1006.site.10, 141, 144, 285
1118061.3.peg.1006.site.11, 2, 149, 151
1118061.3.peg.1006.site.12, 34, 145, 179
1118061.3.peg.1006.site.13, 0, 150, 150
1118061.3.peg.1006.site.14, 43, 150, 193
1118061.3.peg.1006.site.15, 1, 148, 149
1118061.3.peg.1006.site.16, 0, 144, 144
1118061.3.peg.258.site.1, 150, 150, 300
1118061.3.peg.258.site.2, 36, 147, 183
1118061.3.peg.258.site.3, 81, 148, 229
1118061.3.peg.258.site.4, 50, 149, 199
1118061.3.peg.258.site.5, 0, 146, 146
1118061.3.peg.258.site.6, 50, 147, 197
1118061.3.peg.258.site.7, 5, 142, 147
1118061.3.peg.258.site.8, 1, 143, 144
1118061.3.peg.258.site.9, 32, 146, 178
1118061.3.peg.258.site.10, 0, 144, 144
1118061.3.peg.258.site.11, 1, 149, 150
1118061.3.peg.258.site.12, 0, 149, 149
1118061.3.peg.258.site.13, 1, 148, 149
1118061.3.peg.258.site.14, 5, 145, 150
1118061.3.peg.258.site.15, 3, 144, 147
1118061.3.peg.258.site.16, 0, 140, 140
1118061.3.peg.258.site.17, 10, 118, 128
1118061.3.peg.258.site.18, 82, 107, 189
1118061.3.peg.258.site.19, 10, 139, 149
1118061.3.peg.258.site.20, 13, 146, 159
1118061.3.peg.258.site.21, 138, 145, 283
1118061.3.peg.258.site.22, 11, 150, 161
1118061.3.peg.258.site.23, 128, 146, 274
1118061.3.peg.258.site.24, 125, 143, 268
1118061.3.peg.258.site.25, 1, 123, 124
1118061.3.peg.258.site.26, 0, 144, 144
1118061.3.peg.258.site.27, 3, 148, 151
1118061.3.peg.258.site.28, 1, 147, 148
1118061.3.peg.258.site.29, 1, 141, 142
1118061.3.peg.258.site.30, 1, 146, 147
1118061.3.peg.258.site.31, 0, 148, 148
1118061.3.peg.258.site.32, 1, 150, 151
1118061.3.peg.258.site.33, 3, 148, 151
1118061.3.peg.258.site.34, 1, 147, 148
1118061.3.peg.258.site.35, 1, 147, 148
1118061.3.peg.258.site.36, 141, 143, 284
1118061.3.peg.258.site.37, 2, 148, 150
1118061.3.peg.258.site.38, 1, 145, 146
1118061.3.peg.258.site.39, 2, 145, 147
1118061.3.peg.258.site.40, 98, 135, 233
1118061.3.peg.258.site.41, 1, 130, 131
1118061.3.peg.258.site.42, 1, 133, 134
1118061.3.peg.258.site.43, 1, 141, 142
1118061.3.peg.258.site.44, 1, 128, 129
1118061.3.peg.258.site.45, 10, 143, 153
1118061.3.peg.258.site.46, 10, 142, 152
1118061.3.peg.258.site.47, 1, 141, 142
1118061.3.peg.258.site.48, 1, 144, 145
1118061.3.peg.1903.site.1, 3, 148, 151
1118061.3.peg.1903.site.2, 27, 146, 173
1118061.3.peg.1903.site.3, 2, 148, 150
1118061.3.peg.1903.site.4, 136, 140, 276
1118061.3.peg.1903.site.5, 137, 137, 274
1118061.3.peg.1903.site.6, 6, 136, 142
1118061.3.peg.1903.site.7, 133, 147, 280
1118061.3.peg.1903.site.8, 10, 142, 152
1118061.3.peg.1903.site.9, 6, 127, 133
1118061.3.peg.1903.site.10, 2, 124, 126
1118061.3.peg.1903.site.11, 7, 118, 125
1118061.3.peg.1903.site.12, 3, 114, 117
1118061.3.peg.1903.site.13, 31, 84, 115
1118061.3.peg.1903.site.14, 7, 119, 126
1118061.3.peg.1902.site.1, 0, 149, 149
1118061.3.peg.1902.site.2, 3, 149, 152
1118061.3.peg.1902.site.3, 2, 150, 152
1118061.3.peg.1902.site.4, 5, 150, 155
1118061.3.peg.1902.site.5, 1, 149, 150
1118061.3.peg.1902.site.6, 2, 148, 150
1118061.3.peg.1902.site.7, 95, 148, 243
1118061.3.peg.1902.site.8, 0, 138, 138
1118061.3.peg.1902.site.9, 8, 97, 105
1118061.3.peg.1902.site.10, 15, 141, 156
1118061.3.peg.1901.site.1, 86, 107, 193
1118061.3.peg.1901.site.2, 14, 105, 119
1118061.3.peg.1901.site.3, 0, 97, 97
1118061.3.peg.1901.site.4, 83, 99, 182
1118061.3.peg.1901.site.5, 1, 150, 151
1118061.3.peg.1901.site.6, 2, 148, 150
1118061.3.peg.1901.site.7, 2, 146, 148
1118061.3.peg.1901.site.8, 2, 150, 152
1118061.3.peg.1901.site.9, 0, 145, 145
1118061.3.peg.1901.site.10, 82, 141, 223
1118061.3.peg.1901.site.11, 14, 138, 152
1118061.3.peg.1901.site.12, 34, 136, 170
1118061.3.peg.1901.site.13, 35, 139, 174
1118061.3.peg.1901.site.14, 26, 146, 172
1118061.3.peg.1901.site.15, 1, 140, 141
1118061.3.peg.1901.site.16, 14, 143, 157
1118061.3.peg.1901.site.17, 146, 146, 292
1118061.3.peg.1901.site.18, 3, 146, 149
1118061.3.peg.1901.site.19, 118, 149, 267
1118061.3.peg.1901.site.20, 113, 145, 258
1118061.3.peg.1901.site.21, 111, 144, 255
1118061.3.peg.1901.site.22, 0, 118, 118
1118061.3.peg.1901.site.23, 2, 125, 127
1118061.3.peg.1901.site.24, 1, 127, 128
1118061.3.peg.1900.site.1, 0, 148, 148
1118061.3.peg.1900.site.2, 19, 150, 169
1118061.3.peg.1900.site.3, 0, 150, 150
1118061.3.peg.1900.site.4, 149, 149, 298
1118061.3.peg.1900.site.5, 2, 147, 149
1118061.3.peg.1900.site.6, 102, 148, 250
1118061.3.peg.1900.site.7, 146, 146, 292
1118061.3.peg.1900.site.8, 142, 142, 284
1118061.3.peg.1900.site.9, 1, 148, 149
1118061.3.peg.1900.site.10, 149, 149, 298
1118061.3.peg.1900.site.11, 6, 150, 156
1118061.3.peg.1900.site.12, 2, 137, 139
1118061.3.peg.1900.site.13, 0, 136, 136
1118061.3.peg.1900.site.14, 3, 116, 119
1118061.3.peg.1900.site.15, 3, 74, 77
1118061.3.peg.1907.site.1, 21, 149, 170
1118061.3.peg.1907.site.2, 54, 143, 197
1118061.3.peg.1907.site.3, 6, 144, 150
1118061.3.peg.1907.site.4, 5, 139, 144
1118061.3.peg.1907.site.5, 1, 137, 138
1118061.3.peg.1907.site.6, 1, 136, 137
1118061.3.peg.1907.site.7, 137, 141, 278
1118061.3.peg.1907.site.8, 0, 138, 138
1118061.3.peg.1907.site.9, 105, 135, 240
1118061.3.peg.1907.site.10, 39, 137, 176
1118061.3.peg.1906.site.1, 57, 76, 133
1118061.3.peg.1906.site.2, 4, 35, 39
1118061.3.peg.1906.site.3, 55, 86, 141
1118061.3.peg.1906.site.4, 103, 110, 213
1118061.3.peg.1906.site.5, 0, 150, 150
1118061.3.peg.1906.site.6, 41, 150, 191
1118061.3.peg.1906.site.7, 149, 149, 298
1118061.3.peg.1906.site.8, 149, 149, 298
1118061.3.peg.1906.site.9, 0, 150, 150
1118061.3.peg.1906.site.10, 28, 149, 177
1118061.3.peg.1906.site.11, 3, 149, 152
1118061.3.peg.1906.site.12, 0, 149, 149
1118061.3.peg.1906.site.13, 3, 149, 152
1118061.3.peg.1906.site.14, 145, 146, 291
1118061.3.peg.1906.site.15, 46, 149, 195
1118061.3.peg.1906.site.16, 1, 150, 151
1118061.3.peg.1906.site.17, 8, 130, 138
1118061.3.peg.1906.site.18, 49, 72, 121
1118061.3.peg.1906.site.19, 67, 67, 134
1118061.3.peg.1906.site.20, 69, 69, 138
1118061.3.peg.1906.site.21, 33, 95, 128
1118061.3.peg.1906.site.22, 3, 150, 153
1118061.3.peg.1906.site.23, 150, 150, 300
1118061.3.peg.1906.site.24, 2, 149, 151
1118061.3.peg.1906.site.25, 1, 150, 151
1118061.3.peg.1906.site.26, 28, 142, 170
1118061.3.peg.1906.site.27, 3, 146, 149
1118061.3.peg.1906.site.28, 1, 148, 149
1118061.3.peg.1906.site.29, 0, 149, 149
1118061.3.peg.1906.site.30, 3, 143, 146
1118061.3.peg.1906.site.31, 1, 143, 144
1118061.3.peg.1906.site.32, 1, 106, 107
1118061.3.peg.1906.site.33, 3, 95, 98
1118061.3.peg.1906.site.34, 2, 128, 130
1118061.3.peg.1906.site.35, 0, 146, 146
1118061.3.peg.1906.site.36, 1, 143, 144
1118061.3.peg.1906.site.37, 3, 149, 152
1118061.3.peg.1906.site.38, 1, 148, 149
1118061.3.peg.1906.site.39, 109, 149, 258
1118061.3.peg.1906.site.40, 1, 148, 149
1118061.3.peg.1906.site.41, 3, 147, 150
1118061.3.peg.1906.site.42, 101, 142, 243
1118061.3.peg.1906.site.43, 2, 141, 143
1118061.3.peg.1906.site.44, 0, 140, 140
1118061.3.peg.1906.site.45, 124, 127, 251
1118061.3.peg.1906.site.46, 37, 149, 186
1118061.3.peg.1906.site.47, 3, 150, 153
1118061.3.peg.1906.site.48, 4, 149, 153
1118061.3.peg.1906.site.49, 3, 147, 150
1118061.3.peg.1906.site.50, 27, 144, 171
1118061.3.peg.1906.site.51, 4, 146, 150
1118061.3.peg.1906.site.52, 2, 142, 144
1118061.3.peg.1906.site.53, 3, 140, 143
1118061.3.peg.1906.site.54, 136, 137, 273
1118061.3.peg.1906.site.55, 2, 148, 150
1118061.3.peg.1906.site.56, 98, 148, 246
1118061.3.peg.1906.site.57, 150, 150, 300
1118061.3.peg.1906.site.58, 2, 148, 150
1118061.3.peg.1906.site.59, 2, 149, 151
1118061.3.peg.1906.site.60, 2, 149, 151
1118061.3.peg.1906.site.61, 0, 148, 148
1118061.3.peg.1905.site.1, 75, 150, 225
1118061.3.peg.1905.site.2, 3, 143, 146
1118061.3.peg.1905.site.3, 3, 142, 145
1118061.3.peg.1905.site.4, 136, 137, 273
1118061.3.peg.1905.site.5, 61, 147, 208
1118061.3.peg.1905.site.6, 0, 145, 145
1118061.3.peg.1904.site.1, 61, 150, 211
1118061.3.peg.1904.site.2, 75, 149, 224
1118061.3.peg.1904.site.3, 0, 149, 149
1118061.3.peg.1904.site.4, 147, 150, 297
1118061.3.peg.1904.site.5, 2, 150, 152
1118061.3.peg.1904.site.6, 71, 149, 220
1118061.3.peg.1904.site.7, 25, 149, 174
1118061.3.peg.1909.site.1, 5, 148, 153
1118061.3.peg.1909.site.2, 1, 149, 150
1118061.3.peg.1909.site.3, 1, 150, 151
1118061.3.peg.1909.site.4, 148, 150, 298
1118061.3.peg.1909.site.5, 13, 147, 160
1118061.3.peg.1909.site.6, 43, 148, 191
1118061.3.peg.1909.site.7, 1, 145, 146
1118061.3.peg.1909.site.8, 144, 144, 288
1118061.3.peg.1909.site.9, 2, 145, 147
1118061.3.peg.1909.site.10, 16, 143, 159
1118061.3.peg.1909.site.11, 71, 135, 206
1118061.3.peg.1909.site.12, 2, 145, 147
1118061.3.peg.1909.site.13, 126, 135, 261
1118061.3.peg.1909.site.14, 0, 134, 134
1118061.3.peg.1909.site.15, 119, 138, 257
1118061.3.peg.1909.site.16, 15, 149, 164
1118061.3.peg.1909.site.17, 2, 149, 151
1118061.3.peg.1909.site.18, 0, 149, 149
1118061.3.peg.1909.site.19, 150, 150, 300
1118061.3.peg.1908.site.1, 0, 116, 116
1118061.3.peg.1908.site.2, 0, 124, 124
1118061.3.peg.1322.site.1, 1, 150, 151
1118061.3.peg.1322.site.2, 6, 150, 156
1118061.3.peg.1322.site.3, 1, 148, 149
1118061.3.peg.1322.site.4, 12, 149, 161
1118061.3.peg.1322.site.5, 2, 147, 149
1118061.3.peg.1322.site.6, 1, 150, 151
1118061.3.peg.1322.site.7, 2, 150, 152
1118061.3.peg.1322.site.8, 3, 150, 153
1118061.3.peg.1322.site.9, 20, 149, 169
1118061.3.peg.1324.site.1, 14, 149, 163
1118061.3.peg.1768.site.1, 38, 150, 188
1118061.3.peg.1768.site.2, 12, 150, 162
1118061.3.peg.1768.site.3, 50, 150, 200
1118061.3.peg.1768.site.4, 3, 148, 151
1118061.3.peg.1768.site.5, 150, 150, 300
1118061.3.peg.1763.site.1, 11, 149, 160
1118061.3.peg.1763.site.2, 149, 149, 298
1118061.3.peg.1763.site.3, 0, 149, 149
1118061.3.peg.1763.site.4, 0, 150, 150
1118061.3.peg.1763.site.5, 1, 150, 151
1118061.3.peg.1763.site.6, 127, 149, 276
1118061.3.peg.1762.site.1, 0, 150, 150
1118061.3.peg.1762.site.2, 0, 150, 150
1118061.3.peg.1762.site.3, 1, 150, 151
1118061.3.peg.1762.site.4, 0, 150, 150
1118061.3.peg.1762.site.5, 2, 149, 151
1118061.3.peg.1762.site.6, 57, 149, 206
1118061.3.peg.1762.site.7, 56, 150, 206
1118061.3.peg.1762.site.8, 0, 150, 150
1118061.3.peg.1762.site.9, 64, 150, 214
1118061.3.peg.1762.site.10, 0, 149, 149
1118061.3.peg.1762.site.11, 2, 149, 151
1118061.3.peg.1762.site.12, 0, 146, 146
1118061.3.peg.1762.site.13, 0, 141, 141
1118061.3.peg.1762.site.14, 0, 135, 135
1118061.3.peg.1762.site.15, 0, 144, 144
1118061.3.peg.1762.site.16, 0, 147, 147
1118061.3.peg.1762.site.17, 0, 150, 150
1118061.3.peg.1762.site.18, 0, 150, 150
1118061.3.peg.1762.site.19, 0, 149, 149
1118061.3.peg.1761.site.1, 8, 145, 153
1118061.3.peg.1761.site.2, 45, 149, 194
1118061.3.peg.1761.site.3, 19, 149, 168
1118061.3.peg.1761.site.4, 150, 150, 300
1118061.3.peg.1767.site.1, 0, 150, 150
1118061.3.peg.1767.site.2, 125, 137, 262
1118061.3.peg.1767.site.3, 90, 138, 228
1118061.3.peg.1766.site.1, 0, 150, 150
1118061.3.peg.1766.site.2, 0, 149, 149
1118061.3.peg.1766.site.3, 26, 150, 176
1118061.3.peg.1766.site.4, 0, 150, 150
1118061.3.peg.1766.site.5, 53, 150, 203
1118061.3.peg.1766.site.6, 4, 149, 153
1118061.3.peg.1766.site.7, 6, 150, 156
1118061.3.peg.1011.site.1, 22, 147, 169
1118061.3.peg.1011.site.2, 4, 145, 149
1118061.3.peg.1011.site.3, 47, 142, 189
1118061.3.peg.1011.site.4, 3, 138, 141
1118061.3.peg.1011.site.5, 53, 131, 184
1118061.3.peg.1011.site.6, 1, 116, 117
1118061.3.peg.1011.site.7, 1, 111, 112
1118061.3.peg.1011.site.8, 2, 148, 150
1118061.3.peg.1011.site.9, 54, 148, 202
1118061.3.peg.1011.site.10, 1, 149, 150
1118061.3.peg.1011.site.11, 0, 150, 150
1118061.3.peg.1011.site.12, 0, 150, 150
1118061.3.peg.1011.site.13, 37, 149, 186
1118061.3.peg.1011.site.14, 7, 148, 155
1118061.3.peg.1011.site.15, 0, 107, 107
1118061.3.peg.1011.site.16, 42, 97, 139
1118061.3.peg.1011.site.17, 44, 97, 141
1118061.3.peg.1011.site.18, 1, 99, 100
1118061.3.peg.1011.site.19, 12, 116, 128
1118061.3.peg.1011.site.20, 1, 113, 114
1118061.3.peg.1011.site.21, 5, 114, 119
1118061.3.peg.1011.site.22, 1, 120, 121
1118061.3.peg.1011.site.23, 1, 115, 116
1118061.3.peg.1011.site.24, 3, 140, 143
1118061.3.peg.1011.site.25, 1, 144, 145
1118061.3.peg.1010.site.1, 136, 147, 283
1118061.3.peg.1010.site.2, 0, 147, 147
1118061.3.peg.1010.site.3, 0, 150, 150
1118061.3.peg.1010.site.4, 19, 145, 164
1118061.3.peg.1010.site.5, 16, 150, 166
1118061.3.peg.1010.site.6, 108, 149, 257
1118061.3.peg.1010.site.7, 0, 147, 147
1118061.3.peg.1013.site.1, 3, 119, 122
1118061.3.peg.1013.site.2, 1, 117, 118
1118061.3.peg.1013.site.3, 58, 116, 174
1118061.3.peg.1013.site.4, 1, 116, 117
1118061.3.peg.1013.site.5, 3, 119, 122
1118061.3.peg.1013.site.6, 6, 122, 128
1118061.3.peg.1013.site.7, 95, 142, 237
1118061.3.peg.1013.site.8, 3, 148, 151
1118061.3.peg.1013.site.9, 34, 150, 184
1118061.3.peg.1013.site.10, 149, 150, 299
1118061.3.peg.1013.site.11, 32, 150, 182
1118061.3.peg.1013.site.12, 27, 148, 175
1118061.3.peg.1013.site.13, 27, 149, 176
1118061.3.peg.1013.site.14, 8, 128, 136
1118061.3.peg.1013.site.15, 1, 128, 129
1118061.3.peg.1013.site.16, 56, 130, 186
1118061.3.peg.1013.site.17, 54, 145, 199
1118061.3.peg.1013.site.18, 3, 128, 131
1118061.3.peg.1013.site.19, 14, 109, 123
1118061.3.peg.1013.site.20, 1, 112, 113
1118061.3.peg.1013.site.21, 52, 120, 172
1118061.3.peg.1013.site.22, 9, 91, 100
1118061.3.peg.1013.site.23, 0, 127, 127
1118061.3.peg.1013.site.24, 3, 139, 142
1118061.3.peg.1013.site.25, 3, 137, 140
1118061.3.peg.1013.site.26, 15, 136, 151
1118061.3.peg.1013.site.27, 44, 102, 146
1118061.3.peg.1013.site.28, 1, 135, 136
1118061.3.peg.1013.site.29, 1, 127, 128
1118061.3.peg.1013.site.30, 0, 141, 141
1118061.3.peg.1013.site.31, 3, 142, 145
1118061.3.peg.1013.site.32, 1, 141, 142
1118061.3.peg.1013.site.33, 2, 145, 147
1118061.3.peg.1013.site.34, 1, 149, 150
1118061.3.peg.1286.site.1, 31, 146, 177
1118061.3.peg.1286.site.2, 22, 143, 165
1118061.3.peg.1286.site.3, 41, 142, 183
1118061.3.peg.1286.site.4, 28, 144, 172
1118061.3.peg.1286.site.5, 1, 149, 150
1118061.3.peg.1286.site.6, 3, 147, 150
1118061.3.peg.1286.site.7, 1, 150, 151
1118061.3.peg.1286.site.8, 1, 150, 151
1118061.3.peg.1286.site.9, 6, 149, 155
1118061.3.peg.1286.site.10, 148, 148, 296
1118061.3.peg.673.site.1, 0, 149, 149
1118061.3.peg.673.site.2, 1, 149, 150
1118061.3.peg.673.site.3, 8, 149, 157
1118061.3.peg.673.site.4, 3, 150, 153
1118061.3.peg.673.site.5, 34, 147, 181
1118061.3.peg.673.site.6, 1, 145, 146
1118061.3.peg.673.site.7, 2, 136, 138
1118061.3.peg.673.site.8, 66, 128, 194
1118061.3.peg.673.site.9, 51, 114, 165
1118061.3.peg.673.site.10, 31, 107, 138
1118061.3.peg.673.site.11, 2, 113, 115
1118061.3.peg.673.site.12, 8, 108, 116
1118061.3.peg.673.site.13, 10, 108, 118
1118061.3.peg.673.site.14, 7, 103, 110
1118061.3.peg.673.site.15, 33, 89, 122
1118061.3.peg.673.site.16, 1, 100, 101
1118061.3.peg.673.site.17, 0, 110, 110
1118061.3.peg.673.site.18, 36, 132, 168
1118061.3.peg.673.site.19, 15, 140, 155
1118061.3.peg.673.site.20, 66, 145, 211
1118061.3.peg.673.site.21, 63, 145, 208
1118061.3.peg.673.site.22, 22, 145, 167
1118061.3.peg.673.site.23, 10, 145, 155
1118061.3.peg.673.site.24, 0, 144, 144
1118061.3.peg.673.site.25, 30, 132, 162
1118061.3.peg.673.site.26, 0, 133, 133
1118061.3.peg.673.site.27, 2, 128, 130
1118061.3.peg.673.site.28, 2, 125, 127
1118061.3.peg.673.site.29, 0, 147, 147
1118061.3.peg.673.site.30, 26, 147, 173
1118061.3.peg.673.site.31, 2, 141, 143
1118061.3.peg.673.site.32, 3, 129, 132
1118061.3.peg.673.site.33, 56, 140, 196
1118061.3.peg.673.site.34, 12, 144, 156
1118061.3.peg.673.site.35, 0, 149, 149
1118061.3.peg.673.site.36, 147, 150, 297
1118061.3.peg.673.site.37, 5, 140, 145
1118061.3.peg.673.site.38, 12, 148, 160
1118061.3.peg.673.site.39, 4, 136, 140
1118061.3.peg.673.site.40, 2, 143, 145
1118061.3.peg.673.site.41, 2, 135, 137
1118061.3.peg.673.site.42, 11, 143, 154
1118061.3.peg.673.site.43, 18, 141, 159
1118061.3.peg.673.site.44, 3, 133, 136
1118061.3.peg.673.site.45, 18, 145, 163
1118061.3.peg.673.site.46, 18, 148, 166
1118061.3.peg.673.site.47, 11, 148, 159
1118061.3.peg.673.site.48, 5, 149, 154
1118061.3.peg.673.site.49, 31, 149, 180
1118061.3.peg.673.site.50, 3, 150, 153
1118061.3.peg.673.site.51, 0, 147, 147
1118061.3.peg.673.site.52, 8, 145, 153
1118061.3.peg.673.site.53, 8, 139, 147
1118061.3.peg.673.site.54, 1, 144, 145
1118061.3.peg.673.site.55, 118, 144, 262
1118061.3.peg.1287.site.1, 5, 150, 155
1118061.3.peg.1287.site.2, 21, 148, 169
1118061.3.peg.1287.site.3, 33, 148, 181
1118061.3.peg.1287.site.4, 2, 146, 148
1118061.3.peg.1287.site.5, 0, 147, 147
1118061.3.peg.1287.site.6, 2, 142, 144
1118061.3.peg.1287.site.7, 6, 150, 156
1118061.3.peg.1287.site.8, 0, 149, 149
1118061.3.peg.1287.site.9, 30, 147, 177
1118061.3.peg.1287.site.10, 58, 133, 191
1118061.3.peg.1287.site.11, 0, 139, 139
1118061.3.peg.1287.site.12, 16, 139, 155
1118061.3.peg.1287.site.13, 3, 137, 140
1118061.3.peg.1287.site.14, 16, 134, 150
1118061.3.peg.1287.site.15, 0, 148, 148
1118061.3.peg.1287.site.16, 43, 150, 193
1118061.3.peg.672.site.1, 4, 148, 152
1118061.3.peg.672.site.2, 76, 150, 226
1118061.3.peg.672.site.3, 1, 147, 148
1118061.3.peg.672.site.4, 24, 145, 169
1118061.3.peg.672.site.5, 11, 147, 158
1118061.3.peg.672.site.6, 112, 146, 258
1118061.3.peg.672.site.7, 4, 150, 154
1118061.3.peg.672.site.8, 7, 150, 157
1118061.3.peg.672.site.9, 9, 149, 158
1118061.3.peg.672.site.10, 5, 149, 154
1118061.3.peg.672.site.11, 17, 145, 162
1118061.3.peg.672.site.12, 1, 148, 149
1118061.3.peg.672.site.13, 3, 148, 151
1118061.3.peg.672.site.14, 31, 146, 177
1118061.3.peg.672.site.15, 12, 147, 159
1118061.3.peg.672.site.16, 74, 142, 216
1118061.3.peg.672.site.17, 74, 142, 216
1118061.3.peg.672.site.18, 17, 143, 160
1118061.3.peg.672.site.19, 1, 145, 146
1118061.3.peg.672.site.20, 12, 147, 159
1118061.3.peg.672.site.21, 0, 147, 147
1118061.3.peg.672.site.22, 0, 149, 149
1118061.3.peg.672.site.23, 0, 147, 147
1118061.3.peg.672.site.24, 15, 146, 161
1118061.3.peg.672.site.25, 107, 146, 253
1118061.3.peg.672.site.26, 1, 147, 148
1118061.3.peg.672.site.27, 15, 126, 141
1118061.3.peg.672.site.28, 29, 132, 161
1118061.3.peg.672.site.29, 1, 137, 138
1118061.3.peg.672.site.30, 38, 139, 177
1118061.3.peg.672.site.31, 115, 150, 265
1118061.3.peg.672.site.32, 2, 149, 151
1118061.3.peg.672.site.33, 0, 148, 148
1118061.3.peg.1017.site.1, 92, 149, 241
1118061.3.peg.1017.site.2, 16, 150, 166
1118061.3.peg.1017.site.3, 16, 150, 166
1118061.3.peg.1017.site.4, 9, 96, 105
1118061.3.peg.1017.site.5, 10, 93, 103
1118061.3.peg.1017.site.6, 0, 101, 101
1118061.3.peg.1017.site.7, 20, 127, 147
1118061.3.peg.1017.site.8, 19, 132, 151
1118061.3.peg.1017.site.9, 51, 145, 196
1118061.3.peg.1017.site.10, 57, 149, 206
1118061.3.peg.1378.site.1, 3, 142, 145
1118061.3.peg.1378.site.2, 0, 138, 138
1118061.3.peg.1378.site.3, 6, 128, 134
1118061.3.peg.1378.site.4, 3, 147, 150
1118061.3.peg.1378.site.5, 37, 149, 186
1118061.3.peg.1378.site.6, 38, 150, 188
1118061.3.peg.1378.site.7, 1, 150, 151
1118061.3.peg.1378.site.8, 0, 149, 149
1118061.3.peg.1379.site.1, 0, 142, 142
1118061.3.peg.1379.site.2, 0, 140, 140
1118061.3.peg.1379.site.3, 43, 107, 150
1118061.3.peg.1379.site.4, 57, 120, 177
1118061.3.peg.1379.site.5, 31, 122, 153
1118061.3.peg.1379.site.6, 88, 147, 235
1118061.3.peg.1379.site.7, 2, 145, 147
1118061.3.peg.1379.site.8, 0, 141, 141
1118061.3.peg.1379.site.9, 0, 147, 147
1118061.3.peg.1379.site.10, 0, 148, 148
1118061.3.peg.1379.site.11, 22, 140, 162
1118061.3.peg.1379.site.12, 6, 141, 147
1118061.3.peg.1379.site.13, 1, 148, 149
1118061.3.peg.1370.site.1, 0, 146, 146
1118061.3.peg.1370.site.2, 2, 146, 148
1118061.3.peg.1370.site.3, 0, 146, 146
1118061.3.peg.1370.site.4, 20, 143, 163
1118061.3.peg.1370.site.5, 2, 146, 148
1118061.3.peg.1370.site.6, 20, 146, 166
1118061.3.peg.1370.site.7, 40, 145, 185
1118061.3.peg.1370.site.8, 38, 146, 184
1118061.3.peg.1370.site.9, 52, 144, 196
1118061.3.peg.1370.site.10, 0, 146, 146
1118061.3.peg.1370.site.11, 37, 143, 180
1118061.3.peg.1370.site.12, 0, 146, 146
1118061.3.peg.1370.site.13, 12, 149, 161
1118061.3.peg.1370.site.14, 0, 150, 150
1118061.3.peg.1370.site.15, 4, 150, 154
1118061.3.peg.1370.site.16, 0, 149, 149
1118061.3.peg.1370.site.17, 2, 150, 152
1118061.3.peg.1370.site.18, 12, 150, 162
1118061.3.peg.1370.site.19, 33, 150, 183
1118061.3.peg.1370.site.20, 3, 149, 152
1118061.3.peg.1370.site.21, 0, 147, 147
1118061.3.peg.1370.site.22, 0, 149, 149
1118061.3.peg.1370.site.23, 1, 150, 151
1118061.3.peg.1370.site.24, 0, 149, 149
1118061.3.peg.1370.site.25, 2, 142, 144
1118061.3.peg.1370.site.26, 1, 144, 145
1118061.3.peg.1370.site.27, 45, 144, 189
1118061.3.peg.1370.site.28, 138, 142, 280
1118061.3.peg.1370.site.29, 4, 149, 153
1118061.3.peg.1370.site.30, 1, 146, 147
1118061.3.peg.1370.site.31, 4, 146, 150
1118061.3.peg.1370.site.32, 6, 146, 152
1118061.3.peg.1370.site.33, 5, 146, 151
1118061.3.peg.1370.site.34, 18, 146, 164
1118061.3.peg.1370.site.35, 4, 148, 152
1118061.3.peg.1370.site.36, 4, 147, 151
1118061.3.peg.1370.site.37, 1, 150, 151
1118061.3.peg.1370.site.38, 9, 148, 157
1118061.3.peg.1370.site.39, 0, 147, 147
1118061.3.peg.1370.site.40, 0, 144, 144
1118061.3.peg.1370.site.41, 1, 136, 137
1118061.3.peg.1370.site.42, 2, 143, 145
1118061.3.peg.1370.site.43, 1, 144, 145
1118061.3.peg.1370.site.44, 40, 146, 186
1118061.3.peg.1370.site.45, 2, 150, 152
1118061.3.peg.1370.site.46, 0, 149, 149
1118061.3.peg.1370.site.47, 3, 125, 128
1118061.3.peg.1370.site.48, 104, 104, 208
1118061.3.peg.1370.site.49, 14, 109, 123
1118061.3.peg.1370.site.50, 1, 137, 138
1118061.3.peg.1370.site.51, 4, 138, 142
1118061.3.peg.1370.site.52, 31, 141, 172
1118061.3.peg.1370.site.53, 4, 148, 152
1118061.3.peg.1370.site.54, 1, 149, 150
1118061.3.peg.1370.site.55, 50, 149, 199
1118061.3.peg.1370.site.56, 22, 148, 170
1118061.3.peg.1370.site.57, 3, 150, 153
1118061.3.peg.1371.site.1, 0, 133, 133
1118061.3.peg.1371.site.2, 1, 130, 131
1118061.3.peg.1371.site.3, 1, 143, 144
1118061.3.peg.1371.site.4, 3, 147, 150
1118061.3.peg.1371.site.5, 0, 148, 148
1118061.3.peg.1371.site.6, 122, 148, 270
1118061.3.peg.1371.site.7, 98, 146, 244
1118061.3.peg.1371.site.8, 113, 141, 254
1118061.3.peg.1371.site.9, 7, 139, 146
1118061.3.peg.1371.site.10, 1, 129, 130
1118061.3.peg.1371.site.11, 1, 139, 140
1118061.3.peg.1371.site.12, 11, 144, 155
1118061.3.peg.1371.site.13, 11, 144, 155
1118061.3.peg.1371.site.14, 54, 146, 200
1118061.3.peg.1371.site.15, 13, 150, 163
1118061.3.peg.1371.site.16, 1, 133, 134
1118061.3.peg.1371.site.17, 13, 146, 159
1118061.3.peg.1371.site.18, 17, 150, 167
1118061.3.peg.1371.site.19, 8, 149, 157
1118061.3.peg.1371.site.20, 6, 149, 155
1118061.3.peg.1371.site.21, 15, 147, 162
1118061.3.peg.1371.site.22, 6, 150, 156
1118061.3.peg.1371.site.23, 13, 148, 161
1118061.3.peg.1371.site.24, 10, 148, 158
1118061.3.peg.1371.site.25, 2, 150, 152
1118061.3.peg.1371.site.26, 16, 149, 165
1118061.3.peg.1371.site.27, 2, 150, 152
1118061.3.peg.1371.site.28, 16, 150, 166
1118061.3.peg.1371.site.29, 3, 150, 153
1118061.3.peg.1371.site.30, 110, 150, 260
1118061.3.peg.1371.site.31, 0, 150, 150
1118061.3.peg.1371.site.32, 6, 150, 156
1118061.3.peg.1371.site.33, 10, 150, 160
1118061.3.peg.1371.site.34, 10, 150, 160
1118061.3.peg.1371.site.35, 0, 150, 150
1118061.3.peg.1371.site.36, 3, 139, 142
1118061.3.peg.1371.site.37, 19, 135, 154
1118061.3.peg.1371.site.38, 1, 137, 138
1118061.3.peg.1371.site.39, 1, 136, 137
1118061.3.peg.1371.site.40, 13, 148, 161
1118061.3.peg.1371.site.41, 6, 150, 156
1118061.3.peg.1371.site.42, 5, 149, 154
1118061.3.peg.1371.site.43, 13, 145, 158
1118061.3.peg.1371.site.44, 4, 138, 142
1118061.3.peg.1371.site.45, 3, 138, 141
1118061.3.peg.1371.site.46, 21, 135, 156
1118061.3.peg.1371.site.47, 20, 135, 155
1118061.3.peg.1371.site.48, 4, 135, 139
1118061.3.peg.1371.site.49, 39, 135, 174
1118061.3.peg.1371.site.50, 124, 135, 259
1118061.3.peg.1371.site.51, 9, 147, 156
1118061.3.peg.1371.site.52, 14, 147, 161
1118061.3.peg.1371.site.53, 6, 148, 154
1118061.3.peg.1371.site.54, 8, 141, 149
1118061.3.peg.1371.site.55, 0, 136, 136
1118061.3.peg.1371.site.56, 96, 139, 235
1118061.3.peg.1371.site.57, 1, 140, 141
1118061.3.peg.1371.site.58, 3, 148, 151
1118061.3.peg.1371.site.59, 7, 146, 153
1118061.3.peg.1371.site.60, 7, 139, 146
1118061.3.peg.1371.site.61, 0, 139, 139
1118061.3.peg.1371.site.62, 53, 130, 183
1118061.3.peg.1371.site.63, 49, 126, 175
1118061.3.peg.1371.site.64, 2, 121, 123
1118061.3.peg.1371.site.65, 4, 107, 111
1118061.3.peg.1371.site.66, 9, 148, 157
1118061.3.peg.1371.site.67, 2, 141, 143
1118061.3.peg.1371.site.68, 67, 137, 204
1118061.3.peg.1371.site.69, 4, 142, 146
1118061.3.peg.1371.site.70, 5, 143, 148
1118061.3.peg.1371.site.71, 24, 145, 169
1118061.3.peg.1371.site.72, 9, 150, 159
1118061.3.peg.1372.site.1, 2, 148, 150
1118061.3.peg.1372.site.2, 3, 149, 152
1118061.3.peg.1372.site.3, 3, 149, 152
1118061.3.peg.1372.site.4, 13, 149, 162
1118061.3.peg.1372.site.5, 1, 138, 139
1118061.3.peg.1372.site.6, 14, 149, 163
1118061.3.peg.1372.site.7, 0, 149, 149
1118061.3.peg.1372.site.8, 0, 150, 150
1118061.3.peg.1372.site.9, 4, 149, 153
1118061.3.peg.1372.site.10, 2, 146, 148
1118061.3.peg.1372.site.11, 106, 136, 242
1118061.3.peg.1372.site.12, 32, 150, 182
1118061.3.peg.1372.site.13, 28, 150, 178
1118061.3.peg.1372.site.14, 2, 150, 152
1118061.3.peg.1372.site.15, 0, 150, 150
1118061.3.peg.1372.site.16, 2, 149, 151
1118061.3.peg.1372.site.17, 110, 147, 257
1118061.3.peg.1372.site.18, 1, 143, 144
1118061.3.peg.1372.site.19, 0, 140, 140
1118061.3.peg.1372.site.20, 1, 121, 122
1118061.3.peg.1372.site.21, 91, 125, 216
1118061.3.peg.1372.site.22, 10, 131, 141
1118061.3.peg.1372.site.23, 0, 150, 150
1118061.3.peg.1372.site.24, 1, 149, 150
1118061.3.peg.1372.site.25, 3, 149, 152
1118061.3.peg.1372.site.26, 3, 150, 153
1118061.3.peg.1372.site.27, 1, 150, 151
1118061.3.peg.1372.site.28, 31, 150, 181
1118061.3.peg.1372.site.29, 0, 148, 148
1118061.3.peg.1372.site.30, 3, 149, 152
1118061.3.peg.1372.site.31, 12, 149, 161
1118061.3.peg.1372.site.32, 86, 148, 234
1118061.3.peg.1372.site.33, 0, 150, 150
1118061.3.peg.1372.site.34, 4, 150, 154
1118061.3.peg.1372.site.35, 7, 125, 132
1118061.3.peg.1372.site.36, 5, 122, 127
1118061.3.peg.1373.site.1, 0, 149, 149
1118061.3.peg.1373.site.2, 31, 149, 180
1118061.3.peg.1373.site.3, 31, 149, 180
1118061.3.peg.1373.site.4, 2, 150, 152
1118061.3.peg.1373.site.5, 5, 148, 153
1118061.3.peg.1373.site.6, 0, 147, 147
1118061.3.peg.1373.site.7, 6, 147, 153
1118061.3.peg.1373.site.8, 27, 150, 177
1118061.3.peg.1373.site.9, 3, 148, 151
1118061.3.peg.1373.site.10, 1, 147, 148
1118061.3.peg.1373.site.11, 12, 148, 160
1118061.3.peg.1373.site.12, 52, 146, 198
1118061.3.peg.1373.site.13, 73, 134, 207
1118061.3.peg.1373.site.14, 24, 141, 165
1118061.3.peg.1373.site.15, 31, 148, 179
1118061.3.peg.1373.site.16, 3, 150, 153
1118061.3.peg.1373.site.17, 2, 150, 152
1118061.3.peg.1373.site.18, 35, 150, 185
1118061.3.peg.1373.site.19, 1, 150, 151
1118061.3.peg.1373.site.20, 150, 150, 300
1118061.3.peg.1373.site.21, 27, 150, 177
1118061.3.peg.1373.site.22, 117, 150, 267
1118061.3.peg.1373.site.23, 6, 150, 156
1118061.3.peg.1373.site.24, 3, 149, 152
1118061.3.peg.1373.site.25, 0, 150, 150
1118061.3.peg.1373.site.26, 75, 150, 225
1118061.3.peg.1373.site.27, 1, 150, 151
1118061.3.peg.1373.site.28, 10, 150, 160
1118061.3.peg.1373.site.29, 147, 150, 297
1118061.3.peg.1373.site.30, 27, 148, 175
1118061.3.peg.1373.site.31, 9, 150, 159
1118061.3.peg.1373.site.32, 54, 57, 111
1118061.3.peg.1373.site.33, 2, 5, 7
1118061.3.peg.1373.site.34, 35, 38, 73
1118061.3.peg.1373.site.35, 68, 143, 211
1118061.3.peg.1373.site.36, 2, 148, 150
1118061.3.peg.1373.site.37, 2, 148, 150
1118061.3.peg.1373.site.38, 40, 148, 188
1118061.3.peg.1374.site.1, 33, 150, 183
1118061.3.peg.1374.site.2, 146, 146, 292
1118061.3.peg.1374.site.3, 147, 147, 294
1118061.3.peg.1374.site.4, 15, 138, 153
1118061.3.peg.1374.site.5, 2, 148, 150
1118061.3.peg.1374.site.6, 10, 147, 157
1118061.3.peg.1374.site.7, 3, 149, 152
1118061.3.peg.1374.site.8, 13, 149, 162
1118061.3.peg.1374.site.9, 84, 148, 232
1118061.3.peg.1374.site.10, 1, 145, 146
1118061.3.peg.1374.site.11, 3, 140, 143
1118061.3.peg.1374.site.12, 100, 139, 239
1118061.3.peg.1375.site.1, 16, 70, 86
1118061.3.peg.1375.site.2, 2, 68, 70
1118061.3.peg.1375.site.3, 0, 123, 123
1118061.3.peg.1375.site.4, 76, 117, 193
1118061.3.peg.1375.site.5, 73, 118, 191
1118061.3.peg.1375.site.6, 0, 148, 148
1118061.3.peg.1375.site.7, 0, 141, 141
1118061.3.peg.1375.site.8, 6, 139, 145
1118061.3.peg.1375.site.9, 28, 137, 165
1118061.3.peg.1375.site.10, 26, 117, 143
1118061.3.peg.1375.site.11, 23, 114, 137
1118061.3.peg.1375.site.12, 3, 94, 97
1118061.3.peg.1375.site.13, 0, 132, 132
1118061.3.peg.1375.site.14, 21, 114, 135
1118061.3.peg.1375.site.15, 7, 101, 108
1118061.3.peg.1375.site.16, 0, 112, 112
1118061.3.peg.1375.site.17, 0, 114, 114
1118061.3.peg.1375.site.18, 8, 119, 127
1118061.3.peg.1375.site.19, 2, 113, 115
1118061.3.peg.1375.site.20, 3, 111, 114
1118061.3.peg.1375.site.21, 0, 111, 111
1118061.3.peg.1375.site.22, 2, 110, 112
1118061.3.peg.1375.site.23, 2, 109, 111
1118061.3.peg.1375.site.24, 2, 109, 111
1118061.3.peg.1375.site.25, 0, 106, 106
1118061.3.peg.1573.site.1, 11, 147, 158
1118061.3.peg.1573.site.2, 1, 147, 148
1118061.3.peg.1570.site.1, 4, 88, 92
1118061.3.peg.1570.site.2, 0, 45, 45
1118061.3.peg.1570.site.3, 4, 49, 53
1118061.3.peg.1570.site.4, 3, 55, 58
1118061.3.peg.1570.site.5, 65, 84, 149
1118061.3.peg.1570.site.6, 89, 130, 219
1118061.3.peg.1570.site.7, 49, 142, 191
1118061.3.peg.1570.site.8, 0, 143, 143
1118061.3.peg.1570.site.9, 146, 146, 292
1118061.3.peg.1570.site.10, 12, 147, 159
1118061.3.peg.1570.site.11, 0, 147, 147
1118061.3.peg.1570.site.12, 32, 139, 171
1118061.3.peg.1570.site.13, 3, 110, 113
1118061.3.peg.1570.site.14, 3, 148, 151
1118061.3.peg.1570.site.15, 0, 145, 145
1118061.3.peg.1570.site.16, 2, 147, 149
1118061.3.peg.1574.site.1, 19, 19, 38
1118061.3.peg.1574.site.2, 18, 18, 36
1118061.3.peg.1574.site.3, 9, 42, 51
1118061.3.peg.1574.site.4, 67, 139, 206
1118061.3.peg.1574.site.5, 107, 139, 246
1118061.3.peg.1574.site.6, 0, 139, 139
1118061.3.peg.1574.site.7, 129, 140, 269
1118061.3.peg.801.site.1, 11, 96, 107
1118061.3.peg.801.site.2, 0, 132, 132
1118061.3.peg.801.site.3, 4, 118, 122
1118061.3.peg.801.site.4, 11, 133, 144
1118061.3.peg.801.site.5, 12, 129, 141
1118061.3.peg.801.site.6, 5, 131, 136
1118061.3.peg.801.site.7, 0, 139, 139
1118061.3.peg.801.site.8, 1, 145, 146
1118061.3.peg.801.site.9, 11, 140, 151
1118061.3.peg.801.site.10, 57, 144, 201
1118061.3.peg.801.site.11, 1, 144, 145
1118061.3.peg.801.site.12, 12, 146, 158
1118061.3.peg.801.site.13, 0, 147, 147
1118061.3.peg.801.site.14, 16, 135, 151
1118061.3.peg.801.site.15, 10, 137, 147
1118061.3.peg.801.site.16, 72, 132, 204
1118061.3.peg.801.site.17, 0, 133, 133
1118061.3.peg.801.site.18, 72, 128, 200
1118061.3.peg.801.site.19, 17, 129, 146
1118061.3.peg.801.site.20, 3, 136, 139
1118061.3.peg.801.site.21, 2, 142, 144
1118061.3.peg.801.site.22, 1, 127, 128
1118061.3.peg.801.site.23, 4, 129, 133
1118061.3.peg.801.site.24, 0, 145, 145
1118061.3.peg.801.site.25, 1, 139, 140
1118061.3.peg.801.site.26, 4, 146, 150
1118061.3.peg.801.site.27, 0, 138, 138
1118061.3.peg.801.site.28, 127, 147, 274
1118061.3.peg.801.site.29, 147, 147, 294
1118061.3.peg.801.site.30, 0, 149, 149
1118061.3.peg.801.site.31, 0, 148, 148
1118061.3.peg.801.site.32, 1, 149, 150
1118061.3.peg.801.site.33, 1, 149, 150
1118061.3.peg.801.site.34, 12, 146, 158
1118061.3.peg.801.site.35, 145, 148, 293
1118061.3.peg.801.site.36, 76, 147, 223
1118061.3.peg.802.site.1, 5, 147, 152
1118061.3.peg.802.site.2, 14, 148, 162
1118061.3.peg.802.site.3, 38, 149, 187
1118061.3.peg.802.site.4, 85, 150, 235
1118061.3.peg.802.site.5, 2, 148, 150
1118061.3.peg.802.site.6, 4, 145, 149
1118061.3.peg.802.site.7, 39, 144, 183
1118061.3.peg.802.site.8, 0, 144, 144
1118061.3.peg.802.site.9, 9, 146, 155
1118061.3.peg.802.site.10, 0, 150, 150
1118061.3.peg.802.site.11, 5, 150, 155
1118061.3.peg.802.site.12, 93, 150, 243
1118061.3.peg.802.site.13, 40, 149, 189
1118061.3.peg.802.site.14, 2, 150, 152
1118061.3.peg.802.site.15, 5, 150, 155
1118061.3.peg.802.site.16, 14, 150, 164
1118061.3.peg.802.site.17, 0, 149, 149
1118061.3.peg.802.site.18, 0, 150, 150
1118061.3.peg.802.site.19, 0, 139, 139
1118061.3.peg.802.site.20, 1, 130, 131
1118061.3.peg.802.site.21, 28, 115, 143
1118061.3.peg.802.site.22, 39, 144, 183
1118061.3.peg.802.site.23, 31, 148, 179
1118061.3.peg.802.site.24, 31, 149, 180
1118061.3.peg.802.site.25, 1, 146, 147
1118061.3.peg.802.site.26, 89, 141, 230
1118061.3.peg.802.site.27, 9, 148, 157
1118061.3.peg.802.site.28, 0, 145, 145
1118061.3.peg.802.site.29, 23, 144, 167
1118061.3.peg.802.site.30, 119, 120, 239
1118061.3.peg.802.site.31, 2, 149, 151
1118061.3.peg.802.site.32, 24, 148, 172
1118061.3.peg.802.site.33, 0, 149, 149
1118061.3.peg.802.site.34, 2, 150, 152
1118061.3.peg.802.site.35, 3, 149, 152
1118061.3.peg.802.site.36, 1, 150, 151
1118061.3.peg.802.site.37, 0, 147, 147
1118061.3.peg.802.site.38, 1, 148, 149
1118061.3.peg.802.site.39, 53, 141, 194
1118061.3.peg.802.site.40, 31, 144, 175
1118061.3.peg.802.site.41, 2, 147, 149
1118061.3.peg.802.site.42, 0, 148, 148
1118061.3.peg.802.site.43, 1, 138, 139
1118061.3.peg.802.site.44, 60, 135, 195
1118061.3.peg.802.site.45, 2, 149, 151
1118061.3.peg.802.site.46, 2, 149, 151
1118061.3.peg.803.site.1, 42, 139, 181
1118061.3.peg.803.site.2, 3, 146, 149
1118061.3.peg.803.site.3, 4, 150, 154
1118061.3.peg.803.site.4, 41, 146, 187
1118061.3.peg.803.site.5, 69, 140, 209
1118061.3.peg.803.site.6, 28, 142, 170
1118061.3.peg.803.site.7, 48, 147, 195
1118061.3.peg.803.site.8, 9, 148, 157
1118061.3.peg.803.site.9, 1, 148, 149
1118061.3.peg.803.site.10, 51, 150, 201
1118061.3.peg.803.site.11, 2, 149, 151
1118061.3.peg.803.site.12, 2, 143, 145
1118061.3.peg.803.site.13, 2, 149, 151
1118061.3.peg.803.site.14, 0, 147, 147
1118061.3.peg.803.site.15, 41, 147, 188
1118061.3.peg.803.site.16, 107, 144, 251
1118061.3.peg.803.site.17, 3, 144, 147
1118061.3.peg.803.site.18, 142, 144, 286
1118061.3.peg.803.site.19, 1, 143, 144
1118061.3.peg.803.site.20, 147, 150, 297
1118061.3.peg.803.site.21, 21, 148, 169
1118061.3.peg.803.site.22, 3, 148, 151
1118061.3.peg.803.site.23, 1, 149, 150
1118061.3.peg.803.site.24, 147, 149, 296
1118061.3.peg.803.site.25, 84, 149, 233
1118061.3.peg.803.site.26, 2, 149, 151
1118061.3.peg.803.site.27, 77, 148, 225
1118061.3.peg.803.site.28, 2, 150, 152
1118061.3.peg.803.site.29, 0, 150, 150
1118061.3.peg.803.site.30, 3, 149, 152
1118061.3.peg.803.site.31, 149, 149, 298
1118061.3.peg.803.site.32, 1, 149, 150
1118061.3.peg.803.site.33, 4, 126, 130
1118061.3.peg.803.site.34, 1, 129, 130
1118061.3.peg.803.site.35, 1, 130, 131
1118061.3.peg.803.site.36, 1, 130, 131
1118061.3.peg.803.site.37, 3, 131, 134
1118061.3.peg.803.site.38, 0, 128, 128
1118061.3.peg.803.site.39, 1, 122, 123
1118061.3.peg.803.site.40, 125, 125, 250
1118061.3.peg.803.site.41, 0, 131, 131
1118061.3.peg.803.site.42, 6, 125, 131
1118061.3.peg.803.site.43, 16, 127, 143
1118061.3.peg.803.site.44, 1, 143, 144
1118061.3.peg.803.site.45, 1, 146, 147
1118061.3.peg.803.site.46, 2, 149, 151
1118061.3.peg.804.site.1, 0, 147, 147
1118061.3.peg.804.site.2, 0, 142, 142
1118061.3.peg.804.site.3, 47, 132, 179
1118061.3.peg.804.site.4, 4, 139, 143
1118061.3.peg.804.site.5, 0, 141, 141
1118061.3.peg.804.site.6, 89, 150, 239
1118061.3.peg.804.site.7, 3, 150, 153
1118061.3.peg.804.site.8, 2, 150, 152
1118061.3.peg.805.site.1, 15, 117, 132
1118061.3.peg.805.site.2, 0, 100, 100
1118061.3.peg.805.site.3, 1, 105, 106
1118061.3.peg.805.site.4, 1, 106, 107
1118061.3.peg.805.site.5, 117, 117, 234
1118061.3.peg.805.site.6, 14, 95, 109
1118061.3.peg.805.site.7, 83, 83, 166
1118061.3.peg.805.site.8, 116, 116, 232
1118061.3.peg.805.site.9, 133, 133, 266
1118061.3.peg.805.site.10, 19, 128, 147
1118061.3.peg.805.site.11, 66, 127, 193
1118061.3.peg.805.site.12, 110, 126, 236
1118061.3.peg.805.site.13, 123, 125, 248
1118061.3.peg.805.site.14, 2, 126, 128
1118061.3.peg.805.site.15, 74, 132, 206
1118061.3.peg.805.site.16, 8, 118, 126
1118061.3.peg.805.site.17, 20, 119, 139
1118061.3.peg.805.site.18, 22, 133, 155
1118061.3.peg.805.site.19, 82, 135, 217
1118061.3.peg.807.site.1, 0, 150, 150
1118061.3.peg.807.site.2, 1, 150, 151
1118061.3.peg.807.site.3, 2, 141, 143
1118061.3.peg.807.site.4, 93, 137, 230
1118061.3.peg.807.site.5, 1, 146, 147
1118061.3.peg.807.site.6, 1, 148, 149
1118061.3.peg.807.site.7, 1, 147, 148
1118061.3.peg.807.site.8, 6, 147, 153
1118061.3.peg.807.site.9, 57, 146, 203
1118061.3.peg.807.site.10, 4, 149, 153
1118061.3.peg.807.site.11, 139, 145, 284
1118061.3.peg.807.site.12, 76, 115, 191
1118061.3.peg.807.site.13, 97, 138, 235
1118061.3.peg.807.site.14, 5, 142, 147
1118061.3.peg.807.site.15, 5, 148, 153
1118061.3.peg.807.site.16, 7, 139, 146
1118061.3.peg.809.site.1, 135, 150, 285
1118061.3.peg.809.site.2, 0, 149, 149
1118061.3.peg.809.site.3, 15, 145, 160
1118061.3.peg.809.site.4, 5, 146, 151
1118061.3.peg.809.site.5, 7, 147, 154
1118061.3.peg.809.site.6, 35, 150, 185
1118061.3.peg.809.site.7, 3, 138, 141
1118061.3.peg.2663.site.1, 47, 148, 195
1118061.3.peg.2662.site.1, 12, 143, 155
1118061.3.peg.2662.site.2, 0, 121, 121
1118061.3.peg.2662.site.3, 1, 122, 123
1118061.3.peg.2662.site.4, 3, 64, 67
1118061.3.peg.2662.site.5, 76, 76, 152
1118061.3.peg.2662.site.6, 2, 142, 144
1118061.3.peg.2662.site.7, 8, 141, 149
1118061.3.peg.2662.site.8, 99, 138, 237
1118061.3.peg.2662.site.9, 1, 114, 115
1118061.3.peg.2662.site.10, 18, 103, 121
1118061.3.peg.2662.site.11, 100, 100, 200
1118061.3.peg.2662.site.12, 85, 109, 194
1118061.3.peg.2662.site.13, 20, 103, 123
1118061.3.peg.2662.site.14, 39, 110, 149
1118061.3.peg.2662.site.15, 35, 120, 155
1118061.3.peg.2662.site.16, 106, 124, 230
1118061.3.peg.2662.site.17, 7, 138, 145
1118061.3.peg.2662.site.18, 25, 148, 173
1118061.3.peg.2662.site.19, 3, 149, 152
1118061.3.peg.2662.site.20, 2, 149, 151
1118061.3.peg.2662.site.21, 6, 149, 155
1118061.3.peg.2662.site.22, 65, 149, 214
1118061.3.peg.2661.site.1, 2, 150, 152
1118061.3.peg.2661.site.2, 26, 150, 176
1118061.3.peg.2661.site.3, 150, 150, 300
1118061.3.peg.2661.site.4, 17, 149, 166
1118061.3.peg.2661.site.5, 148, 148, 296
1118061.3.peg.2661.site.6, 109, 148, 257
1118061.3.peg.2661.site.7, 3, 150, 153
1118061.3.peg.2661.site.8, 34, 150, 184
1118061.3.peg.2661.site.9, 11, 150, 161
1118061.3.peg.2661.site.10, 122, 149, 271
1118061.3.peg.2661.site.11, 21, 135, 156
1118061.3.peg.2661.site.12, 1, 138, 139
1118061.3.peg.2661.site.13, 30, 148, 178
1118061.3.peg.2661.site.14, 2, 144, 146
1118061.3.peg.2661.site.15, 0, 148, 148
1118061.3.peg.2661.site.16, 0, 150, 150
1118061.3.peg.2661.site.17, 2, 148, 150
1118061.3.peg.2661.site.18, 86, 143, 229
1118061.3.peg.2661.site.19, 2, 143, 145
1118061.3.peg.2661.site.20, 2, 150, 152
1118061.3.peg.2660.site.1, 132, 150, 282
1118061.3.peg.2660.site.2, 150, 150, 300
1118061.3.peg.2660.site.3, 5, 149, 154
1118061.3.peg.2660.site.4, 1, 149, 150
1118061.3.peg.2660.site.5, 4, 147, 151
1118061.3.peg.2660.site.6, 2, 150, 152
1118061.3.peg.2660.site.7, 66, 142, 208
1118061.3.peg.2660.site.8, 101, 143, 244
1118061.3.peg.2660.site.9, 8, 143, 151
1118061.3.peg.2660.site.10, 10, 140, 150
1118061.3.peg.2660.site.11, 2, 143, 145
1118061.3.peg.2660.site.12, 2, 140, 142
1118061.3.peg.2660.site.13, 1, 144, 145
1118061.3.peg.2660.site.14, 0, 146, 146
1118061.3.peg.2660.site.15, 127, 127, 254
1118061.3.peg.2660.site.16, 12, 114, 126
1118061.3.peg.2660.site.17, 40, 139, 179
1118061.3.peg.2660.site.18, 3, 143, 146
1118061.3.peg.2660.site.19, 0, 142, 142
1118061.3.peg.2660.site.20, 2, 148, 150
1118061.3.peg.2660.site.21, 1, 149, 150
1118061.3.peg.2660.site.22, 146, 149, 295
1118061.3.peg.2660.site.23, 62, 149, 211
1118061.3.peg.2660.site.24, 1, 150, 151
1118061.3.peg.2660.site.25, 0, 149, 149
1118061.3.peg.2667.site.1, 1, 147, 148
1118061.3.peg.2667.site.2, 26, 116, 142
1118061.3.peg.2667.site.3, 65, 121, 186
1118061.3.peg.2667.site.4, 73, 133, 206
1118061.3.peg.2667.site.5, 1, 136, 137
1118061.3.peg.2667.site.6, 33, 139, 172
1118061.3.peg.2667.site.7, 136, 136, 272
1118061.3.peg.2667.site.8, 28, 137, 165
1118061.3.peg.2667.site.9, 3, 138, 141
1118061.3.peg.2667.site.10, 44, 141, 185
1118061.3.peg.2667.site.11, 106, 141, 247
1118061.3.peg.2667.site.12, 43, 139, 182
1118061.3.peg.2667.site.13, 20, 141, 161
1118061.3.peg.2667.site.14, 10, 135, 145
1118061.3.peg.2667.site.15, 0, 149, 149
1118061.3.peg.2667.site.16, 32, 148, 180
1118061.3.peg.2666.site.1, 1, 142, 143
1118061.3.peg.2666.site.2, 49, 143, 192
1118061.3.peg.2666.site.3, 12, 143, 155
1118061.3.peg.2666.site.4, 7, 95, 102
1118061.3.peg.2666.site.5, 0, 147, 147
1118061.3.peg.1488.site.1, 59, 150, 209
1118061.3.peg.1488.site.2, 26, 149, 175
1118061.3.peg.1488.site.3, 26, 149, 175
1118061.3.peg.1488.site.4, 16, 150, 166
1118061.3.peg.1488.site.5, 40, 149, 189
1118061.3.peg.1488.site.6, 22, 150, 172
1118061.3.peg.1488.site.7, 1, 149, 150
1118061.3.peg.1488.site.8, 135, 142, 277
1118061.3.peg.1488.site.9, 0, 137, 137
1118061.3.peg.1488.site.10, 24, 129, 153
1118061.3.peg.1488.site.11, 22, 138, 160
1118061.3.peg.1488.site.12, 0, 143, 143
1118061.3.peg.2664.site.1, 1, 146, 147
1118061.3.peg.2664.site.2, 65, 144, 209
1118061.3.peg.2664.site.3, 5, 142, 147
1118061.3.peg.2664.site.4, 5, 138, 143
1118061.3.peg.2664.site.5, 3, 123, 126
1118061.3.peg.2664.site.6, 2, 147, 149
1118061.3.peg.2664.site.7, 1, 148, 149
1118061.3.peg.2664.site.8, 0, 149, 149
1118061.3.peg.2664.site.9, 142, 147, 289
1118061.3.peg.2664.site.10, 1, 147, 148
1118061.3.peg.2664.site.11, 0, 147, 147
1118061.3.peg.1486.site.1, 124, 148, 272
1118061.3.peg.1486.site.2, 57, 143, 200
1118061.3.peg.1486.site.3, 1, 138, 139
1118061.3.peg.1486.site.4, 3, 140, 143
1118061.3.peg.1486.site.5, 24, 141, 165
1118061.3.peg.1486.site.6, 3, 141, 144
1118061.3.peg.1486.site.7, 85, 140, 225
1118061.3.peg.1486.site.8, 36, 147, 183
1118061.3.peg.1486.site.9, 2, 108, 110
1118061.3.peg.1487.site.1, 2, 145, 147
1118061.3.peg.1487.site.2, 1, 140, 141
1118061.3.peg.1487.site.3, 1, 113, 114
1118061.3.peg.1487.site.4, 10, 95, 105
1118061.3.peg.1487.site.5, 1, 92, 93
1118061.3.peg.1487.site.6, 16, 68, 84
1118061.3.peg.1487.site.7, 9, 63, 72
1118061.3.peg.1487.site.8, 6, 63, 69
1118061.3.peg.1487.site.9, 8, 108, 116
1118061.3.peg.1487.site.10, 1, 147, 148
1118061.3.peg.1487.site.11, 10, 125, 135
1118061.3.peg.1485.site.1, 24, 136, 160
1118061.3.peg.1485.site.2, 22, 138, 160
1118061.3.peg.1485.site.3, 0, 147, 147
1118061.3.peg.1485.site.4, 1, 142, 143
1118061.3.peg.1485.site.5, 26, 145, 171
1118061.3.peg.1485.site.6, 31, 146, 177
1118061.3.peg.1485.site.7, 1, 148, 149
1118061.3.peg.1485.site.8, 1, 145, 146
1118061.3.peg.1485.site.9, 1, 146, 147
1118061.3.peg.1485.site.10, 25, 143, 168
1118061.3.peg.1482.site.1, 106, 146, 252
1118061.3.peg.1482.site.2, 5, 144, 149
1118061.3.peg.1482.site.3, 14, 141, 155
1118061.3.peg.1482.site.4, 2, 139, 141
1118061.3.peg.1482.site.5, 3, 130, 133
1118061.3.peg.1482.site.6, 0, 141, 141
1118061.3.peg.1483.site.1, 49, 123, 172
1118061.3.peg.1483.site.2, 19, 101, 120
1118061.3.peg.1483.site.3, 2, 113, 115
1118061.3.peg.1483.site.4, 48, 136, 184
1118061.3.peg.1483.site.5, 4, 94, 98
1118061.3.peg.1483.site.6, 1, 107, 108
1118061.3.peg.1483.site.7, 73, 139, 212
1118061.3.peg.1483.site.8, 47, 109, 156
1118061.3.peg.1483.site.9, 0, 106, 106
1118061.3.peg.1483.site.10, 1, 135, 136
1118061.3.peg.1483.site.11, 5, 135, 140
1118061.3.peg.1483.site.12, 84, 92, 176
1118061.3.peg.1483.site.13, 2, 87, 89
1118061.3.peg.1483.site.14, 11, 86, 97
1118061.3.peg.1483.site.15, 2, 113, 115
1118061.3.peg.1483.site.16, 2, 127, 129
1118061.3.peg.1483.site.17, 5, 115, 120
1118061.3.peg.1483.site.18, 3, 114, 117
1118061.3.peg.1483.site.19, 106, 109, 215
1118061.3.peg.1483.site.20, 21, 104, 125
1118061.3.peg.1483.site.21, 45, 139, 184
1118061.3.peg.1480.site.1, 4, 130, 134
1118061.3.peg.1480.site.2, 2, 115, 117
1118061.3.peg.1480.site.3, 4, 120, 124
1118061.3.peg.1480.site.4, 29, 124, 153
1118061.3.peg.1480.site.5, 94, 123, 217
1118061.3.peg.1480.site.6, 14, 89, 103
1118061.3.peg.1480.site.7, 2, 126, 128
1118061.3.peg.1481.site.1, 0, 132, 132
1118061.3.peg.1481.site.2, 5, 122, 127
1118061.3.peg.1481.site.3, 19, 111, 130
1118061.3.peg.1481.site.4, 2, 132, 134
1118061.3.peg.1481.site.5, 13, 127, 140
1118061.3.peg.1481.site.6, 0, 126, 126
1118061.3.peg.1481.site.7, 2, 131, 133
1118061.3.peg.1481.site.8, 23, 128, 151
1118061.3.peg.1481.site.9, 8, 143, 151
1118061.3.peg.1481.site.10, 69, 141, 210
1118061.3.peg.2369.site.1, 56, 148, 204
1118061.3.peg.2369.site.2, 1, 148, 149
1118061.3.peg.2369.site.3, 72, 143, 215
1118061.3.peg.2369.site.4, 41, 126, 167
1118061.3.peg.2369.site.5, 77, 115, 192
1118061.3.peg.2369.site.6, 78, 116, 194
1118061.3.peg.2369.site.7, 0, 143, 143
1118061.3.peg.2369.site.8, 141, 148, 289
1118061.3.peg.2369.site.9, 0, 149, 149
1118061.3.peg.2369.site.10, 32, 146, 178
1118061.3.peg.2369.site.11, 53, 148, 201
1118061.3.peg.2369.site.12, 10, 148, 158
1118061.3.peg.2369.site.13, 0, 150, 150
1118061.3.peg.2369.site.14, 12, 150, 162
1118061.3.peg.2369.site.15, 2, 150, 152
1118061.3.peg.2369.site.16, 0, 150, 150
1118061.3.peg.2369.site.17, 0, 150, 150
1118061.3.peg.2369.site.18, 37, 147, 184
1118061.3.peg.2369.site.19, 0, 145, 145
1118061.3.peg.2369.site.20, 0, 150, 150
1118061.3.peg.2369.site.21, 4, 149, 153
1118061.3.peg.2288.site.1, 13, 77, 90
1118061.3.peg.2288.site.2, 15, 88, 103
1118061.3.peg.2288.site.3, 13, 76, 89
1118061.3.peg.2288.site.4, 0, 81, 81
1118061.3.peg.2288.site.5, 88, 101, 189
1118061.3.peg.2288.site.6, 34, 109, 143
1118061.3.peg.2288.site.7, 1, 116, 117
1118061.3.peg.2288.site.8, 0, 105, 105
1118061.3.peg.2288.site.9, 0, 116, 116
1118061.3.peg.2288.site.10, 39, 113, 152
1118061.3.peg.2288.site.11, 11, 138, 149
1118061.3.peg.2288.site.12, 11, 145, 156
1118061.3.peg.2288.site.13, 13, 142, 155
1118061.3.peg.2288.site.14, 61, 133, 194
1118061.3.peg.2288.site.15, 65, 138, 203
1118061.3.peg.2288.site.16, 17, 139, 156
1118061.3.peg.2288.site.17, 4, 138, 142
1118061.3.peg.2288.site.18, 12, 142, 154
1118061.3.peg.2288.site.19, 30, 141, 171
1118061.3.peg.2288.site.20, 65, 135, 200
1118061.3.peg.2288.site.21, 8, 126, 134
1118061.3.peg.2288.site.22, 11, 140, 151
1118061.3.peg.2288.site.23, 15, 146, 161
1118061.3.peg.2288.site.24, 65, 145, 210
1118061.3.peg.2288.site.25, 145, 145, 290
1118061.3.peg.2288.site.26, 143, 143, 286
1118061.3.peg.2288.site.27, 0, 146, 146
1118061.3.peg.2288.site.28, 15, 145, 160
1118061.3.peg.2288.site.29, 50, 145, 195
1118061.3.peg.2288.site.30, 0, 146, 146
1118061.3.peg.2288.site.31, 72, 112, 184
1118061.3.peg.2288.site.32, 32, 134, 166
1118061.3.peg.2288.site.33, 30, 135, 165
1118061.3.peg.2288.site.34, 7, 114, 121
1118061.3.peg.2288.site.35, 38, 96, 134
1118061.3.peg.2288.site.36, 0, 122, 122
1118061.3.peg.2288.site.37, 90, 117, 207
1118061.3.peg.2288.site.38, 28, 122, 150
1118061.3.peg.2288.site.39, 30, 119, 149
1118061.3.peg.2288.site.40, 10, 121, 131
1118061.3.peg.2288.site.41, 9, 125, 134
1118061.3.peg.2288.site.42, 143, 143, 286
1118061.3.peg.2288.site.43, 18, 145, 163
1118061.3.peg.2288.site.44, 19, 148, 167
1118061.3.peg.2288.site.45, 39, 65, 104
1118061.3.peg.2288.site.46, 21, 21, 42
1118061.3.peg.2288.site.47, 6, 13, 19
1118061.3.peg.2281.site.1, 2, 150, 152
1118061.3.peg.2281.site.2, 9, 150, 159
1118061.3.peg.2281.site.3, 0, 150, 150
1118061.3.peg.2281.site.4, 2, 149, 151
1118061.3.peg.2281.site.5, 0, 150, 150
1118061.3.peg.2281.site.6, 0, 150, 150
1118061.3.peg.2281.site.7, 0, 150, 150
1118061.3.peg.2281.site.8, 19, 150, 169
1118061.3.peg.2281.site.9, 0, 150, 150
1118061.3.peg.2281.site.10, 134, 147, 281
1118061.3.peg.2281.site.11, 2, 149, 151
1118061.3.peg.2281.site.12, 9, 149, 158
1118061.3.peg.2281.site.13, 0, 149, 149
1118061.3.peg.2281.site.14, 1, 150, 151
1118061.3.peg.2281.site.15, 4, 148, 152
1118061.3.peg.2281.site.16, 143, 148, 291
1118061.3.peg.2281.site.17, 2, 150, 152
1118061.3.peg.2281.site.18, 0, 148, 148
1118061.3.peg.2281.site.19, 3, 149, 152
1118061.3.peg.2281.site.20, 14, 148, 162
1118061.3.peg.2281.site.21, 0, 150, 150
1118061.3.peg.2280.site.1, 145, 145, 290
1118061.3.peg.2280.site.2, 0, 143, 143
1118061.3.peg.2280.site.3, 1, 136, 137
1118061.3.peg.2280.site.4, 10, 139, 149
1118061.3.peg.2280.site.5, 31, 150, 181
1118061.3.peg.2280.site.6, 0, 150, 150
1118061.3.peg.2280.site.7, 55, 149, 204
1118061.3.peg.2280.site.8, 85, 148, 233
1118061.3.peg.2280.site.9, 19, 142, 161
1118061.3.peg.2280.site.10, 143, 143, 286
1118061.3.peg.2280.site.11, 15, 135, 150
1118061.3.peg.2280.site.12, 3, 138, 141
1118061.3.peg.2280.site.13, 3, 132, 135
1118061.3.peg.2280.site.14, 10, 136, 146
1118061.3.peg.2280.site.15, 23, 136, 159
1118061.3.peg.2280.site.16, 36, 135, 171
1118061.3.peg.2280.site.17, 1, 130, 131
1118061.3.peg.2280.site.18, 13, 132, 145
1118061.3.peg.2280.site.19, 2, 136, 138
1118061.3.peg.2280.site.20, 61, 137, 198
1118061.3.peg.2280.site.21, 2, 142, 144
1118061.3.peg.2280.site.22, 2, 142, 144
1118061.3.peg.2280.site.23, 8, 111, 119
1118061.3.peg.2280.site.24, 55, 114, 169
1118061.3.peg.2280.site.25, 2, 117, 119
1118061.3.peg.2280.site.26, 0, 120, 120
1118061.3.peg.2280.site.27, 1, 118, 119
1118061.3.peg.2280.site.28, 22, 120, 142
1118061.3.peg.2280.site.29, 1, 132, 133
1118061.3.peg.2280.site.30, 1, 129, 130
1118061.3.peg.2280.site.31, 11, 145, 156
1118061.3.peg.2280.site.32, 45, 144, 189
1118061.3.peg.2280.site.33, 33, 144, 177
1118061.3.peg.2280.site.34, 27, 148, 175
1118061.3.peg.2280.site.35, 12, 149, 161
1118061.3.peg.2280.site.36, 2, 150, 152
1118061.3.peg.2280.site.37, 1, 149, 150
1118061.3.peg.2280.site.38, 60, 149, 209
1118061.3.peg.2280.site.39, 2, 146, 148
1118061.3.peg.2280.site.40, 2, 148, 150
1118061.3.peg.2280.site.41, 0, 148, 148
1118061.3.peg.2280.site.42, 2, 149, 151
1118061.3.peg.2280.site.43, 2, 149, 151
1118061.3.peg.2280.site.44, 0, 149, 149
1118061.3.peg.2280.site.45, 12, 140, 152
1118061.3.peg.2283.site.1, 0, 150, 150
1118061.3.peg.2283.site.2, 1, 150, 151
1118061.3.peg.2283.site.3, 3, 122, 125
1118061.3.peg.2283.site.4, 2, 141, 143
1118061.3.peg.2283.site.5, 31, 134, 165
1118061.3.peg.2283.site.6, 59, 115, 174
1118061.3.peg.2283.site.7, 70, 137, 207
1118061.3.peg.2282.site.1, 28, 145, 173
1118061.3.peg.2282.site.2, 1, 147, 148
1118061.3.peg.2282.site.3, 2, 146, 148
1118061.3.peg.2282.site.4, 22, 144, 166
1118061.3.peg.2282.site.5, 2, 149, 151
1118061.3.peg.2282.site.6, 84, 147, 231
1118061.3.peg.2282.site.7, 42, 150, 192
1118061.3.peg.2282.site.8, 1, 150, 151
1118061.3.peg.2282.site.9, 1, 149, 150
1118061.3.peg.2282.site.10, 55, 148, 203
1118061.3.peg.2282.site.11, 1, 149, 150
1118061.3.peg.2282.site.12, 21, 148, 169
1118061.3.peg.2282.site.13, 0, 137, 137
1118061.3.peg.2282.site.14, 17, 103, 120
1118061.3.peg.2282.site.15, 0, 84, 84
1118061.3.peg.2282.site.16, 62, 88, 150
1118061.3.peg.2282.site.17, 8, 88, 96
1118061.3.peg.2282.site.18, 21, 146, 167
1118061.3.peg.2285.site.1, 36, 150, 186
1118061.3.peg.2285.site.2, 2, 142, 144
1118061.3.peg.2285.site.3, 2, 131, 133
1118061.3.peg.2285.site.4, 114, 114, 228
1118061.3.peg.2285.site.5, 1, 128, 129
1118061.3.peg.2285.site.6, 75, 149, 224
1118061.3.peg.2285.site.7, 2, 147, 149
1118061.3.peg.2285.site.8, 0, 148, 148
1118061.3.peg.2285.site.9, 2, 150, 152
1118061.3.peg.2285.site.10, 0, 147, 147
1118061.3.peg.2284.site.1, 0, 150, 150
1118061.3.peg.2284.site.2, 23, 149, 172
1118061.3.peg.2284.site.3, 2, 143, 145
1118061.3.peg.2284.site.4, 0, 143, 143
1118061.3.peg.2284.site.5, 41, 149, 190
1118061.3.peg.2284.site.6, 0, 150, 150
1118061.3.peg.2284.site.7, 36, 150, 186
1118061.3.peg.2284.site.8, 150, 150, 300
1118061.3.peg.2284.site.9, 103, 150, 253
1118061.3.peg.2284.site.10, 0, 150, 150
1118061.3.peg.2284.site.11, 2, 150, 152
1118061.3.peg.2284.site.12, 2, 150, 152
1118061.3.peg.2284.site.13, 0, 149, 149
1118061.3.peg.2284.site.14, 150, 150, 300
1118061.3.peg.2287.site.1, 1, 149, 150
1118061.3.peg.2287.site.2, 80, 148, 228
1118061.3.peg.2287.site.3, 3, 145, 148
1118061.3.peg.2287.site.4, 147, 147, 294
1118061.3.peg.2287.site.5, 12, 148, 160
1118061.3.peg.2287.site.6, 1, 148, 149
1118061.3.peg.2287.site.7, 17, 147, 164
1118061.3.peg.2287.site.8, 22, 148, 170
1118061.3.peg.2287.site.9, 2, 148, 150
1118061.3.peg.2287.site.10, 143, 143, 286
1118061.3.peg.2287.site.11, 70, 145, 215
1118061.3.peg.2287.site.12, 74, 147, 221
1118061.3.peg.2287.site.13, 17, 149, 166
1118061.3.peg.2287.site.14, 18, 149, 167
1118061.3.peg.2287.site.15, 3, 148, 151
1118061.3.peg.2287.site.16, 46, 143, 189
1118061.3.peg.2287.site.17, 3, 144, 147
1118061.3.peg.2287.site.18, 125, 148, 273
1118061.3.peg.2287.site.19, 33, 146, 179
1118061.3.peg.2287.site.20, 11, 137, 148
1118061.3.peg.2287.site.21, 111, 142, 253
1118061.3.peg.2287.site.22, 10, 144, 154
1118061.3.peg.2287.site.23, 0, 142, 142
1118061.3.peg.2287.site.24, 6, 147, 153
1118061.3.peg.2287.site.25, 65, 140, 205
1118061.3.peg.2287.site.26, 19, 143, 162
1118061.3.peg.2287.site.27, 0, 145, 145
1118061.3.peg.2287.site.28, 22, 144, 166
1118061.3.peg.2286.site.1, 0, 149, 149
1118061.3.peg.2286.site.2, 3, 148, 151
1118061.3.peg.2286.site.3, 14, 144, 158
1118061.3.peg.2286.site.4, 3, 142, 145
1118061.3.peg.2286.site.5, 40, 139, 179
1118061.3.peg.2286.site.6, 45, 139, 184
1118061.3.peg.2286.site.7, 133, 133, 266
1118061.3.peg.2286.site.8, 2, 38, 40
1118061.3.peg.2286.site.9, 0, 72, 72
1118061.3.peg.2286.site.10, 0, 63, 63
1118061.3.peg.2286.site.11, 1, 100, 101
1118061.3.peg.2286.site.12, 15, 106, 121
1118061.3.peg.2286.site.13, 7, 100, 107
1118061.3.peg.2286.site.14, 29, 89, 118
1118061.3.peg.2286.site.15, 109, 109, 218
1118061.3.peg.2286.site.16, 45, 126, 171
1118061.3.peg.2286.site.17, 1, 138, 139
1118061.3.peg.2286.site.18, 50, 150, 200
1118061.3.peg.2286.site.19, 131, 131, 262
1118061.3.peg.2286.site.20, 3, 137, 140
1118061.3.peg.2286.site.21, 98, 141, 239
1118061.3.peg.2286.site.22, 37, 148, 185
1118061.3.peg.2286.site.23, 3, 149, 152
1118061.3.peg.2286.site.24, 3, 150, 153
1118061.3.peg.2286.site.25, 2, 148, 150
1118061.3.peg.2286.site.26, 3, 147, 150
1118061.3.peg.2286.site.27, 1, 149, 150
1118061.3.peg.2286.site.28, 0, 117, 117
1118061.3.peg.2286.site.29, 2, 147, 149
1118061.3.peg.484.site.1, 18, 150, 168
1118061.3.peg.484.site.2, 46, 142, 188
1118061.3.peg.484.site.3, 28, 147, 175
1118061.3.peg.484.site.4, 24, 144, 168
1118061.3.peg.484.site.5, 20, 150, 170
1118061.3.peg.484.site.6, 0, 149, 149
1118061.3.peg.484.site.7, 19, 149, 168
1118061.3.peg.484.site.8, 3, 147, 150
1118061.3.peg.484.site.9, 0, 140, 140
1118061.3.peg.484.site.10, 2, 149, 151
1118061.3.peg.484.site.11, 1, 148, 149
1118061.3.peg.484.site.12, 2, 145, 147
1118061.3.peg.484.site.13, 27, 148, 175
1118061.3.peg.484.site.14, 8, 144, 152
1118061.3.peg.484.site.15, 16, 144, 160
1118061.3.peg.484.site.16, 16, 145, 161
1118061.3.peg.484.site.17, 2, 146, 148
1118061.3.peg.484.site.18, 13, 146, 159
1118061.3.peg.484.site.19, 0, 149, 149
1118061.3.peg.484.site.20, 0, 148, 148
1118061.3.peg.484.site.21, 12, 142, 154
1118061.3.peg.484.site.22, 0, 145, 145
1118061.3.peg.484.site.23, 1, 118, 119
1118061.3.peg.484.site.24, 9, 120, 129
1118061.3.peg.484.site.25, 27, 143, 170
1118061.3.peg.484.site.26, 9, 145, 154
1118061.3.peg.484.site.27, 0, 149, 149
1118061.3.peg.484.site.28, 25, 149, 174
1118061.3.peg.485.site.1, 0, 149, 149
1118061.3.peg.485.site.2, 3, 149, 152
1118061.3.peg.485.site.3, 0, 149, 149
1118061.3.peg.485.site.4, 21, 150, 171
1118061.3.peg.485.site.5, 0, 147, 147
1118061.3.peg.485.site.6, 2, 149, 151
1118061.3.peg.485.site.7, 0, 148, 148
1118061.3.peg.485.site.8, 3, 147, 150
1118061.3.peg.485.site.9, 74, 142, 216
1118061.3.peg.485.site.10, 10, 149, 159
1118061.3.peg.485.site.11, 0, 144, 144
1118061.3.peg.485.site.12, 76, 143, 219
1118061.3.peg.485.site.13, 71, 135, 206
1118061.3.peg.485.site.14, 0, 139, 139
1118061.3.peg.485.site.15, 1, 141, 142
1118061.3.peg.485.site.16, 0, 139, 139
1118061.3.peg.485.site.17, 47, 141, 188
1118061.3.peg.485.site.18, 0, 140, 140
1118061.3.peg.485.site.19, 0, 125, 125
1118061.3.peg.485.site.20, 0, 129, 129
1118061.3.peg.485.site.21, 7, 128, 135
1118061.3.peg.485.site.22, 0, 131, 131
1118061.3.peg.485.site.23, 0, 126, 126
1118061.3.peg.485.site.24, 0, 125, 125
1118061.3.peg.485.site.25, 2, 138, 140
1118061.3.peg.485.site.26, 0, 141, 141
1118061.3.peg.485.site.27, 0, 141, 141
1118061.3.peg.485.site.28, 0, 145, 145
1118061.3.peg.485.site.29, 0, 144, 144
1118061.3.peg.485.site.30, 0, 146, 146
1118061.3.peg.485.site.31, 0, 143, 143
1118061.3.peg.485.site.32, 0, 143, 143
1118061.3.peg.485.site.33, 0, 149, 149
1118061.3.peg.485.site.34, 0, 148, 148
1118061.3.peg.485.site.35, 0, 147, 147
1118061.3.peg.485.site.36, 18, 149, 167
1118061.3.peg.485.site.37, 11, 144, 155
1118061.3.peg.485.site.38, 82, 144, 226
1118061.3.peg.485.site.39, 36, 142, 178
1118061.3.peg.485.site.40, 59, 143, 202
1118061.3.peg.485.site.41, 136, 136, 272
1118061.3.peg.485.site.42, 122, 136, 258
1118061.3.peg.485.site.43, 48, 141, 189
1118061.3.peg.485.site.44, 57, 144, 201
1118061.3.peg.485.site.45, 0, 143, 143
1118061.3.peg.486.site.1, 0, 149, 149
1118061.3.peg.486.site.2, 1, 149, 150
1118061.3.peg.486.site.3, 14, 150, 164
1118061.3.peg.486.site.4, 113, 142, 255
1118061.3.peg.486.site.5, 15, 143, 158
1118061.3.peg.486.site.6, 1, 148, 149
1118061.3.peg.486.site.7, 0, 148, 148
1118061.3.peg.486.site.8, 0, 146, 146
1118061.3.peg.486.site.9, 73, 147, 220
1118061.3.peg.486.site.10, 0, 147, 147
1118061.3.peg.486.site.11, 10, 149, 159
1118061.3.peg.486.site.12, 32, 150, 182
1118061.3.peg.486.site.13, 20, 148, 168
1118061.3.peg.486.site.14, 106, 147, 253
1118061.3.peg.486.site.15, 1, 150, 151
1118061.3.peg.486.site.16, 135, 150, 285
1118061.3.peg.486.site.17, 0, 148, 148
1118061.3.peg.486.site.18, 74, 149, 223
1118061.3.peg.486.site.19, 0, 149, 149
1118061.3.peg.486.site.20, 65, 150, 215
1118061.3.peg.486.site.21, 3, 145, 148
1118061.3.peg.486.site.22, 139, 149, 288
1118061.3.peg.486.site.23, 7, 150, 157
1118061.3.peg.486.site.24, 0, 150, 150
1118061.3.peg.486.site.25, 0, 148, 148
1118061.3.peg.486.site.26, 0, 148, 148
1118061.3.peg.486.site.27, 149, 149, 298
1118061.3.peg.486.site.28, 14, 149, 163
1118061.3.peg.486.site.29, 0, 147, 147
1118061.3.peg.486.site.30, 0, 148, 148
1118061.3.peg.486.site.31, 0, 148, 148
1118061.3.peg.486.site.32, 0, 150, 150
1118061.3.peg.486.site.33, 0, 150, 150
1118061.3.peg.486.site.34, 3, 150, 153
1118061.3.peg.486.site.35, 0, 150, 150
1118061.3.peg.486.site.36, 0, 147, 147
1118061.3.peg.487.site.1, 0, 150, 150
1118061.3.peg.487.site.2, 2, 150, 152
1118061.3.peg.487.site.3, 0, 150, 150
1118061.3.peg.487.site.4, 0, 149, 149
1118061.3.peg.487.site.5, 112, 137, 249
1118061.3.peg.487.site.6, 11, 142, 153
1118061.3.peg.487.site.7, 27, 149, 176
1118061.3.peg.480.site.1, 114, 147, 261
1118061.3.peg.480.site.2, 45, 148, 193
1118061.3.peg.480.site.3, 10, 145, 155
1118061.3.peg.480.site.4, 138, 138, 276
1118061.3.peg.480.site.5, 29, 118, 147
1118061.3.peg.480.site.6, 70, 121, 191
1118061.3.peg.480.site.7, 0, 143, 143
1118061.3.peg.480.site.8, 4, 144, 148
1118061.3.peg.480.site.9, 0, 141, 141
1118061.3.peg.480.site.10, 19, 146, 165
1118061.3.peg.480.site.11, 19, 136, 155
1118061.3.peg.480.site.12, 61, 129, 190
1118061.3.peg.480.site.13, 2, 136, 138
1118061.3.peg.480.site.14, 2, 148, 150
1118061.3.peg.480.site.15, 0, 149, 149
1118061.3.peg.480.site.16, 6, 150, 156
1118061.3.peg.480.site.17, 7, 150, 157
1118061.3.peg.480.site.18, 38, 145, 183
1118061.3.peg.480.site.19, 0, 147, 147
1118061.3.peg.480.site.20, 2, 149, 151
1118061.3.peg.480.site.21, 102, 141, 243
1118061.3.peg.480.site.22, 145, 145, 290
1118061.3.peg.480.site.23, 19, 149, 168
1118061.3.peg.481.site.1, 0, 129, 129
1118061.3.peg.481.site.2, 2, 147, 149
1118061.3.peg.481.site.3, 11, 146, 157
1118061.3.peg.481.site.4, 12, 143, 155
1118061.3.peg.481.site.5, 72, 134, 206
1118061.3.peg.481.site.6, 2, 148, 150
1118061.3.peg.481.site.7, 0, 145, 145
1118061.3.peg.481.site.8, 42, 144, 186
1118061.3.peg.481.site.9, 10, 147, 157
1118061.3.peg.481.site.10, 145, 145, 290
1118061.3.peg.481.site.11, 0, 108, 108
1118061.3.peg.481.site.12, 2, 107, 109
1118061.3.peg.482.site.1, 142, 149, 291
1118061.3.peg.482.site.2, 41, 146, 187
1118061.3.peg.482.site.3, 73, 147, 220
1118061.3.peg.482.site.4, 0, 148, 148
1118061.3.peg.482.site.5, 2, 149, 151
1118061.3.peg.482.site.6, 18, 149, 167
1118061.3.peg.482.site.7, 140, 150, 290
1118061.3.peg.482.site.8, 0, 147, 147
1118061.3.peg.482.site.9, 38, 138, 176
1118061.3.peg.482.site.10, 39, 141, 180
1118061.3.peg.483.site.1, 0, 128, 128
1118061.3.peg.488.site.1, 0, 150, 150
1118061.3.peg.488.site.2, 0, 148, 148
1118061.3.peg.488.site.3, 0, 147, 147
1118061.3.peg.488.site.4, 146, 146, 292
1118061.3.peg.488.site.5, 1, 145, 146
1118061.3.peg.488.site.6, 46, 148, 194
1118061.3.peg.488.site.7, 0, 149, 149
1118061.3.peg.488.site.8, 4, 146, 150
1118061.3.peg.488.site.9, 88, 149, 237
1118061.3.peg.488.site.10, 2, 149, 151
1118061.3.peg.488.site.11, 4, 150, 154
1118061.3.peg.488.site.12, 102, 148, 250
1118061.3.peg.488.site.13, 32, 150, 182
1118061.3.peg.489.site.1, 0, 150, 150
1118061.3.peg.489.site.2, 27, 150, 177
1118061.3.peg.489.site.3, 0, 149, 149
1118061.3.peg.489.site.4, 0, 150, 150
1118061.3.peg.489.site.5, 12, 148, 160
1118061.3.peg.489.site.6, 4, 149, 153
1118061.3.peg.489.site.7, 5, 150, 155
1118061.3.peg.489.site.8, 149, 149, 298
1118061.3.peg.489.site.9, 31, 149, 180
1118061.3.peg.489.site.10, 72, 148, 220
1118061.3.peg.489.site.11, 18, 145, 163
1118061.3.peg.489.site.12, 2, 150, 152
1118061.3.peg.1150.site.1, 48, 149, 197
1118061.3.peg.1150.site.2, 64, 147, 211
1118061.3.peg.1150.site.3, 1, 150, 151
1118061.3.peg.1150.site.4, 84, 149, 233
1118061.3.peg.1151.site.1, 12, 136, 148
1118061.3.peg.1151.site.2, 1, 134, 135
1118061.3.peg.1151.site.3, 2, 149, 151
1118061.3.peg.1151.site.4, 12, 150, 162
1118061.3.peg.1151.site.5, 86, 149, 235
1118061.3.peg.244.site.1, 4, 144, 148
1118061.3.peg.245.site.1, 0, 141, 141
1118061.3.peg.242.site.1, 87, 150, 237
1118061.3.peg.242.site.2, 39, 149, 188
1118061.3.peg.242.site.3, 0, 144, 144
1118061.3.peg.242.site.4, 10, 144, 154
1118061.3.peg.242.site.5, 1, 142, 143
1118061.3.peg.242.site.6, 4, 140, 144
1118061.3.peg.242.site.7, 37, 132, 169
1118061.3.peg.242.site.8, 5, 138, 143
1118061.3.peg.242.site.9, 6, 142, 148
1118061.3.peg.242.site.10, 2, 143, 145
1118061.3.peg.242.site.11, 12, 143, 155
1118061.3.peg.242.site.12, 18, 143, 161
1118061.3.peg.243.site.1, 58, 143, 201
1118061.3.peg.243.site.2, 2, 144, 146
1118061.3.peg.243.site.3, 12, 139, 151
1118061.3.peg.243.site.4, 2, 138, 140
1118061.3.peg.240.site.1, 0, 149, 149
1118061.3.peg.240.site.2, 18, 143, 161
1118061.3.peg.240.site.3, 44, 141, 185
1118061.3.peg.240.site.4, 127, 149, 276
1118061.3.peg.240.site.5, 46, 150, 196
1118061.3.peg.240.site.6, 0, 149, 149
1118061.3.peg.240.site.7, 0, 149, 149
1118061.3.peg.240.site.8, 1, 150, 151
1118061.3.peg.240.site.9, 3, 149, 152
1118061.3.peg.240.site.10, 48, 145, 193
1118061.3.peg.240.site.11, 1, 150, 151
1118061.3.peg.240.site.12, 2, 148, 150
1118061.3.peg.240.site.13, 6, 150, 156
1118061.3.peg.240.site.14, 1, 150, 151
1118061.3.peg.240.site.15, 150, 150, 300
1118061.3.peg.240.site.16, 106, 149, 255
1118061.3.peg.241.site.1, 2, 149, 151
1118061.3.peg.241.site.2, 11, 135, 146
1118061.3.peg.241.site.3, 53, 149, 202
1118061.3.peg.241.site.4, 53, 149, 202
1118061.3.peg.241.site.5, 148, 150, 298
1118061.3.peg.241.site.6, 36, 150, 186
1118061.3.peg.241.site.7, 0, 150, 150
1118061.3.peg.1158.site.1, 138, 150, 288
1118061.3.peg.1158.site.2, 149, 150, 299
1118061.3.peg.1158.site.3, 1, 150, 151
1118061.3.peg.1158.site.4, 0, 150, 150
1118061.3.peg.1158.site.5, 3, 150, 153
1118061.3.peg.1158.site.6, 26, 150, 176
1118061.3.peg.1158.site.7, 69, 150, 219
1118061.3.peg.1158.site.8, 0, 150, 150
1118061.3.peg.1158.site.9, 0, 149, 149
1118061.3.peg.1158.site.10, 1, 149, 150
1118061.3.peg.1158.site.11, 9, 149, 158
1118061.3.peg.1159.site.1, 4, 149, 153
1118061.3.peg.1159.site.2, 9, 148, 157
1118061.3.peg.1159.site.3, 0, 148, 148
1118061.3.peg.1159.site.4, 0, 147, 147
1118061.3.peg.1159.site.5, 2, 145, 147
1118061.3.peg.1159.site.6, 2, 148, 150
1118061.3.peg.1159.site.7, 23, 150, 173
1118061.3.peg.1159.site.8, 93, 141, 234
1118061.3.peg.1159.site.9, 2, 142, 144
1118061.3.peg.1159.site.10, 2, 130, 132
1118061.3.peg.1159.site.11, 18, 116, 134
1118061.3.peg.1159.site.12, 96, 141, 237
1118061.3.peg.1159.site.13, 0, 140, 140
1118061.3.peg.1159.site.14, 2, 149, 151
1118061.3.peg.1159.site.15, 57, 149, 206
1118061.3.peg.1159.site.16, 2, 149, 151
1118061.3.peg.1159.site.17, 3, 150, 153
1118061.3.peg.1159.site.18, 53, 149, 202
1118061.3.peg.1159.site.19, 1, 147, 148
1118061.3.peg.1159.site.20, 140, 147, 287
1118061.3.peg.1159.site.21, 21, 150, 171
1118061.3.peg.668.site.1, 0, 150, 150
1118061.3.peg.668.site.2, 55, 148, 203
1118061.3.peg.668.site.3, 0, 150, 150
1118061.3.peg.668.site.4, 0, 150, 150
1118061.3.peg.668.site.5, 2, 148, 150
1118061.3.peg.668.site.6, 0, 149, 149
1118061.3.peg.668.site.7, 118, 149, 267
1118061.3.peg.668.site.8, 0, 149, 149
1118061.3.peg.668.site.9, 1, 143, 144
1118061.3.peg.668.site.10, 3, 144, 147
1118061.3.peg.668.site.11, 105, 144, 249
1118061.3.peg.668.site.12, 27, 148, 175
1118061.3.peg.668.site.13, 41, 147, 188
1118061.3.peg.668.site.14, 37, 149, 186
1118061.3.peg.668.site.15, 37, 147, 184
1118061.3.peg.668.site.16, 0, 148, 148
1118061.3.peg.668.site.17, 0, 147, 147
1118061.3.peg.668.site.18, 13, 150, 163
1118061.3.peg.668.site.19, 5, 148, 153
1118061.3.peg.668.site.20, 7, 146, 153
1118061.3.peg.668.site.21, 78, 148, 226
1118061.3.peg.668.site.22, 140, 148, 288
1118061.3.peg.668.site.23, 3, 146, 149
1118061.3.peg.668.site.24, 9, 148, 157
1118061.3.peg.668.site.25, 2, 149, 151
1118061.3.peg.668.site.26, 13, 150, 163
1118061.3.peg.668.site.27, 31, 149, 180
1118061.3.peg.668.site.28, 1, 149, 150
1118061.3.peg.668.site.29, 15, 147, 162
1118061.3.peg.668.site.30, 5, 150, 155
1118061.3.peg.668.site.31, 86, 150, 236
1118061.3.peg.668.site.32, 29, 147, 176
1118061.3.peg.668.site.33, 26, 145, 171
1118061.3.peg.668.site.34, 134, 137, 271
1118061.3.peg.668.site.35, 3, 132, 135
1118061.3.peg.668.site.36, 1, 120, 121
1118061.3.peg.668.site.37, 2, 124, 126
1118061.3.peg.668.site.38, 6, 125, 131
1118061.3.peg.668.site.39, 4, 123, 127
1118061.3.peg.668.site.40, 0, 123, 123
1118061.3.peg.668.site.41, 36, 120, 156
1118061.3.peg.668.site.42, 5, 119, 124
1118061.3.peg.668.site.43, 6, 125, 131
1118061.3.peg.668.site.44, 27, 145, 172
1118061.3.peg.668.site.45, 1, 149, 150
1118061.3.peg.668.site.46, 1, 149, 150
1118061.3.peg.668.site.47, 27, 150, 177
1118061.3.peg.668.site.48, 143, 149, 292
1118061.3.peg.668.site.49, 65, 150, 215
1118061.3.peg.668.site.50, 1, 149, 150
1118061.3.peg.668.site.51, 8, 149, 157
1118061.3.peg.669.site.1, 4, 147, 151
1118061.3.peg.669.site.2, 17, 150, 167
1118061.3.peg.669.site.3, 55, 147, 202
1118061.3.peg.669.site.4, 1, 150, 151
1118061.3.peg.669.site.5, 149, 150, 299
1118061.3.peg.669.site.6, 44, 148, 192
1118061.3.peg.669.site.7, 2, 120, 122
1118061.3.peg.669.site.8, 5, 124, 129
1118061.3.peg.669.site.9, 10, 135, 145
1118061.3.peg.669.site.10, 5, 149, 154
1118061.3.peg.1027.site.1, 4, 150, 154
1118061.3.peg.1027.site.2, 106, 106, 212
1118061.3.peg.1027.site.3, 1, 121, 122
1118061.3.peg.1027.site.4, 5, 138, 143
1118061.3.peg.1027.site.5, 3, 143, 146
1118061.3.peg.1027.site.6, 26, 147, 173
1118061.3.peg.1027.site.7, 19, 150, 169
1118061.3.peg.1020.site.1, 22, 143, 165
1118061.3.peg.1020.site.2, 21, 142, 163
1118061.3.peg.1020.site.3, 1, 128, 129
1118061.3.peg.1020.site.4, 1, 114, 115
1118061.3.peg.1020.site.5, 1, 133, 134
1118061.3.peg.1020.site.6, 3, 134, 137
1118061.3.peg.1020.site.7, 16, 140, 156
1118061.3.peg.1020.site.8, 34, 146, 180
1118061.3.peg.1020.site.9, 1, 142, 143
1118061.3.peg.1020.site.10, 1, 144, 145
1118061.3.peg.1020.site.11, 3, 144, 147
1118061.3.peg.1020.site.12, 2, 141, 143
1118061.3.peg.1020.site.13, 90, 137, 227
1118061.3.peg.1020.site.14, 4, 135, 139
1118061.3.peg.1020.site.15, 12, 138, 150
1118061.3.peg.1020.site.16, 0, 132, 132
1118061.3.peg.1020.site.17, 3, 130, 133
1118061.3.peg.1020.site.18, 1, 120, 121
1118061.3.peg.1020.site.19, 1, 111, 112
1118061.3.peg.1020.site.20, 1, 107, 108
1118061.3.peg.1020.site.21, 54, 76, 130
1118061.3.peg.1020.site.22, 1, 73, 74
1118061.3.peg.1020.site.23, 10, 103, 113
1118061.3.peg.1020.site.24, 40, 142, 182
1118061.3.peg.1020.site.25, 10, 142, 152
1118061.3.peg.1021.site.1, 2, 141, 143
1118061.3.peg.1021.site.2, 1, 137, 138
1118061.3.peg.1021.site.3, 1, 129, 130
1118061.3.peg.1021.site.4, 2, 114, 116
1118061.3.peg.1021.site.5, 15, 125, 140
1118061.3.peg.1021.site.6, 3, 146, 149
1118061.3.peg.1021.site.7, 2, 149, 151
1118061.3.peg.1021.site.8, 108, 148, 256
1118061.3.peg.1021.site.9, 2, 148, 150
1118061.3.peg.1021.site.10, 23, 148, 171
1118061.3.peg.1021.site.11, 14, 138, 152
1118061.3.peg.1021.site.12, 0, 130, 130
1118061.3.peg.1021.site.13, 100, 134, 234
1118061.3.peg.1021.site.14, 125, 144, 269
1118061.3.peg.1021.site.15, 7, 147, 154
1118061.3.peg.1021.site.16, 7, 138, 145
1118061.3.peg.1021.site.17, 35, 140, 175
1118061.3.peg.1021.site.18, 14, 141, 155
1118061.3.peg.1021.site.19, 101, 142, 243
1118061.3.peg.1021.site.20, 2, 142, 144
1118061.3.peg.1021.site.21, 3, 143, 146
1118061.3.peg.1021.site.22, 46, 149, 195
1118061.3.peg.1022.site.1, 30, 149, 179
1118061.3.peg.1022.site.2, 51, 148, 199
1118061.3.peg.1022.site.3, 30, 148, 178
1118061.3.peg.1022.site.4, 27, 148, 175
1118061.3.peg.1022.site.5, 0, 145, 145
1118061.3.peg.1022.site.6, 20, 135, 155
1118061.3.peg.1022.site.7, 16, 133, 149
1118061.3.peg.1022.site.8, 11, 122, 133
1118061.3.peg.1022.site.9, 0, 143, 143
1118061.3.peg.1022.site.10, 144, 145, 289
1118061.3.peg.1023.site.1, 26, 148, 174
1118061.3.peg.1023.site.2, 3, 139, 142
1118061.3.peg.1023.site.3, 2, 130, 132
1118061.3.peg.1023.site.4, 110, 110, 220
1118061.3.peg.1023.site.5, 14, 148, 162
1118061.3.peg.1023.site.6, 3, 147, 150
1118061.3.peg.1023.site.7, 0, 148, 148
1118061.3.peg.1023.site.8, 0, 150, 150
1118061.3.peg.1023.site.9, 19, 150, 169
1118061.3.peg.1023.site.10, 0, 148, 148
1118061.3.peg.1023.site.11, 21, 150, 171
1118061.3.peg.1023.site.12, 146, 150, 296
1118061.3.peg.1023.site.13, 47, 148, 195
1118061.3.peg.660.site.1, 111, 149, 260
1118061.3.peg.660.site.2, 1, 150, 151
1118061.3.peg.660.site.3, 120, 149, 269
1118061.3.peg.660.site.4, 23, 148, 171
1118061.3.peg.660.site.5, 7, 141, 148
1118061.3.peg.660.site.6, 1, 142, 143
1118061.3.peg.660.site.7, 142, 146, 288
1118061.3.peg.660.site.8, 3, 148, 151
1118061.3.peg.660.site.9, 7, 149, 156
1118061.3.peg.660.site.10, 98, 131, 229
1118061.3.peg.660.site.11, 2, 141, 143
1118061.3.peg.660.site.12, 43, 145, 188
1118061.3.peg.660.site.13, 0, 144, 144
1118061.3.peg.660.site.14, 4, 142, 146
1118061.3.peg.660.site.15, 1, 143, 144
1118061.3.peg.660.site.16, 0, 139, 139
1118061.3.peg.660.site.17, 141, 141, 282
1118061.3.peg.660.site.18, 29, 143, 172
1118061.3.peg.660.site.19, 3, 150, 153
1118061.3.peg.660.site.20, 22, 148, 170
1118061.3.peg.660.site.21, 0, 147, 147
1118061.3.peg.660.site.22, 41, 148, 189
1118061.3.peg.660.site.23, 15, 147, 162
1118061.3.peg.660.site.24, 23, 150, 173
1118061.3.peg.660.site.25, 1, 150, 151
1118061.3.peg.661.site.1, 8, 148, 156
1118061.3.peg.661.site.2, 23, 148, 171
1118061.3.peg.661.site.3, 1, 148, 149
1118061.3.peg.661.site.4, 0, 148, 148
1118061.3.peg.661.site.5, 36, 145, 181
1118061.3.peg.661.site.6, 43, 142, 185
1118061.3.peg.661.site.7, 43, 147, 190
1118061.3.peg.661.site.8, 0, 149, 149
1118061.3.peg.661.site.9, 9, 146, 155
1118061.3.peg.661.site.10, 22, 143, 165
1118061.3.peg.661.site.11, 2, 145, 147
1118061.3.peg.661.site.12, 0, 150, 150
1118061.3.peg.661.site.13, 0, 150, 150
1118061.3.peg.662.site.1, 9, 146, 155
1118061.3.peg.662.site.2, 2, 147, 149
1118061.3.peg.662.site.3, 2, 149, 151
1118061.3.peg.662.site.4, 17, 147, 164
1118061.3.peg.662.site.5, 23, 138, 161
1118061.3.peg.662.site.6, 2, 149, 151
1118061.3.peg.662.site.7, 38, 149, 187
1118061.3.peg.662.site.8, 19, 149, 168
1118061.3.peg.662.site.9, 0, 149, 149
1118061.3.peg.663.site.1, 0, 143, 143
1118061.3.peg.663.site.2, 2, 146, 148
1118061.3.peg.663.site.3, 2, 144, 146
1118061.3.peg.663.site.4, 130, 146, 276
1118061.3.peg.663.site.5, 74, 128, 202
1118061.3.peg.663.site.6, 2, 141, 143
1118061.3.peg.663.site.7, 64, 150, 214
1118061.3.peg.663.site.8, 0, 150, 150
1118061.3.peg.663.site.9, 115, 149, 264
1118061.3.peg.663.site.10, 63, 141, 204
1118061.3.peg.663.site.11, 2, 140, 142
1118061.3.peg.663.site.12, 3, 144, 147
1118061.3.peg.663.site.13, 7, 135, 142
1118061.3.peg.663.site.14, 150, 150, 300
1118061.3.peg.664.site.1, 39, 148, 187
1118061.3.peg.664.site.2, 6, 148, 154
1118061.3.peg.664.site.3, 24, 149, 173
1118061.3.peg.664.site.4, 1, 149, 150
1118061.3.peg.665.site.1, 4, 150, 154
1118061.3.peg.665.site.2, 24, 150, 174
1118061.3.peg.665.site.3, 0, 150, 150
1118061.3.peg.665.site.4, 1, 149, 150
1118061.3.peg.665.site.5, 2, 143, 145
1118061.3.peg.665.site.6, 15, 150, 165
1118061.3.peg.665.site.7, 149, 149, 298
1118061.3.peg.665.site.8, 1, 142, 143
1118061.3.peg.665.site.9, 3, 148, 151
1118061.3.peg.665.site.10, 9, 150, 159
1118061.3.peg.665.site.11, 148, 148, 296
1118061.3.peg.665.site.12, 1, 150, 151
1118061.3.peg.665.site.13, 2, 149, 151
1118061.3.peg.665.site.14, 0, 148, 148
1118061.3.peg.665.site.15, 0, 149, 149
1118061.3.peg.665.site.16, 3, 147, 150
1118061.3.peg.665.site.17, 3, 145, 148
1118061.3.peg.665.site.18, 0, 148, 148
1118061.3.peg.665.site.19, 71, 150, 221
1118061.3.peg.665.site.20, 4, 150, 154
1118061.3.peg.665.site.21, 0, 147, 147
1118061.3.peg.665.site.22, 24, 149, 173
1118061.3.peg.665.site.23, 53, 150, 203
1118061.3.peg.665.site.24, 53, 150, 203
1118061.3.peg.665.site.25, 24, 150, 174
1118061.3.peg.665.site.26, 121, 150, 271
1118061.3.peg.665.site.27, 24, 150, 174
1118061.3.peg.665.site.28, 27, 149, 176
1118061.3.peg.665.site.29, 8, 147, 155
1118061.3.peg.665.site.30, 2, 149, 151
1118061.3.peg.665.site.31, 3, 149, 152
1118061.3.peg.665.site.32, 2, 150, 152
1118061.3.peg.665.site.33, 27, 150, 177
1118061.3.peg.665.site.34, 97, 150, 247
1118061.3.peg.665.site.35, 9, 150, 159
1118061.3.peg.665.site.36, 1, 150, 151
1118061.3.peg.665.site.37, 2, 150, 152
1118061.3.peg.665.site.38, 0, 148, 148
1118061.3.peg.665.site.39, 0, 150, 150
1118061.3.peg.665.site.40, 2, 131, 133
1118061.3.peg.665.site.41, 5, 63, 68
1118061.3.peg.665.site.42, 5, 62, 67
1118061.3.peg.665.site.43, 3, 141, 144
1118061.3.peg.665.site.44, 2, 141, 143
1118061.3.peg.665.site.45, 0, 145, 145
1118061.3.peg.665.site.46, 42, 145, 187
1118061.3.peg.665.site.47, 46, 140, 186
1118061.3.peg.665.site.48, 17, 137, 154
1118061.3.peg.665.site.49, 22, 135, 157
1118061.3.peg.665.site.50, 139, 139, 278
1118061.3.peg.665.site.51, 139, 139, 278
1118061.3.peg.665.site.52, 2, 111, 113
1118061.3.peg.665.site.53, 5, 5, 10
1118061.3.peg.665.site.54, 6, 6, 12
1118061.3.peg.666.site.1, 96, 96, 192
1118061.3.peg.666.site.2, 0, 107, 107
1118061.3.peg.666.site.3, 15, 117, 132
1118061.3.peg.666.site.4, 0, 134, 134
1118061.3.peg.666.site.5, 38, 141, 179
1118061.3.peg.666.site.6, 11, 141, 152
1118061.3.peg.666.site.7, 0, 136, 136
1118061.3.peg.666.site.8, 0, 147, 147
1118061.3.peg.666.site.9, 101, 135, 236
1118061.3.peg.666.site.10, 0, 150, 150
1118061.3.peg.666.site.11, 38, 150, 188
1118061.3.peg.666.site.12, 21, 148, 169
1118061.3.peg.666.site.13, 107, 147, 254
1118061.3.peg.666.site.14, 3, 147, 150
1118061.3.peg.666.site.15, 73, 148, 221
1118061.3.peg.666.site.16, 150, 150, 300
1118061.3.peg.666.site.17, 108, 149, 257
1118061.3.peg.666.site.18, 35, 149, 184
1118061.3.peg.666.site.19, 17, 150, 167
1118061.3.peg.666.site.20, 85, 147, 232
1118061.3.peg.666.site.21, 16, 149, 165
1118061.3.peg.667.site.1, 16, 149, 165
1118061.3.peg.667.site.2, 55, 150, 205
1118061.3.peg.667.site.3, 0, 150, 150
1118061.3.peg.667.site.4, 14, 149, 163
1118061.3.peg.667.site.5, 15, 147, 162
1118061.3.peg.667.site.6, 36, 149, 185
1118061.3.peg.667.site.7, 0, 149, 149
1118061.3.peg.667.site.8, 16, 147, 163
1118061.3.peg.667.site.9, 35, 148, 183
1118061.3.peg.667.site.10, 29, 130, 159
1118061.3.peg.667.site.11, 1, 133, 134
1118061.3.peg.667.site.12, 6, 146, 152
1118061.3.peg.667.site.13, 0, 143, 143
1118061.3.peg.667.site.14, 0, 149, 149
1118061.3.peg.667.site.15, 29, 150, 179
1118061.3.peg.667.site.16, 0, 149, 149
1118061.3.peg.667.site.17, 35, 149, 184
1118061.3.peg.667.site.18, 118, 148, 266
1118061.3.peg.667.site.19, 0, 150, 150
1118061.3.peg.2397.site.1, 1, 133, 134
1118061.3.peg.2397.site.2, 2, 137, 139
1118061.3.peg.2397.site.3, 37, 79, 116
1118061.3.peg.2397.site.4, 3, 103, 106
1118061.3.peg.2397.site.5, 0, 108, 108
1118061.3.peg.2397.site.6, 0, 111, 111
1118061.3.peg.2397.site.7, 1, 117, 118
1118061.3.peg.2397.site.8, 94, 120, 214
1118061.3.peg.2397.site.9, 34, 125, 159
1118061.3.peg.2397.site.10, 22, 144, 166
1118061.3.peg.2397.site.11, 0, 145, 145
1118061.3.peg.2397.site.12, 3, 148, 151
1118061.3.peg.2396.site.1, 70, 121, 191
1118061.3.peg.2396.site.2, 18, 142, 160
1118061.3.peg.2396.site.3, 1, 147, 148
1118061.3.peg.2396.site.4, 1, 148, 149
1118061.3.peg.2396.site.5, 1, 149, 150
1118061.3.peg.2396.site.6, 11, 141, 152
1118061.3.peg.2396.site.7, 0, 142, 142
1118061.3.peg.2396.site.8, 1, 95, 96
1118061.3.peg.2396.site.9, 41, 119, 160
1118061.3.peg.2396.site.10, 9, 116, 125
1118061.3.peg.2396.site.11, 6, 126, 132
1118061.3.peg.2395.site.1, 0, 149, 149
1118061.3.peg.2395.site.2, 120, 149, 269
1118061.3.peg.2395.site.3, 1, 147, 148
1118061.3.peg.2395.site.4, 3, 148, 151
1118061.3.peg.2395.site.5, 70, 147, 217
1118061.3.peg.2395.site.6, 2, 145, 147
1118061.3.peg.2395.site.7, 2, 146, 148
1118061.3.peg.2395.site.8, 3, 133, 136
1118061.3.peg.2395.site.9, 2, 137, 139
1118061.3.peg.2395.site.10, 129, 138, 267
1118061.3.peg.2395.site.11, 0, 135, 135
1118061.3.peg.2395.site.12, 44, 127, 171
1118061.3.peg.2395.site.13, 0, 116, 116
1118061.3.peg.2395.site.14, 0, 111, 111
1118061.3.peg.2395.site.15, 0, 86, 86
1118061.3.peg.2395.site.16, 9, 80, 89
1118061.3.peg.112.site.1, 80, 149, 229
1118061.3.peg.112.site.2, 26, 150, 176
1118061.3.peg.112.site.3, 19, 147, 166
1118061.3.peg.112.site.4, 50, 129, 179
1118061.3.peg.112.site.5, 1, 142, 143
1118061.3.peg.112.site.6, 82, 141, 223
1118061.3.peg.112.site.7, 53, 142, 195
1118061.3.peg.112.site.8, 17, 148, 165
1118061.3.peg.112.site.9, 1, 149, 150
1118061.3.peg.112.site.10, 5, 148, 153
1118061.3.peg.112.site.11, 145, 148, 293
1118061.3.peg.112.site.12, 121, 140, 261
1118061.3.peg.113.site.1, 66, 137, 203
1118061.3.peg.113.site.2, 9, 144, 153
1118061.3.peg.113.site.3, 81, 140, 221
1118061.3.peg.113.site.4, 3, 145, 148
1118061.3.peg.113.site.5, 2, 144, 146
1118061.3.peg.113.site.6, 1, 146, 147
1118061.3.peg.113.site.7, 13, 147, 160
1118061.3.peg.113.site.8, 10, 147, 157
1118061.3.peg.113.site.9, 71, 146, 217
1118061.3.peg.113.site.10, 18, 112, 130
1118061.3.peg.113.site.11, 7, 74, 81
1118061.3.peg.113.site.12, 3, 102, 105
1118061.3.peg.113.site.13, 0, 133, 133
1118061.3.peg.113.site.14, 1, 133, 134
1118061.3.peg.113.site.15, 1, 134, 135
1118061.3.peg.113.site.16, 21, 148, 169
1118061.3.peg.113.site.17, 137, 148, 285
1118061.3.peg.113.site.18, 0, 150, 150
1118061.3.peg.110.site.1, 109, 148, 257
1118061.3.peg.110.site.2, 8, 149, 157
1118061.3.peg.110.site.3, 150, 150, 300
1118061.3.peg.110.site.4, 0, 149, 149
1118061.3.peg.110.site.5, 8, 147, 155
1118061.3.peg.110.site.6, 23, 149, 172
1118061.3.peg.110.site.7, 1, 150, 151
1118061.3.peg.110.site.8, 56, 149, 205
1118061.3.peg.110.site.9, 1, 150, 151
1118061.3.peg.110.site.10, 68, 150, 218
1118061.3.peg.110.site.11, 3, 150, 153
1118061.3.peg.110.site.12, 1, 150, 151
1118061.3.peg.111.site.1, 4, 150, 154
1118061.3.peg.111.site.2, 5, 150, 155
1118061.3.peg.111.site.3, 15, 150, 165
1118061.3.peg.111.site.4, 0, 149, 149
1118061.3.peg.111.site.5, 8, 150, 158
1118061.3.peg.111.site.6, 0, 149, 149
1118061.3.peg.111.site.7, 0, 150, 150
1118061.3.peg.111.site.8, 30, 147, 177
1118061.3.peg.111.site.9, 150, 150, 300
1118061.3.peg.111.site.10, 1, 148, 149
1118061.3.peg.111.site.11, 3, 148, 151
1118061.3.peg.111.site.12, 23, 149, 172
1118061.3.peg.111.site.13, 10, 148, 158
1118061.3.peg.111.site.14, 4, 150, 154
1118061.3.peg.111.site.15, 0, 149, 149
1118061.3.peg.111.site.16, 9, 149, 158
1118061.3.peg.111.site.17, 0, 149, 149
1118061.3.peg.111.site.18, 107, 146, 253
1118061.3.peg.111.site.19, 107, 149, 256
1118061.3.peg.111.site.20, 2, 148, 150
1118061.3.peg.111.site.21, 0, 150, 150
1118061.3.peg.116.site.1, 6, 73, 79
1118061.3.peg.116.site.2, 115, 144, 259
1118061.3.peg.116.site.3, 104, 144, 248
1118061.3.peg.116.site.4, 1, 143, 144
1118061.3.peg.116.site.5, 30, 143, 173
1118061.3.peg.116.site.6, 29, 116, 145
1118061.3.peg.116.site.7, 58, 130, 188
1118061.3.peg.116.site.8, 3, 137, 140
1118061.3.peg.116.site.9, 0, 137, 137
1118061.3.peg.116.site.10, 33, 147, 180
1118061.3.peg.116.site.11, 3, 144, 147
1118061.3.peg.116.site.12, 13, 149, 162
1118061.3.peg.116.site.13, 3, 150, 153
1118061.3.peg.116.site.14, 6, 146, 152
1118061.3.peg.116.site.15, 50, 141, 191
1118061.3.peg.116.site.16, 146, 146, 292
1118061.3.peg.116.site.17, 110, 145, 255
1118061.3.peg.116.site.18, 2, 143, 145
1118061.3.peg.116.site.19, 1, 147, 148
1118061.3.peg.116.site.20, 47, 145, 192
1118061.3.peg.116.site.21, 1, 143, 144
1118061.3.peg.116.site.22, 1, 144, 145
1118061.3.peg.116.site.23, 1, 145, 146
1118061.3.peg.116.site.24, 2, 146, 148
1118061.3.peg.116.site.25, 0, 147, 147
1118061.3.peg.116.site.26, 1, 144, 145
1118061.3.peg.116.site.27, 7, 150, 157
1118061.3.peg.116.site.28, 1, 149, 150
1118061.3.peg.116.site.29, 108, 148, 256
1118061.3.peg.116.site.30, 1, 149, 150
1118061.3.peg.116.site.31, 0, 149, 149
1118061.3.peg.116.site.32, 150, 150, 300
1118061.3.peg.116.site.33, 1, 148, 149
1118061.3.peg.116.site.34, 147, 147, 294
1118061.3.peg.116.site.35, 93, 150, 243
1118061.3.peg.116.site.36, 3, 148, 151
1118061.3.peg.116.site.37, 33, 149, 182
1118061.3.peg.116.site.38, 141, 144, 285
1118061.3.peg.117.site.1, 3, 150, 153
1118061.3.peg.117.site.2, 109, 147, 256
1118061.3.peg.117.site.3, 2, 150, 152
1118061.3.peg.117.site.4, 2, 150, 152
1118061.3.peg.117.site.5, 0, 149, 149
1118061.3.peg.117.site.6, 108, 147, 255
1118061.3.peg.117.site.7, 148, 149, 297
1118061.3.peg.117.site.8, 0, 148, 148
1118061.3.peg.117.site.9, 27, 149, 176
1118061.3.peg.117.site.10, 3, 150, 153
1118061.3.peg.117.site.11, 0, 150, 150
1118061.3.peg.117.site.12, 150, 150, 300
1118061.3.peg.117.site.13, 0, 147, 147
1118061.3.peg.117.site.14, 119, 146, 265
1118061.3.peg.117.site.15, 3, 148, 151
1118061.3.peg.117.site.16, 119, 144, 263
1118061.3.peg.117.site.17, 1, 127, 128
1118061.3.peg.117.site.18, 3, 127, 130
1118061.3.peg.117.site.19, 0, 131, 131
1118061.3.peg.117.site.20, 16, 124, 140
1118061.3.peg.117.site.21, 1, 128, 129
1118061.3.peg.117.site.22, 3, 148, 151
1118061.3.peg.117.site.23, 19, 150, 169
1118061.3.peg.117.site.24, 12, 150, 162
1118061.3.peg.117.site.25, 15, 150, 165
1118061.3.peg.117.site.26, 130, 150, 280
1118061.3.peg.117.site.27, 1, 149, 150
1118061.3.peg.117.site.28, 16, 150, 166
1118061.3.peg.114.site.1, 0, 149, 149
1118061.3.peg.114.site.2, 60, 149, 209
1118061.3.peg.114.site.3, 1, 150, 151
1118061.3.peg.114.site.4, 59, 150, 209
1118061.3.peg.114.site.5, 0, 149, 149
1118061.3.peg.114.site.6, 1, 150, 151
1118061.3.peg.114.site.7, 35, 149, 184
1118061.3.peg.114.site.8, 14, 150, 164
1118061.3.peg.114.site.9, 13, 149, 162
1118061.3.peg.2393.site.1, 2, 149, 151
1118061.3.peg.2393.site.2, 3, 150, 153
1118061.3.peg.118.site.1, 16, 144, 160
1118061.3.peg.118.site.2, 3, 142, 145
1118061.3.peg.118.site.3, 50, 135, 185
1118061.3.peg.118.site.4, 14, 45, 59
1118061.3.peg.118.site.5, 6, 37, 43
1118061.3.peg.118.site.6, 2, 32, 34
1118061.3.peg.118.site.7, 8, 36, 44
1118061.3.peg.118.site.8, 52, 56, 108
1118061.3.peg.118.site.9, 49, 142, 191
1118061.3.peg.118.site.10, 145, 146, 291
1118061.3.peg.118.site.11, 28, 146, 174
1118061.3.peg.119.site.1, 0, 149, 149
1118061.3.peg.119.site.2, 0, 149, 149
1118061.3.peg.119.site.3, 43, 150, 193
1118061.3.peg.119.site.4, 32, 148, 180
1118061.3.peg.119.site.5, 38, 146, 184
1118061.3.peg.119.site.6, 0, 146, 146
1118061.3.peg.2392.site.1, 38, 149, 187
1118061.3.peg.2392.site.2, 3, 146, 149
1118061.3.peg.2392.site.3, 107, 147, 254
1118061.3.peg.2392.site.4, 1, 149, 150
1118061.3.peg.2392.site.5, 83, 149, 232
1118061.3.peg.2392.site.6, 145, 148, 293
1118061.3.peg.49.site.1, 0, 150, 150
1118061.3.peg.49.site.2, 21, 147, 168
1118061.3.peg.49.site.3, 7, 143, 150
1118061.3.peg.49.site.4, 14, 128, 142
1118061.3.peg.49.site.5, 1, 148, 149
1118061.3.peg.49.site.6, 3, 149, 152
1118061.3.peg.49.site.7, 53, 150, 203
1118061.3.peg.937.site.1, 150, 150, 300
1118061.3.peg.937.site.2, 96, 149, 245
1118061.3.peg.937.site.3, 77, 144, 221
1118061.3.peg.937.site.4, 17, 145, 162
1118061.3.peg.937.site.5, 11, 149, 160
1118061.3.peg.937.site.6, 150, 150, 300
1118061.3.peg.937.site.7, 0, 149, 149
1118061.3.peg.937.site.8, 1, 149, 150
1118061.3.peg.937.site.9, 1, 150, 151
1118061.3.peg.937.site.10, 11, 150, 161
1118061.3.peg.937.site.11, 0, 150, 150
1118061.3.peg.937.site.12, 0, 146, 146
1118061.3.peg.937.site.13, 35, 140, 175
1118061.3.peg.937.site.14, 15, 136, 151
1118061.3.peg.937.site.15, 0, 139, 139
1118061.3.peg.937.site.16, 0, 142, 142
1118061.3.peg.937.site.17, 126, 136, 262
1118061.3.peg.937.site.18, 10, 150, 160
1118061.3.peg.937.site.19, 6, 150, 156
1118061.3.peg.937.site.20, 12, 149, 161
1118061.3.peg.937.site.21, 27, 147, 174
1118061.3.peg.937.site.22, 6, 147, 153
1118061.3.peg.937.site.23, 10, 86, 96
1118061.3.peg.937.site.24, 41, 95, 136
1118061.3.peg.937.site.25, 30, 132, 162
1118061.3.peg.937.site.26, 17, 109, 126
1118061.3.peg.937.site.27, 5, 86, 91
1118061.3.peg.937.site.28, 0, 33, 33
1118061.3.peg.937.site.29, 14, 30, 44
1118061.3.peg.937.site.30, 6, 20, 26
1118061.3.peg.47.site.1, 22, 141, 163
1118061.3.peg.47.site.2, 29, 96, 125
1118061.3.peg.47.site.3, 127, 129, 256
1118061.3.peg.47.site.4, 123, 128, 251
1118061.3.peg.47.site.5, 46, 126, 172
1118061.3.peg.47.site.6, 0, 133, 133
1118061.3.peg.47.site.7, 1, 130, 131
1118061.3.peg.47.site.8, 2, 126, 128
1118061.3.peg.47.site.9, 2, 140, 142
1118061.3.peg.47.site.10, 81, 141, 222
1118061.3.peg.47.site.11, 2, 144, 146
1118061.3.peg.47.site.12, 2, 129, 131
1118061.3.peg.47.site.13, 19, 95, 114
1118061.3.peg.47.site.14, 79, 119, 198
1118061.3.peg.47.site.15, 41, 134, 175
1118061.3.peg.47.site.16, 2, 136, 138
1118061.3.peg.47.site.17, 2, 140, 142
1118061.3.peg.47.site.18, 41, 135, 176
1118061.3.peg.47.site.19, 3, 136, 139
1118061.3.peg.47.site.20, 0, 128, 128
1118061.3.peg.47.site.21, 8, 135, 143
1118061.3.peg.47.site.22, 5, 109, 114
1118061.3.peg.47.site.23, 3, 143, 146
1118061.3.peg.47.site.24, 1, 140, 141
1118061.3.peg.47.site.25, 1, 145, 146
1118061.3.peg.47.site.26, 0, 146, 146
1118061.3.peg.47.site.27, 73, 147, 220
1118061.3.peg.47.site.28, 147, 147, 294
1118061.3.peg.47.site.29, 0, 148, 148
1118061.3.peg.47.site.30, 2, 143, 145
1118061.3.peg.47.site.31, 29, 146, 175
1118061.3.peg.47.site.32, 2, 145, 147
1118061.3.peg.47.site.33, 2, 139, 141
1118061.3.peg.47.site.34, 2, 142, 144
1118061.3.peg.47.site.35, 20, 138, 158
1118061.3.peg.47.site.36, 2, 126, 128
1118061.3.peg.46.site.1, 2, 149, 151
1118061.3.peg.46.site.2, 28, 149, 177
1118061.3.peg.46.site.3, 11, 144, 155
1118061.3.peg.46.site.4, 77, 128, 205
1118061.3.peg.46.site.5, 1, 117, 118
1118061.3.peg.46.site.6, 0, 138, 138
1118061.3.peg.46.site.7, 43, 143, 186
1118061.3.peg.46.site.8, 1, 147, 148
1118061.3.peg.46.site.9, 0, 148, 148
1118061.3.peg.46.site.10, 2, 149, 151
1118061.3.peg.46.site.11, 1, 126, 127
1118061.3.peg.46.site.12, 2, 121, 123
1118061.3.peg.46.site.13, 11, 147, 158
1118061.3.peg.46.site.14, 96, 145, 241
1118061.3.peg.46.site.15, 0, 149, 149
1118061.3.peg.46.site.16, 17, 148, 165
1118061.3.peg.46.site.17, 2, 148, 150
1118061.3.peg.46.site.18, 8, 146, 154
1118061.3.peg.46.site.19, 38, 147, 185
1118061.3.peg.46.site.20, 115, 121, 236
1118061.3.peg.46.site.21, 2, 125, 127
1118061.3.peg.46.site.22, 0, 125, 125
1118061.3.peg.46.site.23, 16, 143, 159
1118061.3.peg.46.site.24, 3, 144, 147
1118061.3.peg.46.site.25, 82, 143, 225
1118061.3.peg.46.site.26, 0, 141, 141
1118061.3.peg.46.site.27, 3, 146, 149
1118061.3.peg.46.site.28, 3, 141, 144
1118061.3.peg.46.site.29, 1, 142, 143
1118061.3.peg.46.site.30, 10, 96, 106
1118061.3.peg.46.site.31, 1, 57, 58
1118061.3.peg.46.site.32, 8, 48, 56
1118061.3.peg.46.site.33, 10, 35, 45
1118061.3.peg.46.site.34, 1, 33, 34
1118061.3.peg.46.site.35, 2, 47, 49
1118061.3.peg.46.site.36, 64, 94, 158
1118061.3.peg.46.site.37, 50, 121, 171
1118061.3.peg.46.site.38, 22, 138, 160
1118061.3.peg.46.site.39, 62, 145, 207
1118061.3.peg.46.site.40, 61, 147, 208
1118061.3.peg.46.site.41, 0, 149, 149
1118061.3.peg.46.site.42, 0, 148, 148
1118061.3.peg.46.site.43, 19, 150, 169
1118061.3.peg.46.site.44, 29, 144, 173
1118061.3.peg.46.site.45, 1, 132, 133
1118061.3.peg.2399.site.1, 0, 140, 140
1118061.3.peg.2399.site.2, 22, 118, 140
1118061.3.peg.2399.site.3, 11, 130, 141
1118061.3.peg.2399.site.4, 1, 131, 132
1118061.3.peg.2399.site.5, 1, 134, 135
1118061.3.peg.2399.site.6, 27, 150, 177
1118061.3.peg.2398.site.1, 45, 146, 191
1118061.3.peg.2398.site.2, 0, 136, 136
1118061.3.peg.2398.site.3, 29, 134, 163
1118061.3.peg.2398.site.4, 16, 125, 141
1118061.3.peg.2398.site.5, 1, 123, 124
1118061.3.peg.2398.site.6, 1, 101, 102
1118061.3.peg.2398.site.7, 33, 86, 119
1118061.3.peg.2398.site.8, 4, 99, 103
1118061.3.peg.2398.site.9, 36, 101, 137
1118061.3.peg.2398.site.10, 2, 95, 97
1118061.3.peg.2398.site.11, 64, 96, 160
1118061.3.peg.2398.site.12, 8, 114, 122
1118061.3.peg.2407.site.1, 22, 143, 165
1118061.3.peg.2407.site.2, 29, 143, 172
1118061.3.peg.2407.site.3, 3, 146, 149
1118061.3.peg.2407.site.4, 30, 144, 174
1118061.3.peg.2407.site.5, 137, 141, 278
1118061.3.peg.2407.site.6, 5, 141, 146
1118061.3.peg.2407.site.7, 31, 132, 163
1118061.3.peg.2407.site.8, 124, 128, 252
1118061.3.peg.2407.site.9, 28, 131, 159
1118061.3.peg.2407.site.10, 24, 107, 131
1118061.3.peg.2407.site.11, 34, 130, 164
1118061.3.peg.2407.site.12, 32, 132, 164
1118061.3.peg.2407.site.13, 72, 129, 201
1118061.3.peg.2407.site.14, 30, 132, 162
1118061.3.peg.2407.site.15, 1, 135, 136
1118061.3.peg.2407.site.16, 1, 142, 143
1118061.3.peg.2407.site.17, 0, 143, 143
1118061.3.peg.2407.site.18, 29, 141, 170
1118061.3.peg.2407.site.19, 61, 141, 202
1118061.3.peg.2407.site.20, 58, 143, 201
1118061.3.peg.2407.site.21, 1, 144, 145
1118061.3.peg.2407.site.22, 21, 132, 153
1118061.3.peg.2407.site.23, 11, 132, 143
1118061.3.peg.2407.site.24, 2, 134, 136
1118061.3.peg.2407.site.25, 16, 135, 151
1118061.3.peg.2407.site.26, 15, 138, 153
1118061.3.peg.2407.site.27, 1, 131, 132
1118061.3.peg.2407.site.28, 0, 133, 133
1118061.3.peg.2407.site.29, 12, 133, 145
1118061.3.peg.2407.site.30, 2, 121, 123
1118061.3.peg.2407.site.31, 1, 124, 125
1118061.3.peg.2407.site.32, 12, 99, 111
1118061.3.peg.2406.site.1, 0, 149, 149
1118061.3.peg.2406.site.2, 149, 149, 298
1118061.3.peg.2406.site.3, 148, 150, 298
1118061.3.peg.2406.site.4, 67, 144, 211
1118061.3.peg.2406.site.5, 28, 143, 171
1118061.3.peg.2406.site.6, 147, 147, 294
1118061.3.peg.2405.site.1, 53, 146, 199
1118061.3.peg.2405.site.2, 0, 148, 148
1118061.3.peg.2405.site.3, 29, 145, 174
1118061.3.peg.2405.site.4, 5, 146, 151
1118061.3.peg.2405.site.5, 141, 150, 291
1118061.3.peg.2405.site.6, 145, 150, 295
1118061.3.peg.2405.site.7, 2, 149, 151
1118061.3.peg.2405.site.8, 0, 150, 150
1118061.3.peg.2405.site.9, 2, 150, 152
1118061.3.peg.2405.site.10, 2, 150, 152
1118061.3.peg.2405.site.11, 148, 150, 298
1118061.3.peg.2405.site.12, 35, 150, 185
1118061.3.peg.2404.site.1, 44, 126, 170
1118061.3.peg.2404.site.2, 2, 133, 135
1118061.3.peg.2404.site.3, 85, 135, 220
1118061.3.peg.2404.site.4, 15, 137, 152
1118061.3.peg.2404.site.5, 1, 147, 148
1118061.3.peg.2404.site.6, 1, 148, 149
1118061.3.peg.2404.site.7, 0, 149, 149
1118061.3.peg.2404.site.8, 0, 149, 149
1118061.3.peg.2404.site.9, 150, 150, 300
1118061.3.peg.2404.site.10, 1, 149, 150
1118061.3.peg.2404.site.11, 9, 150, 159
1118061.3.peg.2404.site.12, 50, 150, 200
1118061.3.peg.2404.site.13, 52, 150, 202
1118061.3.peg.2404.site.14, 1, 150, 151
1118061.3.peg.2404.site.15, 44, 149, 193
1118061.3.peg.2404.site.16, 26, 150, 176
1118061.3.peg.2404.site.17, 0, 150, 150
1118061.3.peg.2404.site.18, 50, 149, 199
1118061.3.peg.2403.site.1, 121, 123, 244
1118061.3.peg.2403.site.2, 25, 126, 151
1118061.3.peg.2403.site.3, 0, 111, 111
1118061.3.peg.2403.site.4, 0, 145, 145
1118061.3.peg.2403.site.5, 0, 120, 120
1118061.3.peg.2403.site.6, 15, 136, 151
1118061.3.peg.2403.site.7, 2, 141, 143
1118061.3.peg.2403.site.8, 0, 150, 150
1118061.3.peg.2403.site.9, 0, 147, 147
1118061.3.peg.2403.site.10, 0, 147, 147
1118061.3.peg.2403.site.11, 0, 146, 146
1118061.3.peg.2402.site.1, 3, 146, 149
1118061.3.peg.2402.site.2, 8, 144, 152
1118061.3.peg.2402.site.3, 1, 145, 146
1118061.3.peg.2402.site.4, 8, 146, 154
1118061.3.peg.2402.site.5, 20, 140, 160
1118061.3.peg.2401.site.1, 11, 148, 159
1118061.3.peg.2401.site.2, 0, 148, 148
1118061.3.peg.2401.site.3, 2, 138, 140
1118061.3.peg.2401.site.4, 91, 147, 238
1118061.3.peg.2401.site.5, 30, 140, 170
1118061.3.peg.1807.site.1, 1, 127, 128
1118061.3.peg.1807.site.2, 24, 127, 151
1118061.3.peg.1807.site.3, 6, 127, 133
1118061.3.peg.1807.site.4, 2, 128, 130
1118061.3.peg.1807.site.5, 0, 121, 121
1118061.3.peg.1807.site.6, 5, 121, 126
1118061.3.peg.1807.site.7, 51, 117, 168
1118061.3.peg.1807.site.8, 12, 127, 139
1118061.3.peg.1807.site.9, 103, 122, 225
1118061.3.peg.1807.site.10, 20, 124, 144
1118061.3.peg.1807.site.11, 1, 131, 132
1118061.3.peg.1807.site.12, 7, 128, 135
1118061.3.peg.1807.site.13, 0, 132, 132
1118061.3.peg.1807.site.14, 0, 133, 133
1118061.3.peg.1807.site.15, 46, 124, 170
1118061.3.peg.1807.site.16, 66, 126, 192
1118061.3.peg.1807.site.17, 15, 134, 149
1118061.3.peg.1807.site.18, 21, 130, 151
1118061.3.peg.1807.site.19, 16, 130, 146
1118061.3.peg.1807.site.20, 24, 99, 123
1118061.3.peg.1807.site.21, 14, 110, 124
1118061.3.peg.1807.site.22, 0, 91, 91
1118061.3.peg.1807.site.23, 4, 69, 73
1118061.3.peg.1807.site.24, 38, 49, 87
1118061.3.peg.1807.site.25, 4, 29, 33
1118061.3.peg.2499.site.1, 34, 149, 183
1118061.3.peg.2499.site.2, 3, 146, 149
1118061.3.peg.2499.site.3, 3, 150, 153
1118061.3.peg.2499.site.4, 0, 150, 150
1118061.3.peg.2499.site.5, 0, 134, 134
1118061.3.peg.2499.site.6, 12, 150, 162
1118061.3.peg.2499.site.7, 13, 149, 162
1118061.3.peg.2499.site.8, 30, 150, 180
1118061.3.peg.2499.site.9, 5, 149, 154
1118061.3.peg.2499.site.10, 30, 149, 179
1118061.3.peg.2499.site.11, 20, 149, 169
1118061.3.peg.2499.site.12, 43, 149, 192
1118061.3.peg.1184.site.1, 3, 149, 152
1118061.3.peg.1184.site.2, 52, 148, 200
1118061.3.peg.1719.site.1, 0, 150, 150
1118061.3.peg.1719.site.2, 29, 136, 165
1118061.3.peg.1719.site.3, 111, 137, 248
1118061.3.peg.1719.site.4, 1, 135, 136
1118061.3.peg.1719.site.5, 107, 137, 244
1118061.3.peg.1719.site.6, 50, 149, 199
1118061.3.peg.1719.site.7, 1, 142, 143
1118061.3.peg.1719.site.8, 123, 149, 272
1118061.3.peg.1719.site.9, 123, 150, 273
1118061.3.peg.1719.site.10, 0, 150, 150
1118061.3.peg.1719.site.11, 74, 148, 222
1118061.3.peg.1719.site.12, 4, 150, 154
1118061.3.peg.1719.site.13, 0, 150, 150
1118061.3.peg.1719.site.14, 3, 150, 153
1118061.3.peg.1719.site.15, 0, 149, 149
1118061.3.peg.1716.site.1, 2, 148, 150
1118061.3.peg.1716.site.2, 55, 145, 200
1118061.3.peg.1716.site.3, 2, 147, 149
1118061.3.peg.1716.site.4, 20, 145, 165
1118061.3.peg.1716.site.5, 0, 147, 147
1118061.3.peg.1716.site.6, 0, 147, 147
1118061.3.peg.1716.site.7, 101, 146, 247
1118061.3.peg.1716.site.8, 38, 132, 170
1118061.3.peg.1716.site.9, 47, 144, 191
1118061.3.peg.1716.site.10, 28, 142, 170
1118061.3.peg.1716.site.11, 2, 149, 151
1118061.3.peg.1716.site.12, 0, 150, 150
1118061.3.peg.1717.site.1, 0, 150, 150
1118061.3.peg.1717.site.2, 2, 150, 152
1118061.3.peg.1717.site.3, 13, 150, 163
1118061.3.peg.1717.site.4, 41, 146, 187
1118061.3.peg.1717.site.5, 1, 150, 151
1118061.3.peg.1717.site.6, 60, 148, 208
1118061.3.peg.1717.site.7, 18, 149, 167
1118061.3.peg.1717.site.8, 0, 150, 150
1118061.3.peg.1717.site.9, 1, 150, 151
1118061.3.peg.1717.site.10, 0, 146, 146
1118061.3.peg.1717.site.11, 91, 144, 235
1118061.3.peg.1717.site.12, 31, 148, 179
1118061.3.peg.1717.site.13, 2, 142, 144
1118061.3.peg.1717.site.14, 38, 137, 175
1118061.3.peg.1714.site.1, 3, 144, 147
1118061.3.peg.1714.site.2, 0, 123, 123
1118061.3.peg.1714.site.3, 14, 147, 161
1118061.3.peg.1714.site.4, 28, 139, 167
1118061.3.peg.1714.site.5, 108, 148, 256
1118061.3.peg.1714.site.6, 149, 149, 298
1118061.3.peg.1715.site.1, 0, 148, 148
1118061.3.peg.1715.site.2, 20, 142, 162
1118061.3.peg.1715.site.3, 18, 138, 156
1118061.3.peg.1715.site.4, 0, 148, 148
1118061.3.peg.1715.site.5, 0, 148, 148
1118061.3.peg.1715.site.6, 2, 149, 151
1118061.3.peg.1713.site.1, 62, 62, 124
1118061.3.peg.1713.site.2, 3, 125, 128
1118061.3.peg.1713.site.3, 19, 112, 131
1118061.3.peg.1713.site.4, 1, 98, 99
1118061.3.peg.1713.site.5, 101, 102, 203
1118061.3.peg.1713.site.6, 86, 99, 185
1118061.3.peg.1713.site.7, 3, 114, 117
1118061.3.peg.1713.site.8, 1, 100, 101
1118061.3.peg.1713.site.9, 2, 115, 117
1118061.3.peg.1713.site.10, 6, 124, 130
1118061.3.peg.1713.site.11, 78, 130, 208
1118061.3.peg.1713.site.12, 74, 131, 205
1118061.3.peg.1713.site.13, 99, 148, 247
1118061.3.peg.1713.site.14, 38, 147, 185
1118061.3.peg.1713.site.15, 39, 149, 188
1118061.3.peg.1713.site.16, 30, 150, 180
1118061.3.peg.1713.site.17, 21, 150, 171
1118061.3.peg.1713.site.18, 5, 150, 155
1118061.3.peg.1713.site.19, 1, 150, 151
1118061.3.peg.1713.site.20, 2, 150, 152
1118061.3.peg.1713.site.21, 4, 92, 96
1118061.3.peg.1713.site.22, 0, 97, 97
1118061.3.peg.1713.site.23, 0, 117, 117
1118061.3.peg.1710.site.1, 1, 147, 148
1118061.3.peg.1710.site.2, 1, 148, 149
1118061.3.peg.1710.site.3, 1, 148, 149
1118061.3.peg.1710.site.4, 0, 148, 148
1118061.3.peg.1710.site.5, 0, 150, 150
1118061.3.peg.1710.site.6, 0, 150, 150
1118061.3.peg.1710.site.7, 2, 150, 152
1118061.3.peg.1710.site.8, 2, 150, 152
1118061.3.peg.1710.site.9, 0, 150, 150
1118061.3.peg.1710.site.10, 1, 150, 151
1118061.3.peg.1710.site.11, 38, 149, 187
1118061.3.peg.1710.site.12, 44, 150, 194
1118061.3.peg.1710.site.13, 46, 150, 196
1118061.3.peg.1710.site.14, 0, 149, 149
1118061.3.peg.1710.site.15, 4, 149, 153
1118061.3.peg.1710.site.16, 32, 147, 179
1118061.3.peg.1710.site.17, 2, 149, 151
1118061.3.peg.1710.site.18, 2, 149, 151
1118061.3.peg.1710.site.19, 2, 150, 152
1118061.3.peg.1710.site.20, 0, 150, 150
1118061.3.peg.1710.site.21, 0, 150, 150
1118061.3.peg.1710.site.22, 4, 150, 154
1118061.3.peg.1710.site.23, 12, 150, 162
1118061.3.peg.1710.site.24, 0, 150, 150
1118061.3.peg.1710.site.25, 12, 150, 162
1118061.3.peg.1710.site.26, 38, 150, 188
1118061.3.peg.1710.site.27, 0, 147, 147
1118061.3.peg.1710.site.28, 2, 149, 151
1118061.3.peg.1711.site.1, 101, 149, 250
1118061.3.peg.1711.site.2, 40, 149, 189
1118061.3.peg.1711.site.3, 2, 150, 152
1118061.3.peg.1711.site.4, 2, 150, 152
1118061.3.peg.1711.site.5, 82, 150, 232
1118061.3.peg.1711.site.6, 4, 148, 152
1118061.3.peg.1711.site.7, 51, 148, 199
1118061.3.peg.1711.site.8, 25, 150, 175
1118061.3.peg.1711.site.9, 30, 150, 180
1118061.3.peg.1711.site.10, 59, 150, 209
1118061.3.peg.1711.site.11, 113, 148, 261
1118061.3.peg.1711.site.12, 2, 146, 148
1118061.3.peg.1711.site.13, 13, 146, 159
1118061.3.peg.1711.site.14, 6, 138, 144
1118061.3.peg.1711.site.15, 24, 134, 158
1118061.3.peg.1711.site.16, 4, 140, 144
1118061.3.peg.1711.site.17, 3, 140, 143
1118061.3.peg.1711.site.18, 86, 139, 225
1118061.3.peg.1711.site.19, 0, 141, 141
1118061.3.peg.1711.site.20, 116, 144, 260
1118061.3.peg.1711.site.21, 12, 141, 153
1118061.3.peg.1711.site.22, 2, 126, 128
1118061.3.peg.1711.site.23, 4, 140, 144
1118061.3.peg.1711.site.24, 12, 139, 151
1118061.3.peg.1711.site.25, 61, 146, 207
1118061.3.peg.1711.site.26, 4, 146, 150
1118061.3.peg.1711.site.27, 133, 150, 283
1118061.3.peg.1711.site.28, 2, 150, 152
1118061.3.peg.1711.site.29, 2, 150, 152
1118061.3.peg.1711.site.30, 2, 148, 150
1118061.3.peg.2495.site.1, 58, 143, 201
1118061.3.peg.2495.site.2, 71, 145, 216
1118061.3.peg.2495.site.3, 1, 148, 149
1118061.3.peg.2495.site.4, 1, 149, 150
1118061.3.peg.2495.site.5, 9, 146, 155
1118061.3.peg.2495.site.6, 14, 147, 161
1118061.3.peg.2495.site.7, 28, 149, 177
1118061.3.peg.2495.site.8, 58, 145, 203
1118061.3.peg.2495.site.9, 54, 148, 202
1118061.3.peg.2495.site.10, 31, 150, 181
1118061.3.peg.2495.site.11, 2, 149, 151
1118061.3.peg.2495.site.12, 2, 149, 151
1118061.3.peg.2495.site.13, 33, 147, 180
1118061.3.peg.2495.site.14, 1, 145, 146
1118061.3.peg.2495.site.15, 63, 141, 204
1118061.3.peg.2495.site.16, 8, 149, 157
1118061.3.peg.2495.site.17, 0, 150, 150
1118061.3.peg.2495.site.18, 0, 149, 149
1118061.3.peg.2495.site.19, 0, 149, 149
1118061.3.peg.2495.site.20, 3, 148, 151
1118061.3.peg.2495.site.21, 1, 150, 151
1118061.3.peg.2495.site.22, 7, 150, 157
1118061.3.peg.2495.site.23, 1, 150, 151
1118061.3.peg.2495.site.24, 11, 150, 161
1118061.3.peg.1217.site.1, 121, 147, 268
1118061.3.peg.1217.site.2, 3, 142, 145
1118061.3.peg.1217.site.3, 1, 129, 130
1118061.3.peg.1217.site.4, 6, 141, 147
1118061.3.peg.1217.site.5, 1, 127, 128
1118061.3.peg.1217.site.6, 6, 124, 130
1118061.3.peg.1217.site.7, 63, 122, 185
1118061.3.peg.1217.site.8, 2, 130, 132
1118061.3.peg.1217.site.9, 3, 132, 135
1118061.3.peg.1217.site.10, 1, 143, 144
1118061.3.peg.1217.site.11, 3, 147, 150
1118061.3.peg.1217.site.12, 8, 146, 154
1118061.3.peg.1217.site.13, 1, 138, 139
1118061.3.peg.1217.site.14, 35, 140, 175
1118061.3.peg.1217.site.15, 14, 147, 161
1118061.3.peg.1217.site.16, 8, 142, 150
1118061.3.peg.8.site.1, 1, 150, 151
1118061.3.peg.8.site.2, 12, 150, 162
1118061.3.peg.8.site.3, 12, 149, 161
1118061.3.peg.8.site.4, 0, 149, 149
1118061.3.peg.8.site.5, 123, 143, 266
1118061.3.peg.8.site.6, 115, 131, 246
1118061.3.peg.8.site.7, 23, 144, 167
1118061.3.peg.8.site.8, 5, 146, 151
1118061.3.peg.8.site.9, 1, 147, 148
1118061.3.peg.8.site.10, 42, 148, 190
1118061.3.peg.8.site.11, 8, 150, 158
1118061.3.peg.8.site.12, 4, 150, 154
1118061.3.peg.9.site.1, 0, 150, 150
1118061.3.peg.9.site.2, 16, 149, 165
1118061.3.peg.9.site.3, 6, 148, 154
1118061.3.peg.9.site.4, 1, 146, 147
1118061.3.peg.9.site.5, 1, 135, 136
1118061.3.peg.9.site.6, 0, 124, 124
1118061.3.peg.9.site.7, 5, 147, 152
1118061.3.peg.9.site.8, 100, 143, 243
1118061.3.peg.9.site.9, 0, 148, 148
1118061.3.peg.9.site.10, 20, 145, 165
1118061.3.peg.9.site.11, 3, 133, 136
1118061.3.peg.9.site.12, 18, 118, 136
1118061.3.peg.9.site.13, 15, 113, 128
1118061.3.peg.9.site.14, 3, 133, 136
1118061.3.peg.9.site.15, 3, 149, 152
1118061.3.peg.9.site.16, 11, 148, 159
1118061.3.peg.9.site.17, 0, 147, 147
1118061.3.peg.6.site.1, 0, 147, 147
1118061.3.peg.6.site.2, 0, 147, 147
1118061.3.peg.6.site.3, 53, 149, 202
1118061.3.peg.6.site.4, 18, 148, 166
1118061.3.peg.6.site.5, 3, 144, 147
1118061.3.peg.7.site.1, 3, 129, 132
1118061.3.peg.7.site.2, 60, 126, 186
1118061.3.peg.7.site.3, 52, 108, 160
1118061.3.peg.7.site.4, 3, 123, 126
1118061.3.peg.7.site.5, 3, 108, 111
1118061.3.peg.7.site.6, 46, 127, 173
1118061.3.peg.7.site.7, 6, 135, 141
1118061.3.peg.7.site.8, 3, 137, 140
1118061.3.peg.7.site.9, 3, 140, 143
1118061.3.peg.7.site.10, 1, 118, 119
1118061.3.peg.7.site.11, 28, 134, 162
1118061.3.peg.7.site.12, 52, 109, 161
1118061.3.peg.7.site.13, 18, 79, 97
1118061.3.peg.7.site.14, 9, 90, 99
1118061.3.peg.7.site.15, 23, 89, 112
1118061.3.peg.7.site.16, 12, 117, 129
1118061.3.peg.7.site.17, 127, 136, 263
1118061.3.peg.7.site.18, 3, 135, 138
1118061.3.peg.7.site.19, 83, 137, 220
1118061.3.peg.7.site.20, 14, 140, 154
1118061.3.peg.7.site.21, 2, 135, 137
1118061.3.peg.7.site.22, 15, 141, 156
1118061.3.peg.7.site.23, 15, 140, 155
1118061.3.peg.7.site.24, 13, 142, 155
1118061.3.peg.7.site.25, 0, 142, 142
1118061.3.peg.7.site.26, 22, 139, 161
1118061.3.peg.7.site.27, 60, 143, 203
1118061.3.peg.7.site.28, 3, 132, 135
1118061.3.peg.7.site.29, 24, 135, 159
1118061.3.peg.7.site.30, 97, 134, 231
1118061.3.peg.7.site.31, 101, 125, 226
1118061.3.peg.7.site.32, 11, 132, 143
1118061.3.peg.7.site.33, 140, 140, 280
1118061.3.peg.7.site.34, 37, 136, 173
1118061.3.peg.7.site.35, 117, 145, 262
1118061.3.peg.4.site.1, 99, 150, 249
1118061.3.peg.4.site.2, 49, 149, 198
1118061.3.peg.4.site.3, 2, 150, 152
1118061.3.peg.4.site.4, 0, 149, 149
1118061.3.peg.4.site.5, 88, 147, 235
1118061.3.peg.4.site.6, 0, 142, 142
1118061.3.peg.4.site.7, 25, 143, 168
1118061.3.peg.4.site.8, 2, 144, 146
1118061.3.peg.4.site.9, 7, 150, 157
1118061.3.peg.4.site.10, 6, 149, 155
1118061.3.peg.4.site.11, 75, 147, 222
1118061.3.peg.4.site.12, 16, 150, 166
1118061.3.peg.5.site.1, 1, 135, 136
1118061.3.peg.5.site.2, 2, 144, 146
1118061.3.peg.5.site.3, 48, 148, 196
1118061.3.peg.5.site.4, 7, 149, 156
1118061.3.peg.5.site.5, 2, 147, 149
1118061.3.peg.5.site.6, 125, 145, 270
1118061.3.peg.5.site.7, 0, 149, 149
1118061.3.peg.5.site.8, 18, 147, 165
1118061.3.peg.5.site.9, 88, 140, 228
1118061.3.peg.5.site.10, 107, 129, 236
1118061.3.peg.5.site.11, 0, 123, 123
1118061.3.peg.5.site.12, 0, 123, 123
1118061.3.peg.5.site.13, 72, 104, 176
1118061.3.peg.5.site.14, 19, 114, 133
1118061.3.peg.5.site.15, 111, 123, 234
1118061.3.peg.5.site.16, 0, 129, 129
1118061.3.peg.5.site.17, 145, 145, 290
1118061.3.peg.5.site.18, 12, 149, 161
1118061.3.peg.5.site.19, 11, 148, 159
1118061.3.peg.5.site.20, 98, 149, 247
1118061.3.peg.5.site.21, 0, 146, 146
1118061.3.peg.5.site.22, 0, 145, 145
1118061.3.peg.5.site.23, 0, 149, 149
1118061.3.peg.5.site.24, 0, 150, 150
1118061.3.peg.5.site.25, 2, 147, 149
1118061.3.peg.5.site.26, 9, 149, 158
1118061.3.peg.5.site.27, 1, 150, 151
1118061.3.peg.5.site.28, 27, 147, 174
1118061.3.peg.5.site.29, 1, 150, 151
1118061.3.peg.2.site.1, 2, 148, 150
1118061.3.peg.2.site.2, 2, 149, 151
1118061.3.peg.2.site.3, 21, 122, 143
1118061.3.peg.2.site.4, 1, 69, 70
1118061.3.peg.3.site.1, 2, 127, 129
1118061.3.peg.3.site.2, 2, 150, 152
1118061.3.peg.3.site.3, 21, 145, 166
1118061.3.peg.3.site.4, 2, 147, 149
1118061.3.peg.3.site.5, 2, 144, 146
1118061.3.peg.3.site.6, 24, 149, 173
1118061.3.peg.3.site.7, 4, 150, 154
1118061.3.peg.3.site.8, 2, 145, 147
1118061.3.peg.3.site.9, 22, 142, 164
1118061.3.peg.3.site.10, 6, 139, 145
1118061.3.peg.3.site.11, 74, 110, 184
1118061.3.peg.3.site.12, 77, 116, 193
1118061.3.peg.3.site.13, 86, 139, 225
1118061.3.peg.3.site.14, 2, 147, 149
1118061.3.peg.3.site.15, 59, 148, 207
1118061.3.peg.3.site.16, 147, 147, 294
1118061.3.peg.3.site.17, 25, 147, 172
1118061.3.peg.3.site.18, 6, 148, 154
1118061.3.peg.3.site.19, 0, 148, 148
1118061.3.peg.3.site.20, 3, 150, 153
1118061.3.peg.3.site.21, 14, 149, 163
1118061.3.peg.3.site.22, 26, 148, 174
1118061.3.peg.3.site.23, 67, 150, 217
1118061.3.peg.3.site.24, 6, 149, 155
1118061.3.peg.3.site.25, 0, 148, 148
1118061.3.peg.3.site.26, 3, 149, 152
1118061.3.peg.3.site.27, 37, 150, 187
1118061.3.peg.3.site.28, 34, 150, 184
1118061.3.peg.3.site.29, 2, 147, 149
1118061.3.peg.1622.site.1, 75, 149, 224
1118061.3.peg.1622.site.2, 0, 143, 143
1118061.3.peg.1622.site.3, 0, 147, 147
1118061.3.peg.1622.site.4, 13, 147, 160
1118061.3.peg.1622.site.5, 111, 142, 253
1118061.3.peg.1622.site.6, 0, 144, 144
1118061.3.peg.1622.site.7, 1, 142, 143
1118061.3.peg.1622.site.8, 1, 135, 136
1118061.3.peg.1622.site.9, 2, 126, 128
1118061.3.peg.1622.site.10, 0, 112, 112
1118061.3.peg.1622.site.11, 15, 113, 128
1118061.3.peg.1622.site.12, 33, 112, 145
1118061.3.peg.1622.site.13, 15, 103, 118
1118061.3.peg.1622.site.14, 1, 104, 105
1118061.3.peg.1622.site.15, 14, 105, 119
1118061.3.peg.1622.site.16, 35, 109, 144
1118061.3.peg.1622.site.17, 1, 109, 110
1118061.3.peg.1622.site.18, 4, 105, 109
1118061.3.peg.1622.site.19, 3, 104, 107
1118061.3.peg.1623.site.1, 2, 148, 150
1118061.3.peg.1623.site.2, 2, 148, 150
1118061.3.peg.1623.site.3, 54, 145, 199
1118061.3.peg.1623.site.4, 5, 147, 152
1118061.3.peg.1623.site.5, 1, 141, 142
1118061.3.peg.1623.site.6, 0, 135, 135
1118061.3.peg.1623.site.7, 44, 138, 182
1118061.3.peg.1623.site.8, 44, 137, 181
1118061.3.peg.1623.site.9, 43, 149, 192
1118061.3.peg.1623.site.10, 49, 148, 197
1118061.3.peg.1623.site.11, 1, 150, 151
1118061.3.peg.1623.site.12, 45, 150, 195
1118061.3.peg.1623.site.13, 27, 150, 177
1118061.3.peg.1623.site.14, 3, 144, 147
1118061.3.peg.1623.site.15, 3, 141, 144
1118061.3.peg.1623.site.16, 1, 136, 137
1118061.3.peg.1623.site.17, 139, 139, 278
1118061.3.peg.1623.site.18, 1, 142, 143
1118061.3.peg.1623.site.19, 1, 141, 142
1118061.3.peg.1623.site.20, 14, 143, 157
1118061.3.peg.1623.site.21, 2, 143, 145
1118061.3.peg.1623.site.22, 3, 144, 147
1118061.3.peg.1623.site.23, 0, 145, 145
1118061.3.peg.1623.site.24, 0, 145, 145
1118061.3.peg.1623.site.25, 13, 89, 102
1118061.3.peg.1623.site.26, 2, 136, 138
1118061.3.peg.1623.site.27, 1, 143, 144
1118061.3.peg.1623.site.28, 145, 148, 293
1118061.3.peg.1623.site.29, 2, 148, 150
1118061.3.peg.1620.site.1, 53, 149, 202
1118061.3.peg.1620.site.2, 23, 149, 172
1118061.3.peg.1620.site.3, 23, 148, 171
1118061.3.peg.1620.site.4, 37, 149, 186
1118061.3.peg.1620.site.5, 72, 146, 218
1118061.3.peg.1620.site.6, 50, 140, 190
1118061.3.peg.1620.site.7, 38, 119, 157
1118061.3.peg.1620.site.8, 28, 146, 174
1118061.3.peg.1620.site.9, 0, 147, 147
1118061.3.peg.1620.site.10, 40, 148, 188
1118061.3.peg.1620.site.11, 15, 139, 154
1118061.3.peg.1620.site.12, 0, 85, 85
1118061.3.peg.1620.site.13, 1, 96, 97
1118061.3.peg.1620.site.14, 1, 116, 117
1118061.3.peg.1620.site.15, 59, 124, 183
1118061.3.peg.1620.site.16, 67, 124, 191
1118061.3.peg.1620.site.17, 1, 140, 141
1118061.3.peg.1620.site.18, 1, 148, 149
1118061.3.peg.1620.site.19, 124, 150, 274
1118061.3.peg.1620.site.20, 124, 150, 274
1118061.3.peg.1620.site.21, 39, 150, 189
1118061.3.peg.1621.site.1, 0, 143, 143
1118061.3.peg.1621.site.2, 53, 140, 193
1118061.3.peg.1621.site.3, 149, 149, 298
1118061.3.peg.1626.site.1, 78, 149, 227
1118061.3.peg.1626.site.2, 25, 146, 171
1118061.3.peg.1626.site.3, 27, 143, 170
1118061.3.peg.1626.site.4, 88, 143, 231
1118061.3.peg.1626.site.5, 82, 142, 224
1118061.3.peg.1626.site.6, 25, 149, 174
1118061.3.peg.1626.site.7, 1, 149, 150
1118061.3.peg.1626.site.8, 110, 148, 258
1118061.3.peg.1626.site.9, 125, 146, 271
1118061.3.peg.1626.site.10, 68, 147, 215
1118061.3.peg.1626.site.11, 26, 147, 173
1118061.3.peg.1626.site.12, 2, 150, 152
1118061.3.peg.1626.site.13, 136, 148, 284
1118061.3.peg.1626.site.14, 4, 147, 151
1118061.3.peg.1626.site.15, 0, 150, 150
1118061.3.peg.1626.site.16, 2, 149, 151
1118061.3.peg.1626.site.17, 2, 145, 147
1118061.3.peg.1626.site.18, 1, 139, 140
1118061.3.peg.1626.site.19, 3, 149, 152
1118061.3.peg.1626.site.20, 1, 149, 150
1118061.3.peg.1624.site.1, 134, 142, 276
1118061.3.peg.1624.site.2, 0, 147, 147
1118061.3.peg.1624.site.3, 3, 149, 152
1118061.3.peg.1624.site.4, 3, 149, 152
1118061.3.peg.1624.site.5, 1, 150, 151
1118061.3.peg.1624.site.6, 68, 150, 218
1118061.3.peg.1624.site.7, 1, 148, 149
1118061.3.peg.1624.site.8, 45, 148, 193
1118061.3.peg.1624.site.9, 55, 146, 201
1118061.3.peg.1625.site.1, 10, 148, 158
1118061.3.peg.1625.site.2, 2, 149, 151
1118061.3.peg.1625.site.3, 7, 150, 157
1118061.3.peg.1625.site.4, 0, 143, 143
1118061.3.peg.1625.site.5, 45, 142, 187
1118061.3.peg.1625.site.6, 30, 138, 168
1118061.3.peg.1625.site.7, 7, 143, 150
1118061.3.peg.1369.site.1, 6, 140, 146
1118061.3.peg.1369.site.2, 63, 139, 202
1118061.3.peg.1369.site.3, 0, 150, 150
1118061.3.peg.1369.site.4, 43, 150, 193
1118061.3.peg.1369.site.5, 2, 150, 152
1118061.3.peg.1369.site.6, 72, 149, 221
1118061.3.peg.1369.site.7, 5, 150, 155
1118061.3.peg.1369.site.8, 3, 142, 145
1118061.3.peg.1369.site.9, 0, 148, 148
1118061.3.peg.1369.site.10, 3, 148, 151
1118061.3.peg.1369.site.11, 26, 147, 173
1118061.3.peg.1369.site.12, 2, 150, 152
1118061.3.peg.1369.site.13, 0, 150, 150
1118061.3.peg.1368.site.1, 7, 133, 140
1118061.3.peg.1368.site.2, 20, 77, 97
1118061.3.peg.1368.site.3, 1, 144, 145
1118061.3.peg.1368.site.4, 2, 146, 148
1118061.3.peg.1368.site.5, 3, 147, 150
1118061.3.peg.1368.site.6, 1, 149, 150
1118061.3.peg.1368.site.7, 0, 139, 139
1118061.3.peg.1368.site.8, 0, 144, 144
1118061.3.peg.1368.site.9, 1, 146, 147
1118061.3.peg.1368.site.10, 16, 144, 160
1118061.3.peg.1368.site.11, 0, 147, 147
1118061.3.peg.1368.site.12, 33, 148, 181
1118061.3.peg.1368.site.13, 43, 139, 182
1118061.3.peg.1366.site.1, 1, 149, 150
1118061.3.peg.1366.site.2, 6, 147, 153
1118061.3.peg.1366.site.3, 148, 148, 296
1118061.3.peg.1366.site.4, 12, 148, 160
1118061.3.peg.1366.site.5, 5, 150, 155
1118061.3.peg.1366.site.6, 17, 141, 158
1118061.3.peg.1366.site.7, 0, 143, 143
1118061.3.peg.1366.site.8, 16, 138, 154
1118061.3.peg.1366.site.9, 17, 140, 157
1118061.3.peg.1366.site.10, 10, 138, 148
1118061.3.peg.1366.site.11, 3, 133, 136
1118061.3.peg.1366.site.12, 4, 140, 144
1118061.3.peg.1366.site.13, 85, 147, 232
1118061.3.peg.1366.site.14, 9, 149, 158
1118061.3.peg.1366.site.15, 0, 150, 150
1118061.3.peg.1366.site.16, 150, 150, 300
1118061.3.peg.1366.site.17, 23, 148, 171
1118061.3.peg.1366.site.18, 15, 147, 162
1118061.3.peg.1366.site.19, 3, 147, 150
1118061.3.peg.1365.site.1, 2, 134, 136
1118061.3.peg.1365.site.2, 43, 133, 176
1118061.3.peg.1365.site.3, 6, 119, 125
1118061.3.peg.1365.site.4, 2, 129, 131
1118061.3.peg.1365.site.5, 62, 123, 185
1118061.3.peg.1365.site.6, 9, 137, 146
1118061.3.peg.1365.site.7, 20, 143, 163
1118061.3.peg.1365.site.8, 30, 142, 172
1118061.3.peg.1365.site.9, 4, 142, 146
1118061.3.peg.1365.site.10, 0, 146, 146
1118061.3.peg.1365.site.11, 1, 145, 146
1118061.3.peg.1365.site.12, 8, 144, 152
1118061.3.peg.1365.site.13, 32, 140, 172
1118061.3.peg.1365.site.14, 0, 141, 141
1118061.3.peg.1364.site.1, 1, 148, 149
1118061.3.peg.1364.site.2, 1, 150, 151
1118061.3.peg.1364.site.3, 3, 150, 153
1118061.3.peg.1364.site.4, 3, 142, 145
1118061.3.peg.1364.site.5, 43, 138, 181
1118061.3.peg.1364.site.6, 2, 147, 149
1118061.3.peg.1364.site.7, 1, 147, 148
1118061.3.peg.1364.site.8, 38, 148, 186
1118061.3.peg.1364.site.9, 22, 150, 172
1118061.3.peg.1364.site.10, 2, 148, 150
1118061.3.peg.1364.site.11, 76, 143, 219
1118061.3.peg.1364.site.12, 3, 142, 145
1118061.3.peg.1364.site.13, 8, 139, 147
1118061.3.peg.1364.site.14, 6, 145, 151
1118061.3.peg.1364.site.15, 3, 149, 152
1118061.3.peg.1364.site.16, 0, 147, 147
1118061.3.peg.1364.site.17, 1, 142, 143
1118061.3.peg.1364.site.18, 1, 144, 145
1118061.3.peg.1364.site.19, 0, 145, 145
1118061.3.peg.1364.site.20, 147, 147, 294
1118061.3.peg.1364.site.21, 2, 139, 141
1118061.3.peg.1364.site.22, 1, 144, 145
1118061.3.peg.1363.site.1, 2, 149, 151
1118061.3.peg.1363.site.2, 3, 149, 152
1118061.3.peg.1363.site.3, 2, 150, 152
1118061.3.peg.1363.site.4, 4, 150, 154
1118061.3.peg.1363.site.5, 121, 148, 269
1118061.3.peg.1363.site.6, 107, 148, 255
1118061.3.peg.1363.site.7, 138, 150, 288
1118061.3.peg.1363.site.8, 3, 150, 153
1118061.3.peg.1363.site.9, 4, 149, 153
1118061.3.peg.1363.site.10, 1, 149, 150
1118061.3.peg.1363.site.11, 1, 150, 151
1118061.3.peg.1363.site.12, 2, 150, 152
1118061.3.peg.1363.site.13, 0, 150, 150
1118061.3.peg.1363.site.14, 4, 150, 154
1118061.3.peg.1363.site.15, 15, 147, 162
1118061.3.peg.1363.site.16, 5, 150, 155
1118061.3.peg.1363.site.17, 78, 148, 226
1118061.3.peg.1363.site.18, 1, 147, 148
1118061.3.peg.1363.site.19, 3, 150, 153
1118061.3.peg.1363.site.20, 2, 150, 152
1118061.3.peg.1363.site.21, 1, 150, 151
1118061.3.peg.1363.site.22, 146, 149, 295
1118061.3.peg.1363.site.23, 2, 150, 152
1118061.3.peg.1363.site.24, 35, 149, 184
1118061.3.peg.1363.site.25, 1, 141, 142
1118061.3.peg.1363.site.26, 0, 149, 149
1118061.3.peg.1363.site.27, 1, 133, 134
1118061.3.peg.1362.site.1, 0, 145, 145
1118061.3.peg.1361.site.1, 144, 148, 292
1118061.3.peg.1361.site.2, 3, 143, 146
1118061.3.peg.1361.site.3, 0, 149, 149
1118061.3.peg.1361.site.4, 26, 150, 176
1118061.3.peg.1361.site.5, 2, 149, 151
1118061.3.peg.1361.site.6, 33, 150, 183
1118061.3.peg.1361.site.7, 2, 147, 149
1118061.3.peg.1361.site.8, 30, 149, 179
1118061.3.peg.1361.site.9, 1, 149, 150
1118061.3.peg.1361.site.10, 52, 148, 200
1118061.3.peg.1361.site.11, 16, 148, 164
1118061.3.peg.1361.site.12, 54, 147, 201
1118061.3.peg.1361.site.13, 2, 146, 148
1118061.3.peg.1361.site.14, 0, 148, 148
1118061.3.peg.1361.site.15, 1, 148, 149
1118061.3.peg.1361.site.16, 6, 148, 154
1118061.3.peg.1360.site.1, 1, 150, 151
1118061.3.peg.1360.site.2, 91, 148, 239
1118061.3.peg.1360.site.3, 1, 148, 149
1118061.3.peg.1360.site.4, 1, 149, 150
1118061.3.peg.1360.site.5, 0, 149, 149
1118061.3.peg.1360.site.6, 72, 147, 219
1118061.3.peg.1360.site.7, 1, 145, 146
1118061.3.peg.1360.site.8, 2, 150, 152
1118061.3.peg.1360.site.9, 0, 149, 149
1118061.3.peg.1360.site.10, 68, 149, 217
1118061.3.peg.1360.site.11, 116, 147, 263
1118061.3.peg.1360.site.12, 2, 146, 148
1118061.3.peg.1360.site.13, 23, 134, 157
1118061.3.peg.1360.site.14, 82, 140, 222
1118061.3.peg.1360.site.15, 0, 145, 145
1118061.3.peg.1360.site.16, 5, 147, 152
1118061.3.peg.1360.site.17, 14, 146, 160
1118061.3.peg.1360.site.18, 25, 149, 174
1118061.3.peg.1360.site.19, 5, 149, 154
1118061.3.peg.1360.site.20, 69, 149, 218
1118061.3.peg.1360.site.21, 16, 150, 166
1118061.3.peg.1360.site.22, 3, 150, 153
1118061.3.peg.1360.site.23, 5, 150, 155
1118061.3.peg.1360.site.24, 2, 140, 142
1118061.3.peg.1360.site.25, 2, 141, 143
1118061.3.peg.1360.site.26, 4, 144, 148
1118061.3.peg.1360.site.27, 17, 150, 167
1118061.3.peg.1360.site.28, 0, 150, 150
1118061.3.peg.1360.site.29, 1, 150, 151
1118061.3.peg.1360.site.30, 0, 150, 150
1118061.3.peg.1360.site.31, 0, 145, 145
1118061.3.peg.1360.site.32, 53, 143, 196
1118061.3.peg.1360.site.33, 25, 148, 173
1118061.3.peg.1360.site.34, 6, 149, 155
1118061.3.peg.1360.site.35, 0, 148, 148
1118061.3.peg.1360.site.36, 0, 147, 147
1118061.3.peg.1360.site.37, 31, 144, 175
1118061.3.peg.1360.site.38, 1, 147, 148
1118061.3.peg.1360.site.39, 6, 147, 153
1118061.3.peg.1360.site.40, 1, 150, 151
1118061.3.peg.1360.site.41, 0, 150, 150
1118061.3.peg.1360.site.42, 0, 150, 150
1118061.3.peg.1360.site.43, 12, 150, 162
1118061.3.peg.1360.site.44, 0, 150, 150
1118061.3.peg.1360.site.45, 10, 150, 160
1118061.3.peg.1360.site.46, 3, 150, 153
1118061.3.peg.1360.site.47, 2, 145, 147
1118061.3.peg.1360.site.48, 1, 150, 151
1118061.3.peg.1360.site.49, 3, 150, 153
1118061.3.peg.1360.site.50, 99, 149, 248
1118061.3.peg.1360.site.51, 1, 147, 148
1118061.3.peg.1360.site.52, 0, 150, 150
1118061.3.peg.1360.site.53, 35, 147, 182
1118061.3.peg.1360.site.54, 24, 147, 171
1118061.3.peg.1360.site.55, 43, 149, 192
1118061.3.peg.1360.site.56, 2, 149, 151
1118061.3.peg.1360.site.57, 0, 139, 139
1118061.3.peg.831.site.1, 0, 149, 149
1118061.3.peg.831.site.2, 2, 149, 151
1118061.3.peg.830.site.1, 1, 148, 149
1118061.3.peg.830.site.2, 4, 150, 154
1118061.3.peg.830.site.3, 1, 150, 151
1118061.3.peg.830.site.4, 2, 150, 152
1118061.3.peg.830.site.5, 32, 150, 182
1118061.3.peg.833.site.1, 0, 91, 91
1118061.3.peg.833.site.2, 2, 143, 145
1118061.3.peg.833.site.3, 23, 141, 164
1118061.3.peg.833.site.4, 7, 145, 152
1118061.3.peg.833.site.5, 65, 146, 211
1118061.3.peg.833.site.6, 111, 128, 239
1118061.3.peg.833.site.7, 59, 129, 188
1118061.3.peg.833.site.8, 0, 150, 150
1118061.3.peg.833.site.9, 92, 147, 239
1118061.3.peg.833.site.10, 8, 148, 156
1118061.3.peg.833.site.11, 148, 148, 296
1118061.3.peg.833.site.12, 0, 150, 150
1118061.3.peg.833.site.13, 3, 150, 153
1118061.3.peg.833.site.14, 97, 142, 239
1118061.3.peg.833.site.15, 2, 145, 147
1118061.3.peg.833.site.16, 22, 149, 171
1118061.3.peg.833.site.17, 49, 147, 196
1118061.3.peg.833.site.18, 2, 144, 146
1118061.3.peg.833.site.19, 108, 147, 255
1118061.3.peg.833.site.20, 147, 149, 296
1118061.3.peg.833.site.21, 3, 149, 152
1118061.3.peg.833.site.22, 148, 150, 298
1118061.3.peg.832.site.1, 5, 150, 155
1118061.3.peg.832.site.2, 2, 150, 152
1118061.3.peg.832.site.3, 28, 149, 177
1118061.3.peg.832.site.4, 3, 150, 153
1118061.3.peg.832.site.5, 26, 150, 176
1118061.3.peg.832.site.6, 0, 148, 148
1118061.3.peg.832.site.7, 0, 134, 134
1118061.3.peg.832.site.8, 3, 150, 153
1118061.3.peg.832.site.9, 2, 150, 152
1118061.3.peg.832.site.10, 0, 149, 149
1118061.3.peg.832.site.11, 0, 150, 150
1118061.3.peg.832.site.12, 20, 149, 169
1118061.3.peg.832.site.13, 2, 148, 150
1118061.3.peg.832.site.14, 0, 150, 150
1118061.3.peg.832.site.15, 1, 148, 149
1118061.3.peg.832.site.16, 0, 150, 150
1118061.3.peg.832.site.17, 2, 149, 151
1118061.3.peg.832.site.18, 0, 148, 148
1118061.3.peg.832.site.19, 8, 148, 156
1118061.3.peg.832.site.20, 3, 149, 152
1118061.3.peg.832.site.21, 0, 150, 150
1118061.3.peg.832.site.22, 17, 149, 166
1118061.3.peg.832.site.23, 0, 148, 148
1118061.3.peg.832.site.24, 50, 126, 176
1118061.3.peg.832.site.25, 49, 92, 141
1118061.3.peg.832.site.26, 51, 103, 154
1118061.3.peg.832.site.27, 12, 96, 108
1118061.3.peg.832.site.28, 0, 148, 148
1118061.3.peg.832.site.29, 0, 150, 150
1118061.3.peg.832.site.30, 17, 149, 166
1118061.3.peg.832.site.31, 146, 146, 292
1118061.3.peg.832.site.32, 100, 142, 242
1118061.3.peg.832.site.33, 12, 135, 147
1118061.3.peg.832.site.34, 59, 148, 207
1118061.3.peg.832.site.35, 25, 149, 174
1118061.3.peg.1391.site.1, 106, 131, 237
1118061.3.peg.1391.site.2, 113, 134, 247
1118061.3.peg.1391.site.3, 11, 135, 146
1118061.3.peg.1391.site.4, 2, 144, 146
1118061.3.peg.1391.site.5, 145, 145, 290
1118061.3.peg.1391.site.6, 0, 148, 148
1118061.3.peg.1391.site.7, 4, 148, 152
1118061.3.peg.1391.site.8, 0, 148, 148
1118061.3.peg.1391.site.9, 2, 148, 150
1118061.3.peg.835.site.1, 2, 149, 151
1118061.3.peg.835.site.2, 0, 149, 149
1118061.3.peg.835.site.3, 2, 148, 150
1118061.3.peg.1568.site.1, 3, 150, 153
1118061.3.peg.1568.site.2, 0, 150, 150
1118061.3.peg.1568.site.3, 5, 150, 155
1118061.3.peg.1568.site.4, 0, 149, 149
1118061.3.peg.1568.site.5, 1, 150, 151
1118061.3.peg.1568.site.6, 12, 150, 162
1118061.3.peg.1568.site.7, 1, 149, 150
1118061.3.peg.1568.site.8, 36, 148, 184
1118061.3.peg.1568.site.9, 1, 148, 149
1118061.3.peg.837.site.1, 3, 149, 152
1118061.3.peg.837.site.2, 1, 148, 149
1118061.3.peg.837.site.3, 0, 148, 148
1118061.3.peg.837.site.4, 2, 150, 152
1118061.3.peg.837.site.5, 0, 150, 150
1118061.3.peg.837.site.6, 0, 150, 150
1118061.3.peg.837.site.7, 2, 148, 150
1118061.3.peg.837.site.8, 1, 149, 150
1118061.3.peg.837.site.9, 28, 148, 176
1118061.3.peg.837.site.10, 3, 150, 153
1118061.3.peg.1561.site.1, 0, 148, 148
1118061.3.peg.1560.site.1, 92, 148, 240
1118061.3.peg.1560.site.2, 38, 146, 184
1118061.3.peg.1560.site.3, 37, 147, 184
1118061.3.peg.1560.site.4, 24, 135, 159
1118061.3.peg.1560.site.5, 14, 150, 164
1118061.3.peg.1560.site.6, 34, 149, 183
1118061.3.peg.1560.site.7, 134, 149, 283
1118061.3.peg.1560.site.8, 8, 150, 158
1118061.3.peg.1560.site.9, 0, 149, 149
1118061.3.peg.1563.site.1, 97, 142, 239
1118061.3.peg.1563.site.2, 2, 150, 152
1118061.3.peg.1563.site.3, 13, 149, 162
1118061.3.peg.1563.site.4, 43, 150, 193
1118061.3.peg.1563.site.5, 3, 150, 153
1118061.3.peg.1563.site.6, 28, 150, 178
1118061.3.peg.1563.site.7, 49, 150, 199
1118061.3.peg.1563.site.8, 3, 150, 153
1118061.3.peg.1563.site.9, 1, 147, 148
1118061.3.peg.1563.site.10, 0, 150, 150
1118061.3.peg.1563.site.11, 1, 150, 151
1118061.3.peg.1563.site.12, 150, 150, 300
1118061.3.peg.1563.site.13, 2, 150, 152
1118061.3.peg.1563.site.14, 36, 150, 186
1118061.3.peg.1563.site.15, 36, 150, 186
1118061.3.peg.1563.site.16, 94, 150, 244
1118061.3.peg.1563.site.17, 0, 150, 150
1118061.3.peg.1563.site.18, 1, 150, 151
1118061.3.peg.1563.site.19, 3, 149, 152
1118061.3.peg.1563.site.20, 0, 149, 149
1118061.3.peg.1563.site.21, 0, 149, 149
1118061.3.peg.836.site.1, 0, 148, 148
1118061.3.peg.836.site.2, 58, 147, 205
1118061.3.peg.836.site.3, 56, 150, 206
1118061.3.peg.836.site.4, 48, 150, 198
1118061.3.peg.836.site.5, 2, 150, 152
1118061.3.peg.836.site.6, 57, 147, 204
1118061.3.peg.836.site.7, 29, 147, 176
1118061.3.peg.836.site.8, 3, 145, 148
1118061.3.peg.836.site.9, 0, 150, 150
1118061.3.peg.836.site.10, 56, 148, 204
1118061.3.peg.836.site.11, 2, 150, 152
1118061.3.peg.836.site.12, 0, 149, 149
1118061.3.peg.836.site.13, 0, 150, 150
1118061.3.peg.836.site.14, 0, 150, 150
1118061.3.peg.1565.site.1, 2, 144, 146
1118061.3.peg.1565.site.2, 1, 133, 134
1118061.3.peg.1565.site.3, 15, 144, 159
1118061.3.peg.1565.site.4, 3, 143, 146
1118061.3.peg.1565.site.5, 1, 144, 145
1118061.3.peg.1564.site.1, 6, 149, 155
1118061.3.peg.1564.site.2, 1, 150, 151
1118061.3.peg.1564.site.3, 3, 149, 152
1118061.3.peg.1564.site.4, 0, 150, 150
1118061.3.peg.1564.site.5, 2, 148, 150
1118061.3.peg.1564.site.6, 3, 149, 152
1118061.3.peg.1564.site.7, 0, 149, 149
1118061.3.peg.1564.site.8, 150, 150, 300
1118061.3.peg.1564.site.9, 1, 149, 150
1118061.3.peg.1564.site.10, 2, 147, 149
1118061.3.peg.1564.site.11, 3, 145, 148
1118061.3.peg.1564.site.12, 3, 146, 149
1118061.3.peg.1564.site.13, 0, 138, 138
1118061.3.peg.1564.site.14, 0, 138, 138
1118061.3.peg.1564.site.15, 1, 116, 117
1118061.3.peg.1564.site.16, 70, 141, 211
1118061.3.peg.1564.site.17, 122, 148, 270
1118061.3.peg.1564.site.18, 1, 150, 151
1118061.3.peg.1564.site.19, 3, 148, 151
1118061.3.peg.1564.site.20, 3, 147, 150
1118061.3.peg.1564.site.21, 107, 146, 253
1118061.3.peg.1564.site.22, 3, 132, 135
1118061.3.peg.1564.site.23, 0, 120, 120
1118061.3.peg.1564.site.24, 3, 132, 135
1118061.3.peg.1564.site.25, 3, 148, 151
1118061.3.peg.1564.site.26, 5, 147, 152
1118061.3.peg.1564.site.27, 3, 142, 145
1118061.3.peg.1567.site.1, 58, 146, 204
1118061.3.peg.1567.site.2, 24, 146, 170
1118061.3.peg.1567.site.3, 13, 141, 154
1118061.3.peg.1567.site.4, 90, 137, 227
1118061.3.peg.1567.site.5, 2, 144, 146
1118061.3.peg.1567.site.6, 41, 146, 187
1118061.3.peg.1567.site.7, 26, 147, 173
1118061.3.peg.1567.site.8, 150, 150, 300
1118061.3.peg.1566.site.1, 16, 106, 122
1118061.3.peg.1566.site.2, 3, 101, 104
1118061.3.peg.1566.site.3, 4, 128, 132
1118061.3.peg.1566.site.4, 0, 142, 142
1118061.3.peg.1566.site.5, 1, 116, 117
1118061.3.peg.1566.site.6, 104, 132, 236
1118061.3.peg.1566.site.7, 84, 144, 228
1118061.3.peg.1566.site.8, 72, 135, 207
1118061.3.peg.1566.site.9, 3, 142, 145
1118061.3.peg.1566.site.10, 83, 142, 225
1118061.3.peg.1566.site.11, 3, 150, 153
1118061.3.peg.1566.site.12, 0, 149, 149
1118061.3.peg.1566.site.13, 0, 149, 149
1118061.3.peg.876.site.1, 23, 124, 147
1118061.3.peg.876.site.2, 8, 132, 140
1118061.3.peg.876.site.3, 4, 145, 149
1118061.3.peg.876.site.4, 1, 150, 151
1118061.3.peg.876.site.5, 18, 150, 168
1118061.3.peg.876.site.6, 51, 144, 195
1118061.3.peg.876.site.7, 27, 149, 176
1118061.3.peg.876.site.8, 131, 150, 281
1118061.3.peg.876.site.9, 1, 149, 150
1118061.3.peg.876.site.10, 2, 149, 151
1118061.3.peg.876.site.11, 11, 149, 160
1118061.3.peg.876.site.12, 31, 150, 181
1118061.3.peg.876.site.13, 150, 150, 300
1118061.3.peg.876.site.14, 20, 143, 163
1118061.3.peg.876.site.15, 62, 148, 210
1118061.3.peg.876.site.16, 25, 145, 170
1118061.3.peg.876.site.17, 68, 140, 208
1118061.3.peg.876.site.18, 0, 150, 150
1118061.3.peg.876.site.19, 5, 149, 154
1118061.3.peg.876.site.20, 24, 149, 173
1118061.3.peg.876.site.21, 56, 149, 205
1118061.3.peg.876.site.22, 18, 149, 167
1118061.3.peg.876.site.23, 0, 150, 150
1118061.3.peg.876.site.24, 42, 150, 192
1118061.3.peg.876.site.25, 2, 149, 151
1118061.3.peg.876.site.26, 11, 138, 149
1118061.3.peg.876.site.27, 27, 134, 161
1118061.3.peg.876.site.28, 1, 145, 146
1118061.3.peg.876.site.29, 77, 146, 223
1118061.3.peg.876.site.30, 3, 148, 151
1118061.3.peg.876.site.31, 1, 148, 149
1118061.3.peg.876.site.32, 41, 148, 189
1118061.3.peg.876.site.33, 67, 150, 217
1118061.3.peg.876.site.34, 10, 150, 160
1118061.3.peg.876.site.35, 8, 143, 151
1118061.3.peg.876.site.36, 2, 146, 148
1118061.3.peg.876.site.37, 136, 139, 275
1118061.3.peg.876.site.38, 0, 138, 138
1118061.3.peg.876.site.39, 59, 149, 208
1118061.3.peg.876.site.40, 0, 150, 150
1118061.3.peg.876.site.41, 41, 150, 191
1118061.3.peg.876.site.42, 0, 150, 150
1118061.3.peg.876.site.43, 0, 148, 148
1118061.3.peg.876.site.44, 0, 149, 149
1118061.3.peg.876.site.45, 104, 118, 222
1118061.3.peg.871.site.1, 14, 146, 160
1118061.3.peg.871.site.2, 26, 116, 142
1118061.3.peg.871.site.3, 11, 141, 152
1118061.3.peg.871.site.4, 4, 126, 130
1118061.3.peg.871.site.5, 2, 134, 136
1118061.3.peg.871.site.6, 0, 139, 139
1118061.3.peg.871.site.7, 4, 147, 151
1118061.3.peg.871.site.8, 13, 150, 163
1118061.3.peg.871.site.9, 0, 144, 144
1118061.3.peg.871.site.10, 0, 142, 142
1118061.3.peg.871.site.11, 0, 141, 141
1118061.3.peg.871.site.12, 0, 143, 143
1118061.3.peg.871.site.13, 0, 140, 140
1118061.3.peg.871.site.14, 0, 149, 149
1118061.3.peg.871.site.15, 1, 150, 151
1118061.3.peg.871.site.16, 1, 149, 150
1118061.3.peg.871.site.17, 0, 149, 149
1118061.3.peg.871.site.18, 0, 147, 147
1118061.3.peg.871.site.19, 2, 150, 152
1118061.3.peg.871.site.20, 8, 149, 157
1118061.3.peg.871.site.21, 148, 150, 298
1118061.3.peg.870.site.1, 79, 145, 224
1118061.3.peg.870.site.2, 9, 140, 149
1118061.3.peg.870.site.3, 23, 145, 168
1118061.3.peg.870.site.4, 91, 138, 229
1118061.3.peg.870.site.5, 1, 126, 127
1118061.3.peg.870.site.6, 3, 124, 127
1118061.3.peg.870.site.7, 0, 125, 125
1118061.3.peg.870.site.8, 8, 93, 101
1118061.3.peg.870.site.9, 4, 85, 89
1118061.3.peg.870.site.10, 3, 86, 89
1118061.3.peg.870.site.11, 10, 112, 122
1118061.3.peg.870.site.12, 1, 121, 122
1118061.3.peg.870.site.13, 0, 144, 144
1118061.3.peg.870.site.14, 142, 145, 287
1118061.3.peg.870.site.15, 90, 138, 228
1118061.3.peg.870.site.16, 5, 141, 146
1118061.3.peg.870.site.17, 8, 148, 156
1118061.3.peg.870.site.18, 50, 150, 200
1118061.3.peg.870.site.19, 18, 149, 167
1118061.3.peg.870.site.20, 22, 149, 171
1118061.3.peg.870.site.21, 0, 148, 148
1118061.3.peg.870.site.22, 2, 147, 149
1118061.3.peg.315.site.1, 28, 38, 66
1118061.3.peg.315.site.2, 34, 44, 78
1118061.3.peg.315.site.3, 48, 128, 176
1118061.3.peg.315.site.4, 56, 150, 206
1118061.3.peg.315.site.5, 0, 150, 150
1118061.3.peg.315.site.6, 4, 150, 154
1118061.3.peg.315.site.7, 15, 150, 165
1118061.3.peg.315.site.8, 0, 150, 150
1118061.3.peg.315.site.9, 0, 149, 149
1118061.3.peg.879.site.1, 137, 141, 278
1118061.3.peg.879.site.2, 1, 146, 147
1118061.3.peg.879.site.3, 13, 143, 156
1118061.3.peg.2728.site.1, 7, 145, 152
1118061.3.peg.2729.site.1, 2, 143, 145
1118061.3.peg.2729.site.2, 18, 143, 161
1118061.3.peg.2729.site.3, 64, 142, 206
1118061.3.peg.2729.site.4, 3, 144, 147
1118061.3.peg.2729.site.5, 1, 147, 148
1118061.3.peg.2729.site.6, 2, 140, 142
1118061.3.peg.2722.site.1, 7, 150, 157
1118061.3.peg.2722.site.2, 28, 149, 177
1118061.3.peg.2722.site.3, 148, 149, 297
1118061.3.peg.2722.site.4, 0, 148, 148
1118061.3.peg.2722.site.5, 2, 150, 152
1118061.3.peg.2722.site.6, 4, 150, 154
1118061.3.peg.2722.site.7, 111, 139, 250
1118061.3.peg.2722.site.8, 28, 148, 176
1118061.3.peg.2722.site.9, 0, 150, 150
1118061.3.peg.2722.site.10, 2, 150, 152
1118061.3.peg.2722.site.11, 0, 125, 125
1118061.3.peg.2722.site.12, 140, 140, 280
1118061.3.peg.2722.site.13, 44, 135, 179
1118061.3.peg.2722.site.14, 1, 145, 146
1118061.3.peg.2722.site.15, 0, 147, 147
1118061.3.peg.2723.site.1, 126, 147, 273
1118061.3.peg.2723.site.2, 28, 122, 150
1118061.3.peg.2723.site.3, 0, 132, 132
1118061.3.peg.2723.site.4, 17, 133, 150
1118061.3.peg.2723.site.5, 2, 142, 144
1118061.3.peg.2723.site.6, 1, 142, 143
1118061.3.peg.2723.site.7, 0, 146, 146
1118061.3.peg.2723.site.8, 17, 142, 159
1118061.3.peg.2723.site.9, 47, 143, 190
1118061.3.peg.2723.site.10, 32, 147, 179
1118061.3.peg.2723.site.11, 2, 149, 151
1118061.3.peg.2723.site.12, 2, 136, 138
1118061.3.peg.2723.site.13, 0, 142, 142
1118061.3.peg.2723.site.14, 35, 139, 174
1118061.3.peg.2723.site.15, 140, 140, 280
1118061.3.peg.2723.site.16, 72, 140, 212
1118061.3.peg.2723.site.17, 0, 135, 135
1118061.3.peg.2723.site.18, 41, 133, 174
1118061.3.peg.2723.site.19, 1, 135, 136
1118061.3.peg.2723.site.20, 14, 133, 147
1118061.3.peg.2723.site.21, 1, 112, 113
1118061.3.peg.2723.site.22, 12, 104, 116
1118061.3.peg.2720.site.1, 0, 149, 149
1118061.3.peg.2720.site.2, 49, 148, 197
1118061.3.peg.2720.site.3, 0, 148, 148
1118061.3.peg.2721.site.1, 88, 148, 236
1118061.3.peg.2721.site.2, 15, 134, 149
1118061.3.peg.2721.site.3, 2, 125, 127
1118061.3.peg.2721.site.4, 1, 131, 132
1118061.3.peg.2721.site.5, 24, 128, 152
1118061.3.peg.2721.site.6, 1, 131, 132
1118061.3.peg.2721.site.7, 38, 135, 173
1118061.3.peg.2721.site.8, 4, 113, 117
1118061.3.peg.2721.site.9, 3, 99, 102
1118061.3.peg.2721.site.10, 16, 101, 117
1118061.3.peg.2721.site.11, 0, 109, 109
1118061.3.peg.2721.site.12, 24, 120, 144
1118061.3.peg.2721.site.13, 1, 143, 144
1118061.3.peg.2721.site.14, 1, 142, 143
1118061.3.peg.2726.site.1, 0, 141, 141
1118061.3.peg.2726.site.2, 1, 138, 139
1118061.3.peg.2726.site.3, 23, 136, 159
1118061.3.peg.2726.site.4, 20, 135, 155
1118061.3.peg.2726.site.5, 14, 95, 109
1118061.3.peg.2726.site.6, 2, 97, 99
1118061.3.peg.2726.site.7, 18, 113, 131
1118061.3.peg.2726.site.8, 13, 147, 160
1118061.3.peg.2726.site.9, 1, 148, 149
1118061.3.peg.2726.site.10, 14, 148, 162
1118061.3.peg.2726.site.11, 6, 135, 141
1118061.3.peg.2726.site.12, 14, 133, 147
1118061.3.peg.2727.site.1, 0, 149, 149
1118061.3.peg.2727.site.2, 131, 149, 280
1118061.3.peg.2727.site.3, 34, 149, 183
1118061.3.peg.2727.site.4, 2, 150, 152
1118061.3.peg.2727.site.5, 28, 148, 176
1118061.3.peg.2727.site.6, 1, 140, 141
1118061.3.peg.2727.site.7, 135, 135, 270
1118061.3.peg.2727.site.8, 28, 139, 167
1118061.3.peg.2727.site.9, 2, 144, 146
1118061.3.peg.2727.site.10, 148, 150, 298
1118061.3.peg.2727.site.11, 31, 150, 181
1118061.3.peg.2727.site.12, 10, 149, 159
1118061.3.peg.2727.site.13, 47, 150, 197
1118061.3.peg.2725.site.1, 1, 150, 151
1118061.3.peg.2725.site.2, 0, 149, 149
1118061.3.peg.2725.site.3, 20, 150, 170
1118061.3.peg.1495.site.1, 67, 130, 197
1118061.3.peg.1495.site.2, 3, 134, 137
1118061.3.peg.1495.site.3, 27, 143, 170
1118061.3.peg.1495.site.4, 0, 144, 144
1118061.3.peg.1495.site.5, 3, 149, 152
1118061.3.peg.1495.site.6, 0, 149, 149
1118061.3.peg.1495.site.7, 2, 148, 150
1118061.3.peg.1495.site.8, 1, 145, 146
1118061.3.peg.1495.site.9, 16, 116, 132
1118061.3.peg.1494.site.1, 94, 94, 188
1118061.3.peg.1494.site.2, 0, 87, 87
1118061.3.peg.1494.site.3, 89, 89, 178
1118061.3.peg.1494.site.4, 13, 88, 101
1118061.3.peg.1494.site.5, 1, 118, 119
1118061.3.peg.1494.site.6, 2, 134, 136
1118061.3.peg.1494.site.7, 15, 144, 159
1118061.3.peg.1494.site.8, 23, 131, 154
1118061.3.peg.1494.site.9, 3, 145, 148
1118061.3.peg.1494.site.10, 115, 115, 230
1118061.3.peg.1494.site.11, 0, 107, 107
1118061.3.peg.1494.site.12, 27, 123, 150
1118061.3.peg.1494.site.13, 1, 134, 135
1118061.3.peg.1494.site.14, 102, 125, 227
1118061.3.peg.1494.site.15, 29, 115, 144
1118061.3.peg.1494.site.16, 3, 130, 133
1118061.3.peg.1494.site.17, 63, 148, 211
1118061.3.peg.1494.site.18, 0, 148, 148
1118061.3.peg.1493.site.1, 2, 147, 149
1118061.3.peg.1493.site.2, 3, 146, 149
1118061.3.peg.1493.site.3, 148, 148, 296
1118061.3.peg.1492.site.1, 19, 139, 158
1118061.3.peg.1492.site.2, 2, 142, 144
1118061.3.peg.1492.site.3, 133, 133, 266
1118061.3.peg.1492.site.4, 146, 146, 292
1118061.3.peg.1492.site.5, 44, 146, 190
1118061.3.peg.1492.site.6, 46, 137, 183
1118061.3.peg.1492.site.7, 3, 148, 151
1118061.3.peg.1492.site.8, 39, 145, 184
1118061.3.peg.1492.site.9, 0, 149, 149
1118061.3.peg.1492.site.10, 3, 138, 141
1118061.3.peg.1492.site.11, 1, 118, 119
1118061.3.peg.1492.site.12, 1, 117, 118
1118061.3.peg.1492.site.13, 95, 122, 217
1118061.3.peg.1492.site.14, 25, 141, 166
1118061.3.peg.36.site.1, 2, 144, 146
1118061.3.peg.36.site.2, 31, 140, 171
1118061.3.peg.36.site.3, 0, 129, 129
1118061.3.peg.36.site.4, 0, 125, 125
1118061.3.peg.36.site.5, 27, 126, 153
1118061.3.peg.36.site.6, 1, 125, 126
1118061.3.peg.36.site.7, 2, 145, 147
1118061.3.peg.36.site.8, 0, 149, 149
1118061.3.peg.36.site.9, 2, 148, 150
1118061.3.peg.36.site.10, 3, 150, 153
1118061.3.peg.36.site.11, 4, 150, 154
1118061.3.peg.36.site.12, 0, 148, 148
1118061.3.peg.36.site.13, 7, 148, 155
1118061.3.peg.36.site.14, 65, 142, 207
1118061.3.peg.36.site.15, 3, 143, 146
1118061.3.peg.36.site.16, 1, 129, 130
1118061.3.peg.36.site.17, 3, 125, 128
1118061.3.peg.36.site.18, 124, 127, 251
1118061.3.peg.36.site.19, 3, 126, 129
1118061.3.peg.36.site.20, 121, 121, 242
1118061.3.peg.37.site.1, 0, 147, 147
1118061.3.peg.37.site.2, 24, 104, 128
1118061.3.peg.37.site.3, 1, 114, 115
1118061.3.peg.37.site.4, 11, 97, 108
1118061.3.peg.37.site.5, 1, 109, 110
1118061.3.peg.37.site.6, 0, 126, 126
1118061.3.peg.37.site.7, 31, 129, 160
1118061.3.peg.37.site.8, 103, 139, 242
1118061.3.peg.37.site.9, 15, 149, 164
1118061.3.peg.37.site.10, 7, 149, 156
1118061.3.peg.37.site.11, 30, 150, 180
1118061.3.peg.37.site.12, 44, 149, 193
1118061.3.peg.37.site.13, 12, 145, 157
1118061.3.peg.37.site.14, 2, 141, 143
1118061.3.peg.37.site.15, 26, 141, 167
1118061.3.peg.37.site.16, 1, 145, 146
1118061.3.peg.37.site.17, 101, 141, 242
1118061.3.peg.37.site.18, 2, 133, 135
1118061.3.peg.37.site.19, 0, 146, 146
1118061.3.peg.37.site.20, 2, 146, 148
1118061.3.peg.37.site.21, 0, 134, 134
1118061.3.peg.37.site.22, 0, 139, 139
1118061.3.peg.37.site.23, 3, 142, 145
1118061.3.peg.37.site.24, 81, 128, 209
1118061.3.peg.37.site.25, 8, 94, 102
1118061.3.peg.37.site.26, 100, 103, 203
1118061.3.peg.37.site.27, 94, 112, 206
1118061.3.peg.37.site.28, 76, 107, 183
1118061.3.peg.37.site.29, 1, 137, 138
1118061.3.peg.37.site.30, 1, 145, 146
1118061.3.peg.37.site.31, 2, 147, 149
1118061.3.peg.34.site.1, 7, 146, 153
1118061.3.peg.34.site.2, 7, 148, 155
1118061.3.peg.34.site.3, 0, 150, 150
1118061.3.peg.34.site.4, 51, 147, 198
1118061.3.peg.34.site.5, 65, 147, 212
1118061.3.peg.34.site.6, 4, 144, 148
1118061.3.peg.34.site.7, 9, 145, 154
1118061.3.peg.34.site.8, 1, 148, 149
1118061.3.peg.34.site.9, 42, 145, 187
1118061.3.peg.34.site.10, 41, 143, 184
1118061.3.peg.34.site.11, 39, 141, 180
1118061.3.peg.34.site.12, 2, 149, 151
1118061.3.peg.34.site.13, 30, 146, 176
1118061.3.peg.34.site.14, 74, 138, 212
1118061.3.peg.34.site.15, 21, 144, 165
1118061.3.peg.34.site.16, 26, 140, 166
1118061.3.peg.34.site.17, 0, 149, 149
1118061.3.peg.34.site.18, 23, 148, 171
1118061.3.peg.34.site.19, 0, 149, 149
1118061.3.peg.34.site.20, 1, 148, 149
1118061.3.peg.34.site.21, 12, 148, 160
1118061.3.peg.34.site.22, 138, 149, 287
1118061.3.peg.34.site.23, 1, 149, 150
1118061.3.peg.34.site.24, 23, 149, 172
1118061.3.peg.35.site.1, 3, 150, 153
1118061.3.peg.35.site.2, 21, 150, 171
1118061.3.peg.35.site.3, 27, 150, 177
1118061.3.peg.35.site.4, 0, 149, 149
1118061.3.peg.35.site.5, 97, 150, 247
1118061.3.peg.35.site.6, 21, 150, 171
1118061.3.peg.35.site.7, 1, 149, 150
1118061.3.peg.35.site.8, 3, 150, 153
1118061.3.peg.35.site.9, 23, 150, 173
1118061.3.peg.35.site.10, 17, 149, 166
1118061.3.peg.35.site.11, 0, 149, 149
1118061.3.peg.32.site.1, 35, 144, 179
1118061.3.peg.32.site.2, 71, 124, 195
1118061.3.peg.32.site.3, 27, 114, 141
1118061.3.peg.32.site.4, 14, 139, 153
1118061.3.peg.32.site.5, 140, 140, 280
1118061.3.peg.32.site.6, 0, 115, 115
1118061.3.peg.32.site.7, 107, 109, 216
1118061.3.peg.32.site.8, 6, 105, 111
1118061.3.peg.32.site.9, 2, 87, 89
1118061.3.peg.32.site.10, 2, 96, 98
1118061.3.peg.32.site.11, 2, 109, 111
1118061.3.peg.32.site.12, 122, 122, 244
1118061.3.peg.32.site.13, 86, 132, 218
1118061.3.peg.32.site.14, 3, 134, 137
1118061.3.peg.32.site.15, 79, 118, 197
1118061.3.peg.32.site.16, 1, 77, 78
1118061.3.peg.32.site.17, 23, 56, 79
1118061.3.peg.32.site.18, 41, 54, 95
1118061.3.peg.32.site.19, 49, 62, 111
1118061.3.peg.32.site.20, 29, 123, 152
1118061.3.peg.32.site.21, 147, 147, 294
1118061.3.peg.33.site.1, 149, 149, 298
1118061.3.peg.33.site.2, 81, 143, 224
1118061.3.peg.33.site.3, 0, 123, 123
1118061.3.peg.33.site.4, 15, 128, 143
1118061.3.peg.33.site.5, 0, 133, 133
1118061.3.peg.33.site.6, 3, 129, 132
1118061.3.peg.33.site.7, 50, 91, 141
1118061.3.peg.33.site.8, 57, 94, 151
1118061.3.peg.33.site.9, 18, 145, 163
1118061.3.peg.33.site.10, 52, 144, 196
1118061.3.peg.33.site.11, 8, 70, 78
1118061.3.peg.33.site.12, 4, 64, 68
1118061.3.peg.33.site.13, 25, 83, 108
1118061.3.peg.33.site.14, 133, 133, 266
1118061.3.peg.33.site.15, 1, 147, 148
1118061.3.peg.33.site.16, 53, 133, 186
1118061.3.peg.33.site.17, 57, 137, 194
1118061.3.peg.33.site.18, 0, 143, 143
1118061.3.peg.33.site.19, 0, 143, 143
1118061.3.peg.33.site.20, 0, 145, 145
1118061.3.peg.33.site.21, 45, 144, 189
1118061.3.peg.33.site.22, 8, 149, 157
1118061.3.peg.30.site.1, 3, 149, 152
1118061.3.peg.30.site.2, 3, 149, 152
1118061.3.peg.30.site.3, 0, 146, 146
1118061.3.peg.30.site.4, 6, 150, 156
1118061.3.peg.30.site.5, 0, 150, 150
1118061.3.peg.30.site.6, 4, 150, 154
1118061.3.peg.30.site.7, 15, 150, 165
1118061.3.peg.30.site.8, 100, 149, 249
1118061.3.peg.30.site.9, 148, 148, 296
1118061.3.peg.30.site.10, 4, 146, 150
1118061.3.peg.30.site.11, 93, 147, 240
1118061.3.peg.30.site.12, 27, 150, 177
1118061.3.peg.31.site.1, 42, 134, 176
1118061.3.peg.31.site.2, 39, 132, 171
1118061.3.peg.31.site.3, 2, 100, 102
1118061.3.peg.31.site.4, 2, 98, 100
1118061.3.peg.31.site.5, 2, 97, 99
1118061.3.peg.31.site.6, 47, 113, 160
1118061.3.peg.31.site.7, 109, 121, 230
1118061.3.peg.31.site.8, 2, 126, 128
1118061.3.peg.31.site.9, 24, 122, 146
1118061.3.peg.31.site.10, 0, 142, 142
1118061.3.peg.31.site.11, 28, 150, 178
1118061.3.peg.38.site.1, 0, 127, 127
1118061.3.peg.38.site.2, 0, 142, 142
1118061.3.peg.38.site.3, 8, 147, 155
1118061.3.peg.38.site.4, 27, 142, 169
1118061.3.peg.38.site.5, 27, 138, 165
1118061.3.peg.38.site.6, 60, 142, 202
1118061.3.peg.38.site.7, 21, 147, 168
1118061.3.peg.38.site.8, 11, 149, 160
1118061.3.peg.38.site.9, 5, 148, 153
1118061.3.peg.38.site.10, 0, 148, 148
1118061.3.peg.38.site.11, 0, 149, 149
1118061.3.peg.39.site.1, 0, 146, 146
1118061.3.peg.39.site.2, 0, 149, 149
1118061.3.peg.39.site.3, 24, 148, 172
1118061.3.peg.39.site.4, 1, 137, 138
1118061.3.peg.39.site.5, 1, 92, 93
1118061.3.peg.39.site.6, 8, 146, 154
1118061.3.peg.39.site.7, 0, 147, 147
1118061.3.peg.39.site.8, 8, 149, 157
1118061.3.peg.39.site.9, 0, 148, 148
1118061.3.peg.39.site.10, 6, 147, 153
1118061.3.peg.39.site.11, 7, 150, 157
1118061.3.peg.39.site.12, 43, 149, 192
1118061.3.peg.39.site.13, 69, 149, 218
1118061.3.peg.39.site.14, 0, 149, 149
1118061.3.peg.39.site.15, 56, 149, 205
1118061.3.peg.39.site.16, 16, 149, 165
1118061.3.peg.39.site.17, 3, 145, 148
1118061.3.peg.39.site.18, 0, 145, 145
1118061.3.peg.39.site.19, 32, 150, 182
1118061.3.peg.39.site.20, 0, 150, 150
1118061.3.peg.39.site.21, 3, 147, 150
1118061.3.peg.39.site.22, 128, 149, 277
1118061.3.peg.39.site.23, 55, 149, 204
1118061.3.peg.39.site.24, 82, 146, 228
1118061.3.peg.39.site.25, 94, 147, 241
1118061.3.peg.39.site.26, 22, 145, 167
1118061.3.peg.39.site.27, 1, 106, 107
1118061.3.peg.39.site.28, 3, 150, 153
1118061.3.peg.39.site.29, 1, 150, 151
1118061.3.peg.589.site.1, 10, 148, 158
1118061.3.peg.588.site.1, 150, 150, 300
1118061.3.peg.588.site.2, 13, 150, 163
1118061.3.peg.588.site.3, 0, 146, 146
1118061.3.peg.588.site.4, 0, 147, 147
1118061.3.peg.588.site.5, 0, 141, 141
1118061.3.peg.588.site.6, 1, 138, 139
1118061.3.peg.588.site.7, 2, 141, 143
1118061.3.peg.588.site.8, 0, 146, 146
1118061.3.peg.588.site.9, 0, 147, 147
1118061.3.peg.588.site.10, 0, 146, 146
1118061.3.peg.588.site.11, 132, 147, 279
1118061.3.peg.588.site.12, 2, 150, 152
1118061.3.peg.588.site.13, 15, 150, 165
1118061.3.peg.588.site.14, 52, 150, 202
1118061.3.peg.588.site.15, 7, 150, 157
1118061.3.peg.588.site.16, 50, 145, 195
1118061.3.peg.588.site.17, 124, 147, 271
1118061.3.peg.588.site.18, 95, 150, 245
1118061.3.peg.588.site.19, 4, 146, 150
1118061.3.peg.588.site.20, 47, 141, 188
1118061.3.peg.588.site.21, 46, 142, 188
1118061.3.peg.588.site.22, 0, 148, 148
1118061.3.peg.588.site.23, 75, 140, 215
1118061.3.peg.588.site.24, 0, 141, 141
1118061.3.peg.588.site.25, 104, 143, 247
1118061.3.peg.588.site.26, 144, 144, 288
1118061.3.peg.588.site.27, 77, 147, 224
1118061.3.peg.588.site.28, 10, 149, 159
1118061.3.peg.588.site.29, 0, 150, 150
1118061.3.peg.585.site.1, 0, 147, 147
1118061.3.peg.585.site.2, 148, 148, 296
1118061.3.peg.585.site.3, 0, 148, 148
1118061.3.peg.585.site.4, 1, 149, 150
1118061.3.peg.585.site.5, 2, 145, 147
1118061.3.peg.585.site.6, 11, 148, 159
1118061.3.peg.585.site.7, 0, 147, 147
1118061.3.peg.585.site.8, 90, 144, 234
1118061.3.peg.585.site.9, 0, 142, 142
1118061.3.peg.585.site.10, 80, 146, 226
1118061.3.peg.585.site.11, 0, 147, 147
1118061.3.peg.584.site.1, 31, 148, 179
1118061.3.peg.584.site.2, 38, 146, 184
1118061.3.peg.584.site.3, 0, 149, 149
1118061.3.peg.584.site.4, 80, 149, 229
1118061.3.peg.584.site.5, 41, 147, 188
1118061.3.peg.584.site.6, 20, 150, 170
1118061.3.peg.584.site.7, 35, 145, 180
1118061.3.peg.584.site.8, 34, 143, 177
1118061.3.peg.584.site.9, 15, 148, 163
1118061.3.peg.584.site.10, 1, 147, 148
1118061.3.peg.584.site.11, 15, 146, 161
1118061.3.peg.584.site.12, 34, 143, 177
1118061.3.peg.584.site.13, 4, 133, 137
1118061.3.peg.584.site.14, 36, 133, 169
1118061.3.peg.584.site.15, 133, 133, 266
1118061.3.peg.584.site.16, 1, 136, 137
1118061.3.peg.584.site.17, 33, 135, 168
1118061.3.peg.584.site.18, 41, 137, 178
1118061.3.peg.584.site.19, 3, 143, 146
1118061.3.peg.584.site.20, 3, 141, 144
1118061.3.peg.584.site.21, 73, 141, 214
1118061.3.peg.584.site.22, 73, 146, 219
1118061.3.peg.584.site.23, 35, 148, 183
1118061.3.peg.584.site.24, 27, 143, 170
1118061.3.peg.584.site.25, 9, 144, 153
1118061.3.peg.584.site.26, 29, 146, 175
1118061.3.peg.584.site.27, 9, 149, 158
1118061.3.peg.587.site.1, 129, 145, 274
1118061.3.peg.587.site.2, 2, 147, 149
1118061.3.peg.587.site.3, 2, 150, 152
1118061.3.peg.587.site.4, 0, 149, 149
1118061.3.peg.587.site.5, 0, 149, 149
1118061.3.peg.586.site.1, 3, 147, 150
1118061.3.peg.581.site.1, 54, 141, 195
1118061.3.peg.581.site.2, 118, 128, 246
1118061.3.peg.581.site.3, 3, 54, 57
1118061.3.peg.581.site.4, 3, 35, 38
1118061.3.peg.581.site.5, 0, 20, 20
1118061.3.peg.581.site.6, 6, 8, 14
1118061.3.peg.581.site.7, 12, 13, 25
1118061.3.peg.581.site.8, 2, 17, 19
1118061.3.peg.581.site.9, 6, 36, 42
1118061.3.peg.581.site.10, 10, 82, 92
1118061.3.peg.581.site.11, 5, 102, 107
1118061.3.peg.581.site.12, 89, 149, 238
1118061.3.peg.581.site.13, 101, 148, 249
1118061.3.peg.581.site.14, 3, 150, 153
1118061.3.peg.581.site.15, 37, 149, 186
1118061.3.peg.581.site.16, 3, 150, 153
1118061.3.peg.581.site.17, 42, 148, 190
1118061.3.peg.581.site.18, 3, 150, 153
1118061.3.peg.581.site.19, 4, 150, 154
1118061.3.peg.581.site.20, 61, 149, 210
1118061.3.peg.581.site.21, 0, 148, 148
1118061.3.peg.581.site.22, 0, 148, 148
1118061.3.peg.581.site.23, 0, 148, 148
1118061.3.peg.580.site.1, 1, 150, 151
1118061.3.peg.580.site.2, 2, 150, 152
1118061.3.peg.580.site.3, 5, 150, 155
1118061.3.peg.580.site.4, 9, 149, 158
1118061.3.peg.580.site.5, 120, 147, 267
1118061.3.peg.580.site.6, 130, 147, 277
1118061.3.peg.580.site.7, 1, 146, 147
1118061.3.peg.580.site.8, 38, 149, 187
1118061.3.peg.580.site.9, 1, 150, 151
1118061.3.peg.580.site.10, 30, 150, 180
1118061.3.peg.580.site.11, 1, 150, 151
1118061.3.peg.580.site.12, 3, 148, 151
1118061.3.peg.580.site.13, 1, 148, 149
1118061.3.peg.580.site.14, 1, 148, 149
1118061.3.peg.580.site.15, 3, 150, 153
1118061.3.peg.583.site.1, 1, 150, 151
1118061.3.peg.583.site.2, 3, 149, 152
1118061.3.peg.583.site.3, 28, 149, 177
1118061.3.peg.583.site.4, 0, 150, 150
1118061.3.peg.583.site.5, 150, 150, 300
1118061.3.peg.582.site.1, 1, 150, 151
1118061.3.peg.582.site.2, 12, 149, 161
1118061.3.peg.1381.site.1, 84, 148, 232
1118061.3.peg.1381.site.2, 0, 143, 143
1118061.3.peg.1381.site.3, 1, 149, 150
1118061.3.peg.1381.site.4, 133, 148, 281
1118061.3.peg.1381.site.5, 57, 145, 202
1118061.3.peg.1381.site.6, 1, 145, 146
1118061.3.peg.1381.site.7, 14, 133, 147
1118061.3.peg.1381.site.8, 0, 140, 140
1118061.3.peg.1381.site.9, 4, 150, 154
1118061.3.peg.1381.site.10, 63, 149, 212
1118061.3.peg.1381.site.11, 15, 144, 159
1118061.3.peg.1381.site.12, 14, 145, 159
1118061.3.peg.1381.site.13, 2, 147, 149
1118061.3.peg.1381.site.14, 22, 144, 166
1118061.3.peg.1381.site.15, 128, 144, 272
1118061.3.peg.1381.site.16, 54, 138, 192
1118061.3.peg.1381.site.17, 2, 136, 138
1118061.3.peg.1381.site.18, 0, 141, 141
1118061.3.peg.1381.site.19, 3, 142, 145
1118061.3.peg.1381.site.20, 52, 138, 190
1118061.3.peg.1381.site.21, 0, 149, 149
1118061.3.peg.1381.site.22, 3, 150, 153
1118061.3.peg.1381.site.23, 0, 149, 149
1118061.3.peg.1381.site.24, 22, 149, 171
1118061.3.peg.1381.site.25, 71, 147, 218
1118061.3.peg.1381.site.26, 0, 143, 143
1118061.3.peg.1381.site.27, 4, 148, 152
1118061.3.peg.1381.site.28, 48, 149, 197
1118061.3.peg.1381.site.29, 0, 150, 150
1118061.3.peg.1381.site.30, 0, 141, 141
1118061.3.peg.1381.site.31, 2, 138, 140
1118061.3.peg.1381.site.32, 0, 150, 150
1118061.3.peg.1381.site.33, 9, 149, 158
1118061.3.peg.1380.site.1, 150, 150, 300
1118061.3.peg.1380.site.2, 2, 150, 152
1118061.3.peg.1380.site.3, 45, 149, 194
1118061.3.peg.1380.site.4, 129, 149, 278
1118061.3.peg.1380.site.5, 1, 150, 151
1118061.3.peg.1380.site.6, 18, 145, 163
1118061.3.peg.1380.site.7, 103, 132, 235
1118061.3.peg.1380.site.8, 2, 149, 151
1118061.3.peg.1380.site.9, 101, 150, 251
1118061.3.peg.1383.site.1, 35, 149, 184
1118061.3.peg.1383.site.2, 9, 150, 159
1118061.3.peg.1383.site.3, 2, 150, 152
1118061.3.peg.1383.site.4, 26, 149, 175
1118061.3.peg.1383.site.5, 0, 149, 149
1118061.3.peg.1383.site.6, 68, 134, 202
1118061.3.peg.1383.site.7, 42, 96, 138
1118061.3.peg.1383.site.8, 125, 126, 251
1118061.3.peg.1383.site.9, 5, 143, 148
1118061.3.peg.1383.site.10, 0, 148, 148
1118061.3.peg.1383.site.11, 0, 150, 150
1118061.3.peg.1383.site.12, 1, 150, 151
1118061.3.peg.1383.site.13, 110, 149, 259
1118061.3.peg.1383.site.14, 2, 149, 151
1118061.3.peg.1383.site.15, 34, 144, 178
1118061.3.peg.1383.site.16, 16, 140, 156
1118061.3.peg.1383.site.17, 1, 135, 136
1118061.3.peg.1382.site.1, 10, 106, 116
1118061.3.peg.1382.site.2, 31, 109, 140
1118061.3.peg.1382.site.3, 52, 133, 185
1118061.3.peg.1382.site.4, 6, 142, 148
1118061.3.peg.1382.site.5, 7, 142, 149
1118061.3.peg.1382.site.6, 136, 143, 279
1118061.3.peg.1382.site.7, 1, 146, 147
1118061.3.peg.1382.site.8, 87, 136, 223
1118061.3.peg.1382.site.9, 0, 146, 146
1118061.3.peg.1382.site.10, 0, 146, 146
1118061.3.peg.1382.site.11, 57, 148, 205
1118061.3.peg.1382.site.12, 129, 147, 276
1118061.3.peg.1382.site.13, 0, 144, 144
1118061.3.peg.1382.site.14, 89, 119, 208
1118061.3.peg.1382.site.15, 9, 116, 125
1118061.3.peg.1382.site.16, 19, 125, 144
1118061.3.peg.1382.site.17, 48, 137, 185
1118061.3.peg.1382.site.18, 86, 115, 201
1118061.3.peg.1382.site.19, 13, 129, 142
1118061.3.peg.1382.site.20, 3, 120, 123
1118061.3.peg.1382.site.21, 16, 125, 141
1118061.3.peg.1382.site.22, 8, 125, 133
1118061.3.peg.1382.site.23, 1, 114, 115
1118061.3.peg.1382.site.24, 0, 121, 121
1118061.3.peg.1385.site.1, 6, 141, 147
1118061.3.peg.1385.site.2, 9, 146, 155
1118061.3.peg.1385.site.3, 1, 145, 146
1118061.3.peg.1385.site.4, 106, 106, 212
1118061.3.peg.1385.site.5, 9, 138, 147
1118061.3.peg.1385.site.6, 75, 128, 203
1118061.3.peg.1385.site.7, 12, 142, 154
1118061.3.peg.1385.site.8, 19, 148, 167
1118061.3.peg.1385.site.9, 2, 145, 147
1118061.3.peg.1384.site.1, 79, 149, 228
1118061.3.peg.1384.site.2, 2, 143, 145
1118061.3.peg.1384.site.3, 3, 130, 133
1118061.3.peg.1384.site.4, 0, 149, 149
1118061.3.peg.1384.site.5, 0, 147, 147
1118061.3.peg.1384.site.6, 2, 147, 149
1118061.3.peg.1384.site.7, 37, 149, 186
1118061.3.peg.1384.site.8, 1, 150, 151
1118061.3.peg.1384.site.9, 145, 148, 293
1118061.3.peg.1384.site.10, 1, 150, 151
1118061.3.peg.1384.site.11, 131, 149, 280
1118061.3.peg.1384.site.12, 1, 149, 150
1118061.3.peg.1384.site.13, 10, 132, 142
1118061.3.peg.1384.site.14, 2, 143, 145
1118061.3.peg.1387.site.1, 1, 146, 147
1118061.3.peg.1387.site.2, 89, 121, 210
1118061.3.peg.1387.site.3, 2, 117, 119
1118061.3.peg.1387.site.4, 123, 123, 246
1118061.3.peg.1387.site.5, 4, 145, 149
1118061.3.peg.1387.site.6, 35, 146, 181
1118061.3.peg.1387.site.7, 12, 147, 159
1118061.3.peg.1387.site.8, 0, 143, 143
1118061.3.peg.1387.site.9, 40, 120, 160
1118061.3.peg.1387.site.10, 39, 121, 160
1118061.3.peg.1387.site.11, 27, 134, 161
1118061.3.peg.1387.site.12, 15, 144, 159
1118061.3.peg.1387.site.13, 2, 81, 83
1118061.3.peg.1387.site.14, 11, 118, 129
1118061.3.peg.1387.site.15, 34, 129, 163
1118061.3.peg.1387.site.16, 16, 131, 147
1118061.3.peg.1387.site.17, 4, 133, 137
1118061.3.peg.1387.site.18, 21, 139, 160
1118061.3.peg.1387.site.19, 22, 143, 165
1118061.3.peg.1387.site.20, 12, 145, 157
1118061.3.peg.1387.site.21, 34, 138, 172
1118061.3.peg.1387.site.22, 3, 143, 146
1118061.3.peg.1387.site.23, 0, 143, 143
1118061.3.peg.1387.site.24, 50, 142, 192
1118061.3.peg.1387.site.25, 35, 138, 173
1118061.3.peg.1387.site.26, 38, 139, 177
1118061.3.peg.1387.site.27, 13, 144, 157
1118061.3.peg.1387.site.28, 10, 138, 148
1118061.3.peg.1387.site.29, 32, 135, 167
1118061.3.peg.1387.site.30, 1, 133, 134
1118061.3.peg.1386.site.1, 9, 150, 159
1118061.3.peg.1386.site.2, 3, 142, 145
1118061.3.peg.1386.site.3, 92, 146, 238
1118061.3.peg.1386.site.4, 146, 146, 292
1118061.3.peg.1386.site.5, 1, 145, 146
1118061.3.peg.1386.site.6, 146, 146, 292
1118061.3.peg.1389.site.1, 0, 149, 149
1118061.3.peg.1389.site.2, 137, 149, 286
1118061.3.peg.1389.site.3, 137, 149, 286
1118061.3.peg.1389.site.4, 63, 148, 211
1118061.3.peg.1389.site.5, 6, 147, 153
1118061.3.peg.1389.site.6, 2, 146, 148
1118061.3.peg.1389.site.7, 52, 126, 178
1118061.3.peg.1389.site.8, 30, 144, 174
1118061.3.peg.1389.site.9, 3, 142, 145
1118061.3.peg.1389.site.10, 12, 137, 149
1118061.3.peg.1389.site.11, 12, 137, 149
1118061.3.peg.1389.site.12, 3, 144, 147
1118061.3.peg.1389.site.13, 149, 149, 298
1118061.3.peg.1389.site.14, 82, 147, 229
1118061.3.peg.1389.site.15, 6, 150, 156
1118061.3.peg.1389.site.16, 5, 147, 152
1118061.3.peg.1389.site.17, 3, 149, 152
1118061.3.peg.1389.site.18, 7, 137, 144
1118061.3.peg.1389.site.19, 78, 132, 210
1118061.3.peg.1389.site.20, 2, 131, 133
1118061.3.peg.1389.site.21, 0, 134, 134
1118061.3.peg.1389.site.22, 5, 118, 123
1118061.3.peg.1389.site.23, 3, 95, 98
1118061.3.peg.1389.site.24, 2, 104, 106
1118061.3.peg.1389.site.25, 0, 99, 99
1118061.3.peg.1389.site.26, 3, 142, 145
1118061.3.peg.1389.site.27, 1, 145, 146
1118061.3.peg.1389.site.28, 0, 144, 144
1118061.3.peg.1389.site.29, 75, 143, 218
1118061.3.peg.1389.site.30, 143, 145, 288
1118061.3.peg.1389.site.31, 2, 143, 145
1118061.3.peg.1389.site.32, 3, 147, 150
1118061.3.peg.1389.site.33, 0, 147, 147
1118061.3.peg.1389.site.34, 2, 146, 148
1118061.3.peg.1389.site.35, 2, 146, 148
1118061.3.peg.1389.site.36, 1, 150, 151
1118061.3.peg.1389.site.37, 11, 143, 154
1118061.3.peg.1388.site.1, 79, 125, 204
1118061.3.peg.1388.site.2, 16, 134, 150
1118061.3.peg.1388.site.3, 24, 138, 162
1118061.3.peg.1388.site.4, 0, 129, 129
1118061.3.peg.1388.site.5, 0, 141, 141
1118061.3.peg.1388.site.6, 1, 143, 144
1118061.3.peg.1388.site.7, 59, 146, 205
1118061.3.peg.1388.site.8, 146, 146, 292
1118061.3.peg.1388.site.9, 45, 145, 190
1118061.3.peg.1388.site.10, 3, 144, 147
1118061.3.peg.1388.site.11, 47, 145, 192
1118061.3.peg.1388.site.12, 106, 141, 247
1118061.3.peg.1388.site.13, 4, 146, 150
1118061.3.peg.1388.site.14, 3, 149, 152
1118061.3.peg.1388.site.15, 49, 148, 197
1118061.3.peg.1388.site.16, 58, 122, 180
1118061.3.peg.1388.site.17, 8, 137, 145
1118061.3.peg.1388.site.18, 12, 134, 146
1118061.3.peg.1388.site.19, 3, 147, 150
1118061.3.peg.1388.site.20, 150, 150, 300
1118061.3.peg.1388.site.21, 3, 150, 153
1118061.3.peg.1388.site.22, 59, 149, 208
1118061.3.peg.1388.site.23, 1, 148, 149
1118061.3.peg.1388.site.24, 15, 148, 163
1118061.3.peg.1388.site.25, 15, 150, 165
1118061.3.peg.1388.site.26, 80, 145, 225
1118061.3.peg.474.site.1, 3, 148, 151
1118061.3.peg.474.site.2, 149, 149, 298
1118061.3.peg.474.site.3, 146, 149, 295
1118061.3.peg.474.site.4, 3, 150, 153
1118061.3.peg.474.site.5, 20, 148, 168
1118061.3.peg.474.site.6, 0, 150, 150
1118061.3.peg.474.site.7, 1, 148, 149
1118061.3.peg.474.site.8, 80, 150, 230
1118061.3.peg.474.site.9, 101, 149, 250
1118061.3.peg.474.site.10, 126, 149, 275
1118061.3.peg.474.site.11, 147, 148, 295
1118061.3.peg.474.site.12, 22, 144, 166
1118061.3.peg.474.site.13, 148, 148, 296
1118061.3.peg.474.site.14, 0, 148, 148
1118061.3.peg.474.site.15, 128, 149, 277
1118061.3.peg.474.site.16, 130, 150, 280
1118061.3.peg.474.site.17, 0, 150, 150
1118061.3.peg.474.site.18, 2, 150, 152
1118061.3.peg.474.site.19, 105, 150, 255
1118061.3.peg.474.site.20, 5, 150, 155
1118061.3.peg.474.site.21, 31, 150, 181
1118061.3.peg.474.site.22, 61, 148, 209
1118061.3.peg.474.site.23, 8, 150, 158
1118061.3.peg.474.site.24, 68, 148, 216
1118061.3.peg.474.site.25, 34, 148, 182
1118061.3.peg.474.site.26, 27, 143, 170
1118061.3.peg.474.site.27, 3, 146, 149
1118061.3.peg.474.site.28, 33, 148, 181
1118061.3.peg.474.site.29, 40, 148, 188
1118061.3.peg.474.site.30, 0, 149, 149
1118061.3.peg.474.site.31, 77, 147, 224
1118061.3.peg.474.site.32, 33, 150, 183
1118061.3.peg.474.site.33, 36, 150, 186
1118061.3.peg.474.site.34, 0, 149, 149
1118061.3.peg.474.site.35, 0, 147, 147
1118061.3.peg.474.site.36, 3, 147, 150
1118061.3.peg.474.site.37, 148, 148, 296
1118061.3.peg.474.site.38, 0, 147, 147
1118061.3.peg.474.site.39, 1, 148, 149
1118061.3.peg.474.site.40, 6, 149, 155
1118061.3.peg.474.site.41, 4, 146, 150
1118061.3.peg.474.site.42, 3, 147, 150
1118061.3.peg.474.site.43, 1, 150, 151
1118061.3.peg.474.site.44, 37, 149, 186
1118061.3.peg.477.site.1, 149, 149, 298
1118061.3.peg.477.site.2, 6, 150, 156
1118061.3.peg.477.site.3, 1, 150, 151
1118061.3.peg.477.site.4, 145, 147, 292
1118061.3.peg.477.site.5, 3, 147, 150
1118061.3.peg.477.site.6, 0, 148, 148
1118061.3.peg.477.site.7, 3, 149, 152
1118061.3.peg.477.site.8, 40, 150, 190
1118061.3.peg.477.site.9, 0, 150, 150
1118061.3.peg.477.site.10, 59, 149, 208
1118061.3.peg.477.site.11, 34, 150, 184
1118061.3.peg.477.site.12, 29, 141, 170
1118061.3.peg.477.site.13, 1, 138, 139
1118061.3.peg.477.site.14, 7, 137, 144
1118061.3.peg.477.site.15, 26, 116, 142
1118061.3.peg.477.site.16, 0, 150, 150
1118061.3.peg.477.site.17, 2, 149, 151
1118061.3.peg.477.site.18, 3, 149, 152
1118061.3.peg.477.site.19, 0, 149, 149
1118061.3.peg.476.site.1, 3, 120, 123
1118061.3.peg.476.site.2, 29, 149, 178
1118061.3.peg.476.site.3, 9, 149, 158
1118061.3.peg.476.site.4, 2, 149, 151
1118061.3.peg.476.site.5, 0, 148, 148
1118061.3.peg.476.site.6, 3, 139, 142
1118061.3.peg.476.site.7, 1, 123, 124
1118061.3.peg.476.site.8, 30, 149, 179
1118061.3.peg.476.site.9, 1, 149, 150
1118061.3.peg.476.site.10, 144, 148, 292
1118061.3.peg.476.site.11, 148, 148, 296
1118061.3.peg.476.site.12, 3, 149, 152
1118061.3.peg.476.site.13, 2, 148, 150
1118061.3.peg.476.site.14, 0, 145, 145
1118061.3.peg.476.site.15, 0, 146, 146
1118061.3.peg.476.site.16, 46, 146, 192
1118061.3.peg.476.site.17, 1, 150, 151
1118061.3.peg.1147.site.1, 0, 150, 150
1118061.3.peg.1147.site.2, 3, 150, 153
1118061.3.peg.1147.site.3, 0, 149, 149
1118061.3.peg.1147.site.4, 87, 150, 237
1118061.3.peg.1147.site.5, 0, 150, 150
1118061.3.peg.1147.site.6, 34, 138, 172
1118061.3.peg.1147.site.7, 25, 135, 160
1118061.3.peg.1147.site.8, 2, 130, 132
1118061.3.peg.1147.site.9, 24, 133, 157
1118061.3.peg.1147.site.10, 36, 133, 169
1118061.3.peg.1147.site.11, 2, 146, 148
1118061.3.peg.1147.site.12, 30, 146, 176
1118061.3.peg.1147.site.13, 15, 147, 162
1118061.3.peg.1147.site.14, 57, 147, 204
1118061.3.peg.1147.site.15, 27, 148, 175
1118061.3.peg.1147.site.16, 127, 148, 275
1118061.3.peg.1147.site.17, 1, 149, 150
1118061.3.peg.1147.site.18, 80, 138, 218
1118061.3.peg.1147.site.19, 0, 143, 143
1118061.3.peg.1147.site.20, 1, 144, 145
1118061.3.peg.1147.site.21, 10, 145, 155
1118061.3.peg.1147.site.22, 92, 149, 241
1118061.3.peg.1147.site.23, 11, 147, 158
1118061.3.peg.1147.site.24, 28, 149, 177
1118061.3.peg.1146.site.1, 3, 143, 146
1118061.3.peg.1146.site.2, 3, 133, 136
1118061.3.peg.1146.site.3, 1, 142, 143
1118061.3.peg.1146.site.4, 38, 143, 181
1118061.3.peg.1146.site.5, 31, 145, 176
1118061.3.peg.1146.site.6, 9, 150, 159
1118061.3.peg.1146.site.7, 13, 149, 162
1118061.3.peg.1146.site.8, 3, 149, 152
1118061.3.peg.1145.site.1, 15, 150, 165
1118061.3.peg.1145.site.2, 0, 149, 149
1118061.3.peg.1145.site.3, 77, 149, 226
1118061.3.peg.1145.site.4, 43, 150, 193
1118061.3.peg.1145.site.5, 1, 136, 137
1118061.3.peg.1144.site.1, 2, 149, 151
1118061.3.peg.1144.site.2, 0, 143, 143
1118061.3.peg.1144.site.3, 0, 147, 147
1118061.3.peg.1144.site.4, 135, 150, 285
1118061.3.peg.1144.site.5, 1, 150, 151
1118061.3.peg.1144.site.6, 0, 150, 150
1118061.3.peg.1144.site.7, 1, 149, 150
1118061.3.peg.1144.site.8, 51, 147, 198
1118061.3.peg.1144.site.9, 25, 147, 172
1118061.3.peg.1144.site.10, 4, 148, 152
1118061.3.peg.1144.site.11, 21, 150, 171
1118061.3.peg.1144.site.12, 86, 150, 236
1118061.3.peg.1143.site.1, 2, 148, 150
1118061.3.peg.1143.site.2, 41, 148, 189
1118061.3.peg.1143.site.3, 64, 148, 212
1118061.3.peg.1143.site.4, 0, 150, 150
1118061.3.peg.1143.site.5, 42, 149, 191
1118061.3.peg.1143.site.6, 34, 150, 184
1118061.3.peg.1143.site.7, 136, 148, 284
1118061.3.peg.1143.site.8, 0, 146, 146
1118061.3.peg.1143.site.9, 91, 144, 235
1118061.3.peg.1143.site.10, 87, 137, 224
1118061.3.peg.1143.site.11, 76, 149, 225
1118061.3.peg.1142.site.1, 3, 150, 153
1118061.3.peg.1142.site.2, 5, 150, 155
1118061.3.peg.1142.site.3, 34, 149, 183
1118061.3.peg.1142.site.4, 2, 148, 150
1118061.3.peg.1142.site.5, 139, 150, 289
1118061.3.peg.1142.site.6, 41, 148, 189
1118061.3.peg.1142.site.7, 1, 149, 150
1118061.3.peg.1142.site.8, 3, 150, 153
1118061.3.peg.1142.site.9, 96, 143, 239
1118061.3.peg.1142.site.10, 29, 143, 172
1118061.3.peg.1142.site.11, 2, 143, 145
1118061.3.peg.1142.site.12, 7, 125, 132
1118061.3.peg.1142.site.13, 87, 134, 221
1118061.3.peg.1142.site.14, 7, 143, 150
1118061.3.peg.1142.site.15, 1, 149, 150
1118061.3.peg.1142.site.16, 1, 147, 148
1118061.3.peg.1142.site.17, 18, 100, 118
1118061.3.peg.1142.site.18, 126, 127, 253
1118061.3.peg.1142.site.19, 25, 148, 173
1118061.3.peg.1142.site.20, 3, 148, 151
1118061.3.peg.1142.site.21, 3, 142, 145
1118061.3.peg.1142.site.22, 43, 143, 186
1118061.3.peg.1142.site.23, 149, 149, 298
1118061.3.peg.901.site.1, 1, 132, 133
1118061.3.peg.901.site.2, 4, 136, 140
1118061.3.peg.901.site.3, 1, 149, 150
1118061.3.peg.901.site.4, 1, 144, 145
1118061.3.peg.901.site.5, 11, 143, 154
1118061.3.peg.901.site.6, 69, 142, 211
1118061.3.peg.901.site.7, 1, 144, 145
1118061.3.peg.901.site.8, 0, 144, 144
1118061.3.peg.901.site.9, 3, 132, 135
1118061.3.peg.901.site.10, 17, 121, 138
1118061.3.peg.901.site.11, 40, 126, 166
1118061.3.peg.901.site.12, 0, 138, 138
1118061.3.peg.901.site.13, 49, 137, 186
1118061.3.peg.901.site.14, 9, 141, 150
1118061.3.peg.901.site.15, 25, 137, 162
1118061.3.peg.901.site.16, 1, 130, 131
1118061.3.peg.901.site.17, 1, 131, 132
1118061.3.peg.901.site.18, 21, 110, 131
1118061.3.peg.901.site.19, 2, 122, 124
1118061.3.peg.901.site.20, 29, 136, 165
1118061.3.peg.272.site.1, 148, 148, 296
1118061.3.peg.272.site.2, 2, 149, 151
1118061.3.peg.272.site.3, 0, 148, 148
1118061.3.peg.272.site.4, 16, 148, 164
1118061.3.peg.272.site.5, 57, 142, 199
1118061.3.peg.272.site.6, 0, 148, 148
1118061.3.peg.271.site.1, 112, 149, 261
1118061.3.peg.271.site.2, 72, 148, 220
1118061.3.peg.271.site.3, 0, 148, 148
1118061.3.peg.271.site.4, 2, 150, 152
1118061.3.peg.271.site.5, 12, 147, 159
1118061.3.peg.271.site.6, 0, 147, 147
1118061.3.peg.271.site.7, 2, 150, 152
1118061.3.peg.271.site.8, 37, 133, 170
1118061.3.peg.271.site.9, 1, 146, 147
1118061.3.peg.271.site.10, 2, 146, 148
1118061.3.peg.271.site.11, 20, 150, 170
1118061.3.peg.902.site.1, 3, 122, 125
1118061.3.peg.902.site.2, 0, 112, 112
1118061.3.peg.902.site.3, 25, 83, 108
1118061.3.peg.902.site.4, 3, 90, 93
1118061.3.peg.902.site.5, 0, 107, 107
1118061.3.peg.902.site.6, 0, 113, 113
1118061.3.peg.902.site.7, 12, 140, 152
1118061.3.peg.902.site.8, 2, 120, 122
1118061.3.peg.902.site.9, 2, 133, 135
1118061.3.peg.902.site.10, 135, 135, 270
1118061.3.peg.902.site.11, 127, 127, 254
1118061.3.peg.902.site.12, 10, 121, 131
1118061.3.peg.902.site.13, 0, 127, 127
1118061.3.peg.902.site.14, 3, 125, 128
1118061.3.peg.902.site.15, 50, 136, 186
1118061.3.peg.902.site.16, 20, 131, 151
1118061.3.peg.902.site.17, 1, 144, 145
1118061.3.peg.902.site.18, 25, 143, 168
1118061.3.peg.902.site.19, 11, 145, 156
1118061.3.peg.905.site.1, 5, 141, 146
1118061.3.peg.905.site.2, 4, 140, 144
1118061.3.peg.905.site.3, 7, 141, 148
1118061.3.peg.905.site.4, 0, 131, 131
1118061.3.peg.905.site.5, 30, 138, 168
1118061.3.peg.905.site.6, 30, 134, 164
1118061.3.peg.905.site.7, 129, 134, 263
1118061.3.peg.905.site.8, 0, 121, 121
1118061.3.peg.905.site.9, 1, 134, 135
1118061.3.peg.905.site.10, 76, 144, 220
1118061.3.peg.905.site.11, 17, 143, 160
1118061.3.peg.905.site.12, 2, 136, 138
1118061.3.peg.905.site.13, 1, 135, 136
1118061.3.peg.905.site.14, 2, 133, 135
1118061.3.peg.905.site.15, 5, 119, 124
1118061.3.peg.905.site.16, 1, 126, 127
1118061.3.peg.905.site.17, 22, 127, 149
1118061.3.peg.905.site.18, 24, 140, 164
1118061.3.peg.905.site.19, 1, 140, 141
1118061.3.peg.904.site.1, 16, 124, 140
1118061.3.peg.904.site.2, 4, 119, 123
1118061.3.peg.904.site.3, 40, 115, 155
1118061.3.peg.904.site.4, 41, 117, 158
1118061.3.peg.904.site.5, 2, 118, 120
1118061.3.peg.904.site.6, 5, 109, 114
1118061.3.peg.904.site.7, 12, 97, 109
1118061.3.peg.904.site.8, 16, 126, 142
1118061.3.peg.904.site.9, 2, 130, 132
1118061.3.peg.904.site.10, 0, 127, 127
1118061.3.peg.904.site.11, 56, 118, 174
1118061.3.peg.904.site.12, 2, 111, 113
1118061.3.peg.904.site.13, 2, 111, 113
1118061.3.peg.904.site.14, 122, 124, 246
1118061.3.peg.904.site.15, 1, 136, 137
1118061.3.peg.904.site.16, 52, 143, 195
1118061.3.peg.904.site.17, 3, 134, 137
1118061.3.peg.907.site.1, 2, 144, 146
1118061.3.peg.907.site.2, 44, 146, 190
1118061.3.peg.907.site.3, 2, 137, 139
1118061.3.peg.907.site.4, 41, 142, 183
1118061.3.peg.907.site.5, 40, 143, 183
1118061.3.peg.907.site.6, 2, 149, 151
1118061.3.peg.906.site.1, 43, 146, 189
1118061.3.peg.906.site.2, 148, 148, 296
1118061.3.peg.906.site.3, 11, 142, 153
1118061.3.peg.906.site.4, 8, 142, 150
1118061.3.peg.906.site.5, 3, 105, 108
1118061.3.peg.906.site.6, 3, 85, 88
1118061.3.peg.906.site.7, 36, 94, 130
1118061.3.peg.906.site.8, 3, 140, 143
1118061.3.peg.906.site.9, 6, 137, 143
1118061.3.peg.906.site.10, 5, 142, 147
1118061.3.peg.906.site.11, 82, 141, 223
1118061.3.peg.906.site.12, 5, 145, 150
1118061.3.peg.906.site.13, 35, 141, 176
1118061.3.peg.906.site.14, 41, 146, 187
1118061.3.peg.906.site.15, 18, 145, 163
1118061.3.peg.906.site.16, 19, 139, 158
1118061.3.peg.906.site.17, 0, 137, 137
1118061.3.peg.906.site.18, 2, 136, 138
1118061.3.peg.906.site.19, 98, 132, 230
1118061.3.peg.906.site.20, 56, 142, 198
1118061.3.peg.906.site.21, 67, 143, 210
1118061.3.peg.906.site.22, 40, 137, 177
1118061.3.peg.906.site.23, 99, 135, 234
1118061.3.peg.906.site.24, 0, 146, 146
1118061.3.peg.2542.site.1, 4, 149, 153
1118061.3.peg.2542.site.2, 1, 149, 150
1118061.3.peg.2542.site.3, 2, 149, 151
1118061.3.peg.2542.site.4, 14, 148, 162
1118061.3.peg.2542.site.5, 83, 150, 233
1118061.3.peg.2542.site.6, 11, 149, 160
1118061.3.peg.2542.site.7, 3, 149, 152
1118061.3.peg.2542.site.8, 6, 149, 155
1118061.3.peg.2542.site.9, 78, 150, 228
1118061.3.peg.2542.site.10, 124, 150, 274
1118061.3.peg.2542.site.11, 9, 150, 159
1118061.3.peg.2542.site.12, 0, 143, 143
1118061.3.peg.2542.site.13, 0, 142, 142
1118061.3.peg.2542.site.14, 4, 144, 148
1118061.3.peg.2542.site.15, 3, 140, 143
1118061.3.peg.2542.site.16, 0, 138, 138
1118061.3.peg.2542.site.17, 0, 140, 140
1118061.3.peg.2542.site.18, 0, 146, 146
1118061.3.peg.2542.site.19, 16, 148, 164
1118061.3.peg.2543.site.1, 1, 148, 149
1118061.3.peg.2543.site.2, 90, 148, 238
1118061.3.peg.2543.site.3, 28, 128, 156
1118061.3.peg.2543.site.4, 6, 131, 137
1118061.3.peg.2543.site.5, 20, 138, 158
1118061.3.peg.2543.site.6, 121, 147, 268
1118061.3.peg.2543.site.7, 6, 150, 156
1118061.3.peg.2543.site.8, 0, 150, 150
1118061.3.peg.2543.site.9, 0, 146, 146
1118061.3.peg.2543.site.10, 149, 149, 298
1118061.3.peg.2543.site.11, 5, 149, 154
1118061.3.peg.2543.site.12, 2, 149, 151
1118061.3.peg.2543.site.13, 0, 149, 149
1118061.3.peg.2543.site.14, 0, 148, 148
1118061.3.peg.2543.site.15, 1, 145, 146
1118061.3.peg.2540.site.1, 3, 148, 151
1118061.3.peg.2540.site.2, 21, 127, 148
1118061.3.peg.2540.site.3, 3, 134, 137
1118061.3.peg.2540.site.4, 8, 149, 157
1118061.3.peg.2540.site.5, 0, 148, 148
1118061.3.peg.2540.site.6, 2, 148, 150
1118061.3.peg.2540.site.7, 85, 147, 232
1118061.3.peg.2540.site.8, 141, 142, 283
1118061.3.peg.2540.site.9, 137, 137, 274
1118061.3.peg.2540.site.10, 145, 147, 292
1118061.3.peg.2540.site.11, 142, 145, 287
1118061.3.peg.2540.site.12, 10, 148, 158
1118061.3.peg.2540.site.13, 4, 144, 148
1118061.3.peg.2540.site.14, 83, 117, 200
1118061.3.peg.2540.site.15, 18, 118, 136
1118061.3.peg.2540.site.16, 8, 122, 130
1118061.3.peg.2540.site.17, 2, 147, 149
1118061.3.peg.2540.site.18, 1, 148, 149
1118061.3.peg.2540.site.19, 11, 147, 158
1118061.3.peg.2540.site.20, 0, 144, 144
1118061.3.peg.2540.site.21, 3, 145, 148
1118061.3.peg.2540.site.22, 1, 150, 151
1118061.3.peg.2540.site.23, 0, 150, 150
1118061.3.peg.2540.site.24, 0, 150, 150
1118061.3.peg.2540.site.25, 3, 150, 153
1118061.3.peg.2540.site.26, 9, 150, 159
1118061.3.peg.2546.site.1, 5, 148, 153
1118061.3.peg.2546.site.2, 2, 143, 145
1118061.3.peg.2546.site.3, 57, 121, 178
1118061.3.peg.2546.site.4, 3, 127, 130
1118061.3.peg.2546.site.5, 2, 148, 150
1118061.3.peg.2546.site.6, 149, 149, 298
1118061.3.peg.2546.site.7, 3, 147, 150
1118061.3.peg.2546.site.8, 7, 144, 151
1118061.3.peg.2546.site.9, 0, 149, 149
1118061.3.peg.2546.site.10, 2, 149, 151
1118061.3.peg.2546.site.11, 0, 148, 148
1118061.3.peg.2546.site.12, 141, 141, 282
1118061.3.peg.2546.site.13, 3, 134, 137
1118061.3.peg.2546.site.14, 127, 137, 264
1118061.3.peg.2546.site.15, 3, 135, 138
1118061.3.peg.2546.site.16, 33, 136, 169
1118061.3.peg.2546.site.17, 2, 138, 140
1118061.3.peg.2547.site.1, 6, 147, 153
1118061.3.peg.2547.site.2, 49, 147, 196
1118061.3.peg.2547.site.3, 21, 148, 169
1118061.3.peg.2547.site.4, 109, 150, 259
1118061.3.peg.2547.site.5, 1, 149, 150
1118061.3.peg.2547.site.6, 35, 148, 183
1118061.3.peg.2547.site.7, 0, 134, 134
1118061.3.peg.2547.site.8, 30, 123, 153
1118061.3.peg.2547.site.9, 139, 139, 278
1118061.3.peg.2547.site.10, 2, 135, 137
1118061.3.peg.2547.site.11, 17, 138, 155
1118061.3.peg.2547.site.12, 36, 139, 175
1118061.3.peg.2547.site.13, 56, 145, 201
1118061.3.peg.2547.site.14, 3, 148, 151
1118061.3.peg.2547.site.15, 1, 149, 150
1118061.3.peg.2547.site.16, 37, 149, 186
1118061.3.peg.2547.site.17, 6, 150, 156
1118061.3.peg.2544.site.1, 25, 118, 143
1118061.3.peg.2544.site.2, 14, 130, 144
1118061.3.peg.2544.site.3, 2, 134, 136
1118061.3.peg.2544.site.4, 1, 133, 134
1118061.3.peg.2544.site.5, 8, 139, 147
1118061.3.peg.2544.site.6, 13, 133, 146
1118061.3.peg.2544.site.7, 11, 117, 128
1118061.3.peg.2544.site.8, 77, 104, 181
1118061.3.peg.2544.site.9, 42, 110, 152
1118061.3.peg.2544.site.10, 2, 120, 122
1118061.3.peg.2544.site.11, 2, 136, 138
1118061.3.peg.2544.site.12, 128, 132, 260
1118061.3.peg.2544.site.13, 41, 145, 186
1118061.3.peg.2544.site.14, 36, 107, 143
1118061.3.peg.2544.site.15, 78, 78, 156
1118061.3.peg.2544.site.16, 1, 75, 76
1118061.3.peg.2544.site.17, 1, 101, 102
1118061.3.peg.2544.site.18, 107, 111, 218
1118061.3.peg.2544.site.19, 0, 124, 124
1118061.3.peg.2544.site.20, 74, 100, 174
1118061.3.peg.2544.site.21, 41, 125, 166
1118061.3.peg.2544.site.22, 90, 134, 224
1118061.3.peg.2544.site.23, 138, 138, 276
1118061.3.peg.2544.site.24, 140, 140, 280
1118061.3.peg.2544.site.25, 6, 139, 145
1118061.3.peg.2544.site.26, 0, 145, 145
1118061.3.peg.2544.site.27, 43, 146, 189
1118061.3.peg.2544.site.28, 1, 131, 132
1118061.3.peg.2544.site.29, 100, 105, 205
1118061.3.peg.2544.site.30, 1, 89, 90
1118061.3.peg.2544.site.31, 1, 88, 89
1118061.3.peg.2544.site.32, 0, 116, 116
1118061.3.peg.2544.site.33, 3, 101, 104
1118061.3.peg.2544.site.34, 78, 138, 216
1118061.3.peg.2544.site.35, 14, 135, 149
1118061.3.peg.2544.site.36, 20, 142, 162
1118061.3.peg.2544.site.37, 4, 148, 152
1118061.3.peg.2544.site.38, 3, 150, 153
1118061.3.peg.2544.site.39, 3, 149, 152
1118061.3.peg.2544.site.40, 3, 149, 152
1118061.3.peg.2544.site.41, 0, 148, 148
1118061.3.peg.2544.site.42, 2, 150, 152
1118061.3.peg.2544.site.43, 2, 150, 152
1118061.3.peg.2544.site.44, 3, 149, 152
1118061.3.peg.2544.site.45, 1, 150, 151
1118061.3.peg.2544.site.46, 0, 149, 149
1118061.3.peg.2544.site.47, 7, 147, 154
1118061.3.peg.2544.site.48, 0, 146, 146
1118061.3.peg.2544.site.49, 0, 144, 144
1118061.3.peg.2544.site.50, 0, 142, 142
1118061.3.peg.2544.site.51, 0, 143, 143
1118061.3.peg.2544.site.52, 1, 147, 148
1118061.3.peg.2544.site.53, 0, 147, 147
1118061.3.peg.2544.site.54, 0, 149, 149
1118061.3.peg.2544.site.55, 2, 150, 152
1118061.3.peg.2544.site.56, 97, 149, 246
1118061.3.peg.2545.site.1, 1, 126, 127
1118061.3.peg.2545.site.2, 36, 146, 182
1118061.3.peg.2548.site.1, 0, 123, 123
1118061.3.peg.2548.site.2, 0, 80, 80
1118061.3.peg.2548.site.3, 1, 86, 87
1118061.3.peg.2548.site.4, 3, 52, 55
1118061.3.peg.2548.site.5, 0, 54, 54
1118061.3.peg.2548.site.6, 7, 74, 81
1118061.3.peg.2548.site.7, 0, 93, 93
1118061.3.peg.2548.site.8, 49, 105, 154
1118061.3.peg.2548.site.9, 3, 125, 128
1118061.3.peg.2548.site.10, 5, 129, 134
1118061.3.peg.2548.site.11, 37, 140, 177
1118061.3.peg.2548.site.12, 3, 130, 133
1118061.3.peg.2548.site.13, 0, 142, 142
1118061.3.peg.2548.site.14, 23, 147, 170
1118061.3.peg.2548.site.15, 14, 147, 161
1118061.3.peg.2548.site.16, 8, 149, 157
1118061.3.peg.2548.site.17, 3, 150, 153
1118061.3.peg.2548.site.18, 2, 132, 134
1118061.3.peg.2548.site.19, 75, 130, 205
1118061.3.peg.2548.site.20, 59, 144, 203
1118061.3.peg.2548.site.21, 2, 146, 148
1118061.3.peg.2548.site.22, 58, 149, 207
1118061.3.peg.2548.site.23, 0, 147, 147
1118061.3.peg.2548.site.24, 22, 148, 170
1118061.3.peg.2548.site.25, 0, 147, 147
1118061.3.peg.2548.site.26, 0, 148, 148
1118061.3.peg.2548.site.27, 25, 120, 145
1118061.3.peg.2548.site.28, 32, 126, 158
1118061.3.peg.2548.site.29, 2, 124, 126
1118061.3.peg.2548.site.30, 12, 148, 160
1118061.3.peg.2277.site.1, 0, 139, 139
1118061.3.peg.2277.site.2, 5, 141, 146
1118061.3.peg.2277.site.3, 1, 142, 143
1118061.3.peg.2277.site.4, 45, 140, 185
1118061.3.peg.2277.site.5, 3, 139, 142
1118061.3.peg.2277.site.6, 3, 141, 144
1118061.3.peg.2277.site.7, 1, 147, 148
1118061.3.peg.2277.site.8, 83, 149, 232
1118061.3.peg.2277.site.9, 20, 150, 170
1118061.3.peg.2277.site.10, 2, 150, 152
1118061.3.peg.2277.site.11, 2, 149, 151
1118061.3.peg.2277.site.12, 45, 149, 194
1118061.3.peg.2277.site.13, 16, 144, 160
1118061.3.peg.2277.site.14, 21, 144, 165
1118061.3.peg.2277.site.15, 70, 143, 213
1118061.3.peg.2277.site.16, 70, 143, 213
1118061.3.peg.2277.site.17, 22, 144, 166
1118061.3.peg.2277.site.18, 140, 142, 282
1118061.3.peg.2277.site.19, 7, 125, 132
1118061.3.peg.2277.site.20, 4, 120, 124
1118061.3.peg.2277.site.21, 10, 124, 134
1118061.3.peg.2277.site.22, 16, 131, 147
1118061.3.peg.2277.site.23, 16, 131, 147
1118061.3.peg.2277.site.24, 0, 150, 150
1118061.3.peg.2277.site.25, 83, 149, 232
1118061.3.peg.2277.site.26, 2, 149, 151
1118061.3.peg.2277.site.27, 0, 149, 149
1118061.3.peg.2277.site.28, 3, 148, 151
1118061.3.peg.2277.site.29, 0, 147, 147
1118061.3.peg.2277.site.30, 26, 145, 171
1118061.3.peg.2277.site.31, 60, 124, 184
1118061.3.peg.2277.site.32, 0, 134, 134
1118061.3.peg.291.site.1, 72, 148, 220
1118061.3.peg.291.site.2, 2, 150, 152
1118061.3.peg.291.site.3, 0, 145, 145
1118061.3.peg.291.site.4, 22, 148, 170
1118061.3.peg.291.site.5, 25, 148, 173
1118061.3.peg.291.site.6, 22, 149, 171
1118061.3.peg.291.site.7, 3, 149, 152
1118061.3.peg.291.site.8, 3, 147, 150
1118061.3.peg.291.site.9, 15, 148, 163
1118061.3.peg.291.site.10, 6, 149, 155
1118061.3.peg.291.site.11, 2, 150, 152
1118061.3.peg.291.site.12, 3, 148, 151
1118061.3.peg.291.site.13, 25, 149, 174
1118061.3.peg.291.site.14, 13, 149, 162
1118061.3.peg.291.site.15, 3, 150, 153
1118061.3.peg.291.site.16, 79, 148, 227
1118061.3.peg.291.site.17, 21, 150, 171
1118061.3.peg.291.site.18, 23, 150, 173
1118061.3.peg.291.site.19, 27, 149, 176
1118061.3.peg.290.site.1, 7, 150, 157
1118061.3.peg.290.site.2, 7, 150, 157
1118061.3.peg.290.site.3, 23, 149, 172
1118061.3.peg.293.site.1, 3, 144, 147
1118061.3.peg.293.site.2, 86, 145, 231
1118061.3.peg.295.site.1, 3, 145, 148
1118061.3.peg.295.site.2, 132, 145, 277
1118061.3.peg.295.site.3, 19, 140, 159
1118061.3.peg.295.site.4, 114, 146, 260
1118061.3.peg.295.site.5, 11, 147, 158
1118061.3.peg.295.site.6, 11, 148, 159
1118061.3.peg.294.site.1, 4, 147, 151
1118061.3.peg.294.site.2, 33, 146, 179
1118061.3.peg.294.site.3, 27, 143, 170
1118061.3.peg.294.site.4, 29, 144, 173
1118061.3.peg.294.site.5, 56, 148, 204
1118061.3.peg.294.site.6, 7, 143, 150
1118061.3.peg.294.site.7, 4, 148, 152
1118061.3.peg.294.site.8, 4, 146, 150
1118061.3.peg.294.site.9, 66, 148, 214
1118061.3.peg.294.site.10, 39, 132, 171
1118061.3.peg.294.site.11, 27, 126, 153
1118061.3.peg.294.site.12, 33, 131, 164
1118061.3.peg.294.site.13, 0, 122, 122
1118061.3.peg.294.site.14, 3, 119, 122
1118061.3.peg.294.site.15, 2, 126, 128
1118061.3.peg.294.site.16, 6, 106, 112
1118061.3.peg.294.site.17, 16, 123, 139
1118061.3.peg.294.site.18, 1, 132, 133
1118061.3.peg.294.site.19, 1, 128, 129
1118061.3.peg.294.site.20, 17, 145, 162
1118061.3.peg.294.site.21, 7, 140, 147
1118061.3.peg.294.site.22, 37, 138, 175
1118061.3.peg.294.site.23, 1, 139, 140
1118061.3.peg.294.site.24, 0, 144, 144
1118061.3.peg.297.site.1, 1, 144, 145
1118061.3.peg.297.site.2, 31, 149, 180
1118061.3.peg.297.site.3, 41, 148, 189
1118061.3.peg.297.site.4, 6, 148, 154
1118061.3.peg.297.site.5, 18, 143, 161
1118061.3.peg.297.site.6, 89, 146, 235
1118061.3.peg.297.site.7, 0, 144, 144
1118061.3.peg.297.site.8, 14, 137, 151
1118061.3.peg.297.site.9, 44, 136, 180
1118061.3.peg.297.site.10, 1, 150, 151
1118061.3.peg.297.site.11, 3, 149, 152
1118061.3.peg.297.site.12, 18, 149, 167
1118061.3.peg.297.site.13, 31, 150, 181
1118061.3.peg.299.site.1, 9, 147, 156
1118061.3.peg.299.site.2, 1, 143, 144
1118061.3.peg.299.site.3, 2, 150, 152
1118061.3.peg.299.site.4, 0, 149, 149
1118061.3.peg.299.site.5, 10, 148, 158
1118061.3.peg.299.site.6, 0, 150, 150
1118061.3.peg.299.site.7, 0, 148, 148
1118061.3.peg.299.site.8, 33, 148, 181
1118061.3.peg.299.site.9, 32, 149, 181
1118061.3.peg.299.site.10, 11, 150, 161
1118061.3.peg.299.site.11, 0, 148, 148
1118061.3.peg.299.site.12, 73, 150, 223
1118061.3.peg.299.site.13, 2, 150, 152
1118061.3.peg.299.site.14, 7, 150, 157
1118061.3.peg.299.site.15, 24, 150, 174
1118061.3.peg.299.site.16, 24, 150, 174
1118061.3.peg.299.site.17, 4, 149, 153
1118061.3.peg.299.site.18, 1, 139, 140
1118061.3.peg.299.site.19, 143, 145, 288
1118061.3.peg.299.site.20, 143, 148, 291
1118061.3.peg.299.site.21, 3, 133, 136
1118061.3.peg.298.site.1, 8, 150, 158
1118061.3.peg.298.site.2, 88, 150, 238
1118061.3.peg.298.site.3, 0, 150, 150
1118061.3.peg.298.site.4, 9, 148, 157
1118061.3.peg.298.site.5, 0, 149, 149
1118061.3.peg.298.site.6, 0, 147, 147
1118061.3.peg.1039.site.1, 2, 150, 152
1118061.3.peg.1039.site.2, 0, 149, 149
1118061.3.peg.1039.site.3, 2, 150, 152
1118061.3.peg.1039.site.4, 11, 149, 160
1118061.3.peg.1039.site.5, 2, 146, 148
1118061.3.peg.1039.site.6, 2, 148, 150
1118061.3.peg.1039.site.7, 1, 147, 148
1118061.3.peg.1039.site.8, 146, 148, 294
1118061.3.peg.1039.site.9, 5, 150, 155
1118061.3.peg.1038.site.1, 148, 149, 297
1118061.3.peg.1038.site.2, 0, 121, 121
1118061.3.peg.1038.site.3, 1, 116, 117
1118061.3.peg.1038.site.4, 14, 136, 150
1118061.3.peg.1038.site.5, 2, 149, 151
1118061.3.peg.1038.site.6, 2, 149, 151
1118061.3.peg.1038.site.7, 2, 150, 152
1118061.3.peg.1038.site.8, 5, 148, 153
1118061.3.peg.1038.site.9, 1, 121, 122
1118061.3.peg.1038.site.10, 1, 138, 139
1118061.3.peg.1038.site.11, 2, 149, 151
1118061.3.peg.1033.site.1, 0, 149, 149
1118061.3.peg.1033.site.2, 3, 149, 152
1118061.3.peg.1033.site.3, 8, 138, 146
1118061.3.peg.1033.site.4, 1, 146, 147
1118061.3.peg.1032.site.1, 1, 148, 149
1118061.3.peg.1032.site.2, 1, 147, 148
1118061.3.peg.1032.site.3, 57, 145, 202
1118061.3.peg.1030.site.1, 3, 150, 153
1118061.3.peg.1030.site.2, 0, 149, 149
1118061.3.peg.1030.site.3, 19, 149, 168
1118061.3.peg.1030.site.4, 0, 150, 150
1118061.3.peg.1030.site.5, 1, 149, 150
1118061.3.peg.1030.site.6, 127, 149, 276
1118061.3.peg.1030.site.7, 57, 149, 206
1118061.3.peg.1030.site.8, 0, 144, 144
1118061.3.peg.1030.site.9, 14, 150, 164
1118061.3.peg.1030.site.10, 0, 150, 150
1118061.3.peg.1030.site.11, 2, 150, 152
1118061.3.peg.1030.site.12, 15, 150, 165
1118061.3.peg.1030.site.13, 1, 149, 150
1118061.3.peg.1037.site.1, 2, 150, 152
1118061.3.peg.1037.site.2, 4, 150, 154
1118061.3.peg.1037.site.3, 2, 150, 152
1118061.3.peg.1037.site.4, 0, 150, 150
1118061.3.peg.1037.site.5, 7, 150, 157
1118061.3.peg.1037.site.6, 2, 150, 152
1118061.3.peg.1037.site.7, 42, 149, 191
1118061.3.peg.1037.site.8, 0, 150, 150
1118061.3.peg.1037.site.9, 42, 150, 192
1118061.3.peg.1037.site.10, 7, 150, 157
1118061.3.peg.1037.site.11, 2, 148, 150
1118061.3.peg.1037.site.12, 7, 149, 156
1118061.3.peg.1037.site.13, 3, 150, 153
1118061.3.peg.1037.site.14, 0, 149, 149
1118061.3.peg.1037.site.15, 1, 150, 151
1118061.3.peg.1037.site.16, 0, 150, 150
1118061.3.peg.1037.site.17, 2, 150, 152
1118061.3.peg.1037.site.18, 2, 149, 151
1118061.3.peg.1037.site.19, 6, 150, 156
1118061.3.peg.1037.site.20, 2, 150, 152
1118061.3.peg.1037.site.21, 1, 150, 151
1118061.3.peg.1037.site.22, 2, 149, 151
1118061.3.peg.610.site.1, 11, 143, 154
1118061.3.peg.610.site.2, 19, 145, 164
1118061.3.peg.610.site.3, 0, 144, 144
1118061.3.peg.610.site.4, 118, 139, 257
1118061.3.peg.610.site.5, 2, 129, 131
1118061.3.peg.610.site.6, 2, 138, 140
1118061.3.peg.610.site.7, 2, 142, 144
1118061.3.peg.610.site.8, 13, 145, 158
1118061.3.peg.610.site.9, 36, 146, 182
1118061.3.peg.610.site.10, 3, 150, 153
1118061.3.peg.610.site.11, 3, 149, 152
1118061.3.peg.610.site.12, 71, 146, 217
1118061.3.peg.610.site.13, 3, 147, 150
1118061.3.peg.610.site.14, 116, 148, 264
1118061.3.peg.613.site.1, 65, 146, 211
1118061.3.peg.613.site.2, 3, 147, 150
1118061.3.peg.613.site.3, 0, 148, 148
1118061.3.peg.613.site.4, 33, 149, 182
1118061.3.peg.613.site.5, 126, 146, 272
1118061.3.peg.613.site.6, 6, 146, 152
1118061.3.peg.1034.site.1, 2, 149, 151
1118061.3.peg.1034.site.2, 0, 150, 150
1118061.3.peg.1034.site.3, 36, 147, 183
1118061.3.peg.1034.site.4, 17, 147, 164
1118061.3.peg.1034.site.5, 66, 131, 197
1118061.3.peg.1034.site.6, 65, 135, 200
1118061.3.peg.1034.site.7, 142, 142, 284
1118061.3.peg.1034.site.8, 77, 142, 219
1118061.3.peg.1034.site.9, 80, 145, 225
1118061.3.peg.1034.site.10, 32, 145, 177
1118061.3.peg.1034.site.11, 42, 145, 187
1118061.3.peg.1034.site.12, 1, 150, 151
1118061.3.peg.1034.site.13, 0, 150, 150
1118061.3.peg.1034.site.14, 0, 149, 149
1118061.3.peg.1034.site.15, 72, 148, 220
1118061.3.peg.1034.site.16, 72, 149, 221
1118061.3.peg.1034.site.17, 3, 150, 153
1118061.3.peg.1034.site.18, 0, 150, 150
1118061.3.peg.1034.site.19, 0, 150, 150
1118061.3.peg.1034.site.20, 1, 150, 151
1118061.3.peg.1034.site.21, 0, 149, 149
1118061.3.peg.1034.site.22, 147, 150, 297
1118061.3.peg.1034.site.23, 119, 149, 268
1118061.3.peg.1034.site.24, 2, 149, 151
1118061.3.peg.1034.site.25, 2, 150, 152
1118061.3.peg.1034.site.26, 46, 150, 196
1118061.3.peg.1034.site.27, 0, 150, 150
1118061.3.peg.1034.site.28, 0, 150, 150
1118061.3.peg.1034.site.29, 67, 150, 217
1118061.3.peg.1034.site.30, 26, 150, 176
1118061.3.peg.1034.site.31, 77, 150, 227
1118061.3.peg.1034.site.32, 0, 150, 150
1118061.3.peg.1034.site.33, 144, 150, 294
1118061.3.peg.1034.site.34, 147, 150, 297
1118061.3.peg.1034.site.35, 11, 130, 141
1118061.3.peg.1034.site.36, 4, 129, 133
1118061.3.peg.1034.site.37, 27, 119, 146
1118061.3.peg.1034.site.38, 0, 119, 119
1118061.3.peg.1034.site.39, 7, 124, 131
1118061.3.peg.1034.site.40, 0, 136, 136
1118061.3.peg.1034.site.41, 7, 140, 147
1118061.3.peg.1034.site.42, 14, 147, 161
1118061.3.peg.1034.site.43, 13, 149, 162
1118061.3.peg.1034.site.44, 9, 142, 151
1118061.3.peg.2358.site.1, 10, 145, 155
1118061.3.peg.2358.site.2, 22, 132, 154
1118061.3.peg.2358.site.3, 6, 121, 127
1118061.3.peg.2358.site.4, 4, 143, 147
1118061.3.peg.2358.site.5, 3, 145, 148
1118061.3.peg.2358.site.6, 10, 145, 155
1118061.3.peg.2358.site.7, 0, 145, 145
1118061.3.peg.2358.site.8, 70, 145, 215
1118061.3.peg.2358.site.9, 12, 146, 158
1118061.3.peg.2358.site.10, 53, 145, 198
1118061.3.peg.2358.site.11, 3, 146, 149
1118061.3.peg.2358.site.12, 6, 142, 148
1118061.3.peg.2358.site.13, 29, 140, 169
1118061.3.peg.2358.site.14, 0, 144, 144
1118061.3.peg.2358.site.15, 2, 145, 147
1118061.3.peg.2358.site.16, 63, 135, 198
1118061.3.peg.2358.site.17, 1, 122, 123
1118061.3.peg.2358.site.18, 3, 56, 59
1118061.3.peg.127.site.1, 0, 149, 149
1118061.3.peg.127.site.2, 1, 150, 151
1118061.3.peg.127.site.3, 3, 150, 153
1118061.3.peg.127.site.4, 1, 148, 149
1118061.3.peg.127.site.5, 15, 146, 161
1118061.3.peg.127.site.6, 15, 146, 161
1118061.3.peg.127.site.7, 1, 148, 149
1118061.3.peg.127.site.8, 15, 148, 163
1118061.3.peg.127.site.9, 98, 148, 246
1118061.3.peg.127.site.10, 24, 146, 170
1118061.3.peg.127.site.11, 4, 149, 153
1118061.3.peg.127.site.12, 2, 149, 151
1118061.3.peg.127.site.13, 44, 150, 194
1118061.3.peg.127.site.14, 26, 149, 175
1118061.3.peg.127.site.15, 18, 145, 163
1118061.3.peg.127.site.16, 6, 150, 156
1118061.3.peg.127.site.17, 35, 149, 184
1118061.3.peg.127.site.18, 3, 150, 153
1118061.3.peg.127.site.19, 0, 149, 149
1118061.3.peg.127.site.20, 30, 150, 180
1118061.3.peg.125.site.1, 26, 135, 161
1118061.3.peg.125.site.2, 0, 142, 142
1118061.3.peg.125.site.3, 37, 144, 181
1118061.3.peg.125.site.4, 46, 144, 190
1118061.3.peg.125.site.5, 3, 147, 150
1118061.3.peg.125.site.6, 1, 143, 144
1118061.3.peg.125.site.7, 22, 143, 165
1118061.3.peg.125.site.8, 0, 137, 137
1118061.3.peg.125.site.9, 0, 132, 132
1118061.3.peg.125.site.10, 0, 142, 142
1118061.3.peg.125.site.11, 60, 147, 207
1118061.3.peg.125.site.12, 0, 148, 148
1118061.3.peg.125.site.13, 86, 147, 233
1118061.3.peg.125.site.14, 2, 149, 151
1118061.3.peg.125.site.15, 122, 149, 271
1118061.3.peg.125.site.16, 5, 149, 154
1118061.3.peg.125.site.17, 3, 147, 150
1118061.3.peg.125.site.18, 9, 148, 157
1118061.3.peg.125.site.19, 1, 147, 148
1118061.3.peg.125.site.20, 0, 142, 142
1118061.3.peg.125.site.21, 1, 135, 136
1118061.3.peg.125.site.22, 17, 140, 157
1118061.3.peg.125.site.23, 58, 117, 175
1118061.3.peg.125.site.24, 1, 142, 143
1118061.3.peg.125.site.25, 0, 143, 143
1118061.3.peg.125.site.26, 69, 115, 184
1118061.3.peg.125.site.27, 16, 146, 162
1118061.3.peg.125.site.28, 24, 150, 174
1118061.3.peg.125.site.29, 2, 148, 150
1118061.3.peg.125.site.30, 31, 149, 180
1118061.3.peg.125.site.31, 0, 148, 148
1118061.3.peg.125.site.32, 24, 147, 171
1118061.3.peg.125.site.33, 29, 150, 179
1118061.3.peg.124.site.1, 0, 124, 124
1118061.3.peg.124.site.2, 0, 136, 136
1118061.3.peg.124.site.3, 45, 143, 188
1118061.3.peg.124.site.4, 44, 146, 190
1118061.3.peg.124.site.5, 26, 133, 159
1118061.3.peg.124.site.6, 0, 134, 134
1118061.3.peg.124.site.7, 135, 135, 270
1118061.3.peg.124.site.8, 2, 137, 139
1118061.3.peg.124.site.9, 1, 138, 139
1118061.3.peg.124.site.10, 0, 143, 143
1118061.3.peg.124.site.11, 20, 143, 163
1118061.3.peg.124.site.12, 2, 146, 148
1118061.3.peg.124.site.13, 0, 145, 145
1118061.3.peg.124.site.14, 135, 137, 272
1118061.3.peg.123.site.1, 2, 150, 152
1118061.3.peg.123.site.2, 2, 149, 151
1118061.3.peg.123.site.3, 40, 149, 189
1118061.3.peg.123.site.4, 0, 130, 130
1118061.3.peg.123.site.5, 24, 130, 154
1118061.3.peg.123.site.6, 1, 147, 148
1118061.3.peg.123.site.7, 2, 133, 135
1118061.3.peg.123.site.8, 15, 132, 147
1118061.3.peg.123.site.9, 0, 125, 125
1118061.3.peg.123.site.10, 4, 135, 139
1118061.3.peg.123.site.11, 0, 140, 140
1118061.3.peg.123.site.12, 6, 146, 152
1118061.3.peg.123.site.13, 15, 145, 160
1118061.3.peg.122.site.1, 2, 130, 132
1118061.3.peg.122.site.2, 2, 137, 139
1118061.3.peg.122.site.3, 0, 142, 142
1118061.3.peg.122.site.4, 20, 148, 168
1118061.3.peg.122.site.5, 51, 148, 199
1118061.3.peg.122.site.6, 8, 150, 158
1118061.3.peg.122.site.7, 112, 146, 258
1118061.3.peg.122.site.8, 49, 148, 197
1118061.3.peg.122.site.9, 3, 150, 153
1118061.3.peg.122.site.10, 91, 147, 238
1118061.3.peg.122.site.11, 1, 148, 149
1118061.3.peg.122.site.12, 1, 148, 149
1118061.3.peg.122.site.13, 1, 142, 143
1118061.3.peg.122.site.14, 2, 142, 144
1118061.3.peg.122.site.15, 14, 141, 155
1118061.3.peg.122.site.16, 9, 132, 141
1118061.3.peg.122.site.17, 80, 126, 206
1118061.3.peg.122.site.18, 20, 126, 146
1118061.3.peg.122.site.19, 51, 134, 185
1118061.3.peg.122.site.20, 2, 134, 136
1118061.3.peg.122.site.21, 47, 134, 181
1118061.3.peg.122.site.22, 4, 125, 129
1118061.3.peg.122.site.23, 4, 121, 125
1118061.3.peg.122.site.24, 7, 109, 116
1118061.3.peg.122.site.25, 1, 81, 82
1118061.3.peg.122.site.26, 3, 136, 139
1118061.3.peg.122.site.27, 6, 146, 152
1118061.3.peg.122.site.28, 0, 147, 147
1118061.3.peg.122.site.29, 0, 146, 146
1118061.3.peg.122.site.30, 10, 144, 154
1118061.3.peg.122.site.31, 6, 139, 145
1118061.3.peg.122.site.32, 7, 141, 148
1118061.3.peg.122.site.33, 10, 132, 142
1118061.3.peg.121.site.1, 1, 148, 149
1118061.3.peg.121.site.2, 19, 136, 155
1118061.3.peg.121.site.3, 1, 138, 139
1118061.3.peg.121.site.4, 19, 137, 156
1118061.3.peg.121.site.5, 1, 140, 141
1118061.3.peg.121.site.6, 1, 141, 142
1118061.3.peg.121.site.7, 124, 138, 262
1118061.3.peg.121.site.8, 124, 138, 262
1118061.3.peg.121.site.9, 22, 142, 164
1118061.3.peg.121.site.10, 75, 141, 216
1118061.3.peg.121.site.11, 0, 134, 134
1118061.3.peg.121.site.12, 15, 135, 150
1118061.3.peg.121.site.13, 101, 113, 214
1118061.3.peg.121.site.14, 0, 125, 125
1118061.3.peg.121.site.15, 1, 132, 133
1118061.3.peg.121.site.16, 2, 130, 132
1118061.3.peg.121.site.17, 1, 138, 139
1118061.3.peg.121.site.18, 16, 141, 157
1118061.3.peg.120.site.1, 1, 129, 130
1118061.3.peg.120.site.2, 90, 90, 180
1118061.3.peg.120.site.3, 29, 116, 145
1118061.3.peg.120.site.4, 1, 139, 140
1118061.3.peg.120.site.5, 23, 149, 172
1118061.3.peg.120.site.6, 3, 149, 152
1118061.3.peg.120.site.7, 2, 150, 152
1118061.3.peg.120.site.8, 16, 149, 165
1118061.3.peg.120.site.9, 2, 149, 151
1118061.3.peg.120.site.10, 1, 147, 148
1118061.3.peg.120.site.11, 11, 149, 160
1118061.3.peg.120.site.12, 1, 148, 149
1118061.3.peg.120.site.13, 1, 147, 148
1118061.3.peg.120.site.14, 2, 142, 144
1118061.3.peg.120.site.15, 2, 138, 140
1118061.3.peg.120.site.16, 17, 138, 155
1118061.3.peg.120.site.17, 7, 149, 156
1118061.3.peg.129.site.1, 1, 150, 151
1118061.3.peg.129.site.2, 0, 149, 149
1118061.3.peg.129.site.3, 123, 146, 269
1118061.3.peg.129.site.4, 38, 145, 183
1118061.3.peg.129.site.5, 0, 145, 145
1118061.3.peg.129.site.6, 141, 141, 282
1118061.3.peg.129.site.7, 3, 138, 141
1118061.3.peg.129.site.8, 8, 145, 153
1118061.3.peg.129.site.9, 4, 145, 149
1118061.3.peg.129.site.10, 0, 147, 147
1118061.3.peg.129.site.11, 138, 138, 276
1118061.3.peg.128.site.1, 0, 148, 148
1118061.3.peg.128.site.2, 1, 119, 120
1118061.3.peg.128.site.3, 1, 149, 150
1118061.3.peg.128.site.4, 2, 149, 151
1118061.3.peg.128.site.5, 27, 149, 176
1118061.3.peg.128.site.6, 55, 144, 199
1118061.3.peg.128.site.7, 26, 147, 173
1118061.3.peg.128.site.8, 2, 149, 151
1118061.3.peg.128.site.9, 145, 148, 293
1118061.3.peg.128.site.10, 143, 146, 289
1118061.3.peg.128.site.11, 4, 146, 150
1118061.3.peg.128.site.12, 83, 134, 217
1118061.3.peg.721.site.1, 31, 150, 181
1118061.3.peg.721.site.2, 31, 150, 181
1118061.3.peg.721.site.3, 0, 150, 150
1118061.3.peg.721.site.4, 39, 148, 187
1118061.3.peg.721.site.5, 20, 149, 169
1118061.3.peg.721.site.6, 43, 146, 189
1118061.3.peg.721.site.7, 18, 145, 163
1118061.3.peg.721.site.8, 0, 146, 146
1118061.3.peg.721.site.9, 11, 144, 155
1118061.3.peg.721.site.10, 0, 136, 136
1118061.3.peg.721.site.11, 2, 144, 146
1118061.3.peg.721.site.12, 1, 147, 148
1118061.3.peg.723.site.1, 22, 114, 136
1118061.3.peg.723.site.2, 4, 126, 130
1118061.3.peg.723.site.3, 115, 141, 256
1118061.3.peg.723.site.4, 0, 147, 147
1118061.3.peg.723.site.5, 4, 149, 153
1118061.3.peg.723.site.6, 1, 149, 150
1118061.3.peg.723.site.7, 3, 148, 151
1118061.3.peg.723.site.8, 27, 149, 176
1118061.3.peg.723.site.9, 2, 150, 152
1118061.3.peg.723.site.10, 2, 150, 152
1118061.3.peg.723.site.11, 3, 149, 152
1118061.3.peg.723.site.12, 109, 149, 258
1118061.3.peg.723.site.13, 23, 146, 169
1118061.3.peg.723.site.14, 21, 146, 167
1118061.3.peg.723.site.15, 11, 148, 159
1118061.3.peg.723.site.16, 40, 143, 183
1118061.3.peg.723.site.17, 4, 148, 152
1118061.3.peg.723.site.18, 0, 147, 147
1118061.3.peg.723.site.19, 28, 149, 177
1118061.3.peg.723.site.20, 1, 150, 151
1118061.3.peg.723.site.21, 65, 104, 169
1118061.3.peg.723.site.22, 0, 148, 148
1118061.3.peg.722.site.1, 0, 147, 147
1118061.3.peg.722.site.2, 11, 150, 161
1118061.3.peg.722.site.3, 116, 148, 264
1118061.3.peg.722.site.4, 50, 148, 198
1118061.3.peg.722.site.5, 5, 149, 154
1118061.3.peg.722.site.6, 37, 150, 187
1118061.3.peg.722.site.7, 145, 150, 295
1118061.3.peg.722.site.8, 3, 148, 151
1118061.3.peg.722.site.9, 148, 148, 296
1118061.3.peg.722.site.10, 3, 150, 153
1118061.3.peg.722.site.11, 37, 149, 186
1118061.3.peg.722.site.12, 103, 145, 248
1118061.3.peg.722.site.13, 1, 149, 150
1118061.3.peg.722.site.14, 8, 149, 157
1118061.3.peg.722.site.15, 2, 111, 113
1118061.3.peg.722.site.16, 21, 139, 160
1118061.3.peg.722.site.17, 0, 150, 150
1118061.3.peg.722.site.18, 4, 147, 151
1118061.3.peg.722.site.19, 0, 143, 143
1118061.3.peg.722.site.20, 2, 142, 144
1118061.3.peg.722.site.21, 0, 120, 120
1118061.3.peg.722.site.22, 2, 122, 124
1118061.3.peg.722.site.23, 56, 137, 193
1118061.3.peg.722.site.24, 0, 147, 147
1118061.3.peg.725.site.1, 0, 146, 146
1118061.3.peg.725.site.2, 0, 145, 145
1118061.3.peg.725.site.3, 1, 146, 147
1118061.3.peg.725.site.4, 17, 148, 165
1118061.3.peg.725.site.5, 40, 146, 186
1118061.3.peg.725.site.6, 0, 148, 148
1118061.3.peg.725.site.7, 5, 150, 155
1118061.3.peg.725.site.8, 2, 150, 152
1118061.3.peg.725.site.9, 2, 150, 152
1118061.3.peg.725.site.10, 138, 150, 288
1118061.3.peg.724.site.1, 2, 149, 151
1118061.3.peg.724.site.2, 0, 147, 147
1118061.3.peg.724.site.3, 31, 147, 178
1118061.3.peg.724.site.4, 39, 145, 184
1118061.3.peg.724.site.5, 24, 137, 161
1118061.3.peg.724.site.6, 3, 143, 146
1118061.3.peg.724.site.7, 22, 138, 160
1118061.3.peg.724.site.8, 0, 141, 141
1118061.3.peg.724.site.9, 27, 147, 174
1118061.3.peg.724.site.10, 149, 149, 298
1118061.3.peg.724.site.11, 0, 148, 148
1118061.3.peg.724.site.12, 8, 139, 147
1118061.3.peg.724.site.13, 0, 137, 137
1118061.3.peg.724.site.14, 5, 129, 134
1118061.3.peg.724.site.15, 5, 147, 152
1118061.3.peg.727.site.1, 87, 149, 236
1118061.3.peg.727.site.2, 30, 148, 178
1118061.3.peg.727.site.3, 112, 147, 259
1118061.3.peg.727.site.4, 2, 145, 147
1118061.3.peg.727.site.5, 0, 148, 148
1118061.3.peg.727.site.6, 0, 148, 148
1118061.3.peg.726.site.1, 0, 149, 149
1118061.3.peg.726.site.2, 17, 149, 166
1118061.3.peg.726.site.3, 0, 150, 150
1118061.3.peg.726.site.4, 3, 135, 138
1118061.3.peg.726.site.5, 0, 143, 143
1118061.3.peg.726.site.6, 0, 147, 147
1118061.3.peg.726.site.7, 2, 148, 150
1118061.3.peg.726.site.8, 47, 149, 196
1118061.3.peg.726.site.9, 148, 148, 296
1118061.3.peg.726.site.10, 5, 148, 153
1118061.3.peg.729.site.1, 0, 115, 115
1118061.3.peg.729.site.2, 2, 110, 112
1118061.3.peg.729.site.3, 109, 109, 218
1118061.3.peg.729.site.4, 36, 101, 137
1118061.3.peg.729.site.5, 91, 111, 202
1118061.3.peg.729.site.6, 3, 119, 122
1118061.3.peg.729.site.7, 3, 108, 111
1118061.3.peg.729.site.8, 0, 105, 105
1118061.3.peg.729.site.9, 0, 103, 103
1118061.3.peg.729.site.10, 2, 101, 103
1118061.3.peg.729.site.11, 0, 127, 127
1118061.3.peg.729.site.12, 39, 126, 165
1118061.3.peg.729.site.13, 0, 127, 127
1118061.3.peg.729.site.14, 0, 127, 127
1118061.3.peg.729.site.15, 0, 116, 116
1118061.3.peg.729.site.16, 11, 113, 124
1118061.3.peg.729.site.17, 60, 96, 156
1118061.3.peg.729.site.18, 7, 100, 107
1118061.3.peg.729.site.19, 0, 116, 116
1118061.3.peg.729.site.20, 14, 108, 122
1118061.3.peg.729.site.21, 0, 120, 120
1118061.3.peg.729.site.22, 64, 100, 164
1118061.3.peg.729.site.23, 3, 105, 108
1118061.3.peg.729.site.24, 0, 123, 123
1118061.3.peg.729.site.25, 15, 123, 138
1118061.3.peg.729.site.26, 1, 109, 110
1118061.3.peg.729.site.27, 0, 129, 129
1118061.3.peg.729.site.28, 0, 132, 132
1118061.3.peg.728.site.1, 0, 150, 150
1118061.3.peg.728.site.2, 30, 150, 180
1118061.3.peg.728.site.3, 112, 144, 256
1118061.3.peg.728.site.4, 2, 121, 123
1118061.3.peg.728.site.5, 23, 110, 133
1118061.3.peg.728.site.6, 2, 128, 130
1118061.3.peg.728.site.7, 92, 130, 222
1118061.3.peg.728.site.8, 55, 137, 192
1118061.3.peg.728.site.9, 38, 120, 158
1118061.3.peg.728.site.10, 0, 122, 122
1118061.3.peg.728.site.11, 74, 92, 166
1118061.3.peg.728.site.12, 4, 92, 96
1118061.3.peg.728.site.13, 4, 77, 81
1118061.3.peg.728.site.14, 17, 136, 153
1118061.3.peg.728.site.15, 137, 137, 274
1118061.3.peg.728.site.16, 10, 138, 148
1118061.3.peg.728.site.17, 13, 91, 104
1118061.3.peg.728.site.18, 40, 98, 138
1118061.3.peg.728.site.19, 11, 111, 122
1118061.3.peg.728.site.20, 6, 122, 128
1118061.3.peg.728.site.21, 48, 110, 158
1118061.3.peg.728.site.22, 55, 120, 175
1118061.3.peg.728.site.23, 6, 121, 127
1118061.3.peg.728.site.24, 66, 144, 210
1118061.3.peg.728.site.25, 3, 147, 150
1118061.3.peg.728.site.26, 1, 149, 150
1118061.3.peg.1103.site.1, 141, 148, 289
1118061.3.peg.1103.site.2, 0, 148, 148
1118061.3.peg.1103.site.3, 137, 150, 287
1118061.3.peg.2586.site.1, 43, 148, 191
1118061.3.peg.1101.site.1, 8, 146, 154
1118061.3.peg.1101.site.2, 1, 141, 142
1118061.3.peg.1101.site.3, 140, 140, 280
1118061.3.peg.1101.site.4, 40, 131, 171
1118061.3.peg.1101.site.5, 42, 142, 184
1118061.3.peg.234.site.1, 2, 147, 149
1118061.3.peg.234.site.2, 0, 143, 143
1118061.3.peg.234.site.3, 88, 122, 210
1118061.3.peg.234.site.4, 24, 144, 168
1118061.3.peg.234.site.5, 30, 141, 171
1118061.3.peg.234.site.6, 142, 143, 285
1118061.3.peg.234.site.7, 76, 143, 219
1118061.3.peg.234.site.8, 45, 146, 191
1118061.3.peg.234.site.9, 0, 146, 146
1118061.3.peg.234.site.10, 0, 149, 149
1118061.3.peg.234.site.11, 89, 147, 236
1118061.3.peg.234.site.12, 87, 94, 181
1118061.3.peg.234.site.13, 11, 104, 115
1118061.3.peg.234.site.14, 0, 149, 149
1118061.3.peg.234.site.15, 3, 150, 153
1118061.3.peg.234.site.16, 1, 149, 150
1118061.3.peg.234.site.17, 0, 149, 149
1118061.3.peg.234.site.18, 83, 142, 225
1118061.3.peg.234.site.19, 15, 145, 160
1118061.3.peg.234.site.20, 56, 136, 192
1118061.3.peg.234.site.21, 4, 127, 131
1118061.3.peg.234.site.22, 134, 137, 271
1118061.3.peg.234.site.23, 1, 134, 135
1118061.3.peg.234.site.24, 0, 129, 129
1118061.3.peg.1107.site.1, 2, 150, 152
1118061.3.peg.1107.site.2, 2, 149, 151
1118061.3.peg.1107.site.3, 69, 149, 218
1118061.3.peg.1107.site.4, 39, 140, 179
1118061.3.peg.1107.site.5, 3, 139, 142
1118061.3.peg.1107.site.6, 64, 142, 206
1118061.3.peg.1107.site.7, 17, 139, 156
1118061.3.peg.1107.site.8, 0, 128, 128
1118061.3.peg.1107.site.9, 1, 140, 141
1118061.3.peg.1107.site.10, 1, 139, 140
1118061.3.peg.1107.site.11, 2, 139, 141
1118061.3.peg.1107.site.12, 4, 149, 153
1118061.3.peg.1107.site.13, 4, 148, 152
1118061.3.peg.1107.site.14, 1, 149, 150
1118061.3.peg.1107.site.15, 25, 150, 175
1118061.3.peg.1107.site.16, 2, 149, 151
1118061.3.peg.1106.site.1, 1, 150, 151
1118061.3.peg.1106.site.2, 1, 150, 151
1118061.3.peg.1106.site.3, 145, 147, 292
1118061.3.peg.1106.site.4, 41, 146, 187
1118061.3.peg.1106.site.5, 0, 145, 145
1118061.3.peg.1106.site.6, 145, 145, 290
1118061.3.peg.1106.site.7, 48, 139, 187
1118061.3.peg.1106.site.8, 126, 134, 260
1118061.3.peg.1106.site.9, 1, 150, 151
1118061.3.peg.1106.site.10, 1, 147, 148
1118061.3.peg.1106.site.11, 93, 141, 234
1118061.3.peg.1106.site.12, 73, 147, 220
1118061.3.peg.1106.site.13, 32, 143, 175
1118061.3.peg.1106.site.14, 135, 140, 275
1118061.3.peg.1106.site.15, 0, 143, 143
1118061.3.peg.1106.site.16, 0, 146, 146
1118061.3.peg.1106.site.17, 116, 148, 264
1118061.3.peg.1106.site.18, 7, 149, 156
1118061.3.peg.1106.site.19, 9, 150, 159
1118061.3.peg.1106.site.20, 3, 149, 152
1118061.3.peg.1106.site.21, 1, 144, 145
1118061.3.peg.1106.site.22, 36, 148, 184
1118061.3.peg.1106.site.23, 1, 149, 150
1118061.3.peg.1106.site.24, 14, 149, 163
1118061.3.peg.1106.site.25, 64, 147, 211
1118061.3.peg.1106.site.26, 1, 145, 146
1118061.3.peg.1106.site.27, 20, 137, 157
1118061.3.peg.1106.site.28, 0, 146, 146
1118061.3.peg.1106.site.29, 19, 147, 166
1118061.3.peg.1105.site.1, 16, 150, 166
1118061.3.peg.1105.site.2, 1, 150, 151
1118061.3.peg.1105.site.3, 150, 150, 300
1118061.3.peg.1105.site.4, 116, 150, 266
1118061.3.peg.1105.site.5, 3, 150, 153
1118061.3.peg.1105.site.6, 12, 150, 162
1118061.3.peg.1105.site.7, 3, 149, 152
1118061.3.peg.1105.site.8, 35, 145, 180
1118061.3.peg.1105.site.9, 42, 141, 183
1118061.3.peg.1105.site.10, 42, 134, 176
1118061.3.peg.1105.site.11, 46, 109, 155
1118061.3.peg.1105.site.12, 17, 138, 155
1118061.3.peg.1105.site.13, 27, 146, 173
1118061.3.peg.1105.site.14, 11, 145, 156
1118061.3.peg.1105.site.15, 5, 148, 153
1118061.3.peg.1105.site.16, 10, 143, 153
1118061.3.peg.1105.site.17, 2, 133, 135
1118061.3.peg.1105.site.18, 31, 125, 156
1118061.3.peg.1105.site.19, 10, 123, 133
1118061.3.peg.1105.site.20, 4, 103, 107
1118061.3.peg.1105.site.21, 1, 122, 123
1118061.3.peg.1105.site.22, 40, 148, 188
1118061.3.peg.1105.site.23, 0, 149, 149
1118061.3.peg.1105.site.24, 1, 150, 151
1118061.3.peg.1105.site.25, 0, 147, 147
1118061.3.peg.2587.site.1, 150, 150, 300
1118061.3.peg.2587.site.2, 47, 148, 195
1118061.3.peg.2587.site.3, 130, 139, 269
1118061.3.peg.2587.site.4, 15, 148, 163
1118061.3.peg.2587.site.5, 0, 150, 150
1118061.3.peg.2587.site.6, 2, 149, 151
1118061.3.peg.2587.site.7, 1, 149, 150
1118061.3.peg.2587.site.8, 2, 149, 151
1118061.3.peg.2587.site.9, 122, 150, 272
1118061.3.peg.2587.site.10, 0, 149, 149
1118061.3.peg.2587.site.11, 0, 147, 147
1118061.3.peg.2587.site.12, 1, 147, 148
1118061.3.peg.2587.site.13, 35, 149, 184
1118061.3.peg.2587.site.14, 28, 149, 177
1118061.3.peg.2587.site.15, 150, 150, 300
1118061.3.peg.2587.site.16, 5, 150, 155
1118061.3.peg.2587.site.17, 118, 150, 268
1118061.3.peg.2587.site.18, 0, 150, 150
1118061.3.peg.2587.site.19, 32, 149, 181
1118061.3.peg.2587.site.20, 2, 148, 150
1118061.3.peg.2587.site.21, 3, 146, 149
1118061.3.peg.2587.site.22, 0, 149, 149
1118061.3.peg.2587.site.23, 1, 148, 149
1118061.3.peg.2587.site.24, 12, 150, 162
1118061.3.peg.2587.site.25, 0, 150, 150
1118061.3.peg.2587.site.26, 23, 150, 173
1118061.3.peg.2587.site.27, 2, 150, 152
1118061.3.peg.1104.site.1, 10, 116, 126
1118061.3.peg.1104.site.2, 121, 122, 243
1118061.3.peg.1104.site.3, 26, 105, 131
1118061.3.peg.1104.site.4, 9, 104, 113
1118061.3.peg.1104.site.5, 5, 106, 111
1118061.3.peg.1104.site.6, 123, 123, 246
1118061.3.peg.1104.site.7, 40, 129, 169
1118061.3.peg.1104.site.8, 0, 140, 140
1118061.3.peg.1104.site.9, 2, 138, 140
1118061.3.peg.1104.site.10, 34, 139, 173
1118061.3.peg.1104.site.11, 120, 135, 255
1118061.3.peg.1104.site.12, 1, 116, 117
1118061.3.peg.1104.site.13, 1, 112, 113
1118061.3.peg.1104.site.14, 83, 120, 203
1118061.3.peg.1104.site.15, 14, 116, 130
1118061.3.peg.1104.site.16, 14, 129, 143
1118061.3.peg.1104.site.17, 9, 139, 148
1118061.3.peg.1104.site.18, 9, 131, 140
1118061.3.peg.1104.site.19, 43, 117, 160
1118061.3.peg.1104.site.20, 9, 111, 120
1118061.3.peg.1104.site.21, 0, 134, 134
1118061.3.peg.1104.site.22, 30, 96, 126
1118061.3.peg.1104.site.23, 0, 101, 101
1118061.3.peg.1104.site.24, 1, 107, 108
1118061.3.peg.1819.site.1, 1, 143, 144
1118061.3.peg.1819.site.2, 13, 142, 155
1118061.3.peg.1819.site.3, 43, 139, 182
1118061.3.peg.1819.site.4, 41, 143, 184
1118061.3.peg.1819.site.5, 144, 144, 288
1118061.3.peg.1819.site.6, 67, 142, 209
1118061.3.peg.1819.site.7, 0, 142, 142
1118061.3.peg.1819.site.8, 1, 134, 135
1118061.3.peg.1819.site.9, 0, 137, 137
1118061.3.peg.1819.site.10, 35, 135, 170
1118061.3.peg.1819.site.11, 1, 138, 139
1118061.3.peg.1819.site.12, 2, 128, 130
1118061.3.peg.1819.site.13, 10, 126, 136
1118061.3.peg.1819.site.14, 133, 133, 266
1118061.3.peg.1819.site.15, 28, 131, 159
1118061.3.peg.1819.site.16, 3, 137, 140
1118061.3.peg.1819.site.17, 49, 131, 180
1118061.3.peg.1819.site.18, 17, 134, 151
1118061.3.peg.1819.site.19, 49, 131, 180
1118061.3.peg.1819.site.20, 2, 143, 145
1118061.3.peg.1817.site.1, 92, 143, 235
1118061.3.peg.1817.site.2, 28, 143, 171
1118061.3.peg.1817.site.3, 143, 143, 286
1118061.3.peg.1817.site.4, 2, 143, 145
1118061.3.peg.1817.site.5, 50, 142, 192
1118061.3.peg.1817.site.6, 0, 136, 136
1118061.3.peg.1817.site.7, 0, 137, 137
1118061.3.peg.1817.site.8, 132, 132, 264
1118061.3.peg.1817.site.9, 0, 120, 120
1118061.3.peg.1817.site.10, 0, 116, 116
1118061.3.peg.1817.site.11, 0, 106, 106
1118061.3.peg.1817.site.12, 2, 141, 143
1118061.3.peg.2582.site.1, 117, 117, 234
1118061.3.peg.2582.site.2, 14, 123, 137
1118061.3.peg.2582.site.3, 32, 144, 176
1118061.3.peg.2582.site.4, 36, 143, 179
1118061.3.peg.2582.site.5, 2, 144, 146
1118061.3.peg.2582.site.6, 53, 149, 202
1118061.3.peg.2582.site.7, 0, 150, 150
1118061.3.peg.2582.site.8, 150, 150, 300
1118061.3.peg.2582.site.9, 1, 150, 151
1118061.3.peg.2582.site.10, 4, 132, 136
1118061.3.peg.2582.site.11, 1, 127, 128
1118061.3.peg.2582.site.12, 90, 149, 239
1118061.3.peg.2582.site.13, 94, 148, 242
1118061.3.peg.2582.site.14, 16, 150, 166
1118061.3.peg.2582.site.15, 4, 150, 154
1118061.3.peg.2582.site.16, 15, 149, 164
1118061.3.peg.2582.site.17, 2, 150, 152
1118061.3.peg.2582.site.18, 18, 106, 124
1118061.3.peg.2582.site.19, 0, 144, 144
1118061.3.peg.2582.site.20, 1, 136, 137
1118061.3.peg.2582.site.21, 57, 135, 192
1118061.3.peg.2582.site.22, 0, 126, 126
1118061.3.peg.2582.site.23, 117, 117, 234
1118061.3.peg.2582.site.24, 3, 119, 122
1118061.3.peg.2582.site.25, 118, 119, 237
1118061.3.peg.2582.site.26, 112, 112, 224
1118061.3.peg.2582.site.27, 21, 123, 144
1118061.3.peg.2582.site.28, 26, 127, 153
1118061.3.peg.2582.site.29, 0, 126, 126
1118061.3.peg.2582.site.30, 89, 138, 227
1118061.3.peg.2582.site.31, 16, 98, 114
1118061.3.peg.2582.site.32, 2, 147, 149
1118061.3.peg.2582.site.33, 1, 150, 151
1118061.3.peg.2582.site.34, 3, 148, 151
1118061.3.peg.2582.site.35, 3, 147, 150
1118061.3.peg.2582.site.36, 34, 143, 177
1118061.3.peg.2582.site.37, 19, 130, 149
1118061.3.peg.2582.site.38, 3, 135, 138
1118061.3.peg.2582.site.39, 60, 139, 199
1118061.3.peg.2582.site.40, 27, 145, 172
1118061.3.peg.2582.site.41, 0, 150, 150
1118061.3.peg.2582.site.42, 0, 142, 142
1118061.3.peg.2582.site.43, 2, 140, 142
1118061.3.peg.2582.site.44, 2, 141, 143
1118061.3.peg.2582.site.45, 2, 138, 140
1118061.3.peg.2582.site.46, 13, 113, 126
1118061.3.peg.2582.site.47, 18, 124, 142
1118061.3.peg.2582.site.48, 25, 140, 165
1118061.3.peg.2583.site.1, 132, 132, 264
1118061.3.peg.2583.site.2, 37, 128, 165
1118061.3.peg.2583.site.3, 6, 122, 128
1118061.3.peg.2583.site.4, 4, 123, 127
1118061.3.peg.2583.site.5, 2, 126, 128
1118061.3.peg.2583.site.6, 56, 131, 187
1118061.3.peg.2583.site.7, 2, 129, 131
1118061.3.peg.2583.site.8, 40, 132, 172
1118061.3.peg.2583.site.9, 6, 132, 138
1118061.3.peg.2583.site.10, 79, 138, 217
1118061.3.peg.2583.site.11, 14, 138, 152
1118061.3.peg.2583.site.12, 140, 140, 280
1118061.3.peg.2583.site.13, 2, 145, 147
1118061.3.peg.2583.site.14, 1, 116, 117
1118061.3.peg.2583.site.15, 27, 129, 156
1118061.3.peg.2583.site.16, 42, 130, 172
1118061.3.peg.2583.site.17, 1, 129, 130
1118061.3.peg.2583.site.18, 1, 143, 144
1118061.3.peg.2583.site.19, 3, 142, 145
1118061.3.peg.1709.site.1, 7, 140, 147
1118061.3.peg.1709.site.2, 43, 140, 183
1118061.3.peg.1709.site.3, 117, 117, 234
1118061.3.peg.1709.site.4, 10, 87, 97
1118061.3.peg.1709.site.5, 5, 111, 116
1118061.3.peg.1709.site.6, 43, 127, 170
1118061.3.peg.1709.site.7, 64, 137, 201
1118061.3.peg.1709.site.8, 88, 146, 234
1118061.3.peg.1709.site.9, 3, 148, 151
1118061.3.peg.1709.site.10, 0, 141, 141
1118061.3.peg.1709.site.11, 3, 137, 140
1118061.3.peg.1709.site.12, 36, 133, 169
1118061.3.peg.1709.site.13, 0, 140, 140
1118061.3.peg.1709.site.14, 10, 149, 159
1118061.3.peg.1709.site.15, 1, 150, 151
1118061.3.peg.1709.site.16, 36, 128, 164
1118061.3.peg.1709.site.17, 91, 133, 224
1118061.3.peg.1709.site.18, 1, 132, 133
1118061.3.peg.1709.site.19, 1, 144, 145
1118061.3.peg.1709.site.20, 8, 147, 155
1118061.3.peg.1709.site.21, 2, 146, 148
1118061.3.peg.1709.site.22, 0, 150, 150
1118061.3.peg.1709.site.23, 145, 150, 295
1118061.3.peg.1709.site.24, 28, 150, 178
1118061.3.peg.1709.site.25, 0, 148, 148
1118061.3.peg.1709.site.26, 38, 134, 172
1118061.3.peg.1709.site.27, 2, 144, 146
1118061.3.peg.1709.site.28, 0, 142, 142
1118061.3.peg.1709.site.29, 0, 143, 143
1118061.3.peg.1709.site.30, 29, 137, 166
1118061.3.peg.1709.site.31, 4, 142, 146
1118061.3.peg.1709.site.32, 139, 139, 278
1118061.3.peg.1709.site.33, 0, 128, 128
1118061.3.peg.1709.site.34, 126, 130, 256
1118061.3.peg.1709.site.35, 1, 114, 115
1118061.3.peg.1709.site.36, 46, 139, 185
1118061.3.peg.1708.site.1, 150, 150, 300
1118061.3.peg.1708.site.2, 13, 149, 162
1118061.3.peg.1708.site.3, 14, 147, 161
1118061.3.peg.1708.site.4, 13, 131, 144
1118061.3.peg.1708.site.5, 0, 129, 129
1118061.3.peg.1708.site.6, 0, 141, 141
1118061.3.peg.1708.site.7, 2, 148, 150
1118061.3.peg.1708.site.8, 2, 147, 149
1118061.3.peg.1708.site.9, 1, 136, 137
1118061.3.peg.1708.site.10, 0, 133, 133
1118061.3.peg.1708.site.11, 1, 150, 151
1118061.3.peg.1708.site.12, 0, 150, 150
1118061.3.peg.1708.site.13, 1, 149, 150
1118061.3.peg.1708.site.14, 149, 149, 298
1118061.3.peg.1708.site.15, 10, 146, 156
1118061.3.peg.1708.site.16, 0, 150, 150
1118061.3.peg.1708.site.17, 140, 140, 280
1118061.3.peg.1708.site.18, 3, 148, 151
1118061.3.peg.1708.site.19, 27, 148, 175
1118061.3.peg.1708.site.20, 0, 150, 150
1118061.3.peg.1708.site.21, 76, 149, 225
1118061.3.peg.1708.site.22, 1, 149, 150
1118061.3.peg.1708.site.23, 0, 149, 149
1118061.3.peg.1704.site.1, 30, 149, 179
1118061.3.peg.1704.site.2, 0, 150, 150
1118061.3.peg.1704.site.3, 2, 149, 151
1118061.3.peg.1704.site.4, 0, 149, 149
1118061.3.peg.1704.site.5, 3, 149, 152
1118061.3.peg.1704.site.6, 124, 147, 271
1118061.3.peg.1704.site.7, 1, 146, 147
1118061.3.peg.1704.site.8, 5, 148, 153
1118061.3.peg.1704.site.9, 0, 150, 150
1118061.3.peg.1704.site.10, 24, 149, 173
1118061.3.peg.1704.site.11, 8, 150, 158
1118061.3.peg.1704.site.12, 3, 150, 153
1118061.3.peg.1704.site.13, 15, 150, 165
1118061.3.peg.1704.site.14, 38, 150, 188
1118061.3.peg.1704.site.15, 0, 147, 147
1118061.3.peg.1704.site.16, 2, 148, 150
1118061.3.peg.1704.site.17, 0, 147, 147
1118061.3.peg.1704.site.18, 3, 150, 153
1118061.3.peg.1704.site.19, 0, 149, 149
1118061.3.peg.1704.site.20, 2, 149, 151
1118061.3.peg.1704.site.21, 3, 148, 151
1118061.3.peg.1704.site.22, 47, 149, 196
1118061.3.peg.1707.site.1, 5, 146, 151
1118061.3.peg.1707.site.2, 3, 145, 148
1118061.3.peg.1707.site.3, 4, 143, 147
1118061.3.peg.1707.site.4, 2, 144, 146
1118061.3.peg.1707.site.5, 82, 146, 228
1118061.3.peg.1707.site.6, 3, 141, 144
1118061.3.peg.1707.site.7, 31, 139, 170
1118061.3.peg.1707.site.8, 2, 143, 145
1118061.3.peg.1707.site.9, 149, 149, 298
1118061.3.peg.1707.site.10, 51, 148, 199
1118061.3.peg.1707.site.11, 145, 146, 291
1118061.3.peg.1707.site.12, 3, 145, 148
1118061.3.peg.1707.site.13, 3, 135, 138
1118061.3.peg.1707.site.14, 0, 140, 140
1118061.3.peg.1707.site.15, 141, 141, 282
1118061.3.peg.1707.site.16, 0, 141, 141
1118061.3.peg.1707.site.17, 3, 148, 151
1118061.3.peg.1707.site.18, 3, 146, 149
1118061.3.peg.1707.site.19, 3, 143, 146
1118061.3.peg.1707.site.20, 2, 130, 132
1118061.3.peg.1707.site.21, 27, 133, 160
1118061.3.peg.1707.site.22, 30, 133, 163
1118061.3.peg.1707.site.23, 50, 121, 171
1118061.3.peg.1707.site.24, 1, 135, 136
1118061.3.peg.1707.site.25, 95, 128, 223
1118061.3.peg.1707.site.26, 0, 139, 139
1118061.3.peg.1707.site.27, 1, 142, 143
1118061.3.peg.1707.site.28, 143, 144, 287
1118061.3.peg.1707.site.29, 2, 140, 142
1118061.3.peg.1707.site.30, 4, 145, 149
1118061.3.peg.1707.site.31, 3, 134, 137
1118061.3.peg.1707.site.32, 40, 130, 170
1118061.3.peg.1707.site.33, 2, 124, 126
1118061.3.peg.1707.site.34, 6, 132, 138
1118061.3.peg.1707.site.35, 2, 143, 145
1118061.3.peg.1707.site.36, 54, 144, 198
1118061.3.peg.1707.site.37, 0, 146, 146
1118061.3.peg.1706.site.1, 1, 141, 142
1118061.3.peg.1706.site.2, 79, 143, 222
1118061.3.peg.1706.site.3, 83, 147, 230
1118061.3.peg.1706.site.4, 3, 145, 148
1118061.3.peg.1706.site.5, 3, 142, 145
1118061.3.peg.1706.site.6, 3, 145, 148
1118061.3.peg.1706.site.7, 0, 148, 148
1118061.3.peg.1706.site.8, 0, 138, 138
1118061.3.peg.1706.site.9, 1, 144, 145
1118061.3.peg.1706.site.10, 3, 137, 140
1118061.3.peg.1706.site.11, 1, 123, 124
1118061.3.peg.1706.site.12, 2, 122, 124
1118061.3.peg.1706.site.13, 1, 141, 142
1118061.3.peg.1706.site.14, 5, 146, 151
1118061.3.peg.1706.site.15, 146, 146, 292
1118061.3.peg.1706.site.16, 0, 144, 144
1118061.3.peg.1706.site.17, 2, 131, 133
1118061.3.peg.1706.site.18, 0, 132, 132
1118061.3.peg.1706.site.19, 3, 138, 141
1118061.3.peg.1706.site.20, 0, 140, 140
1118061.3.peg.1706.site.21, 3, 142, 145
1118061.3.peg.1706.site.22, 2, 141, 143
1118061.3.peg.1706.site.23, 8, 145, 153
1118061.3.peg.1706.site.24, 0, 144, 144
1118061.3.peg.1703.site.1, 0, 150, 150
1118061.3.peg.1703.site.2, 60, 147, 207
1118061.3.peg.1703.site.3, 3, 150, 153
1118061.3.peg.1703.site.4, 46, 149, 195
1118061.3.peg.1703.site.5, 8, 148, 156
1118061.3.peg.1703.site.6, 10, 146, 156
1118061.3.peg.1703.site.7, 6, 146, 152
1118061.3.peg.1703.site.8, 1, 117, 118
1118061.3.peg.1703.site.9, 6, 133, 139
1118061.3.peg.1703.site.10, 68, 143, 211
1118061.3.peg.1703.site.11, 0, 145, 145
1118061.3.peg.1703.site.12, 36, 146, 182
1118061.3.peg.1703.site.13, 13, 143, 156
1118061.3.peg.1702.site.1, 6, 16, 22
1118061.3.peg.1702.site.2, 0, 127, 127
1118061.3.peg.1702.site.3, 2, 150, 152
1118061.3.peg.1702.site.4, 54, 146, 200
1118061.3.peg.1702.site.5, 10, 141, 151
1118061.3.peg.1702.site.6, 9, 140, 149
1118061.3.peg.1702.site.7, 64, 121, 185
1118061.3.peg.1702.site.8, 3, 131, 134
1118061.3.peg.1702.site.9, 0, 141, 141
1118061.3.peg.1631.site.1, 13, 144, 157
1118061.3.peg.1631.site.2, 31, 137, 168
1118061.3.peg.1631.site.3, 10, 146, 156
1118061.3.peg.1631.site.4, 1, 125, 126
1118061.3.peg.1631.site.5, 25, 122, 147
1118061.3.peg.1631.site.6, 17, 127, 144
1118061.3.peg.1631.site.7, 1, 140, 141
1118061.3.peg.1631.site.8, 140, 140, 280
1118061.3.peg.1631.site.9, 23, 135, 158
1118061.3.peg.1631.site.10, 0, 139, 139
1118061.3.peg.1631.site.11, 77, 144, 221
1118061.3.peg.1631.site.12, 101, 144, 245
1118061.3.peg.1631.site.13, 0, 143, 143
1118061.3.peg.1631.site.14, 1, 142, 143
1118061.3.peg.1631.site.15, 30, 140, 170
1118061.3.peg.1631.site.16, 7, 137, 144
1118061.3.peg.1631.site.17, 59, 139, 198
1118061.3.peg.1631.site.18, 0, 145, 145
1118061.3.peg.1631.site.19, 84, 143, 227
1118061.3.peg.1631.site.20, 59, 145, 204
1118061.3.peg.1631.site.21, 12, 141, 153
1118061.3.peg.1631.site.22, 10, 148, 158
1118061.3.peg.1631.site.23, 70, 147, 217
1118061.3.peg.1631.site.24, 0, 150, 150
1118061.3.peg.1631.site.25, 3, 145, 148
1118061.3.peg.1631.site.26, 116, 145, 261
1118061.3.peg.1631.site.27, 1, 145, 146
1118061.3.peg.1631.site.28, 0, 142, 142
1118061.3.peg.1631.site.29, 4, 150, 154
1118061.3.peg.1631.site.30, 16, 146, 162
1118061.3.peg.1631.site.31, 25, 127, 152
1118061.3.peg.1631.site.32, 21, 143, 164
1118061.3.peg.1631.site.33, 60, 146, 206
1118061.3.peg.1631.site.34, 1, 131, 132
1118061.3.peg.1631.site.35, 2, 137, 139
1118061.3.peg.1631.site.36, 20, 137, 157
1118061.3.peg.1631.site.37, 85, 128, 213
1118061.3.peg.1631.site.38, 1, 132, 133
1118061.3.peg.1631.site.39, 3, 134, 137
1118061.3.peg.1631.site.40, 1, 137, 138
1118061.3.peg.1631.site.41, 138, 138, 276
1118061.3.peg.1631.site.42, 2, 130, 132
1118061.3.peg.1631.site.43, 37, 134, 171
1118061.3.peg.1631.site.44, 26, 122, 148
1118061.3.peg.1631.site.45, 2, 138, 140
1118061.3.peg.1631.site.46, 126, 132, 258
1118061.3.peg.1631.site.47, 39, 147, 186
1118061.3.peg.1631.site.48, 0, 148, 148
1118061.3.peg.1631.site.49, 3, 147, 150
1118061.3.peg.1631.site.50, 0, 147, 147
1118061.3.peg.1630.site.1, 34, 150, 184
1118061.3.peg.1630.site.2, 19, 125, 144
1118061.3.peg.1630.site.3, 2, 114, 116
1118061.3.peg.1630.site.4, 13, 106, 119
1118061.3.peg.1630.site.5, 4, 149, 153
1118061.3.peg.1630.site.6, 0, 147, 147
1118061.3.peg.1630.site.7, 9, 147, 156
1118061.3.peg.1630.site.8, 55, 147, 202
1118061.3.peg.1630.site.9, 0, 149, 149
1118061.3.peg.1630.site.10, 17, 149, 166
1118061.3.peg.1630.site.11, 16, 148, 164
1118061.3.peg.1630.site.12, 87, 147, 234
1118061.3.peg.1630.site.13, 0, 148, 148
1118061.3.peg.1630.site.14, 2, 150, 152
1118061.3.peg.1630.site.15, 120, 149, 269
1118061.3.peg.1630.site.16, 7, 149, 156
1118061.3.peg.1630.site.17, 0, 149, 149
1118061.3.peg.1633.site.1, 0, 148, 148
1118061.3.peg.1633.site.2, 0, 149, 149
1118061.3.peg.1633.site.3, 54, 148, 202
1118061.3.peg.1633.site.4, 39, 149, 188
1118061.3.peg.1633.site.5, 45, 148, 193
1118061.3.peg.1633.site.6, 15, 149, 164
1118061.3.peg.1633.site.7, 67, 148, 215
1118061.3.peg.1633.site.8, 61, 150, 211
1118061.3.peg.1633.site.9, 2, 150, 152
1118061.3.peg.1633.site.10, 0, 148, 148
1118061.3.peg.1633.site.11, 2, 149, 151
1118061.3.peg.1633.site.12, 1, 150, 151
1118061.3.peg.1633.site.13, 2, 150, 152
1118061.3.peg.1632.site.1, 0, 147, 147
1118061.3.peg.1632.site.2, 1, 148, 149
1118061.3.peg.1632.site.3, 2, 139, 141
1118061.3.peg.1632.site.4, 92, 147, 239
1118061.3.peg.1632.site.5, 31, 135, 166
1118061.3.peg.1632.site.6, 4, 147, 151
1118061.3.peg.1632.site.7, 0, 146, 146
1118061.3.peg.1632.site.8, 2, 149, 151
1118061.3.peg.1632.site.9, 0, 148, 148
1118061.3.peg.1632.site.10, 34, 141, 175
1118061.3.peg.1632.site.11, 7, 141, 148
1118061.3.peg.1632.site.12, 26, 121, 147
1118061.3.peg.1632.site.13, 2, 148, 150
1118061.3.peg.1632.site.14, 2, 149, 151
1118061.3.peg.1632.site.15, 16, 148, 164
1118061.3.peg.1632.site.16, 2, 145, 147
1118061.3.peg.1632.site.17, 11, 143, 154
1118061.3.peg.1632.site.18, 0, 150, 150
1118061.3.peg.1632.site.19, 18, 146, 164
1118061.3.peg.1632.site.20, 3, 147, 150
1118061.3.peg.1632.site.21, 2, 145, 147
1118061.3.peg.1632.site.22, 1, 140, 141
1118061.3.peg.1632.site.23, 1, 142, 143
1118061.3.peg.1632.site.24, 0, 145, 145
1118061.3.peg.1632.site.25, 3, 150, 153
1118061.3.peg.1632.site.26, 0, 149, 149
1118061.3.peg.1632.site.27, 4, 148, 152
1118061.3.peg.1632.site.28, 7, 107, 114
1118061.3.peg.1632.site.29, 11, 72, 83
1118061.3.peg.1632.site.30, 141, 144, 285
1118061.3.peg.1632.site.31, 28, 134, 162
1118061.3.peg.1632.site.32, 12, 149, 161
1118061.3.peg.1635.site.1, 18, 145, 163
1118061.3.peg.1635.site.2, 15, 148, 163
1118061.3.peg.1635.site.3, 1, 144, 145
1118061.3.peg.1635.site.4, 143, 144, 287
1118061.3.peg.1635.site.5, 58, 147, 205
1118061.3.peg.1635.site.6, 1, 146, 147
1118061.3.peg.1634.site.1, 0, 150, 150
1118061.3.peg.1634.site.2, 16, 144, 160
1118061.3.peg.1634.site.3, 2, 134, 136
1118061.3.peg.1634.site.4, 2, 139, 141
1118061.3.peg.1634.site.5, 3, 149, 152
1118061.3.peg.1634.site.6, 142, 149, 291
1118061.3.peg.1634.site.7, 19, 148, 167
1118061.3.peg.1634.site.8, 21, 149, 170
1118061.3.peg.1634.site.9, 44, 149, 193
1118061.3.peg.1634.site.10, 2, 148, 150
1118061.3.peg.1634.site.11, 72, 145, 217
1118061.3.peg.1634.site.12, 5, 141, 146
1118061.3.peg.1634.site.13, 62, 117, 179
1118061.3.peg.1634.site.14, 57, 112, 169
1118061.3.peg.1634.site.15, 35, 107, 142
1118061.3.peg.1634.site.16, 40, 94, 134
1118061.3.peg.1634.site.17, 34, 107, 141
1118061.3.peg.1634.site.18, 18, 149, 167
1118061.3.peg.1634.site.19, 0, 150, 150
1118061.3.peg.1634.site.20, 1, 150, 151
1118061.3.peg.1634.site.21, 0, 148, 148
1118061.3.peg.1634.site.22, 2, 143, 145
1118061.3.peg.1634.site.23, 148, 148, 296
1118061.3.peg.1634.site.24, 0, 146, 146
1118061.3.peg.1634.site.25, 25, 145, 170
1118061.3.peg.1634.site.26, 0, 148, 148
1118061.3.peg.1634.site.27, 1, 149, 150
1118061.3.peg.1634.site.28, 0, 150, 150
1118061.3.peg.1634.site.29, 3, 148, 151
1118061.3.peg.1634.site.30, 1, 144, 145
1118061.3.peg.1634.site.31, 114, 133, 247
1118061.3.peg.1634.site.32, 2, 123, 125
1118061.3.peg.1634.site.33, 63, 64, 127
1118061.3.peg.1634.site.34, 32, 48, 80
1118061.3.peg.1634.site.35, 17, 18, 35
1118061.3.peg.1634.site.36, 24, 25, 49
1118061.3.peg.1634.site.37, 20, 20, 40
1118061.3.peg.1634.site.38, 37, 38, 75
1118061.3.peg.1634.site.39, 80, 81, 161
1118061.3.peg.1634.site.40, 146, 147, 293
1118061.3.peg.1634.site.41, 147, 148, 295
1118061.3.peg.1634.site.42, 148, 149, 297
1118061.3.peg.1634.site.43, 1, 150, 151
1118061.3.peg.1634.site.44, 99, 150, 249
1118061.3.peg.1634.site.45, 0, 149, 149
1118061.3.peg.1634.site.46, 0, 150, 150
1118061.3.peg.1634.site.47, 2, 150, 152
1118061.3.peg.1634.site.48, 145, 149, 294
1118061.3.peg.1634.site.49, 47, 150, 197
1118061.3.peg.1637.site.1, 0, 150, 150
1118061.3.peg.1637.site.2, 3, 150, 153
1118061.3.peg.1637.site.3, 0, 150, 150
1118061.3.peg.1637.site.4, 0, 150, 150
1118061.3.peg.1637.site.5, 3, 150, 153
1118061.3.peg.1637.site.6, 3, 150, 153
1118061.3.peg.1637.site.7, 1, 149, 150
1118061.3.peg.1637.site.8, 0, 146, 146
1118061.3.peg.1637.site.9, 2, 143, 145
1118061.3.peg.1637.site.10, 1, 149, 150
1118061.3.peg.1637.site.11, 4, 143, 147
1118061.3.peg.1637.site.12, 0, 150, 150
1118061.3.peg.1637.site.13, 115, 146, 261
1118061.3.peg.1637.site.14, 1, 150, 151
1118061.3.peg.1637.site.15, 23, 147, 170
1118061.3.peg.1637.site.16, 1, 149, 150
1118061.3.peg.1637.site.17, 0, 147, 147
1118061.3.peg.1637.site.18, 17, 150, 167
1118061.3.peg.1637.site.19, 145, 150, 295
1118061.3.peg.1637.site.20, 2, 148, 150
1118061.3.peg.1637.site.21, 0, 148, 148
1118061.3.peg.1637.site.22, 12, 150, 162
1118061.3.peg.1637.site.23, 0, 150, 150
1118061.3.peg.1637.site.24, 0, 149, 149
1118061.3.peg.1637.site.25, 2, 150, 152
1118061.3.peg.1637.site.26, 4, 150, 154
1118061.3.peg.1637.site.27, 0, 150, 150
1118061.3.peg.1637.site.28, 2, 150, 152
1118061.3.peg.1637.site.29, 12, 149, 161
1118061.3.peg.1637.site.30, 22, 147, 169
1118061.3.peg.1637.site.31, 0, 140, 140
1118061.3.peg.1637.site.32, 136, 138, 274
1118061.3.peg.1637.site.33, 2, 139, 141
1118061.3.peg.1636.site.1, 46, 126, 172
1118061.3.peg.1636.site.2, 1, 147, 148
1118061.3.peg.1636.site.3, 0, 146, 146
1118061.3.peg.1636.site.4, 0, 147, 147
1118061.3.peg.1636.site.5, 52, 148, 200
1118061.3.peg.1636.site.6, 145, 145, 290
1118061.3.peg.1636.site.7, 53, 146, 199
1118061.3.peg.1636.site.8, 0, 150, 150
1118061.3.peg.1636.site.9, 1, 149, 150
1118061.3.peg.1636.site.10, 67, 150, 217
1118061.3.peg.1636.site.11, 3, 150, 153
1118061.3.peg.1636.site.12, 3, 150, 153
1118061.3.peg.1636.site.13, 4, 150, 154
1118061.3.peg.1636.site.14, 0, 150, 150
1118061.3.peg.1636.site.15, 25, 140, 165
1118061.3.peg.1636.site.16, 2, 142, 144
1118061.3.peg.1636.site.17, 1, 142, 143
1118061.3.peg.1636.site.18, 0, 142, 142
1118061.3.peg.1636.site.19, 1, 147, 148
1118061.3.peg.1636.site.20, 0, 150, 150
1118061.3.peg.1636.site.21, 65, 147, 212
1118061.3.peg.1636.site.22, 1, 150, 151
1118061.3.peg.1636.site.23, 12, 150, 162
1118061.3.peg.1636.site.24, 36, 149, 185
1118061.3.peg.1636.site.25, 27, 149, 176
1118061.3.peg.1636.site.26, 0, 143, 143
1118061.3.peg.1636.site.27, 13, 149, 162
1118061.3.peg.1636.site.28, 2, 150, 152
1118061.3.peg.1636.site.29, 43, 150, 193
1118061.3.peg.1636.site.30, 0, 149, 149
1118061.3.peg.1636.site.31, 0, 144, 144
1118061.3.peg.1636.site.32, 15, 149, 164
1118061.3.peg.1639.site.1, 149, 149, 298
1118061.3.peg.1639.site.2, 30, 147, 177
1118061.3.peg.1639.site.3, 0, 150, 150
1118061.3.peg.1639.site.4, 89, 149, 238
1118061.3.peg.1639.site.5, 71, 148, 219
1118061.3.peg.1639.site.6, 69, 149, 218
1118061.3.peg.1639.site.7, 1, 148, 149
1118061.3.peg.1639.site.8, 3, 146, 149
1118061.3.peg.1639.site.9, 11, 149, 160
1118061.3.peg.1639.site.10, 2, 149, 151
1118061.3.peg.1639.site.11, 4, 147, 151
1118061.3.peg.1639.site.12, 32, 147, 179
1118061.3.peg.1638.site.1, 7, 142, 149
1118061.3.peg.1638.site.2, 1, 128, 129
1118061.3.peg.1638.site.3, 61, 92, 153
1118061.3.peg.1638.site.4, 3, 97, 100
1118061.3.peg.1638.site.5, 5, 120, 125
1118061.3.peg.1638.site.6, 0, 131, 131
1118061.3.peg.1638.site.7, 0, 126, 126
1118061.3.peg.1638.site.8, 10, 125, 135
1118061.3.peg.1558.site.1, 1, 104, 105
1118061.3.peg.1558.site.2, 19, 103, 122
1118061.3.peg.1558.site.3, 58, 149, 207
1118061.3.peg.1558.site.4, 4, 150, 154
1118061.3.peg.1559.site.1, 0, 150, 150
1118061.3.peg.1559.site.2, 0, 148, 148
1118061.3.peg.1559.site.3, 146, 146, 292
1118061.3.peg.1559.site.4, 4, 146, 150
1118061.3.peg.1555.site.1, 0, 146, 146
1118061.3.peg.1555.site.2, 135, 143, 278
1118061.3.peg.1555.site.3, 16, 144, 160
1118061.3.peg.1555.site.4, 2, 144, 146
1118061.3.peg.1555.site.5, 2, 144, 146
1118061.3.peg.1555.site.6, 21, 141, 162
1118061.3.peg.1555.site.7, 0, 135, 135
1118061.3.peg.1555.site.8, 31, 138, 169
1118061.3.peg.1555.site.9, 32, 132, 164
1118061.3.peg.1555.site.10, 21, 145, 166
1118061.3.peg.1555.site.11, 9, 146, 155
1118061.3.peg.1555.site.12, 4, 120, 124
1118061.3.peg.1555.site.13, 55, 115, 170
1118061.3.peg.1555.site.14, 30, 136, 166
1118061.3.peg.1555.site.15, 81, 144, 225
1118061.3.peg.1555.site.16, 0, 150, 150
1118061.3.peg.1555.site.17, 16, 150, 166
1118061.3.peg.1555.site.18, 86, 149, 235
1118061.3.peg.1555.site.19, 0, 150, 150
1118061.3.peg.1556.site.1, 1, 150, 151
1118061.3.peg.1556.site.2, 0, 149, 149
1118061.3.peg.1556.site.3, 58, 148, 206
1118061.3.peg.1556.site.4, 1, 150, 151
1118061.3.peg.1556.site.5, 0, 149, 149
1118061.3.peg.1556.site.6, 0, 146, 146
1118061.3.peg.1556.site.7, 51, 144, 195
1118061.3.peg.1557.site.1, 107, 136, 243
1118061.3.peg.1557.site.2, 1, 135, 136
1118061.3.peg.1557.site.3, 2, 132, 134
1118061.3.peg.1557.site.4, 0, 119, 119
1118061.3.peg.1557.site.5, 2, 118, 120
1118061.3.peg.1557.site.6, 0, 119, 119
1118061.3.peg.1557.site.7, 43, 122, 165
1118061.3.peg.1557.site.8, 46, 147, 193
1118061.3.peg.1557.site.9, 6, 148, 154
1118061.3.peg.1557.site.10, 21, 145, 166
1118061.3.peg.1557.site.11, 0, 141, 141
1118061.3.peg.1557.site.12, 14, 118, 132
1118061.3.peg.1557.site.13, 0, 122, 122
1118061.3.peg.1557.site.14, 22, 126, 148
1118061.3.peg.1557.site.15, 15, 142, 157
1118061.3.peg.1557.site.16, 115, 145, 260
1118061.3.peg.1557.site.17, 1, 150, 151
1118061.3.peg.1557.site.18, 2, 147, 149
1118061.3.peg.1557.site.19, 1, 141, 142
1118061.3.peg.1557.site.20, 61, 145, 206
1118061.3.peg.1557.site.21, 24, 145, 169
1118061.3.peg.1557.site.22, 51, 147, 198
1118061.3.peg.1557.site.23, 27, 150, 177
1118061.3.peg.1557.site.24, 93, 147, 240
1118061.3.peg.1557.site.25, 138, 145, 283
1118061.3.peg.1557.site.26, 2, 149, 151
1118061.3.peg.1557.site.27, 0, 147, 147
1118061.3.peg.1557.site.28, 32, 125, 157
1118061.3.peg.1557.site.29, 3, 123, 126
1118061.3.peg.1557.site.30, 123, 130, 253
1118061.3.peg.1557.site.31, 1, 141, 142
1118061.3.peg.1557.site.32, 0, 133, 133
1118061.3.peg.1550.site.1, 4, 136, 140
1118061.3.peg.1550.site.2, 2, 150, 152
1118061.3.peg.1551.site.1, 37, 140, 177
1118061.3.peg.1551.site.2, 1, 149, 150
1118061.3.peg.1551.site.3, 0, 145, 145
1118061.3.peg.1551.site.4, 43, 138, 181
1118061.3.peg.1551.site.5, 0, 97, 97
1118061.3.peg.1551.site.6, 0, 88, 88
1118061.3.peg.1551.site.7, 1, 111, 112
1118061.3.peg.1552.site.1, 1, 131, 132
1118061.3.peg.1552.site.2, 1, 131, 132
1118061.3.peg.1552.site.3, 9, 11, 20
1118061.3.peg.1553.site.1, 149, 149, 298
1118061.3.peg.1553.site.2, 7, 150, 157
1118061.3.peg.1553.site.3, 16, 150, 166
1118061.3.peg.1553.site.4, 67, 150, 217
1118061.3.peg.1553.site.5, 4, 150, 154
1118061.3.peg.1553.site.6, 0, 150, 150
1118061.3.peg.1553.site.7, 3, 149, 152
1118061.3.peg.1553.site.8, 3, 149, 152
1118061.3.peg.866.site.1, 56, 150, 206
1118061.3.peg.866.site.2, 32, 149, 181
1118061.3.peg.866.site.3, 3, 150, 153
1118061.3.peg.866.site.4, 5, 149, 154
1118061.3.peg.866.site.5, 0, 148, 148
1118061.3.peg.866.site.6, 0, 150, 150
1118061.3.peg.866.site.7, 0, 149, 149
1118061.3.peg.866.site.8, 1, 147, 148
1118061.3.peg.866.site.9, 7, 145, 152
1118061.3.peg.866.site.10, 23, 141, 164
1118061.3.peg.866.site.11, 24, 144, 168
1118061.3.peg.866.site.12, 62, 147, 209
1118061.3.peg.866.site.13, 59, 134, 193
1118061.3.peg.866.site.14, 3, 148, 151
1118061.3.peg.866.site.15, 4, 149, 153
1118061.3.peg.866.site.16, 41, 149, 190
1118061.3.peg.866.site.17, 0, 135, 135
1118061.3.peg.867.site.1, 4, 147, 151
1118061.3.peg.867.site.2, 21, 133, 154
1118061.3.peg.867.site.3, 5, 148, 153
1118061.3.peg.867.site.4, 0, 150, 150
1118061.3.peg.867.site.5, 0, 150, 150
1118061.3.peg.867.site.6, 3, 150, 153
1118061.3.peg.867.site.7, 23, 146, 169
1118061.3.peg.867.site.8, 27, 149, 176
1118061.3.peg.867.site.9, 5, 150, 155
1118061.3.peg.867.site.10, 0, 149, 149
1118061.3.peg.867.site.11, 150, 150, 300
1118061.3.peg.867.site.12, 2, 150, 152
1118061.3.peg.867.site.13, 15, 148, 163
1118061.3.peg.867.site.14, 21, 150, 171
1118061.3.peg.867.site.15, 34, 149, 183
1118061.3.peg.867.site.16, 8, 149, 157
1118061.3.peg.867.site.17, 1, 150, 151
1118061.3.peg.867.site.18, 6, 150, 156
1118061.3.peg.867.site.19, 3, 150, 153
1118061.3.peg.867.site.20, 3, 150, 153
1118061.3.peg.867.site.21, 1, 150, 151
1118061.3.peg.867.site.22, 79, 150, 229
1118061.3.peg.867.site.23, 34, 148, 182
1118061.3.peg.867.site.24, 0, 122, 122
1118061.3.peg.867.site.25, 14, 52, 66
1118061.3.peg.867.site.26, 17, 58, 75
1118061.3.peg.867.site.27, 0, 42, 42
1118061.3.peg.867.site.28, 7, 22, 29
1118061.3.peg.867.site.29, 0, 31, 31
1118061.3.peg.867.site.30, 0, 24, 24
1118061.3.peg.867.site.31, 0, 53, 53
1118061.3.peg.867.site.32, 48, 115, 163
1118061.3.peg.864.site.1, 5, 131, 136
1118061.3.peg.864.site.2, 132, 141, 273
1118061.3.peg.864.site.3, 0, 143, 143
1118061.3.peg.864.site.4, 0, 136, 136
1118061.3.peg.864.site.5, 0, 132, 132
1118061.3.peg.864.site.6, 31, 135, 166
1118061.3.peg.864.site.7, 60, 147, 207
1118061.3.peg.864.site.8, 0, 146, 146
1118061.3.peg.864.site.9, 1, 146, 147
1118061.3.peg.864.site.10, 0, 145, 145
1118061.3.peg.864.site.11, 1, 148, 149
1118061.3.peg.864.site.12, 129, 145, 274
1118061.3.peg.864.site.13, 1, 147, 148
1118061.3.peg.864.site.14, 1, 148, 149
1118061.3.peg.864.site.15, 105, 146, 251
1118061.3.peg.864.site.16, 21, 141, 162
1118061.3.peg.864.site.17, 20, 144, 164
1118061.3.peg.864.site.18, 0, 146, 146
1118061.3.peg.864.site.19, 147, 147, 294
1118061.3.peg.865.site.1, 7, 148, 155
1118061.3.peg.865.site.2, 30, 148, 178
1118061.3.peg.865.site.3, 44, 148, 192
1118061.3.peg.865.site.4, 76, 149, 225
1118061.3.peg.865.site.5, 20, 148, 168
1118061.3.peg.865.site.6, 111, 150, 261
1118061.3.peg.862.site.1, 9, 124, 133
1118061.3.peg.862.site.2, 4, 145, 149
1118061.3.peg.862.site.3, 30, 149, 179
1118061.3.peg.862.site.4, 113, 143, 256
1118061.3.peg.862.site.5, 46, 149, 195
1118061.3.peg.862.site.6, 46, 147, 193
1118061.3.peg.862.site.7, 3, 145, 148
1118061.3.peg.862.site.8, 1, 148, 149
1118061.3.peg.862.site.9, 2, 140, 142
1118061.3.peg.862.site.10, 43, 140, 183
1118061.3.peg.862.site.11, 1, 120, 121
1118061.3.peg.862.site.12, 3, 135, 138
1118061.3.peg.862.site.13, 1, 141, 142
1118061.3.peg.862.site.14, 127, 149, 276
1118061.3.peg.862.site.15, 3, 150, 153
1118061.3.peg.863.site.1, 107, 117, 224
1118061.3.peg.863.site.2, 16, 127, 143
1118061.3.peg.863.site.3, 75, 129, 204
1118061.3.peg.863.site.4, 146, 146, 292
1118061.3.peg.863.site.5, 35, 146, 181
1118061.3.peg.863.site.6, 0, 143, 143
1118061.3.peg.863.site.7, 76, 148, 224
1118061.3.peg.863.site.8, 113, 150, 263
1118061.3.peg.863.site.9, 20, 150, 170
1118061.3.peg.863.site.10, 59, 150, 209
1118061.3.peg.863.site.11, 51, 147, 198
1118061.3.peg.863.site.12, 16, 144, 160
1118061.3.peg.863.site.13, 2, 145, 147
1118061.3.peg.863.site.14, 150, 150, 300
1118061.3.peg.863.site.15, 146, 146, 292
1118061.3.peg.863.site.16, 20, 149, 169
1118061.3.peg.863.site.17, 0, 146, 146
1118061.3.peg.863.site.18, 2, 140, 142
1118061.3.peg.863.site.19, 2, 144, 146
1118061.3.peg.863.site.20, 1, 147, 148
1118061.3.peg.863.site.21, 143, 143, 286
1118061.3.peg.650.site.1, 17, 146, 163
1118061.3.peg.650.site.2, 0, 149, 149
1118061.3.peg.650.site.3, 0, 149, 149
1118061.3.peg.650.site.4, 3, 150, 153
1118061.3.peg.650.site.5, 91, 144, 235
1118061.3.peg.650.site.6, 42, 144, 186
1118061.3.peg.650.site.7, 59, 144, 203
1118061.3.peg.650.site.8, 47, 141, 188
1118061.3.peg.650.site.9, 2, 147, 149
1118061.3.peg.650.site.10, 13, 148, 161
1118061.3.peg.650.site.11, 13, 148, 161
1118061.3.peg.650.site.12, 19, 150, 169
1118061.3.peg.650.site.13, 7, 150, 157
1118061.3.peg.650.site.14, 18, 149, 167
1118061.3.peg.650.site.15, 18, 148, 166
1118061.3.peg.650.site.16, 0, 148, 148
1118061.3.peg.650.site.17, 1, 149, 150
1118061.3.peg.650.site.18, 52, 150, 202
1118061.3.peg.650.site.19, 1, 149, 150
1118061.3.peg.650.site.20, 19, 150, 169
1118061.3.peg.650.site.21, 57, 150, 207
1118061.3.peg.650.site.22, 28, 150, 178
1118061.3.peg.650.site.23, 15, 146, 161
1118061.3.peg.650.site.24, 147, 147, 294
1118061.3.peg.650.site.25, 7, 149, 156
1118061.3.peg.650.site.26, 18, 149, 167
1118061.3.peg.650.site.27, 0, 149, 149
1118061.3.peg.650.site.28, 7, 148, 155
1118061.3.peg.650.site.29, 1, 149, 150
1118061.3.peg.650.site.30, 0, 146, 146
1118061.3.peg.650.site.31, 122, 144, 266
1118061.3.peg.650.site.32, 1, 148, 149
1118061.3.peg.650.site.33, 45, 149, 194
1118061.3.peg.650.site.34, 1, 149, 150
1118061.3.peg.650.site.35, 2, 146, 148
1118061.3.peg.650.site.36, 18, 85, 103
1118061.3.peg.650.site.37, 125, 149, 274
1118061.3.peg.650.site.38, 2, 150, 152
1118061.3.peg.650.site.39, 66, 147, 213
1118061.3.peg.650.site.40, 2, 146, 148
1118061.3.peg.650.site.41, 39, 144, 183
1118061.3.peg.650.site.42, 133, 145, 278
1118061.3.peg.650.site.43, 1, 141, 142
1118061.3.peg.653.site.1, 0, 150, 150
1118061.3.peg.653.site.2, 1, 149, 150
1118061.3.peg.653.site.3, 4, 150, 154
1118061.3.peg.653.site.4, 19, 150, 169
1118061.3.peg.653.site.5, 2, 150, 152
1118061.3.peg.653.site.6, 8, 150, 158
1118061.3.peg.868.site.1, 8, 147, 155
1118061.3.peg.868.site.2, 3, 147, 150
1118061.3.peg.868.site.3, 139, 149, 288
1118061.3.peg.868.site.4, 3, 147, 150
1118061.3.peg.868.site.5, 10, 149, 159
1118061.3.peg.868.site.6, 8, 149, 157
1118061.3.peg.868.site.7, 43, 148, 191
1118061.3.peg.868.site.8, 44, 149, 193
1118061.3.peg.868.site.9, 0, 150, 150
1118061.3.peg.868.site.10, 3, 143, 146
1118061.3.peg.868.site.11, 3, 143, 146
1118061.3.peg.868.site.12, 123, 142, 265
1118061.3.peg.869.site.1, 0, 62, 62
1118061.3.peg.869.site.2, 0, 124, 124
1118061.3.peg.869.site.3, 3, 131, 134
1118061.3.peg.869.site.4, 0, 134, 134
1118061.3.peg.869.site.5, 0, 133, 133
1118061.3.peg.869.site.6, 0, 138, 138
1118061.3.peg.869.site.7, 15, 133, 148
1118061.3.peg.869.site.8, 18, 133, 151
1118061.3.peg.869.site.9, 68, 126, 194
1118061.3.peg.869.site.10, 1, 120, 121
1118061.3.peg.869.site.11, 0, 134, 134
1118061.3.peg.869.site.12, 42, 108, 150
1118061.3.peg.869.site.13, 41, 143, 184
1118061.3.peg.2739.site.1, 0, 147, 147
1118061.3.peg.2739.site.2, 1, 149, 150
1118061.3.peg.2738.site.1, 57, 150, 207
1118061.3.peg.2738.site.2, 2, 149, 151
1118061.3.peg.2738.site.3, 38, 150, 188
1118061.3.peg.2738.site.4, 0, 150, 150
1118061.3.peg.2738.site.5, 91, 150, 241
1118061.3.peg.2738.site.6, 7, 150, 157
1118061.3.peg.2738.site.7, 0, 150, 150
1118061.3.peg.2738.site.8, 0, 150, 150
1118061.3.peg.2738.site.9, 0, 150, 150
1118061.3.peg.2738.site.10, 0, 147, 147
1118061.3.peg.2738.site.11, 99, 148, 247
1118061.3.peg.2738.site.12, 1, 146, 147
1118061.3.peg.2738.site.13, 1, 127, 128
1118061.3.peg.2738.site.14, 0, 150, 150
1118061.3.peg.2738.site.15, 3, 150, 153
1118061.3.peg.652.site.1, 0, 147, 147
1118061.3.peg.652.site.2, 1, 148, 149
1118061.3.peg.652.site.3, 51, 149, 200
1118061.3.peg.2731.site.1, 149, 149, 298
1118061.3.peg.2731.site.2, 0, 148, 148
1118061.3.peg.2731.site.3, 5, 148, 153
1118061.3.peg.2731.site.4, 2, 147, 149
1118061.3.peg.2731.site.5, 0, 149, 149
1118061.3.peg.2731.site.6, 0, 148, 148
1118061.3.peg.2731.site.7, 4, 146, 150
1118061.3.peg.2731.site.8, 49, 148, 197
1118061.3.peg.2731.site.9, 0, 144, 144
1118061.3.peg.2731.site.10, 3, 148, 151
1118061.3.peg.2731.site.11, 19, 148, 167
1118061.3.peg.2731.site.12, 18, 143, 161
1118061.3.peg.2731.site.13, 78, 131, 209
1118061.3.peg.2731.site.14, 0, 145, 145
1118061.3.peg.2731.site.15, 76, 147, 223
1118061.3.peg.2731.site.16, 28, 142, 170
1118061.3.peg.2731.site.17, 31, 136, 167
1118061.3.peg.655.site.1, 0, 150, 150
1118061.3.peg.655.site.2, 3, 150, 153
1118061.3.peg.2730.site.1, 1, 149, 150
1118061.3.peg.2730.site.2, 43, 101, 144
1118061.3.peg.2730.site.3, 1, 146, 147
1118061.3.peg.2730.site.4, 26, 148, 174
1118061.3.peg.2730.site.5, 32, 147, 179
1118061.3.peg.2730.site.6, 82, 136, 218
1118061.3.peg.2730.site.7, 136, 136, 272
1118061.3.peg.2730.site.8, 4, 135, 139
1118061.3.peg.2730.site.9, 3, 142, 145
1118061.3.peg.2730.site.10, 1, 150, 151
1118061.3.peg.2730.site.11, 36, 142, 178
1118061.3.peg.2730.site.12, 1, 146, 147
1118061.3.peg.2730.site.13, 15, 127, 142
1118061.3.peg.2730.site.14, 10, 115, 125
1118061.3.peg.2730.site.15, 0, 133, 133
1118061.3.peg.2730.site.16, 1, 124, 125
1118061.3.peg.2730.site.17, 4, 141, 145
1118061.3.peg.2730.site.18, 27, 133, 160
1118061.3.peg.2730.site.19, 15, 133, 148
1118061.3.peg.2732.site.1, 1, 150, 151
1118061.3.peg.2732.site.2, 11, 149, 160
1118061.3.peg.2732.site.3, 0, 150, 150
1118061.3.peg.2732.site.4, 14, 150, 164
1118061.3.peg.2732.site.5, 30, 150, 180
1118061.3.peg.2732.site.6, 7, 147, 154
1118061.3.peg.2732.site.7, 3, 147, 150
1118061.3.peg.2732.site.8, 1, 149, 150
1118061.3.peg.2732.site.9, 54, 149, 203
1118061.3.peg.2732.site.10, 1, 149, 150
1118061.3.peg.2732.site.11, 8, 149, 157
1118061.3.peg.2732.site.12, 43, 150, 193
1118061.3.peg.2732.site.13, 46, 150, 196
1118061.3.peg.2737.site.1, 3, 150, 153
1118061.3.peg.2737.site.2, 16, 149, 165
1118061.3.peg.2737.site.3, 0, 148, 148
1118061.3.peg.2737.site.4, 105, 148, 253
1118061.3.peg.2737.site.5, 26, 148, 174
1118061.3.peg.654.site.1, 2, 144, 146
1118061.3.peg.654.site.2, 63, 144, 207
1118061.3.peg.654.site.3, 0, 148, 148
1118061.3.peg.654.site.4, 79, 147, 226
1118061.3.peg.654.site.5, 19, 145, 164
1118061.3.peg.654.site.6, 21, 145, 166
1118061.3.peg.654.site.7, 0, 148, 148
1118061.3.peg.654.site.8, 51, 149, 200
1118061.3.peg.657.site.1, 3, 150, 153
1118061.3.peg.657.site.2, 149, 149, 298
1118061.3.peg.657.site.3, 3, 150, 153
1118061.3.peg.657.site.4, 2, 150, 152
1118061.3.peg.657.site.5, 56, 149, 205
1118061.3.peg.657.site.6, 2, 150, 152
1118061.3.peg.657.site.7, 3, 150, 153
1118061.3.peg.657.site.8, 26, 149, 175
1118061.3.peg.657.site.9, 88, 150, 238
1118061.3.peg.304.site.1, 0, 150, 150
1118061.3.peg.304.site.2, 0, 150, 150
1118061.3.peg.304.site.3, 5, 148, 153
1118061.3.peg.304.site.4, 0, 149, 149
1118061.3.peg.304.site.5, 64, 148, 212
1118061.3.peg.304.site.6, 1, 148, 149
1118061.3.peg.304.site.7, 87, 148, 235
1118061.3.peg.304.site.8, 86, 147, 233
1118061.3.peg.304.site.9, 2, 148, 150
1118061.3.peg.304.site.10, 2, 149, 151
1118061.3.peg.304.site.11, 4, 147, 151
1118061.3.peg.304.site.12, 145, 149, 294
1118061.3.peg.304.site.13, 84, 149, 233
1118061.3.peg.304.site.14, 2, 150, 152
1118061.3.peg.304.site.15, 0, 149, 149
1118061.3.peg.304.site.16, 80, 149, 229
1118061.3.peg.304.site.17, 2, 148, 150
1118061.3.peg.304.site.18, 0, 150, 150
1118061.3.peg.304.site.19, 1, 148, 149
1118061.3.peg.304.site.20, 71, 147, 218
1118061.3.peg.29.site.1, 63, 147, 210
1118061.3.peg.29.site.2, 1, 144, 145
1118061.3.peg.29.site.3, 3, 148, 151
1118061.3.peg.29.site.4, 13, 147, 160
1118061.3.peg.29.site.5, 73, 147, 220
1118061.3.peg.29.site.6, 13, 147, 160
1118061.3.peg.29.site.7, 143, 147, 290
1118061.3.peg.29.site.8, 97, 147, 244
1118061.3.peg.29.site.9, 1, 148, 149
1118061.3.peg.28.site.1, 1, 148, 149
1118061.3.peg.28.site.2, 44, 144, 188
1118061.3.peg.28.site.3, 2, 148, 150
1118061.3.peg.28.site.4, 2, 146, 148
1118061.3.peg.28.site.5, 1, 135, 136
1118061.3.peg.28.site.6, 4, 128, 132
1118061.3.peg.28.site.7, 6, 110, 116
1118061.3.peg.28.site.8, 23, 124, 147
1118061.3.peg.28.site.9, 2, 140, 142
1118061.3.peg.28.site.10, 1, 145, 146
1118061.3.peg.28.site.11, 14, 148, 162
1118061.3.peg.21.site.1, 45, 149, 194
1118061.3.peg.21.site.2, 142, 145, 287
1118061.3.peg.21.site.3, 19, 150, 169
1118061.3.peg.21.site.4, 26, 150, 176
1118061.3.peg.21.site.5, 1, 150, 151
1118061.3.peg.21.site.6, 9, 149, 158
1118061.3.peg.21.site.7, 3, 147, 150
1118061.3.peg.21.site.8, 0, 147, 147
1118061.3.peg.21.site.9, 79, 143, 222
1118061.3.peg.21.site.10, 67, 140, 207
1118061.3.peg.21.site.11, 0, 143, 143
1118061.3.peg.21.site.12, 0, 145, 145
1118061.3.peg.21.site.13, 2, 139, 141
1118061.3.peg.21.site.14, 140, 141, 281
1118061.3.peg.21.site.15, 0, 133, 133
1118061.3.peg.21.site.16, 0, 146, 146
1118061.3.peg.21.site.17, 0, 149, 149
1118061.3.peg.20.site.1, 136, 146, 282
1118061.3.peg.23.site.1, 3, 149, 152
1118061.3.peg.22.site.1, 3, 147, 150
1118061.3.peg.25.site.1, 2, 139, 141
1118061.3.peg.25.site.2, 1, 123, 124
1118061.3.peg.25.site.3, 3, 124, 127
1118061.3.peg.25.site.4, 30, 124, 154
1118061.3.peg.25.site.5, 28, 140, 168
1118061.3.peg.24.site.1, 5, 148, 153
1118061.3.peg.24.site.2, 1, 148, 149
1118061.3.peg.24.site.3, 0, 140, 140
1118061.3.peg.24.site.4, 2, 150, 152
1118061.3.peg.24.site.5, 1, 150, 151
1118061.3.peg.24.site.6, 73, 149, 222
1118061.3.peg.24.site.7, 150, 150, 300
1118061.3.peg.24.site.8, 88, 147, 235
1118061.3.peg.24.site.9, 123, 143, 266
1118061.3.peg.24.site.10, 123, 142, 265
1118061.3.peg.24.site.11, 2, 10, 12
1118061.3.peg.24.site.12, 25, 26, 51
1118061.3.peg.24.site.13, 1, 150, 151
1118061.3.peg.24.site.14, 51, 150, 201
1118061.3.peg.24.site.15, 3, 150, 153
1118061.3.peg.24.site.16, 0, 147, 147
1118061.3.peg.24.site.17, 3, 147, 150
1118061.3.peg.24.site.18, 1, 150, 151
1118061.3.peg.24.site.19, 2, 91, 93
1118061.3.peg.27.site.1, 3, 101, 104
1118061.3.peg.27.site.2, 1, 105, 106
1118061.3.peg.27.site.3, 34, 117, 151
1118061.3.peg.27.site.4, 1, 105, 106
1118061.3.peg.27.site.5, 3, 128, 131
1118061.3.peg.27.site.6, 2, 127, 129
1118061.3.peg.27.site.7, 132, 137, 269
1118061.3.peg.27.site.8, 14, 147, 161
1118061.3.peg.27.site.9, 18, 147, 165
1118061.3.peg.27.site.10, 142, 145, 287
1118061.3.peg.27.site.11, 3, 140, 143
1118061.3.peg.27.site.12, 123, 123, 246
1118061.3.peg.27.site.13, 132, 135, 267
1118061.3.peg.27.site.14, 3, 141, 144
1118061.3.peg.27.site.15, 0, 134, 134
1118061.3.peg.27.site.16, 135, 141, 276
1118061.3.peg.27.site.17, 4, 138, 142
1118061.3.peg.27.site.18, 23, 137, 160
1118061.3.peg.27.site.19, 8, 140, 148
1118061.3.peg.27.site.20, 17, 140, 157
1118061.3.peg.27.site.21, 91, 138, 229
1118061.3.peg.27.site.22, 66, 145, 211
1118061.3.peg.27.site.23, 2, 133, 135
1118061.3.peg.27.site.24, 30, 142, 172
1118061.3.peg.27.site.25, 79, 143, 222
1118061.3.peg.27.site.26, 25, 144, 169
1118061.3.peg.27.site.27, 0, 147, 147
1118061.3.peg.27.site.28, 144, 148, 292
1118061.3.peg.27.site.29, 16, 148, 164
1118061.3.peg.27.site.30, 51, 135, 186
1118061.3.peg.26.site.1, 4, 150, 154
1118061.3.peg.26.site.2, 105, 146, 251
1118061.3.peg.26.site.3, 3, 143, 146
1118061.3.peg.26.site.4, 3, 144, 147
1118061.3.peg.26.site.5, 1, 146, 147
1118061.3.peg.26.site.6, 0, 147, 147
1118061.3.peg.26.site.7, 0, 146, 146
1118061.3.peg.26.site.8, 0, 146, 146
1118061.3.peg.26.site.9, 100, 146, 246
1118061.3.peg.26.site.10, 1, 146, 147
1118061.3.peg.26.site.11, 1, 143, 144
1118061.3.peg.26.site.12, 12, 139, 151
1118061.3.peg.26.site.13, 3, 139, 142
1118061.3.peg.26.site.14, 2, 141, 143
1118061.3.peg.26.site.15, 1, 130, 131
1118061.3.peg.26.site.16, 2, 149, 151
1118061.3.peg.26.site.17, 104, 149, 253
1118061.3.peg.26.site.18, 17, 149, 166
1118061.3.peg.26.site.19, 149, 149, 298
1118061.3.peg.26.site.20, 0, 145, 145
1118061.3.peg.26.site.21, 0, 147, 147
1118061.3.peg.26.site.22, 39, 150, 189
1118061.3.peg.26.site.23, 1, 149, 150
1118061.3.peg.26.site.24, 86, 149, 235
1118061.3.peg.26.site.25, 40, 149, 189
1118061.3.peg.598.site.1, 1, 148, 149
1118061.3.peg.598.site.2, 0, 148, 148
1118061.3.peg.598.site.3, 12, 142, 154
1118061.3.peg.598.site.4, 44, 139, 183
1118061.3.peg.598.site.5, 85, 139, 224
1118061.3.peg.598.site.6, 36, 144, 180
1118061.3.peg.598.site.7, 2, 116, 118
1118061.3.peg.598.site.8, 130, 130, 260
1118061.3.peg.598.site.9, 28, 106, 134
1118061.3.peg.598.site.10, 1, 94, 95
1118061.3.peg.598.site.11, 30, 135, 165
1118061.3.peg.598.site.12, 99, 148, 247
1118061.3.peg.598.site.13, 0, 148, 148
1118061.3.peg.599.site.1, 53, 76, 129
1118061.3.peg.599.site.2, 6, 90, 96
1118061.3.peg.599.site.3, 11, 149, 160
1118061.3.peg.599.site.4, 0, 142, 142
1118061.3.peg.599.site.5, 125, 139, 264
1118061.3.peg.599.site.6, 143, 143, 286
1118061.3.peg.599.site.7, 18, 134, 152
1118061.3.peg.599.site.8, 56, 102, 158
1118061.3.peg.599.site.9, 42, 81, 123
1118061.3.peg.599.site.10, 7, 84, 91
1118061.3.peg.599.site.11, 22, 122, 144
1118061.3.peg.599.site.12, 3, 141, 144
1118061.3.peg.596.site.1, 142, 142, 284
1118061.3.peg.596.site.2, 1, 62, 63
1118061.3.peg.596.site.3, 1, 51, 52
1118061.3.peg.596.site.4, 6, 23, 29
1118061.3.peg.596.site.5, 2, 43, 45
1118061.3.peg.596.site.6, 1, 69, 70
1118061.3.peg.597.site.1, 36, 149, 185
1118061.3.peg.597.site.2, 0, 149, 149
1118061.3.peg.597.site.3, 19, 147, 166
1118061.3.peg.597.site.4, 99, 149, 248
1118061.3.peg.597.site.5, 3, 149, 152
1118061.3.peg.597.site.6, 3, 147, 150
1118061.3.peg.597.site.7, 0, 146, 146
1118061.3.peg.597.site.8, 0, 144, 144
1118061.3.peg.597.site.9, 0, 143, 143
1118061.3.peg.594.site.1, 2, 140, 142
1118061.3.peg.594.site.2, 0, 142, 142
1118061.3.peg.594.site.3, 14, 141, 155
1118061.3.peg.594.site.4, 2, 140, 142
1118061.3.peg.594.site.5, 10, 136, 146
1118061.3.peg.594.site.6, 14, 139, 153
1118061.3.peg.594.site.7, 140, 140, 280
1118061.3.peg.594.site.8, 0, 136, 136
1118061.3.peg.594.site.9, 0, 138, 138
1118061.3.peg.594.site.10, 21, 135, 156
1118061.3.peg.594.site.11, 30, 137, 167
1118061.3.peg.594.site.12, 68, 140, 208
1118061.3.peg.594.site.13, 3, 139, 142
1118061.3.peg.594.site.14, 117, 119, 236
1118061.3.peg.594.site.15, 19, 140, 159
1118061.3.peg.594.site.16, 53, 141, 194
1118061.3.peg.594.site.17, 11, 125, 136
1118061.3.peg.594.site.18, 10, 127, 137
1118061.3.peg.594.site.19, 0, 119, 119
1118061.3.peg.594.site.20, 1, 127, 128
1118061.3.peg.594.site.21, 12, 140, 152
1118061.3.peg.594.site.22, 17, 141, 158
1118061.3.peg.594.site.23, 14, 142, 156
1118061.3.peg.594.site.24, 0, 141, 141
1118061.3.peg.594.site.25, 0, 140, 140
1118061.3.peg.594.site.26, 13, 121, 134
1118061.3.peg.594.site.27, 129, 129, 258
1118061.3.peg.594.site.28, 26, 129, 155
1118061.3.peg.594.site.29, 3, 127, 130
1118061.3.peg.595.site.1, 4, 150, 154
1118061.3.peg.595.site.2, 29, 150, 179
1118061.3.peg.595.site.3, 1, 150, 151
1118061.3.peg.595.site.4, 86, 149, 235
1118061.3.peg.595.site.5, 60, 148, 208
1118061.3.peg.595.site.6, 137, 146, 283
1118061.3.peg.595.site.7, 63, 148, 211
1118061.3.peg.595.site.8, 0, 149, 149
1118061.3.peg.595.site.9, 102, 148, 250
1118061.3.peg.595.site.10, 31, 149, 180
1118061.3.peg.595.site.11, 28, 145, 173
1118061.3.peg.595.site.12, 142, 142, 284
1118061.3.peg.595.site.13, 31, 150, 181
1118061.3.peg.592.site.1, 41, 115, 156
1118061.3.peg.592.site.2, 21, 121, 142
1118061.3.peg.592.site.3, 33, 124, 157
1118061.3.peg.592.site.4, 49, 124, 173
1118061.3.peg.592.site.5, 3, 139, 142
1118061.3.peg.592.site.6, 1, 139, 140
1118061.3.peg.592.site.7, 15, 139, 154
1118061.3.peg.592.site.8, 0, 146, 146
1118061.3.peg.592.site.9, 8, 149, 157
1118061.3.peg.592.site.10, 0, 148, 148
1118061.3.peg.592.site.11, 6, 143, 149
1118061.3.peg.592.site.12, 74, 129, 203
1118061.3.peg.592.site.13, 18, 150, 168
1118061.3.peg.592.site.14, 0, 148, 148
1118061.3.peg.2733.site.1, 45, 105, 150
1118061.3.peg.2733.site.2, 28, 89, 117
1118061.3.peg.2733.site.3, 48, 129, 177
1118061.3.peg.2733.site.4, 0, 139, 139
1118061.3.peg.590.site.1, 6, 148, 154
1118061.3.peg.590.site.2, 61, 103, 164
1118061.3.peg.590.site.3, 6, 149, 155
1118061.3.peg.590.site.4, 0, 147, 147
1118061.3.peg.590.site.5, 8, 150, 158
1118061.3.peg.591.site.1, 1, 150, 151
1118061.3.peg.591.site.2, 0, 149, 149
1118061.3.peg.591.site.3, 0, 149, 149
1118061.3.peg.591.site.4, 4, 150, 154
1118061.3.peg.591.site.5, 2, 150, 152
1118061.3.peg.591.site.6, 150, 150, 300
1118061.3.peg.591.site.7, 0, 148, 148
1118061.3.peg.591.site.8, 1, 149, 150
1118061.3.peg.591.site.9, 9, 146, 155
1118061.3.peg.591.site.10, 3, 145, 148
1118061.3.peg.591.site.11, 13, 148, 161
1118061.3.peg.591.site.12, 4, 147, 151
1118061.3.peg.591.site.13, 2, 149, 151
1118061.3.peg.591.site.14, 0, 149, 149
1118061.3.peg.591.site.15, 4, 146, 150
1118061.3.peg.591.site.16, 19, 144, 163
1118061.3.peg.591.site.17, 80, 145, 225
1118061.3.peg.468.site.1, 2, 146, 148
1118061.3.peg.468.site.2, 135, 149, 284
1118061.3.peg.468.site.3, 122, 150, 272
1118061.3.peg.468.site.4, 122, 150, 272
1118061.3.peg.468.site.5, 17, 148, 165
1118061.3.peg.468.site.6, 25, 142, 167
1118061.3.peg.468.site.7, 2, 144, 146
1118061.3.peg.468.site.8, 54, 144, 198
1118061.3.peg.468.site.9, 9, 148, 157
1118061.3.peg.468.site.10, 1, 147, 148
1118061.3.peg.468.site.11, 1, 144, 145
1118061.3.peg.468.site.12, 28, 139, 167
1118061.3.peg.468.site.13, 100, 124, 224
1118061.3.peg.468.site.14, 0, 125, 125
1118061.3.peg.468.site.15, 31, 119, 150
1118061.3.peg.468.site.16, 11, 134, 145
1118061.3.peg.468.site.17, 33, 150, 183
1118061.3.peg.468.site.18, 28, 149, 177
1118061.3.peg.468.site.19, 98, 148, 246
1118061.3.peg.468.site.20, 2, 148, 150
1118061.3.peg.469.site.1, 149, 149, 298
1118061.3.peg.469.site.2, 145, 149, 294
1118061.3.peg.469.site.3, 3, 149, 152
1118061.3.peg.469.site.4, 58, 148, 206
1118061.3.peg.469.site.5, 4, 150, 154
1118061.3.peg.462.site.1, 1, 150, 151
1118061.3.peg.462.site.2, 13, 150, 163
1118061.3.peg.462.site.3, 78, 149, 227
1118061.3.peg.462.site.4, 77, 148, 225
1118061.3.peg.462.site.5, 82, 149, 231
1118061.3.peg.462.site.6, 88, 150, 238
1118061.3.peg.462.site.7, 0, 150, 150
1118061.3.peg.462.site.8, 6, 148, 154
1118061.3.peg.462.site.9, 134, 145, 279
1118061.3.peg.462.site.10, 71, 144, 215
1118061.3.peg.462.site.11, 76, 137, 213
1118061.3.peg.462.site.12, 78, 140, 218
1118061.3.peg.462.site.13, 78, 144, 222
1118061.3.peg.462.site.14, 26, 148, 174
1118061.3.peg.462.site.15, 0, 148, 148
1118061.3.peg.462.site.16, 125, 147, 272
1118061.3.peg.462.site.17, 2, 149, 151
1118061.3.peg.462.site.18, 16, 149, 165
1118061.3.peg.462.site.19, 83, 149, 232
1118061.3.peg.462.site.20, 89, 150, 239
1118061.3.peg.462.site.21, 47, 149, 196
1118061.3.peg.462.site.22, 1, 144, 145
1118061.3.peg.462.site.23, 4, 139, 143
1118061.3.peg.462.site.24, 45, 118, 163
1118061.3.peg.462.site.25, 0, 80, 80
1118061.3.peg.462.site.26, 3, 86, 89
1118061.3.peg.462.site.27, 1, 111, 112
1118061.3.peg.462.site.28, 1, 114, 115
1118061.3.peg.462.site.29, 23, 119, 142
1118061.3.peg.460.site.1, 2, 146, 148
1118061.3.peg.460.site.2, 0, 139, 139
1118061.3.peg.460.site.3, 18, 143, 161
1118061.3.peg.460.site.4, 41, 148, 189
1118061.3.peg.460.site.5, 0, 149, 149
1118061.3.peg.460.site.6, 0, 150, 150
1118061.3.peg.460.site.7, 0, 150, 150
1118061.3.peg.460.site.8, 0, 149, 149
1118061.3.peg.460.site.9, 0, 146, 146
1118061.3.peg.460.site.10, 145, 149, 294
1118061.3.peg.460.site.11, 4, 147, 151
1118061.3.peg.460.site.12, 37, 145, 182
1118061.3.peg.460.site.13, 5, 148, 153
1118061.3.peg.461.site.1, 49, 148, 197
1118061.3.peg.461.site.2, 90, 149, 239
1118061.3.peg.461.site.3, 73, 150, 223
1118061.3.peg.461.site.4, 0, 150, 150
1118061.3.peg.461.site.5, 48, 150, 198
1118061.3.peg.461.site.6, 62, 149, 211
1118061.3.peg.461.site.7, 19, 148, 167
1118061.3.peg.461.site.8, 0, 148, 148
1118061.3.peg.461.site.9, 136, 149, 285
1118061.3.peg.466.site.1, 51, 149, 200
1118061.3.peg.466.site.2, 50, 149, 199
1118061.3.peg.466.site.3, 24, 150, 174
1118061.3.peg.466.site.4, 10, 150, 160
1118061.3.peg.466.site.5, 7, 150, 157
1118061.3.peg.466.site.6, 75, 149, 224
1118061.3.peg.466.site.7, 2, 150, 152
1118061.3.peg.466.site.8, 31, 147, 178
1118061.3.peg.466.site.9, 51, 147, 198
1118061.3.peg.466.site.10, 2, 147, 149
1118061.3.peg.466.site.11, 10, 147, 157
1118061.3.peg.466.site.12, 0, 149, 149
1118061.3.peg.466.site.13, 9, 148, 157
1118061.3.peg.466.site.14, 71, 146, 217
1118061.3.peg.466.site.15, 3, 150, 153
1118061.3.peg.466.site.16, 36, 150, 186
1118061.3.peg.466.site.17, 14, 150, 164
1118061.3.peg.466.site.18, 134, 149, 283
1118061.3.peg.467.site.1, 34, 123, 157
1118061.3.peg.467.site.2, 10, 141, 151
1118061.3.peg.467.site.3, 1, 138, 139
1118061.3.peg.467.site.4, 130, 145, 275
1118061.3.peg.467.site.5, 0, 148, 148
1118061.3.peg.467.site.6, 0, 149, 149
1118061.3.peg.467.site.7, 110, 138, 248
1118061.3.peg.467.site.8, 0, 141, 141
1118061.3.peg.467.site.9, 7, 137, 144
1118061.3.peg.464.site.1, 0, 146, 146
1118061.3.peg.464.site.2, 35, 145, 180
1118061.3.peg.464.site.3, 0, 150, 150
1118061.3.peg.464.site.4, 2, 140, 142
1118061.3.peg.464.site.5, 15, 144, 159
1118061.3.peg.464.site.6, 1, 148, 149
1118061.3.peg.464.site.7, 146, 146, 292
1118061.3.peg.465.site.1, 5, 146, 151
1118061.3.peg.465.site.2, 0, 139, 139
1118061.3.peg.465.site.3, 4, 146, 150
1118061.3.peg.465.site.4, 3, 149, 152
1118061.3.peg.465.site.5, 3, 150, 153
1118061.3.peg.465.site.6, 1, 150, 151
1118061.3.peg.465.site.7, 27, 148, 175
1118061.3.peg.465.site.8, 116, 148, 264
1118061.3.peg.465.site.9, 2, 145, 147
1118061.3.peg.465.site.10, 1, 148, 149
1118061.3.peg.465.site.11, 14, 147, 161
1118061.3.peg.465.site.12, 147, 147, 294
1118061.3.peg.465.site.13, 147, 147, 294
1118061.3.peg.465.site.14, 0, 147, 147
1118061.3.peg.465.site.15, 13, 146, 159
1118061.3.peg.465.site.16, 54, 146, 200
1118061.3.peg.465.site.17, 2, 145, 147
1118061.3.peg.465.site.18, 0, 142, 142
1118061.3.peg.465.site.19, 2, 144, 146
1118061.3.peg.465.site.20, 7, 142, 149
1118061.3.peg.465.site.21, 146, 146, 292
1118061.3.peg.465.site.22, 5, 144, 149
1118061.3.peg.465.site.23, 6, 145, 151
1118061.3.peg.465.site.24, 1, 144, 145
1118061.3.peg.918.site.1, 83, 150, 233
1118061.3.peg.918.site.2, 0, 149, 149
1118061.3.peg.918.site.3, 0, 147, 147
1118061.3.peg.918.site.4, 9, 145, 154
1118061.3.peg.918.site.5, 9, 126, 135
1118061.3.peg.918.site.6, 18, 144, 162
1118061.3.peg.918.site.7, 7, 148, 155
1118061.3.peg.918.site.8, 27, 140, 167
1118061.3.peg.918.site.9, 9, 147, 156
1118061.3.peg.918.site.10, 134, 147, 281
1118061.3.peg.918.site.11, 0, 149, 149
1118061.3.peg.919.site.1, 0, 149, 149
1118061.3.peg.919.site.2, 2, 145, 147
1118061.3.peg.268.site.1, 0, 129, 129
1118061.3.peg.268.site.2, 31, 139, 170
1118061.3.peg.268.site.3, 2, 134, 136
1118061.3.peg.268.site.4, 0, 139, 139
1118061.3.peg.268.site.5, 0, 142, 142
1118061.3.peg.268.site.6, 42, 139, 181
1118061.3.peg.268.site.7, 0, 138, 138
1118061.3.peg.268.site.8, 13, 139, 152
1118061.3.peg.268.site.9, 18, 139, 157
1118061.3.peg.268.site.10, 3, 143, 146
1118061.3.peg.268.site.11, 3, 145, 148
1118061.3.peg.268.site.12, 2, 144, 146
1118061.3.peg.268.site.13, 1, 141, 142
1118061.3.peg.268.site.14, 0, 144, 144
1118061.3.peg.268.site.15, 0, 150, 150
1118061.3.peg.269.site.1, 0, 150, 150
1118061.3.peg.269.site.2, 2, 150, 152
1118061.3.peg.269.site.3, 0, 149, 149
1118061.3.peg.269.site.4, 2, 150, 152
1118061.3.peg.269.site.5, 21, 142, 163
1118061.3.peg.269.site.6, 41, 144, 185
1118061.3.peg.269.site.7, 111, 146, 257
1118061.3.peg.269.site.8, 1, 147, 148
1118061.3.peg.269.site.9, 61, 140, 201
1118061.3.peg.269.site.10, 3, 144, 147
1118061.3.peg.269.site.11, 1, 145, 146
1118061.3.peg.269.site.12, 20, 144, 164
1118061.3.peg.269.site.13, 142, 145, 287
1118061.3.peg.269.site.14, 5, 143, 148
1118061.3.peg.269.site.15, 41, 146, 187
1118061.3.peg.269.site.16, 38, 146, 184
1118061.3.peg.269.site.17, 115, 141, 256
1118061.3.peg.269.site.18, 113, 137, 250
1118061.3.peg.269.site.19, 48, 133, 181
1118061.3.peg.269.site.20, 0, 148, 148
1118061.3.peg.269.site.21, 69, 128, 197
1118061.3.peg.269.site.22, 122, 139, 261
1118061.3.peg.269.site.23, 15, 125, 140
1118061.3.peg.269.site.24, 2, 143, 145
1118061.3.peg.269.site.25, 18, 143, 161
1118061.3.peg.269.site.26, 111, 147, 258
1118061.3.peg.269.site.27, 75, 145, 220
1118061.3.peg.269.site.28, 2, 144, 146
1118061.3.peg.269.site.29, 111, 117, 228
1118061.3.peg.269.site.30, 22, 113, 135
1118061.3.peg.269.site.31, 0, 113, 113
1118061.3.peg.269.site.32, 0, 124, 124
1118061.3.peg.269.site.33, 75, 150, 225
1118061.3.peg.269.site.34, 3, 147, 150
1118061.3.peg.269.site.35, 0, 149, 149
1118061.3.peg.269.site.36, 66, 146, 212
1118061.3.peg.269.site.37, 0, 149, 149
1118061.3.peg.269.site.38, 2, 143, 145
1118061.3.peg.269.site.39, 83, 138, 221
1118061.3.peg.269.site.40, 145, 145, 290
1118061.3.peg.269.site.41, 2, 146, 148
1118061.3.peg.269.site.42, 19, 148, 167
1118061.3.peg.269.site.43, 1, 148, 149
1118061.3.peg.269.site.44, 81, 149, 230
1118061.3.peg.269.site.45, 30, 149, 179
1118061.3.peg.269.site.46, 0, 149, 149
1118061.3.peg.269.site.47, 0, 146, 146
1118061.3.peg.269.site.48, 5, 122, 127
1118061.3.peg.264.site.1, 0, 138, 138
1118061.3.peg.264.site.2, 136, 141, 277
1118061.3.peg.264.site.3, 2, 144, 146
1118061.3.peg.264.site.4, 1, 147, 148
1118061.3.peg.264.site.5, 79, 145, 224
1118061.3.peg.264.site.6, 3, 146, 149
1118061.3.peg.264.site.7, 2, 148, 150
1118061.3.peg.264.site.8, 1, 149, 150
1118061.3.peg.264.site.9, 1, 150, 151
1118061.3.peg.264.site.10, 1, 149, 150
1118061.3.peg.264.site.11, 5, 148, 153
1118061.3.peg.264.site.12, 5, 150, 155
1118061.3.peg.264.site.13, 103, 150, 253
1118061.3.peg.264.site.14, 2, 148, 150
1118061.3.peg.264.site.15, 25, 135, 160
1118061.3.peg.264.site.16, 0, 149, 149
1118061.3.peg.264.site.17, 3, 150, 153
1118061.3.peg.264.site.18, 7, 150, 157
1118061.3.peg.264.site.19, 0, 150, 150
1118061.3.peg.264.site.20, 0, 149, 149
1118061.3.peg.264.site.21, 56, 149, 205
1118061.3.peg.264.site.22, 53, 150, 203
1118061.3.peg.264.site.23, 53, 150, 203
1118061.3.peg.264.site.24, 3, 149, 152
1118061.3.peg.913.site.1, 9, 150, 159
1118061.3.peg.266.site.1, 30, 132, 162
1118061.3.peg.266.site.2, 26, 140, 166
1118061.3.peg.266.site.3, 0, 140, 140
1118061.3.peg.266.site.4, 1, 147, 148
1118061.3.peg.266.site.5, 29, 148, 177
1118061.3.peg.266.site.6, 1, 150, 151
1118061.3.peg.266.site.7, 3, 149, 152
1118061.3.peg.266.site.8, 1, 149, 150
1118061.3.peg.266.site.9, 61, 149, 210
1118061.3.peg.266.site.10, 1, 148, 149
1118061.3.peg.266.site.11, 0, 146, 146
1118061.3.peg.266.site.12, 1, 144, 145
1118061.3.peg.266.site.13, 1, 144, 145
1118061.3.peg.266.site.14, 0, 127, 127
1118061.3.peg.266.site.15, 1, 138, 139
1118061.3.peg.266.site.16, 3, 147, 150
1118061.3.peg.266.site.17, 1, 149, 150
1118061.3.peg.266.site.18, 66, 147, 213
1118061.3.peg.267.site.1, 1, 149, 150
1118061.3.peg.267.site.2, 1, 148, 149
1118061.3.peg.267.site.3, 43, 144, 187
1118061.3.peg.267.site.4, 32, 136, 168
1118061.3.peg.267.site.5, 41, 140, 181
1118061.3.peg.267.site.6, 71, 142, 213
1118061.3.peg.267.site.7, 118, 142, 260
1118061.3.peg.267.site.8, 3, 140, 143
1118061.3.peg.267.site.9, 2, 143, 145
1118061.3.peg.267.site.10, 3, 146, 149
1118061.3.peg.267.site.11, 0, 141, 141
1118061.3.peg.267.site.12, 0, 147, 147
1118061.3.peg.267.site.13, 3, 145, 148
1118061.3.peg.267.site.14, 0, 134, 134
1118061.3.peg.267.site.15, 3, 148, 151
1118061.3.peg.267.site.16, 2, 149, 151
1118061.3.peg.267.site.17, 143, 149, 292
1118061.3.peg.267.site.18, 2, 148, 150
1118061.3.peg.267.site.19, 108, 150, 258
1118061.3.peg.267.site.20, 4, 148, 152
1118061.3.peg.267.site.21, 0, 142, 142
1118061.3.peg.916.site.1, 7, 147, 154
1118061.3.peg.916.site.2, 6, 134, 140
1118061.3.peg.916.site.3, 7, 133, 140
1118061.3.peg.916.site.4, 11, 139, 150
1118061.3.peg.916.site.5, 6, 148, 154
1118061.3.peg.916.site.6, 102, 148, 250
1118061.3.peg.916.site.7, 0, 147, 147
1118061.3.peg.916.site.8, 3, 149, 152
1118061.3.peg.916.site.9, 0, 149, 149
1118061.3.peg.916.site.10, 67, 148, 215
1118061.3.peg.916.site.11, 26, 148, 174
1118061.3.peg.916.site.12, 0, 144, 144
1118061.3.peg.916.site.13, 0, 148, 148
1118061.3.peg.916.site.14, 5, 144, 149
1118061.3.peg.261.site.1, 85, 149, 234
1118061.3.peg.261.site.2, 28, 148, 176
1118061.3.peg.261.site.3, 0, 150, 150
1118061.3.peg.261.site.4, 1, 148, 149
1118061.3.peg.261.site.5, 1, 149, 150
1118061.3.peg.261.site.6, 1, 139, 140
1118061.3.peg.261.site.7, 5, 127, 132
1118061.3.peg.261.site.8, 1, 138, 139
1118061.3.peg.261.site.9, 1, 143, 144
1118061.3.peg.261.site.10, 1, 149, 150
1118061.3.peg.261.site.11, 0, 147, 147
1118061.3.peg.261.site.12, 1, 141, 142
1118061.3.peg.261.site.13, 2, 146, 148
1118061.3.peg.261.site.14, 0, 145, 145
1118061.3.peg.261.site.15, 10, 145, 155
1118061.3.peg.261.site.16, 1, 147, 148
1118061.3.peg.261.site.17, 29, 147, 176
1118061.3.peg.261.site.18, 1, 147, 148
1118061.3.peg.261.site.19, 26, 144, 170
1118061.3.peg.261.site.20, 0, 147, 147
1118061.3.peg.261.site.21, 1, 144, 145
1118061.3.peg.261.site.22, 5, 146, 151
1118061.3.peg.261.site.23, 31, 146, 177
1118061.3.peg.262.site.1, 0, 149, 149
1118061.3.peg.262.site.2, 0, 150, 150
1118061.3.peg.262.site.3, 1, 147, 148
1118061.3.peg.262.site.4, 12, 150, 162
1118061.3.peg.262.site.5, 47, 150, 197
1118061.3.peg.262.site.6, 28, 146, 174
1118061.3.peg.262.site.7, 1, 147, 148
1118061.3.peg.262.site.8, 63, 145, 208
1118061.3.peg.262.site.9, 1, 143, 144
1118061.3.peg.262.site.10, 1, 142, 143
1118061.3.peg.262.site.11, 3, 145, 148
1118061.3.peg.262.site.12, 122, 147, 269
1118061.3.peg.263.site.1, 35, 150, 185
1118061.3.peg.263.site.2, 21, 147, 168
1118061.3.peg.263.site.3, 5, 146, 151
1118061.3.peg.263.site.4, 0, 149, 149
1118061.3.peg.263.site.5, 20, 148, 168
1118061.3.peg.263.site.6, 0, 148, 148
1118061.3.peg.263.site.7, 44, 149, 193
1118061.3.peg.263.site.8, 45, 149, 194
1118061.3.peg.263.site.9, 5, 150, 155
1118061.3.peg.263.site.10, 0, 146, 146
1118061.3.peg.263.site.11, 41, 135, 176
1118061.3.peg.263.site.12, 3, 142, 145
1118061.3.peg.263.site.13, 1, 147, 148
1118061.3.peg.263.site.14, 3, 149, 152
1118061.3.peg.263.site.15, 25, 148, 173
1118061.3.peg.263.site.16, 3, 149, 152
1118061.3.peg.263.site.17, 1, 145, 146
1118061.3.peg.263.site.18, 11, 146, 157
1118061.3.peg.263.site.19, 3, 145, 148
1118061.3.peg.2551.site.1, 100, 148, 248
1118061.3.peg.2551.site.2, 3, 146, 149
1118061.3.peg.2551.site.3, 3, 146, 149
1118061.3.peg.2551.site.4, 15, 142, 157
1118061.3.peg.2551.site.5, 95, 146, 241
1118061.3.peg.2551.site.6, 20, 148, 168
1118061.3.peg.2551.site.7, 7, 150, 157
1118061.3.peg.2551.site.8, 0, 150, 150
1118061.3.peg.2551.site.9, 0, 141, 141
1118061.3.peg.2551.site.10, 0, 147, 147
1118061.3.peg.2551.site.11, 0, 146, 146
1118061.3.peg.2551.site.12, 1, 143, 144
1118061.3.peg.2551.site.13, 77, 150, 227
1118061.3.peg.2551.site.14, 26, 150, 176
1118061.3.peg.2551.site.15, 8, 150, 158
1118061.3.peg.2551.site.16, 1, 150, 151
1118061.3.peg.2551.site.17, 3, 150, 153
1118061.3.peg.2551.site.18, 109, 150, 259
1118061.3.peg.2550.site.1, 0, 149, 149
1118061.3.peg.2550.site.2, 0, 150, 150
1118061.3.peg.2550.site.3, 81, 149, 230
1118061.3.peg.2550.site.4, 0, 149, 149
1118061.3.peg.2550.site.5, 0, 149, 149
1118061.3.peg.2550.site.6, 0, 150, 150
1118061.3.peg.2550.site.7, 0, 148, 148
1118061.3.peg.2550.site.8, 0, 148, 148
1118061.3.peg.2550.site.9, 0, 148, 148
1118061.3.peg.2550.site.10, 0, 148, 148
1118061.3.peg.2550.site.11, 1, 140, 141
1118061.3.peg.2550.site.12, 8, 148, 156
1118061.3.peg.2550.site.13, 123, 149, 272
1118061.3.peg.2550.site.14, 3, 148, 151
1118061.3.peg.2550.site.15, 0, 148, 148
1118061.3.peg.2550.site.16, 0, 148, 148
1118061.3.peg.2550.site.17, 0, 147, 147
1118061.3.peg.2550.site.18, 119, 147, 266
1118061.3.peg.2550.site.19, 2, 149, 151
1118061.3.peg.2550.site.20, 2, 141, 143
1118061.3.peg.2550.site.21, 0, 144, 144
1118061.3.peg.2550.site.22, 0, 147, 147
1118061.3.peg.2550.site.23, 0, 139, 139
1118061.3.peg.2550.site.24, 0, 135, 135
1118061.3.peg.2550.site.25, 13, 141, 154
1118061.3.peg.2550.site.26, 0, 135, 135
1118061.3.peg.2550.site.27, 3, 148, 151
1118061.3.peg.2550.site.28, 39, 147, 186
1118061.3.peg.2550.site.29, 2, 148, 150
1118061.3.peg.2550.site.30, 3, 144, 147
1118061.3.peg.2550.site.31, 8, 149, 157
1118061.3.peg.2553.site.1, 14, 138, 152
1118061.3.peg.2553.site.2, 47, 147, 194
1118061.3.peg.2553.site.3, 39, 148, 187
1118061.3.peg.2553.site.4, 39, 148, 187
1118061.3.peg.2553.site.5, 2, 148, 150
1118061.3.peg.2553.site.6, 138, 150, 288
1118061.3.peg.2553.site.7, 7, 150, 157
1118061.3.peg.2553.site.8, 0, 137, 137
1118061.3.peg.2553.site.9, 53, 145, 198
1118061.3.peg.2552.site.1, 2, 139, 141
1118061.3.peg.2552.site.2, 2, 146, 148
1118061.3.peg.2552.site.3, 2, 144, 146
1118061.3.peg.2552.site.4, 2, 144, 146
1118061.3.peg.2552.site.5, 1, 146, 147
1118061.3.peg.2552.site.6, 1, 145, 146
1118061.3.peg.2552.site.7, 10, 144, 154
1118061.3.peg.2552.site.8, 70, 145, 215
1118061.3.peg.2552.site.9, 125, 143, 268
1118061.3.peg.2552.site.10, 0, 150, 150
1118061.3.peg.2552.site.11, 83, 149, 232
1118061.3.peg.2552.site.12, 0, 149, 149
1118061.3.peg.2555.site.1, 149, 149, 298
1118061.3.peg.2555.site.2, 0, 149, 149
1118061.3.peg.2555.site.3, 5, 149, 154
1118061.3.peg.2555.site.4, 120, 150, 270
1118061.3.peg.2555.site.5, 5, 150, 155
1118061.3.peg.2555.site.6, 3, 150, 153
1118061.3.peg.2555.site.7, 48, 148, 196
1118061.3.peg.2555.site.8, 1, 147, 148
1118061.3.peg.2555.site.9, 5, 145, 150
1118061.3.peg.2555.site.10, 63, 129, 192
1118061.3.peg.2555.site.11, 13, 126, 139
1118061.3.peg.2555.site.12, 0, 131, 131
1118061.3.peg.2555.site.13, 9, 138, 147
1118061.3.peg.2555.site.14, 0, 134, 134
1118061.3.peg.2555.site.15, 139, 145, 284
1118061.3.peg.2555.site.16, 148, 148, 296
1118061.3.peg.2555.site.17, 0, 141, 141
1118061.3.peg.2555.site.18, 72, 129, 201
1118061.3.peg.2555.site.19, 0, 133, 133
1118061.3.peg.2555.site.20, 95, 139, 234
1118061.3.peg.2555.site.21, 100, 139, 239
1118061.3.peg.2555.site.22, 30, 134, 164
1118061.3.peg.2555.site.23, 1, 112, 113
1118061.3.peg.2555.site.24, 0, 118, 118
1118061.3.peg.2555.site.25, 1, 115, 116
1118061.3.peg.2555.site.26, 9, 144, 153
1118061.3.peg.2555.site.27, 33, 141, 174
1118061.3.peg.2555.site.28, 5, 146, 151
1118061.3.peg.2555.site.29, 52, 147, 199
1118061.3.peg.2555.site.30, 1, 148, 149
1118061.3.peg.2555.site.31, 2, 141, 143
1118061.3.peg.2555.site.32, 67, 142, 209
1118061.3.peg.2555.site.33, 3, 144, 147
1118061.3.peg.2555.site.34, 67, 140, 207
1118061.3.peg.2555.site.35, 34, 125, 159
1118061.3.peg.2555.site.36, 69, 145, 214
1118061.3.peg.2555.site.37, 3, 143, 146
1118061.3.peg.2555.site.38, 94, 142, 236
1118061.3.peg.2555.site.39, 1, 145, 146
1118061.3.peg.2555.site.40, 34, 149, 183
1118061.3.peg.2555.site.41, 30, 150, 180
1118061.3.peg.2555.site.42, 3, 147, 150
1118061.3.peg.2555.site.43, 0, 146, 146
1118061.3.peg.2555.site.44, 142, 144, 286
1118061.3.peg.2555.site.45, 43, 142, 185
1118061.3.peg.2555.site.46, 0, 143, 143
1118061.3.peg.2555.site.47, 70, 130, 200
1118061.3.peg.2555.site.48, 131, 135, 266
1118061.3.peg.2555.site.49, 68, 146, 214
1118061.3.peg.2555.site.50, 3, 142, 145
1118061.3.peg.2555.site.51, 36, 138, 174
1118061.3.peg.2554.site.1, 29, 123, 152
1118061.3.peg.2554.site.2, 21, 102, 123
1118061.3.peg.2554.site.3, 12, 105, 117
1118061.3.peg.2554.site.4, 3, 111, 114
1118061.3.peg.2554.site.5, 3, 144, 147
1118061.3.peg.2554.site.6, 4, 143, 147
1118061.3.peg.2554.site.7, 2, 138, 140
1118061.3.peg.2554.site.8, 46, 141, 187
1118061.3.peg.2554.site.9, 0, 138, 138
1118061.3.peg.2554.site.10, 4, 139, 143
1118061.3.peg.2554.site.11, 119, 119, 238
1118061.3.peg.2554.site.12, 20, 118, 138
1118061.3.peg.2554.site.13, 0, 123, 123
1118061.3.peg.2554.site.14, 0, 135, 135
1118061.3.peg.2554.site.15, 7, 149, 156
1118061.3.peg.2557.site.1, 38, 150, 188
1118061.3.peg.2557.site.2, 144, 149, 293
1118061.3.peg.2557.site.3, 2, 150, 152
1118061.3.peg.2557.site.4, 1, 150, 151
1118061.3.peg.2557.site.5, 6, 150, 156
1118061.3.peg.2557.site.6, 13, 150, 163
1118061.3.peg.2557.site.7, 19, 150, 169
1118061.3.peg.2557.site.8, 0, 150, 150
1118061.3.peg.2557.site.9, 19, 143, 162
1118061.3.peg.2557.site.10, 18, 144, 162
1118061.3.peg.2557.site.11, 144, 146, 290
1118061.3.peg.2557.site.12, 18, 150, 168
1118061.3.peg.2557.site.13, 0, 150, 150
1118061.3.peg.2557.site.14, 15, 150, 165
1118061.3.peg.2557.site.15, 0, 148, 148
1118061.3.peg.2557.site.16, 0, 150, 150
1118061.3.peg.2557.site.17, 120, 147, 267
1118061.3.peg.2557.site.18, 22, 145, 167
1118061.3.peg.2557.site.19, 37, 147, 184
1118061.3.peg.2557.site.20, 0, 145, 145
1118061.3.peg.2557.site.21, 1, 149, 150
1118061.3.peg.2557.site.22, 39, 147, 186
1118061.3.peg.2557.site.23, 15, 148, 163
1118061.3.peg.2557.site.24, 15, 149, 164
1118061.3.peg.2557.site.25, 1, 150, 151
1118061.3.peg.2557.site.26, 7, 149, 156
1118061.3.peg.2557.site.27, 2, 150, 152
1118061.3.peg.2557.site.28, 0, 150, 150
1118061.3.peg.2557.site.29, 75, 149, 224
1118061.3.peg.2557.site.30, 124, 150, 274
1118061.3.peg.2556.site.1, 150, 150, 300
1118061.3.peg.2556.site.2, 38, 130, 168
1118061.3.peg.2556.site.3, 46, 146, 192
1118061.3.peg.2556.site.4, 19, 146, 165
1118061.3.peg.2556.site.5, 20, 145, 165
1118061.3.peg.2556.site.6, 0, 148, 148
1118061.3.peg.2556.site.7, 24, 129, 153
1118061.3.peg.2556.site.8, 1, 130, 131
1118061.3.peg.2556.site.9, 0, 117, 117
1118061.3.peg.2556.site.10, 3, 111, 114
1118061.3.peg.2556.site.11, 0, 140, 140
1118061.3.peg.2556.site.12, 2, 145, 147
1118061.3.peg.2556.site.13, 41, 142, 183
1118061.3.peg.2556.site.14, 42, 149, 191
1118061.3.peg.2556.site.15, 17, 134, 151
1118061.3.peg.2556.site.16, 2, 130, 132
1118061.3.peg.2556.site.17, 23, 146, 169
1118061.3.peg.2556.site.18, 1, 146, 147
1118061.3.peg.2556.site.19, 0, 141, 141
1118061.3.peg.2556.site.20, 1, 129, 130
1118061.3.peg.2556.site.21, 0, 115, 115
1118061.3.peg.2556.site.22, 58, 142, 200
1118061.3.peg.2556.site.23, 59, 136, 195
1118061.3.peg.2556.site.24, 18, 125, 143
1118061.3.peg.2556.site.25, 52, 129, 181
1118061.3.peg.2556.site.26, 3, 133, 136
1118061.3.peg.2556.site.27, 2, 141, 143
1118061.3.peg.2556.site.28, 5, 134, 139
1118061.3.peg.2556.site.29, 28, 144, 172
1118061.3.peg.2556.site.30, 3, 145, 148
1118061.3.peg.2556.site.31, 3, 147, 150
1118061.3.peg.2556.site.32, 20, 147, 167
1118061.3.peg.2556.site.33, 143, 150, 293
1118061.3.peg.2556.site.34, 3, 150, 153
1118061.3.peg.2559.site.1, 0, 149, 149
1118061.3.peg.2559.site.2, 2, 150, 152
1118061.3.peg.2559.site.3, 41, 147, 188
1118061.3.peg.2559.site.4, 147, 147, 294
1118061.3.peg.2559.site.5, 73, 128, 201
1118061.3.peg.2559.site.6, 93, 121, 214
1118061.3.peg.2559.site.7, 2, 142, 144
1118061.3.peg.2559.site.8, 4, 150, 154
1118061.3.peg.2559.site.9, 148, 148, 296
1118061.3.peg.2559.site.10, 2, 144, 146
1118061.3.peg.2559.site.11, 8, 144, 152
1118061.3.peg.2559.site.12, 4, 142, 146
1118061.3.peg.2559.site.13, 3, 129, 132
1118061.3.peg.2559.site.14, 29, 129, 158
1118061.3.peg.2559.site.15, 30, 126, 156
1118061.3.peg.2559.site.16, 30, 136, 166
1118061.3.peg.2559.site.17, 17, 139, 156
1118061.3.peg.2559.site.18, 2, 141, 143
1118061.3.peg.2559.site.19, 43, 146, 189
1118061.3.peg.2559.site.20, 14, 148, 162
1118061.3.peg.2558.site.1, 46, 150, 196
1118061.3.peg.2558.site.2, 0, 150, 150
1118061.3.peg.2558.site.3, 43, 149, 192
1118061.3.peg.2558.site.4, 1, 150, 151
1118061.3.peg.2558.site.5, 7, 150, 157
1118061.3.peg.2558.site.6, 149, 149, 298
1118061.3.peg.2558.site.7, 104, 149, 253
1118061.3.peg.2558.site.8, 110, 140, 250
1118061.3.peg.2558.site.9, 0, 148, 148
1118061.3.peg.2558.site.10, 86, 147, 233
1118061.3.peg.2558.site.11, 52, 148, 200
1118061.3.peg.2558.site.12, 34, 150, 184
1118061.3.peg.2558.site.13, 47, 138, 185
1118061.3.peg.2558.site.14, 3, 142, 145
1118061.3.peg.2558.site.15, 0, 139, 139
1118061.3.peg.2558.site.16, 93, 144, 237
1118061.3.peg.2558.site.17, 1, 150, 151
1118061.3.peg.2558.site.18, 7, 150, 157
1118061.3.peg.2558.site.19, 7, 150, 157
1118061.3.peg.2558.site.20, 1, 149, 150
1118061.3.peg.2558.site.21, 7, 149, 156
1118061.3.peg.2558.site.22, 10, 150, 160
1118061.3.peg.2558.site.23, 41, 148, 189
1118061.3.peg.2558.site.24, 5, 149, 154
1118061.3.peg.2558.site.25, 25, 148, 173
1118061.3.peg.2558.site.26, 0, 150, 150
1118061.3.peg.2558.site.27, 0, 148, 148
1118061.3.peg.2558.site.28, 82, 148, 230
1118061.3.peg.2558.site.29, 5, 149, 154
1118061.3.peg.2558.site.30, 97, 147, 244
1118061.3.peg.2558.site.31, 93, 147, 240
1118061.3.peg.2558.site.32, 83, 145, 228
1118061.3.peg.2558.site.33, 0, 149, 149
1118061.3.peg.2558.site.34, 129, 150, 279
1118061.3.peg.2558.site.35, 0, 144, 144
1118061.3.peg.2558.site.36, 3, 148, 151
1118061.3.peg.2558.site.37, 1, 146, 147
1118061.3.peg.2558.site.38, 146, 146, 292
1118061.3.peg.2558.site.39, 5, 148, 153
1118061.3.peg.2558.site.40, 2, 148, 150
1118061.3.peg.2558.site.41, 26, 150, 176
1118061.3.peg.2558.site.42, 0, 150, 150
1118061.3.peg.2558.site.43, 21, 150, 171
1118061.3.peg.2558.site.44, 10, 150, 160
1118061.3.peg.2558.site.45, 3, 147, 150
1118061.3.peg.2558.site.46, 1, 150, 151
1118061.3.peg.2558.site.47, 5, 150, 155
1118061.3.peg.2558.site.48, 3, 146, 149
1118061.3.peg.2558.site.49, 74, 141, 215
1118061.3.peg.2558.site.50, 27, 147, 174
1118061.3.peg.2558.site.51, 50, 145, 195
1118061.3.peg.2558.site.52, 38, 148, 186
1118061.3.peg.2558.site.53, 1, 148, 149
1118061.3.peg.2558.site.54, 49, 143, 192
1118061.3.peg.2558.site.55, 77, 78, 155
1118061.3.peg.2558.site.56, 0, 90, 90
1118061.3.peg.2558.site.57, 34, 111, 145
1118061.3.peg.2558.site.58, 1, 138, 139
1118061.3.peg.2558.site.59, 46, 138, 184
1118061.3.peg.2558.site.60, 140, 142, 282
1118061.3.peg.2558.site.61, 0, 150, 150
1118061.3.peg.2558.site.62, 0, 148, 148
1118061.3.peg.2558.site.63, 0, 149, 149
1118061.3.peg.2558.site.64, 147, 150, 297
1118061.3.peg.282.site.1, 2, 147, 149
1118061.3.peg.282.site.2, 4, 140, 144
1118061.3.peg.282.site.3, 0, 150, 150
1118061.3.peg.282.site.4, 0, 148, 148
1118061.3.peg.282.site.5, 9, 148, 157
1118061.3.peg.282.site.6, 1, 148, 149
1118061.3.peg.282.site.7, 35, 138, 173
1118061.3.peg.282.site.8, 64, 131, 195
1118061.3.peg.282.site.9, 11, 126, 137
1118061.3.peg.282.site.10, 1, 138, 139
1118061.3.peg.282.site.11, 17, 146, 163
1118061.3.peg.283.site.1, 144, 148, 292
1118061.3.peg.283.site.2, 0, 146, 146
1118061.3.peg.283.site.3, 26, 146, 172
1118061.3.peg.283.site.4, 0, 148, 148
1118061.3.peg.283.site.5, 44, 136, 180
1118061.3.peg.283.site.6, 18, 144, 162
1118061.3.peg.283.site.7, 1, 150, 151
1118061.3.peg.283.site.8, 31, 149, 180
1118061.3.peg.283.site.9, 1, 150, 151
1118061.3.peg.283.site.10, 0, 148, 148
1118061.3.peg.283.site.11, 1, 148, 149
1118061.3.peg.283.site.12, 108, 150, 258
1118061.3.peg.283.site.13, 2, 149, 151
1118061.3.peg.283.site.14, 149, 150, 299
1118061.3.peg.283.site.15, 3, 147, 150
1118061.3.peg.283.site.16, 59, 149, 208
1118061.3.peg.283.site.17, 27, 148, 175
1118061.3.peg.283.site.18, 2, 147, 149
1118061.3.peg.283.site.19, 1, 150, 151
1118061.3.peg.283.site.20, 46, 128, 174
1118061.3.peg.283.site.21, 23, 138, 161
1118061.3.peg.283.site.22, 55, 140, 195
1118061.3.peg.283.site.23, 2, 150, 152
1118061.3.peg.283.site.24, 32, 149, 181
1118061.3.peg.283.site.25, 34, 149, 183
1118061.3.peg.283.site.26, 2, 150, 152
1118061.3.peg.283.site.27, 3, 150, 153
1118061.3.peg.283.site.28, 50, 150, 200
1118061.3.peg.283.site.29, 0, 149, 149
1118061.3.peg.283.site.30, 54, 145, 199
1118061.3.peg.283.site.31, 18, 150, 168
1118061.3.peg.283.site.32, 2, 149, 151
1118061.3.peg.283.site.33, 0, 146, 146
1118061.3.peg.283.site.34, 2, 149, 151
1118061.3.peg.283.site.35, 14, 149, 163
1118061.3.peg.283.site.36, 0, 148, 148
1118061.3.peg.283.site.37, 0, 148, 148
1118061.3.peg.283.site.38, 109, 150, 259
1118061.3.peg.283.site.39, 20, 149, 169
1118061.3.peg.283.site.40, 17, 149, 166
1118061.3.peg.283.site.41, 66, 148, 214
1118061.3.peg.283.site.42, 2, 150, 152
1118061.3.peg.283.site.43, 4, 149, 153
1118061.3.peg.283.site.44, 1, 149, 150
1118061.3.peg.283.site.45, 19, 148, 167
1118061.3.peg.283.site.46, 8, 147, 155
1118061.3.peg.283.site.47, 13, 150, 163
1118061.3.peg.283.site.48, 0, 150, 150
1118061.3.peg.283.site.49, 2, 150, 152
1118061.3.peg.283.site.50, 52, 149, 201
1118061.3.peg.283.site.51, 2, 150, 152
1118061.3.peg.283.site.52, 30, 150, 180
1118061.3.peg.283.site.53, 2, 150, 152
1118061.3.peg.283.site.54, 125, 145, 270
1118061.3.peg.283.site.55, 3, 143, 146
1118061.3.peg.280.site.1, 59, 149, 208
1118061.3.peg.280.site.2, 88, 144, 232
1118061.3.peg.280.site.3, 1, 148, 149
1118061.3.peg.280.site.4, 59, 148, 207
1118061.3.peg.280.site.5, 20, 149, 169
1118061.3.peg.280.site.6, 122, 148, 270
1118061.3.peg.280.site.7, 0, 148, 148
1118061.3.peg.280.site.8, 0, 149, 149
1118061.3.peg.280.site.9, 110, 150, 260
1118061.3.peg.281.site.1, 0, 150, 150
1118061.3.peg.281.site.2, 1, 148, 149
1118061.3.peg.281.site.3, 144, 144, 288
1118061.3.peg.281.site.4, 17, 111, 128
1118061.3.peg.281.site.5, 74, 107, 181
1118061.3.peg.281.site.6, 90, 120, 210
1118061.3.peg.281.site.7, 0, 145, 145
1118061.3.peg.281.site.8, 28, 147, 175
1118061.3.peg.281.site.9, 3, 149, 152
1118061.3.peg.281.site.10, 2, 138, 140
1118061.3.peg.281.site.11, 3, 150, 153
1118061.3.peg.281.site.12, 1, 149, 150
1118061.3.peg.281.site.13, 150, 150, 300
1118061.3.peg.281.site.14, 36, 147, 183
1118061.3.peg.281.site.15, 91, 147, 238
1118061.3.peg.281.site.16, 5, 149, 154
1118061.3.peg.281.site.17, 31, 148, 179
1118061.3.peg.281.site.18, 0, 148, 148
1118061.3.peg.281.site.19, 0, 149, 149
1118061.3.peg.281.site.20, 100, 147, 247
1118061.3.peg.281.site.21, 1, 150, 151
1118061.3.peg.281.site.22, 0, 149, 149
1118061.3.peg.281.site.23, 19, 146, 165
1118061.3.peg.286.site.1, 0, 141, 141
1118061.3.peg.286.site.2, 21, 138, 159
1118061.3.peg.286.site.3, 9, 139, 148
1118061.3.peg.286.site.4, 3, 148, 151
1118061.3.peg.286.site.5, 0, 146, 146
1118061.3.peg.286.site.6, 3, 144, 147
1118061.3.peg.286.site.7, 3, 148, 151
1118061.3.peg.286.site.8, 3, 148, 151
1118061.3.peg.286.site.9, 73, 147, 220
1118061.3.peg.286.site.10, 39, 149, 188
1118061.3.peg.287.site.1, 1, 149, 150
1118061.3.peg.287.site.2, 96, 150, 246
1118061.3.peg.287.site.3, 14, 148, 162
1118061.3.peg.287.site.4, 0, 149, 149
1118061.3.peg.287.site.5, 0, 148, 148
1118061.3.peg.287.site.6, 5, 150, 155
1118061.3.peg.287.site.7, 2, 149, 151
1118061.3.peg.287.site.8, 61, 149, 210
1118061.3.peg.287.site.9, 0, 150, 150
1118061.3.peg.287.site.10, 21, 148, 169
1118061.3.peg.287.site.11, 14, 148, 162
1118061.3.peg.287.site.12, 32, 144, 176
1118061.3.peg.287.site.13, 2, 147, 149
1118061.3.peg.287.site.14, 39, 148, 187
1118061.3.peg.287.site.15, 19, 149, 168
1118061.3.peg.287.site.16, 58, 149, 207
1118061.3.peg.287.site.17, 23, 148, 171
1118061.3.peg.287.site.18, 102, 148, 250
1118061.3.peg.287.site.19, 104, 148, 252
1118061.3.peg.287.site.20, 37, 135, 172
1118061.3.peg.287.site.21, 14, 139, 153
1118061.3.peg.287.site.22, 110, 137, 247
1118061.3.peg.287.site.23, 45, 137, 182
1118061.3.peg.287.site.24, 23, 141, 164
1118061.3.peg.287.site.25, 16, 145, 161
1118061.3.peg.287.site.26, 39, 145, 184
1118061.3.peg.287.site.27, 1, 146, 147
1118061.3.peg.287.site.28, 37, 145, 182
1118061.3.peg.287.site.29, 0, 147, 147
1118061.3.peg.287.site.30, 32, 145, 177
1118061.3.peg.287.site.31, 90, 142, 232
1118061.3.peg.287.site.32, 0, 146, 146
1118061.3.peg.287.site.33, 69, 149, 218
1118061.3.peg.287.site.34, 39, 149, 188
1118061.3.peg.287.site.35, 36, 143, 179
1118061.3.peg.287.site.36, 3, 140, 143
1118061.3.peg.287.site.37, 2, 145, 147
1118061.3.peg.287.site.38, 50, 149, 199
1118061.3.peg.287.site.39, 12, 148, 160
1118061.3.peg.284.site.1, 0, 149, 149
1118061.3.peg.284.site.2, 31, 149, 180
1118061.3.peg.284.site.3, 146, 148, 294
1118061.3.peg.284.site.4, 0, 149, 149
1118061.3.peg.284.site.5, 116, 146, 262
1118061.3.peg.284.site.6, 95, 149, 244
1118061.3.peg.284.site.7, 24, 150, 174
1118061.3.peg.284.site.8, 24, 150, 174
1118061.3.peg.284.site.9, 0, 148, 148
1118061.3.peg.284.site.10, 68, 150, 218
1118061.3.peg.284.site.11, 31, 143, 174
1118061.3.peg.284.site.12, 62, 138, 200
1118061.3.peg.284.site.13, 103, 142, 245
1118061.3.peg.284.site.14, 3, 143, 146
1118061.3.peg.284.site.15, 7, 147, 154
1118061.3.peg.284.site.16, 19, 148, 167
1118061.3.peg.284.site.17, 77, 149, 226
1118061.3.peg.284.site.18, 18, 149, 167
1118061.3.peg.285.site.1, 19, 150, 169
1118061.3.peg.285.site.2, 38, 150, 188
1118061.3.peg.285.site.3, 5, 149, 154
1118061.3.peg.285.site.4, 93, 146, 239
1118061.3.peg.285.site.5, 0, 148, 148
1118061.3.peg.285.site.6, 128, 149, 277
1118061.3.peg.285.site.7, 21, 149, 170
1118061.3.peg.285.site.8, 67, 150, 217
1118061.3.peg.285.site.9, 2, 144, 146
1118061.3.peg.285.site.10, 33, 145, 178
1118061.3.peg.285.site.11, 10, 135, 145
1118061.3.peg.285.site.12, 10, 135, 145
1118061.3.peg.285.site.13, 22, 129, 151
1118061.3.peg.285.site.14, 54, 122, 176
1118061.3.peg.285.site.15, 58, 126, 184
1118061.3.peg.285.site.16, 1, 148, 149
1118061.3.peg.285.site.17, 22, 148, 170
1118061.3.peg.285.site.18, 19, 150, 169
1118061.3.peg.285.site.19, 33, 150, 183
1118061.3.peg.285.site.20, 21, 150, 171
1118061.3.peg.285.site.21, 2, 150, 152
1118061.3.peg.285.site.22, 0, 147, 147
1118061.3.peg.285.site.23, 3, 149, 152
1118061.3.peg.288.site.1, 33, 144, 177
1118061.3.peg.288.site.2, 1, 141, 142
1118061.3.peg.288.site.3, 2, 146, 148
1118061.3.peg.288.site.4, 50, 139, 189
1118061.3.peg.288.site.5, 1, 144, 145
1118061.3.peg.288.site.6, 18, 139, 157
1118061.3.peg.288.site.7, 11, 139, 150
1118061.3.peg.288.site.8, 1, 141, 142
1118061.3.peg.288.site.9, 117, 133, 250
1118061.3.peg.288.site.10, 7, 124, 131
1118061.3.peg.288.site.11, 0, 132, 132
1118061.3.peg.288.site.12, 66, 106, 172
1118061.3.peg.288.site.13, 24, 119, 143
1118061.3.peg.288.site.14, 43, 115, 158
1118061.3.peg.288.site.15, 8, 107, 115
1118061.3.peg.288.site.16, 3, 122, 125
1118061.3.peg.288.site.17, 0, 119, 119
1118061.3.peg.288.site.18, 6, 110, 116
1118061.3.peg.288.site.19, 105, 107, 212
1118061.3.peg.289.site.1, 3, 147, 150
1118061.3.peg.289.site.2, 144, 148, 292
1118061.3.peg.289.site.3, 148, 150, 298
1118061.3.peg.289.site.4, 149, 149, 298
1118061.3.peg.289.site.5, 12, 149, 161
1118061.3.peg.289.site.6, 0, 150, 150
1118061.3.peg.289.site.7, 1, 150, 151
1118061.3.peg.289.site.8, 23, 148, 171
1118061.3.peg.289.site.9, 32, 140, 172
1118061.3.peg.289.site.10, 100, 135, 235
1118061.3.peg.289.site.11, 14, 142, 156
1118061.3.peg.289.site.12, 2, 147, 149
1118061.3.peg.289.site.13, 4, 137, 141
1118061.3.peg.289.site.14, 73, 140, 213
1118061.3.peg.289.site.15, 23, 140, 163
1118061.3.peg.289.site.16, 46, 143, 189
1118061.3.peg.289.site.17, 34, 147, 181
1118061.3.peg.289.site.18, 3, 142, 145
1118061.3.peg.289.site.19, 55, 139, 194
1118061.3.peg.289.site.20, 2, 134, 136
1118061.3.peg.289.site.21, 12, 131, 143
1118061.3.peg.289.site.22, 18, 125, 143
1118061.3.peg.289.site.23, 10, 111, 121
1118061.3.peg.289.site.24, 11, 90, 101
1118061.3.peg.289.site.25, 15, 95, 110
1118061.3.peg.289.site.26, 70, 117, 187
1118061.3.peg.289.site.27, 36, 130, 166
1118061.3.peg.289.site.28, 22, 139, 161
1118061.3.peg.289.site.29, 1, 128, 129
1118061.3.peg.289.site.30, 0, 147, 147
1118061.3.peg.289.site.31, 1, 150, 151
1118061.3.peg.1048.site.1, 2, 147, 149
1118061.3.peg.1048.site.2, 46, 144, 190
1118061.3.peg.1048.site.3, 108, 143, 251
1118061.3.peg.1048.site.4, 23, 142, 165
1118061.3.peg.1048.site.5, 25, 148, 173
1118061.3.peg.1048.site.6, 29, 145, 174
1118061.3.peg.1048.site.7, 39, 146, 185
1118061.3.peg.1048.site.8, 41, 149, 190
1118061.3.peg.1048.site.9, 11, 150, 161
1118061.3.peg.1048.site.10, 3, 149, 152
1118061.3.peg.1048.site.11, 3, 150, 153
1118061.3.peg.1048.site.12, 3, 148, 151
1118061.3.peg.1048.site.13, 12, 150, 162
1118061.3.peg.1048.site.14, 0, 149, 149
1118061.3.peg.1048.site.15, 19, 123, 142
1118061.3.peg.1048.site.16, 3, 132, 135
1118061.3.peg.1048.site.17, 53, 119, 172
1118061.3.peg.1048.site.18, 83, 126, 209
1118061.3.peg.1048.site.19, 32, 121, 153
1118061.3.peg.1048.site.20, 1, 124, 125
1118061.3.peg.1048.site.21, 0, 143, 143
1118061.3.peg.1048.site.22, 58, 145, 203
1118061.3.peg.1048.site.23, 16, 148, 164
1118061.3.peg.1048.site.24, 101, 146, 247
1118061.3.peg.1048.site.25, 0, 147, 147
1118061.3.peg.1048.site.26, 43, 146, 189
1118061.3.peg.1048.site.27, 144, 146, 290
1118061.3.peg.1048.site.28, 141, 146, 287
1118061.3.peg.1048.site.29, 0, 144, 144
1118061.3.peg.1048.site.30, 1, 144, 145
1118061.3.peg.1048.site.31, 3, 142, 145
1118061.3.peg.1048.site.32, 44, 146, 190
1118061.3.peg.1048.site.33, 0, 149, 149
1118061.3.peg.1048.site.34, 0, 127, 127
1118061.3.peg.1048.site.35, 3, 147, 150
1118061.3.peg.1048.site.36, 3, 150, 153
1118061.3.peg.1048.site.37, 6, 150, 156
1118061.3.peg.1048.site.38, 3, 149, 152
1118061.3.peg.1048.site.39, 140, 150, 290
1118061.3.peg.1048.site.40, 147, 147, 294
1118061.3.peg.1048.site.41, 145, 145, 290
1118061.3.peg.1048.site.42, 125, 143, 268
1118061.3.peg.1048.site.43, 1, 141, 142
1118061.3.peg.1048.site.44, 15, 143, 158
1118061.3.peg.1048.site.45, 81, 150, 231
1118061.3.peg.1048.site.46, 64, 148, 212
1118061.3.peg.1048.site.47, 137, 147, 284
1118061.3.peg.1048.site.48, 77, 134, 211
1118061.3.peg.1048.site.49, 141, 148, 289
1118061.3.peg.1048.site.50, 2, 148, 150
1118061.3.peg.1048.site.51, 0, 147, 147
1118061.3.peg.1048.site.52, 6, 147, 153
1118061.3.peg.1049.site.1, 3, 145, 148
1118061.3.peg.1049.site.2, 0, 143, 143
1118061.3.peg.1049.site.3, 5, 139, 144
1118061.3.peg.1049.site.4, 57, 143, 200
1118061.3.peg.1049.site.5, 29, 142, 171
1118061.3.peg.1049.site.6, 0, 143, 143
1118061.3.peg.1049.site.7, 2, 144, 146
1118061.3.peg.1049.site.8, 139, 141, 280
1118061.3.peg.1049.site.9, 1, 143, 144
1118061.3.peg.1049.site.10, 0, 144, 144
1118061.3.peg.1049.site.11, 2, 137, 139
1118061.3.peg.1049.site.12, 3, 140, 143
1118061.3.peg.1049.site.13, 1, 137, 138
1118061.3.peg.1049.site.14, 1, 105, 106
1118061.3.peg.1049.site.15, 45, 93, 138
1118061.3.peg.1049.site.16, 3, 49, 52
1118061.3.peg.1049.site.17, 2, 49, 51
1118061.3.peg.1049.site.18, 1, 50, 51
1118061.3.peg.1049.site.19, 29, 50, 79
1118061.3.peg.1049.site.20, 8, 58, 66
1118061.3.peg.1049.site.21, 5, 104, 109
1118061.3.peg.1049.site.22, 36, 144, 180
1118061.3.peg.1049.site.23, 35, 144, 179
1118061.3.peg.1049.site.24, 1, 144, 145
1118061.3.peg.606.site.1, 2, 145, 147
1118061.3.peg.606.site.2, 87, 150, 237
1118061.3.peg.606.site.3, 91, 149, 240
1118061.3.peg.606.site.4, 3, 149, 152
1118061.3.peg.606.site.5, 19, 149, 168
1118061.3.peg.606.site.6, 147, 149, 296
1118061.3.peg.606.site.7, 0, 148, 148
1118061.3.peg.606.site.8, 19, 149, 168
1118061.3.peg.606.site.9, 19, 148, 167
1118061.3.peg.606.site.10, 1, 144, 145
1118061.3.peg.607.site.1, 1, 149, 150
1118061.3.peg.607.site.2, 13, 150, 163
1118061.3.peg.607.site.3, 0, 136, 136
1118061.3.peg.607.site.4, 1, 108, 109
1118061.3.peg.607.site.5, 20, 145, 165
1118061.3.peg.604.site.1, 1, 146, 147
1118061.3.peg.604.site.2, 41, 131, 172
1118061.3.peg.604.site.3, 2, 121, 123
1118061.3.peg.604.site.4, 2, 143, 145
1118061.3.peg.604.site.5, 35, 143, 178
1118061.3.peg.604.site.6, 1, 150, 151
1118061.3.peg.605.site.1, 3, 148, 151
1118061.3.peg.605.site.2, 35, 147, 182
1118061.3.peg.605.site.3, 5, 106, 111
1118061.3.peg.605.site.4, 28, 118, 146
1118061.3.peg.605.site.5, 0, 144, 144
1118061.3.peg.605.site.6, 1, 146, 147
1118061.3.peg.605.site.7, 137, 148, 285
1118061.3.peg.605.site.8, 35, 150, 185
1118061.3.peg.605.site.9, 51, 149, 200
1118061.3.peg.605.site.10, 99, 149, 248
1118061.3.peg.605.site.11, 14, 139, 153
1118061.3.peg.605.site.12, 28, 132, 160
1118061.3.peg.605.site.13, 0, 132, 132
1118061.3.peg.605.site.14, 104, 104, 208
1118061.3.peg.605.site.15, 30, 116, 146
1118061.3.peg.605.site.16, 2, 115, 117
1118061.3.peg.605.site.17, 17, 146, 163
1118061.3.peg.602.site.1, 2, 145, 147
1118061.3.peg.602.site.2, 3, 148, 151
1118061.3.peg.602.site.3, 3, 150, 153
1118061.3.peg.602.site.4, 3, 150, 153
1118061.3.peg.602.site.5, 13, 150, 163
1118061.3.peg.602.site.6, 40, 147, 187
1118061.3.peg.602.site.7, 105, 146, 251
1118061.3.peg.1043.site.1, 7, 147, 154
1118061.3.peg.1043.site.2, 97, 149, 246
1118061.3.peg.1043.site.3, 13, 150, 163
1118061.3.peg.1043.site.4, 4, 150, 154
1118061.3.peg.1043.site.5, 0, 150, 150
1118061.3.peg.1043.site.6, 4, 149, 153
1118061.3.peg.1043.site.7, 60, 146, 206
1118061.3.peg.1043.site.8, 1, 147, 148
1118061.3.peg.1043.site.9, 7, 105, 112
1118061.3.peg.1043.site.10, 3, 129, 132
1118061.3.peg.1043.site.11, 0, 126, 126
1118061.3.peg.1043.site.12, 0, 149, 149
1118061.3.peg.1043.site.13, 33, 150, 183
1118061.3.peg.1043.site.14, 0, 149, 149
1118061.3.peg.1043.site.15, 11, 150, 161
1118061.3.peg.1043.site.16, 6, 148, 154
1118061.3.peg.1043.site.17, 17, 149, 166
1118061.3.peg.1043.site.18, 115, 149, 264
1118061.3.peg.1043.site.19, 0, 149, 149
1118061.3.peg.1043.site.20, 10, 140, 150
1118061.3.peg.1043.site.21, 98, 148, 246
1118061.3.peg.1043.site.22, 62, 150, 212
1118061.3.peg.1043.site.23, 1, 149, 150
1118061.3.peg.1043.site.24, 51, 150, 201
1118061.3.peg.1043.site.25, 37, 150, 187
1118061.3.peg.1043.site.26, 19, 149, 168
1118061.3.peg.1043.site.27, 3, 150, 153
1118061.3.peg.1043.site.28, 2, 146, 148
1118061.3.peg.1043.site.29, 18, 148, 166
1118061.3.peg.1043.site.30, 138, 141, 279
1118061.3.peg.1043.site.31, 144, 145, 289
1118061.3.peg.1043.site.32, 123, 127, 250
1118061.3.peg.1043.site.33, 138, 147, 285
1118061.3.peg.1043.site.34, 0, 145, 145
1118061.3.peg.1043.site.35, 2, 138, 140
1118061.3.peg.1043.site.36, 1, 128, 129
1118061.3.peg.1043.site.37, 19, 129, 148
1118061.3.peg.1043.site.38, 1, 120, 121
1118061.3.peg.1043.site.39, 16, 120, 136
1118061.3.peg.1043.site.40, 0, 115, 115
1118061.3.peg.1043.site.41, 0, 127, 127
1118061.3.peg.1043.site.42, 25, 148, 173
1118061.3.peg.1043.site.43, 2, 150, 152
1118061.3.peg.1043.site.44, 84, 148, 232
1118061.3.peg.1043.site.45, 64, 145, 209
1118061.3.peg.1043.site.46, 21, 150, 171
1118061.3.peg.1043.site.47, 27, 148, 175
1118061.3.peg.1040.site.1, 1, 150, 151
1118061.3.peg.1040.site.2, 22, 148, 170
1118061.3.peg.1040.site.3, 20, 148, 168
1118061.3.peg.1040.site.4, 85, 147, 232
1118061.3.peg.1040.site.5, 3, 149, 152
1118061.3.peg.1040.site.6, 90, 144, 234
1118061.3.peg.1040.site.7, 0, 150, 150
1118061.3.peg.1040.site.8, 1, 148, 149
1118061.3.peg.1040.site.9, 0, 148, 148
1118061.3.peg.1040.site.10, 2, 148, 150
1118061.3.peg.1040.site.11, 0, 148, 148
1118061.3.peg.1040.site.12, 19, 148, 167
1118061.3.peg.1040.site.13, 19, 146, 165
1118061.3.peg.1040.site.14, 1, 144, 145
1118061.3.peg.1040.site.15, 135, 135, 270
1118061.3.peg.1040.site.16, 2, 131, 133
1118061.3.peg.1040.site.17, 7, 135, 142
1118061.3.peg.1041.site.1, 7, 64, 71
1118061.3.peg.1041.site.2, 2, 59, 61
1118061.3.peg.1041.site.3, 3, 57, 60
1118061.3.peg.1041.site.4, 3, 57, 60
1118061.3.peg.1041.site.5, 3, 57, 60
1118061.3.peg.1041.site.6, 2, 57, 59
1118061.3.peg.1041.site.7, 57, 57, 114
1118061.3.peg.1041.site.8, 1, 57, 58
1118061.3.peg.1041.site.9, 27, 57, 84
1118061.3.peg.1041.site.10, 20, 57, 77
1118061.3.peg.1041.site.11, 6, 56, 62
1118061.3.peg.1041.site.12, 8, 54, 62
1118061.3.peg.1041.site.13, 5, 51, 56
1118061.3.peg.1041.site.14, 1, 53, 54
1118061.3.peg.1041.site.15, 43, 47, 90
1118061.3.peg.1041.site.16, 1, 45, 46
1118061.3.peg.1041.site.17, 1, 45, 46
1118061.3.peg.1041.site.18, 8, 53, 61
1118061.3.peg.1041.site.19, 31, 56, 87
1118061.3.peg.1041.site.20, 59, 144, 203
1118061.3.peg.1041.site.21, 62, 135, 197
1118061.3.peg.1041.site.22, 16, 138, 154
1118061.3.peg.1041.site.23, 38, 145, 183
1118061.3.peg.1041.site.24, 73, 144, 217
1118061.3.peg.1041.site.25, 14, 149, 163
1118061.3.peg.1041.site.26, 0, 144, 144
1118061.3.peg.1041.site.27, 0, 133, 133
1118061.3.peg.1041.site.28, 8, 130, 138
1118061.3.peg.1041.site.29, 0, 139, 139
1118061.3.peg.1041.site.30, 0, 139, 139
1118061.3.peg.1041.site.31, 26, 142, 168
1118061.3.peg.1041.site.32, 3, 133, 136
1118061.3.peg.1041.site.33, 3, 136, 139
1118061.3.peg.1041.site.34, 0, 134, 134
1118061.3.peg.2736.site.1, 0, 149, 149
1118061.3.peg.2736.site.2, 36, 150, 186
1118061.3.peg.138.site.1, 2, 145, 147
1118061.3.peg.138.site.2, 28, 146, 174
1118061.3.peg.138.site.3, 0, 144, 144
1118061.3.peg.138.site.4, 29, 148, 177
1118061.3.peg.138.site.5, 11, 140, 151
1118061.3.peg.138.site.6, 69, 127, 196
1118061.3.peg.138.site.7, 3, 147, 150
1118061.3.peg.138.site.8, 79, 144, 223
1118061.3.peg.138.site.9, 8, 144, 152
1118061.3.peg.138.site.10, 31, 147, 178
1118061.3.peg.138.site.11, 0, 149, 149
1118061.3.peg.138.site.12, 28, 150, 178
1118061.3.peg.138.site.13, 36, 148, 184
1118061.3.peg.139.site.1, 29, 148, 177
1118061.3.peg.139.site.2, 7, 150, 157
1118061.3.peg.139.site.3, 0, 150, 150
1118061.3.peg.139.site.4, 20, 150, 170
1118061.3.peg.139.site.5, 15, 150, 165
1118061.3.peg.139.site.6, 82, 150, 232
1118061.3.peg.139.site.7, 141, 150, 291
1118061.3.peg.139.site.8, 55, 148, 203
1118061.3.peg.139.site.9, 0, 149, 149
1118061.3.peg.139.site.10, 38, 150, 188
1118061.3.peg.139.site.11, 7, 147, 154
1118061.3.peg.139.site.12, 68, 98, 166
1118061.3.peg.139.site.13, 67, 109, 176
1118061.3.peg.139.site.14, 11, 133, 144
1118061.3.peg.139.site.15, 65, 140, 205
1118061.3.peg.139.site.16, 10, 139, 149
1118061.3.peg.139.site.17, 12, 127, 139
1118061.3.peg.139.site.18, 130, 130, 260
1118061.3.peg.139.site.19, 8, 125, 133
1118061.3.peg.139.site.20, 25, 141, 166
1118061.3.peg.139.site.21, 0, 146, 146
1118061.3.peg.139.site.22, 26, 150, 176
1118061.3.peg.139.site.23, 150, 150, 300
1118061.3.peg.130.site.1, 42, 137, 179
1118061.3.peg.130.site.2, 18, 133, 151
1118061.3.peg.130.site.3, 90, 141, 231
1118061.3.peg.130.site.4, 2, 143, 145
1118061.3.peg.130.site.5, 4, 139, 143
1118061.3.peg.130.site.6, 17, 139, 156
1118061.3.peg.130.site.7, 10, 142, 152
1118061.3.peg.130.site.8, 0, 121, 121
1118061.3.peg.130.site.9, 10, 134, 144
1118061.3.peg.130.site.10, 3, 146, 149
1118061.3.peg.130.site.11, 3, 150, 153
1118061.3.peg.130.site.12, 40, 150, 190
1118061.3.peg.131.site.1, 147, 150, 297
1118061.3.peg.131.site.2, 39, 147, 186
1118061.3.peg.131.site.3, 44, 149, 193
1118061.3.peg.131.site.4, 39, 150, 189
1118061.3.peg.131.site.5, 146, 149, 295
1118061.3.peg.131.site.6, 2, 148, 150
1118061.3.peg.131.site.7, 67, 147, 214
1118061.3.peg.131.site.8, 0, 148, 148
1118061.3.peg.131.site.9, 67, 139, 206
1118061.3.peg.131.site.10, 1, 138, 139
1118061.3.peg.131.site.11, 146, 149, 295
1118061.3.peg.131.site.12, 70, 149, 219
1118061.3.peg.131.site.13, 116, 149, 265
1118061.3.peg.131.site.14, 17, 147, 164
1118061.3.peg.131.site.15, 2, 145, 147
1118061.3.peg.131.site.16, 0, 146, 146
1118061.3.peg.131.site.17, 0, 148, 148
1118061.3.peg.131.site.18, 2, 147, 149
1118061.3.peg.132.site.1, 23, 147, 170
1118061.3.peg.132.site.2, 0, 148, 148
1118061.3.peg.132.site.3, 17, 147, 164
1118061.3.peg.132.site.4, 0, 150, 150
1118061.3.peg.132.site.5, 1, 149, 150
1118061.3.peg.133.site.1, 0, 149, 149
1118061.3.peg.133.site.2, 0, 148, 148
1118061.3.peg.133.site.3, 1, 150, 151
1118061.3.peg.133.site.4, 0, 150, 150
1118061.3.peg.134.site.1, 113, 138, 251
1118061.3.peg.134.site.2, 0, 127, 127
1118061.3.peg.134.site.3, 54, 117, 171
1118061.3.peg.134.site.4, 0, 140, 140
1118061.3.peg.134.site.5, 37, 150, 187
1118061.3.peg.135.site.1, 0, 137, 137
1118061.3.peg.135.site.2, 26, 150, 176
1118061.3.peg.135.site.3, 116, 150, 266
1118061.3.peg.135.site.4, 115, 149, 264
1118061.3.peg.135.site.5, 2, 150, 152
1118061.3.peg.135.site.6, 16, 143, 159
1118061.3.peg.135.site.7, 150, 150, 300
1118061.3.peg.135.site.8, 1, 150, 151
1118061.3.peg.135.site.9, 21, 150, 171
1118061.3.peg.135.site.10, 6, 148, 154
1118061.3.peg.135.site.11, 20, 147, 167
1118061.3.peg.135.site.12, 22, 149, 171
1118061.3.peg.135.site.13, 2, 146, 148
1118061.3.peg.135.site.14, 25, 148, 173
1118061.3.peg.135.site.15, 1, 149, 150
1118061.3.peg.135.site.16, 1, 148, 149
1118061.3.peg.135.site.17, 22, 148, 170
1118061.3.peg.135.site.18, 92, 149, 241
1118061.3.peg.135.site.19, 4, 150, 154
1118061.3.peg.136.site.1, 14, 147, 161
1118061.3.peg.136.site.2, 0, 149, 149
1118061.3.peg.137.site.1, 3, 143, 146
1118061.3.peg.137.site.2, 23, 144, 167
1118061.3.peg.137.site.3, 30, 140, 170
1118061.3.peg.137.site.4, 3, 124, 127
1118061.3.peg.137.site.5, 23, 125, 148
1118061.3.peg.137.site.6, 0, 147, 147
1118061.3.peg.137.site.7, 5, 147, 152
1118061.3.peg.137.site.8, 0, 148, 148
1118061.3.peg.137.site.9, 75, 148, 223
1118061.3.peg.137.site.10, 3, 142, 145
1118061.3.peg.137.site.11, 4, 141, 145
1118061.3.peg.137.site.12, 75, 141, 216
1118061.3.peg.137.site.13, 124, 144, 268
1118061.3.peg.137.site.14, 124, 140, 264
1118061.3.peg.137.site.15, 3, 140, 143
1118061.3.peg.137.site.16, 1, 138, 139
1118061.3.peg.137.site.17, 1, 135, 136
1118061.3.peg.137.site.18, 31, 143, 174
1118061.3.peg.137.site.19, 3, 145, 148
1118061.3.peg.137.site.20, 3, 139, 142
1118061.3.peg.137.site.21, 65, 140, 205
1118061.3.peg.137.site.22, 22, 144, 166
1118061.3.peg.137.site.23, 29, 143, 172
1118061.3.peg.732.site.1, 1, 149, 150
1118061.3.peg.732.site.2, 59, 150, 209
1118061.3.peg.732.site.3, 0, 138, 138
1118061.3.peg.732.site.4, 1, 90, 91
1118061.3.peg.732.site.5, 135, 148, 283
1118061.3.peg.732.site.6, 2, 149, 151
1118061.3.peg.732.site.7, 74, 149, 223
1118061.3.peg.732.site.8, 0, 148, 148
1118061.3.peg.732.site.9, 5, 149, 154
1118061.3.peg.732.site.10, 0, 144, 144
1118061.3.peg.732.site.11, 0, 145, 145
1118061.3.peg.732.site.12, 1, 136, 137
1118061.3.peg.730.site.1, 1, 150, 151
1118061.3.peg.730.site.2, 1, 138, 139
1118061.3.peg.730.site.3, 1, 149, 150
1118061.3.peg.730.site.4, 4, 149, 153
1118061.3.peg.730.site.5, 2, 149, 151
1118061.3.peg.730.site.6, 104, 149, 253
1118061.3.peg.730.site.7, 1, 148, 149
1118061.3.peg.730.site.8, 0, 140, 140
1118061.3.peg.730.site.9, 4, 147, 151
1118061.3.peg.730.site.10, 3, 149, 152
1118061.3.peg.731.site.1, 90, 148, 238
1118061.3.peg.731.site.2, 1, 150, 151
1118061.3.peg.731.site.3, 35, 150, 185
1118061.3.peg.731.site.4, 0, 149, 149
1118061.3.peg.736.site.1, 1, 133, 134
1118061.3.peg.737.site.1, 0, 150, 150
1118061.3.peg.737.site.2, 52, 150, 202
1118061.3.peg.737.site.3, 0, 150, 150
1118061.3.peg.737.site.4, 36, 150, 186
1118061.3.peg.737.site.5, 6, 150, 156
1118061.3.peg.737.site.6, 121, 147, 268
1118061.3.peg.737.site.7, 8, 134, 142
1118061.3.peg.737.site.8, 60, 136, 196
1118061.3.peg.737.site.9, 0, 145, 145
1118061.3.peg.737.site.10, 3, 144, 147
1118061.3.peg.737.site.11, 13, 146, 159
1118061.3.peg.737.site.12, 1, 149, 150
1118061.3.peg.737.site.13, 0, 148, 148
1118061.3.peg.737.site.14, 3, 149, 152
1118061.3.peg.737.site.15, 2, 149, 151
1118061.3.peg.737.site.16, 2, 149, 151
1118061.3.peg.737.site.17, 2, 149, 151
1118061.3.peg.737.site.18, 14, 150, 164
1118061.3.peg.737.site.19, 0, 150, 150
1118061.3.peg.737.site.20, 16, 150, 166
1118061.3.peg.737.site.21, 11, 149, 160
1118061.3.peg.737.site.22, 13, 150, 163
1118061.3.peg.737.site.23, 32, 149, 181
1118061.3.peg.737.site.24, 19, 149, 168
1118061.3.peg.737.site.25, 3, 150, 153
1118061.3.peg.737.site.26, 3, 150, 153
1118061.3.peg.737.site.27, 13, 150, 163
1118061.3.peg.737.site.28, 0, 150, 150
1118061.3.peg.737.site.29, 6, 150, 156
1118061.3.peg.737.site.30, 1, 150, 151
1118061.3.peg.737.site.31, 0, 150, 150
1118061.3.peg.737.site.32, 27, 150, 177
1118061.3.peg.737.site.33, 2, 150, 152
1118061.3.peg.737.site.34, 17, 147, 164
1118061.3.peg.737.site.35, 2, 150, 152
1118061.3.peg.737.site.36, 2, 149, 151
1118061.3.peg.737.site.37, 67, 149, 216
1118061.3.peg.737.site.38, 21, 149, 170
1118061.3.peg.737.site.39, 25, 148, 173
1118061.3.peg.737.site.40, 65, 148, 213
1118061.3.peg.737.site.41, 5, 150, 155
1118061.3.peg.737.site.42, 1, 149, 150
1118061.3.peg.737.site.43, 3, 148, 151
1118061.3.peg.737.site.44, 0, 149, 149
1118061.3.peg.737.site.45, 31, 148, 179
1118061.3.peg.737.site.46, 80, 149, 229
1118061.3.peg.734.site.1, 62, 142, 204
1118061.3.peg.734.site.2, 78, 124, 202
1118061.3.peg.734.site.3, 48, 135, 183
1118061.3.peg.734.site.4, 53, 127, 180
1118061.3.peg.734.site.5, 48, 138, 186
1118061.3.peg.734.site.6, 0, 139, 139
1118061.3.peg.734.site.7, 8, 131, 139
1118061.3.peg.734.site.8, 52, 130, 182
1118061.3.peg.734.site.9, 10, 89, 99
1118061.3.peg.734.site.10, 1, 84, 85
1118061.3.peg.734.site.11, 1, 105, 106
1118061.3.peg.734.site.12, 1, 149, 150
1118061.3.peg.734.site.13, 0, 145, 145
1118061.3.peg.734.site.14, 0, 136, 136
1118061.3.peg.734.site.15, 1, 141, 142
1118061.3.peg.734.site.16, 0, 138, 138
1118061.3.peg.734.site.17, 0, 141, 141
1118061.3.peg.734.site.18, 0, 139, 139
1118061.3.peg.734.site.19, 1, 137, 138
1118061.3.peg.734.site.20, 0, 142, 142
1118061.3.peg.734.site.21, 43, 140, 183
1118061.3.peg.734.site.22, 29, 148, 177
1118061.3.peg.734.site.23, 28, 147, 175
1118061.3.peg.734.site.24, 7, 147, 154
1118061.3.peg.734.site.25, 85, 136, 221
1118061.3.peg.734.site.26, 75, 149, 224
1118061.3.peg.734.site.27, 0, 149, 149
1118061.3.peg.734.site.28, 5, 149, 154
1118061.3.peg.735.site.1, 37, 141, 178
1118061.3.peg.735.site.2, 0, 125, 125
1118061.3.peg.735.site.3, 31, 114, 145
1118061.3.peg.735.site.4, 22, 109, 131
1118061.3.peg.735.site.5, 82, 111, 193
1118061.3.peg.735.site.6, 4, 133, 137
1118061.3.peg.735.site.7, 1, 76, 77
1118061.3.peg.735.site.8, 1, 73, 74
1118061.3.peg.735.site.9, 1, 71, 72
1118061.3.peg.735.site.10, 6, 68, 74
1118061.3.peg.735.site.11, 7, 79, 86
1118061.3.peg.735.site.12, 3, 115, 118
1118061.3.peg.735.site.13, 0, 125, 125
1118061.3.peg.735.site.14, 1, 140, 141
1118061.3.peg.735.site.15, 75, 140, 215
1118061.3.peg.738.site.1, 2, 150, 152
1118061.3.peg.738.site.2, 0, 149, 149
1118061.3.peg.738.site.3, 37, 148, 185
1118061.3.peg.738.site.4, 0, 139, 139
1118061.3.peg.738.site.5, 2, 150, 152
1118061.3.peg.738.site.6, 38, 150, 188
1118061.3.peg.738.site.7, 40, 150, 190
1118061.3.peg.738.site.8, 0, 150, 150
1118061.3.peg.738.site.9, 3, 150, 153
1118061.3.peg.738.site.10, 7, 150, 157
1118061.3.peg.738.site.11, 2, 150, 152
1118061.3.peg.738.site.12, 51, 149, 200
1118061.3.peg.738.site.13, 2, 150, 152
1118061.3.peg.738.site.14, 22, 150, 172
1118061.3.peg.738.site.15, 28, 149, 177
1118061.3.peg.738.site.16, 4, 149, 153
1118061.3.peg.738.site.17, 1, 145, 146
1118061.3.peg.738.site.18, 52, 132, 184
1118061.3.peg.738.site.19, 18, 135, 153
1118061.3.peg.738.site.20, 1, 143, 144
1118061.3.peg.738.site.21, 29, 144, 173
1118061.3.peg.739.site.1, 2, 149, 151
1118061.3.peg.739.site.2, 27, 144, 171
1118061.3.peg.739.site.3, 3, 147, 150
1118061.3.peg.739.site.4, 31, 141, 172
1118061.3.peg.739.site.5, 4, 140, 144
1118061.3.peg.739.site.6, 0, 141, 141
1118061.3.peg.739.site.7, 0, 141, 141
1118061.3.peg.739.site.8, 53, 149, 202
1118061.3.peg.739.site.9, 0, 147, 147
1118061.3.peg.739.site.10, 2, 149, 151
1118061.3.peg.739.site.11, 0, 147, 147
1118061.3.peg.739.site.12, 43, 144, 187
1118061.3.peg.739.site.13, 27, 150, 177
1118061.3.peg.739.site.14, 81, 148, 229
1118061.3.peg.739.site.15, 54, 150, 204
1118061.3.peg.739.site.16, 0, 150, 150
1118061.3.peg.739.site.17, 8, 129, 137
1118061.3.peg.739.site.18, 0, 149, 149
1118061.3.peg.739.site.19, 144, 150, 294
1118061.3.peg.739.site.20, 8, 149, 157
1118061.3.peg.739.site.21, 2, 150, 152
1118061.3.peg.739.site.22, 4, 148, 152
1118061.3.peg.739.site.23, 45, 149, 194
1118061.3.peg.739.site.24, 120, 148, 268
1118061.3.peg.739.site.25, 13, 149, 162
1118061.3.peg.739.site.26, 99, 148, 247
1118061.3.peg.739.site.27, 81, 149, 230
1118061.3.peg.739.site.28, 29, 149, 178
1118061.3.peg.739.site.29, 57, 149, 206
1118061.3.peg.739.site.30, 65, 149, 214
1118061.3.peg.739.site.31, 5, 150, 155
1118061.3.peg.739.site.32, 8, 150, 158
1118061.3.peg.1828.site.1, 0, 139, 139
1118061.3.peg.1828.site.2, 117, 121, 238
1118061.3.peg.1828.site.3, 2, 127, 129
1118061.3.peg.1828.site.4, 50, 128, 178
1118061.3.peg.1828.site.5, 135, 135, 270
1118061.3.peg.1828.site.6, 134, 134, 268
1118061.3.peg.1828.site.7, 117, 117, 234
1118061.3.peg.1828.site.8, 65, 144, 209
1118061.3.peg.1828.site.9, 20, 144, 164
1118061.3.peg.1828.site.10, 138, 140, 278
1118061.3.peg.1828.site.11, 12, 147, 159
1118061.3.peg.1828.site.12, 39, 146, 185
1118061.3.peg.1828.site.13, 0, 144, 144
1118061.3.peg.1828.site.14, 25, 147, 172
1118061.3.peg.1828.site.15, 46, 140, 186
1118061.3.peg.1828.site.16, 2, 139, 141
1118061.3.peg.1828.site.17, 2, 144, 146
1118061.3.peg.1828.site.18, 2, 146, 148
1118061.3.peg.1828.site.19, 67, 148, 215
1118061.3.peg.1828.site.20, 69, 144, 213
1118061.3.peg.1828.site.21, 0, 144, 144
1118061.3.peg.1828.site.22, 65, 142, 207
1118061.3.peg.1828.site.23, 3, 97, 100
1118061.3.peg.1828.site.24, 0, 140, 140
1118061.3.peg.1828.site.25, 134, 134, 268
1118061.3.peg.1828.site.26, 0, 135, 135
1118061.3.peg.1828.site.27, 9, 134, 143
1118061.3.peg.1828.site.28, 36, 144, 180
1118061.3.peg.1828.site.29, 1, 147, 148
1118061.3.peg.1829.site.1, 0, 128, 128
1118061.3.peg.1829.site.2, 91, 124, 215
1118061.3.peg.1829.site.3, 1, 130, 131
1118061.3.peg.1829.site.4, 44, 130, 174
1118061.3.peg.1829.site.5, 4, 134, 138
1118061.3.peg.1829.site.6, 1, 144, 145
1118061.3.peg.1829.site.7, 46, 143, 189
1118061.3.peg.1829.site.8, 1, 141, 142
1118061.3.peg.1829.site.9, 1, 142, 143
1118061.3.peg.1829.site.10, 2, 142, 144
1118061.3.peg.1829.site.11, 1, 136, 137
1118061.3.peg.1829.site.12, 28, 131, 159
1118061.3.peg.1829.site.13, 21, 148, 169
1118061.3.peg.1824.site.1, 24, 144, 168
1118061.3.peg.1824.site.2, 0, 143, 143
1118061.3.peg.1824.site.3, 6, 143, 149
1118061.3.peg.1824.site.4, 6, 143, 149
1118061.3.peg.1824.site.5, 0, 142, 142
1118061.3.peg.1824.site.6, 17, 143, 160
1118061.3.peg.1824.site.7, 0, 144, 144
1118061.3.peg.1824.site.8, 1, 139, 140
1118061.3.peg.1824.site.9, 0, 139, 139
1118061.3.peg.1824.site.10, 3, 142, 145
1118061.3.peg.1824.site.11, 1, 142, 143
1118061.3.peg.1824.site.12, 47, 141, 188
1118061.3.peg.1824.site.13, 1, 141, 142
1118061.3.peg.1824.site.14, 48, 119, 167
1118061.3.peg.1824.site.15, 2, 116, 118
1118061.3.peg.1824.site.16, 30, 114, 144
1118061.3.peg.1824.site.17, 4, 136, 140
1118061.3.peg.1824.site.18, 27, 138, 165
1118061.3.peg.1824.site.19, 3, 140, 143
1118061.3.peg.1824.site.20, 47, 139, 186
1118061.3.peg.1824.site.21, 140, 140, 280
1118061.3.peg.1824.site.22, 7, 140, 147
1118061.3.peg.1824.site.23, 66, 140, 206
1118061.3.peg.1824.site.24, 131, 131, 262
1118061.3.peg.1824.site.25, 45, 125, 170
1118061.3.peg.1824.site.26, 29, 144, 173
1118061.3.peg.1824.site.27, 30, 142, 172
1118061.3.peg.1824.site.28, 18, 142, 160
1118061.3.peg.1824.site.29, 3, 138, 141
1118061.3.peg.1824.site.30, 26, 134, 160
1118061.3.peg.1824.site.31, 5, 110, 115
1118061.3.peg.1824.site.32, 11, 96, 107
1118061.3.peg.1824.site.33, 39, 120, 159
1118061.3.peg.1824.site.34, 41, 124, 165
1118061.3.peg.1824.site.35, 3, 118, 121
1118061.3.peg.1824.site.36, 8, 112, 120
1118061.3.peg.1824.site.37, 28, 103, 131
1118061.3.peg.1824.site.38, 52, 122, 174
1118061.3.peg.1825.site.1, 28, 132, 160
1118061.3.peg.1825.site.2, 1, 130, 131
1118061.3.peg.1825.site.3, 2, 106, 108
1118061.3.peg.1825.site.4, 64, 140, 204
1118061.3.peg.1825.site.5, 0, 143, 143
1118061.3.peg.1825.site.6, 2, 144, 146
1118061.3.peg.1825.site.7, 14, 142, 156
1118061.3.peg.1825.site.8, 2, 144, 146
1118061.3.peg.1826.site.1, 1, 136, 137
1118061.3.peg.1826.site.2, 3, 104, 107
1118061.3.peg.1826.site.3, 87, 134, 221
1118061.3.peg.1826.site.4, 0, 134, 134
1118061.3.peg.1826.site.5, 14, 144, 158
1118061.3.peg.1826.site.6, 24, 140, 164
1118061.3.peg.1826.site.7, 69, 139, 208
1118061.3.peg.1826.site.8, 2, 138, 140
1118061.3.peg.1826.site.9, 3, 135, 138
1118061.3.peg.1826.site.10, 1, 121, 122
1118061.3.peg.1826.site.11, 39, 126, 165
1118061.3.peg.1826.site.12, 2, 131, 133
1118061.3.peg.1826.site.13, 6, 129, 135
1118061.3.peg.1826.site.14, 2, 137, 139
1118061.3.peg.1826.site.15, 7, 140, 147
1118061.3.peg.1826.site.16, 34, 142, 176
1118061.3.peg.1826.site.17, 142, 144, 286
1118061.3.peg.1827.site.1, 1, 124, 125
1118061.3.peg.1827.site.2, 126, 128, 254
1118061.3.peg.1827.site.3, 6, 120, 126
1118061.3.peg.1827.site.4, 12, 143, 155
1118061.3.peg.1827.site.5, 1, 144, 145
1118061.3.peg.1827.site.6, 57, 141, 198
1118061.3.peg.1827.site.7, 0, 143, 143
1118061.3.peg.1827.site.8, 32, 142, 174
1118061.3.peg.1827.site.9, 51, 141, 192
1118061.3.peg.1827.site.10, 0, 142, 142
1118061.3.peg.1827.site.11, 0, 140, 140
1118061.3.peg.1827.site.12, 18, 143, 161
1118061.3.peg.1827.site.13, 115, 132, 247
1118061.3.peg.1827.site.14, 14, 139, 153
1118061.3.peg.1827.site.15, 0, 141, 141
1118061.3.peg.1827.site.16, 2, 143, 145
1118061.3.peg.1827.site.17, 1, 143, 144
1118061.3.peg.1827.site.18, 0, 144, 144
1118061.3.peg.1827.site.19, 12, 144, 156
1118061.3.peg.1827.site.20, 2, 130, 132
1118061.3.peg.1827.site.21, 29, 134, 163
1118061.3.peg.1827.site.22, 36, 129, 165
1118061.3.peg.1827.site.23, 34, 126, 160
1118061.3.peg.1827.site.24, 2, 127, 129
1118061.3.peg.1827.site.25, 1, 112, 113
1118061.3.peg.1827.site.26, 12, 83, 95
1118061.3.peg.1820.site.1, 9, 142, 151
1118061.3.peg.1820.site.2, 16, 136, 152
1118061.3.peg.1820.site.3, 0, 141, 141
1118061.3.peg.1820.site.4, 58, 137, 195
1118061.3.peg.1820.site.5, 38, 142, 180
1118061.3.peg.1820.site.6, 39, 143, 182
1118061.3.peg.1820.site.7, 0, 144, 144
1118061.3.peg.1820.site.8, 21, 144, 165
1118061.3.peg.1820.site.9, 5, 128, 133
1118061.3.peg.1820.site.10, 16, 126, 142
1118061.3.peg.1820.site.11, 92, 129, 221
1118061.3.peg.1820.site.12, 8, 131, 139
1118061.3.peg.1820.site.13, 50, 132, 182
1118061.3.peg.1820.site.14, 10, 139, 149
1118061.3.peg.1820.site.15, 107, 132, 239
1118061.3.peg.1820.site.16, 24, 133, 157
1118061.3.peg.1820.site.17, 21, 126, 147
1118061.3.peg.1820.site.18, 70, 134, 204
1118061.3.peg.1820.site.19, 1, 136, 137
1118061.3.peg.1821.site.1, 25, 138, 163
1118061.3.peg.1821.site.2, 140, 140, 280
1118061.3.peg.1821.site.3, 85, 138, 223
1118061.3.peg.1821.site.4, 4, 142, 146
1118061.3.peg.1821.site.5, 7, 144, 151
1118061.3.peg.1822.site.1, 3, 144, 147
1118061.3.peg.1822.site.2, 19, 142, 161
1118061.3.peg.1822.site.3, 24, 138, 162
1118061.3.peg.1822.site.4, 0, 142, 142
1118061.3.peg.1822.site.5, 2, 144, 146
1118061.3.peg.1822.site.6, 4, 143, 147
1118061.3.peg.1822.site.7, 2, 144, 146
1118061.3.peg.1822.site.8, 8, 143, 151
1118061.3.peg.1822.site.9, 14, 143, 157
1118061.3.peg.1823.site.1, 3, 144, 147
1118061.3.peg.1823.site.2, 32, 129, 161
1118061.3.peg.1823.site.3, 132, 133, 265
1118061.3.peg.1823.site.4, 16, 139, 155
1118061.3.peg.1823.site.5, 12, 140, 152
1118061.3.peg.1730.site.1, 2, 142, 144
1118061.3.peg.1730.site.2, 0, 141, 141
1118061.3.peg.1730.site.3, 3, 142, 145
1118061.3.peg.1730.site.4, 59, 140, 199
1118061.3.peg.1730.site.5, 3, 141, 144
1118061.3.peg.1730.site.6, 3, 139, 142
1118061.3.peg.1730.site.7, 1, 142, 143
1118061.3.peg.1730.site.8, 0, 141, 141
1118061.3.peg.1730.site.9, 1, 141, 142
1118061.3.peg.1730.site.10, 20, 141, 161
1118061.3.peg.1730.site.11, 2, 137, 139
1118061.3.peg.1730.site.12, 1, 137, 138
1118061.3.peg.1730.site.13, 3, 141, 144
1118061.3.peg.1730.site.14, 3, 142, 145
1118061.3.peg.1732.site.1, 0, 142, 142
1118061.3.peg.1732.site.2, 0, 141, 141
1118061.3.peg.1732.site.3, 2, 142, 144
1118061.3.peg.1732.site.4, 7, 142, 149
1118061.3.peg.1732.site.5, 1, 140, 141
1118061.3.peg.1733.site.1, 7, 141, 148
1118061.3.peg.1733.site.2, 1, 141, 142
1118061.3.peg.1733.site.3, 1, 141, 142
1118061.3.peg.1733.site.4, 0, 139, 139
1118061.3.peg.1733.site.5, 29, 138, 167
1118061.3.peg.1733.site.6, 14, 139, 153
1118061.3.peg.1733.site.7, 0, 139, 139
1118061.3.peg.1733.site.8, 3, 138, 141
1118061.3.peg.1733.site.9, 36, 142, 178
1118061.3.peg.1733.site.10, 18, 140, 158
1118061.3.peg.1733.site.11, 1, 141, 142
1118061.3.peg.1733.site.12, 3, 141, 144
1118061.3.peg.1733.site.13, 2, 138, 140
1118061.3.peg.1733.site.14, 0, 142, 142
1118061.3.peg.1733.site.15, 17, 141, 158
1118061.3.peg.1733.site.16, 142, 142, 284
1118061.3.peg.1733.site.17, 0, 142, 142
1118061.3.peg.1733.site.18, 0, 141, 141
1118061.3.peg.1733.site.19, 0, 142, 142
1118061.3.peg.1733.site.20, 0, 142, 142
1118061.3.peg.1733.site.21, 0, 140, 140
1118061.3.peg.1734.site.1, 3, 141, 144
1118061.3.peg.1734.site.2, 29, 142, 171
1118061.3.peg.1734.site.3, 1, 142, 143
1118061.3.peg.1734.site.4, 13, 139, 152
1118061.3.peg.1734.site.5, 1, 139, 140
1118061.3.peg.1734.site.6, 58, 137, 195
1118061.3.peg.1734.site.7, 53, 117, 170
1118061.3.peg.1734.site.8, 0, 128, 128
1118061.3.peg.1734.site.9, 90, 139, 229
1118061.3.peg.1734.site.10, 141, 142, 283
1118061.3.peg.1734.site.11, 1, 137, 138
1118061.3.peg.1734.site.12, 2, 133, 135
1118061.3.peg.1734.site.13, 69, 140, 209
1118061.3.peg.1734.site.14, 5, 142, 147
1118061.3.peg.1734.site.15, 94, 140, 234
1118061.3.peg.1734.site.16, 0, 142, 142
1118061.3.peg.1734.site.17, 27, 132, 159
1118061.3.peg.1734.site.18, 0, 141, 141
1118061.3.peg.1735.site.1, 2, 142, 144
1118061.3.peg.1735.site.2, 6, 141, 147
1118061.3.peg.1735.site.3, 52, 135, 187
1118061.3.peg.1735.site.4, 1, 131, 132
1118061.3.peg.1735.site.5, 20, 135, 155
1118061.3.peg.1735.site.6, 16, 135, 151
1118061.3.peg.1735.site.7, 54, 138, 192
1118061.3.peg.1735.site.8, 2, 141, 143
1118061.3.peg.1735.site.9, 41, 138, 179
1118061.3.peg.1735.site.10, 3, 136, 139
1118061.3.peg.1735.site.11, 0, 142, 142
1118061.3.peg.1735.site.12, 0, 139, 139
1118061.3.peg.1735.site.13, 20, 142, 162
1118061.3.peg.1735.site.14, 86, 140, 226
1118061.3.peg.1735.site.15, 5, 142, 147
1118061.3.peg.1735.site.16, 0, 142, 142
1118061.3.peg.1735.site.17, 83, 139, 222
1118061.3.peg.1735.site.18, 111, 138, 249
1118061.3.peg.1735.site.19, 0, 140, 140
1118061.3.peg.1735.site.20, 0, 140, 140
1118061.3.peg.1735.site.21, 1, 142, 143
1118061.3.peg.1735.site.22, 8, 142, 150
1118061.3.peg.1735.site.23, 119, 139, 258
1118061.3.peg.1735.site.24, 83, 141, 224
1118061.3.peg.1735.site.25, 22, 142, 164
1118061.3.peg.1735.site.26, 21, 141, 162
1118061.3.peg.1735.site.27, 2, 141, 143
1118061.3.peg.1735.site.28, 18, 141, 159
1118061.3.peg.1737.site.1, 2, 141, 143
1118061.3.peg.1737.site.2, 3, 141, 144
1118061.3.peg.1737.site.3, 125, 141, 266
1118061.3.peg.1737.site.4, 23, 141, 164
1118061.3.peg.1737.site.5, 0, 141, 141
1118061.3.peg.1737.site.6, 0, 141, 141
1118061.3.peg.1737.site.7, 0, 142, 142
1118061.3.peg.1737.site.8, 20, 140, 160
1118061.3.peg.1737.site.9, 2, 141, 143
1118061.3.peg.1737.site.10, 3, 141, 144
1118061.3.peg.1737.site.11, 2, 141, 143
1118061.3.peg.1737.site.12, 74, 141, 215
1118061.3.peg.1737.site.13, 38, 140, 178
1118061.3.peg.1737.site.14, 38, 140, 178
1118061.3.peg.1737.site.15, 138, 142, 280
1118061.3.peg.1737.site.16, 142, 142, 284
1118061.3.peg.1737.site.17, 29, 142, 171
1118061.3.peg.1737.site.18, 20, 142, 162
1118061.3.peg.1737.site.19, 18, 140, 158
1118061.3.peg.1737.site.20, 0, 141, 141
1118061.3.peg.1737.site.21, 20, 142, 162
1118061.3.peg.1737.site.22, 0, 141, 141
1118061.3.peg.1737.site.23, 0, 141, 141
1118061.3.peg.1737.site.24, 0, 141, 141
1118061.3.peg.1738.site.1, 4, 141, 145
1118061.3.peg.1738.site.2, 76, 140, 216
1118061.3.peg.1738.site.3, 22, 142, 164
1118061.3.peg.1738.site.4, 10, 127, 137
1118061.3.peg.1738.site.5, 4, 138, 142
1118061.3.peg.1738.site.6, 1, 139, 140
1118061.3.peg.1738.site.7, 11, 138, 149
1118061.3.peg.1738.site.8, 12, 139, 151
1118061.3.peg.1738.site.9, 26, 139, 165
1118061.3.peg.1738.site.10, 6, 140, 146
1118061.3.peg.1738.site.11, 30, 140, 170
1118061.3.peg.1738.site.12, 4, 139, 143
1118061.3.peg.1738.site.13, 31, 141, 172
1118061.3.peg.2421.site.1, 3, 149, 152
1118061.3.peg.2421.site.2, 1, 149, 150
1118061.3.peg.2421.site.3, 82, 142, 224
1118061.3.peg.2421.site.4, 0, 149, 149
1118061.3.peg.2421.site.5, 85, 145, 230
1118061.3.peg.2421.site.6, 21, 149, 170
1118061.3.peg.2421.site.7, 0, 150, 150
1118061.3.peg.2421.site.8, 0, 150, 150
1118061.3.peg.2421.site.9, 6, 150, 156
1118061.3.peg.2421.site.10, 86, 149, 235
1118061.3.peg.2421.site.11, 0, 150, 150
1118061.3.peg.2421.site.12, 4, 150, 154
1118061.3.peg.2421.site.13, 4, 148, 152
1118061.3.peg.2421.site.14, 0, 150, 150
1118061.3.peg.2420.site.1, 2, 149, 151
1118061.3.peg.2420.site.2, 0, 148, 148
1118061.3.peg.2420.site.3, 0, 150, 150
1118061.3.peg.2420.site.4, 4, 150, 154
1118061.3.peg.2422.site.1, 2, 150, 152
1118061.3.peg.2422.site.2, 109, 144, 253
1118061.3.peg.2139.site.1, 1, 149, 150
1118061.3.peg.2139.site.2, 2, 147, 149
1118061.3.peg.2139.site.3, 0, 150, 150
1118061.3.peg.2139.site.4, 4, 149, 153
1118061.3.peg.2139.site.5, 1, 150, 151
1118061.3.peg.2139.site.6, 19, 150, 169
1118061.3.peg.2139.site.7, 4, 149, 153
1118061.3.peg.2139.site.8, 123, 150, 273
1118061.3.peg.2139.site.9, 0, 150, 150
1118061.3.peg.2139.site.10, 74, 149, 223
1118061.3.peg.2139.site.11, 0, 149, 149
1118061.3.peg.2139.site.12, 149, 149, 298
1118061.3.peg.2139.site.13, 41, 149, 190
1118061.3.peg.2139.site.14, 42, 150, 192
1118061.3.peg.2139.site.15, 149, 149, 298
1118061.3.peg.2139.site.16, 4, 150, 154
1118061.3.peg.2139.site.17, 3, 150, 153
1118061.3.peg.2139.site.18, 1, 150, 151
1118061.3.peg.1604.site.1, 0, 145, 145
1118061.3.peg.1604.site.2, 15, 138, 153
1118061.3.peg.1604.site.3, 20, 139, 159
1118061.3.peg.1604.site.4, 19, 136, 155
1118061.3.peg.1604.site.5, 24, 137, 161
1118061.3.peg.1604.site.6, 0, 138, 138
1118061.3.peg.1604.site.7, 33, 129, 162
1118061.3.peg.1604.site.8, 30, 118, 148
1118061.3.peg.1604.site.9, 76, 101, 177
1118061.3.peg.1604.site.10, 0, 108, 108
1118061.3.peg.1604.site.11, 86, 149, 235
1118061.3.peg.1605.site.1, 0, 144, 144
1118061.3.peg.1605.site.2, 24, 144, 168
1118061.3.peg.1605.site.3, 150, 150, 300
1118061.3.peg.1605.site.4, 42, 141, 183
1118061.3.peg.1605.site.5, 3, 143, 146
1118061.3.peg.1605.site.6, 9, 149, 158
1118061.3.peg.1605.site.7, 8, 147, 155
1118061.3.peg.1605.site.8, 1, 142, 143
1118061.3.peg.1605.site.9, 0, 111, 111
1118061.3.peg.1605.site.10, 24, 150, 174
1118061.3.peg.1605.site.11, 6, 150, 156
1118061.3.peg.1605.site.12, 12, 150, 162
1118061.3.peg.1605.site.13, 0, 150, 150
1118061.3.peg.1606.site.1, 3, 135, 138
1118061.3.peg.1606.site.2, 80, 127, 207
1118061.3.peg.1606.site.3, 9, 106, 115
1118061.3.peg.1606.site.4, 0, 120, 120
1118061.3.peg.1606.site.5, 3, 120, 123
1118061.3.peg.1606.site.6, 69, 114, 183
1118061.3.peg.1606.site.7, 3, 113, 116
1118061.3.peg.1606.site.8, 8, 127, 135
1118061.3.peg.1606.site.9, 0, 102, 102
1118061.3.peg.1606.site.10, 3, 124, 127
1118061.3.peg.1606.site.11, 8, 125, 133
1118061.3.peg.1606.site.12, 34, 111, 145
1118061.3.peg.1606.site.13, 73, 108, 181
1118061.3.peg.1606.site.14, 2, 121, 123
1118061.3.peg.1606.site.15, 33, 140, 173
1118061.3.peg.1607.site.1, 1, 146, 147
1118061.3.peg.1607.site.2, 128, 146, 274
1118061.3.peg.1607.site.3, 52, 148, 200
1118061.3.peg.1607.site.4, 38, 144, 182
1118061.3.peg.1607.site.5, 8, 142, 150
1118061.3.peg.1607.site.6, 4, 140, 144
1118061.3.peg.1607.site.7, 1, 146, 147
1118061.3.peg.1607.site.8, 0, 148, 148
1118061.3.peg.1607.site.9, 0, 150, 150
1118061.3.peg.1607.site.10, 21, 143, 164
1118061.3.peg.1607.site.11, 0, 146, 146
1118061.3.peg.1607.site.12, 0, 146, 146
1118061.3.peg.1607.site.13, 5, 145, 150
1118061.3.peg.1600.site.1, 124, 150, 274
1118061.3.peg.1600.site.2, 88, 150, 238
1118061.3.peg.1600.site.3, 120, 149, 269
1118061.3.peg.1600.site.4, 13, 149, 162
1118061.3.peg.1600.site.5, 1, 149, 150
1118061.3.peg.1600.site.6, 1, 150, 151
1118061.3.peg.1600.site.7, 28, 150, 178
1118061.3.peg.1600.site.8, 2, 149, 151
1118061.3.peg.1600.site.9, 15, 149, 164
1118061.3.peg.1600.site.10, 15, 148, 163
1118061.3.peg.1602.site.1, 2, 148, 150
1118061.3.peg.1602.site.2, 50, 142, 192
1118061.3.peg.1602.site.3, 52, 143, 195
1118061.3.peg.1602.site.4, 128, 145, 273
1118061.3.peg.1602.site.5, 0, 150, 150
1118061.3.peg.1602.site.6, 2, 134, 136
1118061.3.peg.1602.site.7, 2, 136, 138
1118061.3.peg.1603.site.1, 1, 148, 149
1118061.3.peg.1603.site.2, 23, 150, 173
1118061.3.peg.1603.site.3, 4, 150, 154
1118061.3.peg.1603.site.4, 3, 150, 153
1118061.3.peg.1603.site.5, 150, 150, 300
1118061.3.peg.1603.site.6, 1, 147, 148
1118061.3.peg.1603.site.7, 4, 131, 135
1118061.3.peg.1603.site.8, 3, 131, 134
1118061.3.peg.1603.site.9, 0, 128, 128
1118061.3.peg.1603.site.10, 3, 101, 104
1118061.3.peg.1603.site.11, 0, 145, 145
1118061.3.peg.1608.site.1, 2, 150, 152
1118061.3.peg.1608.site.2, 2, 149, 151
1118061.3.peg.1608.site.3, 2, 149, 151
1118061.3.peg.1608.site.4, 107, 107, 214
1118061.3.peg.1608.site.5, 86, 146, 232
1118061.3.peg.1608.site.6, 2, 147, 149
1118061.3.peg.1608.site.7, 144, 149, 293
1118061.3.peg.1608.site.8, 123, 148, 271
1118061.3.peg.1608.site.9, 145, 145, 290
1118061.3.peg.1608.site.10, 0, 145, 145
1118061.3.peg.1608.site.11, 2, 139, 141
1118061.3.peg.1608.site.12, 1, 136, 137
1118061.3.peg.1608.site.13, 4, 139, 143
1118061.3.peg.1608.site.14, 5, 142, 147
1118061.3.peg.1608.site.15, 1, 146, 147
1118061.3.peg.1608.site.16, 0, 147, 147
1118061.3.peg.1608.site.17, 6, 148, 154
1118061.3.peg.1608.site.18, 2, 141, 143
1118061.3.peg.1608.site.19, 10, 143, 153
1118061.3.peg.1608.site.20, 24, 144, 168
1118061.3.peg.1608.site.21, 34, 132, 166
1118061.3.peg.1608.site.22, 0, 147, 147
1118061.3.peg.1609.site.1, 0, 138, 138
1118061.3.peg.1609.site.2, 2, 132, 134
1118061.3.peg.1609.site.3, 3, 138, 141
1118061.3.peg.1609.site.4, 2, 139, 141
1118061.3.peg.1609.site.5, 1, 129, 130
1118061.3.peg.1609.site.6, 30, 130, 160
1118061.3.peg.1609.site.7, 1, 133, 134
1118061.3.peg.1609.site.8, 1, 139, 140
1118061.3.peg.1609.site.9, 4, 136, 140
1118061.3.peg.1609.site.10, 4, 120, 124
1118061.3.peg.1609.site.11, 24, 123, 147
1118061.3.peg.1609.site.12, 10, 142, 152
1118061.3.peg.1609.site.13, 1, 142, 143
1118061.3.peg.1609.site.14, 2, 142, 144
1118061.3.peg.1609.site.15, 2, 143, 145
1118061.3.peg.1609.site.16, 34, 140, 174
1118061.3.peg.1609.site.17, 0, 134, 134
1118061.3.peg.1609.site.18, 1, 135, 136
1118061.3.peg.1609.site.19, 92, 140, 232
1118061.3.peg.1609.site.20, 2, 132, 134
1118061.3.peg.1609.site.21, 132, 132, 264
1118061.3.peg.1609.site.22, 0, 133, 133
1118061.3.peg.1609.site.23, 1, 129, 130
1118061.3.peg.1609.site.24, 93, 112, 205
1118061.3.peg.1609.site.25, 2, 98, 100
1118061.3.peg.1609.site.26, 20, 108, 128
1118061.3.peg.1609.site.27, 1, 127, 128
1118061.3.peg.1609.site.28, 2, 136, 138
1118061.3.peg.1609.site.29, 2, 131, 133
1118061.3.peg.1609.site.30, 1, 115, 116
1118061.3.peg.1609.site.31, 7, 106, 113
1118061.3.peg.1609.site.32, 105, 106, 211
1118061.3.peg.1609.site.33, 2, 141, 143
1118061.3.peg.1609.site.34, 16, 141, 157
1118061.3.peg.1609.site.35, 2, 131, 133
1118061.3.peg.1609.site.36, 120, 121, 241
1118061.3.peg.1609.site.37, 3, 100, 103
1118061.3.peg.1609.site.38, 29, 123, 152
1118061.3.peg.1609.site.39, 37, 124, 161
1118061.3.peg.1609.site.40, 1, 133, 134
1118061.3.peg.1609.site.41, 1, 127, 128
1118061.3.peg.1609.site.42, 2, 132, 134
1118061.3.peg.1609.site.43, 1, 127, 128
1118061.3.peg.1609.site.44, 39, 135, 174
1118061.3.peg.1609.site.45, 0, 138, 138
1118061.3.peg.1609.site.46, 2, 143, 145
1118061.3.peg.1609.site.47, 2, 141, 143
1118061.3.peg.1609.site.48, 1, 140, 141
1118061.3.peg.1609.site.49, 69, 148, 217
1118061.3.peg.1543.site.1, 0, 144, 144
1118061.3.peg.1543.site.2, 15, 146, 161
1118061.3.peg.1543.site.3, 1, 146, 147
1118061.3.peg.1543.site.4, 20, 148, 168
1118061.3.peg.1543.site.5, 41, 148, 189
1118061.3.peg.1543.site.6, 148, 148, 296
1118061.3.peg.1543.site.7, 3, 150, 153
1118061.3.peg.1543.site.8, 3, 148, 151
1118061.3.peg.1543.site.9, 13, 147, 160
1118061.3.peg.1543.site.10, 6, 142, 148
1118061.3.peg.1543.site.11, 6, 134, 140
1118061.3.peg.1543.site.12, 1, 138, 139
1118061.3.peg.1543.site.13, 3, 144, 147
1118061.3.peg.1543.site.14, 1, 148, 149
1118061.3.peg.1543.site.15, 97, 136, 233
1118061.3.peg.1543.site.16, 9, 146, 155
1118061.3.peg.1543.site.17, 1, 144, 145
1118061.3.peg.1543.site.18, 91, 132, 223
1118061.3.peg.1543.site.19, 55, 134, 189
1118061.3.peg.1543.site.20, 10, 128, 138
1118061.3.peg.1543.site.21, 1, 130, 131
1118061.3.peg.1542.site.1, 3, 148, 151
1118061.3.peg.1542.site.2, 0, 149, 149
1118061.3.peg.1542.site.3, 19, 150, 169
1118061.3.peg.1542.site.4, 23, 138, 161
1118061.3.peg.1542.site.5, 2, 148, 150
1118061.3.peg.1542.site.6, 3, 144, 147
1118061.3.peg.1542.site.7, 11, 148, 159
1118061.3.peg.1542.site.8, 7, 150, 157
1118061.3.peg.1542.site.9, 0, 149, 149
1118061.3.peg.1542.site.10, 38, 149, 187
1118061.3.peg.1542.site.11, 0, 150, 150
1118061.3.peg.1541.site.1, 42, 127, 169
1118061.3.peg.1541.site.2, 119, 146, 265
1118061.3.peg.1541.site.3, 4, 149, 153
1118061.3.peg.1541.site.4, 0, 150, 150
1118061.3.peg.1541.site.5, 0, 149, 149
1118061.3.peg.1541.site.6, 77, 136, 213
1118061.3.peg.1541.site.7, 6, 137, 143
1118061.3.peg.1541.site.8, 0, 138, 138
1118061.3.peg.1541.site.9, 80, 131, 211
1118061.3.peg.1541.site.10, 18, 141, 159
1118061.3.peg.1541.site.11, 2, 149, 151
1118061.3.peg.1541.site.12, 51, 108, 159
1118061.3.peg.1541.site.13, 23, 132, 155
1118061.3.peg.1541.site.14, 44, 146, 190
1118061.3.peg.1540.site.1, 2, 106, 108
1118061.3.peg.1540.site.2, 1, 99, 100
1118061.3.peg.1540.site.3, 6, 141, 147
1118061.3.peg.1540.site.4, 0, 145, 145
1118061.3.peg.1540.site.5, 5, 146, 151
1118061.3.peg.1540.site.6, 2, 147, 149
1118061.3.peg.1540.site.7, 0, 150, 150
1118061.3.peg.1540.site.8, 1, 150, 151
1118061.3.peg.1540.site.9, 1, 150, 151
1118061.3.peg.1540.site.10, 11, 148, 159
1118061.3.peg.1540.site.11, 137, 147, 284
1118061.3.peg.1547.site.1, 100, 131, 231
1118061.3.peg.1547.site.2, 23, 149, 172
1118061.3.peg.1547.site.3, 3, 150, 153
1118061.3.peg.1547.site.4, 23, 137, 160
1118061.3.peg.1546.site.1, 42, 143, 185
1118061.3.peg.1546.site.2, 1, 150, 151
1118061.3.peg.1546.site.3, 0, 150, 150
1118061.3.peg.1546.site.4, 23, 149, 172
1118061.3.peg.1546.site.5, 0, 149, 149
1118061.3.peg.1546.site.6, 3, 140, 143
1118061.3.peg.1546.site.7, 4, 148, 152
1118061.3.peg.1546.site.8, 3, 141, 144
1118061.3.peg.1546.site.9, 75, 132, 207
1118061.3.peg.1546.site.10, 56, 132, 188
1118061.3.peg.1546.site.11, 23, 125, 148
1118061.3.peg.1546.site.12, 31, 120, 151
1118061.3.peg.1546.site.13, 25, 119, 144
1118061.3.peg.1546.site.14, 48, 121, 169
1118061.3.peg.1546.site.15, 126, 126, 252
1118061.3.peg.1544.site.1, 0, 130, 130
1118061.3.peg.1544.site.2, 42, 126, 168
1118061.3.peg.1544.site.3, 41, 137, 178
1118061.3.peg.1544.site.4, 7, 136, 143
1118061.3.peg.1544.site.5, 134, 134, 268
1118061.3.peg.1548.site.1, 43, 131, 174
1118061.3.peg.1548.site.2, 53, 137, 190
1118061.3.peg.1548.site.3, 0, 136, 136
1118061.3.peg.1548.site.4, 10, 139, 149
1118061.3.peg.1548.site.5, 136, 136, 272
1118061.3.peg.1548.site.6, 1, 129, 130
1118061.3.peg.1548.site.7, 28, 146, 174
1118061.3.peg.858.site.1, 0, 149, 149
1118061.3.peg.858.site.2, 0, 148, 148
1118061.3.peg.858.site.3, 2, 150, 152
1118061.3.peg.858.site.4, 2, 149, 151
1118061.3.peg.858.site.5, 3, 150, 153
1118061.3.peg.858.site.6, 0, 150, 150
1118061.3.peg.858.site.7, 3, 150, 153
1118061.3.peg.853.site.1, 2, 149, 151
1118061.3.peg.853.site.2, 132, 149, 281
1118061.3.peg.853.site.3, 123, 147, 270
1118061.3.peg.853.site.4, 14, 131, 145
1118061.3.peg.853.site.5, 80, 147, 227
1118061.3.peg.853.site.6, 1, 148, 149
1118061.3.peg.853.site.7, 0, 145, 145
1118061.3.peg.853.site.8, 139, 142, 281
1118061.3.peg.853.site.9, 0, 145, 145
1118061.3.peg.853.site.10, 10, 144, 154
1118061.3.peg.853.site.11, 0, 146, 146
1118061.3.peg.853.site.12, 2, 137, 139
1118061.3.peg.853.site.13, 4, 98, 102
1118061.3.peg.853.site.14, 1, 133, 134
1118061.3.peg.853.site.15, 1, 121, 122
1118061.3.peg.853.site.16, 1, 128, 129
1118061.3.peg.853.site.17, 1, 140, 141
1118061.3.peg.853.site.18, 1, 135, 136
1118061.3.peg.853.site.19, 117, 140, 257
1118061.3.peg.853.site.20, 2, 142, 144
1118061.3.peg.853.site.21, 10, 150, 160
1118061.3.peg.853.site.22, 1, 147, 148
1118061.3.peg.853.site.23, 125, 148, 273
1118061.3.peg.852.site.1, 19, 148, 167
1118061.3.peg.852.site.2, 46, 150, 196
1118061.3.peg.852.site.3, 3, 150, 153
1118061.3.peg.852.site.4, 5, 150, 155
1118061.3.peg.852.site.5, 23, 150, 173
1118061.3.peg.852.site.6, 9, 150, 159
1118061.3.peg.852.site.7, 13, 150, 163
1118061.3.peg.852.site.8, 34, 150, 184
1118061.3.peg.852.site.9, 1, 150, 151
1118061.3.peg.852.site.10, 0, 150, 150
1118061.3.peg.852.site.11, 27, 149, 176
1118061.3.peg.852.site.12, 1, 150, 151
1118061.3.peg.852.site.13, 45, 148, 193
1118061.3.peg.852.site.14, 10, 150, 160
1118061.3.peg.852.site.15, 3, 150, 153
1118061.3.peg.852.site.16, 43, 148, 191
1118061.3.peg.852.site.17, 0, 150, 150
1118061.3.peg.852.site.18, 6, 147, 153
1118061.3.peg.852.site.19, 0, 146, 146
1118061.3.peg.852.site.20, 0, 150, 150
1118061.3.peg.852.site.21, 6, 150, 156
1118061.3.peg.852.site.22, 4, 148, 152
1118061.3.peg.851.site.1, 0, 140, 140
1118061.3.peg.851.site.2, 47, 135, 182
1118061.3.peg.851.site.3, 7, 123, 130
1118061.3.peg.851.site.4, 113, 123, 236
1118061.3.peg.851.site.5, 1, 110, 111
1118061.3.peg.851.site.6, 0, 107, 107
1118061.3.peg.851.site.7, 14, 76, 90
1118061.3.peg.851.site.8, 1, 107, 108
1118061.3.peg.851.site.9, 15, 111, 126
1118061.3.peg.851.site.10, 108, 108, 216
1118061.3.peg.851.site.11, 15, 118, 133
1118061.3.peg.851.site.12, 8, 118, 126
1118061.3.peg.851.site.13, 3, 144, 147
1118061.3.peg.850.site.1, 1, 141, 142
1118061.3.peg.850.site.2, 1, 122, 123
1118061.3.peg.850.site.3, 7, 130, 137
1118061.3.peg.850.site.4, 134, 134, 268
1118061.3.peg.850.site.5, 29, 136, 165
1118061.3.peg.850.site.6, 6, 110, 116
1118061.3.peg.850.site.7, 24, 121, 145
1118061.3.peg.850.site.8, 38, 128, 166
1118061.3.peg.850.site.9, 0, 133, 133
1118061.3.peg.850.site.10, 7, 146, 153
1118061.3.peg.850.site.11, 0, 145, 145
1118061.3.peg.850.site.12, 2, 144, 146
1118061.3.peg.857.site.1, 2, 148, 150
1118061.3.peg.857.site.2, 0, 145, 145
1118061.3.peg.856.site.1, 146, 146, 292
1118061.3.peg.856.site.2, 1, 150, 151
1118061.3.peg.856.site.3, 117, 147, 264
1118061.3.peg.856.site.4, 30, 138, 168
1118061.3.peg.856.site.5, 1, 138, 139
1118061.3.peg.856.site.6, 94, 148, 242
1118061.3.peg.855.site.1, 0, 150, 150
1118061.3.peg.855.site.2, 114, 148, 262
1118061.3.peg.855.site.3, 0, 144, 144
1118061.3.peg.854.site.1, 75, 149, 224
1118061.3.peg.854.site.2, 76, 147, 223
1118061.3.peg.854.site.3, 54, 147, 201
1118061.3.peg.854.site.4, 3, 148, 151
1118061.3.peg.854.site.5, 0, 148, 148
1118061.3.peg.854.site.6, 0, 147, 147
1118061.3.peg.854.site.7, 128, 147, 275
1118061.3.peg.854.site.8, 3, 148, 151
1118061.3.peg.854.site.9, 0, 147, 147
1118061.3.peg.854.site.10, 74, 145, 219
1118061.3.peg.854.site.11, 12, 148, 160
1118061.3.peg.854.site.12, 3, 149, 152
1118061.3.peg.854.site.13, 3, 149, 152
1118061.3.peg.854.site.14, 3, 149, 152
1118061.3.peg.854.site.15, 2, 148, 150
1118061.3.peg.854.site.16, 127, 147, 274
1118061.3.peg.854.site.17, 1, 146, 147
1118061.3.peg.2638.site.1, 91, 120, 211
1118061.3.peg.2638.site.2, 28, 127, 155
1118061.3.peg.2638.site.3, 3, 133, 136
1118061.3.peg.2638.site.4, 57, 148, 205
1118061.3.peg.2638.site.5, 2, 147, 149
1118061.3.peg.2638.site.6, 0, 145, 145
1118061.3.peg.2638.site.7, 0, 148, 148
1118061.3.peg.2638.site.8, 0, 150, 150
1118061.3.peg.2638.site.9, 0, 148, 148
1118061.3.peg.2638.site.10, 0, 138, 138
1118061.3.peg.2638.site.11, 0, 150, 150
1118061.3.peg.2630.site.1, 1, 145, 146
1118061.3.peg.2630.site.2, 38, 148, 186
1118061.3.peg.2630.site.3, 0, 149, 149
1118061.3.peg.2630.site.4, 12, 150, 162
1118061.3.peg.2630.site.5, 4, 149, 153
1118061.3.peg.2630.site.6, 1, 150, 151
1118061.3.peg.2630.site.7, 1, 150, 151
1118061.3.peg.2630.site.8, 26, 150, 176
1118061.3.peg.2630.site.9, 1, 150, 151
1118061.3.peg.2630.site.10, 3, 149, 152
1118061.3.peg.2630.site.11, 119, 149, 268
1118061.3.peg.2630.site.12, 26, 150, 176
1118061.3.peg.2630.site.13, 1, 145, 146
1118061.3.peg.2630.site.14, 16, 144, 160
1118061.3.peg.2630.site.15, 29, 143, 172
1118061.3.peg.2630.site.16, 5, 147, 152
1118061.3.peg.2630.site.17, 4, 147, 151
1118061.3.peg.2630.site.18, 35, 148, 183
1118061.3.peg.2630.site.19, 0, 145, 145
1118061.3.peg.2630.site.20, 0, 149, 149
1118061.3.peg.2630.site.21, 15, 147, 162
1118061.3.peg.2630.site.22, 3, 148, 151
1118061.3.peg.2630.site.23, 51, 146, 197
1118061.3.peg.2630.site.24, 52, 147, 199
1118061.3.peg.2631.site.1, 1, 146, 147
1118061.3.peg.2631.site.2, 0, 149, 149
1118061.3.peg.2631.site.3, 12, 150, 162
1118061.3.peg.2631.site.4, 1, 148, 149
1118061.3.peg.2631.site.5, 1, 148, 149
1118061.3.peg.2631.site.6, 35, 134, 169
1118061.3.peg.2631.site.7, 1, 137, 138
1118061.3.peg.2631.site.8, 0, 147, 147
1118061.3.peg.2631.site.9, 0, 148, 148
1118061.3.peg.2631.site.10, 37, 147, 184
1118061.3.peg.2631.site.11, 0, 149, 149
1118061.3.peg.2632.site.1, 101, 147, 248
1118061.3.peg.2632.site.2, 0, 150, 150
1118061.3.peg.2632.site.3, 23, 149, 172
1118061.3.peg.2632.site.4, 11, 150, 161
1118061.3.peg.2632.site.5, 3, 148, 151
1118061.3.peg.2632.site.6, 2, 149, 151
1118061.3.peg.2632.site.7, 1, 150, 151
1118061.3.peg.2632.site.8, 2, 146, 148
1118061.3.peg.2632.site.9, 41, 135, 176
1118061.3.peg.2632.site.10, 3, 145, 148
1118061.3.peg.2632.site.11, 57, 150, 207
1118061.3.peg.2632.site.12, 0, 150, 150
1118061.3.peg.2632.site.13, 1, 150, 151
1118061.3.peg.2632.site.14, 42, 149, 191
1118061.3.peg.2632.site.15, 1, 149, 150
1118061.3.peg.2632.site.16, 5, 148, 153
1118061.3.peg.2632.site.17, 3, 147, 150
1118061.3.peg.2632.site.18, 9, 150, 159
1118061.3.peg.2632.site.19, 2, 149, 151
1118061.3.peg.2633.site.1, 0, 147, 147
1118061.3.peg.2633.site.2, 0, 100, 100
1118061.3.peg.2633.site.3, 0, 149, 149
1118061.3.peg.2633.site.4, 0, 149, 149
1118061.3.peg.2633.site.5, 6, 150, 156
1118061.3.peg.2633.site.6, 67, 149, 216
1118061.3.peg.2633.site.7, 68, 150, 218
1118061.3.peg.2633.site.8, 1, 150, 151
1118061.3.peg.2633.site.9, 62, 149, 211
1118061.3.peg.2633.site.10, 2, 149, 151
1118061.3.peg.2633.site.11, 79, 148, 227
1118061.3.peg.2633.site.12, 43, 150, 193
1118061.3.peg.2633.site.13, 2, 149, 151
1118061.3.peg.2633.site.14, 19, 150, 169
1118061.3.peg.2633.site.15, 0, 150, 150
1118061.3.peg.2633.site.16, 1, 150, 151
1118061.3.peg.2633.site.17, 1, 150, 151
1118061.3.peg.2633.site.18, 3, 150, 153
1118061.3.peg.2633.site.19, 9, 150, 159
1118061.3.peg.2633.site.20, 150, 150, 300
1118061.3.peg.2633.site.21, 13, 150, 163
1118061.3.peg.2633.site.22, 0, 150, 150
1118061.3.peg.2633.site.23, 9, 150, 159
1118061.3.peg.2633.site.24, 0, 138, 138
1118061.3.peg.2633.site.25, 2, 141, 143
1118061.3.peg.2633.site.26, 149, 149, 298
1118061.3.peg.2633.site.27, 11, 150, 161
1118061.3.peg.2633.site.28, 26, 149, 175
1118061.3.peg.2633.site.29, 144, 144, 288
1118061.3.peg.2633.site.30, 3, 142, 145
1118061.3.peg.2633.site.31, 0, 142, 142
1118061.3.peg.2634.site.1, 1, 148, 149
1118061.3.peg.2634.site.2, 18, 149, 167
1118061.3.peg.2634.site.3, 0, 149, 149
1118061.3.peg.2634.site.4, 150, 150, 300
1118061.3.peg.2634.site.5, 3, 143, 146
1118061.3.peg.2634.site.6, 3, 141, 144
1118061.3.peg.2634.site.7, 2, 138, 140
1118061.3.peg.2634.site.8, 33, 137, 170
1118061.3.peg.2634.site.9, 22, 135, 157
1118061.3.peg.2634.site.10, 11, 140, 151
1118061.3.peg.2634.site.11, 1, 135, 136
1118061.3.peg.2634.site.12, 0, 148, 148
1118061.3.peg.2634.site.13, 33, 149, 182
1118061.3.peg.2634.site.14, 8, 150, 158
1118061.3.peg.2635.site.1, 17, 144, 161
1118061.3.peg.2635.site.2, 50, 112, 162
1118061.3.peg.2635.site.3, 2, 105, 107
1118061.3.peg.2635.site.4, 1, 114, 115
1118061.3.peg.2635.site.5, 3, 136, 139
1118061.3.peg.2635.site.6, 29, 138, 167
1118061.3.peg.2635.site.7, 2, 133, 135
1118061.3.peg.2635.site.8, 1, 133, 134
1118061.3.peg.2635.site.9, 59, 128, 187
1118061.3.peg.2635.site.10, 58, 111, 169
1118061.3.peg.2635.site.11, 0, 128, 128
1118061.3.peg.2635.site.12, 76, 132, 208
1118061.3.peg.2635.site.13, 39, 136, 175
1118061.3.peg.2635.site.14, 52, 147, 199
1118061.3.peg.2635.site.15, 63, 150, 213
1118061.3.peg.2635.site.16, 19, 149, 168
1118061.3.peg.2635.site.17, 12, 149, 161
1118061.3.peg.2635.site.18, 23, 150, 173
1118061.3.peg.2635.site.19, 9, 147, 156
1118061.3.peg.2635.site.20, 2, 148, 150
1118061.3.peg.2635.site.21, 2, 140, 142
1118061.3.peg.2635.site.22, 3, 149, 152
1118061.3.peg.2635.site.23, 0, 150, 150
1118061.3.peg.2635.site.24, 25, 150, 175
1118061.3.peg.2637.site.1, 21, 149, 170
1118061.3.peg.2637.site.2, 0, 149, 149
1118061.3.peg.2637.site.3, 4, 149, 153
1118061.3.peg.2637.site.4, 49, 148, 197
1118061.3.peg.2637.site.5, 0, 149, 149
1118061.3.peg.2637.site.6, 0, 149, 149
1118061.3.peg.2637.site.7, 150, 150, 300
1118061.3.peg.2637.site.8, 3, 150, 153
1118061.3.peg.2637.site.9, 0, 148, 148
1118061.3.peg.2637.site.10, 149, 149, 298
1118061.3.peg.2380.site.1, 0, 136, 136
1118061.3.peg.2380.site.2, 95, 136, 231
1118061.3.peg.2380.site.3, 101, 135, 236
1118061.3.peg.2380.site.4, 0, 135, 135
1118061.3.peg.2380.site.5, 0, 135, 135
1118061.3.peg.2380.site.6, 0, 137, 137
1118061.3.peg.2380.site.7, 32, 137, 169
1118061.3.peg.2380.site.8, 0, 137, 137
1118061.3.peg.2380.site.9, 0, 135, 135
1118061.3.peg.2380.site.10, 3, 135, 138
1118061.3.peg.2380.site.11, 2, 136, 138
1118061.3.peg.2380.site.12, 136, 136, 272
1118061.3.peg.2380.site.13, 1, 136, 137
1118061.3.peg.2380.site.14, 4, 136, 140
1118061.3.peg.2380.site.15, 0, 137, 137
1118061.3.peg.2380.site.16, 0, 137, 137
1118061.3.peg.2380.site.17, 136, 136, 272
1118061.3.peg.2380.site.18, 0, 135, 135
1118061.3.peg.2380.site.19, 2, 136, 138
1118061.3.peg.2380.site.20, 2, 136, 138
1118061.3.peg.2380.site.21, 58, 135, 193
1118061.3.peg.2380.site.22, 1, 136, 137
1118061.3.peg.2381.site.1, 67, 144, 211
1118061.3.peg.2381.site.2, 74, 146, 220
1118061.3.peg.2381.site.3, 0, 147, 147
1118061.3.peg.2381.site.4, 0, 150, 150
1118061.3.peg.2381.site.5, 2, 150, 152
1118061.3.peg.2381.site.6, 150, 150, 300
1118061.3.peg.2381.site.7, 2, 148, 150
1118061.3.peg.2381.site.8, 0, 149, 149
1118061.3.peg.2381.site.9, 11, 150, 161
1118061.3.peg.2381.site.10, 6, 150, 156
1118061.3.peg.2381.site.11, 58, 143, 201
1118061.3.peg.2381.site.12, 2, 144, 146
1118061.3.peg.2381.site.13, 2, 145, 147
1118061.3.peg.2381.site.14, 24, 148, 172
1118061.3.peg.2381.site.15, 39, 147, 186
1118061.3.peg.2381.site.16, 128, 147, 275
1118061.3.peg.2381.site.17, 51, 142, 193
1118061.3.peg.2381.site.18, 146, 146, 292
1118061.3.peg.2381.site.19, 62, 148, 210
1118061.3.peg.2381.site.20, 35, 148, 183
1118061.3.peg.2381.site.21, 35, 150, 185
1118061.3.peg.2381.site.22, 42, 141, 183
1118061.3.peg.2381.site.23, 121, 145, 266
1118061.3.peg.2382.site.1, 60, 62, 122
1118061.3.peg.2382.site.2, 62, 63, 125
1118061.3.peg.2382.site.3, 1, 53, 54
1118061.3.peg.2382.site.4, 56, 115, 171
1118061.3.peg.2382.site.5, 3, 127, 130
1118061.3.peg.2382.site.6, 0, 132, 132
1118061.3.peg.2383.site.1, 1, 134, 135
1118061.3.peg.2383.site.2, 0, 150, 150
1118061.3.peg.2383.site.3, 57, 149, 206
1118061.3.peg.2383.site.4, 21, 150, 171
1118061.3.peg.2383.site.5, 21, 149, 170
1118061.3.peg.2383.site.6, 136, 150, 286
1118061.3.peg.2383.site.7, 26, 150, 176
1118061.3.peg.58.site.1, 14, 146, 160
1118061.3.peg.58.site.2, 17, 146, 163
1118061.3.peg.58.site.3, 44, 148, 192
1118061.3.peg.58.site.4, 85, 150, 235
1118061.3.peg.58.site.5, 124, 150, 274
1118061.3.peg.58.site.6, 0, 150, 150
1118061.3.peg.59.site.1, 65, 149, 214
1118061.3.peg.59.site.2, 0, 147, 147
1118061.3.peg.59.site.3, 12, 142, 154
1118061.3.peg.59.site.4, 6, 138, 144
1118061.3.peg.59.site.5, 0, 150, 150
1118061.3.peg.59.site.6, 2, 149, 151
1118061.3.peg.59.site.7, 12, 148, 160
1118061.3.peg.59.site.8, 2, 145, 147
1118061.3.peg.59.site.9, 2, 146, 148
1118061.3.peg.59.site.10, 46, 149, 195
1118061.3.peg.59.site.11, 93, 146, 239
1118061.3.peg.59.site.12, 0, 148, 148
1118061.3.peg.59.site.13, 71, 148, 219
1118061.3.peg.59.site.14, 2, 149, 151
1118061.3.peg.59.site.15, 0, 150, 150
1118061.3.peg.59.site.16, 17, 148, 165
1118061.3.peg.59.site.17, 12, 147, 159
1118061.3.peg.59.site.18, 21, 148, 169
1118061.3.peg.59.site.19, 0, 146, 146
1118061.3.peg.59.site.20, 2, 150, 152
1118061.3.peg.59.site.21, 2, 148, 150
1118061.3.peg.59.site.22, 19, 150, 169
1118061.3.peg.59.site.23, 0, 150, 150
1118061.3.peg.2387.site.1, 81, 97, 178
1118061.3.peg.2387.site.2, 14, 92, 106
1118061.3.peg.2387.site.3, 15, 96, 111
1118061.3.peg.2387.site.4, 12, 93, 105
1118061.3.peg.2387.site.5, 20, 103, 123
1118061.3.peg.2387.site.6, 47, 100, 147
1118061.3.peg.2387.site.7, 21, 130, 151
1118061.3.peg.2387.site.8, 3, 131, 134
1118061.3.peg.2387.site.9, 20, 127, 147
1118061.3.peg.2387.site.10, 52, 107, 159
1118061.3.peg.2387.site.11, 0, 88, 88
1118061.3.peg.2387.site.12, 1, 97, 98
1118061.3.peg.2387.site.13, 13, 86, 99
1118061.3.peg.2387.site.14, 59, 125, 184
1118061.3.peg.2387.site.15, 59, 129, 188
1118061.3.peg.2387.site.16, 115, 145, 260
1118061.3.peg.2387.site.17, 1, 148, 149
1118061.3.peg.2387.site.18, 0, 148, 148
1118061.3.peg.2387.site.19, 28, 147, 175
1118061.3.peg.2387.site.20, 58, 147, 205
1118061.3.peg.2387.site.21, 0, 142, 142
1118061.3.peg.2387.site.22, 16, 146, 162
1118061.3.peg.2387.site.23, 71, 148, 219
1118061.3.peg.2387.site.24, 139, 139, 278
1118061.3.peg.2387.site.25, 0, 126, 126
1118061.3.peg.2387.site.26, 2, 123, 125
1118061.3.peg.2387.site.27, 23, 122, 145
1118061.3.peg.2387.site.28, 1, 120, 121
1118061.3.peg.2387.site.29, 11, 120, 131
1118061.3.peg.2387.site.30, 17, 125, 142
1118061.3.peg.2387.site.31, 1, 130, 131
1118061.3.peg.2387.site.32, 148, 149, 297
1118061.3.peg.2387.site.33, 2, 150, 152
1118061.3.peg.2387.site.34, 0, 150, 150
1118061.3.peg.54.site.1, 45, 144, 189
1118061.3.peg.54.site.2, 141, 149, 290
1118061.3.peg.54.site.3, 142, 147, 289
1118061.3.peg.54.site.4, 54, 143, 197
1118061.3.peg.54.site.5, 59, 146, 205
1118061.3.peg.54.site.6, 67, 149, 216
1118061.3.peg.54.site.7, 19, 149, 168
1118061.3.peg.54.site.8, 19, 147, 166
1118061.3.peg.54.site.9, 55, 144, 199
1118061.3.peg.54.site.10, 64, 145, 209
1118061.3.peg.54.site.11, 3, 139, 142
1118061.3.peg.54.site.12, 42, 143, 185
1118061.3.peg.54.site.13, 115, 146, 261
1118061.3.peg.54.site.14, 27, 147, 174
1118061.3.peg.54.site.15, 9, 143, 152
1118061.3.peg.54.site.16, 144, 146, 290
1118061.3.peg.54.site.17, 94, 148, 242
1118061.3.peg.54.site.18, 14, 150, 164
1118061.3.peg.54.site.19, 13, 148, 161
1118061.3.peg.54.site.20, 5, 149, 154
1118061.3.peg.54.site.21, 14, 150, 164
1118061.3.peg.54.site.22, 2, 149, 151
1118061.3.peg.54.site.23, 1, 150, 151
1118061.3.peg.54.site.24, 33, 149, 182
1118061.3.peg.55.site.1, 18, 148, 166
1118061.3.peg.55.site.2, 3, 149, 152
1118061.3.peg.55.site.3, 0, 144, 144
1118061.3.peg.57.site.1, 1, 116, 117
1118061.3.peg.57.site.2, 22, 118, 140
1118061.3.peg.57.site.3, 50, 123, 173
1118061.3.peg.57.site.4, 19, 135, 154
1118061.3.peg.57.site.5, 3, 134, 137
1118061.3.peg.57.site.6, 42, 139, 181
1118061.3.peg.57.site.7, 0, 148, 148
1118061.3.peg.57.site.8, 120, 134, 254
1118061.3.peg.57.site.9, 39, 141, 180
1118061.3.peg.57.site.10, 2, 142, 144
1118061.3.peg.57.site.11, 96, 148, 244
1118061.3.peg.57.site.12, 2, 150, 152
1118061.3.peg.57.site.13, 61, 146, 207
1118061.3.peg.57.site.14, 62, 148, 210
1118061.3.peg.57.site.15, 13, 147, 160
1118061.3.peg.57.site.16, 149, 149, 298
1118061.3.peg.57.site.17, 3, 148, 151
1118061.3.peg.57.site.18, 57, 145, 202
1118061.3.peg.57.site.19, 0, 149, 149
1118061.3.peg.57.site.20, 21, 132, 153
1118061.3.peg.57.site.21, 35, 148, 183
1118061.3.peg.57.site.22, 22, 149, 171
1118061.3.peg.57.site.23, 2, 147, 149
1118061.3.peg.57.site.24, 1, 143, 144
1118061.3.peg.57.site.25, 43, 145, 188
1118061.3.peg.57.site.26, 2, 144, 146
1118061.3.peg.57.site.27, 2, 147, 149
1118061.3.peg.57.site.28, 45, 146, 191
1118061.3.peg.57.site.29, 27, 149, 176
1118061.3.peg.57.site.30, 22, 148, 170
1118061.3.peg.57.site.31, 57, 147, 204
1118061.3.peg.57.site.32, 24, 141, 165
1118061.3.peg.57.site.33, 28, 136, 164
1118061.3.peg.57.site.34, 2, 150, 152
1118061.3.peg.57.site.35, 6, 147, 153
1118061.3.peg.50.site.1, 2, 150, 152
1118061.3.peg.50.site.2, 4, 139, 143
1118061.3.peg.50.site.3, 0, 130, 130
1118061.3.peg.50.site.4, 9, 131, 140
1118061.3.peg.50.site.5, 102, 137, 239
1118061.3.peg.50.site.6, 35, 125, 160
1118061.3.peg.50.site.7, 1, 143, 144
1118061.3.peg.50.site.8, 15, 145, 160
1118061.3.peg.50.site.9, 8, 147, 155
1118061.3.peg.50.site.10, 24, 149, 173
1118061.3.peg.50.site.11, 2, 138, 140
1118061.3.peg.50.site.12, 33, 138, 171
1118061.3.peg.50.site.13, 2, 146, 148
1118061.3.peg.50.site.14, 0, 144, 144
1118061.3.peg.50.site.15, 16, 148, 164
1118061.3.peg.50.site.16, 2, 148, 150
1118061.3.peg.50.site.17, 0, 147, 147
1118061.3.peg.50.site.18, 22, 147, 169
1118061.3.peg.50.site.19, 2, 149, 151
1118061.3.peg.50.site.20, 0, 148, 148
1118061.3.peg.50.site.21, 21, 149, 170
1118061.3.peg.50.site.22, 0, 149, 149
1118061.3.peg.50.site.23, 17, 150, 167
1118061.3.peg.50.site.24, 3, 149, 152
1118061.3.peg.50.site.25, 1, 148, 149
1118061.3.peg.50.site.26, 0, 148, 148
1118061.3.peg.50.site.27, 50, 149, 199
1118061.3.peg.51.site.1, 2, 150, 152
1118061.3.peg.51.site.2, 1, 143, 144
1118061.3.peg.51.site.3, 1, 133, 134
1118061.3.peg.51.site.4, 4, 137, 141
1118061.3.peg.51.site.5, 46, 121, 167
1118061.3.peg.51.site.6, 1, 123, 124
1118061.3.peg.51.site.7, 1, 145, 146
1118061.3.peg.52.site.1, 0, 148, 148
1118061.3.peg.52.site.2, 1, 149, 150
1118061.3.peg.52.site.3, 3, 145, 148
1118061.3.peg.52.site.4, 142, 144, 286
1118061.3.peg.52.site.5, 2, 142, 144
1118061.3.peg.52.site.6, 19, 148, 167
1118061.3.peg.52.site.7, 144, 147, 291
1118061.3.peg.52.site.8, 8, 143, 151
1118061.3.peg.52.site.9, 98, 116, 214
1118061.3.peg.52.site.10, 0, 146, 146
1118061.3.peg.52.site.11, 0, 149, 149
1118061.3.peg.52.site.12, 0, 140, 140
1118061.3.peg.52.site.13, 3, 149, 152
1118061.3.peg.52.site.14, 30, 149, 179
1118061.3.peg.52.site.15, 61, 146, 207
1118061.3.peg.52.site.16, 141, 143, 284
1118061.3.peg.52.site.17, 23, 147, 170
1118061.3.peg.52.site.18, 3, 150, 153
1118061.3.peg.52.site.19, 3, 144, 147
1118061.3.peg.52.site.20, 12, 145, 157
1118061.3.peg.52.site.21, 16, 140, 156
1118061.3.peg.52.site.22, 142, 142, 284
1118061.3.peg.52.site.23, 23, 126, 149
1118061.3.peg.52.site.24, 6, 113, 119
1118061.3.peg.52.site.25, 4, 91, 95
1118061.3.peg.52.site.26, 84, 121, 205
1118061.3.peg.52.site.27, 26, 113, 139
1118061.3.peg.52.site.28, 26, 141, 167
1118061.3.peg.52.site.29, 141, 141, 282
1118061.3.peg.52.site.30, 109, 139, 248
1118061.3.peg.52.site.31, 12, 138, 150
1118061.3.peg.52.site.32, 3, 132, 135
1118061.3.peg.52.site.33, 1, 124, 125
1118061.3.peg.52.site.34, 24, 136, 160
1118061.3.peg.52.site.35, 48, 146, 194
1118061.3.peg.53.site.1, 6, 144, 150
1118061.3.peg.53.site.2, 19, 143, 162
1118061.3.peg.53.site.3, 140, 149, 289
1118061.3.peg.53.site.4, 46, 145, 191
1118061.3.peg.53.site.5, 57, 149, 206
1118061.3.peg.53.site.6, 19, 149, 168
1118061.3.peg.53.site.7, 56, 149, 205
1118061.3.peg.53.site.8, 2, 150, 152
1118061.3.peg.2146.site.1, 2, 147, 149
1118061.3.peg.2146.site.2, 114, 114, 228
1118061.3.peg.2146.site.3, 8, 111, 119
1118061.3.peg.2146.site.4, 66, 108, 174
1118061.3.peg.2146.site.5, 80, 129, 209
1118061.3.peg.2146.site.6, 2, 134, 136
1118061.3.peg.2146.site.7, 0, 146, 146
1118061.3.peg.2146.site.8, 39, 141, 180
1118061.3.peg.2146.site.9, 1, 137, 138
1118061.3.peg.2146.site.10, 0, 142, 142
1118061.3.peg.2146.site.11, 37, 142, 179
1118061.3.peg.2146.site.12, 38, 131, 169
1118061.3.peg.2146.site.13, 80, 143, 223
1118061.3.peg.912.site.1, 0, 149, 149
1118061.3.peg.912.site.2, 2, 150, 152
1118061.3.peg.912.site.3, 1, 142, 143
1118061.3.peg.912.site.4, 18, 143, 161
1118061.3.peg.912.site.5, 10, 141, 151
1118061.3.peg.912.site.6, 26, 139, 165
1118061.3.peg.912.site.7, 17, 141, 158
1118061.3.peg.912.site.8, 0, 147, 147
1118061.3.peg.912.site.9, 0, 147, 147
1118061.3.peg.912.site.10, 24, 148, 172
1118061.3.peg.912.site.11, 6, 147, 153
1118061.3.peg.912.site.12, 0, 146, 146
1118061.3.peg.912.site.13, 8, 148, 156
1118061.3.peg.2144.site.1, 1, 128, 129
1118061.3.peg.2144.site.2, 20, 124, 144
1118061.3.peg.2144.site.3, 52, 59, 111
1118061.3.peg.2144.site.4, 45, 62, 107
1118061.3.peg.2144.site.5, 1, 80, 81
1118061.3.peg.2144.site.6, 3, 79, 82
1118061.3.peg.2144.site.7, 3, 75, 78
1118061.3.peg.2144.site.8, 32, 54, 86
1118061.3.peg.2144.site.9, 41, 52, 93
1118061.3.peg.2144.site.10, 3, 71, 74
1118061.3.peg.2144.site.11, 3, 66, 69
1118061.3.peg.2144.site.12, 1, 76, 77
1118061.3.peg.2144.site.13, 76, 77, 153
1118061.3.peg.2144.site.14, 10, 80, 90
1118061.3.peg.2144.site.15, 4, 83, 87
1118061.3.peg.2144.site.16, 45, 90, 135
1118061.3.peg.2144.site.17, 9, 85, 94
1118061.3.peg.2144.site.18, 60, 69, 129
1118061.3.peg.2144.site.19, 3, 65, 68
1118061.3.peg.2144.site.20, 2, 64, 66
1118061.3.peg.2144.site.21, 0, 75, 75
1118061.3.peg.2144.site.22, 20, 75, 95
1118061.3.peg.2144.site.23, 12, 75, 87
1118061.3.peg.2144.site.24, 1, 76, 77
1118061.3.peg.2144.site.25, 2, 77, 79
1118061.3.peg.2144.site.26, 1, 93, 94
1118061.3.peg.2144.site.27, 2, 133, 135
1118061.3.peg.2144.site.28, 4, 126, 130
1118061.3.peg.2144.site.29, 42, 124, 166
1118061.3.peg.2144.site.30, 0, 144, 144
1118061.3.peg.2144.site.31, 2, 122, 124
1118061.3.peg.2144.site.32, 2, 144, 146
1118061.3.peg.2144.site.33, 70, 112, 182
1118061.3.peg.2144.site.34, 115, 128, 243
1118061.3.peg.2144.site.35, 1, 132, 133
1118061.3.peg.2144.site.36, 0, 145, 145
1118061.3.peg.2144.site.37, 95, 123, 218
1118061.3.peg.2144.site.38, 96, 115, 211
1118061.3.peg.2144.site.39, 54, 118, 172
1118061.3.peg.2144.site.40, 92, 135, 227
1118061.3.peg.2144.site.41, 47, 122, 169
1118061.3.peg.2144.site.42, 147, 147, 294
1118061.3.peg.2144.site.43, 0, 141, 141
1118061.3.peg.2144.site.44, 2, 135, 137
1118061.3.peg.2144.site.45, 9, 112, 121
1118061.3.peg.2144.site.46, 7, 132, 139
1118061.3.peg.2144.site.47, 0, 139, 139
1118061.3.peg.2144.site.48, 7, 139, 146
1118061.3.peg.2144.site.49, 100, 128, 228
1118061.3.peg.2144.site.50, 2, 133, 135
1118061.3.peg.2144.site.51, 0, 140, 140
1118061.3.peg.2144.site.52, 0, 138, 138
1118061.3.peg.2144.site.53, 14, 135, 149
1118061.3.peg.2144.site.54, 6, 136, 142
1118061.3.peg.2144.site.55, 7, 123, 130
1118061.3.peg.2144.site.56, 6, 108, 114
1118061.3.peg.2144.site.57, 0, 140, 140
1118061.3.peg.2144.site.58, 0, 130, 130
1118061.3.peg.2144.site.59, 0, 124, 124
1118061.3.peg.2144.site.60, 3, 89, 92
1118061.3.peg.2144.site.61, 3, 87, 90
1118061.3.peg.2144.site.62, 4, 71, 75
1118061.3.peg.2144.site.63, 74, 91, 165
1118061.3.peg.2144.site.64, 0, 123, 123
1118061.3.peg.2144.site.65, 122, 122, 244
1118061.3.peg.2144.site.66, 1, 130, 131
1118061.3.peg.2144.site.67, 7, 106, 113
1118061.3.peg.2144.site.68, 8, 110, 118
1118061.3.peg.2144.site.69, 0, 127, 127
1118061.3.peg.2144.site.70, 17, 86, 103
1118061.3.peg.2144.site.71, 17, 89, 106
1118061.3.peg.2144.site.72, 0, 117, 117
1118061.3.peg.2144.site.73, 1, 124, 125
1118061.3.peg.2144.site.74, 26, 110, 136
1118061.3.peg.2144.site.75, 0, 139, 139
1118061.3.peg.2144.site.76, 0, 140, 140
1118061.3.peg.2144.site.77, 0, 143, 143
1118061.3.peg.2144.site.78, 4, 141, 145
1118061.3.peg.2144.site.79, 51, 119, 170
1118061.3.peg.2144.site.80, 67, 121, 188
1118061.3.peg.2144.site.81, 2, 135, 137
1118061.3.peg.2144.site.82, 139, 139, 278
1118061.3.peg.2144.site.83, 0, 139, 139
1118061.3.peg.2144.site.84, 95, 139, 234
1118061.3.peg.2144.site.85, 116, 130, 246
1118061.3.peg.2144.site.86, 43, 127, 170
1118061.3.peg.2144.site.87, 115, 128, 243
1118061.3.peg.2144.site.88, 10, 128, 138
1118061.3.peg.2144.site.89, 0, 117, 117
1118061.3.peg.2144.site.90, 1, 107, 108
1118061.3.peg.2144.site.91, 80, 80, 160
1118061.3.peg.2145.site.1, 0, 148, 148
1118061.3.peg.2142.site.1, 0, 150, 150
1118061.3.peg.2143.site.1, 1, 149, 150
1118061.3.peg.2143.site.2, 4, 149, 153
1118061.3.peg.2140.site.1, 1, 144, 145
1118061.3.peg.2140.site.2, 1, 146, 147
1118061.3.peg.2140.site.3, 1, 144, 145
1118061.3.peg.2140.site.4, 2, 137, 139
1118061.3.peg.2140.site.5, 4, 104, 108
1118061.3.peg.2140.site.6, 15, 95, 110
1118061.3.peg.2140.site.7, 52, 109, 161
1118061.3.peg.2140.site.8, 31, 121, 152
1118061.3.peg.2140.site.9, 0, 148, 148
1118061.3.peg.2140.site.10, 13, 146, 159
1118061.3.peg.2140.site.11, 100, 144, 244
1118061.3.peg.2141.site.1, 1, 147, 148
1118061.3.peg.2141.site.2, 32, 146, 178
1118061.3.peg.2141.site.3, 132, 148, 280
1118061.3.peg.2141.site.4, 94, 145, 239
1118061.3.peg.2141.site.5, 2, 149, 151
1118061.3.peg.2141.site.6, 35, 149, 184
1118061.3.peg.2141.site.7, 2, 150, 152
1118061.3.peg.2141.site.8, 0, 149, 149
1118061.3.peg.2141.site.9, 0, 148, 148
1118061.3.peg.2418.site.1, 49, 144, 193
1118061.3.peg.2418.site.2, 137, 148, 285
1118061.3.peg.2418.site.3, 51, 145, 196
1118061.3.peg.2418.site.4, 0, 139, 139
1118061.3.peg.2418.site.5, 40, 130, 170
1118061.3.peg.2418.site.6, 3, 140, 143
1118061.3.peg.2418.site.7, 134, 136, 270
1118061.3.peg.2418.site.8, 2, 147, 149
1118061.3.peg.2418.site.9, 2, 148, 150
1118061.3.peg.2418.site.10, 134, 149, 283
1118061.3.peg.2418.site.11, 0, 149, 149
1118061.3.peg.2418.site.12, 137, 147, 284
1118061.3.peg.2418.site.13, 3, 147, 150
1118061.3.peg.2418.site.14, 58, 146, 204
1118061.3.peg.2418.site.15, 4, 148, 152
1118061.3.peg.2418.site.16, 72, 148, 220
1118061.3.peg.2418.site.17, 0, 148, 148
1118061.3.peg.2418.site.18, 1, 147, 148
1118061.3.peg.2418.site.19, 2, 147, 149
1118061.3.peg.2418.site.20, 144, 144, 288
1118061.3.peg.2419.site.1, 3, 150, 153
1118061.3.peg.2419.site.2, 19, 149, 168
1118061.3.peg.2419.site.3, 0, 148, 148
1118061.3.peg.2419.site.4, 5, 150, 155
1118061.3.peg.2419.site.5, 0, 149, 149
1118061.3.peg.2419.site.6, 2, 146, 148
1118061.3.peg.2419.site.7, 5, 149, 154
1118061.3.peg.2419.site.8, 0, 150, 150
1118061.3.peg.2419.site.9, 38, 147, 185
1118061.3.peg.2419.site.10, 71, 139, 210
1118061.3.peg.2419.site.11, 0, 150, 150
1118061.3.peg.2419.site.12, 60, 149, 209
1118061.3.peg.2419.site.13, 12, 149, 161
1118061.3.peg.2419.site.14, 30, 142, 172
1118061.3.peg.2419.site.15, 1, 141, 142
1118061.3.peg.2419.site.16, 3, 139, 142
1118061.3.peg.2419.site.17, 23, 141, 164
1118061.3.peg.2419.site.18, 0, 147, 147
1118061.3.peg.2419.site.19, 1, 145, 146
1118061.3.peg.2419.site.20, 95, 145, 240
1118061.3.peg.2419.site.21, 4, 145, 149
1118061.3.peg.2419.site.22, 0, 147, 147
1118061.3.peg.910.site.1, 65, 129, 194
1118061.3.peg.910.site.2, 2, 146, 148
1118061.3.peg.910.site.3, 14, 146, 160
1118061.3.peg.910.site.4, 2, 140, 142
1118061.3.peg.910.site.5, 1, 135, 136
1118061.3.peg.910.site.6, 44, 119, 163
1118061.3.peg.910.site.7, 64, 131, 195
1118061.3.peg.910.site.8, 3, 133, 136
1118061.3.peg.910.site.9, 142, 143, 285
1118061.3.peg.910.site.10, 6, 141, 147
1118061.3.peg.910.site.11, 21, 141, 162
1118061.3.peg.910.site.12, 4, 146, 150
1118061.3.peg.910.site.13, 14, 144, 158
1118061.3.peg.910.site.14, 14, 144, 158
1118061.3.peg.2148.site.1, 5, 148, 153
1118061.3.peg.2148.site.2, 10, 147, 157
1118061.3.peg.2148.site.3, 0, 146, 146
1118061.3.peg.2148.site.4, 0, 146, 146
1118061.3.peg.2148.site.5, 149, 149, 298
1118061.3.peg.2148.site.6, 3, 149, 152
1118061.3.peg.2149.site.1, 0, 150, 150
1118061.3.peg.2149.site.2, 112, 150, 262
1118061.3.peg.2149.site.3, 1, 150, 151
1118061.3.peg.2149.site.4, 5, 150, 155
1118061.3.peg.2149.site.5, 60, 148, 208
1118061.3.peg.911.site.1, 12, 149, 161
1118061.3.peg.911.site.2, 0, 148, 148
1118061.3.peg.911.site.3, 0, 150, 150
1118061.3.peg.911.site.4, 2, 148, 150
1118061.3.peg.911.site.5, 30, 149, 179
1118061.3.peg.911.site.6, 0, 148, 148
1118061.3.peg.911.site.7, 3, 140, 143
1118061.3.peg.911.site.8, 9, 143, 152
1118061.3.peg.911.site.9, 1, 147, 148
1118061.3.peg.911.site.10, 9, 150, 159
1118061.3.peg.911.site.11, 149, 149, 298
1118061.3.peg.911.site.12, 26, 148, 174
1118061.3.peg.911.site.13, 8, 150, 158
1118061.3.peg.911.site.14, 2, 150, 152
1118061.3.peg.911.site.15, 2, 149, 151
1118061.3.peg.911.site.16, 3, 150, 153
1118061.3.peg.911.site.17, 30, 148, 178
1118061.3.peg.911.site.18, 3, 150, 153
1118061.3.peg.911.site.19, 1, 150, 151
1118061.3.peg.459.site.1, 41, 149, 190
1118061.3.peg.459.site.2, 3, 147, 150
1118061.3.peg.459.site.3, 117, 147, 264
1118061.3.peg.459.site.4, 2, 149, 151
1118061.3.peg.459.site.5, 1, 150, 151
1118061.3.peg.459.site.6, 1, 149, 150
1118061.3.peg.459.site.7, 1, 150, 151
1118061.3.peg.459.site.8, 74, 149, 223
1118061.3.peg.458.site.1, 0, 150, 150
1118061.3.peg.458.site.2, 30, 150, 180
1118061.3.peg.458.site.3, 7, 150, 157
1118061.3.peg.458.site.4, 3, 150, 153
1118061.3.peg.458.site.5, 41, 149, 190
1118061.3.peg.458.site.6, 2, 149, 151
1118061.3.peg.458.site.7, 1, 150, 151
1118061.3.peg.458.site.8, 23, 150, 173
1118061.3.peg.458.site.9, 2, 150, 152
1118061.3.peg.458.site.10, 0, 150, 150
1118061.3.peg.457.site.1, 1, 101, 102
1118061.3.peg.457.site.2, 1, 143, 144
1118061.3.peg.457.site.3, 36, 132, 168
1118061.3.peg.457.site.4, 0, 138, 138
1118061.3.peg.260.site.1, 1, 147, 148
1118061.3.peg.455.site.1, 1, 150, 151
1118061.3.peg.455.site.2, 2, 148, 150
1118061.3.peg.455.site.3, 1, 143, 144
1118061.3.peg.455.site.4, 0, 125, 125
1118061.3.peg.455.site.5, 45, 148, 193
1118061.3.peg.455.site.6, 0, 149, 149
1118061.3.peg.455.site.7, 3, 150, 153
1118061.3.peg.455.site.8, 1, 150, 151
1118061.3.peg.455.site.9, 59, 148, 207
1118061.3.peg.455.site.10, 2, 148, 150
1118061.3.peg.455.site.11, 150, 150, 300
1118061.3.peg.455.site.12, 38, 148, 186
1118061.3.peg.455.site.13, 3, 149, 152
1118061.3.peg.455.site.14, 58, 148, 206
1118061.3.peg.455.site.15, 100, 150, 250
1118061.3.peg.455.site.16, 2, 150, 152
1118061.3.peg.455.site.17, 8, 139, 147
1118061.3.peg.455.site.18, 2, 133, 135
1118061.3.peg.455.site.19, 0, 141, 141
1118061.3.peg.455.site.20, 3, 149, 152
1118061.3.peg.455.site.21, 0, 147, 147
1118061.3.peg.455.site.22, 4, 91, 95
1118061.3.peg.455.site.23, 46, 124, 170
1118061.3.peg.455.site.24, 2, 130, 132
1118061.3.peg.455.site.25, 4, 146, 150
1118061.3.peg.455.site.26, 42, 149, 191
1118061.3.peg.455.site.27, 1, 150, 151
1118061.3.peg.455.site.28, 0, 150, 150
1118061.3.peg.455.site.29, 2, 150, 152
1118061.3.peg.454.site.1, 0, 150, 150
1118061.3.peg.454.site.2, 23, 150, 173
1118061.3.peg.454.site.3, 6, 145, 151
1118061.3.peg.454.site.4, 2, 140, 142
1118061.3.peg.454.site.5, 18, 148, 166
1118061.3.peg.454.site.6, 0, 150, 150
1118061.3.peg.454.site.7, 4, 150, 154
1118061.3.peg.454.site.8, 75, 139, 214
1118061.3.peg.454.site.9, 113, 135, 248
1118061.3.peg.454.site.10, 2, 143, 145
1118061.3.peg.454.site.11, 81, 148, 229
1118061.3.peg.454.site.12, 3, 149, 152
1118061.3.peg.454.site.13, 58, 139, 197
1118061.3.peg.454.site.14, 101, 137, 238
1118061.3.peg.454.site.15, 0, 144, 144
1118061.3.peg.454.site.16, 1, 150, 151
1118061.3.peg.454.site.17, 1, 149, 150
1118061.3.peg.454.site.18, 4, 146, 150
1118061.3.peg.454.site.19, 8, 147, 155
1118061.3.peg.454.site.20, 16, 144, 160
1118061.3.peg.454.site.21, 141, 141, 282
1118061.3.peg.454.site.22, 0, 147, 147
1118061.3.peg.454.site.23, 0, 141, 141
1118061.3.peg.453.site.1, 71, 146, 217
1118061.3.peg.453.site.2, 1, 131, 132
1118061.3.peg.453.site.3, 5, 105, 110
1118061.3.peg.453.site.4, 0, 126, 126
1118061.3.peg.453.site.5, 125, 125, 250
1118061.3.peg.453.site.6, 13, 147, 160
1118061.3.peg.453.site.7, 75, 145, 220
1118061.3.peg.453.site.8, 1, 149, 150
1118061.3.peg.453.site.9, 25, 149, 174
1118061.3.peg.453.site.10, 0, 147, 147
1118061.3.peg.453.site.11, 5, 148, 153
1118061.3.peg.453.site.12, 0, 138, 138
1118061.3.peg.453.site.13, 4, 135, 139
1118061.3.peg.453.site.14, 21, 134, 155
1118061.3.peg.453.site.15, 2, 139, 141
1118061.3.peg.453.site.16, 0, 137, 137
1118061.3.peg.453.site.17, 62, 145, 207
1118061.3.peg.453.site.18, 32, 145, 177
1118061.3.peg.453.site.19, 1, 143, 144
1118061.3.peg.453.site.20, 136, 136, 272
1118061.3.peg.453.site.21, 135, 135, 270
1118061.3.peg.453.site.22, 43, 133, 176
1118061.3.peg.453.site.23, 29, 144, 173
1118061.3.peg.453.site.24, 1, 141, 142
1118061.3.peg.453.site.25, 38, 146, 184
1118061.3.peg.453.site.26, 25, 146, 171
1118061.3.peg.453.site.27, 0, 144, 144
1118061.3.peg.453.site.28, 25, 144, 169
1118061.3.peg.453.site.29, 2, 127, 129
1118061.3.peg.453.site.30, 1, 142, 143
1118061.3.peg.453.site.31, 142, 142, 284
1118061.3.peg.453.site.32, 2, 146, 148
1118061.3.peg.453.site.33, 3, 144, 147
1118061.3.peg.453.site.34, 45, 140, 185
1118061.3.peg.453.site.35, 2, 141, 143
1118061.3.peg.453.site.36, 0, 150, 150
1118061.3.peg.453.site.37, 47, 149, 196
1118061.3.peg.453.site.38, 0, 147, 147
1118061.3.peg.453.site.39, 101, 146, 247
1118061.3.peg.453.site.40, 1, 146, 147
1118061.3.peg.453.site.41, 3, 138, 141
1118061.3.peg.453.site.42, 33, 140, 173
1118061.3.peg.453.site.43, 1, 132, 133
1118061.3.peg.453.site.44, 47, 140, 187
1118061.3.peg.453.site.45, 147, 147, 294
1118061.3.peg.453.site.46, 48, 141, 189
1118061.3.peg.453.site.47, 2, 149, 151
1118061.3.peg.453.site.48, 134, 143, 277
1118061.3.peg.453.site.49, 12, 136, 148
1118061.3.peg.453.site.50, 2, 148, 150
1118061.3.peg.453.site.51, 3, 149, 152
1118061.3.peg.453.site.52, 148, 148, 296
1118061.3.peg.453.site.53, 69, 150, 219
1118061.3.peg.452.site.1, 1, 136, 137
1118061.3.peg.452.site.2, 36, 148, 184
1118061.3.peg.452.site.3, 0, 149, 149
1118061.3.peg.451.site.1, 33, 110, 143
1118061.3.peg.451.site.2, 0, 119, 119
1118061.3.peg.451.site.3, 88, 130, 218
1118061.3.peg.451.site.4, 2, 134, 136
1118061.3.peg.451.site.5, 10, 139, 149
1118061.3.peg.451.site.6, 11, 137, 148
1118061.3.peg.451.site.7, 26, 129, 155
1118061.3.peg.451.site.8, 63, 125, 188
1118061.3.peg.451.site.9, 46, 114, 160
1118061.3.peg.451.site.10, 113, 117, 230
1118061.3.peg.451.site.11, 25, 101, 126
1118061.3.peg.451.site.12, 31, 110, 141
1118061.3.peg.451.site.13, 32, 148, 180
1118061.3.peg.451.site.14, 102, 145, 247
1118061.3.peg.451.site.15, 23, 141, 164
1118061.3.peg.451.site.16, 24, 145, 169
1118061.3.peg.451.site.17, 105, 144, 249
1118061.3.peg.451.site.18, 2, 145, 147
1118061.3.peg.451.site.19, 6, 145, 151
1118061.3.peg.917.site.1, 29, 140, 169
1118061.3.peg.917.site.2, 1, 150, 151
1118061.3.peg.917.site.3, 35, 148, 183
1118061.3.peg.917.site.4, 118, 149, 267
1118061.3.peg.917.site.5, 129, 150, 279
1118061.3.peg.917.site.6, 16, 150, 166
1118061.3.peg.917.site.7, 52, 149, 201
1118061.3.peg.917.site.8, 8, 150, 158
1118061.3.peg.929.site.1, 0, 150, 150
1118061.3.peg.929.site.2, 0, 146, 146
1118061.3.peg.929.site.3, 0, 150, 150
1118061.3.peg.929.site.4, 0, 148, 148
1118061.3.peg.929.site.5, 137, 148, 285
1118061.3.peg.929.site.6, 1, 150, 151
1118061.3.peg.929.site.7, 149, 149, 298
1118061.3.peg.929.site.8, 2, 147, 149
1118061.3.peg.929.site.9, 4, 150, 154
1118061.3.peg.929.site.10, 150, 150, 300
1118061.3.peg.929.site.11, 1, 150, 151
1118061.3.peg.929.site.12, 3, 150, 153
1118061.3.peg.929.site.13, 1, 149, 150
1118061.3.peg.929.site.14, 12, 148, 160
1118061.3.peg.929.site.15, 0, 150, 150
1118061.3.peg.929.site.16, 7, 150, 157
1118061.3.peg.929.site.17, 2, 149, 151
1118061.3.peg.929.site.18, 1, 148, 149
1118061.3.peg.929.site.19, 46, 147, 193
1118061.3.peg.929.site.20, 20, 146, 166
1118061.3.peg.929.site.21, 2, 138, 140
1118061.3.peg.929.site.22, 1, 136, 137
1118061.3.peg.929.site.23, 2, 134, 136
1118061.3.peg.929.site.24, 0, 133, 133
1118061.3.peg.929.site.25, 10, 139, 149
1118061.3.peg.929.site.26, 0, 146, 146
1118061.3.peg.929.site.27, 32, 148, 180
1118061.3.peg.929.site.28, 0, 145, 145
1118061.3.peg.929.site.29, 128, 149, 277
1118061.3.peg.929.site.30, 6, 149, 155
1118061.3.peg.929.site.31, 20, 149, 169
1118061.3.peg.929.site.32, 62, 150, 212
1118061.3.peg.929.site.33, 0, 150, 150
1118061.3.peg.929.site.34, 21, 149, 170
1118061.3.peg.929.site.35, 41, 150, 191
1118061.3.peg.929.site.36, 2, 150, 152
1118061.3.peg.929.site.37, 0, 147, 147
1118061.3.peg.929.site.38, 75, 150, 225
1118061.3.peg.929.site.39, 0, 150, 150
1118061.3.peg.929.site.40, 1, 150, 151
1118061.3.peg.929.site.41, 20, 149, 169
1118061.3.peg.929.site.42, 0, 148, 148
1118061.3.peg.929.site.43, 102, 149, 251
1118061.3.peg.929.site.44, 1, 149, 150
1118061.3.peg.929.site.45, 1, 150, 151
1118061.3.peg.929.site.46, 106, 150, 256
1118061.3.peg.929.site.47, 82, 150, 232
1118061.3.peg.929.site.48, 0, 150, 150
1118061.3.peg.929.site.49, 19, 142, 161
1118061.3.peg.929.site.50, 12, 150, 162
1118061.3.peg.929.site.51, 24, 150, 174
1118061.3.peg.928.site.1, 148, 150, 298
1118061.3.peg.928.site.2, 0, 150, 150
1118061.3.peg.928.site.3, 8, 150, 158
1118061.3.peg.928.site.4, 1, 150, 151
1118061.3.peg.928.site.5, 4, 149, 153
1118061.3.peg.928.site.6, 0, 150, 150
1118061.3.peg.928.site.7, 3, 150, 153
1118061.3.peg.928.site.8, 30, 148, 178
1118061.3.peg.928.site.9, 1, 149, 150
1118061.3.peg.928.site.10, 0, 149, 149
1118061.3.peg.928.site.11, 1, 150, 151
1118061.3.peg.928.site.12, 23, 149, 172
1118061.3.peg.928.site.13, 1, 150, 151
1118061.3.peg.928.site.14, 53, 150, 203
1118061.3.peg.928.site.15, 69, 150, 219
1118061.3.peg.928.site.16, 0, 149, 149
1118061.3.peg.928.site.17, 0, 148, 148
1118061.3.peg.928.site.18, 3, 150, 153
1118061.3.peg.928.site.19, 0, 148, 148
1118061.3.peg.927.site.1, 59, 149, 208
1118061.3.peg.927.site.2, 3, 149, 152
1118061.3.peg.927.site.3, 22, 149, 171
1118061.3.peg.927.site.4, 3, 149, 152
1118061.3.peg.927.site.5, 31, 150, 181
1118061.3.peg.927.site.6, 14, 148, 162
1118061.3.peg.927.site.7, 0, 149, 149
1118061.3.peg.927.site.8, 3, 149, 152
1118061.3.peg.927.site.9, 1, 149, 150
1118061.3.peg.927.site.10, 4, 150, 154
1118061.3.peg.927.site.11, 24, 148, 172
1118061.3.peg.927.site.12, 2, 150, 152
1118061.3.peg.927.site.13, 67, 148, 215
1118061.3.peg.927.site.14, 91, 149, 240
1118061.3.peg.927.site.15, 91, 149, 240
1118061.3.peg.927.site.16, 0, 149, 149
1118061.3.peg.927.site.17, 3, 149, 152
1118061.3.peg.927.site.18, 11, 149, 160
1118061.3.peg.927.site.19, 2, 149, 151
1118061.3.peg.927.site.20, 35, 149, 184
1118061.3.peg.927.site.21, 0, 150, 150
1118061.3.peg.927.site.22, 13, 149, 162
1118061.3.peg.927.site.23, 29, 148, 177
1118061.3.peg.927.site.24, 149, 149, 298
1118061.3.peg.927.site.25, 13, 149, 162
1118061.3.peg.927.site.26, 19, 148, 167
1118061.3.peg.927.site.27, 14, 149, 163
1118061.3.peg.927.site.28, 2, 149, 151
1118061.3.peg.927.site.29, 9, 149, 158
1118061.3.peg.927.site.30, 0, 150, 150
1118061.3.peg.927.site.31, 3, 149, 152
1118061.3.peg.927.site.32, 0, 149, 149
1118061.3.peg.927.site.33, 0, 148, 148
1118061.3.peg.927.site.34, 0, 148, 148
1118061.3.peg.927.site.35, 72, 149, 221
1118061.3.peg.927.site.36, 2, 149, 151
1118061.3.peg.927.site.37, 10, 147, 157
1118061.3.peg.927.site.38, 3, 149, 152
1118061.3.peg.927.site.39, 12, 148, 160
1118061.3.peg.927.site.40, 0, 148, 148
1118061.3.peg.927.site.41, 1, 148, 149
1118061.3.peg.927.site.42, 0, 148, 148
1118061.3.peg.927.site.43, 41, 149, 190
1118061.3.peg.927.site.44, 0, 148, 148
1118061.3.peg.927.site.45, 22, 150, 172
1118061.3.peg.927.site.46, 3, 150, 153
1118061.3.peg.927.site.47, 67, 145, 212
1118061.3.peg.927.site.48, 7, 146, 153
1118061.3.peg.927.site.49, 2, 146, 148
1118061.3.peg.927.site.50, 0, 149, 149
1118061.3.peg.927.site.51, 2, 149, 151
1118061.3.peg.927.site.52, 25, 149, 174
1118061.3.peg.927.site.53, 0, 149, 149
1118061.3.peg.927.site.54, 8, 148, 156
1118061.3.peg.927.site.55, 3, 148, 151
1118061.3.peg.926.site.1, 0, 148, 148
1118061.3.peg.926.site.2, 18, 145, 163
1118061.3.peg.926.site.3, 79, 146, 225
1118061.3.peg.926.site.4, 58, 149, 207
1118061.3.peg.926.site.5, 1, 149, 150
1118061.3.peg.926.site.6, 37, 148, 185
1118061.3.peg.926.site.7, 16, 149, 165
1118061.3.peg.926.site.8, 0, 148, 148
1118061.3.peg.926.site.9, 0, 150, 150
1118061.3.peg.926.site.10, 0, 149, 149
1118061.3.peg.924.site.1, 3, 150, 153
1118061.3.peg.924.site.2, 2, 150, 152
1118061.3.peg.924.site.3, 99, 149, 248
1118061.3.peg.924.site.4, 2, 149, 151
1118061.3.peg.924.site.5, 6, 147, 153
1118061.3.peg.924.site.6, 0, 146, 146
1118061.3.peg.924.site.7, 90, 147, 237
1118061.3.peg.924.site.8, 1, 146, 147
1118061.3.peg.924.site.9, 0, 149, 149
1118061.3.peg.924.site.10, 0, 149, 149
1118061.3.peg.924.site.11, 42, 150, 192
1118061.3.peg.924.site.12, 32, 149, 181
1118061.3.peg.924.site.13, 31, 144, 175
1118061.3.peg.924.site.14, 3, 150, 153
1118061.3.peg.923.site.1, 52, 142, 194
1118061.3.peg.923.site.2, 1, 140, 141
1118061.3.peg.923.site.3, 21, 139, 160
1118061.3.peg.923.site.4, 19, 141, 160
1118061.3.peg.923.site.5, 1, 141, 142
1118061.3.peg.923.site.6, 1, 140, 141
1118061.3.peg.923.site.7, 1, 148, 149
1118061.3.peg.923.site.8, 3, 149, 152
1118061.3.peg.923.site.9, 2, 146, 148
1118061.3.peg.923.site.10, 3, 145, 148
1118061.3.peg.923.site.11, 2, 144, 146
1118061.3.peg.923.site.12, 2, 134, 136
1118061.3.peg.923.site.13, 2, 138, 140
1118061.3.peg.923.site.14, 0, 141, 141
1118061.3.peg.923.site.15, 140, 140, 280
1118061.3.peg.923.site.16, 21, 139, 160
1118061.3.peg.923.site.17, 14, 131, 145
1118061.3.peg.923.site.18, 5, 122, 127
1118061.3.peg.923.site.19, 1, 126, 127
1118061.3.peg.923.site.20, 2, 135, 137
1118061.3.peg.923.site.21, 18, 137, 155
1118061.3.peg.923.site.22, 1, 135, 136
1118061.3.peg.923.site.23, 18, 113, 131
1118061.3.peg.923.site.24, 1, 87, 88
1118061.3.peg.923.site.25, 63, 74, 137
1118061.3.peg.923.site.26, 52, 63, 115
1118061.3.peg.923.site.27, 19, 142, 161
1118061.3.peg.923.site.28, 37, 48, 85
1118061.3.peg.923.site.29, 5, 16, 21
1118061.3.peg.923.site.30, 12, 22, 34
1118061.3.peg.923.site.31, 68, 78, 146
1118061.3.peg.923.site.32, 24, 140, 164
1118061.3.peg.923.site.33, 3, 141, 144
1118061.3.peg.923.site.34, 21, 141, 162
1118061.3.peg.923.site.35, 138, 141, 279
1118061.3.peg.923.site.36, 2, 143, 145
1118061.3.peg.923.site.37, 144, 147, 291
1118061.3.peg.923.site.38, 3, 147, 150
1118061.3.peg.923.site.39, 3, 149, 152
1118061.3.peg.922.site.1, 1, 149, 150
1118061.3.peg.922.site.2, 1, 148, 149
1118061.3.peg.922.site.3, 10, 148, 158
1118061.3.peg.922.site.4, 2, 146, 148
1118061.3.peg.922.site.5, 3, 144, 147
1118061.3.peg.922.site.6, 30, 145, 175
1118061.3.peg.922.site.7, 1, 142, 143
1118061.3.peg.922.site.8, 2, 142, 144
1118061.3.peg.922.site.9, 2, 143, 145
1118061.3.peg.922.site.10, 1, 136, 137
1118061.3.peg.922.site.11, 3, 124, 127
1118061.3.peg.922.site.12, 13, 132, 145
1118061.3.peg.922.site.13, 13, 131, 144
1118061.3.peg.922.site.14, 29, 122, 151
1118061.3.peg.922.site.15, 25, 124, 149
1118061.3.peg.922.site.16, 28, 127, 155
1118061.3.peg.922.site.17, 2, 139, 141
1118061.3.peg.922.site.18, 20, 139, 159
1118061.3.peg.922.site.19, 39, 139, 178
1118061.3.peg.922.site.20, 52, 139, 191
1118061.3.peg.922.site.21, 50, 140, 190
1118061.3.peg.922.site.22, 31, 140, 171
1118061.3.peg.922.site.23, 0, 140, 140
1118061.3.peg.922.site.24, 11, 141, 152
1118061.3.peg.922.site.25, 0, 142, 142
1118061.3.peg.922.site.26, 3, 140, 143
1118061.3.peg.922.site.27, 4, 138, 142
1118061.3.peg.922.site.28, 0, 139, 139
1118061.3.peg.922.site.29, 30, 138, 168
1118061.3.peg.922.site.30, 30, 133, 163
1118061.3.peg.922.site.31, 3, 130, 133
1118061.3.peg.922.site.32, 3, 128, 131
1118061.3.peg.922.site.33, 15, 130, 145
1118061.3.peg.922.site.34, 1, 131, 132
1118061.3.peg.922.site.35, 2, 132, 134
1118061.3.peg.922.site.36, 26, 135, 161
1118061.3.peg.922.site.37, 27, 140, 167
1118061.3.peg.922.site.38, 11, 141, 152
1118061.3.peg.922.site.39, 0, 142, 142
1118061.3.peg.922.site.40, 3, 138, 141
1118061.3.peg.922.site.41, 37, 141, 178
1118061.3.peg.922.site.42, 2, 140, 142
1118061.3.peg.922.site.43, 34, 133, 167
1118061.3.peg.922.site.44, 32, 129, 161
1118061.3.peg.922.site.45, 11, 130, 141
1118061.3.peg.922.site.46, 2, 130, 132
1118061.3.peg.922.site.47, 1, 131, 132
1118061.3.peg.922.site.48, 1, 132, 133
1118061.3.peg.922.site.49, 1, 137, 138
1118061.3.peg.922.site.50, 7, 134, 141
1118061.3.peg.922.site.51, 22, 131, 153
1118061.3.peg.922.site.52, 1, 132, 133
1118061.3.peg.922.site.53, 18, 126, 144
1118061.3.peg.922.site.54, 25, 114, 139
1118061.3.peg.922.site.55, 13, 113, 126
1118061.3.peg.922.site.56, 32, 117, 149
1118061.3.peg.922.site.57, 26, 125, 151
1118061.3.peg.922.site.58, 11, 131, 142
1118061.3.peg.922.site.59, 11, 130, 141
1118061.3.peg.922.site.60, 9, 137, 146
1118061.3.peg.922.site.61, 33, 138, 171
1118061.3.peg.922.site.62, 33, 139, 172
1118061.3.peg.922.site.63, 0, 136, 136
1118061.3.peg.922.site.64, 1, 131, 132
1118061.3.peg.922.site.65, 35, 129, 164
1118061.3.peg.922.site.66, 37, 134, 171
1118061.3.peg.922.site.67, 2, 134, 136
1118061.3.peg.922.site.68, 43, 140, 183
1118061.3.peg.922.site.69, 0, 120, 120
1118061.3.peg.922.site.70, 5, 110, 115
1118061.3.peg.922.site.71, 3, 112, 115
1118061.3.peg.922.site.72, 5, 105, 110
1118061.3.peg.922.site.73, 3, 104, 107
1118061.3.peg.922.site.74, 3, 104, 107
1118061.3.peg.922.site.75, 25, 121, 146
1118061.3.peg.922.site.76, 0, 128, 128
1118061.3.peg.922.site.77, 40, 137, 177
1118061.3.peg.922.site.78, 33, 139, 172
1118061.3.peg.922.site.79, 5, 130, 135
1118061.3.peg.922.site.80, 34, 131, 165
1118061.3.peg.922.site.81, 39, 134, 173
1118061.3.peg.922.site.82, 0, 141, 141
1118061.3.peg.922.site.83, 36, 142, 178
1118061.3.peg.922.site.84, 3, 143, 146
1118061.3.peg.922.site.85, 3, 140, 143
1118061.3.peg.922.site.86, 7, 142, 149
1118061.3.peg.921.site.1, 11, 148, 159
1118061.3.peg.921.site.2, 13, 149, 162
1118061.3.peg.921.site.3, 11, 147, 158
1118061.3.peg.921.site.4, 11, 146, 157
1118061.3.peg.921.site.5, 2, 147, 149
1118061.3.peg.921.site.6, 3, 147, 150
1118061.3.peg.921.site.7, 18, 150, 168
1118061.3.peg.921.site.8, 0, 149, 149
1118061.3.peg.921.site.9, 14, 149, 163
1118061.3.peg.921.site.10, 3, 149, 152
1118061.3.peg.921.site.11, 0, 149, 149
1118061.3.peg.921.site.12, 16, 149, 165
1118061.3.peg.921.site.13, 0, 150, 150
1118061.3.peg.921.site.14, 0, 149, 149
1118061.3.peg.921.site.15, 31, 149, 180
1118061.3.peg.921.site.16, 1, 150, 151
1118061.3.peg.921.site.17, 3, 150, 153
1118061.3.peg.921.site.18, 144, 148, 292
1118061.3.peg.921.site.19, 0, 147, 147
1118061.3.peg.921.site.20, 12, 149, 161
1118061.3.peg.921.site.21, 0, 150, 150
1118061.3.peg.921.site.22, 26, 149, 175
1118061.3.peg.921.site.23, 2, 150, 152
1118061.3.peg.921.site.24, 23, 150, 173
1118061.3.peg.921.site.25, 32, 149, 181
1118061.3.peg.921.site.26, 30, 149, 179
1118061.3.peg.921.site.27, 2, 149, 151
1118061.3.peg.921.site.28, 3, 149, 152
1118061.3.peg.921.site.29, 0, 150, 150
1118061.3.peg.921.site.30, 8, 149, 157
1118061.3.peg.2564.site.1, 97, 148, 245
1118061.3.peg.2564.site.2, 67, 148, 215
1118061.3.peg.2564.site.3, 0, 147, 147
1118061.3.peg.2564.site.4, 18, 148, 166
1118061.3.peg.2564.site.5, 0, 146, 146
1118061.3.peg.2565.site.1, 113, 149, 262
1118061.3.peg.2565.site.2, 31, 149, 180
1118061.3.peg.2565.site.3, 102, 144, 246
1118061.3.peg.2565.site.4, 50, 146, 196
1118061.3.peg.2565.site.5, 2, 150, 152
1118061.3.peg.2565.site.6, 34, 150, 184
1118061.3.peg.2565.site.7, 37, 150, 187
1118061.3.peg.2565.site.8, 149, 150, 299
1118061.3.peg.2565.site.9, 0, 150, 150
1118061.3.peg.2565.site.10, 5, 150, 155
1118061.3.peg.2565.site.11, 69, 148, 217
1118061.3.peg.2565.site.12, 67, 148, 215
1118061.3.peg.2565.site.13, 148, 148, 296
1118061.3.peg.2560.site.1, 42, 150, 192
1118061.3.peg.2560.site.2, 41, 148, 189
1118061.3.peg.2560.site.3, 3, 150, 153
1118061.3.peg.2560.site.4, 26, 149, 175
1118061.3.peg.2560.site.5, 8, 150, 158
1118061.3.peg.2560.site.6, 0, 150, 150
1118061.3.peg.2560.site.7, 0, 149, 149
1118061.3.peg.2560.site.8, 4, 150, 154
1118061.3.peg.2560.site.9, 26, 150, 176
1118061.3.peg.2560.site.10, 27, 150, 177
1118061.3.peg.2560.site.11, 0, 149, 149
1118061.3.peg.2560.site.12, 0, 149, 149
1118061.3.peg.2560.site.13, 0, 149, 149
1118061.3.peg.2560.site.14, 0, 150, 150
1118061.3.peg.2560.site.15, 0, 147, 147
1118061.3.peg.2560.site.16, 62, 150, 212
1118061.3.peg.2560.site.17, 66, 147, 213
1118061.3.peg.2560.site.18, 0, 149, 149
1118061.3.peg.2561.site.1, 0, 149, 149
1118061.3.peg.2561.site.2, 17, 148, 165
1118061.3.peg.2561.site.3, 2, 149, 151
1118061.3.peg.2561.site.4, 27, 149, 176
1118061.3.peg.2561.site.5, 26, 146, 172
1118061.3.peg.2561.site.6, 148, 149, 297
1118061.3.peg.2561.site.7, 39, 149, 188
1118061.3.peg.2561.site.8, 2, 146, 148
1118061.3.peg.2561.site.9, 1, 143, 144
1118061.3.peg.2561.site.10, 1, 136, 137
1118061.3.peg.2561.site.11, 35, 123, 158
1118061.3.peg.2562.site.1, 0, 150, 150
1118061.3.peg.2562.site.2, 20, 149, 169
1118061.3.peg.2562.site.3, 0, 149, 149
1118061.3.peg.2562.site.4, 0, 149, 149
1118061.3.peg.2562.site.5, 0, 149, 149
1118061.3.peg.2562.site.6, 0, 149, 149
1118061.3.peg.2562.site.7, 0, 150, 150
1118061.3.peg.2562.site.8, 0, 149, 149
1118061.3.peg.2562.site.9, 69, 149, 218
1118061.3.peg.2562.site.10, 2, 141, 143
1118061.3.peg.2562.site.11, 17, 139, 156
1118061.3.peg.2562.site.12, 1, 149, 150
1118061.3.peg.2562.site.13, 3, 149, 152
1118061.3.peg.2563.site.1, 2, 149, 151
1118061.3.peg.2563.site.2, 15, 150, 165
1118061.3.peg.2563.site.3, 33, 150, 183
1118061.3.peg.2563.site.4, 24, 149, 173
1118061.3.peg.2563.site.5, 16, 147, 163
1118061.3.peg.2563.site.6, 6, 150, 156
1118061.3.peg.2563.site.7, 1, 149, 150
1118061.3.peg.2563.site.8, 2, 149, 151
1118061.3.peg.2563.site.9, 3, 150, 153
1118061.3.peg.2563.site.10, 3, 150, 153
1118061.3.peg.2563.site.11, 5, 150, 155
1118061.3.peg.2563.site.12, 40, 149, 189
1118061.3.peg.2563.site.13, 0, 147, 147
1118061.3.peg.2563.site.14, 105, 146, 251
1118061.3.peg.2563.site.15, 34, 150, 184
1118061.3.peg.2563.site.16, 2, 150, 152
1118061.3.peg.2563.site.17, 1, 149, 150
1118061.3.peg.2563.site.18, 42, 150, 192
1118061.3.peg.2563.site.19, 139, 145, 284
1118061.3.peg.2569.site.1, 0, 143, 143
1118061.3.peg.2569.site.2, 17, 148, 165
1118061.3.peg.2569.site.3, 3, 145, 148
1118061.3.peg.2569.site.4, 15, 148, 163
1118061.3.peg.2569.site.5, 134, 150, 284
1118061.3.peg.2569.site.6, 12, 150, 162
1118061.3.peg.2569.site.7, 25, 149, 174
1118061.3.peg.2569.site.8, 23, 150, 173
1118061.3.peg.2569.site.9, 93, 148, 241
1118061.3.peg.2569.site.10, 2, 149, 151
1118061.3.peg.2569.site.11, 0, 148, 148
1118061.3.peg.2569.site.12, 47, 148, 195
1118061.3.peg.2569.site.13, 0, 150, 150
1118061.3.peg.2569.site.14, 12, 150, 162
1118061.3.peg.2569.site.15, 12, 144, 156
1118061.3.peg.2569.site.16, 19, 147, 166
1118061.3.peg.2569.site.17, 24, 150, 174
1118061.3.peg.2569.site.18, 89, 150, 239
1118061.3.peg.2569.site.19, 3, 150, 153
1118061.3.peg.2569.site.20, 22, 148, 170
1118061.3.peg.2569.site.21, 1, 149, 150
1118061.3.peg.2569.site.22, 16, 149, 165
1118061.3.peg.2569.site.23, 37, 150, 187
1118061.3.peg.1059.site.1, 31, 127, 158
1118061.3.peg.1059.site.2, 5, 139, 144
1118061.3.peg.1059.site.3, 5, 139, 144
1118061.3.peg.1059.site.4, 141, 141, 282
1118061.3.peg.1059.site.5, 0, 140, 140
1118061.3.peg.1059.site.6, 72, 139, 211
1118061.3.peg.1059.site.7, 15, 125, 140
1118061.3.peg.1059.site.8, 7, 150, 157
1118061.3.peg.1059.site.9, 2, 145, 147
1118061.3.peg.1059.site.10, 2, 147, 149
1118061.3.peg.1059.site.11, 1, 144, 145
1118061.3.peg.1059.site.12, 70, 147, 217
1118061.3.peg.1058.site.1, 6, 144, 150
1118061.3.peg.1058.site.2, 17, 132, 149
1118061.3.peg.1058.site.3, 13, 150, 163
1118061.3.peg.1058.site.4, 1, 149, 150
1118061.3.peg.1058.site.5, 30, 146, 176
1118061.3.peg.1058.site.6, 30, 146, 176
1118061.3.peg.1058.site.7, 1, 134, 135
1118061.3.peg.1058.site.8, 1, 142, 143
1118061.3.peg.1058.site.9, 2, 141, 143
1118061.3.peg.1058.site.10, 68, 138, 206
1118061.3.peg.1058.site.11, 148, 148, 296
1118061.3.peg.1058.site.12, 8, 146, 154
1118061.3.peg.1058.site.13, 0, 149, 149
1118061.3.peg.1058.site.14, 1, 149, 150
1118061.3.peg.1058.site.15, 2, 150, 152
1118061.3.peg.1055.site.1, 9, 146, 155
1118061.3.peg.1055.site.2, 12, 147, 159
1118061.3.peg.1055.site.3, 18, 147, 165
1118061.3.peg.1055.site.4, 8, 149, 157
1118061.3.peg.1055.site.5, 57, 150, 207
1118061.3.peg.1055.site.6, 10, 148, 158
1118061.3.peg.1055.site.7, 0, 150, 150
1118061.3.peg.1055.site.8, 0, 149, 149
1118061.3.peg.1055.site.9, 9, 150, 159
1118061.3.peg.1055.site.10, 1, 150, 151
1118061.3.peg.1055.site.11, 10, 150, 160
1118061.3.peg.1055.site.12, 40, 150, 190
1118061.3.peg.1055.site.13, 2, 150, 152
1118061.3.peg.1054.site.1, 116, 121, 237
1118061.3.peg.1054.site.2, 42, 144, 186
1118061.3.peg.1054.site.3, 1, 140, 141
1118061.3.peg.1054.site.4, 1, 129, 130
1118061.3.peg.1054.site.5, 7, 122, 129
1118061.3.peg.1054.site.6, 98, 122, 220
1118061.3.peg.1054.site.7, 7, 142, 149
1118061.3.peg.1054.site.8, 0, 146, 146
1118061.3.peg.1054.site.9, 17, 138, 155
1118061.3.peg.1054.site.10, 3, 138, 141
1118061.3.peg.1054.site.11, 2, 137, 139
1118061.3.peg.1054.site.12, 7, 137, 144
1118061.3.peg.1054.site.13, 2, 136, 138
1118061.3.peg.1054.site.14, 1, 141, 142
1118061.3.peg.1054.site.15, 29, 141, 170
1118061.3.peg.1054.site.16, 2, 145, 147
1118061.3.peg.1054.site.17, 1, 134, 135
1118061.3.peg.1054.site.18, 2, 132, 134
1118061.3.peg.1054.site.19, 1, 115, 116
1118061.3.peg.1054.site.20, 50, 120, 170
1118061.3.peg.1054.site.21, 0, 129, 129
1118061.3.peg.1054.site.22, 0, 147, 147
1118061.3.peg.1054.site.23, 0, 142, 142
1118061.3.peg.1054.site.24, 2, 142, 144
1118061.3.peg.1054.site.25, 1, 145, 146
1118061.3.peg.1054.site.26, 5, 150, 155
1118061.3.peg.1054.site.27, 4, 150, 154
1118061.3.peg.1057.site.1, 0, 149, 149
1118061.3.peg.1057.site.2, 2, 149, 151
1118061.3.peg.1057.site.3, 1, 149, 150
1118061.3.peg.1057.site.4, 2, 150, 152
1118061.3.peg.1057.site.5, 34, 150, 184
1118061.3.peg.1057.site.6, 50, 149, 199
1118061.3.peg.1056.site.1, 125, 128, 253
1118061.3.peg.1056.site.2, 14, 123, 137
1118061.3.peg.1056.site.3, 37, 130, 167
1118061.3.peg.1056.site.4, 2, 131, 133
1118061.3.peg.1056.site.5, 8, 123, 131
1118061.3.peg.1056.site.6, 3, 125, 128
1118061.3.peg.1056.site.7, 73, 132, 205
1118061.3.peg.1056.site.8, 9, 138, 147
1118061.3.peg.1056.site.9, 2, 97, 99
1118061.3.peg.1056.site.10, 6, 81, 87
1118061.3.peg.1056.site.11, 2, 115, 117
1118061.3.peg.1050.site.1, 1, 144, 145
1118061.3.peg.1050.site.2, 0, 144, 144
1118061.3.peg.1050.site.3, 3, 144, 147
1118061.3.peg.1050.site.4, 28, 144, 172
1118061.3.peg.1050.site.5, 1, 144, 145
1118061.3.peg.1050.site.6, 2, 139, 141
1118061.3.peg.1050.site.7, 82, 139, 221
1118061.3.peg.1050.site.8, 38, 136, 174
1118061.3.peg.1050.site.9, 0, 138, 138
1118061.3.peg.1050.site.10, 75, 143, 218
1118061.3.peg.1050.site.11, 139, 144, 283
1118061.3.peg.1050.site.12, 0, 144, 144
1118061.3.peg.1050.site.13, 2, 144, 146
1118061.3.peg.1050.site.14, 0, 143, 143
1118061.3.peg.1050.site.15, 2, 142, 144
1118061.3.peg.1050.site.16, 1, 133, 134
1118061.3.peg.1050.site.17, 0, 135, 135
1118061.3.peg.1050.site.18, 0, 138, 138
1118061.3.peg.1050.site.19, 3, 141, 144
1118061.3.peg.1050.site.20, 26, 143, 169
1118061.3.peg.1050.site.21, 0, 143, 143
1118061.3.peg.1050.site.22, 37, 144, 181
1118061.3.peg.1050.site.23, 0, 144, 144
1118061.3.peg.1050.site.24, 53, 144, 197
1118061.3.peg.1050.site.25, 0, 144, 144
1118061.3.peg.1050.site.26, 89, 144, 233
1118061.3.peg.1050.site.27, 2, 143, 145
1118061.3.peg.1050.site.28, 1, 142, 143
1118061.3.peg.1050.site.29, 2, 143, 145
1118061.3.peg.1050.site.30, 77, 144, 221
1118061.3.peg.1050.site.31, 2, 144, 146
1118061.3.peg.1050.site.32, 73, 142, 215
1118061.3.peg.1050.site.33, 22, 144, 166
1118061.3.peg.1050.site.34, 2, 144, 146
1118061.3.peg.1050.site.35, 0, 142, 142
1118061.3.peg.1050.site.36, 0, 141, 141
1118061.3.peg.1050.site.37, 82, 143, 225
1118061.3.peg.1050.site.38, 22, 143, 165
1118061.3.peg.1050.site.39, 1, 142, 143
1118061.3.peg.1050.site.40, 23, 142, 165
1118061.3.peg.1050.site.41, 7, 140, 147
1118061.3.peg.1050.site.42, 3, 143, 146
1118061.3.peg.1053.site.1, 60, 140, 200
1118061.3.peg.1053.site.2, 29, 136, 165
1118061.3.peg.1053.site.3, 39, 141, 180
1118061.3.peg.1053.site.4, 15, 140, 155
1118061.3.peg.1053.site.5, 33, 138, 171
1118061.3.peg.1053.site.6, 3, 139, 142
1118061.3.peg.1053.site.7, 27, 140, 167
1118061.3.peg.1053.site.8, 18, 143, 161
1118061.3.peg.1053.site.9, 3, 142, 145
1118061.3.peg.1053.site.10, 1, 142, 143
1118061.3.peg.1053.site.11, 24, 125, 149
1118061.3.peg.1053.site.12, 3, 129, 132
1118061.3.peg.1053.site.13, 1, 130, 131
1118061.3.peg.1053.site.14, 6, 130, 136
1118061.3.peg.1053.site.15, 2, 133, 135
1118061.3.peg.1053.site.16, 2, 140, 142
1118061.3.peg.1053.site.17, 31, 142, 173
1118061.3.peg.1053.site.18, 1, 142, 143
1118061.3.peg.1053.site.19, 58, 127, 185
1118061.3.peg.1053.site.20, 48, 140, 188
1118061.3.peg.1053.site.21, 1, 139, 140
1118061.3.peg.1052.site.1, 0, 143, 143
1118061.3.peg.1052.site.2, 9, 142, 151
1118061.3.peg.1052.site.3, 1, 143, 144
1118061.3.peg.1052.site.4, 9, 141, 150
1118061.3.peg.1052.site.5, 7, 142, 149
1118061.3.peg.1052.site.6, 1, 143, 144
1118061.3.peg.1052.site.7, 0, 143, 143
1118061.3.peg.1052.site.8, 137, 137, 274
1118061.3.peg.1052.site.9, 85, 126, 211
1118061.3.peg.1052.site.10, 124, 144, 268
1118061.3.peg.1052.site.11, 1, 144, 145
1118061.3.peg.1052.site.12, 20, 142, 162
1118061.3.peg.1052.site.13, 3, 144, 147
1118061.3.peg.1052.site.14, 12, 141, 153
1118061.3.peg.1052.site.15, 18, 142, 160
1118061.3.peg.1052.site.16, 97, 137, 234
1118061.3.peg.1052.site.17, 105, 139, 244
1118061.3.peg.1052.site.18, 141, 143, 284
1118061.3.peg.1052.site.19, 5, 143, 148
1118061.3.peg.1052.site.20, 4, 144, 148
1118061.3.peg.1052.site.21, 2, 143, 145
1118061.3.peg.1052.site.22, 2, 136, 138
1118061.3.peg.1052.site.23, 2, 137, 139
1118061.3.peg.1052.site.24, 2, 144, 146
1118061.3.peg.633.site.1, 114, 148, 262
1118061.3.peg.633.site.2, 3, 143, 146
1118061.3.peg.633.site.3, 6, 150, 156
1118061.3.peg.633.site.4, 1, 147, 148
1118061.3.peg.633.site.5, 1, 148, 149
1118061.3.peg.632.site.1, 59, 144, 203
1118061.3.peg.632.site.2, 0, 146, 146
1118061.3.peg.632.site.3, 0, 143, 143
1118061.3.peg.632.site.4, 114, 123, 237
1118061.3.peg.632.site.5, 117, 125, 242
1118061.3.peg.631.site.1, 149, 149, 298
1118061.3.peg.631.site.2, 0, 149, 149
1118061.3.peg.631.site.3, 116, 148, 264
1118061.3.peg.631.site.4, 7, 150, 157
1118061.3.peg.631.site.5, 149, 149, 298
1118061.3.peg.631.site.6, 9, 148, 157
1118061.3.peg.631.site.7, 12, 150, 162
1118061.3.peg.631.site.8, 86, 150, 236
1118061.3.peg.631.site.9, 86, 150, 236
1118061.3.peg.631.site.10, 12, 150, 162
1118061.3.peg.631.site.11, 4, 149, 153
1118061.3.peg.631.site.12, 0, 149, 149
1118061.3.peg.631.site.13, 52, 149, 201
1118061.3.peg.631.site.14, 48, 142, 190
1118061.3.peg.631.site.15, 4, 149, 153
1118061.3.peg.631.site.16, 2, 148, 150
1118061.3.peg.631.site.17, 12, 150, 162
1118061.3.peg.631.site.18, 4, 150, 154
1118061.3.peg.631.site.19, 67, 149, 216
1118061.3.peg.631.site.20, 130, 148, 278
1118061.3.peg.631.site.21, 68, 150, 218
1118061.3.peg.631.site.22, 0, 145, 145
1118061.3.peg.631.site.23, 0, 146, 146
1118061.3.peg.631.site.24, 12, 148, 160
1118061.3.peg.631.site.25, 20, 148, 168
1118061.3.peg.631.site.26, 15, 148, 163
1118061.3.peg.631.site.27, 75, 114, 189
1118061.3.peg.631.site.28, 0, 69, 69
1118061.3.peg.637.site.1, 40, 143, 183
1118061.3.peg.637.site.2, 50, 146, 196
1118061.3.peg.636.site.1, 6, 125, 131
1118061.3.peg.636.site.2, 1, 144, 145
1118061.3.peg.636.site.3, 2, 150, 152
1118061.3.peg.636.site.4, 49, 149, 198
1118061.3.peg.636.site.5, 52, 148, 200
1118061.3.peg.635.site.1, 67, 150, 217
1118061.3.peg.635.site.2, 4, 143, 147
1118061.3.peg.635.site.3, 7, 145, 152
1118061.3.peg.635.site.4, 3, 146, 149
1118061.3.peg.635.site.5, 146, 146, 292
1118061.3.peg.635.site.6, 145, 145, 290
1118061.3.peg.635.site.7, 0, 148, 148
1118061.3.peg.634.site.1, 57, 147, 204
1118061.3.peg.634.site.2, 22, 145, 167
1118061.3.peg.634.site.3, 1, 136, 137
1118061.3.peg.634.site.4, 47, 142, 189
1118061.3.peg.639.site.1, 12, 149, 161
1118061.3.peg.639.site.2, 32, 150, 182
1118061.3.peg.639.site.3, 21, 150, 171
1118061.3.peg.639.site.4, 0, 150, 150
1118061.3.peg.639.site.5, 13, 149, 162
1118061.3.peg.639.site.6, 12, 148, 160
1118061.3.peg.639.site.7, 2, 147, 149
1118061.3.peg.639.site.8, 149, 149, 298
1118061.3.peg.639.site.9, 0, 149, 149
1118061.3.peg.639.site.10, 0, 148, 148
1118061.3.peg.638.site.1, 79, 145, 224
1118061.3.peg.638.site.2, 52, 141, 193
1118061.3.peg.638.site.3, 3, 126, 129
1118061.3.peg.638.site.4, 44, 133, 177
1118061.3.peg.638.site.5, 26, 126, 152
1118061.3.peg.638.site.6, 0, 111, 111
1118061.3.peg.638.site.7, 0, 128, 128
1118061.3.peg.638.site.8, 6, 142, 148
1118061.3.peg.638.site.9, 8, 134, 142
1118061.3.peg.638.site.10, 48, 145, 193
1118061.3.peg.638.site.11, 0, 146, 146
1118061.3.peg.638.site.12, 0, 142, 142
1118061.3.peg.638.site.13, 37, 149, 186
1118061.3.peg.638.site.14, 17, 149, 166
1118061.3.peg.638.site.15, 38, 145, 183
1118061.3.peg.638.site.16, 0, 148, 148
1118061.3.peg.638.site.17, 26, 141, 167
1118061.3.peg.638.site.18, 43, 126, 169
1118061.3.peg.638.site.19, 2, 131, 133
1118061.3.peg.638.site.20, 3, 117, 120
1118061.3.peg.638.site.21, 31, 135, 166
1118061.3.peg.638.site.22, 6, 138, 144
1118061.3.peg.638.site.23, 30, 135, 165
1118061.3.peg.638.site.24, 25, 132, 157
1118061.3.peg.638.site.25, 2, 137, 139
1118061.3.peg.638.site.26, 1, 129, 130
1118061.3.peg.638.site.27, 9, 145, 154
1118061.3.peg.638.site.28, 12, 99, 111
1118061.3.peg.638.site.29, 87, 100, 187
1118061.3.peg.638.site.30, 49, 97, 146
1118061.3.peg.638.site.31, 6, 98, 104
1118061.3.peg.915.site.1, 26, 146, 172
1118061.3.peg.915.site.2, 4, 135, 139
1118061.3.peg.915.site.3, 3, 149, 152
1118061.3.peg.915.site.4, 14, 149, 163
1118061.3.peg.915.site.5, 147, 147, 294
1118061.3.peg.915.site.6, 0, 142, 142
1118061.3.peg.915.site.7, 1, 144, 145
1118061.3.peg.915.site.8, 1, 148, 149
1118061.3.peg.915.site.9, 1, 150, 151
1118061.3.peg.915.site.10, 0, 149, 149
1118061.3.peg.915.site.11, 146, 146, 292
1118061.3.peg.915.site.12, 1, 117, 118
1118061.3.peg.915.site.13, 1, 143, 144
1118061.3.peg.915.site.14, 1, 143, 144
1118061.3.peg.149.site.1, 1, 149, 150
1118061.3.peg.149.site.2, 38, 150, 188
1118061.3.peg.149.site.3, 21, 148, 169
1118061.3.peg.149.site.4, 32, 149, 181
1118061.3.peg.149.site.5, 58, 146, 204
1118061.3.peg.149.site.6, 59, 147, 206
1118061.3.peg.149.site.7, 40, 148, 188
1118061.3.peg.149.site.8, 144, 146, 290
1118061.3.peg.149.site.9, 1, 141, 142
1118061.3.peg.149.site.10, 63, 133, 196
1118061.3.peg.149.site.11, 46, 121, 167
1118061.3.peg.149.site.12, 26, 125, 151
1118061.3.peg.149.site.13, 3, 129, 132
1118061.3.peg.149.site.14, 3, 126, 129
1118061.3.peg.149.site.15, 8, 122, 130
1118061.3.peg.149.site.16, 39, 118, 157
1118061.3.peg.149.site.17, 29, 96, 125
1118061.3.peg.149.site.18, 28, 82, 110
1118061.3.peg.149.site.19, 27, 89, 116
1118061.3.peg.149.site.20, 36, 102, 138
1118061.3.peg.149.site.21, 2, 146, 148
1118061.3.peg.149.site.22, 58, 143, 201
1118061.3.peg.149.site.23, 1, 143, 144
1118061.3.peg.149.site.24, 0, 147, 147
1118061.3.peg.149.site.25, 93, 149, 242
1118061.3.peg.149.site.26, 76, 131, 207
1118061.3.peg.149.site.27, 0, 136, 136
1118061.3.peg.149.site.28, 11, 122, 133
1118061.3.peg.148.site.1, 2, 150, 152
1118061.3.peg.148.site.2, 2, 150, 152
1118061.3.peg.148.site.3, 2, 150, 152
1118061.3.peg.148.site.4, 128, 150, 278
1118061.3.peg.148.site.5, 22, 150, 172
1118061.3.peg.148.site.6, 2, 150, 152
1118061.3.peg.148.site.7, 30, 133, 163
1118061.3.peg.148.site.8, 12, 133, 145
1118061.3.peg.148.site.9, 2, 137, 139
1118061.3.peg.148.site.10, 15, 126, 141
1118061.3.peg.148.site.11, 52, 92, 144
1118061.3.peg.148.site.12, 3, 136, 139
1118061.3.peg.148.site.13, 2, 147, 149
1118061.3.peg.148.site.14, 99, 146, 245
1118061.3.peg.148.site.15, 5, 146, 151
1118061.3.peg.148.site.16, 97, 139, 236
1118061.3.peg.148.site.17, 6, 118, 124
1118061.3.peg.148.site.18, 20, 127, 147
1118061.3.peg.148.site.19, 3, 126, 129
1118061.3.peg.148.site.20, 1, 125, 126
1118061.3.peg.148.site.21, 29, 134, 163
1118061.3.peg.148.site.22, 31, 136, 167
1118061.3.peg.148.site.23, 0, 138, 138
1118061.3.peg.148.site.24, 1, 139, 140
1118061.3.peg.148.site.25, 1, 144, 145
1118061.3.peg.148.site.26, 0, 133, 133
1118061.3.peg.148.site.27, 18, 118, 136
1118061.3.peg.148.site.28, 0, 108, 108
1118061.3.peg.148.site.29, 3, 125, 128
1118061.3.peg.148.site.30, 1, 132, 133
1118061.3.peg.148.site.31, 3, 133, 136
1118061.3.peg.148.site.32, 31, 121, 152
1118061.3.peg.148.site.33, 0, 130, 130
1118061.3.peg.148.site.34, 3, 146, 149
1118061.3.peg.148.site.35, 15, 145, 160
1118061.3.peg.148.site.36, 33, 145, 178
1118061.3.peg.148.site.37, 25, 137, 162
1118061.3.peg.148.site.38, 3, 129, 132
1118061.3.peg.148.site.39, 1, 148, 149
1118061.3.peg.148.site.40, 45, 150, 195
1118061.3.peg.148.site.41, 61, 150, 211
1118061.3.peg.148.site.42, 3, 150, 153
1118061.3.peg.145.site.1, 1, 148, 149
1118061.3.peg.145.site.2, 0, 147, 147
1118061.3.peg.145.site.3, 14, 150, 164
1118061.3.peg.145.site.4, 19, 150, 169
1118061.3.peg.145.site.5, 63, 141, 204
1118061.3.peg.145.site.6, 3, 116, 119
1118061.3.peg.145.site.7, 71, 137, 208
1118061.3.peg.145.site.8, 3, 136, 139
1118061.3.peg.145.site.9, 0, 142, 142
1118061.3.peg.145.site.10, 1, 117, 118
1118061.3.peg.145.site.11, 132, 132, 264
1118061.3.peg.145.site.12, 3, 134, 137
1118061.3.peg.145.site.13, 0, 136, 136
1118061.3.peg.145.site.14, 3, 132, 135
1118061.3.peg.145.site.15, 42, 126, 168
1118061.3.peg.145.site.16, 0, 124, 124
1118061.3.peg.145.site.17, 76, 145, 221
1118061.3.peg.145.site.18, 143, 143, 286
1118061.3.peg.145.site.19, 1, 141, 142
1118061.3.peg.145.site.20, 91, 146, 237
1118061.3.peg.145.site.21, 0, 150, 150
1118061.3.peg.145.site.22, 84, 145, 229
1118061.3.peg.145.site.23, 1, 149, 150
1118061.3.peg.145.site.24, 3, 149, 152
1118061.3.peg.145.site.25, 30, 150, 180
1118061.3.peg.144.site.1, 27, 149, 176
1118061.3.peg.144.site.2, 23, 150, 173
1118061.3.peg.144.site.3, 62, 149, 211
1118061.3.peg.144.site.4, 28, 150, 178
1118061.3.peg.144.site.5, 0, 148, 148
1118061.3.peg.144.site.6, 54, 148, 202
1118061.3.peg.144.site.7, 149, 149, 298
1118061.3.peg.144.site.8, 3, 149, 152
1118061.3.peg.144.site.9, 27, 92, 119
1118061.3.peg.144.site.10, 7, 149, 156
1118061.3.peg.144.site.11, 0, 149, 149
1118061.3.peg.144.site.12, 26, 148, 174
1118061.3.peg.144.site.13, 4, 150, 154
1118061.3.peg.144.site.14, 87, 149, 236
1118061.3.peg.146.site.1, 0, 148, 148
1118061.3.peg.146.site.2, 8, 149, 157
1118061.3.peg.146.site.3, 19, 148, 167
1118061.3.peg.146.site.4, 0, 150, 150
1118061.3.peg.146.site.5, 0, 150, 150
1118061.3.peg.146.site.6, 2, 149, 151
1118061.3.peg.146.site.7, 70, 149, 219
1118061.3.peg.146.site.8, 118, 143, 261
1118061.3.peg.146.site.9, 1, 148, 149
1118061.3.peg.146.site.10, 19, 150, 169
1118061.3.peg.146.site.11, 126, 150, 276
1118061.3.peg.146.site.12, 88, 148, 236
1118061.3.peg.146.site.13, 18, 135, 153
1118061.3.peg.146.site.14, 0, 149, 149
1118061.3.peg.146.site.15, 19, 147, 166
1118061.3.peg.146.site.16, 34, 148, 182
1118061.3.peg.146.site.17, 2, 149, 151
1118061.3.peg.146.site.18, 29, 150, 179
1118061.3.peg.146.site.19, 42, 145, 187
1118061.3.peg.146.site.20, 24, 120, 144
1118061.3.peg.146.site.21, 0, 150, 150
1118061.3.peg.146.site.22, 0, 150, 150
1118061.3.peg.146.site.23, 115, 150, 265
1118061.3.peg.146.site.24, 85, 148, 233
1118061.3.peg.146.site.25, 1, 144, 145
1118061.3.peg.146.site.26, 1, 138, 139
1118061.3.peg.146.site.27, 0, 117, 117
1118061.3.peg.146.site.28, 1, 97, 98
1118061.3.peg.146.site.29, 2, 88, 90
1118061.3.peg.146.site.30, 1, 116, 117
1118061.3.peg.146.site.31, 36, 145, 181
1118061.3.peg.141.site.1, 26, 148, 174
1118061.3.peg.141.site.2, 25, 149, 174
1118061.3.peg.141.site.3, 3, 150, 153
1118061.3.peg.141.site.4, 3, 149, 152
1118061.3.peg.141.site.5, 25, 147, 172
1118061.3.peg.141.site.6, 5, 145, 150
1118061.3.peg.143.site.1, 77, 147, 224
1118061.3.peg.143.site.2, 17, 146, 163
1118061.3.peg.143.site.3, 27, 148, 175
1118061.3.peg.143.site.4, 25, 148, 173
1118061.3.peg.143.site.5, 0, 149, 149
1118061.3.peg.143.site.6, 46, 150, 196
1118061.3.peg.143.site.7, 0, 147, 147
1118061.3.peg.143.site.8, 0, 147, 147
1118061.3.peg.707.site.1, 3, 144, 147
1118061.3.peg.707.site.2, 2, 143, 145
1118061.3.peg.707.site.3, 0, 135, 135
1118061.3.peg.707.site.4, 25, 142, 167
1118061.3.peg.707.site.5, 64, 129, 193
1118061.3.peg.707.site.6, 20, 129, 149
1118061.3.peg.707.site.7, 23, 115, 138
1118061.3.peg.707.site.8, 7, 88, 95
1118061.3.peg.707.site.9, 32, 144, 176
1118061.3.peg.707.site.10, 30, 144, 174
1118061.3.peg.707.site.11, 0, 142, 142
1118061.3.peg.707.site.12, 0, 145, 145
1118061.3.peg.707.site.13, 69, 143, 212
1118061.3.peg.707.site.14, 12, 128, 140
1118061.3.peg.707.site.15, 43, 131, 174
1118061.3.peg.707.site.16, 2, 138, 140
1118061.3.peg.707.site.17, 90, 140, 230
1118061.3.peg.707.site.18, 1, 144, 145
1118061.3.peg.707.site.19, 18, 144, 162
1118061.3.peg.707.site.20, 108, 145, 253
1118061.3.peg.707.site.21, 30, 144, 174
1118061.3.peg.707.site.22, 30, 143, 173
1118061.3.peg.707.site.23, 0, 142, 142
1118061.3.peg.707.site.24, 2, 133, 135
1118061.3.peg.707.site.25, 0, 135, 135
1118061.3.peg.707.site.26, 142, 144, 286
1118061.3.peg.707.site.27, 2, 144, 146
1118061.3.peg.707.site.28, 141, 145, 286
1118061.3.peg.707.site.29, 14, 140, 154
1118061.3.peg.707.site.30, 2, 137, 139
1118061.3.peg.707.site.31, 3, 132, 135
1118061.3.peg.707.site.32, 91, 91, 182
1118061.3.peg.707.site.33, 3, 95, 98
1118061.3.peg.707.site.34, 93, 93, 186
1118061.3.peg.707.site.35, 0, 101, 101
1118061.3.peg.707.site.36, 17, 117, 134
1118061.3.peg.707.site.37, 1, 89, 90
1118061.3.peg.707.site.38, 4, 92, 96
1118061.3.peg.707.site.39, 0, 144, 144
1118061.3.peg.707.site.40, 3, 145, 148
1118061.3.peg.706.site.1, 33, 143, 176
1118061.3.peg.706.site.2, 8, 142, 150
1118061.3.peg.706.site.3, 33, 142, 175
1118061.3.peg.706.site.4, 7, 115, 122
1118061.3.peg.706.site.5, 0, 117, 117
1118061.3.peg.706.site.6, 0, 111, 111
1118061.3.peg.706.site.7, 25, 143, 168
1118061.3.peg.706.site.8, 54, 143, 197
1118061.3.peg.706.site.9, 132, 143, 275
1118061.3.peg.706.site.10, 35, 117, 152
1118061.3.peg.706.site.11, 58, 114, 172
1118061.3.peg.706.site.12, 50, 103, 153
1118061.3.peg.706.site.13, 109, 115, 224
1118061.3.peg.706.site.14, 32, 128, 160
1118061.3.peg.706.site.15, 3, 139, 142
1118061.3.peg.706.site.16, 50, 138, 188
1118061.3.peg.706.site.17, 0, 144, 144
1118061.3.peg.706.site.18, 18, 142, 160
1118061.3.peg.706.site.19, 0, 142, 142
1118061.3.peg.706.site.20, 4, 142, 146
1118061.3.peg.706.site.21, 2, 142, 144
1118061.3.peg.706.site.22, 0, 143, 143
1118061.3.peg.706.site.23, 73, 133, 206
1118061.3.peg.706.site.24, 0, 118, 118
1118061.3.peg.706.site.25, 48, 129, 177
1118061.3.peg.706.site.26, 57, 134, 191
1118061.3.peg.706.site.27, 84, 141, 225
1118061.3.peg.704.site.1, 2, 142, 144
1118061.3.peg.704.site.2, 11, 142, 153
1118061.3.peg.704.site.3, 3, 144, 147
1118061.3.peg.704.site.4, 8, 145, 153
1118061.3.peg.704.site.5, 1, 145, 146
1118061.3.peg.704.site.6, 2, 142, 144
1118061.3.peg.704.site.7, 123, 134, 257
1118061.3.peg.704.site.8, 45, 133, 178
1118061.3.peg.704.site.9, 27, 136, 163
1118061.3.peg.704.site.10, 0, 133, 133
1118061.3.peg.704.site.11, 0, 142, 142
1118061.3.peg.704.site.12, 52, 110, 162
1118061.3.peg.704.site.13, 53, 110, 163
1118061.3.peg.704.site.14, 14, 106, 120
1118061.3.peg.704.site.15, 82, 93, 175
1118061.3.peg.704.site.16, 1, 114, 115
1118061.3.peg.704.site.17, 55, 113, 168
1118061.3.peg.709.site.1, 1, 144, 145
1118061.3.peg.709.site.2, 2, 146, 148
1118061.3.peg.709.site.3, 0, 145, 145
1118061.3.peg.709.site.4, 15, 136, 151
1118061.3.peg.709.site.5, 7, 134, 141
1118061.3.peg.709.site.6, 2, 141, 143
1118061.3.peg.709.site.7, 15, 144, 159
1118061.3.peg.709.site.8, 0, 144, 144
1118061.3.peg.709.site.9, 24, 143, 167
1118061.3.peg.709.site.10, 118, 145, 263
1118061.3.peg.709.site.11, 0, 146, 146
1118061.3.peg.709.site.12, 2, 145, 147
1118061.3.peg.709.site.13, 29, 145, 174
1118061.3.peg.709.site.14, 0, 142, 142
1118061.3.peg.708.site.1, 1, 146, 147
1118061.3.peg.708.site.2, 2, 138, 140
1118061.3.peg.708.site.3, 52, 146, 198
1118061.3.peg.708.site.4, 140, 146, 286
1118061.3.peg.708.site.5, 124, 146, 270
1118061.3.peg.708.site.6, 146, 146, 292
1118061.3.peg.708.site.7, 0, 146, 146
1118061.3.peg.708.site.8, 0, 143, 143
1118061.3.peg.708.site.9, 9, 129, 138
1118061.3.peg.708.site.10, 2, 144, 146
1118061.3.peg.708.site.11, 53, 145, 198
1118061.3.peg.708.site.12, 3, 146, 149
1118061.3.peg.708.site.13, 2, 146, 148
1118061.3.peg.708.site.14, 31, 146, 177
1118061.3.peg.708.site.15, 3, 146, 149
1118061.3.peg.708.site.16, 0, 146, 146
1118061.3.peg.708.site.17, 19, 146, 165
1118061.3.peg.708.site.18, 19, 146, 165
1118061.3.peg.708.site.19, 16, 145, 161
1118061.3.peg.708.site.20, 0, 146, 146
1118061.3.peg.708.site.21, 0, 146, 146
1118061.3.peg.708.site.22, 63, 145, 208
1118061.3.peg.708.site.23, 58, 146, 204
1118061.3.peg.708.site.24, 66, 145, 211
1118061.3.peg.708.site.25, 13, 146, 159
1118061.3.peg.708.site.26, 0, 146, 146
1118061.3.peg.708.site.27, 0, 146, 146
1118061.3.peg.708.site.28, 0, 145, 145
1118061.3.peg.708.site.29, 0, 146, 146
1118061.3.peg.708.site.30, 49, 144, 193
1118061.3.peg.708.site.31, 0, 146, 146
1118061.3.peg.708.site.32, 3, 143, 146
1118061.3.peg.708.site.33, 145, 145, 290
1118061.3.peg.708.site.34, 0, 145, 145
1118061.3.peg.708.site.35, 8, 145, 153
1118061.3.peg.708.site.36, 0, 146, 146
1118061.3.peg.708.site.37, 2, 139, 141
1118061.3.peg.708.site.38, 7, 141, 148
1118061.3.peg.708.site.39, 2, 137, 139
1118061.3.peg.708.site.40, 9, 141, 150
1118061.3.peg.708.site.41, 30, 136, 166
1118061.3.peg.708.site.42, 3, 140, 143
1118061.3.peg.708.site.43, 3, 145, 148
1118061.3.peg.708.site.44, 54, 141, 195
1118061.3.peg.708.site.45, 2, 145, 147
1118061.3.peg.708.site.46, 0, 138, 138
1118061.3.peg.708.site.47, 3, 143, 146
1118061.3.peg.219.site.1, 3, 150, 153
1118061.3.peg.219.site.2, 3, 143, 146
1118061.3.peg.219.site.3, 48, 145, 193
1118061.3.peg.219.site.4, 20, 144, 164
1118061.3.peg.219.site.5, 64, 146, 210
1118061.3.peg.219.site.6, 78, 146, 224
1118061.3.peg.219.site.7, 120, 141, 261
1118061.3.peg.219.site.8, 0, 148, 148
1118061.3.peg.219.site.9, 2, 150, 152
1118061.3.peg.1833.site.1, 2, 140, 142
1118061.3.peg.1833.site.2, 6, 143, 149
1118061.3.peg.1833.site.3, 67, 131, 198
1118061.3.peg.1833.site.4, 0, 146, 146
1118061.3.peg.1833.site.5, 2, 148, 150
1118061.3.peg.1833.site.6, 0, 148, 148
1118061.3.peg.1833.site.7, 29, 145, 174
1118061.3.peg.1833.site.8, 0, 148, 148
1118061.3.peg.1832.site.1, 69, 135, 204
1118061.3.peg.1832.site.2, 68, 138, 206
1118061.3.peg.1832.site.3, 21, 128, 149
1118061.3.peg.1832.site.4, 71, 143, 214
1118061.3.peg.1831.site.1, 9, 149, 158
1118061.3.peg.1831.site.2, 0, 150, 150
1118061.3.peg.1830.site.1, 83, 150, 233
1118061.3.peg.1830.site.2, 38, 150, 188
1118061.3.peg.1830.site.3, 2, 136, 138
1118061.3.peg.1830.site.4, 3, 138, 141
1118061.3.peg.1830.site.5, 0, 149, 149
1118061.3.peg.1830.site.6, 17, 101, 118
1118061.3.peg.1830.site.7, 1, 108, 109
1118061.3.peg.1830.site.8, 64, 98, 162
1118061.3.peg.1830.site.9, 63, 99, 162
1118061.3.peg.1830.site.10, 8, 130, 138
1118061.3.peg.1830.site.11, 61, 141, 202
1118061.3.peg.1837.site.1, 23, 149, 172
1118061.3.peg.1837.site.2, 0, 150, 150
1118061.3.peg.1837.site.3, 0, 149, 149
1118061.3.peg.1837.site.4, 19, 150, 169
1118061.3.peg.1837.site.5, 0, 148, 148
1118061.3.peg.1837.site.6, 117, 144, 261
1118061.3.peg.1837.site.7, 19, 143, 162
1118061.3.peg.1837.site.8, 17, 140, 157
1118061.3.peg.1837.site.9, 1, 81, 82
1118061.3.peg.1837.site.10, 97, 143, 240
1118061.3.peg.1837.site.11, 1, 148, 149
1118061.3.peg.1837.site.12, 15, 147, 162
1118061.3.peg.1836.site.1, 22, 150, 172
1118061.3.peg.1836.site.2, 5, 150, 155
1118061.3.peg.1836.site.3, 12, 150, 162
1118061.3.peg.1836.site.4, 0, 150, 150
1118061.3.peg.1836.site.5, 41, 140, 181
1118061.3.peg.1836.site.6, 50, 143, 193
1118061.3.peg.1836.site.7, 149, 149, 298
1118061.3.peg.1836.site.8, 2, 149, 151
1118061.3.peg.1836.site.9, 84, 149, 233
1118061.3.peg.1836.site.10, 20, 149, 169
1118061.3.peg.1836.site.11, 7, 149, 156
1118061.3.peg.1836.site.12, 20, 150, 170
1118061.3.peg.1836.site.13, 41, 148, 189
1118061.3.peg.1836.site.14, 19, 148, 167
1118061.3.peg.1836.site.15, 3, 147, 150
1118061.3.peg.1836.site.16, 2, 142, 144
1118061.3.peg.1836.site.17, 64, 143, 207
1118061.3.peg.1836.site.18, 18, 147, 165
1118061.3.peg.1836.site.19, 83, 150, 233
1118061.3.peg.1835.site.1, 20, 150, 170
1118061.3.peg.1835.site.2, 60, 149, 209
1118061.3.peg.1835.site.3, 23, 150, 173
1118061.3.peg.1835.site.4, 49, 150, 199
1118061.3.peg.1835.site.5, 49, 150, 199
1118061.3.peg.1835.site.6, 76, 150, 226
1118061.3.peg.1835.site.7, 9, 150, 159
1118061.3.peg.1835.site.8, 32, 150, 182
1118061.3.peg.1835.site.9, 19, 150, 169
1118061.3.peg.1835.site.10, 15, 149, 164
1118061.3.peg.1835.site.11, 136, 149, 285
1118061.3.peg.1835.site.12, 64, 150, 214
1118061.3.peg.1835.site.13, 43, 148, 191
1118061.3.peg.1835.site.14, 4, 132, 136
1118061.3.peg.1835.site.15, 3, 139, 142
1118061.3.peg.1835.site.16, 16, 146, 162
1118061.3.peg.1835.site.17, 47, 142, 189
1118061.3.peg.1835.site.18, 0, 147, 147
1118061.3.peg.1835.site.19, 0, 150, 150
1118061.3.peg.1835.site.20, 0, 148, 148
1118061.3.peg.1835.site.21, 2, 149, 151
1118061.3.peg.1835.site.22, 0, 150, 150
1118061.3.peg.1834.site.1, 3, 141, 144
1118061.3.peg.1834.site.2, 3, 139, 142
1118061.3.peg.1834.site.3, 1, 143, 144
1118061.3.peg.1834.site.4, 8, 144, 152
1118061.3.peg.1839.site.1, 3, 145, 148
1118061.3.peg.1839.site.2, 2, 148, 150
1118061.3.peg.1838.site.1, 3, 147, 150
1118061.3.peg.1838.site.2, 3, 149, 152
1118061.3.peg.1838.site.3, 3, 149, 152
1118061.3.peg.1838.site.4, 4, 150, 154
1118061.3.peg.1838.site.5, 2, 149, 151
1118061.3.peg.1838.site.6, 0, 146, 146
1118061.3.peg.1838.site.7, 1, 147, 148
1118061.3.peg.1838.site.8, 126, 130, 256
1118061.3.peg.1838.site.9, 131, 131, 262
1118061.3.peg.1838.site.10, 2, 148, 150
1118061.3.peg.1838.site.11, 149, 149, 298
1118061.3.peg.1838.site.12, 2, 148, 150
1118061.3.peg.1838.site.13, 28, 140, 168
1118061.3.peg.1838.site.14, 2, 143, 145
1118061.3.peg.1838.site.15, 1, 143, 144
1118061.3.peg.1838.site.16, 0, 146, 146
1118061.3.peg.1838.site.17, 2, 148, 150
1118061.3.peg.1838.site.18, 12, 148, 160
1118061.3.peg.1838.site.19, 2, 147, 149
1118061.3.peg.1838.site.20, 1, 146, 147
1118061.3.peg.1838.site.21, 0, 146, 146
1118061.3.peg.1838.site.22, 18, 149, 167
1118061.3.peg.1838.site.23, 140, 149, 289
1118061.3.peg.1838.site.24, 0, 138, 138
1118061.3.peg.608.site.1, 17, 146, 163
1118061.3.peg.608.site.2, 15, 142, 157
1118061.3.peg.608.site.3, 15, 149, 164
1118061.3.peg.608.site.4, 5, 147, 152
1118061.3.peg.609.site.1, 14, 147, 161
1118061.3.peg.609.site.2, 0, 150, 150
1118061.3.peg.609.site.3, 150, 150, 300
1118061.3.peg.609.site.4, 57, 146, 203
1118061.3.peg.609.site.5, 8, 148, 156
1118061.3.peg.609.site.6, 0, 148, 148
1118061.3.peg.609.site.7, 21, 150, 171
1118061.3.peg.609.site.8, 1, 150, 151
1118061.3.peg.609.site.9, 13, 150, 163
1118061.3.peg.609.site.10, 5, 149, 154
1118061.3.peg.609.site.11, 5, 149, 154
1118061.3.peg.609.site.12, 13, 150, 163
1118061.3.peg.609.site.13, 30, 150, 180
1118061.3.peg.609.site.14, 21, 146, 167
1118061.3.peg.609.site.15, 21, 150, 171
1118061.3.peg.609.site.16, 0, 150, 150
1118061.3.peg.609.site.17, 1, 149, 150
1118061.3.peg.1046.site.1, 2, 145, 147
1118061.3.peg.1046.site.2, 103, 141, 244
1118061.3.peg.1046.site.3, 13, 140, 153
1118061.3.peg.1046.site.4, 73, 141, 214
1118061.3.peg.1046.site.5, 29, 143, 172
1118061.3.peg.1046.site.6, 19, 140, 159
1118061.3.peg.1046.site.7, 2, 142, 144
1118061.3.peg.1046.site.8, 0, 135, 135
1118061.3.peg.1046.site.9, 70, 142, 212
1118061.3.peg.1046.site.10, 18, 145, 163
1118061.3.peg.1046.site.11, 133, 133, 266
1118061.3.peg.1046.site.12, 62, 116, 178
1118061.3.peg.1046.site.13, 63, 116, 179
1118061.3.peg.1046.site.14, 4, 148, 152
1118061.3.peg.1046.site.15, 3, 100, 103
1118061.3.peg.1046.site.16, 0, 129, 129
1118061.3.peg.1046.site.17, 1, 139, 140
1118061.3.peg.210.site.1, 0, 141, 141
1118061.3.peg.210.site.2, 3, 147, 150
1118061.3.peg.210.site.3, 3, 138, 141
1118061.3.peg.210.site.4, 34, 126, 160
1118061.3.peg.210.site.5, 33, 144, 177
1118061.3.peg.210.site.6, 69, 121, 190
1118061.3.peg.210.site.7, 1, 146, 147
1118061.3.peg.210.site.8, 91, 148, 239
1118061.3.peg.210.site.9, 41, 143, 184
1118061.3.peg.210.site.10, 52, 147, 199
1118061.3.peg.210.site.11, 146, 148, 294
1118061.3.peg.1044.site.1, 3, 146, 149
1118061.3.peg.1044.site.2, 2, 141, 143
1118061.3.peg.1044.site.3, 0, 143, 143
1118061.3.peg.1044.site.4, 19, 147, 166
1118061.3.peg.1044.site.5, 1, 146, 147
1118061.3.peg.1044.site.6, 1, 144, 145
1118061.3.peg.1044.site.7, 20, 148, 168
1118061.3.peg.1044.site.8, 7, 139, 146
1118061.3.peg.1044.site.9, 0, 123, 123
1118061.3.peg.1044.site.10, 2, 113, 115
1118061.3.peg.1044.site.11, 73, 92, 165
1118061.3.peg.1044.site.12, 112, 128, 240
1118061.3.peg.1044.site.13, 1, 142, 143
1118061.3.peg.1727.site.1, 0, 142, 142
1118061.3.peg.1727.site.2, 4, 141, 145
1118061.3.peg.1727.site.3, 0, 141, 141
1118061.3.peg.1727.site.4, 0, 140, 140
1118061.3.peg.1727.site.5, 1, 142, 143
1118061.3.peg.1727.site.6, 0, 138, 138
1118061.3.peg.1727.site.7, 56, 142, 198
1118061.3.peg.1727.site.8, 142, 142, 284
1118061.3.peg.1727.site.9, 4, 139, 143
1118061.3.peg.1727.site.10, 5, 139, 144
1118061.3.peg.1727.site.11, 3, 142, 145
1118061.3.peg.1727.site.12, 3, 142, 145
1118061.3.peg.1727.site.13, 3, 142, 145
1118061.3.peg.1727.site.14, 0, 141, 141
1118061.3.peg.1727.site.15, 0, 142, 142
1118061.3.peg.1727.site.16, 3, 141, 144
1118061.3.peg.1727.site.17, 3, 139, 142
1118061.3.peg.1727.site.18, 0, 141, 141
1118061.3.peg.1727.site.19, 28, 141, 169
1118061.3.peg.1727.site.20, 142, 142, 284
1118061.3.peg.1727.site.21, 15, 141, 156
1118061.3.peg.1727.site.22, 23, 140, 163
1118061.3.peg.1727.site.23, 5, 141, 146
1118061.3.peg.1727.site.24, 0, 142, 142
1118061.3.peg.1727.site.25, 23, 141, 164
1118061.3.peg.1727.site.26, 135, 141, 276
1118061.3.peg.1727.site.27, 2, 141, 143
1118061.3.peg.1727.site.28, 0, 141, 141
1118061.3.peg.1727.site.29, 25, 139, 164
1118061.3.peg.1727.site.30, 5, 128, 133
1118061.3.peg.1727.site.31, 2, 135, 137
1118061.3.peg.1727.site.32, 0, 137, 137
1118061.3.peg.1727.site.33, 141, 141, 282
1118061.3.peg.1727.site.34, 0, 139, 139
1118061.3.peg.1727.site.35, 3, 135, 138
1118061.3.peg.1727.site.36, 138, 138, 276
1118061.3.peg.1727.site.37, 3, 142, 145
1118061.3.peg.1727.site.38, 142, 142, 284
1118061.3.peg.1726.site.1, 141, 141, 282
1118061.3.peg.1726.site.2, 0, 142, 142
1118061.3.peg.1726.site.3, 98, 142, 240
1118061.3.peg.1726.site.4, 0, 142, 142
1118061.3.peg.1726.site.5, 10, 142, 152
1118061.3.peg.1726.site.6, 10, 142, 152
1118061.3.peg.1726.site.7, 3, 141, 144
1118061.3.peg.1726.site.8, 142, 142, 284
1118061.3.peg.1726.site.9, 75, 139, 214
1118061.3.peg.1726.site.10, 99, 141, 240
1118061.3.peg.1726.site.11, 1, 142, 143
1118061.3.peg.1726.site.12, 95, 142, 237
1118061.3.peg.1726.site.13, 0, 142, 142
1118061.3.peg.1726.site.14, 7, 142, 149
1118061.3.peg.1726.site.15, 0, 142, 142
1118061.3.peg.1726.site.16, 0, 141, 141
1118061.3.peg.1726.site.17, 0, 142, 142
1118061.3.peg.1726.site.18, 3, 142, 145
1118061.3.peg.1726.site.19, 0, 141, 141
1118061.3.peg.1726.site.20, 3, 142, 145
1118061.3.peg.1726.site.21, 5, 142, 147
1118061.3.peg.1726.site.22, 74, 141, 215
1118061.3.peg.1726.site.23, 1, 141, 142
1118061.3.peg.1726.site.24, 0, 139, 139
1118061.3.peg.1726.site.25, 0, 141, 141
1118061.3.peg.1726.site.26, 0, 141, 141
1118061.3.peg.1726.site.27, 5, 140, 145
1118061.3.peg.1726.site.28, 14, 142, 156
1118061.3.peg.1726.site.29, 2, 141, 143
1118061.3.peg.1726.site.30, 5, 141, 146
1118061.3.peg.1726.site.31, 2, 142, 144
1118061.3.peg.1726.site.32, 5, 142, 147
1118061.3.peg.1724.site.1, 57, 148, 205
1118061.3.peg.1724.site.2, 3, 149, 152
1118061.3.peg.1724.site.3, 93, 144, 237
1118061.3.peg.1724.site.4, 2, 149, 151
1118061.3.peg.1724.site.5, 29, 148, 177
1118061.3.peg.1724.site.6, 3, 150, 153
1118061.3.peg.1724.site.7, 42, 149, 191
1118061.3.peg.1724.site.8, 5, 149, 154
1118061.3.peg.1724.site.9, 0, 137, 137
1118061.3.peg.1724.site.10, 1, 136, 137
1118061.3.peg.1724.site.11, 1, 138, 139
1118061.3.peg.1724.site.12, 0, 141, 141
1118061.3.peg.1724.site.13, 3, 108, 111
1118061.3.peg.1724.site.14, 0, 118, 118
1118061.3.peg.1724.site.15, 35, 135, 170
1118061.3.peg.1724.site.16, 38, 148, 186
1118061.3.peg.1724.site.17, 93, 150, 243
1118061.3.peg.1724.site.18, 29, 148, 177
1118061.3.peg.1724.site.19, 0, 149, 149
1118061.3.peg.1724.site.20, 58, 148, 206
1118061.3.peg.1724.site.21, 0, 146, 146
1118061.3.peg.1724.site.22, 86, 148, 234
1118061.3.peg.1724.site.23, 35, 149, 184
1118061.3.peg.1724.site.24, 85, 150, 235
1118061.3.peg.1724.site.25, 0, 149, 149
1118061.3.peg.1724.site.26, 2, 131, 133
1118061.3.peg.1724.site.27, 2, 150, 152
1118061.3.peg.1724.site.28, 3, 150, 153
1118061.3.peg.1723.site.1, 0, 149, 149
1118061.3.peg.1723.site.2, 123, 131, 254
1118061.3.peg.1723.site.3, 40, 143, 183
1118061.3.peg.1723.site.4, 2, 122, 124
1118061.3.peg.1723.site.5, 36, 140, 176
1118061.3.peg.1723.site.6, 0, 132, 132
1118061.3.peg.1723.site.7, 1, 125, 126
1118061.3.peg.1723.site.8, 16, 131, 147
1118061.3.peg.1723.site.9, 37, 131, 168
1118061.3.peg.1723.site.10, 9, 105, 114
1118061.3.peg.1723.site.11, 17, 139, 156
1118061.3.peg.1723.site.12, 1, 140, 141
1118061.3.peg.1723.site.13, 1, 137, 138
1118061.3.peg.1723.site.14, 12, 142, 154
1118061.3.peg.1722.site.1, 0, 122, 122
1118061.3.peg.1722.site.2, 3, 110, 113
1118061.3.peg.1722.site.3, 1, 120, 121
1118061.3.peg.1722.site.4, 2, 138, 140
1118061.3.peg.1722.site.5, 0, 146, 146
1118061.3.peg.1722.site.6, 114, 139, 253
1118061.3.peg.1722.site.7, 17, 142, 159
1118061.3.peg.1722.site.8, 0, 140, 140
1118061.3.peg.1722.site.9, 31, 142, 173
1118061.3.peg.1722.site.10, 22, 132, 154
1118061.3.peg.1722.site.11, 18, 122, 140
1118061.3.peg.1722.site.12, 0, 103, 103
1118061.3.peg.1722.site.13, 0, 101, 101
1118061.3.peg.1722.site.14, 0, 126, 126
1118061.3.peg.1722.site.15, 21, 142, 163
1118061.3.peg.1722.site.16, 0, 147, 147
1118061.3.peg.1722.site.17, 16, 140, 156
1118061.3.peg.1722.site.18, 106, 106, 212
1118061.3.peg.1722.site.19, 105, 105, 210
1118061.3.peg.1722.site.20, 16, 148, 164
1118061.3.peg.1722.site.21, 0, 147, 147
1118061.3.peg.1722.site.22, 0, 150, 150
1118061.3.peg.1722.site.23, 144, 144, 288
1118061.3.peg.1721.site.1, 12, 145, 157
1118061.3.peg.1721.site.2, 140, 140, 280
1118061.3.peg.1721.site.3, 133, 149, 282
1118061.3.peg.1721.site.4, 22, 140, 162
1118061.3.peg.1721.site.5, 3, 146, 149
1118061.3.peg.1721.site.6, 39, 147, 186
1118061.3.peg.1720.site.1, 2, 134, 136
1118061.3.peg.1720.site.2, 30, 149, 179
1118061.3.peg.1720.site.3, 3, 148, 151
1118061.3.peg.1720.site.4, 23, 147, 170
1118061.3.peg.1720.site.5, 54, 145, 199
1118061.3.peg.1042.site.1, 0, 149, 149
1118061.3.peg.1042.site.2, 17, 149, 166
1118061.3.peg.1042.site.3, 60, 150, 210
1118061.3.peg.1042.site.4, 42, 149, 191
1118061.3.peg.1042.site.5, 2, 150, 152
1118061.3.peg.1042.site.6, 10, 147, 157
1118061.3.peg.1042.site.7, 33, 148, 181
1118061.3.peg.1042.site.8, 17, 150, 167
1118061.3.peg.1042.site.9, 4, 150, 154
1118061.3.peg.1042.site.10, 1, 147, 148
1118061.3.peg.1042.site.11, 96, 128, 224
1118061.3.peg.1042.site.12, 27, 138, 165
1118061.3.peg.1042.site.13, 21, 148, 169
1118061.3.peg.1729.site.1, 133, 142, 275
1118061.3.peg.1729.site.2, 0, 142, 142
1118061.3.peg.1729.site.3, 3, 140, 143
1118061.3.peg.1729.site.4, 1, 141, 142
1118061.3.peg.1729.site.5, 1, 141, 142
1118061.3.peg.1729.site.6, 2, 142, 144
1118061.3.peg.1729.site.7, 61, 140, 201
1118061.3.peg.1729.site.8, 54, 111, 165
1118061.3.peg.1729.site.9, 11, 126, 137
1118061.3.peg.1729.site.10, 0, 138, 138
1118061.3.peg.1729.site.11, 0, 129, 129
1118061.3.peg.1729.site.12, 0, 136, 136
1118061.3.peg.1729.site.13, 1, 135, 136
1118061.3.peg.603.site.1, 3, 148, 151
1118061.3.peg.603.site.2, 1, 147, 148
1118061.3.peg.603.site.3, 11, 103, 114
1118061.3.peg.603.site.4, 117, 147, 264
1118061.3.peg.603.site.5, 0, 144, 144
1118061.3.peg.603.site.6, 4, 150, 154
1118061.3.peg.603.site.7, 2, 145, 147
1118061.3.peg.603.site.8, 3, 147, 150
1118061.3.peg.603.site.9, 97, 148, 245
1118061.3.peg.603.site.10, 9, 148, 157
1118061.3.peg.603.site.11, 40, 147, 187
1118061.3.peg.603.site.12, 1, 143, 144
1118061.3.peg.603.site.13, 0, 145, 145
1118061.3.peg.603.site.14, 15, 144, 159
1118061.3.peg.603.site.15, 2, 146, 148
1118061.3.peg.603.site.16, 2, 148, 150
1118061.3.peg.603.site.17, 3, 144, 147
1118061.3.peg.603.site.18, 0, 137, 137
1118061.3.peg.603.site.19, 8, 122, 130
1118061.3.peg.603.site.20, 29, 141, 170
1118061.3.peg.603.site.21, 0, 140, 140
1118061.3.peg.603.site.22, 96, 139, 235
1118061.3.peg.603.site.23, 2, 144, 146
1118061.3.peg.603.site.24, 45, 143, 188
1118061.3.peg.603.site.25, 12, 147, 159
1118061.3.peg.603.site.26, 12, 148, 160
1118061.3.peg.603.site.27, 17, 147, 164
1118061.3.peg.603.site.28, 11, 144, 155
1118061.3.peg.603.site.29, 9, 137, 146
1118061.3.peg.603.site.30, 1, 138, 139
1118061.3.peg.603.site.31, 111, 137, 248
1118061.3.peg.603.site.32, 112, 139, 251
1118061.3.peg.603.site.33, 1, 144, 145
1118061.3.peg.603.site.34, 4, 146, 150
1118061.3.peg.603.site.35, 12, 147, 159
1118061.3.peg.603.site.36, 145, 145, 290
1118061.3.peg.603.site.37, 16, 143, 159
1118061.3.peg.603.site.38, 59, 137, 196
1118061.3.peg.603.site.39, 3, 142, 145
1118061.3.peg.603.site.40, 7, 149, 156
1118061.3.peg.603.site.41, 28, 149, 177
1118061.3.peg.603.site.42, 145, 147, 292
1118061.3.peg.603.site.43, 55, 150, 205
1118061.3.peg.603.site.44, 5, 150, 155
1118061.3.peg.603.site.45, 0, 119, 119
1118061.3.peg.603.site.46, 1, 134, 135
1118061.3.peg.603.site.47, 0, 144, 144
1118061.3.peg.603.site.48, 70, 145, 215
1118061.3.peg.1619.site.1, 21, 139, 160
1118061.3.peg.1619.site.2, 2, 140, 142
1118061.3.peg.1619.site.3, 1, 136, 137
1118061.3.peg.1619.site.4, 0, 141, 141
1118061.3.peg.1619.site.5, 63, 131, 194
1118061.3.peg.1619.site.6, 16, 109, 125
1118061.3.peg.1619.site.7, 106, 110, 216
1118061.3.peg.1619.site.8, 84, 106, 190
1118061.3.peg.1619.site.9, 42, 119, 161
1118061.3.peg.1619.site.10, 0, 127, 127
1118061.3.peg.1619.site.11, 17, 129, 146
1118061.3.peg.1619.site.12, 20, 130, 150
1118061.3.peg.1619.site.13, 4, 126, 130
1118061.3.peg.1619.site.14, 12, 124, 136
1118061.3.peg.1619.site.15, 117, 117, 234
1118061.3.peg.1619.site.16, 32, 112, 144
1118061.3.peg.1619.site.17, 8, 75, 83
1118061.3.peg.1619.site.18, 0, 78, 78
1118061.3.peg.1619.site.19, 9, 109, 118
1118061.3.peg.1619.site.20, 8, 134, 142
1118061.3.peg.1618.site.1, 24, 149, 173
1118061.3.peg.1618.site.2, 43, 146, 189
1118061.3.peg.1618.site.3, 10, 149, 159
1118061.3.peg.1618.site.4, 19, 150, 169
1118061.3.peg.1618.site.5, 3, 150, 153
1118061.3.peg.1618.site.6, 3, 150, 153
1118061.3.peg.1618.site.7, 56, 149, 205
1118061.3.peg.1618.site.8, 31, 147, 178
1118061.3.peg.1618.site.9, 65, 150, 215
1118061.3.peg.1618.site.10, 0, 150, 150
1118061.3.peg.1618.site.11, 1, 150, 151
1118061.3.peg.1618.site.12, 1, 149, 150
1118061.3.peg.1618.site.13, 0, 150, 150
1118061.3.peg.1618.site.14, 38, 149, 187
1118061.3.peg.1618.site.15, 3, 149, 152
1118061.3.peg.1618.site.16, 58, 149, 207
1118061.3.peg.1618.site.17, 2, 150, 152
1118061.3.peg.1618.site.18, 0, 148, 148
1118061.3.peg.1613.site.1, 4, 60, 64
1118061.3.peg.1613.site.2, 3, 73, 76
1118061.3.peg.1613.site.3, 6, 75, 81
1118061.3.peg.1613.site.4, 34, 88, 122
1118061.3.peg.1613.site.5, 53, 107, 160
1118061.3.peg.1613.site.6, 2, 124, 126
1118061.3.peg.1613.site.7, 95, 134, 229
1118061.3.peg.1613.site.8, 2, 137, 139
1118061.3.peg.1613.site.9, 2, 144, 146
1118061.3.peg.1613.site.10, 1, 145, 146
1118061.3.peg.1613.site.11, 40, 146, 186
1118061.3.peg.1613.site.12, 2, 141, 143
1118061.3.peg.1613.site.13, 1, 132, 133
1118061.3.peg.1613.site.14, 1, 134, 135
1118061.3.peg.1613.site.15, 0, 120, 120
1118061.3.peg.1613.site.16, 1, 120, 121
1118061.3.peg.1613.site.17, 4, 129, 133
1118061.3.peg.1613.site.18, 3, 148, 151
1118061.3.peg.1613.site.19, 59, 120, 179
1118061.3.peg.1613.site.20, 1, 105, 106
1118061.3.peg.1613.site.21, 45, 83, 128
1118061.3.peg.1613.site.22, 0, 140, 140
1118061.3.peg.1613.site.23, 1, 139, 140
1118061.3.peg.1613.site.24, 7, 139, 146
1118061.3.peg.1613.site.25, 38, 136, 174
1118061.3.peg.1613.site.26, 23, 120, 143
1118061.3.peg.1613.site.27, 33, 120, 153
1118061.3.peg.1613.site.28, 0, 115, 115
1118061.3.peg.1613.site.29, 1, 101, 102
1118061.3.peg.1613.site.30, 21, 84, 105
1118061.3.peg.1613.site.31, 5, 124, 129
1118061.3.peg.1613.site.32, 3, 123, 126
1118061.3.peg.1612.site.1, 1, 145, 146
1118061.3.peg.1612.site.2, 2, 144, 146
1118061.3.peg.1612.site.3, 144, 144, 288
1118061.3.peg.1612.site.4, 2, 144, 146
1118061.3.peg.1612.site.5, 9, 144, 153
1118061.3.peg.1612.site.6, 2, 145, 147
1118061.3.peg.1612.site.7, 5, 144, 149
1118061.3.peg.1612.site.8, 3, 145, 148
1118061.3.peg.1612.site.9, 0, 142, 142
1118061.3.peg.1612.site.10, 31, 102, 133
1118061.3.peg.1612.site.11, 4, 120, 124
1118061.3.peg.1612.site.12, 22, 111, 133
1118061.3.peg.1612.site.13, 9, 115, 124
1118061.3.peg.1612.site.14, 70, 125, 195
1118061.3.peg.1612.site.15, 28, 125, 153
1118061.3.peg.1612.site.16, 1, 132, 133
1118061.3.peg.1612.site.17, 25, 128, 153
1118061.3.peg.1612.site.18, 24, 134, 158
1118061.3.peg.1612.site.19, 9, 130, 139
1118061.3.peg.1612.site.20, 1, 128, 129
1118061.3.peg.1612.site.21, 0, 124, 124
1118061.3.peg.1612.site.22, 104, 104, 208
1118061.3.peg.1612.site.23, 0, 114, 114
1118061.3.peg.1612.site.24, 1, 111, 112
1118061.3.peg.1612.site.25, 28, 113, 141
1118061.3.peg.1612.site.26, 0, 115, 115
1118061.3.peg.1612.site.27, 1, 103, 104
1118061.3.peg.1612.site.28, 8, 91, 99
1118061.3.peg.1612.site.29, 3, 141, 144
1118061.3.peg.1612.site.30, 43, 126, 169
1118061.3.peg.1612.site.31, 9, 125, 134
1118061.3.peg.1612.site.32, 2, 138, 140
1118061.3.peg.1612.site.33, 4, 138, 142
1118061.3.peg.1612.site.34, 15, 146, 161
1118061.3.peg.1612.site.35, 28, 144, 172
1118061.3.peg.1612.site.36, 16, 143, 159
1118061.3.peg.1612.site.37, 3, 140, 143
1118061.3.peg.1612.site.38, 1, 119, 120
1118061.3.peg.1612.site.39, 2, 139, 141
1118061.3.peg.1612.site.40, 2, 141, 143
1118061.3.peg.1612.site.41, 76, 143, 219
1118061.3.peg.1612.site.42, 68, 143, 211
1118061.3.peg.1612.site.43, 4, 147, 151
1118061.3.peg.1612.site.44, 0, 143, 143
1118061.3.peg.1612.site.45, 0, 121, 121
1118061.3.peg.1612.site.46, 21, 94, 115
1118061.3.peg.1612.site.47, 6, 60, 66
1118061.3.peg.1611.site.1, 0, 150, 150
1118061.3.peg.1611.site.2, 2, 149, 151
1118061.3.peg.1611.site.3, 2, 149, 151
1118061.3.peg.1611.site.4, 0, 148, 148
1118061.3.peg.1611.site.5, 13, 146, 159
1118061.3.peg.1611.site.6, 148, 148, 296
1118061.3.peg.1611.site.7, 9, 150, 159
1118061.3.peg.1611.site.8, 5, 150, 155
1118061.3.peg.1611.site.9, 2, 149, 151
1118061.3.peg.1611.site.10, 0, 148, 148
1118061.3.peg.1611.site.11, 3, 149, 152
1118061.3.peg.1611.site.12, 2, 148, 150
1118061.3.peg.1611.site.13, 27, 148, 175
1118061.3.peg.1611.site.14, 30, 143, 173
1118061.3.peg.1611.site.15, 1, 146, 147
1118061.3.peg.1611.site.16, 2, 144, 146
1118061.3.peg.1611.site.17, 15, 149, 164
1118061.3.peg.1611.site.18, 17, 148, 165
1118061.3.peg.1611.site.19, 0, 148, 148
1118061.3.peg.1611.site.20, 27, 145, 172
1118061.3.peg.1611.site.21, 21, 146, 167
1118061.3.peg.1611.site.22, 28, 145, 173
1118061.3.peg.1611.site.23, 2, 150, 152
1118061.3.peg.1611.site.24, 29, 147, 176
1118061.3.peg.1611.site.25, 0, 148, 148
1118061.3.peg.1611.site.26, 2, 148, 150
1118061.3.peg.1611.site.27, 76, 136, 212
1118061.3.peg.1611.site.28, 136, 138, 274
1118061.3.peg.1611.site.29, 2, 140, 142
1118061.3.peg.1611.site.30, 2, 125, 127
1118061.3.peg.1611.site.31, 48, 130, 178
1118061.3.peg.1611.site.32, 3, 139, 142
1118061.3.peg.1611.site.33, 11, 139, 150
1118061.3.peg.1611.site.34, 2, 143, 145
1118061.3.peg.1610.site.1, 77, 142, 219
1118061.3.peg.1610.site.2, 15, 140, 155
1118061.3.peg.1610.site.3, 20, 138, 158
1118061.3.peg.1610.site.4, 0, 143, 143
1118061.3.peg.1610.site.5, 43, 131, 174
1118061.3.peg.1610.site.6, 79, 142, 221
1118061.3.peg.1610.site.7, 20, 135, 155
1118061.3.peg.1610.site.8, 21, 137, 158
1118061.3.peg.1610.site.9, 2, 138, 140
1118061.3.peg.1610.site.10, 58, 142, 200
1118061.3.peg.1610.site.11, 29, 138, 167
1118061.3.peg.1610.site.12, 2, 143, 145
1118061.3.peg.1610.site.13, 1, 147, 148
1118061.3.peg.1610.site.14, 132, 146, 278
1118061.3.peg.1610.site.15, 2, 143, 145
1118061.3.peg.1610.site.16, 14, 143, 157
1118061.3.peg.1610.site.17, 1, 134, 135
1118061.3.peg.1610.site.18, 1, 126, 127
1118061.3.peg.1610.site.19, 4, 128, 132
1118061.3.peg.1610.site.20, 118, 121, 239
1118061.3.peg.1610.site.21, 2, 107, 109
1118061.3.peg.1610.site.22, 49, 119, 168
1118061.3.peg.1610.site.23, 1, 139, 140
1118061.3.peg.1610.site.24, 53, 142, 195
1118061.3.peg.1610.site.25, 9, 142, 151
1118061.3.peg.1617.site.1, 0, 150, 150
1118061.3.peg.1617.site.2, 1, 150, 151
1118061.3.peg.1617.site.3, 0, 150, 150
1118061.3.peg.1617.site.4, 148, 148, 296
1118061.3.peg.1617.site.5, 26, 146, 172
1118061.3.peg.1617.site.6, 21, 141, 162
1118061.3.peg.1617.site.7, 2, 147, 149
1118061.3.peg.1617.site.8, 37, 146, 183
1118061.3.peg.1617.site.9, 2, 140, 142
1118061.3.peg.1617.site.10, 5, 140, 145
1118061.3.peg.1617.site.11, 40, 136, 176
1118061.3.peg.1617.site.12, 19, 147, 166
1118061.3.peg.1617.site.13, 86, 147, 233
1118061.3.peg.1617.site.14, 0, 138, 138
1118061.3.peg.1617.site.15, 4, 141, 145
1118061.3.peg.1617.site.16, 20, 136, 156
1118061.3.peg.1617.site.17, 1, 121, 122
1118061.3.peg.1617.site.18, 18, 145, 163
1118061.3.peg.1617.site.19, 1, 149, 150
1118061.3.peg.1616.site.1, 3, 149, 152
1118061.3.peg.1616.site.2, 0, 148, 148
1118061.3.peg.1616.site.3, 4, 146, 150
1118061.3.peg.1616.site.4, 46, 147, 193
1118061.3.peg.1616.site.5, 49, 140, 189
1118061.3.peg.1616.site.6, 0, 148, 148
1118061.3.peg.1616.site.7, 1, 149, 150
1118061.3.peg.1616.site.8, 77, 149, 226
1118061.3.peg.1616.site.9, 32, 149, 181
1118061.3.peg.1616.site.10, 3, 130, 133
1118061.3.peg.1616.site.11, 146, 146, 292
1118061.3.peg.1616.site.12, 0, 142, 142
1118061.3.peg.1616.site.13, 1, 147, 148
1118061.3.peg.1616.site.14, 1, 142, 143
1118061.3.peg.1616.site.15, 35, 138, 173
1118061.3.peg.1616.site.16, 34, 146, 180
1118061.3.peg.1616.site.17, 1, 137, 138
1118061.3.peg.1616.site.18, 18, 116, 134
1118061.3.peg.1616.site.19, 110, 110, 220
1118061.3.peg.1616.site.20, 10, 111, 121
1118061.3.peg.1616.site.21, 2, 94, 96
1118061.3.peg.1616.site.22, 5, 79, 84
1118061.3.peg.1616.site.23, 46, 74, 120
1118061.3.peg.1616.site.24, 8, 149, 157
1118061.3.peg.1615.site.1, 19, 141, 160
1118061.3.peg.1615.site.2, 6, 122, 128
1118061.3.peg.1615.site.3, 17, 118, 135
1118061.3.peg.1615.site.4, 6, 104, 110
1118061.3.peg.1615.site.5, 28, 108, 136
1118061.3.peg.1615.site.6, 1, 131, 132
1118061.3.peg.1615.site.7, 0, 141, 141
1118061.3.peg.1615.site.8, 13, 139, 152
1118061.3.peg.1615.site.9, 6, 142, 148
1118061.3.peg.1615.site.10, 21, 145, 166
1118061.3.peg.1615.site.11, 2, 145, 147
1118061.3.peg.1615.site.12, 9, 142, 151
1118061.3.peg.1615.site.13, 3, 146, 149
1118061.3.peg.1615.site.14, 0, 146, 146
1118061.3.peg.1614.site.1, 29, 125, 154
1118061.3.peg.1614.site.2, 15, 120, 135
1118061.3.peg.1614.site.3, 50, 93, 143
1118061.3.peg.1614.site.4, 0, 107, 107
1118061.3.peg.1614.site.5, 33, 147, 180
1118061.3.peg.1614.site.6, 68, 126, 194
1118061.3.peg.1614.site.7, 67, 120, 187
1118061.3.peg.1614.site.8, 20, 100, 120
1118061.3.peg.1614.site.9, 14, 137, 151
1118061.3.peg.1614.site.10, 33, 144, 177
1118061.3.peg.1614.site.11, 36, 137, 173
1118061.3.peg.1614.site.12, 32, 131, 163
1118061.3.peg.1614.site.13, 41, 125, 166
1118061.3.peg.1614.site.14, 19, 138, 157
1118061.3.peg.1614.site.15, 1, 112, 113
1118061.3.peg.1614.site.16, 110, 134, 244
1118061.3.peg.1614.site.17, 1, 132, 133
1118061.3.peg.1614.site.18, 1, 137, 138
1118061.3.peg.1536.site.1, 2, 150, 152
1118061.3.peg.1536.site.2, 50, 148, 198
1118061.3.peg.1536.site.3, 50, 146, 196
1118061.3.peg.1537.site.1, 24, 102, 126
1118061.3.peg.1537.site.2, 2, 150, 152
1118061.3.peg.1537.site.3, 2, 144, 146
1118061.3.peg.1537.site.4, 19, 150, 169
1118061.3.peg.1537.site.5, 2, 150, 152
1118061.3.peg.1537.site.6, 0, 134, 134
1118061.3.peg.1537.site.7, 48, 134, 182
1118061.3.peg.1537.site.8, 0, 131, 131
1118061.3.peg.1537.site.9, 0, 146, 146
1118061.3.peg.1537.site.10, 20, 148, 168
1118061.3.peg.1537.site.11, 0, 149, 149
1118061.3.peg.1537.site.12, 18, 150, 168
1118061.3.peg.1537.site.13, 68, 149, 217
1118061.3.peg.1537.site.14, 7, 150, 157
1118061.3.peg.1537.site.15, 13, 150, 163
1118061.3.peg.1537.site.16, 63, 150, 213
1118061.3.peg.1537.site.17, 0, 149, 149
1118061.3.peg.1537.site.18, 2, 145, 147
1118061.3.peg.1537.site.19, 2, 148, 150
1118061.3.peg.1537.site.20, 4, 148, 152
1118061.3.peg.1537.site.21, 6, 148, 154
1118061.3.peg.1537.site.22, 19, 150, 169
1118061.3.peg.1537.site.23, 9, 149, 158
1118061.3.peg.1537.site.24, 51, 148, 199
1118061.3.peg.1537.site.25, 3, 150, 153
1118061.3.peg.1535.site.1, 0, 149, 149
1118061.3.peg.1535.site.2, 3, 150, 153
1118061.3.peg.1535.site.3, 4, 150, 154
1118061.3.peg.1535.site.4, 28, 150, 178
1118061.3.peg.1538.site.1, 116, 123, 239
1118061.3.peg.1538.site.2, 0, 146, 146
1118061.3.peg.1538.site.3, 0, 145, 145
1118061.3.peg.1538.site.4, 145, 150, 295
1118061.3.peg.1538.site.5, 19, 126, 145
1118061.3.peg.1538.site.6, 1, 130, 131
1118061.3.peg.1538.site.7, 19, 141, 160
1118061.3.peg.1539.site.1, 2, 147, 149
1118061.3.peg.1539.site.2, 18, 145, 163
1118061.3.peg.1539.site.3, 9, 148, 157
1118061.3.peg.1539.site.4, 20, 149, 169
1118061.3.peg.1539.site.5, 77, 147, 224
1118061.3.peg.1539.site.6, 15, 144, 159
1118061.3.peg.1539.site.7, 14, 147, 161
1118061.3.peg.1539.site.8, 1, 149, 150
1118061.3.peg.1539.site.9, 3, 148, 151
1118061.3.peg.1539.site.10, 2, 136, 138
1118061.3.peg.1539.site.11, 22, 142, 164
1118061.3.peg.1539.site.12, 12, 91, 103
1118061.3.peg.1539.site.13, 11, 91, 102
1118061.3.peg.1539.site.14, 0, 125, 125
1118061.3.peg.1539.site.15, 68, 89, 157
1118061.3.peg.1288.site.1, 2, 150, 152
1118061.3.peg.1288.site.2, 27, 150, 177
1118061.3.peg.1288.site.3, 3, 149, 152
1118061.3.peg.1288.site.4, 2, 150, 152
1118061.3.peg.1288.site.5, 27, 147, 174
1118061.3.peg.1288.site.6, 0, 132, 132
1118061.3.peg.1288.site.7, 16, 135, 151
1118061.3.peg.1288.site.8, 0, 142, 142
1118061.3.peg.1288.site.9, 2, 143, 145
1118061.3.peg.1288.site.10, 74, 149, 223
1118061.3.peg.1288.site.11, 1, 150, 151
1118061.3.peg.1288.site.12, 3, 150, 153
1118061.3.peg.1288.site.13, 2, 150, 152
1118061.3.peg.1288.site.14, 13, 147, 160
1118061.3.peg.1288.site.15, 60, 145, 205
1118061.3.peg.1288.site.16, 1, 150, 151
1118061.3.peg.1288.site.17, 29, 150, 179
1118061.3.peg.1289.site.1, 56, 138, 194
1118061.3.peg.1289.site.2, 61, 146, 207
1118061.3.peg.1289.site.3, 13, 147, 160
1118061.3.peg.1289.site.4, 0, 146, 146
1118061.3.peg.1289.site.5, 1, 149, 150
1118061.3.peg.1289.site.6, 1, 148, 149
1118061.3.peg.1289.site.7, 1, 148, 149
1118061.3.peg.1289.site.8, 25, 148, 173
1118061.3.peg.1289.site.9, 6, 147, 153
1118061.3.peg.1289.site.10, 15, 145, 160
1118061.3.peg.1289.site.11, 3, 148, 151
1118061.3.peg.1289.site.12, 12, 149, 161
1118061.3.peg.1289.site.13, 0, 149, 149
1118061.3.peg.1289.site.14, 1, 148, 149
1118061.3.peg.1289.site.15, 7, 132, 139
1118061.3.peg.1289.site.16, 13, 69, 82
1118061.3.peg.848.site.1, 80, 147, 227
1118061.3.peg.848.site.2, 3, 150, 153
1118061.3.peg.848.site.3, 0, 134, 134
1118061.3.peg.848.site.4, 1, 142, 143
1118061.3.peg.848.site.5, 1, 145, 146
1118061.3.peg.848.site.6, 0, 139, 139
1118061.3.peg.844.site.1, 4, 130, 134
1118061.3.peg.844.site.2, 13, 141, 154
1118061.3.peg.844.site.3, 142, 145, 287
1118061.3.peg.844.site.4, 41, 145, 186
1118061.3.peg.844.site.5, 0, 146, 146
1118061.3.peg.844.site.6, 0, 137, 137
1118061.3.peg.844.site.7, 80, 130, 210
1118061.3.peg.844.site.8, 11, 141, 152
1118061.3.peg.844.site.9, 4, 145, 149
1118061.3.peg.844.site.10, 0, 139, 139
1118061.3.peg.844.site.11, 3, 139, 142
1118061.3.peg.844.site.12, 92, 141, 233
1118061.3.peg.844.site.13, 11, 127, 138
1118061.3.peg.844.site.14, 0, 128, 128
1118061.3.peg.844.site.15, 1, 135, 136
1118061.3.peg.844.site.16, 1, 148, 149
1118061.3.peg.844.site.17, 33, 147, 180
1118061.3.peg.844.site.18, 34, 147, 181
1118061.3.peg.844.site.19, 23, 147, 170
1118061.3.peg.844.site.20, 1, 144, 145
1118061.3.peg.845.site.1, 57, 150, 207
1118061.3.peg.845.site.2, 0, 148, 148
1118061.3.peg.845.site.3, 109, 139, 248
1118061.3.peg.845.site.4, 3, 146, 149
1118061.3.peg.845.site.5, 25, 142, 167
1118061.3.peg.845.site.6, 39, 143, 182
1118061.3.peg.845.site.7, 3, 147, 150
1118061.3.peg.845.site.8, 3, 111, 114
1118061.3.peg.845.site.9, 0, 138, 138
1118061.3.peg.845.site.10, 0, 147, 147
1118061.3.peg.845.site.11, 3, 148, 151
1118061.3.peg.846.site.1, 26, 149, 175
1118061.3.peg.846.site.2, 7, 150, 157
1118061.3.peg.847.site.1, 7, 149, 156
1118061.3.peg.847.site.2, 7, 144, 151
1118061.3.peg.847.site.3, 0, 147, 147
1118061.3.peg.847.site.4, 57, 143, 200
1118061.3.peg.847.site.5, 0, 126, 126
1118061.3.peg.847.site.6, 0, 124, 124
1118061.3.peg.847.site.7, 10, 142, 152
1118061.3.peg.847.site.8, 30, 149, 179
1118061.3.peg.840.site.1, 0, 149, 149
1118061.3.peg.840.site.2, 20, 148, 168
1118061.3.peg.840.site.3, 130, 147, 277
1118061.3.peg.840.site.4, 67, 116, 183
1118061.3.peg.840.site.5, 0, 114, 114
1118061.3.peg.840.site.6, 144, 144, 288
1118061.3.peg.840.site.7, 3, 144, 147
1118061.3.peg.842.site.1, 2, 135, 137
1118061.3.peg.842.site.2, 143, 143, 286
1118061.3.peg.842.site.3, 4, 143, 147
1118061.3.peg.842.site.4, 2, 150, 152
1118061.3.peg.842.site.5, 45, 147, 192
1118061.3.peg.842.site.6, 3, 144, 147
1118061.3.peg.842.site.7, 35, 143, 178
1118061.3.peg.842.site.8, 84, 144, 228
1118061.3.peg.842.site.9, 13, 149, 162
1118061.3.peg.842.site.10, 0, 150, 150
1118061.3.peg.842.site.11, 0, 149, 149
1118061.3.peg.842.site.12, 1, 149, 150
1118061.3.peg.842.site.13, 5, 149, 154
1118061.3.peg.843.site.1, 1, 146, 147
1118061.3.peg.843.site.2, 22, 144, 166
1118061.3.peg.843.site.3, 1, 148, 149
1118061.3.peg.843.site.4, 5, 149, 154
1118061.3.peg.843.site.5, 1, 149, 150
1118061.3.peg.843.site.6, 40, 149, 189
1118061.3.peg.843.site.7, 4, 149, 153
1118061.3.peg.843.site.8, 0, 149, 149
1118061.3.peg.843.site.9, 19, 142, 161
1118061.3.peg.843.site.10, 130, 130, 260
1118061.3.peg.843.site.11, 14, 145, 159
1118061.3.peg.843.site.12, 0, 147, 147
1118061.3.peg.843.site.13, 15, 147, 162
1118061.3.peg.843.site.14, 39, 137, 176
1118061.3.peg.843.site.15, 5, 143, 148
1118061.3.peg.843.site.16, 0, 145, 145
1118061.3.peg.843.site.17, 40, 140, 180
1118061.3.peg.843.site.18, 17, 140, 157
1118061.3.peg.843.site.19, 15, 139, 154
1118061.3.peg.843.site.20, 140, 141, 281
1118061.3.peg.843.site.21, 12, 140, 152
1118061.3.peg.843.site.22, 16, 150, 166
1118061.3.peg.843.site.23, 5, 149, 154
1118061.3.peg.843.site.24, 0, 145, 145
1118061.3.peg.843.site.25, 12, 146, 158
1118061.3.peg.843.site.26, 104, 147, 251
1118061.3.peg.843.site.27, 6, 140, 146
1118061.3.peg.843.site.28, 0, 146, 146
1118061.3.peg.843.site.29, 10, 146, 156
1118061.3.peg.843.site.30, 4, 148, 152
1118061.3.peg.2629.site.1, 0, 146, 146
1118061.3.peg.2629.site.2, 3, 147, 150
1118061.3.peg.2629.site.3, 3, 133, 136
1118061.3.peg.2629.site.4, 35, 143, 178
1118061.3.peg.2629.site.5, 39, 143, 182
1118061.3.peg.2629.site.6, 8, 149, 157
1118061.3.peg.2629.site.7, 110, 149, 259
1118061.3.peg.2629.site.8, 9, 150, 159
1118061.3.peg.2629.site.9, 0, 150, 150
1118061.3.peg.2629.site.10, 88, 149, 237
1118061.3.peg.2629.site.11, 2, 150, 152
1118061.3.peg.2629.site.12, 0, 150, 150
1118061.3.peg.2629.site.13, 54, 147, 201
1118061.3.peg.2629.site.14, 0, 143, 143
1118061.3.peg.2629.site.15, 16, 143, 159
1118061.3.peg.2629.site.16, 4, 145, 149
1118061.3.peg.2629.site.17, 42, 143, 185
1118061.3.peg.2629.site.18, 50, 144, 194
1118061.3.peg.2629.site.19, 32, 145, 177
1118061.3.peg.2629.site.20, 3, 148, 151
1118061.3.peg.2629.site.21, 2, 150, 152
1118061.3.peg.2629.site.22, 16, 143, 159
1118061.3.peg.2628.site.1, 7, 9, 16
1118061.3.peg.2628.site.2, 3, 150, 153
1118061.3.peg.2628.site.3, 0, 150, 150
1118061.3.peg.2628.site.4, 0, 150, 150
1118061.3.peg.2628.site.5, 129, 149, 278
1118061.3.peg.2628.site.6, 112, 149, 261
1118061.3.peg.2628.site.7, 142, 150, 292
1118061.3.peg.2628.site.8, 3, 149, 152
1118061.3.peg.2628.site.9, 84, 149, 233
1118061.3.peg.2628.site.10, 141, 146, 287
1118061.3.peg.2628.site.11, 13, 150, 163
1118061.3.peg.2628.site.12, 14, 149, 163
1118061.3.peg.2628.site.13, 2, 147, 149
1118061.3.peg.2628.site.14, 0, 150, 150
1118061.3.peg.2628.site.15, 0, 150, 150
1118061.3.peg.1448.site.1, 150, 150, 300
1118061.3.peg.1448.site.2, 141, 145, 286
1118061.3.peg.1448.site.3, 140, 140, 280
1118061.3.peg.1448.site.4, 1, 139, 140
1118061.3.peg.1448.site.5, 96, 100, 196
1118061.3.peg.1448.site.6, 3, 104, 107
1118061.3.peg.1448.site.7, 77, 107, 184
1118061.3.peg.1448.site.8, 119, 119, 238
1118061.3.peg.1448.site.9, 4, 121, 125
1118061.3.peg.1448.site.10, 82, 148, 230
1118061.3.peg.1448.site.11, 51, 147, 198
1118061.3.peg.1448.site.12, 39, 145, 184
1118061.3.peg.1448.site.13, 24, 146, 170
1118061.3.peg.1448.site.14, 1, 145, 146
1118061.3.peg.1449.site.1, 1, 124, 125
1118061.3.peg.1449.site.2, 139, 139, 278
1118061.3.peg.1449.site.3, 1, 142, 143
1118061.3.peg.1449.site.4, 10, 97, 107
1118061.3.peg.1449.site.5, 72, 96, 168
1118061.3.peg.1449.site.6, 0, 111, 111
1118061.3.peg.1449.site.7, 0, 96, 96
1118061.3.peg.1449.site.8, 2, 99, 101
1118061.3.peg.1449.site.9, 0, 149, 149
1118061.3.peg.1449.site.10, 101, 149, 250
1118061.3.peg.1449.site.11, 54, 147, 201
1118061.3.peg.1449.site.12, 0, 142, 142
1118061.3.peg.1449.site.13, 1, 148, 149
1118061.3.peg.1442.site.1, 0, 150, 150
1118061.3.peg.1442.site.2, 0, 144, 144
1118061.3.peg.1442.site.3, 45, 145, 190
1118061.3.peg.1442.site.4, 0, 139, 139
1118061.3.peg.1442.site.5, 40, 146, 186
1118061.3.peg.1442.site.6, 40, 150, 190
1118061.3.peg.1442.site.7, 0, 146, 146
1118061.3.peg.1442.site.8, 0, 149, 149
1118061.3.peg.1443.site.1, 110, 147, 257
1118061.3.peg.1443.site.2, 55, 133, 188
1118061.3.peg.1443.site.3, 2, 134, 136
1118061.3.peg.1443.site.4, 1, 144, 145
1118061.3.peg.1443.site.5, 1, 146, 147
1118061.3.peg.1443.site.6, 96, 144, 240
1118061.3.peg.1443.site.7, 26, 144, 170
1118061.3.peg.1443.site.8, 0, 149, 149
1118061.3.peg.1443.site.9, 0, 150, 150
1118061.3.peg.1443.site.10, 0, 150, 150
1118061.3.peg.1440.site.1, 98, 150, 248
1118061.3.peg.1440.site.2, 13, 149, 162
1118061.3.peg.1440.site.3, 24, 146, 170
1118061.3.peg.1440.site.4, 1, 147, 148
1118061.3.peg.1440.site.5, 0, 141, 141
1118061.3.peg.1440.site.6, 139, 144, 283
1118061.3.peg.1440.site.7, 15, 144, 159
1118061.3.peg.1440.site.8, 4, 146, 150
1118061.3.peg.1440.site.9, 2, 145, 147
1118061.3.peg.1440.site.10, 0, 149, 149
1118061.3.peg.1440.site.11, 66, 148, 214
1118061.3.peg.1440.site.12, 13, 150, 163
1118061.3.peg.1440.site.13, 134, 149, 283
1118061.3.peg.1440.site.14, 0, 150, 150
1118061.3.peg.1440.site.15, 126, 150, 276
1118061.3.peg.1440.site.16, 0, 149, 149
1118061.3.peg.1440.site.17, 3, 150, 153
1118061.3.peg.1440.site.18, 2, 143, 145
1118061.3.peg.1440.site.19, 33, 145, 178
1118061.3.peg.1440.site.20, 31, 144, 175
1118061.3.peg.1440.site.21, 6, 140, 146
1118061.3.peg.1440.site.22, 1, 139, 140
1118061.3.peg.1440.site.23, 52, 122, 174
1118061.3.peg.1440.site.24, 11, 122, 133
1118061.3.peg.1440.site.25, 1, 106, 107
1118061.3.peg.1440.site.26, 3, 141, 144
1118061.3.peg.1440.site.27, 0, 149, 149
1118061.3.peg.1440.site.28, 0, 150, 150
1118061.3.peg.1447.site.1, 8, 145, 153
1118061.3.peg.1447.site.2, 0, 149, 149
1118061.3.peg.1447.site.3, 64, 149, 213
1118061.3.peg.1447.site.4, 149, 149, 298
1118061.3.peg.1447.site.5, 3, 149, 152
1118061.3.peg.1447.site.6, 0, 149, 149
1118061.3.peg.1447.site.7, 2, 150, 152
1118061.3.peg.1447.site.8, 2, 150, 152
1118061.3.peg.1447.site.9, 46, 148, 194
1118061.3.peg.1447.site.10, 2, 148, 150
1118061.3.peg.1447.site.11, 0, 150, 150
1118061.3.peg.1447.site.12, 1, 150, 151
1118061.3.peg.1447.site.13, 4, 150, 154
1118061.3.peg.1444.site.1, 0, 147, 147
1118061.3.peg.1444.site.2, 24, 148, 172
1118061.3.peg.1444.site.3, 0, 150, 150
1118061.3.peg.1444.site.4, 14, 149, 163
1118061.3.peg.1444.site.5, 9, 149, 158
1118061.3.peg.1444.site.6, 13, 148, 161
1118061.3.peg.1444.site.7, 2, 150, 152
1118061.3.peg.1444.site.8, 7, 150, 157
1118061.3.peg.1444.site.9, 78, 150, 228
1118061.3.peg.1444.site.10, 0, 150, 150
1118061.3.peg.1444.site.11, 4, 150, 154
1118061.3.peg.1444.site.12, 0, 148, 148
1118061.3.peg.1444.site.13, 77, 149, 226
1118061.3.peg.1444.site.14, 5, 148, 153
1118061.3.peg.1444.site.15, 147, 147, 294
1118061.3.peg.1444.site.16, 24, 146, 170
1118061.3.peg.1444.site.17, 4, 149, 153
1118061.3.peg.1444.site.18, 73, 146, 219
1118061.3.peg.1444.site.19, 31, 142, 173
1118061.3.peg.1445.site.1, 36, 110, 146
1118061.3.peg.1445.site.2, 91, 115, 206
1118061.3.peg.1445.site.3, 0, 104, 104
1118061.3.peg.1445.site.4, 0, 131, 131
1118061.3.peg.1445.site.5, 7, 137, 144
1118061.3.peg.1445.site.6, 127, 127, 254
1118061.3.peg.1445.site.7, 7, 128, 135
1118061.3.peg.1445.site.8, 3, 123, 126
1118061.3.peg.1445.site.9, 56, 129, 185
1118061.3.peg.1445.site.10, 28, 138, 166
1118061.3.peg.1445.site.11, 7, 137, 144
1118061.3.peg.930.site.1, 0, 148, 148
1118061.3.peg.930.site.2, 97, 142, 239
1118061.3.peg.930.site.3, 95, 147, 242
1118061.3.peg.930.site.4, 96, 148, 244
1118061.3.peg.930.site.5, 0, 150, 150
1118061.3.peg.930.site.6, 98, 149, 247
1118061.3.peg.930.site.7, 3, 150, 153
1118061.3.peg.930.site.8, 1, 150, 151
1118061.3.peg.930.site.9, 29, 150, 179
1118061.3.peg.930.site.10, 26, 149, 175
1118061.3.peg.930.site.11, 72, 148, 220
1118061.3.peg.930.site.12, 1, 149, 150
1118061.3.peg.930.site.13, 29, 150, 179
1118061.3.peg.930.site.14, 11, 150, 161
1118061.3.peg.930.site.15, 0, 150, 150
1118061.3.peg.930.site.16, 1, 150, 151
1118061.3.peg.930.site.17, 17, 148, 165
1118061.3.peg.930.site.18, 1, 150, 151
1118061.3.peg.930.site.19, 68, 150, 218
1118061.3.peg.930.site.20, 7, 150, 157
1118061.3.peg.930.site.21, 19, 150, 169
1118061.3.peg.930.site.22, 0, 150, 150
1118061.3.peg.930.site.23, 26, 150, 176
1118061.3.peg.930.site.24, 49, 150, 199
1118061.3.peg.930.site.25, 40, 150, 190
1118061.3.peg.930.site.26, 39, 150, 189
1118061.3.peg.930.site.27, 5, 149, 154
1118061.3.peg.930.site.28, 7, 149, 156
1118061.3.peg.930.site.29, 45, 149, 194
1118061.3.peg.931.site.1, 0, 150, 150
1118061.3.peg.931.site.2, 6, 149, 155
1118061.3.peg.931.site.3, 1, 150, 151
1118061.3.peg.931.site.4, 19, 148, 167
1118061.3.peg.931.site.5, 0, 149, 149
1118061.3.peg.931.site.6, 114, 150, 264
1118061.3.peg.931.site.7, 0, 150, 150
1118061.3.peg.931.site.8, 6, 148, 154
1118061.3.peg.931.site.9, 1, 149, 150
1118061.3.peg.931.site.10, 0, 149, 149
1118061.3.peg.931.site.11, 0, 148, 148
1118061.3.peg.931.site.12, 2, 146, 148
1118061.3.peg.931.site.13, 3, 150, 153
1118061.3.peg.931.site.14, 2, 148, 150
1118061.3.peg.931.site.15, 23, 149, 172
1118061.3.peg.931.site.16, 1, 150, 151
1118061.3.peg.931.site.17, 147, 150, 297
1118061.3.peg.931.site.18, 0, 150, 150
1118061.3.peg.931.site.19, 23, 149, 172
1118061.3.peg.931.site.20, 7, 150, 157
1118061.3.peg.931.site.21, 2, 150, 152
1118061.3.peg.931.site.22, 2, 149, 151
1118061.3.peg.931.site.23, 141, 150, 291
1118061.3.peg.931.site.24, 7, 150, 157
1118061.3.peg.931.site.25, 0, 149, 149
1118061.3.peg.931.site.26, 24, 148, 172
1118061.3.peg.931.site.27, 2, 150, 152
1118061.3.peg.931.site.28, 3, 150, 153
1118061.3.peg.931.site.29, 0, 150, 150
1118061.3.peg.931.site.30, 0, 150, 150
1118061.3.peg.931.site.31, 3, 141, 144
1118061.3.peg.931.site.32, 14, 149, 163
1118061.3.peg.931.site.33, 100, 149, 249
1118061.3.peg.931.site.34, 71, 150, 221
1118061.3.peg.931.site.35, 2, 150, 152
1118061.3.peg.931.site.36, 1, 150, 151
1118061.3.peg.931.site.37, 0, 150, 150
1118061.3.peg.931.site.38, 0, 149, 149
1118061.3.peg.931.site.39, 107, 149, 256
1118061.3.peg.931.site.40, 70, 150, 220
1118061.3.peg.931.site.41, 3, 150, 153
1118061.3.peg.931.site.42, 0, 150, 150
1118061.3.peg.931.site.43, 10, 150, 160
1118061.3.peg.931.site.44, 74, 148, 222
1118061.3.peg.932.site.1, 35, 150, 185
1118061.3.peg.932.site.2, 35, 150, 185
1118061.3.peg.932.site.3, 0, 150, 150
1118061.3.peg.932.site.4, 149, 149, 298
1118061.3.peg.932.site.5, 1, 147, 148
1118061.3.peg.932.site.6, 150, 150, 300
1118061.3.peg.932.site.7, 21, 148, 169
1118061.3.peg.932.site.8, 0, 150, 150
1118061.3.peg.932.site.9, 0, 150, 150
1118061.3.peg.932.site.10, 52, 149, 201
1118061.3.peg.932.site.11, 3, 149, 152
1118061.3.peg.932.site.12, 36, 149, 185
1118061.3.peg.932.site.13, 3, 149, 152
1118061.3.peg.932.site.14, 7, 150, 157
1118061.3.peg.932.site.15, 0, 149, 149
1118061.3.peg.932.site.16, 57, 147, 204
1118061.3.peg.932.site.17, 0, 149, 149
1118061.3.peg.932.site.18, 1, 149, 150
1118061.3.peg.932.site.19, 45, 149, 194
1118061.3.peg.932.site.20, 9, 150, 159
1118061.3.peg.932.site.21, 146, 149, 295
1118061.3.peg.932.site.22, 149, 149, 298
1118061.3.peg.932.site.23, 9, 147, 156
1118061.3.peg.932.site.24, 0, 150, 150
1118061.3.peg.932.site.25, 26, 149, 175
1118061.3.peg.932.site.26, 55, 147, 202
1118061.3.peg.932.site.27, 5, 148, 153
1118061.3.peg.933.site.1, 0, 150, 150
1118061.3.peg.933.site.2, 1, 150, 151
1118061.3.peg.933.site.3, 111, 147, 258
1118061.3.peg.933.site.4, 1, 149, 150
1118061.3.peg.933.site.5, 14, 150, 164
1118061.3.peg.934.site.1, 8, 150, 158
1118061.3.peg.934.site.2, 10, 150, 160
1118061.3.peg.934.site.3, 30, 149, 179
1118061.3.peg.934.site.4, 14, 149, 163
1118061.3.peg.934.site.5, 3, 148, 151
1118061.3.peg.934.site.6, 1, 149, 150
1118061.3.peg.934.site.7, 2, 150, 152
1118061.3.peg.934.site.8, 8, 149, 157
1118061.3.peg.934.site.9, 0, 149, 149
1118061.3.peg.934.site.10, 54, 150, 204
1118061.3.peg.935.site.1, 2, 145, 147
1118061.3.peg.935.site.2, 0, 143, 143
1118061.3.peg.935.site.3, 23, 146, 169
1118061.3.peg.935.site.4, 20, 145, 165
1118061.3.peg.935.site.5, 35, 144, 179
1118061.3.peg.935.site.6, 0, 150, 150
1118061.3.peg.935.site.7, 124, 149, 273
1118061.3.peg.935.site.8, 0, 148, 148
1118061.3.peg.935.site.9, 0, 150, 150
1118061.3.peg.935.site.10, 0, 148, 148
1118061.3.peg.935.site.11, 52, 149, 201
1118061.3.peg.935.site.12, 10, 149, 159
1118061.3.peg.935.site.13, 0, 149, 149
1118061.3.peg.935.site.14, 42, 147, 189
1118061.3.peg.935.site.15, 11, 149, 160
1118061.3.peg.935.site.16, 13, 150, 163
1118061.3.peg.936.site.1, 1, 150, 151
1118061.3.peg.936.site.2, 32, 150, 182
1118061.3.peg.936.site.3, 17, 150, 167
1118061.3.peg.936.site.4, 35, 150, 185
1118061.3.peg.936.site.5, 0, 150, 150
1118061.3.peg.936.site.6, 0, 149, 149
1118061.3.peg.936.site.7, 0, 148, 148
1118061.3.peg.936.site.8, 92, 150, 242
1118061.3.peg.936.site.9, 102, 150, 252
1118061.3.peg.936.site.10, 9, 148, 157
1118061.3.peg.936.site.11, 0, 147, 147
1118061.3.peg.936.site.12, 0, 147, 147
1118061.3.peg.936.site.13, 1, 149, 150
1118061.3.peg.936.site.14, 145, 148, 293
1118061.3.peg.936.site.15, 105, 150, 255
1118061.3.peg.936.site.16, 9, 150, 159
1118061.3.peg.936.site.17, 1, 150, 151
1118061.3.peg.936.site.18, 0, 150, 150
1118061.3.peg.48.site.1, 5, 150, 155
1118061.3.peg.48.site.2, 58, 144, 202
1118061.3.peg.48.site.3, 7, 144, 151
1118061.3.peg.48.site.4, 1, 125, 126
1118061.3.peg.48.site.5, 8, 128, 136
1118061.3.peg.48.site.6, 0, 135, 135
1118061.3.peg.48.site.7, 48, 117, 165
1118061.3.peg.48.site.8, 18, 130, 148
1118061.3.peg.938.site.1, 42, 150, 192
1118061.3.peg.938.site.2, 61, 148, 209
1118061.3.peg.938.site.3, 43, 150, 193
1118061.3.peg.938.site.4, 149, 150, 299
1118061.3.peg.939.site.1, 49, 148, 197
1118061.3.peg.939.site.2, 0, 148, 148
1118061.3.peg.939.site.3, 4, 149, 153
1118061.3.peg.939.site.4, 3, 150, 153
1118061.3.peg.939.site.5, 9, 150, 159
1118061.3.peg.45.site.1, 67, 139, 206
1118061.3.peg.45.site.2, 3, 149, 152
1118061.3.peg.45.site.3, 128, 146, 274
1118061.3.peg.45.site.4, 13, 144, 157
1118061.3.peg.45.site.5, 2, 144, 146
1118061.3.peg.45.site.6, 2, 147, 149
1118061.3.peg.45.site.7, 2, 149, 151
1118061.3.peg.45.site.8, 34, 147, 181
1118061.3.peg.45.site.9, 41, 144, 185
1118061.3.peg.45.site.10, 47, 146, 193
1118061.3.peg.45.site.11, 20, 144, 164
1118061.3.peg.44.site.1, 0, 150, 150
1118061.3.peg.44.site.2, 0, 150, 150
1118061.3.peg.44.site.3, 110, 150, 260
1118061.3.peg.44.site.4, 0, 148, 148
1118061.3.peg.44.site.5, 3, 149, 152
1118061.3.peg.44.site.6, 2, 148, 150
1118061.3.peg.44.site.7, 1, 148, 149
1118061.3.peg.44.site.8, 0, 149, 149
1118061.3.peg.44.site.9, 27, 149, 176
1118061.3.peg.44.site.10, 139, 150, 289
1118061.3.peg.44.site.11, 100, 149, 249
1118061.3.peg.44.site.12, 121, 148, 269
1118061.3.peg.44.site.13, 142, 147, 289
1118061.3.peg.44.site.14, 95, 139, 234
1118061.3.peg.44.site.15, 0, 146, 146
1118061.3.peg.44.site.16, 1, 148, 149
1118061.3.peg.44.site.17, 1, 150, 151
1118061.3.peg.44.site.18, 17, 150, 167
1118061.3.peg.44.site.19, 3, 150, 153
1118061.3.peg.44.site.20, 28, 149, 177
1118061.3.peg.44.site.21, 18, 149, 167
1118061.3.peg.43.site.1, 24, 148, 172
1118061.3.peg.43.site.2, 2, 148, 150
1118061.3.peg.43.site.3, 144, 149, 293
1118061.3.peg.43.site.4, 70, 148, 218
1118061.3.peg.43.site.5, 22, 149, 171
1118061.3.peg.43.site.6, 1, 150, 151
1118061.3.peg.43.site.7, 0, 150, 150
1118061.3.peg.43.site.8, 20, 149, 169
1118061.3.peg.43.site.9, 0, 150, 150
1118061.3.peg.43.site.10, 0, 150, 150
1118061.3.peg.43.site.11, 0, 150, 150
1118061.3.peg.43.site.12, 2, 148, 150
1118061.3.peg.43.site.13, 1, 149, 150
1118061.3.peg.43.site.14, 20, 149, 169
1118061.3.peg.43.site.15, 5, 148, 153
1118061.3.peg.43.site.16, 27, 149, 176
1118061.3.peg.43.site.17, 0, 149, 149
1118061.3.peg.43.site.18, 0, 149, 149
1118061.3.peg.43.site.19, 1, 149, 150
1118061.3.peg.43.site.20, 0, 149, 149
1118061.3.peg.43.site.21, 0, 150, 150
1118061.3.peg.43.site.22, 93, 150, 243
1118061.3.peg.43.site.23, 150, 150, 300
1118061.3.peg.43.site.24, 0, 149, 149
1118061.3.peg.43.site.25, 48, 145, 193
1118061.3.peg.43.site.26, 1, 120, 121
1118061.3.peg.43.site.27, 20, 130, 150
1118061.3.peg.42.site.1, 0, 150, 150
1118061.3.peg.42.site.2, 102, 149, 251
1118061.3.peg.42.site.3, 0, 149, 149
1118061.3.peg.42.site.4, 0, 148, 148
1118061.3.peg.42.site.5, 3, 149, 152
1118061.3.peg.42.site.6, 3, 150, 153
1118061.3.peg.42.site.7, 149, 150, 299
1118061.3.peg.42.site.8, 2, 149, 151
1118061.3.peg.42.site.9, 7, 150, 157
1118061.3.peg.42.site.10, 0, 150, 150
1118061.3.peg.42.site.11, 0, 150, 150
1118061.3.peg.42.site.12, 4, 150, 154
1118061.3.peg.42.site.13, 0, 149, 149
1118061.3.peg.42.site.14, 21, 150, 171
1118061.3.peg.42.site.15, 2, 149, 151
1118061.3.peg.42.site.16, 1, 149, 150
1118061.3.peg.42.site.17, 2, 149, 151
1118061.3.peg.42.site.18, 17, 150, 167
1118061.3.peg.41.site.1, 19, 150, 169
1118061.3.peg.41.site.2, 10, 150, 160
1118061.3.peg.41.site.3, 5, 150, 155
1118061.3.peg.41.site.4, 2, 147, 149
1118061.3.peg.41.site.5, 19, 149, 168
1118061.3.peg.41.site.6, 1, 150, 151
1118061.3.peg.40.site.1, 51, 149, 200
1118061.3.peg.40.site.2, 65, 150, 215
1118061.3.peg.40.site.3, 63, 150, 213
1118061.3.peg.40.site.4, 7, 150, 157
1118061.3.peg.40.site.5, 36, 150, 186
1118061.3.peg.40.site.6, 31, 146, 177
1118061.3.peg.40.site.7, 88, 143, 231
1118061.3.peg.40.site.8, 13, 144, 157
1118061.3.peg.40.site.9, 0, 146, 146
1118061.3.peg.40.site.10, 17, 146, 163
1118061.3.peg.40.site.11, 9, 148, 157
1118061.3.peg.40.site.12, 0, 149, 149
1118061.3.peg.40.site.13, 56, 149, 205
1118061.3.peg.40.site.14, 0, 150, 150
1118061.3.peg.40.site.15, 6, 148, 154
1118061.3.peg.40.site.16, 1, 150, 151
1118061.3.peg.40.site.17, 0, 148, 148
1118061.3.peg.40.site.18, 12, 148, 160
1118061.3.peg.40.site.19, 16, 142, 158
1118061.3.peg.40.site.20, 57, 150, 207
1118061.3.peg.40.site.21, 71, 150, 221
1118061.3.peg.40.site.22, 11, 150, 161
1118061.3.peg.40.site.23, 0, 148, 148
1118061.3.peg.40.site.24, 6, 149, 155
1118061.3.peg.40.site.25, 2, 150, 152
1118061.3.peg.40.site.26, 36, 149, 185
1118061.3.peg.40.site.27, 0, 150, 150
1118061.3.peg.40.site.28, 18, 148, 166
1118061.3.peg.40.site.29, 13, 148, 161
1118061.3.peg.40.site.30, 46, 147, 193
1118061.3.peg.40.site.31, 81, 146, 227
1118061.3.peg.2155.site.1, 3, 143, 146
1118061.3.peg.2155.site.2, 101, 143, 244
1118061.3.peg.2155.site.3, 3, 145, 148
1118061.3.peg.2155.site.4, 0, 145, 145
1118061.3.peg.2155.site.5, 2, 142, 144
1118061.3.peg.2155.site.6, 1, 144, 145
1118061.3.peg.2155.site.7, 20, 145, 165
1118061.3.peg.2155.site.8, 11, 142, 153
1118061.3.peg.2155.site.9, 59, 144, 203
1118061.3.peg.2155.site.10, 2, 147, 149
1118061.3.peg.2155.site.11, 21, 147, 168
1118061.3.peg.2155.site.12, 0, 146, 146
1118061.3.peg.2155.site.13, 11, 147, 158
1118061.3.peg.2155.site.14, 0, 146, 146
1118061.3.peg.2155.site.15, 0, 144, 144
1118061.3.peg.2155.site.16, 29, 144, 173
1118061.3.peg.2155.site.17, 2, 146, 148
1118061.3.peg.2155.site.18, 0, 144, 144
1118061.3.peg.2154.site.1, 35, 85, 120
1118061.3.peg.2154.site.2, 1, 102, 103
1118061.3.peg.2154.site.3, 0, 102, 102
1118061.3.peg.2154.site.4, 74, 101, 175
1118061.3.peg.2154.site.5, 48, 102, 150
1118061.3.peg.2154.site.6, 2, 102, 104
1118061.3.peg.2154.site.7, 49, 102, 151
1118061.3.peg.2154.site.8, 2, 102, 104
1118061.3.peg.2154.site.9, 2, 101, 103
1118061.3.peg.2154.site.10, 49, 103, 152
1118061.3.peg.2154.site.11, 3, 107, 110
1118061.3.peg.2154.site.12, 1, 110, 111
1118061.3.peg.2154.site.13, 7, 123, 130
1118061.3.peg.2154.site.14, 6, 122, 128
1118061.3.peg.2154.site.15, 21, 117, 138
1118061.3.peg.2154.site.16, 3, 149, 152
1118061.3.peg.2154.site.17, 3, 150, 153
1118061.3.peg.2154.site.18, 0, 148, 148
1118061.3.peg.2154.site.19, 2, 150, 152
1118061.3.peg.2154.site.20, 2, 147, 149
1118061.3.peg.2154.site.21, 5, 144, 149
1118061.3.peg.2154.site.22, 3, 76, 79
1118061.3.peg.2154.site.23, 56, 95, 151
1118061.3.peg.2154.site.24, 6, 149, 155
1118061.3.peg.2157.site.1, 0, 143, 143
1118061.3.peg.2157.site.2, 1, 129, 130
1118061.3.peg.2157.site.3, 0, 140, 140
1118061.3.peg.2157.site.4, 0, 141, 141
1118061.3.peg.2157.site.5, 3, 147, 150
1118061.3.peg.2156.site.1, 16, 147, 163
1118061.3.peg.2156.site.2, 7, 149, 156
1118061.3.peg.2156.site.3, 1, 145, 146
1118061.3.peg.2156.site.4, 1, 145, 146
1118061.3.peg.2156.site.5, 3, 144, 147
1118061.3.peg.2156.site.6, 29, 144, 173
1118061.3.peg.2156.site.7, 7, 148, 155
1118061.3.peg.2156.site.8, 141, 148, 289
1118061.3.peg.2156.site.9, 0, 150, 150
1118061.3.peg.2156.site.10, 68, 148, 216
1118061.3.peg.2156.site.11, 2, 150, 152
1118061.3.peg.2156.site.12, 41, 148, 189
1118061.3.peg.2156.site.13, 3, 149, 152
1118061.3.peg.2156.site.14, 0, 150, 150
1118061.3.peg.2156.site.15, 0, 149, 149
1118061.3.peg.2156.site.16, 47, 147, 194
1118061.3.peg.2151.site.1, 2, 134, 136
1118061.3.peg.2151.site.2, 0, 124, 124
1118061.3.peg.2151.site.3, 47, 129, 176
1118061.3.peg.2151.site.4, 1, 131, 132
1118061.3.peg.2151.site.5, 14, 136, 150
1118061.3.peg.2151.site.6, 84, 139, 223
1118061.3.peg.2151.site.7, 45, 141, 186
1118061.3.peg.2151.site.8, 0, 146, 146
1118061.3.peg.2151.site.9, 48, 142, 190
1118061.3.peg.2151.site.10, 58, 148, 206
1118061.3.peg.2151.site.11, 5, 146, 151
1118061.3.peg.2151.site.12, 2, 149, 151
1118061.3.peg.2151.site.13, 51, 148, 199
1118061.3.peg.2151.site.14, 43, 101, 144
1118061.3.peg.2151.site.15, 31, 98, 129
1118061.3.peg.2151.site.16, 39, 105, 144
1118061.3.peg.2151.site.17, 47, 114, 161
1118061.3.peg.2151.site.18, 46, 110, 156
1118061.3.peg.2151.site.19, 38, 149, 187
1118061.3.peg.2151.site.20, 1, 145, 146
1118061.3.peg.2151.site.21, 143, 145, 288
1118061.3.peg.2151.site.22, 1, 147, 148
1118061.3.peg.2151.site.23, 2, 149, 151
1118061.3.peg.2151.site.24, 41, 147, 188
1118061.3.peg.2151.site.25, 14, 110, 124
1118061.3.peg.2151.site.26, 10, 110, 120
1118061.3.peg.2151.site.27, 11, 111, 122
1118061.3.peg.2151.site.28, 2, 150, 152
1118061.3.peg.2151.site.29, 3, 145, 148
1118061.3.peg.2151.site.30, 1, 147, 148
1118061.3.peg.2151.site.31, 17, 149, 166
1118061.3.peg.2151.site.32, 130, 150, 280
1118061.3.peg.2151.site.33, 3, 150, 153
1118061.3.peg.2151.site.34, 2, 147, 149
1118061.3.peg.2151.site.35, 105, 117, 222
1118061.3.peg.2151.site.36, 137, 142, 279
1118061.3.peg.2151.site.37, 63, 144, 207
1118061.3.peg.2151.site.38, 76, 148, 224
1118061.3.peg.2151.site.39, 5, 150, 155
1118061.3.peg.2151.site.40, 82, 150, 232
1118061.3.peg.2150.site.1, 0, 149, 149
1118061.3.peg.2150.site.2, 3, 132, 135
1118061.3.peg.2150.site.3, 39, 113, 152
1118061.3.peg.2153.site.1, 3, 150, 153
1118061.3.peg.2153.site.2, 2, 149, 151
1118061.3.peg.2153.site.3, 2, 147, 149
1118061.3.peg.2153.site.4, 29, 124, 153
1118061.3.peg.2153.site.5, 5, 99, 104
1118061.3.peg.2153.site.6, 0, 134, 134
1118061.3.peg.2400.site.1, 85, 149, 234
1118061.3.peg.2400.site.2, 2, 145, 147
1118061.3.peg.2400.site.3, 17, 145, 162
1118061.3.peg.2400.site.4, 97, 147, 244
1118061.3.peg.2400.site.5, 30, 146, 176
1118061.3.peg.2400.site.6, 0, 150, 150
1118061.3.peg.2400.site.7, 0, 147, 147
1118061.3.peg.2400.site.8, 120, 147, 267
1118061.3.peg.2400.site.9, 2, 148, 150
1118061.3.peg.2400.site.10, 109, 148, 257
1118061.3.peg.2400.site.11, 17, 136, 153
1118061.3.peg.2400.site.12, 5, 141, 146
1118061.3.peg.2400.site.13, 0, 147, 147
1118061.3.peg.2400.site.14, 106, 148, 254
1118061.3.peg.2159.site.1, 3, 147, 150
1118061.3.peg.2159.site.2, 19, 139, 158
1118061.3.peg.2159.site.3, 1, 136, 137
1118061.3.peg.2159.site.4, 106, 143, 249
1118061.3.peg.2159.site.5, 110, 144, 254
1118061.3.peg.2159.site.6, 144, 145, 289
1118061.3.peg.2159.site.7, 0, 148, 148
1118061.3.peg.2159.site.8, 2, 149, 151
1118061.3.peg.2159.site.9, 1, 133, 134
1118061.3.peg.2159.site.10, 1, 137, 138
1118061.3.peg.2159.site.11, 20, 113, 133
1118061.3.peg.2159.site.12, 16, 116, 132
1118061.3.peg.2159.site.13, 10, 137, 147
1118061.3.peg.2159.site.14, 1, 124, 125
1118061.3.peg.2159.site.15, 1, 137, 138
1118061.3.peg.2159.site.16, 17, 145, 162
1118061.3.peg.2159.site.17, 46, 143, 189
1118061.3.peg.2159.site.18, 9, 142, 151
1118061.3.peg.2159.site.19, 8, 149, 157
1118061.3.peg.2159.site.20, 8, 149, 157
1118061.3.peg.2159.site.21, 0, 149, 149
1118061.3.peg.2159.site.22, 18, 147, 165
1118061.3.peg.2159.site.23, 51, 149, 200
1118061.3.peg.2159.site.24, 37, 118, 155
1118061.3.peg.2159.site.25, 18, 116, 134
1118061.3.peg.2159.site.26, 86, 149, 235
1118061.3.peg.2159.site.27, 101, 146, 247
1118061.3.peg.2159.site.28, 2, 147, 149
1118061.3.peg.2159.site.29, 0, 146, 146
1118061.3.peg.2159.site.30, 41, 150, 191
1118061.3.peg.2158.site.1, 34, 149, 183
1118061.3.peg.2158.site.2, 2, 149, 151
1118061.3.peg.2409.site.1, 44, 149, 193
1118061.3.peg.2409.site.2, 16, 146, 162
1118061.3.peg.2409.site.3, 45, 150, 195
1118061.3.peg.2409.site.4, 0, 148, 148
1118061.3.peg.2409.site.5, 3, 149, 152
1118061.3.peg.2409.site.6, 2, 148, 150
1118061.3.peg.2409.site.7, 6, 150, 156
1118061.3.peg.2409.site.8, 31, 148, 179
1118061.3.peg.2409.site.9, 0, 150, 150
1118061.3.peg.2409.site.10, 45, 150, 195
1118061.3.peg.2409.site.11, 92, 147, 239
1118061.3.peg.2409.site.12, 148, 149, 297
1118061.3.peg.2409.site.13, 29, 149, 178
1118061.3.peg.2712.site.1, 2, 149, 151
1118061.3.peg.2712.site.2, 0, 150, 150
1118061.3.peg.2712.site.3, 37, 140, 177
1118061.3.peg.2717.site.1, 4, 140, 144
1118061.3.peg.2717.site.2, 2, 141, 143
1118061.3.peg.2717.site.3, 28, 142, 170
1118061.3.peg.2717.site.4, 0, 139, 139
1118061.3.peg.2717.site.5, 80, 148, 228
1118061.3.peg.2717.site.6, 39, 147, 186
1118061.3.peg.2717.site.7, 59, 147, 206
1118061.3.peg.2717.site.8, 122, 146, 268
1118061.3.peg.2717.site.9, 0, 116, 116
1118061.3.peg.2716.site.1, 13, 144, 157
1118061.3.peg.2716.site.2, 2, 149, 151
1118061.3.peg.2716.site.3, 1, 149, 150
1118061.3.peg.2716.site.4, 3, 150, 153
1118061.3.peg.2716.site.5, 2, 150, 152
1118061.3.peg.2716.site.6, 0, 150, 150
1118061.3.peg.2716.site.7, 4, 149, 153
1118061.3.peg.2716.site.8, 77, 146, 223
1118061.3.peg.2716.site.9, 0, 149, 149
1118061.3.peg.2716.site.10, 52, 148, 200
1118061.3.peg.2716.site.11, 1, 150, 151
1118061.3.peg.2716.site.12, 4, 149, 153
1118061.3.peg.2716.site.13, 2, 124, 126
1118061.3.peg.2716.site.14, 0, 149, 149
1118061.3.peg.2716.site.15, 1, 149, 150
1118061.3.peg.2716.site.16, 3, 150, 153
1118061.3.peg.2716.site.17, 0, 150, 150
1118061.3.peg.2716.site.18, 0, 150, 150
1118061.3.peg.2715.site.1, 6, 90, 96
1118061.3.peg.2715.site.2, 16, 93, 109
1118061.3.peg.2715.site.3, 1, 114, 115
1118061.3.peg.2715.site.4, 124, 124, 248
1118061.3.peg.2715.site.5, 2, 149, 151
1118061.3.peg.2715.site.6, 26, 148, 174
1118061.3.peg.2715.site.7, 0, 149, 149
1118061.3.peg.2715.site.8, 106, 147, 253
1118061.3.peg.2715.site.9, 24, 149, 173
1118061.3.peg.2715.site.10, 13, 150, 163
1118061.3.peg.2719.site.1, 18, 142, 160
1118061.3.peg.2719.site.2, 8, 150, 158
1118061.3.peg.2719.site.3, 128, 149, 277
1118061.3.peg.2719.site.4, 3, 147, 150
1118061.3.peg.2719.site.5, 37, 148, 185
1118061.3.peg.2719.site.6, 3, 142, 145
1118061.3.peg.2719.site.7, 28, 149, 177
1118061.3.peg.2719.site.8, 6, 148, 154
1118061.3.peg.2719.site.9, 116, 132, 248
1118061.3.peg.2719.site.10, 3, 138, 141
1118061.3.peg.2719.site.11, 1, 139, 140
1118061.3.peg.2719.site.12, 6, 138, 144
1118061.3.peg.2719.site.13, 27, 140, 167
1118061.3.peg.2719.site.14, 2, 143, 145
1118061.3.peg.2719.site.15, 0, 143, 143
1118061.3.peg.2719.site.16, 28, 148, 176
1118061.3.peg.2719.site.17, 9, 148, 157
1118061.3.peg.2719.site.18, 147, 147, 294
1118061.3.peg.440.site.1, 2, 148, 150
1118061.3.peg.440.site.2, 3, 149, 152
1118061.3.peg.440.site.3, 0, 149, 149
1118061.3.peg.440.site.4, 52, 149, 201
1118061.3.peg.441.site.1, 30, 148, 178
1118061.3.peg.441.site.2, 56, 150, 206
1118061.3.peg.441.site.3, 0, 149, 149
1118061.3.peg.441.site.4, 22, 150, 172
1118061.3.peg.441.site.5, 0, 148, 148
1118061.3.peg.441.site.6, 0, 150, 150
1118061.3.peg.441.site.7, 38, 150, 188
1118061.3.peg.441.site.8, 4, 150, 154
1118061.3.peg.442.site.1, 48, 149, 197
1118061.3.peg.442.site.2, 37, 146, 183
1118061.3.peg.442.site.3, 2, 147, 149
1118061.3.peg.442.site.4, 134, 150, 284
1118061.3.peg.442.site.5, 3, 149, 152
1118061.3.peg.442.site.6, 105, 150, 255
1118061.3.peg.442.site.7, 45, 147, 192
1118061.3.peg.442.site.8, 145, 145, 290
1118061.3.peg.442.site.9, 147, 147, 294
1118061.3.peg.442.site.10, 36, 144, 180
1118061.3.peg.442.site.11, 79, 148, 227
1118061.3.peg.442.site.12, 12, 148, 160
1118061.3.peg.1198.site.1, 66, 88, 154
1118061.3.peg.1198.site.2, 1, 96, 97
1118061.3.peg.1198.site.3, 70, 119, 189
1118061.3.peg.1198.site.4, 73, 129, 202
1118061.3.peg.1198.site.5, 1, 150, 151
1118061.3.peg.1198.site.6, 17, 150, 167
1118061.3.peg.1198.site.7, 42, 149, 191
1118061.3.peg.1198.site.8, 0, 148, 148
1118061.3.peg.1198.site.9, 50, 146, 196
1118061.3.peg.1198.site.10, 42, 125, 167
1118061.3.peg.1198.site.11, 0, 137, 137
1118061.3.peg.1198.site.12, 35, 126, 161
1118061.3.peg.1198.site.13, 1, 123, 124
1118061.3.peg.1198.site.14, 24, 109, 133
1118061.3.peg.1198.site.15, 1, 130, 131
1118061.3.peg.1198.site.16, 3, 133, 136
1118061.3.peg.1198.site.17, 148, 149, 297
1118061.3.peg.1199.site.1, 4, 150, 154
1118061.3.peg.1199.site.2, 2, 125, 127
1118061.3.peg.1199.site.3, 0, 130, 130
1118061.3.peg.1199.site.4, 135, 144, 279
1118061.3.peg.1199.site.5, 0, 147, 147
1118061.3.peg.1199.site.6, 1, 147, 148
1118061.3.peg.1199.site.7, 108, 149, 257
1118061.3.peg.1199.site.8, 4, 150, 154
1118061.3.peg.1199.site.9, 4, 150, 154
1118061.3.peg.1199.site.10, 1, 150, 151
1118061.3.peg.1199.site.11, 62, 150, 212
1118061.3.peg.1199.site.12, 105, 149, 254
1118061.3.peg.1199.site.13, 17, 149, 166
1118061.3.peg.1199.site.14, 1, 138, 139
1118061.3.peg.1199.site.15, 1, 142, 143
1118061.3.peg.1199.site.16, 6, 150, 156
1118061.3.peg.1194.site.1, 2, 147, 149
1118061.3.peg.1194.site.2, 48, 146, 194
1118061.3.peg.1194.site.3, 0, 133, 133
1118061.3.peg.1194.site.4, 40, 119, 159
1118061.3.peg.1194.site.5, 1, 114, 115
1118061.3.peg.1194.site.6, 31, 135, 166
1118061.3.peg.1194.site.7, 1, 141, 142
1118061.3.peg.1194.site.8, 7, 137, 144
1118061.3.peg.1194.site.9, 148, 148, 296
1118061.3.peg.1194.site.10, 51, 149, 200
1118061.3.peg.1194.site.11, 2, 149, 151
1118061.3.peg.1194.site.12, 12, 150, 162
1118061.3.peg.1195.site.1, 2, 148, 150
1118061.3.peg.1195.site.2, 146, 146, 292
1118061.3.peg.1195.site.3, 48, 143, 191
1118061.3.peg.1195.site.4, 54, 146, 200
1118061.3.peg.1195.site.5, 6, 150, 156
1118061.3.peg.1195.site.6, 138, 150, 288
1118061.3.peg.1195.site.7, 1, 150, 151
1118061.3.peg.1195.site.8, 2, 148, 150
1118061.3.peg.1195.site.9, 1, 146, 147
1118061.3.peg.1195.site.10, 2, 138, 140
1118061.3.peg.1195.site.11, 0, 148, 148
1118061.3.peg.1195.site.12, 0, 144, 144
1118061.3.peg.1195.site.13, 3, 149, 152
1118061.3.peg.1195.site.14, 0, 147, 147
1118061.3.peg.1195.site.15, 0, 148, 148
1118061.3.peg.1195.site.16, 0, 148, 148
1118061.3.peg.1195.site.17, 2, 147, 149
1118061.3.peg.1195.site.18, 1, 149, 150
1118061.3.peg.1195.site.19, 5, 146, 151
1118061.3.peg.1195.site.20, 5, 137, 142
1118061.3.peg.1195.site.21, 1, 150, 151
1118061.3.peg.1195.site.22, 34, 149, 183
1118061.3.peg.1195.site.23, 66, 149, 215
1118061.3.peg.1195.site.24, 0, 147, 147
1118061.3.peg.1195.site.25, 2, 146, 148
1118061.3.peg.1195.site.26, 1, 144, 145
1118061.3.peg.1195.site.27, 0, 145, 145
1118061.3.peg.1195.site.28, 3, 141, 144
1118061.3.peg.1195.site.29, 1, 142, 143
1118061.3.peg.1195.site.30, 1, 141, 142
1118061.3.peg.1195.site.31, 1, 145, 146
1118061.3.peg.1195.site.32, 86, 149, 235
1118061.3.peg.1195.site.33, 13, 150, 163
1118061.3.peg.1195.site.34, 68, 147, 215
1118061.3.peg.1195.site.35, 2, 150, 152
1118061.3.peg.1195.site.36, 1, 150, 151
1118061.3.peg.1195.site.37, 1, 149, 150
1118061.3.peg.1195.site.38, 1, 148, 149
1118061.3.peg.1195.site.39, 17, 148, 165
1118061.3.peg.1195.site.40, 0, 147, 147
1118061.3.peg.1195.site.41, 1, 145, 146
1118061.3.peg.1195.site.42, 1, 146, 147
1118061.3.peg.1195.site.43, 48, 143, 191
1118061.3.peg.1195.site.44, 1, 147, 148
1118061.3.peg.1195.site.45, 74, 144, 218
1118061.3.peg.1195.site.46, 1, 147, 148
1118061.3.peg.1195.site.47, 13, 149, 162
1118061.3.peg.1195.site.48, 150, 150, 300
1118061.3.peg.1195.site.49, 0, 150, 150
1118061.3.peg.1195.site.50, 14, 150, 164
1118061.3.peg.1195.site.51, 0, 150, 150
1118061.3.peg.1195.site.52, 0, 150, 150
1118061.3.peg.1195.site.53, 20, 150, 170
1118061.3.peg.1195.site.54, 3, 148, 151
1118061.3.peg.1195.site.55, 0, 149, 149
1118061.3.peg.1195.site.56, 0, 141, 141
1118061.3.peg.1196.site.1, 27, 124, 151
1118061.3.peg.1196.site.2, 26, 125, 151
1118061.3.peg.1196.site.3, 6, 142, 148
1118061.3.peg.1196.site.4, 3, 148, 151
1118061.3.peg.1196.site.5, 31, 146, 177
1118061.3.peg.1196.site.6, 6, 141, 147
1118061.3.peg.1196.site.7, 78, 145, 223
1118061.3.peg.1196.site.8, 108, 148, 256
1118061.3.peg.1196.site.9, 109, 149, 258
1118061.3.peg.1196.site.10, 27, 150, 177
1118061.3.peg.1196.site.11, 1, 148, 149
1118061.3.peg.1196.site.12, 3, 142, 145
1118061.3.peg.1196.site.13, 0, 135, 135
1118061.3.peg.1196.site.14, 3, 134, 137
1118061.3.peg.1196.site.15, 25, 132, 157
1118061.3.peg.1196.site.16, 136, 148, 284
1118061.3.peg.1196.site.17, 7, 150, 157
1118061.3.peg.1196.site.18, 10, 150, 160
1118061.3.peg.1196.site.19, 3, 150, 153
1118061.3.peg.1196.site.20, 0, 150, 150
1118061.3.peg.1196.site.21, 80, 150, 230
1118061.3.peg.1196.site.22, 49, 148, 197
1118061.3.peg.1196.site.23, 0, 148, 148
1118061.3.peg.1196.site.24, 2, 149, 151
1118061.3.peg.1196.site.25, 17, 149, 166
1118061.3.peg.1196.site.26, 2, 149, 151
1118061.3.peg.1196.site.27, 75, 149, 224
1118061.3.peg.1196.site.28, 23, 149, 172
1118061.3.peg.1196.site.29, 0, 147, 147
1118061.3.peg.1196.site.30, 13, 149, 162
1118061.3.peg.1197.site.1, 68, 145, 213
1118061.3.peg.1197.site.2, 16, 141, 157
1118061.3.peg.1197.site.3, 70, 143, 213
1118061.3.peg.1197.site.4, 135, 143, 278
1118061.3.peg.1197.site.5, 137, 145, 282
1118061.3.peg.1197.site.6, 0, 149, 149
1118061.3.peg.1197.site.7, 1, 141, 142
1118061.3.peg.1197.site.8, 8, 148, 156
1118061.3.peg.1197.site.9, 94, 149, 243
1118061.3.peg.1197.site.10, 7, 148, 155
1118061.3.peg.1197.site.11, 13, 146, 159
1118061.3.peg.1197.site.12, 12, 147, 159
1118061.3.peg.1197.site.13, 30, 147, 177
1118061.3.peg.1197.site.14, 0, 146, 146
1118061.3.peg.1197.site.15, 95, 144, 239
1118061.3.peg.1197.site.16, 31, 147, 178
1118061.3.peg.1197.site.17, 1, 147, 148
1118061.3.peg.1197.site.18, 2, 146, 148
1118061.3.peg.1197.site.19, 1, 143, 144
1118061.3.peg.1197.site.20, 104, 143, 247
1118061.3.peg.1197.site.21, 2, 135, 137
1118061.3.peg.1197.site.22, 2, 128, 130
1118061.3.peg.1190.site.1, 22, 145, 167
1118061.3.peg.1190.site.2, 2, 147, 149
1118061.3.peg.1190.site.3, 3, 137, 140
1118061.3.peg.1190.site.4, 0, 130, 130
1118061.3.peg.1190.site.5, 2, 126, 128
1118061.3.peg.1191.site.1, 0, 148, 148
1118061.3.peg.1191.site.2, 2, 148, 150
1118061.3.peg.1191.site.3, 1, 149, 150
1118061.3.peg.1191.site.4, 26, 150, 176
1118061.3.peg.1191.site.5, 2, 149, 151
1118061.3.peg.1191.site.6, 3, 148, 151
1118061.3.peg.1191.site.7, 20, 125, 145
1118061.3.peg.1191.site.8, 2, 140, 142
1118061.3.peg.1191.site.9, 1, 138, 139
1118061.3.peg.1191.site.10, 1, 147, 148
1118061.3.peg.1191.site.11, 2, 149, 151
1118061.3.peg.1191.site.12, 42, 148, 190
1118061.3.peg.1191.site.13, 147, 150, 297
1118061.3.peg.1191.site.14, 3, 150, 153
1118061.3.peg.1191.site.15, 81, 150, 231
1118061.3.peg.1191.site.16, 0, 149, 149
1118061.3.peg.1191.site.17, 67, 148, 215
1118061.3.peg.1191.site.18, 148, 150, 298
1118061.3.peg.1191.site.19, 3, 150, 153
1118061.3.peg.1191.site.20, 0, 148, 148
1118061.3.peg.1193.site.1, 2, 145, 147
1118061.3.peg.1193.site.2, 3, 145, 148
1118061.3.peg.1193.site.3, 72, 146, 218
1118061.3.peg.1193.site.4, 38, 147, 185
1118061.3.peg.1193.site.5, 147, 149, 296
1118061.3.peg.1193.site.6, 22, 146, 168
1118061.3.peg.1193.site.7, 44, 149, 193
1118061.3.peg.1193.site.8, 44, 149, 193
1118061.3.peg.1193.site.9, 2, 150, 152
1118061.3.peg.1193.site.10, 1, 149, 150
1118061.3.peg.1193.site.11, 95, 144, 239
1118061.3.peg.1193.site.12, 0, 148, 148
1118061.3.peg.1193.site.13, 4, 150, 154
1118061.3.peg.1193.site.14, 50, 148, 198
1118061.3.peg.1193.site.15, 1, 144, 145
1118061.3.peg.1193.site.16, 43, 129, 172
1118061.3.peg.1193.site.17, 53, 146, 199
1118061.3.peg.1193.site.18, 106, 145, 251
1118061.3.peg.1193.site.19, 92, 150, 242
1118061.3.peg.1193.site.20, 28, 150, 178
1118061.3.peg.2579.site.1, 130, 150, 280
1118061.3.peg.2579.site.2, 55, 150, 205
1118061.3.peg.2579.site.3, 2, 149, 151
1118061.3.peg.2579.site.4, 0, 150, 150
1118061.3.peg.2579.site.5, 35, 149, 184
1118061.3.peg.2579.site.6, 18, 149, 167
1118061.3.peg.2579.site.7, 14, 149, 163
1118061.3.peg.2579.site.8, 28, 150, 178
1118061.3.peg.2579.site.9, 17, 150, 167
1118061.3.peg.2579.site.10, 2, 150, 152
1118061.3.peg.2579.site.11, 11, 150, 161
1118061.3.peg.2579.site.12, 74, 150, 224
1118061.3.peg.2578.site.1, 0, 145, 145
1118061.3.peg.2578.site.2, 1, 150, 151
1118061.3.peg.2578.site.3, 0, 149, 149
1118061.3.peg.2578.site.4, 43, 150, 193
1118061.3.peg.2578.site.5, 20, 149, 169
1118061.3.peg.2578.site.6, 0, 150, 150
1118061.3.peg.2578.site.7, 89, 148, 237
1118061.3.peg.2578.site.8, 6, 149, 155
1118061.3.peg.2578.site.9, 129, 149, 278
1118061.3.peg.2578.site.10, 2, 149, 151
1118061.3.peg.2578.site.11, 2, 150, 152
1118061.3.peg.2578.site.12, 0, 150, 150
1118061.3.peg.2578.site.13, 47, 149, 196
1118061.3.peg.2578.site.14, 1, 150, 151
1118061.3.peg.2578.site.15, 147, 150, 297
1118061.3.peg.2578.site.16, 1, 150, 151
1118061.3.peg.2578.site.17, 12, 150, 162
1118061.3.peg.2578.site.18, 3, 140, 143
1118061.3.peg.2578.site.19, 13, 145, 158
1118061.3.peg.2578.site.20, 3, 149, 152
1118061.3.peg.2578.site.21, 0, 149, 149
1118061.3.peg.2578.site.22, 26, 145, 171
1118061.3.peg.2578.site.23, 35, 149, 184
1118061.3.peg.2573.site.1, 4, 149, 153
1118061.3.peg.2573.site.2, 0, 150, 150
1118061.3.peg.2573.site.3, 80, 149, 229
1118061.3.peg.2573.site.4, 22, 149, 171
1118061.3.peg.2573.site.5, 21, 147, 168
1118061.3.peg.2573.site.6, 0, 147, 147
1118061.3.peg.2573.site.7, 30, 144, 174
1118061.3.peg.2573.site.8, 1, 135, 136
1118061.3.peg.2573.site.9, 34, 150, 184
1118061.3.peg.2573.site.10, 14, 147, 161
1118061.3.peg.2573.site.11, 20, 147, 167
1118061.3.peg.2573.site.12, 0, 148, 148
1118061.3.peg.2573.site.13, 3, 149, 152
1118061.3.peg.2573.site.14, 32, 150, 182
1118061.3.peg.2573.site.15, 0, 150, 150
1118061.3.peg.2573.site.16, 1, 150, 151
1118061.3.peg.2573.site.17, 0, 149, 149
1118061.3.peg.2573.site.18, 1, 129, 130
1118061.3.peg.2573.site.19, 30, 146, 176
1118061.3.peg.2572.site.1, 1, 144, 145
1118061.3.peg.2572.site.2, 0, 149, 149
1118061.3.peg.2572.site.3, 34, 148, 182
1118061.3.peg.2572.site.4, 2, 140, 142
1118061.3.peg.2572.site.5, 9, 144, 153
1118061.3.peg.2572.site.6, 18, 143, 161
1118061.3.peg.2572.site.7, 9, 148, 157
1118061.3.peg.2572.site.8, 66, 145, 211
1118061.3.peg.2572.site.9, 0, 150, 150
1118061.3.peg.2572.site.10, 0, 148, 148
1118061.3.peg.2572.site.11, 52, 148, 200
1118061.3.peg.2572.site.12, 11, 149, 160
1118061.3.peg.2572.site.13, 64, 147, 211
1118061.3.peg.2572.site.14, 0, 148, 148
1118061.3.peg.2572.site.15, 19, 149, 168
1118061.3.peg.2572.site.16, 0, 150, 150
1118061.3.peg.2572.site.17, 1, 150, 151
1118061.3.peg.2572.site.18, 75, 147, 222
1118061.3.peg.2572.site.19, 1, 146, 147
1118061.3.peg.2572.site.20, 69, 144, 213
1118061.3.peg.2572.site.21, 5, 142, 147
1118061.3.peg.2572.site.22, 20, 150, 170
1118061.3.peg.2572.site.23, 69, 150, 219
1118061.3.peg.2572.site.24, 3, 148, 151
1118061.3.peg.2572.site.25, 130, 149, 279
1118061.3.peg.2572.site.26, 9, 150, 159
1118061.3.peg.2572.site.27, 2, 150, 152
1118061.3.peg.2572.site.28, 2, 149, 151
1118061.3.peg.2572.site.29, 0, 150, 150
1118061.3.peg.2572.site.30, 2, 144, 146
1118061.3.peg.2572.site.31, 30, 144, 174
1118061.3.peg.2572.site.32, 1, 149, 150
1118061.3.peg.2572.site.33, 0, 150, 150
1118061.3.peg.2572.site.34, 10, 146, 156
1118061.3.peg.2572.site.35, 2, 150, 152
1118061.3.peg.2572.site.36, 3, 149, 152
1118061.3.peg.2572.site.37, 2, 149, 151
1118061.3.peg.2572.site.38, 17, 149, 166
1118061.3.peg.2572.site.39, 1, 150, 151
1118061.3.peg.2572.site.40, 0, 150, 150
1118061.3.peg.2571.site.1, 146, 146, 292
1118061.3.peg.2571.site.2, 43, 136, 179
1118061.3.peg.2571.site.3, 24, 127, 151
1118061.3.peg.2571.site.4, 2, 131, 133
1118061.3.peg.2571.site.5, 22, 131, 153
1118061.3.peg.2571.site.6, 6, 127, 133
1118061.3.peg.2571.site.7, 2, 141, 143
1118061.3.peg.2571.site.8, 143, 143, 286
1118061.3.peg.2571.site.9, 35, 149, 184
1118061.3.peg.2571.site.10, 138, 150, 288
1118061.3.peg.2571.site.11, 3, 149, 152
1118061.3.peg.2571.site.12, 11, 150, 161
1118061.3.peg.2571.site.13, 61, 149, 210
1118061.3.peg.2571.site.14, 70, 149, 219
1118061.3.peg.2571.site.15, 89, 149, 238
1118061.3.peg.2571.site.16, 0, 150, 150
1118061.3.peg.2571.site.17, 2, 150, 152
1118061.3.peg.2571.site.18, 1, 150, 151
1118061.3.peg.2571.site.19, 0, 150, 150
1118061.3.peg.2577.site.1, 1, 149, 150
1118061.3.peg.2577.site.2, 6, 149, 155
1118061.3.peg.2577.site.3, 1, 107, 108
1118061.3.peg.2577.site.4, 21, 118, 139
1118061.3.peg.2577.site.5, 81, 135, 216
1118061.3.peg.2577.site.6, 6, 138, 144
1118061.3.peg.2577.site.7, 1, 137, 138
1118061.3.peg.2577.site.8, 3, 137, 140
1118061.3.peg.2577.site.9, 7, 133, 140
1118061.3.peg.2577.site.10, 10, 135, 145
1118061.3.peg.2577.site.11, 67, 139, 206
1118061.3.peg.2577.site.12, 0, 138, 138
1118061.3.peg.2577.site.13, 1, 142, 143
1118061.3.peg.2577.site.14, 5, 142, 147
1118061.3.peg.2577.site.15, 7, 148, 155
1118061.3.peg.2577.site.16, 3, 147, 150
1118061.3.peg.2577.site.17, 28, 143, 171
1118061.3.peg.2577.site.18, 19, 140, 159
1118061.3.peg.2577.site.19, 23, 134, 157
1118061.3.peg.2576.site.1, 12, 136, 148
1118061.3.peg.2576.site.2, 0, 134, 134
1118061.3.peg.2576.site.3, 87, 134, 221
1118061.3.peg.2576.site.4, 3, 133, 136
1118061.3.peg.2576.site.5, 13, 139, 152
1118061.3.peg.2576.site.6, 1, 148, 149
1118061.3.peg.2576.site.7, 2, 149, 151
1118061.3.peg.2576.site.8, 5, 147, 152
1118061.3.peg.2576.site.9, 0, 145, 145
1118061.3.peg.2576.site.10, 48, 150, 198
1118061.3.peg.2576.site.11, 3, 149, 152
1118061.3.peg.2576.site.12, 15, 143, 158
1118061.3.peg.2576.site.13, 12, 148, 160
1118061.3.peg.2576.site.14, 0, 146, 146
1118061.3.peg.2576.site.15, 1, 128, 129
1118061.3.peg.2576.site.16, 0, 127, 127
1118061.3.peg.2576.site.17, 2, 147, 149
1118061.3.peg.2576.site.18, 36, 138, 174
1118061.3.peg.2576.site.19, 80, 130, 210
1118061.3.peg.2576.site.20, 2, 123, 125
1118061.3.peg.2576.site.21, 26, 124, 150
1118061.3.peg.2576.site.22, 26, 131, 157
1118061.3.peg.2576.site.23, 25, 132, 157
1118061.3.peg.2576.site.24, 20, 131, 151
1118061.3.peg.2576.site.25, 0, 139, 139
1118061.3.peg.2576.site.26, 86, 141, 227
1118061.3.peg.2576.site.27, 1, 142, 143
1118061.3.peg.2576.site.28, 10, 141, 151
1118061.3.peg.2576.site.29, 10, 136, 146
1118061.3.peg.2576.site.30, 30, 146, 176
1118061.3.peg.2576.site.31, 120, 150, 270
1118061.3.peg.2575.site.1, 53, 149, 202
1118061.3.peg.2575.site.2, 3, 150, 153
1118061.3.peg.2575.site.3, 149, 149, 298
1118061.3.peg.2575.site.4, 3, 146, 149
1118061.3.peg.2575.site.5, 18, 138, 156
1118061.3.peg.2575.site.6, 11, 139, 150
1118061.3.peg.2575.site.7, 2, 133, 135
1118061.3.peg.2575.site.8, 10, 149, 159
1118061.3.peg.2575.site.9, 0, 149, 149
1118061.3.peg.2575.site.10, 32, 149, 181
1118061.3.peg.2575.site.11, 32, 148, 180
1118061.3.peg.2575.site.12, 1, 150, 151
1118061.3.peg.2575.site.13, 10, 149, 159
1118061.3.peg.2575.site.14, 3, 150, 153
1118061.3.peg.2575.site.15, 0, 150, 150
1118061.3.peg.2575.site.16, 94, 150, 244
1118061.3.peg.2575.site.17, 1, 149, 150
1118061.3.peg.2575.site.18, 3, 148, 151
1118061.3.peg.2575.site.19, 12, 148, 160
1118061.3.peg.2574.site.1, 1, 146, 147
1118061.3.peg.2574.site.2, 3, 146, 149
1118061.3.peg.2574.site.3, 1, 148, 149
1118061.3.peg.2574.site.4, 39, 147, 186
1118061.3.peg.2574.site.5, 1, 150, 151
1118061.3.peg.2574.site.6, 15, 150, 165
1118061.3.peg.2574.site.7, 2, 149, 151
1118061.3.peg.2574.site.8, 16, 150, 166
1118061.3.peg.2574.site.9, 0, 149, 149
1118061.3.peg.2574.site.10, 0, 150, 150
1118061.3.peg.2574.site.11, 0, 142, 142
1118061.3.peg.2574.site.12, 0, 134, 134
1118061.3.peg.2574.site.13, 1, 148, 149
1118061.3.peg.2574.site.14, 1, 150, 151
1118061.3.peg.2574.site.15, 2, 150, 152
1118061.3.peg.2574.site.16, 20, 149, 169
1118061.3.peg.2574.site.17, 0, 149, 149
1118061.3.peg.2574.site.18, 14, 148, 162
1118061.3.peg.2574.site.19, 1, 145, 146
1118061.3.peg.2574.site.20, 0, 143, 143
1118061.3.peg.2690.site.1, 0, 146, 146
1118061.3.peg.2690.site.2, 125, 150, 275
1118061.3.peg.2690.site.3, 0, 150, 150
1118061.3.peg.2690.site.4, 1, 143, 144
1118061.3.peg.2690.site.5, 0, 146, 146
1118061.3.peg.2690.site.6, 21, 132, 153
1118061.3.peg.2690.site.7, 9, 148, 157
1118061.3.peg.2690.site.8, 0, 148, 148
1118061.3.peg.2690.site.9, 25, 149, 174
1118061.3.peg.2690.site.10, 71, 148, 219
1118061.3.peg.2690.site.11, 73, 148, 221
1118061.3.peg.2690.site.12, 0, 150, 150
1118061.3.peg.2690.site.13, 8, 149, 157
1118061.3.peg.2690.site.14, 14, 147, 161
1118061.3.peg.2690.site.15, 114, 148, 262
1118061.3.peg.2690.site.16, 3, 144, 147
1118061.3.peg.2690.site.17, 3, 104, 107
1118061.3.peg.2690.site.18, 0, 146, 146
1118061.3.peg.2690.site.19, 16, 147, 163
1118061.3.peg.2690.site.20, 36, 146, 182
1118061.3.peg.2691.site.1, 0, 128, 128
1118061.3.peg.2691.site.2, 30, 122, 152
1118061.3.peg.2691.site.3, 63, 95, 158
1118061.3.peg.2691.site.4, 45, 98, 143
1118061.3.peg.2691.site.5, 9, 93, 102
1118061.3.peg.2691.site.6, 1, 112, 113
1118061.3.peg.2691.site.7, 1, 145, 146
1118061.3.peg.2691.site.8, 62, 143, 205
1118061.3.peg.2691.site.9, 11, 141, 152
1118061.3.peg.2691.site.10, 64, 140, 204
1118061.3.peg.2691.site.11, 1, 129, 130
1118061.3.peg.2691.site.12, 84, 113, 197
1118061.3.peg.2691.site.13, 112, 113, 225
1118061.3.peg.2691.site.14, 0, 127, 127
1118061.3.peg.2691.site.15, 1, 131, 132
1118061.3.peg.2691.site.16, 60, 137, 197
1118061.3.peg.2691.site.17, 12, 136, 148
1118061.3.peg.2691.site.18, 133, 149, 282
1118061.3.peg.2691.site.19, 41, 147, 188
1118061.3.peg.1266.site.1, 1, 146, 147
1118061.3.peg.1266.site.2, 6, 149, 155
1118061.3.peg.1264.site.1, 0, 149, 149
1118061.3.peg.1264.site.2, 6, 148, 154
1118061.3.peg.1264.site.3, 13, 147, 160
1118061.3.peg.1264.site.4, 3, 123, 126
1118061.3.peg.1265.site.1, 33, 145, 178
1118061.3.peg.1265.site.2, 4, 147, 151
1118061.3.peg.1265.site.3, 3, 140, 143
1118061.3.peg.1265.site.4, 1, 135, 136
1118061.3.peg.1265.site.5, 0, 119, 119
1118061.3.peg.1265.site.6, 11, 124, 135
1118061.3.peg.1265.site.7, 2, 146, 148
1118061.3.peg.1265.site.8, 11, 148, 159
1118061.3.peg.1265.site.9, 0, 150, 150
1118061.3.peg.1265.site.10, 42, 150, 192
1118061.3.peg.1265.site.11, 91, 150, 241
1118061.3.peg.1265.site.12, 0, 150, 150
1118061.3.peg.1265.site.13, 0, 149, 149
1118061.3.peg.1265.site.14, 46, 149, 195
1118061.3.peg.1265.site.15, 3, 149, 152
1118061.3.peg.1265.site.16, 26, 148, 174
1118061.3.peg.1265.site.17, 25, 146, 171
1118061.3.peg.1265.site.18, 134, 146, 280
1118061.3.peg.1265.site.19, 0, 143, 143
1118061.3.peg.1061.site.1, 27, 125, 152
1118061.3.peg.1061.site.2, 3, 144, 147
1118061.3.peg.1061.site.3, 1, 137, 138
1118061.3.peg.1061.site.4, 29, 120, 149
1118061.3.peg.1061.site.5, 4, 143, 147
1118061.3.peg.1061.site.6, 4, 137, 141
1118061.3.peg.1061.site.7, 3, 137, 140
1118061.3.peg.1061.site.8, 4, 133, 137
1118061.3.peg.1061.site.9, 21, 124, 145
1118061.3.peg.1061.site.10, 4, 130, 134
1118061.3.peg.1061.site.11, 1, 142, 143
1118061.3.peg.1061.site.12, 5, 140, 145
1118061.3.peg.1061.site.13, 0, 144, 144
1118061.3.peg.1061.site.14, 56, 141, 197
1118061.3.peg.1061.site.15, 0, 142, 142
1118061.3.peg.1061.site.16, 0, 140, 140
1118061.3.peg.1061.site.17, 2, 137, 139
1118061.3.peg.1061.site.18, 67, 129, 196
1118061.3.peg.1061.site.19, 0, 142, 142
1118061.3.peg.1061.site.20, 2, 147, 149
1118061.3.peg.1062.site.1, 0, 148, 148
1118061.3.peg.1062.site.2, 147, 150, 297
1118061.3.peg.1062.site.3, 1, 149, 150
1118061.3.peg.1062.site.4, 4, 147, 151
1118061.3.peg.1062.site.5, 0, 148, 148
1118061.3.peg.1062.site.6, 0, 150, 150
1118061.3.peg.1063.site.1, 74, 142, 216
1118061.3.peg.1063.site.2, 0, 143, 143
1118061.3.peg.1063.site.3, 92, 144, 236
1118061.3.peg.1063.site.4, 29, 146, 175
1118061.3.peg.1063.site.5, 21, 143, 164
1118061.3.peg.1063.site.6, 73, 139, 212
1118061.3.peg.1063.site.7, 0, 137, 137
1118061.3.peg.1063.site.8, 28, 88, 116
1118061.3.peg.1063.site.9, 35, 103, 138
1118061.3.peg.1063.site.10, 1, 121, 122
1118061.3.peg.1063.site.11, 1, 132, 133
1118061.3.peg.1063.site.12, 0, 137, 137
1118061.3.peg.1063.site.13, 25, 143, 168
1118061.3.peg.1064.site.1, 46, 118, 164
1118061.3.peg.1064.site.2, 20, 127, 147
1118061.3.peg.1064.site.3, 16, 120, 136
1118061.3.peg.1064.site.4, 90, 99, 189
1118061.3.peg.1064.site.5, 50, 124, 174
1118061.3.peg.1064.site.6, 0, 127, 127
1118061.3.peg.1064.site.7, 1, 128, 129
1118061.3.peg.1064.site.8, 25, 123, 148
1118061.3.peg.1064.site.9, 79, 135, 214
1118061.3.peg.1064.site.10, 63, 134, 197
1118061.3.peg.1064.site.11, 1, 134, 135
1118061.3.peg.1064.site.12, 1, 131, 132
1118061.3.peg.1064.site.13, 24, 126, 150
1118061.3.peg.1064.site.14, 0, 128, 128
1118061.3.peg.1064.site.15, 9, 134, 143
1118061.3.peg.1064.site.16, 37, 138, 175
1118061.3.peg.1064.site.17, 71, 138, 209
1118061.3.peg.1064.site.18, 69, 139, 208
1118061.3.peg.1064.site.19, 11, 145, 156
1118061.3.peg.1064.site.20, 1, 149, 150
1118061.3.peg.1064.site.21, 85, 147, 232
1118061.3.peg.1065.site.1, 16, 144, 160
1118061.3.peg.1065.site.2, 35, 141, 176
1118061.3.peg.1065.site.3, 23, 145, 168
1118061.3.peg.1065.site.4, 11, 148, 159
1118061.3.peg.1065.site.5, 0, 149, 149
1118061.3.peg.1065.site.6, 0, 148, 148
1118061.3.peg.1065.site.7, 77, 147, 224
1118061.3.peg.1065.site.8, 2, 145, 147
1118061.3.peg.1065.site.9, 0, 135, 135
1118061.3.peg.1065.site.10, 0, 117, 117
1118061.3.peg.1065.site.11, 6, 98, 104
1118061.3.peg.1065.site.12, 0, 101, 101
1118061.3.peg.1065.site.13, 29, 123, 152
1118061.3.peg.1065.site.14, 5, 131, 136
1118061.3.peg.1065.site.15, 143, 149, 292
1118061.3.peg.1065.site.16, 15, 150, 165
1118061.3.peg.1065.site.17, 67, 149, 216
1118061.3.peg.1065.site.18, 18, 147, 165
1118061.3.peg.1065.site.19, 37, 141, 178
1118061.3.peg.1065.site.20, 18, 150, 168
1118061.3.peg.1066.site.1, 2, 132, 134
1118061.3.peg.1066.site.2, 71, 113, 184
1118061.3.peg.1066.site.3, 52, 113, 165
1118061.3.peg.1066.site.4, 68, 111, 179
1118061.3.peg.1066.site.5, 12, 115, 127
1118061.3.peg.1066.site.6, 2, 114, 116
1118061.3.peg.1066.site.7, 34, 132, 166
1118061.3.peg.1066.site.8, 13, 130, 143
1118061.3.peg.1066.site.9, 49, 132, 181
1118061.3.peg.1066.site.10, 34, 133, 167
1118061.3.peg.1066.site.11, 19, 130, 149
1118061.3.peg.1066.site.12, 117, 130, 247
1118061.3.peg.1066.site.13, 4, 131, 135
1118061.3.peg.1066.site.14, 131, 131, 262
1118061.3.peg.1066.site.15, 26, 130, 156
1118061.3.peg.1066.site.16, 19, 143, 162
1118061.3.peg.1066.site.17, 147, 149, 296
1118061.3.peg.1066.site.18, 37, 150, 187
1118061.3.peg.1068.site.1, 0, 149, 149
1118061.3.peg.1068.site.2, 6, 147, 153
1118061.3.peg.1068.site.3, 120, 148, 268
1118061.3.peg.1068.site.4, 26, 131, 157
1118061.3.peg.1068.site.5, 6, 121, 127
1118061.3.peg.1068.site.6, 0, 127, 127
1118061.3.peg.1068.site.7, 32, 121, 153
1118061.3.peg.1068.site.8, 1, 128, 129
1118061.3.peg.1068.site.9, 88, 132, 220
1118061.3.peg.1068.site.10, 46, 138, 184
1118061.3.peg.1068.site.11, 42, 137, 179
1118061.3.peg.1068.site.12, 111, 132, 243
1118061.3.peg.1068.site.13, 2, 110, 112
1118061.3.peg.1068.site.14, 20, 120, 140
1118061.3.peg.1068.site.15, 13, 122, 135
1118061.3.peg.1068.site.16, 2, 128, 130
1118061.3.peg.1068.site.17, 14, 146, 160
1118061.3.peg.1068.site.18, 0, 140, 140
1118061.3.peg.1068.site.19, 12, 141, 153
1118061.3.peg.1068.site.20, 0, 134, 134
1118061.3.peg.1068.site.21, 0, 130, 130
1118061.3.peg.1069.site.1, 2, 117, 119
1118061.3.peg.1069.site.2, 2, 120, 122
1118061.3.peg.1069.site.3, 0, 126, 126
1118061.3.peg.1069.site.4, 11, 147, 158
1118061.3.peg.1069.site.5, 54, 148, 202
1118061.3.peg.1069.site.6, 52, 141, 193
1118061.3.peg.1069.site.7, 0, 138, 138
1118061.3.peg.1069.site.8, 0, 114, 114
1118061.3.peg.1069.site.9, 0, 125, 125
1118061.3.peg.1069.site.10, 1, 145, 146
1118061.3.peg.1069.site.11, 28, 147, 175
1118061.3.peg.1069.site.12, 29, 147, 176
1118061.3.peg.1069.site.13, 28, 146, 174
1118061.3.peg.1069.site.14, 0, 147, 147
1118061.3.peg.1069.site.15, 1, 144, 145
1118061.3.peg.1069.site.16, 2, 144, 146
1118061.3.peg.1069.site.17, 8, 143, 151
1118061.3.peg.1069.site.18, 1, 132, 133
1118061.3.peg.1069.site.19, 1, 148, 149
1118061.3.peg.1069.site.20, 1, 135, 136
1118061.3.peg.1069.site.21, 30, 148, 178
1118061.3.peg.1069.site.22, 4, 147, 151
1118061.3.peg.1069.site.23, 30, 148, 178
1118061.3.peg.1069.site.24, 1, 148, 149
1118061.3.peg.2411.site.1, 20, 150, 170
1118061.3.peg.2411.site.2, 24, 148, 172
1118061.3.peg.2411.site.3, 0, 147, 147
1118061.3.peg.2411.site.4, 0, 149, 149
1118061.3.peg.2411.site.5, 0, 149, 149
1118061.3.peg.2411.site.6, 25, 147, 172
1118061.3.peg.2411.site.7, 76, 145, 221
1118061.3.peg.2411.site.8, 1, 118, 119
1118061.3.peg.2411.site.9, 0, 143, 143
1118061.3.peg.2411.site.10, 0, 146, 146
1118061.3.peg.2411.site.11, 1, 147, 148
1118061.3.peg.2411.site.12, 0, 147, 147
1118061.3.peg.2411.site.13, 48, 144, 192
1118061.3.peg.2411.site.14, 46, 149, 195
1118061.3.peg.2411.site.15, 68, 147, 215
1118061.3.peg.2411.site.16, 4, 146, 150
1118061.3.peg.2411.site.17, 3, 149, 152
1118061.3.peg.2411.site.18, 19, 149, 168
1118061.3.peg.2411.site.19, 8, 149, 157
1118061.3.peg.2411.site.20, 0, 149, 149
1118061.3.peg.158.site.1, 0, 150, 150
1118061.3.peg.158.site.2, 74, 149, 223
1118061.3.peg.158.site.3, 6, 123, 129
1118061.3.peg.158.site.4, 4, 123, 127
1118061.3.peg.158.site.5, 121, 121, 242
1118061.3.peg.158.site.6, 21, 148, 169
1118061.3.peg.158.site.7, 0, 149, 149
1118061.3.peg.158.site.8, 1, 150, 151
1118061.3.peg.158.site.9, 0, 148, 148
1118061.3.peg.158.site.10, 3, 147, 150
1118061.3.peg.158.site.11, 66, 147, 213
1118061.3.peg.158.site.12, 3, 146, 149
1118061.3.peg.158.site.13, 81, 146, 227
1118061.3.peg.158.site.14, 4, 149, 153
1118061.3.peg.158.site.15, 3, 150, 153
1118061.3.peg.158.site.16, 0, 150, 150
1118061.3.peg.159.site.1, 3, 149, 152
1118061.3.peg.159.site.2, 6, 149, 155
1118061.3.peg.159.site.3, 59, 149, 208
1118061.3.peg.159.site.4, 147, 150, 297
1118061.3.peg.159.site.5, 0, 150, 150
1118061.3.peg.159.site.6, 0, 150, 150
1118061.3.peg.159.site.7, 0, 149, 149
1118061.3.peg.156.site.1, 1, 135, 136
1118061.3.peg.156.site.2, 113, 132, 245
1118061.3.peg.156.site.3, 3, 125, 128
1118061.3.peg.156.site.4, 0, 129, 129
1118061.3.peg.156.site.5, 26, 124, 150
1118061.3.peg.156.site.6, 0, 112, 112
1118061.3.peg.156.site.7, 52, 117, 169
1118061.3.peg.156.site.8, 57, 147, 204
1118061.3.peg.156.site.9, 143, 148, 291
1118061.3.peg.156.site.10, 0, 149, 149
1118061.3.peg.156.site.11, 54, 150, 204
1118061.3.peg.156.site.12, 145, 147, 292
1118061.3.peg.156.site.13, 121, 150, 271
1118061.3.peg.156.site.14, 51, 149, 200
1118061.3.peg.156.site.15, 0, 140, 140
1118061.3.peg.156.site.16, 147, 147, 294
1118061.3.peg.157.site.1, 15, 145, 160
1118061.3.peg.157.site.2, 48, 144, 192
1118061.3.peg.157.site.3, 45, 139, 184
1118061.3.peg.157.site.4, 133, 133, 266
1118061.3.peg.157.site.5, 50, 130, 180
1118061.3.peg.157.site.6, 92, 143, 235
1118061.3.peg.157.site.7, 37, 146, 183
1118061.3.peg.157.site.8, 11, 146, 157
1118061.3.peg.157.site.9, 79, 146, 225
1118061.3.peg.157.site.10, 18, 146, 164
1118061.3.peg.157.site.11, 18, 142, 160
1118061.3.peg.157.site.12, 40, 145, 185
1118061.3.peg.157.site.13, 0, 146, 146
1118061.3.peg.157.site.14, 1, 147, 148
1118061.3.peg.157.site.15, 4, 141, 145
1118061.3.peg.157.site.16, 17, 146, 163
1118061.3.peg.154.site.1, 0, 150, 150
1118061.3.peg.154.site.2, 24, 150, 174
1118061.3.peg.154.site.3, 3, 149, 152
1118061.3.peg.154.site.4, 60, 148, 208
1118061.3.peg.154.site.5, 7, 149, 156
1118061.3.peg.154.site.6, 70, 147, 217
1118061.3.peg.154.site.7, 56, 147, 203
1118061.3.peg.154.site.8, 3, 148, 151
1118061.3.peg.154.site.9, 3, 144, 147
1118061.3.peg.154.site.10, 135, 150, 285
1118061.3.peg.154.site.11, 90, 147, 237
1118061.3.peg.154.site.12, 24, 148, 172
1118061.3.peg.154.site.13, 0, 147, 147
1118061.3.peg.154.site.14, 43, 147, 190
1118061.3.peg.154.site.15, 84, 147, 231
1118061.3.peg.154.site.16, 23, 148, 171
1118061.3.peg.154.site.17, 23, 147, 170
1118061.3.peg.154.site.18, 52, 100, 152
1118061.3.peg.154.site.19, 42, 142, 184
1118061.3.peg.154.site.20, 19, 126, 145
1118061.3.peg.154.site.21, 0, 127, 127
1118061.3.peg.154.site.22, 7, 150, 157
1118061.3.peg.154.site.23, 66, 150, 216
1118061.3.peg.154.site.24, 0, 145, 145
1118061.3.peg.154.site.25, 120, 145, 265
1118061.3.peg.154.site.26, 20, 150, 170
1118061.3.peg.154.site.27, 23, 150, 173
1118061.3.peg.155.site.1, 2, 139, 141
1118061.3.peg.155.site.2, 22, 109, 131
1118061.3.peg.155.site.3, 94, 145, 239
1118061.3.peg.155.site.4, 75, 147, 222
1118061.3.peg.155.site.5, 146, 147, 293
1118061.3.peg.155.site.6, 20, 144, 164
1118061.3.peg.155.site.7, 0, 145, 145
1118061.3.peg.155.site.8, 1, 146, 147
1118061.3.peg.155.site.9, 148, 148, 296
1118061.3.peg.155.site.10, 0, 138, 138
1118061.3.peg.155.site.11, 110, 141, 251
1118061.3.peg.155.site.12, 21, 149, 170
1118061.3.peg.155.site.13, 115, 138, 253
1118061.3.peg.155.site.14, 1, 140, 141
1118061.3.peg.155.site.15, 114, 141, 255
1118061.3.peg.155.site.16, 84, 148, 232
1118061.3.peg.155.site.17, 149, 149, 298
1118061.3.peg.155.site.18, 21, 149, 170
1118061.3.peg.155.site.19, 55, 150, 205
1118061.3.peg.155.site.20, 2, 140, 142
1118061.3.peg.155.site.21, 31, 138, 169
1118061.3.peg.155.site.22, 35, 140, 175
1118061.3.peg.155.site.23, 2, 140, 142
1118061.3.peg.155.site.24, 100, 134, 234
1118061.3.peg.155.site.25, 47, 124, 171
1118061.3.peg.152.site.1, 29, 130, 159
1118061.3.peg.152.site.2, 35, 142, 177
1118061.3.peg.152.site.3, 130, 132, 262
1118061.3.peg.153.site.1, 30, 131, 161
1118061.3.peg.153.site.2, 20, 133, 153
1118061.3.peg.153.site.3, 32, 135, 167
1118061.3.peg.153.site.4, 2, 142, 144
1118061.3.peg.153.site.5, 1, 142, 143
1118061.3.peg.153.site.6, 11, 146, 157
1118061.3.peg.153.site.7, 1, 149, 150
1118061.3.peg.153.site.8, 21, 148, 169
1118061.3.peg.153.site.9, 4, 148, 152
1118061.3.peg.153.site.10, 46, 148, 194
1118061.3.peg.153.site.11, 40, 149, 189
1118061.3.peg.153.site.12, 4, 149, 153
1118061.3.peg.153.site.13, 3, 149, 152
1118061.3.peg.153.site.14, 55, 148, 203
1118061.3.peg.153.site.15, 0, 146, 146
1118061.3.peg.150.site.1, 0, 146, 146
1118061.3.peg.150.site.2, 96, 138, 234
1118061.3.peg.150.site.3, 0, 150, 150
1118061.3.peg.150.site.4, 2, 149, 151
1118061.3.peg.150.site.5, 4, 128, 132
1118061.3.peg.151.site.1, 114, 114, 228
1118061.3.peg.151.site.2, 1, 122, 123
1118061.3.peg.151.site.3, 2, 128, 130
1118061.3.peg.151.site.4, 127, 127, 254
1118061.3.peg.151.site.5, 31, 128, 159
1118061.3.peg.151.site.6, 1, 134, 135
1118061.3.peg.151.site.7, 131, 131, 262
1118061.3.peg.151.site.8, 0, 133, 133
1118061.3.peg.151.site.9, 140, 142, 282
1118061.3.peg.151.site.10, 45, 143, 188
1118061.3.peg.151.site.11, 93, 147, 240
1118061.3.peg.151.site.12, 2, 146, 148
1118061.3.peg.151.site.13, 38, 146, 184
1118061.3.peg.151.site.14, 106, 145, 251
1118061.3.peg.151.site.15, 42, 148, 190
1118061.3.peg.151.site.16, 0, 149, 149
1118061.3.peg.151.site.17, 0, 149, 149
1118061.3.peg.151.site.18, 41, 149, 190
1118061.3.peg.718.site.1, 0, 147, 147
1118061.3.peg.718.site.2, 0, 146, 146
1118061.3.peg.718.site.3, 0, 144, 144
1118061.3.peg.718.site.4, 22, 148, 170
1118061.3.peg.718.site.5, 15, 148, 163
1118061.3.peg.718.site.6, 33, 146, 179
1118061.3.peg.718.site.7, 0, 141, 141
1118061.3.peg.719.site.1, 26, 149, 175
1118061.3.peg.719.site.2, 116, 140, 256
1118061.3.peg.719.site.3, 0, 135, 135
1118061.3.peg.719.site.4, 0, 144, 144
1118061.3.peg.719.site.5, 3, 145, 148
1118061.3.peg.719.site.6, 24, 150, 174
1118061.3.peg.710.site.1, 28, 142, 170
1118061.3.peg.710.site.2, 113, 143, 256
1118061.3.peg.710.site.3, 0, 146, 146
1118061.3.peg.710.site.4, 0, 145, 145
1118061.3.peg.710.site.5, 0, 142, 142
1118061.3.peg.710.site.6, 1, 144, 145
1118061.3.peg.711.site.1, 1, 144, 145
1118061.3.peg.711.site.2, 94, 144, 238
1118061.3.peg.711.site.3, 1, 147, 148
1118061.3.peg.711.site.4, 3, 147, 150
1118061.3.peg.711.site.5, 12, 147, 159
1118061.3.peg.711.site.6, 2, 146, 148
1118061.3.peg.711.site.7, 6, 140, 146
1118061.3.peg.711.site.8, 0, 146, 146
1118061.3.peg.711.site.9, 0, 146, 146
1118061.3.peg.711.site.10, 3, 147, 150
1118061.3.peg.711.site.11, 3, 147, 150
1118061.3.peg.711.site.12, 0, 147, 147
1118061.3.peg.711.site.13, 30, 146, 176
1118061.3.peg.711.site.14, 2, 146, 148
1118061.3.peg.711.site.15, 14, 146, 160
1118061.3.peg.711.site.16, 3, 147, 150
1118061.3.peg.711.site.17, 3, 144, 147
1118061.3.peg.711.site.18, 0, 144, 144
1118061.3.peg.711.site.19, 14, 146, 160
1118061.3.peg.711.site.20, 21, 147, 168
1118061.3.peg.711.site.21, 73, 147, 220
1118061.3.peg.711.site.22, 24, 147, 171
1118061.3.peg.711.site.23, 30, 147, 177
1118061.3.peg.711.site.24, 0, 145, 145
1118061.3.peg.711.site.25, 46, 147, 193
1118061.3.peg.712.site.1, 3, 147, 150
1118061.3.peg.712.site.2, 143, 146, 289
1118061.3.peg.712.site.3, 3, 144, 147
1118061.3.peg.712.site.4, 3, 147, 150
1118061.3.peg.712.site.5, 26, 147, 173
1118061.3.peg.712.site.6, 5, 147, 152
1118061.3.peg.712.site.7, 2, 145, 147
1118061.3.peg.712.site.8, 0, 147, 147
1118061.3.peg.712.site.9, 14, 137, 151
1118061.3.peg.712.site.10, 32, 120, 152
1118061.3.peg.712.site.11, 0, 120, 120
1118061.3.peg.712.site.12, 2, 124, 126
1118061.3.peg.712.site.13, 16, 131, 147
1118061.3.peg.712.site.14, 5, 143, 148
1118061.3.peg.712.site.15, 58, 146, 204
1118061.3.peg.712.site.16, 6, 145, 151
1118061.3.peg.713.site.1, 0, 146, 146
1118061.3.peg.713.site.2, 6, 144, 150
1118061.3.peg.713.site.3, 7, 146, 153
1118061.3.peg.713.site.4, 14, 147, 161
1118061.3.peg.713.site.5, 3, 147, 150
1118061.3.peg.713.site.6, 1, 142, 143
1118061.3.peg.713.site.7, 2, 145, 147
1118061.3.peg.713.site.8, 26, 147, 173
1118061.3.peg.713.site.9, 0, 147, 147
1118061.3.peg.713.site.10, 2, 144, 146
1118061.3.peg.713.site.11, 4, 143, 147
1118061.3.peg.714.site.1, 1, 143, 144
1118061.3.peg.714.site.2, 26, 146, 172
1118061.3.peg.714.site.3, 38, 147, 185
1118061.3.peg.714.site.4, 0, 146, 146
1118061.3.peg.714.site.5, 14, 145, 159
1118061.3.peg.714.site.6, 1, 145, 146
1118061.3.peg.714.site.7, 0, 146, 146
1118061.3.peg.714.site.8, 123, 146, 269
1118061.3.peg.714.site.9, 14, 147, 161
1118061.3.peg.714.site.10, 0, 146, 146
1118061.3.peg.714.site.11, 0, 141, 141
1118061.3.peg.714.site.12, 30, 146, 176
1118061.3.peg.714.site.13, 5, 147, 152
1118061.3.peg.714.site.14, 0, 143, 143
1118061.3.peg.714.site.15, 37, 145, 182
1118061.3.peg.714.site.16, 1, 145, 146
1118061.3.peg.714.site.17, 20, 146, 166
1118061.3.peg.714.site.18, 0, 146, 146
1118061.3.peg.714.site.19, 28, 145, 173
1118061.3.peg.714.site.20, 56, 147, 203
1118061.3.peg.715.site.1, 41, 137, 178
1118061.3.peg.715.site.2, 19, 137, 156
1118061.3.peg.715.site.3, 0, 136, 136
1118061.3.peg.716.site.1, 22, 150, 172
1118061.3.peg.716.site.2, 7, 149, 156
1118061.3.peg.716.site.3, 0, 150, 150
1118061.3.peg.716.site.4, 0, 142, 142
1118061.3.peg.716.site.5, 12, 150, 162
1118061.3.peg.716.site.6, 123, 150, 273
1118061.3.peg.716.site.7, 19, 150, 169
1118061.3.peg.716.site.8, 0, 150, 150
1118061.3.peg.716.site.9, 0, 149, 149
1118061.3.peg.716.site.10, 54, 143, 197
1118061.3.peg.716.site.11, 1, 148, 149
1118061.3.peg.716.site.12, 139, 147, 286
1118061.3.peg.716.site.13, 90, 148, 238
1118061.3.peg.716.site.14, 90, 149, 239
1118061.3.peg.716.site.15, 0, 147, 147
1118061.3.peg.716.site.16, 101, 148, 249
1118061.3.peg.716.site.17, 1, 149, 150
1118061.3.peg.716.site.18, 99, 148, 247
1118061.3.peg.716.site.19, 47, 149, 196
1118061.3.peg.716.site.20, 0, 149, 149
1118061.3.peg.716.site.21, 73, 137, 210
1118061.3.peg.716.site.22, 1, 139, 140
1118061.3.peg.716.site.23, 1, 140, 141
1118061.3.peg.716.site.24, 70, 138, 208
1118061.3.peg.716.site.25, 39, 136, 175
1118061.3.peg.717.site.1, 1, 139, 140
1118061.3.peg.717.site.2, 16, 147, 163
1118061.3.peg.717.site.3, 53, 148, 201
1118061.3.peg.717.site.4, 2, 148, 150
1118061.3.peg.717.site.5, 36, 141, 177
1118061.3.peg.717.site.6, 90, 143, 233
1118061.3.peg.717.site.7, 0, 135, 135
1118061.3.peg.717.site.8, 38, 128, 166
1118061.3.peg.717.site.9, 25, 130, 155
1118061.3.peg.717.site.10, 3, 132, 135
1118061.3.peg.717.site.11, 1, 126, 127
1118061.3.peg.717.site.12, 4, 132, 136
1118061.3.peg.717.site.13, 26, 136, 162
1118061.3.peg.717.site.14, 6, 134, 140
1118061.3.peg.717.site.15, 0, 144, 144
1118061.3.peg.717.site.16, 101, 139, 240
1118061.3.peg.717.site.17, 5, 144, 149
1118061.3.peg.717.site.18, 141, 147, 288
1118061.3.peg.717.site.19, 2, 147, 149
1118061.3.peg.717.site.20, 4, 149, 153
1118061.3.peg.717.site.21, 65, 150, 215
1118061.3.peg.2665.site.1, 34, 150, 184
1118061.3.peg.2665.site.2, 130, 146, 276
1118061.3.peg.2668.site.1, 1, 148, 149
1118061.3.peg.2668.site.2, 16, 149, 165
1118061.3.peg.2668.site.3, 2, 146, 148
1118061.3.peg.2668.site.4, 2, 145, 147
1118061.3.peg.2668.site.5, 15, 149, 164
1118061.3.peg.2668.site.6, 9, 146, 155
1118061.3.peg.2668.site.7, 12, 146, 158
1118061.3.peg.2668.site.8, 79, 145, 224
1118061.3.peg.2668.site.9, 28, 149, 177
1118061.3.peg.2668.site.10, 119, 145, 264
1118061.3.peg.2668.site.11, 0, 149, 149
1118061.3.peg.2668.site.12, 28, 150, 178
1118061.3.peg.2668.site.13, 1, 149, 150
1118061.3.peg.2668.site.14, 27, 144, 171
1118061.3.peg.2668.site.15, 2, 144, 146
1118061.3.peg.2668.site.16, 44, 144, 188
1118061.3.peg.2668.site.17, 0, 150, 150
1118061.3.peg.2668.site.18, 2, 150, 152
1118061.3.peg.1846.site.1, 0, 147, 147
1118061.3.peg.1846.site.2, 47, 146, 193
1118061.3.peg.1846.site.3, 3, 149, 152
1118061.3.peg.1846.site.4, 16, 149, 165
1118061.3.peg.1846.site.5, 0, 149, 149
1118061.3.peg.1846.site.6, 49, 138, 187
1118061.3.peg.1846.site.7, 2, 139, 141
1118061.3.peg.1846.site.8, 0, 142, 142
1118061.3.peg.1846.site.9, 5, 143, 148
1118061.3.peg.1846.site.10, 48, 147, 195
1118061.3.peg.1846.site.11, 3, 149, 152
1118061.3.peg.1846.site.12, 27, 147, 174
1118061.3.peg.1846.site.13, 29, 144, 173
1118061.3.peg.1846.site.14, 0, 145, 145
1118061.3.peg.1846.site.15, 1, 147, 148
1118061.3.peg.1846.site.16, 50, 149, 199
1118061.3.peg.1846.site.17, 13, 148, 161
1118061.3.peg.1846.site.18, 49, 146, 195
1118061.3.peg.1846.site.19, 50, 147, 197
1118061.3.peg.1846.site.20, 3, 149, 152
1118061.3.peg.1846.site.21, 49, 148, 197
1118061.3.peg.1846.site.22, 36, 150, 186
1118061.3.peg.1846.site.23, 48, 146, 194
1118061.3.peg.1846.site.24, 146, 146, 292
1118061.3.peg.1846.site.25, 0, 142, 142
1118061.3.peg.1846.site.26, 52, 139, 191
1118061.3.peg.1846.site.27, 3, 142, 145
1118061.3.peg.1846.site.28, 0, 149, 149
1118061.3.peg.1846.site.29, 48, 147, 195
1118061.3.peg.1846.site.30, 3, 150, 153
1118061.3.peg.1846.site.31, 0, 150, 150
1118061.3.peg.1846.site.32, 106, 139, 245
1118061.3.peg.1846.site.33, 16, 115, 131
1118061.3.peg.1846.site.34, 82, 148, 230
1118061.3.peg.1846.site.35, 3, 149, 152
1118061.3.peg.1846.site.36, 119, 147, 266
1118061.3.peg.1846.site.37, 2, 150, 152
1118061.3.peg.1846.site.38, 2, 149, 151
1118061.3.peg.1846.site.39, 57, 150, 207
1118061.3.peg.1847.site.1, 51, 150, 201
1118061.3.peg.1847.site.2, 0, 147, 147
1118061.3.peg.1847.site.3, 50, 148, 198
1118061.3.peg.1847.site.4, 2, 149, 151
1118061.3.peg.1847.site.5, 2, 149, 151
1118061.3.peg.1847.site.6, 40, 148, 188
1118061.3.peg.1847.site.7, 5, 146, 151
1118061.3.peg.1847.site.8, 36, 143, 179
1118061.3.peg.1847.site.9, 139, 141, 280
1118061.3.peg.1847.site.10, 141, 144, 285
1118061.3.peg.1847.site.11, 1, 147, 148
1118061.3.peg.1847.site.12, 3, 149, 152
1118061.3.peg.1847.site.13, 43, 142, 185
1118061.3.peg.1847.site.14, 4, 137, 141
1118061.3.peg.1847.site.15, 43, 136, 179
1118061.3.peg.1847.site.16, 2, 139, 141
1118061.3.peg.1847.site.17, 43, 128, 171
1118061.3.peg.1847.site.18, 0, 126, 126
1118061.3.peg.1847.site.19, 5, 112, 117
1118061.3.peg.1847.site.20, 36, 116, 152
1118061.3.peg.1847.site.21, 4, 119, 123
1118061.3.peg.1847.site.22, 39, 112, 151
1118061.3.peg.1847.site.23, 70, 140, 210
1118061.3.peg.1847.site.24, 0, 143, 143
1118061.3.peg.1847.site.25, 60, 141, 201
1118061.3.peg.1847.site.26, 6, 142, 148
1118061.3.peg.1847.site.27, 64, 138, 202
1118061.3.peg.1847.site.28, 0, 141, 141
1118061.3.peg.1847.site.29, 6, 148, 154
1118061.3.peg.1847.site.30, 3, 150, 153
1118061.3.peg.1847.site.31, 2, 149, 151
1118061.3.peg.1847.site.32, 35, 149, 184
1118061.3.peg.1847.site.33, 6, 148, 154
1118061.3.peg.1847.site.34, 0, 149, 149
1118061.3.peg.1847.site.35, 6, 145, 151
1118061.3.peg.1847.site.36, 0, 134, 134
1118061.3.peg.1844.site.1, 105, 147, 252
1118061.3.peg.1844.site.2, 9, 145, 154
1118061.3.peg.1844.site.3, 35, 105, 140
1118061.3.peg.1844.site.4, 3, 106, 109
1118061.3.peg.1844.site.5, 1, 88, 89
1118061.3.peg.1844.site.6, 3, 131, 134
1118061.3.peg.1844.site.7, 32, 136, 168
1118061.3.peg.1844.site.8, 4, 141, 145
1118061.3.peg.1844.site.9, 33, 135, 168
1118061.3.peg.1844.site.10, 18, 146, 164
1118061.3.peg.1844.site.11, 8, 148, 156
1118061.3.peg.1844.site.12, 3, 122, 125
1118061.3.peg.1844.site.13, 8, 129, 137
1118061.3.peg.1844.site.14, 42, 122, 164
1118061.3.peg.1844.site.15, 2, 126, 128
1118061.3.peg.1844.site.16, 0, 104, 104
1118061.3.peg.1844.site.17, 5, 132, 137
1118061.3.peg.1844.site.18, 5, 120, 125
1118061.3.peg.1844.site.19, 4, 118, 122
1118061.3.peg.1844.site.20, 0, 115, 115
1118061.3.peg.1844.site.21, 2, 116, 118
1118061.3.peg.1844.site.22, 2, 123, 125
1118061.3.peg.1844.site.23, 53, 131, 184
1118061.3.peg.1844.site.24, 0, 139, 139
1118061.3.peg.1844.site.25, 57, 138, 195
1118061.3.peg.1844.site.26, 2, 140, 142
1118061.3.peg.1844.site.27, 4, 148, 152
1118061.3.peg.1844.site.28, 2, 150, 152
1118061.3.peg.1844.site.29, 61, 148, 209
1118061.3.peg.1844.site.30, 0, 149, 149
1118061.3.peg.1844.site.31, 57, 148, 205
1118061.3.peg.1844.site.32, 16, 149, 165
1118061.3.peg.1844.site.33, 1, 149, 150
1118061.3.peg.1844.site.34, 63, 149, 212
1118061.3.peg.1844.site.35, 10, 150, 160
1118061.3.peg.1844.site.36, 0, 147, 147
1118061.3.peg.1844.site.37, 93, 147, 240
1118061.3.peg.1844.site.38, 58, 146, 204
1118061.3.peg.1844.site.39, 58, 147, 205
1118061.3.peg.1844.site.40, 0, 138, 138
1118061.3.peg.1844.site.41, 31, 150, 181
1118061.3.peg.1844.site.42, 60, 150, 210
1118061.3.peg.1844.site.43, 0, 149, 149
1118061.3.peg.1845.site.1, 108, 150, 258
1118061.3.peg.1845.site.2, 33, 150, 183
1118061.3.peg.1845.site.3, 0, 150, 150
1118061.3.peg.1845.site.4, 144, 150, 294
1118061.3.peg.1845.site.5, 27, 149, 176
1118061.3.peg.1845.site.6, 57, 149, 206
1118061.3.peg.1845.site.7, 40, 150, 190
1118061.3.peg.1845.site.8, 50, 150, 200
1118061.3.peg.1845.site.9, 3, 149, 152
1118061.3.peg.1845.site.10, 0, 149, 149
1118061.3.peg.1845.site.11, 3, 150, 153
1118061.3.peg.1845.site.12, 52, 149, 201
1118061.3.peg.1845.site.13, 0, 149, 149
1118061.3.peg.1845.site.14, 88, 149, 237
1118061.3.peg.1845.site.15, 44, 149, 193
1118061.3.peg.1845.site.16, 4, 149, 153
1118061.3.peg.1845.site.17, 1, 150, 151
1118061.3.peg.1845.site.18, 2, 150, 152
1118061.3.peg.1845.site.19, 1, 150, 151
1118061.3.peg.1845.site.20, 2, 150, 152
1118061.3.peg.1845.site.21, 149, 149, 298
1118061.3.peg.1842.site.1, 11, 149, 160
1118061.3.peg.1842.site.2, 0, 150, 150
1118061.3.peg.1842.site.3, 13, 149, 162
1118061.3.peg.1842.site.4, 6, 147, 153
1118061.3.peg.1842.site.5, 1, 133, 134
1118061.3.peg.1842.site.6, 2, 142, 144
1118061.3.peg.1842.site.7, 116, 149, 265
1118061.3.peg.1842.site.8, 62, 150, 212
1118061.3.peg.1842.site.9, 1, 150, 151
1118061.3.peg.1842.site.10, 6, 148, 154
1118061.3.peg.1842.site.11, 27, 150, 177
1118061.3.peg.1842.site.12, 0, 150, 150
1118061.3.peg.1843.site.1, 2, 148, 150
1118061.3.peg.1843.site.2, 14, 149, 163
1118061.3.peg.1843.site.3, 1, 145, 146
1118061.3.peg.1843.site.4, 53, 143, 196
1118061.3.peg.1843.site.5, 2, 143, 145
1118061.3.peg.1843.site.6, 7, 144, 151
1118061.3.peg.1843.site.7, 0, 147, 147
1118061.3.peg.1843.site.8, 61, 145, 206
1118061.3.peg.1843.site.9, 136, 142, 278
1118061.3.peg.1843.site.10, 29, 144, 173
1118061.3.peg.1843.site.11, 0, 147, 147
1118061.3.peg.1843.site.12, 38, 140, 178
1118061.3.peg.1843.site.13, 3, 142, 145
1118061.3.peg.1843.site.14, 3, 141, 144
1118061.3.peg.1843.site.15, 63, 120, 183
1118061.3.peg.1843.site.16, 10, 115, 125
1118061.3.peg.1843.site.17, 5, 146, 151
1118061.3.peg.1843.site.18, 55, 150, 205
1118061.3.peg.1843.site.19, 0, 149, 149
1118061.3.peg.1843.site.20, 9, 149, 158
1118061.3.peg.1843.site.21, 23, 149, 172
1118061.3.peg.1843.site.22, 54, 150, 204
1118061.3.peg.1843.site.23, 0, 150, 150
1118061.3.peg.1843.site.24, 150, 150, 300
1118061.3.peg.1843.site.25, 70, 147, 217
1118061.3.peg.1843.site.26, 0, 150, 150
1118061.3.peg.1843.site.27, 0, 149, 149
1118061.3.peg.1843.site.28, 12, 149, 161
1118061.3.peg.1843.site.29, 9, 150, 159
1118061.3.peg.1843.site.30, 98, 148, 246
1118061.3.peg.1843.site.31, 3, 150, 153
1118061.3.peg.1843.site.32, 55, 149, 204
1118061.3.peg.1843.site.33, 0, 150, 150
1118061.3.peg.1843.site.34, 136, 150, 286
1118061.3.peg.1843.site.35, 1, 149, 150
1118061.3.peg.1843.site.36, 18, 148, 166
1118061.3.peg.1843.site.37, 22, 149, 171
1118061.3.peg.1843.site.38, 0, 147, 147
1118061.3.peg.1843.site.39, 1, 147, 148
1118061.3.peg.1843.site.40, 1, 148, 149
1118061.3.peg.1843.site.41, 2, 150, 152
1118061.3.peg.1843.site.42, 55, 145, 200
1118061.3.peg.1843.site.43, 60, 144, 204
1118061.3.peg.1843.site.44, 33, 144, 177
1118061.3.peg.1843.site.45, 9, 143, 152
1118061.3.peg.1843.site.46, 18, 146, 164
1118061.3.peg.1843.site.47, 12, 148, 160
1118061.3.peg.1843.site.48, 40, 143, 183
1118061.3.peg.1843.site.49, 0, 147, 147
1118061.3.peg.1843.site.50, 37, 146, 183
1118061.3.peg.1843.site.51, 116, 150, 266
1118061.3.peg.1843.site.52, 22, 149, 171
1118061.3.peg.1843.site.53, 73, 150, 223
1118061.3.peg.1843.site.54, 66, 149, 215
1118061.3.peg.1843.site.55, 65, 149, 214
1118061.3.peg.1843.site.56, 0, 148, 148
1118061.3.peg.1843.site.57, 10, 149, 159
1118061.3.peg.1843.site.58, 2, 148, 150
1118061.3.peg.1843.site.59, 32, 146, 178
1118061.3.peg.1843.site.60, 0, 147, 147
1118061.3.peg.1843.site.61, 32, 139, 171
1118061.3.peg.1843.site.62, 26, 136, 162
1118061.3.peg.1843.site.63, 21, 143, 164
1118061.3.peg.1843.site.64, 56, 145, 201
1118061.3.peg.1843.site.65, 17, 146, 163
1118061.3.peg.1843.site.66, 0, 147, 147
1118061.3.peg.1843.site.67, 0, 147, 147
1118061.3.peg.1843.site.68, 61, 143, 204
1118061.3.peg.1843.site.69, 24, 128, 152
1118061.3.peg.1843.site.70, 5, 135, 140
1118061.3.peg.1843.site.71, 31, 150, 181
1118061.3.peg.1843.site.72, 21, 150, 171
1118061.3.peg.1843.site.73, 1, 149, 150
1118061.3.peg.1843.site.74, 0, 148, 148
1118061.3.peg.1843.site.75, 3, 150, 153
1118061.3.peg.1843.site.76, 3, 150, 153
1118061.3.peg.1843.site.77, 7, 149, 156
1118061.3.peg.1843.site.78, 106, 150, 256
1118061.3.peg.1843.site.79, 0, 150, 150
1118061.3.peg.1843.site.80, 42, 149, 191
1118061.3.peg.1843.site.81, 1, 149, 150
1118061.3.peg.1840.site.1, 16, 150, 166
1118061.3.peg.1840.site.2, 1, 150, 151
1118061.3.peg.1840.site.3, 93, 149, 242
1118061.3.peg.1840.site.4, 103, 150, 253
1118061.3.peg.1840.site.5, 0, 150, 150
1118061.3.peg.1840.site.6, 149, 150, 299
1118061.3.peg.1840.site.7, 7, 149, 156
1118061.3.peg.1840.site.8, 125, 149, 274
1118061.3.peg.1840.site.9, 149, 150, 299
1118061.3.peg.1840.site.10, 21, 149, 170
1118061.3.peg.1840.site.11, 128, 150, 278
1118061.3.peg.1840.site.12, 0, 149, 149
1118061.3.peg.1840.site.13, 4, 148, 152
1118061.3.peg.1840.site.14, 35, 150, 185
1118061.3.peg.1841.site.1, 60, 137, 197
1118061.3.peg.1841.site.2, 78, 143, 221
1118061.3.peg.1841.site.3, 1, 150, 151
1118061.3.peg.1848.site.1, 5, 150, 155
1118061.3.peg.1848.site.2, 4, 146, 150
1118061.3.peg.1848.site.3, 24, 140, 164
1118061.3.peg.1848.site.4, 4, 145, 149
1118061.3.peg.1848.site.5, 4, 144, 148
1118061.3.peg.1848.site.6, 4, 145, 149
1118061.3.peg.1848.site.7, 0, 147, 147
1118061.3.peg.1848.site.8, 5, 150, 155
1118061.3.peg.1848.site.9, 0, 147, 147
1118061.3.peg.1848.site.10, 60, 147, 207
1118061.3.peg.1848.site.11, 26, 137, 163
1118061.3.peg.1848.site.12, 21, 145, 166
1118061.3.peg.1848.site.13, 4, 146, 150
1118061.3.peg.1848.site.14, 24, 150, 174
1118061.3.peg.1848.site.15, 38, 149, 187
1118061.3.peg.1848.site.16, 5, 150, 155
1118061.3.peg.1848.site.17, 31, 149, 180
1118061.3.peg.1848.site.18, 0, 149, 149
1118061.3.peg.1848.site.19, 0, 146, 146
1118061.3.peg.1848.site.20, 50, 137, 187
1118061.3.peg.1848.site.21, 0, 131, 131
1118061.3.peg.1848.site.22, 137, 137, 274
1118061.3.peg.1848.site.23, 2, 147, 149
1118061.3.peg.1848.site.24, 23, 145, 168
1118061.3.peg.1848.site.25, 84, 148, 232
1118061.3.peg.1848.site.26, 132, 141, 273
1118061.3.peg.1848.site.27, 106, 146, 252
1118061.3.peg.1848.site.28, 129, 134, 263
1118061.3.peg.1848.site.29, 33, 150, 183
1118061.3.peg.1848.site.30, 1, 150, 151
1118061.3.peg.1848.site.31, 2, 145, 147
1118061.3.peg.1849.site.1, 19, 136, 155
1118061.3.peg.1849.site.2, 19, 147, 166
1118061.3.peg.1849.site.3, 0, 143, 143
1118061.3.peg.1849.site.4, 63, 142, 205
1118061.3.peg.1849.site.5, 0, 150, 150
1118061.3.peg.1668.site.1, 36, 148, 184
1118061.3.peg.1668.site.2, 11, 150, 161
1118061.3.peg.1668.site.3, 55, 149, 204
1118061.3.peg.1668.site.4, 142, 150, 292
1118061.3.peg.1668.site.5, 44, 143, 187
1118061.3.peg.1668.site.6, 2, 142, 144
1118061.3.peg.1668.site.7, 2, 145, 147
1118061.3.peg.1668.site.8, 6, 147, 153
1118061.3.peg.1668.site.9, 16, 149, 165
1118061.3.peg.1668.site.10, 20, 150, 170
1118061.3.peg.1668.site.11, 121, 150, 271
1118061.3.peg.1668.site.12, 31, 149, 180
1118061.3.peg.1668.site.13, 8, 148, 156
1118061.3.peg.1668.site.14, 93, 148, 241
1118061.3.peg.1668.site.15, 7, 145, 152
1118061.3.peg.1668.site.16, 78, 142, 220
1118061.3.peg.1668.site.17, 0, 148, 148
1118061.3.peg.1668.site.18, 22, 147, 169
1118061.3.peg.1668.site.19, 147, 147, 294
1118061.3.peg.1668.site.20, 39, 144, 183
1118061.3.peg.1668.site.21, 20, 144, 164
1118061.3.peg.1668.site.22, 30, 145, 175
1118061.3.peg.1668.site.23, 4, 150, 154
1118061.3.peg.1668.site.24, 17, 145, 162
1118061.3.peg.1668.site.25, 35, 149, 184
1118061.3.peg.1668.site.26, 1, 150, 151
1118061.3.peg.1668.site.27, 29, 150, 179
1118061.3.peg.1668.site.28, 20, 149, 169
1118061.3.peg.1668.site.29, 0, 148, 148
1118061.3.peg.1668.site.30, 21, 149, 170
1118061.3.peg.1668.site.31, 27, 150, 177
1118061.3.peg.1668.site.32, 0, 150, 150
1118061.3.peg.1668.site.33, 71, 150, 221
1118061.3.peg.1668.site.34, 17, 150, 167
1118061.3.peg.1668.site.35, 0, 150, 150
1118061.3.peg.1668.site.36, 3, 150, 153
1118061.3.peg.1668.site.37, 2, 149, 151
1118061.3.peg.1668.site.38, 2, 150, 152
1118061.3.peg.1668.site.39, 21, 149, 170
1118061.3.peg.1668.site.40, 87, 149, 236
1118061.3.peg.1668.site.41, 0, 150, 150
1118061.3.peg.1668.site.42, 18, 147, 165
1118061.3.peg.1668.site.43, 2, 145, 147
1118061.3.peg.1668.site.44, 67, 146, 213
1118061.3.peg.1668.site.45, 22, 141, 163
1118061.3.peg.1668.site.46, 46, 146, 192
1118061.3.peg.1668.site.47, 9, 147, 156
1118061.3.peg.1669.site.1, 9, 149, 158
1118061.3.peg.1669.site.2, 1, 150, 151
1118061.3.peg.1669.site.3, 8, 150, 158
1118061.3.peg.1669.site.4, 6, 150, 156
1118061.3.peg.1669.site.5, 11, 145, 156
1118061.3.peg.1666.site.1, 2, 15, 17
1118061.3.peg.1666.site.2, 1, 88, 89
1118061.3.peg.1666.site.3, 128, 148, 276
1118061.3.peg.1666.site.4, 2, 146, 148
1118061.3.peg.1666.site.5, 69, 149, 218
1118061.3.peg.1666.site.6, 0, 144, 144
1118061.3.peg.1666.site.7, 63, 133, 196
1118061.3.peg.1667.site.1, 45, 149, 194
1118061.3.peg.1667.site.2, 70, 148, 218
1118061.3.peg.1667.site.3, 3, 149, 152
1118061.3.peg.1667.site.4, 25, 146, 171
1118061.3.peg.1667.site.5, 3, 148, 151
1118061.3.peg.1667.site.6, 0, 147, 147
1118061.3.peg.1667.site.7, 42, 147, 189
1118061.3.peg.1667.site.8, 1, 147, 148
1118061.3.peg.1667.site.9, 2, 148, 150
1118061.3.peg.1667.site.10, 35, 148, 183
1118061.3.peg.1667.site.11, 1, 148, 149
1118061.3.peg.1667.site.12, 7, 148, 155
1118061.3.peg.1667.site.13, 112, 150, 262
1118061.3.peg.1667.site.14, 33, 149, 182
1118061.3.peg.1667.site.15, 2, 150, 152
1118061.3.peg.1667.site.16, 33, 147, 180
1118061.3.peg.1667.site.17, 33, 149, 182
1118061.3.peg.1667.site.18, 0, 148, 148
1118061.3.peg.1667.site.19, 2, 147, 149
1118061.3.peg.1667.site.20, 0, 146, 146
1118061.3.peg.1667.site.21, 0, 150, 150
1118061.3.peg.1667.site.22, 147, 149, 296
1118061.3.peg.1667.site.23, 0, 148, 148
1118061.3.peg.1667.site.24, 0, 150, 150
1118061.3.peg.1667.site.25, 9, 150, 159
1118061.3.peg.1667.site.26, 9, 150, 159
1118061.3.peg.1667.site.27, 5, 150, 155
1118061.3.peg.1667.site.28, 0, 149, 149
1118061.3.peg.1667.site.29, 8, 148, 156
1118061.3.peg.1667.site.30, 16, 150, 166
1118061.3.peg.1667.site.31, 31, 146, 177
1118061.3.peg.1664.site.1, 149, 149, 298
1118061.3.peg.1664.site.2, 25, 149, 174
1118061.3.peg.1664.site.3, 29, 142, 171
1118061.3.peg.1664.site.4, 30, 146, 176
1118061.3.peg.1664.site.5, 23, 121, 144
1118061.3.peg.1664.site.6, 49, 136, 185
1118061.3.peg.1664.site.7, 0, 140, 140
1118061.3.peg.1664.site.8, 1, 147, 148
1118061.3.peg.1664.site.9, 1, 150, 151
1118061.3.peg.1664.site.10, 121, 150, 271
1118061.3.peg.1664.site.11, 139, 139, 278
1118061.3.peg.1664.site.12, 3, 143, 146
1118061.3.peg.1664.site.13, 102, 144, 246
1118061.3.peg.1664.site.14, 64, 145, 209
1118061.3.peg.1664.site.15, 1, 130, 131
1118061.3.peg.1664.site.16, 15, 134, 149
1118061.3.peg.1664.site.17, 2, 133, 135
1118061.3.peg.1664.site.18, 1, 138, 139
1118061.3.peg.1664.site.19, 33, 137, 170
1118061.3.peg.1664.site.20, 51, 146, 197
1118061.3.peg.1664.site.21, 1, 142, 143
1118061.3.peg.1664.site.22, 4, 140, 144
1118061.3.peg.1662.site.1, 1, 149, 150
1118061.3.peg.1662.site.2, 20, 147, 167
1118061.3.peg.1662.site.3, 24, 147, 171
1118061.3.peg.1662.site.4, 117, 145, 262
1118061.3.peg.1662.site.5, 3, 148, 151
1118061.3.peg.1662.site.6, 27, 150, 177
1118061.3.peg.1662.site.7, 19, 149, 168
1118061.3.peg.1662.site.8, 0, 148, 148
1118061.3.peg.1662.site.9, 12, 150, 162
1118061.3.peg.1662.site.10, 0, 150, 150
1118061.3.peg.1662.site.11, 103, 148, 251
1118061.3.peg.1662.site.12, 0, 149, 149
1118061.3.peg.1662.site.13, 0, 149, 149
1118061.3.peg.1662.site.14, 0, 149, 149
1118061.3.peg.1662.site.15, 0, 149, 149
1118061.3.peg.1662.site.16, 2, 148, 150
1118061.3.peg.1662.site.17, 0, 149, 149
1118061.3.peg.1662.site.18, 0, 149, 149
1118061.3.peg.1662.site.19, 0, 150, 150
1118061.3.peg.1662.site.20, 116, 150, 266
1118061.3.peg.1662.site.21, 1, 142, 143
1118061.3.peg.1662.site.22, 1, 145, 146
1118061.3.peg.1662.site.23, 64, 136, 200
1118061.3.peg.1662.site.24, 1, 140, 141
1118061.3.peg.1662.site.25, 0, 146, 146
1118061.3.peg.1663.site.1, 1, 148, 149
1118061.3.peg.1663.site.2, 2, 150, 152
1118061.3.peg.1663.site.3, 52, 149, 201
1118061.3.peg.1663.site.4, 0, 150, 150
1118061.3.peg.1663.site.5, 48, 147, 195
1118061.3.peg.1663.site.6, 9, 148, 157
1118061.3.peg.1663.site.7, 2, 150, 152
1118061.3.peg.1663.site.8, 1, 150, 151
1118061.3.peg.1663.site.9, 2, 149, 151
1118061.3.peg.1663.site.10, 46, 149, 195
1118061.3.peg.1663.site.11, 1, 150, 151
1118061.3.peg.1663.site.12, 0, 148, 148
1118061.3.peg.1663.site.13, 2, 150, 152
1118061.3.peg.1663.site.14, 1, 150, 151
1118061.3.peg.1663.site.15, 42, 150, 192
1118061.3.peg.1663.site.16, 129, 148, 277
1118061.3.peg.1663.site.17, 63, 149, 212
1118061.3.peg.1663.site.18, 0, 150, 150
1118061.3.peg.1663.site.19, 1, 148, 149
1118061.3.peg.1663.site.20, 21, 146, 167
1118061.3.peg.1663.site.21, 12, 149, 161
1118061.3.peg.1663.site.22, 138, 147, 285
1118061.3.peg.1663.site.23, 1, 148, 149
1118061.3.peg.1663.site.24, 0, 150, 150
1118061.3.peg.1663.site.25, 150, 150, 300
1118061.3.peg.1660.site.1, 22, 150, 172
1118061.3.peg.1660.site.2, 1, 148, 149
1118061.3.peg.1660.site.3, 5, 149, 154
1118061.3.peg.1660.site.4, 3, 150, 153
1118061.3.peg.1660.site.5, 5, 149, 154
1118061.3.peg.1660.site.6, 3, 149, 152
1118061.3.peg.1660.site.7, 7, 147, 154
1118061.3.peg.1660.site.8, 107, 147, 254
1118061.3.peg.1660.site.9, 3, 149, 152
1118061.3.peg.1660.site.10, 0, 150, 150
1118061.3.peg.1660.site.11, 3, 150, 153
1118061.3.peg.1660.site.12, 16, 150, 166
1118061.3.peg.1660.site.13, 3, 150, 153
1118061.3.peg.1660.site.14, 115, 149, 264
1118061.3.peg.1660.site.15, 1, 149, 150
1118061.3.peg.1660.site.16, 0, 150, 150
1118061.3.peg.1660.site.17, 92, 149, 241
1118061.3.peg.1660.site.18, 84, 150, 234
1118061.3.peg.1660.site.19, 0, 149, 149
1118061.3.peg.1660.site.20, 12, 147, 159
1118061.3.peg.1660.site.21, 47, 147, 194
1118061.3.peg.1660.site.22, 3, 150, 153
1118061.3.peg.1660.site.23, 150, 150, 300
1118061.3.peg.1660.site.24, 1, 149, 150
1118061.3.peg.1660.site.25, 18, 148, 166
1118061.3.peg.1661.site.1, 12, 47, 59
1118061.3.peg.1661.site.2, 59, 72, 131
1118061.3.peg.1661.site.3, 3, 76, 79
1118061.3.peg.1661.site.4, 8, 71, 79
1118061.3.peg.1661.site.5, 43, 86, 129
1118061.3.peg.1661.site.6, 30, 92, 122
1118061.3.peg.1661.site.7, 0, 62, 62
1118061.3.peg.1661.site.8, 3, 58, 61
1118061.3.peg.1661.site.9, 2, 69, 71
1118061.3.peg.1661.site.10, 52, 88, 140
1118061.3.peg.1661.site.11, 19, 148, 167
1118061.3.peg.1661.site.12, 3, 150, 153
1118061.3.peg.1524.site.1, 141, 142, 283
1118061.3.peg.1524.site.2, 7, 136, 143
1118061.3.peg.1524.site.3, 5, 132, 137
1118061.3.peg.1524.site.4, 4, 143, 147
1118061.3.peg.1524.site.5, 88, 143, 231
1118061.3.peg.1524.site.6, 142, 142, 284
1118061.3.peg.1524.site.7, 20, 137, 157
1118061.3.peg.1524.site.8, 63, 115, 178
1118061.3.peg.1524.site.9, 5, 145, 150
1118061.3.peg.1524.site.10, 41, 149, 190
1118061.3.peg.1524.site.11, 32, 139, 171
1118061.3.peg.1524.site.12, 21, 136, 157
1118061.3.peg.1524.site.13, 10, 57, 67
1118061.3.peg.1524.site.14, 10, 56, 66
1118061.3.peg.1524.site.15, 1, 85, 86
1118061.3.peg.1524.site.16, 23, 85, 108
1118061.3.peg.1524.site.17, 23, 91, 114
1118061.3.peg.1524.site.18, 23, 112, 135
1118061.3.peg.1524.site.19, 31, 119, 150
1118061.3.peg.1524.site.20, 45, 101, 146
1118061.3.peg.1524.site.21, 24, 149, 173
1118061.3.peg.1524.site.22, 0, 148, 148
1118061.3.peg.1524.site.23, 0, 149, 149
1118061.3.peg.1524.site.24, 18, 144, 162
1118061.3.peg.1524.site.25, 2, 147, 149
1118061.3.peg.1524.site.26, 2, 132, 134
1118061.3.peg.1524.site.27, 132, 132, 264
1118061.3.peg.1524.site.28, 3, 115, 118
1118061.3.peg.1524.site.29, 1, 132, 133
1118061.3.peg.1524.site.30, 21, 138, 159
1118061.3.peg.1521.site.1, 24, 144, 168
1118061.3.peg.1521.site.2, 7, 146, 153
1118061.3.peg.1521.site.3, 18, 148, 166
1118061.3.peg.1521.site.4, 1, 149, 150
1118061.3.peg.1520.site.1, 1, 149, 150
1118061.3.peg.1520.site.2, 0, 149, 149
1118061.3.peg.1520.site.3, 7, 149, 156
1118061.3.peg.1520.site.4, 2, 147, 149
1118061.3.peg.1520.site.5, 1, 147, 148
1118061.3.peg.1520.site.6, 130, 137, 267
1118061.3.peg.1520.site.7, 60, 144, 204
1118061.3.peg.1520.site.8, 0, 145, 145
1118061.3.peg.1520.site.9, 5, 147, 152
1118061.3.peg.1520.site.10, 0, 147, 147
1118061.3.peg.1520.site.11, 0, 148, 148
1118061.3.peg.1520.site.12, 47, 145, 192
1118061.3.peg.1520.site.13, 31, 149, 180
1118061.3.peg.1523.site.1, 145, 147, 292
1118061.3.peg.1523.site.2, 0, 141, 141
1118061.3.peg.1523.site.3, 96, 138, 234
1118061.3.peg.1523.site.4, 0, 137, 137
1118061.3.peg.1523.site.5, 71, 96, 167
1118061.3.peg.1523.site.6, 1, 139, 140
1118061.3.peg.1523.site.7, 7, 134, 141
1118061.3.peg.1523.site.8, 1, 138, 139
1118061.3.peg.1523.site.9, 4, 129, 133
1118061.3.peg.1523.site.10, 8, 130, 138
1118061.3.peg.1523.site.11, 5, 120, 125
1118061.3.peg.1523.site.12, 44, 126, 170
1118061.3.peg.1523.site.13, 128, 129, 257
1118061.3.peg.1523.site.14, 49, 136, 185
1118061.3.peg.1523.site.15, 15, 121, 136
1118061.3.peg.1523.site.16, 32, 114, 146
1118061.3.peg.1523.site.17, 10, 128, 138
1118061.3.peg.1523.site.18, 31, 142, 173
1118061.3.peg.1523.site.19, 11, 144, 155
1118061.3.peg.1523.site.20, 11, 142, 153
1118061.3.peg.1523.site.21, 45, 142, 187
1118061.3.peg.1522.site.1, 0, 75, 75
1118061.3.peg.1522.site.2, 1, 135, 136
1118061.3.peg.1522.site.3, 1, 143, 144
1118061.3.peg.1522.site.4, 139, 144, 283
1118061.3.peg.1522.site.5, 2, 114, 116
1118061.3.peg.1522.site.6, 3, 131, 134
1118061.3.peg.1522.site.7, 102, 128, 230
1118061.3.peg.1522.site.8, 0, 146, 146
1118061.3.peg.1522.site.9, 30, 146, 176
1118061.3.peg.1522.site.10, 30, 149, 179
1118061.3.peg.1522.site.11, 54, 149, 203
1118061.3.peg.1522.site.12, 0, 146, 146
1118061.3.peg.1522.site.13, 47, 131, 178
1118061.3.peg.1522.site.14, 0, 147, 147
1118061.3.peg.1522.site.15, 1, 147, 148
1118061.3.peg.1522.site.16, 2, 146, 148
1118061.3.peg.1299.site.1, 1, 150, 151
1118061.3.peg.1299.site.2, 47, 150, 197
1118061.3.peg.1299.site.3, 32, 148, 180
1118061.3.peg.1299.site.4, 150, 150, 300
1118061.3.peg.1299.site.5, 0, 148, 148
1118061.3.peg.1299.site.6, 0, 147, 147
1118061.3.peg.1299.site.7, 8, 149, 157
1118061.3.peg.1299.site.8, 6, 150, 156
1118061.3.peg.1299.site.9, 8, 150, 158
1118061.3.peg.1299.site.10, 3, 150, 153
1118061.3.peg.1299.site.11, 0, 144, 144
1118061.3.peg.1299.site.12, 1, 135, 136
1118061.3.peg.1299.site.13, 0, 143, 143
1118061.3.peg.1299.site.14, 0, 147, 147
1118061.3.peg.1299.site.15, 0, 150, 150
1118061.3.peg.1299.site.16, 50, 148, 198
1118061.3.peg.1299.site.17, 0, 147, 147
1118061.3.peg.1299.site.18, 150, 150, 300
1118061.3.peg.1299.site.19, 32, 150, 182
1118061.3.peg.1299.site.20, 5, 150, 155
1118061.3.peg.1299.site.21, 1, 150, 151
1118061.3.peg.1299.site.22, 63, 149, 212
1118061.3.peg.1299.site.23, 1, 150, 151
1118061.3.peg.1299.site.24, 149, 149, 298
1118061.3.peg.1299.site.25, 114, 150, 264
1118061.3.peg.1299.site.26, 1, 150, 151
1118061.3.peg.1299.site.27, 146, 150, 296
1118061.3.peg.1299.site.28, 2, 150, 152
1118061.3.peg.1299.site.29, 149, 149, 298
1118061.3.peg.1299.site.30, 3, 149, 152
1118061.3.peg.1299.site.31, 1, 149, 150
1118061.3.peg.1299.site.32, 0, 149, 149
1118061.3.peg.1299.site.33, 55, 147, 202
1118061.3.peg.1299.site.34, 0, 150, 150
1118061.3.peg.1298.site.1, 0, 149, 149
1118061.3.peg.1298.site.2, 99, 148, 247
1118061.3.peg.1298.site.3, 1, 149, 150
1118061.3.peg.1298.site.4, 21, 150, 171
1118061.3.peg.1298.site.5, 0, 148, 148
1118061.3.peg.1298.site.6, 50, 128, 178
1118061.3.peg.1298.site.7, 24, 86, 110
1118061.3.peg.1298.site.8, 17, 93, 110
1118061.3.peg.1298.site.9, 2, 149, 151
1118061.3.peg.1298.site.10, 3, 148, 151
1118061.3.peg.1298.site.11, 3, 150, 153
1118061.3.peg.1298.site.12, 0, 150, 150
1118061.3.peg.1298.site.13, 43, 150, 193
1118061.3.peg.1298.site.14, 47, 150, 197
1118061.3.peg.1298.site.15, 1, 148, 149
1118061.3.peg.1298.site.16, 2, 147, 149
1118061.3.peg.1297.site.1, 0, 150, 150
1118061.3.peg.1297.site.2, 0, 147, 147
1118061.3.peg.1296.site.1, 23, 150, 173
1118061.3.peg.1296.site.2, 21, 150, 171
1118061.3.peg.1296.site.3, 0, 150, 150
1118061.3.peg.1296.site.4, 15, 144, 159
1118061.3.peg.1296.site.5, 2, 150, 152
1118061.3.peg.1296.site.6, 15, 150, 165
1118061.3.peg.1296.site.7, 6, 150, 156
1118061.3.peg.1295.site.1, 6, 149, 155
1118061.3.peg.1295.site.2, 48, 149, 197
1118061.3.peg.1295.site.3, 3, 150, 153
1118061.3.peg.1295.site.4, 2, 146, 148
1118061.3.peg.1295.site.5, 70, 147, 217
1118061.3.peg.1295.site.6, 2, 148, 150
1118061.3.peg.1295.site.7, 29, 148, 177
1118061.3.peg.1295.site.8, 20, 147, 167
1118061.3.peg.1295.site.9, 85, 148, 233
1118061.3.peg.1295.site.10, 20, 149, 169
1118061.3.peg.1295.site.11, 80, 150, 230
1118061.3.peg.1295.site.12, 33, 148, 181
1118061.3.peg.1295.site.13, 68, 149, 217
1118061.3.peg.1295.site.14, 143, 145, 288
1118061.3.peg.1295.site.15, 27, 140, 167
1118061.3.peg.1295.site.16, 76, 146, 222
1118061.3.peg.1295.site.17, 3, 142, 145
1118061.3.peg.1295.site.18, 14, 104, 118
1118061.3.peg.1295.site.19, 45, 101, 146
1118061.3.peg.1295.site.20, 2, 129, 131
1118061.3.peg.1295.site.21, 28, 145, 173
1118061.3.peg.1295.site.22, 96, 140, 236
1118061.3.peg.1295.site.23, 28, 147, 175
1118061.3.peg.1295.site.24, 0, 144, 144
1118061.3.peg.1295.site.25, 3, 144, 147
1118061.3.peg.1295.site.26, 1, 119, 120
1118061.3.peg.1295.site.27, 113, 113, 226
1118061.3.peg.1295.site.28, 96, 124, 220
1118061.3.peg.1295.site.29, 102, 130, 232
1118061.3.peg.1295.site.30, 110, 138, 248
1118061.3.peg.1295.site.31, 2, 142, 144
1118061.3.peg.1294.site.1, 132, 149, 281
1118061.3.peg.1294.site.2, 0, 148, 148
1118061.3.peg.1294.site.3, 104, 149, 253
1118061.3.peg.1294.site.4, 18, 149, 167
1118061.3.peg.1294.site.5, 3, 149, 152
1118061.3.peg.1294.site.6, 17, 148, 165
1118061.3.peg.1294.site.7, 13, 141, 154
1118061.3.peg.1294.site.8, 3, 133, 136
1118061.3.peg.1294.site.9, 2, 137, 139
1118061.3.peg.1294.site.10, 134, 136, 270
1118061.3.peg.1294.site.11, 2, 148, 150
1118061.3.peg.1294.site.12, 89, 139, 228
1118061.3.peg.1294.site.13, 1, 141, 142
1118061.3.peg.1294.site.14, 1, 112, 113
1118061.3.peg.1294.site.15, 0, 108, 108
1118061.3.peg.1294.site.16, 2, 107, 109
1118061.3.peg.1294.site.17, 1, 142, 143
1118061.3.peg.1294.site.18, 1, 147, 148
1118061.3.peg.1294.site.19, 25, 144, 169
1118061.3.peg.1294.site.20, 15, 146, 161
1118061.3.peg.1294.site.21, 15, 145, 160
1118061.3.peg.1294.site.22, 0, 141, 141
1118061.3.peg.1294.site.23, 72, 142, 214
1118061.3.peg.1294.site.24, 2, 140, 142
1118061.3.peg.1294.site.25, 26, 137, 163
1118061.3.peg.1294.site.26, 8, 148, 156
1118061.3.peg.1294.site.27, 3, 149, 152
1118061.3.peg.1294.site.28, 2, 139, 141
1118061.3.peg.1294.site.29, 0, 145, 145
1118061.3.peg.1294.site.30, 1, 148, 149
1118061.3.peg.1294.site.31, 2, 136, 138
1118061.3.peg.1294.site.32, 0, 139, 139
1118061.3.peg.1294.site.33, 49, 137, 186
1118061.3.peg.1294.site.34, 16, 150, 166
1118061.3.peg.1294.site.35, 0, 150, 150
1118061.3.peg.1294.site.36, 55, 148, 203
1118061.3.peg.1294.site.37, 47, 150, 197
1118061.3.peg.1294.site.38, 0, 150, 150
1118061.3.peg.1294.site.39, 2, 149, 151
1118061.3.peg.1294.site.40, 27, 150, 177
1118061.3.peg.1293.site.1, 27, 147, 174
1118061.3.peg.1293.site.2, 32, 149, 181
1118061.3.peg.1293.site.3, 0, 150, 150
1118061.3.peg.1293.site.4, 1, 150, 151
1118061.3.peg.1293.site.5, 3, 150, 153
1118061.3.peg.1293.site.6, 3, 150, 153
1118061.3.peg.1293.site.7, 31, 149, 180
1118061.3.peg.1293.site.8, 2, 148, 150
1118061.3.peg.1293.site.9, 60, 149, 209
1118061.3.peg.1293.site.10, 1, 150, 151
1118061.3.peg.1293.site.11, 4, 148, 152
1118061.3.peg.1293.site.12, 0, 149, 149
1118061.3.peg.1293.site.13, 3, 147, 150
1118061.3.peg.1293.site.14, 24, 144, 168
1118061.3.peg.1293.site.15, 1, 147, 148
1118061.3.peg.1293.site.16, 6, 150, 156
1118061.3.peg.1293.site.17, 6, 148, 154
1118061.3.peg.1293.site.18, 22, 144, 166
1118061.3.peg.1293.site.19, 3, 146, 149
1118061.3.peg.1293.site.20, 2, 148, 150
1118061.3.peg.1293.site.21, 8, 114, 122
1118061.3.peg.1292.site.1, 5, 138, 143
1118061.3.peg.1292.site.2, 0, 135, 135
1118061.3.peg.1292.site.3, 103, 134, 237
1118061.3.peg.1292.site.4, 143, 143, 286
1118061.3.peg.1292.site.5, 3, 140, 143
1118061.3.peg.1292.site.6, 37, 135, 172
1118061.3.peg.1292.site.7, 0, 107, 107
1118061.3.peg.1292.site.8, 1, 103, 104
1118061.3.peg.1292.site.9, 11, 85, 96
1118061.3.peg.1292.site.10, 1, 130, 131
1118061.3.peg.1292.site.11, 2, 136, 138
1118061.3.peg.1292.site.12, 2, 135, 137
1118061.3.peg.1292.site.13, 1, 120, 121
1118061.3.peg.1292.site.14, 1, 129, 130
1118061.3.peg.1292.site.15, 22, 105, 127
1118061.3.peg.1292.site.16, 0, 146, 146
1118061.3.peg.1292.site.17, 34, 149, 183
1118061.3.peg.1292.site.18, 20, 150, 170
1118061.3.peg.1291.site.1, 4, 141, 145
1118061.3.peg.1291.site.2, 100, 142, 242
1118061.3.peg.1291.site.3, 87, 134, 221
1118061.3.peg.1291.site.4, 37, 127, 164
1118061.3.peg.1291.site.5, 109, 118, 227
1118061.3.peg.1291.site.6, 3, 118, 121
1118061.3.peg.1291.site.7, 1, 130, 131
1118061.3.peg.1291.site.8, 1, 129, 130
1118061.3.peg.1291.site.9, 105, 112, 217
1118061.3.peg.1291.site.10, 3, 127, 130
1118061.3.peg.1291.site.11, 0, 146, 146
1118061.3.peg.1291.site.12, 1, 148, 149
1118061.3.peg.1291.site.13, 30, 143, 173
1118061.3.peg.1291.site.14, 71, 137, 208
1118061.3.peg.1291.site.15, 106, 135, 241
1118061.3.peg.1291.site.16, 27, 124, 151
1118061.3.peg.1291.site.17, 0, 125, 125
1118061.3.peg.1291.site.18, 25, 121, 146
1118061.3.peg.1291.site.19, 26, 125, 151
1118061.3.peg.1291.site.20, 6, 140, 146
1118061.3.peg.1291.site.21, 6, 131, 137
1118061.3.peg.1291.site.22, 2, 122, 124
1118061.3.peg.1290.site.1, 138, 141, 279
1118061.3.peg.1290.site.2, 0, 143, 143
1118061.3.peg.1290.site.3, 28, 147, 175
1118061.3.peg.1290.site.4, 0, 142, 142
1118061.3.peg.1290.site.5, 62, 142, 204
1118061.3.peg.1290.site.6, 6, 148, 154
1118061.3.peg.1290.site.7, 39, 148, 187
1118061.3.peg.1290.site.8, 28, 144, 172
1118061.3.peg.1290.site.9, 0, 150, 150
1118061.3.peg.1290.site.10, 48, 150, 198
1118061.3.peg.1290.site.11, 12, 147, 159
1118061.3.peg.1290.site.12, 83, 132, 215
1118061.3.peg.1459.site.1, 53, 148, 201
1118061.3.peg.1459.site.2, 3, 148, 151
1118061.3.peg.1459.site.3, 3, 147, 150
1118061.3.peg.1459.site.4, 3, 138, 141
1118061.3.peg.1459.site.5, 1, 113, 114
1118061.3.peg.1459.site.6, 3, 146, 149
1118061.3.peg.1459.site.7, 2, 150, 152
1118061.3.peg.1459.site.8, 96, 150, 246
1118061.3.peg.1459.site.9, 3, 148, 151
1118061.3.peg.1459.site.10, 2, 142, 144
1118061.3.peg.1459.site.11, 3, 150, 153
1118061.3.peg.1459.site.12, 124, 149, 273
1118061.3.peg.1459.site.13, 107, 147, 254
1118061.3.peg.1459.site.14, 112, 143, 255
1118061.3.peg.1458.site.1, 3, 150, 153
1118061.3.peg.1458.site.2, 30, 149, 179
1118061.3.peg.1458.site.3, 41, 147, 188
1118061.3.peg.1458.site.4, 2, 143, 145
1118061.3.peg.1458.site.5, 2, 142, 144
1118061.3.peg.1458.site.6, 2, 138, 140
1118061.3.peg.1458.site.7, 3, 141, 144
1118061.3.peg.1458.site.8, 4, 106, 110
1118061.3.peg.1458.site.9, 3, 109, 112
1118061.3.peg.1458.site.10, 2, 114, 116
1118061.3.peg.1458.site.11, 46, 125, 171
1118061.3.peg.1458.site.12, 1, 134, 135
1118061.3.peg.1458.site.13, 3, 131, 134
1118061.3.peg.1458.site.14, 1, 133, 134
1118061.3.peg.1458.site.15, 1, 128, 129
1118061.3.peg.1458.site.16, 0, 146, 146
1118061.3.peg.1451.site.1, 2, 133, 135
1118061.3.peg.1451.site.2, 2, 118, 120
1118061.3.peg.1451.site.3, 27, 104, 131
1118061.3.peg.1451.site.4, 108, 139, 247
1118061.3.peg.1451.site.5, 22, 147, 169
1118061.3.peg.1451.site.6, 112, 150, 262
1118061.3.peg.1451.site.7, 25, 150, 175
1118061.3.peg.1451.site.8, 95, 142, 237
1118061.3.peg.1451.site.9, 4, 79, 83
1118061.3.peg.1451.site.10, 41, 148, 189
1118061.3.peg.1451.site.11, 35, 150, 185
1118061.3.peg.1451.site.12, 148, 150, 298
1118061.3.peg.1451.site.13, 23, 148, 171
1118061.3.peg.1451.site.14, 11, 141, 152
1118061.3.peg.1451.site.15, 2, 149, 151
1118061.3.peg.1451.site.16, 44, 149, 193
1118061.3.peg.1450.site.1, 0, 150, 150
1118061.3.peg.1450.site.2, 3, 142, 145
1118061.3.peg.1450.site.3, 69, 148, 217
1118061.3.peg.1450.site.4, 28, 147, 175
1118061.3.peg.1450.site.5, 27, 148, 175
1118061.3.peg.1450.site.6, 0, 149, 149
1118061.3.peg.1450.site.7, 0, 148, 148
1118061.3.peg.1450.site.8, 8, 133, 141
1118061.3.peg.1450.site.9, 0, 123, 123
1118061.3.peg.1450.site.10, 9, 124, 133
1118061.3.peg.1450.site.11, 66, 143, 209
1118061.3.peg.1450.site.12, 94, 142, 236
1118061.3.peg.1450.site.13, 2, 147, 149
1118061.3.peg.1450.site.14, 3, 147, 150
1118061.3.peg.1450.site.15, 11, 143, 154
1118061.3.peg.1450.site.16, 26, 143, 169
1118061.3.peg.1450.site.17, 2, 147, 149
1118061.3.peg.1450.site.18, 10, 145, 155
1118061.3.peg.1450.site.19, 0, 147, 147
1118061.3.peg.1450.site.20, 0, 143, 143
1118061.3.peg.1450.site.21, 7, 145, 152
1118061.3.peg.1450.site.22, 99, 145, 244
1118061.3.peg.1450.site.23, 0, 148, 148
1118061.3.peg.1450.site.24, 1, 148, 149
1118061.3.peg.1450.site.25, 32, 147, 179
1118061.3.peg.1450.site.26, 3, 139, 142
1118061.3.peg.1453.site.1, 43, 147, 190
1118061.3.peg.1453.site.2, 2, 149, 151
1118061.3.peg.1453.site.3, 52, 149, 201
1118061.3.peg.1453.site.4, 0, 150, 150
1118061.3.peg.1453.site.5, 137, 150, 287
1118061.3.peg.1453.site.6, 0, 150, 150
1118061.3.peg.1453.site.7, 14, 150, 164
1118061.3.peg.1453.site.8, 12, 149, 161
1118061.3.peg.1453.site.9, 130, 150, 280
1118061.3.peg.1453.site.10, 149, 149, 298
1118061.3.peg.1453.site.11, 68, 148, 216
1118061.3.peg.1453.site.12, 25, 149, 174
1118061.3.peg.1453.site.13, 26, 147, 173
1118061.3.peg.1453.site.14, 78, 148, 226
1118061.3.peg.1453.site.15, 9, 150, 159
1118061.3.peg.1453.site.16, 68, 149, 217
1118061.3.peg.1453.site.17, 145, 150, 295
1118061.3.peg.1453.site.18, 3, 149, 152
1118061.3.peg.1453.site.19, 20, 150, 170
1118061.3.peg.1453.site.20, 6, 150, 156
1118061.3.peg.1453.site.21, 131, 149, 280
1118061.3.peg.1453.site.22, 14, 150, 164
1118061.3.peg.1453.site.23, 0, 150, 150
1118061.3.peg.1453.site.24, 0, 149, 149
1118061.3.peg.1452.site.1, 13, 150, 163
1118061.3.peg.1452.site.2, 5, 142, 147
1118061.3.peg.1452.site.3, 1, 119, 120
1118061.3.peg.1452.site.4, 144, 144, 288
1118061.3.peg.1452.site.5, 6, 149, 155
1118061.3.peg.1452.site.6, 0, 148, 148
1118061.3.peg.1452.site.7, 1, 148, 149
1118061.3.peg.1452.site.8, 1, 150, 151
1118061.3.peg.1452.site.9, 0, 149, 149
1118061.3.peg.1452.site.10, 0, 149, 149
1118061.3.peg.1455.site.1, 28, 146, 174
1118061.3.peg.1455.site.2, 7, 132, 139
1118061.3.peg.1455.site.3, 16, 121, 137
1118061.3.peg.1455.site.4, 137, 138, 275
1118061.3.peg.1455.site.5, 6, 147, 153
1118061.3.peg.1455.site.6, 5, 148, 153
1118061.3.peg.1455.site.7, 46, 145, 191
1118061.3.peg.1455.site.8, 1, 122, 123
1118061.3.peg.1455.site.9, 18, 120, 138
1118061.3.peg.1455.site.10, 0, 123, 123
1118061.3.peg.1455.site.11, 1, 117, 118
1118061.3.peg.1455.site.12, 2, 150, 152
1118061.3.peg.1455.site.13, 92, 148, 240
1118061.3.peg.1455.site.14, 102, 148, 250
1118061.3.peg.1455.site.15, 2, 149, 151
1118061.3.peg.1455.site.16, 0, 142, 142
1118061.3.peg.1455.site.17, 0, 139, 139
1118061.3.peg.1455.site.18, 0, 144, 144
1118061.3.peg.1455.site.19, 118, 141, 259
1118061.3.peg.1455.site.20, 4, 144, 148
1118061.3.peg.1455.site.21, 73, 142, 215
1118061.3.peg.1455.site.22, 3, 146, 149
1118061.3.peg.1455.site.23, 3, 147, 150
1118061.3.peg.1455.site.24, 142, 144, 286
1118061.3.peg.1455.site.25, 0, 146, 146
1118061.3.peg.1455.site.26, 9, 141, 150
1118061.3.peg.1455.site.27, 1, 147, 148
1118061.3.peg.1455.site.28, 8, 147, 155
1118061.3.peg.1455.site.29, 1, 147, 148
1118061.3.peg.1455.site.30, 7, 147, 154
1118061.3.peg.1455.site.31, 1, 149, 150
1118061.3.peg.1455.site.32, 127, 128, 255
1118061.3.peg.1455.site.33, 0, 136, 136
1118061.3.peg.1455.site.34, 2, 150, 152
1118061.3.peg.1455.site.35, 46, 149, 195
1118061.3.peg.1454.site.1, 1, 150, 151
1118061.3.peg.1454.site.2, 12, 147, 159
1118061.3.peg.1454.site.3, 99, 102, 201
1118061.3.peg.1454.site.4, 60, 108, 168
1118061.3.peg.1454.site.5, 2, 141, 143
1118061.3.peg.1454.site.6, 0, 142, 142
1118061.3.peg.1454.site.7, 143, 143, 286
1118061.3.peg.1454.site.8, 4, 122, 126
1118061.3.peg.1454.site.9, 0, 136, 136
1118061.3.peg.1454.site.10, 5, 143, 148
1118061.3.peg.1454.site.11, 69, 128, 197
1118061.3.peg.1454.site.12, 1, 125, 126
1118061.3.peg.1454.site.13, 0, 123, 123
1118061.3.peg.1454.site.14, 121, 134, 255
1118061.3.peg.1454.site.15, 4, 143, 147
1118061.3.peg.1454.site.16, 2, 143, 145
1118061.3.peg.1454.site.17, 69, 139, 208
1118061.3.peg.1454.site.18, 0, 138, 138
1118061.3.peg.1454.site.19, 22, 137, 159
1118061.3.peg.1454.site.20, 12, 140, 152
1118061.3.peg.1454.site.21, 2, 135, 137
1118061.3.peg.1454.site.22, 4, 145, 149
1118061.3.peg.1454.site.23, 0, 146, 146
1118061.3.peg.1454.site.24, 4, 149, 153
1118061.3.peg.1454.site.25, 19, 140, 159
1118061.3.peg.1454.site.26, 6, 136, 142
1118061.3.peg.1454.site.27, 2, 135, 137
1118061.3.peg.1454.site.28, 1, 129, 130
1118061.3.peg.1454.site.29, 3, 131, 134
1118061.3.peg.1454.site.30, 1, 127, 128
1118061.3.peg.1454.site.31, 8, 100, 108
1118061.3.peg.1454.site.32, 46, 113, 159
1118061.3.peg.1457.site.1, 43, 146, 189
1118061.3.peg.1457.site.2, 12, 145, 157
1118061.3.peg.1457.site.3, 0, 147, 147
1118061.3.peg.1457.site.4, 44, 146, 190
1118061.3.peg.1457.site.5, 0, 143, 143
1118061.3.peg.1457.site.6, 0, 143, 143
1118061.3.peg.1457.site.7, 37, 128, 165
1118061.3.peg.1457.site.8, 89, 127, 216
1118061.3.peg.1457.site.9, 2, 133, 135
1118061.3.peg.1457.site.10, 0, 134, 134
1118061.3.peg.1457.site.11, 72, 118, 190
1118061.3.peg.1457.site.12, 0, 132, 132
1118061.3.peg.1457.site.13, 5, 147, 152
1118061.3.peg.1457.site.14, 1, 149, 150
1118061.3.peg.1457.site.15, 1, 149, 150
1118061.3.peg.1457.site.16, 1, 149, 150
1118061.3.peg.1457.site.17, 1, 149, 150
1118061.3.peg.1457.site.18, 5, 147, 152
1118061.3.peg.1457.site.19, 0, 148, 148
1118061.3.peg.1457.site.20, 17, 146, 163
1118061.3.peg.1457.site.21, 1, 150, 151
1118061.3.peg.1456.site.1, 3, 150, 153
1118061.3.peg.1456.site.2, 3, 145, 148
1118061.3.peg.1456.site.3, 3, 147, 150
1118061.3.peg.1456.site.4, 66, 143, 209
1118061.3.peg.1456.site.5, 34, 150, 184
1118061.3.peg.1456.site.6, 1, 132, 133
1118061.3.peg.1456.site.7, 17, 135, 152
1118061.3.peg.945.site.1, 15, 114, 129
1118061.3.peg.945.site.2, 14, 138, 152
1118061.3.peg.945.site.3, 2, 137, 139
1118061.3.peg.945.site.4, 129, 129, 258
1118061.3.peg.945.site.5, 39, 137, 176
1118061.3.peg.945.site.6, 2, 136, 138
1118061.3.peg.945.site.7, 49, 138, 187
1118061.3.peg.945.site.8, 135, 138, 273
1118061.3.peg.945.site.9, 45, 138, 183
1118061.3.peg.945.site.10, 0, 137, 137
1118061.3.peg.945.site.11, 0, 134, 134
1118061.3.peg.945.site.12, 1, 139, 140
1118061.3.peg.945.site.13, 0, 138, 138
1118061.3.peg.945.site.14, 1, 138, 139
1118061.3.peg.945.site.15, 0, 131, 131
1118061.3.peg.945.site.16, 16, 119, 135
1118061.3.peg.945.site.17, 117, 117, 234
1118061.3.peg.945.site.18, 2, 109, 111
1118061.3.peg.945.site.19, 3, 120, 123
1118061.3.peg.1392.site.1, 3, 136, 139
1118061.3.peg.1392.site.2, 12, 147, 159
1118061.3.peg.1392.site.3, 0, 147, 147
1118061.3.peg.1392.site.4, 2, 147, 149
1118061.3.peg.1392.site.5, 2, 122, 124
1118061.3.peg.1392.site.6, 3, 121, 124
1118061.3.peg.1392.site.7, 1, 115, 116
1118061.3.peg.1392.site.8, 1, 124, 125
1118061.3.peg.1392.site.9, 4, 141, 145
1118061.3.peg.1181.site.1, 7, 145, 152
1118061.3.peg.1181.site.2, 30, 147, 177
1118061.3.peg.1181.site.3, 4, 141, 145
1118061.3.peg.1181.site.4, 1, 147, 148
1118061.3.peg.1181.site.5, 44, 149, 193
1118061.3.peg.1181.site.6, 16, 147, 163
1118061.3.peg.1181.site.7, 44, 147, 191
1118061.3.peg.1181.site.8, 46, 145, 191
1118061.3.peg.1181.site.9, 43, 143, 186
1118061.3.peg.1181.site.10, 113, 129, 242
1118061.3.peg.1181.site.11, 71, 129, 200
1118061.3.peg.1181.site.12, 2, 129, 131
1118061.3.peg.1181.site.13, 9, 131, 140
1118061.3.peg.1181.site.14, 50, 126, 176
1118061.3.peg.1181.site.15, 14, 127, 141
1118061.3.peg.1181.site.16, 1, 132, 133
1118061.3.peg.1181.site.17, 2, 120, 122
1118061.3.peg.1181.site.18, 15, 115, 130
1118061.3.peg.1181.site.19, 0, 127, 127
1118061.3.peg.1181.site.20, 1, 142, 143
1118061.3.peg.1181.site.21, 48, 117, 165
1118061.3.peg.1181.site.22, 1, 118, 119
1118061.3.peg.1181.site.23, 3, 129, 132
1118061.3.peg.1181.site.24, 44, 133, 177
1118061.3.peg.1181.site.25, 76, 140, 216
1118061.3.peg.1181.site.26, 2, 145, 147
1118061.3.peg.1181.site.27, 148, 149, 297
1118061.3.peg.1181.site.28, 0, 149, 149
1118061.3.peg.1181.site.29, 3, 149, 152
1118061.3.peg.1181.site.30, 64, 148, 212
1118061.3.peg.1181.site.31, 4, 149, 153
1118061.3.peg.1181.site.32, 2, 149, 151
1118061.3.peg.1181.site.33, 64, 148, 212
1118061.3.peg.1181.site.34, 57, 148, 205
1118061.3.peg.1181.site.35, 49, 143, 192
1118061.3.peg.1181.site.36, 112, 145, 257
1118061.3.peg.1181.site.37, 117, 148, 265
1118061.3.peg.1181.site.38, 1, 148, 149
1118061.3.peg.1181.site.39, 2, 149, 151
1118061.3.peg.1181.site.40, 3, 142, 145
1118061.3.peg.1181.site.41, 3, 141, 144
1118061.3.peg.1181.site.42, 12, 130, 142
1118061.3.peg.1181.site.43, 2, 145, 147
1118061.3.peg.1181.site.44, 0, 149, 149
1118061.3.peg.1181.site.45, 3, 147, 150
1118061.3.peg.1180.site.1, 88, 137, 225
1118061.3.peg.1180.site.2, 2, 146, 148
1118061.3.peg.1180.site.3, 84, 133, 217
1118061.3.peg.1180.site.4, 3, 132, 135
1118061.3.peg.1180.site.5, 2, 136, 138
1118061.3.peg.1180.site.6, 0, 147, 147
1118061.3.peg.1180.site.7, 4, 149, 153
1118061.3.peg.1180.site.8, 108, 149, 257
1118061.3.peg.1180.site.9, 116, 145, 261
1118061.3.peg.1180.site.10, 5, 138, 143
1118061.3.peg.1180.site.11, 87, 140, 227
1118061.3.peg.1180.site.12, 143, 146, 289
1118061.3.peg.1180.site.13, 117, 142, 259
1118061.3.peg.1180.site.14, 0, 144, 144
1118061.3.peg.1180.site.15, 18, 141, 159
1118061.3.peg.1180.site.16, 2, 150, 152
1118061.3.peg.1180.site.17, 73, 139, 212
1118061.3.peg.1180.site.18, 50, 119, 169
1118061.3.peg.941.site.1, 51, 99, 150
1118061.3.peg.941.site.2, 121, 126, 247
1118061.3.peg.941.site.3, 0, 143, 143
1118061.3.peg.941.site.4, 121, 141, 262
1118061.3.peg.941.site.5, 0, 148, 148
1118061.3.peg.941.site.6, 2, 146, 148
1118061.3.peg.941.site.7, 0, 147, 147
1118061.3.peg.941.site.8, 33, 139, 172
1118061.3.peg.941.site.9, 0, 140, 140
1118061.3.peg.941.site.10, 2, 144, 146
1118061.3.peg.941.site.11, 0, 143, 143
1118061.3.peg.941.site.12, 1, 145, 146
1118061.3.peg.941.site.13, 7, 145, 152
1118061.3.peg.941.site.14, 1, 146, 147
1118061.3.peg.941.site.15, 4, 140, 144
1118061.3.peg.941.site.16, 17, 146, 163
1118061.3.peg.941.site.17, 3, 123, 126
1118061.3.peg.941.site.18, 0, 145, 145
1118061.3.peg.941.site.19, 2, 128, 130
1118061.3.peg.941.site.20, 0, 145, 145
1118061.3.peg.941.site.21, 0, 147, 147
1118061.3.peg.941.site.22, 2, 148, 150
1118061.3.peg.941.site.23, 0, 145, 145
1118061.3.peg.941.site.24, 30, 140, 170
1118061.3.peg.941.site.25, 1, 147, 148
1118061.3.peg.941.site.26, 0, 147, 147
1118061.3.peg.941.site.27, 63, 126, 189
1118061.3.peg.941.site.28, 1, 140, 141
1118061.3.peg.941.site.29, 3, 138, 141
1118061.3.peg.941.site.30, 0, 145, 145
1118061.3.peg.941.site.31, 0, 148, 148
1118061.3.peg.941.site.32, 0, 147, 147
1118061.3.peg.941.site.33, 2, 145, 147
1118061.3.peg.941.site.34, 0, 146, 146
1118061.3.peg.940.site.1, 5, 147, 152
1118061.3.peg.940.site.2, 9, 121, 130
1118061.3.peg.940.site.3, 0, 43, 43
1118061.3.peg.940.site.4, 2, 102, 104
1118061.3.peg.940.site.5, 89, 106, 195
1118061.3.peg.1185.site.1, 9, 147, 156
1118061.3.peg.1185.site.2, 4, 147, 151
1118061.3.peg.1185.site.3, 0, 107, 107
1118061.3.peg.1185.site.4, 3, 147, 150
1118061.3.peg.1185.site.5, 0, 145, 145
1118061.3.peg.1185.site.6, 0, 131, 131
1118061.3.peg.1185.site.7, 7, 138, 145
1118061.3.peg.1185.site.8, 45, 127, 172
1118061.3.peg.1185.site.9, 1, 132, 133
1118061.3.peg.1185.site.10, 88, 123, 211
1118061.3.peg.1185.site.11, 23, 122, 145
1118061.3.peg.1185.site.12, 52, 124, 176
1118061.3.peg.1393.site.1, 0, 140, 140
1118061.3.peg.1393.site.2, 1, 143, 144
1118061.3.peg.1393.site.3, 0, 146, 146
1118061.3.peg.1393.site.4, 1, 145, 146
1118061.3.peg.1393.site.5, 10, 131, 141
1118061.3.peg.1393.site.6, 2, 134, 136
1118061.3.peg.2362.site.1, 34, 146, 180
1118061.3.peg.2362.site.2, 28, 141, 169
1118061.3.peg.2362.site.3, 18, 145, 163
1118061.3.peg.2362.site.4, 43, 146, 189
1118061.3.peg.2362.site.5, 13, 129, 142
1118061.3.peg.2362.site.6, 23, 140, 163
1118061.3.peg.2362.site.7, 4, 143, 147
1118061.3.peg.2362.site.8, 0, 143, 143
1118061.3.peg.2363.site.1, 70, 102, 172
1118061.3.peg.2363.site.2, 14, 104, 118
1118061.3.peg.2363.site.3, 15, 108, 123
1118061.3.peg.2363.site.4, 69, 115, 184
1118061.3.peg.2363.site.5, 1, 127, 128
1118061.3.peg.2363.site.6, 1, 133, 134
1118061.3.peg.2363.site.7, 32, 129, 161
1118061.3.peg.2363.site.8, 111, 131, 242
1118061.3.peg.2363.site.9, 107, 127, 234
1118061.3.peg.2363.site.10, 0, 136, 136
1118061.3.peg.2363.site.11, 19, 143, 162
1118061.3.peg.2363.site.12, 56, 134, 190
1118061.3.peg.2363.site.13, 8, 140, 148
1118061.3.peg.1189.site.1, 11, 107, 118
1118061.3.peg.1189.site.2, 17, 108, 125
1118061.3.peg.1189.site.3, 17, 88, 105
1118061.3.peg.1189.site.4, 58, 80, 138
1118061.3.peg.1189.site.5, 2, 122, 124
1118061.3.peg.1189.site.6, 85, 132, 217
1118061.3.peg.1189.site.7, 25, 136, 161
1118061.3.peg.1189.site.8, 10, 122, 132
1118061.3.peg.1189.site.9, 21, 122, 143
1118061.3.peg.1189.site.10, 36, 125, 161
1118061.3.peg.1189.site.11, 120, 120, 240
1118061.3.peg.1189.site.12, 124, 124, 248
1118061.3.peg.1189.site.13, 112, 115, 227
1118061.3.peg.1189.site.14, 134, 134, 268
1118061.3.peg.1189.site.15, 143, 143, 286
1118061.3.peg.1189.site.16, 20, 145, 165
1118061.3.peg.1189.site.17, 17, 140, 157
1118061.3.peg.1189.site.18, 130, 130, 260
1118061.3.peg.1189.site.19, 3, 148, 151
1118061.3.peg.2361.site.1, 52, 132, 184
1118061.3.peg.2361.site.2, 18, 127, 145
1118061.3.peg.2361.site.3, 124, 137, 261
1118061.3.peg.2361.site.4, 6, 138, 144
1118061.3.peg.2361.site.5, 20, 145, 165
1118061.3.peg.2361.site.6, 3, 146, 149
1118061.3.peg.2361.site.7, 145, 148, 293
1118061.3.peg.2361.site.8, 3, 149, 152
1118061.3.peg.2361.site.9, 15, 149, 164
1118061.3.peg.2361.site.10, 144, 149, 293
1118061.3.peg.2361.site.11, 131, 148, 279
1118061.3.peg.2361.site.12, 2, 150, 152
1118061.3.peg.2361.site.13, 18, 148, 166
1118061.3.peg.2361.site.14, 0, 148, 148
1118061.3.peg.2361.site.15, 70, 145, 215
1118061.3.peg.2361.site.16, 25, 147, 172
1118061.3.peg.2361.site.17, 3, 148, 151
1118061.3.peg.2361.site.18, 0, 148, 148
1118061.3.peg.949.site.1, 2, 120, 122
1118061.3.peg.949.site.2, 14, 120, 134
1118061.3.peg.949.site.3, 2, 120, 122
1118061.3.peg.949.site.4, 2, 120, 122
1118061.3.peg.949.site.5, 0, 138, 138
1118061.3.peg.949.site.6, 2, 139, 141
1118061.3.peg.949.site.7, 31, 139, 170
1118061.3.peg.949.site.8, 2, 138, 140
1118061.3.peg.949.site.9, 79, 138, 217
1118061.3.peg.949.site.10, 2, 136, 138
1118061.3.peg.949.site.11, 1, 135, 136
1118061.3.peg.949.site.12, 1, 139, 140
1118061.3.peg.949.site.13, 78, 137, 215
1118061.3.peg.949.site.14, 0, 137, 137
1118061.3.peg.949.site.15, 2, 133, 135
1118061.3.peg.949.site.16, 2, 132, 134
1118061.3.peg.949.site.17, 8, 123, 131
1118061.3.peg.949.site.18, 1, 134, 135
1118061.3.peg.949.site.19, 12, 138, 150
1118061.3.peg.949.site.20, 2, 139, 141
1118061.3.peg.949.site.21, 4, 138, 142
1118061.3.peg.949.site.22, 2, 138, 140
1118061.3.peg.949.site.23, 2, 139, 141
1118061.3.peg.949.site.24, 29, 132, 161
1118061.3.peg.949.site.25, 4, 134, 138
1118061.3.peg.949.site.26, 0, 139, 139
1118061.3.peg.949.site.27, 3, 137, 140
1118061.3.peg.949.site.28, 137, 137, 274
1118061.3.peg.949.site.29, 1, 134, 135
1118061.3.peg.949.site.30, 0, 133, 133
1118061.3.peg.949.site.31, 2, 133, 135
1118061.3.peg.949.site.32, 1, 125, 126
1118061.3.peg.949.site.33, 61, 127, 188
1118061.3.peg.949.site.34, 0, 136, 136
1118061.3.peg.949.site.35, 0, 137, 137
1118061.3.peg.949.site.36, 16, 127, 143
1118061.3.peg.949.site.37, 2, 134, 136
1118061.3.peg.1390.site.1, 33, 146, 179
1118061.3.peg.1390.site.2, 30, 135, 165
1118061.3.peg.1390.site.3, 0, 125, 125
1118061.3.peg.1390.site.4, 34, 128, 162
1118061.3.peg.1390.site.5, 1, 127, 128
1118061.3.peg.1390.site.6, 32, 108, 140
1118061.3.peg.1390.site.7, 4, 114, 118
1118061.3.peg.1390.site.8, 1, 67, 68
1118061.3.peg.1390.site.9, 0, 128, 128
1118061.3.peg.1390.site.10, 8, 68, 76
1118061.3.peg.1390.site.11, 4, 42, 46
1118061.3.peg.2364.site.1, 150, 150, 300
1118061.3.peg.2364.site.2, 30, 149, 179
1118061.3.peg.2364.site.3, 2, 150, 152
1118061.3.peg.2364.site.4, 0, 149, 149
1118061.3.peg.2364.site.5, 12, 150, 162
1118061.3.peg.2364.site.6, 15, 146, 161
1118061.3.peg.2364.site.7, 0, 148, 148
1118061.3.peg.2364.site.8, 23, 141, 164
1118061.3.peg.2364.site.9, 2, 139, 141
1118061.3.peg.2364.site.10, 0, 138, 138
1118061.3.peg.2364.site.11, 0, 143, 143
1118061.3.peg.2364.site.12, 0, 147, 147
1118061.3.peg.2364.site.13, 0, 148, 148
1118061.3.peg.2364.site.14, 0, 148, 148
1118061.3.peg.2364.site.15, 0, 149, 149
1118061.3.peg.2364.site.16, 0, 149, 149
1118061.3.peg.2364.site.17, 1, 149, 150
1118061.3.peg.2364.site.18, 1, 150, 151
1118061.3.peg.2364.site.19, 148, 150, 298
1118061.3.peg.2364.site.20, 0, 150, 150
1118061.3.peg.2364.site.21, 142, 148, 290
1118061.3.peg.2364.site.22, 1, 150, 151
1118061.3.peg.2364.site.23, 37, 148, 185
1118061.3.peg.2364.site.24, 0, 150, 150
1118061.3.peg.2365.site.1, 48, 149, 197
1118061.3.peg.2365.site.2, 0, 150, 150
1118061.3.peg.2365.site.3, 1, 150, 151
1118061.3.peg.2365.site.4, 65, 148, 213
1118061.3.peg.2365.site.5, 2, 150, 152
1118061.3.peg.2365.site.6, 12, 150, 162
1118061.3.peg.2365.site.7, 23, 149, 172
1118061.3.peg.2365.site.8, 1, 148, 149
1118061.3.peg.2365.site.9, 0, 150, 150
1118061.3.peg.2365.site.10, 19, 150, 169
1118061.3.peg.2365.site.11, 1, 148, 149
1118061.3.peg.2365.site.12, 3, 150, 153
1118061.3.peg.2365.site.13, 44, 148, 192
1118061.3.peg.2365.site.14, 1, 150, 151
1118061.3.peg.2365.site.15, 0, 149, 149
1118061.3.peg.2365.site.16, 64, 149, 213
1118061.3.peg.2365.site.17, 13, 150, 163
1118061.3.peg.72.site.1, 14, 148, 162
1118061.3.peg.72.site.2, 0, 150, 150
1118061.3.peg.72.site.3, 17, 150, 167
1118061.3.peg.72.site.4, 12, 150, 162
1118061.3.peg.72.site.5, 2, 150, 152
1118061.3.peg.72.site.6, 60, 146, 206
1118061.3.peg.73.site.1, 6, 147, 153
1118061.3.peg.73.site.2, 78, 144, 222
1118061.3.peg.73.site.3, 136, 136, 272
1118061.3.peg.73.site.4, 21, 124, 145
1118061.3.peg.73.site.5, 68, 97, 165
1118061.3.peg.73.site.6, 0, 144, 144
1118061.3.peg.73.site.7, 2, 142, 144
1118061.3.peg.73.site.8, 0, 144, 144
1118061.3.peg.73.site.9, 1, 147, 148
1118061.3.peg.73.site.10, 28, 133, 161
1118061.3.peg.73.site.11, 129, 132, 261
1118061.3.peg.73.site.12, 1, 109, 110
1118061.3.peg.73.site.13, 3, 110, 113
1118061.3.peg.73.site.14, 63, 114, 177
1118061.3.peg.73.site.15, 128, 136, 264
1118061.3.peg.73.site.16, 128, 137, 265
1118061.3.peg.73.site.17, 127, 136, 263
1118061.3.peg.70.site.1, 7, 149, 156
1118061.3.peg.70.site.2, 63, 148, 211
1118061.3.peg.70.site.3, 2, 150, 152
1118061.3.peg.70.site.4, 3, 150, 153
1118061.3.peg.70.site.5, 2, 149, 151
1118061.3.peg.70.site.6, 3, 149, 152
1118061.3.peg.70.site.7, 109, 149, 258
1118061.3.peg.71.site.1, 5, 147, 152
1118061.3.peg.71.site.2, 15, 122, 137
1118061.3.peg.71.site.3, 16, 127, 143
1118061.3.peg.71.site.4, 2, 149, 151
1118061.3.peg.71.site.5, 3, 141, 144
1118061.3.peg.71.site.6, 0, 136, 136
1118061.3.peg.71.site.7, 1, 145, 146
1118061.3.peg.71.site.8, 2, 145, 147
1118061.3.peg.71.site.9, 0, 147, 147
1118061.3.peg.71.site.10, 3, 148, 151
1118061.3.peg.71.site.11, 0, 148, 148
1118061.3.peg.71.site.12, 2, 145, 147
1118061.3.peg.71.site.13, 112, 147, 259
1118061.3.peg.71.site.14, 149, 149, 298
1118061.3.peg.71.site.15, 32, 148, 180
1118061.3.peg.71.site.16, 17, 148, 165
1118061.3.peg.71.site.17, 4, 148, 152
1118061.3.peg.71.site.18, 9, 144, 153
1118061.3.peg.71.site.19, 20, 148, 168
1118061.3.peg.77.site.1, 0, 150, 150
1118061.3.peg.77.site.2, 35, 148, 183
1118061.3.peg.77.site.3, 5, 141, 146
1118061.3.peg.77.site.4, 1, 144, 145
1118061.3.peg.77.site.5, 21, 150, 171
1118061.3.peg.77.site.6, 58, 150, 208
1118061.3.peg.77.site.7, 12, 149, 161
1118061.3.peg.77.site.8, 150, 150, 300
1118061.3.peg.77.site.9, 0, 148, 148
1118061.3.peg.77.site.10, 15, 150, 165
1118061.3.peg.77.site.11, 20, 149, 169
1118061.3.peg.77.site.12, 150, 150, 300
1118061.3.peg.77.site.13, 18, 150, 168
1118061.3.peg.77.site.14, 95, 150, 245
1118061.3.peg.77.site.15, 2, 149, 151
1118061.3.peg.77.site.16, 20, 149, 169
1118061.3.peg.77.site.17, 0, 150, 150
1118061.3.peg.77.site.18, 23, 150, 173
1118061.3.peg.77.site.19, 110, 150, 260
1118061.3.peg.77.site.20, 33, 148, 181
1118061.3.peg.77.site.21, 30, 148, 178
1118061.3.peg.77.site.22, 3, 150, 153
1118061.3.peg.77.site.23, 0, 149, 149
1118061.3.peg.77.site.24, 32, 150, 182
1118061.3.peg.74.site.1, 2, 150, 152
1118061.3.peg.74.site.2, 2, 149, 151
1118061.3.peg.74.site.3, 6, 149, 155
1118061.3.peg.74.site.4, 2, 150, 152
1118061.3.peg.74.site.5, 4, 143, 147
1118061.3.peg.74.site.6, 0, 121, 121
1118061.3.peg.74.site.7, 61, 119, 180
1118061.3.peg.74.site.8, 5, 134, 139
1118061.3.peg.74.site.9, 139, 141, 280
1118061.3.peg.74.site.10, 1, 145, 146
1118061.3.peg.74.site.11, 2, 150, 152
1118061.3.peg.74.site.12, 85, 148, 233
1118061.3.peg.75.site.1, 39, 145, 184
1118061.3.peg.75.site.2, 11, 141, 152
1118061.3.peg.75.site.3, 3, 142, 145
1118061.3.peg.75.site.4, 9, 136, 145
1118061.3.peg.75.site.5, 1, 139, 140
1118061.3.peg.75.site.6, 140, 145, 285
1118061.3.peg.75.site.7, 8, 148, 156
1118061.3.peg.75.site.8, 47, 147, 194
1118061.3.peg.75.site.9, 20, 146, 166
1118061.3.peg.75.site.10, 8, 147, 155
1118061.3.peg.75.site.11, 2, 147, 149
1118061.3.peg.75.site.12, 90, 143, 233
1118061.3.peg.75.site.13, 3, 144, 147
1118061.3.peg.75.site.14, 12, 148, 160
1118061.3.peg.75.site.15, 12, 147, 159
1118061.3.peg.75.site.16, 0, 148, 148
1118061.3.peg.75.site.17, 19, 148, 167
1118061.3.peg.75.site.18, 0, 149, 149
1118061.3.peg.75.site.19, 11, 148, 159
1118061.3.peg.75.site.20, 0, 150, 150
1118061.3.peg.75.site.21, 84, 148, 232
1118061.3.peg.75.site.22, 1, 148, 149
1118061.3.peg.75.site.23, 5, 149, 154
1118061.3.peg.75.site.24, 0, 150, 150
1118061.3.peg.75.site.25, 89, 150, 239
1118061.3.peg.75.site.26, 77, 150, 227
1118061.3.peg.75.site.27, 58, 148, 206
1118061.3.peg.75.site.28, 25, 147, 172
1118061.3.peg.75.site.29, 149, 149, 298
1118061.3.peg.75.site.30, 69, 149, 218
1118061.3.peg.75.site.31, 0, 148, 148
1118061.3.peg.75.site.32, 44, 135, 179
1118061.3.peg.75.site.33, 1, 146, 147
1118061.3.peg.75.site.34, 38, 150, 188
1118061.3.peg.75.site.35, 73, 148, 221
1118061.3.peg.75.site.36, 2, 150, 152
1118061.3.peg.75.site.37, 147, 147, 294
1118061.3.peg.2160.site.1, 42, 132, 174
1118061.3.peg.2160.site.2, 18, 138, 156
1118061.3.peg.2160.site.3, 47, 140, 187
1118061.3.peg.2160.site.4, 60, 145, 205
1118061.3.peg.2160.site.5, 19, 150, 169
1118061.3.peg.2160.site.6, 2, 150, 152
1118061.3.peg.2160.site.7, 0, 148, 148
1118061.3.peg.2160.site.8, 4, 147, 151
1118061.3.peg.2160.site.9, 62, 147, 209
1118061.3.peg.1396.site.1, 147, 149, 296
1118061.3.peg.1396.site.2, 7, 149, 156
1118061.3.peg.1396.site.3, 149, 149, 298
1118061.3.peg.1396.site.4, 0, 150, 150
1118061.3.peg.1396.site.5, 26, 150, 176
1118061.3.peg.1396.site.6, 25, 150, 175
1118061.3.peg.1396.site.7, 0, 147, 147
1118061.3.peg.1396.site.8, 73, 149, 222
1118061.3.peg.1396.site.9, 0, 149, 149
1118061.3.peg.1396.site.10, 0, 149, 149
1118061.3.peg.1396.site.11, 19, 149, 168
1118061.3.peg.78.site.1, 0, 146, 146
1118061.3.peg.78.site.2, 20, 116, 136
1118061.3.peg.78.site.3, 45, 144, 189
1118061.3.peg.78.site.4, 3, 150, 153
1118061.3.peg.78.site.5, 1, 149, 150
1118061.3.peg.78.site.6, 1, 148, 149
1118061.3.peg.78.site.7, 49, 148, 197
1118061.3.peg.78.site.8, 2, 150, 152
1118061.3.peg.78.site.9, 0, 148, 148
1118061.3.peg.78.site.10, 3, 149, 152
1118061.3.peg.78.site.11, 1, 150, 151
1118061.3.peg.79.site.1, 13, 150, 163
1118061.3.peg.79.site.2, 56, 138, 194
1118061.3.peg.79.site.3, 4, 149, 153
1118061.3.peg.79.site.4, 71, 149, 220
1118061.3.peg.79.site.5, 4, 150, 154
1118061.3.peg.79.site.6, 1, 147, 148
1118061.3.peg.79.site.7, 2, 145, 147
1118061.3.peg.79.site.8, 96, 143, 239
1118061.3.peg.79.site.9, 83, 142, 225
1118061.3.peg.79.site.10, 0, 143, 143
1118061.3.peg.79.site.11, 2, 146, 148
1118061.3.peg.79.site.12, 48, 144, 192
1118061.3.peg.79.site.13, 50, 139, 189
1118061.3.peg.79.site.14, 2, 141, 143
1118061.3.peg.79.site.15, 0, 129, 129
1118061.3.peg.79.site.16, 134, 146, 280
1118061.3.peg.2164.site.1, 6, 139, 145
1118061.3.peg.2164.site.2, 15, 135, 150
1118061.3.peg.2164.site.3, 3, 137, 140
1118061.3.peg.2164.site.4, 3, 130, 133
1118061.3.peg.2164.site.5, 3, 115, 118
1118061.3.peg.2164.site.6, 13, 133, 146
1118061.3.peg.2164.site.7, 2, 135, 137
1118061.3.peg.2164.site.8, 19, 137, 156
1118061.3.peg.2164.site.9, 3, 121, 124
1118061.3.peg.2164.site.10, 3, 135, 138
1118061.3.peg.2164.site.11, 2, 131, 133
1118061.3.peg.2164.site.12, 28, 131, 159
1118061.3.peg.2164.site.13, 3, 141, 144
1118061.3.peg.2164.site.14, 1, 141, 142
1118061.3.peg.2164.site.15, 142, 142, 284
1118061.3.peg.2164.site.16, 1, 148, 149
1118061.3.peg.2164.site.17, 4, 148, 152
1118061.3.peg.2164.site.18, 2, 148, 150
1118061.3.peg.2164.site.19, 3, 150, 153
1118061.3.peg.2164.site.20, 2, 149, 151
1118061.3.peg.2164.site.21, 140, 149, 289
1118061.3.peg.2164.site.22, 2, 148, 150
1118061.3.peg.2164.site.23, 0, 148, 148
1118061.3.peg.2164.site.24, 2, 146, 148
1118061.3.peg.2164.site.25, 145, 145, 290
1118061.3.peg.2164.site.26, 3, 142, 145
1118061.3.peg.2164.site.27, 3, 131, 134
1118061.3.peg.2164.site.28, 17, 141, 158
1118061.3.peg.2164.site.29, 3, 149, 152
1118061.3.peg.2165.site.1, 15, 149, 164
1118061.3.peg.2165.site.2, 19, 148, 167
1118061.3.peg.2165.site.3, 77, 150, 227
1118061.3.peg.2165.site.4, 150, 150, 300
1118061.3.peg.2165.site.5, 14, 149, 163
1118061.3.peg.2165.site.6, 4, 150, 154
1118061.3.peg.2165.site.7, 0, 144, 144
1118061.3.peg.2165.site.8, 145, 148, 293
1118061.3.peg.2165.site.9, 5, 144, 149
1118061.3.peg.2165.site.10, 22, 150, 172
1118061.3.peg.2165.site.11, 65, 146, 211
1118061.3.peg.2165.site.12, 61, 147, 208
1118061.3.peg.2165.site.13, 65, 148, 213
1118061.3.peg.2165.site.14, 75, 150, 225
1118061.3.peg.2165.site.15, 64, 150, 214
1118061.3.peg.2165.site.16, 2, 110, 112
1118061.3.peg.2165.site.17, 0, 83, 83
1118061.3.peg.2165.site.18, 9, 49, 58
1118061.3.peg.2165.site.19, 38, 77, 115
1118061.3.peg.2165.site.20, 0, 148, 148
1118061.3.peg.2165.site.21, 1, 149, 150
1118061.3.peg.2165.site.22, 57, 149, 206
1118061.3.peg.2165.site.23, 139, 148, 287
1118061.3.peg.2166.site.1, 0, 149, 149
1118061.3.peg.2166.site.2, 57, 150, 207
1118061.3.peg.2166.site.3, 3, 145, 148
1118061.3.peg.2166.site.4, 1, 140, 141
1118061.3.peg.2166.site.5, 2, 139, 141
1118061.3.peg.2166.site.6, 7, 138, 145
1118061.3.peg.2166.site.7, 146, 146, 292
1118061.3.peg.2166.site.8, 140, 149, 289
1118061.3.peg.2166.site.9, 26, 147, 173
1118061.3.peg.1397.site.1, 2, 150, 152
1118061.3.peg.1397.site.2, 7, 149, 156
1118061.3.peg.1397.site.3, 0, 148, 148
1118061.3.peg.1397.site.4, 19, 150, 169
1118061.3.peg.1397.site.5, 3, 148, 151
1118061.3.peg.1397.site.6, 2, 150, 152
1118061.3.peg.1397.site.7, 28, 150, 178
1118061.3.peg.1397.site.8, 0, 149, 149
1118061.3.peg.1397.site.9, 82, 133, 215
1118061.3.peg.1397.site.10, 144, 149, 293
1118061.3.peg.1397.site.11, 3, 147, 150
1118061.3.peg.1397.site.12, 5, 149, 154
1118061.3.peg.1397.site.13, 0, 131, 131
1118061.3.peg.1397.site.14, 6, 140, 146
1118061.3.peg.1397.site.15, 11, 137, 148
1118061.3.peg.1397.site.16, 14, 138, 152
1118061.3.peg.1397.site.17, 1, 145, 146
1118061.3.peg.1397.site.18, 0, 145, 145
1118061.3.peg.1397.site.19, 0, 147, 147
1118061.3.peg.1397.site.20, 45, 145, 190
1118061.3.peg.1397.site.21, 93, 141, 234
1118061.3.peg.1397.site.22, 18, 142, 160
1118061.3.peg.1397.site.23, 74, 137, 211
1118061.3.peg.1397.site.24, 5, 150, 155
1118061.3.peg.2766.site.1, 53, 149, 202
1118061.3.peg.2766.site.2, 2, 150, 152
1118061.3.peg.2766.site.3, 2, 150, 152
1118061.3.peg.2766.site.4, 1, 150, 151
1118061.3.peg.2766.site.5, 1, 150, 151
1118061.3.peg.2766.site.6, 12, 150, 162
1118061.3.peg.2766.site.7, 47, 134, 181
1118061.3.peg.2766.site.8, 1, 125, 126
1118061.3.peg.2767.site.1, 3, 148, 151
1118061.3.peg.2767.site.2, 2, 149, 151
1118061.3.peg.2767.site.3, 3, 150, 153
1118061.3.peg.2767.site.4, 0, 148, 148
1118061.3.peg.2767.site.5, 43, 148, 191
1118061.3.peg.2767.site.6, 95, 149, 244
1118061.3.peg.2767.site.7, 4, 150, 154
1118061.3.peg.2767.site.8, 4, 150, 154
1118061.3.peg.2767.site.9, 29, 147, 176
1118061.3.peg.2767.site.10, 21, 146, 167
1118061.3.peg.2767.site.11, 3, 145, 148
1118061.3.peg.2767.site.12, 10, 139, 149
1118061.3.peg.2767.site.13, 25, 148, 173
1118061.3.peg.2767.site.14, 3, 147, 150
1118061.3.peg.2767.site.15, 2, 147, 149
1118061.3.peg.2767.site.16, 2, 149, 151
1118061.3.peg.2767.site.17, 0, 147, 147
1118061.3.peg.2767.site.18, 3, 145, 148
1118061.3.peg.2767.site.19, 49, 147, 196
1118061.3.peg.2767.site.20, 145, 146, 291
1118061.3.peg.2767.site.21, 149, 149, 298
1118061.3.peg.2767.site.22, 4, 149, 153
1118061.3.peg.2767.site.23, 123, 149, 272
1118061.3.peg.2767.site.24, 149, 149, 298
1118061.3.peg.2767.site.25, 19, 150, 169
1118061.3.peg.2764.site.1, 51, 148, 199
1118061.3.peg.2764.site.2, 37, 150, 187
1118061.3.peg.2764.site.3, 0, 147, 147
1118061.3.peg.2764.site.4, 23, 145, 168
1118061.3.peg.2764.site.5, 1, 146, 147
1118061.3.peg.2764.site.6, 5, 144, 149
1118061.3.peg.2764.site.7, 5, 146, 151
1118061.3.peg.2764.site.8, 32, 144, 176
1118061.3.peg.2764.site.9, 0, 146, 146
1118061.3.peg.2764.site.10, 27, 145, 172
1118061.3.peg.2764.site.11, 38, 140, 178
1118061.3.peg.2764.site.12, 21, 144, 165
1118061.3.peg.2764.site.13, 28, 149, 177
1118061.3.peg.2764.site.14, 19, 149, 168
1118061.3.peg.2764.site.15, 16, 148, 164
1118061.3.peg.2764.site.16, 9, 138, 147
1118061.3.peg.2764.site.17, 2, 141, 143
1118061.3.peg.2764.site.18, 0, 142, 142
1118061.3.peg.2764.site.19, 0, 136, 136
1118061.3.peg.2764.site.20, 3, 138, 141
1118061.3.peg.2765.site.1, 48, 146, 194
1118061.3.peg.2765.site.2, 41, 147, 188
1118061.3.peg.2765.site.3, 3, 147, 150
1118061.3.peg.2765.site.4, 1, 143, 144
1118061.3.peg.2765.site.5, 9, 148, 157
1118061.3.peg.2765.site.6, 30, 149, 179
1118061.3.peg.2765.site.7, 1, 149, 150
1118061.3.peg.2765.site.8, 60, 149, 209
1118061.3.peg.2765.site.9, 0, 149, 149
1118061.3.peg.2765.site.10, 0, 148, 148
1118061.3.peg.2765.site.11, 0, 130, 130
1118061.3.peg.2765.site.12, 17, 148, 165
1118061.3.peg.2765.site.13, 31, 150, 181
1118061.3.peg.2762.site.1, 0, 149, 149
1118061.3.peg.2762.site.2, 0, 150, 150
1118061.3.peg.2762.site.3, 11, 150, 161
1118061.3.peg.2762.site.4, 20, 136, 156
1118061.3.peg.2762.site.5, 9, 140, 149
1118061.3.peg.2762.site.6, 91, 140, 231
1118061.3.peg.2762.site.7, 1, 133, 134
1118061.3.peg.2762.site.8, 103, 136, 239
1118061.3.peg.2762.site.9, 92, 125, 217
1118061.3.peg.2762.site.10, 1, 125, 126
1118061.3.peg.2762.site.11, 2, 136, 138
1118061.3.peg.2762.site.12, 108, 136, 244
1118061.3.peg.2762.site.13, 10, 136, 146
1118061.3.peg.2762.site.14, 40, 129, 169
1118061.3.peg.2762.site.15, 95, 135, 230
1118061.3.peg.2762.site.16, 2, 133, 135
1118061.3.peg.2762.site.17, 36, 140, 176
1118061.3.peg.2762.site.18, 138, 140, 278
1118061.3.peg.2762.site.19, 2, 147, 149
1118061.3.peg.2762.site.20, 11, 146, 157
1118061.3.peg.2762.site.21, 1, 139, 140
1118061.3.peg.2762.site.22, 3, 132, 135
1118061.3.peg.2762.site.23, 20, 122, 142
1118061.3.peg.2762.site.24, 128, 128, 256
1118061.3.peg.2762.site.25, 0, 145, 145
1118061.3.peg.2762.site.26, 2, 149, 151
1118061.3.peg.1394.site.1, 50, 145, 195
1118061.3.peg.1394.site.2, 0, 145, 145
1118061.3.peg.1394.site.3, 0, 134, 134
1118061.3.peg.1394.site.4, 137, 138, 275
1118061.3.peg.1394.site.5, 145, 145, 290
1118061.3.peg.1394.site.6, 2, 148, 150
1118061.3.peg.1394.site.7, 1, 147, 148
1118061.3.peg.1394.site.8, 143, 143, 286
1118061.3.peg.1394.site.9, 0, 144, 144
1118061.3.peg.1394.site.10, 15, 138, 153
1118061.3.peg.1394.site.11, 2, 124, 126
1118061.3.peg.1394.site.12, 3, 110, 113
1118061.3.peg.1394.site.13, 1, 83, 84
1118061.3.peg.1394.site.14, 37, 76, 113
1118061.3.peg.1394.site.15, 49, 135, 184
1118061.3.peg.1394.site.16, 4, 142, 146
1118061.3.peg.1394.site.17, 32, 144, 176
1118061.3.peg.1394.site.18, 57, 140, 197
1118061.3.peg.1394.site.19, 61, 129, 190
1118061.3.peg.1394.site.20, 110, 147, 257
1118061.3.peg.1394.site.21, 7, 147, 154
1118061.3.peg.1394.site.22, 2, 148, 150
1118061.3.peg.1394.site.23, 4, 149, 153
1118061.3.peg.2761.site.1, 23, 149, 172
1118061.3.peg.2761.site.2, 3, 150, 153
1118061.3.peg.1395.site.1, 75, 146, 221
1118061.3.peg.1395.site.2, 0, 147, 147
1118061.3.peg.1395.site.3, 138, 138, 276
1118061.3.peg.1395.site.4, 0, 138, 138
1118061.3.peg.1395.site.5, 2, 127, 129
1118061.3.peg.1395.site.6, 4, 138, 142
1118061.3.peg.1395.site.7, 2, 141, 143
1118061.3.peg.1395.site.8, 4, 143, 147
1118061.3.peg.1395.site.9, 1, 141, 142
1118061.3.peg.1395.site.10, 3, 147, 150
1118061.3.peg.2769.site.1, 8, 149, 157
1118061.3.peg.2769.site.2, 0, 150, 150
1118061.3.peg.2769.site.3, 49, 147, 196
1118061.3.peg.2769.site.4, 0, 146, 146
1118061.3.peg.2769.site.5, 0, 150, 150
1118061.3.peg.2769.site.6, 2, 150, 152
1118061.3.peg.2769.site.7, 50, 149, 199
1118061.3.peg.2769.site.8, 0, 146, 146
1118061.3.peg.2769.site.9, 0, 141, 141
1118061.3.peg.2769.site.10, 1, 127, 128
1118061.3.peg.2769.site.11, 3, 96, 99
1118061.3.peg.2769.site.12, 8, 106, 114
1118061.3.peg.2769.site.13, 26, 129, 155
1118061.3.peg.2769.site.14, 2, 100, 102
1118061.3.peg.2769.site.15, 3, 146, 149
1118061.3.peg.2769.site.16, 47, 148, 195
1118061.3.peg.2769.site.17, 25, 150, 175
1118061.3.peg.2769.site.18, 52, 149, 201
1118061.3.peg.2769.site.19, 4, 150, 154
1118061.3.peg.435.site.1, 2, 149, 151
1118061.3.peg.435.site.2, 86, 149, 235
1118061.3.peg.435.site.3, 128, 149, 277
1118061.3.peg.435.site.4, 60, 143, 203
1118061.3.peg.435.site.5, 39, 144, 183
1118061.3.peg.435.site.6, 67, 147, 214
1118061.3.peg.435.site.7, 17, 149, 166
1118061.3.peg.435.site.8, 131, 146, 277
1118061.3.peg.435.site.9, 21, 148, 169
1118061.3.peg.435.site.10, 0, 145, 145
1118061.3.peg.435.site.11, 23, 149, 172
1118061.3.peg.434.site.1, 10, 150, 160
1118061.3.peg.434.site.2, 7, 148, 155
1118061.3.peg.434.site.3, 11, 146, 157
1118061.3.peg.434.site.4, 3, 149, 152
1118061.3.peg.434.site.5, 0, 149, 149
1118061.3.peg.437.site.1, 1, 144, 145
1118061.3.peg.437.site.2, 1, 145, 146
1118061.3.peg.437.site.3, 0, 145, 145
1118061.3.peg.437.site.4, 59, 149, 208
1118061.3.peg.437.site.5, 76, 149, 225
1118061.3.peg.437.site.6, 0, 148, 148
1118061.3.peg.437.site.7, 85, 149, 234
1118061.3.peg.437.site.8, 12, 148, 160
1118061.3.peg.437.site.9, 132, 148, 280
1118061.3.peg.436.site.1, 0, 142, 142
1118061.3.peg.436.site.2, 20, 148, 168
1118061.3.peg.436.site.3, 108, 147, 255
1118061.3.peg.436.site.4, 1, 131, 132
1118061.3.peg.436.site.5, 0, 137, 137
1118061.3.peg.436.site.6, 13, 145, 158
1118061.3.peg.436.site.7, 21, 122, 143
1118061.3.peg.431.site.1, 0, 141, 141
1118061.3.peg.431.site.2, 40, 141, 181
1118061.3.peg.431.site.3, 5, 139, 144
1118061.3.peg.431.site.4, 0, 140, 140
1118061.3.peg.431.site.5, 97, 141, 238
1118061.3.peg.431.site.6, 3, 148, 151
1118061.3.peg.431.site.7, 22, 143, 165
1118061.3.peg.431.site.8, 26, 147, 173
1118061.3.peg.431.site.9, 10, 107, 117
1118061.3.peg.431.site.10, 52, 117, 169
1118061.3.peg.431.site.11, 13, 134, 147
1118061.3.peg.431.site.12, 2, 142, 144
1118061.3.peg.431.site.13, 5, 143, 148
1118061.3.peg.430.site.1, 0, 148, 148
1118061.3.peg.430.site.2, 137, 150, 287
1118061.3.peg.430.site.3, 8, 145, 153
1118061.3.peg.430.site.4, 2, 150, 152
1118061.3.peg.430.site.5, 8, 149, 157
1118061.3.peg.430.site.6, 0, 147, 147
1118061.3.peg.430.site.7, 8, 148, 156
1118061.3.peg.430.site.8, 3, 150, 153
1118061.3.peg.430.site.9, 19, 148, 167
1118061.3.peg.430.site.10, 13, 148, 161
1118061.3.peg.430.site.11, 2, 150, 152
1118061.3.peg.430.site.12, 0, 150, 150
1118061.3.peg.430.site.13, 0, 150, 150
1118061.3.peg.430.site.14, 7, 150, 157
1118061.3.peg.430.site.15, 7, 149, 156
1118061.3.peg.430.site.16, 3, 150, 153
1118061.3.peg.430.site.17, 0, 150, 150
1118061.3.peg.433.site.1, 59, 148, 207
1118061.3.peg.433.site.2, 25, 148, 173
1118061.3.peg.433.site.3, 1, 148, 149
1118061.3.peg.433.site.4, 2, 148, 150
1118061.3.peg.433.site.5, 0, 149, 149
1118061.3.peg.433.site.6, 9, 146, 155
1118061.3.peg.433.site.7, 113, 118, 231
1118061.3.peg.433.site.8, 82, 117, 199
1118061.3.peg.433.site.9, 6, 131, 137
1118061.3.peg.433.site.10, 3, 137, 140
1118061.3.peg.433.site.11, 11, 146, 157
1118061.3.peg.433.site.12, 20, 145, 165
1118061.3.peg.433.site.13, 1, 143, 144
1118061.3.peg.433.site.14, 1, 140, 141
1118061.3.peg.433.site.15, 112, 148, 260
1118061.3.peg.433.site.16, 11, 148, 159
1118061.3.peg.433.site.17, 44, 120, 164
1118061.3.peg.433.site.18, 0, 144, 144
1118061.3.peg.433.site.19, 52, 144, 196
1118061.3.peg.433.site.20, 115, 119, 234
1118061.3.peg.433.site.21, 3, 139, 142
1118061.3.peg.433.site.22, 135, 135, 270
1118061.3.peg.433.site.23, 4, 129, 133
1118061.3.peg.433.site.24, 19, 144, 163
1118061.3.peg.433.site.25, 1, 145, 146
1118061.3.peg.433.site.26, 13, 135, 148
1118061.3.peg.433.site.27, 9, 145, 154
1118061.3.peg.433.site.28, 141, 145, 286
1118061.3.peg.433.site.29, 0, 146, 146
1118061.3.peg.433.site.30, 0, 136, 136
1118061.3.peg.433.site.31, 3, 132, 135
1118061.3.peg.433.site.32, 50, 135, 185
1118061.3.peg.433.site.33, 9, 139, 148
1118061.3.peg.433.site.34, 1, 126, 127
1118061.3.peg.433.site.35, 0, 117, 117
1118061.3.peg.433.site.36, 0, 123, 123
1118061.3.peg.433.site.37, 3, 95, 98
1118061.3.peg.433.site.38, 1, 94, 95
1118061.3.peg.433.site.39, 15, 111, 126
1118061.3.peg.433.site.40, 1, 116, 117
1118061.3.peg.433.site.41, 1, 118, 119
1118061.3.peg.433.site.42, 1, 121, 122
1118061.3.peg.433.site.43, 2, 138, 140
1118061.3.peg.433.site.44, 2, 139, 141
1118061.3.peg.433.site.45, 3, 121, 124
1118061.3.peg.433.site.46, 7, 129, 136
1118061.3.peg.433.site.47, 4, 129, 133
1118061.3.peg.433.site.48, 119, 140, 259
1118061.3.peg.432.site.1, 0, 146, 146
1118061.3.peg.432.site.2, 27, 146, 173
1118061.3.peg.432.site.3, 4, 119, 123
1118061.3.peg.432.site.4, 37, 118, 155
1118061.3.peg.432.site.5, 34, 115, 149
1118061.3.peg.432.site.6, 1, 112, 113
1118061.3.peg.432.site.7, 0, 102, 102
1118061.3.peg.432.site.8, 4, 109, 113
1118061.3.peg.432.site.9, 3, 136, 139
1118061.3.peg.432.site.10, 4, 136, 140
1118061.3.peg.432.site.11, 143, 147, 290
1118061.3.peg.432.site.12, 142, 150, 292
1118061.3.peg.432.site.13, 0, 142, 142
1118061.3.peg.432.site.14, 3, 145, 148
1118061.3.peg.432.site.15, 4, 150, 154
1118061.3.peg.432.site.16, 1, 150, 151
1118061.3.peg.439.site.1, 0, 149, 149
1118061.3.peg.439.site.2, 29, 148, 177
1118061.3.peg.439.site.3, 148, 148, 296
1118061.3.peg.439.site.4, 20, 148, 168
1118061.3.peg.439.site.5, 2, 136, 138
1118061.3.peg.439.site.6, 22, 142, 164
1118061.3.peg.439.site.7, 0, 149, 149
1118061.3.peg.439.site.8, 5, 149, 154
1118061.3.peg.439.site.9, 1, 150, 151
1118061.3.peg.439.site.10, 2, 146, 148
1118061.3.peg.439.site.11, 14, 142, 156
1118061.3.peg.439.site.12, 15, 140, 155
1118061.3.peg.439.site.13, 28, 143, 171
1118061.3.peg.438.site.1, 0, 145, 145
1118061.3.peg.438.site.2, 0, 137, 137
1118061.3.peg.438.site.3, 0, 131, 131
1118061.3.peg.438.site.4, 28, 149, 177
1118061.3.peg.438.site.5, 3, 134, 137
1118061.3.peg.438.site.6, 6, 134, 140
1118061.3.peg.438.site.7, 1, 131, 132
1118061.3.peg.438.site.8, 45, 145, 190
1118061.3.peg.2508.site.1, 2, 147, 149
1118061.3.peg.2508.site.2, 13, 147, 160
1118061.3.peg.2508.site.3, 2, 143, 145
1118061.3.peg.2508.site.4, 1, 142, 143
1118061.3.peg.2508.site.5, 7, 143, 150
1118061.3.peg.2508.site.6, 10, 143, 153
1118061.3.peg.2508.site.7, 30, 145, 175
1118061.3.peg.2508.site.8, 70, 145, 215
1118061.3.peg.2508.site.9, 64, 148, 212
1118061.3.peg.2508.site.10, 0, 147, 147
1118061.3.peg.2508.site.11, 95, 143, 238
1118061.3.peg.2508.site.12, 2, 145, 147
1118061.3.peg.2508.site.13, 3, 145, 148
1118061.3.peg.2508.site.14, 140, 140, 280
1118061.3.peg.2508.site.15, 85, 92, 177
1118061.3.peg.2508.site.16, 83, 89, 172
1118061.3.peg.2508.site.17, 95, 95, 190
1118061.3.peg.2508.site.18, 96, 96, 192
1118061.3.peg.2508.site.19, 13, 82, 95
1118061.3.peg.2508.site.20, 12, 82, 94
1118061.3.peg.2508.site.21, 78, 86, 164
1118061.3.peg.2508.site.22, 79, 87, 166
1118061.3.peg.2508.site.23, 89, 98, 187
1118061.3.peg.2509.site.1, 9, 139, 148
1118061.3.peg.2509.site.2, 2, 133, 135
1118061.3.peg.2509.site.3, 92, 120, 212
1118061.3.peg.2509.site.4, 107, 109, 216
1118061.3.peg.2509.site.5, 3, 108, 111
1118061.3.peg.2509.site.6, 0, 123, 123
1118061.3.peg.2509.site.7, 25, 114, 139
1118061.3.peg.2509.site.8, 72, 113, 185
1118061.3.peg.2509.site.9, 0, 117, 117
1118061.3.peg.2509.site.10, 90, 117, 207
1118061.3.peg.2506.site.1, 0, 148, 148
1118061.3.peg.2506.site.2, 10, 149, 159
1118061.3.peg.2506.site.3, 122, 143, 265
1118061.3.peg.2506.site.4, 140, 143, 283
1118061.3.peg.2506.site.5, 9, 128, 137
1118061.3.peg.2506.site.6, 100, 129, 229
1118061.3.peg.2506.site.7, 11, 127, 138
1118061.3.peg.2506.site.8, 11, 129, 140
1118061.3.peg.2506.site.9, 11, 146, 157
1118061.3.peg.2506.site.10, 1, 144, 145
1118061.3.peg.2506.site.11, 132, 148, 280
1118061.3.peg.2506.site.12, 95, 147, 242
1118061.3.peg.2506.site.13, 0, 149, 149
1118061.3.peg.2506.site.14, 3, 147, 150
1118061.3.peg.2507.site.1, 29, 146, 175
1118061.3.peg.2507.site.2, 1, 145, 146
1118061.3.peg.2507.site.3, 63, 146, 209
1118061.3.peg.2507.site.4, 1, 150, 151
1118061.3.peg.2507.site.5, 72, 150, 222
1118061.3.peg.2507.site.6, 149, 149, 298
1118061.3.peg.2507.site.7, 2, 150, 152
1118061.3.peg.2507.site.8, 126, 150, 276
1118061.3.peg.2507.site.9, 39, 149, 188
1118061.3.peg.2507.site.10, 67, 150, 217
1118061.3.peg.2507.site.11, 22, 149, 171
1118061.3.peg.2507.site.12, 0, 149, 149
1118061.3.peg.2507.site.13, 8, 129, 137
1118061.3.peg.2507.site.14, 6, 124, 130
1118061.3.peg.2507.site.15, 20, 129, 149
1118061.3.peg.2507.site.16, 8, 142, 150
1118061.3.peg.2507.site.17, 3, 150, 153
1118061.3.peg.2507.site.18, 34, 150, 184
1118061.3.peg.2507.site.19, 65, 149, 214
1118061.3.peg.2507.site.20, 0, 146, 146
1118061.3.peg.2507.site.21, 32, 148, 180
1118061.3.peg.2507.site.22, 0, 149, 149
1118061.3.peg.2507.site.23, 4, 146, 150
1118061.3.peg.2507.site.24, 2, 147, 149
1118061.3.peg.2507.site.25, 1, 123, 124
1118061.3.peg.2507.site.26, 16, 112, 128
1118061.3.peg.2507.site.27, 112, 113, 225
1118061.3.peg.2507.site.28, 68, 108, 176
1118061.3.peg.2507.site.29, 0, 128, 128
1118061.3.peg.2507.site.30, 0, 146, 146
1118061.3.peg.2507.site.31, 1, 150, 151
1118061.3.peg.2507.site.32, 9, 150, 159
1118061.3.peg.2507.site.33, 8, 149, 157
1118061.3.peg.2507.site.34, 25, 149, 174
1118061.3.peg.2507.site.35, 0, 148, 148
1118061.3.peg.2507.site.36, 0, 149, 149
1118061.3.peg.2507.site.37, 40, 146, 186
1118061.3.peg.2507.site.38, 10, 139, 149
1118061.3.peg.2507.site.39, 38, 122, 160
1118061.3.peg.2507.site.40, 6, 148, 154
1118061.3.peg.2504.site.1, 17, 146, 163
1118061.3.peg.2504.site.2, 143, 144, 287
1118061.3.peg.2504.site.3, 22, 147, 169
1118061.3.peg.2504.site.4, 33, 145, 178
1118061.3.peg.2504.site.5, 23, 147, 170
1118061.3.peg.2504.site.6, 24, 138, 162
1118061.3.peg.2504.site.7, 2, 143, 145
1118061.3.peg.2504.site.8, 119, 141, 260
1118061.3.peg.2504.site.9, 6, 140, 146
1118061.3.peg.2504.site.10, 18, 140, 158
1118061.3.peg.2504.site.11, 11, 145, 156
1118061.3.peg.2504.site.12, 23, 99, 122
1118061.3.peg.2504.site.13, 1, 99, 100
1118061.3.peg.2504.site.14, 1, 106, 107
1118061.3.peg.2504.site.15, 42, 116, 158
1118061.3.peg.2504.site.16, 133, 149, 282
1118061.3.peg.2504.site.17, 23, 142, 165
1118061.3.peg.2504.site.18, 0, 133, 133
1118061.3.peg.2504.site.19, 2, 137, 139
1118061.3.peg.2504.site.20, 43, 145, 188
1118061.3.peg.2504.site.21, 1, 143, 144
1118061.3.peg.2504.site.22, 1, 139, 140
1118061.3.peg.2504.site.23, 127, 132, 259
1118061.3.peg.2504.site.24, 135, 135, 270
1118061.3.peg.2504.site.25, 20, 147, 167
1118061.3.peg.2504.site.26, 0, 150, 150
1118061.3.peg.2504.site.27, 48, 147, 195
1118061.3.peg.2504.site.28, 1, 144, 145
1118061.3.peg.2504.site.29, 1, 124, 125
1118061.3.peg.2504.site.30, 39, 119, 158
1118061.3.peg.2504.site.31, 16, 110, 126
1118061.3.peg.2504.site.32, 39, 110, 149
1118061.3.peg.2504.site.33, 3, 119, 122
1118061.3.peg.2504.site.34, 1, 124, 125
1118061.3.peg.2504.site.35, 7, 142, 149
1118061.3.peg.2504.site.36, 3, 142, 145
1118061.3.peg.2504.site.37, 145, 147, 292
1118061.3.peg.2505.site.1, 3, 147, 150
1118061.3.peg.2505.site.2, 20, 149, 169
1118061.3.peg.2505.site.3, 3, 150, 153
1118061.3.peg.2505.site.4, 3, 149, 152
1118061.3.peg.2505.site.5, 90, 147, 237
1118061.3.peg.2505.site.6, 96, 149, 245
1118061.3.peg.2505.site.7, 7, 149, 156
1118061.3.peg.2502.site.1, 0, 146, 146
1118061.3.peg.2502.site.2, 0, 144, 144
1118061.3.peg.2502.site.3, 2, 145, 147
1118061.3.peg.2502.site.4, 21, 143, 164
1118061.3.peg.2503.site.1, 19, 146, 165
1118061.3.peg.2503.site.2, 19, 146, 165
1118061.3.peg.2503.site.3, 0, 145, 145
1118061.3.peg.2503.site.4, 3, 127, 130
1118061.3.peg.2503.site.5, 0, 129, 129
1118061.3.peg.2503.site.6, 18, 136, 154
1118061.3.peg.2503.site.7, 10, 107, 117
1118061.3.peg.2503.site.8, 139, 139, 278
1118061.3.peg.2503.site.9, 21, 143, 164
1118061.3.peg.2500.site.1, 2, 146, 148
1118061.3.peg.2500.site.2, 8, 142, 150
1118061.3.peg.2500.site.3, 50, 148, 198
1118061.3.peg.2500.site.4, 61, 149, 210
1118061.3.peg.2500.site.5, 3, 150, 153
1118061.3.peg.2500.site.6, 149, 150, 299
1118061.3.peg.2500.site.7, 119, 150, 269
1118061.3.peg.2500.site.8, 0, 149, 149
1118061.3.peg.2500.site.9, 0, 145, 145
1118061.3.peg.2500.site.10, 0, 146, 146
1118061.3.peg.2500.site.11, 0, 149, 149
1118061.3.peg.2500.site.12, 1, 150, 151
1118061.3.peg.2500.site.13, 0, 148, 148
1118061.3.peg.2500.site.14, 0, 150, 150
1118061.3.peg.2500.site.15, 2, 146, 148
1118061.3.peg.2500.site.16, 14, 145, 159
1118061.3.peg.2500.site.17, 3, 138, 141
1118061.3.peg.2500.site.18, 5, 127, 132
1118061.3.peg.2501.site.1, 101, 150, 251
1118061.3.peg.2501.site.2, 2, 150, 152
1118061.3.peg.2501.site.3, 5, 149, 154
1118061.3.peg.2501.site.4, 0, 148, 148
1118061.3.peg.2501.site.5, 5, 144, 149
1118061.3.peg.2501.site.6, 6, 142, 148
1118061.3.peg.2501.site.7, 44, 144, 188
1118061.3.peg.2501.site.8, 4, 148, 152
1118061.3.peg.2501.site.9, 49, 148, 197
1118061.3.peg.2501.site.10, 3, 150, 153
1118061.3.peg.2501.site.11, 0, 134, 134
1118061.3.peg.2501.site.12, 12, 148, 160
1118061.3.peg.2501.site.13, 50, 146, 196
1118061.3.peg.2501.site.14, 148, 148, 296
1118061.3.peg.2501.site.15, 1, 148, 149
1118061.3.peg.897.site.1, 100, 146, 246
1118061.3.peg.897.site.2, 145, 146, 291
1118061.3.peg.897.site.3, 2, 139, 141
1118061.3.peg.897.site.4, 5, 143, 148
1118061.3.peg.897.site.5, 2, 149, 151
1118061.3.peg.897.site.6, 10, 140, 150
1118061.3.peg.897.site.7, 1, 121, 122
1118061.3.peg.897.site.8, 98, 125, 223
1118061.3.peg.897.site.9, 38, 124, 162
1118061.3.peg.897.site.10, 1, 135, 136
1118061.3.peg.897.site.11, 0, 142, 142
1118061.3.peg.897.site.12, 2, 138, 140
1118061.3.peg.897.site.13, 1, 142, 143
1118061.3.peg.897.site.14, 0, 144, 144
1118061.3.peg.897.site.15, 0, 146, 146
1118061.3.peg.897.site.16, 17, 147, 164
1118061.3.peg.897.site.17, 0, 145, 145
1118061.3.peg.897.site.18, 0, 141, 141
1118061.3.peg.897.site.19, 23, 135, 158
1118061.3.peg.897.site.20, 132, 139, 271
1118061.3.peg.897.site.21, 0, 146, 146
1118061.3.peg.897.site.22, 137, 141, 278
1118061.3.peg.897.site.23, 30, 144, 174
1118061.3.peg.897.site.24, 2, 145, 147
1118061.3.peg.897.site.25, 3, 145, 148
1118061.3.peg.897.site.26, 30, 145, 175
1118061.3.peg.897.site.27, 139, 142, 281
1118061.3.peg.897.site.28, 2, 133, 135
1118061.3.peg.897.site.29, 3, 142, 145
1118061.3.peg.897.site.30, 2, 139, 141
1118061.3.peg.897.site.31, 0, 140, 140
1118061.3.peg.897.site.32, 6, 143, 149
1118061.3.peg.897.site.33, 1, 140, 141
1118061.3.peg.897.site.34, 107, 139, 246
1118061.3.peg.897.site.35, 0, 139, 139
1118061.3.peg.897.site.36, 18, 141, 159
1118061.3.peg.897.site.37, 106, 143, 249
1118061.3.peg.896.site.1, 13, 149, 162
1118061.3.peg.896.site.2, 20, 150, 170
1118061.3.peg.896.site.3, 133, 148, 281
1118061.3.peg.896.site.4, 6, 146, 152
1118061.3.peg.896.site.5, 1, 128, 129
1118061.3.peg.896.site.6, 5, 139, 144
1118061.3.peg.896.site.7, 51, 140, 191
1118061.3.peg.896.site.8, 1, 144, 145
1118061.3.peg.896.site.9, 3, 149, 152
1118061.3.peg.896.site.10, 2, 147, 149
1118061.3.peg.896.site.11, 7, 149, 156
1118061.3.peg.896.site.12, 18, 150, 168
1118061.3.peg.896.site.13, 83, 147, 230
1118061.3.peg.896.site.14, 11, 149, 160
1118061.3.peg.896.site.15, 3, 149, 152
1118061.3.peg.895.site.1, 1, 148, 149
1118061.3.peg.895.site.2, 8, 150, 158
1118061.3.peg.895.site.3, 0, 148, 148
1118061.3.peg.895.site.4, 21, 149, 170
1118061.3.peg.895.site.5, 87, 148, 235
1118061.3.peg.895.site.6, 15, 132, 147
1118061.3.peg.895.site.7, 0, 133, 133
1118061.3.peg.895.site.8, 65, 146, 211
1118061.3.peg.894.site.1, 26, 136, 162
1118061.3.peg.894.site.2, 2, 143, 145
1118061.3.peg.894.site.3, 30, 148, 178
1118061.3.peg.894.site.4, 0, 148, 148
1118061.3.peg.894.site.5, 1, 150, 151
1118061.3.peg.894.site.6, 55, 149, 204
1118061.3.peg.894.site.7, 98, 149, 247
1118061.3.peg.894.site.8, 0, 145, 145
1118061.3.peg.894.site.9, 43, 145, 188
1118061.3.peg.894.site.10, 3, 148, 151
1118061.3.peg.894.site.11, 1, 146, 147
1118061.3.peg.894.site.12, 24, 134, 158
1118061.3.peg.894.site.13, 18, 138, 156
1118061.3.peg.894.site.14, 19, 140, 159
1118061.3.peg.894.site.15, 56, 138, 194
1118061.3.peg.894.site.16, 1, 139, 140
1118061.3.peg.894.site.17, 0, 145, 145
1118061.3.peg.894.site.18, 1, 147, 148
1118061.3.peg.894.site.19, 18, 143, 161
1118061.3.peg.894.site.20, 2, 118, 120
1118061.3.peg.894.site.21, 0, 121, 121
1118061.3.peg.894.site.22, 1, 139, 140
1118061.3.peg.894.site.23, 1, 124, 125
1118061.3.peg.894.site.24, 55, 137, 192
1118061.3.peg.894.site.25, 1, 121, 122
1118061.3.peg.894.site.26, 0, 135, 135
1118061.3.peg.894.site.27, 129, 142, 271
1118061.3.peg.894.site.28, 0, 149, 149
1118061.3.peg.893.site.1, 1, 137, 138
1118061.3.peg.893.site.2, 22, 141, 163
1118061.3.peg.893.site.3, 27, 142, 169
1118061.3.peg.893.site.4, 21, 146, 167
1118061.3.peg.893.site.5, 1, 148, 149
1118061.3.peg.893.site.6, 0, 149, 149
1118061.3.peg.893.site.7, 32, 148, 180
1118061.3.peg.893.site.8, 91, 150, 241
1118061.3.peg.893.site.9, 17, 140, 157
1118061.3.peg.893.site.10, 0, 140, 140
1118061.3.peg.893.site.11, 0, 140, 140
1118061.3.peg.893.site.12, 54, 140, 194
1118061.3.peg.893.site.13, 2, 141, 143
1118061.3.peg.893.site.14, 0, 142, 142
1118061.3.peg.893.site.15, 8, 143, 151
1118061.3.peg.893.site.16, 2, 96, 98
1118061.3.peg.893.site.17, 21, 145, 166
1118061.3.peg.893.site.18, 20, 122, 142
1118061.3.peg.893.site.19, 3, 119, 122
1118061.3.peg.893.site.20, 2, 103, 105
1118061.3.peg.893.site.21, 2, 141, 143
1118061.3.peg.893.site.22, 0, 141, 141
1118061.3.peg.893.site.23, 14, 132, 146
1118061.3.peg.893.site.24, 4, 148, 152
1118061.3.peg.891.site.1, 0, 145, 145
1118061.3.peg.891.site.2, 2, 148, 150
1118061.3.peg.891.site.3, 2, 149, 151
1118061.3.peg.891.site.4, 58, 149, 207
1118061.3.peg.891.site.5, 5, 147, 152
1118061.3.peg.891.site.6, 46, 147, 193
1118061.3.peg.890.site.1, 28, 150, 178
1118061.3.peg.890.site.2, 19, 148, 167
1118061.3.peg.890.site.3, 150, 150, 300
1118061.3.peg.890.site.4, 0, 148, 148
1118061.3.peg.890.site.5, 2, 149, 151
1118061.3.peg.890.site.6, 119, 146, 265
1118061.3.peg.890.site.7, 0, 148, 148
1118061.3.peg.890.site.8, 143, 150, 293
1118061.3.peg.890.site.9, 0, 148, 148
1118061.3.peg.890.site.10, 8, 147, 155
1118061.3.peg.890.site.11, 10, 144, 154
1118061.3.peg.890.site.12, 128, 142, 270
1118061.3.peg.890.site.13, 1, 140, 141
1118061.3.peg.890.site.14, 13, 143, 156
1118061.3.peg.890.site.15, 0, 144, 144
1118061.3.peg.1152.site.1, 36, 146, 182
1118061.3.peg.1152.site.2, 0, 145, 145
1118061.3.peg.1152.site.3, 11, 145, 156
1118061.3.peg.1152.site.4, 0, 145, 145
1118061.3.peg.1152.site.5, 11, 142, 153
1118061.3.peg.1152.site.6, 0, 141, 141
1118061.3.peg.1152.site.7, 7, 146, 153
1118061.3.peg.1152.site.8, 8, 137, 145
1118061.3.peg.1152.site.9, 90, 123, 213
1118061.3.peg.1152.site.10, 65, 124, 189
1118061.3.peg.1152.site.11, 0, 128, 128
1118061.3.peg.899.site.1, 18, 142, 160
1118061.3.peg.899.site.2, 42, 142, 184
1118061.3.peg.899.site.3, 0, 146, 146
1118061.3.peg.899.site.4, 2, 135, 137
1118061.3.peg.899.site.5, 22, 107, 129
1118061.3.peg.899.site.6, 1, 99, 100
1118061.3.peg.899.site.7, 3, 100, 103
1118061.3.peg.899.site.8, 45, 129, 174
1118061.3.peg.899.site.9, 36, 143, 179
1118061.3.peg.899.site.10, 27, 146, 173
1118061.3.peg.899.site.11, 91, 148, 239
1118061.3.peg.899.site.12, 0, 146, 146
1118061.3.peg.899.site.13, 24, 148, 172
1118061.3.peg.898.site.1, 3, 116, 119
1118061.3.peg.898.site.2, 4, 101, 105
1118061.3.peg.898.site.3, 11, 111, 122
1118061.3.peg.898.site.4, 1, 123, 124
1118061.3.peg.898.site.5, 21, 138, 159
1118061.3.peg.898.site.6, 1, 132, 133
1118061.3.peg.898.site.7, 5, 131, 136
1118061.3.peg.898.site.8, 1, 137, 138
1118061.3.peg.898.site.9, 2, 139, 141
1118061.3.peg.898.site.10, 66, 145, 211
1118061.3.peg.898.site.11, 0, 149, 149
1118061.3.peg.898.site.12, 2, 149, 151
1118061.3.peg.898.site.13, 2, 150, 152
1118061.3.peg.898.site.14, 51, 150, 201
1118061.3.peg.898.site.15, 2, 149, 151
1118061.3.peg.898.site.16, 9, 150, 159
1118061.3.peg.898.site.17, 21, 149, 170
1118061.3.peg.898.site.18, 42, 148, 190
1118061.3.peg.898.site.19, 4, 149, 153
1118061.3.peg.898.site.20, 1, 146, 147
1118061.3.peg.898.site.21, 3, 150, 153
1118061.3.peg.898.site.22, 150, 150, 300
1118061.3.peg.898.site.23, 1, 150, 151
1118061.3.peg.898.site.24, 1, 148, 149
1118061.3.peg.898.site.25, 3, 149, 152
1118061.3.peg.898.site.26, 1, 148, 149
1118061.3.peg.898.site.27, 3, 148, 151
1118061.3.peg.898.site.28, 4, 149, 153
1118061.3.peg.898.site.29, 148, 148, 296
1118061.3.peg.898.site.30, 2, 146, 148
1118061.3.peg.1077.site.1, 0, 150, 150
1118061.3.peg.1077.site.2, 0, 148, 148
1118061.3.peg.1077.site.3, 1, 149, 150
1118061.3.peg.1077.site.4, 9, 149, 158
1118061.3.peg.1077.site.5, 3, 150, 153
1118061.3.peg.1076.site.1, 32, 150, 182
1118061.3.peg.1076.site.2, 71, 149, 220
1118061.3.peg.1076.site.3, 33, 150, 183
1118061.3.peg.1076.site.4, 21, 147, 168
1118061.3.peg.1076.site.5, 21, 142, 163
1118061.3.peg.1076.site.6, 20, 139, 159
1118061.3.peg.1076.site.7, 1, 146, 147
1118061.3.peg.1076.site.8, 4, 149, 153
1118061.3.peg.1076.site.9, 23, 147, 170
1118061.3.peg.1076.site.10, 1, 150, 151
1118061.3.peg.1076.site.11, 56, 149, 205
1118061.3.peg.1076.site.12, 47, 130, 177
1118061.3.peg.389.site.1, 2, 149, 151
1118061.3.peg.389.site.2, 101, 149, 250
1118061.3.peg.389.site.3, 0, 149, 149
1118061.3.peg.389.site.4, 1, 148, 149
1118061.3.peg.389.site.5, 5, 148, 153
1118061.3.peg.389.site.6, 1, 148, 149
1118061.3.peg.389.site.7, 0, 150, 150
1118061.3.peg.389.site.8, 26, 150, 176
1118061.3.peg.389.site.9, 1, 150, 151
1118061.3.peg.389.site.10, 7, 149, 156
1118061.3.peg.389.site.11, 77, 147, 224
1118061.3.peg.389.site.12, 19, 148, 167
1118061.3.peg.389.site.13, 73, 147, 220
1118061.3.peg.389.site.14, 147, 147, 294
1118061.3.peg.389.site.15, 40, 145, 185
1118061.3.peg.389.site.16, 2, 127, 129
1118061.3.peg.389.site.17, 7, 148, 155
1118061.3.peg.389.site.18, 1, 149, 150
1118061.3.peg.389.site.19, 33, 147, 180
1118061.3.peg.389.site.20, 20, 145, 165
1118061.3.peg.389.site.21, 5, 145, 150
1118061.3.peg.389.site.22, 112, 143, 255
1118061.3.peg.389.site.23, 116, 148, 264
1118061.3.peg.389.site.24, 148, 148, 296
1118061.3.peg.389.site.25, 5, 150, 155
1118061.3.peg.389.site.26, 13, 129, 142
1118061.3.peg.389.site.27, 83, 140, 223
1118061.3.peg.389.site.28, 2, 150, 152
1118061.3.peg.389.site.29, 107, 150, 257
1118061.3.peg.389.site.30, 2, 150, 152
1118061.3.peg.388.site.1, 19, 150, 169
1118061.3.peg.388.site.2, 56, 149, 205
1118061.3.peg.1073.site.1, 142, 142, 284
1118061.3.peg.1073.site.2, 1, 142, 143
1118061.3.peg.1073.site.3, 0, 142, 142
1118061.3.peg.1073.site.4, 3, 149, 152
1118061.3.peg.1073.site.5, 64, 149, 213
1118061.3.peg.1073.site.6, 18, 148, 166
1118061.3.peg.1073.site.7, 21, 139, 160
1118061.3.peg.1073.site.8, 22, 139, 161
1118061.3.peg.1072.site.1, 1, 150, 151
1118061.3.peg.1072.site.2, 3, 146, 149
1118061.3.peg.1072.site.3, 0, 148, 148
1118061.3.peg.1072.site.4, 1, 86, 87
1118061.3.peg.1072.site.5, 31, 111, 142
1118061.3.peg.1072.site.6, 2, 147, 149
1118061.3.peg.1072.site.7, 143, 143, 286
1118061.3.peg.1072.site.8, 96, 100, 196
1118061.3.peg.1072.site.9, 2, 102, 104
1118061.3.peg.1072.site.10, 0, 109, 109
1118061.3.peg.1072.site.11, 34, 135, 169
1118061.3.peg.1072.site.12, 36, 136, 172
1118061.3.peg.1072.site.13, 64, 139, 203
1118061.3.peg.1072.site.14, 64, 140, 204
1118061.3.peg.1072.site.15, 37, 148, 185
1118061.3.peg.1071.site.1, 110, 140, 250
1118061.3.peg.1071.site.2, 111, 141, 252
1118061.3.peg.1071.site.3, 3, 119, 122
1118061.3.peg.1071.site.4, 2, 139, 141
1118061.3.peg.1071.site.5, 3, 150, 153
1118061.3.peg.1071.site.6, 2, 144, 146
1118061.3.peg.1071.site.7, 0, 137, 137
1118061.3.peg.1071.site.8, 1, 144, 145
1118061.3.peg.1071.site.9, 0, 146, 146
1118061.3.peg.1071.site.10, 39, 145, 184
1118061.3.peg.1071.site.11, 1, 150, 151
1118061.3.peg.1071.site.12, 2, 112, 114
1118061.3.peg.1071.site.13, 2, 108, 110
1118061.3.peg.1071.site.14, 4, 112, 116
1118061.3.peg.1071.site.15, 103, 145, 248
1118061.3.peg.1070.site.1, 1, 149, 150
1118061.3.peg.1070.site.2, 15, 148, 163
1118061.3.peg.1070.site.3, 21, 147, 168
1118061.3.peg.1070.site.4, 97, 146, 243
1118061.3.peg.1070.site.5, 1, 150, 151
1118061.3.peg.1070.site.6, 1, 149, 150
1118061.3.peg.1070.site.7, 0, 145, 145
1118061.3.peg.1070.site.8, 5, 125, 130
1118061.3.peg.1070.site.9, 119, 119, 238
1118061.3.peg.1070.site.10, 0, 101, 101
1118061.3.peg.1070.site.11, 0, 110, 110
1118061.3.peg.1070.site.12, 2, 114, 116
1118061.3.peg.1070.site.13, 38, 141, 179
1118061.3.peg.1070.site.14, 32, 139, 171
1118061.3.peg.1070.site.15, 148, 148, 296
1118061.3.peg.1070.site.16, 1, 149, 150
1118061.3.peg.1070.site.17, 56, 150, 206
1118061.3.peg.1070.site.18, 11, 148, 159
1118061.3.peg.1070.site.19, 25, 150, 175
1118061.3.peg.1070.site.20, 0, 135, 135
1118061.3.peg.383.site.1, 0, 147, 147
1118061.3.peg.383.site.2, 9, 148, 157
1118061.3.peg.383.site.3, 0, 150, 150
1118061.3.peg.383.site.4, 6, 148, 154
1118061.3.peg.383.site.5, 51, 149, 200
1118061.3.peg.383.site.6, 96, 145, 241
1118061.3.peg.383.site.7, 17, 150, 167
1118061.3.peg.383.site.8, 44, 150, 194
1118061.3.peg.383.site.9, 20, 150, 170
1118061.3.peg.383.site.10, 54, 149, 203
1118061.3.peg.383.site.11, 2, 149, 151
1118061.3.peg.383.site.12, 7, 146, 153
1118061.3.peg.383.site.13, 3, 150, 153
1118061.3.peg.383.site.14, 32, 150, 182
1118061.3.peg.383.site.15, 3, 149, 152
1118061.3.peg.383.site.16, 149, 150, 299
1118061.3.peg.383.site.17, 83, 147, 230
1118061.3.peg.383.site.18, 0, 148, 148
1118061.3.peg.383.site.19, 4, 115, 119
1118061.3.peg.383.site.20, 8, 143, 151
1118061.3.peg.383.site.21, 62, 149, 211
1118061.3.peg.383.site.22, 122, 150, 272
1118061.3.peg.383.site.23, 28, 147, 175
1118061.3.peg.383.site.24, 4, 147, 151
1118061.3.peg.383.site.25, 74, 149, 223
1118061.3.peg.383.site.26, 2, 149, 151
1118061.3.peg.383.site.27, 0, 148, 148
1118061.3.peg.383.site.28, 35, 148, 183
1118061.3.peg.383.site.29, 1, 150, 151
1118061.3.peg.383.site.30, 0, 148, 148
1118061.3.peg.383.site.31, 1, 150, 151
1118061.3.peg.383.site.32, 2, 150, 152
1118061.3.peg.383.site.33, 0, 148, 148
1118061.3.peg.1154.site.1, 0, 142, 142
1118061.3.peg.1154.site.2, 1, 146, 147
1118061.3.peg.1154.site.3, 0, 143, 143
1118061.3.peg.1154.site.4, 106, 149, 255
1118061.3.peg.1154.site.5, 1, 145, 146
1118061.3.peg.1154.site.6, 70, 148, 218
1118061.3.peg.1154.site.7, 29, 147, 176
1118061.3.peg.1154.site.8, 34, 148, 182
1118061.3.peg.1154.site.9, 73, 150, 223
1118061.3.peg.381.site.1, 25, 149, 174
1118061.3.peg.381.site.2, 0, 149, 149
1118061.3.peg.381.site.3, 147, 147, 294
1118061.3.peg.381.site.4, 0, 148, 148
1118061.3.peg.381.site.5, 2, 147, 149
1118061.3.peg.381.site.6, 1, 140, 141
1118061.3.peg.380.site.1, 55, 148, 203
1118061.3.peg.380.site.2, 27, 149, 176
1118061.3.peg.380.site.3, 19, 148, 167
1118061.3.peg.380.site.4, 53, 150, 203
1118061.3.peg.380.site.5, 0, 150, 150
1118061.3.peg.380.site.6, 3, 150, 153
1118061.3.peg.380.site.7, 36, 147, 183
1118061.3.peg.380.site.8, 3, 149, 152
1118061.3.peg.380.site.9, 19, 149, 168
1118061.3.peg.380.site.10, 0, 147, 147
1118061.3.peg.380.site.11, 58, 118, 176
1118061.3.peg.380.site.12, 149, 150, 299
1118061.3.peg.387.site.1, 0, 150, 150
1118061.3.peg.387.site.2, 0, 107, 107
1118061.3.peg.387.site.3, 0, 109, 109
1118061.3.peg.387.site.4, 0, 119, 119
1118061.3.peg.387.site.5, 1, 137, 138
1118061.3.peg.387.site.6, 0, 138, 138
1118061.3.peg.387.site.7, 0, 145, 145
1118061.3.peg.387.site.8, 24, 140, 164
1118061.3.peg.387.site.9, 0, 137, 137
1118061.3.peg.387.site.10, 1, 148, 149
1118061.3.peg.387.site.11, 21, 147, 168
1118061.3.peg.387.site.12, 1, 147, 148
1118061.3.peg.387.site.13, 0, 150, 150
1118061.3.peg.387.site.14, 0, 150, 150
1118061.3.peg.387.site.15, 61, 148, 209
1118061.3.peg.387.site.16, 1, 124, 125
1118061.3.peg.387.site.17, 17, 127, 144
1118061.3.peg.387.site.18, 1, 143, 144
1118061.3.peg.386.site.1, 51, 148, 199
1118061.3.peg.386.site.2, 26, 145, 171
1118061.3.peg.386.site.3, 49, 142, 191
1118061.3.peg.386.site.4, 23, 144, 167
1118061.3.peg.386.site.5, 23, 144, 167
1118061.3.peg.386.site.6, 25, 143, 168
1118061.3.peg.386.site.7, 11, 147, 158
1118061.3.peg.386.site.8, 73, 148, 221
1118061.3.peg.386.site.9, 2, 150, 152
1118061.3.peg.386.site.10, 26, 149, 175
1118061.3.peg.386.site.11, 91, 145, 236
1118061.3.peg.386.site.12, 91, 144, 235
1118061.3.peg.386.site.13, 2, 148, 150
1118061.3.peg.1079.site.1, 2, 147, 149
1118061.3.peg.1079.site.2, 2, 144, 146
1118061.3.peg.1079.site.3, 2, 143, 145
1118061.3.peg.1079.site.4, 1, 140, 141
1118061.3.peg.1079.site.5, 22, 135, 157
1118061.3.peg.1079.site.6, 16, 116, 132
1118061.3.peg.1079.site.7, 1, 110, 111
1118061.3.peg.1079.site.8, 3, 120, 123
1118061.3.peg.1079.site.9, 5, 133, 138
1118061.3.peg.1079.site.10, 140, 140, 280
1118061.3.peg.1079.site.11, 143, 143, 286
1118061.3.peg.1079.site.12, 3, 144, 147
1118061.3.peg.1079.site.13, 104, 138, 242
1118061.3.peg.1079.site.14, 2, 95, 97
1118061.3.peg.1079.site.15, 50, 85, 135
1118061.3.peg.1079.site.16, 0, 128, 128
1118061.3.peg.1079.site.17, 1, 130, 131
1118061.3.peg.1079.site.18, 32, 131, 163
1118061.3.peg.1079.site.19, 19, 133, 152
1118061.3.peg.1079.site.20, 1, 127, 128
1118061.3.peg.1079.site.21, 4, 125, 129
1118061.3.peg.1079.site.22, 3, 141, 144
1118061.3.peg.1079.site.23, 6, 147, 153
1118061.3.peg.1079.site.24, 3, 146, 149
1118061.3.peg.1079.site.25, 33, 141, 174
1118061.3.peg.1079.site.26, 2, 139, 141
1118061.3.peg.1079.site.27, 5, 131, 136
1118061.3.peg.1079.site.28, 3, 143, 146
1118061.3.peg.1079.site.29, 1, 141, 142
1118061.3.peg.1079.site.30, 43, 123, 166
1118061.3.peg.1079.site.31, 128, 128, 256
1118061.3.peg.1079.site.32, 0, 143, 143
1118061.3.peg.1079.site.33, 4, 139, 143
1118061.3.peg.1079.site.34, 48, 128, 176
1118061.3.peg.1079.site.35, 49, 129, 178
1118061.3.peg.1079.site.36, 1, 132, 133
1118061.3.peg.1079.site.37, 134, 134, 268
1118061.3.peg.1079.site.38, 115, 149, 264
1118061.3.peg.1079.site.39, 0, 150, 150
1118061.3.peg.1078.site.1, 44, 146, 190
1118061.3.peg.1078.site.2, 42, 142, 184
1118061.3.peg.1078.site.3, 83, 146, 229
1118061.3.peg.1078.site.4, 0, 146, 146
1118061.3.peg.1078.site.5, 15, 149, 164
1118061.3.peg.1078.site.6, 131, 141, 272
1118061.3.peg.1078.site.7, 1, 138, 139
1118061.3.peg.1078.site.8, 3, 142, 145
1118061.3.peg.1078.site.9, 1, 146, 147
1118061.3.peg.1078.site.10, 0, 140, 140
1118061.3.peg.1078.site.11, 0, 146, 146
1118061.3.peg.1078.site.12, 2, 142, 144
1118061.3.peg.1078.site.13, 7, 140, 147
1118061.3.peg.1078.site.14, 2, 80, 82
1118061.3.peg.1078.site.15, 80, 91, 171
1118061.3.peg.1078.site.16, 69, 91, 160
1118061.3.peg.1078.site.17, 1, 95, 96
1118061.3.peg.1078.site.18, 136, 137, 273
1118061.3.peg.2212.site.1, 17, 148, 165
1118061.3.peg.2213.site.1, 19, 150, 169
1118061.3.peg.2213.site.2, 1, 150, 151
1118061.3.peg.2213.site.3, 0, 150, 150
1118061.3.peg.2213.site.4, 1, 150, 151
1118061.3.peg.2213.site.5, 37, 150, 187
1118061.3.peg.2210.site.1, 29, 146, 175
1118061.3.peg.2211.site.1, 0, 148, 148
1118061.3.peg.2211.site.2, 0, 150, 150
1118061.3.peg.2211.site.3, 3, 147, 150
1118061.3.peg.2211.site.4, 3, 131, 134
1118061.3.peg.2216.site.1, 0, 149, 149
1118061.3.peg.2216.site.2, 3, 150, 153
1118061.3.peg.2216.site.3, 4, 150, 154
1118061.3.peg.2216.site.4, 3, 150, 153
1118061.3.peg.2216.site.5, 4, 149, 153
1118061.3.peg.2216.site.6, 65, 149, 214
1118061.3.peg.2216.site.7, 4, 149, 153
1118061.3.peg.2216.site.8, 138, 144, 282
1118061.3.peg.2216.site.9, 135, 138, 273
1118061.3.peg.2216.site.10, 39, 150, 189
1118061.3.peg.2216.site.11, 0, 149, 149
1118061.3.peg.2216.site.12, 4, 150, 154
1118061.3.peg.2216.site.13, 138, 150, 288
1118061.3.peg.2216.site.14, 3, 150, 153
1118061.3.peg.2216.site.15, 51, 150, 201
1118061.3.peg.2216.site.16, 2, 149, 151
1118061.3.peg.2216.site.17, 3, 149, 152
1118061.3.peg.2216.site.18, 0, 150, 150
1118061.3.peg.2216.site.19, 34, 149, 183
1118061.3.peg.2216.site.20, 3, 149, 152
1118061.3.peg.2216.site.21, 6, 149, 155
1118061.3.peg.2216.site.22, 87, 146, 233
1118061.3.peg.2216.site.23, 0, 149, 149
1118061.3.peg.2216.site.24, 79, 150, 229
1118061.3.peg.2216.site.25, 134, 149, 283
1118061.3.peg.2216.site.26, 134, 149, 283
1118061.3.peg.2216.site.27, 12, 146, 158
1118061.3.peg.2216.site.28, 2, 150, 152
1118061.3.peg.2216.site.29, 3, 147, 150
1118061.3.peg.2216.site.30, 5, 150, 155
1118061.3.peg.2216.site.31, 8, 149, 157
1118061.3.peg.2216.site.32, 7, 147, 154
1118061.3.peg.2216.site.33, 0, 147, 147
1118061.3.peg.2216.site.34, 52, 150, 202
1118061.3.peg.2216.site.35, 0, 150, 150
1118061.3.peg.2216.site.36, 0, 150, 150
1118061.3.peg.2216.site.37, 5, 149, 154
1118061.3.peg.2216.site.38, 5, 145, 150
1118061.3.peg.2216.site.39, 3, 148, 151
1118061.3.peg.2216.site.40, 46, 149, 195
1118061.3.peg.2216.site.41, 10, 148, 158
1118061.3.peg.2216.site.42, 88, 143, 231
1118061.3.peg.2216.site.43, 34, 142, 176
1118061.3.peg.2216.site.44, 131, 146, 277
1118061.3.peg.2216.site.45, 15, 150, 165
1118061.3.peg.2216.site.46, 20, 147, 167
1118061.3.peg.2216.site.47, 24, 150, 174
1118061.3.peg.2216.site.48, 3, 149, 152
1118061.3.peg.2216.site.49, 0, 149, 149
1118061.3.peg.2216.site.50, 0, 150, 150
1118061.3.peg.2216.site.51, 44, 144, 188
1118061.3.peg.2216.site.52, 0, 136, 136
1118061.3.peg.2216.site.53, 68, 68, 136
1118061.3.peg.2216.site.54, 60, 60, 120
1118061.3.peg.2216.site.55, 59, 59, 118
1118061.3.peg.2216.site.56, 57, 57, 114
1118061.3.peg.2216.site.57, 61, 61, 122
1118061.3.peg.2216.site.58, 69, 69, 138
1118061.3.peg.2216.site.59, 0, 110, 110
1118061.3.peg.2216.site.60, 43, 127, 170
1118061.3.peg.2216.site.61, 43, 145, 188
1118061.3.peg.2216.site.62, 0, 144, 144
1118061.3.peg.2216.site.63, 0, 146, 146
1118061.3.peg.2216.site.64, 12, 147, 159
1118061.3.peg.2216.site.65, 1, 147, 148
1118061.3.peg.2216.site.66, 3, 147, 150
1118061.3.peg.1156.site.1, 1, 150, 151
1118061.3.peg.1156.site.2, 0, 149, 149
1118061.3.peg.1156.site.3, 0, 150, 150
1118061.3.peg.1156.site.4, 1, 150, 151
1118061.3.peg.1156.site.5, 30, 148, 178
1118061.3.peg.1156.site.6, 33, 145, 178
1118061.3.peg.1156.site.7, 0, 143, 143
1118061.3.peg.1156.site.8, 139, 139, 278
1118061.3.peg.1156.site.9, 29, 146, 175
1118061.3.peg.1156.site.10, 0, 146, 146
1118061.3.peg.1156.site.11, 97, 150, 247
1118061.3.peg.1156.site.12, 27, 149, 176
1118061.3.peg.1156.site.13, 30, 150, 180
1118061.3.peg.1156.site.14, 34, 147, 181
1118061.3.peg.1156.site.15, 1, 150, 151
1118061.3.peg.1156.site.16, 55, 144, 199
1118061.3.peg.1156.site.17, 26, 145, 171
1118061.3.peg.1156.site.18, 26, 146, 172
1118061.3.peg.1156.site.19, 19, 146, 165
1118061.3.peg.1156.site.20, 3, 148, 151
1118061.3.peg.1156.site.21, 2, 144, 146
1118061.3.peg.2214.site.1, 19, 150, 169
1118061.3.peg.2214.site.2, 67, 150, 217
1118061.3.peg.2214.site.3, 48, 147, 195
1118061.3.peg.2214.site.4, 14, 149, 163
1118061.3.peg.2214.site.5, 143, 149, 292
1118061.3.peg.2214.site.6, 11, 150, 161
1118061.3.peg.2214.site.7, 2, 149, 151
1118061.3.peg.2214.site.8, 19, 149, 168
1118061.3.peg.2214.site.9, 134, 149, 283
1118061.3.peg.2214.site.10, 1, 150, 151
1118061.3.peg.2214.site.11, 15, 150, 165
1118061.3.peg.2214.site.12, 0, 150, 150
1118061.3.peg.2215.site.1, 7, 100, 107
1118061.3.peg.2215.site.2, 1, 105, 106
1118061.3.peg.2215.site.3, 0, 114, 114
1118061.3.peg.2215.site.4, 22, 150, 172
1118061.3.peg.2215.site.5, 15, 147, 162
1118061.3.peg.2215.site.6, 0, 148, 148
1118061.3.peg.2215.site.7, 0, 149, 149
1118061.3.peg.2215.site.8, 2, 148, 150
1118061.3.peg.2218.site.1, 7, 132, 139
1118061.3.peg.2218.site.2, 3, 150, 153
1118061.3.peg.2218.site.3, 29, 149, 178
1118061.3.peg.2218.site.4, 44, 149, 193
1118061.3.peg.2218.site.5, 0, 148, 148
1118061.3.peg.2218.site.6, 5, 147, 152
1118061.3.peg.2218.site.7, 130, 141, 271
1118061.3.peg.2218.site.8, 37, 128, 165
1118061.3.peg.2218.site.9, 13, 99, 112
1118061.3.peg.2218.site.10, 86, 88, 174
1118061.3.peg.2218.site.11, 1, 127, 128
1118061.3.peg.2218.site.12, 5, 142, 147
1118061.3.peg.2218.site.13, 13, 144, 157
1118061.3.peg.2218.site.14, 0, 149, 149
1118061.3.peg.2218.site.15, 9, 145, 154
1118061.3.peg.2218.site.16, 9, 133, 142
1118061.3.peg.2218.site.17, 38, 132, 170
1118061.3.peg.2218.site.18, 5, 144, 149
1118061.3.peg.2218.site.19, 17, 141, 158
1118061.3.peg.1157.site.1, 28, 135, 163
1118061.3.peg.1157.site.2, 0, 120, 120
1118061.3.peg.1157.site.3, 2, 126, 128
1118061.3.peg.361.site.1, 7, 147, 154
1118061.3.peg.361.site.2, 46, 145, 191
1118061.3.peg.361.site.3, 1, 149, 150
1118061.3.peg.361.site.4, 12, 148, 160
1118061.3.peg.360.site.1, 0, 135, 135
1118061.3.peg.360.site.2, 1, 148, 149
1118061.3.peg.360.site.3, 2, 148, 150
1118061.3.peg.362.site.1, 64, 148, 212
1118061.3.peg.362.site.2, 8, 147, 155
1118061.3.peg.362.site.3, 63, 141, 204
1118061.3.peg.365.site.1, 1, 147, 148
1118061.3.peg.365.site.2, 0, 149, 149
1118061.3.peg.365.site.3, 69, 147, 216
1118061.3.peg.365.site.4, 0, 150, 150
1118061.3.peg.365.site.5, 2, 150, 152
1118061.3.peg.365.site.6, 1, 149, 150
1118061.3.peg.365.site.7, 0, 150, 150
1118061.3.peg.365.site.8, 21, 150, 171
1118061.3.peg.365.site.9, 0, 150, 150
1118061.3.peg.365.site.10, 98, 148, 246
1118061.3.peg.365.site.11, 63, 149, 212
1118061.3.peg.365.site.12, 0, 149, 149
1118061.3.peg.365.site.13, 52, 150, 202
1118061.3.peg.365.site.14, 100, 149, 249
1118061.3.peg.365.site.15, 60, 149, 209
1118061.3.peg.365.site.16, 1, 148, 149
1118061.3.peg.365.site.17, 0, 146, 146
1118061.3.peg.365.site.18, 23, 149, 172
1118061.3.peg.365.site.19, 0, 149, 149
1118061.3.peg.365.site.20, 0, 148, 148
1118061.3.peg.365.site.21, 3, 147, 150
1118061.3.peg.365.site.22, 11, 147, 158
1118061.3.peg.364.site.1, 3, 146, 149
1118061.3.peg.364.site.2, 3, 146, 149
1118061.3.peg.364.site.3, 1, 147, 148
1118061.3.peg.364.site.4, 3, 148, 151
1118061.3.peg.367.site.1, 0, 147, 147
1118061.3.peg.367.site.2, 9, 148, 157
1118061.3.peg.367.site.3, 0, 147, 147
1118061.3.peg.367.site.4, 77, 149, 226
1118061.3.peg.367.site.5, 0, 150, 150
1118061.3.peg.367.site.6, 3, 150, 153
1118061.3.peg.367.site.7, 100, 139, 239
1118061.3.peg.367.site.8, 25, 127, 152
1118061.3.peg.367.site.9, 1, 139, 140
1118061.3.peg.367.site.10, 0, 144, 144
1118061.3.peg.367.site.11, 21, 148, 169
1118061.3.peg.367.site.12, 6, 148, 154
1118061.3.peg.367.site.13, 1, 149, 150
1118061.3.peg.367.site.14, 128, 144, 272
1118061.3.peg.367.site.15, 2, 145, 147
1118061.3.peg.367.site.16, 94, 145, 239
1118061.3.peg.367.site.17, 21, 135, 156
1118061.3.peg.367.site.18, 7, 145, 152
1118061.3.peg.367.site.19, 69, 146, 215
1118061.3.peg.367.site.20, 2, 148, 150
1118061.3.peg.367.site.21, 1, 148, 149
1118061.3.peg.367.site.22, 10, 148, 158
1118061.3.peg.367.site.23, 2, 148, 150
1118061.3.peg.367.site.24, 0, 150, 150
1118061.3.peg.367.site.25, 12, 140, 152
1118061.3.peg.367.site.26, 1, 147, 148
1118061.3.peg.367.site.27, 12, 150, 162
1118061.3.peg.367.site.28, 18, 150, 168
1118061.3.peg.367.site.29, 0, 149, 149
1118061.3.peg.367.site.30, 14, 149, 163
1118061.3.peg.366.site.1, 18, 150, 168
1118061.3.peg.366.site.2, 70, 149, 219
1118061.3.peg.366.site.3, 20, 150, 170
1118061.3.peg.366.site.4, 2, 147, 149
1118061.3.peg.366.site.5, 5, 141, 146
1118061.3.peg.366.site.6, 3, 142, 145
1118061.3.peg.366.site.7, 3, 148, 151
1118061.3.peg.366.site.8, 36, 148, 184
1118061.3.peg.366.site.9, 0, 149, 149
1118061.3.peg.366.site.10, 12, 150, 162
1118061.3.peg.366.site.11, 1, 150, 151
1118061.3.peg.366.site.12, 111, 148, 259
1118061.3.peg.369.site.1, 0, 147, 147
1118061.3.peg.369.site.2, 0, 70, 70
1118061.3.peg.369.site.3, 3, 28, 31
1118061.3.peg.369.site.4, 7, 24, 31
1118061.3.peg.368.site.1, 18, 149, 167
1118061.3.peg.368.site.2, 17, 150, 167
1118061.3.peg.368.site.3, 3, 148, 151
1118061.3.peg.368.site.4, 0, 148, 148
1118061.3.peg.368.site.5, 0, 149, 149
1118061.3.peg.769.site.1, 0, 148, 148
1118061.3.peg.769.site.2, 3, 145, 148
1118061.3.peg.769.site.3, 56, 144, 200
1118061.3.peg.769.site.4, 2, 131, 133
1118061.3.peg.769.site.5, 113, 121, 234
1118061.3.peg.769.site.6, 37, 99, 136
1118061.3.peg.769.site.7, 3, 107, 110
1118061.3.peg.769.site.8, 0, 145, 145
1118061.3.peg.769.site.9, 29, 147, 176
1118061.3.peg.769.site.10, 4, 148, 152
1118061.3.peg.769.site.11, 1, 140, 141
1118061.3.peg.768.site.1, 2, 146, 148
1118061.3.peg.768.site.2, 0, 148, 148
1118061.3.peg.768.site.3, 10, 144, 154
1118061.3.peg.768.site.4, 67, 145, 212
1118061.3.peg.768.site.5, 1, 144, 145
1118061.3.peg.768.site.6, 0, 150, 150
1118061.3.peg.768.site.7, 10, 150, 160
1118061.3.peg.768.site.8, 0, 150, 150
1118061.3.peg.768.site.9, 0, 150, 150
1118061.3.peg.768.site.10, 5, 149, 154
1118061.3.peg.768.site.11, 4, 150, 154
1118061.3.peg.765.site.1, 0, 143, 143
1118061.3.peg.765.site.2, 0, 134, 134
1118061.3.peg.765.site.3, 7, 144, 151
1118061.3.peg.765.site.4, 15, 150, 165
1118061.3.peg.765.site.5, 107, 147, 254
1118061.3.peg.765.site.6, 3, 148, 151
1118061.3.peg.765.site.7, 108, 149, 257
1118061.3.peg.765.site.8, 144, 149, 293
1118061.3.peg.765.site.9, 56, 149, 205
1118061.3.peg.765.site.10, 1, 148, 149
1118061.3.peg.765.site.11, 0, 146, 146
1118061.3.peg.765.site.12, 3, 147, 150
1118061.3.peg.765.site.13, 143, 149, 292
1118061.3.peg.765.site.14, 1, 150, 151
1118061.3.peg.765.site.15, 5, 141, 146
1118061.3.peg.765.site.16, 5, 146, 151
1118061.3.peg.765.site.17, 5, 145, 150
1118061.3.peg.765.site.18, 142, 146, 288
1118061.3.peg.765.site.19, 5, 145, 150
1118061.3.peg.765.site.20, 0, 141, 141
1118061.3.peg.765.site.21, 3, 132, 135
1118061.3.peg.765.site.22, 21, 135, 156
1118061.3.peg.765.site.23, 6, 134, 140
1118061.3.peg.765.site.24, 4, 141, 145
1118061.3.peg.765.site.25, 103, 148, 251
1118061.3.peg.765.site.26, 116, 149, 265
1118061.3.peg.765.site.27, 17, 147, 164
1118061.3.peg.765.site.28, 56, 138, 194
1118061.3.peg.767.site.1, 0, 149, 149
1118061.3.peg.767.site.2, 0, 140, 140
1118061.3.peg.767.site.3, 20, 138, 158
1118061.3.peg.767.site.4, 16, 142, 158
1118061.3.peg.767.site.5, 0, 146, 146
1118061.3.peg.767.site.6, 0, 143, 143
1118061.3.peg.767.site.7, 26, 144, 170
1118061.3.peg.767.site.8, 10, 149, 159
1118061.3.peg.767.site.9, 16, 144, 160
1118061.3.peg.767.site.10, 3, 143, 146
1118061.3.peg.767.site.11, 139, 145, 284
1118061.3.peg.767.site.12, 28, 145, 173
1118061.3.peg.767.site.13, 11, 149, 160
1118061.3.peg.767.site.14, 5, 150, 155
1118061.3.peg.767.site.15, 0, 148, 148
1118061.3.peg.767.site.16, 62, 148, 210
1118061.3.peg.767.site.17, 0, 104, 104
1118061.3.peg.767.site.18, 31, 146, 177
1118061.3.peg.767.site.19, 8, 147, 155
1118061.3.peg.767.site.20, 12, 147, 159
1118061.3.peg.767.site.21, 1, 141, 142
1118061.3.peg.767.site.22, 2, 145, 147
1118061.3.peg.767.site.23, 18, 145, 163
1118061.3.peg.767.site.24, 0, 149, 149
1118061.3.peg.767.site.25, 1, 148, 149
1118061.3.peg.767.site.26, 13, 148, 161
1118061.3.peg.766.site.1, 7, 147, 154
1118061.3.peg.766.site.2, 72, 148, 220
1118061.3.peg.766.site.3, 0, 148, 148
1118061.3.peg.766.site.4, 3, 149, 152
1118061.3.peg.766.site.5, 20, 129, 149
1118061.3.peg.766.site.6, 10, 138, 148
1118061.3.peg.766.site.7, 39, 132, 171
1118061.3.peg.766.site.8, 0, 149, 149
1118061.3.peg.761.site.1, 13, 149, 162
1118061.3.peg.761.site.2, 0, 147, 147
1118061.3.peg.761.site.3, 3, 149, 152
1118061.3.peg.761.site.4, 1, 150, 151
1118061.3.peg.761.site.5, 0, 150, 150
1118061.3.peg.761.site.6, 3, 150, 153
1118061.3.peg.761.site.7, 0, 150, 150
1118061.3.peg.761.site.8, 1, 149, 150
1118061.3.peg.761.site.9, 0, 149, 149
1118061.3.peg.761.site.10, 31, 149, 180
1118061.3.peg.761.site.11, 87, 148, 235
1118061.3.peg.761.site.12, 3, 146, 149
1118061.3.peg.761.site.13, 21, 125, 146
1118061.3.peg.761.site.14, 5, 142, 147
1118061.3.peg.761.site.15, 115, 150, 265
1118061.3.peg.761.site.16, 150, 150, 300
1118061.3.peg.761.site.17, 6, 150, 156
1118061.3.peg.761.site.18, 0, 150, 150
1118061.3.peg.761.site.19, 0, 150, 150
1118061.3.peg.761.site.20, 2, 150, 152
1118061.3.peg.761.site.21, 0, 150, 150
1118061.3.peg.761.site.22, 1, 150, 151
1118061.3.peg.761.site.23, 1, 150, 151
1118061.3.peg.761.site.24, 3, 150, 153
1118061.3.peg.760.site.1, 1, 146, 147
1118061.3.peg.760.site.2, 64, 125, 189
1118061.3.peg.760.site.3, 22, 136, 158
1118061.3.peg.760.site.4, 3, 150, 153
1118061.3.peg.760.site.5, 2, 148, 150
1118061.3.peg.760.site.6, 24, 149, 173
1118061.3.peg.760.site.7, 7, 146, 153
1118061.3.peg.760.site.8, 0, 150, 150
1118061.3.peg.760.site.9, 5, 150, 155
1118061.3.peg.760.site.10, 1, 150, 151
1118061.3.peg.760.site.11, 1, 148, 149
1118061.3.peg.760.site.12, 2, 150, 152
1118061.3.peg.763.site.1, 2, 150, 152
1118061.3.peg.763.site.2, 4, 150, 154
1118061.3.peg.763.site.3, 8, 148, 156
1118061.3.peg.763.site.4, 1, 148, 149
1118061.3.peg.763.site.5, 2, 150, 152
1118061.3.peg.763.site.6, 5, 149, 154
1118061.3.peg.763.site.7, 2, 150, 152
1118061.3.peg.763.site.8, 1, 150, 151
1118061.3.peg.763.site.9, 8, 150, 158
1118061.3.peg.763.site.10, 119, 119, 238
1118061.3.peg.763.site.11, 2, 117, 119
1118061.3.peg.762.site.1, 118, 150, 268
1118061.3.peg.762.site.2, 0, 150, 150
1118061.3.peg.762.site.3, 150, 150, 300
1118061.3.peg.762.site.4, 130, 150, 280
1118061.3.peg.762.site.5, 0, 150, 150
1118061.3.peg.762.site.6, 5, 150, 155
1118061.3.peg.762.site.7, 2, 150, 152
1118061.3.peg.762.site.8, 1, 150, 151
1118061.3.peg.762.site.9, 0, 149, 149
1118061.3.peg.762.site.10, 8, 150, 158
1118061.3.peg.762.site.11, 57, 141, 198
1118061.3.peg.2182.site.1, 1, 142, 143
1118061.3.peg.2182.site.2, 0, 133, 133
1118061.3.peg.2182.site.3, 2, 140, 142
1118061.3.peg.2182.site.4, 8, 147, 155
1118061.3.peg.2182.site.5, 130, 149, 279
1118061.3.peg.2182.site.6, 3, 148, 151
1118061.3.peg.2182.site.7, 80, 150, 230
1118061.3.peg.2182.site.8, 1, 149, 150
1118061.3.peg.2182.site.9, 2, 150, 152
1118061.3.peg.2182.site.10, 4, 148, 152
1118061.3.peg.2182.site.11, 126, 148, 274
1118061.3.peg.2182.site.12, 24, 150, 174
1118061.3.peg.2182.site.13, 150, 150, 300
1118061.3.peg.2182.site.14, 14, 111, 125
1118061.3.peg.2182.site.15, 2, 132, 134
1118061.3.peg.2182.site.16, 1, 144, 145
1118061.3.peg.2182.site.17, 3, 149, 152
1118061.3.peg.2182.site.18, 2, 146, 148
1118061.3.peg.2182.site.19, 4, 129, 133
1118061.3.peg.2182.site.20, 4, 138, 142
1118061.3.peg.2182.site.21, 4, 129, 133
1118061.3.peg.2182.site.22, 3, 145, 148
1118061.3.peg.2182.site.23, 4, 146, 150
1118061.3.peg.2182.site.24, 1, 149, 150
1118061.3.peg.2183.site.1, 3, 149, 152
1118061.3.peg.2183.site.2, 12, 149, 161
1118061.3.peg.2183.site.3, 71, 148, 219
1118061.3.peg.2183.site.4, 72, 149, 221
1118061.3.peg.2183.site.5, 44, 148, 192
1118061.3.peg.2183.site.6, 138, 141, 279
1118061.3.peg.2183.site.7, 132, 143, 275
1118061.3.peg.2183.site.8, 11, 150, 161
1118061.3.peg.2183.site.9, 11, 149, 160
1118061.3.peg.2183.site.10, 1, 143, 144
1118061.3.peg.2183.site.11, 72, 132, 204
1118061.3.peg.2183.site.12, 13, 143, 156
1118061.3.peg.2183.site.13, 1, 144, 145
1118061.3.peg.2183.site.14, 2, 144, 146
1118061.3.peg.2183.site.15, 143, 143, 286
1118061.3.peg.2183.site.16, 29, 145, 174
1118061.3.peg.2183.site.17, 12, 144, 156
1118061.3.peg.2183.site.18, 0, 145, 145
1118061.3.peg.2183.site.19, 2, 142, 144
1118061.3.peg.2183.site.20, 0, 146, 146
1118061.3.peg.2183.site.21, 116, 149, 265
1118061.3.peg.2183.site.22, 2, 149, 151
1118061.3.peg.2183.site.23, 30, 150, 180
1118061.3.peg.2183.site.24, 17, 150, 167
1118061.3.peg.2183.site.25, 100, 146, 246
1118061.3.peg.2183.site.26, 3, 145, 148
1118061.3.peg.2183.site.27, 18, 148, 166
1118061.3.peg.2183.site.28, 21, 148, 169
1118061.3.peg.2183.site.29, 17, 144, 161
1118061.3.peg.2183.site.30, 7, 146, 153
1118061.3.peg.2183.site.31, 18, 147, 165
1118061.3.peg.2183.site.32, 73, 150, 223
1118061.3.peg.2183.site.33, 24, 149, 173
1118061.3.peg.2180.site.1, 16, 132, 148
1118061.3.peg.2180.site.2, 11, 139, 150
1118061.3.peg.2180.site.3, 1, 142, 143
1118061.3.peg.2180.site.4, 1, 140, 141
1118061.3.peg.2180.site.5, 5, 149, 154
1118061.3.peg.2180.site.6, 40, 149, 189
1118061.3.peg.2180.site.7, 117, 148, 265
1118061.3.peg.2180.site.8, 0, 148, 148
1118061.3.peg.2180.site.9, 0, 150, 150
1118061.3.peg.2180.site.10, 33, 149, 182
1118061.3.peg.2180.site.11, 0, 148, 148
1118061.3.peg.2180.site.12, 4, 148, 152
1118061.3.peg.2180.site.13, 116, 149, 265
1118061.3.peg.2180.site.14, 84, 149, 233
1118061.3.peg.2180.site.15, 3, 150, 153
1118061.3.peg.2181.site.1, 1, 150, 151
1118061.3.peg.2181.site.2, 38, 141, 179
1118061.3.peg.2181.site.3, 24, 144, 168
1118061.3.peg.2181.site.4, 132, 132, 264
1118061.3.peg.2181.site.5, 91, 134, 225
1118061.3.peg.2181.site.6, 2, 140, 142
1118061.3.peg.2181.site.7, 2, 148, 150
1118061.3.peg.2181.site.8, 1, 148, 149
1118061.3.peg.2181.site.9, 144, 147, 291
1118061.3.peg.2181.site.10, 0, 147, 147
1118061.3.peg.2181.site.11, 31, 149, 180
1118061.3.peg.2181.site.12, 21, 148, 169
1118061.3.peg.2181.site.13, 21, 144, 165
1118061.3.peg.2181.site.14, 7, 148, 155
1118061.3.peg.2181.site.15, 3, 148, 151
1118061.3.peg.2181.site.16, 2, 148, 150
1118061.3.peg.2181.site.17, 30, 149, 179
1118061.3.peg.2181.site.18, 143, 145, 288
1118061.3.peg.2181.site.19, 5, 144, 149
1118061.3.peg.2186.site.1, 10, 143, 153
1118061.3.peg.2186.site.2, 11, 124, 135
1118061.3.peg.2186.site.3, 117, 117, 234
1118061.3.peg.2186.site.4, 6, 116, 122
1118061.3.peg.2186.site.5, 1, 120, 121
1118061.3.peg.2186.site.6, 0, 128, 128
1118061.3.peg.2186.site.7, 84, 109, 193
1118061.3.peg.2186.site.8, 1, 115, 116
1118061.3.peg.2186.site.9, 117, 118, 235
1118061.3.peg.2186.site.10, 128, 128, 256
1118061.3.peg.2186.site.11, 10, 147, 157
1118061.3.peg.2186.site.12, 74, 145, 219
1118061.3.peg.2186.site.13, 115, 148, 263
1118061.3.peg.2186.site.14, 43, 146, 189
1118061.3.peg.2186.site.15, 57, 147, 204
1118061.3.peg.2186.site.16, 4, 146, 150
1118061.3.peg.2186.site.17, 3, 148, 151
1118061.3.peg.2186.site.18, 10, 148, 158
1118061.3.peg.2186.site.19, 10, 147, 157
1118061.3.peg.2186.site.20, 0, 148, 148
1118061.3.peg.2187.site.1, 23, 149, 172
1118061.3.peg.2187.site.2, 66, 142, 208
1118061.3.peg.2187.site.3, 42, 149, 191
1118061.3.peg.2187.site.4, 23, 149, 172
1118061.3.peg.2187.site.5, 3, 149, 152
1118061.3.peg.2187.site.6, 35, 150, 185
1118061.3.peg.2187.site.7, 3, 150, 153
1118061.3.peg.2187.site.8, 21, 148, 169
1118061.3.peg.2187.site.9, 0, 150, 150
1118061.3.peg.2184.site.1, 2, 147, 149
1118061.3.peg.2184.site.2, 2, 143, 145
1118061.3.peg.2184.site.3, 1, 140, 141
1118061.3.peg.2184.site.4, 133, 145, 278
1118061.3.peg.2184.site.5, 137, 149, 286
1118061.3.peg.2185.site.1, 135, 135, 270
1118061.3.peg.2185.site.2, 82, 87, 169
1118061.3.peg.2185.site.3, 32, 147, 179
1118061.3.peg.2185.site.4, 125, 147, 272
1118061.3.peg.2185.site.5, 64, 137, 201
1118061.3.peg.2185.site.6, 33, 141, 174
1118061.3.peg.2185.site.7, 2, 138, 140
1118061.3.peg.2185.site.8, 2, 136, 138
1118061.3.peg.2185.site.9, 4, 114, 118
1118061.3.peg.2185.site.10, 3, 133, 136
1118061.3.peg.2185.site.11, 0, 145, 145
1118061.3.peg.2185.site.12, 55, 146, 201
1118061.3.peg.2185.site.13, 21, 140, 161
1118061.3.peg.2185.site.14, 131, 131, 262
1118061.3.peg.2185.site.15, 23, 132, 155
1118061.3.peg.2188.site.1, 0, 149, 149
1118061.3.peg.2188.site.2, 50, 121, 171
1118061.3.peg.2188.site.3, 20, 121, 141
1118061.3.peg.2188.site.4, 120, 125, 245
1118061.3.peg.2188.site.5, 0, 150, 150
1118061.3.peg.2188.site.6, 8, 150, 158
1118061.3.peg.2189.site.1, 1, 150, 151
1118061.3.peg.2189.site.2, 69, 150, 219
1118061.3.peg.2189.site.3, 1, 150, 151
1118061.3.peg.2189.site.4, 2, 149, 151
1118061.3.peg.2189.site.5, 38, 150, 188
1118061.3.peg.2189.site.6, 0, 150, 150
1118061.3.peg.163.site.1, 0, 134, 134
1118061.3.peg.163.site.2, 136, 136, 272
1118061.3.peg.163.site.3, 2, 137, 139
1118061.3.peg.163.site.4, 3, 145, 148
1118061.3.peg.163.site.5, 3, 147, 150
1118061.3.peg.163.site.6, 3, 150, 153
1118061.3.peg.163.site.7, 85, 144, 229
1118061.3.peg.163.site.8, 112, 142, 254
1118061.3.peg.163.site.9, 25, 146, 171
1118061.3.peg.163.site.10, 133, 133, 266
1118061.3.peg.163.site.11, 0, 137, 137
1118061.3.peg.163.site.12, 1, 146, 147
1118061.3.peg.163.site.13, 26, 148, 174
1118061.3.peg.163.site.14, 0, 148, 148
1118061.3.peg.163.site.15, 1, 150, 151
1118061.3.peg.163.site.16, 1, 121, 122
1118061.3.peg.163.site.17, 79, 129, 208
1118061.3.peg.163.site.18, 5, 149, 154
1118061.3.peg.163.site.19, 1, 150, 151
1118061.3.peg.163.site.20, 1, 148, 149
1118061.3.peg.162.site.1, 0, 150, 150
1118061.3.peg.162.site.2, 60, 150, 210
1118061.3.peg.162.site.3, 41, 149, 190
1118061.3.peg.162.site.4, 143, 147, 290
1118061.3.peg.162.site.5, 112, 148, 260
1118061.3.peg.162.site.6, 0, 149, 149
1118061.3.peg.161.site.1, 0, 144, 144
1118061.3.peg.161.site.2, 0, 150, 150
1118061.3.peg.161.site.3, 0, 148, 148
1118061.3.peg.160.site.1, 5, 150, 155
1118061.3.peg.160.site.2, 3, 150, 153
1118061.3.peg.160.site.3, 15, 148, 163
1118061.3.peg.160.site.4, 2, 149, 151
1118061.3.peg.160.site.5, 92, 149, 241
1118061.3.peg.160.site.6, 1, 149, 150
1118061.3.peg.160.site.7, 4, 146, 150
1118061.3.peg.167.site.1, 1, 140, 141
1118061.3.peg.167.site.2, 11, 43, 54
1118061.3.peg.167.site.3, 1, 62, 63
1118061.3.peg.167.site.4, 143, 143, 286
1118061.3.peg.167.site.5, 0, 146, 146
1118061.3.peg.166.site.1, 0, 149, 149
1118061.3.peg.166.site.2, 0, 148, 148
1118061.3.peg.166.site.3, 8, 148, 156
1118061.3.peg.166.site.4, 1, 149, 150
1118061.3.peg.166.site.5, 0, 150, 150
1118061.3.peg.166.site.6, 148, 148, 296
1118061.3.peg.166.site.7, 26, 147, 173
1118061.3.peg.166.site.8, 33, 150, 183
1118061.3.peg.166.site.9, 33, 150, 183
1118061.3.peg.166.site.10, 29, 147, 176
1118061.3.peg.166.site.11, 142, 147, 289
1118061.3.peg.166.site.12, 71, 143, 214
1118061.3.peg.166.site.13, 3, 149, 152
1118061.3.peg.166.site.14, 34, 150, 184
1118061.3.peg.166.site.15, 0, 149, 149
1118061.3.peg.165.site.1, 34, 146, 180
1118061.3.peg.165.site.2, 118, 145, 263
1118061.3.peg.165.site.3, 0, 148, 148
1118061.3.peg.165.site.4, 0, 148, 148
1118061.3.peg.165.site.5, 97, 149, 246
1118061.3.peg.165.site.6, 51, 148, 199
1118061.3.peg.165.site.7, 0, 134, 134
1118061.3.peg.165.site.8, 0, 135, 135
1118061.3.peg.165.site.9, 3, 135, 138
1118061.3.peg.165.site.10, 0, 143, 143
1118061.3.peg.165.site.11, 47, 141, 188
1118061.3.peg.165.site.12, 3, 142, 145
1118061.3.peg.165.site.13, 48, 140, 188
1118061.3.peg.165.site.14, 96, 141, 237
1118061.3.peg.165.site.15, 0, 142, 142
1118061.3.peg.165.site.16, 49, 143, 192
1118061.3.peg.165.site.17, 44, 139, 183
1118061.3.peg.165.site.18, 46, 147, 193
1118061.3.peg.164.site.1, 114, 145, 259
1118061.3.peg.164.site.2, 2, 134, 136
1118061.3.peg.164.site.3, 139, 142, 281
1118061.3.peg.164.site.4, 21, 147, 168
1118061.3.peg.164.site.5, 65, 145, 210
1118061.3.peg.164.site.6, 4, 128, 132
1118061.3.peg.164.site.7, 50, 132, 182
1118061.3.peg.164.site.8, 2, 134, 136
1118061.3.peg.164.site.9, 2, 141, 143
1118061.3.peg.164.site.10, 1, 139, 140
1118061.3.peg.164.site.11, 0, 143, 143
1118061.3.peg.164.site.12, 5, 115, 120
1118061.3.peg.164.site.13, 85, 87, 172
1118061.3.peg.164.site.14, 6, 8, 14
1118061.3.peg.164.site.15, 1, 84, 85
1118061.3.peg.164.site.16, 81, 124, 205
1118061.3.peg.169.site.1, 1, 150, 151
1118061.3.peg.169.site.2, 17, 148, 165
1118061.3.peg.169.site.3, 89, 140, 229
1118061.3.peg.169.site.4, 88, 140, 228
1118061.3.peg.169.site.5, 9, 139, 148
1118061.3.peg.169.site.6, 0, 134, 134
1118061.3.peg.169.site.7, 8, 132, 140
1118061.3.peg.169.site.8, 100, 147, 247
1118061.3.peg.169.site.9, 1, 148, 149
1118061.3.peg.169.site.10, 98, 147, 245
1118061.3.peg.169.site.11, 77, 148, 225
1118061.3.peg.169.site.12, 113, 146, 259
1118061.3.peg.169.site.13, 0, 149, 149
1118061.3.peg.169.site.14, 4, 150, 154
1118061.3.peg.168.site.1, 21, 149, 170
1118061.3.peg.168.site.2, 0, 147, 147
1118061.3.peg.168.site.3, 3, 146, 149
1118061.3.peg.168.site.4, 4, 150, 154
1118061.3.peg.168.site.5, 49, 142, 191
1118061.3.peg.168.site.6, 1, 150, 151
1118061.3.peg.168.site.7, 0, 150, 150
1118061.3.peg.168.site.8, 142, 145, 287
1118061.3.peg.168.site.9, 149, 149, 298
1118061.3.peg.168.site.10, 3, 148, 151
1118061.3.peg.168.site.11, 1, 150, 151
1118061.3.peg.168.site.12, 0, 150, 150
1118061.3.peg.168.site.13, 23, 149, 172
1118061.3.peg.168.site.14, 0, 150, 150
1118061.3.peg.168.site.15, 3, 150, 153
1118061.3.peg.168.site.16, 79, 150, 229
1118061.3.peg.168.site.17, 116, 150, 266
1118061.3.peg.168.site.18, 0, 150, 150
1118061.3.peg.168.site.19, 17, 150, 167
1118061.3.peg.168.site.20, 0, 150, 150
1118061.3.peg.168.site.21, 6, 148, 154
1118061.3.peg.168.site.22, 1, 145, 146
1118061.3.peg.168.site.23, 0, 149, 149
1118061.3.peg.1855.site.1, 95, 144, 239
1118061.3.peg.1855.site.2, 3, 145, 148
1118061.3.peg.1855.site.3, 45, 145, 190
1118061.3.peg.1855.site.4, 44, 144, 188
1118061.3.peg.1855.site.5, 3, 145, 148
1118061.3.peg.1855.site.6, 0, 145, 145
1118061.3.peg.1855.site.7, 60, 145, 205
1118061.3.peg.1855.site.8, 3, 145, 148
1118061.3.peg.1855.site.9, 0, 144, 144
1118061.3.peg.1855.site.10, 0, 145, 145
1118061.3.peg.1855.site.11, 0, 143, 143
1118061.3.peg.1855.site.12, 96, 145, 241
1118061.3.peg.1855.site.13, 1, 145, 146
1118061.3.peg.1855.site.14, 2, 143, 145
1118061.3.peg.1855.site.15, 2, 143, 145
1118061.3.peg.1854.site.1, 0, 148, 148
1118061.3.peg.1854.site.2, 0, 143, 143
1118061.3.peg.1854.site.3, 10, 140, 150
1118061.3.peg.1854.site.4, 19, 110, 129
1118061.3.peg.1854.site.5, 25, 140, 165
1118061.3.peg.1854.site.6, 1, 142, 143
1118061.3.peg.1857.site.1, 0, 149, 149
1118061.3.peg.1857.site.2, 1, 149, 150
1118061.3.peg.1857.site.3, 59, 146, 205
1118061.3.peg.1857.site.4, 2, 150, 152
1118061.3.peg.1857.site.5, 0, 149, 149
1118061.3.peg.1857.site.6, 3, 149, 152
1118061.3.peg.1857.site.7, 54, 149, 203
1118061.3.peg.1857.site.8, 30, 149, 179
1118061.3.peg.1857.site.9, 31, 150, 181
1118061.3.peg.1857.site.10, 4, 150, 154
1118061.3.peg.1857.site.11, 2, 150, 152
1118061.3.peg.1857.site.12, 0, 148, 148
1118061.3.peg.1857.site.13, 29, 148, 177
1118061.3.peg.1857.site.14, 10, 148, 158
1118061.3.peg.1857.site.15, 1, 149, 150
1118061.3.peg.1857.site.16, 145, 149, 294
1118061.3.peg.1857.site.17, 0, 149, 149
1118061.3.peg.1856.site.1, 3, 149, 152
1118061.3.peg.1856.site.2, 96, 147, 243
1118061.3.peg.1856.site.3, 62, 150, 212
1118061.3.peg.1856.site.4, 31, 147, 178
1118061.3.peg.1856.site.5, 0, 149, 149
1118061.3.peg.1856.site.6, 0, 148, 148
1118061.3.peg.1856.site.7, 0, 148, 148
1118061.3.peg.1856.site.8, 7, 150, 157
1118061.3.peg.1851.site.1, 0, 149, 149
1118061.3.peg.1851.site.2, 42, 146, 188
1118061.3.peg.1851.site.3, 1, 147, 148
1118061.3.peg.1851.site.4, 22, 146, 168
1118061.3.peg.1851.site.5, 13, 147, 160
1118061.3.peg.1851.site.6, 0, 147, 147
1118061.3.peg.1851.site.7, 0, 146, 146
1118061.3.peg.1851.site.8, 26, 141, 167
1118061.3.peg.1851.site.9, 2, 143, 145
1118061.3.peg.1851.site.10, 1, 145, 146
1118061.3.peg.1851.site.11, 0, 142, 142
1118061.3.peg.1851.site.12, 12, 138, 150
1118061.3.peg.1850.site.1, 41, 148, 189
1118061.3.peg.1850.site.2, 0, 149, 149
1118061.3.peg.1850.site.3, 32, 147, 179
1118061.3.peg.1850.site.4, 58, 149, 207
1118061.3.peg.1850.site.5, 33, 142, 175
1118061.3.peg.1850.site.6, 6, 139, 145
1118061.3.peg.1850.site.7, 10, 132, 142
1118061.3.peg.1850.site.8, 0, 141, 141
1118061.3.peg.1850.site.9, 18, 145, 163
1118061.3.peg.1850.site.10, 150, 150, 300
1118061.3.peg.1853.site.1, 2, 148, 150
1118061.3.peg.1853.site.2, 1, 150, 151
1118061.3.peg.1853.site.3, 2, 150, 152
1118061.3.peg.1853.site.4, 122, 150, 272
1118061.3.peg.1853.site.5, 3, 150, 153
1118061.3.peg.1853.site.6, 91, 150, 241
1118061.3.peg.1853.site.7, 0, 150, 150
1118061.3.peg.1853.site.8, 2, 144, 146
1118061.3.peg.1853.site.9, 42, 149, 191
1118061.3.peg.1853.site.10, 2, 150, 152
1118061.3.peg.1853.site.11, 11, 150, 161
1118061.3.peg.1853.site.12, 102, 149, 251
1118061.3.peg.1853.site.13, 13, 150, 163
1118061.3.peg.1853.site.14, 126, 149, 275
1118061.3.peg.1853.site.15, 0, 145, 145
1118061.3.peg.1853.site.16, 18, 148, 166
1118061.3.peg.1853.site.17, 129, 150, 279
1118061.3.peg.1853.site.18, 21, 150, 171
1118061.3.peg.1853.site.19, 9, 148, 157
1118061.3.peg.1853.site.20, 2, 149, 151
1118061.3.peg.1853.site.21, 125, 147, 272
1118061.3.peg.1853.site.22, 8, 149, 157
1118061.3.peg.1853.site.23, 1, 150, 151
1118061.3.peg.1853.site.24, 10, 144, 154
1118061.3.peg.1853.site.25, 8, 137, 145
1118061.3.peg.1853.site.26, 11, 148, 159
1118061.3.peg.1853.site.27, 0, 149, 149
1118061.3.peg.1853.site.28, 0, 147, 147
1118061.3.peg.1853.site.29, 0, 147, 147
1118061.3.peg.1853.site.30, 2, 143, 145
1118061.3.peg.1853.site.31, 2, 150, 152
1118061.3.peg.1853.site.32, 2, 150, 152
1118061.3.peg.1853.site.33, 141, 149, 290
1118061.3.peg.1853.site.34, 44, 145, 189
1118061.3.peg.1853.site.35, 3, 149, 152
1118061.3.peg.1853.site.36, 1, 150, 151
1118061.3.peg.1853.site.37, 144, 144, 288
1118061.3.peg.1852.site.1, 2, 150, 152
1118061.3.peg.1852.site.2, 2, 150, 152
1118061.3.peg.1852.site.3, 2, 149, 151
1118061.3.peg.1852.site.4, 15, 147, 162
1118061.3.peg.1852.site.5, 2, 147, 149
1118061.3.peg.1852.site.6, 117, 146, 263
1118061.3.peg.1859.site.1, 25, 149, 174
1118061.3.peg.1859.site.2, 51, 150, 201
1118061.3.peg.1859.site.3, 2, 150, 152
1118061.3.peg.1859.site.4, 105, 150, 255
1118061.3.peg.1859.site.5, 1, 150, 151
1118061.3.peg.1859.site.6, 31, 150, 181
1118061.3.peg.1859.site.7, 0, 150, 150
1118061.3.peg.1859.site.8, 113, 150, 263
1118061.3.peg.1859.site.9, 2, 149, 151
1118061.3.peg.1859.site.10, 150, 150, 300
1118061.3.peg.1859.site.11, 0, 150, 150
1118061.3.peg.1859.site.12, 0, 149, 149
1118061.3.peg.1859.site.13, 3, 149, 152
1118061.3.peg.1859.site.14, 0, 148, 148
1118061.3.peg.1858.site.1, 103, 149, 252
1118061.3.peg.1858.site.2, 0, 149, 149
1118061.3.peg.1858.site.3, 49, 148, 197
1118061.3.peg.1858.site.4, 25, 149, 174
1118061.3.peg.1858.site.5, 1, 150, 151
1118061.3.peg.1858.site.6, 0, 150, 150
1118061.3.peg.1858.site.7, 147, 150, 297
1118061.3.peg.1858.site.8, 1, 149, 150
1118061.3.peg.1858.site.9, 0, 150, 150
1118061.3.peg.1858.site.10, 0, 150, 150
1118061.3.peg.1858.site.11, 0, 148, 148
1118061.3.peg.1858.site.12, 0, 143, 143
1118061.3.peg.1858.site.13, 2, 146, 148
1118061.3.peg.1858.site.14, 2, 148, 150
1118061.3.peg.1858.site.15, 3, 149, 152
1118061.3.peg.1858.site.16, 0, 149, 149
1118061.3.peg.1858.site.17, 103, 149, 252
1118061.3.peg.1858.site.18, 0, 149, 149
1118061.3.peg.1858.site.19, 4, 150, 154
1118061.3.peg.1858.site.20, 2, 149, 151
1118061.3.peg.1858.site.21, 1, 150, 151
1118061.3.peg.1858.site.22, 70, 150, 220
1118061.3.peg.1858.site.23, 2, 148, 150
1118061.3.peg.1858.site.24, 2, 149, 151
1118061.3.peg.1858.site.25, 3, 149, 152
1118061.3.peg.1858.site.26, 0, 149, 149
1118061.3.peg.1858.site.27, 3, 149, 152
1118061.3.peg.1858.site.28, 0, 146, 146
1118061.3.peg.1858.site.29, 28, 149, 177
1118061.3.peg.1858.site.30, 12, 149, 161
1118061.3.peg.1858.site.31, 0, 150, 150
1118061.3.peg.1858.site.32, 0, 150, 150
1118061.3.peg.1858.site.33, 3, 150, 153
1118061.3.peg.1858.site.34, 3, 150, 153
1118061.3.peg.1858.site.35, 0, 150, 150
1118061.3.peg.1858.site.36, 0, 150, 150
1118061.3.peg.1858.site.37, 24, 150, 174
1118061.3.peg.1858.site.38, 3, 150, 153
1118061.3.peg.1858.site.39, 78, 150, 228
1118061.3.peg.1858.site.40, 13, 149, 162
1118061.3.peg.1858.site.41, 0, 150, 150
1118061.3.peg.1024.site.1, 11, 144, 155
1118061.3.peg.1024.site.2, 1, 108, 109
1118061.3.peg.1024.site.3, 107, 107, 214
1118061.3.peg.1024.site.4, 24, 106, 130
1118061.3.peg.1024.site.5, 72, 110, 182
1118061.3.peg.1024.site.6, 1, 117, 118
1118061.3.peg.1024.site.7, 0, 116, 116
1118061.3.peg.1024.site.8, 10, 121, 131
1118061.3.peg.1024.site.9, 124, 124, 248
1118061.3.peg.1024.site.10, 105, 116, 221
1118061.3.peg.1024.site.11, 1, 117, 118
1118061.3.peg.1024.site.12, 3, 119, 122
1118061.3.peg.1024.site.13, 7, 115, 122
1118061.3.peg.1024.site.14, 39, 122, 161
1118061.3.peg.1024.site.15, 3, 125, 128
1118061.3.peg.1024.site.16, 48, 122, 170
1118061.3.peg.1024.site.17, 121, 122, 243
1118061.3.peg.1024.site.18, 1, 129, 130
1118061.3.peg.1024.site.19, 1, 139, 140
1118061.3.peg.1024.site.20, 30, 140, 170
1118061.3.peg.1025.site.1, 3, 142, 145
1118061.3.peg.1025.site.2, 2, 147, 149
1118061.3.peg.1025.site.3, 0, 139, 139
1118061.3.peg.1025.site.4, 1, 112, 113
1118061.3.peg.1025.site.5, 49, 117, 166
1118061.3.peg.1025.site.6, 43, 108, 151
1118061.3.peg.1025.site.7, 24, 118, 142
1118061.3.peg.1025.site.8, 51, 117, 168
1118061.3.peg.1025.site.9, 1, 115, 116
1118061.3.peg.1025.site.10, 0, 129, 129
1118061.3.peg.1025.site.11, 1, 131, 132
1118061.3.peg.1025.site.12, 134, 134, 268
1118061.3.peg.1025.site.13, 12, 128, 140
1118061.3.peg.1678.site.1, 3, 149, 152
1118061.3.peg.1678.site.2, 14, 150, 164
1118061.3.peg.1678.site.3, 2, 150, 152
1118061.3.peg.1678.site.4, 65, 148, 213
1118061.3.peg.1678.site.5, 2, 147, 149
1118061.3.peg.1678.site.6, 1, 147, 148
1118061.3.peg.1678.site.7, 97, 143, 240
1118061.3.peg.1678.site.8, 18, 149, 167
1118061.3.peg.1678.site.9, 43, 150, 193
1118061.3.peg.1678.site.10, 40, 148, 188
1118061.3.peg.1678.site.11, 73, 106, 179
1118061.3.peg.1678.site.12, 91, 95, 186
1118061.3.peg.1678.site.13, 36, 89, 125
1118061.3.peg.1678.site.14, 47, 143, 190
1118061.3.peg.1678.site.15, 0, 146, 146
1118061.3.peg.1678.site.16, 0, 150, 150
1118061.3.peg.1678.site.17, 46, 149, 195
1118061.3.peg.1678.site.18, 4, 150, 154
1118061.3.peg.1678.site.19, 0, 150, 150
1118061.3.peg.1678.site.20, 31, 150, 181
1118061.3.peg.1678.site.21, 1, 150, 151
1118061.3.peg.1678.site.22, 73, 149, 222
1118061.3.peg.1678.site.23, 0, 148, 148
1118061.3.peg.1678.site.24, 12, 146, 158
1118061.3.peg.1678.site.25, 0, 143, 143
1118061.3.peg.1678.site.26, 3, 148, 151
1118061.3.peg.1678.site.27, 60, 145, 205
1118061.3.peg.1678.site.28, 5, 146, 151
1118061.3.peg.1678.site.29, 9, 150, 159
1118061.3.peg.1678.site.30, 3, 150, 153
1118061.3.peg.1678.site.31, 122, 149, 271
1118061.3.peg.1678.site.32, 29, 149, 178
1118061.3.peg.1678.site.33, 0, 149, 149
1118061.3.peg.1678.site.34, 8, 149, 157
1118061.3.peg.1678.site.35, 5, 149, 154
1118061.3.peg.1678.site.36, 18, 146, 164
1118061.3.peg.1678.site.37, 3, 149, 152
1118061.3.peg.1678.site.38, 6, 148, 154
1118061.3.peg.1678.site.39, 14, 148, 162
1118061.3.peg.1678.site.40, 4, 148, 152
1118061.3.peg.1678.site.41, 2, 149, 151
1118061.3.peg.1678.site.42, 53, 149, 202
1118061.3.peg.1678.site.43, 3, 149, 152
1118061.3.peg.1678.site.44, 3, 149, 152
1118061.3.peg.1678.site.45, 0, 148, 148
1118061.3.peg.1675.site.1, 8, 148, 156
1118061.3.peg.1675.site.2, 0, 149, 149
1118061.3.peg.1675.site.3, 31, 148, 179
1118061.3.peg.1675.site.4, 9, 142, 151
1118061.3.peg.1675.site.5, 22, 147, 169
1118061.3.peg.1675.site.6, 3, 149, 152
1118061.3.peg.1675.site.7, 46, 148, 194
1118061.3.peg.1675.site.8, 11, 149, 160
1118061.3.peg.1675.site.9, 71, 142, 213
1118061.3.peg.1675.site.10, 37, 131, 168
1118061.3.peg.1675.site.11, 20, 124, 144
1118061.3.peg.1675.site.12, 7, 132, 139
1118061.3.peg.1675.site.13, 20, 140, 160
1118061.3.peg.1675.site.14, 7, 142, 149
1118061.3.peg.1675.site.15, 0, 148, 148
1118061.3.peg.1675.site.16, 11, 147, 158
1118061.3.peg.1675.site.17, 26, 148, 174
1118061.3.peg.1675.site.18, 145, 149, 294
1118061.3.peg.1675.site.19, 144, 148, 292
1118061.3.peg.1675.site.20, 5, 150, 155
1118061.3.peg.1675.site.21, 2, 150, 152
1118061.3.peg.1677.site.1, 3, 150, 153
1118061.3.peg.1677.site.2, 2, 142, 144
1118061.3.peg.1677.site.3, 4, 127, 131
1118061.3.peg.1677.site.4, 4, 147, 151
1118061.3.peg.1677.site.5, 3, 137, 140
1118061.3.peg.1676.site.1, 2, 150, 152
1118061.3.peg.1676.site.2, 2, 150, 152
1118061.3.peg.1676.site.3, 2, 150, 152
1118061.3.peg.1676.site.4, 0, 150, 150
1118061.3.peg.1676.site.5, 0, 149, 149
1118061.3.peg.1671.site.1, 22, 149, 171
1118061.3.peg.1671.site.2, 0, 144, 144
1118061.3.peg.1671.site.3, 99, 147, 246
1118061.3.peg.1671.site.4, 51, 142, 193
1118061.3.peg.1671.site.5, 29, 145, 174
1118061.3.peg.1671.site.6, 9, 148, 157
1118061.3.peg.1671.site.7, 3, 150, 153
1118061.3.peg.1671.site.8, 40, 140, 180
1118061.3.peg.1671.site.9, 3, 149, 152
1118061.3.peg.1671.site.10, 23, 149, 172
1118061.3.peg.1671.site.11, 12, 149, 161
1118061.3.peg.1671.site.12, 2, 149, 151
1118061.3.peg.1671.site.13, 3, 140, 143
1118061.3.peg.1671.site.14, 116, 145, 261
1118061.3.peg.1671.site.15, 59, 118, 177
1118061.3.peg.1670.site.1, 0, 149, 149
1118061.3.peg.1670.site.2, 3, 147, 150
1118061.3.peg.1670.site.3, 1, 138, 139
1118061.3.peg.1670.site.4, 4, 137, 141
1118061.3.peg.1670.site.5, 1, 150, 151
1118061.3.peg.1670.site.6, 1, 149, 150
1118061.3.peg.1670.site.7, 113, 144, 257
1118061.3.peg.1670.site.8, 115, 146, 261
1118061.3.peg.1670.site.9, 2, 149, 151
1118061.3.peg.1670.site.10, 0, 150, 150
1118061.3.peg.1670.site.11, 21, 150, 171
1118061.3.peg.1670.site.12, 0, 149, 149
1118061.3.peg.1670.site.13, 20, 149, 169
1118061.3.peg.1670.site.14, 2, 150, 152
1118061.3.peg.1670.site.15, 147, 149, 296
1118061.3.peg.1670.site.16, 3, 150, 153
1118061.3.peg.1670.site.17, 3, 149, 152
1118061.3.peg.1673.site.1, 3, 149, 152
1118061.3.peg.1673.site.2, 0, 149, 149
1118061.3.peg.1673.site.3, 3, 137, 140
1118061.3.peg.1673.site.4, 56, 145, 201
1118061.3.peg.1672.site.1, 31, 129, 160
1118061.3.peg.1672.site.2, 2, 145, 147
1118061.3.peg.1672.site.3, 1, 148, 149
1118061.3.peg.1672.site.4, 65, 148, 213
1118061.3.peg.1672.site.5, 3, 144, 147
1118061.3.peg.1672.site.6, 131, 143, 274
1118061.3.peg.1672.site.7, 3, 144, 147
1118061.3.peg.1672.site.8, 83, 148, 231
1118061.3.peg.1672.site.9, 60, 149, 209
1118061.3.peg.1672.site.10, 1, 149, 150
1118061.3.peg.1672.site.11, 2, 150, 152
1118061.3.peg.1672.site.12, 66, 149, 215
1118061.3.peg.1672.site.13, 51, 148, 199
1118061.3.peg.1672.site.14, 0, 150, 150
1118061.3.peg.1672.site.15, 0, 150, 150
1118061.3.peg.1672.site.16, 1, 149, 150
1118061.3.peg.1672.site.17, 11, 150, 161
1118061.3.peg.1672.site.18, 76, 150, 226
1118061.3.peg.1672.site.19, 63, 149, 212
1118061.3.peg.1672.site.20, 28, 149, 177
1118061.3.peg.1672.site.21, 3, 150, 153
1118061.3.peg.1672.site.22, 4, 150, 154
1118061.3.peg.1672.site.23, 22, 149, 171
1118061.3.peg.1672.site.24, 3, 150, 153
1118061.3.peg.1672.site.25, 92, 149, 241
1118061.3.peg.1672.site.26, 10, 150, 160
1118061.3.peg.1672.site.27, 2, 149, 151
1118061.3.peg.1672.site.28, 43, 148, 191
1118061.3.peg.1672.site.29, 4, 149, 153
1118061.3.peg.1672.site.30, 1, 148, 149
1118061.3.peg.1672.site.31, 0, 148, 148
1118061.3.peg.1672.site.32, 23, 150, 173
1118061.3.peg.1672.site.33, 148, 148, 296
1118061.3.peg.1518.site.1, 26, 122, 148
1118061.3.peg.1518.site.2, 54, 138, 192
1118061.3.peg.1518.site.3, 143, 147, 290
1118061.3.peg.1518.site.4, 10, 144, 154
1118061.3.peg.1518.site.5, 28, 147, 175
1118061.3.peg.1518.site.6, 58, 149, 207
1118061.3.peg.1518.site.7, 139, 145, 284
1118061.3.peg.1518.site.8, 15, 146, 161
1118061.3.peg.1518.site.9, 13, 149, 162
1118061.3.peg.1518.site.10, 0, 147, 147
1118061.3.peg.1518.site.11, 19, 150, 169
1118061.3.peg.1518.site.12, 0, 139, 139
1118061.3.peg.1518.site.13, 7, 139, 146
1118061.3.peg.1518.site.14, 0, 133, 133
1118061.3.peg.1518.site.15, 1, 135, 136
1118061.3.peg.1519.site.1, 5, 150, 155
1118061.3.peg.1519.site.2, 2, 150, 152
1118061.3.peg.1519.site.3, 3, 149, 152
1118061.3.peg.1519.site.4, 0, 147, 147
1118061.3.peg.1519.site.5, 23, 100, 123
1118061.3.peg.1519.site.6, 11, 103, 114
1118061.3.peg.1519.site.7, 93, 97, 190
1118061.3.peg.1519.site.8, 93, 93, 186
1118061.3.peg.1519.site.9, 7, 131, 138
1118061.3.peg.1519.site.10, 0, 143, 143
1118061.3.peg.1519.site.11, 2, 142, 144
1118061.3.peg.1519.site.12, 0, 148, 148
1118061.3.peg.1519.site.13, 1, 146, 147
1118061.3.peg.1519.site.14, 3, 150, 153
1118061.3.peg.1519.site.15, 0, 146, 146
1118061.3.peg.1519.site.16, 146, 146, 292
1118061.3.peg.1519.site.17, 0, 147, 147
1118061.3.peg.1519.site.18, 7, 130, 137
1118061.3.peg.1519.site.19, 3, 138, 141
1118061.3.peg.1519.site.20, 17, 138, 155
1118061.3.peg.1519.site.21, 3, 139, 142
1118061.3.peg.1519.site.22, 134, 141, 275
1118061.3.peg.1519.site.23, 15, 132, 147
1118061.3.peg.1519.site.24, 1, 145, 146
1118061.3.peg.1519.site.25, 0, 150, 150
1118061.3.peg.1510.site.1, 35, 150, 185
1118061.3.peg.1510.site.2, 1, 150, 151
1118061.3.peg.1510.site.3, 21, 149, 170
1118061.3.peg.1510.site.4, 23, 148, 171
1118061.3.peg.1510.site.5, 17, 145, 162
1118061.3.peg.1510.site.6, 19, 141, 160
1118061.3.peg.1510.site.7, 41, 144, 185
1118061.3.peg.1510.site.8, 41, 146, 187
1118061.3.peg.1510.site.9, 39, 146, 185
1118061.3.peg.1510.site.10, 149, 149, 298
1118061.3.peg.1510.site.11, 53, 148, 201
1118061.3.peg.1510.site.12, 16, 146, 162
1118061.3.peg.1510.site.13, 1, 147, 148
1118061.3.peg.1510.site.14, 0, 149, 149
1118061.3.peg.1028.site.1, 1, 149, 150
1118061.3.peg.1028.site.2, 81, 149, 230
1118061.3.peg.1028.site.3, 0, 140, 140
1118061.3.peg.1028.site.4, 3, 145, 148
1118061.3.peg.1028.site.5, 5, 146, 151
1118061.3.peg.1028.site.6, 43, 147, 190
1118061.3.peg.1028.site.7, 13, 133, 146
1118061.3.peg.1028.site.8, 73, 101, 174
1118061.3.peg.1028.site.9, 13, 149, 162
1118061.3.peg.1028.site.10, 0, 149, 149
1118061.3.peg.1028.site.11, 88, 148, 236
1118061.3.peg.1028.site.12, 2, 150, 152
1118061.3.peg.1028.site.13, 0, 148, 148
1118061.3.peg.1028.site.14, 3, 148, 151
1118061.3.peg.1028.site.15, 2, 137, 139
1118061.3.peg.1028.site.16, 11, 119, 130
1118061.3.peg.1028.site.17, 116, 116, 232
1118061.3.peg.1028.site.18, 1, 115, 116
1118061.3.peg.1028.site.19, 1, 135, 136
1118061.3.peg.1512.site.1, 60, 148, 208
1118061.3.peg.1512.site.2, 0, 148, 148
1118061.3.peg.1512.site.3, 5, 147, 152
1118061.3.peg.1512.site.4, 13, 149, 162
1118061.3.peg.1512.site.5, 2, 149, 151
1118061.3.peg.1512.site.6, 92, 149, 241
1118061.3.peg.1512.site.7, 150, 150, 300
1118061.3.peg.1512.site.8, 1, 150, 151
1118061.3.peg.1513.site.1, 0, 116, 116
1118061.3.peg.1513.site.2, 3, 149, 152
1118061.3.peg.1513.site.3, 0, 149, 149
1118061.3.peg.1513.site.4, 0, 148, 148
1118061.3.peg.1514.site.1, 13, 148, 161
1118061.3.peg.1514.site.2, 14, 150, 164
1118061.3.peg.1514.site.3, 43, 128, 171
1118061.3.peg.1514.site.4, 2, 109, 111
1118061.3.peg.1514.site.5, 10, 148, 158
1118061.3.peg.1514.site.6, 3, 138, 141
1118061.3.peg.1514.site.7, 9, 145, 154
1118061.3.peg.1514.site.8, 143, 143, 286
1118061.3.peg.1514.site.9, 1, 143, 144
1118061.3.peg.1514.site.10, 0, 148, 148
1118061.3.peg.1515.site.1, 141, 141, 282
1118061.3.peg.1515.site.2, 2, 142, 144
1118061.3.peg.1515.site.3, 0, 139, 139
1118061.3.peg.1515.site.4, 1, 145, 146
1118061.3.peg.1515.site.5, 3, 136, 139
1118061.3.peg.1515.site.6, 0, 134, 134
1118061.3.peg.1515.site.7, 2, 101, 103
1118061.3.peg.1515.site.8, 3, 99, 102
1118061.3.peg.1515.site.9, 1, 109, 110
1118061.3.peg.1515.site.10, 0, 145, 145
1118061.3.peg.1515.site.11, 3, 139, 142
1118061.3.peg.1515.site.12, 3, 143, 146
1118061.3.peg.1515.site.13, 136, 136, 272
1118061.3.peg.1515.site.14, 3, 139, 142
1118061.3.peg.1515.site.15, 15, 125, 140
1118061.3.peg.1515.site.16, 59, 103, 162
1118061.3.peg.1515.site.17, 1, 86, 87
1118061.3.peg.1515.site.18, 5, 105, 110
1118061.3.peg.1515.site.19, 0, 124, 124
1118061.3.peg.1515.site.20, 92, 114, 206
1118061.3.peg.1515.site.21, 70, 107, 177
1118061.3.peg.1515.site.22, 6, 117, 123
1118061.3.peg.1515.site.23, 1, 122, 123
1118061.3.peg.1515.site.24, 0, 123, 123
1118061.3.peg.1515.site.25, 1, 95, 96
1118061.3.peg.1515.site.26, 86, 103, 189
1118061.3.peg.1515.site.27, 1, 103, 104
1118061.3.peg.1515.site.28, 23, 130, 153
1118061.3.peg.1515.site.29, 130, 139, 269
1118061.3.peg.1515.site.30, 2, 145, 147
1118061.3.peg.1515.site.31, 1, 145, 146
1118061.3.peg.1515.site.32, 0, 150, 150
1118061.3.peg.1515.site.33, 0, 148, 148
1118061.3.peg.1515.site.34, 5, 145, 150
1118061.3.peg.1515.site.35, 4, 145, 149
1118061.3.peg.1515.site.36, 93, 145, 238
1118061.3.peg.1515.site.37, 10, 146, 156
1118061.3.peg.1515.site.38, 2, 148, 150
1118061.3.peg.1516.site.1, 46, 131, 177
1118061.3.peg.1516.site.2, 61, 128, 189
1118061.3.peg.1516.site.3, 2, 131, 133
1118061.3.peg.1516.site.4, 3, 149, 152
1118061.3.peg.1516.site.5, 0, 145, 145
1118061.3.peg.1516.site.6, 74, 147, 221
1118061.3.peg.1516.site.7, 1, 149, 150
1118061.3.peg.1516.site.8, 15, 148, 163
1118061.3.peg.1516.site.9, 23, 142, 165
1118061.3.peg.1516.site.10, 1, 124, 125
1118061.3.peg.1516.site.11, 41, 85, 126
1118061.3.peg.1516.site.12, 16, 148, 164
1118061.3.peg.1516.site.13, 4, 145, 149
1118061.3.peg.1517.site.1, 15, 142, 157
1118061.3.peg.1517.site.2, 72, 147, 219
1118061.3.peg.1517.site.3, 0, 148, 148
1118061.3.peg.1517.site.4, 0, 149, 149
1118061.3.peg.1517.site.5, 19, 140, 159
1118061.3.peg.1517.site.6, 0, 149, 149
1118061.3.peg.1517.site.7, 1, 149, 150
1118061.3.peg.1517.site.8, 57, 150, 207
1118061.3.peg.1517.site.9, 73, 150, 223
1118061.3.peg.1517.site.10, 66, 149, 215
1118061.3.peg.1517.site.11, 81, 149, 230
1118061.3.peg.1517.site.12, 96, 150, 246
1118061.3.peg.1517.site.13, 0, 149, 149
1118061.3.peg.1517.site.14, 0, 148, 148
1118061.3.peg.1517.site.15, 0, 149, 149
1118061.3.peg.1517.site.16, 0, 149, 149
1118061.3.peg.1517.site.17, 3, 147, 150
1118061.3.peg.1517.site.18, 37, 149, 186
1118061.3.peg.1468.site.1, 0, 150, 150
1118061.3.peg.1468.site.2, 3, 150, 153
1118061.3.peg.1468.site.3, 17, 150, 167
1118061.3.peg.1468.site.4, 149, 149, 298
1118061.3.peg.1468.site.5, 1, 150, 151
1118061.3.peg.1468.site.6, 33, 149, 182
1118061.3.peg.1468.site.7, 5, 150, 155
1118061.3.peg.1469.site.1, 0, 150, 150
1118061.3.peg.1469.site.2, 109, 150, 259
1118061.3.peg.1469.site.3, 8, 133, 141
1118061.3.peg.1469.site.4, 0, 146, 146
1118061.3.peg.1469.site.5, 62, 144, 206
1118061.3.peg.1469.site.6, 1, 148, 149
1118061.3.peg.1469.site.7, 3, 147, 150
1118061.3.peg.1469.site.8, 34, 147, 181
1118061.3.peg.1464.site.1, 0, 148, 148
1118061.3.peg.1464.site.2, 23, 148, 171
1118061.3.peg.1464.site.3, 2, 147, 149
1118061.3.peg.1464.site.4, 0, 148, 148
1118061.3.peg.1464.site.5, 15, 141, 156
1118061.3.peg.1464.site.6, 0, 142, 142
1118061.3.peg.1464.site.7, 103, 138, 241
1118061.3.peg.1464.site.8, 0, 142, 142
1118061.3.peg.1464.site.9, 77, 127, 204
1118061.3.peg.1464.site.10, 79, 135, 214
1118061.3.peg.1464.site.11, 1, 141, 142
1118061.3.peg.1464.site.12, 0, 144, 144
1118061.3.peg.1464.site.13, 0, 143, 143
1118061.3.peg.1464.site.14, 50, 137, 187
1118061.3.peg.1464.site.15, 0, 143, 143
1118061.3.peg.1464.site.16, 3, 146, 149
1118061.3.peg.1464.site.17, 34, 141, 175
1118061.3.peg.1464.site.18, 34, 140, 174
1118061.3.peg.1464.site.19, 1, 131, 132
1118061.3.peg.1464.site.20, 35, 145, 180
1118061.3.peg.1464.site.21, 6, 148, 154
1118061.3.peg.1464.site.22, 147, 147, 294
1118061.3.peg.1464.site.23, 1, 145, 146
1118061.3.peg.1464.site.24, 0, 149, 149
1118061.3.peg.1464.site.25, 0, 150, 150
1118061.3.peg.1465.site.1, 0, 145, 145
1118061.3.peg.1465.site.2, 5, 135, 140
1118061.3.peg.1465.site.3, 1, 135, 136
1118061.3.peg.1465.site.4, 150, 150, 300
1118061.3.peg.1465.site.5, 0, 149, 149
1118061.3.peg.1465.site.6, 62, 148, 210
1118061.3.peg.1465.site.7, 6, 142, 148
1118061.3.peg.1465.site.8, 30, 147, 177
1118061.3.peg.1466.site.1, 0, 124, 124
1118061.3.peg.1466.site.2, 2, 81, 83
1118061.3.peg.1466.site.3, 0, 92, 92
1118061.3.peg.1466.site.4, 0, 141, 141
1118061.3.peg.1466.site.5, 0, 129, 129
1118061.3.peg.1466.site.6, 0, 130, 130
1118061.3.peg.1466.site.7, 24, 106, 130
1118061.3.peg.1466.site.8, 103, 110, 213
1118061.3.peg.1466.site.9, 37, 113, 150
1118061.3.peg.1466.site.10, 0, 109, 109
1118061.3.peg.1467.site.1, 69, 115, 184
1118061.3.peg.1467.site.2, 96, 146, 242
1118061.3.peg.1467.site.3, 66, 149, 215
1118061.3.peg.1467.site.4, 2, 148, 150
1118061.3.peg.1467.site.5, 9, 143, 152
1118061.3.peg.1467.site.6, 25, 142, 167
1118061.3.peg.1467.site.7, 0, 150, 150
1118061.3.peg.1467.site.8, 0, 150, 150
1118061.3.peg.1467.site.9, 22, 147, 169
1118061.3.peg.1467.site.10, 0, 148, 148
1118061.3.peg.1467.site.11, 7, 146, 153
1118061.3.peg.1467.site.12, 7, 145, 152
1118061.3.peg.1467.site.13, 1, 150, 151
1118061.3.peg.1467.site.14, 3, 147, 150
1118061.3.peg.1460.site.1, 11, 150, 161
1118061.3.peg.1460.site.2, 1, 150, 151
1118061.3.peg.1460.site.3, 20, 148, 168
1118061.3.peg.1460.site.4, 22, 147, 169
1118061.3.peg.1460.site.5, 0, 150, 150
1118061.3.peg.1460.site.6, 89, 149, 238
1118061.3.peg.1460.site.7, 15, 150, 165
1118061.3.peg.1460.site.8, 5, 148, 153
1118061.3.peg.1460.site.9, 7, 150, 157
1118061.3.peg.1460.site.10, 124, 147, 271
1118061.3.peg.1460.site.11, 14, 149, 163
1118061.3.peg.1460.site.12, 0, 146, 146
1118061.3.peg.1460.site.13, 10, 143, 153
1118061.3.peg.1460.site.14, 7, 146, 153
1118061.3.peg.1460.site.15, 2, 148, 150
1118061.3.peg.1460.site.16, 3, 150, 153
1118061.3.peg.1460.site.17, 19, 149, 168
1118061.3.peg.1460.site.18, 0, 150, 150
1118061.3.peg.1460.site.19, 141, 149, 290
1118061.3.peg.1460.site.20, 1, 150, 151
1118061.3.peg.1460.site.21, 1, 150, 151
1118061.3.peg.1460.site.22, 52, 150, 202
1118061.3.peg.1460.site.23, 80, 150, 230
1118061.3.peg.1460.site.24, 2, 150, 152
1118061.3.peg.1460.site.25, 10, 150, 160
1118061.3.peg.1460.site.26, 9, 150, 159
1118061.3.peg.1461.site.1, 129, 131, 260
1118061.3.peg.1461.site.2, 144, 144, 288
1118061.3.peg.1461.site.3, 2, 148, 150
1118061.3.peg.1461.site.4, 8, 145, 153
1118061.3.peg.1461.site.5, 3, 149, 152
1118061.3.peg.1461.site.6, 9, 145, 154
1118061.3.peg.1461.site.7, 1, 148, 149
1118061.3.peg.1462.site.1, 0, 149, 149
1118061.3.peg.1462.site.2, 90, 146, 236
1118061.3.peg.1462.site.3, 3, 150, 153
1118061.3.peg.1462.site.4, 110, 148, 258
1118061.3.peg.1462.site.5, 3, 149, 152
1118061.3.peg.1462.site.6, 62, 147, 209
1118061.3.peg.1462.site.7, 3, 149, 152
1118061.3.peg.1462.site.8, 3, 149, 152
1118061.3.peg.1462.site.9, 10, 146, 156
1118061.3.peg.1462.site.10, 5, 150, 155
1118061.3.peg.1462.site.11, 63, 148, 211
1118061.3.peg.1462.site.12, 2, 149, 151
1118061.3.peg.1462.site.13, 18, 149, 167
1118061.3.peg.1462.site.14, 2, 148, 150
1118061.3.peg.1462.site.15, 40, 148, 188
1118061.3.peg.1462.site.16, 23, 147, 170
1118061.3.peg.1462.site.17, 23, 148, 171
1118061.3.peg.1462.site.18, 2, 147, 149
1118061.3.peg.1462.site.19, 32, 146, 178
1118061.3.peg.1462.site.20, 32, 146, 178
1118061.3.peg.1462.site.21, 3, 150, 153
1118061.3.peg.1462.site.22, 0, 149, 149
1118061.3.peg.1462.site.23, 21, 148, 169
1118061.3.peg.1462.site.24, 46, 148, 194
1118061.3.peg.1462.site.25, 3, 150, 153
1118061.3.peg.1462.site.26, 5, 149, 154
1118061.3.peg.1462.site.27, 29, 147, 176
1118061.3.peg.1462.site.28, 6, 150, 156
1118061.3.peg.1462.site.29, 1, 149, 150
1118061.3.peg.1462.site.30, 17, 143, 160
1118061.3.peg.1462.site.31, 6, 142, 148
1118061.3.peg.1462.site.32, 1, 129, 130
1118061.3.peg.1462.site.33, 138, 138, 276
1118061.3.peg.1462.site.34, 44, 137, 181
1118061.3.peg.1462.site.35, 3, 147, 150
1118061.3.peg.1462.site.36, 92, 148, 240
1118061.3.peg.1462.site.37, 3, 149, 152
1118061.3.peg.1462.site.38, 48, 148, 196
1118061.3.peg.1462.site.39, 7, 148, 155
1118061.3.peg.1462.site.40, 2, 148, 150
1118061.3.peg.1463.site.1, 3, 140, 143
1118061.3.peg.1463.site.2, 3, 139, 142
1118061.3.peg.1463.site.3, 1, 140, 141
1118061.3.peg.1463.site.4, 21, 145, 166
1118061.3.peg.1463.site.5, 0, 119, 119
1118061.3.peg.1463.site.6, 46, 126, 172
1118061.3.peg.1463.site.7, 12, 149, 161
1118061.3.peg.1463.site.8, 0, 148, 148
1118061.3.peg.1463.site.9, 110, 148, 258
1118061.3.peg.1463.site.10, 18, 149, 167
1118061.3.peg.956.site.1, 0, 122, 122
1118061.3.peg.956.site.2, 30, 134, 164
1118061.3.peg.956.site.3, 3, 135, 138
1118061.3.peg.956.site.4, 3, 135, 138
1118061.3.peg.956.site.5, 2, 136, 138
1118061.3.peg.956.site.6, 30, 133, 163
1118061.3.peg.956.site.7, 0, 125, 125
1118061.3.peg.956.site.8, 11, 121, 132
1118061.3.peg.2378.site.1, 5, 148, 153
1118061.3.peg.2378.site.2, 45, 142, 187
1118061.3.peg.2378.site.3, 1, 148, 149
1118061.3.peg.2378.site.4, 48, 149, 197
1118061.3.peg.2378.site.5, 3, 149, 152
1118061.3.peg.2378.site.6, 1, 150, 151
1118061.3.peg.2378.site.7, 3, 150, 153
1118061.3.peg.2378.site.8, 1, 150, 151
1118061.3.peg.2378.site.9, 1, 146, 147
1118061.3.peg.2378.site.10, 1, 141, 142
1118061.3.peg.2378.site.11, 48, 149, 197
1118061.3.peg.2378.site.12, 27, 149, 176
1118061.3.peg.2378.site.13, 12, 148, 160
1118061.3.peg.2378.site.14, 5, 148, 153
1118061.3.peg.2378.site.15, 1, 150, 151
1118061.3.peg.2378.site.16, 1, 149, 150
1118061.3.peg.2378.site.17, 6, 150, 156
1118061.3.peg.2378.site.18, 1, 150, 151
1118061.3.peg.2378.site.19, 0, 150, 150
1118061.3.peg.2378.site.20, 1, 150, 151
1118061.3.peg.954.site.1, 82, 147, 229
1118061.3.peg.954.site.2, 0, 149, 149
1118061.3.peg.954.site.3, 6, 146, 152
1118061.3.peg.954.site.4, 24, 130, 154
1118061.3.peg.954.site.5, 4, 130, 134
1118061.3.peg.954.site.6, 43, 128, 171
1118061.3.peg.954.site.7, 1, 141, 142
1118061.3.peg.955.site.1, 1, 140, 141
1118061.3.peg.955.site.2, 24, 141, 165
1118061.3.peg.955.site.3, 2, 147, 149
1118061.3.peg.955.site.4, 80, 149, 229
1118061.3.peg.955.site.5, 0, 150, 150
1118061.3.peg.955.site.6, 3, 150, 153
1118061.3.peg.955.site.7, 0, 149, 149
1118061.3.peg.955.site.8, 0, 149, 149
1118061.3.peg.955.site.9, 0, 149, 149
1118061.3.peg.955.site.10, 2, 150, 152
1118061.3.peg.955.site.11, 2, 149, 151
1118061.3.peg.955.site.12, 138, 149, 287
1118061.3.peg.955.site.13, 3, 149, 152
1118061.3.peg.955.site.14, 0, 145, 145
1118061.3.peg.955.site.15, 1, 145, 146
1118061.3.peg.955.site.16, 0, 141, 141
1118061.3.peg.955.site.17, 0, 148, 148
1118061.3.peg.950.site.1, 1, 129, 130
1118061.3.peg.950.site.2, 3, 138, 141
1118061.3.peg.950.site.3, 1, 136, 137
1118061.3.peg.950.site.4, 2, 138, 140
1118061.3.peg.950.site.5, 2, 138, 140
1118061.3.peg.950.site.6, 84, 136, 220
1118061.3.peg.950.site.7, 0, 138, 138
1118061.3.peg.950.site.8, 3, 134, 137
1118061.3.peg.950.site.9, 0, 131, 131
1118061.3.peg.950.site.10, 13, 127, 140
1118061.3.peg.950.site.11, 79, 135, 214
1118061.3.peg.950.site.12, 138, 138, 276
1118061.3.peg.950.site.13, 2, 139, 141
1118061.3.peg.950.site.14, 1, 139, 140
1118061.3.peg.951.site.1, 15, 139, 154
1118061.3.peg.951.site.2, 111, 138, 249
1118061.3.peg.951.site.3, 112, 139, 251
1118061.3.peg.951.site.4, 112, 139, 251
1118061.3.peg.951.site.5, 26, 137, 163
1118061.3.peg.951.site.6, 2, 136, 138
1118061.3.peg.951.site.7, 105, 139, 244
1118061.3.peg.951.site.8, 1, 138, 139
1118061.3.peg.951.site.9, 4, 139, 143
1118061.3.peg.951.site.10, 4, 139, 143
1118061.3.peg.2371.site.1, 77, 150, 227
1118061.3.peg.2371.site.2, 32, 150, 182
1118061.3.peg.2371.site.3, 0, 150, 150
1118061.3.peg.2371.site.4, 0, 150, 150
1118061.3.peg.2371.site.5, 146, 150, 296
1118061.3.peg.2371.site.6, 0, 150, 150
1118061.3.peg.2371.site.7, 1, 150, 151
1118061.3.peg.2371.site.8, 0, 115, 115
1118061.3.peg.2371.site.9, 0, 85, 85
1118061.3.peg.2371.site.10, 79, 79, 158
1118061.3.peg.2371.site.11, 2, 84, 86
1118061.3.peg.2371.site.12, 86, 128, 214
1118061.3.peg.2371.site.13, 0, 148, 148
1118061.3.peg.2371.site.14, 149, 149, 298
1118061.3.peg.2371.site.15, 0, 150, 150
1118061.3.peg.2371.site.16, 3, 150, 153
1118061.3.peg.2371.site.17, 140, 146, 286
1118061.3.peg.2371.site.18, 0, 148, 148
1118061.3.peg.2371.site.19, 0, 147, 147
1118061.3.peg.2371.site.20, 1, 148, 149
1118061.3.peg.2371.site.21, 0, 147, 147
1118061.3.peg.2371.site.22, 2, 146, 148
1118061.3.peg.2370.site.1, 0, 137, 137
1118061.3.peg.2370.site.2, 1, 137, 138
1118061.3.peg.2370.site.3, 11, 134, 145
1118061.3.peg.2370.site.4, 27, 116, 143
1118061.3.peg.2370.site.5, 140, 144, 284
1118061.3.peg.2370.site.6, 27, 145, 172
1118061.3.peg.2370.site.7, 35, 134, 169
1118061.3.peg.2370.site.8, 1, 110, 111
1118061.3.peg.2370.site.9, 3, 139, 142
1118061.3.peg.2370.site.10, 2, 108, 110
1118061.3.peg.2370.site.11, 3, 132, 135
1118061.3.peg.2370.site.12, 48, 135, 183
1118061.3.peg.2370.site.13, 1, 143, 144
1118061.3.peg.2370.site.14, 26, 146, 172
1118061.3.peg.2370.site.15, 2, 144, 146
1118061.3.peg.2370.site.16, 0, 144, 144
1118061.3.peg.2370.site.17, 1, 148, 149
1118061.3.peg.2370.site.18, 21, 136, 157
1118061.3.peg.2370.site.19, 3, 141, 144
1118061.3.peg.2373.site.1, 5, 150, 155
1118061.3.peg.2373.site.2, 15, 150, 165
1118061.3.peg.2373.site.3, 52, 150, 202
1118061.3.peg.2373.site.4, 150, 150, 300
1118061.3.peg.2372.site.1, 21, 125, 146
1118061.3.peg.2372.site.2, 38, 135, 173
1118061.3.peg.2375.site.1, 3, 149, 152
1118061.3.peg.2375.site.2, 83, 145, 228
1118061.3.peg.2375.site.3, 82, 143, 225
1118061.3.peg.2375.site.4, 10, 145, 155
1118061.3.peg.2375.site.5, 0, 136, 136
1118061.3.peg.2375.site.6, 8, 95, 103
1118061.3.peg.2374.site.1, 38, 150, 188
1118061.3.peg.2374.site.2, 0, 148, 148
1118061.3.peg.2374.site.3, 144, 146, 290
1118061.3.peg.2374.site.4, 4, 146, 150
1118061.3.peg.2374.site.5, 2, 149, 151
1118061.3.peg.2374.site.6, 46, 148, 194
1118061.3.peg.2374.site.7, 142, 147, 289
1118061.3.peg.2374.site.8, 38, 147, 185
1118061.3.peg.2374.site.9, 46, 146, 192
1118061.3.peg.2374.site.10, 34, 143, 177
1118061.3.peg.2377.site.1, 1, 149, 150
1118061.3.peg.2377.site.2, 80, 148, 228
1118061.3.peg.959.site.1, 109, 110, 219
1118061.3.peg.959.site.2, 3, 149, 152
1118061.3.peg.959.site.3, 21, 149, 170
1118061.3.peg.959.site.4, 1, 149, 150
1118061.3.peg.959.site.5, 125, 125, 250
1118061.3.peg.959.site.6, 20, 132, 152
1118061.3.peg.959.site.7, 125, 128, 253
1118061.3.peg.959.site.8, 0, 146, 146
1118061.3.peg.65.site.1, 150, 150, 300
1118061.3.peg.65.site.2, 3, 149, 152
1118061.3.peg.65.site.3, 106, 139, 245
1118061.3.peg.65.site.4, 14, 145, 159
1118061.3.peg.65.site.5, 7, 149, 156
1118061.3.peg.65.site.6, 32, 145, 177
1118061.3.peg.65.site.7, 97, 150, 247
1118061.3.peg.65.site.8, 114, 148, 262
1118061.3.peg.65.site.9, 8, 150, 158
1118061.3.peg.65.site.10, 97, 150, 247
1118061.3.peg.65.site.11, 0, 148, 148
1118061.3.peg.65.site.12, 98, 146, 244
1118061.3.peg.65.site.13, 3, 149, 152
1118061.3.peg.65.site.14, 1, 150, 151
1118061.3.peg.65.site.15, 35, 150, 185
1118061.3.peg.65.site.16, 29, 150, 179
1118061.3.peg.65.site.17, 4, 148, 152
1118061.3.peg.65.site.18, 10, 150, 160
1118061.3.peg.64.site.1, 128, 150, 278
1118061.3.peg.64.site.2, 28, 150, 178
1118061.3.peg.64.site.3, 28, 150, 178
1118061.3.peg.64.site.4, 0, 149, 149
1118061.3.peg.64.site.5, 143, 149, 292
1118061.3.peg.64.site.6, 1, 148, 149
1118061.3.peg.64.site.7, 1, 146, 147
1118061.3.peg.64.site.8, 0, 149, 149
1118061.3.peg.64.site.9, 11, 150, 161
1118061.3.peg.64.site.10, 1, 149, 150
1118061.3.peg.67.site.1, 1, 148, 149
1118061.3.peg.67.site.2, 0, 150, 150
1118061.3.peg.67.site.3, 58, 150, 208
1118061.3.peg.67.site.4, 3, 150, 153
1118061.3.peg.67.site.5, 21, 148, 169
1118061.3.peg.67.site.6, 5, 149, 154
1118061.3.peg.67.site.7, 0, 148, 148
1118061.3.peg.67.site.8, 33, 150, 183
1118061.3.peg.67.site.9, 144, 148, 292
1118061.3.peg.67.site.10, 61, 150, 211
1118061.3.peg.67.site.11, 45, 149, 194
1118061.3.peg.67.site.12, 3, 148, 151
1118061.3.peg.67.site.13, 134, 134, 268
1118061.3.peg.67.site.14, 31, 123, 154
1118061.3.peg.67.site.15, 33, 138, 171
1118061.3.peg.67.site.16, 54, 147, 201
1118061.3.peg.67.site.17, 81, 148, 229
1118061.3.peg.67.site.18, 0, 149, 149
1118061.3.peg.67.site.19, 3, 149, 152
1118061.3.peg.67.site.20, 150, 150, 300
1118061.3.peg.67.site.21, 49, 148, 197
1118061.3.peg.67.site.22, 0, 150, 150
1118061.3.peg.67.site.23, 4, 149, 153
1118061.3.peg.67.site.24, 22, 150, 172
1118061.3.peg.67.site.25, 1, 150, 151
1118061.3.peg.67.site.26, 0, 150, 150
1118061.3.peg.67.site.27, 73, 150, 223
1118061.3.peg.67.site.28, 0, 149, 149
1118061.3.peg.67.site.29, 31, 150, 181
1118061.3.peg.67.site.30, 0, 150, 150
1118061.3.peg.67.site.31, 82, 149, 231
1118061.3.peg.67.site.32, 2, 144, 146
1118061.3.peg.67.site.33, 61, 147, 208
1118061.3.peg.67.site.34, 1, 149, 150
1118061.3.peg.67.site.35, 0, 150, 150
1118061.3.peg.67.site.36, 32, 149, 181
1118061.3.peg.67.site.37, 146, 149, 295
1118061.3.peg.67.site.38, 20, 149, 169
1118061.3.peg.67.site.39, 46, 146, 192
1118061.3.peg.67.site.40, 1, 141, 142
1118061.3.peg.67.site.41, 144, 144, 288
1118061.3.peg.67.site.42, 0, 146, 146
1118061.3.peg.67.site.43, 3, 147, 150
1118061.3.peg.66.site.1, 16, 148, 164
1118061.3.peg.66.site.2, 76, 149, 225
1118061.3.peg.66.site.3, 0, 148, 148
1118061.3.peg.66.site.4, 0, 149, 149
1118061.3.peg.66.site.5, 5, 150, 155
1118061.3.peg.66.site.6, 12, 150, 162
1118061.3.peg.66.site.7, 32, 149, 181
1118061.3.peg.66.site.8, 31, 148, 179
1118061.3.peg.66.site.9, 74, 147, 221
1118061.3.peg.66.site.10, 33, 143, 176
1118061.3.peg.66.site.11, 9, 150, 159
1118061.3.peg.66.site.12, 0, 146, 146
1118061.3.peg.66.site.13, 8, 146, 154
1118061.3.peg.61.site.1, 0, 149, 149
1118061.3.peg.61.site.2, 22, 149, 171
1118061.3.peg.61.site.3, 0, 150, 150
1118061.3.peg.61.site.4, 134, 146, 280
1118061.3.peg.61.site.5, 0, 148, 148
1118061.3.peg.61.site.6, 145, 148, 293
1118061.3.peg.61.site.7, 113, 116, 229
1118061.3.peg.60.site.1, 0, 134, 134
1118061.3.peg.60.site.2, 31, 144, 175
1118061.3.peg.60.site.3, 0, 146, 146
1118061.3.peg.60.site.4, 11, 145, 156
1118061.3.peg.60.site.5, 10, 146, 156
1118061.3.peg.60.site.6, 3, 146, 149
1118061.3.peg.60.site.7, 3, 147, 150
1118061.3.peg.60.site.8, 1, 146, 147
1118061.3.peg.60.site.9, 3, 150, 153
1118061.3.peg.60.site.10, 3, 150, 153
1118061.3.peg.60.site.11, 18, 150, 168
1118061.3.peg.60.site.12, 80, 145, 225
1118061.3.peg.60.site.13, 3, 148, 151
1118061.3.peg.60.site.14, 3, 150, 153
1118061.3.peg.60.site.15, 2, 149, 151
1118061.3.peg.63.site.1, 100, 148, 248
1118061.3.peg.62.site.1, 1, 148, 149
1118061.3.peg.62.site.2, 8, 144, 152
1118061.3.peg.62.site.3, 0, 140, 140
1118061.3.peg.62.site.4, 2, 141, 143
1118061.3.peg.62.site.5, 10, 144, 154
1118061.3.peg.2177.site.1, 0, 146, 146
1118061.3.peg.2177.site.2, 4, 145, 149
1118061.3.peg.2177.site.3, 2, 140, 142
1118061.3.peg.2176.site.1, 36, 148, 184
1118061.3.peg.2176.site.2, 148, 148, 296
1118061.3.peg.2176.site.3, 0, 146, 146
1118061.3.peg.2176.site.4, 1, 147, 148
1118061.3.peg.2176.site.5, 41, 150, 191
1118061.3.peg.2176.site.6, 12, 150, 162
1118061.3.peg.2176.site.7, 1, 150, 151
1118061.3.peg.2176.site.8, 40, 149, 189
1118061.3.peg.2175.site.1, 106, 149, 255
1118061.3.peg.2175.site.2, 1, 150, 151
1118061.3.peg.2175.site.3, 14, 149, 163
1118061.3.peg.2175.site.4, 9, 150, 159
1118061.3.peg.2175.site.5, 100, 150, 250
1118061.3.peg.2175.site.6, 1, 150, 151
1118061.3.peg.2175.site.7, 4, 150, 154
1118061.3.peg.2175.site.8, 3, 150, 153
1118061.3.peg.2175.site.9, 67, 150, 217
1118061.3.peg.2175.site.10, 0, 150, 150
1118061.3.peg.2175.site.11, 0, 149, 149
1118061.3.peg.2175.site.12, 5, 149, 154
1118061.3.peg.2175.site.13, 5, 149, 154
1118061.3.peg.2175.site.14, 1, 150, 151
1118061.3.peg.2175.site.15, 36, 143, 179
1118061.3.peg.2175.site.16, 0, 140, 140
1118061.3.peg.2175.site.17, 15, 141, 156
1118061.3.peg.2175.site.18, 30, 139, 169
1118061.3.peg.2175.site.19, 5, 143, 148
1118061.3.peg.2175.site.20, 0, 139, 139
1118061.3.peg.2175.site.21, 1, 109, 110
1118061.3.peg.2175.site.22, 0, 104, 104
1118061.3.peg.2175.site.23, 1, 129, 130
1118061.3.peg.2174.site.1, 3, 150, 153
1118061.3.peg.2174.site.2, 30, 150, 180
1118061.3.peg.2174.site.3, 0, 149, 149
1118061.3.peg.2174.site.4, 2, 146, 148
1118061.3.peg.2174.site.5, 2, 145, 147
1118061.3.peg.2174.site.6, 0, 148, 148
1118061.3.peg.2174.site.7, 2, 150, 152
1118061.3.peg.2174.site.8, 147, 148, 295
1118061.3.peg.2174.site.9, 35, 148, 183
1118061.3.peg.2174.site.10, 2, 149, 151
1118061.3.peg.2174.site.11, 6, 149, 155
1118061.3.peg.2174.site.12, 3, 149, 152
1118061.3.peg.2174.site.13, 0, 150, 150
1118061.3.peg.2174.site.14, 0, 150, 150
1118061.3.peg.2174.site.15, 1, 149, 150
1118061.3.peg.2174.site.16, 134, 150, 284
1118061.3.peg.2174.site.17, 4, 150, 154
1118061.3.peg.2174.site.18, 1, 150, 151
1118061.3.peg.2174.site.19, 1, 150, 151
1118061.3.peg.2174.site.20, 42, 149, 191
1118061.3.peg.2174.site.21, 40, 149, 189
1118061.3.peg.2174.site.22, 31, 148, 179
1118061.3.peg.69.site.1, 136, 145, 281
1118061.3.peg.69.site.2, 1, 139, 140
1118061.3.peg.69.site.3, 7, 133, 140
1118061.3.peg.69.site.4, 1, 140, 141
1118061.3.peg.68.site.1, 2, 150, 152
1118061.3.peg.68.site.2, 7, 150, 157
1118061.3.peg.68.site.3, 18, 149, 167
1118061.3.peg.68.site.4, 0, 149, 149
1118061.3.peg.68.site.5, 9, 148, 157
1118061.3.peg.68.site.6, 2, 149, 151
1118061.3.peg.68.site.7, 1, 150, 151
1118061.3.peg.68.site.8, 102, 148, 250
1118061.3.peg.2171.site.1, 129, 130, 259
1118061.3.peg.2171.site.2, 101, 135, 236
1118061.3.peg.2171.site.3, 132, 134, 266
1118061.3.peg.2171.site.4, 108, 144, 252
1118061.3.peg.2171.site.5, 15, 146, 161
1118061.3.peg.2171.site.6, 38, 150, 188
1118061.3.peg.2171.site.7, 5, 149, 154
1118061.3.peg.2171.site.8, 1, 118, 119
1118061.3.peg.2171.site.9, 5, 116, 121
1118061.3.peg.2171.site.10, 115, 120, 235
1118061.3.peg.2171.site.11, 0, 124, 124
1118061.3.peg.2171.site.12, 1, 149, 150
1118061.3.peg.2171.site.13, 0, 147, 147
1118061.3.peg.2171.site.14, 0, 148, 148
1118061.3.peg.2171.site.15, 3, 146, 149
1118061.3.peg.2171.site.16, 3, 149, 152
1118061.3.peg.2171.site.17, 4, 149, 153
1118061.3.peg.2171.site.18, 54, 149, 203
1118061.3.peg.2171.site.19, 74, 148, 222
1118061.3.peg.2171.site.20, 3, 150, 153
1118061.3.peg.2171.site.21, 5, 150, 155
1118061.3.peg.2171.site.22, 2, 150, 152
1118061.3.peg.2170.site.1, 2, 150, 152
1118061.3.peg.2170.site.2, 0, 148, 148
1118061.3.peg.2170.site.3, 148, 150, 298
1118061.3.peg.2170.site.4, 71, 148, 219
1118061.3.peg.2170.site.5, 137, 150, 287
1118061.3.peg.2170.site.6, 147, 148, 295
1118061.3.peg.2170.site.7, 150, 150, 300
1118061.3.peg.2170.site.8, 82, 145, 227
1118061.3.peg.2170.site.9, 137, 147, 284
1118061.3.peg.2170.site.10, 4, 147, 151
1118061.3.peg.2170.site.11, 72, 149, 221
1118061.3.peg.2170.site.12, 7, 148, 155
1118061.3.peg.2170.site.13, 1, 150, 151
1118061.3.peg.2170.site.14, 9, 150, 159
1118061.3.peg.2170.site.15, 17, 148, 165
1118061.3.peg.2170.site.16, 7, 148, 155
1118061.3.peg.2170.site.17, 0, 150, 150
1118061.3.peg.2170.site.18, 8, 150, 158
1118061.3.peg.2170.site.19, 6, 146, 152
1118061.3.peg.2170.site.20, 3, 149, 152
1118061.3.peg.2170.site.21, 4, 146, 150
1118061.3.peg.2170.site.22, 5, 146, 151
1118061.3.peg.2170.site.23, 147, 147, 294
1118061.3.peg.2170.site.24, 5, 146, 151
1118061.3.peg.2170.site.25, 7, 144, 151
1118061.3.peg.2170.site.26, 0, 144, 144
1118061.3.peg.2170.site.27, 106, 143, 249
1118061.3.peg.2170.site.28, 7, 145, 152
1118061.3.peg.2170.site.29, 136, 145, 281
1118061.3.peg.2775.site.1, 138, 143, 281
1118061.3.peg.2775.site.2, 0, 142, 142
1118061.3.peg.2775.site.3, 94, 148, 242
1118061.3.peg.2775.site.4, 7, 147, 154
1118061.3.peg.2775.site.5, 2, 135, 137
1118061.3.peg.2775.site.6, 0, 146, 146
1118061.3.peg.2775.site.7, 99, 145, 244
1118061.3.peg.2775.site.8, 2, 147, 149
1118061.3.peg.2775.site.9, 3, 147, 150
1118061.3.peg.2775.site.10, 5, 147, 152
1118061.3.peg.2775.site.11, 41, 148, 189
1118061.3.peg.2775.site.12, 1, 119, 120
1118061.3.peg.2775.site.13, 93, 121, 214
1118061.3.peg.2775.site.14, 0, 138, 138
1118061.3.peg.2774.site.1, 0, 146, 146
1118061.3.peg.2774.site.2, 3, 137, 140
1118061.3.peg.2774.site.3, 2, 144, 146
1118061.3.peg.2774.site.4, 9, 145, 154
1118061.3.peg.2774.site.5, 2, 141, 143
1118061.3.peg.2774.site.6, 0, 144, 144
1118061.3.peg.2774.site.7, 54, 145, 199
1118061.3.peg.2774.site.8, 3, 144, 147
1118061.3.peg.2774.site.9, 1, 113, 114
1118061.3.peg.2774.site.10, 1, 113, 114
1118061.3.peg.2774.site.11, 0, 147, 147
1118061.3.peg.2774.site.12, 1, 145, 146
1118061.3.peg.2774.site.13, 78, 142, 220
1118061.3.peg.2774.site.14, 15, 147, 162
1118061.3.peg.2774.site.15, 1, 146, 147
1118061.3.peg.2774.site.16, 5, 122, 127
1118061.3.peg.2774.site.17, 1, 144, 145
1118061.3.peg.2774.site.18, 1, 149, 150
1118061.3.peg.2774.site.19, 34, 147, 181
1118061.3.peg.2774.site.20, 0, 148, 148
1118061.3.peg.2774.site.21, 3, 138, 141
1118061.3.peg.2774.site.22, 0, 138, 138
1118061.3.peg.2774.site.23, 47, 133, 180
1118061.3.peg.2774.site.24, 0, 128, 128
1118061.3.peg.2774.site.25, 0, 100, 100
1118061.3.peg.2774.site.26, 25, 119, 144
1118061.3.peg.2774.site.27, 83, 98, 181
1118061.3.peg.2774.site.28, 30, 112, 142
1118061.3.peg.2774.site.29, 0, 142, 142
1118061.3.peg.2774.site.30, 15, 145, 160
1118061.3.peg.2774.site.31, 0, 147, 147
1118061.3.peg.2774.site.32, 68, 147, 215
1118061.3.peg.2774.site.33, 37, 149, 186
1118061.3.peg.2774.site.34, 2, 128, 130
1118061.3.peg.2774.site.35, 2, 143, 145
1118061.3.peg.2774.site.36, 79, 149, 228
1118061.3.peg.2774.site.37, 4, 147, 151
1118061.3.peg.2774.site.38, 10, 139, 149
1118061.3.peg.2774.site.39, 32, 129, 161
1118061.3.peg.2777.site.1, 2, 133, 135
1118061.3.peg.2777.site.2, 3, 149, 152
1118061.3.peg.2777.site.3, 1, 150, 151
1118061.3.peg.2777.site.4, 3, 149, 152
1118061.3.peg.2777.site.5, 12, 149, 161
1118061.3.peg.2777.site.6, 0, 146, 146
1118061.3.peg.2777.site.7, 3, 146, 149
1118061.3.peg.2777.site.8, 41, 142, 183
1118061.3.peg.2777.site.9, 2, 145, 147
1118061.3.peg.2777.site.10, 17, 148, 165
1118061.3.peg.2777.site.11, 2, 148, 150
1118061.3.peg.2777.site.12, 3, 147, 150
1118061.3.peg.2777.site.13, 5, 145, 150
1118061.3.peg.2777.site.14, 2, 144, 146
1118061.3.peg.2777.site.15, 106, 149, 255
1118061.3.peg.2777.site.16, 3, 146, 149
1118061.3.peg.2777.site.17, 1, 145, 146
1118061.3.peg.2777.site.18, 23, 137, 160
1118061.3.peg.2777.site.19, 3, 143, 146
1118061.3.peg.2777.site.20, 15, 148, 163
1118061.3.peg.2777.site.21, 28, 146, 174
1118061.3.peg.2777.site.22, 13, 149, 162
1118061.3.peg.2777.site.23, 33, 150, 183
1118061.3.peg.2777.site.24, 19, 150, 169
1118061.3.peg.2777.site.25, 10, 150, 160
1118061.3.peg.2777.site.26, 3, 149, 152
1118061.3.peg.2777.site.27, 0, 149, 149
1118061.3.peg.2777.site.28, 3, 149, 152
1118061.3.peg.2771.site.1, 5, 150, 155
1118061.3.peg.2771.site.2, 136, 138, 274
1118061.3.peg.2771.site.3, 135, 137, 272
1118061.3.peg.2771.site.4, 8, 145, 153
1118061.3.peg.2771.site.5, 3, 147, 150
1118061.3.peg.2771.site.6, 3, 147, 150
1118061.3.peg.2771.site.7, 3, 148, 151
1118061.3.peg.2771.site.8, 0, 150, 150
1118061.3.peg.2771.site.9, 39, 134, 173
1118061.3.peg.2771.site.10, 2, 145, 147
1118061.3.peg.2771.site.11, 3, 147, 150
1118061.3.peg.2771.site.12, 0, 149, 149
1118061.3.peg.2771.site.13, 132, 136, 268
1118061.3.peg.2770.site.1, 0, 150, 150
1118061.3.peg.2770.site.2, 29, 149, 178
1118061.3.peg.2770.site.3, 50, 146, 196
1118061.3.peg.2770.site.4, 3, 145, 148
1118061.3.peg.2770.site.5, 3, 145, 148
1118061.3.peg.2770.site.6, 139, 143, 282
1118061.3.peg.2770.site.7, 144, 149, 293
1118061.3.peg.2770.site.8, 2, 146, 148
1118061.3.peg.2773.site.1, 26, 140, 166
1118061.3.peg.2773.site.2, 28, 145, 173
1118061.3.peg.2773.site.3, 18, 150, 168
1118061.3.peg.2773.site.4, 27, 149, 176
1118061.3.peg.2773.site.5, 0, 148, 148
1118061.3.peg.2773.site.6, 0, 150, 150
1118061.3.peg.2773.site.7, 56, 149, 205
1118061.3.peg.2773.site.8, 0, 150, 150
1118061.3.peg.2773.site.9, 145, 150, 295
1118061.3.peg.2773.site.10, 1, 149, 150
1118061.3.peg.2773.site.11, 29, 147, 176
1118061.3.peg.2773.site.12, 148, 148, 296
1118061.3.peg.2773.site.13, 1, 143, 144
1118061.3.peg.2773.site.14, 145, 145, 290
1118061.3.peg.2773.site.15, 18, 147, 165
1118061.3.peg.2773.site.16, 0, 147, 147
1118061.3.peg.2773.site.17, 146, 146, 292
1118061.3.peg.2773.site.18, 11, 146, 157
1118061.3.peg.2773.site.19, 3, 148, 151
1118061.3.peg.2773.site.20, 0, 148, 148
1118061.3.peg.2773.site.21, 0, 149, 149
1118061.3.peg.2773.site.22, 2, 150, 152
1118061.3.peg.2773.site.23, 148, 148, 296
1118061.3.peg.2773.site.24, 1, 150, 151
1118061.3.peg.2773.site.25, 0, 147, 147
1118061.3.peg.2772.site.1, 4, 148, 152
1118061.3.peg.2772.site.2, 1, 147, 148
1118061.3.peg.2772.site.3, 50, 147, 197
1118061.3.peg.2772.site.4, 3, 144, 147
1118061.3.peg.2772.site.5, 3, 149, 152
1118061.3.peg.2772.site.6, 1, 150, 151
1118061.3.peg.2772.site.7, 2, 149, 151
1118061.3.peg.2772.site.8, 1, 149, 150
1118061.3.peg.2772.site.9, 5, 150, 155
1118061.3.peg.2772.site.10, 5, 113, 118
1118061.3.peg.2772.site.11, 5, 122, 127
1118061.3.peg.2772.site.12, 0, 141, 141
1118061.3.peg.2772.site.13, 35, 144, 179
1118061.3.peg.2772.site.14, 25, 129, 154
1118061.3.peg.2772.site.15, 144, 144, 288
1118061.3.peg.2772.site.16, 33, 131, 164
1118061.3.peg.2772.site.17, 0, 149, 149
1118061.3.peg.2772.site.18, 143, 150, 293
1118061.3.peg.2772.site.19, 147, 147, 294
1118061.3.peg.2772.site.20, 113, 142, 255
1118061.3.peg.2772.site.21, 59, 147, 206
1118061.3.peg.2772.site.22, 5, 148, 153
1118061.3.peg.2772.site.23, 10, 148, 158
1118061.3.peg.2772.site.24, 3, 149, 152
1118061.3.peg.2772.site.25, 15, 150, 165
1118061.3.peg.2772.site.26, 111, 145, 256
1118061.3.peg.2772.site.27, 59, 144, 203
1118061.3.peg.2772.site.28, 26, 142, 168
1118061.3.peg.2772.site.29, 3, 148, 151
1118061.3.peg.2772.site.30, 3, 149, 152
1118061.3.peg.2772.site.31, 147, 147, 294
1118061.3.peg.2772.site.32, 3, 148, 151
1118061.3.peg.2779.site.1, 6, 133, 139
1118061.3.peg.2779.site.2, 2, 141, 143
1118061.3.peg.2779.site.3, 3, 139, 142
1118061.3.peg.2779.site.4, 2, 142, 144
1118061.3.peg.2779.site.5, 0, 149, 149
1118061.3.peg.2779.site.6, 17, 146, 163
1118061.3.peg.2779.site.7, 3, 142, 145
1118061.3.peg.2779.site.8, 38, 147, 185
1118061.3.peg.2779.site.9, 103, 148, 251
1118061.3.peg.2779.site.10, 3, 148, 151
1118061.3.peg.2779.site.11, 27, 148, 175
1118061.3.peg.2779.site.12, 0, 149, 149
1118061.3.peg.2779.site.13, 2, 149, 151
1118061.3.peg.2779.site.14, 38, 147, 185
1118061.3.peg.2779.site.15, 138, 138, 276
1118061.3.peg.2779.site.16, 2, 146, 148
1118061.3.peg.2779.site.17, 15, 147, 162
1118061.3.peg.2779.site.18, 2, 145, 147
1118061.3.peg.2779.site.19, 6, 144, 150
1118061.3.peg.2779.site.20, 2, 145, 147
1118061.3.peg.2779.site.21, 1, 144, 145
1118061.3.peg.2779.site.22, 72, 146, 218
1118061.3.peg.2779.site.23, 14, 146, 160
1118061.3.peg.2779.site.24, 1, 145, 146
1118061.3.peg.2779.site.25, 17, 146, 163
1118061.3.peg.2779.site.26, 18, 147, 165
1118061.3.peg.2779.site.27, 18, 147, 165
1118061.3.peg.2779.site.28, 0, 150, 150
1118061.3.peg.2779.site.29, 13, 150, 163
1118061.3.peg.2779.site.30, 149, 149, 298
1118061.3.peg.2779.site.31, 30, 144, 174
1118061.3.peg.2779.site.32, 91, 141, 232
1118061.3.peg.2779.site.33, 25, 138, 163
1118061.3.peg.2779.site.34, 66, 150, 216
1118061.3.peg.2779.site.35, 21, 148, 169
1118061.3.peg.2779.site.36, 128, 142, 270
1118061.3.peg.2779.site.37, 2, 139, 141
1118061.3.peg.2779.site.38, 2, 142, 144
1118061.3.peg.2779.site.39, 3, 150, 153
1118061.3.peg.2779.site.40, 5, 149, 154
1118061.3.peg.2779.site.41, 2, 149, 151
1118061.3.peg.2779.site.42, 94, 150, 244
1118061.3.peg.2779.site.43, 14, 148, 162
1118061.3.peg.2779.site.44, 16, 148, 164
1118061.3.peg.2779.site.45, 3, 147, 150
1118061.3.peg.2779.site.46, 3, 150, 153
1118061.3.peg.2779.site.47, 1, 150, 151
1118061.3.peg.2779.site.48, 23, 150, 173
1118061.3.peg.2779.site.49, 19, 150, 169
1118061.3.peg.2779.site.50, 147, 150, 297
1118061.3.peg.2779.site.51, 2, 150, 152
1118061.3.peg.2779.site.52, 4, 149, 153
1118061.3.peg.2779.site.53, 0, 149, 149
1118061.3.peg.2779.site.54, 2, 150, 152
1118061.3.peg.2778.site.1, 2, 150, 152
1118061.3.peg.2778.site.2, 3, 150, 153
1118061.3.peg.2778.site.3, 18, 141, 159
1118061.3.peg.2778.site.4, 0, 143, 143
1118061.3.peg.2778.site.5, 0, 143, 143
1118061.3.peg.2778.site.6, 19, 148, 167
1118061.3.peg.2778.site.7, 107, 148, 255
1118061.3.peg.2778.site.8, 0, 149, 149
1118061.3.peg.2778.site.9, 72, 128, 200
1118061.3.peg.2778.site.10, 2, 147, 149
1118061.3.peg.2778.site.11, 0, 150, 150
1118061.3.peg.2778.site.12, 0, 148, 148
1118061.3.peg.2778.site.13, 29, 147, 176
1118061.3.peg.2778.site.14, 0, 147, 147
1118061.3.peg.2778.site.15, 21, 149, 170
1118061.3.peg.428.site.1, 1, 150, 151
1118061.3.peg.428.site.2, 5, 150, 155
1118061.3.peg.428.site.3, 3, 149, 152
1118061.3.peg.428.site.4, 7, 149, 156
1118061.3.peg.428.site.5, 57, 148, 205
1118061.3.peg.428.site.6, 5, 147, 152
1118061.3.peg.428.site.7, 12, 149, 161
1118061.3.peg.428.site.8, 0, 148, 148
1118061.3.peg.429.site.1, 19, 148, 167
1118061.3.peg.429.site.2, 0, 145, 145
1118061.3.peg.429.site.3, 26, 137, 163
1118061.3.peg.429.site.4, 0, 150, 150
1118061.3.peg.429.site.5, 61, 149, 210
1118061.3.peg.429.site.6, 0, 141, 141
1118061.3.peg.429.site.7, 26, 140, 166
1118061.3.peg.429.site.8, 0, 123, 123
1118061.3.peg.429.site.9, 12, 145, 157
1118061.3.peg.429.site.10, 39, 147, 186
1118061.3.peg.429.site.11, 6, 133, 139
1118061.3.peg.429.site.12, 99, 99, 198
1118061.3.peg.429.site.13, 79, 92, 171
1118061.3.peg.429.site.14, 18, 144, 162
1118061.3.peg.429.site.15, 2, 143, 145
1118061.3.peg.429.site.16, 6, 144, 150
1118061.3.peg.429.site.17, 24, 139, 163
1118061.3.peg.429.site.18, 0, 149, 149
1118061.3.peg.429.site.19, 0, 147, 147
1118061.3.peg.429.site.20, 2, 146, 148
1118061.3.peg.429.site.21, 0, 148, 148
1118061.3.peg.429.site.22, 2, 144, 146
1118061.3.peg.429.site.23, 0, 144, 144
1118061.3.peg.2514.site.1, 0, 150, 150
1118061.3.peg.2514.site.2, 3, 150, 153
1118061.3.peg.2514.site.3, 1, 148, 149
1118061.3.peg.2514.site.4, 28, 149, 177
1118061.3.peg.2514.site.5, 8, 148, 156
1118061.3.peg.2514.site.6, 16, 135, 151
1118061.3.peg.2514.site.7, 15, 131, 146
1118061.3.peg.2514.site.8, 16, 129, 145
1118061.3.peg.2514.site.9, 12, 143, 155
1118061.3.peg.2514.site.10, 81, 147, 228
1118061.3.peg.2514.site.11, 12, 149, 161
1118061.3.peg.2514.site.12, 109, 136, 245
1118061.3.peg.2514.site.13, 80, 150, 230
1118061.3.peg.2514.site.14, 6, 150, 156
1118061.3.peg.2514.site.15, 149, 149, 298
1118061.3.peg.2514.site.16, 15, 149, 164
1118061.3.peg.2514.site.17, 49, 149, 198
1118061.3.peg.2514.site.18, 1, 150, 151
1118061.3.peg.2514.site.19, 29, 148, 177
1118061.3.peg.2514.site.20, 20, 149, 169
1118061.3.peg.2514.site.21, 20, 150, 170
1118061.3.peg.2514.site.22, 1, 149, 150
1118061.3.peg.2511.site.1, 1, 126, 127
1118061.3.peg.2511.site.2, 30, 136, 166
1118061.3.peg.2511.site.3, 85, 139, 224
1118061.3.peg.2511.site.4, 12, 138, 150
1118061.3.peg.2511.site.5, 21, 132, 153
1118061.3.peg.2511.site.6, 83, 141, 224
1118061.3.peg.2511.site.7, 2, 149, 151
1118061.3.peg.2510.site.1, 33, 149, 182
1118061.3.peg.2510.site.2, 21, 131, 152
1118061.3.peg.2510.site.3, 1, 133, 134
1118061.3.peg.2510.site.4, 1, 140, 141
1118061.3.peg.2510.site.5, 0, 141, 141
1118061.3.peg.2510.site.6, 47, 135, 182
1118061.3.peg.2510.site.7, 37, 125, 162
1118061.3.peg.2510.site.8, 5, 121, 126
1118061.3.peg.2510.site.9, 31, 149, 180
1118061.3.peg.2510.site.10, 2, 150, 152
1118061.3.peg.2510.site.11, 3, 150, 153
1118061.3.peg.2510.site.12, 0, 150, 150
1118061.3.peg.2510.site.13, 150, 150, 300
1118061.3.peg.2510.site.14, 2, 144, 146
1118061.3.peg.2510.site.15, 23, 148, 171
1118061.3.peg.2510.site.16, 4, 148, 152
1118061.3.peg.2510.site.17, 1, 148, 149
1118061.3.peg.2510.site.18, 3, 149, 152
1118061.3.peg.2510.site.19, 3, 148, 151
1118061.3.peg.2510.site.20, 0, 145, 145
1118061.3.peg.2510.site.21, 29, 150, 179
1118061.3.peg.2510.site.22, 2, 149, 151
1118061.3.peg.2510.site.23, 1, 150, 151
1118061.3.peg.2510.site.24, 89, 150, 239
1118061.3.peg.2510.site.25, 89, 150, 239
1118061.3.peg.2510.site.26, 0, 150, 150
1118061.3.peg.2510.site.27, 0, 149, 149
1118061.3.peg.2513.site.1, 146, 150, 296
1118061.3.peg.2513.site.2, 3, 148, 151
1118061.3.peg.2513.site.3, 30, 145, 175
1118061.3.peg.2513.site.4, 1, 127, 128
1118061.3.peg.2513.site.5, 79, 133, 212
1118061.3.peg.2513.site.6, 1, 135, 136
1118061.3.peg.2513.site.7, 1, 134, 135
1118061.3.peg.2513.site.8, 74, 135, 209
1118061.3.peg.2513.site.9, 3, 130, 133
1118061.3.peg.2513.site.10, 2, 128, 130
1118061.3.peg.2513.site.11, 63, 118, 181
1118061.3.peg.2513.site.12, 18, 117, 135
1118061.3.peg.2513.site.13, 18, 135, 153
1118061.3.peg.2513.site.14, 60, 144, 204
1118061.3.peg.2513.site.15, 84, 144, 228
1118061.3.peg.2513.site.16, 60, 147, 207
1118061.3.peg.2513.site.17, 3, 145, 148
1118061.3.peg.2513.site.18, 139, 144, 283
1118061.3.peg.2513.site.19, 18, 148, 166
1118061.3.peg.2513.site.20, 4, 148, 152
1118061.3.peg.2513.site.21, 145, 148, 293
1118061.3.peg.2513.site.22, 10, 148, 158
1118061.3.peg.888.site.1, 62, 148, 210
1118061.3.peg.888.site.2, 10, 143, 153
1118061.3.peg.888.site.3, 2, 141, 143
1118061.3.peg.888.site.4, 32, 141, 173
1118061.3.peg.888.site.5, 0, 143, 143
1118061.3.peg.888.site.6, 1, 145, 146
1118061.3.peg.888.site.7, 2, 136, 138
1118061.3.peg.888.site.8, 1, 111, 112
1118061.3.peg.888.site.9, 7, 132, 139
1118061.3.peg.888.site.10, 10, 132, 142
1118061.3.peg.888.site.11, 1, 143, 144
1118061.3.peg.888.site.12, 9, 144, 153
1118061.3.peg.888.site.13, 2, 147, 149
1118061.3.peg.888.site.14, 16, 121, 137
1118061.3.peg.888.site.15, 3, 132, 135
1118061.3.peg.888.site.16, 36, 144, 180
1118061.3.peg.888.site.17, 30, 134, 164
1118061.3.peg.888.site.18, 10, 133, 143
1118061.3.peg.888.site.19, 2, 145, 147
1118061.3.peg.888.site.20, 0, 132, 132
1118061.3.peg.888.site.21, 38, 117, 155
1118061.3.peg.888.site.22, 2, 125, 127
1118061.3.peg.888.site.23, 0, 134, 134
1118061.3.peg.888.site.24, 22, 78, 100
1118061.3.peg.888.site.25, 5, 52, 57
1118061.3.peg.888.site.26, 30, 34, 64
1118061.3.peg.889.site.1, 9, 150, 159
1118061.3.peg.889.site.2, 0, 146, 146
1118061.3.peg.889.site.3, 5, 146, 151
1118061.3.peg.889.site.4, 18, 132, 150
1118061.3.peg.889.site.5, 0, 145, 145
1118061.3.peg.1246.site.1, 5, 140, 145
1118061.3.peg.1246.site.2, 1, 142, 143
1118061.3.peg.1246.site.3, 104, 104, 208
1118061.3.peg.1246.site.4, 96, 96, 192
1118061.3.peg.1246.site.5, 1, 144, 145
1118061.3.peg.1246.site.6, 28, 145, 173
1118061.3.peg.1246.site.7, 21, 146, 167
1118061.3.peg.1246.site.8, 32, 149, 181
1118061.3.peg.1246.site.9, 2, 145, 147
1118061.3.peg.1246.site.10, 2, 146, 148
1118061.3.peg.1246.site.11, 1, 139, 140
1118061.3.peg.1246.site.12, 29, 145, 174
1118061.3.peg.1246.site.13, 1, 148, 149
1118061.3.peg.1246.site.14, 48, 139, 187
1118061.3.peg.1246.site.15, 17, 118, 135
1118061.3.peg.1246.site.16, 19, 124, 143
1118061.3.peg.1246.site.17, 1, 110, 111
1118061.3.peg.1246.site.18, 2, 136, 138
1118061.3.peg.1246.site.19, 132, 132, 264
1118061.3.peg.1246.site.20, 22, 136, 158
1118061.3.peg.1247.site.1, 7, 150, 157
1118061.3.peg.1247.site.2, 3, 150, 153
1118061.3.peg.1247.site.3, 1, 150, 151
1118061.3.peg.1247.site.4, 11, 149, 160
1118061.3.peg.1247.site.5, 1, 140, 141
1118061.3.peg.1247.site.6, 0, 144, 144
1118061.3.peg.1247.site.7, 2, 144, 146
1118061.3.peg.1247.site.8, 0, 112, 112
1118061.3.peg.1247.site.9, 0, 105, 105
1118061.3.peg.1247.site.10, 5, 150, 155
1118061.3.peg.1247.site.11, 69, 148, 217
1118061.3.peg.1247.site.12, 44, 149, 193
1118061.3.peg.1247.site.13, 23, 149, 172
1118061.3.peg.1247.site.14, 0, 150, 150
1118061.3.peg.1247.site.15, 1, 150, 151
1118061.3.peg.1247.site.16, 1, 150, 151
1118061.3.peg.1247.site.17, 23, 150, 173
1118061.3.peg.1240.site.1, 66, 148, 214
1118061.3.peg.1240.site.2, 3, 150, 153
1118061.3.peg.1240.site.3, 84, 147, 231
1118061.3.peg.1240.site.4, 20, 145, 165
1118061.3.peg.1240.site.5, 0, 148, 148
1118061.3.peg.1240.site.6, 6, 138, 144
1118061.3.peg.1240.site.7, 1, 149, 150
1118061.3.peg.1241.site.1, 3, 100, 103
1118061.3.peg.1241.site.2, 1, 101, 102
1118061.3.peg.1241.site.3, 1, 102, 103
1118061.3.peg.1241.site.4, 1, 104, 105
1118061.3.peg.1241.site.5, 0, 130, 130
1118061.3.peg.1241.site.6, 2, 124, 126
1118061.3.peg.1241.site.7, 26, 110, 136
1118061.3.peg.1241.site.8, 1, 99, 100
1118061.3.peg.1241.site.9, 43, 106, 149
1118061.3.peg.1241.site.10, 0, 136, 136
1118061.3.peg.1241.site.11, 0, 138, 138
1118061.3.peg.1241.site.12, 5, 120, 125
1118061.3.peg.1241.site.13, 1, 123, 124
1118061.3.peg.1241.site.14, 7, 110, 117
1118061.3.peg.1241.site.15, 2, 131, 133
1118061.3.peg.1241.site.16, 2, 139, 141
1118061.3.peg.1241.site.17, 26, 135, 161
1118061.3.peg.1241.site.18, 1, 148, 149
1118061.3.peg.1241.site.19, 3, 144, 147
1118061.3.peg.1242.site.1, 1, 147, 148
1118061.3.peg.1242.site.2, 0, 147, 147
1118061.3.peg.1242.site.3, 86, 148, 234
1118061.3.peg.1242.site.4, 90, 147, 237
1118061.3.peg.1242.site.5, 0, 146, 146
1118061.3.peg.1242.site.6, 2, 129, 131
1118061.3.peg.1242.site.7, 85, 141, 226
1118061.3.peg.1242.site.8, 1, 145, 146
1118061.3.peg.1242.site.9, 1, 146, 147
1118061.3.peg.1242.site.10, 82, 143, 225
1118061.3.peg.1242.site.11, 1, 142, 143
1118061.3.peg.1242.site.12, 86, 144, 230
1118061.3.peg.1242.site.13, 0, 115, 115
1118061.3.peg.1242.site.14, 28, 109, 137
1118061.3.peg.1242.site.15, 71, 99, 170
1118061.3.peg.1242.site.16, 17, 110, 127
1118061.3.peg.880.site.1, 77, 150, 227
1118061.3.peg.880.site.2, 111, 141, 252
1118061.3.peg.880.site.3, 113, 146, 259
1118061.3.peg.880.site.4, 146, 146, 292
1118061.3.peg.880.site.5, 3, 150, 153
1118061.3.peg.880.site.6, 120, 150, 270
1118061.3.peg.880.site.7, 3, 150, 153
1118061.3.peg.881.site.1, 2, 143, 145
1118061.3.peg.881.site.2, 0, 143, 143
1118061.3.peg.881.site.3, 1, 143, 144
1118061.3.peg.881.site.4, 1, 143, 144
1118061.3.peg.881.site.5, 0, 143, 143
1118061.3.peg.881.site.6, 0, 143, 143
1118061.3.peg.881.site.7, 143, 143, 286
1118061.3.peg.881.site.8, 42, 142, 184
1118061.3.peg.881.site.9, 36, 144, 180
1118061.3.peg.881.site.10, 1, 146, 147
1118061.3.peg.881.site.11, 40, 146, 186
1118061.3.peg.881.site.12, 0, 146, 146
1118061.3.peg.881.site.13, 2, 146, 148
1118061.3.peg.881.site.14, 51, 146, 197
1118061.3.peg.881.site.15, 36, 144, 180
1118061.3.peg.881.site.16, 48, 144, 192
1118061.3.peg.881.site.17, 3, 144, 147
1118061.3.peg.881.site.18, 0, 140, 140
1118061.3.peg.881.site.19, 104, 144, 248
1118061.3.peg.881.site.20, 2, 146, 148
1118061.3.peg.881.site.21, 46, 142, 188
1118061.3.peg.881.site.22, 1, 145, 146
1118061.3.peg.881.site.23, 3, 131, 134
1118061.3.peg.881.site.24, 90, 138, 228
1118061.3.peg.881.site.25, 0, 138, 138
1118061.3.peg.881.site.26, 44, 140, 184
1118061.3.peg.881.site.27, 55, 143, 198
1118061.3.peg.881.site.28, 2, 142, 144
1118061.3.peg.881.site.29, 0, 139, 139
1118061.3.peg.881.site.30, 0, 136, 136
1118061.3.peg.881.site.31, 119, 144, 263
1118061.3.peg.881.site.32, 1, 141, 142
1118061.3.peg.881.site.33, 6, 140, 146
1118061.3.peg.882.site.1, 0, 129, 129
1118061.3.peg.882.site.2, 3, 145, 148
1118061.3.peg.883.site.1, 1, 150, 151
1118061.3.peg.883.site.2, 140, 150, 290
1118061.3.peg.883.site.3, 82, 147, 229
1118061.3.peg.883.site.4, 0, 145, 145
1118061.3.peg.883.site.5, 20, 143, 163
1118061.3.peg.883.site.6, 0, 148, 148
1118061.3.peg.883.site.7, 5, 148, 153
1118061.3.peg.883.site.8, 1, 150, 151
1118061.3.peg.883.site.9, 3, 150, 153
1118061.3.peg.883.site.10, 1, 146, 147
1118061.3.peg.883.site.11, 2, 121, 123
1118061.3.peg.883.site.12, 58, 114, 172
1118061.3.peg.883.site.13, 2, 143, 145
1118061.3.peg.883.site.14, 17, 137, 154
1118061.3.peg.883.site.15, 22, 132, 154
1118061.3.peg.883.site.16, 66, 146, 212
1118061.3.peg.883.site.17, 1, 147, 148
1118061.3.peg.883.site.18, 12, 138, 150
1118061.3.peg.883.site.19, 60, 137, 197
1118061.3.peg.883.site.20, 0, 131, 131
1118061.3.peg.883.site.21, 0, 135, 135
1118061.3.peg.884.site.1, 15, 114, 129
1118061.3.peg.884.site.2, 1, 140, 141
1118061.3.peg.884.site.3, 29, 142, 171
1118061.3.peg.884.site.4, 1, 145, 146
1118061.3.peg.884.site.5, 30, 142, 172
1118061.3.peg.884.site.6, 2, 145, 147
1118061.3.peg.884.site.7, 1, 143, 144
1118061.3.peg.884.site.8, 0, 142, 142
1118061.3.peg.884.site.9, 2, 143, 145
1118061.3.peg.884.site.10, 16, 146, 162
1118061.3.peg.884.site.11, 2, 149, 151
1118061.3.peg.884.site.12, 0, 145, 145
1118061.3.peg.884.site.13, 35, 143, 178
1118061.3.peg.884.site.14, 1, 150, 151
1118061.3.peg.884.site.15, 0, 150, 150
1118061.3.peg.884.site.16, 0, 150, 150
1118061.3.peg.884.site.17, 3, 147, 150
1118061.3.peg.884.site.18, 59, 144, 203
1118061.3.peg.884.site.19, 38, 144, 182
1118061.3.peg.884.site.20, 3, 149, 152
1118061.3.peg.884.site.21, 0, 147, 147
1118061.3.peg.884.site.22, 7, 147, 154
1118061.3.peg.884.site.23, 28, 145, 173
1118061.3.peg.884.site.24, 24, 145, 169
1118061.3.peg.884.site.25, 103, 144, 247
1118061.3.peg.884.site.26, 0, 146, 146
1118061.3.peg.884.site.27, 0, 147, 147
1118061.3.peg.1249.site.1, 16, 133, 149
1118061.3.peg.1249.site.2, 0, 138, 138
1118061.3.peg.1249.site.3, 1, 145, 146
1118061.3.peg.1249.site.4, 87, 145, 232
1118061.3.peg.1249.site.5, 0, 150, 150
1118061.3.peg.1249.site.6, 2, 148, 150
1118061.3.peg.1249.site.7, 127, 142, 269
1118061.3.peg.1249.site.8, 8, 150, 158
1118061.3.peg.1249.site.9, 13, 123, 136
1118061.3.peg.1249.site.10, 55, 136, 191
1118061.3.peg.1249.site.11, 0, 148, 148
1118061.3.peg.1249.site.12, 7, 143, 150
1118061.3.peg.1249.site.13, 0, 143, 143
1118061.3.peg.1249.site.14, 0, 143, 143
1118061.3.peg.1249.site.15, 18, 144, 162
1118061.3.peg.1249.site.16, 114, 147, 261
1118061.3.peg.1249.site.17, 1, 146, 147
1118061.3.peg.1249.site.18, 3, 149, 152
1118061.3.peg.1249.site.19, 2, 148, 150
1118061.3.peg.1249.site.20, 2, 148, 150
1118061.3.peg.1249.site.21, 1, 143, 144
1118061.3.peg.1249.site.22, 2, 146, 148
1118061.3.peg.1249.site.23, 2, 146, 148
1118061.3.peg.1249.site.24, 47, 143, 190
1118061.3.peg.1249.site.25, 0, 141, 141
1118061.3.peg.887.site.1, 0, 149, 149
1118061.3.peg.887.site.2, 124, 148, 272
1118061.3.peg.887.site.3, 24, 137, 161
1118061.3.peg.887.site.4, 7, 142, 149
1118061.3.peg.887.site.5, 2, 141, 143
1118061.3.peg.887.site.6, 8, 149, 157
1118061.3.peg.887.site.7, 1, 147, 148
1118061.3.peg.887.site.8, 92, 145, 237
1118061.3.peg.887.site.9, 18, 145, 163
1118061.3.peg.887.site.10, 20, 149, 169
1118061.3.peg.887.site.11, 36, 149, 185
1118061.3.peg.887.site.12, 18, 124, 142
1118061.3.peg.887.site.13, 95, 123, 218
1118061.3.peg.887.site.14, 63, 128, 191
1118061.3.peg.887.site.15, 4, 138, 142
1118061.3.peg.887.site.16, 0, 149, 149
1118061.3.peg.887.site.17, 4, 150, 154
1118061.3.peg.887.site.18, 8, 150, 158
1118061.3.peg.887.site.19, 10, 147, 157
1118061.3.peg.887.site.20, 2, 139, 141
1118061.3.peg.887.site.21, 66, 147, 213
1118061.3.peg.887.site.22, 66, 146, 212
1118061.3.peg.887.site.23, 18, 150, 168
1118061.3.peg.887.site.24, 125, 150, 275
1118061.3.peg.887.site.25, 40, 148, 188
1118061.3.peg.887.site.26, 0, 149, 149
1118061.3.peg.887.site.27, 0, 148, 148
1118061.3.peg.887.site.28, 90, 150, 240
1118061.3.peg.887.site.29, 0, 150, 150
1118061.3.peg.887.site.30, 10, 150, 160
1118061.3.peg.887.site.31, 43, 150, 193
1118061.3.peg.887.site.32, 30, 149, 179
1118061.3.peg.887.site.33, 33, 149, 182
1118061.3.peg.887.site.34, 82, 143, 225
1118061.3.peg.887.site.35, 28, 146, 174
1118061.3.peg.887.site.36, 2, 149, 151
1118061.3.peg.887.site.37, 55, 143, 198
1118061.3.peg.1088.site.1, 0, 149, 149
1118061.3.peg.1088.site.2, 80, 150, 230
1118061.3.peg.1088.site.3, 0, 148, 148
1118061.3.peg.1088.site.4, 24, 147, 171
1118061.3.peg.1088.site.5, 2, 148, 150
1118061.3.peg.1088.site.6, 3, 150, 153
1118061.3.peg.1088.site.7, 0, 150, 150
1118061.3.peg.1088.site.8, 46, 144, 190
1118061.3.peg.1088.site.9, 47, 140, 187
1118061.3.peg.1088.site.10, 0, 142, 142
1118061.3.peg.1088.site.11, 0, 148, 148
1118061.3.peg.1088.site.12, 7, 149, 156
1118061.3.peg.1088.site.13, 0, 145, 145
1118061.3.peg.1088.site.14, 2, 146, 148
1118061.3.peg.1088.site.15, 73, 144, 217
1118061.3.peg.1088.site.16, 33, 144, 177
1118061.3.peg.1088.site.17, 19, 147, 166
1118061.3.peg.1088.site.18, 43, 149, 192
1118061.3.peg.1088.site.19, 1, 150, 151
1118061.3.peg.1088.site.20, 1, 149, 150
1118061.3.peg.1088.site.21, 29, 148, 177
1118061.3.peg.1088.site.22, 24, 149, 173
1118061.3.peg.1088.site.23, 46, 150, 196
1118061.3.peg.1088.site.24, 0, 139, 139
1118061.3.peg.1088.site.25, 63, 142, 205
1118061.3.peg.1088.site.26, 143, 148, 291
1118061.3.peg.1088.site.27, 30, 148, 178
1118061.3.peg.1088.site.28, 3, 148, 151
1118061.3.peg.1088.site.29, 62, 142, 204
1118061.3.peg.1088.site.30, 40, 136, 176
1118061.3.peg.1088.site.31, 0, 149, 149
1118061.3.peg.1088.site.32, 29, 148, 177
1118061.3.peg.1089.site.1, 0, 149, 149
1118061.3.peg.1089.site.2, 33, 149, 182
1118061.3.peg.1089.site.3, 35, 148, 183
1118061.3.peg.1089.site.4, 57, 145, 202
1118061.3.peg.1089.site.5, 53, 144, 197
1118061.3.peg.1089.site.6, 0, 126, 126
1118061.3.peg.1089.site.7, 2, 100, 102
1118061.3.peg.1089.site.8, 0, 138, 138
1118061.3.peg.1089.site.9, 0, 146, 146
1118061.3.peg.1082.site.1, 119, 147, 266
1118061.3.peg.1082.site.2, 0, 150, 150
1118061.3.peg.1082.site.3, 135, 150, 285
1118061.3.peg.1083.site.1, 23, 150, 173
1118061.3.peg.1083.site.2, 19, 150, 169
1118061.3.peg.1083.site.3, 0, 150, 150
1118061.3.peg.1083.site.4, 37, 150, 187
1118061.3.peg.1083.site.5, 35, 150, 185
1118061.3.peg.1083.site.6, 8, 149, 157
1118061.3.peg.1083.site.7, 16, 141, 157
1118061.3.peg.1083.site.8, 82, 148, 230
1118061.3.peg.1083.site.9, 1, 150, 151
1118061.3.peg.1083.site.10, 1, 150, 151
1118061.3.peg.1080.site.1, 0, 147, 147
1118061.3.peg.1080.site.2, 3, 148, 151
1118061.3.peg.1081.site.1, 56, 116, 172
1118061.3.peg.1081.site.2, 49, 104, 153
1118061.3.peg.1081.site.3, 12, 109, 121
1118061.3.peg.1081.site.4, 1, 89, 90
1118061.3.peg.1081.site.5, 3, 109, 112
1118061.3.peg.1081.site.6, 3, 116, 119
1118061.3.peg.1081.site.7, 2, 102, 104
1118061.3.peg.1081.site.8, 19, 137, 156
1118061.3.peg.1081.site.9, 20, 138, 158
1118061.3.peg.1081.site.10, 7, 137, 144
1118061.3.peg.1081.site.11, 52, 126, 178
1118061.3.peg.1081.site.12, 75, 126, 201
1118061.3.peg.1081.site.13, 95, 132, 227
1118061.3.peg.1081.site.14, 105, 125, 230
1118061.3.peg.1081.site.15, 123, 135, 258
1118061.3.peg.1081.site.16, 50, 133, 183
1118061.3.peg.1081.site.17, 125, 136, 261
1118061.3.peg.1081.site.18, 41, 101, 142
1118061.3.peg.1081.site.19, 109, 130, 239
1118061.3.peg.1081.site.20, 72, 129, 201
1118061.3.peg.1081.site.21, 3, 128, 131
1118061.3.peg.1081.site.22, 10, 131, 141
1118061.3.peg.1081.site.23, 2, 131, 133
1118061.3.peg.1081.site.24, 2, 127, 129
1118061.3.peg.1081.site.25, 20, 128, 148
1118061.3.peg.1081.site.26, 5, 147, 152
1118061.3.peg.1086.site.1, 149, 149, 298
1118061.3.peg.1086.site.2, 6, 149, 155
1118061.3.peg.1086.site.3, 5, 149, 154
1118061.3.peg.1086.site.4, 17, 150, 167
1118061.3.peg.1086.site.5, 2, 150, 152
1118061.3.peg.1086.site.6, 20, 148, 168
1118061.3.peg.1086.site.7, 17, 149, 166
1118061.3.peg.1086.site.8, 11, 124, 135
1118061.3.peg.1086.site.9, 49, 143, 192
1118061.3.peg.1086.site.10, 3, 149, 152
1118061.3.peg.1086.site.11, 52, 150, 202
1118061.3.peg.1086.site.12, 18, 149, 167
1118061.3.peg.1086.site.13, 1, 149, 150
1118061.3.peg.1086.site.14, 1, 150, 151
1118061.3.peg.1086.site.15, 19, 147, 166
1118061.3.peg.1086.site.16, 5, 134, 139
1118061.3.peg.1086.site.17, 1, 118, 119
1118061.3.peg.1086.site.18, 132, 138, 270
1118061.3.peg.1086.site.19, 5, 142, 147
1118061.3.peg.1086.site.20, 23, 131, 154
1118061.3.peg.1086.site.21, 9, 126, 135
1118061.3.peg.1086.site.22, 78, 79, 157
1118061.3.peg.1086.site.23, 91, 91, 182
1118061.3.peg.1086.site.24, 2, 110, 112
1118061.3.peg.1086.site.25, 3, 78, 81
1118061.3.peg.1086.site.26, 145, 145, 290
1118061.3.peg.1086.site.27, 3, 147, 150
1118061.3.peg.1086.site.28, 8, 147, 155
1118061.3.peg.1086.site.29, 26, 148, 174
1118061.3.peg.1086.site.30, 46, 134, 180
1118061.3.peg.1086.site.31, 131, 139, 270
1118061.3.peg.1086.site.32, 0, 149, 149
1118061.3.peg.1086.site.33, 150, 150, 300
1118061.3.peg.1086.site.34, 0, 150, 150
1118061.3.peg.1086.site.35, 7, 150, 157
1118061.3.peg.1086.site.36, 15, 150, 165
1118061.3.peg.1086.site.37, 2, 132, 134
1118061.3.peg.1086.site.38, 2, 99, 101
1118061.3.peg.1086.site.39, 87, 87, 174
1118061.3.peg.1086.site.40, 68, 104, 172
1118061.3.peg.1086.site.41, 60, 113, 173
1118061.3.peg.1086.site.42, 3, 142, 145
1118061.3.peg.1086.site.43, 2, 147, 149
1118061.3.peg.1086.site.44, 150, 150, 300
1118061.3.peg.1086.site.45, 10, 150, 160
1118061.3.peg.1086.site.46, 35, 150, 185
1118061.3.peg.1086.site.47, 24, 141, 165
1118061.3.peg.1086.site.48, 46, 129, 175
1118061.3.peg.1087.site.1, 9, 140, 149
1118061.3.peg.1087.site.2, 2, 130, 132
1118061.3.peg.1087.site.3, 94, 123, 217
1118061.3.peg.1087.site.4, 24, 126, 150
1118061.3.peg.1087.site.5, 85, 119, 204
1118061.3.peg.1087.site.6, 0, 139, 139
1118061.3.peg.1087.site.7, 37, 144, 181
1118061.3.peg.1087.site.8, 2, 146, 148
1118061.3.peg.1087.site.9, 2, 145, 147
1118061.3.peg.1087.site.10, 21, 146, 167
1118061.3.peg.1087.site.11, 119, 147, 266
1118061.3.peg.1087.site.12, 36, 150, 186
1118061.3.peg.1087.site.13, 139, 150, 289
1118061.3.peg.1087.site.14, 1, 150, 151
1118061.3.peg.1087.site.15, 139, 149, 288
1118061.3.peg.1084.site.1, 2, 149, 151
1118061.3.peg.1084.site.2, 0, 76, 76
1118061.3.peg.1084.site.3, 8, 65, 73
1118061.3.peg.1084.site.4, 3, 65, 68
1118061.3.peg.1084.site.5, 27, 114, 141
1118061.3.peg.1084.site.6, 5, 122, 127
1118061.3.peg.1085.site.1, 2, 149, 151
1118061.3.peg.1085.site.2, 49, 145, 194
1118061.3.peg.1085.site.3, 10, 147, 157
1118061.3.peg.1085.site.4, 9, 146, 155
1118061.3.peg.1085.site.5, 69, 120, 189
1118061.3.peg.1085.site.6, 3, 128, 131
1118061.3.peg.1085.site.7, 1, 133, 134
1118061.3.peg.1085.site.8, 9, 124, 133
1118061.3.peg.1085.site.9, 3, 138, 141
1118061.3.peg.2201.site.1, 6, 143, 149
1118061.3.peg.2201.site.2, 57, 121, 178
1118061.3.peg.2201.site.3, 13, 138, 151
1118061.3.peg.2201.site.4, 0, 125, 125
1118061.3.peg.2201.site.5, 28, 123, 151
1118061.3.peg.2201.site.6, 4, 80, 84
1118061.3.peg.2201.site.7, 1, 101, 102
1118061.3.peg.2201.site.8, 85, 126, 211
1118061.3.peg.2201.site.9, 60, 134, 194
1118061.3.peg.2201.site.10, 31, 140, 171
1118061.3.peg.2201.site.11, 29, 140, 169
1118061.3.peg.2201.site.12, 17, 139, 156
1118061.3.peg.2201.site.13, 34, 136, 170
1118061.3.peg.2201.site.14, 21, 136, 157
1118061.3.peg.2201.site.15, 0, 141, 141
1118061.3.peg.2201.site.16, 52, 145, 197
1118061.3.peg.2201.site.17, 0, 122, 122
1118061.3.peg.2201.site.18, 9, 134, 143
1118061.3.peg.2201.site.19, 39, 130, 169
1118061.3.peg.2201.site.20, 5, 136, 141
1118061.3.peg.2201.site.21, 3, 141, 144
1118061.3.peg.2201.site.22, 51, 130, 181
1118061.3.peg.2201.site.23, 33, 139, 172
1118061.3.peg.2201.site.24, 0, 142, 142
1118061.3.peg.2201.site.25, 18, 145, 163
1118061.3.peg.2201.site.26, 2, 139, 141
1118061.3.peg.2201.site.27, 34, 144, 178
1118061.3.peg.2201.site.28, 13, 144, 157
1118061.3.peg.2200.site.1, 49, 147, 196
1118061.3.peg.2200.site.2, 19, 136, 155
1118061.3.peg.2200.site.3, 75, 144, 219
1118061.3.peg.2200.site.4, 18, 149, 167
1118061.3.peg.2200.site.5, 150, 150, 300
1118061.3.peg.2200.site.6, 1, 150, 151
1118061.3.peg.2203.site.1, 108, 108, 216
1118061.3.peg.2203.site.2, 48, 137, 185
1118061.3.peg.2203.site.3, 12, 146, 158
1118061.3.peg.2203.site.4, 60, 128, 188
1118061.3.peg.2203.site.5, 11, 137, 148
1118061.3.peg.2203.site.6, 0, 145, 145
1118061.3.peg.2203.site.7, 0, 149, 149
1118061.3.peg.2203.site.8, 15, 149, 164
1118061.3.peg.2203.site.9, 34, 149, 183
1118061.3.peg.2203.site.10, 0, 150, 150
1118061.3.peg.2203.site.11, 125, 147, 272
1118061.3.peg.2203.site.12, 52, 145, 197
1118061.3.peg.2203.site.13, 14, 142, 156
1118061.3.peg.2203.site.14, 3, 124, 127
1118061.3.peg.2203.site.15, 1, 126, 127
1118061.3.peg.2203.site.16, 13, 145, 158
1118061.3.peg.2203.site.17, 117, 139, 256
1118061.3.peg.2203.site.18, 0, 148, 148
1118061.3.peg.2202.site.1, 0, 150, 150
1118061.3.peg.2202.site.2, 139, 148, 287
1118061.3.peg.2202.site.3, 21, 146, 167
1118061.3.peg.2202.site.4, 0, 147, 147
1118061.3.peg.2202.site.5, 0, 149, 149
1118061.3.peg.2202.site.6, 17, 148, 165
1118061.3.peg.2202.site.7, 12, 150, 162
1118061.3.peg.2202.site.8, 2, 149, 151
1118061.3.peg.2202.site.9, 149, 149, 298
1118061.3.peg.2205.site.1, 2, 149, 151
1118061.3.peg.2205.site.2, 9, 148, 157
1118061.3.peg.2205.site.3, 1, 144, 145
1118061.3.peg.2205.site.4, 43, 140, 183
1118061.3.peg.2205.site.5, 3, 147, 150
1118061.3.peg.2204.site.1, 47, 149, 196
1118061.3.peg.2204.site.2, 150, 150, 300
1118061.3.peg.2204.site.3, 26, 148, 174
1118061.3.peg.2204.site.4, 11, 147, 158
1118061.3.peg.2204.site.5, 0, 149, 149
1118061.3.peg.2204.site.6, 16, 139, 155
1118061.3.peg.2204.site.7, 3, 149, 152
1118061.3.peg.2204.site.8, 23, 149, 172
1118061.3.peg.2204.site.9, 139, 139, 278
1118061.3.peg.2204.site.10, 3, 138, 141
1118061.3.peg.2204.site.11, 2, 145, 147
1118061.3.peg.2204.site.12, 21, 148, 169
1118061.3.peg.2204.site.13, 34, 149, 183
1118061.3.peg.2204.site.14, 5, 145, 150
1118061.3.peg.2204.site.15, 0, 150, 150
1118061.3.peg.2204.site.16, 1, 145, 146
1118061.3.peg.2204.site.17, 16, 148, 164
1118061.3.peg.2204.site.18, 1, 148, 149
1118061.3.peg.2207.site.1, 22, 121, 143
1118061.3.peg.2207.site.2, 4, 98, 102
1118061.3.peg.2207.site.3, 51, 74, 125
1118061.3.peg.2207.site.4, 4, 63, 67
1118061.3.peg.2207.site.5, 80, 150, 230
1118061.3.peg.2207.site.6, 51, 150, 201
1118061.3.peg.2207.site.7, 44, 150, 194
1118061.3.peg.2207.site.8, 6, 150, 156
1118061.3.peg.2207.site.9, 1, 150, 151
1118061.3.peg.2207.site.10, 1, 150, 151
1118061.3.peg.2206.site.1, 2, 150, 152
1118061.3.peg.2206.site.2, 69, 149, 218
1118061.3.peg.2206.site.3, 0, 141, 141
1118061.3.peg.2206.site.4, 3, 150, 153
1118061.3.peg.2206.site.5, 6, 148, 154
1118061.3.peg.2206.site.6, 20, 147, 167
1118061.3.peg.2206.site.7, 0, 143, 143
1118061.3.peg.2206.site.8, 1, 139, 140
1118061.3.peg.2206.site.9, 1, 141, 142
1118061.3.peg.2206.site.10, 26, 150, 176
1118061.3.peg.2206.site.11, 3, 146, 149
1118061.3.peg.2208.site.1, 5, 150, 155
1118061.3.peg.2208.site.2, 0, 150, 150
1118061.3.peg.2208.site.3, 44, 150, 194
1118061.3.peg.2208.site.4, 0, 149, 149
1118061.3.peg.2368.site.1, 0, 147, 147
1118061.3.peg.2368.site.2, 0, 126, 126
1118061.3.peg.2368.site.3, 0, 145, 145
1118061.3.peg.2368.site.4, 0, 146, 146
1118061.3.peg.2368.site.5, 45, 149, 194
1118061.3.peg.372.site.1, 9, 149, 158
1118061.3.peg.372.site.2, 3, 149, 152
1118061.3.peg.372.site.3, 3, 150, 153
1118061.3.peg.372.site.4, 2, 150, 152
1118061.3.peg.372.site.5, 30, 149, 179
1118061.3.peg.372.site.6, 0, 150, 150
1118061.3.peg.372.site.7, 149, 149, 298
1118061.3.peg.372.site.8, 29, 148, 177
1118061.3.peg.372.site.9, 5, 149, 154
1118061.3.peg.372.site.10, 33, 150, 183
1118061.3.peg.373.site.1, 8, 145, 153
1118061.3.peg.373.site.2, 45, 115, 160
1118061.3.peg.373.site.3, 25, 118, 143
1118061.3.peg.373.site.4, 1, 133, 134
1118061.3.peg.373.site.5, 2, 143, 145
1118061.3.peg.373.site.6, 25, 142, 167
1118061.3.peg.373.site.7, 28, 146, 174
1118061.3.peg.373.site.8, 30, 150, 180
1118061.3.peg.373.site.9, 141, 149, 290
1118061.3.peg.370.site.1, 0, 149, 149
1118061.3.peg.370.site.2, 18, 148, 166
1118061.3.peg.370.site.3, 29, 141, 170
1118061.3.peg.370.site.4, 9, 147, 156
1118061.3.peg.370.site.5, 71, 147, 218
1118061.3.peg.370.site.6, 2, 150, 152
1118061.3.peg.370.site.7, 2, 149, 151
1118061.3.peg.370.site.8, 5, 149, 154
1118061.3.peg.370.site.9, 1, 142, 143
1118061.3.peg.370.site.10, 0, 141, 141
1118061.3.peg.370.site.11, 1, 144, 145
1118061.3.peg.370.site.12, 54, 140, 194
1118061.3.peg.370.site.13, 4, 140, 144
1118061.3.peg.370.site.14, 0, 143, 143
1118061.3.peg.370.site.15, 2, 145, 147
1118061.3.peg.370.site.16, 65, 149, 214
1118061.3.peg.371.site.1, 0, 148, 148
1118061.3.peg.371.site.2, 3, 149, 152
1118061.3.peg.371.site.3, 1, 149, 150
1118061.3.peg.371.site.4, 1, 150, 151
1118061.3.peg.371.site.5, 1, 149, 150
1118061.3.peg.371.site.6, 1, 150, 151
1118061.3.peg.371.site.7, 67, 147, 214
1118061.3.peg.371.site.8, 4, 149, 153
1118061.3.peg.371.site.9, 76, 148, 224
1118061.3.peg.371.site.10, 0, 150, 150
1118061.3.peg.371.site.11, 0, 150, 150
1118061.3.peg.371.site.12, 5, 148, 153
1118061.3.peg.371.site.13, 69, 149, 218
1118061.3.peg.371.site.14, 3, 148, 151
1118061.3.peg.371.site.15, 2, 148, 150
1118061.3.peg.371.site.16, 0, 146, 146
1118061.3.peg.371.site.17, 0, 150, 150
1118061.3.peg.371.site.18, 1, 150, 151
1118061.3.peg.371.site.19, 1, 149, 150
1118061.3.peg.371.site.20, 0, 150, 150
1118061.3.peg.371.site.21, 95, 149, 244
1118061.3.peg.371.site.22, 2, 146, 148
1118061.3.peg.371.site.23, 2, 146, 148
1118061.3.peg.371.site.24, 50, 149, 199
1118061.3.peg.371.site.25, 2, 102, 104
1118061.3.peg.371.site.26, 16, 123, 139
1118061.3.peg.371.site.27, 44, 133, 177
1118061.3.peg.371.site.28, 87, 131, 218
1118061.3.peg.371.site.29, 1, 149, 150
1118061.3.peg.371.site.30, 49, 148, 197
1118061.3.peg.371.site.31, 1, 148, 149
1118061.3.peg.371.site.32, 99, 148, 247
1118061.3.peg.371.site.33, 11, 149, 160
1118061.3.peg.371.site.34, 4, 148, 152
1118061.3.peg.377.site.1, 0, 150, 150
1118061.3.peg.377.site.2, 2, 150, 152
1118061.3.peg.377.site.3, 106, 149, 255
1118061.3.peg.377.site.4, 40, 146, 186
1118061.3.peg.377.site.5, 0, 147, 147
1118061.3.peg.377.site.6, 20, 143, 163
1118061.3.peg.377.site.7, 21, 148, 169
1118061.3.peg.377.site.8, 34, 150, 184
1118061.3.peg.377.site.9, 0, 149, 149
1118061.3.peg.378.site.1, 5, 148, 153
1118061.3.peg.378.site.2, 5, 145, 150
1118061.3.peg.378.site.3, 91, 144, 235
1118061.3.peg.378.site.4, 26, 148, 174
1118061.3.peg.378.site.5, 0, 150, 150
1118061.3.peg.378.site.6, 0, 149, 149
1118061.3.peg.378.site.7, 19, 148, 167
1118061.3.peg.1186.site.1, 2, 149, 151
1118061.3.peg.1186.site.2, 1, 144, 145
1118061.3.peg.1186.site.3, 2, 136, 138
1118061.3.peg.1186.site.4, 12, 132, 144
1118061.3.peg.1186.site.5, 40, 142, 182
1118061.3.peg.1186.site.6, 0, 142, 142
1118061.3.peg.1186.site.7, 2, 148, 150
1118061.3.peg.1186.site.8, 3, 139, 142
1118061.3.peg.1186.site.9, 51, 134, 185
1118061.3.peg.1186.site.10, 1, 135, 136
1118061.3.peg.1186.site.11, 74, 116, 190
1118061.3.peg.1186.site.12, 3, 121, 124
1118061.3.peg.1186.site.13, 0, 117, 117
1118061.3.peg.1186.site.14, 29, 108, 137
1118061.3.peg.1186.site.15, 3, 86, 89
1118061.3.peg.943.site.1, 12, 138, 150
1118061.3.peg.943.site.2, 33, 137, 170
1118061.3.peg.943.site.3, 39, 134, 173
1118061.3.peg.779.site.1, 0, 148, 148
1118061.3.peg.779.site.2, 0, 147, 147
1118061.3.peg.779.site.3, 114, 149, 263
1118061.3.peg.779.site.4, 93, 149, 242
1118061.3.peg.779.site.5, 47, 146, 193
1118061.3.peg.779.site.6, 2, 145, 147
1118061.3.peg.779.site.7, 73, 148, 221
1118061.3.peg.779.site.8, 3, 149, 152
1118061.3.peg.779.site.9, 36, 148, 184
1118061.3.peg.779.site.10, 20, 148, 168
1118061.3.peg.779.site.11, 34, 149, 183
1118061.3.peg.779.site.12, 0, 147, 147
1118061.3.peg.779.site.13, 22, 149, 171
1118061.3.peg.779.site.14, 27, 149, 176
1118061.3.peg.779.site.15, 146, 150, 296
1118061.3.peg.779.site.16, 0, 149, 149
1118061.3.peg.779.site.17, 64, 141, 205
1118061.3.peg.779.site.18, 145, 145, 290
1118061.3.peg.779.site.19, 0, 144, 144
1118061.3.peg.779.site.20, 3, 145, 148
1118061.3.peg.779.site.21, 41, 135, 176
1118061.3.peg.779.site.22, 4, 143, 147
1118061.3.peg.779.site.23, 30, 142, 172
1118061.3.peg.779.site.24, 1, 141, 142
1118061.3.peg.779.site.25, 35, 145, 180
1118061.3.peg.779.site.26, 66, 145, 211
1118061.3.peg.776.site.1, 86, 150, 236
1118061.3.peg.776.site.2, 0, 150, 150
1118061.3.peg.776.site.3, 0, 131, 131
1118061.3.peg.776.site.4, 62, 140, 202
1118061.3.peg.776.site.5, 3, 146, 149
1118061.3.peg.776.site.6, 0, 142, 142
1118061.3.peg.776.site.7, 60, 138, 198
1118061.3.peg.776.site.8, 10, 140, 150
1118061.3.peg.776.site.9, 3, 140, 143
1118061.3.peg.776.site.10, 3, 142, 145
1118061.3.peg.776.site.11, 103, 129, 232
1118061.3.peg.777.site.1, 2, 146, 148
1118061.3.peg.777.site.2, 149, 149, 298
1118061.3.peg.777.site.3, 55, 135, 190
1118061.3.peg.777.site.4, 2, 140, 142
1118061.3.peg.777.site.5, 10, 141, 151
1118061.3.peg.777.site.6, 8, 140, 148
1118061.3.peg.777.site.7, 5, 147, 152
1118061.3.peg.777.site.8, 12, 144, 156
1118061.3.peg.777.site.9, 0, 139, 139
1118061.3.peg.777.site.10, 2, 149, 151
1118061.3.peg.777.site.11, 24, 147, 171
1118061.3.peg.777.site.12, 30, 149, 179
1118061.3.peg.777.site.13, 3, 150, 153
1118061.3.peg.777.site.14, 58, 148, 206
1118061.3.peg.777.site.15, 5, 145, 150
1118061.3.peg.774.site.1, 4, 113, 117
1118061.3.peg.774.site.2, 21, 40, 61
1118061.3.peg.774.site.3, 1, 24, 25
1118061.3.peg.942.site.1, 2, 137, 139
1118061.3.peg.942.site.2, 0, 139, 139
1118061.3.peg.942.site.3, 83, 138, 221
1118061.3.peg.942.site.4, 0, 138, 138
1118061.3.peg.942.site.5, 0, 133, 133
1118061.3.peg.942.site.6, 0, 139, 139
1118061.3.peg.942.site.7, 12, 137, 149
1118061.3.peg.942.site.8, 0, 133, 133
1118061.3.peg.942.site.9, 38, 125, 163
1118061.3.peg.942.site.10, 45, 120, 165
1118061.3.peg.942.site.11, 13, 137, 150
1118061.3.peg.772.site.1, 7, 146, 153
1118061.3.peg.772.site.2, 2, 140, 142
1118061.3.peg.772.site.3, 52, 143, 195
1118061.3.peg.772.site.4, 17, 145, 162
1118061.3.peg.772.site.5, 3, 144, 147
1118061.3.peg.772.site.6, 27, 142, 169
1118061.3.peg.772.site.7, 5, 133, 138
1118061.3.peg.772.site.8, 120, 126, 246
1118061.3.peg.773.site.1, 116, 122, 238
1118061.3.peg.773.site.2, 76, 127, 203
1118061.3.peg.773.site.3, 13, 144, 157
1118061.3.peg.773.site.4, 17, 148, 165
1118061.3.peg.773.site.5, 0, 145, 145
1118061.3.peg.773.site.6, 0, 150, 150
1118061.3.peg.773.site.7, 121, 150, 271
1118061.3.peg.773.site.8, 1, 149, 150
1118061.3.peg.773.site.9, 10, 149, 159
1118061.3.peg.773.site.10, 41, 148, 189
1118061.3.peg.773.site.11, 31, 149, 180
1118061.3.peg.773.site.12, 8, 150, 158
1118061.3.peg.773.site.13, 37, 150, 187
1118061.3.peg.773.site.14, 30, 148, 178
1118061.3.peg.773.site.15, 27, 148, 175
1118061.3.peg.773.site.16, 85, 149, 234
1118061.3.peg.773.site.17, 0, 150, 150
1118061.3.peg.773.site.18, 0, 150, 150
1118061.3.peg.773.site.19, 2, 140, 142
1118061.3.peg.773.site.20, 76, 76, 152
1118061.3.peg.773.site.21, 5, 83, 88
1118061.3.peg.773.site.22, 38, 104, 142
1118061.3.peg.773.site.23, 1, 105, 106
1118061.3.peg.773.site.24, 49, 106, 155
1118061.3.peg.773.site.25, 33, 103, 136
1118061.3.peg.773.site.26, 0, 132, 132
1118061.3.peg.770.site.1, 0, 150, 150
1118061.3.peg.770.site.2, 0, 150, 150
1118061.3.peg.770.site.3, 28, 149, 177
1118061.3.peg.770.site.4, 25, 150, 175
1118061.3.peg.770.site.5, 140, 150, 290
1118061.3.peg.770.site.6, 23, 150, 173
1118061.3.peg.770.site.7, 0, 150, 150
1118061.3.peg.770.site.8, 2, 150, 152
1118061.3.peg.770.site.9, 25, 149, 174
1118061.3.peg.770.site.10, 65, 150, 215
1118061.3.peg.770.site.11, 2, 150, 152
1118061.3.peg.770.site.12, 3, 150, 153
1118061.3.peg.771.site.1, 71, 149, 220
1118061.3.peg.771.site.2, 2, 143, 145
1118061.3.peg.771.site.3, 14, 121, 135
1118061.3.peg.771.site.4, 8, 126, 134
1118061.3.peg.771.site.5, 8, 129, 137
1118061.3.peg.771.site.6, 20, 131, 151
1118061.3.peg.2191.site.1, 0, 150, 150
1118061.3.peg.2191.site.2, 3, 149, 152
1118061.3.peg.2191.site.3, 2, 150, 152
1118061.3.peg.2191.site.4, 2, 150, 152
1118061.3.peg.2191.site.5, 2, 150, 152
1118061.3.peg.2191.site.6, 1, 149, 150
1118061.3.peg.2191.site.7, 3, 150, 153
1118061.3.peg.2190.site.1, 4, 150, 154
1118061.3.peg.2190.site.2, 4, 150, 154
1118061.3.peg.2190.site.3, 129, 150, 279
1118061.3.peg.2190.site.4, 63, 150, 213
1118061.3.peg.2190.site.5, 24, 150, 174
1118061.3.peg.2190.site.6, 63, 150, 213
1118061.3.peg.2190.site.7, 97, 148, 245
1118061.3.peg.2190.site.8, 0, 150, 150
1118061.3.peg.2190.site.9, 63, 149, 212
1118061.3.peg.2190.site.10, 27, 149, 176
1118061.3.peg.2193.site.1, 0, 149, 149
1118061.3.peg.2193.site.2, 119, 142, 261
1118061.3.peg.2193.site.3, 0, 144, 144
1118061.3.peg.2193.site.4, 1, 126, 127
1118061.3.peg.2193.site.5, 68, 144, 212
1118061.3.peg.2193.site.6, 16, 148, 164
1118061.3.peg.2193.site.7, 24, 141, 165
1118061.3.peg.2193.site.8, 140, 140, 280
1118061.3.peg.2193.site.9, 69, 147, 216
1118061.3.peg.2193.site.10, 3, 140, 143
1118061.3.peg.2193.site.11, 1, 142, 143
1118061.3.peg.2193.site.12, 0, 138, 138
1118061.3.peg.2193.site.13, 35, 149, 184
1118061.3.peg.2193.site.14, 71, 148, 219
1118061.3.peg.2193.site.15, 3, 148, 151
1118061.3.peg.2193.site.16, 0, 140, 140
1118061.3.peg.2193.site.17, 0, 148, 148
1118061.3.peg.2193.site.18, 0, 147, 147
1118061.3.peg.2193.site.19, 1, 146, 147
1118061.3.peg.2193.site.20, 0, 145, 145
1118061.3.peg.2193.site.21, 3, 148, 151
1118061.3.peg.2192.site.1, 18, 116, 134
1118061.3.peg.2192.site.2, 119, 119, 238
1118061.3.peg.2192.site.3, 0, 140, 140
1118061.3.peg.2192.site.4, 15, 138, 153
1118061.3.peg.2192.site.5, 3, 146, 149
1118061.3.peg.2192.site.6, 0, 150, 150
1118061.3.peg.2192.site.7, 12, 146, 158
1118061.3.peg.2192.site.8, 1, 141, 142
1118061.3.peg.2192.site.9, 0, 143, 143
1118061.3.peg.2192.site.10, 82, 146, 228
1118061.3.peg.2192.site.11, 18, 146, 164
1118061.3.peg.2192.site.12, 19, 149, 168
1118061.3.peg.2195.site.1, 1, 121, 122
1118061.3.peg.2195.site.2, 2, 150, 152
1118061.3.peg.2195.site.3, 10, 149, 159
1118061.3.peg.2195.site.4, 1, 148, 149
1118061.3.peg.2195.site.5, 0, 150, 150
1118061.3.peg.2195.site.6, 80, 148, 228
1118061.3.peg.2195.site.7, 42, 148, 190
1118061.3.peg.2195.site.8, 0, 149, 149
1118061.3.peg.2195.site.9, 19, 141, 160
1118061.3.peg.2195.site.10, 2, 143, 145
1118061.3.peg.2195.site.11, 2, 126, 128
1118061.3.peg.2195.site.12, 2, 134, 136
1118061.3.peg.2195.site.13, 3, 144, 147
1118061.3.peg.2195.site.14, 0, 147, 147
1118061.3.peg.2195.site.15, 3, 128, 131
1118061.3.peg.2195.site.16, 18, 146, 164
1118061.3.peg.2195.site.17, 1, 148, 149
1118061.3.peg.2195.site.18, 7, 148, 155
1118061.3.peg.2194.site.1, 31, 148, 179
1118061.3.peg.2194.site.2, 1, 143, 144
1118061.3.peg.2194.site.3, 3, 142, 145
1118061.3.peg.2194.site.4, 3, 139, 142
1118061.3.peg.2194.site.5, 5, 138, 143
1118061.3.peg.2194.site.6, 33, 143, 176
1118061.3.peg.2194.site.7, 1, 132, 133
1118061.3.peg.2194.site.8, 4, 123, 127
1118061.3.peg.2194.site.9, 6, 133, 139
1118061.3.peg.2194.site.10, 2, 134, 136
1118061.3.peg.2194.site.11, 106, 132, 238
1118061.3.peg.2194.site.12, 36, 116, 152
1118061.3.peg.2194.site.13, 20, 133, 153
1118061.3.peg.2194.site.14, 42, 143, 185
1118061.3.peg.2194.site.15, 1, 147, 148
1118061.3.peg.2194.site.16, 6, 147, 153
1118061.3.peg.2194.site.17, 22, 146, 168
1118061.3.peg.2194.site.18, 22, 148, 170
1118061.3.peg.2194.site.19, 20, 150, 170
1118061.3.peg.2194.site.20, 3, 150, 153
1118061.3.peg.2194.site.21, 1, 150, 151
1118061.3.peg.2194.site.22, 23, 150, 173
1118061.3.peg.2194.site.23, 2, 149, 151
1118061.3.peg.2194.site.24, 22, 148, 170
1118061.3.peg.2194.site.25, 29, 148, 177
1118061.3.peg.2194.site.26, 3, 147, 150
1118061.3.peg.2194.site.27, 24, 146, 170
1118061.3.peg.2194.site.28, 145, 145, 290
1118061.3.peg.2194.site.29, 3, 143, 146
1118061.3.peg.2194.site.30, 0, 142, 142
1118061.3.peg.2194.site.31, 2, 143, 145
1118061.3.peg.2194.site.32, 1, 136, 137
1118061.3.peg.2194.site.33, 87, 129, 216
1118061.3.peg.2194.site.34, 2, 137, 139
1118061.3.peg.2194.site.35, 22, 139, 161
1118061.3.peg.2194.site.36, 0, 138, 138
1118061.3.peg.2194.site.37, 66, 137, 203
1118061.3.peg.2197.site.1, 2, 148, 150
1118061.3.peg.2197.site.2, 148, 148, 296
1118061.3.peg.2197.site.3, 0, 149, 149
1118061.3.peg.2197.site.4, 3, 148, 151
1118061.3.peg.2197.site.5, 29, 147, 176
1118061.3.peg.2197.site.6, 0, 149, 149
1118061.3.peg.2197.site.7, 2, 150, 152
1118061.3.peg.2197.site.8, 73, 150, 223
1118061.3.peg.2197.site.9, 10, 150, 160
1118061.3.peg.2197.site.10, 10, 144, 154
1118061.3.peg.2197.site.11, 0, 147, 147
1118061.3.peg.2197.site.12, 90, 146, 236
1118061.3.peg.2197.site.13, 145, 145, 290
1118061.3.peg.2197.site.14, 29, 128, 157
1118061.3.peg.2197.site.15, 6, 139, 145
1118061.3.peg.2197.site.16, 3, 145, 148
1118061.3.peg.2197.site.17, 31, 149, 180
1118061.3.peg.2197.site.18, 2, 150, 152
1118061.3.peg.2197.site.19, 0, 140, 140
1118061.3.peg.2197.site.20, 2, 149, 151
1118061.3.peg.2197.site.21, 1, 139, 140
1118061.3.peg.2197.site.22, 0, 149, 149
1118061.3.peg.2197.site.23, 8, 149, 157
1118061.3.peg.2196.site.1, 77, 133, 210
1118061.3.peg.2196.site.2, 25, 133, 158
1118061.3.peg.2196.site.3, 8, 142, 150
1118061.3.peg.2196.site.4, 34, 135, 169
1118061.3.peg.2196.site.5, 3, 138, 141
1118061.3.peg.2196.site.6, 2, 144, 146
1118061.3.peg.2196.site.7, 3, 145, 148
1118061.3.peg.2196.site.8, 145, 145, 290
1118061.3.peg.2196.site.9, 0, 146, 146
1118061.3.peg.2199.site.1, 0, 150, 150
1118061.3.peg.2199.site.2, 87, 105, 192
1118061.3.peg.2199.site.3, 2, 111, 113
1118061.3.peg.2199.site.4, 2, 121, 123
1118061.3.peg.2199.site.5, 1, 109, 110
1118061.3.peg.2199.site.6, 16, 124, 140
1118061.3.peg.2199.site.7, 1, 131, 132
1118061.3.peg.2199.site.8, 2, 108, 110
1118061.3.peg.2199.site.9, 27, 110, 137
1118061.3.peg.2199.site.10, 0, 112, 112
1118061.3.peg.2199.site.11, 70, 110, 180
1118061.3.peg.2199.site.12, 63, 142, 205
1118061.3.peg.2199.site.13, 3, 143, 146
1118061.3.peg.2199.site.14, 7, 144, 151
1118061.3.peg.2199.site.15, 24, 140, 164
1118061.3.peg.2199.site.16, 2, 140, 142
1118061.3.peg.2199.site.17, 28, 148, 176
1118061.3.peg.2198.site.1, 35, 147, 182
1118061.3.peg.2198.site.2, 7, 147, 154
1118061.3.peg.2198.site.3, 3, 146, 149
1118061.3.peg.2198.site.4, 148, 148, 296
1118061.3.peg.2198.site.5, 28, 147, 175
1118061.3.peg.2198.site.6, 3, 149, 152
1118061.3.peg.2198.site.7, 149, 149, 298
1118061.3.peg.2198.site.8, 150, 150, 300
1118061.3.peg.2198.site.9, 150, 150, 300
1118061.3.peg.2198.site.10, 75, 150, 225
1118061.3.peg.2360.site.1, 60, 147, 207
1118061.3.peg.2360.site.2, 74, 146, 220
1118061.3.peg.2360.site.3, 0, 142, 142
1118061.3.peg.2360.site.4, 144, 147, 291
1118061.3.peg.2360.site.5, 2, 148, 150
1118061.3.peg.2360.site.6, 3, 147, 150
1118061.3.peg.2360.site.7, 2, 147, 149
1118061.3.peg.2360.site.8, 54, 147, 201
1118061.3.peg.2360.site.9, 0, 148, 148
1118061.3.peg.2360.site.10, 3, 148, 151
1118061.3.peg.2360.site.11, 0, 138, 138
1118061.3.peg.2360.site.12, 19, 145, 164
1118061.3.peg.2360.site.13, 146, 148, 294
1118061.3.peg.2360.site.14, 125, 148, 273
1118061.3.peg.2360.site.15, 3, 148, 151
1118061.3.peg.2360.site.16, 8, 148, 156
1118061.3.peg.2360.site.17, 0, 147, 147
1118061.3.peg.2360.site.18, 0, 145, 145
1118061.3.peg.2360.site.19, 0, 147, 147
1118061.3.peg.2360.site.20, 0, 147, 147
1118061.3.peg.2360.site.21, 0, 146, 146
1118061.3.peg.2366.site.1, 3, 150, 153
1118061.3.peg.2366.site.2, 0, 150, 150
1118061.3.peg.2366.site.3, 2, 150, 152
1118061.3.peg.2366.site.4, 0, 150, 150
1118061.3.peg.2366.site.5, 1, 149, 150
1118061.3.peg.2366.site.6, 2, 150, 152
1118061.3.peg.2366.site.7, 130, 149, 279
1118061.3.peg.2367.site.1, 0, 149, 149
1118061.3.peg.2367.site.2, 3, 150, 153
1118061.3.peg.2367.site.3, 31, 150, 181
1118061.3.peg.2367.site.4, 4, 149, 153
1118061.3.peg.2367.site.5, 12, 149, 161
1118061.3.peg.174.site.1, 2, 150, 152
1118061.3.peg.174.site.2, 29, 147, 176
1118061.3.peg.174.site.3, 5, 143, 148
1118061.3.peg.174.site.4, 17, 145, 162
1118061.3.peg.174.site.5, 29, 142, 171
1118061.3.peg.174.site.6, 22, 139, 161
1118061.3.peg.174.site.7, 3, 150, 153
1118061.3.peg.174.site.8, 3, 150, 153
1118061.3.peg.174.site.9, 98, 150, 248
1118061.3.peg.174.site.10, 2, 145, 147
1118061.3.peg.174.site.11, 29, 145, 174
1118061.3.peg.174.site.12, 2, 147, 149
1118061.3.peg.174.site.13, 75, 149, 224
1118061.3.peg.174.site.14, 2, 148, 150
1118061.3.peg.174.site.15, 12, 127, 139
1118061.3.peg.175.site.1, 42, 148, 190
1118061.3.peg.175.site.2, 32, 148, 180
1118061.3.peg.175.site.3, 3, 150, 153
1118061.3.peg.175.site.4, 86, 149, 235
1118061.3.peg.175.site.5, 59, 150, 209
1118061.3.peg.175.site.6, 27, 150, 177
1118061.3.peg.175.site.7, 0, 150, 150
1118061.3.peg.175.site.8, 2, 149, 151
1118061.3.peg.175.site.9, 27, 150, 177
1118061.3.peg.175.site.10, 4, 145, 149
1118061.3.peg.175.site.11, 5, 146, 151
1118061.3.peg.170.site.1, 0, 149, 149
1118061.3.peg.172.site.1, 27, 145, 172
1118061.3.peg.172.site.2, 54, 146, 200
1118061.3.peg.172.site.3, 0, 144, 144
1118061.3.peg.172.site.4, 53, 137, 190
1118061.3.peg.172.site.5, 0, 137, 137
1118061.3.peg.172.site.6, 54, 131, 185
1118061.3.peg.172.site.7, 96, 133, 229
1118061.3.peg.172.site.8, 112, 144, 256
1118061.3.peg.172.site.9, 0, 145, 145
1118061.3.peg.172.site.10, 53, 149, 202
1118061.3.peg.172.site.11, 80, 148, 228
1118061.3.peg.172.site.12, 136, 136, 272
1118061.3.peg.172.site.13, 0, 129, 129
1118061.3.peg.172.site.14, 4, 121, 125
1118061.3.peg.172.site.15, 41, 136, 177
1118061.3.peg.172.site.16, 138, 138, 276
1118061.3.peg.172.site.17, 134, 134, 268
1118061.3.peg.172.site.18, 134, 134, 268
1118061.3.peg.172.site.19, 1, 140, 141
1118061.3.peg.172.site.20, 8, 133, 141
1118061.3.peg.173.site.1, 5, 146, 151
1118061.3.peg.173.site.2, 0, 147, 147
1118061.3.peg.173.site.3, 2, 143, 145
1118061.3.peg.173.site.4, 82, 138, 220
1118061.3.peg.173.site.5, 12, 143, 155
1118061.3.peg.173.site.6, 0, 149, 149
1118061.3.peg.173.site.7, 74, 150, 224
1118061.3.peg.173.site.8, 2, 150, 152
1118061.3.peg.173.site.9, 6, 148, 154
1118061.3.peg.173.site.10, 38, 150, 188
1118061.3.peg.173.site.11, 38, 150, 188
1118061.3.peg.173.site.12, 29, 150, 179
1118061.3.peg.173.site.13, 95, 150, 245
1118061.3.peg.173.site.14, 17, 150, 167
1118061.3.peg.173.site.15, 144, 150, 294
1118061.3.peg.178.site.1, 2, 149, 151
1118061.3.peg.178.site.2, 26, 149, 175
1118061.3.peg.178.site.3, 25, 148, 173
1118061.3.peg.178.site.4, 3, 150, 153
1118061.3.peg.178.site.5, 134, 149, 283
1118061.3.peg.179.site.1, 0, 135, 135
1118061.3.peg.179.site.2, 22, 129, 151
1118061.3.peg.179.site.3, 4, 129, 133
1118061.3.peg.179.site.4, 8, 135, 143
1118061.3.peg.179.site.5, 3, 144, 147
1118061.3.peg.179.site.6, 0, 147, 147
1118061.3.peg.179.site.7, 150, 150, 300
1118061.3.peg.1868.site.1, 97, 141, 238
1118061.3.peg.1868.site.2, 0, 146, 146
1118061.3.peg.1868.site.3, 2, 150, 152
1118061.3.peg.1868.site.4, 29, 150, 179
1118061.3.peg.1868.site.5, 21, 150, 171
1118061.3.peg.1868.site.6, 28, 149, 177
1118061.3.peg.1868.site.7, 40, 150, 190
1118061.3.peg.1868.site.8, 25, 150, 175
1118061.3.peg.1868.site.9, 1, 150, 151
1118061.3.peg.1868.site.10, 2, 150, 152
1118061.3.peg.1868.site.11, 60, 149, 209
1118061.3.peg.1868.site.12, 2, 150, 152
1118061.3.peg.1869.site.1, 0, 149, 149
1118061.3.peg.1869.site.2, 76, 149, 225
1118061.3.peg.1869.site.3, 0, 150, 150
1118061.3.peg.1869.site.4, 69, 149, 218
1118061.3.peg.1869.site.5, 0, 149, 149
1118061.3.peg.1869.site.6, 39, 143, 182
1118061.3.peg.1869.site.7, 36, 143, 179
1118061.3.peg.1869.site.8, 1, 147, 148
1118061.3.peg.1869.site.9, 21, 149, 170
1118061.3.peg.1869.site.10, 149, 149, 298
1118061.3.peg.1869.site.11, 19, 150, 169
1118061.3.peg.1869.site.12, 20, 150, 170
1118061.3.peg.1869.site.13, 40, 149, 189
1118061.3.peg.1869.site.14, 91, 149, 240
1118061.3.peg.1869.site.15, 2, 149, 151
1118061.3.peg.1869.site.16, 83, 148, 231
1118061.3.peg.1869.site.17, 7, 120, 127
1118061.3.peg.1869.site.18, 136, 142, 278
1118061.3.peg.1869.site.19, 75, 146, 221
1118061.3.peg.1869.site.20, 56, 149, 205
1118061.3.peg.2161.site.1, 19, 148, 167
1118061.3.peg.2161.site.2, 23, 143, 166
1118061.3.peg.2161.site.3, 2, 143, 145
1118061.3.peg.2161.site.4, 51, 140, 191
1118061.3.peg.2161.site.5, 3, 132, 135
1118061.3.peg.2161.site.6, 115, 139, 254
1118061.3.peg.2161.site.7, 0, 145, 145
1118061.3.peg.2161.site.8, 92, 147, 239
1118061.3.peg.2161.site.9, 8, 148, 156
1118061.3.peg.2161.site.10, 3, 148, 151
1118061.3.peg.2161.site.11, 3, 149, 152
1118061.3.peg.2161.site.12, 96, 148, 244
1118061.3.peg.2161.site.13, 22, 148, 170
1118061.3.peg.2161.site.14, 39, 149, 188
1118061.3.peg.2161.site.15, 43, 145, 188
1118061.3.peg.2161.site.16, 47, 144, 191
1118061.3.peg.2161.site.17, 142, 142, 284
1118061.3.peg.2161.site.18, 132, 143, 275
1118061.3.peg.2161.site.19, 60, 149, 209
1118061.3.peg.2161.site.20, 139, 142, 281
1118061.3.peg.2161.site.21, 2, 145, 147
1118061.3.peg.2161.site.22, 32, 149, 181
1118061.3.peg.1860.site.1, 0, 150, 150
1118061.3.peg.1860.site.2, 0, 150, 150
1118061.3.peg.1860.site.3, 0, 149, 149
1118061.3.peg.1860.site.4, 0, 150, 150
1118061.3.peg.1860.site.5, 0, 150, 150
1118061.3.peg.1860.site.6, 63, 148, 211
1118061.3.peg.1860.site.7, 2, 149, 151
1118061.3.peg.1860.site.8, 1, 150, 151
1118061.3.peg.1862.site.1, 1, 150, 151
1118061.3.peg.1862.site.2, 2, 149, 151
1118061.3.peg.1862.site.3, 1, 148, 149
1118061.3.peg.1862.site.4, 0, 145, 145
1118061.3.peg.1862.site.5, 79, 147, 226
1118061.3.peg.1862.site.6, 1, 146, 147
1118061.3.peg.1862.site.7, 11, 149, 160
1118061.3.peg.1862.site.8, 2, 149, 151
1118061.3.peg.1862.site.9, 128, 149, 277
1118061.3.peg.1863.site.1, 33, 149, 182
1118061.3.peg.1863.site.2, 0, 149, 149
1118061.3.peg.1863.site.3, 6, 146, 152
1118061.3.peg.1863.site.4, 2, 136, 138
1118061.3.peg.1863.site.5, 0, 145, 145
1118061.3.peg.1863.site.6, 5, 147, 152
1118061.3.peg.1863.site.7, 4, 149, 153
1118061.3.peg.1863.site.8, 0, 150, 150
1118061.3.peg.1863.site.9, 1, 150, 151
1118061.3.peg.1863.site.10, 1, 150, 151
1118061.3.peg.1863.site.11, 4, 149, 153
1118061.3.peg.1863.site.12, 5, 144, 149
1118061.3.peg.1863.site.13, 0, 92, 92
1118061.3.peg.1863.site.14, 16, 102, 118
1118061.3.peg.1863.site.15, 10, 145, 155
1118061.3.peg.1863.site.16, 35, 142, 177
1118061.3.peg.1863.site.17, 112, 144, 256
1118061.3.peg.1863.site.18, 1, 149, 150
1118061.3.peg.1863.site.19, 3, 148, 151
1118061.3.peg.1863.site.20, 3, 145, 148
1118061.3.peg.1863.site.21, 3, 147, 150
1118061.3.peg.1863.site.22, 7, 119, 126
1118061.3.peg.1863.site.23, 1, 148, 149
1118061.3.peg.1864.site.1, 3, 149, 152
1118061.3.peg.1864.site.2, 107, 150, 257
1118061.3.peg.1864.site.3, 150, 150, 300
1118061.3.peg.1864.site.4, 51, 150, 201
1118061.3.peg.1864.site.5, 2, 150, 152
1118061.3.peg.1864.site.6, 80, 149, 229
1118061.3.peg.1864.site.7, 19, 149, 168
1118061.3.peg.1864.site.8, 0, 148, 148
1118061.3.peg.1864.site.9, 0, 147, 147
1118061.3.peg.1864.site.10, 1, 148, 149
1118061.3.peg.1864.site.11, 0, 144, 144
1118061.3.peg.1864.site.12, 16, 144, 160
1118061.3.peg.1864.site.13, 0, 145, 145
1118061.3.peg.1864.site.14, 129, 147, 276
1118061.3.peg.1864.site.15, 3, 117, 120
1118061.3.peg.1864.site.16, 14, 111, 125
1118061.3.peg.1865.site.1, 13, 145, 158
1118061.3.peg.1865.site.2, 36, 150, 186
1118061.3.peg.1865.site.3, 0, 147, 147
1118061.3.peg.1865.site.4, 0, 148, 148
1118061.3.peg.1865.site.5, 4, 149, 153
1118061.3.peg.1866.site.1, 2, 150, 152
1118061.3.peg.1866.site.2, 111, 112, 223
1118061.3.peg.1866.site.3, 15, 94, 109
1118061.3.peg.1866.site.4, 13, 96, 109
1118061.3.peg.1866.site.5, 0, 141, 141
1118061.3.peg.1866.site.6, 0, 148, 148
1118061.3.peg.1866.site.7, 1, 119, 120
1118061.3.peg.1866.site.8, 1, 123, 124
1118061.3.peg.1866.site.9, 0, 147, 147
1118061.3.peg.1866.site.10, 3, 148, 151
1118061.3.peg.1866.site.11, 1, 146, 147
1118061.3.peg.1866.site.12, 3, 90, 93
1118061.3.peg.1866.site.13, 9, 126, 135
1118061.3.peg.1866.site.14, 90, 145, 235
1118061.3.peg.1866.site.15, 1, 145, 146
1118061.3.peg.1866.site.16, 1, 146, 147
1118061.3.peg.1866.site.17, 17, 147, 164
1118061.3.peg.1866.site.18, 2, 149, 151
1118061.3.peg.1866.site.19, 14, 150, 164
1118061.3.peg.1866.site.20, 9, 150, 159
1118061.3.peg.1866.site.21, 13, 149, 162
1118061.3.peg.1866.site.22, 2, 149, 151
1118061.3.peg.1866.site.23, 43, 149, 192
1118061.3.peg.1866.site.24, 2, 149, 151
1118061.3.peg.1866.site.25, 22, 145, 167
1118061.3.peg.1866.site.26, 0, 150, 150
1118061.3.peg.1866.site.27, 0, 149, 149
1118061.3.peg.1866.site.28, 1, 147, 148
1118061.3.peg.1866.site.29, 88, 88, 176
1118061.3.peg.1866.site.30, 11, 32, 43
1118061.3.peg.1866.site.31, 12, 66, 78
1118061.3.peg.1866.site.32, 2, 143, 145
1118061.3.peg.1866.site.33, 1, 144, 145
1118061.3.peg.1866.site.34, 3, 146, 149
1118061.3.peg.1866.site.35, 38, 144, 182
1118061.3.peg.1866.site.36, 2, 150, 152
1118061.3.peg.1866.site.37, 9, 149, 158
1118061.3.peg.1866.site.38, 0, 150, 150
1118061.3.peg.1866.site.39, 1, 149, 150
1118061.3.peg.1866.site.40, 2, 143, 145
1118061.3.peg.1866.site.41, 1, 141, 142
1118061.3.peg.1867.site.1, 9, 147, 156
1118061.3.peg.1867.site.2, 1, 147, 148
1118061.3.peg.1867.site.3, 2, 144, 146
1118061.3.peg.2163.site.1, 3, 142, 145
1118061.3.peg.2163.site.2, 3, 149, 152
1118061.3.peg.2163.site.3, 2, 146, 148
1118061.3.peg.2163.site.4, 15, 147, 162
1118061.3.peg.2163.site.5, 2, 146, 148
1118061.3.peg.2163.site.6, 2, 143, 145
1118061.3.peg.2163.site.7, 14, 145, 159
1118061.3.peg.2163.site.8, 0, 145, 145
1118061.3.peg.2163.site.9, 19, 145, 164
1118061.3.peg.2163.site.10, 1, 146, 147
1118061.3.peg.2163.site.11, 1, 146, 147
1118061.3.peg.2163.site.12, 1, 146, 147
1118061.3.peg.2163.site.13, 16, 141, 157
1118061.3.peg.2163.site.14, 15, 139, 154
1118061.3.peg.2163.site.15, 0, 145, 145
1118061.3.peg.2163.site.16, 3, 148, 151
1118061.3.peg.2163.site.17, 0, 145, 145
1118061.3.peg.2163.site.18, 62, 145, 207
1118061.3.peg.2163.site.19, 7, 128, 135
1118061.3.peg.2163.site.20, 0, 101, 101
1118061.3.peg.2163.site.21, 3, 121, 124
1118061.3.peg.2163.site.22, 13, 116, 129
1118061.3.peg.2163.site.23, 2, 126, 128
1118061.3.peg.2163.site.24, 7, 128, 135
1118061.3.peg.2163.site.25, 0, 127, 127
1118061.3.peg.2163.site.26, 3, 108, 111
1118061.3.peg.2163.site.27, 3, 87, 90
1118061.3.peg.2163.site.28, 0, 87, 87
1118061.3.peg.2163.site.29, 3, 101, 104
1118061.3.peg.2167.site.1, 1, 147, 148
1118061.3.peg.2167.site.2, 2, 133, 135
1118061.3.peg.2167.site.3, 0, 129, 129
1118061.3.peg.2167.site.4, 129, 129, 258
1118061.3.peg.2167.site.5, 27, 147, 174
1118061.3.peg.2167.site.6, 1, 147, 148
1118061.3.peg.2167.site.7, 42, 142, 184
1118061.3.peg.2167.site.8, 0, 147, 147
1118061.3.peg.2167.site.9, 28, 149, 177
1118061.3.peg.2167.site.10, 1, 149, 150
1118061.3.peg.2167.site.11, 45, 149, 194
1118061.3.peg.2167.site.12, 0, 146, 146
1118061.3.peg.2167.site.13, 1, 147, 148
1118061.3.peg.2167.site.14, 0, 148, 148
1118061.3.peg.2167.site.15, 147, 149, 296
1118061.3.peg.2167.site.16, 5, 150, 155
1118061.3.peg.2763.site.1, 2, 149, 151
1118061.3.peg.2763.site.2, 18, 149, 167
1118061.3.peg.2763.site.3, 52, 150, 202
1118061.3.peg.2763.site.4, 149, 150, 299
1118061.3.peg.2763.site.5, 59, 150, 209
1118061.3.peg.2763.site.6, 30, 147, 177
1118061.3.peg.2763.site.7, 15, 148, 163
1118061.3.peg.2763.site.8, 9, 147, 156
1118061.3.peg.2763.site.9, 93, 145, 238
1118061.3.peg.2763.site.10, 112, 134, 246
1118061.3.peg.2763.site.11, 3, 126, 129
1118061.3.peg.2763.site.12, 24, 149, 173
1118061.3.peg.2763.site.13, 22, 149, 171
1118061.3.peg.1640.site.1, 10, 139, 149
1118061.3.peg.1640.site.2, 15, 145, 160
1118061.3.peg.1640.site.3, 108, 132, 240
1118061.3.peg.1640.site.4, 0, 143, 143
1118061.3.peg.1640.site.5, 1, 148, 149
1118061.3.peg.1640.site.6, 1, 148, 149
1118061.3.peg.1640.site.7, 2, 148, 150
1118061.3.peg.1640.site.8, 67, 145, 212
1118061.3.peg.1640.site.9, 0, 147, 147
1118061.3.peg.1640.site.10, 0, 145, 145
1118061.3.peg.1640.site.11, 2, 147, 149
1118061.3.peg.1640.site.12, 0, 146, 146
1118061.3.peg.1640.site.13, 144, 147, 291
1118061.3.peg.1640.site.14, 30, 144, 174
1118061.3.peg.1641.site.1, 5, 150, 155
1118061.3.peg.1641.site.2, 0, 149, 149
1118061.3.peg.1641.site.3, 0, 150, 150
1118061.3.peg.1641.site.4, 0, 150, 150
1118061.3.peg.1641.site.5, 0, 145, 145
1118061.3.peg.1641.site.6, 24, 149, 173
1118061.3.peg.1641.site.7, 0, 127, 127
1118061.3.peg.1641.site.8, 25, 144, 169
1118061.3.peg.1641.site.9, 150, 150, 300
1118061.3.peg.1641.site.10, 30, 148, 178
1118061.3.peg.1641.site.11, 34, 149, 183
1118061.3.peg.1641.site.12, 31, 148, 179
1118061.3.peg.1641.site.13, 1, 150, 151
1118061.3.peg.1641.site.14, 0, 150, 150
1118061.3.peg.1641.site.15, 0, 148, 148
1118061.3.peg.1641.site.16, 0, 148, 148
1118061.3.peg.1642.site.1, 100, 149, 249
1118061.3.peg.1642.site.2, 0, 148, 148
1118061.3.peg.1642.site.3, 0, 147, 147
1118061.3.peg.1642.site.4, 1, 116, 117
1118061.3.peg.1642.site.5, 1, 126, 127
1118061.3.peg.1642.site.6, 0, 144, 144
1118061.3.peg.1642.site.7, 4, 146, 150
1118061.3.peg.1642.site.8, 31, 149, 180
1118061.3.peg.1642.site.9, 51, 145, 196
1118061.3.peg.1642.site.10, 118, 150, 268
1118061.3.peg.1642.site.11, 149, 149, 298
1118061.3.peg.1642.site.12, 0, 150, 150
1118061.3.peg.1642.site.13, 49, 149, 198
1118061.3.peg.1642.site.14, 1, 150, 151
1118061.3.peg.1643.site.1, 63, 149, 212
1118061.3.peg.1643.site.2, 43, 149, 192
1118061.3.peg.1643.site.3, 0, 149, 149
1118061.3.peg.1643.site.4, 5, 150, 155
1118061.3.peg.1644.site.1, 0, 147, 147
1118061.3.peg.1644.site.2, 1, 147, 148
1118061.3.peg.1644.site.3, 26, 134, 160
1118061.3.peg.1644.site.4, 3, 150, 153
1118061.3.peg.1644.site.5, 1, 150, 151
1118061.3.peg.1644.site.6, 9, 148, 157
1118061.3.peg.1644.site.7, 3, 150, 153
1118061.3.peg.1644.site.8, 150, 150, 300
1118061.3.peg.1644.site.9, 30, 150, 180
1118061.3.peg.1644.site.10, 1, 150, 151
1118061.3.peg.1644.site.11, 0, 150, 150
1118061.3.peg.1644.site.12, 23, 149, 172
1118061.3.peg.1644.site.13, 0, 149, 149
1118061.3.peg.1644.site.14, 0, 147, 147
1118061.3.peg.1645.site.1, 4, 150, 154
1118061.3.peg.1645.site.2, 0, 148, 148
1118061.3.peg.1645.site.3, 2, 150, 152
1118061.3.peg.1645.site.4, 2, 149, 151
1118061.3.peg.1645.site.5, 3, 150, 153
1118061.3.peg.1645.site.6, 121, 149, 270
1118061.3.peg.1646.site.1, 0, 149, 149
1118061.3.peg.1646.site.2, 2, 150, 152
1118061.3.peg.1646.site.3, 14, 149, 163
1118061.3.peg.1646.site.4, 86, 147, 233
1118061.3.peg.1646.site.5, 37, 144, 181
1118061.3.peg.1646.site.6, 3, 143, 146
1118061.3.peg.1646.site.7, 0, 139, 139
1118061.3.peg.1646.site.8, 41, 146, 187
1118061.3.peg.1646.site.9, 37, 145, 182
1118061.3.peg.1647.site.1, 18, 145, 163
1118061.3.peg.1647.site.2, 104, 149, 253
1118061.3.peg.1647.site.3, 3, 149, 152
1118061.3.peg.1647.site.4, 3, 150, 153
1118061.3.peg.1647.site.5, 3, 150, 153
1118061.3.peg.1647.site.6, 1, 146, 147
1118061.3.peg.1647.site.7, 8, 127, 135
1118061.3.peg.1647.site.8, 9, 127, 136
1118061.3.peg.1647.site.9, 0, 135, 135
1118061.3.peg.1647.site.10, 77, 131, 208
1118061.3.peg.1647.site.11, 15, 92, 107
1118061.3.peg.1647.site.12, 1, 134, 135
1118061.3.peg.1647.site.13, 0, 137, 137
1118061.3.peg.1647.site.14, 3, 140, 143
1118061.3.peg.1647.site.15, 3, 139, 142
1118061.3.peg.1647.site.16, 137, 137, 274
1118061.3.peg.1647.site.17, 19, 149, 168
1118061.3.peg.1647.site.18, 35, 147, 182
1118061.3.peg.1647.site.19, 15, 147, 162
1118061.3.peg.1647.site.20, 11, 150, 161
1118061.3.peg.1647.site.21, 150, 150, 300
1118061.3.peg.1647.site.22, 0, 150, 150
1118061.3.peg.1647.site.23, 0, 137, 137
1118061.3.peg.1647.site.24, 27, 147, 174
1118061.3.peg.1647.site.25, 19, 148, 167
1118061.3.peg.1647.site.26, 0, 150, 150
1118061.3.peg.1647.site.27, 109, 147, 256
1118061.3.peg.1647.site.28, 0, 149, 149
1118061.3.peg.1647.site.29, 0, 149, 149
1118061.3.peg.1647.site.30, 3, 150, 153
1118061.3.peg.1648.site.1, 0, 149, 149
1118061.3.peg.1648.site.2, 2, 150, 152
1118061.3.peg.1648.site.3, 2, 149, 151
1118061.3.peg.1648.site.4, 0, 149, 149
1118061.3.peg.1648.site.5, 1, 150, 151
1118061.3.peg.1649.site.1, 0, 148, 148
1118061.3.peg.1649.site.2, 80, 147, 227
1118061.3.peg.1649.site.3, 0, 149, 149
1118061.3.peg.1649.site.4, 83, 129, 212
1118061.3.peg.1649.site.5, 6, 148, 154
1118061.3.peg.1649.site.6, 2, 150, 152
1118061.3.peg.1649.site.7, 96, 147, 243
1118061.3.peg.1649.site.8, 27, 147, 174
1118061.3.peg.1649.site.9, 121, 145, 266
1118061.3.peg.1649.site.10, 4, 146, 150
1118061.3.peg.1649.site.11, 123, 146, 269
1118061.3.peg.1649.site.12, 2, 144, 146
1118061.3.peg.1649.site.13, 23, 148, 171
1118061.3.peg.1649.site.14, 1, 141, 142
1118061.3.peg.1649.site.15, 0, 136, 136
1118061.3.peg.1649.site.16, 1, 143, 144
1118061.3.peg.1649.site.17, 0, 130, 130
1118061.3.peg.1649.site.18, 1, 125, 126
1118061.3.peg.1882.site.1, 69, 149, 218
1118061.3.peg.1882.site.2, 3, 150, 153
1118061.3.peg.1882.site.3, 2, 145, 147
1118061.3.peg.1882.site.4, 2, 144, 146
1118061.3.peg.1882.site.5, 2, 150, 152
1118061.3.peg.1882.site.6, 0, 150, 150
1118061.3.peg.1882.site.7, 0, 148, 148
1118061.3.peg.1882.site.8, 0, 148, 148
1118061.3.peg.1883.site.1, 2, 150, 152
1118061.3.peg.1880.site.1, 21, 147, 168
1118061.3.peg.1880.site.2, 4, 147, 151
1118061.3.peg.1880.site.3, 123, 141, 264
1118061.3.peg.1880.site.4, 12, 144, 156
1118061.3.peg.1880.site.5, 8, 144, 152
1118061.3.peg.1880.site.6, 25, 141, 166
1118061.3.peg.1880.site.7, 28, 142, 170
1118061.3.peg.1880.site.8, 0, 141, 141
1118061.3.peg.1880.site.9, 19, 141, 160
1118061.3.peg.1880.site.10, 25, 136, 161
1118061.3.peg.1880.site.11, 75, 147, 222
1118061.3.peg.1880.site.12, 3, 148, 151
1118061.3.peg.1880.site.13, 51, 148, 199
1118061.3.peg.1880.site.14, 11, 142, 153
1118061.3.peg.1880.site.15, 20, 145, 165
1118061.3.peg.1880.site.16, 0, 148, 148
1118061.3.peg.1880.site.17, 2, 150, 152
1118061.3.peg.1881.site.1, 108, 145, 253
1118061.3.peg.1881.site.2, 3, 105, 108
1118061.3.peg.1881.site.3, 3, 105, 108
1118061.3.peg.1881.site.4, 2, 99, 101
1118061.3.peg.1881.site.5, 2, 103, 105
1118061.3.peg.1881.site.6, 4, 104, 108
1118061.3.peg.1881.site.7, 9, 149, 158
1118061.3.peg.1881.site.8, 23, 149, 172
1118061.3.peg.1881.site.9, 0, 149, 149
1118061.3.peg.1881.site.10, 15, 150, 165
1118061.3.peg.1881.site.11, 18, 147, 165
1118061.3.peg.1881.site.12, 19, 144, 163
1118061.3.peg.1881.site.13, 90, 140, 230
1118061.3.peg.1881.site.14, 14, 141, 155
1118061.3.peg.1881.site.15, 14, 134, 148
1118061.3.peg.1881.site.16, 15, 131, 146
1118061.3.peg.1881.site.17, 134, 134, 268
1118061.3.peg.1881.site.18, 12, 126, 138
1118061.3.peg.1881.site.19, 27, 132, 159
1118061.3.peg.1881.site.20, 14, 130, 144
1118061.3.peg.1881.site.21, 13, 137, 150
1118061.3.peg.1881.site.22, 34, 144, 178
1118061.3.peg.1881.site.23, 22, 145, 167
1118061.3.peg.1881.site.24, 98, 150, 248
1118061.3.peg.1881.site.25, 74, 149, 223
1118061.3.peg.1881.site.26, 15, 144, 159
1118061.3.peg.1881.site.27, 18, 146, 164
1118061.3.peg.1881.site.28, 18, 149, 167
1118061.3.peg.1881.site.29, 0, 139, 139
1118061.3.peg.1881.site.30, 8, 148, 156
1118061.3.peg.1881.site.31, 20, 148, 168
1118061.3.peg.1881.site.32, 81, 150, 231
1118061.3.peg.1881.site.33, 0, 150, 150
1118061.3.peg.1881.site.34, 5, 148, 153
1118061.3.peg.1881.site.35, 3, 142, 145
1118061.3.peg.1881.site.36, 19, 144, 163
1118061.3.peg.1881.site.37, 20, 145, 165
1118061.3.peg.1881.site.38, 0, 145, 145
1118061.3.peg.1881.site.39, 13, 145, 158
1118061.3.peg.1881.site.40, 0, 149, 149
1118061.3.peg.1881.site.41, 0, 148, 148
1118061.3.peg.1881.site.42, 9, 149, 158
1118061.3.peg.1886.site.1, 91, 115, 206
1118061.3.peg.1886.site.2, 5, 125, 130
1118061.3.peg.1886.site.3, 42, 144, 186
1118061.3.peg.1887.site.1, 0, 150, 150
1118061.3.peg.1887.site.2, 2, 146, 148
1118061.3.peg.1887.site.3, 0, 148, 148
1118061.3.peg.1887.site.4, 47, 147, 194
1118061.3.peg.1887.site.5, 11, 140, 151
1118061.3.peg.1887.site.6, 12, 148, 160
1118061.3.peg.1887.site.7, 2, 147, 149
1118061.3.peg.1887.site.8, 97, 146, 243
1118061.3.peg.1887.site.9, 12, 149, 161
1118061.3.peg.1887.site.10, 78, 147, 225
1118061.3.peg.1887.site.11, 30, 147, 177
1118061.3.peg.1887.site.12, 2, 148, 150
1118061.3.peg.1887.site.13, 3, 150, 153
1118061.3.peg.1887.site.14, 2, 150, 152
1118061.3.peg.1887.site.15, 2, 150, 152
1118061.3.peg.1887.site.16, 0, 150, 150
1118061.3.peg.1884.site.1, 0, 150, 150
1118061.3.peg.1884.site.2, 147, 150, 297
1118061.3.peg.1884.site.3, 0, 149, 149
1118061.3.peg.1884.site.4, 0, 138, 138
1118061.3.peg.1884.site.5, 0, 147, 147
1118061.3.peg.1884.site.6, 113, 146, 259
1118061.3.peg.1884.site.7, 5, 144, 149
1118061.3.peg.1884.site.8, 17, 149, 166
1118061.3.peg.1885.site.1, 0, 150, 150
1118061.3.peg.1885.site.2, 5, 149, 154
1118061.3.peg.1885.site.3, 143, 148, 291
1118061.3.peg.1885.site.4, 4, 148, 152
1118061.3.peg.1885.site.5, 3, 150, 153
1118061.3.peg.1885.site.6, 2, 150, 152
1118061.3.peg.1888.site.1, 3, 93, 96
1118061.3.peg.1888.site.2, 50, 148, 198
1118061.3.peg.1888.site.3, 61, 150, 211
1118061.3.peg.1888.site.4, 10, 150, 160
1118061.3.peg.1888.site.5, 114, 150, 264
1118061.3.peg.1888.site.6, 31, 150, 181
1118061.3.peg.1888.site.7, 30, 149, 179
1118061.3.peg.1888.site.8, 14, 150, 164
1118061.3.peg.1888.site.9, 2, 149, 151
1118061.3.peg.1888.site.10, 9, 149, 158
1118061.3.peg.1889.site.1, 2, 94, 96
1118061.3.peg.1889.site.2, 10, 141, 151
1118061.3.peg.1889.site.3, 31, 142, 173
1118061.3.peg.1889.site.4, 1, 139, 140
1118061.3.peg.1889.site.5, 104, 140, 244
1118061.3.peg.1889.site.6, 100, 136, 236
1118061.3.peg.1889.site.7, 2, 142, 144
1118061.3.peg.1889.site.8, 1, 146, 147
1118061.3.peg.1889.site.9, 64, 145, 209
1118061.3.peg.1889.site.10, 2, 148, 150
1118061.3.peg.1889.site.11, 58, 118, 176
1118061.3.peg.1889.site.12, 9, 78, 87
1118061.3.peg.1889.site.13, 1, 19, 20
1118061.3.peg.1889.site.14, 6, 18, 24
1118061.3.peg.1889.site.15, 5, 16, 21
1118061.3.peg.1889.site.16, 10, 14, 24
1118061.3.peg.1889.site.17, 21, 27, 48
1118061.3.peg.1889.site.18, 14, 50, 64
1118061.3.peg.1889.site.19, 3, 144, 147
1118061.3.peg.1889.site.20, 2, 150, 152
1118061.3.peg.1889.site.21, 18, 149, 167
1118061.3.peg.1889.site.22, 145, 149, 294
1118061.3.peg.1889.site.23, 3, 146, 149
1118061.3.peg.1889.site.24, 111, 148, 259
1118061.3.peg.1889.site.25, 2, 148, 150
1118061.3.peg.1889.site.26, 51, 147, 198
1118061.3.peg.1889.site.27, 3, 149, 152
1118061.3.peg.1889.site.28, 1, 146, 147
1118061.3.peg.1889.site.29, 17, 134, 151
1118061.3.peg.1509.site.1, 0, 138, 138
1118061.3.peg.1509.site.2, 1, 148, 149
1118061.3.peg.1509.site.3, 1, 148, 149
1118061.3.peg.1509.site.4, 147, 150, 297
1118061.3.peg.1509.site.5, 8, 150, 158
1118061.3.peg.1509.site.6, 35, 150, 185
1118061.3.peg.1509.site.7, 2, 148, 150
1118061.3.peg.1509.site.8, 17, 150, 167
1118061.3.peg.1509.site.9, 17, 149, 166
1118061.3.peg.1508.site.1, 4, 143, 147
1118061.3.peg.1508.site.2, 93, 142, 235
1118061.3.peg.1508.site.3, 30, 146, 176
1118061.3.peg.1508.site.4, 6, 150, 156
1118061.3.peg.1508.site.5, 20, 148, 168
1118061.3.peg.1508.site.6, 18, 148, 166
1118061.3.peg.1508.site.7, 2, 150, 152
1118061.3.peg.1508.site.8, 50, 150, 200
1118061.3.peg.1508.site.9, 1, 150, 151
1118061.3.peg.1507.site.1, 109, 148, 257
1118061.3.peg.1507.site.2, 82, 148, 230
1118061.3.peg.1507.site.3, 2, 132, 134
1118061.3.peg.1507.site.4, 0, 142, 142
1118061.3.peg.1507.site.5, 1, 145, 146
1118061.3.peg.1507.site.6, 123, 149, 272
1118061.3.peg.1507.site.7, 18, 146, 164
1118061.3.peg.1507.site.8, 53, 146, 199
1118061.3.peg.1507.site.9, 2, 148, 150
1118061.3.peg.1507.site.10, 13, 147, 160
1118061.3.peg.1507.site.11, 32, 146, 178
1118061.3.peg.1507.site.12, 145, 146, 291
1118061.3.peg.1507.site.13, 0, 146, 146
1118061.3.peg.1507.site.14, 5, 134, 139
1118061.3.peg.1507.site.15, 5, 134, 139
1118061.3.peg.1507.site.16, 1, 141, 142
1118061.3.peg.1507.site.17, 47, 148, 195
1118061.3.peg.1507.site.18, 2, 150, 152
1118061.3.peg.1507.site.19, 12, 150, 162
1118061.3.peg.1507.site.20, 19, 135, 154
1118061.3.peg.1507.site.21, 8, 130, 138
1118061.3.peg.1507.site.22, 0, 136, 136
1118061.3.peg.1507.site.23, 11, 143, 154
1118061.3.peg.1507.site.24, 27, 133, 160
1118061.3.peg.1507.site.25, 4, 124, 128
1118061.3.peg.1507.site.26, 26, 143, 169
1118061.3.peg.1507.site.27, 0, 141, 141
1118061.3.peg.1507.site.28, 1, 146, 147
1118061.3.peg.1507.site.29, 0, 150, 150
1118061.3.peg.1507.site.30, 22, 150, 172
1118061.3.peg.1507.site.31, 60, 150, 210
1118061.3.peg.1506.site.1, 14, 150, 164
1118061.3.peg.1506.site.2, 14, 150, 164
1118061.3.peg.1506.site.3, 5, 149, 154
1118061.3.peg.1506.site.4, 79, 150, 229
1118061.3.peg.1506.site.5, 29, 149, 178
1118061.3.peg.1506.site.6, 2, 150, 152
1118061.3.peg.1506.site.7, 46, 150, 196
1118061.3.peg.1506.site.8, 1, 148, 149
1118061.3.peg.1506.site.9, 0, 148, 148
1118061.3.peg.1506.site.10, 8, 150, 158
1118061.3.peg.1506.site.11, 28, 148, 176
1118061.3.peg.1506.site.12, 42, 149, 191
1118061.3.peg.1506.site.13, 17, 149, 166
1118061.3.peg.1506.site.14, 0, 150, 150
1118061.3.peg.1506.site.15, 150, 150, 300
1118061.3.peg.1506.site.16, 3, 150, 153
1118061.3.peg.1506.site.17, 61, 150, 211
1118061.3.peg.1506.site.18, 149, 150, 299
1118061.3.peg.1506.site.19, 1, 148, 149
1118061.3.peg.1506.site.20, 2, 141, 143
1118061.3.peg.1506.site.21, 3, 149, 152
1118061.3.peg.1506.site.22, 89, 148, 237
1118061.3.peg.1506.site.23, 149, 149, 298
1118061.3.peg.1506.site.24, 0, 148, 148
1118061.3.peg.1506.site.25, 0, 142, 142
1118061.3.peg.1506.site.26, 1, 150, 151
1118061.3.peg.1505.site.1, 0, 146, 146
1118061.3.peg.1504.site.1, 1, 143, 144
1118061.3.peg.1504.site.2, 22, 147, 169
1118061.3.peg.1504.site.3, 6, 146, 152
1118061.3.peg.1504.site.4, 1, 148, 149
1118061.3.peg.1504.site.5, 115, 141, 256
1118061.3.peg.1504.site.6, 66, 135, 201
1118061.3.peg.1504.site.7, 12, 108, 120
1118061.3.peg.1504.site.8, 108, 108, 216
1118061.3.peg.1503.site.1, 0, 149, 149
1118061.3.peg.1503.site.2, 0, 150, 150
1118061.3.peg.1503.site.3, 4, 150, 154
1118061.3.peg.1503.site.4, 0, 146, 146
1118061.3.peg.1503.site.5, 15, 134, 149
1118061.3.peg.1503.site.6, 2, 150, 152
1118061.3.peg.1503.site.7, 2, 149, 151
1118061.3.peg.1473.site.1, 1, 115, 116
1118061.3.peg.1473.site.2, 65, 111, 176
1118061.3.peg.1473.site.3, 12, 108, 120
1118061.3.peg.1473.site.4, 8, 111, 119
1118061.3.peg.1473.site.5, 8, 107, 115
1118061.3.peg.1473.site.6, 3, 101, 104
1118061.3.peg.1473.site.7, 6, 120, 126
1118061.3.peg.1473.site.8, 24, 135, 159
1118061.3.peg.1473.site.9, 1, 149, 150
1118061.3.peg.1473.site.10, 7, 150, 157
1118061.3.peg.1473.site.11, 0, 149, 149
1118061.3.peg.1473.site.12, 0, 146, 146
1118061.3.peg.1473.site.13, 75, 144, 219
1118061.3.peg.1473.site.14, 144, 144, 288
1118061.3.peg.1473.site.15, 112, 132, 244
1118061.3.peg.1473.site.16, 12, 132, 144
1118061.3.peg.1473.site.17, 0, 137, 137
1118061.3.peg.1473.site.18, 8, 121, 129
1118061.3.peg.1473.site.19, 1, 120, 121
1118061.3.peg.1473.site.20, 1, 139, 140
1118061.3.peg.1473.site.21, 14, 143, 157
1118061.3.peg.1473.site.22, 13, 137, 150
1118061.3.peg.1473.site.23, 3, 144, 147
1118061.3.peg.1473.site.24, 69, 147, 216
1118061.3.peg.1473.site.25, 15, 145, 160
1118061.3.peg.1473.site.26, 2, 140, 142
1118061.3.peg.1473.site.27, 0, 117, 117
1118061.3.peg.1473.site.28, 2, 114, 116
1118061.3.peg.1473.site.29, 125, 128, 253
1118061.3.peg.1473.site.30, 38, 123, 161
1118061.3.peg.1473.site.31, 55, 110, 165
1118061.3.peg.1473.site.32, 1, 118, 119
1118061.3.peg.1473.site.33, 2, 122, 124
1118061.3.peg.1473.site.34, 0, 113, 113
1118061.3.peg.1473.site.35, 19, 124, 143
1118061.3.peg.1473.site.36, 55, 143, 198
1118061.3.peg.1473.site.37, 14, 143, 157
1118061.3.peg.1472.site.1, 0, 149, 149
1118061.3.peg.1472.site.2, 3, 150, 153
1118061.3.peg.1472.site.3, 0, 142, 142
1118061.3.peg.1472.site.4, 4, 136, 140
1118061.3.peg.1472.site.5, 7, 141, 148
1118061.3.peg.1472.site.6, 1, 140, 141
1118061.3.peg.1472.site.7, 6, 127, 133
1118061.3.peg.1472.site.8, 43, 123, 166
1118061.3.peg.1472.site.9, 1, 131, 132
1118061.3.peg.1472.site.10, 1, 132, 133
1118061.3.peg.1472.site.11, 127, 127, 254
1118061.3.peg.1472.site.12, 65, 126, 191
1118061.3.peg.1472.site.13, 118, 130, 248
1118061.3.peg.1472.site.14, 1, 82, 83
1118061.3.peg.1472.site.15, 7, 110, 117
1118061.3.peg.1472.site.16, 106, 135, 241
1118061.3.peg.1472.site.17, 9, 136, 145
1118061.3.peg.1472.site.18, 143, 143, 286
1118061.3.peg.1471.site.1, 39, 150, 189
1118061.3.peg.1471.site.2, 2, 148, 150
1118061.3.peg.1471.site.3, 5, 141, 146
1118061.3.peg.1471.site.4, 2, 150, 152
1118061.3.peg.1471.site.5, 3, 150, 153
1118061.3.peg.1471.site.6, 10, 150, 160
1118061.3.peg.1470.site.1, 0, 123, 123
1118061.3.peg.1470.site.2, 0, 67, 67
1118061.3.peg.1477.site.1, 0, 148, 148
1118061.3.peg.1477.site.2, 0, 148, 148
1118061.3.peg.1477.site.3, 1, 138, 139
1118061.3.peg.1477.site.4, 1, 137, 138
1118061.3.peg.1477.site.5, 0, 148, 148
1118061.3.peg.1477.site.6, 112, 148, 260
1118061.3.peg.1477.site.7, 0, 143, 143
1118061.3.peg.1477.site.8, 3, 150, 153
1118061.3.peg.1477.site.9, 35, 148, 183
1118061.3.peg.1477.site.10, 36, 149, 185
1118061.3.peg.1476.site.1, 0, 109, 109
1118061.3.peg.1476.site.2, 0, 121, 121
1118061.3.peg.1476.site.3, 8, 127, 135
1118061.3.peg.1476.site.4, 10, 76, 86
1118061.3.peg.1476.site.5, 0, 136, 136
1118061.3.peg.1476.site.6, 1, 133, 134
1118061.3.peg.1476.site.7, 1, 130, 131
1118061.3.peg.1476.site.8, 0, 120, 120
1118061.3.peg.1476.site.9, 0, 112, 112
1118061.3.peg.1475.site.1, 3, 148, 151
1118061.3.peg.1475.site.2, 0, 144, 144
1118061.3.peg.1475.site.3, 0, 131, 131
1118061.3.peg.1475.site.4, 8, 121, 129
1118061.3.peg.1475.site.5, 2, 121, 123
1118061.3.peg.1475.site.6, 67, 113, 180
1118061.3.peg.1475.site.7, 12, 121, 133
1118061.3.peg.1475.site.8, 11, 66, 77
1118061.3.peg.1475.site.9, 15, 59, 74
1118061.3.peg.1475.site.10, 12, 52, 64
1118061.3.peg.1475.site.11, 9, 45, 54
1118061.3.peg.1475.site.12, 12, 112, 124
1118061.3.peg.1475.site.13, 26, 111, 137
1118061.3.peg.1475.site.14, 88, 122, 210
1118061.3.peg.1475.site.15, 3, 132, 135
1118061.3.peg.1474.site.1, 0, 146, 146
1118061.3.peg.1474.site.2, 121, 141, 262
1118061.3.peg.1479.site.1, 2, 143, 145
1118061.3.peg.1479.site.2, 23, 145, 168
1118061.3.peg.1479.site.3, 119, 142, 261
1118061.3.peg.1479.site.4, 48, 138, 186
1118061.3.peg.1479.site.5, 138, 146, 284
1118061.3.peg.1479.site.6, 3, 147, 150
1118061.3.peg.1479.site.7, 0, 146, 146
1118061.3.peg.1479.site.8, 1, 142, 143
1118061.3.peg.1479.site.9, 0, 150, 150
1118061.3.peg.1479.site.10, 0, 147, 147
1118061.3.peg.1479.site.11, 0, 149, 149
1118061.3.peg.1479.site.12, 0, 148, 148
1118061.3.peg.1479.site.13, 20, 149, 169
1118061.3.peg.1479.site.14, 11, 150, 161
1118061.3.peg.1479.site.15, 13, 150, 163
1118061.3.peg.1479.site.16, 1, 150, 151
1118061.3.peg.1479.site.17, 22, 145, 167
1118061.3.peg.1479.site.18, 18, 129, 147
1118061.3.peg.1478.site.1, 1, 141, 142
1118061.3.peg.1478.site.2, 34, 140, 174
1118061.3.peg.1478.site.3, 0, 137, 137
1118061.3.peg.1478.site.4, 9, 112, 121
1118061.3.peg.1478.site.5, 2, 90, 92
1118061.3.peg.1478.site.6, 4, 89, 93
1118061.3.peg.2463.site.1, 5, 145, 150
1118061.3.peg.2463.site.2, 67, 144, 211
1118061.3.peg.2463.site.3, 2, 148, 150
1118061.3.peg.2463.site.4, 2, 148, 150
1118061.3.peg.2463.site.5, 0, 130, 130
1118061.3.peg.2463.site.6, 99, 143, 242
1118061.3.peg.2463.site.7, 5, 148, 153
1118061.3.peg.2463.site.8, 1, 148, 149
1118061.3.peg.2463.site.9, 1, 148, 149
1118061.3.peg.2463.site.10, 134, 146, 280
1118061.3.peg.2463.site.11, 1, 149, 150
1118061.3.peg.2463.site.12, 13, 146, 159
1118061.3.peg.2463.site.13, 7, 146, 153
1118061.3.peg.2463.site.14, 1, 148, 149
1118061.3.peg.2463.site.15, 20, 147, 167
1118061.3.peg.2463.site.16, 0, 150, 150
1118061.3.peg.2463.site.17, 0, 147, 147
1118061.3.peg.2463.site.18, 7, 150, 157
1118061.3.peg.2463.site.19, 38, 150, 188
1118061.3.peg.2463.site.20, 18, 149, 167
1118061.3.peg.2463.site.21, 3, 150, 153
1118061.3.peg.2463.site.22, 2, 150, 152
1118061.3.peg.2463.site.23, 0, 150, 150
1118061.3.peg.2463.site.24, 23, 150, 173
1118061.3.peg.2463.site.25, 12, 149, 161
1118061.3.peg.2463.site.26, 150, 150, 300
1118061.3.peg.2463.site.27, 0, 149, 149
1118061.3.peg.2463.site.28, 45, 148, 193
1118061.3.peg.2463.site.29, 0, 150, 150
1118061.3.peg.2463.site.30, 23, 149, 172
1118061.3.peg.2462.site.1, 84, 150, 234
1118061.3.peg.2462.site.2, 0, 150, 150
1118061.3.peg.2462.site.3, 5, 148, 153
1118061.3.peg.2462.site.4, 24, 149, 173
1118061.3.peg.2462.site.5, 0, 148, 148
1118061.3.peg.2462.site.6, 0, 148, 148
1118061.3.peg.2462.site.7, 1, 149, 150
1118061.3.peg.2462.site.8, 2, 150, 152
1118061.3.peg.2462.site.9, 44, 109, 153
1118061.3.peg.2462.site.10, 7, 78, 85
1118061.3.peg.2462.site.11, 0, 72, 72
1118061.3.peg.2462.site.12, 6, 78, 84
1118061.3.peg.2462.site.13, 8, 80, 88
1118061.3.peg.2462.site.14, 76, 132, 208
1118061.3.peg.2462.site.15, 62, 135, 197
1118061.3.peg.2462.site.16, 2, 73, 75
1118061.3.peg.2462.site.17, 0, 72, 72
1118061.3.peg.2462.site.18, 3, 74, 77
1118061.3.peg.2462.site.19, 5, 78, 83
1118061.3.peg.2462.site.20, 97, 128, 225
1118061.3.peg.2462.site.21, 59, 131, 190
1118061.3.peg.2462.site.22, 21, 148, 169
1118061.3.peg.2462.site.23, 7, 147, 154
1118061.3.peg.2462.site.24, 43, 135, 178
1118061.3.peg.2462.site.25, 46, 118, 164
1118061.3.peg.2462.site.26, 2, 87, 89
1118061.3.peg.2462.site.27, 8, 81, 89
1118061.3.peg.2462.site.28, 10, 73, 83
1118061.3.peg.2462.site.29, 36, 73, 109
1118061.3.peg.2462.site.30, 9, 69, 78
1118061.3.peg.2462.site.31, 3, 61, 64
1118061.3.peg.2462.site.32, 5, 65, 70
1118061.3.peg.2462.site.33, 16, 76, 92
1118061.3.peg.2462.site.34, 120, 132, 252
1118061.3.peg.2462.site.35, 5, 147, 152
1118061.3.peg.2462.site.36, 88, 148, 236
1118061.3.peg.2462.site.37, 0, 149, 149
1118061.3.peg.2462.site.38, 81, 150, 231
1118061.3.peg.2462.site.39, 2, 150, 152
1118061.3.peg.2462.site.40, 8, 150, 158
1118061.3.peg.2462.site.41, 0, 150, 150
1118061.3.peg.2462.site.42, 20, 146, 166
1118061.3.peg.2462.site.43, 86, 145, 231
1118061.3.peg.2462.site.44, 11, 150, 161
1118061.3.peg.2462.site.45, 3, 150, 153
1118061.3.peg.2462.site.46, 2, 149, 151
1118061.3.peg.2462.site.47, 120, 149, 269
1118061.3.peg.2462.site.48, 0, 150, 150
1118061.3.peg.2462.site.49, 136, 149, 285
1118061.3.peg.2462.site.50, 0, 150, 150
1118061.3.peg.2462.site.51, 0, 149, 149
1118061.3.peg.2465.site.1, 12, 134, 146
1118061.3.peg.2465.site.2, 6, 104, 110
1118061.3.peg.2465.site.3, 1, 102, 103
1118061.3.peg.2465.site.4, 71, 71, 142
1118061.3.peg.2465.site.5, 11, 58, 69
1118061.3.peg.2465.site.6, 11, 61, 72
1118061.3.peg.2465.site.7, 7, 57, 64
1118061.3.peg.2465.site.8, 18, 59, 77
1118061.3.peg.2465.site.9, 146, 146, 292
1118061.3.peg.2465.site.10, 2, 150, 152
1118061.3.peg.2465.site.11, 44, 150, 194
1118061.3.peg.2465.site.12, 1, 150, 151
1118061.3.peg.2465.site.13, 0, 149, 149
1118061.3.peg.2464.site.1, 0, 149, 149
1118061.3.peg.2464.site.2, 23, 148, 171
1118061.3.peg.2464.site.3, 150, 150, 300
1118061.3.peg.2464.site.4, 57, 145, 202
1118061.3.peg.2464.site.5, 1, 149, 150
1118061.3.peg.2464.site.6, 2, 149, 151
1118061.3.peg.2464.site.7, 51, 149, 200
1118061.3.peg.2464.site.8, 3, 150, 153
1118061.3.peg.2464.site.9, 148, 148, 296
1118061.3.peg.2464.site.10, 140, 150, 290
1118061.3.peg.2464.site.11, 1, 147, 148
1118061.3.peg.2464.site.12, 30, 149, 179
1118061.3.peg.2464.site.13, 0, 149, 149
1118061.3.peg.2464.site.14, 35, 143, 178
1118061.3.peg.2464.site.15, 1, 144, 145
1118061.3.peg.2464.site.16, 3, 141, 144
1118061.3.peg.2464.site.17, 1, 141, 142
1118061.3.peg.2464.site.18, 30, 148, 178
1118061.3.peg.2464.site.19, 4, 150, 154
1118061.3.peg.2464.site.20, 40, 149, 189
1118061.3.peg.2464.site.21, 0, 150, 150
1118061.3.peg.2464.site.22, 0, 149, 149
1118061.3.peg.2467.site.1, 8, 150, 158
1118061.3.peg.2467.site.2, 122, 147, 269
1118061.3.peg.2467.site.3, 0, 149, 149
1118061.3.peg.2467.site.4, 3, 150, 153
1118061.3.peg.2467.site.5, 9, 150, 159
1118061.3.peg.2467.site.6, 58, 149, 207
1118061.3.peg.2467.site.7, 2, 149, 151
1118061.3.peg.2467.site.8, 35, 148, 183
1118061.3.peg.2467.site.9, 3, 146, 149
1118061.3.peg.2467.site.10, 82, 145, 227
1118061.3.peg.2467.site.11, 8, 142, 150
1118061.3.peg.2467.site.12, 6, 147, 153
1118061.3.peg.2467.site.13, 0, 147, 147
1118061.3.peg.2467.site.14, 0, 147, 147
1118061.3.peg.2467.site.15, 0, 149, 149
1118061.3.peg.2467.site.16, 1, 144, 145
1118061.3.peg.2467.site.17, 102, 143, 245
1118061.3.peg.2467.site.18, 27, 148, 175
1118061.3.peg.2467.site.19, 7, 150, 157
1118061.3.peg.2467.site.20, 9, 149, 158
1118061.3.peg.2467.site.21, 3, 150, 153
1118061.3.peg.2466.site.1, 0, 149, 149
1118061.3.peg.2466.site.2, 20, 150, 170
1118061.3.peg.2466.site.3, 1, 149, 150
1118061.3.peg.2466.site.4, 28, 149, 177
1118061.3.peg.2466.site.5, 38, 149, 187
1118061.3.peg.2466.site.6, 25, 148, 173
1118061.3.peg.2466.site.7, 0, 149, 149
1118061.3.peg.2466.site.8, 93, 149, 242
1118061.3.peg.2466.site.9, 67, 150, 217
1118061.3.peg.2466.site.10, 0, 150, 150
1118061.3.peg.2466.site.11, 0, 149, 149
1118061.3.peg.2466.site.12, 1, 149, 150
1118061.3.peg.2469.site.1, 2, 150, 152
1118061.3.peg.2469.site.2, 5, 150, 155
1118061.3.peg.2469.site.3, 0, 146, 146
1118061.3.peg.2469.site.4, 4, 142, 146
1118061.3.peg.2469.site.5, 3, 145, 148
1118061.3.peg.2469.site.6, 58, 144, 202
1118061.3.peg.2469.site.7, 1, 142, 143
1118061.3.peg.2469.site.8, 0, 144, 144
1118061.3.peg.2469.site.9, 3, 146, 149
1118061.3.peg.2469.site.10, 3, 147, 150
1118061.3.peg.2469.site.11, 51, 146, 197
1118061.3.peg.2469.site.12, 1, 147, 148
1118061.3.peg.2469.site.13, 22, 137, 159
1118061.3.peg.2469.site.14, 41, 136, 177
1118061.3.peg.2469.site.15, 3, 128, 131
1118061.3.peg.2469.site.16, 0, 144, 144
1118061.3.peg.2469.site.17, 72, 146, 218
1118061.3.peg.2469.site.18, 115, 149, 264
1118061.3.peg.2469.site.19, 11, 150, 161
1118061.3.peg.2469.site.20, 4, 111, 115
1118061.3.peg.2469.site.21, 66, 148, 214
1118061.3.peg.2469.site.22, 17, 150, 167
1118061.3.peg.2469.site.23, 14, 150, 164
1118061.3.peg.2469.site.24, 1, 149, 150
1118061.3.peg.2469.site.25, 34, 146, 180
1118061.3.peg.2469.site.26, 1, 147, 148
1118061.3.peg.2469.site.27, 2, 146, 148
1118061.3.peg.2469.site.28, 0, 149, 149
1118061.3.peg.2469.site.29, 98, 148, 246
1118061.3.peg.2469.site.30, 1, 148, 149
1118061.3.peg.2469.site.31, 1, 148, 149
1118061.3.peg.2469.site.32, 139, 150, 289
1118061.3.peg.2469.site.33, 114, 147, 261
1118061.3.peg.2469.site.34, 132, 132, 264
1118061.3.peg.2469.site.35, 0, 124, 124
1118061.3.peg.2469.site.36, 45, 96, 141
1118061.3.peg.2469.site.37, 2, 97, 99
1118061.3.peg.2469.site.38, 5, 91, 96
1118061.3.peg.2469.site.39, 3, 95, 98
1118061.3.peg.2469.site.40, 1, 147, 148
1118061.3.peg.2469.site.41, 4, 144, 148
1118061.3.peg.2469.site.42, 28, 120, 148
1118061.3.peg.2469.site.43, 83, 124, 207
1118061.3.peg.2469.site.44, 0, 132, 132
1118061.3.peg.2469.site.45, 10, 134, 144
1118061.3.peg.2469.site.46, 45, 128, 173
1118061.3.peg.2469.site.47, 11, 130, 141
1118061.3.peg.2469.site.48, 0, 131, 131
1118061.3.peg.2469.site.49, 6, 142, 148
1118061.3.peg.2469.site.50, 15, 149, 164
1118061.3.peg.2468.site.1, 84, 141, 225
1118061.3.peg.2468.site.2, 0, 132, 132
1118061.3.peg.2468.site.3, 91, 91, 182
1118061.3.peg.2468.site.4, 4, 140, 144
1118061.3.peg.2468.site.5, 2, 129, 131
1118061.3.peg.2468.site.6, 136, 136, 272
1118061.3.peg.2468.site.7, 0, 150, 150
1118061.3.peg.969.site.1, 0, 150, 150
1118061.3.peg.969.site.2, 1, 149, 150
1118061.3.peg.969.site.3, 2, 150, 152
1118061.3.peg.969.site.4, 3, 149, 152
1118061.3.peg.969.site.5, 0, 149, 149
1118061.3.peg.969.site.6, 0, 149, 149
1118061.3.peg.969.site.7, 73, 150, 223
1118061.3.peg.969.site.8, 2, 148, 150
1118061.3.peg.969.site.9, 92, 146, 238
1118061.3.peg.969.site.10, 34, 150, 184
1118061.3.peg.969.site.11, 0, 147, 147
1118061.3.peg.969.site.12, 2, 147, 149
1118061.3.peg.969.site.13, 2, 148, 150
1118061.3.peg.969.site.14, 2, 148, 150
1118061.3.peg.969.site.15, 11, 144, 155
1118061.3.peg.969.site.16, 0, 145, 145
1118061.3.peg.969.site.17, 16, 147, 163
1118061.3.peg.969.site.18, 12, 149, 161
1118061.3.peg.969.site.19, 42, 150, 192
1118061.3.peg.969.site.20, 59, 149, 208
1118061.3.peg.969.site.21, 0, 150, 150
1118061.3.peg.969.site.22, 58, 147, 205
1118061.3.peg.969.site.23, 0, 150, 150
1118061.3.peg.969.site.24, 0, 148, 148
1118061.3.peg.969.site.25, 2, 144, 146
1118061.3.peg.969.site.26, 5, 149, 154
1118061.3.peg.969.site.27, 8, 147, 155
1118061.3.peg.969.site.28, 2, 145, 147
1118061.3.peg.968.site.1, 3, 128, 131
1118061.3.peg.968.site.2, 0, 129, 129
1118061.3.peg.968.site.3, 18, 131, 149
1118061.3.peg.968.site.4, 3, 141, 144
1118061.3.peg.968.site.5, 6, 142, 148
1118061.3.peg.968.site.6, 9, 141, 150
1118061.3.peg.968.site.7, 2, 142, 144
1118061.3.peg.968.site.8, 3, 145, 148
1118061.3.peg.968.site.9, 29, 144, 173
1118061.3.peg.968.site.10, 3, 150, 153
1118061.3.peg.968.site.11, 25, 149, 174
1118061.3.peg.968.site.12, 0, 150, 150
1118061.3.peg.968.site.13, 15, 150, 165
1118061.3.peg.968.site.14, 43, 150, 193
1118061.3.peg.968.site.15, 2, 150, 152
1118061.3.peg.968.site.16, 3, 150, 153
1118061.3.peg.968.site.17, 1, 146, 147
1118061.3.peg.968.site.18, 3, 147, 150
1118061.3.peg.968.site.19, 87, 145, 232
1118061.3.peg.968.site.20, 36, 146, 182
1118061.3.peg.968.site.21, 3, 149, 152
1118061.3.peg.968.site.22, 3, 146, 149
1118061.3.peg.968.site.23, 3, 144, 147
1118061.3.peg.968.site.24, 4, 148, 152
1118061.3.peg.968.site.25, 3, 149, 152
1118061.3.peg.968.site.26, 0, 148, 148
1118061.3.peg.968.site.27, 0, 150, 150
1118061.3.peg.968.site.28, 0, 148, 148
1118061.3.peg.968.site.29, 39, 149, 188
1118061.3.peg.968.site.30, 3, 150, 153
1118061.3.peg.968.site.31, 24, 124, 148
1118061.3.peg.968.site.32, 3, 143, 146
1118061.3.peg.968.site.33, 3, 150, 153
1118061.3.peg.968.site.34, 103, 150, 253
1118061.3.peg.968.site.35, 5, 150, 155
1118061.3.peg.968.site.36, 18, 145, 163
1118061.3.peg.968.site.37, 2, 148, 150
1118061.3.peg.968.site.38, 79, 146, 225
1118061.3.peg.963.site.1, 0, 116, 116
1118061.3.peg.963.site.2, 0, 139, 139
1118061.3.peg.963.site.3, 0, 143, 143
1118061.3.peg.963.site.4, 0, 148, 148
1118061.3.peg.963.site.5, 0, 142, 142
1118061.3.peg.962.site.1, 19, 109, 128
1118061.3.peg.962.site.2, 6, 118, 124
1118061.3.peg.962.site.3, 114, 117, 231
1118061.3.peg.962.site.4, 20, 109, 129
1118061.3.peg.962.site.5, 35, 91, 126
1118061.3.peg.962.site.6, 11, 68, 79
1118061.3.peg.962.site.7, 2, 57, 59
1118061.3.peg.962.site.8, 2, 58, 60
1118061.3.peg.962.site.9, 6, 61, 67
1118061.3.peg.962.site.10, 29, 150, 179
1118061.3.peg.962.site.11, 27, 149, 176
1118061.3.peg.962.site.12, 15, 146, 161
1118061.3.peg.962.site.13, 0, 150, 150
1118061.3.peg.962.site.14, 5, 110, 115
1118061.3.peg.962.site.15, 145, 150, 295
1118061.3.peg.962.site.16, 79, 149, 228
1118061.3.peg.962.site.17, 0, 149, 149
1118061.3.peg.962.site.18, 10, 132, 142
1118061.3.peg.962.site.19, 29, 125, 154
1118061.3.peg.962.site.20, 60, 121, 181
1118061.3.peg.962.site.21, 23, 102, 125
1118061.3.peg.962.site.22, 0, 86, 86
1118061.3.peg.962.site.23, 10, 87, 97
1118061.3.peg.962.site.24, 2, 87, 89
1118061.3.peg.962.site.25, 8, 93, 101
1118061.3.peg.962.site.26, 2, 137, 139
1118061.3.peg.962.site.27, 131, 134, 265
1118061.3.peg.962.site.28, 9, 134, 143
1118061.3.peg.962.site.29, 9, 133, 142
1118061.3.peg.962.site.30, 9, 134, 143
1118061.3.peg.962.site.31, 60, 134, 194
1118061.3.peg.962.site.32, 1, 133, 134
1118061.3.peg.962.site.33, 18, 143, 161
1118061.3.peg.962.site.34, 0, 144, 144
1118061.3.peg.962.site.35, 10, 142, 152
1118061.3.peg.962.site.36, 144, 144, 288
1118061.3.peg.962.site.37, 0, 144, 144
1118061.3.peg.962.site.38, 19, 140, 159
1118061.3.peg.962.site.39, 1, 144, 145
1118061.3.peg.962.site.40, 1, 144, 145
1118061.3.peg.962.site.41, 0, 143, 143
1118061.3.peg.962.site.42, 58, 144, 202
1118061.3.peg.962.site.43, 41, 145, 186
1118061.3.peg.962.site.44, 2, 144, 146
1118061.3.peg.962.site.45, 12, 148, 160
1118061.3.peg.962.site.46, 148, 148, 296
1118061.3.peg.962.site.47, 36, 147, 183
1118061.3.peg.962.site.48, 13, 147, 160
1118061.3.peg.962.site.49, 6, 147, 153
1118061.3.peg.961.site.1, 0, 150, 150
1118061.3.peg.961.site.2, 0, 150, 150
1118061.3.peg.961.site.3, 2, 150, 152
1118061.3.peg.961.site.4, 30, 147, 177
1118061.3.peg.961.site.5, 63, 149, 212
1118061.3.peg.961.site.6, 0, 150, 150
1118061.3.peg.961.site.7, 1, 114, 115
1118061.3.peg.961.site.8, 2, 117, 119
1118061.3.peg.961.site.9, 13, 97, 110
1118061.3.peg.961.site.10, 0, 109, 109
1118061.3.peg.961.site.11, 86, 130, 216
1118061.3.peg.961.site.12, 0, 131, 131
1118061.3.peg.961.site.13, 31, 140, 171
1118061.3.peg.961.site.14, 2, 149, 151
1118061.3.peg.961.site.15, 0, 150, 150
1118061.3.peg.961.site.16, 149, 149, 298
1118061.3.peg.961.site.17, 3, 147, 150
1118061.3.peg.961.site.18, 20, 149, 169
1118061.3.peg.961.site.19, 18, 148, 166
1118061.3.peg.961.site.20, 44, 147, 191
1118061.3.peg.961.site.21, 14, 146, 160
1118061.3.peg.961.site.22, 112, 144, 256
1118061.3.peg.961.site.23, 1, 145, 146
1118061.3.peg.961.site.24, 43, 139, 182
1118061.3.peg.961.site.25, 50, 136, 186
1118061.3.peg.961.site.26, 11, 106, 117
1118061.3.peg.960.site.1, 35, 146, 181
1118061.3.peg.960.site.2, 6, 150, 156
1118061.3.peg.960.site.3, 119, 150, 269
1118061.3.peg.960.site.4, 23, 148, 171
1118061.3.peg.960.site.5, 57, 150, 207
1118061.3.peg.960.site.6, 0, 149, 149
1118061.3.peg.960.site.7, 90, 147, 237
1118061.3.peg.960.site.8, 11, 149, 160
1118061.3.peg.960.site.9, 8, 149, 157
1118061.3.peg.960.site.10, 3, 150, 153
1118061.3.peg.960.site.11, 3, 150, 153
1118061.3.peg.960.site.12, 1, 147, 148
1118061.3.peg.960.site.13, 10, 149, 159
1118061.3.peg.960.site.14, 60, 146, 206
1118061.3.peg.960.site.15, 22, 146, 168
1118061.3.peg.960.site.16, 45, 144, 189
1118061.3.peg.960.site.17, 35, 144, 179
1118061.3.peg.960.site.18, 68, 119, 187
1118061.3.peg.960.site.19, 0, 138, 138
1118061.3.peg.960.site.20, 21, 132, 153
1118061.3.peg.960.site.21, 14, 138, 152
1118061.3.peg.960.site.22, 1, 142, 143
1118061.3.peg.960.site.23, 0, 142, 142
1118061.3.peg.960.site.24, 10, 143, 153
1118061.3.peg.960.site.25, 0, 149, 149
1118061.3.peg.960.site.26, 2, 144, 146
1118061.3.peg.960.site.27, 33, 141, 174
1118061.3.peg.960.site.28, 1, 148, 149
1118061.3.peg.2692.site.1, 12, 150, 162
1118061.3.peg.2692.site.2, 1, 150, 151
1118061.3.peg.2692.site.3, 25, 148, 173
1118061.3.peg.2692.site.4, 148, 148, 296
1118061.3.peg.2692.site.5, 1, 147, 148
1118061.3.peg.2692.site.6, 20, 145, 165
1118061.3.peg.2692.site.7, 77, 146, 223
1118061.3.peg.2692.site.8, 0, 146, 146
1118061.3.peg.2692.site.9, 34, 138, 172
1118061.3.peg.2692.site.10, 0, 139, 139
1118061.3.peg.2692.site.11, 38, 142, 180
1118061.3.peg.2692.site.12, 20, 135, 155
1118061.3.peg.2692.site.13, 33, 130, 163
1118061.3.peg.2692.site.14, 139, 139, 278
1118061.3.peg.2692.site.15, 0, 138, 138
1118061.3.peg.2692.site.16, 0, 140, 140
1118061.3.peg.2692.site.17, 11, 150, 161
1118061.3.peg.2692.site.18, 2, 150, 152
1118061.3.peg.966.site.1, 0, 133, 133
1118061.3.peg.966.site.2, 22, 130, 152
1118061.3.peg.966.site.3, 66, 123, 189
1118061.3.peg.966.site.4, 2, 102, 104
1118061.3.peg.966.site.5, 1, 95, 96
1118061.3.peg.966.site.6, 9, 80, 89
1118061.3.peg.966.site.7, 37, 63, 100
1118061.3.peg.966.site.8, 7, 107, 114
1118061.3.peg.966.site.9, 0, 113, 113
1118061.3.peg.966.site.10, 23, 109, 132
1118061.3.peg.966.site.11, 2, 115, 117
1118061.3.peg.966.site.12, 0, 135, 135
1118061.3.peg.966.site.13, 32, 130, 162
1118061.3.peg.966.site.14, 2, 128, 130
1118061.3.peg.966.site.15, 3, 142, 145
1118061.3.peg.966.site.16, 47, 133, 180
1118061.3.peg.966.site.17, 22, 120, 142
1118061.3.peg.966.site.18, 0, 139, 139
1118061.3.peg.966.site.19, 2, 129, 131
1118061.3.peg.966.site.20, 14, 145, 159
1118061.3.peg.966.site.21, 6, 145, 151
1118061.3.peg.966.site.22, 0, 146, 146
1118061.3.peg.966.site.23, 0, 146, 146
1118061.3.peg.966.site.24, 16, 147, 163
1118061.3.peg.966.site.25, 3, 145, 148
1118061.3.peg.966.site.26, 2, 142, 144
1118061.3.peg.965.site.1, 0, 150, 150
1118061.3.peg.965.site.2, 1, 123, 124
1118061.3.peg.965.site.3, 54, 111, 165
1118061.3.peg.965.site.4, 11, 102, 113
1118061.3.peg.965.site.5, 39, 108, 147
1118061.3.peg.965.site.6, 7, 111, 118
1118061.3.peg.965.site.7, 16, 119, 135
1118061.3.peg.965.site.8, 0, 132, 132
1118061.3.peg.965.site.9, 0, 139, 139
1118061.3.peg.965.site.10, 133, 142, 275
1118061.3.peg.965.site.11, 105, 143, 248
1118061.3.peg.965.site.12, 141, 145, 286
1118061.3.peg.965.site.13, 128, 134, 262
1118061.3.peg.965.site.14, 0, 118, 118
1118061.3.peg.965.site.15, 43, 109, 152
1118061.3.peg.965.site.16, 47, 129, 176
1118061.3.peg.965.site.17, 2, 133, 135
1118061.3.peg.98.site.1, 21, 149, 170
1118061.3.peg.98.site.2, 0, 149, 149
1118061.3.peg.98.site.3, 1, 129, 130
1118061.3.peg.98.site.4, 22, 115, 137
1118061.3.peg.98.site.5, 1, 113, 114
1118061.3.peg.98.site.6, 1, 104, 105
1118061.3.peg.98.site.7, 14, 138, 152
1118061.3.peg.98.site.8, 116, 116, 232
1118061.3.peg.98.site.9, 1, 112, 113
1118061.3.peg.98.site.10, 112, 114, 226
1118061.3.peg.98.site.11, 115, 117, 232
1118061.3.peg.98.site.12, 129, 131, 260
1118061.3.peg.98.site.13, 10, 126, 136
1118061.3.peg.98.site.14, 0, 136, 136
1118061.3.peg.98.site.15, 4, 143, 147
1118061.3.peg.98.site.16, 9, 142, 151
1118061.3.peg.98.site.17, 3, 140, 143
1118061.3.peg.98.site.18, 3, 138, 141
1118061.3.peg.98.site.19, 1, 108, 109
1118061.3.peg.98.site.20, 0, 142, 142
1118061.3.peg.98.site.21, 12, 140, 152
1118061.3.peg.98.site.22, 43, 138, 181
1118061.3.peg.98.site.23, 31, 139, 170
1118061.3.peg.98.site.24, 12, 109, 121
1118061.3.peg.98.site.25, 107, 110, 217
1118061.3.peg.98.site.26, 24, 112, 136
1118061.3.peg.98.site.27, 46, 119, 165
1118061.3.peg.98.site.28, 55, 119, 174
1118061.3.peg.99.site.1, 52, 105, 157
1118061.3.peg.99.site.2, 28, 109, 137
1118061.3.peg.99.site.3, 12, 99, 111
1118061.3.peg.99.site.4, 14, 98, 112
1118061.3.peg.99.site.5, 1, 114, 115
1118061.3.peg.99.site.6, 48, 102, 150
1118061.3.peg.99.site.7, 1, 106, 107
1118061.3.peg.99.site.8, 0, 119, 119
1118061.3.peg.99.site.9, 1, 117, 118
1118061.3.peg.99.site.10, 37, 123, 160
1118061.3.peg.99.site.11, 1, 143, 144
1118061.3.peg.99.site.12, 75, 134, 209
1118061.3.peg.99.site.13, 0, 149, 149
1118061.3.peg.99.site.14, 13, 150, 163
1118061.3.peg.99.site.15, 1, 145, 146
1118061.3.peg.99.site.16, 2, 139, 141
1118061.3.peg.90.site.1, 2, 129, 131
1118061.3.peg.90.site.2, 16, 143, 159
1118061.3.peg.90.site.3, 2, 136, 138
1118061.3.peg.90.site.4, 3, 126, 129
1118061.3.peg.90.site.5, 133, 135, 268
1118061.3.peg.90.site.6, 4, 136, 140
1118061.3.peg.90.site.7, 3, 148, 151
1118061.3.peg.90.site.8, 142, 149, 291
1118061.3.peg.90.site.9, 115, 149, 264
1118061.3.peg.90.site.10, 2, 148, 150
1118061.3.peg.90.site.11, 57, 148, 205
1118061.3.peg.90.site.12, 146, 146, 292
1118061.3.peg.90.site.13, 32, 148, 180
1118061.3.peg.90.site.14, 0, 148, 148
1118061.3.peg.90.site.15, 19, 148, 167
1118061.3.peg.90.site.16, 0, 150, 150
1118061.3.peg.90.site.17, 2, 148, 150
1118061.3.peg.90.site.18, 9, 147, 156
1118061.3.peg.90.site.19, 147, 147, 294
1118061.3.peg.90.site.20, 74, 139, 213
1118061.3.peg.90.site.21, 2, 139, 141
1118061.3.peg.90.site.22, 2, 141, 143
1118061.3.peg.90.site.23, 3, 145, 148
1118061.3.peg.90.site.24, 9, 149, 158
1118061.3.peg.90.site.25, 27, 148, 175
1118061.3.peg.90.site.26, 3, 147, 150
1118061.3.peg.90.site.27, 3, 143, 146
1118061.3.peg.90.site.28, 50, 145, 195
1118061.3.peg.90.site.29, 5, 140, 145
1118061.3.peg.90.site.30, 0, 138, 138
1118061.3.peg.90.site.31, 19, 146, 165
1118061.3.peg.90.site.32, 148, 148, 296
1118061.3.peg.90.site.33, 76, 149, 225
1118061.3.peg.90.site.34, 5, 149, 154
1118061.3.peg.91.site.1, 47, 113, 160
1118061.3.peg.91.site.2, 36, 107, 143
1118061.3.peg.91.site.3, 132, 132, 264
1118061.3.peg.91.site.4, 1, 130, 131
1118061.3.peg.91.site.5, 14, 130, 144
1118061.3.peg.91.site.6, 78, 136, 214
1118061.3.peg.91.site.7, 1, 138, 139
1118061.3.peg.91.site.8, 3, 144, 147
1118061.3.peg.91.site.9, 1, 139, 140
1118061.3.peg.91.site.10, 1, 132, 133
1118061.3.peg.91.site.11, 43, 122, 165
1118061.3.peg.91.site.12, 2, 133, 135
1118061.3.peg.91.site.13, 5, 140, 145
1118061.3.peg.91.site.14, 1, 144, 145
1118061.3.peg.91.site.15, 47, 128, 175
1118061.3.peg.91.site.16, 2, 119, 121
1118061.3.peg.91.site.17, 24, 109, 133
1118061.3.peg.91.site.18, 8, 134, 142
1118061.3.peg.91.site.19, 1, 139, 140
1118061.3.peg.91.site.20, 20, 144, 164
1118061.3.peg.91.site.21, 10, 143, 153
1118061.3.peg.92.site.1, 8, 150, 158
1118061.3.peg.92.site.2, 2, 147, 149
1118061.3.peg.92.site.3, 1, 148, 149
1118061.3.peg.92.site.4, 0, 147, 147
1118061.3.peg.92.site.5, 5, 150, 155
1118061.3.peg.92.site.6, 3, 148, 151
1118061.3.peg.92.site.7, 3, 148, 151
1118061.3.peg.92.site.8, 6, 142, 148
1118061.3.peg.93.site.1, 0, 147, 147
1118061.3.peg.93.site.2, 1, 150, 151
1118061.3.peg.93.site.3, 89, 150, 239
1118061.3.peg.93.site.4, 3, 149, 152
1118061.3.peg.93.site.5, 6, 133, 139
1118061.3.peg.93.site.6, 6, 132, 138
1118061.3.peg.93.site.7, 3, 130, 133
1118061.3.peg.93.site.8, 0, 127, 127
1118061.3.peg.93.site.9, 1, 128, 129
1118061.3.peg.93.site.10, 5, 129, 134
1118061.3.peg.93.site.11, 110, 112, 222
1118061.3.peg.93.site.12, 19, 118, 137
1118061.3.peg.93.site.13, 56, 106, 162
1118061.3.peg.93.site.14, 18, 134, 152
1118061.3.peg.93.site.15, 0, 124, 124
1118061.3.peg.93.site.16, 2, 124, 126
1118061.3.peg.93.site.17, 122, 122, 244
1118061.3.peg.93.site.18, 0, 121, 121
1118061.3.peg.93.site.19, 89, 129, 218
1118061.3.peg.93.site.20, 98, 138, 236
1118061.3.peg.94.site.1, 0, 149, 149
1118061.3.peg.94.site.2, 21, 149, 170
1118061.3.peg.95.site.1, 35, 115, 150
1118061.3.peg.95.site.2, 37, 123, 160
1118061.3.peg.95.site.3, 31, 141, 172
1118061.3.peg.95.site.4, 10, 148, 158
1118061.3.peg.95.site.5, 0, 148, 148
1118061.3.peg.95.site.6, 6, 146, 152
1118061.3.peg.95.site.7, 42, 138, 180
1118061.3.peg.95.site.8, 49, 145, 194
1118061.3.peg.95.site.9, 1, 136, 137
1118061.3.peg.96.site.1, 2, 147, 149
1118061.3.peg.96.site.2, 5, 148, 153
1118061.3.peg.96.site.3, 0, 148, 148
1118061.3.peg.96.site.4, 2, 148, 150
1118061.3.peg.96.site.5, 64, 150, 214
1118061.3.peg.97.site.1, 1, 150, 151
1118061.3.peg.97.site.2, 38, 150, 188
1118061.3.peg.97.site.3, 149, 149, 298
1118061.3.peg.97.site.4, 108, 149, 257
1118061.3.peg.97.site.5, 124, 148, 272
1118061.3.peg.97.site.6, 107, 150, 257
1118061.3.peg.97.site.7, 38, 150, 188
1118061.3.peg.97.site.8, 51, 148, 199
1118061.3.peg.97.site.9, 45, 148, 193
1118061.3.peg.97.site.10, 107, 148, 255
1118061.3.peg.97.site.11, 75, 147, 222
1118061.3.peg.97.site.12, 12, 148, 160
1118061.3.peg.97.site.13, 106, 146, 252
1118061.3.peg.97.site.14, 109, 148, 257
1118061.3.peg.97.site.15, 103, 145, 248
1118061.3.peg.97.site.16, 17, 146, 163
1118061.3.peg.97.site.17, 1, 145, 146
1118061.3.peg.97.site.18, 1, 145, 146
1118061.3.peg.97.site.19, 1, 149, 150
1118061.3.peg.97.site.20, 1, 150, 151
1118061.3.peg.97.site.21, 65, 148, 213
1118061.3.peg.97.site.22, 0, 150, 150
1118061.3.peg.97.site.23, 38, 149, 187
1118061.3.peg.2749.site.1, 139, 144, 283
1118061.3.peg.2749.site.2, 3, 143, 146
1118061.3.peg.2749.site.3, 0, 147, 147
1118061.3.peg.2749.site.4, 2, 148, 150
1118061.3.peg.2749.site.5, 5, 141, 146
1118061.3.peg.2749.site.6, 38, 141, 179
1118061.3.peg.2749.site.7, 4, 134, 138
1118061.3.peg.2749.site.8, 1, 140, 141
1118061.3.peg.2749.site.9, 2, 144, 146
1118061.3.peg.2749.site.10, 76, 146, 222
1118061.3.peg.2749.site.11, 0, 141, 141
1118061.3.peg.2749.site.12, 3, 146, 149
1118061.3.peg.2749.site.13, 147, 147, 294
1118061.3.peg.2749.site.14, 2, 149, 151
1118061.3.peg.2749.site.15, 58, 148, 206
1118061.3.peg.2749.site.16, 58, 148, 206
1118061.3.peg.2749.site.17, 45, 149, 194
1118061.3.peg.2749.site.18, 58, 149, 207
1118061.3.peg.2749.site.19, 144, 149, 293
1118061.3.peg.2749.site.20, 2, 150, 152
1118061.3.peg.2749.site.21, 3, 149, 152
1118061.3.peg.2749.site.22, 0, 150, 150
1118061.3.peg.2749.site.23, 3, 150, 153
1118061.3.peg.2740.site.1, 2, 150, 152
1118061.3.peg.2740.site.2, 37, 149, 186
1118061.3.peg.2740.site.3, 76, 149, 225
1118061.3.peg.2740.site.4, 69, 148, 217
1118061.3.peg.2740.site.5, 0, 150, 150
1118061.3.peg.2740.site.6, 2, 150, 152
1118061.3.peg.2740.site.7, 75, 148, 223
1118061.3.peg.2740.site.8, 1, 148, 149
1118061.3.peg.2740.site.9, 72, 148, 220
1118061.3.peg.2740.site.10, 2, 150, 152
1118061.3.peg.2740.site.11, 26, 149, 175
1118061.3.peg.2741.site.1, 0, 148, 148
1118061.3.peg.2741.site.2, 116, 147, 263
1118061.3.peg.2741.site.3, 2, 149, 151
1118061.3.peg.2741.site.4, 0, 148, 148
1118061.3.peg.2741.site.5, 5, 149, 154
1118061.3.peg.2741.site.6, 6, 146, 152
1118061.3.peg.2741.site.7, 23, 142, 165
1118061.3.peg.2741.site.8, 2, 117, 119
1118061.3.peg.2741.site.9, 16, 136, 152
1118061.3.peg.2742.site.1, 13, 138, 151
1118061.3.peg.2742.site.2, 11, 148, 159
1118061.3.peg.2742.site.3, 3, 147, 150
1118061.3.peg.2742.site.4, 0, 150, 150
1118061.3.peg.2742.site.5, 0, 142, 142
1118061.3.peg.2742.site.6, 116, 141, 257
1118061.3.peg.2742.site.7, 7, 147, 154
1118061.3.peg.2742.site.8, 7, 148, 155
1118061.3.peg.2742.site.9, 19, 150, 169
1118061.3.peg.2742.site.10, 0, 149, 149
1118061.3.peg.2742.site.11, 1, 149, 150
1118061.3.peg.2742.site.12, 83, 148, 231
1118061.3.peg.2743.site.1, 46, 149, 195
1118061.3.peg.2743.site.2, 18, 147, 165
1118061.3.peg.2743.site.3, 42, 146, 188
1118061.3.peg.2743.site.4, 6, 149, 155
1118061.3.peg.2743.site.5, 6, 148, 154
1118061.3.peg.2743.site.6, 2, 149, 151
1118061.3.peg.2743.site.7, 0, 150, 150
1118061.3.peg.2743.site.8, 53, 150, 203
1118061.3.peg.2743.site.9, 2, 144, 146
1118061.3.peg.2744.site.1, 27, 146, 173
1118061.3.peg.2744.site.2, 47, 140, 187
1118061.3.peg.2744.site.3, 49, 145, 194
1118061.3.peg.2744.site.4, 114, 144, 258
1118061.3.peg.2744.site.5, 1, 138, 139
1118061.3.peg.2744.site.6, 1, 144, 145
1118061.3.peg.2744.site.7, 1, 140, 141
1118061.3.peg.2744.site.8, 1, 140, 141
1118061.3.peg.2744.site.9, 22, 144, 166
1118061.3.peg.2744.site.10, 0, 142, 142
1118061.3.peg.2744.site.11, 0, 134, 134
1118061.3.peg.2744.site.12, 0, 125, 125
1118061.3.peg.2744.site.13, 92, 141, 233
1118061.3.peg.2744.site.14, 129, 139, 268
1118061.3.peg.2744.site.15, 12, 142, 154
1118061.3.peg.2744.site.16, 0, 143, 143
1118061.3.peg.2744.site.17, 67, 139, 206
1118061.3.peg.2744.site.18, 29, 137, 166
1118061.3.peg.2744.site.19, 17, 147, 164
1118061.3.peg.2744.site.20, 6, 148, 154
1118061.3.peg.2744.site.21, 4, 136, 140
1118061.3.peg.2744.site.22, 25, 147, 172
1118061.3.peg.2745.site.1, 49, 147, 196
1118061.3.peg.2745.site.2, 62, 141, 203
1118061.3.peg.2745.site.3, 0, 148, 148
1118061.3.peg.2745.site.4, 23, 148, 171
1118061.3.peg.2745.site.5, 2, 149, 151
1118061.3.peg.2745.site.6, 11, 140, 151
1118061.3.peg.2745.site.7, 2, 148, 150
1118061.3.peg.2745.site.8, 1, 150, 151
1118061.3.peg.2745.site.9, 2, 149, 151
1118061.3.peg.2745.site.10, 4, 149, 153
1118061.3.peg.2745.site.11, 0, 150, 150
1118061.3.peg.2746.site.1, 4, 149, 153
1118061.3.peg.2746.site.2, 1, 147, 148
1118061.3.peg.2746.site.3, 49, 147, 196
1118061.3.peg.2746.site.4, 0, 148, 148
1118061.3.peg.2746.site.5, 49, 142, 191
1118061.3.peg.2746.site.6, 31, 149, 180
1118061.3.peg.2746.site.7, 3, 144, 147
1118061.3.peg.2746.site.8, 25, 146, 171
1118061.3.peg.2746.site.9, 53, 150, 203
1118061.3.peg.2746.site.10, 149, 149, 298
1118061.3.peg.2746.site.11, 21, 149, 170
1118061.3.peg.2747.site.1, 2, 149, 151
1118061.3.peg.2747.site.2, 2, 145, 147
1118061.3.peg.2747.site.3, 0, 146, 146
1118061.3.peg.2747.site.4, 99, 135, 234
1118061.3.peg.2747.site.5, 16, 143, 159
1118061.3.peg.2747.site.6, 17, 139, 156
1118061.3.peg.2747.site.7, 2, 149, 151
1118061.3.peg.2747.site.8, 142, 142, 284
1118061.3.peg.2747.site.9, 0, 148, 148
1118061.3.peg.2747.site.10, 2, 147, 149
1118061.3.peg.2747.site.11, 0, 148, 148
1118061.3.peg.2747.site.12, 0, 149, 149
1118061.3.peg.2694.site.1, 0, 150, 150
1118061.3.peg.2694.site.2, 5, 150, 155
1118061.3.peg.2694.site.3, 12, 150, 162
1118061.3.peg.2694.site.4, 30, 149, 179
1118061.3.peg.2694.site.5, 69, 148, 217
1118061.3.peg.2694.site.6, 0, 150, 150
1118061.3.peg.2694.site.7, 3, 150, 153
1118061.3.peg.2694.site.8, 33, 149, 182
1118061.3.peg.2694.site.9, 1, 149, 150
1118061.3.peg.2694.site.10, 149, 149, 298
1118061.3.peg.2694.site.11, 150, 150, 300
1118061.3.peg.2694.site.12, 10, 142, 152
1118061.3.peg.2694.site.13, 17, 138, 155
1118061.3.peg.2694.site.14, 15, 147, 162
1118061.3.peg.2694.site.15, 14, 147, 161
1118061.3.peg.2694.site.16, 10, 149, 159
1118061.3.peg.2694.site.17, 93, 147, 240
1118061.3.peg.2694.site.18, 134, 149, 283
1118061.3.peg.2694.site.19, 1, 145, 146
1118061.3.peg.2694.site.20, 3, 144, 147
1118061.3.peg.2694.site.21, 2, 140, 142
1118061.3.peg.2694.site.22, 26, 142, 168
1118061.3.peg.2694.site.23, 6, 146, 152
1118061.3.peg.2694.site.24, 3, 148, 151
1118061.3.peg.2694.site.25, 9, 148, 157
1118061.3.peg.2694.site.26, 12, 148, 160
1118061.3.peg.2260.site.1, 3, 148, 151
1118061.3.peg.2260.site.2, 9, 150, 159
1118061.3.peg.2260.site.3, 4, 147, 151
1118061.3.peg.2260.site.4, 31, 147, 178
1118061.3.peg.2260.site.5, 7, 149, 156
1118061.3.peg.2260.site.6, 14, 149, 163
1118061.3.peg.2260.site.7, 118, 150, 268
1118061.3.peg.2260.site.8, 2, 149, 151
1118061.3.peg.2260.site.9, 44, 149, 193
1118061.3.peg.2260.site.10, 0, 150, 150
1118061.3.peg.2695.site.1, 25, 136, 161
1118061.3.peg.2695.site.2, 1, 144, 145
1118061.3.peg.2695.site.3, 26, 145, 171
1118061.3.peg.2695.site.4, 1, 143, 144
1118061.3.peg.2695.site.5, 3, 150, 153
1118061.3.peg.2695.site.6, 0, 149, 149
1118061.3.peg.2695.site.7, 24, 149, 173
1118061.3.peg.2695.site.8, 0, 150, 150
1118061.3.peg.2695.site.9, 57, 149, 206
1118061.3.peg.2695.site.10, 12, 150, 162
1118061.3.peg.2695.site.11, 0, 148, 148
1118061.3.peg.2695.site.12, 70, 133, 203
1118061.3.peg.2695.site.13, 1, 148, 149
1118061.3.peg.2695.site.14, 2, 147, 149
1118061.3.peg.2695.site.15, 2, 150, 152
1118061.3.peg.2695.site.16, 15, 102, 117
1118061.3.peg.2695.site.17, 3, 138, 141
1118061.3.peg.2695.site.18, 39, 146, 185
1118061.3.peg.2695.site.19, 1, 149, 150
1118061.3.peg.2695.site.20, 4, 149, 153
1118061.3.peg.2695.site.21, 51, 148, 199
1118061.3.peg.2695.site.22, 2, 146, 148
1118061.3.peg.2695.site.23, 3, 147, 150
1118061.3.peg.2695.site.24, 0, 150, 150
1118061.3.peg.2695.site.25, 17, 150, 167
1118061.3.peg.2695.site.26, 19, 148, 167
1118061.3.peg.2695.site.27, 117, 148, 265
1118061.3.peg.2695.site.28, 133, 150, 283
1118061.3.peg.2695.site.29, 3, 148, 151
1118061.3.peg.2695.site.30, 47, 147, 194
1118061.3.peg.2695.site.31, 0, 147, 147
1118061.3.peg.2695.site.32, 76, 147, 223
1118061.3.peg.2695.site.33, 2, 148, 150
1118061.3.peg.1259.site.1, 132, 148, 280
1118061.3.peg.1258.site.1, 32, 149, 181
1118061.3.peg.1258.site.2, 3, 150, 153
1118061.3.peg.1258.site.3, 41, 149, 190
1118061.3.peg.1258.site.4, 0, 149, 149
1118061.3.peg.1258.site.5, 0, 150, 150
1118061.3.peg.1258.site.6, 40, 149, 189
1118061.3.peg.1258.site.7, 107, 148, 255
1118061.3.peg.1258.site.8, 7, 150, 157
1118061.3.peg.1258.site.9, 1, 150, 151
1118061.3.peg.1258.site.10, 142, 148, 290
1118061.3.peg.1258.site.11, 21, 149, 170
1118061.3.peg.1258.site.12, 21, 150, 171
1118061.3.peg.1258.site.13, 59, 149, 208
1118061.3.peg.1258.site.14, 138, 138, 276
1118061.3.peg.1258.site.15, 0, 150, 150
1118061.3.peg.1258.site.16, 3, 149, 152
1118061.3.peg.1258.site.17, 6, 148, 154
1118061.3.peg.1258.site.18, 1, 148, 149
1118061.3.peg.1258.site.19, 0, 147, 147
1118061.3.peg.1258.site.20, 1, 149, 150
1118061.3.peg.1258.site.21, 13, 150, 163
1118061.3.peg.1258.site.22, 20, 150, 170
1118061.3.peg.1258.site.23, 2, 149, 151
1118061.3.peg.1258.site.24, 64, 150, 214
1118061.3.peg.1258.site.25, 36, 149, 185
1118061.3.peg.1258.site.26, 0, 148, 148
1118061.3.peg.1258.site.27, 117, 150, 267
1118061.3.peg.1258.site.28, 3, 149, 152
1118061.3.peg.1258.site.29, 2, 148, 150
1118061.3.peg.1258.site.30, 2, 149, 151
1118061.3.peg.1258.site.31, 9, 148, 157
1118061.3.peg.1253.site.1, 28, 146, 174
1118061.3.peg.1253.site.2, 29, 139, 168
1118061.3.peg.1253.site.3, 51, 142, 193
1118061.3.peg.1253.site.4, 3, 142, 145
1118061.3.peg.1253.site.5, 4, 144, 148
1118061.3.peg.1253.site.6, 0, 142, 142
1118061.3.peg.1253.site.7, 6, 136, 142
1118061.3.peg.1253.site.8, 17, 148, 165
1118061.3.peg.1252.site.1, 141, 150, 291
1118061.3.peg.1252.site.2, 37, 150, 187
1118061.3.peg.1252.site.3, 23, 146, 169
1118061.3.peg.1252.site.4, 83, 143, 226
1118061.3.peg.1252.site.5, 12, 141, 153
1118061.3.peg.1252.site.6, 3, 138, 141
1118061.3.peg.1252.site.7, 1, 134, 135
1118061.3.peg.1252.site.8, 1, 129, 130
1118061.3.peg.1252.site.9, 0, 135, 135
1118061.3.peg.1252.site.10, 6, 127, 133
1118061.3.peg.1252.site.11, 0, 120, 120
1118061.3.peg.1252.site.12, 20, 125, 145
1118061.3.peg.1252.site.13, 6, 144, 150
1118061.3.peg.1252.site.14, 0, 148, 148
1118061.3.peg.1252.site.15, 3, 146, 149
1118061.3.peg.1252.site.16, 2, 146, 148
1118061.3.peg.1251.site.1, 0, 114, 114
1118061.3.peg.1251.site.2, 2, 116, 118
1118061.3.peg.1251.site.3, 4, 127, 131
1118061.3.peg.1251.site.4, 20, 129, 149
1118061.3.peg.1251.site.5, 37, 148, 185
1118061.3.peg.1251.site.6, 31, 150, 181
1118061.3.peg.1250.site.1, 44, 149, 193
1118061.3.peg.1250.site.2, 2, 148, 150
1118061.3.peg.1250.site.3, 32, 150, 182
1118061.3.peg.1250.site.4, 94, 149, 243
1118061.3.peg.1250.site.5, 95, 150, 245
1118061.3.peg.1250.site.6, 64, 150, 214
1118061.3.peg.1250.site.7, 64, 150, 214
1118061.3.peg.1250.site.8, 5, 150, 155
1118061.3.peg.1250.site.9, 2, 149, 151
1118061.3.peg.1257.site.1, 90, 143, 233
1118061.3.peg.1257.site.2, 12, 94, 106
1118061.3.peg.1257.site.3, 91, 109, 200
1118061.3.peg.1257.site.4, 0, 129, 129
1118061.3.peg.1257.site.5, 84, 138, 222
1118061.3.peg.1257.site.6, 35, 149, 184
1118061.3.peg.1257.site.7, 7, 149, 156
1118061.3.peg.1257.site.8, 148, 148, 296
1118061.3.peg.1257.site.9, 16, 150, 166
1118061.3.peg.1257.site.10, 37, 147, 184
1118061.3.peg.1256.site.1, 13, 149, 162
1118061.3.peg.1256.site.2, 0, 148, 148
1118061.3.peg.1256.site.3, 130, 149, 279
1118061.3.peg.1256.site.4, 34, 150, 184
1118061.3.peg.1256.site.5, 31, 144, 175
1118061.3.peg.1256.site.6, 2, 141, 143
1118061.3.peg.1256.site.7, 33, 142, 175
1118061.3.peg.1256.site.8, 16, 142, 158
1118061.3.peg.1256.site.9, 18, 149, 167
1118061.3.peg.1256.site.10, 4, 150, 154
1118061.3.peg.1256.site.11, 0, 149, 149
1118061.3.peg.1256.site.12, 27, 149, 176
1118061.3.peg.1256.site.13, 0, 150, 150
1118061.3.peg.1256.site.14, 13, 150, 163
1118061.3.peg.1255.site.1, 0, 149, 149
1118061.3.peg.1255.site.2, 3, 147, 150
1118061.3.peg.1255.site.3, 2, 149, 151
1118061.3.peg.1255.site.4, 0, 149, 149
1118061.3.peg.1254.site.1, 1, 150, 151
1118061.3.peg.1254.site.2, 4, 150, 154
1118061.3.peg.1254.site.3, 3, 150, 153
1118061.3.peg.1254.site.4, 108, 149, 257
1118061.3.peg.1254.site.5, 0, 148, 148
1118061.3.peg.1254.site.6, 20, 143, 163
1118061.3.peg.1254.site.7, 7, 144, 151
1118061.3.peg.1254.site.8, 6, 150, 156
1118061.3.peg.1254.site.9, 0, 150, 150
1118061.3.peg.1254.site.10, 25, 149, 174
1118061.3.peg.1254.site.11, 5, 147, 152
1118061.3.peg.1254.site.12, 3, 139, 142
1118061.3.peg.1254.site.13, 12, 134, 146
1118061.3.peg.1254.site.14, 51, 131, 182
1118061.3.peg.1254.site.15, 130, 130, 260
1118061.3.peg.1099.site.1, 0, 149, 149
1118061.3.peg.1099.site.2, 0, 149, 149
1118061.3.peg.1099.site.3, 32, 149, 181
1118061.3.peg.1099.site.4, 0, 149, 149
1118061.3.peg.1099.site.5, 3, 149, 152
1118061.3.peg.1099.site.6, 132, 146, 278
1118061.3.peg.1099.site.7, 17, 147, 164
1118061.3.peg.1099.site.8, 16, 142, 158
1118061.3.peg.1099.site.9, 15, 148, 163
1118061.3.peg.1099.site.10, 1, 148, 149
1118061.3.peg.1098.site.1, 13, 147, 160
1118061.3.peg.1091.site.1, 0, 149, 149
1118061.3.peg.1091.site.2, 31, 150, 181
1118061.3.peg.1091.site.3, 109, 148, 257
1118061.3.peg.1091.site.4, 0, 150, 150
1118061.3.peg.1091.site.5, 10, 149, 159
1118061.3.peg.1091.site.6, 2, 119, 121
1118061.3.peg.1090.site.1, 20, 148, 168
1118061.3.peg.1090.site.2, 42, 148, 190
1118061.3.peg.1090.site.3, 29, 150, 179
1118061.3.peg.1093.site.1, 8, 139, 147
1118061.3.peg.1093.site.2, 31, 141, 172
1118061.3.peg.1093.site.3, 0, 125, 125
1118061.3.peg.1093.site.4, 6, 122, 128
1118061.3.peg.1093.site.5, 2, 123, 125
1118061.3.peg.1093.site.6, 40, 118, 158
1118061.3.peg.1093.site.7, 18, 100, 118
1118061.3.peg.1093.site.8, 46, 124, 170
1118061.3.peg.1093.site.9, 1, 118, 119
1118061.3.peg.1092.site.1, 0, 146, 146
1118061.3.peg.1092.site.2, 109, 148, 257
1118061.3.peg.1092.site.3, 9, 147, 156
1118061.3.peg.1092.site.4, 0, 148, 148
1118061.3.peg.1092.site.5, 40, 146, 186
1118061.3.peg.1092.site.6, 101, 130, 231
1118061.3.peg.1092.site.7, 14, 118, 132
1118061.3.peg.1092.site.8, 97, 116, 213
1118061.3.peg.1092.site.9, 102, 127, 229
1118061.3.peg.1092.site.10, 24, 122, 146
1118061.3.peg.1092.site.11, 0, 136, 136
1118061.3.peg.1092.site.12, 16, 140, 156
1118061.3.peg.1092.site.13, 146, 146, 292
1118061.3.peg.1092.site.14, 147, 147, 294
1118061.3.peg.1092.site.15, 15, 138, 153
1118061.3.peg.1092.site.16, 48, 134, 182
1118061.3.peg.1092.site.17, 24, 128, 152
1118061.3.peg.1092.site.18, 23, 121, 144
1118061.3.peg.1092.site.19, 24, 144, 168
1118061.3.peg.1092.site.20, 24, 149, 173
1118061.3.peg.1092.site.21, 24, 148, 172
1118061.3.peg.1092.site.22, 39, 132, 171
1118061.3.peg.1092.site.23, 4, 141, 145
1118061.3.peg.1092.site.24, 110, 149, 259
1118061.3.peg.1092.site.25, 11, 148, 159
1118061.3.peg.1092.site.26, 55, 147, 202
1118061.3.peg.1095.site.1, 32, 148, 180
1118061.3.peg.1095.site.2, 0, 150, 150
1118061.3.peg.1095.site.3, 33, 149, 182
1118061.3.peg.1095.site.4, 1, 149, 150
1118061.3.peg.1095.site.5, 12, 149, 161
1118061.3.peg.1094.site.1, 1, 121, 122
1118061.3.peg.1094.site.2, 7, 129, 136
1118061.3.peg.1094.site.3, 41, 125, 166
1118061.3.peg.1094.site.4, 0, 142, 142
1118061.3.peg.1094.site.5, 2, 148, 150
1118061.3.peg.1094.site.6, 0, 147, 147
1118061.3.peg.1097.site.1, 65, 150, 215
1118061.3.peg.1097.site.2, 2, 147, 149
1118061.3.peg.1097.site.3, 97, 144, 241
1118061.3.peg.1097.site.4, 147, 147, 294
1118061.3.peg.1097.site.5, 3, 148, 151
1118061.3.peg.1097.site.6, 0, 150, 150
1118061.3.peg.1097.site.7, 6, 148, 154
1118061.3.peg.1097.site.8, 1, 146, 147
1118061.3.peg.1097.site.9, 1, 148, 149
1118061.3.peg.1097.site.10, 63, 148, 211
1118061.3.peg.1097.site.11, 32, 148, 180
1118061.3.peg.1097.site.12, 35, 144, 179
1118061.3.peg.1097.site.13, 9, 146, 155
1118061.3.peg.1097.site.14, 9, 150, 159
1118061.3.peg.1096.site.1, 37, 150, 187
1118061.3.peg.1096.site.2, 34, 150, 184
1118061.3.peg.1096.site.3, 0, 150, 150
1118061.3.peg.1096.site.4, 0, 150, 150
1118061.3.peg.1096.site.5, 0, 150, 150
1118061.3.peg.1096.site.6, 2, 149, 151
1118061.3.peg.1096.site.7, 32, 149, 181
1118061.3.peg.1096.site.8, 38, 149, 187
1118061.3.peg.1096.site.9, 7, 146, 153
1118061.3.peg.1096.site.10, 102, 148, 250
1118061.3.peg.1096.site.11, 0, 149, 149
1118061.3.peg.1096.site.12, 0, 150, 150
1118061.3.peg.1096.site.13, 30, 150, 180
1118061.3.peg.2234.site.1, 144, 145, 289
1118061.3.peg.2234.site.2, 0, 143, 143
1118061.3.peg.2234.site.3, 141, 146, 287
1118061.3.peg.2234.site.4, 4, 142, 146
1118061.3.peg.2234.site.5, 2, 108, 110
1118061.3.peg.2234.site.6, 12, 115, 127
1118061.3.peg.2234.site.7, 1, 116, 117
1118061.3.peg.2234.site.8, 89, 126, 215
1118061.3.peg.2234.site.9, 88, 120, 208
1118061.3.peg.2234.site.10, 1, 143, 144
1118061.3.peg.2234.site.11, 4, 147, 151
1118061.3.peg.2234.site.12, 0, 147, 147
1118061.3.peg.2234.site.13, 44, 149, 193
1118061.3.peg.2234.site.14, 2, 150, 152
1118061.3.peg.2234.site.15, 2, 142, 144
1118061.3.peg.2234.site.16, 39, 144, 183
1118061.3.peg.2234.site.17, 1, 140, 141
1118061.3.peg.2234.site.18, 14, 138, 152
1118061.3.peg.2234.site.19, 15, 139, 154
1118061.3.peg.2234.site.20, 5, 136, 141
1118061.3.peg.2234.site.21, 145, 147, 292
1118061.3.peg.2234.site.22, 2, 150, 152
1118061.3.peg.2234.site.23, 115, 149, 264
1118061.3.peg.2234.site.24, 7, 145, 152
1118061.3.peg.2234.site.25, 1, 144, 145
1118061.3.peg.2234.site.26, 45, 141, 186
1118061.3.peg.2234.site.27, 14, 137, 151
1118061.3.peg.2234.site.28, 17, 138, 155
1118061.3.peg.2234.site.29, 99, 132, 231
1118061.3.peg.2234.site.30, 34, 126, 160
1118061.3.peg.2234.site.31, 11, 144, 155
1118061.3.peg.2234.site.32, 11, 141, 152
1118061.3.peg.2234.site.33, 125, 142, 267
1118061.3.peg.2234.site.34, 5, 148, 153
1118061.3.peg.2234.site.35, 16, 145, 161
1118061.3.peg.2234.site.36, 30, 147, 177
1118061.3.peg.2234.site.37, 0, 149, 149
1118061.3.peg.2234.site.38, 20, 145, 165
1118061.3.peg.2234.site.39, 36, 147, 183
1118061.3.peg.2234.site.40, 19, 148, 167
1118061.3.peg.2234.site.41, 0, 149, 149
1118061.3.peg.2234.site.42, 3, 120, 123
1118061.3.peg.2234.site.43, 3, 102, 105
1118061.3.peg.2236.site.1, 129, 132, 261
1118061.3.peg.2236.site.2, 2, 112, 114
1118061.3.peg.2236.site.3, 50, 139, 189
1118061.3.peg.2236.site.4, 0, 131, 131
1118061.3.peg.2236.site.5, 98, 121, 219
1118061.3.peg.2236.site.6, 0, 131, 131
1118061.3.peg.2236.site.7, 2, 148, 150
1118061.3.peg.2236.site.8, 25, 138, 163
1118061.3.peg.2236.site.9, 49, 138, 187
1118061.3.peg.2236.site.10, 0, 146, 146
1118061.3.peg.2236.site.11, 20, 150, 170
1118061.3.peg.2236.site.12, 0, 148, 148
1118061.3.peg.2236.site.13, 20, 150, 170
1118061.3.peg.2236.site.14, 30, 150, 180
1118061.3.peg.2236.site.15, 2, 149, 151
1118061.3.peg.2236.site.16, 22, 150, 172
1118061.3.peg.2236.site.17, 19, 150, 169
1118061.3.peg.2230.site.1, 0, 150, 150
1118061.3.peg.2230.site.2, 0, 149, 149
1118061.3.peg.2230.site.3, 18, 147, 165
1118061.3.peg.2230.site.4, 0, 141, 141
1118061.3.peg.2231.site.1, 3, 148, 151
1118061.3.peg.2231.site.2, 17, 146, 163
1118061.3.peg.2231.site.3, 3, 146, 149
1118061.3.peg.2231.site.4, 92, 138, 230
1118061.3.peg.2231.site.5, 14, 112, 126
1118061.3.peg.2231.site.6, 56, 100, 156
1118061.3.peg.2231.site.7, 1, 125, 126
1118061.3.peg.2231.site.8, 0, 121, 121
1118061.3.peg.2231.site.9, 14, 118, 132
1118061.3.peg.2231.site.10, 112, 136, 248
1118061.3.peg.2231.site.11, 49, 137, 186
1118061.3.peg.2231.site.12, 2, 127, 129
1118061.3.peg.2231.site.13, 0, 127, 127
1118061.3.peg.2231.site.14, 2, 123, 125
1118061.3.peg.2231.site.15, 64, 104, 168
1118061.3.peg.2231.site.16, 5, 110, 115
1118061.3.peg.2231.site.17, 15, 111, 126
1118061.3.peg.2231.site.18, 2, 129, 131
1118061.3.peg.2232.site.1, 25, 126, 151
1118061.3.peg.2232.site.2, 0, 132, 132
1118061.3.peg.2232.site.3, 115, 133, 248
1118061.3.peg.2232.site.4, 51, 145, 196
1118061.3.peg.2232.site.5, 143, 143, 286
1118061.3.peg.2232.site.6, 2, 116, 118
1118061.3.peg.2232.site.7, 55, 120, 175
1118061.3.peg.2232.site.8, 48, 109, 157
1118061.3.peg.2233.site.1, 59, 141, 200
1118061.3.peg.2233.site.2, 45, 141, 186
1118061.3.peg.2233.site.3, 56, 138, 194
1118061.3.peg.2233.site.4, 9, 142, 151
1118061.3.peg.2233.site.5, 0, 123, 123
1118061.3.peg.2233.site.6, 66, 117, 183
1118061.3.peg.2233.site.7, 3, 149, 152
1118061.3.peg.2238.site.1, 18, 145, 163
1118061.3.peg.2238.site.2, 101, 144, 245
1118061.3.peg.2238.site.3, 70, 137, 207
1118061.3.peg.2238.site.4, 71, 135, 206
1118061.3.peg.2238.site.5, 1, 103, 104
1118061.3.peg.2238.site.6, 18, 105, 123
1118061.3.peg.2238.site.7, 84, 119, 203
1118061.3.peg.2239.site.1, 1, 147, 148
1118061.3.peg.2239.site.2, 1, 148, 149
1118061.3.peg.2239.site.3, 0, 145, 145
1118061.3.peg.2239.site.4, 23, 148, 171
1118061.3.peg.2239.site.5, 3, 150, 153
1118061.3.peg.2239.site.6, 133, 148, 281
1118061.3.peg.2239.site.7, 131, 145, 276
1118061.3.peg.2239.site.8, 54, 145, 199
1118061.3.peg.2239.site.9, 50, 134, 184
1118061.3.peg.2239.site.10, 0, 127, 127
1118061.3.peg.2239.site.11, 13, 133, 146
1118061.3.peg.2239.site.12, 0, 142, 142
1118061.3.peg.2239.site.13, 50, 140, 190
1118061.3.peg.2239.site.14, 30, 146, 176
1118061.3.peg.2239.site.15, 21, 148, 169
1118061.3.peg.2239.site.16, 7, 148, 155
1118061.3.peg.2693.site.1, 106, 144, 250
1118061.3.peg.2693.site.2, 39, 150, 189
1118061.3.peg.2693.site.3, 4, 150, 154
1118061.3.peg.2693.site.4, 4, 150, 154
1118061.3.peg.2693.site.5, 5, 150, 155
1118061.3.peg.2693.site.6, 1, 145, 146
1118061.3.peg.2693.site.7, 0, 150, 150
1118061.3.peg.2693.site.8, 37, 149, 186
1118061.3.peg.2693.site.9, 74, 145, 219
1118061.3.peg.2693.site.10, 0, 149, 149
1118061.3.peg.2693.site.11, 2, 142, 144
1118061.3.peg.2693.site.12, 0, 148, 148
1118061.3.peg.2693.site.13, 31, 146, 177
1118061.3.peg.2693.site.14, 12, 149, 161
1118061.3.peg.2693.site.15, 0, 149, 149
1118061.3.peg.2693.site.16, 74, 148, 222
1118061.3.peg.2693.site.17, 1, 148, 149
1118061.3.peg.2693.site.18, 1, 146, 147
1118061.3.peg.2693.site.19, 35, 149, 184
1118061.3.peg.2693.site.20, 0, 150, 150
1118061.3.peg.347.site.1, 13, 150, 163
1118061.3.peg.347.site.2, 3, 150, 153
1118061.3.peg.347.site.3, 1, 146, 147
1118061.3.peg.347.site.4, 1, 146, 147
1118061.3.peg.347.site.5, 26, 116, 142
1118061.3.peg.347.site.6, 34, 120, 154
1118061.3.peg.347.site.7, 35, 121, 156
1118061.3.peg.347.site.8, 2, 149, 151
1118061.3.peg.346.site.1, 18, 131, 149
1118061.3.peg.346.site.2, 1, 134, 135
1118061.3.peg.346.site.3, 0, 133, 133
1118061.3.peg.346.site.4, 6, 130, 136
1118061.3.peg.346.site.5, 4, 107, 111
1118061.3.peg.346.site.6, 3, 124, 127
1118061.3.peg.346.site.7, 140, 140, 280
1118061.3.peg.346.site.8, 10, 139, 149
1118061.3.peg.346.site.9, 1, 145, 146
1118061.3.peg.346.site.10, 3, 142, 145
1118061.3.peg.346.site.11, 19, 146, 165
1118061.3.peg.346.site.12, 133, 149, 282
1118061.3.peg.346.site.13, 1, 148, 149
1118061.3.peg.346.site.14, 0, 149, 149
1118061.3.peg.346.site.15, 75, 148, 223
1118061.3.peg.346.site.16, 18, 148, 166
1118061.3.peg.346.site.17, 6, 150, 156
1118061.3.peg.346.site.18, 9, 149, 158
1118061.3.peg.346.site.19, 1, 150, 151
1118061.3.peg.346.site.20, 0, 150, 150
1118061.3.peg.346.site.21, 0, 150, 150
1118061.3.peg.346.site.22, 38, 136, 174
1118061.3.peg.346.site.23, 36, 139, 175
1118061.3.peg.346.site.24, 39, 139, 178
1118061.3.peg.344.site.1, 54, 147, 201
1118061.3.peg.344.site.2, 4, 150, 154
1118061.3.peg.344.site.3, 6, 149, 155
1118061.3.peg.344.site.4, 22, 150, 172
1118061.3.peg.344.site.5, 8, 148, 156
1118061.3.peg.344.site.6, 6, 150, 156
1118061.3.peg.344.site.7, 150, 150, 300
1118061.3.peg.344.site.8, 3, 150, 153
1118061.3.peg.344.site.9, 0, 150, 150
1118061.3.peg.344.site.10, 2, 150, 152
1118061.3.peg.344.site.11, 2, 150, 152
1118061.3.peg.344.site.12, 66, 149, 215
1118061.3.peg.344.site.13, 1, 150, 151
1118061.3.peg.344.site.14, 1, 149, 150
1118061.3.peg.344.site.15, 21, 148, 169
1118061.3.peg.344.site.16, 8, 150, 158
1118061.3.peg.344.site.17, 0, 148, 148
1118061.3.peg.344.site.18, 1, 150, 151
1118061.3.peg.344.site.19, 144, 149, 293
1118061.3.peg.344.site.20, 8, 146, 154
1118061.3.peg.344.site.21, 56, 143, 199
1118061.3.peg.344.site.22, 150, 150, 300
1118061.3.peg.344.site.23, 8, 149, 157
1118061.3.peg.344.site.24, 16, 147, 163
1118061.3.peg.344.site.25, 16, 146, 162
1118061.3.peg.343.site.1, 0, 148, 148
1118061.3.peg.343.site.2, 3, 148, 151
1118061.3.peg.343.site.3, 26, 148, 174
1118061.3.peg.343.site.4, 2, 149, 151
1118061.3.peg.343.site.5, 29, 148, 177
1118061.3.peg.343.site.6, 1, 150, 151
1118061.3.peg.343.site.7, 3, 150, 153
1118061.3.peg.343.site.8, 2, 150, 152
1118061.3.peg.342.site.1, 99, 99, 198
1118061.3.peg.342.site.2, 36, 107, 143
1118061.3.peg.342.site.3, 147, 147, 294
1118061.3.peg.342.site.4, 2, 144, 146
1118061.3.peg.342.site.5, 2, 144, 146
1118061.3.peg.342.site.6, 50, 147, 197
1118061.3.peg.342.site.7, 3, 145, 148
1118061.3.peg.342.site.8, 45, 139, 184
1118061.3.peg.341.site.1, 0, 149, 149
1118061.3.peg.341.site.2, 0, 125, 125
1118061.3.peg.341.site.3, 6, 113, 119
1118061.3.peg.341.site.4, 0, 130, 130
1118061.3.peg.341.site.5, 7, 143, 150
1118061.3.peg.341.site.6, 2, 148, 150
1118061.3.peg.341.site.7, 4, 138, 142
1118061.3.peg.341.site.8, 0, 121, 121
1118061.3.peg.341.site.9, 26, 137, 163
1118061.3.peg.341.site.10, 2, 141, 143
1118061.3.peg.341.site.11, 23, 140, 163
1118061.3.peg.341.site.12, 2, 144, 146
1118061.3.peg.341.site.13, 2, 149, 151
1118061.3.peg.341.site.14, 63, 149, 212
1118061.3.peg.341.site.15, 125, 149, 274
1118061.3.peg.341.site.16, 7, 147, 154
1118061.3.peg.341.site.17, 0, 149, 149
1118061.3.peg.341.site.18, 27, 149, 176
1118061.3.peg.341.site.19, 15, 149, 164
1118061.3.peg.341.site.20, 89, 150, 239
1118061.3.peg.341.site.21, 26, 149, 175
1118061.3.peg.341.site.22, 3, 150, 153
1118061.3.peg.341.site.23, 50, 149, 199
1118061.3.peg.341.site.24, 1, 150, 151
1118061.3.peg.341.site.25, 0, 150, 150
1118061.3.peg.341.site.26, 0, 149, 149
1118061.3.peg.341.site.27, 0, 143, 143
1118061.3.peg.341.site.28, 5, 145, 150
1118061.3.peg.341.site.29, 0, 148, 148
1118061.3.peg.341.site.30, 0, 148, 148
1118061.3.peg.341.site.31, 9, 150, 159
1118061.3.peg.341.site.32, 149, 149, 298
1118061.3.peg.341.site.33, 65, 150, 215
1118061.3.peg.341.site.34, 0, 149, 149
1118061.3.peg.340.site.1, 1, 149, 150
1118061.3.peg.340.site.2, 59, 145, 204
1118061.3.peg.340.site.3, 62, 144, 206
1118061.3.peg.340.site.4, 1, 142, 143
1118061.3.peg.349.site.1, 39, 149, 188
1118061.3.peg.349.site.2, 8, 149, 157
1118061.3.peg.349.site.3, 32, 148, 180
1118061.3.peg.981.site.1, 14, 112, 126
1118061.3.peg.981.site.2, 108, 139, 247
1118061.3.peg.981.site.3, 2, 145, 147
1118061.3.peg.981.site.4, 8, 143, 151
1118061.3.peg.981.site.5, 92, 144, 236
1118061.3.peg.981.site.6, 44, 141, 185
1118061.3.peg.981.site.7, 13, 150, 163
1118061.3.peg.981.site.8, 0, 149, 149
1118061.3.peg.981.site.9, 3, 150, 153
1118061.3.peg.980.site.1, 3, 148, 151
1118061.3.peg.980.site.2, 20, 148, 168
1118061.3.peg.980.site.3, 3, 146, 149
1118061.3.peg.980.site.4, 3, 141, 144
1118061.3.peg.980.site.5, 1, 149, 150
1118061.3.peg.980.site.6, 0, 149, 149
1118061.3.peg.980.site.7, 2, 150, 152
1118061.3.peg.980.site.8, 0, 149, 149
1118061.3.peg.980.site.9, 54, 143, 197
1118061.3.peg.980.site.10, 25, 148, 173
1118061.3.peg.980.site.11, 31, 138, 169
1118061.3.peg.983.site.1, 57, 122, 179
1118061.3.peg.983.site.2, 132, 133, 265
1118061.3.peg.983.site.3, 3, 137, 140
1118061.3.peg.983.site.4, 63, 135, 198
1118061.3.peg.983.site.5, 3, 118, 121
1118061.3.peg.983.site.6, 107, 107, 214
1118061.3.peg.983.site.7, 4, 81, 85
1118061.3.peg.983.site.8, 31, 79, 110
1118061.3.peg.983.site.9, 2, 103, 105
1118061.3.peg.983.site.10, 1, 124, 125
1118061.3.peg.983.site.11, 12, 126, 138
1118061.3.peg.982.site.1, 51, 150, 201
1118061.3.peg.982.site.2, 0, 148, 148
1118061.3.peg.982.site.3, 10, 150, 160
1118061.3.peg.982.site.4, 0, 148, 148
1118061.3.peg.982.site.5, 6, 143, 149
1118061.3.peg.982.site.6, 2, 142, 144
1118061.3.peg.982.site.7, 11, 143, 154
1118061.3.peg.982.site.8, 1, 139, 140
1118061.3.peg.982.site.9, 64, 141, 205
1118061.3.peg.982.site.10, 0, 135, 135
1118061.3.peg.982.site.11, 22, 128, 150
1118061.3.peg.982.site.12, 1, 129, 130
1118061.3.peg.982.site.13, 70, 130, 200
1118061.3.peg.982.site.14, 39, 131, 170
1118061.3.peg.982.site.15, 1, 132, 133
1118061.3.peg.982.site.16, 1, 135, 136
1118061.3.peg.982.site.17, 16, 104, 120
1118061.3.peg.982.site.18, 33, 117, 150
1118061.3.peg.982.site.19, 98, 142, 240
1118061.3.peg.982.site.20, 146, 146, 292
1118061.3.peg.982.site.21, 76, 142, 218
1118061.3.peg.985.site.1, 50, 104, 154
1118061.3.peg.985.site.2, 7, 103, 110
1118061.3.peg.985.site.3, 3, 92, 95
1118061.3.peg.985.site.4, 46, 89, 135
1118061.3.peg.985.site.5, 1, 98, 99
1118061.3.peg.985.site.6, 2, 97, 99
1118061.3.peg.985.site.7, 0, 97, 97
1118061.3.peg.985.site.8, 117, 117, 234
1118061.3.peg.985.site.9, 0, 139, 139
1118061.3.peg.985.site.10, 4, 142, 146
1118061.3.peg.984.site.1, 148, 148, 296
1118061.3.peg.984.site.2, 15, 148, 163
1118061.3.peg.984.site.3, 50, 149, 199
1118061.3.peg.984.site.4, 0, 145, 145
1118061.3.peg.984.site.5, 0, 150, 150
1118061.3.peg.984.site.6, 72, 149, 221
1118061.3.peg.984.site.7, 2, 149, 151
1118061.3.peg.984.site.8, 77, 150, 227
1118061.3.peg.984.site.9, 74, 148, 222
1118061.3.peg.984.site.10, 16, 148, 164
1118061.3.peg.984.site.11, 25, 150, 175
1118061.3.peg.984.site.12, 2, 149, 151
1118061.3.peg.987.site.1, 2, 123, 125
1118061.3.peg.986.site.1, 0, 115, 115
1118061.3.peg.986.site.2, 3, 95, 98
1118061.3.peg.986.site.3, 3, 90, 93
1118061.3.peg.986.site.4, 40, 82, 122
1118061.3.peg.986.site.5, 70, 97, 167
1118061.3.peg.986.site.6, 12, 101, 113
1118061.3.peg.986.site.7, 1, 102, 103
1118061.3.peg.986.site.8, 0, 111, 111
1118061.3.peg.986.site.9, 9, 146, 155
1118061.3.peg.986.site.10, 1, 145, 146
1118061.3.peg.986.site.11, 21, 147, 168
1118061.3.peg.986.site.12, 0, 148, 148
1118061.3.peg.986.site.13, 2, 148, 150
1118061.3.peg.986.site.14, 20, 150, 170
1118061.3.peg.986.site.15, 71, 148, 219
1118061.3.peg.986.site.16, 2, 149, 151
1118061.3.peg.986.site.17, 0, 149, 149
1118061.3.peg.986.site.18, 11, 146, 157
1118061.3.peg.988.site.1, 15, 126, 141
1118061.3.peg.988.site.2, 20, 138, 158
1118061.3.peg.988.site.3, 23, 145, 168
1118061.3.peg.988.site.4, 21, 147, 168
1118061.3.peg.988.site.5, 9, 144, 153
1118061.3.peg.988.site.6, 10, 146, 156
1118061.3.peg.988.site.7, 2, 150, 152
1118061.3.peg.988.site.8, 9, 146, 155
1118061.3.peg.988.site.9, 3, 149, 152
1118061.3.peg.988.site.10, 100, 147, 247
1118061.3.peg.988.site.11, 8, 143, 151
1118061.3.peg.988.site.12, 26, 142, 168
1118061.3.peg.988.site.13, 141, 143, 284
1118061.3.peg.988.site.14, 26, 142, 168
1118061.3.peg.988.site.15, 4, 140, 144
1118061.3.peg.988.site.16, 2, 140, 142
1118061.3.peg.988.site.17, 23, 145, 168
1118061.3.peg.988.site.18, 0, 144, 144
1118061.3.peg.988.site.19, 2, 148, 150
1118061.3.peg.988.site.20, 141, 143, 284
1118061.3.peg.988.site.21, 8, 146, 154
1118061.3.peg.988.site.22, 56, 146, 202
1118061.3.peg.988.site.23, 5, 150, 155
1118061.3.peg.988.site.24, 1, 150, 151
1118061.3.peg.988.site.25, 0, 150, 150
1118061.3.peg.988.site.26, 3, 150, 153
1118061.3.peg.988.site.27, 3, 144, 147
1118061.3.peg.988.site.28, 3, 143, 146
1118061.3.peg.988.site.29, 4, 133, 137
1118061.3.peg.988.site.30, 124, 124, 248
1118061.3.peg.988.site.31, 3, 142, 145
1118061.3.peg.988.site.32, 9, 146, 155
1118061.3.peg.988.site.33, 2, 147, 149
1118061.3.peg.988.site.34, 3, 147, 150
1118061.3.peg.988.site.35, 0, 146, 146
1118061.3.peg.988.site.36, 26, 148, 174
1118061.3.peg.988.site.37, 15, 150, 165
1118061.3.peg.2687.site.1, 2, 150, 152
1118061.3.peg.2687.site.2, 8, 149, 157
1118061.3.peg.2687.site.3, 8, 149, 157
1118061.3.peg.2687.site.4, 0, 149, 149
1118061.3.peg.2687.site.5, 145, 145, 290
1118061.3.peg.2687.site.6, 57, 144, 201
1118061.3.peg.2687.site.7, 12, 150, 162
1118061.3.peg.2687.site.8, 34, 148, 182
1118061.3.peg.2687.site.9, 0, 148, 148
1118061.3.peg.2687.site.10, 26, 137, 163
1118061.3.peg.2687.site.11, 35, 139, 174
1118061.3.peg.2687.site.12, 3, 146, 149
1118061.3.peg.2687.site.13, 1, 150, 151
1118061.3.peg.2687.site.14, 3, 150, 153
1118061.3.peg.2687.site.15, 30, 143, 173
1118061.3.peg.2687.site.16, 0, 149, 149
1118061.3.peg.2687.site.17, 5, 150, 155
1118061.3.peg.2687.site.18, 5, 149, 154
1118061.3.peg.2687.site.19, 0, 148, 148
1118061.3.peg.2687.site.20, 0, 149, 149
1118061.3.peg.2687.site.21, 1, 150, 151
1118061.3.peg.2687.site.22, 2, 148, 150
1118061.3.peg.2687.site.23, 30, 143, 173
1118061.3.peg.2687.site.24, 5, 149, 154
1118061.3.peg.2687.site.25, 1, 149, 150
1118061.3.peg.2687.site.26, 0, 149, 149
1118061.3.peg.2687.site.27, 32, 148, 180
1118061.3.peg.743.site.1, 1, 147, 148
1118061.3.peg.743.site.2, 1, 148, 149
1118061.3.peg.742.site.1, 0, 147, 147
1118061.3.peg.742.site.2, 49, 145, 194
1118061.3.peg.742.site.3, 38, 147, 185
1118061.3.peg.742.site.4, 99, 125, 224
1118061.3.peg.742.site.5, 1, 149, 150
1118061.3.peg.742.site.6, 0, 142, 142
1118061.3.peg.742.site.7, 130, 142, 272
1118061.3.peg.742.site.8, 40, 148, 188
1118061.3.peg.742.site.9, 7, 149, 156
1118061.3.peg.741.site.1, 132, 141, 273
1118061.3.peg.741.site.2, 4, 143, 147
1118061.3.peg.741.site.3, 142, 142, 284
1118061.3.peg.741.site.4, 0, 133, 133
1118061.3.peg.741.site.5, 40, 134, 174
1118061.3.peg.741.site.6, 134, 139, 273
1118061.3.peg.741.site.7, 139, 143, 282
1118061.3.peg.741.site.8, 1, 136, 137
1118061.3.peg.741.site.9, 19, 131, 150
1118061.3.peg.740.site.1, 0, 147, 147
1118061.3.peg.740.site.2, 148, 148, 296
1118061.3.peg.740.site.3, 3, 148, 151
1118061.3.peg.740.site.4, 1, 148, 149
1118061.3.peg.740.site.5, 3, 148, 151
1118061.3.peg.740.site.6, 92, 148, 240
1118061.3.peg.740.site.7, 18, 147, 165
1118061.3.peg.740.site.8, 52, 146, 198
1118061.3.peg.740.site.9, 33, 149, 182
1118061.3.peg.740.site.10, 0, 146, 146
1118061.3.peg.740.site.11, 2, 147, 149
1118061.3.peg.740.site.12, 24, 147, 171
1118061.3.peg.740.site.13, 3, 141, 144
1118061.3.peg.740.site.14, 23, 134, 157
1118061.3.peg.740.site.15, 36, 124, 160
1118061.3.peg.740.site.16, 1, 120, 121
1118061.3.peg.747.site.1, 0, 148, 148
1118061.3.peg.747.site.2, 24, 144, 168
1118061.3.peg.747.site.3, 3, 141, 144
1118061.3.peg.747.site.4, 111, 140, 251
1118061.3.peg.747.site.5, 2, 142, 144
1118061.3.peg.747.site.6, 0, 147, 147
1118061.3.peg.747.site.7, 2, 143, 145
1118061.3.peg.747.site.8, 3, 147, 150
1118061.3.peg.747.site.9, 3, 131, 134
1118061.3.peg.747.site.10, 14, 107, 121
1118061.3.peg.747.site.11, 0, 126, 126
1118061.3.peg.747.site.12, 27, 120, 147
1118061.3.peg.747.site.13, 54, 124, 178
1118061.3.peg.747.site.14, 35, 149, 184
1118061.3.peg.747.site.15, 3, 149, 152
1118061.3.peg.746.site.1, 22, 147, 169
1118061.3.peg.746.site.2, 3, 140, 143
1118061.3.peg.746.site.3, 146, 146, 292
1118061.3.peg.746.site.4, 119, 145, 264
1118061.3.peg.746.site.5, 0, 146, 146
1118061.3.peg.746.site.6, 1, 141, 142
1118061.3.peg.746.site.7, 43, 148, 191
1118061.3.peg.746.site.8, 1, 144, 145
1118061.3.peg.746.site.9, 18, 144, 162
1118061.3.peg.746.site.10, 141, 141, 282
1118061.3.peg.746.site.11, 1, 140, 141
1118061.3.peg.746.site.12, 4, 144, 148
1118061.3.peg.746.site.13, 5, 149, 154
1118061.3.peg.746.site.14, 65, 143, 208
1118061.3.peg.746.site.15, 109, 144, 253
1118061.3.peg.746.site.16, 0, 148, 148
1118061.3.peg.746.site.17, 0, 148, 148
1118061.3.peg.746.site.18, 2, 146, 148
1118061.3.peg.746.site.19, 143, 147, 290
1118061.3.peg.746.site.20, 1, 150, 151
1118061.3.peg.745.site.1, 81, 139, 220
1118061.3.peg.745.site.2, 16, 147, 163
1118061.3.peg.745.site.3, 0, 147, 147
1118061.3.peg.745.site.4, 3, 149, 152
1118061.3.peg.745.site.5, 42, 150, 192
1118061.3.peg.745.site.6, 1, 148, 149
1118061.3.peg.745.site.7, 1, 149, 150
1118061.3.peg.745.site.8, 7, 148, 155
1118061.3.peg.745.site.9, 123, 148, 271
1118061.3.peg.744.site.1, 1, 150, 151
1118061.3.peg.744.site.2, 0, 150, 150
1118061.3.peg.744.site.3, 107, 150, 257
1118061.3.peg.749.site.1, 2, 149, 151
1118061.3.peg.749.site.2, 1, 149, 150
1118061.3.peg.749.site.3, 0, 149, 149
1118061.3.peg.748.site.1, 12, 150, 162
1118061.3.peg.748.site.2, 5, 148, 153
1118061.3.peg.748.site.3, 7, 141, 148
1118061.3.peg.748.site.4, 0, 148, 148
1118061.3.peg.748.site.5, 3, 149, 152
1118061.3.peg.748.site.6, 0, 140, 140
1118061.3.peg.2168.site.1, 1, 150, 151
1118061.3.peg.2168.site.2, 0, 150, 150
1118061.3.peg.2168.site.3, 0, 150, 150
1118061.3.peg.2168.site.4, 0, 147, 147
1118061.3.peg.2168.site.5, 143, 143, 286
1118061.3.peg.2168.site.6, 105, 148, 253
1118061.3.peg.2168.site.7, 2, 148, 150
1118061.3.peg.2168.site.8, 0, 129, 129
1118061.3.peg.2168.site.9, 19, 149, 168
1118061.3.peg.2168.site.10, 0, 148, 148
1118061.3.peg.2168.site.11, 24, 148, 172
1118061.3.peg.2168.site.12, 3, 150, 153
1118061.3.peg.2168.site.13, 148, 148, 296
1118061.3.peg.2168.site.14, 94, 149, 243
1118061.3.peg.2168.site.15, 0, 149, 149
1118061.3.peg.2168.site.16, 144, 144, 288
1118061.3.peg.2168.site.17, 81, 123, 204
1118061.3.peg.2168.site.18, 2, 149, 151
1118061.3.peg.2168.site.19, 12, 149, 161
1118061.3.peg.2168.site.20, 38, 146, 184
1118061.3.peg.2168.site.21, 13, 150, 163
1118061.3.peg.2168.site.22, 90, 146, 236
1118061.3.peg.2168.site.23, 103, 145, 248
1118061.3.peg.2168.site.24, 0, 150, 150
1118061.3.peg.2168.site.25, 146, 146, 292
1118061.3.peg.2168.site.26, 18, 61, 79
1118061.3.peg.2168.site.27, 13, 57, 70
1118061.3.peg.2168.site.28, 38, 82, 120
1118061.3.peg.2168.site.29, 36, 80, 116
1118061.3.peg.2168.site.30, 150, 150, 300
1118061.3.peg.2168.site.31, 2, 150, 152
1118061.3.peg.2168.site.32, 102, 148, 250
1118061.3.peg.2168.site.33, 0, 149, 149
1118061.3.peg.2168.site.34, 30, 144, 174
1118061.3.peg.2168.site.35, 73, 147, 220
1118061.3.peg.2168.site.36, 7, 113, 120
1118061.3.peg.2168.site.37, 3, 104, 107
1118061.3.peg.2168.site.38, 75, 102, 177
1118061.3.peg.2168.site.39, 14, 115, 129
1118061.3.peg.2168.site.40, 96, 96, 192
1118061.3.peg.2168.site.41, 9, 97, 106
1118061.3.peg.2168.site.42, 34, 50, 84
1118061.3.peg.2168.site.43, 3, 45, 48
1118061.3.peg.2168.site.44, 10, 54, 64
1118061.3.peg.2168.site.45, 40, 94, 134
1118061.3.peg.2168.site.46, 19, 63, 82
1118061.3.peg.2168.site.47, 12, 56, 68
1118061.3.peg.2168.site.48, 41, 85, 126
1118061.3.peg.2168.site.49, 52, 94, 146
1118061.3.peg.2168.site.50, 1, 150, 151
1118061.3.peg.2168.site.51, 0, 148, 148
1118061.3.peg.2168.site.52, 0, 150, 150
1118061.3.peg.2168.site.53, 0, 150, 150
1118061.3.peg.2168.site.54, 113, 149, 262
1118061.3.peg.189.site.1, 0, 150, 150
1118061.3.peg.189.site.2, 58, 149, 207
1118061.3.peg.189.site.3, 0, 150, 150
1118061.3.peg.189.site.4, 0, 150, 150
1118061.3.peg.189.site.5, 0, 149, 149
1118061.3.peg.189.site.6, 6, 150, 156
1118061.3.peg.189.site.7, 0, 149, 149
1118061.3.peg.189.site.8, 3, 149, 152
1118061.3.peg.189.site.9, 1, 150, 151
1118061.3.peg.189.site.10, 0, 146, 146
1118061.3.peg.189.site.11, 31, 146, 177
1118061.3.peg.189.site.12, 1, 150, 151
1118061.3.peg.189.site.13, 36, 150, 186
1118061.3.peg.189.site.14, 27, 150, 177
1118061.3.peg.189.site.15, 3, 149, 152
1118061.3.peg.189.site.16, 113, 149, 262
1118061.3.peg.189.site.17, 0, 149, 149
1118061.3.peg.189.site.18, 19, 148, 167
1118061.3.peg.189.site.19, 134, 141, 275
1118061.3.peg.189.site.20, 44, 142, 186
1118061.3.peg.189.site.21, 100, 134, 234
1118061.3.peg.189.site.22, 86, 149, 235
1118061.3.peg.189.site.23, 0, 149, 149
1118061.3.peg.189.site.24, 22, 144, 166
1118061.3.peg.189.site.25, 0, 143, 143
1118061.3.peg.189.site.26, 27, 148, 175
1118061.3.peg.189.site.27, 0, 150, 150
1118061.3.peg.189.site.28, 42, 149, 191
1118061.3.peg.189.site.29, 0, 150, 150
1118061.3.peg.189.site.30, 5, 149, 154
1118061.3.peg.189.site.31, 7, 150, 157
1118061.3.peg.189.site.32, 8, 148, 156
1118061.3.peg.189.site.33, 144, 146, 290
1118061.3.peg.189.site.34, 2, 150, 152
1118061.3.peg.189.site.35, 1, 150, 151
1118061.3.peg.188.site.1, 0, 148, 148
1118061.3.peg.188.site.2, 2, 148, 150
1118061.3.peg.188.site.3, 0, 148, 148
1118061.3.peg.188.site.4, 15, 148, 163
1118061.3.peg.188.site.5, 138, 141, 279
1118061.3.peg.188.site.6, 3, 138, 141
1118061.3.peg.188.site.7, 22, 130, 152
1118061.3.peg.188.site.8, 55, 129, 184
1118061.3.peg.188.site.9, 37, 135, 172
1118061.3.peg.188.site.10, 2, 148, 150
1118061.3.peg.188.site.11, 40, 140, 180
1118061.3.peg.188.site.12, 121, 141, 262
1118061.3.peg.188.site.13, 11, 137, 148
1118061.3.peg.188.site.14, 122, 142, 264
1118061.3.peg.188.site.15, 41, 118, 159
1118061.3.peg.188.site.16, 39, 112, 151
1118061.3.peg.188.site.17, 4, 120, 124
1118061.3.peg.188.site.18, 39, 118, 157
1118061.3.peg.188.site.19, 0, 125, 125
1118061.3.peg.188.site.20, 29, 145, 174
1118061.3.peg.188.site.21, 5, 120, 125
1118061.3.peg.188.site.22, 142, 148, 290
1118061.3.peg.188.site.23, 19, 147, 166
1118061.3.peg.188.site.24, 37, 142, 179
1118061.3.peg.188.site.25, 1, 122, 123
1118061.3.peg.188.site.26, 2, 107, 109
1118061.3.peg.188.site.27, 94, 142, 236
1118061.3.peg.188.site.28, 2, 150, 152
1118061.3.peg.188.site.29, 2, 149, 151
1118061.3.peg.188.site.30, 2, 149, 151
1118061.3.peg.181.site.1, 146, 146, 292
1118061.3.peg.181.site.2, 143, 147, 290
1118061.3.peg.181.site.3, 6, 150, 156
1118061.3.peg.181.site.4, 71, 150, 221
1118061.3.peg.181.site.5, 2, 148, 150
1118061.3.peg.181.site.6, 36, 150, 186
1118061.3.peg.181.site.7, 0, 150, 150
1118061.3.peg.181.site.8, 21, 149, 170
1118061.3.peg.181.site.9, 1, 149, 150
1118061.3.peg.181.site.10, 73, 148, 221
1118061.3.peg.181.site.11, 12, 147, 159
1118061.3.peg.181.site.12, 42, 119, 161
1118061.3.peg.181.site.13, 1, 119, 120
1118061.3.peg.181.site.14, 20, 113, 133
1118061.3.peg.181.site.15, 84, 109, 193
1118061.3.peg.181.site.16, 3, 115, 118
1118061.3.peg.181.site.17, 1, 131, 132
1118061.3.peg.181.site.18, 3, 135, 138
1118061.3.peg.181.site.19, 3, 136, 139
1118061.3.peg.181.site.20, 43, 145, 188
1118061.3.peg.181.site.21, 3, 148, 151
1118061.3.peg.181.site.22, 27, 149, 176
1118061.3.peg.180.site.1, 148, 149, 297
1118061.3.peg.180.site.2, 0, 150, 150
1118061.3.peg.180.site.3, 33, 149, 182
1118061.3.peg.180.site.4, 15, 150, 165
1118061.3.peg.180.site.5, 1, 149, 150
1118061.3.peg.180.site.6, 17, 146, 163
1118061.3.peg.180.site.7, 1, 150, 151
1118061.3.peg.180.site.8, 1, 150, 151
1118061.3.peg.180.site.9, 37, 148, 185
1118061.3.peg.180.site.10, 2, 148, 150
1118061.3.peg.180.site.11, 3, 150, 153
1118061.3.peg.180.site.12, 139, 149, 288
1118061.3.peg.180.site.13, 34, 149, 183
1118061.3.peg.180.site.14, 24, 150, 174
1118061.3.peg.180.site.15, 1, 150, 151
1118061.3.peg.180.site.16, 1, 148, 149
1118061.3.peg.180.site.17, 111, 149, 260
1118061.3.peg.180.site.18, 0, 149, 149
1118061.3.peg.180.site.19, 3, 150, 153
1118061.3.peg.180.site.20, 3, 150, 153
1118061.3.peg.180.site.21, 3, 150, 153
1118061.3.peg.180.site.22, 22, 150, 172
1118061.3.peg.180.site.23, 2, 150, 152
1118061.3.peg.180.site.24, 81, 150, 231
1118061.3.peg.180.site.25, 93, 149, 242
1118061.3.peg.180.site.26, 20, 148, 168
1118061.3.peg.180.site.27, 117, 150, 267
1118061.3.peg.183.site.1, 1, 150, 151
1118061.3.peg.183.site.2, 6, 150, 156
1118061.3.peg.183.site.3, 0, 150, 150
1118061.3.peg.182.site.1, 1, 149, 150
1118061.3.peg.182.site.2, 2, 146, 148
1118061.3.peg.182.site.3, 3, 150, 153
1118061.3.peg.182.site.4, 12, 150, 162
1118061.3.peg.182.site.5, 3, 148, 151
1118061.3.peg.185.site.1, 36, 149, 185
1118061.3.peg.185.site.2, 21, 147, 168
1118061.3.peg.185.site.3, 14, 149, 163
1118061.3.peg.185.site.4, 1, 139, 140
1118061.3.peg.185.site.5, 21, 136, 157
1118061.3.peg.185.site.6, 26, 150, 176
1118061.3.peg.185.site.7, 0, 149, 149
1118061.3.peg.185.site.8, 0, 150, 150
1118061.3.peg.185.site.9, 2, 150, 152
1118061.3.peg.185.site.10, 21, 150, 171
1118061.3.peg.185.site.11, 1, 150, 151
1118061.3.peg.185.site.12, 11, 150, 161
1118061.3.peg.185.site.13, 2, 149, 151
1118061.3.peg.185.site.14, 0, 149, 149
1118061.3.peg.185.site.15, 0, 147, 147
1118061.3.peg.185.site.16, 0, 146, 146
1118061.3.peg.185.site.17, 0, 144, 144
1118061.3.peg.185.site.18, 138, 150, 288
1118061.3.peg.185.site.19, 30, 150, 180
1118061.3.peg.184.site.1, 0, 143, 143
1118061.3.peg.184.site.2, 88, 107, 195
1118061.3.peg.184.site.3, 28, 147, 175
1118061.3.peg.184.site.4, 117, 138, 255
1118061.3.peg.184.site.5, 4, 123, 127
1118061.3.peg.184.site.6, 50, 128, 178
1118061.3.peg.184.site.7, 116, 135, 251
1118061.3.peg.184.site.8, 48, 149, 197
1118061.3.peg.184.site.9, 97, 149, 246
1118061.3.peg.184.site.10, 0, 148, 148
1118061.3.peg.184.site.11, 39, 148, 187
1118061.3.peg.184.site.12, 29, 148, 177
1118061.3.peg.187.site.1, 0, 147, 147
1118061.3.peg.187.site.2, 1, 146, 147
1118061.3.peg.187.site.3, 20, 137, 157
1118061.3.peg.187.site.4, 116, 130, 246
1118061.3.peg.187.site.5, 41, 136, 177
1118061.3.peg.186.site.1, 17, 150, 167
1118061.3.peg.186.site.2, 37, 149, 186
1118061.3.peg.186.site.3, 1, 146, 147
1118061.3.peg.186.site.4, 1, 149, 150
1118061.3.peg.186.site.5, 1, 150, 151
1118061.3.peg.186.site.6, 1, 150, 151
1118061.3.peg.186.site.7, 2, 144, 146
1118061.3.peg.186.site.8, 1, 138, 139
1118061.3.peg.186.site.9, 98, 141, 239
1118061.3.peg.186.site.10, 0, 141, 141
1118061.3.peg.186.site.11, 0, 144, 144
1118061.3.peg.186.site.12, 21, 144, 165
1118061.3.peg.186.site.13, 19, 140, 159
1118061.3.peg.186.site.14, 116, 150, 266
1118061.3.peg.186.site.15, 0, 149, 149
1118061.3.peg.186.site.16, 2, 150, 152
1118061.3.peg.186.site.17, 2, 150, 152
1118061.3.peg.186.site.18, 6, 150, 156
1118061.3.peg.186.site.19, 2, 148, 150
1118061.3.peg.186.site.20, 1, 148, 149
1118061.3.peg.186.site.21, 2, 149, 151
1118061.3.peg.186.site.22, 82, 149, 231
1118061.3.peg.186.site.23, 1, 144, 145
1118061.3.peg.186.site.24, 1, 147, 148
1118061.3.peg.186.site.25, 1, 144, 145
1118061.3.peg.186.site.26, 25, 143, 168
1118061.3.peg.186.site.27, 62, 148, 210
1118061.3.peg.186.site.28, 1, 147, 148
1118061.3.peg.186.site.29, 6, 145, 151
1118061.3.peg.186.site.30, 0, 148, 148
1118061.3.peg.186.site.31, 1, 148, 149
1118061.3.peg.186.site.32, 10, 140, 150
1118061.3.peg.186.site.33, 0, 141, 141
1118061.3.peg.186.site.34, 0, 145, 145
1118061.3.peg.1074.site.1, 149, 149, 298
1118061.3.peg.1074.site.2, 114, 145, 259
1118061.3.peg.1074.site.3, 20, 148, 168
1118061.3.peg.1074.site.4, 45, 145, 190
1118061.3.peg.1074.site.5, 33, 146, 179
1118061.3.peg.1074.site.6, 2, 134, 136
1118061.3.peg.1074.site.7, 3, 131, 134
1118061.3.peg.1074.site.8, 7, 119, 126
1118061.3.peg.1074.site.9, 14, 117, 131
1118061.3.peg.1074.site.10, 12, 121, 133
1118061.3.peg.1074.site.11, 11, 126, 137
1118061.3.peg.1074.site.12, 0, 134, 134
1118061.3.peg.1074.site.13, 0, 141, 141
1118061.3.peg.1074.site.14, 0, 135, 135
1118061.3.peg.1074.site.15, 0, 146, 146
1118061.3.peg.1074.site.16, 2, 149, 151
1118061.3.peg.1074.site.17, 41, 149, 190
1118061.3.peg.1074.site.18, 2, 145, 147
1118061.3.peg.1074.site.19, 123, 123, 246
1118061.3.peg.1074.site.20, 1, 122, 123
1118061.3.peg.1074.site.21, 1, 119, 120
1118061.3.peg.1074.site.22, 2, 125, 127
1118061.3.peg.1074.site.23, 3, 150, 153
1118061.3.peg.1879.site.1, 120, 150, 270
1118061.3.peg.1879.site.2, 60, 144, 204
1118061.3.peg.1879.site.3, 4, 148, 152
1118061.3.peg.1879.site.4, 0, 149, 149
1118061.3.peg.1879.site.5, 13, 149, 162
1118061.3.peg.1879.site.6, 3, 149, 152
1118061.3.peg.1879.site.7, 8, 149, 157
1118061.3.peg.1878.site.1, 38, 150, 188
1118061.3.peg.1878.site.2, 10, 150, 160
1118061.3.peg.1878.site.3, 79, 149, 228
1118061.3.peg.1878.site.4, 9, 150, 159
1118061.3.peg.1878.site.5, 11, 150, 161
1118061.3.peg.1878.site.6, 7, 150, 157
1118061.3.peg.1878.site.7, 111, 150, 261
1118061.3.peg.1878.site.8, 53, 149, 202
1118061.3.peg.1878.site.9, 0, 150, 150
1118061.3.peg.1878.site.10, 0, 150, 150
1118061.3.peg.1878.site.11, 28, 149, 177
1118061.3.peg.1878.site.12, 20, 148, 168
1118061.3.peg.1878.site.13, 20, 148, 168
1118061.3.peg.1878.site.14, 2, 149, 151
1118061.3.peg.1878.site.15, 2, 148, 150
1118061.3.peg.1877.site.1, 96, 119, 215
1118061.3.peg.1877.site.2, 36, 109, 145
1118061.3.peg.1877.site.3, 17, 131, 148
1118061.3.peg.1877.site.4, 65, 130, 195
1118061.3.peg.1877.site.5, 21, 139, 160
1118061.3.peg.1877.site.6, 38, 144, 182
1118061.3.peg.1877.site.7, 3, 142, 145
1118061.3.peg.1877.site.8, 13, 149, 162
1118061.3.peg.1877.site.9, 23, 148, 171
1118061.3.peg.1876.site.1, 0, 126, 126
1118061.3.peg.1876.site.2, 83, 147, 230
1118061.3.peg.1876.site.3, 0, 144, 144
1118061.3.peg.1876.site.4, 4, 148, 152
1118061.3.peg.1876.site.5, 125, 149, 274
1118061.3.peg.1876.site.6, 26, 149, 175
1118061.3.peg.1876.site.7, 11, 150, 161
1118061.3.peg.1876.site.8, 2, 150, 152
1118061.3.peg.1876.site.9, 3, 139, 142
1118061.3.peg.1876.site.10, 0, 124, 124
1118061.3.peg.1876.site.11, 39, 103, 142
1118061.3.peg.1876.site.12, 4, 95, 99
1118061.3.peg.1876.site.13, 60, 105, 165
1118061.3.peg.1876.site.14, 2, 98, 100
1118061.3.peg.1874.site.1, 4, 141, 145
1118061.3.peg.1874.site.2, 57, 138, 195
1118061.3.peg.1874.site.3, 4, 145, 149
1118061.3.peg.1874.site.4, 4, 137, 141
1118061.3.peg.1874.site.5, 4, 130, 134
1118061.3.peg.1874.site.6, 11, 130, 141
1118061.3.peg.1874.site.7, 8, 136, 144
1118061.3.peg.1874.site.8, 2, 148, 150
1118061.3.peg.1874.site.9, 144, 149, 293
1118061.3.peg.1874.site.10, 85, 148, 233
1118061.3.peg.1874.site.11, 14, 147, 161
1118061.3.peg.1874.site.12, 14, 146, 160
1118061.3.peg.1874.site.13, 11, 147, 158
1118061.3.peg.1874.site.14, 6, 146, 152
1118061.3.peg.1874.site.15, 5, 147, 152
1118061.3.peg.1874.site.16, 0, 145, 145
1118061.3.peg.1874.site.17, 62, 149, 211
1118061.3.peg.1874.site.18, 7, 150, 157
1118061.3.peg.1874.site.19, 2, 148, 150
1118061.3.peg.1874.site.20, 17, 148, 165
1118061.3.peg.1874.site.21, 27, 150, 177
1118061.3.peg.1874.site.22, 12, 150, 162
1118061.3.peg.1874.site.23, 33, 150, 183
1118061.3.peg.1874.site.24, 7, 150, 157
1118061.3.peg.1874.site.25, 11, 57, 68
1118061.3.peg.1874.site.26, 4, 56, 60
1118061.3.peg.1873.site.1, 1, 133, 134
1118061.3.peg.1873.site.2, 0, 138, 138
1118061.3.peg.1873.site.3, 5, 138, 143
1118061.3.peg.1872.site.1, 1, 143, 144
1118061.3.peg.1872.site.2, 3, 149, 152
1118061.3.peg.1872.site.3, 65, 150, 215
1118061.3.peg.1872.site.4, 4, 150, 154
1118061.3.peg.1872.site.5, 0, 149, 149
1118061.3.peg.1872.site.6, 3, 149, 152
1118061.3.peg.1872.site.7, 65, 148, 213
1118061.3.peg.1872.site.8, 68, 148, 216
1118061.3.peg.1872.site.9, 2, 149, 151
1118061.3.peg.1872.site.10, 13, 147, 160
1118061.3.peg.1872.site.11, 13, 149, 162
1118061.3.peg.1872.site.12, 13, 148, 161
1118061.3.peg.1872.site.13, 2, 148, 150
1118061.3.peg.1872.site.14, 66, 144, 210
1118061.3.peg.1872.site.15, 23, 148, 171
1118061.3.peg.1872.site.16, 73, 148, 221
1118061.3.peg.1872.site.17, 65, 147, 212
1118061.3.peg.1872.site.18, 59, 145, 204
1118061.3.peg.1872.site.19, 12, 149, 161
1118061.3.peg.1872.site.20, 2, 146, 148
1118061.3.peg.1872.site.21, 55, 147, 202
1118061.3.peg.1872.site.22, 43, 147, 190
1118061.3.peg.1872.site.23, 94, 148, 242
1118061.3.peg.1872.site.24, 19, 143, 162
1118061.3.peg.1872.site.25, 12, 139, 151
1118061.3.peg.1872.site.26, 2, 120, 122
1118061.3.peg.1872.site.27, 2, 121, 123
1118061.3.peg.1872.site.28, 12, 149, 161
1118061.3.peg.1872.site.29, 1, 148, 149
1118061.3.peg.1872.site.30, 0, 149, 149
1118061.3.peg.1872.site.31, 19, 147, 166
1118061.3.peg.1872.site.32, 1, 134, 135
1118061.3.peg.1872.site.33, 2, 149, 151
1118061.3.peg.1872.site.34, 31, 150, 181
1118061.3.peg.1871.site.1, 2, 16, 18
1118061.3.peg.1871.site.2, 6, 6, 12
1118061.3.peg.1871.site.3, 4, 11, 15
1118061.3.peg.1871.site.4, 31, 61, 92
1118061.3.peg.1871.site.5, 0, 102, 102
1118061.3.peg.1871.site.6, 0, 78, 78
1118061.3.peg.1870.site.1, 137, 140, 277
1118061.3.peg.1870.site.2, 70, 135, 205
1118061.3.peg.1870.site.3, 11, 145, 156
1118061.3.peg.1870.site.4, 26, 146, 172
1118061.3.peg.1870.site.5, 2, 145, 147
1118061.3.peg.1870.site.6, 2, 147, 149
1118061.3.peg.1870.site.7, 0, 148, 148
1118061.3.peg.1870.site.8, 12, 148, 160
1118061.3.peg.385.site.1, 3, 149, 152
1118061.3.peg.385.site.2, 3, 149, 152
1118061.3.peg.385.site.3, 28, 144, 172
1118061.3.peg.385.site.4, 1, 147, 148
1118061.3.peg.385.site.5, 53, 146, 199
1118061.3.peg.385.site.6, 23, 150, 173
1118061.3.peg.385.site.7, 23, 150, 173
1118061.3.peg.385.site.8, 1, 150, 151
1118061.3.peg.384.site.1, 31, 149, 180
1118061.3.peg.384.site.2, 2, 149, 151
1118061.3.peg.384.site.3, 3, 150, 153
1118061.3.peg.384.site.4, 1, 150, 151
1118061.3.peg.384.site.5, 22, 148, 170
1118061.3.peg.384.site.6, 47, 148, 195
1118061.3.peg.384.site.7, 36, 150, 186
1118061.3.peg.384.site.8, 0, 150, 150
1118061.3.peg.384.site.9, 19, 149, 168
1118061.3.peg.384.site.10, 8, 150, 158
1118061.3.peg.384.site.11, 13, 150, 163
1118061.3.peg.384.site.12, 0, 139, 139
1118061.3.peg.384.site.13, 48, 149, 197
1118061.3.peg.384.site.14, 31, 149, 180
1118061.3.peg.384.site.15, 50, 146, 196
1118061.3.peg.384.site.16, 2, 146, 148
1118061.3.peg.384.site.17, 2, 147, 149
1118061.3.peg.384.site.18, 29, 148, 177
1118061.3.peg.384.site.19, 0, 149, 149
1118061.3.peg.384.site.20, 0, 149, 149
1118061.3.peg.384.site.21, 0, 148, 148
1118061.3.peg.384.site.22, 128, 149, 277
1118061.3.peg.384.site.23, 141, 147, 288
1118061.3.peg.384.site.24, 2, 150, 152
1118061.3.peg.384.site.25, 49, 150, 199
1118061.3.peg.384.site.26, 0, 148, 148
1118061.3.peg.384.site.27, 2, 150, 152
1118061.3.peg.384.site.28, 37, 138, 175
1118061.3.peg.384.site.29, 82, 130, 212
1118061.3.peg.384.site.30, 130, 130, 260
1118061.3.peg.2792.site.1, 1, 149, 150
1118061.3.peg.2792.site.2, 0, 149, 149
1118061.3.peg.2792.site.3, 5, 150, 155
1118061.3.peg.2792.site.4, 0, 145, 145
1118061.3.peg.2792.site.5, 3, 148, 151
1118061.3.peg.2792.site.6, 0, 147, 147
1118061.3.peg.2792.site.7, 2, 143, 145
1118061.3.peg.2792.site.8, 27, 130, 157
1118061.3.peg.2792.site.9, 2, 137, 139
1118061.3.peg.2792.site.10, 66, 131, 197
1118061.3.peg.2792.site.11, 1, 149, 150
1118061.3.peg.2217.site.1, 8, 145, 153
1118061.3.peg.2217.site.2, 1, 146, 147
1118061.3.peg.1657.site.1, 0, 138, 138
1118061.3.peg.1657.site.2, 5, 140, 145
1118061.3.peg.1657.site.3, 20, 146, 166
1118061.3.peg.1657.site.4, 2, 145, 147
1118061.3.peg.1657.site.5, 148, 148, 296
1118061.3.peg.1657.site.6, 6, 143, 149
1118061.3.peg.1657.site.7, 1, 147, 148
1118061.3.peg.1657.site.8, 2, 147, 149
1118061.3.peg.1657.site.9, 2, 148, 150
1118061.3.peg.1657.site.10, 98, 131, 229
1118061.3.peg.1657.site.11, 132, 132, 264
1118061.3.peg.1657.site.12, 9, 137, 146
1118061.3.peg.1657.site.13, 1, 138, 139
1118061.3.peg.1657.site.14, 1, 140, 141
1118061.3.peg.1657.site.15, 130, 132, 262
1118061.3.peg.1657.site.16, 120, 131, 251
1118061.3.peg.1657.site.17, 47, 147, 194
1118061.3.peg.1657.site.18, 2, 149, 151
1118061.3.peg.1657.site.19, 2, 145, 147
1118061.3.peg.1657.site.20, 2, 145, 147
1118061.3.peg.1657.site.21, 133, 147, 280
1118061.3.peg.1657.site.22, 98, 146, 244
1118061.3.peg.1657.site.23, 21, 148, 169
1118061.3.peg.1657.site.24, 5, 150, 155
1118061.3.peg.1657.site.25, 2, 150, 152
1118061.3.peg.1657.site.26, 2, 150, 152
1118061.3.peg.1657.site.27, 1, 150, 151
1118061.3.peg.1657.site.28, 1, 150, 151
1118061.3.peg.1657.site.29, 2, 149, 151
1118061.3.peg.1657.site.30, 1, 150, 151
1118061.3.peg.1657.site.31, 2, 150, 152
1118061.3.peg.1657.site.32, 117, 148, 265
1118061.3.peg.1657.site.33, 106, 149, 255
1118061.3.peg.1657.site.34, 1, 148, 149
1118061.3.peg.1657.site.35, 0, 150, 150
1118061.3.peg.1657.site.36, 34, 149, 183
1118061.3.peg.1657.site.37, 11, 150, 161
1118061.3.peg.1657.site.38, 5, 148, 153
1118061.3.peg.1657.site.39, 144, 144, 288
1118061.3.peg.1657.site.40, 1, 148, 149
1118061.3.peg.1657.site.41, 1, 150, 151
1118061.3.peg.1657.site.42, 2, 149, 151
1118061.3.peg.1657.site.43, 9, 149, 158
1118061.3.peg.1657.site.44, 11, 144, 155
1118061.3.peg.1657.site.45, 5, 140, 145
1118061.3.peg.1657.site.46, 113, 114, 227
1118061.3.peg.1657.site.47, 49, 80, 129
1118061.3.peg.1657.site.48, 1, 76, 77
1118061.3.peg.1656.site.1, 18, 111, 129
1118061.3.peg.1656.site.2, 3, 131, 134
1118061.3.peg.1656.site.3, 2, 145, 147
1118061.3.peg.1656.site.4, 2, 144, 146
1118061.3.peg.1656.site.5, 2, 148, 150
1118061.3.peg.1656.site.6, 2, 148, 150
1118061.3.peg.1656.site.7, 2, 149, 151
1118061.3.peg.1655.site.1, 1, 148, 149
1118061.3.peg.1655.site.2, 65, 147, 212
1118061.3.peg.1655.site.3, 56, 148, 204
1118061.3.peg.1655.site.4, 100, 142, 242
1118061.3.peg.1655.site.5, 63, 143, 206
1118061.3.peg.1655.site.6, 0, 146, 146
1118061.3.peg.1655.site.7, 1, 145, 146
1118061.3.peg.1655.site.8, 56, 145, 201
1118061.3.peg.1655.site.9, 146, 146, 292
1118061.3.peg.1655.site.10, 143, 143, 286
1118061.3.peg.1655.site.11, 3, 144, 147
1118061.3.peg.1655.site.12, 42, 149, 191
1118061.3.peg.1655.site.13, 17, 146, 163
1118061.3.peg.1655.site.14, 2, 150, 152
1118061.3.peg.1655.site.15, 2, 149, 151
1118061.3.peg.1655.site.16, 1, 149, 150
1118061.3.peg.1655.site.17, 1, 149, 150
1118061.3.peg.1655.site.18, 2, 150, 152
1118061.3.peg.1655.site.19, 147, 150, 297
1118061.3.peg.1655.site.20, 70, 148, 218
1118061.3.peg.1655.site.21, 16, 150, 166
1118061.3.peg.1655.site.22, 14, 150, 164
1118061.3.peg.1655.site.23, 150, 150, 300
1118061.3.peg.1655.site.24, 2, 149, 151
1118061.3.peg.1654.site.1, 12, 141, 153
1118061.3.peg.1654.site.2, 20, 141, 161
1118061.3.peg.1654.site.3, 2, 147, 149
1118061.3.peg.1654.site.4, 2, 142, 144
1118061.3.peg.1654.site.5, 1, 138, 139
1118061.3.peg.1654.site.6, 1, 147, 148
1118061.3.peg.1654.site.7, 109, 146, 255
1118061.3.peg.1654.site.8, 2, 150, 152
1118061.3.peg.1654.site.9, 12, 147, 159
1118061.3.peg.1654.site.10, 81, 145, 226
1118061.3.peg.1654.site.11, 41, 147, 188
1118061.3.peg.1654.site.12, 2, 134, 136
1118061.3.peg.1654.site.13, 3, 133, 136
1118061.3.peg.1654.site.14, 0, 147, 147
1118061.3.peg.1654.site.15, 2, 149, 151
1118061.3.peg.1654.site.16, 26, 148, 174
1118061.3.peg.1654.site.17, 7, 150, 157
1118061.3.peg.1654.site.18, 1, 148, 149
1118061.3.peg.1654.site.19, 0, 150, 150
1118061.3.peg.1654.site.20, 23, 150, 173
1118061.3.peg.1654.site.21, 7, 150, 157
1118061.3.peg.1654.site.22, 60, 150, 210
1118061.3.peg.1654.site.23, 18, 149, 167
1118061.3.peg.1654.site.24, 81, 150, 231
1118061.3.peg.1654.site.25, 33, 150, 183
1118061.3.peg.1654.site.26, 2, 150, 152
1118061.3.peg.1654.site.27, 82, 150, 232
1118061.3.peg.1654.site.28, 10, 150, 160
1118061.3.peg.1654.site.29, 54, 150, 204
1118061.3.peg.1654.site.30, 148, 148, 296
1118061.3.peg.1654.site.31, 7, 149, 156
1118061.3.peg.1654.site.32, 7, 150, 157
1118061.3.peg.1653.site.1, 0, 147, 147
1118061.3.peg.1653.site.2, 0, 149, 149
1118061.3.peg.1653.site.3, 43, 148, 191
1118061.3.peg.1653.site.4, 2, 146, 148
1118061.3.peg.1653.site.5, 25, 141, 166
1118061.3.peg.1653.site.6, 3, 145, 148
1118061.3.peg.1653.site.7, 1, 144, 145
1118061.3.peg.1653.site.8, 23, 142, 165
1118061.3.peg.1653.site.9, 139, 139, 278
1118061.3.peg.1653.site.10, 1, 141, 142
1118061.3.peg.1653.site.11, 42, 148, 190
1118061.3.peg.1653.site.12, 68, 149, 217
1118061.3.peg.1653.site.13, 25, 149, 174
1118061.3.peg.1653.site.14, 46, 150, 196
1118061.3.peg.1653.site.15, 0, 150, 150
1118061.3.peg.1653.site.16, 3, 150, 153
1118061.3.peg.1653.site.17, 34, 149, 183
1118061.3.peg.1652.site.1, 150, 150, 300
1118061.3.peg.1652.site.2, 1, 150, 151
1118061.3.peg.1652.site.3, 5, 150, 155
1118061.3.peg.1652.site.4, 24, 150, 174
1118061.3.peg.1652.site.5, 23, 149, 172
1118061.3.peg.1652.site.6, 23, 148, 171
1118061.3.peg.1652.site.7, 0, 150, 150
1118061.3.peg.1652.site.8, 0, 150, 150
1118061.3.peg.1652.site.9, 29, 144, 173
1118061.3.peg.1652.site.10, 0, 150, 150
1118061.3.peg.1652.site.11, 5, 148, 153
1118061.3.peg.1652.site.12, 36, 147, 183
1118061.3.peg.1652.site.13, 1, 150, 151
1118061.3.peg.1652.site.14, 0, 148, 148
1118061.3.peg.1652.site.15, 96, 150, 246
1118061.3.peg.1652.site.16, 0, 148, 148
1118061.3.peg.1652.site.17, 2, 149, 151
1118061.3.peg.1652.site.18, 2, 148, 150
1118061.3.peg.1652.site.19, 2, 149, 151
1118061.3.peg.1652.site.20, 45, 149, 194
1118061.3.peg.1652.site.21, 15, 148, 163
1118061.3.peg.1652.site.22, 100, 146, 246
1118061.3.peg.1652.site.23, 31, 149, 180
1118061.3.peg.1652.site.24, 1, 148, 149
1118061.3.peg.1652.site.25, 0, 141, 141
1118061.3.peg.1652.site.26, 12, 149, 161
1118061.3.peg.1651.site.1, 0, 149, 149
1118061.3.peg.1651.site.2, 91, 148, 239
1118061.3.peg.1651.site.3, 11, 150, 161
1118061.3.peg.1651.site.4, 12, 150, 162
1118061.3.peg.1651.site.5, 39, 150, 189
1118061.3.peg.1651.site.6, 85, 150, 235
1118061.3.peg.1651.site.7, 0, 150, 150
1118061.3.peg.1651.site.8, 114, 150, 264
1118061.3.peg.1651.site.9, 2, 148, 150
1118061.3.peg.1651.site.10, 0, 147, 147
1118061.3.peg.1651.site.11, 84, 148, 232
1118061.3.peg.1651.site.12, 1, 150, 151
1118061.3.peg.1651.site.13, 0, 150, 150
1118061.3.peg.1650.site.1, 109, 140, 249
1118061.3.peg.1650.site.2, 35, 141, 176
1118061.3.peg.1650.site.3, 1, 138, 139
1118061.3.peg.1650.site.4, 35, 140, 175
1118061.3.peg.1650.site.5, 1, 131, 132
1118061.3.peg.1650.site.6, 3, 122, 125
1118061.3.peg.1650.site.7, 0, 102, 102
1118061.3.peg.1650.site.8, 15, 119, 134
1118061.3.peg.1650.site.9, 32, 140, 172
1118061.3.peg.1650.site.10, 0, 149, 149
1118061.3.peg.1659.site.1, 3, 148, 151
1118061.3.peg.1659.site.2, 146, 149, 295
1118061.3.peg.1659.site.3, 0, 149, 149
1118061.3.peg.1659.site.4, 7, 150, 157
1118061.3.peg.1659.site.5, 0, 150, 150
1118061.3.peg.1659.site.6, 8, 149, 157
1118061.3.peg.1659.site.7, 20, 149, 169
1118061.3.peg.1659.site.8, 146, 146, 292
1118061.3.peg.1659.site.9, 147, 147, 294
1118061.3.peg.1659.site.10, 29, 149, 178
1118061.3.peg.1659.site.11, 21, 150, 171
1118061.3.peg.1659.site.12, 131, 150, 281
1118061.3.peg.1659.site.13, 48, 148, 196
1118061.3.peg.1659.site.14, 11, 150, 161
1118061.3.peg.1659.site.15, 5, 150, 155
1118061.3.peg.1659.site.16, 22, 150, 172
1118061.3.peg.1659.site.17, 30, 149, 179
1118061.3.peg.1659.site.18, 14, 149, 163
1118061.3.peg.1659.site.19, 20, 150, 170
1118061.3.peg.1659.site.20, 2, 150, 152
1118061.3.peg.1659.site.21, 32, 149, 181
1118061.3.peg.1659.site.22, 0, 149, 149
1118061.3.peg.1216.site.1, 0, 150, 150
1118061.3.peg.1216.site.2, 0, 150, 150
1118061.3.peg.1216.site.3, 9, 150, 159
1118061.3.peg.1216.site.4, 0, 150, 150
1118061.3.peg.1216.site.5, 0, 150, 150
1118061.3.peg.1216.site.6, 20, 150, 170
1118061.3.peg.1216.site.7, 0, 147, 147
1118061.3.peg.1216.site.8, 6, 149, 155
1118061.3.peg.1216.site.9, 0, 149, 149
1118061.3.peg.1216.site.10, 19, 150, 169
1118061.3.peg.1216.site.11, 86, 147, 233
1118061.3.peg.1216.site.12, 8, 149, 157
1118061.3.peg.1216.site.13, 12, 147, 159
1118061.3.peg.1216.site.14, 0, 149, 149
1118061.3.peg.1216.site.15, 56, 148, 204
1118061.3.peg.1216.site.16, 3, 144, 147
1118061.3.peg.1216.site.17, 1, 144, 145
1118061.3.peg.1216.site.18, 1, 144, 145
1118061.3.peg.1216.site.19, 1, 144, 145
1118061.3.peg.1216.site.20, 5, 148, 153
1118061.3.peg.1216.site.21, 6, 149, 155
1118061.3.peg.1216.site.22, 1, 150, 151
1118061.3.peg.1216.site.23, 139, 149, 288
1118061.3.peg.1216.site.24, 0, 150, 150
1118061.3.peg.2455.site.1, 2, 140, 142
1118061.3.peg.2455.site.2, 3, 137, 140
1118061.3.peg.2455.site.3, 0, 146, 146
1118061.3.peg.2455.site.4, 20, 147, 167
1118061.3.peg.2455.site.5, 7, 147, 154
1118061.3.peg.2455.site.6, 28, 146, 174
1118061.3.peg.2455.site.7, 2, 150, 152
1118061.3.peg.2455.site.8, 0, 149, 149
1118061.3.peg.2455.site.9, 61, 149, 210
1118061.3.peg.2455.site.10, 1, 150, 151
1118061.3.peg.2455.site.11, 140, 149, 289
1118061.3.peg.2455.site.12, 54, 136, 190
1118061.3.peg.2455.site.13, 10, 142, 152
1118061.3.peg.2455.site.14, 3, 147, 150
1118061.3.peg.2455.site.15, 5, 143, 148
1118061.3.peg.2455.site.16, 0, 142, 142
1118061.3.peg.2455.site.17, 59, 140, 199
1118061.3.peg.2455.site.18, 3, 148, 151
1118061.3.peg.2455.site.19, 120, 148, 268
1118061.3.peg.2455.site.20, 1, 149, 150
1118061.3.peg.2455.site.21, 13, 149, 162
1118061.3.peg.2455.site.22, 3, 149, 152
1118061.3.peg.2455.site.23, 2, 150, 152
1118061.3.peg.2455.site.24, 0, 150, 150
1118061.3.peg.2455.site.25, 1, 148, 149
1118061.3.peg.2455.site.26, 13, 149, 162
1118061.3.peg.2455.site.27, 1, 146, 147
1118061.3.peg.2455.site.28, 4, 149, 153
1118061.3.peg.2455.site.29, 3, 136, 139
1118061.3.peg.2455.site.30, 94, 132, 226
1118061.3.peg.2455.site.31, 5, 123, 128
1118061.3.peg.2455.site.32, 0, 131, 131
1118061.3.peg.1890.site.1, 21, 111, 132
1118061.3.peg.1890.site.2, 1, 126, 127
1118061.3.peg.1890.site.3, 24, 135, 159
1118061.3.peg.1890.site.4, 5, 144, 149
1118061.3.peg.1890.site.5, 41, 144, 185
1118061.3.peg.1890.site.6, 117, 149, 266
1118061.3.peg.1890.site.7, 2, 149, 151
1118061.3.peg.1890.site.8, 25, 148, 173
1118061.3.peg.1890.site.9, 18, 148, 166
1118061.3.peg.1890.site.10, 2, 150, 152
1118061.3.peg.1890.site.11, 49, 146, 195
1118061.3.peg.1890.site.12, 4, 149, 153
1118061.3.peg.1893.site.1, 25, 148, 173
1118061.3.peg.1893.site.2, 13, 145, 158
1118061.3.peg.1893.site.3, 67, 142, 209
1118061.3.peg.1893.site.4, 143, 143, 286
1118061.3.peg.1893.site.5, 148, 148, 296
1118061.3.peg.1893.site.6, 0, 146, 146
1118061.3.peg.1893.site.7, 2, 147, 149
1118061.3.peg.1893.site.8, 1, 149, 150
1118061.3.peg.1893.site.9, 15, 147, 162
1118061.3.peg.1892.site.1, 52, 141, 193
1118061.3.peg.1892.site.2, 76, 139, 215
1118061.3.peg.1892.site.3, 50, 147, 197
1118061.3.peg.1892.site.4, 123, 147, 270
1118061.3.peg.1892.site.5, 66, 145, 211
1118061.3.peg.1892.site.6, 3, 149, 152
1118061.3.peg.1892.site.7, 0, 149, 149
1118061.3.peg.1892.site.8, 2, 147, 149
1118061.3.peg.1892.site.9, 8, 144, 152
1118061.3.peg.1892.site.10, 16, 146, 162
1118061.3.peg.1892.site.11, 39, 118, 157
1118061.3.peg.1892.site.12, 6, 105, 111
1118061.3.peg.1892.site.13, 137, 139, 276
1118061.3.peg.1892.site.14, 37, 143, 180
1118061.3.peg.1892.site.15, 8, 147, 155
1118061.3.peg.1892.site.16, 28, 146, 174
1118061.3.peg.1892.site.17, 5, 147, 152
1118061.3.peg.1892.site.18, 0, 146, 146
1118061.3.peg.1892.site.19, 140, 140, 280
1118061.3.peg.1892.site.20, 39, 127, 166
1118061.3.peg.1892.site.21, 2, 131, 133
1118061.3.peg.1892.site.22, 3, 144, 147
1118061.3.peg.1892.site.23, 4, 145, 149
1118061.3.peg.1892.site.24, 14, 142, 156
1118061.3.peg.1892.site.25, 50, 147, 197
1118061.3.peg.1892.site.26, 4, 149, 153
1118061.3.peg.1892.site.27, 52, 148, 200
1118061.3.peg.1892.site.28, 63, 149, 212
1118061.3.peg.1892.site.29, 123, 129, 252
1118061.3.peg.1892.site.30, 14, 147, 161
1118061.3.peg.1892.site.31, 1, 148, 149
1118061.3.peg.1892.site.32, 4, 147, 151
1118061.3.peg.1892.site.33, 33, 141, 174
1118061.3.peg.1892.site.34, 2, 150, 152
1118061.3.peg.1892.site.35, 0, 149, 149
1118061.3.peg.1892.site.36, 1, 149, 150
1118061.3.peg.1895.site.1, 108, 109, 217
1118061.3.peg.1895.site.2, 0, 146, 146
1118061.3.peg.1895.site.3, 2, 146, 148
1118061.3.peg.1895.site.4, 19, 141, 160
1118061.3.peg.1895.site.5, 40, 139, 179
1118061.3.peg.1895.site.6, 147, 149, 296
1118061.3.peg.1895.site.7, 147, 149, 296
1118061.3.peg.1894.site.1, 0, 150, 150
1118061.3.peg.1894.site.2, 1, 147, 148
1118061.3.peg.1894.site.3, 2, 147, 149
1118061.3.peg.1894.site.4, 0, 149, 149
1118061.3.peg.1894.site.5, 145, 145, 290
1118061.3.peg.1894.site.6, 5, 142, 147
1118061.3.peg.1894.site.7, 142, 142, 284
1118061.3.peg.1894.site.8, 26, 145, 171
1118061.3.peg.1894.site.9, 72, 149, 221
1118061.3.peg.1894.site.10, 149, 149, 298
1118061.3.peg.1894.site.11, 150, 150, 300
1118061.3.peg.1894.site.12, 2, 143, 145
1118061.3.peg.1894.site.13, 0, 147, 147
1118061.3.peg.1894.site.14, 0, 144, 144
1118061.3.peg.1894.site.15, 30, 146, 176
1118061.3.peg.1894.site.16, 61, 148, 209
1118061.3.peg.1894.site.17, 2, 150, 152
1118061.3.peg.1894.site.18, 2, 150, 152
1118061.3.peg.1894.site.19, 2, 150, 152
1118061.3.peg.1894.site.20, 2, 148, 150
1118061.3.peg.1894.site.21, 64, 133, 197
1118061.3.peg.1894.site.22, 15, 143, 158
1118061.3.peg.1894.site.23, 3, 147, 150
1118061.3.peg.1894.site.24, 8, 148, 156
1118061.3.peg.1894.site.25, 3, 150, 153
1118061.3.peg.1894.site.26, 53, 150, 203
1118061.3.peg.1894.site.27, 34, 146, 180
1118061.3.peg.1894.site.28, 0, 148, 148
1118061.3.peg.1894.site.29, 24, 146, 170
1118061.3.peg.1894.site.30, 23, 145, 168
1118061.3.peg.1894.site.31, 35, 142, 177
1118061.3.peg.1894.site.32, 21, 147, 168
1118061.3.peg.1894.site.33, 141, 147, 288
1118061.3.peg.1894.site.34, 1, 144, 145
1118061.3.peg.1894.site.35, 1, 148, 149
1118061.3.peg.1894.site.36, 0, 146, 146
1118061.3.peg.1894.site.37, 0, 147, 147
1118061.3.peg.1894.site.38, 2, 146, 148
1118061.3.peg.1894.site.39, 1, 142, 143
1118061.3.peg.1894.site.40, 0, 147, 147
1118061.3.peg.1894.site.41, 2, 150, 152
1118061.3.peg.1894.site.42, 3, 150, 153
1118061.3.peg.1894.site.43, 0, 150, 150
1118061.3.peg.1894.site.44, 146, 146, 292
1118061.3.peg.1897.site.1, 1, 148, 149
1118061.3.peg.1897.site.2, 0, 150, 150
1118061.3.peg.1897.site.3, 75, 150, 225
1118061.3.peg.1897.site.4, 12, 150, 162
1118061.3.peg.1897.site.5, 21, 148, 169
1118061.3.peg.1897.site.6, 1, 137, 138
1118061.3.peg.1897.site.7, 2, 131, 133
1118061.3.peg.1897.site.8, 21, 146, 167
1118061.3.peg.1897.site.9, 35, 142, 177
1118061.3.peg.1897.site.10, 7, 146, 153
1118061.3.peg.1896.site.1, 0, 149, 149
1118061.3.peg.1896.site.2, 1, 150, 151
1118061.3.peg.1896.site.3, 64, 149, 213
1118061.3.peg.1896.site.4, 92, 147, 239
1118061.3.peg.1896.site.5, 100, 136, 236
1118061.3.peg.1896.site.6, 12, 130, 142
1118061.3.peg.1896.site.7, 149, 149, 298
1118061.3.peg.1896.site.8, 101, 149, 250
1118061.3.peg.1896.site.9, 1, 149, 150
1118061.3.peg.1896.site.10, 34, 145, 179
1118061.3.peg.1896.site.11, 77, 148, 225
1118061.3.peg.1896.site.12, 15, 146, 161
1118061.3.peg.1899.site.1, 0, 149, 149
1118061.3.peg.1899.site.2, 2, 150, 152
1118061.3.peg.1899.site.3, 19, 145, 164
1118061.3.peg.1899.site.4, 130, 143, 273
1118061.3.peg.1899.site.5, 0, 148, 148
1118061.3.peg.1899.site.6, 5, 148, 153
1118061.3.peg.1899.site.7, 0, 145, 145
1118061.3.peg.1899.site.8, 2, 144, 146
1118061.3.peg.1898.site.1, 21, 150, 171
1118061.3.peg.1149.site.1, 0, 131, 131
1118061.3.peg.1149.site.2, 0, 133, 133
1118061.3.peg.1149.site.3, 1, 138, 139
1118061.3.peg.1149.site.4, 30, 145, 175
1118061.3.peg.2162.site.1, 3, 149, 152
1118061.3.peg.2162.site.2, 4, 148, 152
1118061.3.peg.2162.site.3, 129, 143, 272
1118061.3.peg.2162.site.4, 16, 148, 164
1118061.3.peg.2162.site.5, 14, 148, 162
1118061.3.peg.2162.site.6, 2, 149, 151
1118061.3.peg.2162.site.7, 10, 147, 157
1118061.3.peg.2162.site.8, 2, 148, 150
1118061.3.peg.2162.site.9, 10, 149, 159
1118061.3.peg.2162.site.10, 13, 149, 162
1118061.3.peg.2162.site.11, 1, 149, 150
1118061.3.peg.2162.site.12, 145, 149, 294
1118061.3.peg.2162.site.13, 12, 144, 156
1118061.3.peg.1406.site.1, 0, 150, 150
1118061.3.peg.1406.site.2, 0, 150, 150
1118061.3.peg.1406.site.3, 4, 146, 150
1118061.3.peg.1406.site.4, 13, 147, 160
1118061.3.peg.1406.site.5, 20, 148, 168
1118061.3.peg.1406.site.6, 2, 143, 145
1118061.3.peg.1406.site.7, 0, 143, 143
1118061.3.peg.1406.site.8, 0, 132, 132
1118061.3.peg.1406.site.9, 0, 140, 140
1118061.3.peg.314.site.1, 149, 150, 299
1118061.3.peg.314.site.2, 149, 149, 298
1118061.3.peg.314.site.3, 150, 150, 300
1118061.3.peg.314.site.4, 1, 142, 143
1118061.3.peg.314.site.5, 150, 150, 300
1118061.3.peg.314.site.6, 14, 150, 164
1118061.3.peg.314.site.7, 2, 150, 152
1118061.3.peg.314.site.8, 12, 149, 161
1118061.3.peg.314.site.9, 40, 147, 187
1118061.3.peg.314.site.10, 147, 147, 294
1118061.3.peg.314.site.11, 1, 149, 150
1118061.3.peg.314.site.12, 1, 149, 150
1118061.3.peg.314.site.13, 3, 150, 153
1118061.3.peg.314.site.14, 13, 150, 163
1118061.3.peg.314.site.15, 7, 150, 157
1118061.3.peg.314.site.16, 1, 150, 151
1118061.3.peg.314.site.17, 122, 150, 272
1118061.3.peg.314.site.18, 0, 149, 149
1118061.3.peg.314.site.19, 0, 150, 150
1118061.3.peg.314.site.20, 3, 150, 153
1118061.3.peg.314.site.21, 10, 150, 160
1118061.3.peg.314.site.22, 3, 150, 153
1118061.3.peg.314.site.23, 3, 150, 153
1118061.3.peg.314.site.24, 61, 148, 209
1118061.3.peg.1404.site.1, 14, 150, 164
1118061.3.peg.1404.site.2, 0, 150, 150
1118061.3.peg.1404.site.3, 104, 150, 254
1118061.3.peg.1404.site.4, 66, 150, 216
1118061.3.peg.1404.site.5, 16, 148, 164
1118061.3.peg.1404.site.6, 3, 150, 153
1118061.3.peg.1404.site.7, 3, 150, 153
1118061.3.peg.1404.site.8, 78, 149, 227
1118061.3.peg.1404.site.9, 72, 146, 218
1118061.3.peg.1404.site.10, 2, 144, 146
1118061.3.peg.1404.site.11, 141, 143, 284
1118061.3.peg.1404.site.12, 36, 122, 158
1118061.3.peg.1404.site.13, 0, 130, 130
1118061.3.peg.1405.site.1, 0, 149, 149
1118061.3.peg.1405.site.2, 66, 148, 214
1118061.3.peg.1405.site.3, 33, 143, 176
1118061.3.peg.1405.site.4, 137, 140, 277
1118061.3.peg.1405.site.5, 13, 144, 157
1118061.3.peg.1405.site.6, 136, 144, 280
1118061.3.peg.1405.site.7, 1, 148, 149
1118061.3.peg.1402.site.1, 42, 135, 177
1118061.3.peg.1402.site.2, 2, 125, 127
1118061.3.peg.1402.site.3, 71, 124, 195
1118061.3.peg.1402.site.4, 0, 141, 141
1118061.3.peg.1402.site.5, 0, 80, 80
1118061.3.peg.1403.site.1, 3, 146, 149
1118061.3.peg.1403.site.2, 3, 102, 105
1118061.3.peg.1403.site.3, 56, 100, 156
1118061.3.peg.1403.site.4, 2, 119, 121
1118061.3.peg.1403.site.5, 2, 114, 116
1118061.3.peg.1403.site.6, 1, 113, 114
1118061.3.peg.1403.site.7, 3, 114, 117
1118061.3.peg.1403.site.8, 4, 117, 121
1118061.3.peg.1403.site.9, 30, 140, 170
1118061.3.peg.1403.site.10, 7, 147, 154
1118061.3.peg.1403.site.11, 11, 141, 152
1118061.3.peg.1403.site.12, 98, 141, 239
1118061.3.peg.1403.site.13, 7, 147, 154
1118061.3.peg.1403.site.14, 41, 147, 188
1118061.3.peg.1403.site.15, 36, 148, 184
1118061.3.peg.1403.site.16, 32, 125, 157
1118061.3.peg.1403.site.17, 40, 98, 138
1118061.3.peg.1403.site.18, 25, 93, 118
1118061.3.peg.1403.site.19, 23, 126, 149
1118061.3.peg.1403.site.20, 3, 140, 143
1118061.3.peg.1403.site.21, 1, 141, 142
1118061.3.peg.1403.site.22, 30, 143, 173
1118061.3.peg.1403.site.23, 18, 148, 166
1118061.3.peg.1403.site.24, 117, 148, 265
1118061.3.peg.1403.site.25, 35, 143, 178
1118061.3.peg.1403.site.26, 0, 145, 145
1118061.3.peg.1403.site.27, 13, 125, 138
1118061.3.peg.1403.site.28, 7, 119, 126
1118061.3.peg.1403.site.29, 3, 116, 119
1118061.3.peg.1403.site.30, 62, 106, 168
1118061.3.peg.1403.site.31, 79, 106, 185
1118061.3.peg.1403.site.32, 4, 114, 118
1118061.3.peg.1403.site.33, 105, 146, 251
1118061.3.peg.1403.site.34, 1, 149, 150
1118061.3.peg.1403.site.35, 2, 150, 152
1118061.3.peg.1403.site.36, 2, 150, 152
1118061.3.peg.1403.site.37, 17, 150, 167
1118061.3.peg.1403.site.38, 53, 148, 201
1118061.3.peg.1403.site.39, 2, 149, 151
1118061.3.peg.1403.site.40, 3, 149, 152
1118061.3.peg.1403.site.41, 66, 147, 213
1118061.3.peg.1403.site.42, 14, 35, 49
1118061.3.peg.1403.site.43, 2, 113, 115
1118061.3.peg.1403.site.44, 2, 122, 124
1118061.3.peg.1403.site.45, 14, 124, 138
1118061.3.peg.1403.site.46, 2, 149, 151
1118061.3.peg.1400.site.1, 1, 148, 149
1118061.3.peg.1400.site.2, 0, 136, 136
1118061.3.peg.1400.site.3, 2, 136, 138
1118061.3.peg.1400.site.4, 0, 150, 150
1118061.3.peg.1400.site.5, 3, 150, 153
1118061.3.peg.1400.site.6, 21, 150, 171
1118061.3.peg.1400.site.7, 2, 149, 151
1118061.3.peg.1400.site.8, 0, 150, 150
1118061.3.peg.1400.site.9, 122, 149, 271
1118061.3.peg.1400.site.10, 36, 150, 186
1118061.3.peg.1400.site.11, 3, 147, 150
1118061.3.peg.1400.site.12, 1, 145, 146
1118061.3.peg.1400.site.13, 147, 147, 294
1118061.3.peg.1400.site.14, 4, 150, 154
1118061.3.peg.1400.site.15, 0, 148, 148
1118061.3.peg.1400.site.16, 126, 150, 276
1118061.3.peg.1401.site.1, 47, 150, 197
1118061.3.peg.1401.site.2, 5, 148, 153
1118061.3.peg.1401.site.3, 3, 147, 150
1118061.3.peg.1401.site.4, 118, 148, 266
1118061.3.peg.1401.site.5, 4, 148, 152
1118061.3.peg.1401.site.6, 111, 148, 259
1118061.3.peg.1401.site.7, 145, 150, 295
1118061.3.peg.1401.site.8, 6, 146, 152
1118061.3.peg.1401.site.9, 0, 143, 143
1118061.3.peg.316.site.1, 5, 148, 153
1118061.3.peg.316.site.2, 79, 148, 227
1118061.3.peg.316.site.3, 13, 148, 161
1118061.3.peg.316.site.4, 0, 129, 129
1118061.3.peg.316.site.5, 0, 144, 144
1118061.3.peg.316.site.6, 61, 144, 205
1118061.3.peg.316.site.7, 10, 148, 158
1118061.3.peg.316.site.8, 10, 150, 160
1118061.3.peg.316.site.9, 0, 149, 149
1118061.3.peg.316.site.10, 2, 131, 133
1118061.3.peg.316.site.11, 29, 139, 168
1118061.3.peg.1408.site.1, 146, 149, 295
1118061.3.peg.1408.site.2, 79, 149, 228
1118061.3.peg.1408.site.3, 1, 149, 150
1118061.3.peg.1408.site.4, 145, 145, 290
1118061.3.peg.1408.site.5, 0, 141, 141
1118061.3.peg.1408.site.6, 43, 142, 185
1118061.3.peg.1408.site.7, 44, 137, 181
1118061.3.peg.1408.site.8, 148, 148, 296
1118061.3.peg.1408.site.9, 0, 150, 150
1118061.3.peg.1408.site.10, 0, 135, 135
1118061.3.peg.1408.site.11, 32, 147, 179
1118061.3.peg.1408.site.12, 149, 149, 298
1118061.3.peg.1408.site.13, 54, 148, 202
1118061.3.peg.1408.site.14, 54, 148, 202
1118061.3.peg.1408.site.15, 0, 149, 149
1118061.3.peg.1408.site.16, 0, 150, 150
1118061.3.peg.1408.site.17, 12, 147, 159
1118061.3.peg.1408.site.18, 0, 147, 147
1118061.3.peg.1408.site.19, 47, 148, 195
1118061.3.peg.1408.site.20, 1, 150, 151
1118061.3.peg.1408.site.21, 2, 150, 152
1118061.3.peg.1408.site.22, 1, 150, 151
1118061.3.peg.1408.site.23, 0, 148, 148
1118061.3.peg.1408.site.24, 25, 150, 175
1118061.3.peg.1408.site.25, 42, 147, 189
1118061.3.peg.1408.site.26, 10, 145, 155
1118061.3.peg.1408.site.27, 2, 142, 144
1118061.3.peg.1408.site.28, 0, 147, 147
1118061.3.peg.1408.site.29, 6, 150, 156
1118061.3.peg.1408.site.30, 28, 149, 177
1118061.3.peg.1408.site.31, 83, 148, 231
1118061.3.peg.1408.site.32, 2, 150, 152
1118061.3.peg.1408.site.33, 117, 150, 267
1118061.3.peg.1408.site.34, 10, 149, 159
1118061.3.peg.1408.site.35, 14, 142, 156
1118061.3.peg.1408.site.36, 142, 150, 292
1118061.3.peg.1408.site.37, 72, 149, 221
1118061.3.peg.1408.site.38, 2, 149, 151
1118061.3.peg.1408.site.39, 2, 149, 151
1118061.3.peg.1408.site.40, 0, 148, 148
1118061.3.peg.1408.site.41, 2, 147, 149
1118061.3.peg.1408.site.42, 17, 150, 167
1118061.3.peg.1408.site.43, 5, 148, 153
1118061.3.peg.1408.site.44, 0, 144, 144
1118061.3.peg.1408.site.45, 2, 148, 150
1118061.3.peg.1409.site.1, 0, 150, 150
1118061.3.peg.1409.site.2, 48, 149, 197
1118061.3.peg.1409.site.3, 144, 144, 288
1118061.3.peg.1409.site.4, 1, 142, 143
1118061.3.peg.1409.site.5, 0, 139, 139
1118061.3.peg.1409.site.6, 36, 127, 163
1118061.3.peg.1409.site.7, 0, 142, 142
1118061.3.peg.1409.site.8, 48, 146, 194
1118061.3.peg.1409.site.9, 145, 145, 290
1118061.3.peg.1409.site.10, 0, 130, 130
1118061.3.peg.1409.site.11, 42, 143, 185
1118061.3.peg.1409.site.12, 57, 144, 201
1118061.3.peg.1409.site.13, 1, 147, 148
1118061.3.peg.1409.site.14, 0, 148, 148
1118061.3.peg.1409.site.15, 65, 146, 211
1118061.3.peg.1409.site.16, 0, 147, 147
1118061.3.peg.1409.site.17, 19, 145, 164
1118061.3.peg.1409.site.18, 35, 148, 183
1118061.3.peg.1409.site.19, 145, 145, 290
1118061.3.peg.1409.site.20, 8, 149, 157
1118061.3.peg.1409.site.21, 2, 144, 146
1118061.3.peg.1409.site.22, 2, 147, 149
1118061.3.peg.1409.site.23, 23, 149, 172
1118061.3.peg.1409.site.24, 35, 148, 183
1118061.3.peg.1409.site.25, 0, 148, 148
1118061.3.peg.1409.site.26, 2, 149, 151
1118061.3.peg.1409.site.27, 3, 149, 152
1118061.3.peg.1409.site.28, 0, 150, 150
1118061.3.peg.1409.site.29, 31, 150, 181
1118061.3.peg.1409.site.30, 2, 148, 150
1118061.3.peg.1409.site.31, 18, 149, 167
1118061.3.peg.1409.site.32, 2, 148, 150
1118061.3.peg.1409.site.33, 2, 149, 151
1118061.3.peg.1409.site.34, 3, 149, 152
1118061.3.peg.1409.site.35, 18, 139, 157
1118061.3.peg.1409.site.36, 17, 140, 157
1118061.3.peg.1409.site.37, 7, 127, 134
1118061.3.peg.1409.site.38, 1, 96, 97
1118061.3.peg.1409.site.39, 1, 149, 150
1118061.3.peg.317.site.1, 37, 150, 187
1118061.3.peg.317.site.2, 1, 149, 150
1118061.3.peg.317.site.3, 0, 150, 150
1118061.3.peg.317.site.4, 7, 149, 156
1118061.3.peg.317.site.5, 97, 149, 246
1118061.3.peg.317.site.6, 29, 149, 178
1118061.3.peg.317.site.7, 13, 149, 162
1118061.3.peg.310.site.1, 29, 141, 170
1118061.3.peg.310.site.2, 0, 121, 121
1118061.3.peg.310.site.3, 0, 140, 140
1118061.3.peg.310.site.4, 10, 144, 154
1118061.3.peg.310.site.5, 1, 143, 144
1118061.3.peg.310.site.6, 15, 135, 150
1118061.3.peg.310.site.7, 122, 124, 246
1118061.3.peg.310.site.8, 149, 150, 299
1118061.3.peg.1007.site.1, 1, 129, 130
1118061.3.peg.1007.site.2, 61, 117, 178
1118061.3.peg.1007.site.3, 8, 113, 121
1118061.3.peg.1007.site.4, 3, 81, 84
1118061.3.peg.1007.site.5, 73, 114, 187
1118061.3.peg.1007.site.6, 10, 136, 146
1118061.3.peg.1007.site.7, 17, 137, 154
1118061.3.peg.1007.site.8, 96, 141, 237
1118061.3.peg.1007.site.9, 3, 136, 139
1118061.3.peg.1007.site.10, 2, 145, 147
1118061.3.peg.1007.site.11, 9, 142, 151
1118061.3.peg.312.site.1, 2, 144, 146
1118061.3.peg.312.site.2, 9, 142, 151
1118061.3.peg.312.site.3, 1, 141, 142
1118061.3.peg.312.site.4, 1, 143, 144
1118061.3.peg.312.site.5, 2, 148, 150
1118061.3.peg.312.site.6, 29, 144, 173
1118061.3.peg.312.site.7, 3, 146, 149
1118061.3.peg.312.site.8, 90, 144, 234
1118061.3.peg.312.site.9, 20, 145, 165
1118061.3.peg.312.site.10, 2, 147, 149
1118061.3.peg.649.site.1, 5, 137, 142
1118061.3.peg.649.site.2, 1, 144, 145
1118061.3.peg.649.site.3, 3, 142, 145
1118061.3.peg.649.site.4, 25, 139, 164
1118061.3.peg.649.site.5, 0, 133, 133
1118061.3.peg.649.site.6, 0, 132, 132
1118061.3.peg.649.site.7, 2, 147, 149
1118061.3.peg.649.site.8, 35, 145, 180
1118061.3.peg.649.site.9, 22, 145, 167
1118061.3.peg.649.site.10, 23, 148, 171
1118061.3.peg.649.site.11, 15, 147, 162
1118061.3.peg.649.site.12, 16, 140, 156
1118061.3.peg.649.site.13, 15, 138, 153
1118061.3.peg.649.site.14, 2, 127, 129
1118061.3.peg.649.site.15, 2, 149, 151
1118061.3.peg.649.site.16, 139, 147, 286
1118061.3.peg.649.site.17, 33, 145, 178
1118061.3.peg.649.site.18, 57, 144, 201
1118061.3.peg.649.site.19, 20, 147, 167
1118061.3.peg.649.site.20, 57, 146, 203
1118061.3.peg.649.site.21, 58, 148, 206
1118061.3.peg.649.site.22, 12, 128, 140
1118061.3.peg.649.site.23, 6, 133, 139
1118061.3.peg.649.site.24, 76, 145, 221
1118061.3.peg.649.site.25, 6, 149, 155
1118061.3.peg.649.site.26, 0, 147, 147
1118061.3.peg.649.site.27, 0, 149, 149
1118061.3.peg.978.site.1, 7, 144, 151
1118061.3.peg.978.site.2, 30, 136, 166
1118061.3.peg.978.site.3, 30, 148, 178
1118061.3.peg.978.site.4, 2, 149, 151
1118061.3.peg.978.site.5, 115, 148, 263
1118061.3.peg.978.site.6, 114, 147, 261
1118061.3.peg.978.site.7, 2, 142, 144
1118061.3.peg.978.site.8, 2, 146, 148
1118061.3.peg.978.site.9, 1, 145, 146
1118061.3.peg.978.site.10, 1, 148, 149
1118061.3.peg.978.site.11, 2, 148, 150
1118061.3.peg.978.site.12, 2, 149, 151
1118061.3.peg.978.site.13, 2, 149, 151
1118061.3.peg.978.site.14, 2, 150, 152
1118061.3.peg.978.site.15, 0, 146, 146
1118061.3.peg.978.site.16, 1, 148, 149
1118061.3.peg.978.site.17, 86, 145, 231
1118061.3.peg.978.site.18, 3, 150, 153
1118061.3.peg.978.site.19, 59, 147, 206
1118061.3.peg.978.site.20, 109, 144, 253
1118061.3.peg.978.site.21, 2, 145, 147
1118061.3.peg.978.site.22, 2, 150, 152
1118061.3.peg.978.site.23, 0, 148, 148
1118061.3.peg.978.site.24, 7, 148, 155
1118061.3.peg.978.site.25, 3, 148, 151
1118061.3.peg.978.site.26, 7, 147, 154
1118061.3.peg.978.site.27, 6, 142, 148
1118061.3.peg.978.site.28, 76, 135, 211
1118061.3.peg.978.site.29, 2, 144, 146
1118061.3.peg.978.site.30, 0, 146, 146
1118061.3.peg.978.site.31, 0, 149, 149
1118061.3.peg.978.site.32, 4, 147, 151
1118061.3.peg.978.site.33, 2, 147, 149
1118061.3.peg.978.site.34, 4, 150, 154
1118061.3.peg.978.site.35, 2, 150, 152
1118061.3.peg.978.site.36, 0, 149, 149
1118061.3.peg.978.site.37, 2, 148, 150
1118061.3.peg.978.site.38, 72, 149, 221
1118061.3.peg.979.site.1, 3, 149, 152
1118061.3.peg.979.site.2, 1, 150, 151
1118061.3.peg.979.site.3, 2, 150, 152
1118061.3.peg.979.site.4, 4, 150, 154
1118061.3.peg.979.site.5, 149, 149, 298
1118061.3.peg.979.site.6, 18, 147, 165
1118061.3.peg.979.site.7, 4, 149, 153
1118061.3.peg.979.site.8, 1, 149, 150
1118061.3.peg.979.site.9, 0, 142, 142
1118061.3.peg.979.site.10, 145, 148, 293
1118061.3.peg.979.site.11, 104, 149, 253
1118061.3.peg.979.site.12, 1, 149, 150
1118061.3.peg.979.site.13, 0, 149, 149
1118061.3.peg.979.site.14, 12, 148, 160
1118061.3.peg.979.site.15, 99, 149, 248
1118061.3.peg.979.site.16, 17, 146, 163
1118061.3.peg.979.site.17, 1, 146, 147
1118061.3.peg.979.site.18, 0, 146, 146
1118061.3.peg.979.site.19, 147, 150, 297
1118061.3.peg.979.site.20, 3, 150, 153
1118061.3.peg.979.site.21, 2, 149, 151
1118061.3.peg.979.site.22, 121, 150, 271
1118061.3.peg.979.site.23, 0, 146, 146
1118061.3.peg.2685.site.1, 1, 150, 151
1118061.3.peg.2685.site.2, 0, 150, 150
1118061.3.peg.2685.site.3, 1, 150, 151
1118061.3.peg.2685.site.4, 44, 148, 192
1118061.3.peg.2685.site.5, 2, 149, 151
1118061.3.peg.2685.site.6, 1, 149, 150
1118061.3.peg.2685.site.7, 2, 147, 149
1118061.3.peg.2685.site.8, 125, 145, 270
1118061.3.peg.2685.site.9, 1, 144, 145
1118061.3.peg.2685.site.10, 24, 142, 166
1118061.3.peg.2685.site.11, 0, 131, 131
1118061.3.peg.2685.site.12, 73, 140, 213
1118061.3.peg.2685.site.13, 66, 139, 205
1118061.3.peg.2685.site.14, 3, 150, 153
1118061.3.peg.2685.site.15, 55, 148, 203
1118061.3.peg.2685.site.16, 1, 150, 151
1118061.3.peg.2685.site.17, 0, 149, 149
1118061.3.peg.2685.site.18, 1, 150, 151
1118061.3.peg.2685.site.19, 2, 150, 152
1118061.3.peg.2685.site.20, 46, 149, 195
1118061.3.peg.2685.site.21, 2, 150, 152
1118061.3.peg.2685.site.22, 31, 149, 180
1118061.3.peg.2685.site.23, 32, 150, 182
1118061.3.peg.2685.site.24, 0, 150, 150
1118061.3.peg.2685.site.25, 55, 149, 204
1118061.3.peg.975.site.1, 49, 149, 198
1118061.3.peg.975.site.2, 2, 142, 144
1118061.3.peg.975.site.3, 2, 147, 149
1118061.3.peg.975.site.4, 1, 148, 149
1118061.3.peg.975.site.5, 28, 147, 175
1118061.3.peg.975.site.6, 3, 143, 146
1118061.3.peg.975.site.7, 78, 117, 195
1118061.3.peg.975.site.8, 0, 119, 119
1118061.3.peg.975.site.9, 2, 145, 147
1118061.3.peg.975.site.10, 3, 142, 145
1118061.3.peg.975.site.11, 9, 144, 153
1118061.3.peg.975.site.12, 19, 123, 142
1118061.3.peg.976.site.1, 2, 149, 151
1118061.3.peg.976.site.2, 1, 139, 140
1118061.3.peg.976.site.3, 2, 142, 144
1118061.3.peg.976.site.4, 57, 140, 197
1118061.3.peg.976.site.5, 1, 135, 136
1118061.3.peg.976.site.6, 1, 132, 133
1118061.3.peg.976.site.7, 1, 134, 135
1118061.3.peg.976.site.8, 3, 118, 121
1118061.3.peg.976.site.9, 11, 111, 122
1118061.3.peg.976.site.10, 87, 124, 211
1118061.3.peg.976.site.11, 73, 132, 205
1118061.3.peg.976.site.12, 76, 133, 209
1118061.3.peg.976.site.13, 3, 136, 139
1118061.3.peg.976.site.14, 1, 135, 136
1118061.3.peg.976.site.15, 2, 142, 144
1118061.3.peg.976.site.16, 2, 143, 145
1118061.3.peg.976.site.17, 78, 147, 225
1118061.3.peg.976.site.18, 1, 145, 146
1118061.3.peg.976.site.19, 1, 148, 149
1118061.3.peg.976.site.20, 114, 146, 260
1118061.3.peg.976.site.21, 7, 149, 156
1118061.3.peg.976.site.22, 0, 150, 150
1118061.3.peg.976.site.23, 2, 150, 152
1118061.3.peg.976.site.24, 2, 149, 151
1118061.3.peg.976.site.25, 59, 149, 208
1118061.3.peg.976.site.26, 1, 149, 150
1118061.3.peg.977.site.1, 68, 143, 211
1118061.3.peg.977.site.2, 2, 148, 150
1118061.3.peg.977.site.3, 2, 149, 151
1118061.3.peg.977.site.4, 2, 150, 152
1118061.3.peg.977.site.5, 2, 149, 151
1118061.3.peg.977.site.6, 0, 138, 138
1118061.3.peg.977.site.7, 0, 140, 140
1118061.3.peg.977.site.8, 2, 145, 147
1118061.3.peg.977.site.9, 0, 149, 149
1118061.3.peg.970.site.1, 0, 141, 141
1118061.3.peg.970.site.2, 12, 125, 137
1118061.3.peg.970.site.3, 15, 107, 122
1118061.3.peg.970.site.4, 15, 97, 112
1118061.3.peg.970.site.5, 18, 67, 85
1118061.3.peg.970.site.6, 2, 66, 68
1118061.3.peg.970.site.7, 34, 123, 157
1118061.3.peg.970.site.8, 0, 149, 149
1118061.3.peg.970.site.9, 2, 148, 150
1118061.3.peg.970.site.10, 2, 146, 148
1118061.3.peg.2683.site.1, 2, 146, 148
1118061.3.peg.2683.site.2, 76, 138, 214
1118061.3.peg.2683.site.3, 4, 143, 147
1118061.3.peg.2683.site.4, 2, 140, 142
1118061.3.peg.2683.site.5, 4, 140, 144
1118061.3.peg.2683.site.6, 0, 143, 143
1118061.3.peg.2683.site.7, 142, 142, 284
1118061.3.peg.2683.site.8, 137, 137, 274
1118061.3.peg.2683.site.9, 0, 141, 141
1118061.3.peg.2683.site.10, 0, 142, 142
1118061.3.peg.2683.site.11, 13, 141, 154
1118061.3.peg.2683.site.12, 0, 145, 145
1118061.3.peg.2683.site.13, 50, 145, 195
1118061.3.peg.2683.site.14, 0, 146, 146
1118061.3.peg.2683.site.15, 2, 141, 143
1118061.3.peg.2683.site.16, 3, 134, 137
1118061.3.peg.2683.site.17, 3, 110, 113
1118061.3.peg.2683.site.18, 42, 132, 174
1118061.3.peg.2683.site.19, 0, 140, 140
1118061.3.peg.2683.site.20, 25, 141, 166
1118061.3.peg.2683.site.21, 66, 135, 201
1118061.3.peg.2683.site.22, 59, 134, 193
1118061.3.peg.973.site.1, 0, 150, 150
1118061.3.peg.973.site.2, 1, 148, 149
1118061.3.peg.973.site.3, 0, 145, 145
1118061.3.peg.973.site.4, 1, 140, 141
1118061.3.peg.973.site.5, 1, 121, 122
1118061.3.peg.973.site.6, 1, 141, 142
1118061.3.peg.973.site.7, 6, 145, 151
1118061.3.peg.973.site.8, 0, 141, 141
1118061.3.peg.973.site.9, 2, 135, 137
1118061.3.peg.973.site.10, 17, 137, 154
1118061.3.peg.973.site.11, 0, 144, 144
1118061.3.peg.973.site.12, 2, 146, 148
1118061.3.peg.973.site.13, 0, 147, 147
1118061.3.peg.973.site.14, 25, 150, 175
1118061.3.peg.973.site.15, 115, 150, 265
1118061.3.peg.973.site.16, 150, 150, 300
1118061.3.peg.973.site.17, 7, 149, 156
1118061.3.peg.973.site.18, 1, 146, 147
1118061.3.peg.973.site.19, 3, 148, 151
1118061.3.peg.973.site.20, 2, 146, 148
1118061.3.peg.973.site.21, 38, 147, 185
1118061.3.peg.973.site.22, 63, 146, 209
1118061.3.peg.973.site.23, 0, 147, 147
1118061.3.peg.973.site.24, 3, 149, 152
1118061.3.peg.973.site.25, 35, 139, 174
1118061.3.peg.973.site.26, 23, 147, 170
1118061.3.peg.973.site.27, 8, 143, 151
1118061.3.peg.973.site.28, 72, 138, 210
1118061.3.peg.973.site.29, 2, 140, 142
1118061.3.peg.973.site.30, 23, 136, 159
1118061.3.peg.973.site.31, 1, 135, 136
1118061.3.peg.973.site.32, 1, 144, 145
1118061.3.peg.973.site.33, 29, 147, 176
1118061.3.peg.973.site.34, 0, 147, 147
1118061.3.peg.973.site.35, 37, 140, 177
1118061.3.peg.973.site.36, 0, 141, 141
1118061.3.peg.973.site.37, 20, 148, 168
1118061.3.peg.973.site.38, 2, 149, 151
1118061.3.peg.973.site.39, 11, 148, 159
1118061.3.peg.973.site.40, 1, 148, 149
1118061.3.peg.2353.site.1, 21, 144, 165
1118061.3.peg.2352.site.1, 3, 144, 147
1118061.3.peg.2352.site.2, 24, 143, 167
1118061.3.peg.2352.site.3, 3, 141, 144
1118061.3.peg.89.site.1, 33, 150, 183
1118061.3.peg.89.site.2, 1, 150, 151
1118061.3.peg.89.site.3, 80, 147, 227
1118061.3.peg.89.site.4, 81, 148, 229
1118061.3.peg.89.site.5, 38, 148, 186
1118061.3.peg.89.site.6, 3, 149, 152
1118061.3.peg.89.site.7, 2, 148, 150
1118061.3.peg.89.site.8, 146, 146, 292
1118061.3.peg.89.site.9, 140, 140, 280
1118061.3.peg.89.site.10, 63, 138, 201
1118061.3.peg.89.site.11, 8, 148, 156
1118061.3.peg.88.site.1, 0, 150, 150
1118061.3.peg.88.site.2, 0, 150, 150
1118061.3.peg.88.site.3, 1, 149, 150
1118061.3.peg.88.site.4, 0, 150, 150
1118061.3.peg.88.site.5, 0, 150, 150
1118061.3.peg.88.site.6, 0, 150, 150
1118061.3.peg.88.site.7, 0, 150, 150
1118061.3.peg.2356.site.1, 0, 146, 146
1118061.3.peg.2356.site.2, 0, 146, 146
1118061.3.peg.2356.site.3, 42, 145, 187
1118061.3.peg.2356.site.4, 106, 145, 251
1118061.3.peg.2356.site.5, 2, 144, 146
1118061.3.peg.2356.site.6, 49, 143, 192
1118061.3.peg.2356.site.7, 2, 142, 144
1118061.3.peg.2356.site.8, 0, 131, 131
1118061.3.peg.2355.site.1, 3, 137, 140
1118061.3.peg.2355.site.2, 16, 135, 151
1118061.3.peg.2355.site.3, 86, 126, 212
1118061.3.peg.2355.site.4, 19, 133, 152
1118061.3.peg.2355.site.5, 1, 137, 138
1118061.3.peg.2355.site.6, 3, 143, 146
1118061.3.peg.2355.site.7, 1, 141, 142
1118061.3.peg.2355.site.8, 0, 139, 139
1118061.3.peg.2355.site.9, 11, 135, 146
1118061.3.peg.2355.site.10, 109, 131, 240
1118061.3.peg.2355.site.11, 3, 92, 95
1118061.3.peg.2355.site.12, 86, 90, 176
1118061.3.peg.2355.site.13, 0, 81, 81
1118061.3.peg.2355.site.14, 130, 135, 265
1118061.3.peg.2355.site.15, 123, 128, 251
1118061.3.peg.2355.site.16, 132, 137, 269
1118061.3.peg.2355.site.17, 126, 132, 258
1118061.3.peg.2355.site.18, 121, 128, 249
1118061.3.peg.2355.site.19, 0, 137, 137
1118061.3.peg.2355.site.20, 4, 137, 141
1118061.3.peg.2355.site.21, 7, 139, 146
1118061.3.peg.2355.site.22, 7, 132, 139
1118061.3.peg.2354.site.1, 2, 144, 146
1118061.3.peg.2354.site.2, 127, 143, 270
1118061.3.peg.2354.site.3, 1, 144, 145
1118061.3.peg.2354.site.4, 3, 142, 145
1118061.3.peg.2354.site.5, 0, 143, 143
1118061.3.peg.2354.site.6, 30, 139, 169
1118061.3.peg.2354.site.7, 51, 134, 185
1118061.3.peg.83.site.1, 150, 150, 300
1118061.3.peg.83.site.2, 51, 149, 200
1118061.3.peg.83.site.3, 0, 150, 150
1118061.3.peg.83.site.4, 48, 145, 193
1118061.3.peg.83.site.5, 47, 148, 195
1118061.3.peg.83.site.6, 25, 146, 171
1118061.3.peg.83.site.7, 0, 150, 150
1118061.3.peg.83.site.8, 95, 149, 244
1118061.3.peg.83.site.9, 2, 149, 151
1118061.3.peg.83.site.10, 48, 149, 197
1118061.3.peg.82.site.1, 7, 110, 117
1118061.3.peg.82.site.2, 112, 112, 224
1118061.3.peg.82.site.3, 23, 127, 150
1118061.3.peg.82.site.4, 35, 131, 166
1118061.3.peg.82.site.5, 0, 141, 141
1118061.3.peg.82.site.6, 143, 147, 290
1118061.3.peg.82.site.7, 142, 146, 288
1118061.3.peg.82.site.8, 123, 127, 250
1118061.3.peg.82.site.9, 82, 120, 202
1118061.3.peg.82.site.10, 105, 106, 211
1118061.3.peg.82.site.11, 61, 123, 184
1118061.3.peg.82.site.12, 118, 119, 237
1118061.3.peg.82.site.13, 3, 109, 112
1118061.3.peg.82.site.14, 58, 117, 175
1118061.3.peg.82.site.15, 23, 135, 158
1118061.3.peg.82.site.16, 50, 144, 194
1118061.3.peg.82.site.17, 3, 145, 148
1118061.3.peg.2359.site.1, 54, 127, 181
1118061.3.peg.2359.site.2, 4, 128, 132
1118061.3.peg.2359.site.3, 9, 124, 133
1118061.3.peg.2359.site.4, 0, 131, 131
1118061.3.peg.2359.site.5, 4, 138, 142
1118061.3.peg.2359.site.6, 1, 144, 145
1118061.3.peg.2359.site.7, 0, 142, 142
1118061.3.peg.2359.site.8, 0, 142, 142
1118061.3.peg.2359.site.9, 1, 146, 147
1118061.3.peg.2359.site.10, 3, 147, 150
1118061.3.peg.2359.site.11, 143, 143, 286
1118061.3.peg.2359.site.12, 58, 147, 205
1118061.3.peg.2359.site.13, 4, 147, 151
1118061.3.peg.2359.site.14, 0, 148, 148
1118061.3.peg.2359.site.15, 81, 147, 228
1118061.3.peg.2359.site.16, 0, 148, 148
1118061.3.peg.2359.site.17, 2, 147, 149
1118061.3.peg.2359.site.18, 29, 147, 176
1118061.3.peg.2359.site.19, 4, 147, 151
1118061.3.peg.2359.site.20, 63, 144, 207
1118061.3.peg.2359.site.21, 3, 127, 130
1118061.3.peg.2359.site.22, 8, 119, 127
1118061.3.peg.2359.site.23, 0, 129, 129
1118061.3.peg.2359.site.24, 0, 131, 131
1118061.3.peg.2359.site.25, 63, 138, 201
1118061.3.peg.2359.site.26, 0, 137, 137
1118061.3.peg.2359.site.27, 15, 137, 152
1118061.3.peg.2359.site.28, 0, 130, 130
1118061.3.peg.2359.site.29, 90, 111, 201
1118061.3.peg.2359.site.30, 0, 140, 140
1118061.3.peg.2359.site.31, 8, 126, 134
1118061.3.peg.2359.site.32, 33, 137, 170
1118061.3.peg.2359.site.33, 50, 106, 156
1118061.3.peg.2359.site.34, 10, 109, 119
1118061.3.peg.2359.site.35, 90, 104, 194
1118061.3.peg.2359.site.36, 126, 131, 257
1118061.3.peg.2359.site.37, 0, 140, 140
1118061.3.peg.2359.site.38, 9, 145, 154
1118061.3.peg.2359.site.39, 25, 144, 169
1118061.3.peg.2359.site.40, 2, 144, 146
1118061.3.peg.2359.site.41, 2, 144, 146
1118061.3.peg.2359.site.42, 5, 147, 152
1118061.3.peg.2359.site.43, 1, 139, 140
1118061.3.peg.2359.site.44, 15, 144, 159
1118061.3.peg.80.site.1, 20, 147, 167
1118061.3.peg.80.site.2, 20, 144, 164
1118061.3.peg.80.site.3, 18, 144, 162
1118061.3.peg.80.site.4, 71, 150, 221
1118061.3.peg.80.site.5, 2, 150, 152
1118061.3.peg.80.site.6, 2, 145, 147
1118061.3.peg.80.site.7, 0, 141, 141
1118061.3.peg.80.site.8, 1, 122, 123
1118061.3.peg.80.site.9, 10, 91, 101
1118061.3.peg.80.site.10, 50, 113, 163
1118061.3.peg.80.site.11, 19, 115, 134
1118061.3.peg.87.site.1, 143, 143, 286
1118061.3.peg.87.site.2, 7, 146, 153
1118061.3.peg.87.site.3, 143, 143, 286
1118061.3.peg.87.site.4, 7, 120, 127
1118061.3.peg.87.site.5, 10, 149, 159
1118061.3.peg.87.site.6, 1, 150, 151
1118061.3.peg.87.site.7, 109, 147, 256
1118061.3.peg.87.site.8, 2, 149, 151
1118061.3.peg.87.site.9, 15, 149, 164
1118061.3.peg.87.site.10, 3, 150, 153
1118061.3.peg.87.site.11, 140, 149, 289
1118061.3.peg.87.site.12, 15, 148, 163
1118061.3.peg.87.site.13, 27, 150, 177
1118061.3.peg.87.site.14, 7, 149, 156
1118061.3.peg.87.site.15, 3, 145, 148
1118061.3.peg.87.site.16, 86, 134, 220
1118061.3.peg.87.site.17, 93, 127, 220
1118061.3.peg.86.site.1, 145, 145, 290
1118061.3.peg.86.site.2, 2, 148, 150
1118061.3.peg.86.site.3, 26, 148, 174
1118061.3.peg.86.site.4, 88, 147, 235
1118061.3.peg.86.site.5, 116, 141, 257
1118061.3.peg.86.site.6, 3, 137, 140
1118061.3.peg.86.site.7, 2, 140, 142
1118061.3.peg.86.site.8, 0, 141, 141
1118061.3.peg.86.site.9, 3, 129, 132
1118061.3.peg.86.site.10, 104, 140, 244
1118061.3.peg.86.site.11, 5, 146, 151
1118061.3.peg.86.site.12, 6, 148, 154
1118061.3.peg.84.site.1, 0, 146, 146
1118061.3.peg.84.site.2, 0, 146, 146
1118061.3.peg.84.site.3, 148, 148, 296
1118061.3.peg.84.site.4, 3, 148, 151
1118061.3.peg.84.site.5, 25, 147, 172
1118061.3.peg.84.site.6, 0, 150, 150
1118061.3.peg.84.site.7, 14, 150, 164
1118061.3.peg.84.site.8, 3, 149, 152
1118061.3.peg.84.site.9, 120, 149, 269
1118061.3.peg.84.site.10, 1, 149, 150
1118061.3.peg.84.site.11, 0, 150, 150
1118061.3.peg.84.site.12, 0, 150, 150
1118061.3.peg.84.site.13, 1, 149, 150
1118061.3.peg.84.site.14, 0, 149, 149
1118061.3.peg.84.site.15, 1, 148, 149
1118061.3.peg.84.site.16, 13, 150, 163
1118061.3.peg.84.site.17, 8, 148, 156
1118061.3.peg.84.site.18, 26, 147, 173
1118061.3.peg.84.site.19, 117, 144, 261
1118061.3.peg.84.site.20, 89, 145, 234
1118061.3.peg.84.site.21, 21, 147, 168
1118061.3.peg.84.site.22, 3, 148, 151
1118061.3.peg.84.site.23, 46, 143, 189
1118061.3.peg.84.site.24, 103, 112, 215
1118061.3.peg.84.site.25, 53, 102, 155
1118061.3.peg.84.site.26, 19, 134, 153
1118061.3.peg.84.site.27, 4, 150, 154
1118061.3.peg.84.site.28, 49, 149, 198
1118061.3.peg.84.site.29, 7, 150, 157
1118061.3.peg.84.site.30, 123, 149, 272
1118061.3.peg.84.site.31, 25, 146, 171
1118061.3.peg.84.site.32, 0, 150, 150
1118061.3.peg.84.site.33, 36, 150, 186
1118061.3.peg.84.site.34, 55, 149, 204
1118061.3.peg.84.site.35, 8, 149, 157
1118061.3.peg.84.site.36, 30, 147, 177
1118061.3.peg.84.site.37, 58, 144, 202
1118061.3.peg.84.site.38, 7, 140, 147
1118061.3.peg.84.site.39, 2, 145, 147
1118061.3.peg.84.site.40, 21, 149, 170
1118061.3.peg.84.site.41, 4, 150, 154
1118061.3.peg.84.site.42, 0, 148, 148
1118061.3.peg.84.site.43, 0, 148, 148
1118061.3.peg.84.site.44, 90, 146, 236
1118061.3.peg.84.site.45, 6, 140, 146
1118061.3.peg.84.site.46, 0, 140, 140
1118061.3.peg.84.site.47, 71, 135, 206
1118061.3.peg.84.site.48, 2, 150, 152
1118061.3.peg.84.site.49, 8, 148, 156
1118061.3.peg.84.site.50, 85, 150, 235
1118061.3.peg.84.site.51, 4, 150, 154
1118061.3.peg.2759.site.1, 2, 149, 151
1118061.3.peg.2759.site.2, 6, 150, 156
1118061.3.peg.2759.site.3, 15, 148, 163
1118061.3.peg.2759.site.4, 2, 150, 152
1118061.3.peg.2759.site.5, 148, 150, 298
1118061.3.peg.2759.site.6, 33, 150, 183
1118061.3.peg.2759.site.7, 148, 150, 298
1118061.3.peg.2759.site.8, 10, 150, 160
1118061.3.peg.2759.site.9, 148, 150, 298
1118061.3.peg.2759.site.10, 129, 150, 279
1118061.3.peg.2759.site.11, 10, 150, 160
1118061.3.peg.2759.site.12, 10, 150, 160
1118061.3.peg.2759.site.13, 5, 150, 155
1118061.3.peg.2759.site.14, 0, 148, 148
1118061.3.peg.2759.site.15, 0, 150, 150
1118061.3.peg.2759.site.16, 0, 150, 150
1118061.3.peg.2759.site.17, 0, 150, 150
1118061.3.peg.2758.site.1, 130, 138, 268
1118061.3.peg.2758.site.2, 3, 135, 138
1118061.3.peg.2758.site.3, 48, 141, 189
1118061.3.peg.2758.site.4, 2, 144, 146
1118061.3.peg.2758.site.5, 90, 147, 237
1118061.3.peg.2758.site.6, 2, 148, 150
1118061.3.peg.2758.site.7, 78, 135, 213
1118061.3.peg.2758.site.8, 24, 146, 170
1118061.3.peg.2758.site.9, 3, 150, 153
1118061.3.peg.2758.site.10, 2, 148, 150
1118061.3.peg.2758.site.11, 29, 148, 177
1118061.3.peg.2758.site.12, 2, 149, 151
1118061.3.peg.2758.site.13, 22, 140, 162
1118061.3.peg.2758.site.14, 25, 139, 164
1118061.3.peg.2758.site.15, 143, 146, 289
1118061.3.peg.2757.site.1, 4, 149, 153
1118061.3.peg.2757.site.2, 18, 144, 162
1118061.3.peg.2757.site.3, 3, 134, 137
1118061.3.peg.2757.site.4, 11, 142, 153
1118061.3.peg.2757.site.5, 12, 144, 156
1118061.3.peg.2757.site.6, 2, 149, 151
1118061.3.peg.2757.site.7, 1, 146, 147
1118061.3.peg.2757.site.8, 143, 148, 291
1118061.3.peg.2757.site.9, 149, 149, 298
1118061.3.peg.2757.site.10, 3, 148, 151
1118061.3.peg.2757.site.11, 7, 149, 156
1118061.3.peg.2757.site.12, 2, 149, 151
1118061.3.peg.2757.site.13, 87, 149, 236
1118061.3.peg.2757.site.14, 17, 150, 167
1118061.3.peg.2757.site.15, 0, 148, 148
1118061.3.peg.2757.site.16, 0, 149, 149
1118061.3.peg.2757.site.17, 0, 150, 150
1118061.3.peg.2757.site.18, 19, 148, 167
1118061.3.peg.2757.site.19, 2, 149, 151
1118061.3.peg.2757.site.20, 85, 143, 228
1118061.3.peg.2757.site.21, 29, 146, 175
1118061.3.peg.2757.site.22, 84, 143, 227
1118061.3.peg.2757.site.23, 3, 146, 149
1118061.3.peg.2757.site.24, 30, 145, 175
1118061.3.peg.2757.site.25, 0, 150, 150
1118061.3.peg.2757.site.26, 1, 150, 151
1118061.3.peg.2757.site.27, 0, 149, 149
1118061.3.peg.2757.site.28, 141, 149, 290
1118061.3.peg.2757.site.29, 1, 150, 151
1118061.3.peg.2757.site.30, 14, 149, 163
1118061.3.peg.2757.site.31, 32, 148, 180
1118061.3.peg.2757.site.32, 1, 148, 149
1118061.3.peg.2757.site.33, 95, 145, 240
1118061.3.peg.2757.site.34, 81, 147, 228
1118061.3.peg.2757.site.35, 128, 148, 276
1118061.3.peg.2757.site.36, 2, 150, 152
1118061.3.peg.2757.site.37, 3, 146, 149
1118061.3.peg.2757.site.38, 117, 144, 261
1118061.3.peg.2757.site.39, 6, 141, 147
1118061.3.peg.2756.site.1, 12, 149, 161
1118061.3.peg.2756.site.2, 12, 150, 162
1118061.3.peg.2756.site.3, 1, 144, 145
1118061.3.peg.2756.site.4, 0, 148, 148
1118061.3.peg.2756.site.5, 26, 144, 170
1118061.3.peg.2756.site.6, 6, 147, 153
1118061.3.peg.2755.site.1, 22, 149, 171
1118061.3.peg.2755.site.2, 11, 133, 144
1118061.3.peg.2755.site.3, 0, 146, 146
1118061.3.peg.2755.site.4, 61, 147, 208
1118061.3.peg.2755.site.5, 2, 134, 136
1118061.3.peg.2755.site.6, 3, 132, 135
1118061.3.peg.2755.site.7, 3, 118, 121
1118061.3.peg.2755.site.8, 2, 141, 143
1118061.3.peg.2754.site.1, 10, 145, 155
1118061.3.peg.2754.site.2, 29, 144, 173
1118061.3.peg.2754.site.3, 51, 143, 194
1118061.3.peg.2754.site.4, 0, 148, 148
1118061.3.peg.2754.site.5, 1, 148, 149
1118061.3.peg.2754.site.6, 148, 148, 296
1118061.3.peg.2754.site.7, 0, 130, 130
1118061.3.peg.2754.site.8, 25, 117, 142
1118061.3.peg.2754.site.9, 2, 118, 120
1118061.3.peg.2754.site.10, 0, 148, 148
1118061.3.peg.2754.site.11, 0, 145, 145
1118061.3.peg.2754.site.12, 3, 140, 143
1118061.3.peg.2754.site.13, 59, 124, 183
1118061.3.peg.2754.site.14, 12, 125, 137
1118061.3.peg.2754.site.15, 3, 146, 149
1118061.3.peg.2754.site.16, 2, 144, 146
1118061.3.peg.2753.site.1, 150, 150, 300
1118061.3.peg.2752.site.1, 1, 147, 148
1118061.3.peg.2752.site.2, 6, 134, 140
1118061.3.peg.2752.site.3, 5, 150, 155
1118061.3.peg.2752.site.4, 33, 149, 182
1118061.3.peg.2752.site.5, 55, 150, 205
1118061.3.peg.2752.site.6, 0, 149, 149
1118061.3.peg.2752.site.7, 2, 147, 149
1118061.3.peg.2752.site.8, 10, 145, 155
1118061.3.peg.2752.site.9, 6, 149, 155
1118061.3.peg.2752.site.10, 21, 148, 169
1118061.3.peg.2752.site.11, 0, 149, 149
1118061.3.peg.2752.site.12, 51, 148, 199
1118061.3.peg.2752.site.13, 145, 147, 292
1118061.3.peg.2752.site.14, 12, 150, 162
1118061.3.peg.2752.site.15, 2, 150, 152
1118061.3.peg.2752.site.16, 0, 138, 138
1118061.3.peg.2752.site.17, 1, 133, 134
1118061.3.peg.2752.site.18, 0, 139, 139
1118061.3.peg.2752.site.19, 1, 149, 150
1118061.3.peg.2752.site.20, 6, 149, 155
1118061.3.peg.2751.site.1, 6, 150, 156
1118061.3.peg.2750.site.1, 8, 150, 158
1118061.3.peg.2750.site.2, 3, 150, 153
1118061.3.peg.2750.site.3, 2, 149, 151
1118061.3.peg.2750.site.4, 3, 150, 153
1118061.3.peg.2750.site.5, 123, 148, 271
1118061.3.peg.2750.site.6, 103, 146, 249
1118061.3.peg.2750.site.7, 1, 146, 147
1118061.3.peg.2750.site.8, 1, 148, 149
1118061.3.peg.2750.site.9, 84, 148, 232
1118061.3.peg.2750.site.10, 3, 150, 153
1118061.3.peg.2750.site.11, 0, 150, 150
1118061.3.peg.2750.site.12, 1, 150, 151
1118061.3.peg.2750.site.13, 1, 150, 151
1118061.3.peg.2750.site.14, 1, 150, 151
1118061.3.peg.2750.site.15, 7, 150, 157
1118061.3.peg.2750.site.16, 7, 150, 157
1118061.3.peg.2750.site.17, 0, 150, 150
1118061.3.peg.2750.site.18, 4, 148, 152
1118061.3.peg.2750.site.19, 1, 150, 151
1118061.3.peg.2750.site.20, 3, 149, 152
1118061.3.peg.2750.site.21, 83, 146, 229
1118061.3.peg.2750.site.22, 4, 149, 153
1118061.3.peg.2750.site.23, 0, 149, 149
1118061.3.peg.2750.site.24, 5, 148, 153
1118061.3.peg.2750.site.25, 8, 150, 158
1118061.3.peg.2750.site.26, 52, 149, 201
1118061.3.peg.1318.site.1, 0, 150, 150
1118061.3.peg.1318.site.2, 31, 149, 180
1118061.3.peg.1319.site.1, 1, 150, 151
1118061.3.peg.1319.site.2, 1, 150, 151
1118061.3.peg.1319.site.3, 29, 148, 177
1118061.3.peg.1319.site.4, 2, 132, 134
1118061.3.peg.1319.site.5, 3, 150, 153
1118061.3.peg.1319.site.6, 0, 150, 150
1118061.3.peg.1319.site.7, 8, 143, 151
1118061.3.peg.1319.site.8, 4, 141, 145
1118061.3.peg.1319.site.9, 23, 147, 170
1118061.3.peg.1319.site.10, 12, 146, 158
1118061.3.peg.1319.site.11, 58, 138, 196
1118061.3.peg.1319.site.12, 44, 136, 180
1118061.3.peg.1319.site.13, 4, 150, 154
1118061.3.peg.1319.site.14, 12, 149, 161
1118061.3.peg.1319.site.15, 1, 149, 150
1118061.3.peg.1319.site.16, 10, 146, 156
1118061.3.peg.1319.site.17, 44, 144, 188
1118061.3.peg.1319.site.18, 2, 143, 145
1118061.3.peg.1319.site.19, 1, 149, 150
1118061.3.peg.1319.site.20, 0, 148, 148
1118061.3.peg.1319.site.21, 2, 147, 149
1118061.3.peg.1319.site.22, 1, 147, 148
1118061.3.peg.1319.site.23, 2, 146, 148
1118061.3.peg.1312.site.1, 0, 149, 149
1118061.3.peg.1312.site.2, 2, 149, 151
1118061.3.peg.1312.site.3, 0, 150, 150
1118061.3.peg.1312.site.4, 8, 150, 158
1118061.3.peg.1312.site.5, 0, 149, 149
1118061.3.peg.1312.site.6, 9, 149, 158
1118061.3.peg.1312.site.7, 0, 136, 136
1118061.3.peg.1312.site.8, 50, 142, 192
1118061.3.peg.1312.site.9, 3, 146, 149
1118061.3.peg.1312.site.10, 144, 144, 288
1118061.3.peg.1312.site.11, 69, 141, 210
1118061.3.peg.1312.site.12, 70, 142, 212
1118061.3.peg.1312.site.13, 1, 145, 146
1118061.3.peg.1312.site.14, 9, 144, 153
1118061.3.peg.1312.site.15, 54, 146, 200
1118061.3.peg.1312.site.16, 1, 149, 150
1118061.3.peg.1312.site.17, 2, 149, 151
1118061.3.peg.1312.site.18, 140, 149, 289
1118061.3.peg.1312.site.19, 3, 149, 152
1118061.3.peg.1312.site.20, 51, 148, 199
1118061.3.peg.1312.site.21, 4, 146, 150
1118061.3.peg.1312.site.22, 45, 146, 191
1118061.3.peg.1312.site.23, 140, 140, 280
1118061.3.peg.1312.site.24, 146, 146, 292
1118061.3.peg.1312.site.25, 2, 148, 150
1118061.3.peg.1312.site.26, 0, 148, 148
1118061.3.peg.1312.site.27, 45, 148, 193
1118061.3.peg.1312.site.28, 4, 150, 154
1118061.3.peg.1312.site.29, 146, 146, 292
1118061.3.peg.1313.site.1, 36, 125, 161
1118061.3.peg.1313.site.2, 1, 147, 148
1118061.3.peg.1313.site.3, 0, 144, 144
1118061.3.peg.1313.site.4, 11, 147, 158
1118061.3.peg.1313.site.5, 0, 143, 143
1118061.3.peg.1313.site.6, 22, 113, 135
1118061.3.peg.1313.site.7, 102, 111, 213
1118061.3.peg.1313.site.8, 54, 129, 183
1118061.3.peg.1313.site.9, 1, 142, 143
1118061.3.peg.1313.site.10, 130, 142, 272
1118061.3.peg.1313.site.11, 0, 137, 137
1118061.3.peg.1313.site.12, 9, 146, 155
1118061.3.peg.1311.site.1, 22, 150, 172
1118061.3.peg.1311.site.2, 0, 149, 149
1118061.3.peg.1311.site.3, 0, 150, 150
1118061.3.peg.1311.site.4, 0, 149, 149
1118061.3.peg.1311.site.5, 111, 149, 260
1118061.3.peg.1311.site.6, 70, 147, 217
1118061.3.peg.1311.site.7, 8, 150, 158
1118061.3.peg.1311.site.8, 0, 149, 149
1118061.3.peg.1311.site.9, 13, 150, 163
1118061.3.peg.1311.site.10, 150, 150, 300
1118061.3.peg.1311.site.11, 41, 143, 184
1118061.3.peg.1311.site.12, 0, 120, 120
1118061.3.peg.1311.site.13, 1, 145, 146
1118061.3.peg.1311.site.14, 0, 150, 150
1118061.3.peg.1311.site.15, 11, 148, 159
1118061.3.peg.1311.site.16, 9, 149, 158
1118061.3.peg.1311.site.17, 1, 148, 149
1118061.3.peg.1311.site.18, 2, 150, 152
1118061.3.peg.1311.site.19, 0, 149, 149
1118061.3.peg.1311.site.20, 1, 115, 116
1118061.3.peg.1311.site.21, 17, 134, 151
1118061.3.peg.1311.site.22, 8, 146, 154
1118061.3.peg.1316.site.1, 0, 150, 150
1118061.3.peg.1316.site.2, 3, 141, 144
1118061.3.peg.1316.site.3, 2, 144, 146
1118061.3.peg.1316.site.4, 1, 140, 141
1118061.3.peg.1316.site.5, 1, 147, 148
1118061.3.peg.1316.site.6, 1, 144, 145
1118061.3.peg.1316.site.7, 0, 143, 143
1118061.3.peg.1316.site.8, 1, 139, 140
1118061.3.peg.1316.site.9, 1, 98, 99
1118061.3.peg.1316.site.10, 38, 97, 135
1118061.3.peg.1317.site.1, 138, 138, 276
1118061.3.peg.1317.site.2, 25, 141, 166
1118061.3.peg.1317.site.3, 49, 145, 194
1118061.3.peg.1317.site.4, 3, 149, 152
1118061.3.peg.1317.site.5, 29, 150, 179
1118061.3.peg.1317.site.6, 0, 150, 150
1118061.3.peg.1317.site.7, 1, 149, 150
1118061.3.peg.1317.site.8, 150, 150, 300
1118061.3.peg.1317.site.9, 0, 149, 149
1118061.3.peg.1317.site.10, 1, 144, 145
1118061.3.peg.1317.site.11, 3, 150, 153
1118061.3.peg.1317.site.12, 2, 150, 152
1118061.3.peg.1317.site.13, 53, 144, 197
1118061.3.peg.1317.site.14, 0, 147, 147
1118061.3.peg.1317.site.15, 4, 44, 48
1118061.3.peg.1317.site.16, 3, 42, 45
1118061.3.peg.1317.site.17, 2, 41, 43
1118061.3.peg.1317.site.18, 11, 49, 60
1118061.3.peg.1317.site.19, 1, 148, 149
1118061.3.peg.1317.site.20, 26, 147, 173
1118061.3.peg.1317.site.21, 112, 148, 260
1118061.3.peg.1317.site.22, 136, 150, 286
1118061.3.peg.1317.site.23, 3, 150, 153
1118061.3.peg.1317.site.24, 3, 150, 153
1118061.3.peg.1317.site.25, 50, 149, 199
1118061.3.peg.1317.site.26, 6, 149, 155
1118061.3.peg.1317.site.27, 11, 149, 160
1118061.3.peg.1317.site.28, 4, 145, 149
1118061.3.peg.1317.site.29, 1, 149, 150
1118061.3.peg.1317.site.30, 1, 150, 151
1118061.3.peg.1317.site.31, 0, 149, 149
1118061.3.peg.1317.site.32, 33, 148, 181
1118061.3.peg.1317.site.33, 31, 149, 180
1118061.3.peg.1317.site.34, 1, 150, 151
1118061.3.peg.1317.site.35, 2, 149, 151
1118061.3.peg.1314.site.1, 0, 144, 144
1118061.3.peg.1314.site.2, 33, 143, 176
1118061.3.peg.1314.site.3, 3, 145, 148
1118061.3.peg.1314.site.4, 0, 139, 139
1118061.3.peg.1314.site.5, 23, 148, 171
1118061.3.peg.1314.site.6, 4, 144, 148
1118061.3.peg.1314.site.7, 21, 146, 167
1118061.3.peg.1314.site.8, 1, 150, 151
1118061.3.peg.1314.site.9, 83, 150, 233
1118061.3.peg.1314.site.10, 0, 149, 149
1118061.3.peg.1314.site.11, 0, 150, 150
1118061.3.peg.1314.site.12, 34, 150, 184
1118061.3.peg.1314.site.13, 3, 150, 153
1118061.3.peg.1314.site.14, 1, 150, 151
1118061.3.peg.1314.site.15, 1, 150, 151
1118061.3.peg.1314.site.16, 20, 150, 170
1118061.3.peg.1314.site.17, 63, 150, 213
1118061.3.peg.1314.site.18, 16, 150, 166
1118061.3.peg.1314.site.19, 3, 149, 152
1118061.3.peg.1314.site.20, 16, 150, 166
1118061.3.peg.1314.site.21, 31, 148, 179
1118061.3.peg.1314.site.22, 3, 150, 153
1118061.3.peg.1314.site.23, 3, 148, 151
1118061.3.peg.1314.site.24, 12, 149, 161
1118061.3.peg.1314.site.25, 4, 149, 153
1118061.3.peg.1315.site.1, 0, 149, 149
1118061.3.peg.1315.site.2, 1, 149, 150
1118061.3.peg.1315.site.3, 3, 150, 153
1118061.3.peg.1315.site.4, 62, 150, 212
1118061.3.peg.1315.site.5, 30, 149, 179
1118061.3.peg.1315.site.6, 1, 119, 120
1118061.3.peg.2537.site.1, 0, 150, 150
1118061.3.peg.2537.site.2, 9, 150, 159
1118061.3.peg.2537.site.3, 150, 150, 300
1118061.3.peg.2536.site.1, 3, 148, 151
1118061.3.peg.2536.site.2, 20, 149, 169
1118061.3.peg.2535.site.1, 0, 150, 150
1118061.3.peg.2535.site.2, 0, 148, 148
1118061.3.peg.2535.site.3, 0, 149, 149
1118061.3.peg.2535.site.4, 0, 148, 148
1118061.3.peg.2535.site.5, 1, 149, 150
1118061.3.peg.2535.site.6, 1, 133, 134
1118061.3.peg.2535.site.7, 7, 139, 146
1118061.3.peg.2534.site.1, 0, 150, 150
1118061.3.peg.2534.site.2, 0, 105, 105
1118061.3.peg.2534.site.3, 1, 106, 107
1118061.3.peg.2534.site.4, 0, 121, 121
1118061.3.peg.2534.site.5, 0, 133, 133
1118061.3.peg.2534.site.6, 113, 149, 262
1118061.3.peg.2534.site.7, 147, 149, 296
1118061.3.peg.2534.site.8, 0, 146, 146
1118061.3.peg.2534.site.9, 0, 145, 145
1118061.3.peg.2534.site.10, 0, 148, 148
1118061.3.peg.2534.site.11, 0, 141, 141
1118061.3.peg.2534.site.12, 18, 149, 167
1118061.3.peg.2534.site.13, 0, 133, 133
1118061.3.peg.2534.site.14, 0, 147, 147
1118061.3.peg.2534.site.15, 0, 99, 99
1118061.3.peg.2534.site.16, 0, 95, 95
1118061.3.peg.2534.site.17, 0, 134, 134
1118061.3.peg.2534.site.18, 0, 150, 150
1118061.3.peg.2534.site.19, 60, 149, 209
1118061.3.peg.2534.site.20, 3, 150, 153
1118061.3.peg.2534.site.21, 2, 149, 151
1118061.3.peg.2534.site.22, 20, 147, 167
1118061.3.peg.2534.site.23, 8, 148, 156
1118061.3.peg.2534.site.24, 1, 150, 151
1118061.3.peg.2534.site.25, 0, 149, 149
1118061.3.peg.2534.site.26, 0, 150, 150
1118061.3.peg.2534.site.27, 26, 149, 175
1118061.3.peg.2534.site.28, 149, 149, 298
1118061.3.peg.2534.site.29, 25, 150, 175
1118061.3.peg.2534.site.30, 0, 150, 150
1118061.3.peg.2534.site.31, 0, 149, 149
1118061.3.peg.2534.site.32, 0, 147, 147
1118061.3.peg.2534.site.33, 0, 147, 147
1118061.3.peg.2534.site.34, 0, 148, 148
1118061.3.peg.2534.site.35, 25, 150, 175
1118061.3.peg.2534.site.36, 18, 149, 167
1118061.3.peg.2534.site.37, 0, 149, 149
1118061.3.peg.2534.site.38, 1, 150, 151
1118061.3.peg.2534.site.39, 2, 149, 151
1118061.3.peg.2534.site.40, 2, 148, 150
1118061.3.peg.2534.site.41, 21, 149, 170
1118061.3.peg.2534.site.42, 150, 150, 300
1118061.3.peg.2534.site.43, 2, 150, 152
1118061.3.peg.2534.site.44, 21, 150, 171
1118061.3.peg.2534.site.45, 2, 143, 145
1118061.3.peg.2534.site.46, 0, 129, 129
1118061.3.peg.2534.site.47, 0, 119, 119
1118061.3.peg.2534.site.48, 0, 127, 127
1118061.3.peg.2534.site.49, 33, 126, 159
1118061.3.peg.2534.site.50, 0, 143, 143
1118061.3.peg.2534.site.51, 2, 145, 147
1118061.3.peg.2534.site.52, 42, 146, 188
1118061.3.peg.2534.site.53, 0, 147, 147
1118061.3.peg.2534.site.54, 0, 147, 147
1118061.3.peg.2534.site.55, 0, 150, 150
1118061.3.peg.2534.site.56, 0, 146, 146
1118061.3.peg.2534.site.57, 32, 145, 177
1118061.3.peg.2534.site.58, 9, 150, 159
1118061.3.peg.2534.site.59, 20, 148, 168
1118061.3.peg.2534.site.60, 2, 148, 150
1118061.3.peg.2534.site.61, 90, 146, 236
1118061.3.peg.2534.site.62, 0, 148, 148
1118061.3.peg.2534.site.63, 3, 149, 152
1118061.3.peg.2534.site.64, 3, 147, 150
1118061.3.peg.2534.site.65, 75, 150, 225
1118061.3.peg.2534.site.66, 68, 150, 218
1118061.3.peg.2534.site.67, 0, 150, 150
1118061.3.peg.2534.site.68, 0, 150, 150
1118061.3.peg.2533.site.1, 1, 149, 150
1118061.3.peg.2533.site.2, 31, 148, 179
1118061.3.peg.2533.site.3, 51, 150, 201
1118061.3.peg.2533.site.4, 0, 150, 150
1118061.3.peg.2533.site.5, 19, 144, 163
1118061.3.peg.2533.site.6, 1, 143, 144
1118061.3.peg.2533.site.7, 107, 146, 253
1118061.3.peg.2533.site.8, 19, 147, 166
1118061.3.peg.2533.site.9, 2, 146, 148
1118061.3.peg.2533.site.10, 3, 150, 153
1118061.3.peg.2533.site.11, 61, 147, 208
1118061.3.peg.2533.site.12, 0, 150, 150
1118061.3.peg.2533.site.13, 117, 148, 265
1118061.3.peg.2533.site.14, 1, 149, 150
1118061.3.peg.2533.site.15, 47, 146, 193
1118061.3.peg.2533.site.16, 0, 149, 149
1118061.3.peg.2533.site.17, 38, 148, 186
1118061.3.peg.2533.site.18, 1, 148, 149
1118061.3.peg.2533.site.19, 34, 139, 173
1118061.3.peg.2533.site.20, 2, 144, 146
1118061.3.peg.2533.site.21, 0, 144, 144
1118061.3.peg.2533.site.22, 50, 138, 188
1118061.3.peg.2533.site.23, 0, 106, 106
1118061.3.peg.2533.site.24, 15, 110, 125
1118061.3.peg.2533.site.25, 2, 149, 151
1118061.3.peg.2533.site.26, 98, 150, 248
1118061.3.peg.2533.site.27, 91, 150, 241
1118061.3.peg.2533.site.28, 3, 147, 150
1118061.3.peg.2533.site.29, 0, 146, 146
1118061.3.peg.2533.site.30, 0, 149, 149
1118061.3.peg.2532.site.1, 74, 147, 221
1118061.3.peg.2532.site.2, 0, 147, 147
1118061.3.peg.2532.site.3, 123, 148, 271
1118061.3.peg.2532.site.4, 123, 148, 271
1118061.3.peg.2532.site.5, 3, 148, 151
1118061.3.peg.2532.site.6, 20, 148, 168
1118061.3.peg.2532.site.7, 101, 148, 249
1118061.3.peg.2532.site.8, 43, 148, 191
1118061.3.peg.2532.site.9, 148, 148, 296
1118061.3.peg.2532.site.10, 1, 148, 149
1118061.3.peg.2532.site.11, 20, 148, 168
1118061.3.peg.2532.site.12, 82, 146, 228
1118061.3.peg.2532.site.13, 0, 148, 148
1118061.3.peg.2532.site.14, 58, 147, 205
1118061.3.peg.2532.site.15, 3, 147, 150
1118061.3.peg.2532.site.16, 0, 148, 148
1118061.3.peg.2532.site.17, 6, 149, 155
1118061.3.peg.2532.site.18, 145, 149, 294
1118061.3.peg.2532.site.19, 1, 145, 146
1118061.3.peg.2532.site.20, 1, 149, 150
1118061.3.peg.2532.site.21, 86, 148, 234
1118061.3.peg.2532.site.22, 96, 148, 244
1118061.3.peg.2532.site.23, 0, 148, 148
1118061.3.peg.2532.site.24, 2, 149, 151
1118061.3.peg.2532.site.25, 22, 148, 170
1118061.3.peg.2531.site.1, 69, 147, 216
1118061.3.peg.2531.site.2, 0, 146, 146
1118061.3.peg.2531.site.3, 65, 141, 206
1118061.3.peg.2538.site.1, 1, 150, 151
1118061.3.peg.2538.site.2, 2, 149, 151
1118061.3.peg.1228.site.1, 146, 148, 294
1118061.3.peg.1228.site.2, 0, 144, 144
1118061.3.peg.1228.site.3, 0, 142, 142
1118061.3.peg.1228.site.4, 13, 149, 162
1118061.3.peg.1228.site.5, 3, 147, 150
1118061.3.peg.1228.site.6, 43, 149, 192
1118061.3.peg.1228.site.7, 54, 145, 199
1118061.3.peg.1228.site.8, 27, 138, 165
1118061.3.peg.1228.site.9, 46, 148, 194
1118061.3.peg.1228.site.10, 146, 148, 294
1118061.3.peg.1228.site.11, 136, 145, 281
1118061.3.peg.1229.site.1, 0, 149, 149
1118061.3.peg.1229.site.2, 0, 147, 147
1118061.3.peg.1229.site.3, 0, 149, 149
1118061.3.peg.1229.site.4, 44, 149, 193
1118061.3.peg.1229.site.5, 44, 150, 194
1118061.3.peg.1229.site.6, 2, 150, 152
1118061.3.peg.1229.site.7, 0, 150, 150
1118061.3.peg.1229.site.8, 14, 148, 162
1118061.3.peg.1229.site.9, 24, 141, 165
1118061.3.peg.1229.site.10, 2, 141, 143
1118061.3.peg.1229.site.11, 68, 146, 214
1118061.3.peg.1229.site.12, 146, 148, 294
1118061.3.peg.1229.site.13, 29, 139, 168
1118061.3.peg.1229.site.14, 16, 120, 136
1118061.3.peg.1229.site.15, 22, 116, 138
1118061.3.peg.1229.site.16, 12, 127, 139
1118061.3.peg.1229.site.17, 35, 134, 169
1118061.3.peg.1229.site.18, 105, 129, 234
1118061.3.peg.1229.site.19, 34, 136, 170
1118061.3.peg.1229.site.20, 15, 130, 145
1118061.3.peg.1229.site.21, 41, 131, 172
1118061.3.peg.1229.site.22, 11, 129, 140
1118061.3.peg.1229.site.23, 8, 123, 131
1118061.3.peg.1229.site.24, 9, 100, 109
1118061.3.peg.1229.site.25, 27, 97, 124
1118061.3.peg.1229.site.26, 26, 103, 129
1118061.3.peg.1229.site.27, 3, 136, 139
1118061.3.peg.1229.site.28, 21, 140, 161
1118061.3.peg.1229.site.29, 106, 148, 254
1118061.3.peg.1229.site.30, 0, 148, 148
1118061.3.peg.1229.site.31, 0, 148, 148
1118061.3.peg.1229.site.32, 142, 142, 284
1118061.3.peg.1229.site.33, 78, 138, 216
1118061.3.peg.1229.site.34, 0, 134, 134
1118061.3.peg.1229.site.35, 122, 128, 250
1118061.3.peg.1229.site.36, 12, 134, 146
1118061.3.peg.1229.site.37, 33, 127, 160
1118061.3.peg.1229.site.38, 12, 126, 138
1118061.3.peg.1229.site.39, 12, 108, 120
1118061.3.peg.1229.site.40, 28, 126, 154
1118061.3.peg.1229.site.41, 137, 148, 285
1118061.3.peg.1229.site.42, 51, 150, 201
1118061.3.peg.1229.site.43, 1, 148, 149
1118061.3.peg.1229.site.44, 21, 149, 170
1118061.3.peg.1229.site.45, 2, 149, 151
1118061.3.peg.1229.site.46, 9, 147, 156
1118061.3.peg.1229.site.47, 0, 144, 144
1118061.3.peg.1229.site.48, 0, 147, 147
1118061.3.peg.1229.site.49, 13, 149, 162
1118061.3.peg.1229.site.50, 43, 122, 165
1118061.3.peg.1229.site.51, 27, 134, 161
1118061.3.peg.1229.site.52, 64, 131, 195
1118061.3.peg.1229.site.53, 18, 129, 147
1118061.3.peg.1229.site.54, 120, 143, 263
1118061.3.peg.1229.site.55, 0, 146, 146
1118061.3.peg.1229.site.56, 56, 133, 189
1118061.3.peg.1229.site.57, 1, 139, 140
1118061.3.peg.1229.site.58, 9, 149, 158
1118061.3.peg.1229.site.59, 1, 148, 149
1118061.3.peg.1229.site.60, 1, 148, 149
1118061.3.peg.1229.site.61, 146, 150, 296
1118061.3.peg.1229.site.62, 150, 150, 300
1118061.3.peg.1229.site.63, 0, 150, 150
1118061.3.peg.1229.site.64, 1, 144, 145
1118061.3.peg.1229.site.65, 30, 139, 169
1118061.3.peg.1229.site.66, 1, 146, 147
1118061.3.peg.1229.site.67, 50, 150, 200
1118061.3.peg.1229.site.68, 31, 148, 179
1118061.3.peg.1229.site.69, 16, 143, 159
1118061.3.peg.1229.site.70, 1, 149, 150
1118061.3.peg.1226.site.1, 18, 146, 164
1118061.3.peg.1226.site.2, 99, 148, 247
1118061.3.peg.1226.site.3, 148, 150, 298
1118061.3.peg.1226.site.4, 0, 149, 149
1118061.3.peg.1226.site.5, 0, 150, 150
1118061.3.peg.1226.site.6, 131, 150, 281
1118061.3.peg.1224.site.1, 10, 147, 157
1118061.3.peg.1224.site.2, 3, 146, 149
1118061.3.peg.1224.site.3, 43, 147, 190
1118061.3.peg.1224.site.4, 91, 149, 240
1118061.3.peg.1224.site.5, 32, 150, 182
1118061.3.peg.1224.site.6, 6, 150, 156
1118061.3.peg.1224.site.7, 35, 149, 184
1118061.3.peg.1224.site.8, 114, 145, 259
1118061.3.peg.1224.site.9, 2, 147, 149
1118061.3.peg.1224.site.10, 8, 147, 155
1118061.3.peg.1224.site.11, 46, 145, 191
1118061.3.peg.1224.site.12, 32, 133, 165
1118061.3.peg.1224.site.13, 2, 147, 149
1118061.3.peg.1224.site.14, 0, 149, 149
1118061.3.peg.1225.site.1, 147, 150, 297
1118061.3.peg.1225.site.2, 40, 149, 189
1118061.3.peg.1225.site.3, 129, 148, 277
1118061.3.peg.1225.site.4, 0, 149, 149
1118061.3.peg.1225.site.5, 2, 150, 152
1118061.3.peg.1225.site.6, 0, 129, 129
1118061.3.peg.1225.site.7, 3, 150, 153
1118061.3.peg.1225.site.8, 36, 148, 184
1118061.3.peg.1225.site.9, 62, 149, 211
1118061.3.peg.1225.site.10, 132, 137, 269
1118061.3.peg.1225.site.11, 35, 140, 175
1118061.3.peg.1225.site.12, 3, 150, 153
1118061.3.peg.1225.site.13, 56, 148, 204
1118061.3.peg.1225.site.14, 44, 150, 194
1118061.3.peg.1225.site.15, 2, 148, 150
1118061.3.peg.1225.site.16, 43, 145, 188
1118061.3.peg.1225.site.17, 42, 145, 187
1118061.3.peg.1225.site.18, 4, 147, 151
1118061.3.peg.1225.site.19, 0, 146, 146
1118061.3.peg.1222.site.1, 4, 144, 148
1118061.3.peg.1222.site.2, 69, 134, 203
1118061.3.peg.1222.site.3, 24, 139, 163
1118061.3.peg.1222.site.4, 111, 146, 257
1118061.3.peg.1222.site.5, 43, 148, 191
1118061.3.peg.1222.site.6, 10, 148, 158
1118061.3.peg.1222.site.7, 2, 148, 150
1118061.3.peg.1222.site.8, 61, 149, 210
1118061.3.peg.1222.site.9, 0, 150, 150
1118061.3.peg.1222.site.10, 68, 144, 212
1118061.3.peg.1222.site.11, 20, 149, 169
1118061.3.peg.1222.site.12, 0, 150, 150
1118061.3.peg.1222.site.13, 20, 150, 170
1118061.3.peg.1222.site.14, 0, 149, 149
1118061.3.peg.1222.site.15, 0, 149, 149
1118061.3.peg.1222.site.16, 3, 150, 153
1118061.3.peg.1222.site.17, 20, 149, 169
1118061.3.peg.1222.site.18, 41, 149, 190
1118061.3.peg.1222.site.19, 21, 147, 168
1118061.3.peg.1222.site.20, 2, 148, 150
1118061.3.peg.1222.site.21, 14, 150, 164
1118061.3.peg.1222.site.22, 76, 150, 226
1118061.3.peg.1222.site.23, 1, 150, 151
1118061.3.peg.1223.site.1, 11, 129, 140
1118061.3.peg.1223.site.2, 0, 117, 117
1118061.3.peg.1223.site.3, 21, 116, 137
1118061.3.peg.1223.site.4, 106, 128, 234
1118061.3.peg.1223.site.5, 2, 132, 134
1118061.3.peg.1223.site.6, 11, 123, 134
1118061.3.peg.1223.site.7, 4, 130, 134
1118061.3.peg.1220.site.1, 6, 145, 151
1118061.3.peg.1220.site.2, 0, 148, 148
1118061.3.peg.1220.site.3, 3, 149, 152
1118061.3.peg.1220.site.4, 0, 123, 123
1118061.3.peg.1220.site.5, 3, 124, 127
1118061.3.peg.1220.site.6, 5, 143, 148
1118061.3.peg.1220.site.7, 9, 143, 152
1118061.3.peg.1220.site.8, 12, 148, 160
1118061.3.peg.1221.site.1, 0, 150, 150
1118061.3.peg.1221.site.2, 0, 150, 150
1118061.3.peg.1221.site.3, 0, 150, 150
1118061.3.peg.1221.site.4, 75, 147, 222
1118061.3.peg.1221.site.5, 0, 149, 149
1118061.3.peg.1221.site.6, 12, 150, 162
1118061.3.peg.1221.site.7, 43, 149, 192
1118061.3.peg.1221.site.8, 144, 144, 288
1118061.3.peg.1221.site.9, 25, 143, 168
1118061.3.peg.1221.site.10, 4, 136, 140
1118061.3.peg.1221.site.11, 39, 130, 169
1118061.3.peg.1221.site.12, 133, 134, 267
1118061.3.peg.1221.site.13, 41, 129, 170
1118061.3.peg.1221.site.14, 13, 135, 148
1118061.3.peg.1221.site.15, 14, 126, 140
1118061.3.peg.1221.site.16, 12, 139, 151
1118061.3.peg.1221.site.17, 60, 149, 209
1118061.3.peg.1221.site.18, 31, 145, 176
1118061.3.peg.1221.site.19, 127, 144, 271
1118061.3.peg.1221.site.20, 44, 145, 189
1118061.3.peg.1221.site.21, 7, 149, 156
1118061.3.peg.1221.site.22, 10, 129, 139
1118061.3.peg.1221.site.23, 11, 148, 159
1118061.3.peg.1221.site.24, 41, 149, 190
1118061.3.peg.1221.site.25, 14, 149, 163
1118061.3.peg.1221.site.26, 1, 145, 146
1118061.3.peg.1221.site.27, 13, 146, 159
1118061.3.peg.1221.site.28, 0, 146, 146
1118061.3.peg.1221.site.29, 21, 148, 169
1118061.3.peg.576.site.1, 14, 149, 163
1118061.3.peg.576.site.2, 1, 147, 148
1118061.3.peg.576.site.3, 1, 148, 149
1118061.3.peg.576.site.4, 22, 149, 171
1118061.3.peg.576.site.5, 24, 146, 170
1118061.3.peg.576.site.6, 1, 145, 146
1118061.3.peg.576.site.7, 6, 149, 155
1118061.3.peg.576.site.8, 48, 148, 196
1118061.3.peg.576.site.9, 26, 149, 175
1118061.3.peg.576.site.10, 70, 149, 219
1118061.3.peg.576.site.11, 1, 149, 150
1118061.3.peg.576.site.12, 23, 129, 152
1118061.3.peg.576.site.13, 3, 147, 150
1118061.3.peg.576.site.14, 3, 150, 153
1118061.3.peg.576.site.15, 57, 150, 207
1118061.3.peg.576.site.16, 0, 150, 150
1118061.3.peg.576.site.17, 23, 147, 170
1118061.3.peg.576.site.18, 4, 148, 152
1118061.3.peg.576.site.19, 8, 146, 154
1118061.3.peg.576.site.20, 15, 149, 164
1118061.3.peg.576.site.21, 2, 149, 151
1118061.3.peg.576.site.22, 0, 148, 148
1118061.3.peg.576.site.23, 23, 149, 172
1118061.3.peg.576.site.24, 51, 149, 200
1118061.3.peg.576.site.25, 2, 150, 152
1118061.3.peg.576.site.26, 8, 149, 157
1118061.3.peg.576.site.27, 19, 148, 167
1118061.3.peg.576.site.28, 34, 148, 182
1118061.3.peg.576.site.29, 114, 146, 260
1118061.3.peg.576.site.30, 19, 145, 164
1118061.3.peg.576.site.31, 15, 146, 161
1118061.3.peg.576.site.32, 2, 146, 148
1118061.3.peg.576.site.33, 8, 145, 153
1118061.3.peg.576.site.34, 0, 137, 137
1118061.3.peg.576.site.35, 58, 133, 191
1118061.3.peg.576.site.36, 71, 144, 215
1118061.3.peg.576.site.37, 17, 144, 161
1118061.3.peg.576.site.38, 86, 137, 223
1118061.3.peg.576.site.39, 123, 139, 262
1118061.3.peg.576.site.40, 0, 122, 122
1118061.3.peg.576.site.41, 6, 117, 123
1118061.3.peg.576.site.42, 19, 147, 166
1118061.3.peg.576.site.43, 47, 147, 194
1118061.3.peg.577.site.1, 4, 149, 153
1118061.3.peg.577.site.2, 1, 140, 141
1118061.3.peg.577.site.3, 36, 125, 161
1118061.3.peg.577.site.4, 2, 104, 106
1118061.3.peg.577.site.5, 2, 132, 134
1118061.3.peg.577.site.6, 1, 113, 114
1118061.3.peg.577.site.7, 65, 139, 204
1118061.3.peg.577.site.8, 38, 144, 182
1118061.3.peg.577.site.9, 1, 147, 148
1118061.3.peg.577.site.10, 67, 138, 205
1118061.3.peg.577.site.11, 119, 129, 248
1118061.3.peg.577.site.12, 4, 145, 149
1118061.3.peg.577.site.13, 2, 146, 148
1118061.3.peg.578.site.1, 10, 139, 149
1118061.3.peg.578.site.2, 136, 136, 272
1118061.3.peg.578.site.3, 2, 140, 142
1118061.3.peg.578.site.4, 1, 138, 139
1118061.3.peg.578.site.5, 139, 143, 282
1118061.3.peg.578.site.6, 45, 138, 183
1118061.3.peg.578.site.7, 20, 142, 162
1118061.3.peg.578.site.8, 6, 142, 148
1118061.3.peg.578.site.9, 33, 133, 166
1118061.3.peg.579.site.1, 22, 145, 167
1118061.3.peg.579.site.2, 1, 146, 147
1118061.3.peg.579.site.3, 14, 148, 162
1118061.3.peg.579.site.4, 142, 148, 290
1118061.3.peg.579.site.5, 58, 148, 206
1118061.3.peg.579.site.6, 59, 148, 207
1118061.3.peg.579.site.7, 56, 148, 204
1118061.3.peg.579.site.8, 2, 146, 148
1118061.3.peg.579.site.9, 0, 146, 146
1118061.3.peg.579.site.10, 0, 149, 149
1118061.3.peg.579.site.11, 0, 145, 145
1118061.3.peg.579.site.12, 2, 148, 150
1118061.3.peg.579.site.13, 83, 147, 230
1118061.3.peg.579.site.14, 8, 150, 158
1118061.3.peg.579.site.15, 71, 149, 220
1118061.3.peg.579.site.16, 76, 148, 224
1118061.3.peg.579.site.17, 0, 150, 150
1118061.3.peg.579.site.18, 0, 148, 148
1118061.3.peg.579.site.19, 27, 144, 171
1118061.3.peg.579.site.20, 20, 147, 167
1118061.3.peg.579.site.21, 25, 148, 173
1118061.3.peg.2229.site.1, 0, 147, 147
1118061.3.peg.2229.site.2, 16, 144, 160
1118061.3.peg.2229.site.3, 76, 142, 218
1118061.3.peg.2229.site.4, 2, 132, 134
1118061.3.peg.2229.site.5, 17, 136, 153
1118061.3.peg.2229.site.6, 2, 134, 136
1118061.3.peg.2229.site.7, 0, 127, 127
1118061.3.peg.2229.site.8, 1, 138, 139
1118061.3.peg.2229.site.9, 87, 125, 212
1118061.3.peg.2229.site.10, 0, 82, 82
1118061.3.peg.2229.site.11, 15, 86, 101
1118061.3.peg.2229.site.12, 10, 82, 92
1118061.3.peg.2229.site.13, 40, 101, 141
1118061.3.peg.2229.site.14, 53, 134, 187
1118061.3.peg.2229.site.15, 1, 103, 104
1118061.3.peg.2229.site.16, 0, 146, 146
1118061.3.peg.2229.site.17, 23, 148, 171
1118061.3.peg.2229.site.18, 4, 149, 153
1118061.3.peg.2229.site.19, 0, 149, 149
1118061.3.peg.2228.site.1, 118, 148, 266
1118061.3.peg.2228.site.2, 1, 150, 151
1118061.3.peg.2228.site.3, 1, 147, 148
1118061.3.peg.2228.site.4, 79, 148, 227
1118061.3.peg.2228.site.5, 7, 148, 155
1118061.3.peg.2228.site.6, 27, 150, 177
1118061.3.peg.2228.site.7, 78, 141, 219
1118061.3.peg.2228.site.8, 91, 129, 220
1118061.3.peg.2228.site.9, 0, 147, 147
1118061.3.peg.2228.site.10, 118, 147, 265
1118061.3.peg.2228.site.11, 7, 147, 154
1118061.3.peg.2223.site.1, 2, 150, 152
1118061.3.peg.2223.site.2, 119, 146, 265
1118061.3.peg.2223.site.3, 26, 146, 172
1118061.3.peg.2223.site.4, 3, 143, 146
1118061.3.peg.2223.site.5, 31, 145, 176
1118061.3.peg.2223.site.6, 5, 147, 152
1118061.3.peg.2223.site.7, 40, 149, 189
1118061.3.peg.2223.site.8, 70, 148, 218
1118061.3.peg.2223.site.9, 18, 150, 168
1118061.3.peg.2223.site.10, 3, 147, 150
1118061.3.peg.2223.site.11, 2, 150, 152
1118061.3.peg.2223.site.12, 30, 148, 178
1118061.3.peg.2223.site.13, 1, 134, 135
1118061.3.peg.2223.site.14, 21, 121, 142
1118061.3.peg.2223.site.15, 26, 139, 165
1118061.3.peg.2223.site.16, 55, 147, 202
1118061.3.peg.2223.site.17, 59, 145, 204
1118061.3.peg.2223.site.18, 0, 148, 148
1118061.3.peg.2223.site.19, 0, 150, 150
1118061.3.peg.2223.site.20, 54, 147, 201
1118061.3.peg.2223.site.21, 1, 147, 148
1118061.3.peg.2223.site.22, 20, 147, 167
1118061.3.peg.2223.site.23, 30, 147, 177
1118061.3.peg.2221.site.1, 3, 143, 146
1118061.3.peg.2221.site.2, 128, 142, 270
1118061.3.peg.2221.site.3, 0, 143, 143
1118061.3.peg.2221.site.4, 28, 144, 172
1118061.3.peg.2221.site.5, 20, 148, 168
1118061.3.peg.2221.site.6, 0, 150, 150
1118061.3.peg.2221.site.7, 129, 148, 277
1118061.3.peg.2221.site.8, 31, 144, 175
1118061.3.peg.2221.site.9, 0, 145, 145
1118061.3.peg.2221.site.10, 31, 144, 175
1118061.3.peg.2221.site.11, 3, 137, 140
1118061.3.peg.2221.site.12, 11, 142, 153
1118061.3.peg.2221.site.13, 4, 139, 143
1118061.3.peg.2221.site.14, 9, 138, 147
1118061.3.peg.2221.site.15, 0, 137, 137
1118061.3.peg.2221.site.16, 0, 131, 131
1118061.3.peg.2221.site.17, 12, 148, 160
1118061.3.peg.2220.site.1, 1, 132, 133
1118061.3.peg.2220.site.2, 1, 107, 108
1118061.3.peg.2220.site.3, 6, 116, 122
1118061.3.peg.2220.site.4, 0, 133, 133
1118061.3.peg.2220.site.5, 5, 137, 142
1118061.3.peg.2220.site.6, 0, 134, 134
1118061.3.peg.2220.site.7, 13, 136, 149
1118061.3.peg.2220.site.8, 19, 135, 154
1118061.3.peg.2220.site.9, 4, 143, 147
1118061.3.peg.2220.site.10, 3, 147, 150
1118061.3.peg.2220.site.11, 29, 147, 176
1118061.3.peg.2220.site.12, 28, 146, 174
1118061.3.peg.2220.site.13, 15, 146, 161
1118061.3.peg.2220.site.14, 65, 146, 211
1118061.3.peg.2220.site.15, 80, 148, 228
1118061.3.peg.2220.site.16, 2, 144, 146
1118061.3.peg.2220.site.17, 19, 147, 166
1118061.3.peg.2220.site.18, 0, 149, 149
1118061.3.peg.2220.site.19, 64, 150, 214
1118061.3.peg.2220.site.20, 89, 150, 239
1118061.3.peg.2220.site.21, 90, 150, 240
1118061.3.peg.2220.site.22, 4, 150, 154
1118061.3.peg.2220.site.23, 3, 150, 153
1118061.3.peg.2220.site.24, 0, 150, 150
1118061.3.peg.2220.site.25, 118, 149, 267
1118061.3.peg.2220.site.26, 45, 147, 192
1118061.3.peg.2220.site.27, 43, 136, 179
1118061.3.peg.2220.site.28, 1, 138, 139
1118061.3.peg.2227.site.1, 3, 150, 153
1118061.3.peg.2227.site.2, 46, 149, 195
1118061.3.peg.2227.site.3, 26, 148, 174
1118061.3.peg.2227.site.4, 0, 147, 147
1118061.3.peg.2227.site.5, 0, 148, 148
1118061.3.peg.2227.site.6, 14, 102, 116
1118061.3.peg.2227.site.7, 2, 149, 151
1118061.3.peg.2227.site.8, 13, 147, 160
1118061.3.peg.2227.site.9, 0, 149, 149
1118061.3.peg.2227.site.10, 7, 150, 157
1118061.3.peg.2227.site.11, 83, 150, 233
1118061.3.peg.2227.site.12, 14, 149, 163
1118061.3.peg.2227.site.13, 33, 150, 183
1118061.3.peg.2227.site.14, 33, 150, 183
1118061.3.peg.2227.site.15, 4, 150, 154
1118061.3.peg.2227.site.16, 0, 149, 149
1118061.3.peg.2227.site.17, 1, 149, 150
1118061.3.peg.2227.site.18, 67, 150, 217
1118061.3.peg.2227.site.19, 4, 144, 148
1118061.3.peg.2227.site.20, 2, 146, 148
1118061.3.peg.2227.site.21, 1, 144, 145
1118061.3.peg.2227.site.22, 45, 145, 190
1118061.3.peg.2226.site.1, 44, 150, 194
1118061.3.peg.2226.site.2, 44, 137, 181
1118061.3.peg.2226.site.3, 1, 138, 139
1118061.3.peg.2226.site.4, 2, 135, 137
1118061.3.peg.2225.site.1, 27, 146, 173
1118061.3.peg.2225.site.2, 21, 145, 166
1118061.3.peg.2225.site.3, 1, 145, 146
1118061.3.peg.2225.site.4, 25, 144, 169
1118061.3.peg.2225.site.5, 12, 145, 157
1118061.3.peg.2225.site.6, 1, 143, 144
1118061.3.peg.2225.site.7, 4, 140, 144
1118061.3.peg.2225.site.8, 2, 137, 139
1118061.3.peg.2225.site.9, 1, 140, 141
1118061.3.peg.2225.site.10, 34, 143, 177
1118061.3.peg.2225.site.11, 15, 139, 154
1118061.3.peg.2225.site.12, 0, 139, 139
1118061.3.peg.2225.site.13, 47, 143, 190
1118061.3.peg.2225.site.14, 4, 149, 153
1118061.3.peg.2225.site.15, 35, 147, 182
1118061.3.peg.2225.site.16, 20, 146, 166
1118061.3.peg.2225.site.17, 1, 148, 149
1118061.3.peg.2224.site.1, 14, 56, 70
1118061.3.peg.2224.site.2, 0, 144, 144
1118061.3.peg.2224.site.3, 110, 146, 256
1118061.3.peg.2224.site.4, 23, 149, 172
1118061.3.peg.2224.site.5, 100, 131, 231
1118061.3.peg.2224.site.6, 144, 144, 288
1118061.3.peg.2224.site.7, 0, 147, 147
1118061.3.peg.2224.site.8, 12, 148, 160
1118061.3.peg.2224.site.9, 122, 148, 270
1118061.3.peg.2224.site.10, 0, 147, 147
1118061.3.peg.2224.site.11, 0, 149, 149
1118061.3.peg.2224.site.12, 7, 150, 157
1118061.3.peg.2224.site.13, 0, 149, 149
1118061.3.peg.2224.site.14, 0, 149, 149
1118061.3.peg.2224.site.15, 24, 145, 169
1118061.3.peg.2224.site.16, 1, 150, 151
1118061.3.peg.2224.site.17, 4, 148, 152
1118061.3.peg.358.site.1, 0, 147, 147
1118061.3.peg.358.site.2, 22, 150, 172
1118061.3.peg.358.site.3, 72, 149, 221
1118061.3.peg.358.site.4, 30, 150, 180
1118061.3.peg.358.site.5, 0, 150, 150
1118061.3.peg.358.site.6, 0, 147, 147
1118061.3.peg.358.site.7, 96, 147, 243
1118061.3.peg.358.site.8, 96, 147, 243
1118061.3.peg.358.site.9, 0, 148, 148
1118061.3.peg.358.site.10, 26, 148, 174
1118061.3.peg.358.site.11, 116, 149, 265
1118061.3.peg.358.site.12, 36, 148, 184
1118061.3.peg.358.site.13, 49, 148, 197
1118061.3.peg.358.site.14, 1, 150, 151
1118061.3.peg.350.site.1, 0, 142, 142
1118061.3.peg.350.site.2, 2, 139, 141
1118061.3.peg.350.site.3, 61, 137, 198
1118061.3.peg.350.site.4, 6, 129, 135
1118061.3.peg.350.site.5, 2, 134, 136
1118061.3.peg.350.site.6, 103, 141, 244
1118061.3.peg.350.site.7, 0, 132, 132
1118061.3.peg.350.site.8, 1, 146, 147
1118061.3.peg.350.site.9, 136, 136, 272
1118061.3.peg.350.site.10, 3, 124, 127
1118061.3.peg.350.site.11, 10, 128, 138
1118061.3.peg.350.site.12, 40, 126, 166
1118061.3.peg.350.site.13, 13, 137, 150
1118061.3.peg.350.site.14, 60, 135, 195
1118061.3.peg.350.site.15, 127, 141, 268
1118061.3.peg.350.site.16, 56, 144, 200
1118061.3.peg.350.site.17, 1, 149, 150
1118061.3.peg.351.site.1, 5, 146, 151
1118061.3.peg.351.site.2, 11, 145, 156
1118061.3.peg.351.site.3, 91, 122, 213
1118061.3.peg.351.site.4, 57, 116, 173
1118061.3.peg.351.site.5, 129, 133, 262
1118061.3.peg.351.site.6, 25, 146, 171
1118061.3.peg.351.site.7, 7, 147, 154
1118061.3.peg.351.site.8, 2, 150, 152
1118061.3.peg.351.site.9, 12, 150, 162
1118061.3.peg.351.site.10, 1, 149, 150
1118061.3.peg.351.site.11, 0, 147, 147
1118061.3.peg.351.site.12, 148, 148, 296
1118061.3.peg.351.site.13, 68, 145, 213
1118061.3.peg.351.site.14, 0, 124, 124
1118061.3.peg.351.site.15, 3, 112, 115
1118061.3.peg.351.site.16, 1, 149, 150
1118061.3.peg.351.site.17, 39, 147, 186
1118061.3.peg.351.site.18, 115, 145, 260
1118061.3.peg.351.site.19, 12, 148, 160
1118061.3.peg.352.site.1, 0, 145, 145
1118061.3.peg.352.site.2, 0, 146, 146
1118061.3.peg.352.site.3, 64, 143, 207
1118061.3.peg.352.site.4, 5, 130, 135
1118061.3.peg.352.site.5, 3, 147, 150
1118061.3.peg.353.site.1, 91, 149, 240
1118061.3.peg.353.site.2, 74, 150, 224
1118061.3.peg.353.site.3, 2, 150, 152
1118061.3.peg.353.site.4, 33, 149, 182
1118061.3.peg.353.site.5, 41, 149, 190
1118061.3.peg.353.site.6, 1, 150, 151
1118061.3.peg.353.site.7, 2, 150, 152
1118061.3.peg.353.site.8, 88, 150, 238
1118061.3.peg.353.site.9, 7, 145, 152
1118061.3.peg.353.site.10, 0, 140, 140
1118061.3.peg.353.site.11, 75, 150, 225
1118061.3.peg.353.site.12, 2, 148, 150
1118061.3.peg.353.site.13, 1, 149, 150
1118061.3.peg.353.site.14, 1, 150, 151
1118061.3.peg.353.site.15, 16, 149, 165
1118061.3.peg.353.site.16, 15, 149, 164
1118061.3.peg.353.site.17, 1, 149, 150
1118061.3.peg.353.site.18, 49, 149, 198
1118061.3.peg.353.site.19, 1, 148, 149
1118061.3.peg.353.site.20, 13, 150, 163
1118061.3.peg.353.site.21, 0, 148, 148
1118061.3.peg.353.site.22, 59, 147, 206
1118061.3.peg.353.site.23, 3, 148, 151
1118061.3.peg.353.site.24, 6, 148, 154
1118061.3.peg.353.site.25, 59, 149, 208
1118061.3.peg.353.site.26, 17, 148, 165
1118061.3.peg.353.site.27, 0, 142, 142
1118061.3.peg.353.site.28, 3, 150, 153
1118061.3.peg.353.site.29, 11, 149, 160
1118061.3.peg.353.site.30, 0, 149, 149
1118061.3.peg.353.site.31, 2, 148, 150
1118061.3.peg.353.site.32, 2, 147, 149
1118061.3.peg.353.site.33, 150, 150, 300
1118061.3.peg.354.site.1, 6, 149, 155
1118061.3.peg.354.site.2, 0, 149, 149
1118061.3.peg.354.site.3, 7, 150, 157
1118061.3.peg.354.site.4, 118, 146, 264
1118061.3.peg.354.site.5, 1, 149, 150
1118061.3.peg.354.site.6, 2, 149, 151
1118061.3.peg.354.site.7, 6, 150, 156
1118061.3.peg.355.site.1, 18, 149, 167
1118061.3.peg.355.site.2, 32, 149, 181
1118061.3.peg.355.site.3, 96, 122, 218
1118061.3.peg.355.site.4, 6, 125, 131
1118061.3.peg.355.site.5, 0, 149, 149
1118061.3.peg.355.site.6, 25, 141, 166
1118061.3.peg.355.site.7, 1, 122, 123
1118061.3.peg.355.site.8, 0, 124, 124
1118061.3.peg.356.site.1, 7, 148, 155
1118061.3.peg.356.site.2, 0, 148, 148
1118061.3.peg.356.site.3, 2, 135, 137
1118061.3.peg.356.site.4, 22, 116, 138
1118061.3.peg.356.site.5, 14, 142, 156
1118061.3.peg.356.site.6, 24, 148, 172
1118061.3.peg.356.site.7, 16, 150, 166
1118061.3.peg.356.site.8, 26, 150, 176
1118061.3.peg.356.site.9, 1, 149, 150
1118061.3.peg.356.site.10, 4, 146, 150
1118061.3.peg.356.site.11, 2, 149, 151
1118061.3.peg.356.site.12, 63, 146, 209
1118061.3.peg.356.site.13, 2, 149, 151
1118061.3.peg.356.site.14, 101, 150, 251
1118061.3.peg.356.site.15, 0, 150, 150
1118061.3.peg.357.site.1, 150, 150, 300
1118061.3.peg.357.site.2, 150, 150, 300
1118061.3.peg.357.site.3, 20, 150, 170
1118061.3.peg.357.site.4, 0, 150, 150
1118061.3.peg.357.site.5, 0, 149, 149
1118061.3.peg.357.site.6, 56, 149, 205
1118061.3.peg.357.site.7, 0, 150, 150
1118061.3.peg.357.site.8, 2, 149, 151
1118061.3.peg.357.site.9, 3, 148, 151
1118061.3.peg.357.site.10, 28, 150, 178
1118061.3.peg.992.site.1, 2, 148, 150
1118061.3.peg.992.site.2, 1, 147, 148
1118061.3.peg.992.site.3, 1, 141, 142
1118061.3.peg.992.site.4, 0, 97, 97
1118061.3.peg.992.site.5, 1, 146, 147
1118061.3.peg.992.site.6, 2, 149, 151
1118061.3.peg.992.site.7, 143, 150, 293
1118061.3.peg.992.site.8, 2, 150, 152
1118061.3.peg.992.site.9, 4, 149, 153
1118061.3.peg.992.site.10, 2, 148, 150
1118061.3.peg.992.site.11, 2, 149, 151
1118061.3.peg.992.site.12, 1, 149, 150
1118061.3.peg.992.site.13, 43, 147, 190
1118061.3.peg.992.site.14, 2, 150, 152
1118061.3.peg.992.site.15, 2, 149, 151
1118061.3.peg.992.site.16, 2, 150, 152
1118061.3.peg.992.site.17, 15, 149, 164
1118061.3.peg.992.site.18, 2, 150, 152
1118061.3.peg.992.site.19, 3, 150, 153
1118061.3.peg.992.site.20, 2, 149, 151
1118061.3.peg.992.site.21, 15, 149, 164
1118061.3.peg.993.site.1, 1, 145, 146
1118061.3.peg.993.site.2, 1, 142, 143
1118061.3.peg.993.site.3, 1, 144, 145
1118061.3.peg.993.site.4, 2, 145, 147
1118061.3.peg.993.site.5, 1, 130, 131
1118061.3.peg.993.site.6, 64, 130, 194
1118061.3.peg.993.site.7, 50, 133, 183
1118061.3.peg.993.site.8, 4, 138, 142
1118061.3.peg.993.site.9, 41, 141, 182
1118061.3.peg.993.site.10, 3, 146, 149
1118061.3.peg.1130.site.1, 3, 147, 150
1118061.3.peg.1131.site.1, 0, 149, 149
1118061.3.peg.1131.site.2, 75, 146, 221
1118061.3.peg.1131.site.3, 0, 143, 143
1118061.3.peg.1131.site.4, 29, 146, 175
1118061.3.peg.1131.site.5, 0, 126, 126
1118061.3.peg.1131.site.6, 1, 141, 142
1118061.3.peg.1131.site.7, 0, 127, 127
1118061.3.peg.1131.site.8, 0, 121, 121
1118061.3.peg.1131.site.9, 23, 128, 151
1118061.3.peg.1131.site.10, 24, 129, 153
1118061.3.peg.1131.site.11, 0, 141, 141
1118061.3.peg.1131.site.12, 3, 149, 152
1118061.3.peg.1131.site.13, 0, 149, 149
1118061.3.peg.1131.site.14, 2, 149, 151
1118061.3.peg.1131.site.15, 32, 149, 181
1118061.3.peg.1131.site.16, 1, 149, 150
1118061.3.peg.1131.site.17, 7, 150, 157
1118061.3.peg.1131.site.18, 18, 149, 167
1118061.3.peg.1131.site.19, 3, 149, 152
1118061.3.peg.1134.site.1, 0, 148, 148
1118061.3.peg.1134.site.2, 149, 149, 298
1118061.3.peg.1134.site.3, 89, 129, 218
1118061.3.peg.1134.site.4, 43, 145, 188
1118061.3.peg.1134.site.5, 42, 146, 188
1118061.3.peg.1134.site.6, 42, 145, 187
1118061.3.peg.1134.site.7, 33, 136, 169
1118061.3.peg.1134.site.8, 2, 142, 144
1118061.3.peg.1134.site.9, 3, 148, 151
1118061.3.peg.1134.site.10, 5, 149, 154
1118061.3.peg.1134.site.11, 7, 148, 155
1118061.3.peg.1134.site.12, 6, 141, 147
1118061.3.peg.995.site.1, 25, 137, 162
1118061.3.peg.995.site.2, 1, 137, 138
1118061.3.peg.995.site.3, 92, 133, 225
1118061.3.peg.995.site.4, 33, 150, 183
1118061.3.peg.995.site.5, 16, 150, 166
1118061.3.peg.995.site.6, 40, 150, 190
1118061.3.peg.995.site.7, 2, 150, 152
1118061.3.peg.995.site.8, 138, 149, 287
1118061.3.peg.995.site.9, 0, 149, 149
1118061.3.peg.995.site.10, 0, 147, 147
1118061.3.peg.995.site.11, 1, 106, 107
1118061.3.peg.995.site.12, 100, 108, 208
1118061.3.peg.995.site.13, 23, 132, 155
1118061.3.peg.995.site.14, 13, 146, 159
1118061.3.peg.995.site.15, 48, 146, 194
1118061.3.peg.995.site.16, 8, 148, 156
1118061.3.peg.995.site.17, 78, 148, 226
1118061.3.peg.995.site.18, 0, 145, 145
1118061.3.peg.995.site.19, 62, 147, 209
1118061.3.peg.995.site.20, 0, 149, 149
1118061.3.peg.995.site.21, 1, 149, 150
1118061.3.peg.998.site.1, 50, 148, 198
1118061.3.peg.998.site.2, 10, 150, 160
1118061.3.peg.998.site.3, 8, 149, 157
1118061.3.peg.998.site.4, 144, 144, 288
1118061.3.peg.998.site.5, 0, 134, 134
1118061.3.peg.999.site.1, 0, 90, 90
1118061.3.peg.999.site.2, 42, 138, 180
1118061.3.peg.999.site.3, 6, 141, 147
1118061.3.peg.999.site.4, 7, 144, 151
1118061.3.peg.999.site.5, 7, 146, 153
1118061.3.peg.999.site.6, 36, 122, 158
1118061.3.peg.999.site.7, 2, 121, 123
1118061.3.peg.999.site.8, 84, 146, 230
1118061.3.peg.999.site.9, 114, 148, 262
1118061.3.peg.999.site.10, 0, 135, 135
1118061.3.peg.999.site.11, 129, 140, 269
1118061.3.peg.999.site.12, 26, 138, 164
1118061.3.peg.999.site.13, 3, 143, 146
1118061.3.peg.999.site.14, 4, 145, 149
1118061.3.peg.999.site.15, 60, 142, 202
1118061.3.peg.999.site.16, 14, 143, 157
1118061.3.peg.999.site.17, 14, 143, 157
1118061.3.peg.999.site.18, 61, 148, 209
1118061.3.peg.999.site.19, 9, 149, 158
1118061.3.peg.999.site.20, 3, 148, 151
1118061.3.peg.999.site.21, 2, 146, 148
1118061.3.peg.999.site.22, 0, 149, 149
1118061.3.peg.999.site.23, 0, 148, 148
1118061.3.peg.999.site.24, 10, 150, 160
1118061.3.peg.999.site.25, 1, 143, 144
1118061.3.peg.999.site.26, 27, 139, 166
1118061.3.peg.999.site.27, 6, 138, 144
1118061.3.peg.999.site.28, 0, 126, 126
1118061.3.peg.999.site.29, 14, 110, 124
1118061.3.peg.999.site.30, 25, 132, 157
1118061.3.peg.999.site.31, 5, 140, 145
1118061.3.peg.999.site.32, 43, 147, 190
1118061.3.peg.999.site.33, 0, 148, 148
1118061.3.peg.999.site.34, 0, 145, 145
1118061.3.peg.999.site.35, 2, 144, 146
1118061.3.peg.999.site.36, 9, 130, 139
1118061.3.peg.999.site.37, 5, 147, 152
1118061.3.peg.754.site.1, 0, 146, 146
1118061.3.peg.754.site.2, 2, 139, 141
1118061.3.peg.754.site.3, 96, 137, 233
1118061.3.peg.754.site.4, 28, 149, 177
1118061.3.peg.754.site.5, 50, 150, 200
1118061.3.peg.754.site.6, 38, 149, 187
1118061.3.peg.754.site.7, 3, 148, 151
1118061.3.peg.754.site.8, 34, 144, 178
1118061.3.peg.754.site.9, 39, 132, 171
1118061.3.peg.754.site.10, 3, 146, 149
1118061.3.peg.754.site.11, 13, 147, 160
1118061.3.peg.754.site.12, 39, 150, 189
1118061.3.peg.754.site.13, 19, 149, 168
1118061.3.peg.754.site.14, 105, 147, 252
1118061.3.peg.754.site.15, 3, 145, 148
1118061.3.peg.754.site.16, 4, 139, 143
1118061.3.peg.754.site.17, 6, 143, 149
1118061.3.peg.754.site.18, 1, 141, 142
1118061.3.peg.755.site.1, 7, 149, 156
1118061.3.peg.755.site.2, 1, 148, 149
1118061.3.peg.755.site.3, 1, 139, 140
1118061.3.peg.755.site.4, 143, 143, 286
1118061.3.peg.755.site.5, 0, 142, 142
1118061.3.peg.755.site.6, 9, 105, 114
1118061.3.peg.755.site.7, 3, 118, 121
1118061.3.peg.755.site.8, 0, 150, 150
1118061.3.peg.755.site.9, 96, 149, 245
1118061.3.peg.755.site.10, 23, 150, 173
1118061.3.peg.755.site.11, 8, 150, 158
1118061.3.peg.755.site.12, 2, 148, 150
1118061.3.peg.755.site.13, 24, 148, 172
1118061.3.peg.755.site.14, 23, 143, 166
1118061.3.peg.755.site.15, 37, 147, 184
1118061.3.peg.755.site.16, 147, 149, 296
1118061.3.peg.755.site.17, 37, 149, 186
1118061.3.peg.755.site.18, 0, 145, 145
1118061.3.peg.755.site.19, 4, 148, 152
1118061.3.peg.755.site.20, 149, 149, 298
1118061.3.peg.755.site.21, 14, 149, 163
1118061.3.peg.756.site.1, 0, 126, 126
1118061.3.peg.756.site.2, 0, 109, 109
1118061.3.peg.756.site.3, 0, 145, 145
1118061.3.peg.756.site.4, 1, 134, 135
1118061.3.peg.756.site.5, 23, 135, 158
1118061.3.peg.756.site.6, 0, 136, 136
1118061.3.peg.756.site.7, 3, 135, 138
1118061.3.peg.756.site.8, 57, 118, 175
1118061.3.peg.756.site.9, 3, 126, 129
1118061.3.peg.756.site.10, 3, 121, 124
1118061.3.peg.756.site.11, 1, 139, 140
1118061.3.peg.756.site.12, 70, 140, 210
1118061.3.peg.756.site.13, 20, 148, 168
1118061.3.peg.757.site.1, 1, 103, 104
1118061.3.peg.757.site.2, 1, 104, 105
1118061.3.peg.757.site.3, 14, 81, 95
1118061.3.peg.757.site.4, 45, 66, 111
1118061.3.peg.757.site.5, 11, 70, 81
1118061.3.peg.757.site.6, 1, 58, 59
1118061.3.peg.757.site.7, 5, 94, 99
1118061.3.peg.757.site.8, 0, 130, 130
1118061.3.peg.757.site.9, 2, 149, 151
1118061.3.peg.757.site.10, 4, 150, 154
1118061.3.peg.757.site.11, 148, 150, 298
1118061.3.peg.757.site.12, 15, 149, 164
1118061.3.peg.757.site.13, 0, 150, 150
1118061.3.peg.757.site.14, 3, 149, 152
1118061.3.peg.757.site.15, 4, 138, 142
1118061.3.peg.757.site.16, 12, 112, 124
1118061.3.peg.757.site.17, 18, 147, 165
1118061.3.peg.757.site.18, 0, 150, 150
1118061.3.peg.750.site.1, 3, 149, 152
1118061.3.peg.750.site.2, 91, 149, 240
1118061.3.peg.750.site.3, 3, 150, 153
1118061.3.peg.750.site.4, 42, 147, 189
1118061.3.peg.750.site.5, 18, 138, 156
1118061.3.peg.750.site.6, 1, 143, 144
1118061.3.peg.750.site.7, 78, 149, 227
1118061.3.peg.750.site.8, 60, 149, 209
1118061.3.peg.750.site.9, 0, 149, 149
1118061.3.peg.750.site.10, 31, 149, 180
1118061.3.peg.750.site.11, 14, 150, 164
1118061.3.peg.750.site.12, 17, 149, 166
1118061.3.peg.750.site.13, 40, 147, 187
1118061.3.peg.750.site.14, 1, 149, 150
1118061.3.peg.750.site.15, 1, 149, 150
1118061.3.peg.750.site.16, 19, 148, 167
1118061.3.peg.750.site.17, 43, 145, 188
1118061.3.peg.750.site.18, 13, 148, 161
1118061.3.peg.750.site.19, 31, 134, 165
1118061.3.peg.751.site.1, 1, 68, 69
1118061.3.peg.751.site.2, 3, 72, 75
1118061.3.peg.752.site.1, 0, 124, 124
1118061.3.peg.752.site.2, 2, 127, 129
1118061.3.peg.752.site.3, 3, 119, 122
1118061.3.peg.752.site.4, 0, 122, 122
1118061.3.peg.752.site.5, 139, 139, 278
1118061.3.peg.752.site.6, 136, 138, 274
1118061.3.peg.752.site.7, 147, 147, 294
1118061.3.peg.752.site.8, 79, 146, 225
1118061.3.peg.752.site.9, 0, 144, 144
1118061.3.peg.752.site.10, 0, 148, 148
1118061.3.peg.752.site.11, 113, 147, 260
1118061.3.peg.752.site.12, 114, 148, 262
1118061.3.peg.752.site.13, 105, 135, 240
1118061.3.peg.752.site.14, 0, 149, 149
1118061.3.peg.752.site.15, 0, 146, 146
1118061.3.peg.752.site.16, 23, 141, 164
1118061.3.peg.752.site.17, 1, 133, 134
1118061.3.peg.753.site.1, 20, 148, 168
1118061.3.peg.753.site.2, 0, 144, 144
1118061.3.peg.753.site.3, 0, 148, 148
1118061.3.peg.753.site.4, 29, 149, 178
1118061.3.peg.753.site.5, 1, 143, 144
1118061.3.peg.753.site.6, 86, 127, 213
1118061.3.peg.758.site.1, 0, 128, 128
1118061.3.peg.758.site.2, 132, 132, 264
1118061.3.peg.758.site.3, 0, 137, 137
1118061.3.peg.758.site.4, 141, 141, 282
1118061.3.peg.758.site.5, 2, 137, 139
1118061.3.peg.758.site.6, 136, 144, 280
1118061.3.peg.758.site.7, 0, 145, 145
1118061.3.peg.758.site.8, 0, 145, 145
1118061.3.peg.758.site.9, 0, 147, 147
1118061.3.peg.758.site.10, 59, 141, 200
1118061.3.peg.758.site.11, 18, 136, 154
1118061.3.peg.758.site.12, 20, 142, 162
1118061.3.peg.758.site.13, 38, 132, 170
1118061.3.peg.758.site.14, 0, 125, 125
1118061.3.peg.758.site.15, 14, 118, 132
1118061.3.peg.758.site.16, 1, 150, 151
1118061.3.peg.759.site.1, 99, 150, 249
1118061.3.peg.759.site.2, 15, 130, 145
1118061.3.peg.759.site.3, 3, 149, 152
1118061.3.peg.759.site.4, 1, 150, 151
1118061.3.peg.759.site.5, 1, 150, 151
1118061.3.peg.759.site.6, 1, 150, 151
1118061.3.peg.759.site.7, 0, 150, 150
1118061.3.peg.759.site.8, 150, 150, 300
1118061.3.peg.1153.site.1, 14, 145, 159
1118061.3.peg.1153.site.2, 0, 148, 148
1118061.3.peg.1153.site.3, 0, 138, 138
1118061.3.peg.1153.site.4, 0, 139, 139
1118061.3.peg.1153.site.5, 3, 137, 140
1118061.3.peg.1153.site.6, 0, 136, 136
1118061.3.peg.1153.site.7, 131, 150, 281
1118061.3.peg.1153.site.8, 0, 150, 150
1118061.3.peg.1153.site.9, 3, 150, 153
1118061.3.peg.1153.site.10, 43, 145, 188
1118061.3.peg.1153.site.11, 2, 149, 151
1118061.3.peg.1153.site.12, 121, 149, 270
1118061.3.peg.1153.site.13, 147, 150, 297
1118061.3.peg.1153.site.14, 111, 150, 261
1118061.3.peg.1153.site.15, 43, 150, 193
1118061.3.peg.1153.site.16, 26, 150, 176
1118061.3.peg.1153.site.17, 3, 149, 152
1118061.3.peg.1153.site.18, 2, 146, 148
1118061.3.peg.1153.site.19, 45, 148, 193
1118061.3.peg.1153.site.20, 145, 149, 294
1118061.3.peg.1153.site.21, 30, 149, 179
1118061.3.peg.1153.site.22, 4, 149, 153
1118061.3.peg.1153.site.23, 34, 148, 182
1118061.3.peg.1153.site.24, 0, 140, 140
1118061.3.peg.1153.site.25, 111, 147, 258
1118061.3.peg.1153.site.26, 6, 150, 156
1118061.3.peg.1153.site.27, 1, 148, 149
1118061.3.peg.1219.site.1, 123, 150, 273
1118061.3.peg.1219.site.2, 125, 150, 275
1118061.3.peg.1219.site.3, 32, 145, 177
1118061.3.peg.1219.site.4, 21, 143, 164
1118061.3.peg.1219.site.5, 21, 146, 167
1118061.3.peg.1219.site.6, 2, 149, 151
1118061.3.peg.1219.site.7, 122, 150, 272
1118061.3.peg.1219.site.8, 7, 148, 155
1118061.3.peg.1219.site.9, 95, 148, 243
1118061.3.peg.198.site.1, 0, 148, 148
1118061.3.peg.198.site.2, 74, 148, 222
1118061.3.peg.198.site.3, 76, 149, 225
1118061.3.peg.198.site.4, 69, 150, 219
1118061.3.peg.198.site.5, 0, 150, 150
1118061.3.peg.198.site.6, 2, 149, 151
1118061.3.peg.198.site.7, 3, 150, 153
1118061.3.peg.198.site.8, 21, 150, 171
1118061.3.peg.198.site.9, 61, 149, 210
1118061.3.peg.198.site.10, 1, 150, 151
1118061.3.peg.198.site.11, 1, 149, 150
1118061.3.peg.198.site.12, 2, 145, 147
1118061.3.peg.198.site.13, 14, 145, 159
1118061.3.peg.199.site.1, 1, 145, 146
1118061.3.peg.199.site.2, 2, 121, 123
1118061.3.peg.199.site.3, 61, 124, 185
1118061.3.peg.199.site.4, 2, 124, 126
1118061.3.peg.199.site.5, 118, 120, 238
1118061.3.peg.199.site.6, 37, 89, 126
1118061.3.peg.199.site.7, 1, 110, 111
1118061.3.peg.199.site.8, 66, 127, 193
1118061.3.peg.199.site.9, 11, 143, 154
1118061.3.peg.199.site.10, 34, 145, 179
1118061.3.peg.199.site.11, 19, 144, 163
1118061.3.peg.199.site.12, 32, 147, 179
1118061.3.peg.199.site.13, 7, 148, 155
1118061.3.peg.199.site.14, 1, 142, 143
1118061.3.peg.199.site.15, 1, 143, 144
1118061.3.peg.199.site.16, 1, 142, 143
1118061.3.peg.199.site.17, 0, 150, 150
1118061.3.peg.199.site.18, 80, 150, 230
1118061.3.peg.199.site.19, 83, 150, 233
1118061.3.peg.199.site.20, 0, 149, 149
1118061.3.peg.199.site.21, 0, 145, 145
1118061.3.peg.199.site.22, 112, 142, 254
1118061.3.peg.199.site.23, 2, 143, 145
1118061.3.peg.199.site.24, 1, 138, 139
1118061.3.peg.199.site.25, 25, 133, 158
1118061.3.peg.199.site.26, 16, 132, 148
1118061.3.peg.199.site.27, 2, 142, 144
1118061.3.peg.199.site.28, 49, 141, 190
1118061.3.peg.199.site.29, 0, 150, 150
1118061.3.peg.199.site.30, 23, 150, 173
1118061.3.peg.199.site.31, 141, 150, 291
1118061.3.peg.199.site.32, 140, 149, 289
1118061.3.peg.199.site.33, 1, 150, 151
1118061.3.peg.192.site.1, 0, 148, 148
1118061.3.peg.192.site.2, 0, 148, 148
1118061.3.peg.192.site.3, 8, 149, 157
1118061.3.peg.192.site.4, 69, 130, 199
1118061.3.peg.192.site.5, 66, 130, 196
1118061.3.peg.192.site.6, 1, 131, 132
1118061.3.peg.192.site.7, 2, 146, 148
1118061.3.peg.192.site.8, 2, 147, 149
1118061.3.peg.192.site.9, 2, 148, 150
1118061.3.peg.192.site.10, 121, 147, 268
1118061.3.peg.192.site.11, 134, 149, 283
1118061.3.peg.192.site.12, 46, 149, 195
1118061.3.peg.192.site.13, 50, 149, 199
1118061.3.peg.192.site.14, 2, 150, 152
1118061.3.peg.192.site.15, 133, 150, 283
1118061.3.peg.192.site.16, 5, 149, 154
1118061.3.peg.192.site.17, 137, 150, 287
1118061.3.peg.192.site.18, 1, 148, 149
1118061.3.peg.192.site.19, 8, 137, 145
1118061.3.peg.192.site.20, 3, 143, 146
1118061.3.peg.192.site.21, 5, 145, 150
1118061.3.peg.192.site.22, 41, 149, 190
1118061.3.peg.192.site.23, 2, 142, 144
1118061.3.peg.192.site.24, 2, 147, 149
1118061.3.peg.192.site.25, 2, 147, 149
1118061.3.peg.192.site.26, 2, 148, 150
1118061.3.peg.192.site.27, 2, 147, 149
1118061.3.peg.192.site.28, 12, 148, 160
1118061.3.peg.192.site.29, 2, 145, 147
1118061.3.peg.192.site.30, 2, 137, 139
1118061.3.peg.192.site.31, 20, 150, 170
1118061.3.peg.192.site.32, 1, 148, 149
1118061.3.peg.192.site.33, 60, 148, 208
1118061.3.peg.192.site.34, 2, 149, 151
1118061.3.peg.192.site.35, 2, 149, 151
1118061.3.peg.192.site.36, 2, 146, 148
1118061.3.peg.192.site.37, 1, 140, 141
1118061.3.peg.192.site.38, 34, 134, 168
1118061.3.peg.192.site.39, 19, 131, 150
1118061.3.peg.192.site.40, 0, 111, 111
1118061.3.peg.192.site.41, 58, 135, 193
1118061.3.peg.192.site.42, 1, 143, 144
1118061.3.peg.192.site.43, 1, 142, 143
1118061.3.peg.192.site.44, 10, 137, 147
1118061.3.peg.192.site.45, 4, 134, 138
1118061.3.peg.192.site.46, 139, 139, 278
1118061.3.peg.192.site.47, 2, 142, 144
1118061.3.peg.192.site.48, 2, 146, 148
1118061.3.peg.192.site.49, 2, 147, 149
1118061.3.peg.192.site.50, 2, 149, 151
1118061.3.peg.192.site.51, 2, 147, 149
1118061.3.peg.192.site.52, 2, 149, 151
1118061.3.peg.192.site.53, 2, 149, 151
1118061.3.peg.193.site.1, 2, 144, 146
1118061.3.peg.193.site.2, 0, 147, 147
1118061.3.peg.193.site.3, 2, 134, 136
1118061.3.peg.193.site.4, 118, 118, 236
1118061.3.peg.193.site.5, 30, 138, 168
1118061.3.peg.193.site.6, 4, 131, 135
1118061.3.peg.193.site.7, 9, 105, 114
1118061.3.peg.193.site.8, 1, 106, 107
1118061.3.peg.193.site.9, 10, 106, 116
1118061.3.peg.193.site.10, 23, 117, 140
1118061.3.peg.193.site.11, 1, 127, 128
1118061.3.peg.193.site.12, 2, 148, 150
1118061.3.peg.193.site.13, 84, 149, 233
1118061.3.peg.193.site.14, 2, 150, 152
1118061.3.peg.193.site.15, 84, 148, 232
1118061.3.peg.193.site.16, 3, 148, 151
1118061.3.peg.190.site.1, 26, 150, 176
1118061.3.peg.190.site.2, 13, 149, 162
1118061.3.peg.190.site.3, 75, 147, 222
1118061.3.peg.190.site.4, 112, 146, 258
1118061.3.peg.190.site.5, 36, 147, 183
1118061.3.peg.190.site.6, 0, 147, 147
1118061.3.peg.190.site.7, 32, 147, 179
1118061.3.peg.190.site.8, 77, 148, 225
1118061.3.peg.190.site.9, 96, 147, 243
1118061.3.peg.190.site.10, 98, 150, 248
1118061.3.peg.190.site.11, 115, 150, 265
1118061.3.peg.191.site.1, 10, 150, 160
1118061.3.peg.191.site.2, 74, 149, 223
1118061.3.peg.191.site.3, 3, 150, 153
1118061.3.peg.191.site.4, 74, 149, 223
1118061.3.peg.191.site.5, 110, 150, 260
1118061.3.peg.191.site.6, 0, 147, 147
1118061.3.peg.191.site.7, 0, 141, 141
1118061.3.peg.191.site.8, 25, 128, 153
1118061.3.peg.191.site.9, 1, 140, 141
1118061.3.peg.191.site.10, 46, 136, 182
1118061.3.peg.191.site.11, 31, 138, 169
1118061.3.peg.191.site.12, 4, 142, 146
1118061.3.peg.191.site.13, 71, 143, 214
1118061.3.peg.191.site.14, 93, 139, 232
1118061.3.peg.191.site.15, 12, 144, 156
1118061.3.peg.191.site.16, 53, 145, 198
1118061.3.peg.191.site.17, 142, 148, 290
1118061.3.peg.191.site.18, 52, 144, 196
1118061.3.peg.191.site.19, 0, 146, 146
1118061.3.peg.191.site.20, 39, 143, 182
1118061.3.peg.191.site.21, 38, 129, 167
1118061.3.peg.191.site.22, 36, 130, 166
1118061.3.peg.191.site.23, 3, 135, 138
1118061.3.peg.191.site.24, 7, 131, 138
1118061.3.peg.191.site.25, 109, 147, 256
1118061.3.peg.196.site.1, 1, 147, 148
1118061.3.peg.196.site.2, 28, 115, 143
1118061.3.peg.196.site.3, 47, 108, 155
1118061.3.peg.196.site.4, 28, 145, 173
1118061.3.peg.196.site.5, 1, 134, 135
1118061.3.peg.196.site.6, 1, 139, 140
1118061.3.peg.196.site.7, 2, 145, 147
1118061.3.peg.196.site.8, 126, 147, 273
1118061.3.peg.196.site.9, 2, 149, 151
1118061.3.peg.196.site.10, 0, 150, 150
1118061.3.peg.196.site.11, 130, 147, 277
1118061.3.peg.196.site.12, 1, 116, 117
1118061.3.peg.196.site.13, 132, 134, 266
1118061.3.peg.196.site.14, 2, 145, 147
1118061.3.peg.196.site.15, 2, 146, 148
1118061.3.peg.197.site.1, 2, 150, 152
1118061.3.peg.197.site.2, 0, 150, 150
1118061.3.peg.197.site.3, 2, 150, 152
1118061.3.peg.197.site.4, 2, 147, 149
1118061.3.peg.194.site.1, 2, 147, 149
1118061.3.peg.194.site.2, 81, 139, 220
1118061.3.peg.194.site.3, 19, 136, 155
1118061.3.peg.194.site.4, 6, 148, 154
1118061.3.peg.194.site.5, 2, 148, 150
1118061.3.peg.194.site.6, 2, 149, 151
1118061.3.peg.194.site.7, 2, 136, 138
1118061.3.peg.194.site.8, 3, 149, 152
1118061.3.peg.194.site.9, 1, 148, 149
1118061.3.peg.194.site.10, 1, 148, 149
1118061.3.peg.194.site.11, 149, 149, 298
1118061.3.peg.194.site.12, 2, 149, 151
1118061.3.peg.194.site.13, 55, 149, 204
1118061.3.peg.194.site.14, 73, 150, 223
1118061.3.peg.194.site.15, 15, 147, 162
1118061.3.peg.194.site.16, 36, 147, 183
1118061.3.peg.194.site.17, 15, 149, 164
1118061.3.peg.194.site.18, 10, 150, 160
1118061.3.peg.194.site.19, 15, 150, 165
1118061.3.peg.194.site.20, 0, 150, 150
1118061.3.peg.195.site.1, 26, 150, 176
1118061.3.peg.195.site.2, 68, 147, 215
1118061.3.peg.195.site.3, 2, 148, 150
1118061.3.peg.195.site.4, 1, 140, 141
1118061.3.peg.1218.site.1, 1, 147, 148
1118061.3.peg.1218.site.2, 37, 124, 161
1118061.3.peg.1218.site.3, 5, 59, 64
1118061.3.peg.1218.site.4, 5, 57, 62
1118061.3.peg.1218.site.5, 15, 66, 81
1118061.3.peg.1155.site.1, 4, 150, 154
1118061.3.peg.1155.site.2, 28, 150, 178
1118061.3.peg.1155.site.3, 13, 149, 162
1118061.3.peg.1155.site.4, 11, 149, 160
1118061.3.peg.1155.site.5, 80, 146, 226
1118061.3.peg.1155.site.6, 85, 147, 232
1118061.3.peg.1155.site.7, 0, 147, 147
1118061.3.peg.1155.site.8, 28, 145, 173
1118061.3.peg.1155.site.9, 4, 150, 154
1118061.3.peg.1155.site.10, 0, 150, 150
1118061.3.peg.1155.site.11, 6, 149, 155
1118061.3.peg.1155.site.12, 3, 149, 152
1118061.3.peg.1155.site.13, 0, 138, 138
1118061.3.peg.1155.site.14, 127, 140, 267
1118061.3.peg.1155.site.15, 7, 141, 148
1118061.3.peg.1155.site.16, 3, 146, 149
1118061.3.peg.1155.site.17, 76, 149, 225
1118061.3.peg.2798.site.1, 30, 149, 179
1118061.3.peg.2798.site.2, 2, 146, 148
1118061.3.peg.2798.site.3, 5, 145, 150
1118061.3.peg.2798.site.4, 3, 140, 143
1118061.3.peg.2798.site.5, 1, 144, 145
1118061.3.peg.2798.site.6, 92, 138, 230
1118061.3.peg.2798.site.7, 136, 136, 272
1118061.3.peg.2798.site.8, 134, 134, 268
1118061.3.peg.2798.site.9, 4, 133, 137
1118061.3.peg.2798.site.10, 2, 102, 104
1118061.3.peg.2798.site.11, 26, 107, 133
1118061.3.peg.2798.site.12, 0, 113, 113
1118061.3.peg.2798.site.13, 14, 136, 150
1118061.3.peg.2798.site.14, 143, 144, 287
1118061.3.peg.2384.site.1, 3, 150, 153
1118061.3.peg.2384.site.2, 54, 149, 203
1118061.3.peg.2384.site.3, 42, 146, 188
1118061.3.peg.2384.site.4, 150, 150, 300
1118061.3.peg.2384.site.5, 2, 124, 126
1118061.3.peg.2384.site.6, 2, 150, 152
1118061.3.peg.2384.site.7, 112, 150, 262
1118061.3.peg.2384.site.8, 90, 150, 240
1118061.3.peg.2384.site.9, 134, 150, 284
1118061.3.peg.2384.site.10, 2, 145, 147
1118061.3.peg.2384.site.11, 137, 137, 274
1118061.3.peg.2384.site.12, 10, 147, 157
1118061.3.peg.2384.site.13, 146, 146, 292
1118061.3.peg.2384.site.14, 17, 146, 163
1118061.3.peg.2384.site.15, 42, 147, 189
1118061.3.peg.2384.site.16, 149, 149, 298
1118061.3.peg.2384.site.17, 131, 148, 279
1118061.3.peg.2384.site.18, 36, 150, 186
1118061.3.peg.2384.site.19, 9, 148, 157
1118061.3.peg.2384.site.20, 0, 149, 149
1118061.3.peg.2384.site.21, 2, 149, 151
1118061.3.peg.2384.site.22, 3, 150, 153
1118061.3.peg.2384.site.23, 3, 149, 152
1118061.3.peg.2384.site.24, 19, 149, 168
1118061.3.peg.2384.site.25, 91, 134, 225
1118061.3.peg.2384.site.26, 100, 137, 237
1118061.3.peg.2384.site.27, 37, 144, 181
1118061.3.peg.2384.site.28, 118, 142, 260
1118061.3.peg.2384.site.29, 12, 150, 162
1118061.3.peg.2384.site.30, 12, 149, 161
1118061.3.peg.2384.site.31, 0, 149, 149
1118061.3.peg.2384.site.32, 0, 150, 150
1118061.3.peg.2385.site.1, 29, 148, 177
1118061.3.peg.2385.site.2, 28, 146, 174
1118061.3.peg.2385.site.3, 1, 139, 140
1118061.3.peg.2385.site.4, 21, 131, 152
1118061.3.peg.2385.site.5, 6, 134, 140
1118061.3.peg.2385.site.6, 42, 147, 189
1118061.3.peg.2385.site.7, 0, 149, 149
1118061.3.peg.2385.site.8, 2, 149, 151
1118061.3.peg.2385.site.9, 25, 147, 172
1118061.3.peg.2385.site.10, 53, 145, 198
1118061.3.peg.2385.site.11, 1, 142, 143
1118061.3.peg.2385.site.12, 16, 148, 164
1118061.3.peg.2388.site.1, 1, 148, 149
1118061.3.peg.2388.site.2, 121, 148, 269
1118061.3.peg.2388.site.3, 120, 144, 264
1118061.3.peg.2388.site.4, 78, 143, 221
1118061.3.peg.2388.site.5, 138, 145, 283
1118061.3.peg.2388.site.6, 5, 140, 145
1118061.3.peg.2388.site.7, 13, 139, 152
1118061.3.peg.2388.site.8, 37, 141, 178
1118061.3.peg.2388.site.9, 0, 136, 136
1118061.3.peg.2388.site.10, 118, 132, 250
1118061.3.peg.2388.site.11, 0, 126, 126
1118061.3.peg.2388.site.12, 21, 135, 156
1118061.3.peg.2388.site.13, 1, 128, 129
1118061.3.peg.2388.site.14, 24, 147, 171
1118061.3.peg.2389.site.1, 149, 149, 298
1118061.3.peg.2389.site.2, 5, 147, 152
1118061.3.peg.2389.site.3, 8, 142, 150
1118061.3.peg.2389.site.4, 26, 133, 159
1118061.3.peg.2389.site.5, 29, 133, 162
1118061.3.peg.2389.site.6, 65, 131, 196
1118061.3.peg.2389.site.7, 25, 139, 164
1118061.3.peg.2389.site.8, 77, 149, 226
1118061.3.peg.2389.site.9, 25, 148, 173
1118061.3.peg.2389.site.10, 42, 148, 190
1118061.3.peg.2389.site.11, 64, 148, 212
1118061.3.peg.2389.site.12, 10, 77, 87
1118061.3.peg.2389.site.13, 84, 84, 168
1118061.3.peg.2389.site.14, 3, 77, 80
1118061.3.peg.2389.site.15, 4, 109, 113
1118061.3.peg.2389.site.16, 114, 126, 240
1118061.3.peg.2389.site.17, 22, 137, 159
1118061.3.peg.2389.site.18, 63, 145, 208
1118061.3.peg.2389.site.19, 8, 139, 147
1118061.3.peg.2389.site.20, 125, 141, 266
1118061.3.peg.2389.site.21, 0, 140, 140
1118061.3.peg.2389.site.22, 7, 145, 152
1118061.3.peg.1718.site.1, 2, 143, 145
1118061.3.peg.1718.site.2, 15, 84, 99
1118061.3.peg.1718.site.3, 57, 148, 205
1118061.3.peg.1718.site.4, 0, 148, 148
1118061.3.peg.1718.site.5, 28, 150, 178
1118061.3.peg.1718.site.6, 150, 150, 300
1118061.3.peg.1718.site.7, 0, 149, 149
1118061.3.peg.1718.site.8, 12, 149, 161
1118061.3.peg.1718.site.9, 1, 146, 147
1118061.3.peg.1718.site.10, 23, 144, 167
1118061.3.peg.1718.site.11, 3, 141, 144
1118061.3.peg.1718.site.12, 2, 146, 148
1118061.3.peg.1718.site.13, 93, 139, 232
1118061.3.peg.1718.site.14, 0, 134, 134
1118061.3.peg.1718.site.15, 83, 145, 228
1118061.3.peg.1718.site.16, 14, 145, 159
1118061.3.peg.1718.site.17, 0, 138, 138
1118061.3.peg.1718.site.18, 79, 141, 220
1118061.3.peg.1718.site.19, 13, 139, 152
1118061.3.peg.1718.site.20, 12, 140, 152
1118061.3.peg.1718.site.21, 86, 143, 229
1118061.3.peg.1718.site.22, 1, 145, 146
1118061.3.peg.1718.site.23, 60, 146, 206
1118061.3.peg.1718.site.24, 4, 146, 150
1118061.3.peg.1718.site.25, 0, 134, 134
1118061.3.peg.1718.site.26, 27, 148, 175
1118061.3.peg.1718.site.27, 3, 150, 153
1118061.3.peg.1718.site.28, 3, 148, 151
1118061.3.peg.1718.site.29, 3, 148, 151
1118061.3.peg.1718.site.30, 0, 149, 149
1118061.3.peg.1718.site.31, 79, 146, 225
1118061.3.peg.1718.site.32, 0, 131, 131
1118061.3.peg.1718.site.33, 12, 130, 142
1118061.3.peg.1718.site.34, 3, 141, 144
1118061.3.peg.1718.site.35, 0, 142, 142
1118061.3.peg.1718.site.36, 29, 143, 172
1118061.3.peg.1718.site.37, 93, 136, 229
1118061.3.peg.1718.site.38, 2, 141, 143
1118061.3.peg.1718.site.39, 3, 143, 146
1118061.3.peg.1718.site.40, 5, 122, 127
1118061.3.peg.1718.site.41, 1, 139, 140
1118061.3.peg.1718.site.42, 3, 149, 152
1118061.3.peg.2410.site.1, 4, 149, 153
1118061.3.peg.2410.site.2, 0, 150, 150
1118061.3.peg.2410.site.3, 23, 148, 171
1118061.3.peg.2410.site.4, 42, 122, 164
1118061.3.peg.2410.site.5, 5, 109, 114
1118061.3.peg.2410.site.6, 14, 142, 156
1118061.3.peg.2147.site.1, 1, 149, 150
1118061.3.peg.2147.site.2, 7, 150, 157
1118061.3.peg.2147.site.3, 84, 148, 232
1118061.3.peg.2147.site.4, 1, 146, 147
1118061.3.peg.2147.site.5, 5, 148, 153
1118061.3.peg.2412.site.1, 47, 146, 193
1118061.3.peg.2412.site.2, 148, 148, 296
1118061.3.peg.2412.site.3, 69, 147, 216
1118061.3.peg.2412.site.4, 142, 142, 284
1118061.3.peg.2412.site.5, 0, 144, 144
1118061.3.peg.2412.site.6, 10, 142, 152
1118061.3.peg.2412.site.7, 0, 147, 147
1118061.3.peg.2412.site.8, 9, 147, 156
1118061.3.peg.2412.site.9, 1, 145, 146
1118061.3.peg.2412.site.10, 19, 146, 165
1118061.3.peg.2412.site.11, 1, 147, 148
1118061.3.peg.2412.site.12, 38, 147, 185
1118061.3.peg.2412.site.13, 3, 149, 152
1118061.3.peg.2412.site.14, 4, 148, 152
1118061.3.peg.2412.site.15, 2, 148, 150
1118061.3.peg.2412.site.16, 23, 150, 173
1118061.3.peg.2412.site.17, 2, 134, 136
1118061.3.peg.2412.site.18, 38, 148, 186
1118061.3.peg.2412.site.19, 0, 148, 148
1118061.3.peg.2412.site.20, 3, 148, 151
1118061.3.peg.2412.site.21, 1, 137, 138
1118061.3.peg.2413.site.1, 50, 148, 198
1118061.3.peg.2413.site.2, 44, 149, 193
1118061.3.peg.2413.site.3, 10, 150, 160
1118061.3.peg.2413.site.4, 1, 149, 150
1118061.3.peg.2413.site.5, 27, 149, 176
1118061.3.peg.2413.site.6, 0, 149, 149
1118061.3.peg.2413.site.7, 0, 150, 150
1118061.3.peg.2413.site.8, 7, 150, 157
1118061.3.peg.2413.site.9, 0, 148, 148
1118061.3.peg.2413.site.10, 0, 139, 139
1118061.3.peg.2413.site.11, 0, 111, 111
1118061.3.peg.2413.site.12, 1, 114, 115
1118061.3.peg.2413.site.13, 79, 95, 174
1118061.3.peg.2413.site.14, 3, 115, 118
1118061.3.peg.2413.site.15, 4, 113, 117
1118061.3.peg.2413.site.16, 14, 126, 140
1118061.3.peg.2413.site.17, 0, 136, 136
1118061.3.peg.2413.site.18, 54, 150, 204
1118061.3.peg.2414.site.1, 2, 150, 152
1118061.3.peg.2414.site.2, 6, 150, 156
1118061.3.peg.2414.site.3, 0, 149, 149
1118061.3.peg.2414.site.4, 45, 150, 195
1118061.3.peg.2414.site.5, 3, 150, 153
1118061.3.peg.2414.site.6, 2, 149, 151
1118061.3.peg.2414.site.7, 1, 150, 151
1118061.3.peg.2414.site.8, 2, 149, 151
1118061.3.peg.2414.site.9, 0, 149, 149
1118061.3.peg.2414.site.10, 10, 149, 159
1118061.3.peg.2414.site.11, 0, 149, 149
1118061.3.peg.2414.site.12, 96, 147, 243
1118061.3.peg.2414.site.13, 148, 150, 298
1118061.3.peg.2414.site.14, 0, 150, 150
1118061.3.peg.2414.site.15, 3, 150, 153
1118061.3.peg.2414.site.16, 2, 150, 152
1118061.3.peg.2414.site.17, 0, 147, 147
1118061.3.peg.2414.site.18, 1, 150, 151
1118061.3.peg.2414.site.19, 0, 150, 150
1118061.3.peg.2414.site.20, 7, 148, 155
1118061.3.peg.2414.site.21, 23, 122, 145
1118061.3.peg.2414.site.22, 3, 137, 140
1118061.3.peg.2414.site.23, 0, 146, 146
1118061.3.peg.2414.site.24, 52, 147, 199
1118061.3.peg.2414.site.25, 8, 150, 158
1118061.3.peg.2414.site.26, 0, 149, 149
1118061.3.peg.2414.site.27, 2, 149, 151
1118061.3.peg.2414.site.28, 0, 148, 148
1118061.3.peg.2415.site.1, 121, 146, 267
1118061.3.peg.2415.site.2, 61, 148, 209
1118061.3.peg.2415.site.3, 8, 148, 156
1118061.3.peg.2415.site.4, 0, 149, 149
1118061.3.peg.2415.site.5, 111, 148, 259
1118061.3.peg.2415.site.6, 0, 149, 149
1118061.3.peg.2415.site.7, 0, 149, 149
1118061.3.peg.2415.site.8, 56, 149, 205
1118061.3.peg.2415.site.9, 29, 149, 178
1118061.3.peg.2415.site.10, 0, 150, 150
1118061.3.peg.2415.site.11, 2, 148, 150
1118061.3.peg.2415.site.12, 145, 150, 295
1118061.3.peg.2415.site.13, 45, 147, 192
1118061.3.peg.2415.site.14, 1, 148, 149
1118061.3.peg.2415.site.15, 10, 150, 160
1118061.3.peg.2415.site.16, 22, 146, 168
1118061.3.peg.2415.site.17, 1, 146, 147
1118061.3.peg.2415.site.18, 19, 150, 169
1118061.3.peg.2416.site.1, 19, 149, 168
1118061.3.peg.2416.site.2, 58, 135, 193
1118061.3.peg.2416.site.3, 1, 148, 149
1118061.3.peg.2416.site.4, 20, 150, 170
1118061.3.peg.2416.site.5, 2, 150, 152
1118061.3.peg.2416.site.6, 41, 150, 191
1118061.3.peg.2416.site.7, 54, 149, 203
1118061.3.peg.2416.site.8, 26, 148, 174
1118061.3.peg.2416.site.9, 54, 149, 203
1118061.3.peg.2416.site.10, 147, 147, 294
1118061.3.peg.2416.site.11, 5, 140, 145
1118061.3.peg.2416.site.12, 33, 149, 182
1118061.3.peg.2416.site.13, 148, 148, 296
1118061.3.peg.2416.site.14, 1, 147, 148
1118061.3.peg.2416.site.15, 83, 150, 233
1118061.3.peg.2416.site.16, 5, 150, 155
1118061.3.peg.2416.site.17, 5, 148, 153
1118061.3.peg.2416.site.18, 19, 149, 168
1118061.3.peg.2416.site.19, 8, 149, 157
1118061.3.peg.2416.site.20, 1, 149, 150
1118061.3.peg.2416.site.21, 28, 147, 175
1118061.3.peg.2416.site.22, 28, 149, 177
1118061.3.peg.2416.site.23, 83, 150, 233
1118061.3.peg.2416.site.24, 1, 148, 149
1118061.3.peg.2416.site.25, 52, 149, 201
1118061.3.peg.2416.site.26, 0, 147, 147
1118061.3.peg.2416.site.27, 2, 149, 151
1118061.3.peg.2416.site.28, 13, 148, 161
1118061.3.peg.2416.site.29, 1, 150, 151
1118061.3.peg.2416.site.30, 0, 150, 150
1118061.3.peg.2416.site.31, 0, 149, 149
1118061.3.peg.2461.site.1, 1, 149, 150
1118061.3.peg.2461.site.2, 12, 150, 162
1118061.3.peg.2461.site.3, 46, 149, 195
1118061.3.peg.2460.site.1, 46, 150, 196
1118061.3.peg.2460.site.2, 0, 149, 149
1118061.3.peg.2460.site.3, 2, 148, 150
1118061.3.peg.2460.site.4, 3, 149, 152
1118061.3.peg.2460.site.5, 2, 148, 150
1118061.3.peg.2460.site.6, 123, 146, 269
1118061.3.peg.2460.site.7, 24, 145, 169
1118061.3.peg.2460.site.8, 136, 146, 282
1118061.3.peg.2460.site.9, 1, 146, 147
1118061.3.peg.2460.site.10, 5, 144, 149
1118061.3.peg.2460.site.11, 66, 128, 194
1118061.3.peg.2460.site.12, 64, 126, 190
1118061.3.peg.2460.site.13, 2, 142, 144
1118061.3.peg.2460.site.14, 3, 149, 152
1118061.3.peg.456.site.1, 0, 150, 150
1118061.3.peg.456.site.2, 2, 150, 152
1118061.3.peg.456.site.3, 28, 150, 178
1118061.3.peg.456.site.4, 32, 147, 179
1118061.3.peg.456.site.5, 4, 148, 152
1118061.3.peg.456.site.6, 0, 146, 146
1118061.3.peg.1415.site.1, 0, 90, 90
1118061.3.peg.1415.site.2, 1, 117, 118
1118061.3.peg.1415.site.3, 58, 142, 200
1118061.3.peg.1415.site.4, 0, 142, 142
1118061.3.peg.1415.site.5, 3, 148, 151
1118061.3.peg.1415.site.6, 0, 148, 148
1118061.3.peg.1415.site.7, 0, 149, 149
1118061.3.peg.1415.site.8, 1, 143, 144
1118061.3.peg.1415.site.9, 48, 142, 190
1118061.3.peg.1415.site.10, 52, 149, 201
1118061.3.peg.1415.site.11, 0, 149, 149
1118061.3.peg.1415.site.12, 55, 149, 204
1118061.3.peg.1415.site.13, 93, 148, 241
1118061.3.peg.1415.site.14, 0, 149, 149
1118061.3.peg.1415.site.15, 0, 150, 150
1118061.3.peg.1415.site.16, 13, 149, 162
1118061.3.peg.1415.site.17, 130, 150, 280
1118061.3.peg.1415.site.18, 0, 149, 149
1118061.3.peg.1415.site.19, 1, 150, 151
1118061.3.peg.1414.site.1, 0, 149, 149
1118061.3.peg.1414.site.2, 0, 150, 150
1118061.3.peg.1414.site.3, 10, 150, 160
1118061.3.peg.1414.site.4, 1, 150, 151
1118061.3.peg.1414.site.5, 0, 148, 148
1118061.3.peg.1414.site.6, 2, 150, 152
1118061.3.peg.1414.site.7, 146, 149, 295
1118061.3.peg.1414.site.8, 118, 149, 267
1118061.3.peg.1414.site.9, 148, 150, 298
1118061.3.peg.1414.site.10, 27, 149, 176
1118061.3.peg.1414.site.11, 55, 144, 199
1118061.3.peg.1414.site.12, 0, 147, 147
1118061.3.peg.1414.site.13, 5, 146, 151
1118061.3.peg.1414.site.14, 0, 149, 149
1118061.3.peg.1414.site.15, 144, 144, 288
1118061.3.peg.1414.site.16, 0, 143, 143
1118061.3.peg.1414.site.17, 1, 144, 145
1118061.3.peg.1414.site.18, 102, 143, 245
1118061.3.peg.1414.site.19, 1, 149, 150
1118061.3.peg.1414.site.20, 5, 147, 152
1118061.3.peg.1414.site.21, 1, 150, 151
1118061.3.peg.1414.site.22, 6, 149, 155
1118061.3.peg.1414.site.23, 0, 149, 149
1118061.3.peg.1414.site.24, 20, 147, 167
1118061.3.peg.1414.site.25, 12, 149, 161
1118061.3.peg.1414.site.26, 12, 147, 159
1118061.3.peg.1414.site.27, 12, 150, 162
1118061.3.peg.1414.site.28, 37, 149, 186
1118061.3.peg.1414.site.29, 71, 149, 220
1118061.3.peg.1414.site.30, 112, 149, 261
1118061.3.peg.1414.site.31, 2, 150, 152
1118061.3.peg.1414.site.32, 3, 149, 152
1118061.3.peg.1417.site.1, 0, 149, 149
1118061.3.peg.1416.site.1, 7, 150, 157
1118061.3.peg.1416.site.2, 1, 146, 147
1118061.3.peg.1416.site.3, 12, 124, 136
1118061.3.peg.1416.site.4, 125, 125, 250
1118061.3.peg.1416.site.5, 30, 120, 150
1118061.3.peg.1416.site.6, 35, 132, 167
1118061.3.peg.1416.site.7, 6, 144, 150
1118061.3.peg.1416.site.8, 1, 141, 142
1118061.3.peg.1416.site.9, 13, 145, 158
1118061.3.peg.1416.site.10, 3, 147, 150
1118061.3.peg.1416.site.11, 2, 143, 145
1118061.3.peg.1416.site.12, 0, 148, 148
1118061.3.peg.1416.site.13, 3, 147, 150
1118061.3.peg.1416.site.14, 1, 146, 147
1118061.3.peg.1416.site.15, 0, 144, 144
1118061.3.peg.1416.site.16, 3, 145, 148
1118061.3.peg.1416.site.17, 0, 144, 144
1118061.3.peg.1416.site.18, 0, 141, 141
1118061.3.peg.1416.site.19, 75, 138, 213
1118061.3.peg.1416.site.20, 1, 149, 150
1118061.3.peg.1416.site.21, 3, 149, 152
1118061.3.peg.1416.site.22, 79, 144, 223
1118061.3.peg.1416.site.23, 68, 126, 194
1118061.3.peg.1416.site.24, 0, 145, 145
1118061.3.peg.1416.site.25, 2, 147, 149
1118061.3.peg.1416.site.26, 1, 120, 121
1118061.3.peg.1416.site.27, 0, 135, 135
1118061.3.peg.1411.site.1, 0, 150, 150
1118061.3.peg.1411.site.2, 0, 150, 150
1118061.3.peg.1411.site.3, 71, 150, 221
1118061.3.peg.1411.site.4, 4, 150, 154
1118061.3.peg.1411.site.5, 70, 150, 220
1118061.3.peg.1411.site.6, 0, 150, 150
1118061.3.peg.1411.site.7, 133, 148, 281
1118061.3.peg.1411.site.8, 1, 150, 151
1118061.3.peg.1411.site.9, 0, 150, 150
1118061.3.peg.1411.site.10, 2, 150, 152
1118061.3.peg.1411.site.11, 56, 149, 205
1118061.3.peg.1411.site.12, 3, 150, 153
1118061.3.peg.1411.site.13, 129, 149, 278
1118061.3.peg.1411.site.14, 150, 150, 300
1118061.3.peg.1411.site.15, 0, 149, 149
1118061.3.peg.1411.site.16, 2, 150, 152
1118061.3.peg.1411.site.17, 0, 149, 149
1118061.3.peg.1411.site.18, 1, 150, 151
1118061.3.peg.1411.site.19, 11, 149, 160
1118061.3.peg.1411.site.20, 0, 149, 149
1118061.3.peg.1411.site.21, 8, 150, 158
1118061.3.peg.1411.site.22, 2, 150, 152
1118061.3.peg.1410.site.1, 150, 150, 300
1118061.3.peg.1410.site.2, 22, 150, 172
1118061.3.peg.1410.site.3, 0, 150, 150
1118061.3.peg.1410.site.4, 59, 150, 209
1118061.3.peg.1410.site.5, 8, 150, 158
1118061.3.peg.1410.site.6, 90, 149, 239
1118061.3.peg.1410.site.7, 50, 146, 196
1118061.3.peg.1410.site.8, 2, 149, 151
1118061.3.peg.1410.site.9, 0, 149, 149
1118061.3.peg.1410.site.10, 40, 147, 187
1118061.3.peg.1410.site.11, 0, 145, 145
1118061.3.peg.1410.site.12, 0, 146, 146
1118061.3.peg.1410.site.13, 2, 147, 149
1118061.3.peg.1410.site.14, 0, 144, 144
1118061.3.peg.1410.site.15, 81, 145, 226
1118061.3.peg.1410.site.16, 7, 144, 151
1118061.3.peg.1410.site.17, 3, 150, 153
1118061.3.peg.1410.site.18, 1, 150, 151
1118061.3.peg.1410.site.19, 92, 149, 241
1118061.3.peg.1410.site.20, 6, 148, 154
1118061.3.peg.1410.site.21, 85, 150, 235
1118061.3.peg.1410.site.22, 0, 149, 149
1118061.3.peg.1412.site.1, 1, 150, 151
1118061.3.peg.1412.site.2, 86, 150, 236
1118061.3.peg.1419.site.1, 0, 150, 150
1118061.3.peg.1419.site.2, 1, 150, 151
1118061.3.peg.1419.site.3, 3, 148, 151
1118061.3.peg.1419.site.4, 8, 150, 158
1118061.3.peg.1419.site.5, 0, 150, 150
1118061.3.peg.1419.site.6, 18, 146, 164
1118061.3.peg.1419.site.7, 0, 144, 144
1118061.3.peg.1419.site.8, 1, 150, 151
1118061.3.peg.1419.site.9, 4, 149, 153
1118061.3.peg.1418.site.1, 0, 149, 149
1118061.3.peg.1418.site.2, 0, 150, 150
1118061.3.peg.1418.site.3, 0, 149, 149
1118061.3.peg.1418.site.4, 11, 148, 159
1118061.3.peg.516.site.1, 18, 139, 157
1118061.3.peg.516.site.2, 43, 128, 171
1118061.3.peg.516.site.3, 0, 138, 138
1118061.3.peg.516.site.4, 127, 144, 271
1118061.3.peg.516.site.5, 1, 150, 151
1118061.3.peg.516.site.6, 3, 142, 145
1118061.3.peg.516.site.7, 0, 144, 144
1118061.3.peg.516.site.8, 47, 147, 194
1118061.3.peg.516.site.9, 1, 146, 147
1118061.3.peg.516.site.10, 27, 148, 175
1118061.3.peg.516.site.11, 1, 148, 149
1118061.3.peg.516.site.12, 2, 150, 152
1118061.3.peg.516.site.13, 1, 149, 150
1118061.3.peg.516.site.14, 79, 146, 225
1118061.3.peg.516.site.15, 6, 146, 152
1118061.3.peg.516.site.16, 65, 149, 214
1118061.3.peg.517.site.1, 66, 148, 214
1118061.3.peg.517.site.2, 38, 146, 184
1118061.3.peg.517.site.3, 8, 146, 154
1118061.3.peg.517.site.4, 145, 145, 290
1118061.3.peg.517.site.5, 4, 144, 148
1118061.3.peg.517.site.6, 2, 139, 141
1118061.3.peg.517.site.7, 0, 89, 89
1118061.3.peg.517.site.8, 1, 111, 112
1118061.3.peg.517.site.9, 18, 122, 140
1118061.3.peg.517.site.10, 12, 116, 128
1118061.3.peg.517.site.11, 17, 111, 128
1118061.3.peg.517.site.12, 21, 127, 148
1118061.3.peg.517.site.13, 1, 118, 119
1118061.3.peg.517.site.14, 3, 127, 130
1118061.3.peg.517.site.15, 53, 118, 171
1118061.3.peg.517.site.16, 7, 115, 122
1118061.3.peg.517.site.17, 1, 102, 103
1118061.3.peg.517.site.18, 95, 113, 208
1118061.3.peg.517.site.19, 93, 108, 201
1118061.3.peg.517.site.20, 1, 117, 118
1118061.3.peg.517.site.21, 1, 120, 121
1118061.3.peg.517.site.22, 1, 113, 114
1118061.3.peg.517.site.23, 0, 110, 110
1118061.3.peg.517.site.24, 29, 131, 160
1118061.3.peg.515.site.1, 145, 146, 291
1118061.3.peg.515.site.2, 2, 145, 147
1118061.3.peg.515.site.3, 36, 144, 180
1118061.3.peg.515.site.4, 1, 138, 139
1118061.3.peg.515.site.5, 2, 142, 144
1118061.3.peg.515.site.6, 1, 146, 147
1118061.3.peg.515.site.7, 0, 144, 144
1118061.3.peg.515.site.8, 14, 142, 156
1118061.3.peg.515.site.9, 42, 143, 185
1118061.3.peg.515.site.10, 17, 145, 162
1118061.3.peg.515.site.11, 0, 147, 147
1118061.3.peg.512.site.1, 147, 147, 294
1118061.3.peg.512.site.2, 82, 148, 230
1118061.3.peg.512.site.3, 0, 147, 147
1118061.3.peg.512.site.4, 6, 148, 154
1118061.3.peg.512.site.5, 64, 148, 212
1118061.3.peg.512.site.6, 3, 148, 151
1118061.3.peg.512.site.7, 34, 147, 181
1118061.3.peg.512.site.8, 1, 148, 149
1118061.3.peg.512.site.9, 6, 148, 154
1118061.3.peg.512.site.10, 139, 141, 280
1118061.3.peg.512.site.11, 3, 147, 150
1118061.3.peg.512.site.12, 0, 146, 146
1118061.3.peg.512.site.13, 6, 146, 152
1118061.3.peg.512.site.14, 1, 148, 149
1118061.3.peg.512.site.15, 1, 149, 150
1118061.3.peg.512.site.16, 90, 147, 237
1118061.3.peg.512.site.17, 21, 148, 169
1118061.3.peg.512.site.18, 70, 150, 220
1118061.3.peg.512.site.19, 2, 150, 152
1118061.3.peg.512.site.20, 0, 149, 149
1118061.3.peg.512.site.21, 11, 150, 161
1118061.3.peg.512.site.22, 0, 150, 150
1118061.3.peg.512.site.23, 18, 149, 167
1118061.3.peg.512.site.24, 0, 149, 149
1118061.3.peg.512.site.25, 0, 149, 149
1118061.3.peg.513.site.1, 143, 150, 293
1118061.3.peg.513.site.2, 1, 132, 133
1118061.3.peg.513.site.3, 0, 145, 145
1118061.3.peg.513.site.4, 80, 150, 230
1118061.3.peg.513.site.5, 127, 139, 266
1118061.3.peg.513.site.6, 0, 141, 141
1118061.3.peg.513.site.7, 2, 148, 150
1118061.3.peg.513.site.8, 1, 150, 151
1118061.3.peg.513.site.9, 12, 143, 155
1118061.3.peg.513.site.10, 137, 141, 278
1118061.3.peg.513.site.11, 140, 140, 280
1118061.3.peg.513.site.12, 4, 143, 147
1118061.3.peg.513.site.13, 47, 148, 195
1118061.3.peg.513.site.14, 0, 148, 148
1118061.3.peg.510.site.1, 21, 149, 170
1118061.3.peg.510.site.2, 16, 149, 165
1118061.3.peg.510.site.3, 2, 150, 152
1118061.3.peg.510.site.4, 63, 148, 211
1118061.3.peg.510.site.5, 2, 148, 150
1118061.3.peg.510.site.6, 1, 150, 151
1118061.3.peg.510.site.7, 0, 150, 150
1118061.3.peg.510.site.8, 132, 149, 281
1118061.3.peg.510.site.9, 120, 144, 264
1118061.3.peg.510.site.10, 28, 146, 174
1118061.3.peg.510.site.11, 2, 150, 152
1118061.3.peg.511.site.1, 2, 149, 151
1118061.3.peg.511.site.2, 3, 148, 151
1118061.3.peg.511.site.3, 10, 147, 157
1118061.3.peg.511.site.4, 1, 149, 150
1118061.3.peg.511.site.5, 1, 146, 147
1118061.3.peg.511.site.6, 4, 150, 154
1118061.3.peg.511.site.7, 102, 149, 251
1118061.3.peg.511.site.8, 3, 149, 152
1118061.3.peg.511.site.9, 2, 148, 150
1118061.3.peg.511.site.10, 0, 149, 149
1118061.3.peg.511.site.11, 3, 148, 151
1118061.3.peg.511.site.12, 2, 148, 150
1118061.3.peg.511.site.13, 3, 149, 152
1118061.3.peg.511.site.14, 148, 150, 298
1118061.3.peg.511.site.15, 63, 149, 212
1118061.3.peg.511.site.16, 7, 148, 155
1118061.3.peg.511.site.17, 2, 144, 146
1118061.3.peg.511.site.18, 107, 141, 248
1118061.3.peg.511.site.19, 1, 143, 144
1118061.3.peg.511.site.20, 1, 144, 145
1118061.3.peg.511.site.21, 85, 143, 228
1118061.3.peg.511.site.22, 3, 144, 147
1118061.3.peg.511.site.23, 2, 146, 148
1118061.3.peg.511.site.24, 0, 148, 148
1118061.3.peg.511.site.25, 2, 149, 151
1118061.3.peg.511.site.26, 73, 147, 220
1118061.3.peg.511.site.27, 2, 149, 151
1118061.3.peg.511.site.28, 7, 150, 157
1118061.3.peg.1309.site.1, 4, 148, 152
1118061.3.peg.1309.site.2, 1, 133, 134
1118061.3.peg.1309.site.3, 50, 130, 180
1118061.3.peg.1309.site.4, 1, 129, 130
1118061.3.peg.1309.site.5, 16, 142, 158
1118061.3.peg.1309.site.6, 28, 128, 156
1118061.3.peg.1309.site.7, 7, 137, 144
1118061.3.peg.1309.site.8, 28, 142, 170
1118061.3.peg.1309.site.9, 3, 145, 148
1118061.3.peg.1309.site.10, 4, 143, 147
1118061.3.peg.1309.site.11, 54, 144, 198
1118061.3.peg.1309.site.12, 3, 144, 147
1118061.3.peg.1309.site.13, 9, 150, 159
1118061.3.peg.1308.site.1, 3, 148, 151
1118061.3.peg.1308.site.2, 0, 141, 141
1118061.3.peg.1308.site.3, 3, 143, 146
1118061.3.peg.1308.site.4, 3, 145, 148
1118061.3.peg.1308.site.5, 29, 133, 162
1118061.3.peg.1308.site.6, 1, 137, 138
1118061.3.peg.1308.site.7, 3, 141, 144
1118061.3.peg.1308.site.8, 1, 137, 138
1118061.3.peg.1308.site.9, 55, 136, 191
1118061.3.peg.1308.site.10, 26, 136, 162
1118061.3.peg.1308.site.11, 35, 145, 180
1118061.3.peg.1308.site.12, 6, 143, 149
1118061.3.peg.1308.site.13, 2, 147, 149
1118061.3.peg.1308.site.14, 28, 146, 174
1118061.3.peg.1308.site.15, 10, 149, 159
1118061.3.peg.1308.site.16, 118, 147, 265
1118061.3.peg.1308.site.17, 142, 148, 290
1118061.3.peg.1308.site.18, 0, 143, 143
1118061.3.peg.1308.site.19, 0, 144, 144
1118061.3.peg.1308.site.20, 33, 141, 174
1118061.3.peg.1308.site.21, 2, 139, 141
1118061.3.peg.1308.site.22, 2, 135, 137
1118061.3.peg.1308.site.23, 7, 144, 151
1118061.3.peg.1308.site.24, 149, 149, 298
1118061.3.peg.1308.site.25, 3, 148, 151
1118061.3.peg.1308.site.26, 26, 150, 176
1118061.3.peg.1308.site.27, 5, 150, 155
1118061.3.peg.1308.site.28, 2, 150, 152
1118061.3.peg.1308.site.29, 15, 150, 165
1118061.3.peg.1308.site.30, 102, 150, 252
1118061.3.peg.1301.site.1, 33, 150, 183
1118061.3.peg.1301.site.2, 2, 149, 151
1118061.3.peg.1301.site.3, 1, 150, 151
1118061.3.peg.1301.site.4, 140, 150, 290
1118061.3.peg.1301.site.5, 1, 150, 151
1118061.3.peg.1301.site.6, 78, 150, 228
1118061.3.peg.1301.site.7, 3, 150, 153
1118061.3.peg.1301.site.8, 0, 147, 147
1118061.3.peg.1301.site.9, 0, 143, 143
1118061.3.peg.1301.site.10, 3, 146, 149
1118061.3.peg.1301.site.11, 39, 149, 188
1118061.3.peg.1301.site.12, 146, 146, 292
1118061.3.peg.1301.site.13, 3, 146, 149
1118061.3.peg.1301.site.14, 34, 147, 181
1118061.3.peg.1301.site.15, 0, 147, 147
1118061.3.peg.1303.site.1, 0, 148, 148
1118061.3.peg.1303.site.2, 0, 99, 99
1118061.3.peg.1303.site.3, 9, 141, 150
1118061.3.peg.1303.site.4, 1, 105, 106
1118061.3.peg.1303.site.5, 1, 109, 110
1118061.3.peg.1303.site.6, 8, 126, 134
1118061.3.peg.1303.site.7, 62, 140, 202
1118061.3.peg.1303.site.8, 5, 142, 147
1118061.3.peg.1303.site.9, 0, 142, 142
1118061.3.peg.1303.site.10, 30, 130, 160
1118061.3.peg.1303.site.11, 0, 140, 140
1118061.3.peg.1302.site.1, 2, 148, 150
1118061.3.peg.1302.site.2, 0, 143, 143
1118061.3.peg.1302.site.3, 43, 145, 188
1118061.3.peg.1302.site.4, 2, 146, 148
1118061.3.peg.1302.site.5, 30, 141, 171
1118061.3.peg.1302.site.6, 0, 147, 147
1118061.3.peg.1302.site.7, 35, 148, 183
1118061.3.peg.1302.site.8, 3, 149, 152
1118061.3.peg.1302.site.9, 0, 146, 146
1118061.3.peg.1302.site.10, 1, 145, 146
1118061.3.peg.1302.site.11, 144, 146, 290
1118061.3.peg.1302.site.12, 2, 146, 148
1118061.3.peg.1302.site.13, 0, 149, 149
1118061.3.peg.1302.site.14, 0, 147, 147
1118061.3.peg.1302.site.15, 88, 149, 237
1118061.3.peg.1302.site.16, 0, 148, 148
1118061.3.peg.1302.site.17, 26, 149, 175
1118061.3.peg.1302.site.18, 6, 142, 148
1118061.3.peg.1302.site.19, 6, 145, 151
1118061.3.peg.1302.site.20, 127, 135, 262
1118061.3.peg.1302.site.21, 4, 143, 147
1118061.3.peg.1302.site.22, 96, 147, 243
1118061.3.peg.1302.site.23, 116, 149, 265
1118061.3.peg.1302.site.24, 0, 149, 149
1118061.3.peg.1302.site.25, 43, 143, 186
1118061.3.peg.1302.site.26, 45, 144, 189
1118061.3.peg.1302.site.27, 0, 141, 141
1118061.3.peg.1305.site.1, 0, 119, 119
1118061.3.peg.1305.site.2, 141, 141, 282
1118061.3.peg.1305.site.3, 66, 142, 208
1118061.3.peg.1305.site.4, 13, 132, 145
1118061.3.peg.1305.site.5, 0, 134, 134
1118061.3.peg.1304.site.1, 16, 149, 165
1118061.3.peg.1304.site.2, 0, 149, 149
1118061.3.peg.1307.site.1, 133, 133, 266
1118061.3.peg.1307.site.2, 12, 146, 158
1118061.3.peg.1307.site.3, 63, 145, 208
1118061.3.peg.1307.site.4, 3, 143, 146
1118061.3.peg.1307.site.5, 0, 149, 149
1118061.3.peg.1307.site.6, 0, 149, 149
1118061.3.peg.1307.site.7, 1, 150, 151
1118061.3.peg.1307.site.8, 0, 149, 149
1118061.3.peg.1307.site.9, 0, 149, 149
1118061.3.peg.1307.site.10, 0, 136, 136
1118061.3.peg.1307.site.11, 1, 146, 147
1118061.3.peg.1307.site.12, 98, 130, 228
1118061.3.peg.1307.site.13, 47, 145, 192
1118061.3.peg.1307.site.14, 3, 142, 145
1118061.3.peg.1307.site.15, 61, 128, 189
1118061.3.peg.1307.site.16, 1, 137, 138
1118061.3.peg.1307.site.17, 16, 148, 164
1118061.3.peg.1307.site.18, 1, 150, 151
1118061.3.peg.1307.site.19, 3, 149, 152
1118061.3.peg.1307.site.20, 43, 147, 190
1118061.3.peg.1307.site.21, 3, 148, 151
1118061.3.peg.1307.site.22, 29, 148, 177
1118061.3.peg.1306.site.1, 0, 146, 146
1118061.3.peg.1306.site.2, 2, 149, 151
1118061.3.peg.1306.site.3, 2, 149, 151
1118061.3.peg.1306.site.4, 24, 148, 172
1118061.3.peg.1306.site.5, 18, 145, 163
1118061.3.peg.1306.site.6, 2, 147, 149
1118061.3.peg.1306.site.7, 68, 147, 215
1118061.3.peg.1306.site.8, 12, 147, 159
1118061.3.peg.1306.site.9, 2, 148, 150
1118061.3.peg.1306.site.10, 150, 150, 300
1118061.3.peg.1306.site.11, 113, 147, 260
1118061.3.peg.1306.site.12, 0, 150, 150
1118061.3.peg.1306.site.13, 31, 146, 177
1118061.3.peg.1306.site.14, 4, 119, 123
1118061.3.peg.1306.site.15, 4, 116, 120
1118061.3.peg.1306.site.16, 76, 120, 196
1118061.3.peg.1306.site.17, 2, 122, 124
1118061.3.peg.1306.site.18, 2, 144, 146
1118061.3.peg.1306.site.19, 0, 145, 145
1118061.3.peg.1306.site.20, 0, 148, 148
1118061.3.peg.2784.site.1, 61, 148, 209
1118061.3.peg.2784.site.2, 2, 145, 147
1118061.3.peg.2784.site.3, 150, 150, 300
1118061.3.peg.2785.site.1, 64, 141, 205
1118061.3.peg.2785.site.2, 0, 147, 147
1118061.3.peg.2785.site.3, 7, 149, 156
1118061.3.peg.2785.site.4, 1, 149, 150
1118061.3.peg.2785.site.5, 7, 140, 147
1118061.3.peg.2785.site.6, 35, 148, 183
1118061.3.peg.2785.site.7, 3, 149, 152
1118061.3.peg.2785.site.8, 2, 149, 151
1118061.3.peg.2785.site.9, 0, 149, 149
1118061.3.peg.2785.site.10, 3, 150, 153
1118061.3.peg.2785.site.11, 0, 147, 147
1118061.3.peg.2786.site.1, 129, 149, 278
1118061.3.peg.2786.site.2, 17, 149, 166
1118061.3.peg.2786.site.3, 3, 150, 153
1118061.3.peg.2786.site.4, 3, 145, 148
1118061.3.peg.2786.site.5, 3, 148, 151
1118061.3.peg.2786.site.6, 0, 147, 147
1118061.3.peg.2786.site.7, 10, 150, 160
1118061.3.peg.2787.site.1, 46, 143, 189
1118061.3.peg.2787.site.2, 18, 145, 163
1118061.3.peg.2787.site.3, 18, 148, 166
1118061.3.peg.2787.site.4, 0, 149, 149
1118061.3.peg.2787.site.5, 3, 149, 152
1118061.3.peg.2787.site.6, 0, 150, 150
1118061.3.peg.2787.site.7, 1, 149, 150
1118061.3.peg.2787.site.8, 3, 149, 152
1118061.3.peg.2787.site.9, 18, 148, 166
1118061.3.peg.2787.site.10, 2, 148, 150
1118061.3.peg.2787.site.11, 0, 149, 149
1118061.3.peg.2787.site.12, 19, 148, 167
1118061.3.peg.2787.site.13, 150, 150, 300
1118061.3.peg.2787.site.14, 150, 150, 300
1118061.3.peg.2787.site.15, 3, 149, 152
1118061.3.peg.2781.site.1, 24, 150, 174
1118061.3.peg.2781.site.2, 4, 150, 154
1118061.3.peg.2781.site.3, 0, 150, 150
1118061.3.peg.2781.site.4, 22, 150, 172
1118061.3.peg.2781.site.5, 66, 149, 215
1118061.3.peg.2781.site.6, 37, 150, 187
1118061.3.peg.2781.site.7, 2, 149, 151
1118061.3.peg.2781.site.8, 27, 145, 172
1118061.3.peg.2781.site.9, 26, 147, 173
1118061.3.peg.2781.site.10, 2, 150, 152
1118061.3.peg.2781.site.11, 100, 148, 248
1118061.3.peg.2781.site.12, 63, 148, 211
1118061.3.peg.2781.site.13, 0, 149, 149
1118061.3.peg.2781.site.14, 12, 149, 161
1118061.3.peg.2781.site.15, 7, 149, 156
1118061.3.peg.2781.site.16, 102, 149, 251
1118061.3.peg.2782.site.1, 38, 149, 187
1118061.3.peg.2782.site.2, 7, 150, 157
1118061.3.peg.2782.site.3, 1, 150, 151
1118061.3.peg.2782.site.4, 2, 150, 152
1118061.3.peg.2782.site.5, 3, 147, 150
1118061.3.peg.2782.site.6, 3, 149, 152
1118061.3.peg.2782.site.7, 58, 148, 206
1118061.3.peg.2782.site.8, 63, 147, 210
1118061.3.peg.2782.site.9, 0, 149, 149
1118061.3.peg.2782.site.10, 91, 147, 238
1118061.3.peg.2782.site.11, 44, 149, 193
1118061.3.peg.2782.site.12, 6, 150, 156
1118061.3.peg.2782.site.13, 0, 150, 150
1118061.3.peg.2782.site.14, 0, 149, 149
1118061.3.peg.2782.site.15, 3, 131, 134
1118061.3.peg.2782.site.16, 27, 79, 106
1118061.3.peg.2782.site.17, 34, 79, 113
1118061.3.peg.2782.site.18, 1, 92, 93
1118061.3.peg.2782.site.19, 128, 134, 262
1118061.3.peg.2782.site.20, 36, 149, 185
1118061.3.peg.2782.site.21, 3, 148, 151
1118061.3.peg.2783.site.1, 3, 150, 153
1118061.3.peg.2783.site.2, 1, 150, 151
1118061.3.peg.2783.site.3, 44, 149, 193
1118061.3.peg.2788.site.1, 2, 146, 148
1118061.3.peg.2788.site.2, 20, 147, 167
1118061.3.peg.2788.site.3, 2, 149, 151
1118061.3.peg.2788.site.4, 37, 149, 186
1118061.3.peg.2788.site.5, 1, 150, 151
1118061.3.peg.2788.site.6, 0, 148, 148
1118061.3.peg.2788.site.7, 21, 149, 170
1118061.3.peg.2788.site.8, 24, 150, 174
1118061.3.peg.2788.site.9, 80, 150, 230
1118061.3.peg.2788.site.10, 25, 145, 170
1118061.3.peg.2788.site.11, 21, 143, 164
1118061.3.peg.2788.site.12, 0, 147, 147
1118061.3.peg.2788.site.13, 2, 142, 144
1118061.3.peg.2788.site.14, 5, 144, 149
1118061.3.peg.2788.site.15, 13, 131, 144
1118061.3.peg.2788.site.16, 23, 142, 165
1118061.3.peg.2788.site.17, 21, 143, 164
1118061.3.peg.2788.site.18, 30, 148, 178
1118061.3.peg.2788.site.19, 3, 148, 151
1118061.3.peg.2788.site.20, 2, 144, 146
1118061.3.peg.2788.site.21, 2, 145, 147
1118061.3.peg.2788.site.22, 0, 147, 147
1118061.3.peg.2789.site.1, 57, 149, 206
1118061.3.peg.2789.site.2, 19, 148, 167
1118061.3.peg.2789.site.3, 2, 125, 127
1118061.3.peg.2789.site.4, 1, 124, 125
1118061.3.peg.2789.site.5, 1, 108, 109
1118061.3.peg.2789.site.6, 102, 109, 211
1118061.3.peg.2789.site.7, 0, 147, 147
1118061.3.peg.2789.site.8, 16, 146, 162
1118061.3.peg.2789.site.9, 32, 147, 179
1118061.3.peg.2789.site.10, 0, 147, 147
1118061.3.peg.2789.site.11, 48, 149, 197
1118061.3.peg.2789.site.12, 134, 134, 268
1118061.3.peg.2789.site.13, 31, 136, 167
1118061.3.peg.2789.site.14, 37, 148, 185
1118061.3.peg.1239.site.1, 53, 150, 203
1118061.3.peg.1239.site.2, 1, 150, 151
1118061.3.peg.1239.site.3, 23, 147, 170
1118061.3.peg.1239.site.4, 0, 133, 133
1118061.3.peg.1239.site.5, 110, 139, 249
1118061.3.peg.1239.site.6, 1, 147, 148
1118061.3.peg.1239.site.7, 3, 149, 152
1118061.3.peg.1239.site.8, 150, 150, 300
1118061.3.peg.1239.site.9, 23, 148, 171
1118061.3.peg.1239.site.10, 30, 147, 177
1118061.3.peg.1239.site.11, 21, 146, 167
1118061.3.peg.1239.site.12, 103, 148, 251
1118061.3.peg.1239.site.13, 0, 150, 150
1118061.3.peg.1239.site.14, 0, 149, 149
1118061.3.peg.1239.site.15, 4, 149, 153
1118061.3.peg.1239.site.16, 3, 150, 153
1118061.3.peg.1239.site.17, 18, 150, 168
1118061.3.peg.1239.site.18, 1, 150, 151
1118061.3.peg.1239.site.19, 1, 150, 151
1118061.3.peg.1239.site.20, 1, 150, 151
1118061.3.peg.1239.site.21, 21, 150, 171
1118061.3.peg.1239.site.22, 148, 148, 296
1118061.3.peg.1239.site.23, 0, 150, 150
1118061.3.peg.1239.site.24, 3, 150, 153
1118061.3.peg.1239.site.25, 9, 149, 158
1118061.3.peg.1239.site.26, 46, 99, 145
1118061.3.peg.1239.site.27, 85, 92, 177
1118061.3.peg.1239.site.28, 6, 124, 130
1118061.3.peg.1239.site.29, 65, 146, 211
1118061.3.peg.1239.site.30, 3, 148, 151
1118061.3.peg.1239.site.31, 19, 146, 165
1118061.3.peg.1239.site.32, 37, 149, 186
1118061.3.peg.1239.site.33, 8, 149, 157
1118061.3.peg.1239.site.34, 0, 149, 149
1118061.3.peg.1239.site.35, 65, 147, 212
1118061.3.peg.1239.site.36, 1, 148, 149
1118061.3.peg.1239.site.37, 0, 149, 149
1118061.3.peg.1239.site.38, 1, 147, 148
1118061.3.peg.1239.site.39, 4, 140, 144
1118061.3.peg.1239.site.40, 0, 150, 150
1118061.3.peg.1239.site.41, 113, 150, 263
1118061.3.peg.1239.site.42, 37, 150, 187
1118061.3.peg.1239.site.43, 20, 150, 170
1118061.3.peg.1239.site.44, 0, 150, 150
1118061.3.peg.1239.site.45, 150, 150, 300
1118061.3.peg.1239.site.46, 6, 124, 130
1118061.3.peg.1239.site.47, 76, 149, 225
1118061.3.peg.1239.site.48, 2, 150, 152
1118061.3.peg.1239.site.49, 2, 150, 152
1118061.3.peg.1239.site.50, 22, 150, 172
1118061.3.peg.1239.site.51, 2, 149, 151
1118061.3.peg.1238.site.1, 4, 150, 154
1118061.3.peg.1238.site.2, 28, 150, 178
1118061.3.peg.1238.site.3, 3, 143, 146
1118061.3.peg.1238.site.4, 40, 142, 182
1118061.3.peg.1238.site.5, 36, 136, 172
1118061.3.peg.1238.site.6, 13, 131, 144
1118061.3.peg.1238.site.7, 1, 123, 124
1118061.3.peg.1238.site.8, 19, 137, 156
1118061.3.peg.1238.site.9, 88, 115, 203
1118061.3.peg.1238.site.10, 67, 118, 185
1118061.3.peg.1238.site.11, 2, 128, 130
1118061.3.peg.1238.site.12, 6, 128, 134
1118061.3.peg.1238.site.13, 1, 133, 134
1118061.3.peg.1238.site.14, 86, 141, 227
1118061.3.peg.1238.site.15, 2, 145, 147
1118061.3.peg.1238.site.16, 11, 149, 160
1118061.3.peg.1235.site.1, 1, 145, 146
1118061.3.peg.1235.site.2, 0, 148, 148
1118061.3.peg.1235.site.3, 2, 150, 152
1118061.3.peg.1234.site.1, 58, 148, 206
1118061.3.peg.1234.site.2, 36, 139, 175
1118061.3.peg.1234.site.3, 128, 128, 256
1118061.3.peg.1234.site.4, 2, 133, 135
1118061.3.peg.1234.site.5, 93, 130, 223
1118061.3.peg.1234.site.6, 3, 133, 136
1118061.3.peg.1234.site.7, 48, 149, 197
1118061.3.peg.1234.site.8, 2, 149, 151
1118061.3.peg.1234.site.9, 17, 143, 160
1118061.3.peg.1234.site.10, 14, 145, 159
1118061.3.peg.1234.site.11, 12, 137, 149
1118061.3.peg.1234.site.12, 1, 143, 144
1118061.3.peg.1234.site.13, 1, 137, 138
1118061.3.peg.1234.site.14, 3, 137, 140
1118061.3.peg.1234.site.15, 0, 148, 148
1118061.3.peg.1234.site.16, 1, 148, 149
1118061.3.peg.1234.site.17, 2, 147, 149
1118061.3.peg.1234.site.18, 0, 149, 149
1118061.3.peg.1237.site.1, 5, 131, 136
1118061.3.peg.1237.site.2, 2, 142, 144
1118061.3.peg.1237.site.3, 3, 128, 131
1118061.3.peg.1237.site.4, 75, 141, 216
1118061.3.peg.1237.site.5, 53, 137, 190
1118061.3.peg.1237.site.6, 26, 135, 161
1118061.3.peg.1237.site.7, 109, 123, 232
1118061.3.peg.1237.site.8, 44, 133, 177
1118061.3.peg.1237.site.9, 19, 140, 159
1118061.3.peg.1237.site.10, 7, 141, 148
1118061.3.peg.1237.site.11, 14, 123, 137
1118061.3.peg.1237.site.12, 44, 137, 181
1118061.3.peg.1237.site.13, 1, 138, 139
1118061.3.peg.1237.site.14, 29, 136, 165
1118061.3.peg.1237.site.15, 0, 137, 137
1118061.3.peg.1237.site.16, 28, 139, 167
1118061.3.peg.1237.site.17, 3, 142, 145
1118061.3.peg.1237.site.18, 35, 139, 174
1118061.3.peg.1237.site.19, 14, 142, 156
1118061.3.peg.1237.site.20, 87, 149, 236
1118061.3.peg.1237.site.21, 47, 149, 196
1118061.3.peg.1237.site.22, 0, 142, 142
1118061.3.peg.1237.site.23, 70, 142, 212
1118061.3.peg.1237.site.24, 10, 148, 158
1118061.3.peg.1237.site.25, 1, 150, 151
1118061.3.peg.1237.site.26, 2, 150, 152
1118061.3.peg.1236.site.1, 9, 145, 154
1118061.3.peg.1236.site.2, 3, 120, 123
1118061.3.peg.1236.site.3, 0, 147, 147
1118061.3.peg.1236.site.4, 6, 145, 151
1118061.3.peg.1236.site.5, 59, 145, 204
1118061.3.peg.1236.site.6, 27, 145, 172
1118061.3.peg.1236.site.7, 12, 144, 156
1118061.3.peg.1236.site.8, 1, 149, 150
1118061.3.peg.1236.site.9, 113, 148, 261
1118061.3.peg.1236.site.10, 48, 149, 197
1118061.3.peg.1236.site.11, 0, 150, 150
1118061.3.peg.1236.site.12, 1, 150, 151
1118061.3.peg.1236.site.13, 0, 149, 149
1118061.3.peg.1231.site.1, 56, 143, 199
1118061.3.peg.1231.site.2, 1, 140, 141
1118061.3.peg.1231.site.3, 0, 130, 130
1118061.3.peg.1231.site.4, 41, 142, 183
1118061.3.peg.1231.site.5, 91, 132, 223
1118061.3.peg.1231.site.6, 43, 107, 150
1118061.3.peg.1231.site.7, 73, 135, 208
1118061.3.peg.1230.site.1, 1, 113, 114
1118061.3.peg.1230.site.2, 29, 121, 150
1118061.3.peg.1230.site.3, 103, 118, 221
1118061.3.peg.1230.site.4, 95, 99, 194
1118061.3.peg.1230.site.5, 98, 102, 200
1118061.3.peg.1230.site.6, 65, 99, 164
1118061.3.peg.1230.site.7, 1, 100, 101
1118061.3.peg.1230.site.8, 1, 144, 145
1118061.3.peg.1230.site.9, 82, 140, 222
1118061.3.peg.1230.site.10, 5, 148, 153
1118061.3.peg.1230.site.11, 1, 149, 150
1118061.3.peg.1230.site.12, 128, 147, 275
1118061.3.peg.1230.site.13, 12, 145, 157
1118061.3.peg.1230.site.14, 12, 147, 159
1118061.3.peg.1230.site.15, 2, 147, 149
1118061.3.peg.1230.site.16, 16, 145, 161
1118061.3.peg.1230.site.17, 3, 141, 144
1118061.3.peg.1230.site.18, 14, 129, 143
1118061.3.peg.1230.site.19, 15, 126, 141
1118061.3.peg.1230.site.20, 3, 112, 115
1118061.3.peg.1230.site.21, 3, 82, 85
1118061.3.peg.1230.site.22, 1, 87, 88
1118061.3.peg.1230.site.23, 3, 92, 95
1118061.3.peg.1230.site.24, 5, 87, 92
1118061.3.peg.1230.site.25, 11, 98, 109
1118061.3.peg.1230.site.26, 3, 143, 146
1118061.3.peg.1230.site.27, 1, 144, 145
1118061.3.peg.1230.site.28, 0, 145, 145
1118061.3.peg.1230.site.29, 11, 142, 153
1118061.3.peg.1233.site.1, 38, 144, 182
1118061.3.peg.1233.site.2, 28, 144, 172
1118061.3.peg.1233.site.3, 0, 145, 145
1118061.3.peg.1233.site.4, 1, 148, 149
1118061.3.peg.1233.site.5, 3, 146, 149
1118061.3.peg.1233.site.6, 48, 148, 196
1118061.3.peg.1233.site.7, 42, 150, 192
1118061.3.peg.1233.site.8, 3, 150, 153
1118061.3.peg.1233.site.9, 30, 150, 180
1118061.3.peg.1233.site.10, 0, 149, 149
1118061.3.peg.1233.site.11, 2, 150, 152
1118061.3.peg.1233.site.12, 14, 150, 164
1118061.3.peg.1233.site.13, 143, 143, 286
1118061.3.peg.1233.site.14, 7, 145, 152
1118061.3.peg.1233.site.15, 3, 149, 152
1118061.3.peg.1233.site.16, 2, 148, 150
1118061.3.peg.1233.site.17, 147, 149, 296
1118061.3.peg.504.site.1, 87, 150, 237
1118061.3.peg.504.site.2, 2, 127, 129
1118061.3.peg.504.site.3, 1, 150, 151
1118061.3.peg.504.site.4, 0, 148, 148
1118061.3.peg.504.site.5, 2, 84, 86
1118061.3.peg.504.site.6, 4, 137, 141
1118061.3.peg.504.site.7, 5, 143, 148
1118061.3.peg.504.site.8, 34, 140, 174
1118061.3.peg.504.site.9, 0, 143, 143
1118061.3.peg.504.site.10, 3, 143, 146
1118061.3.peg.504.site.11, 13, 147, 160
1118061.3.peg.504.site.12, 1, 149, 150
1118061.3.peg.504.site.13, 9, 150, 159
1118061.3.peg.504.site.14, 21, 150, 171
1118061.3.peg.504.site.15, 79, 149, 228
1118061.3.peg.504.site.16, 2, 132, 134
1118061.3.peg.504.site.17, 107, 136, 243
1118061.3.peg.504.site.18, 25, 135, 160
1118061.3.peg.504.site.19, 140, 143, 283
1118061.3.peg.504.site.20, 146, 149, 295
1118061.3.peg.504.site.21, 3, 149, 152
1118061.3.peg.504.site.22, 3, 148, 151
1118061.3.peg.504.site.23, 149, 149, 298
1118061.3.peg.504.site.24, 95, 148, 243
1118061.3.peg.504.site.25, 4, 145, 149
1118061.3.peg.504.site.26, 110, 141, 251
1118061.3.peg.504.site.27, 29, 111, 140
1118061.3.peg.504.site.28, 1, 128, 129
1118061.3.peg.504.site.29, 64, 143, 207
1118061.3.peg.504.site.30, 80, 144, 224
1118061.3.peg.507.site.1, 88, 147, 235
1118061.3.peg.507.site.2, 0, 146, 146
1118061.3.peg.507.site.3, 83, 147, 230
1118061.3.peg.507.site.4, 144, 144, 288
1118061.3.peg.507.site.5, 48, 144, 192
1118061.3.peg.507.site.6, 113, 145, 258
1118061.3.peg.507.site.7, 10, 145, 155
1118061.3.peg.507.site.8, 91, 120, 211
1118061.3.peg.507.site.9, 1, 61, 62
1118061.3.peg.506.site.1, 2, 147, 149
1118061.3.peg.506.site.2, 0, 147, 147
1118061.3.peg.501.site.1, 10, 149, 159
1118061.3.peg.501.site.2, 6, 148, 154
1118061.3.peg.501.site.3, 84, 140, 224
1118061.3.peg.501.site.4, 0, 150, 150
1118061.3.peg.500.site.1, 7, 150, 157
1118061.3.peg.500.site.2, 39, 150, 189
1118061.3.peg.500.site.3, 115, 149, 264
1118061.3.peg.500.site.4, 3, 148, 151
1118061.3.peg.500.site.5, 3, 143, 146
1118061.3.peg.500.site.6, 0, 149, 149
1118061.3.peg.500.site.7, 34, 149, 183
1118061.3.peg.500.site.8, 3, 149, 152
1118061.3.peg.500.site.9, 15, 148, 163
1118061.3.peg.500.site.10, 78, 149, 227
1118061.3.peg.500.site.11, 0, 149, 149
1118061.3.peg.500.site.12, 3, 148, 151
1118061.3.peg.500.site.13, 0, 149, 149
1118061.3.peg.500.site.14, 0, 150, 150
1118061.3.peg.500.site.15, 2, 150, 152
1118061.3.peg.500.site.16, 0, 150, 150
1118061.3.peg.500.site.17, 146, 149, 295
1118061.3.peg.500.site.18, 93, 150, 243
1118061.3.peg.500.site.19, 5, 150, 155
1118061.3.peg.500.site.20, 123, 150, 273
1118061.3.peg.500.site.21, 90, 150, 240
1118061.3.peg.500.site.22, 5, 149, 154
1118061.3.peg.500.site.23, 83, 150, 233
1118061.3.peg.500.site.24, 0, 150, 150
1118061.3.peg.500.site.25, 0, 150, 150
1118061.3.peg.500.site.26, 0, 146, 146
1118061.3.peg.503.site.1, 32, 148, 180
1118061.3.peg.503.site.2, 1, 149, 150
1118061.3.peg.503.site.3, 1, 149, 150
1118061.3.peg.503.site.4, 0, 150, 150
1118061.3.peg.503.site.5, 0, 150, 150
1118061.3.peg.502.site.1, 0, 150, 150
1118061.3.peg.502.site.2, 0, 147, 147
1118061.3.peg.502.site.3, 8, 149, 157
1118061.3.peg.502.site.4, 1, 150, 151
1118061.3.peg.502.site.5, 57, 150, 207
1118061.3.peg.509.site.1, 147, 147, 294
1118061.3.peg.509.site.2, 5, 141, 146
1118061.3.peg.509.site.3, 1, 145, 146
1118061.3.peg.509.site.4, 8, 23, 31
1118061.3.peg.509.site.5, 1, 29, 30
1118061.3.peg.509.site.6, 26, 37, 63
1118061.3.peg.509.site.7, 1, 68, 69
1118061.3.peg.509.site.8, 2, 150, 152
1118061.3.peg.509.site.9, 0, 146, 146
1118061.3.peg.509.site.10, 78, 148, 226
1118061.3.peg.509.site.11, 0, 150, 150
1118061.3.peg.508.site.1, 50, 149, 199
1118061.3.peg.508.site.2, 0, 150, 150
1118061.3.peg.508.site.3, 3, 150, 153
1118061.3.peg.508.site.4, 31, 147, 178
1118061.3.peg.508.site.5, 12, 150, 162
1118061.3.peg.508.site.6, 50, 150, 200
1118061.3.peg.508.site.7, 1, 150, 151
1118061.3.peg.508.site.8, 31, 150, 181
1118061.3.peg.508.site.9, 2, 147, 149
1118061.3.peg.508.site.10, 47, 132, 179
1118061.3.peg.508.site.11, 1, 145, 146
1118061.3.peg.508.site.12, 1, 150, 151
1118061.3.peg.508.site.13, 10, 149, 159
1118061.3.peg.508.site.14, 61, 149, 210
1118061.3.peg.508.site.15, 1, 147, 148
1118061.3.peg.508.site.16, 0, 147, 147
1118061.3.peg.508.site.17, 4, 143, 147
1118061.3.peg.508.site.18, 0, 148, 148
1118061.3.peg.508.site.19, 31, 143, 174
1118061.3.peg.2258.site.1, 40, 45, 85
1118061.3.peg.2258.site.2, 12, 19, 31
1118061.3.peg.2258.site.3, 7, 13, 20
1118061.3.peg.2258.site.4, 7, 13, 20
1118061.3.peg.2258.site.5, 7, 13, 20
1118061.3.peg.2258.site.6, 5, 11, 16
1118061.3.peg.2258.site.7, 5, 11, 16
1118061.3.peg.2258.site.8, 21, 29, 50
1118061.3.peg.2258.site.9, 3, 34, 37
1118061.3.peg.2258.site.10, 27, 37, 64
1118061.3.peg.2258.site.11, 3, 29, 32
1118061.3.peg.2258.site.12, 18, 24, 42
1118061.3.peg.2258.site.13, 0, 147, 147
1118061.3.peg.2258.site.14, 2, 134, 136
1118061.3.peg.2258.site.15, 6, 12, 18
1118061.3.peg.2258.site.16, 3, 6, 9
1118061.3.peg.2258.site.17, 3, 9, 12
1118061.3.peg.2258.site.18, 4, 25, 29
1118061.3.peg.2258.site.19, 124, 124, 248
1118061.3.peg.2258.site.20, 34, 145, 179
1118061.3.peg.2258.site.21, 36, 143, 179
1118061.3.peg.2258.site.22, 36, 147, 183
1118061.3.peg.2258.site.23, 0, 147, 147
1118061.3.peg.2258.site.24, 3, 149, 152
1118061.3.peg.2258.site.25, 44, 150, 194
1118061.3.peg.2258.site.26, 0, 149, 149
1118061.3.peg.2258.site.27, 44, 149, 193
1118061.3.peg.2258.site.28, 2, 149, 151
1118061.3.peg.2258.site.29, 2, 150, 152
1118061.3.peg.2258.site.30, 35, 147, 182
1118061.3.peg.2258.site.31, 6, 149, 155
1118061.3.peg.2258.site.32, 8, 149, 157
1118061.3.peg.2258.site.33, 2, 150, 152
1118061.3.peg.2258.site.34, 90, 148, 238
1118061.3.peg.2258.site.35, 1, 145, 146
1118061.3.peg.2258.site.36, 1, 144, 145
1118061.3.peg.2258.site.37, 122, 142, 264
1118061.3.peg.2258.site.38, 14, 22, 36
1118061.3.peg.2258.site.39, 7, 14, 21
1118061.3.peg.2258.site.40, 1, 7, 8
1118061.3.peg.2258.site.41, 1, 7, 8
1118061.3.peg.2258.site.42, 64, 70, 134
1118061.3.peg.2258.site.43, 71, 77, 148
1118061.3.peg.2258.site.44, 3, 148, 151
1118061.3.peg.2258.site.45, 147, 149, 296
1118061.3.peg.2258.site.46, 40, 140, 180
1118061.3.peg.2258.site.47, 143, 146, 289
1118061.3.peg.2258.site.48, 3, 149, 152
1118061.3.peg.2258.site.49, 145, 150, 295
1118061.3.peg.2258.site.50, 3, 150, 153
1118061.3.peg.2258.site.51, 25, 150, 175
1118061.3.peg.2259.site.1, 23, 148, 171
1118061.3.peg.2259.site.2, 146, 149, 295
1118061.3.peg.2259.site.3, 0, 148, 148
1118061.3.peg.2259.site.4, 2, 150, 152
1118061.3.peg.2259.site.5, 1, 150, 151
1118061.3.peg.2259.site.6, 25, 149, 174
1118061.3.peg.2259.site.7, 3, 148, 151
1118061.3.peg.2259.site.8, 2, 143, 145
1118061.3.peg.2259.site.9, 3, 145, 148
1118061.3.peg.2259.site.10, 47, 150, 197
1118061.3.peg.2259.site.11, 0, 148, 148
1118061.3.peg.2259.site.12, 131, 143, 274
1118061.3.peg.2259.site.13, 132, 144, 276
1118061.3.peg.2259.site.14, 145, 150, 295
1118061.3.peg.2259.site.15, 87, 144, 231
1118061.3.peg.2259.site.16, 88, 142, 230
1118061.3.peg.2259.site.17, 86, 150, 236
1118061.3.peg.2259.site.18, 3, 150, 153
1118061.3.peg.2256.site.1, 0, 148, 148
1118061.3.peg.2256.site.2, 3, 129, 132
1118061.3.peg.2256.site.3, 146, 150, 296
1118061.3.peg.2256.site.4, 2, 149, 151
1118061.3.peg.2256.site.5, 11, 149, 160
1118061.3.peg.2256.site.6, 1, 148, 149
1118061.3.peg.2256.site.7, 19, 148, 167
1118061.3.peg.2256.site.8, 57, 150, 207
1118061.3.peg.2256.site.9, 1, 150, 151
1118061.3.peg.2256.site.10, 26, 149, 175
1118061.3.peg.2256.site.11, 90, 149, 239
1118061.3.peg.2256.site.12, 77, 148, 225
1118061.3.peg.2256.site.13, 1, 149, 150
1118061.3.peg.2256.site.14, 0, 149, 149
1118061.3.peg.2256.site.15, 2, 150, 152
1118061.3.peg.2256.site.16, 1, 135, 136
1118061.3.peg.2256.site.17, 2, 119, 121
1118061.3.peg.2256.site.18, 1, 87, 88
1118061.3.peg.2256.site.19, 1, 88, 89
1118061.3.peg.2256.site.20, 2, 88, 90
1118061.3.peg.2256.site.21, 28, 79, 107
1118061.3.peg.2256.site.22, 2, 83, 85
1118061.3.peg.2256.site.23, 2, 77, 79
1118061.3.peg.2256.site.24, 85, 87, 172
1118061.3.peg.2256.site.25, 3, 87, 90
1118061.3.peg.2256.site.26, 3, 87, 90
1118061.3.peg.2256.site.27, 77, 85, 162
1118061.3.peg.2256.site.28, 67, 74, 141
1118061.3.peg.2256.site.29, 6, 14, 20
1118061.3.peg.2256.site.30, 7, 11, 18
1118061.3.peg.2256.site.31, 7, 11, 18
1118061.3.peg.2256.site.32, 6, 10, 16
1118061.3.peg.2256.site.33, 4, 8, 12
1118061.3.peg.2256.site.34, 5, 9, 14
1118061.3.peg.2256.site.35, 6, 10, 16
1118061.3.peg.2256.site.36, 5, 11, 16
1118061.3.peg.2256.site.37, 3, 74, 77
1118061.3.peg.2256.site.38, 82, 88, 170
1118061.3.peg.2256.site.39, 14, 21, 35
1118061.3.peg.2256.site.40, 1, 7, 8
1118061.3.peg.2256.site.41, 1, 7, 8
1118061.3.peg.2256.site.42, 5, 15, 20
1118061.3.peg.2256.site.43, 77, 84, 161
1118061.3.peg.2257.site.1, 150, 150, 300
1118061.3.peg.2257.site.2, 3, 150, 153
1118061.3.peg.2257.site.3, 4, 150, 154
1118061.3.peg.2257.site.4, 79, 145, 224
1118061.3.peg.2257.site.5, 47, 147, 194
1118061.3.peg.2257.site.6, 6, 144, 150
1118061.3.peg.2257.site.7, 0, 147, 147
1118061.3.peg.2257.site.8, 80, 145, 225
1118061.3.peg.2257.site.9, 2, 149, 151
1118061.3.peg.2257.site.10, 6, 147, 153
1118061.3.peg.2257.site.11, 1, 121, 122
1118061.3.peg.2257.site.12, 18, 24, 42
1118061.3.peg.2257.site.13, 9, 15, 24
1118061.3.peg.2257.site.14, 32, 39, 71
1118061.3.peg.2257.site.15, 3, 144, 147
1118061.3.peg.2257.site.16, 3, 120, 123
1118061.3.peg.2257.site.17, 59, 65, 124
1118061.3.peg.2257.site.18, 2, 22, 24
1118061.3.peg.2257.site.19, 4, 10, 14
1118061.3.peg.2257.site.20, 10, 16, 26
1118061.3.peg.2257.site.21, 14, 20, 34
1118061.3.peg.2257.site.22, 0, 20, 20
1118061.3.peg.2257.site.23, 8, 14, 22
1118061.3.peg.2257.site.24, 6, 6, 12
1118061.3.peg.2257.site.25, 3, 6, 9
1118061.3.peg.2257.site.26, 3, 8, 11
1118061.3.peg.2257.site.27, 67, 100, 167
1118061.3.peg.2257.site.28, 135, 141, 276
1118061.3.peg.2257.site.29, 6, 135, 141
1118061.3.peg.2257.site.30, 51, 57, 108
1118061.3.peg.2257.site.31, 6, 6, 12
1118061.3.peg.2257.site.32, 3, 9, 12
1118061.3.peg.2257.site.33, 7, 13, 20
1118061.3.peg.2257.site.34, 6, 41, 47
1118061.3.peg.2257.site.35, 14, 105, 119
1118061.3.peg.2257.site.36, 25, 25, 50
1118061.3.peg.2257.site.37, 29, 146, 175
1118061.3.peg.2257.site.38, 116, 122, 238
1118061.3.peg.2257.site.39, 10, 125, 135
1118061.3.peg.2257.site.40, 6, 119, 125
1118061.3.peg.2257.site.41, 50, 52, 102
1118061.3.peg.2257.site.42, 53, 53, 106
1118061.3.peg.2257.site.43, 4, 122, 126
1118061.3.peg.2257.site.44, 145, 145, 290
1118061.3.peg.2257.site.45, 129, 131, 260
1118061.3.peg.2257.site.46, 2, 123, 125
1118061.3.peg.2257.site.47, 6, 76, 82
1118061.3.peg.2257.site.48, 7, 13, 20
1118061.3.peg.2257.site.49, 6, 12, 18
1118061.3.peg.2257.site.50, 7, 20, 27
1118061.3.peg.2257.site.51, 6, 40, 46
1118061.3.peg.2257.site.52, 6, 57, 63
1118061.3.peg.2257.site.53, 3, 27, 30
1118061.3.peg.2257.site.54, 20, 26, 46
1118061.3.peg.2257.site.55, 28, 34, 62
1118061.3.peg.2257.site.56, 6, 147, 153
1118061.3.peg.2257.site.57, 40, 150, 190
1118061.3.peg.2257.site.58, 3, 149, 152
1118061.3.peg.2257.site.59, 3, 149, 152
1118061.3.peg.2255.site.1, 1, 148, 149
1118061.3.peg.2255.site.2, 112, 147, 259
1118061.3.peg.2255.site.3, 2, 149, 151
1118061.3.peg.2255.site.4, 3, 149, 152
1118061.3.peg.2255.site.5, 21, 148, 169
1118061.3.peg.2255.site.6, 3, 150, 153
1118061.3.peg.2255.site.7, 1, 149, 150
1118061.3.peg.2255.site.8, 20, 149, 169
1118061.3.peg.2255.site.9, 2, 150, 152
1118061.3.peg.2255.site.10, 3, 150, 153
1118061.3.peg.2255.site.11, 18, 150, 168
1118061.3.peg.2255.site.12, 0, 150, 150
1118061.3.peg.2255.site.13, 19, 148, 167
1118061.3.peg.2255.site.14, 0, 149, 149
1118061.3.peg.2255.site.15, 0, 149, 149
1118061.3.peg.2255.site.16, 43, 150, 193
1118061.3.peg.2255.site.17, 13, 150, 163
1118061.3.peg.2255.site.18, 0, 150, 150
1118061.3.peg.2255.site.19, 17, 150, 167
1118061.3.peg.2252.site.1, 13, 131, 144
1118061.3.peg.2252.site.2, 10, 137, 147
1118061.3.peg.2252.site.3, 4, 147, 151
1118061.3.peg.2252.site.4, 4, 143, 147
1118061.3.peg.2252.site.5, 3, 139, 142
1118061.3.peg.2252.site.6, 61, 136, 197
1118061.3.peg.2252.site.7, 2, 134, 136
1118061.3.peg.2252.site.8, 22, 131, 153
1118061.3.peg.2252.site.9, 28, 133, 161
1118061.3.peg.2252.site.10, 3, 129, 132
1118061.3.peg.2252.site.11, 31, 128, 159
1118061.3.peg.2252.site.12, 32, 127, 159
1118061.3.peg.2252.site.13, 1, 129, 130
1118061.3.peg.2252.site.14, 1, 130, 131
1118061.3.peg.2252.site.15, 37, 127, 164
1118061.3.peg.2252.site.16, 142, 143, 285
1118061.3.peg.2252.site.17, 36, 139, 175
1118061.3.peg.2252.site.18, 95, 137, 232
1118061.3.peg.2252.site.19, 91, 138, 229
1118061.3.peg.2252.site.20, 3, 137, 140
1118061.3.peg.2252.site.21, 14, 139, 153
1118061.3.peg.2252.site.22, 1, 136, 137
1118061.3.peg.2252.site.23, 126, 133, 259
1118061.3.peg.2252.site.24, 1, 117, 118
1118061.3.peg.2252.site.25, 4, 129, 133
1118061.3.peg.2252.site.26, 23, 128, 151
1118061.3.peg.2252.site.27, 3, 140, 143
1118061.3.peg.2252.site.28, 18, 135, 153
1118061.3.peg.2252.site.29, 20, 135, 155
1118061.3.peg.2252.site.30, 2, 132, 134
1118061.3.peg.2252.site.31, 4, 142, 146
1118061.3.peg.2252.site.32, 35, 144, 179
1118061.3.peg.2252.site.33, 0, 144, 144
1118061.3.peg.2252.site.34, 3, 142, 145
1118061.3.peg.2252.site.35, 108, 149, 257
1118061.3.peg.2252.site.36, 3, 148, 151
1118061.3.peg.2253.site.1, 40, 106, 146
1118061.3.peg.2253.site.2, 0, 106, 106
1118061.3.peg.2253.site.3, 1, 123, 124
1118061.3.peg.2253.site.4, 13, 119, 132
1118061.3.peg.2253.site.5, 87, 116, 203
1118061.3.peg.2253.site.6, 131, 131, 262
1118061.3.peg.2253.site.7, 0, 145, 145
1118061.3.peg.2253.site.8, 0, 147, 147
1118061.3.peg.2253.site.9, 3, 148, 151
1118061.3.peg.2253.site.10, 74, 146, 220
1118061.3.peg.2253.site.11, 29, 146, 175
1118061.3.peg.2253.site.12, 0, 145, 145
1118061.3.peg.2253.site.13, 54, 145, 199
1118061.3.peg.2253.site.14, 29, 142, 171
1118061.3.peg.2253.site.15, 1, 115, 116
1118061.3.peg.2253.site.16, 59, 149, 208
1118061.3.peg.2250.site.1, 38, 150, 188
1118061.3.peg.2250.site.2, 53, 150, 203
1118061.3.peg.2250.site.3, 142, 144, 286
1118061.3.peg.2250.site.4, 10, 148, 158
1118061.3.peg.2250.site.5, 147, 149, 296
1118061.3.peg.2250.site.6, 2, 147, 149
1118061.3.peg.2250.site.7, 140, 150, 290
1118061.3.peg.2250.site.8, 140, 150, 290
1118061.3.peg.2250.site.9, 3, 150, 153
1118061.3.peg.329.site.1, 0, 145, 145
1118061.3.peg.329.site.2, 0, 146, 146
1118061.3.peg.329.site.3, 27, 148, 175
1118061.3.peg.329.site.4, 43, 150, 193
1118061.3.peg.329.site.5, 0, 148, 148
1118061.3.peg.329.site.6, 146, 148, 294
1118061.3.peg.329.site.7, 0, 146, 146
1118061.3.peg.328.site.1, 0, 149, 149
1118061.3.peg.328.site.2, 0, 148, 148
1118061.3.peg.328.site.3, 68, 148, 216
1118061.3.peg.328.site.4, 26, 149, 175
1118061.3.peg.328.site.5, 148, 148, 296
1118061.3.peg.328.site.6, 2, 146, 148
1118061.3.peg.328.site.7, 67, 143, 210
1118061.3.peg.328.site.8, 0, 147, 147
1118061.3.peg.328.site.9, 114, 148, 262
1118061.3.peg.328.site.10, 51, 148, 199
1118061.3.peg.328.site.11, 2, 148, 150
1118061.3.peg.328.site.12, 9, 149, 158
1118061.3.peg.328.site.13, 0, 149, 149
1118061.3.peg.328.site.14, 3, 149, 152
1118061.3.peg.328.site.15, 1, 146, 147
1118061.3.peg.328.site.16, 0, 149, 149
1118061.3.peg.328.site.17, 0, 148, 148
1118061.3.peg.328.site.18, 21, 146, 167
1118061.3.peg.328.site.19, 0, 131, 131
1118061.3.peg.328.site.20, 142, 147, 289
1118061.3.peg.325.site.1, 38, 143, 181
1118061.3.peg.325.site.2, 12, 145, 157
1118061.3.peg.325.site.3, 2, 146, 148
1118061.3.peg.325.site.4, 3, 142, 145
1118061.3.peg.325.site.5, 2, 149, 151
1118061.3.peg.325.site.6, 6, 139, 145
1118061.3.peg.325.site.7, 2, 148, 150
1118061.3.peg.325.site.8, 0, 149, 149
1118061.3.peg.325.site.9, 35, 150, 185
1118061.3.peg.325.site.10, 29, 150, 179
1118061.3.peg.325.site.11, 0, 150, 150
1118061.3.peg.325.site.12, 15, 150, 165
1118061.3.peg.325.site.13, 33, 147, 180
1118061.3.peg.325.site.14, 19, 134, 153
1118061.3.peg.325.site.15, 12, 134, 146
1118061.3.peg.325.site.16, 51, 117, 168
1118061.3.peg.325.site.17, 65, 127, 192
1118061.3.peg.325.site.18, 66, 128, 194
1118061.3.peg.325.site.19, 39, 147, 186
1118061.3.peg.325.site.20, 0, 149, 149
1118061.3.peg.325.site.21, 12, 149, 161
1118061.3.peg.324.site.1, 19, 141, 160
1118061.3.peg.324.site.2, 19, 133, 152
1118061.3.peg.324.site.3, 8, 135, 143
1118061.3.peg.324.site.4, 8, 140, 148
1118061.3.peg.324.site.5, 0, 143, 143
1118061.3.peg.324.site.6, 26, 141, 167
1118061.3.peg.324.site.7, 3, 147, 150
1118061.3.peg.324.site.8, 91, 149, 240
1118061.3.peg.324.site.9, 6, 148, 154
1118061.3.peg.324.site.10, 3, 150, 153
1118061.3.peg.324.site.11, 0, 148, 148
1118061.3.peg.324.site.12, 1, 149, 150
1118061.3.peg.324.site.13, 9, 150, 159
1118061.3.peg.324.site.14, 0, 149, 149
1118061.3.peg.324.site.15, 23, 149, 172
1118061.3.peg.324.site.16, 4, 146, 150
1118061.3.peg.324.site.17, 0, 144, 144
1118061.3.peg.324.site.18, 0, 143, 143
1118061.3.peg.324.site.19, 1, 147, 148
1118061.3.peg.324.site.20, 20, 141, 161
1118061.3.peg.324.site.21, 0, 129, 129
1118061.3.peg.324.site.22, 16, 135, 151
1118061.3.peg.324.site.23, 20, 148, 168
1118061.3.peg.324.site.24, 1, 149, 150
1118061.3.peg.324.site.25, 36, 147, 183
1118061.3.peg.324.site.26, 23, 148, 171
1118061.3.peg.324.site.27, 1, 149, 150
1118061.3.peg.324.site.28, 0, 150, 150
1118061.3.peg.324.site.29, 6, 150, 156
1118061.3.peg.324.site.30, 82, 148, 230
1118061.3.peg.324.site.31, 0, 148, 148
1118061.3.peg.327.site.1, 0, 149, 149
1118061.3.peg.327.site.2, 0, 149, 149
1118061.3.peg.327.site.3, 10, 149, 159
1118061.3.peg.327.site.4, 75, 148, 223
1118061.3.peg.327.site.5, 29, 146, 175
1118061.3.peg.327.site.6, 3, 148, 151
1118061.3.peg.327.site.7, 122, 139, 261
1118061.3.peg.327.site.8, 0, 150, 150
1118061.3.peg.327.site.9, 0, 149, 149
1118061.3.peg.327.site.10, 62, 147, 209
1118061.3.peg.326.site.1, 106, 112, 218
1118061.3.peg.326.site.2, 109, 112, 221
1118061.3.peg.326.site.3, 1, 121, 122
1118061.3.peg.326.site.4, 3, 150, 153
1118061.3.peg.326.site.5, 148, 148, 296
1118061.3.peg.326.site.6, 3, 147, 150
1118061.3.peg.326.site.7, 2, 149, 151
1118061.3.peg.326.site.8, 0, 146, 146
1118061.3.peg.326.site.9, 45, 149, 194
1118061.3.peg.326.site.10, 0, 149, 149
1118061.3.peg.326.site.11, 0, 149, 149
1118061.3.peg.326.site.12, 61, 149, 210
1118061.3.peg.326.site.13, 1, 147, 148
1118061.3.peg.326.site.14, 3, 148, 151
1118061.3.peg.326.site.15, 125, 144, 269
1118061.3.peg.326.site.16, 18, 147, 165
1118061.3.peg.326.site.17, 0, 146, 146
1118061.3.peg.326.site.18, 0, 137, 137
1118061.3.peg.326.site.19, 0, 141, 141
1118061.3.peg.326.site.20, 20, 104, 124
1118061.3.peg.326.site.21, 16, 137, 153
1118061.3.peg.326.site.22, 24, 142, 166
1118061.3.peg.326.site.23, 35, 145, 180
1118061.3.peg.326.site.24, 0, 150, 150
1118061.3.peg.321.site.1, 23, 148, 171
1118061.3.peg.321.site.2, 2, 149, 151
1118061.3.peg.321.site.3, 6, 150, 156
1118061.3.peg.321.site.4, 3, 148, 151
1118061.3.peg.321.site.5, 35, 148, 183
1118061.3.peg.321.site.6, 1, 150, 151
1118061.3.peg.321.site.7, 26, 149, 175
1118061.3.peg.321.site.8, 120, 150, 270
1118061.3.peg.321.site.9, 38, 149, 187
1118061.3.peg.321.site.10, 1, 150, 151
1118061.3.peg.321.site.11, 31, 149, 180
1118061.3.peg.321.site.12, 130, 149, 279
1118061.3.peg.321.site.13, 2, 147, 149
1118061.3.peg.321.site.14, 2, 150, 152
1118061.3.peg.321.site.15, 0, 150, 150
1118061.3.peg.321.site.16, 0, 150, 150
1118061.3.peg.320.site.1, 0, 149, 149
1118061.3.peg.320.site.2, 1, 150, 151
1118061.3.peg.320.site.3, 50, 150, 200
1118061.3.peg.320.site.4, 0, 147, 147
1118061.3.peg.320.site.5, 2, 149, 151
1118061.3.peg.322.site.1, 1, 150, 151
1118061.3.peg.322.site.2, 21, 149, 170
1118061.3.peg.322.site.3, 36, 146, 182
1118061.3.peg.322.site.4, 5, 147, 152
1118061.3.peg.322.site.5, 26, 145, 171
1118061.3.peg.322.site.6, 0, 144, 144
1118061.3.peg.322.site.7, 52, 146, 198
1118061.3.peg.322.site.8, 85, 145, 230
1118061.3.peg.322.site.9, 1, 145, 146
1118061.3.peg.322.site.10, 3, 146, 149
1118061.3.peg.322.site.11, 12, 147, 159
1118061.3.peg.322.site.12, 73, 139, 212
1118061.3.peg.322.site.13, 22, 147, 169
1118061.3.peg.322.site.14, 2, 149, 151
1118061.3.peg.322.site.15, 6, 148, 154
1118061.3.peg.322.site.16, 5, 150, 155
1118061.3.peg.322.site.17, 3, 150, 153
1118061.3.peg.322.site.18, 2, 149, 151
1118061.3.peg.322.site.19, 7, 150, 157
1118061.3.peg.322.site.20, 2, 150, 152
1118061.3.peg.322.site.21, 3, 150, 153
1118061.3.peg.322.site.22, 0, 149, 149
1118061.3.peg.1121.site.1, 25, 147, 172
1118061.3.peg.1121.site.2, 29, 149, 178
1118061.3.peg.1121.site.3, 25, 149, 174
1118061.3.peg.1121.site.4, 109, 147, 256
1118061.3.peg.1121.site.5, 0, 150, 150
1118061.3.peg.1121.site.6, 2, 149, 151
1118061.3.peg.1121.site.7, 5, 150, 155
1118061.3.peg.1121.site.8, 26, 150, 176
1118061.3.peg.1121.site.9, 4, 150, 154
1118061.3.peg.1121.site.10, 27, 150, 177
1118061.3.peg.1121.site.11, 0, 150, 150
1118061.3.peg.1121.site.12, 61, 149, 210
1118061.3.peg.1121.site.13, 4, 150, 154
1118061.3.peg.1121.site.14, 0, 150, 150
1118061.3.peg.1121.site.15, 40, 148, 188
1118061.3.peg.1121.site.16, 40, 149, 189
1118061.3.peg.1121.site.17, 0, 149, 149
1118061.3.peg.1121.site.18, 17, 147, 164
1118061.3.peg.1121.site.19, 55, 134, 189
1118061.3.peg.1121.site.20, 25, 136, 161
1118061.3.peg.1121.site.21, 3, 142, 145
1118061.3.peg.1121.site.22, 34, 138, 172
1118061.3.peg.1121.site.23, 0, 149, 149
1118061.3.peg.1121.site.24, 12, 150, 162
1118061.3.peg.1121.site.25, 124, 150, 274
1118061.3.peg.1121.site.26, 150, 150, 300
1118061.3.peg.1121.site.27, 1, 149, 150
1118061.3.peg.1123.site.1, 1, 150, 151
1118061.3.peg.1122.site.1, 1, 148, 149
1118061.3.peg.1122.site.2, 11, 149, 160
1118061.3.peg.1122.site.3, 17, 150, 167
1118061.3.peg.1122.site.4, 4, 150, 154
1118061.3.peg.1122.site.5, 11, 148, 159
1118061.3.peg.1122.site.6, 0, 148, 148
1118061.3.peg.1122.site.7, 6, 148, 154
1118061.3.peg.1125.site.1, 2, 150, 152
1118061.3.peg.1125.site.2, 0, 150, 150
1118061.3.peg.1124.site.1, 2, 148, 150
1118061.3.peg.1124.site.2, 7, 150, 157
1118061.3.peg.1124.site.3, 2, 150, 152
1118061.3.peg.1124.site.4, 5, 150, 155
1118061.3.peg.1124.site.5, 1, 149, 150
1118061.3.peg.1124.site.6, 0, 150, 150
1118061.3.peg.1124.site.7, 63, 150, 213
1118061.3.peg.1124.site.8, 10, 148, 158
1118061.3.peg.1124.site.9, 54, 148, 202
1118061.3.peg.1124.site.10, 1, 149, 150
1118061.3.peg.1124.site.11, 3, 150, 153
1118061.3.peg.1124.site.12, 5, 149, 154
1118061.3.peg.1124.site.13, 11, 148, 159
1118061.3.peg.1124.site.14, 2, 149, 151
1118061.3.peg.1124.site.15, 40, 149, 189
1118061.3.peg.1124.site.16, 1, 149, 150
1118061.3.peg.1124.site.17, 11, 149, 160
1118061.3.peg.1124.site.18, 1, 148, 149
1118061.3.peg.1124.site.19, 58, 147, 205
1118061.3.peg.1124.site.20, 14, 149, 163
1118061.3.peg.1124.site.21, 0, 148, 148
1118061.3.peg.1124.site.22, 1, 148, 149
1118061.3.peg.1124.site.23, 76, 148, 224
1118061.3.peg.1124.site.24, 0, 141, 141
1118061.3.peg.1124.site.25, 4, 149, 153
1118061.3.peg.1124.site.26, 0, 149, 149
1118061.3.peg.1124.site.27, 49, 149, 198
1118061.3.peg.1124.site.28, 11, 148, 159
1118061.3.peg.1124.site.29, 3, 147, 150
1118061.3.peg.1124.site.30, 66, 147, 213
1118061.3.peg.1124.site.31, 3, 148, 151
1118061.3.peg.1124.site.32, 0, 147, 147
1118061.3.peg.1124.site.33, 16, 149, 165
1118061.3.peg.1124.site.34, 2, 149, 151
1118061.3.peg.1124.site.35, 0, 142, 142
1118061.3.peg.1124.site.36, 32, 136, 168
1118061.3.peg.1124.site.37, 34, 138, 172
1118061.3.peg.1124.site.38, 19, 143, 162
1118061.3.peg.1124.site.39, 82, 146, 228
1118061.3.peg.1124.site.40, 18, 145, 163
1118061.3.peg.1124.site.41, 2, 141, 143
1118061.3.peg.1124.site.42, 17, 147, 164
1118061.3.peg.1124.site.43, 0, 149, 149
1118061.3.peg.1124.site.44, 35, 144, 179
1118061.3.peg.1124.site.45, 0, 145, 145
1118061.3.peg.1124.site.46, 80, 147, 227
1118061.3.peg.1124.site.47, 1, 148, 149
1118061.3.peg.1124.site.48, 77, 106, 183
1118061.3.peg.1124.site.49, 1, 146, 147
1118061.3.peg.1124.site.50, 1, 148, 149
1118061.3.peg.1124.site.51, 0, 148, 148
1118061.3.peg.1124.site.52, 1, 148, 149
1118061.3.peg.1124.site.53, 138, 149, 287
1118061.3.peg.1124.site.54, 15, 149, 164
1118061.3.peg.1124.site.55, 71, 148, 219
1118061.3.peg.1124.site.56, 146, 148, 294
1118061.3.peg.1127.site.1, 6, 146, 152
1118061.3.peg.1127.site.2, 3, 150, 153
1118061.3.peg.1127.site.3, 3, 150, 153
1118061.3.peg.1127.site.4, 2, 149, 151
1118061.3.peg.1127.site.5, 24, 150, 174
1118061.3.peg.1127.site.6, 144, 150, 294
1118061.3.peg.1127.site.7, 118, 149, 267
1118061.3.peg.1127.site.8, 12, 149, 161
1118061.3.peg.1127.site.9, 0, 146, 146
1118061.3.peg.1127.site.10, 144, 149, 293
1118061.3.peg.1127.site.11, 83, 148, 231
1118061.3.peg.1127.site.12, 1, 145, 146
1118061.3.peg.1127.site.13, 11, 147, 158
1118061.3.peg.1126.site.1, 0, 149, 149
1118061.3.peg.1126.site.2, 3, 148, 151
1118061.3.peg.211.site.1, 99, 150, 249
1118061.3.peg.211.site.2, 65, 147, 212
1118061.3.peg.211.site.3, 33, 149, 182
1118061.3.peg.211.site.4, 0, 148, 148
1118061.3.peg.211.site.5, 64, 140, 204
1118061.3.peg.211.site.6, 150, 150, 300
1118061.3.peg.211.site.7, 17, 146, 163
1118061.3.peg.211.site.8, 3, 147, 150
1118061.3.peg.211.site.9, 0, 148, 148
1118061.3.peg.211.site.10, 0, 148, 148
1118061.3.peg.211.site.11, 3, 149, 152
1118061.3.peg.211.site.12, 25, 149, 174
1118061.3.peg.1128.site.1, 2, 149, 151
1118061.3.peg.1128.site.2, 2, 150, 152
1118061.3.peg.1128.site.3, 2, 140, 142
1118061.3.peg.1128.site.4, 0, 148, 148
1118061.3.peg.1128.site.5, 83, 148, 231
1118061.3.peg.1128.site.6, 4, 141, 145
1118061.3.peg.1128.site.7, 0, 142, 142
1118061.3.peg.1128.site.8, 131, 140, 271
1118061.3.peg.1128.site.9, 63, 148, 211
1118061.3.peg.1128.site.10, 53, 146, 199
1118061.3.peg.1128.site.11, 19, 150, 169
1118061.3.peg.1128.site.12, 16, 149, 165
1118061.3.peg.1128.site.13, 4, 150, 154
1118061.3.peg.1128.site.14, 2, 149, 151
1118061.3.peg.1128.site.15, 0, 149, 149
1118061.3.peg.1128.site.16, 119, 148, 267
1118061.3.peg.1128.site.17, 6, 148, 154
1118061.3.peg.1128.site.18, 1, 149, 150
1118061.3.peg.213.site.1, 3, 146, 149
1118061.3.peg.213.site.2, 11, 150, 161
1118061.3.peg.213.site.3, 0, 148, 148
1118061.3.peg.213.site.4, 11, 150, 161
1118061.3.peg.213.site.5, 77, 149, 226
1118061.3.peg.213.site.6, 44, 143, 187
1118061.3.peg.213.site.7, 5, 147, 152
1118061.3.peg.213.site.8, 88, 147, 235
1118061.3.peg.213.site.9, 8, 127, 135
1118061.3.peg.213.site.10, 7, 121, 128
1118061.3.peg.213.site.11, 16, 133, 149
1118061.3.peg.213.site.12, 17, 134, 151
1118061.3.peg.213.site.13, 15, 144, 159
1118061.3.peg.213.site.14, 31, 150, 181
1118061.3.peg.213.site.15, 2, 149, 151
1118061.3.peg.213.site.16, 15, 148, 163
1118061.3.peg.213.site.17, 67, 148, 215
1118061.3.peg.213.site.18, 0, 149, 149
1118061.3.peg.212.site.1, 2, 149, 151
1118061.3.peg.212.site.2, 1, 150, 151
1118061.3.peg.212.site.3, 1, 149, 150
1118061.3.peg.212.site.4, 24, 150, 174
1118061.3.peg.212.site.5, 17, 149, 166
1118061.3.peg.212.site.6, 25, 149, 174
1118061.3.peg.212.site.7, 6, 144, 150
1118061.3.peg.212.site.8, 3, 141, 144
1118061.3.peg.212.site.9, 0, 144, 144
1118061.3.peg.212.site.10, 14, 146, 160
1118061.3.peg.212.site.11, 12, 146, 158
1118061.3.peg.212.site.12, 95, 146, 241
1118061.3.peg.212.site.13, 12, 148, 160
1118061.3.peg.212.site.14, 13, 148, 161
1118061.3.peg.212.site.15, 10, 146, 156
1118061.3.peg.215.site.1, 49, 147, 196
1118061.3.peg.215.site.2, 12, 148, 160
1118061.3.peg.215.site.3, 1, 146, 147
1118061.3.peg.215.site.4, 2, 145, 147
1118061.3.peg.215.site.5, 8, 146, 154
1118061.3.peg.215.site.6, 32, 148, 180
1118061.3.peg.215.site.7, 27, 144, 171
1118061.3.peg.215.site.8, 52, 143, 195
1118061.3.peg.215.site.9, 1, 148, 149
1118061.3.peg.215.site.10, 2, 146, 148
1118061.3.peg.215.site.11, 0, 146, 146
1118061.3.peg.215.site.12, 3, 144, 147
1118061.3.peg.215.site.13, 1, 148, 149
1118061.3.peg.215.site.14, 27, 145, 172
1118061.3.peg.215.site.15, 20, 144, 164
1118061.3.peg.215.site.16, 1, 143, 144
1118061.3.peg.214.site.1, 14, 150, 164
1118061.3.peg.214.site.2, 0, 150, 150
1118061.3.peg.214.site.3, 1, 149, 150
1118061.3.peg.214.site.4, 35, 148, 183
1118061.3.peg.214.site.5, 1, 147, 148
1118061.3.peg.214.site.6, 7, 143, 150
1118061.3.peg.214.site.7, 0, 148, 148
1118061.3.peg.214.site.8, 1, 142, 143
1118061.3.peg.214.site.9, 138, 148, 286
1118061.3.peg.214.site.10, 138, 148, 286
1118061.3.peg.214.site.11, 13, 150, 163
1118061.3.peg.214.site.12, 28, 147, 175
1118061.3.peg.217.site.1, 4, 140, 144
1118061.3.peg.217.site.2, 45, 128, 173
1118061.3.peg.217.site.3, 4, 125, 129
1118061.3.peg.217.site.4, 4, 114, 118
1118061.3.peg.217.site.5, 0, 116, 116
1118061.3.peg.217.site.6, 77, 136, 213
1118061.3.peg.217.site.7, 47, 137, 184
1118061.3.peg.217.site.8, 12, 143, 155
1118061.3.peg.217.site.9, 108, 148, 256
1118061.3.peg.217.site.10, 5, 149, 154
1118061.3.peg.217.site.11, 106, 146, 252
1118061.3.peg.217.site.12, 0, 149, 149
1118061.3.peg.217.site.13, 9, 84, 93
1118061.3.peg.217.site.14, 33, 147, 180
1118061.3.peg.217.site.15, 34, 149, 183
1118061.3.peg.217.site.16, 1, 143, 144
1118061.3.peg.217.site.17, 2, 142, 144
1118061.3.peg.217.site.18, 0, 149, 149
1118061.3.peg.217.site.19, 64, 149, 213
1118061.3.peg.217.site.20, 1, 138, 139
1118061.3.peg.217.site.21, 54, 150, 204
1118061.3.peg.217.site.22, 4, 125, 129
1118061.3.peg.217.site.23, 0, 149, 149
1118061.3.peg.217.site.24, 45, 145, 190
1118061.3.peg.217.site.25, 19, 150, 169
1118061.3.peg.216.site.1, 12, 144, 156
1118061.3.peg.216.site.2, 14, 146, 160
1118061.3.peg.216.site.3, 0, 147, 147
1118061.3.peg.216.site.4, 28, 149, 177
1118061.3.peg.216.site.5, 10, 149, 159
1118061.3.peg.216.site.6, 20, 150, 170
1118061.3.peg.216.site.7, 41, 150, 191
1118061.3.peg.216.site.8, 4, 150, 154
1118061.3.peg.216.site.9, 57, 140, 197
1118061.3.peg.216.site.10, 2, 142, 144
1118061.3.peg.216.site.11, 96, 148, 244
1118061.3.peg.216.site.12, 96, 149, 245
1118061.3.peg.216.site.13, 20, 150, 170
1118061.3.peg.216.site.14, 1, 150, 151
1118061.3.peg.216.site.15, 2, 147, 149
1118061.3.peg.216.site.16, 0, 149, 149
1118061.3.peg.216.site.17, 30, 149, 179
1118061.3.peg.216.site.18, 5, 150, 155
1118061.3.peg.216.site.19, 18, 148, 166
1118061.3.peg.216.site.20, 6, 149, 155
1118061.3.peg.216.site.21, 0, 149, 149
1118061.3.peg.2219.site.1, 91, 145, 236
1118061.3.peg.2219.site.2, 0, 141, 141
1118061.3.peg.2219.site.3, 93, 136, 229
1118061.3.peg.2219.site.4, 63, 144, 207
1118061.3.peg.2219.site.5, 0, 148, 148
1118061.3.peg.2219.site.6, 1, 147, 148
1118061.3.peg.2219.site.7, 28, 148, 176
1118061.3.peg.2219.site.8, 2, 150, 152
1118061.3.peg.2219.site.9, 138, 145, 283
1118061.3.peg.2219.site.10, 0, 146, 146
1118061.3.peg.2219.site.11, 102, 105, 207
1118061.3.peg.2219.site.12, 115, 118, 233
1118061.3.peg.2219.site.13, 1, 127, 128
1118061.3.peg.2219.site.14, 13, 127, 140
1118061.3.peg.2219.site.15, 103, 133, 236
1118061.3.peg.2219.site.16, 0, 142, 142
1118061.3.peg.2219.site.17, 41, 145, 186
1118061.3.peg.2219.site.18, 2, 119, 121
1118061.3.peg.2219.site.19, 64, 131, 195
1118061.3.peg.2219.site.20, 3, 144, 147
1118061.3.peg.2219.site.21, 6, 142, 148
1118061.3.peg.2219.site.22, 6, 83, 89
1118061.3.peg.1407.site.1, 141, 143, 284
1118061.3.peg.1407.site.2, 1, 142, 143
1118061.3.peg.1407.site.3, 2, 142, 144
1118061.3.peg.1407.site.4, 1, 110, 111
1118061.3.peg.1407.site.5, 1, 104, 105
1118061.3.peg.1407.site.6, 12, 115, 127
1118061.3.peg.1407.site.7, 1, 144, 145
1118061.3.peg.1407.site.8, 2, 148, 150
1118061.3.peg.1407.site.9, 1, 146, 147
1118061.3.peg.1407.site.10, 12, 127, 139
1118061.3.peg.1407.site.11, 3, 147, 150
1118061.3.peg.1407.site.12, 21, 139, 160
1118061.3.peg.1407.site.13, 23, 129, 152
1118061.3.peg.1407.site.14, 64, 104, 168
1118061.3.peg.1407.site.15, 1, 97, 98
1118061.3.peg.1407.site.16, 3, 141, 144
1118061.3.peg.1047.site.1, 0, 148, 148
1118061.3.peg.1047.site.2, 2, 147, 149
1118061.3.peg.1047.site.3, 0, 141, 141
1118061.3.peg.1047.site.4, 1, 143, 144
1118061.3.peg.1047.site.5, 0, 137, 137
1118061.3.peg.1047.site.6, 3, 140, 143
1118061.3.peg.1047.site.7, 0, 90, 90
1118061.3.peg.1047.site.8, 3, 140, 143
1118061.3.peg.1047.site.9, 3, 144, 147
1118061.3.peg.1047.site.10, 7, 145, 152
1118061.3.peg.1047.site.11, 11, 139, 150
1118061.3.peg.1047.site.12, 7, 123, 130
1118061.3.peg.1047.site.13, 32, 114, 146
1118061.3.peg.1047.site.14, 0, 147, 147
1118061.3.peg.1047.site.15, 6, 146, 152
1118061.3.peg.1047.site.16, 142, 142, 284
1118061.3.peg.1047.site.17, 80, 143, 223
1118061.3.peg.1047.site.18, 0, 147, 147
1118061.3.peg.1047.site.19, 24, 146, 170
1118061.3.peg.1047.site.20, 52, 146, 198
1118061.3.peg.1047.site.21, 1, 146, 147
1118061.3.peg.1047.site.22, 5, 142, 147
1118061.3.peg.1047.site.23, 9, 81, 90
1118061.3.peg.1047.site.24, 29, 76, 105
1118061.3.peg.1047.site.25, 33, 65, 98
1118061.3.peg.1047.site.26, 66, 99, 165
1118061.3.peg.1047.site.27, 3, 144, 147
1118061.3.peg.1047.site.28, 1, 145, 146
1118061.3.peg.1047.site.29, 125, 143, 268
1118061.3.peg.1047.site.30, 0, 150, 150
1118061.3.peg.270.site.1, 46, 144, 190
1118061.3.peg.270.site.2, 45, 144, 189
1118061.3.peg.270.site.3, 0, 143, 143
1118061.3.peg.270.site.4, 1, 147, 148
1118061.3.peg.270.site.5, 30, 142, 172
1118061.3.peg.270.site.6, 31, 138, 169
1118061.3.peg.270.site.7, 30, 147, 177
1118061.3.peg.270.site.8, 30, 148, 178
1118061.3.peg.270.site.9, 2, 148, 150
1118061.3.peg.270.site.10, 1, 150, 151
1118061.3.peg.270.site.11, 19, 150, 169
1118061.3.peg.270.site.12, 30, 148, 178
1118061.3.peg.270.site.13, 2, 150, 152
1118061.3.peg.270.site.14, 0, 150, 150
1118061.3.peg.270.site.15, 3, 150, 153
1118061.3.peg.277.site.1, 2, 150, 152
1118061.3.peg.277.site.2, 0, 150, 150
1118061.3.peg.277.site.3, 0, 149, 149
1118061.3.peg.277.site.4, 1, 147, 148
1118061.3.peg.277.site.5, 30, 147, 177
1118061.3.peg.277.site.6, 3, 148, 151
1118061.3.peg.277.site.7, 20, 149, 169
1118061.3.peg.277.site.8, 0, 146, 146
1118061.3.peg.277.site.9, 1, 147, 148
1118061.3.peg.277.site.10, 5, 150, 155
1118061.3.peg.277.site.11, 2, 148, 150
1118061.3.peg.277.site.12, 7, 148, 155
1118061.3.peg.277.site.13, 31, 149, 180
1118061.3.peg.277.site.14, 22, 145, 167
1118061.3.peg.277.site.15, 0, 114, 114
1118061.3.peg.277.site.16, 1, 102, 103
1118061.3.peg.277.site.17, 27, 107, 134
1118061.3.peg.277.site.18, 49, 96, 145
1118061.3.peg.277.site.19, 106, 148, 254
1118061.3.peg.277.site.20, 3, 148, 151
1118061.3.peg.277.site.21, 2, 150, 152
1118061.3.peg.277.site.22, 0, 150, 150
1118061.3.peg.1045.site.1, 2, 145, 147
1118061.3.peg.1045.site.2, 124, 147, 271
1118061.3.peg.1045.site.3, 104, 147, 251
1118061.3.peg.1045.site.4, 35, 150, 185
1118061.3.peg.1045.site.5, 3, 148, 151
1118061.3.peg.1045.site.6, 3, 149, 152
1118061.3.peg.1045.site.7, 26, 150, 176
1118061.3.peg.1045.site.8, 26, 150, 176
1118061.3.peg.1045.site.9, 1, 150, 151
1118061.3.peg.1045.site.10, 15, 150, 165
1118061.3.peg.1045.site.11, 38, 116, 154
1118061.3.peg.1045.site.12, 82, 144, 226
1118061.3.peg.1045.site.13, 0, 147, 147
1118061.3.peg.276.site.1, 6, 114, 120
1118061.3.peg.276.site.2, 8, 141, 149
1118061.3.peg.276.site.3, 55, 143, 198
1118061.3.peg.276.site.4, 11, 145, 156
1118061.3.peg.276.site.5, 1, 96, 97
1118061.3.peg.276.site.6, 58, 139, 197
1118061.3.peg.276.site.7, 3, 145, 148
1118061.3.peg.276.site.8, 114, 146, 260
1118061.3.peg.276.site.9, 111, 148, 259
1118061.3.peg.276.site.10, 2, 150, 152
1118061.3.peg.1785.site.1, 28, 150, 178
1118061.3.peg.1785.site.2, 41, 150, 191
1118061.3.peg.1785.site.3, 12, 142, 154
1118061.3.peg.1785.site.4, 0, 141, 141
1118061.3.peg.1785.site.5, 24, 138, 162
1118061.3.peg.1785.site.6, 36, 142, 178
1118061.3.peg.1785.site.7, 141, 144, 285
1118061.3.peg.1785.site.8, 87, 145, 232
1118061.3.peg.1785.site.9, 2, 141, 143
1118061.3.peg.1785.site.10, 12, 149, 161
1118061.3.peg.1785.site.11, 0, 149, 149
1118061.3.peg.1785.site.12, 0, 150, 150
1118061.3.peg.1785.site.13, 38, 150, 188
1118061.3.peg.1785.site.14, 75, 148, 223
1118061.3.peg.1785.site.15, 8, 148, 156
1118061.3.peg.1785.site.16, 6, 148, 154
1118061.3.peg.1785.site.17, 38, 145, 183
1118061.3.peg.1785.site.18, 1, 140, 141
1118061.3.peg.1785.site.19, 78, 148, 226
1118061.3.peg.1785.site.20, 0, 149, 149
1118061.3.peg.1785.site.21, 0, 147, 147
1118061.3.peg.1785.site.22, 35, 146, 181
1118061.3.peg.1785.site.23, 42, 148, 190
1118061.3.peg.1785.site.24, 12, 149, 161
1118061.3.peg.1785.site.25, 1, 150, 151
1118061.3.peg.1785.site.26, 5, 144, 149
1118061.3.peg.1785.site.27, 145, 149, 294
1118061.3.peg.1785.site.28, 4, 150, 154
1118061.3.peg.1785.site.29, 3, 150, 153
1118061.3.peg.1785.site.30, 3, 150, 153
1118061.3.peg.1785.site.31, 4, 149, 153
1118061.3.peg.1785.site.32, 136, 148, 284
1118061.3.peg.1785.site.33, 137, 149, 286
1118061.3.peg.1785.site.34, 100, 148, 248
1118061.3.peg.1785.site.35, 12, 150, 162
1118061.3.peg.1784.site.1, 12, 150, 162
1118061.3.peg.1784.site.2, 46, 150, 196
1118061.3.peg.1784.site.3, 11, 150, 161
1118061.3.peg.1784.site.4, 29, 150, 179
1118061.3.peg.1784.site.5, 26, 150, 176
1118061.3.peg.1784.site.6, 0, 150, 150
1118061.3.peg.1784.site.7, 26, 150, 176
1118061.3.peg.1784.site.8, 43, 149, 192
1118061.3.peg.1784.site.9, 25, 147, 172
1118061.3.peg.1784.site.10, 0, 150, 150
1118061.3.peg.1784.site.11, 29, 148, 177
1118061.3.peg.1784.site.12, 28, 141, 169
1118061.3.peg.1784.site.13, 140, 143, 283
1118061.3.peg.1784.site.14, 24, 147, 171
1118061.3.peg.1784.site.15, 35, 148, 183
1118061.3.peg.1784.site.16, 7, 149, 156
1118061.3.peg.1784.site.17, 12, 148, 160
1118061.3.peg.1784.site.18, 37, 148, 185
1118061.3.peg.1784.site.19, 25, 143, 168
1118061.3.peg.1786.site.1, 29, 149, 178
1118061.3.peg.1786.site.2, 0, 149, 149
1118061.3.peg.1786.site.3, 2, 149, 151
1118061.3.peg.1786.site.4, 145, 150, 295
1118061.3.peg.1786.site.5, 34, 147, 181
1118061.3.peg.1786.site.6, 29, 148, 177
1118061.3.peg.1786.site.7, 2, 145, 147
1118061.3.peg.1786.site.8, 5, 146, 151
1118061.3.peg.1786.site.9, 2, 141, 143
1118061.3.peg.1786.site.10, 29, 145, 174
1118061.3.peg.1786.site.11, 75, 146, 221
1118061.3.peg.1786.site.12, 41, 147, 188
1118061.3.peg.1781.site.1, 97, 144, 241
1118061.3.peg.1781.site.2, 77, 139, 216
1118061.3.peg.1781.site.3, 1, 150, 151
1118061.3.peg.1781.site.4, 0, 149, 149
1118061.3.peg.1781.site.5, 0, 139, 139
1118061.3.peg.1781.site.6, 0, 141, 141
1118061.3.peg.1781.site.7, 3, 140, 143
1118061.3.peg.1781.site.8, 30, 144, 174
1118061.3.peg.1781.site.9, 70, 140, 210
1118061.3.peg.1781.site.10, 1, 150, 151
1118061.3.peg.1781.site.11, 3, 149, 152
1118061.3.peg.1780.site.1, 17, 150, 167
1118061.3.peg.1780.site.2, 0, 143, 143
1118061.3.peg.1780.site.3, 0, 132, 132
1118061.3.peg.1780.site.4, 17, 149, 166
1118061.3.peg.1780.site.5, 0, 150, 150
1118061.3.peg.1780.site.6, 35, 150, 185
1118061.3.peg.1780.site.7, 41, 150, 191
1118061.3.peg.1780.site.8, 0, 147, 147
1118061.3.peg.1780.site.9, 35, 150, 185
1118061.3.peg.1780.site.10, 4, 149, 153
1118061.3.peg.1780.site.11, 1, 148, 149
1118061.3.peg.1780.site.12, 99, 142, 241
1118061.3.peg.1780.site.13, 1, 142, 143
1118061.3.peg.1783.site.1, 71, 130, 201
1118061.3.peg.1783.site.2, 106, 130, 236
1118061.3.peg.1783.site.3, 109, 110, 219
1118061.3.peg.1783.site.4, 32, 110, 142
1118061.3.peg.1783.site.5, 1, 107, 108
1118061.3.peg.1783.site.6, 23, 108, 131
1118061.3.peg.1783.site.7, 1, 136, 137
1118061.3.peg.1783.site.8, 0, 137, 137
1118061.3.peg.1783.site.9, 70, 138, 208
1118061.3.peg.1783.site.10, 1, 145, 146
1118061.3.peg.1783.site.11, 1, 145, 146
1118061.3.peg.1783.site.12, 0, 145, 145
1118061.3.peg.1783.site.13, 119, 145, 264
1118061.3.peg.1783.site.14, 4, 122, 126
1118061.3.peg.1783.site.15, 38, 123, 161
1118061.3.peg.1783.site.16, 64, 131, 195
1118061.3.peg.1783.site.17, 30, 126, 156
1118061.3.peg.1783.site.18, 36, 132, 168
1118061.3.peg.1783.site.19, 136, 136, 272
1118061.3.peg.1783.site.20, 2, 143, 145
1118061.3.peg.1782.site.1, 1, 149, 150
1118061.3.peg.1782.site.2, 1, 149, 150
1118061.3.peg.1782.site.3, 7, 150, 157
1118061.3.peg.1782.site.4, 1, 150, 151
1118061.3.peg.1782.site.5, 142, 150, 292
1118061.3.peg.1782.site.6, 2, 150, 152
1118061.3.peg.1782.site.7, 0, 149, 149
1118061.3.peg.1782.site.8, 28, 148, 176
1118061.3.peg.1782.site.9, 46, 148, 194
1118061.3.peg.1782.site.10, 1, 150, 151
1118061.3.peg.1782.site.11, 3, 148, 151
1118061.3.peg.1782.site.12, 150, 150, 300
1118061.3.peg.1782.site.13, 5, 149, 154
1118061.3.peg.1782.site.14, 3, 149, 152
1118061.3.peg.1782.site.15, 39, 141, 180
1118061.3.peg.1782.site.16, 41, 146, 187
1118061.3.peg.1782.site.17, 0, 150, 150
1118061.3.peg.1782.site.18, 0, 150, 150
1118061.3.peg.1782.site.19, 0, 149, 149
1118061.3.peg.1782.site.20, 41, 148, 189
1118061.3.peg.1782.site.21, 16, 148, 164
1118061.3.peg.1782.site.22, 16, 149, 165
1118061.3.peg.1782.site.23, 3, 150, 153
1118061.3.peg.1782.site.24, 1, 150, 151
1118061.3.peg.1782.site.25, 1, 149, 150
1118061.3.peg.1782.site.26, 0, 150, 150
1118061.3.peg.1782.site.27, 132, 150, 282
1118061.3.peg.274.site.1, 0, 149, 149
1118061.3.peg.274.site.2, 16, 146, 162
1118061.3.peg.274.site.3, 145, 145, 290
1118061.3.peg.274.site.4, 0, 135, 135
1118061.3.peg.274.site.5, 0, 135, 135
1118061.3.peg.274.site.6, 132, 135, 267
1118061.3.peg.274.site.7, 20, 140, 160
1118061.3.peg.274.site.8, 3, 149, 152
1118061.3.peg.274.site.9, 64, 148, 212
1118061.3.peg.274.site.10, 6, 148, 154
1118061.3.peg.274.site.11, 0, 149, 149
1118061.3.peg.274.site.12, 40, 147, 187
1118061.3.peg.274.site.13, 12, 126, 138
1118061.3.peg.274.site.14, 123, 123, 246
1118061.3.peg.274.site.15, 14, 136, 150
1118061.3.peg.274.site.16, 20, 143, 163
1118061.3.peg.274.site.17, 25, 137, 162
1118061.3.peg.274.site.18, 2, 134, 136
1118061.3.peg.274.site.19, 29, 147, 176
1118061.3.peg.274.site.20, 29, 149, 178
1118061.3.peg.274.site.21, 49, 147, 196
1118061.3.peg.274.site.22, 44, 148, 192
1118061.3.peg.274.site.23, 16, 149, 165
1118061.3.peg.274.site.24, 3, 148, 151
1118061.3.peg.274.site.25, 0, 143, 143
1118061.3.peg.274.site.26, 2, 139, 141
1118061.3.peg.274.site.27, 72, 144, 216
1118061.3.peg.274.site.28, 1, 149, 150
1118061.3.peg.274.site.29, 116, 150, 266
1118061.3.peg.274.site.30, 10, 150, 160
1118061.3.peg.274.site.31, 7, 146, 153
1118061.3.peg.274.site.32, 139, 139, 278
1118061.3.peg.274.site.33, 2, 144, 146
1118061.3.peg.274.site.34, 16, 125, 141
1118061.3.peg.2394.site.1, 98, 148, 246
1118061.3.peg.2394.site.2, 0, 36, 36
1118061.3.peg.2394.site.3, 70, 141, 211
1118061.3.peg.2394.site.4, 3, 95, 98
1118061.3.peg.2394.site.5, 1, 134, 135
1118061.3.peg.2803.site.1, 45, 142, 187
1118061.3.peg.2803.site.2, 54, 140, 194
1118061.3.peg.2803.site.3, 11, 142, 153
1118061.3.peg.2803.site.4, 10, 146, 156
1118061.3.peg.2803.site.5, 0, 148, 148
1118061.3.peg.2803.site.6, 11, 148, 159
1118061.3.peg.2803.site.7, 0, 149, 149
1118061.3.peg.2803.site.8, 2, 149, 151
1118061.3.peg.2803.site.9, 14, 148, 162
1118061.3.peg.2803.site.10, 2, 148, 150
1118061.3.peg.2803.site.11, 3, 146, 149
1118061.3.peg.2803.site.12, 120, 147, 267
1118061.3.peg.2803.site.13, 32, 149, 181
1118061.3.peg.2803.site.14, 0, 150, 150
1118061.3.peg.2803.site.15, 52, 148, 200
1118061.3.peg.2803.site.16, 14, 149, 163
1118061.3.peg.2803.site.17, 2, 149, 151
1118061.3.peg.2803.site.18, 9, 147, 156
1118061.3.peg.2803.site.19, 0, 147, 147
1118061.3.peg.2803.site.20, 7, 148, 155
1118061.3.peg.2803.site.21, 1, 149, 150
1118061.3.peg.2803.site.22, 2, 149, 151
1118061.3.peg.2803.site.23, 61, 149, 210
1118061.3.peg.2803.site.24, 44, 148, 192
1118061.3.peg.2803.site.25, 62, 150, 212
1118061.3.peg.2803.site.26, 1, 148, 149
1118061.3.peg.2803.site.27, 55, 148, 203
1118061.3.peg.2803.site.28, 21, 148, 169
1118061.3.peg.2803.site.29, 76, 145, 221
1118061.3.peg.2802.site.1, 24, 147, 171
1118061.3.peg.2802.site.2, 0, 147, 147
1118061.3.peg.2802.site.3, 111, 147, 258
1118061.3.peg.2802.site.4, 0, 148, 148
1118061.3.peg.2802.site.5, 23, 149, 172
1118061.3.peg.2802.site.6, 14, 150, 164
1118061.3.peg.2802.site.7, 52, 150, 202
1118061.3.peg.2800.site.1, 34, 150, 184
1118061.3.peg.2800.site.2, 3, 149, 152
1118061.3.peg.2800.site.3, 3, 149, 152
1118061.3.peg.2800.site.4, 112, 148, 260
1118061.3.peg.2800.site.5, 2, 150, 152
1118061.3.peg.2800.site.6, 49, 150, 199
1118061.3.peg.2800.site.7, 22, 143, 165
1118061.3.peg.2800.site.8, 0, 149, 149
1118061.3.peg.2800.site.9, 0, 148, 148
1118061.3.peg.2800.site.10, 0, 150, 150
1118061.3.peg.2800.site.11, 0, 150, 150
1118061.3.peg.2800.site.12, 2, 150, 152
1118061.3.peg.2800.site.13, 1, 150, 151
1118061.3.peg.2800.site.14, 2, 149, 151
1118061.3.peg.2800.site.15, 0, 150, 150
1118061.3.peg.2800.site.16, 127, 150, 277
1118061.3.peg.2800.site.17, 4, 137, 141
1118061.3.peg.2800.site.18, 104, 104, 208
1118061.3.peg.2800.site.19, 89, 150, 239
1118061.3.peg.2800.site.20, 4, 150, 154
1118061.3.peg.2800.site.21, 0, 150, 150
1118061.3.peg.2800.site.22, 0, 149, 149
1118061.3.peg.2800.site.23, 19, 148, 167
1118061.3.peg.2800.site.24, 4, 148, 152
1118061.3.peg.2800.site.25, 28, 149, 177
1118061.3.peg.2800.site.26, 1, 150, 151
1118061.3.peg.2800.site.27, 10, 150, 160
1118061.3.peg.1429.site.1, 7, 40, 47
1118061.3.peg.1429.site.2, 0, 40, 40
1118061.3.peg.1429.site.3, 39, 39, 78
1118061.3.peg.1429.site.4, 0, 40, 40
1118061.3.peg.1429.site.5, 10, 40, 50
1118061.3.peg.1429.site.6, 32, 40, 72
1118061.3.peg.1429.site.7, 23, 40, 63
1118061.3.peg.1429.site.8, 16, 40, 56
1118061.3.peg.1429.site.9, 39, 40, 79
1118061.3.peg.1429.site.10, 12, 20, 32
1118061.3.peg.1429.site.11, 7, 13, 20
1118061.3.peg.1429.site.12, 1, 8, 9
1118061.3.peg.1429.site.13, 7, 33, 40
1118061.3.peg.1429.site.14, 16, 41, 57
1118061.3.peg.1429.site.15, 19, 51, 70
1118061.3.peg.1429.site.16, 7, 62, 69
1118061.3.peg.1429.site.17, 11, 116, 127
1118061.3.peg.1429.site.18, 7, 143, 150
1118061.3.peg.1429.site.19, 48, 148, 196
1118061.3.peg.1429.site.20, 145, 149, 294
1118061.3.peg.1429.site.21, 1, 150, 151
1118061.3.peg.1429.site.22, 0, 150, 150
1118061.3.peg.1429.site.23, 1, 148, 149
1118061.3.peg.1429.site.24, 48, 145, 193
1118061.3.peg.1429.site.25, 5, 148, 153
1118061.3.peg.1429.site.26, 31, 149, 180
1118061.3.peg.1429.site.27, 70, 150, 220
1118061.3.peg.1429.site.28, 1, 149, 150
1118061.3.peg.1429.site.29, 0, 148, 148
1118061.3.peg.1429.site.30, 0, 149, 149
1118061.3.peg.1429.site.31, 1, 145, 146
1118061.3.peg.1429.site.32, 63, 148, 211
1118061.3.peg.1429.site.33, 1, 149, 150
1118061.3.peg.1429.site.34, 1, 150, 151
1118061.3.peg.1420.site.1, 2, 144, 146
1118061.3.peg.1420.site.2, 1, 120, 121
1118061.3.peg.1420.site.3, 58, 135, 193
1118061.3.peg.1420.site.4, 1, 144, 145
1118061.3.peg.1420.site.5, 49, 149, 198
1118061.3.peg.1420.site.6, 2, 149, 151
1118061.3.peg.1420.site.7, 1, 148, 149
1118061.3.peg.1420.site.8, 4, 149, 153
1118061.3.peg.1420.site.9, 2, 148, 150
1118061.3.peg.1420.site.10, 69, 149, 218
1118061.3.peg.1421.site.1, 0, 150, 150
1118061.3.peg.1421.site.2, 0, 150, 150
1118061.3.peg.1421.site.3, 8, 147, 155
1118061.3.peg.1421.site.4, 0, 149, 149
1118061.3.peg.1421.site.5, 84, 125, 209
1118061.3.peg.1421.site.6, 125, 125, 250
1118061.3.peg.1421.site.7, 1, 111, 112
1118061.3.peg.1421.site.8, 3, 116, 119
1118061.3.peg.1421.site.9, 55, 129, 184
1118061.3.peg.1422.site.1, 88, 144, 232
1118061.3.peg.1422.site.2, 40, 143, 183
1118061.3.peg.1422.site.3, 33, 148, 181
1118061.3.peg.1422.site.4, 30, 140, 170
1118061.3.peg.1422.site.5, 36, 130, 166
1118061.3.peg.1422.site.6, 12, 95, 107
1118061.3.peg.1422.site.7, 0, 138, 138
1118061.3.peg.1422.site.8, 2, 142, 144
1118061.3.peg.1422.site.9, 144, 144, 288
1118061.3.peg.1422.site.10, 45, 140, 185
1118061.3.peg.1422.site.11, 3, 146, 149
1118061.3.peg.1422.site.12, 3, 144, 147
1118061.3.peg.1422.site.13, 22, 119, 141
1118061.3.peg.1422.site.14, 1, 128, 129
1118061.3.peg.1422.site.15, 3, 132, 135
1118061.3.peg.1423.site.1, 0, 142, 142
1118061.3.peg.1423.site.2, 26, 112, 138
1118061.3.peg.1423.site.3, 8, 129, 137
1118061.3.peg.1423.site.4, 20, 115, 135
1118061.3.peg.1423.site.5, 7, 138, 145
1118061.3.peg.1423.site.6, 59, 141, 200
1118061.3.peg.1424.site.1, 0, 140, 140
1118061.3.peg.1424.site.2, 0, 142, 142
1118061.3.peg.1424.site.3, 47, 139, 186
1118061.3.peg.1424.site.4, 54, 137, 191
1118061.3.peg.1424.site.5, 13, 128, 141
1118061.3.peg.1424.site.6, 0, 150, 150
1118061.3.peg.1424.site.7, 67, 149, 216
1118061.3.peg.1424.site.8, 0, 148, 148
1118061.3.peg.1425.site.1, 136, 139, 275
1118061.3.peg.1425.site.2, 26, 148, 174
1118061.3.peg.1425.site.3, 4, 145, 149
1118061.3.peg.1425.site.4, 2, 142, 144
1118061.3.peg.1425.site.5, 25, 138, 163
1118061.3.peg.1425.site.6, 3, 140, 143
1118061.3.peg.1425.site.7, 7, 147, 154
1118061.3.peg.1425.site.8, 4, 148, 152
1118061.3.peg.1425.site.9, 2, 146, 148
1118061.3.peg.1425.site.10, 0, 143, 143
1118061.3.peg.1425.site.11, 1, 146, 147
1118061.3.peg.1425.site.12, 2, 141, 143
1118061.3.peg.1425.site.13, 21, 149, 170
1118061.3.peg.1425.site.14, 1, 150, 151
1118061.3.peg.1425.site.15, 2, 143, 145
1118061.3.peg.1425.site.16, 5, 148, 153
1118061.3.peg.1425.site.17, 145, 148, 293
1118061.3.peg.1426.site.1, 67, 134, 201
1118061.3.peg.1426.site.2, 0, 131, 131
1118061.3.peg.1426.site.3, 35, 130, 165
1118061.3.peg.1426.site.4, 0, 119, 119
1118061.3.peg.1426.site.5, 10, 102, 112
1118061.3.peg.1426.site.6, 29, 123, 152
1118061.3.peg.1426.site.7, 135, 138, 273
1118061.3.peg.1426.site.8, 0, 131, 131
1118061.3.peg.1427.site.1, 0, 128, 128
1118061.3.peg.1427.site.2, 19, 110, 129
1118061.3.peg.1427.site.3, 1, 134, 135
1118061.3.peg.1427.site.4, 1, 148, 149
1118061.3.peg.1427.site.5, 51, 145, 196
1118061.3.peg.1427.site.6, 0, 137, 137
1118061.3.peg.1427.site.7, 111, 117, 228
1118061.3.peg.1427.site.8, 103, 140, 243
1118061.3.peg.1427.site.9, 31, 143, 174
1118061.3.peg.1427.site.10, 147, 148, 295
1118061.3.peg.1427.site.11, 17, 148, 165
1118061.3.peg.1427.site.12, 1, 145, 146
1118061.3.peg.1427.site.13, 44, 148, 192
1118061.3.peg.1427.site.14, 20, 150, 170
1118061.3.peg.1427.site.15, 38, 150, 188
1118061.3.peg.1427.site.16, 130, 131, 261
1118061.3.peg.1427.site.17, 3, 141, 144
1118061.3.peg.1427.site.18, 32, 145, 177
1118061.3.peg.1427.site.19, 4, 144, 148
1118061.3.peg.1427.site.20, 3, 132, 135
1118061.3.peg.1427.site.21, 19, 133, 152
1118061.3.peg.1427.site.22, 47, 133, 180
1118061.3.peg.1427.site.23, 3, 143, 146
1118061.3.peg.1427.site.24, 2, 140, 142
1118061.3.peg.1427.site.25, 2, 137, 139
1118061.3.peg.1427.site.26, 141, 141, 282
1118061.3.peg.1427.site.27, 93, 147, 240
1118061.3.peg.1562.site.1, 0, 149, 149
1118061.3.peg.1562.site.2, 0, 150, 150
1118061.3.peg.1562.site.3, 5, 143, 148
1118061.3.peg.1562.site.4, 62, 114, 176
1118061.3.peg.1562.site.5, 29, 114, 143
1118061.3.peg.1562.site.6, 2, 119, 121
1118061.3.peg.1562.site.7, 5, 131, 136
1118061.3.peg.1562.site.8, 2, 147, 149
1118061.3.peg.1562.site.9, 6, 143, 149
1118061.3.peg.1562.site.10, 30, 145, 175
1118061.3.peg.1562.site.11, 8, 141, 149
1118061.3.peg.1562.site.12, 26, 133, 159
1118061.3.peg.1562.site.13, 47, 135, 182
1118061.3.peg.1562.site.14, 58, 119, 177
1118061.3.peg.1562.site.15, 1, 102, 103
1118061.3.peg.1562.site.16, 18, 99, 117
1118061.3.peg.1562.site.17, 19, 93, 112
1118061.3.peg.1562.site.18, 3, 13, 16
1118061.3.peg.1562.site.19, 0, 106, 106
1118061.3.peg.1562.site.20, 2, 113, 115
1118061.3.peg.2689.site.1, 83, 149, 232
1118061.3.peg.2689.site.2, 0, 148, 148
1118061.3.peg.2689.site.3, 1, 148, 149
1118061.3.peg.2689.site.4, 0, 147, 147
1118061.3.peg.2689.site.5, 108, 148, 256
1118061.3.peg.2689.site.6, 0, 147, 147
1118061.3.peg.2689.site.7, 19, 147, 166
1118061.3.peg.2689.site.8, 137, 148, 285
1118061.3.peg.2689.site.9, 2, 138, 140
1118061.3.peg.2689.site.10, 0, 146, 146
1118061.3.peg.2689.site.11, 2, 149, 151
1118061.3.peg.2689.site.12, 20, 148, 168
1118061.3.peg.2689.site.13, 2, 149, 151
1118061.3.peg.2689.site.14, 2, 149, 151
1118061.3.peg.2689.site.15, 3, 149, 152
1118061.3.peg.2689.site.16, 3, 117, 120
1118061.3.peg.2689.site.17, 14, 126, 140
1118061.3.peg.2689.site.18, 8, 91, 99
1118061.3.peg.2689.site.19, 3, 112, 115
1118061.3.peg.2689.site.20, 5, 95, 100
1118061.3.peg.1338.site.1, 0, 143, 143
1118061.3.peg.1338.site.2, 142, 146, 288
1118061.3.peg.1338.site.3, 7, 133, 140
1118061.3.peg.1338.site.4, 136, 136, 272
1118061.3.peg.1338.site.5, 3, 138, 141
1118061.3.peg.1338.site.6, 13, 143, 156
1118061.3.peg.1338.site.7, 0, 139, 139
1118061.3.peg.1338.site.8, 0, 129, 129
1118061.3.peg.1338.site.9, 0, 105, 105
1118061.3.peg.1338.site.10, 2, 144, 146
1118061.3.peg.1338.site.11, 27, 144, 171
1118061.3.peg.1338.site.12, 2, 137, 139
1118061.3.peg.1338.site.13, 2, 136, 138
1118061.3.peg.1338.site.14, 144, 144, 288
1118061.3.peg.1339.site.1, 67, 115, 182
1118061.3.peg.1339.site.2, 2, 137, 139
1118061.3.peg.1339.site.3, 2, 143, 145
1118061.3.peg.1339.site.4, 51, 135, 186
1118061.3.peg.1339.site.5, 52, 132, 184
1118061.3.peg.1339.site.6, 2, 136, 138
1118061.3.peg.1339.site.7, 2, 141, 143
1118061.3.peg.1339.site.8, 36, 143, 179
1118061.3.peg.1339.site.9, 2, 144, 146
1118061.3.peg.1339.site.10, 0, 148, 148
1118061.3.peg.1339.site.11, 26, 145, 171
1118061.3.peg.1339.site.12, 1, 141, 142
1118061.3.peg.1339.site.13, 3, 144, 147
1118061.3.peg.1339.site.14, 34, 109, 143
1118061.3.peg.1339.site.15, 70, 98, 168
1118061.3.peg.1339.site.16, 0, 100, 100
1118061.3.peg.1339.site.17, 2, 120, 122
1118061.3.peg.1339.site.18, 2, 124, 126
1118061.3.peg.1339.site.19, 25, 135, 160
1118061.3.peg.2684.site.1, 0, 146, 146
1118061.3.peg.2684.site.2, 0, 148, 148
1118061.3.peg.2684.site.3, 21, 149, 170
1118061.3.peg.2684.site.4, 150, 150, 300
1118061.3.peg.2684.site.5, 8, 150, 158
1118061.3.peg.2684.site.6, 143, 148, 291
1118061.3.peg.2684.site.7, 1, 148, 149
1118061.3.peg.2684.site.8, 3, 150, 153
1118061.3.peg.2684.site.9, 0, 149, 149
1118061.3.peg.2684.site.10, 147, 150, 297
1118061.3.peg.2684.site.11, 0, 150, 150
1118061.3.peg.2684.site.12, 2, 150, 152
1118061.3.peg.2684.site.13, 0, 150, 150
1118061.3.peg.2684.site.14, 91, 150, 241
1118061.3.peg.2684.site.15, 114, 148, 262
1118061.3.peg.2684.site.16, 0, 147, 147
1118061.3.peg.2684.site.17, 0, 148, 148
1118061.3.peg.2684.site.18, 2, 146, 148
1118061.3.peg.2684.site.19, 0, 146, 146
1118061.3.peg.2684.site.20, 3, 145, 148
1118061.3.peg.1334.site.1, 16, 149, 165
1118061.3.peg.1334.site.2, 0, 150, 150
1118061.3.peg.1334.site.3, 1, 150, 151
1118061.3.peg.1334.site.4, 0, 150, 150
1118061.3.peg.1334.site.5, 0, 150, 150
1118061.3.peg.1334.site.6, 3, 150, 153
1118061.3.peg.1334.site.7, 0, 150, 150
1118061.3.peg.1334.site.8, 145, 150, 295
1118061.3.peg.1334.site.9, 2, 149, 151
1118061.3.peg.1335.site.1, 1, 147, 148
1118061.3.peg.1336.site.1, 144, 146, 290
1118061.3.peg.1336.site.2, 72, 144, 216
1118061.3.peg.1336.site.3, 16, 147, 163
1118061.3.peg.1336.site.4, 0, 131, 131
1118061.3.peg.1336.site.5, 1, 109, 110
1118061.3.peg.1336.site.6, 3, 99, 102
1118061.3.peg.1336.site.7, 19, 93, 112
1118061.3.peg.1336.site.8, 3, 91, 94
1118061.3.peg.1336.site.9, 121, 121, 242
1118061.3.peg.1337.site.1, 73, 145, 218
1118061.3.peg.1337.site.2, 0, 145, 145
1118061.3.peg.1337.site.3, 0, 145, 145
1118061.3.peg.1337.site.4, 15, 138, 153
1118061.3.peg.1337.site.5, 14, 116, 130
1118061.3.peg.1330.site.1, 3, 149, 152
1118061.3.peg.1330.site.2, 0, 149, 149
1118061.3.peg.1330.site.3, 19, 150, 169
1118061.3.peg.1330.site.4, 28, 150, 178
1118061.3.peg.1330.site.5, 0, 149, 149
1118061.3.peg.1330.site.6, 0, 147, 147
1118061.3.peg.1330.site.7, 18, 143, 161
1118061.3.peg.1330.site.8, 146, 149, 295
1118061.3.peg.1330.site.9, 19, 149, 168
1118061.3.peg.1331.site.1, 28, 148, 176
1118061.3.peg.1331.site.2, 15, 148, 163
1118061.3.peg.1332.site.1, 19, 150, 169
1118061.3.peg.1332.site.2, 1, 149, 150
1118061.3.peg.1332.site.3, 3, 150, 153
1118061.3.peg.1332.site.4, 3, 150, 153
1118061.3.peg.1332.site.5, 1, 150, 151
1118061.3.peg.1332.site.6, 6, 150, 156
1118061.3.peg.1332.site.7, 0, 149, 149
1118061.3.peg.1332.site.8, 10, 145, 155
1118061.3.peg.1332.site.9, 82, 137, 219
1118061.3.peg.1332.site.10, 0, 140, 140
1118061.3.peg.1332.site.11, 0, 140, 140
1118061.3.peg.1332.site.12, 17, 142, 159
1118061.3.peg.1332.site.13, 1, 138, 139
1118061.3.peg.1332.site.14, 7, 150, 157
1118061.3.peg.1332.site.15, 1, 149, 150
1118061.3.peg.1332.site.16, 0, 150, 150
1118061.3.peg.1333.site.1, 20, 149, 169
1118061.3.peg.1333.site.2, 6, 149, 155
1118061.3.peg.1333.site.3, 26, 150, 176
1118061.3.peg.1333.site.4, 4, 147, 151
1118061.3.peg.1333.site.5, 6, 149, 155
1118061.3.peg.1333.site.6, 0, 149, 149
1118061.3.peg.1333.site.7, 11, 147, 158
1118061.3.peg.1333.site.8, 9, 148, 157
1118061.3.peg.1333.site.9, 32, 149, 181
1118061.3.peg.2799.site.1, 93, 149, 242
1118061.3.peg.2799.site.2, 1, 150, 151
1118061.3.peg.2799.site.3, 0, 150, 150
1118061.3.peg.2799.site.4, 0, 149, 149
1118061.3.peg.2799.site.5, 2, 149, 151
1118061.3.peg.2799.site.6, 17, 148, 165
1118061.3.peg.2799.site.7, 3, 146, 149
1118061.3.peg.2799.site.8, 1, 146, 147
1118061.3.peg.2799.site.9, 24, 142, 166
1118061.3.peg.2799.site.10, 124, 150, 274
1118061.3.peg.2799.site.11, 120, 149, 269
1118061.3.peg.2799.site.12, 1, 150, 151
1118061.3.peg.2686.site.1, 8, 149, 157
1118061.3.peg.2686.site.2, 41, 148, 189
1118061.3.peg.2686.site.3, 1, 150, 151
1118061.3.peg.2686.site.4, 19, 148, 167
1118061.3.peg.2686.site.5, 27, 149, 176
1118061.3.peg.2686.site.6, 2, 150, 152
1118061.3.peg.2686.site.7, 2, 150, 152
1118061.3.peg.2686.site.8, 2, 150, 152
1118061.3.peg.2686.site.9, 0, 145, 145
1118061.3.peg.2686.site.10, 2, 149, 151
1118061.3.peg.2686.site.11, 6, 148, 154
1118061.3.peg.2686.site.12, 12, 150, 162
1118061.3.peg.2686.site.13, 0, 150, 150
1118061.3.peg.2686.site.14, 0, 150, 150
1118061.3.peg.2686.site.15, 30, 149, 179
1118061.3.peg.2686.site.16, 0, 150, 150
1118061.3.peg.2686.site.17, 47, 150, 197
1118061.3.peg.2686.site.18, 62, 145, 207
1118061.3.peg.2686.site.19, 0, 150, 150
1118061.3.peg.2686.site.20, 32, 147, 179
1118061.3.peg.2686.site.21, 110, 147, 257
1118061.3.peg.2686.site.22, 6, 148, 154
1118061.3.peg.2686.site.23, 39, 150, 189
1118061.3.peg.2686.site.24, 9, 150, 159
1118061.3.peg.2686.site.25, 149, 149, 298
1118061.3.peg.2686.site.26, 0, 149, 149
1118061.3.peg.2686.site.27, 34, 148, 182
1118061.3.peg.2686.site.28, 2, 150, 152
1118061.3.peg.2686.site.29, 150, 150, 300
1118061.3.peg.2686.site.30, 34, 150, 184
1118061.3.peg.2686.site.31, 0, 150, 150
1118061.3.peg.2686.site.32, 2, 149, 151
1118061.3.peg.2686.site.33, 46, 148, 194
1118061.3.peg.2686.site.34, 2, 126, 128
1118061.3.peg.2686.site.35, 0, 139, 139
1118061.3.peg.2686.site.36, 54, 144, 198
1118061.3.peg.2686.site.37, 31, 146, 177
1118061.3.peg.2686.site.38, 35, 146, 181
1118061.3.peg.2686.site.39, 0, 149, 149
1118061.3.peg.2686.site.40, 31, 149, 180
1118061.3.peg.680.site.1, 1, 76, 77
1118061.3.peg.680.site.2, 21, 89, 110
1118061.3.peg.680.site.3, 36, 113, 149
1118061.3.peg.680.site.4, 12, 143, 155
1118061.3.peg.680.site.5, 3, 140, 143
1118061.3.peg.680.site.6, 2, 129, 131
1118061.3.peg.680.site.7, 16, 133, 149
1118061.3.peg.680.site.8, 17, 137, 154
1118061.3.peg.680.site.9, 63, 132, 195
1118061.3.peg.680.site.10, 0, 131, 131
1118061.3.peg.680.site.11, 19, 146, 165
1118061.3.peg.680.site.12, 14, 127, 141
1118061.3.peg.680.site.13, 27, 135, 162
1118061.3.peg.2793.site.1, 22, 150, 172
1118061.3.peg.2793.site.2, 0, 150, 150
1118061.3.peg.2793.site.3, 26, 147, 173
1118061.3.peg.2793.site.4, 0, 148, 148
1118061.3.peg.2793.site.5, 0, 146, 146
1118061.3.peg.2793.site.6, 3, 149, 152
1118061.3.peg.2793.site.7, 5, 150, 155
1118061.3.peg.2793.site.8, 3, 150, 153
1118061.3.peg.2793.site.9, 0, 150, 150
1118061.3.peg.2793.site.10, 3, 149, 152
1118061.3.peg.2793.site.11, 0, 149, 149
1118061.3.peg.2793.site.12, 1, 150, 151
1118061.3.peg.2793.site.13, 5, 150, 155
1118061.3.peg.2793.site.14, 0, 150, 150
1118061.3.peg.2793.site.15, 0, 150, 150
1118061.3.peg.2793.site.16, 3, 150, 153
1118061.3.peg.2793.site.17, 7, 149, 156
1118061.3.peg.2793.site.18, 7, 150, 157
1118061.3.peg.2793.site.19, 29, 150, 179
1118061.3.peg.2793.site.20, 27, 150, 177
1118061.3.peg.2793.site.21, 58, 150, 208
1118061.3.peg.2793.site.22, 4, 150, 154
1118061.3.peg.2793.site.23, 28, 150, 178
1118061.3.peg.2793.site.24, 2, 150, 152
1118061.3.peg.2793.site.25, 54, 147, 201
1118061.3.peg.2793.site.26, 2, 150, 152
1118061.3.peg.2793.site.27, 1, 149, 150
1118061.3.peg.2793.site.28, 0, 150, 150
1118061.3.peg.2793.site.29, 0, 150, 150
1118061.3.peg.2793.site.30, 0, 150, 150
1118061.3.peg.2793.site.31, 2, 150, 152
1118061.3.peg.2793.site.32, 4, 150, 154
1118061.3.peg.2793.site.33, 17, 139, 156
1118061.3.peg.2681.site.1, 0, 150, 150
1118061.3.peg.2681.site.2, 37, 147, 184
1118061.3.peg.2681.site.3, 0, 150, 150
1118061.3.peg.2681.site.4, 72, 150, 222
1118061.3.peg.2791.site.1, 0, 143, 143
1118061.3.peg.2791.site.2, 68, 137, 205
1118061.3.peg.2790.site.1, 0, 142, 142
1118061.3.peg.2790.site.2, 124, 124, 248
1118061.3.peg.2790.site.3, 16, 102, 118
1118061.3.peg.2790.site.4, 21, 124, 145
1118061.3.peg.2790.site.5, 1, 123, 124
1118061.3.peg.2790.site.6, 127, 129, 256
1118061.3.peg.2790.site.7, 1, 125, 126
1118061.3.peg.2790.site.8, 21, 140, 161
1118061.3.peg.2790.site.9, 134, 134, 268
1118061.3.peg.2790.site.10, 38, 132, 170
1118061.3.peg.2790.site.11, 11, 138, 149
1118061.3.peg.2790.site.12, 0, 125, 125
1118061.3.peg.2790.site.13, 0, 125, 125
1118061.3.peg.2790.site.14, 5, 130, 135
1118061.3.peg.2790.site.15, 0, 137, 137
1118061.3.peg.2790.site.16, 1, 127, 128
1118061.3.peg.2790.site.17, 13, 133, 146
1118061.3.peg.2790.site.18, 6, 150, 156
1118061.3.peg.2790.site.19, 88, 150, 238
1118061.3.peg.2797.site.1, 3, 148, 151
1118061.3.peg.2796.site.1, 44, 81, 125
1118061.3.peg.2796.site.2, 53, 98, 151
1118061.3.peg.2796.site.3, 3, 102, 105
1118061.3.peg.2796.site.4, 3, 111, 114
1118061.3.peg.2796.site.5, 32, 113, 145
1118061.3.peg.2796.site.6, 1, 111, 112
1118061.3.peg.2796.site.7, 3, 143, 146
1118061.3.peg.2796.site.8, 1, 148, 149
1118061.3.peg.2796.site.9, 43, 136, 179
1118061.3.peg.2796.site.10, 30, 145, 175
1118061.3.peg.2796.site.11, 148, 148, 296
1118061.3.peg.2796.site.12, 29, 150, 179
1118061.3.peg.2796.site.13, 0, 148, 148
1118061.3.peg.2796.site.14, 2, 148, 150
1118061.3.peg.2796.site.15, 69, 147, 216
1118061.3.peg.2796.site.16, 0, 150, 150
1118061.3.peg.2796.site.17, 3, 150, 153
1118061.3.peg.2680.site.1, 40, 145, 185
1118061.3.peg.2680.site.2, 93, 143, 236
1118061.3.peg.2680.site.3, 10, 150, 160
1118061.3.peg.2680.site.4, 2, 111, 113
1118061.3.peg.2680.site.5, 3, 75, 78
1118061.3.peg.2680.site.6, 8, 147, 155
1118061.3.peg.2680.site.7, 24, 145, 169
1118061.3.peg.2680.site.8, 2, 141, 143
1118061.3.peg.2680.site.9, 0, 141, 141
1118061.3.peg.2680.site.10, 0, 131, 131
1118061.3.peg.2680.site.11, 40, 125, 165
1118061.3.peg.2680.site.12, 67, 111, 178
1118061.3.peg.2680.site.13, 114, 114, 228
1118061.3.peg.2680.site.14, 43, 122, 165
1118061.3.peg.2680.site.15, 29, 147, 176
1118061.3.peg.2680.site.16, 62, 147, 209
1118061.3.peg.2682.site.1, 4, 149, 153
1118061.3.peg.2682.site.2, 0, 149, 149
1118061.3.peg.2682.site.3, 2, 148, 150
1118061.3.peg.2682.site.4, 123, 123, 246
1118061.3.peg.2682.site.5, 0, 126, 126
1118061.3.peg.2682.site.6, 1, 121, 122
1118061.3.peg.2351.site.1, 93, 139, 232
1118061.3.peg.2351.site.2, 2, 144, 146
1118061.3.peg.2351.site.3, 2, 144, 146
1118061.3.peg.1200.site.1, 2, 149, 151
1118061.3.peg.1200.site.2, 100, 149, 249
1118061.3.peg.1200.site.3, 10, 150, 160
1118061.3.peg.1200.site.4, 6, 144, 150
1118061.3.peg.1200.site.5, 1, 146, 147
1118061.3.peg.1200.site.6, 95, 139, 234
1118061.3.peg.1200.site.7, 146, 146, 292
1118061.3.peg.1200.site.8, 57, 149, 206
1118061.3.peg.1200.site.9, 0, 149, 149
1118061.3.peg.1200.site.10, 21, 150, 171
1118061.3.peg.1200.site.11, 0, 148, 148
1118061.3.peg.1200.site.12, 0, 149, 149
1118061.3.peg.1200.site.13, 0, 138, 138
1118061.3.peg.1201.site.1, 8, 70, 78
1118061.3.peg.1201.site.2, 146, 146, 292
1118061.3.peg.1201.site.3, 2, 145, 147
1118061.3.peg.1201.site.4, 2, 147, 149
1118061.3.peg.1201.site.5, 147, 148, 295
1118061.3.peg.1201.site.6, 3, 150, 153
1118061.3.peg.1202.site.1, 0, 149, 149
1118061.3.peg.1202.site.2, 0, 147, 147
1118061.3.peg.1202.site.3, 0, 147, 147
1118061.3.peg.1202.site.4, 105, 148, 253
1118061.3.peg.1202.site.5, 5, 149, 154
1118061.3.peg.1202.site.6, 3, 150, 153
1118061.3.peg.1202.site.7, 1, 150, 151
1118061.3.peg.1202.site.8, 0, 149, 149
1118061.3.peg.1202.site.9, 44, 146, 190
1118061.3.peg.1202.site.10, 122, 150, 272
1118061.3.peg.1202.site.11, 16, 143, 159
1118061.3.peg.1202.site.12, 6, 145, 151
1118061.3.peg.1202.site.13, 0, 149, 149
1118061.3.peg.1202.site.14, 0, 149, 149
1118061.3.peg.1202.site.15, 2, 149, 151
1118061.3.peg.1202.site.16, 1, 150, 151
1118061.3.peg.1202.site.17, 0, 150, 150
1118061.3.peg.1203.site.1, 46, 150, 196
1118061.3.peg.1203.site.2, 132, 149, 281
1118061.3.peg.1203.site.3, 5, 147, 152
1118061.3.peg.1203.site.4, 5, 132, 137
1118061.3.peg.1203.site.5, 9, 129, 138
1118061.3.peg.1203.site.6, 54, 127, 181
1118061.3.peg.1203.site.7, 0, 131, 131
1118061.3.peg.1204.site.1, 4, 114, 118
1118061.3.peg.1204.site.2, 1, 125, 126
1118061.3.peg.1204.site.3, 2, 150, 152
1118061.3.peg.1204.site.4, 3, 150, 153
1118061.3.peg.1204.site.5, 2, 150, 152
1118061.3.peg.1204.site.6, 0, 150, 150
1118061.3.peg.1204.site.7, 61, 148, 209
1118061.3.peg.1204.site.8, 0, 149, 149
1118061.3.peg.1204.site.9, 6, 150, 156
1118061.3.peg.1204.site.10, 2, 150, 152
1118061.3.peg.1204.site.11, 0, 148, 148
1118061.3.peg.1204.site.12, 2, 150, 152
1118061.3.peg.1204.site.13, 5, 142, 147
1118061.3.peg.1204.site.14, 2, 145, 147
1118061.3.peg.1204.site.15, 18, 141, 159
1118061.3.peg.1204.site.16, 18, 143, 161
1118061.3.peg.1204.site.17, 41, 144, 185
1118061.3.peg.1204.site.18, 19, 139, 158
1118061.3.peg.1204.site.19, 0, 145, 145
1118061.3.peg.1204.site.20, 5, 147, 152
1118061.3.peg.1205.site.1, 0, 144, 144
1118061.3.peg.1205.site.2, 0, 147, 147
1118061.3.peg.1205.site.3, 0, 148, 148
1118061.3.peg.1205.site.4, 120, 149, 269
1118061.3.peg.1205.site.5, 4, 150, 154
1118061.3.peg.1205.site.6, 0, 149, 149
1118061.3.peg.1205.site.7, 21, 150, 171
1118061.3.peg.1205.site.8, 126, 148, 274
1118061.3.peg.1205.site.9, 150, 150, 300
1118061.3.peg.1205.site.10, 19, 150, 169
1118061.3.peg.1205.site.11, 141, 148, 289
1118061.3.peg.1206.site.1, 10, 148, 158
1118061.3.peg.1206.site.2, 17, 147, 164
1118061.3.peg.1206.site.3, 1, 145, 146
1118061.3.peg.1206.site.4, 118, 147, 265
1118061.3.peg.1206.site.5, 58, 148, 206
1118061.3.peg.1206.site.6, 0, 135, 135
1118061.3.peg.1206.site.7, 1, 128, 129
1118061.3.peg.1207.site.1, 1, 144, 145
1118061.3.peg.1207.site.2, 2, 149, 151
1118061.3.peg.1207.site.3, 4, 150, 154
1118061.3.peg.1207.site.4, 1, 141, 142
1118061.3.peg.1207.site.5, 26, 144, 170
1118061.3.peg.1207.site.6, 36, 145, 181
1118061.3.peg.1207.site.7, 25, 147, 172
1118061.3.peg.1207.site.8, 1, 148, 149
1118061.3.peg.1207.site.9, 2, 148, 150
1118061.3.peg.1207.site.10, 69, 148, 217
1118061.3.peg.1207.site.11, 3, 149, 152
1118061.3.peg.1207.site.12, 1, 149, 150
1118061.3.peg.1207.site.13, 0, 150, 150
1118061.3.peg.1207.site.14, 1, 150, 151
1118061.3.peg.1207.site.15, 0, 150, 150
1118061.3.peg.1207.site.16, 6, 147, 153
1118061.3.peg.1207.site.17, 30, 147, 177
1118061.3.peg.1207.site.18, 28, 130, 158
1118061.3.peg.1207.site.19, 24, 129, 153
1118061.3.peg.1208.site.1, 0, 150, 150
1118061.3.peg.1208.site.2, 59, 149, 208
1118061.3.peg.1208.site.3, 1, 150, 151
1118061.3.peg.1208.site.4, 3, 150, 153
1118061.3.peg.1208.site.5, 22, 147, 169
1118061.3.peg.1208.site.6, 1, 149, 150
1118061.3.peg.1208.site.7, 4, 148, 152
1118061.3.peg.1208.site.8, 5, 146, 151
1118061.3.peg.1208.site.9, 16, 147, 163
1118061.3.peg.1208.site.10, 0, 146, 146
1118061.3.peg.1208.site.11, 15, 149, 164
1118061.3.peg.1208.site.12, 0, 145, 145
1118061.3.peg.1208.site.13, 5, 143, 148
1118061.3.peg.1208.site.14, 150, 150, 300
1118061.3.peg.1208.site.15, 43, 150, 193
1118061.3.peg.1208.site.16, 41, 147, 188
1118061.3.peg.1208.site.17, 0, 150, 150
1118061.3.peg.1208.site.18, 4, 146, 150
1118061.3.peg.1208.site.19, 13, 142, 155
1118061.3.peg.1208.site.20, 27, 141, 168
1118061.3.peg.1208.site.21, 4, 144, 148
1118061.3.peg.1208.site.22, 29, 150, 179
1118061.3.peg.1208.site.23, 3, 149, 152
1118061.3.peg.1208.site.24, 2, 147, 149
1118061.3.peg.1208.site.25, 143, 145, 288
1118061.3.peg.1208.site.26, 13, 143, 156
1118061.3.peg.1208.site.27, 5, 150, 155
1118061.3.peg.1208.site.28, 5, 148, 153
1118061.3.peg.518.site.1, 111, 140, 251
1118061.3.peg.518.site.2, 42, 149, 191
1118061.3.peg.518.site.3, 1, 146, 147
1118061.3.peg.518.site.4, 33, 144, 177
1118061.3.peg.518.site.5, 1, 143, 144
1118061.3.peg.518.site.6, 1, 145, 146
1118061.3.peg.518.site.7, 27, 135, 162
1118061.3.peg.518.site.8, 1, 147, 148
1118061.3.peg.518.site.9, 38, 149, 187
1118061.3.peg.518.site.10, 112, 148, 260
1118061.3.peg.519.site.1, 112, 146, 258
1118061.3.peg.519.site.2, 44, 149, 193
1118061.3.peg.519.site.3, 133, 142, 275
1118061.3.peg.519.site.4, 147, 149, 296
1118061.3.peg.519.site.5, 1, 150, 151
1118061.3.peg.519.site.6, 5, 150, 155
1118061.3.peg.519.site.7, 5, 150, 155
1118061.3.peg.519.site.8, 0, 150, 150
1118061.3.peg.519.site.9, 2, 149, 151
1118061.3.peg.519.site.10, 39, 149, 188
1118061.3.peg.519.site.11, 2, 150, 152
1118061.3.peg.519.site.12, 0, 145, 145
1118061.3.peg.519.site.13, 2, 150, 152
1118061.3.peg.519.site.14, 89, 149, 238
1118061.3.peg.519.site.15, 0, 150, 150
1118061.3.peg.519.site.16, 18, 149, 167
1118061.3.peg.519.site.17, 18, 150, 168
1118061.3.peg.519.site.18, 21, 149, 170
1118061.3.peg.519.site.19, 0, 150, 150
1118061.3.peg.519.site.20, 1, 150, 151
1118061.3.peg.519.site.21, 0, 150, 150
1118061.3.peg.519.site.22, 52, 149, 201
1118061.3.peg.519.site.23, 73, 147, 220
1118061.3.peg.519.site.24, 33, 149, 182
1118061.3.peg.519.site.25, 95, 147, 242
1118061.3.peg.2249.site.1, 39, 140, 179
1118061.3.peg.2249.site.2, 47, 137, 184
1118061.3.peg.2249.site.3, 3, 137, 140
1118061.3.peg.2249.site.4, 12, 141, 153
1118061.3.peg.2249.site.5, 140, 144, 284
1118061.3.peg.2249.site.6, 39, 148, 187
1118061.3.peg.2249.site.7, 110, 144, 254
1118061.3.peg.2249.site.8, 5, 141, 146
1118061.3.peg.2249.site.9, 3, 139, 142
1118061.3.peg.2249.site.10, 4, 140, 144
1118061.3.peg.2249.site.11, 1, 141, 142
1118061.3.peg.2248.site.1, 0, 148, 148
1118061.3.peg.2248.site.2, 1, 149, 150
1118061.3.peg.2248.site.3, 25, 149, 174
1118061.3.peg.2248.site.4, 7, 150, 157
1118061.3.peg.2248.site.5, 1, 150, 151
1118061.3.peg.2248.site.6, 29, 150, 179
1118061.3.peg.2248.site.7, 0, 150, 150
1118061.3.peg.2248.site.8, 39, 149, 188
1118061.3.peg.2248.site.9, 5, 148, 153
1118061.3.peg.2248.site.10, 34, 147, 181
1118061.3.peg.2248.site.11, 81, 149, 230
1118061.3.peg.2248.site.12, 41, 148, 189
1118061.3.peg.2248.site.13, 1, 146, 147
1118061.3.peg.2248.site.14, 34, 150, 184
1118061.3.peg.2248.site.15, 57, 150, 207
1118061.3.peg.2248.site.16, 3, 150, 153
1118061.3.peg.2248.site.17, 39, 146, 185
1118061.3.peg.2248.site.18, 31, 147, 178
1118061.3.peg.2248.site.19, 95, 145, 240
1118061.3.peg.2248.site.20, 4, 148, 152
1118061.3.peg.2245.site.1, 25, 146, 171
1118061.3.peg.2245.site.2, 63, 145, 208
1118061.3.peg.2245.site.3, 2, 140, 142
1118061.3.peg.2245.site.4, 3, 134, 137
1118061.3.peg.2245.site.5, 0, 127, 127
1118061.3.peg.2245.site.6, 61, 120, 181
1118061.3.peg.2245.site.7, 26, 114, 140
1118061.3.peg.2245.site.8, 17, 105, 122
1118061.3.peg.2245.site.9, 15, 126, 141
1118061.3.peg.2245.site.10, 0, 129, 129
1118061.3.peg.2245.site.11, 3, 139, 142
1118061.3.peg.2245.site.12, 20, 142, 162
1118061.3.peg.2245.site.13, 44, 143, 187
1118061.3.peg.2245.site.14, 2, 143, 145
1118061.3.peg.2245.site.15, 62, 136, 198
1118061.3.peg.2245.site.16, 103, 134, 237
1118061.3.peg.2245.site.17, 29, 135, 164
1118061.3.peg.2245.site.18, 0, 147, 147
1118061.3.peg.2245.site.19, 72, 143, 215
1118061.3.peg.2245.site.20, 8, 148, 156
1118061.3.peg.2247.site.1, 1, 149, 150
1118061.3.peg.2246.site.1, 1, 150, 151
1118061.3.peg.2246.site.2, 3, 150, 153
1118061.3.peg.2246.site.3, 150, 150, 300
1118061.3.peg.2246.site.4, 2, 150, 152
1118061.3.peg.2246.site.5, 150, 150, 300
1118061.3.peg.2246.site.6, 57, 149, 206
1118061.3.peg.2246.site.7, 3, 145, 148
1118061.3.peg.2241.site.1, 0, 146, 146
1118061.3.peg.2241.site.2, 56, 148, 204
1118061.3.peg.2241.site.3, 5, 147, 152
1118061.3.peg.2241.site.4, 72, 99, 171
1118061.3.peg.2241.site.5, 5, 148, 153
1118061.3.peg.2241.site.6, 47, 144, 191
1118061.3.peg.2241.site.7, 40, 146, 186
1118061.3.peg.2241.site.8, 0, 150, 150
1118061.3.peg.2240.site.1, 111, 141, 252
1118061.3.peg.2240.site.2, 83, 138, 221
1118061.3.peg.2240.site.3, 11, 137, 148
1118061.3.peg.2240.site.4, 26, 140, 166
1118061.3.peg.2240.site.5, 0, 144, 144
1118061.3.peg.2240.site.6, 21, 148, 169
1118061.3.peg.2240.site.7, 22, 145, 167
1118061.3.peg.2240.site.8, 1, 127, 128
1118061.3.peg.2240.site.9, 0, 147, 147
1118061.3.peg.2240.site.10, 1, 149, 150
1118061.3.peg.2240.site.11, 92, 145, 237
1118061.3.peg.2240.site.12, 3, 149, 152
1118061.3.peg.2243.site.1, 1, 149, 150
1118061.3.peg.2243.site.2, 15, 150, 165
1118061.3.peg.2243.site.3, 41, 149, 190
1118061.3.peg.2243.site.4, 0, 148, 148
1118061.3.peg.2243.site.5, 119, 149, 268
1118061.3.peg.2243.site.6, 150, 150, 300
1118061.3.peg.2243.site.7, 1, 150, 151
1118061.3.peg.2243.site.8, 0, 150, 150
1118061.3.peg.2243.site.9, 2, 146, 148
1118061.3.peg.2243.site.10, 16, 149, 165
1118061.3.peg.2243.site.11, 2, 150, 152
1118061.3.peg.2243.site.12, 70, 143, 213
1118061.3.peg.2243.site.13, 1, 150, 151
1118061.3.peg.2243.site.14, 109, 149, 258
1118061.3.peg.2243.site.15, 109, 149, 258
1118061.3.peg.2243.site.16, 5, 150, 155
1118061.3.peg.2243.site.17, 40, 148, 188
1118061.3.peg.2243.site.18, 0, 150, 150
1118061.3.peg.2243.site.19, 3, 150, 153
1118061.3.peg.2243.site.20, 3, 150, 153
1118061.3.peg.338.site.1, 3, 141, 144
1118061.3.peg.338.site.2, 12, 120, 132
1118061.3.peg.338.site.3, 5, 146, 151
1118061.3.peg.338.site.4, 51, 144, 195
1118061.3.peg.338.site.5, 66, 147, 213
1118061.3.peg.338.site.6, 0, 145, 145
1118061.3.peg.338.site.7, 3, 147, 150
1118061.3.peg.338.site.8, 36, 141, 177
1118061.3.peg.338.site.9, 22, 134, 156
1118061.3.peg.338.site.10, 24, 143, 167
1118061.3.peg.338.site.11, 0, 135, 135
1118061.3.peg.338.site.12, 67, 140, 207
1118061.3.peg.338.site.13, 3, 122, 125
1118061.3.peg.338.site.14, 17, 148, 165
1118061.3.peg.338.site.15, 1, 149, 150
1118061.3.peg.338.site.16, 2, 149, 151
1118061.3.peg.338.site.17, 6, 150, 156
1118061.3.peg.339.site.1, 4, 149, 153
1118061.3.peg.339.site.2, 0, 150, 150
1118061.3.peg.339.site.3, 18, 150, 168
1118061.3.peg.339.site.4, 12, 150, 162
1118061.3.peg.339.site.5, 4, 150, 154
1118061.3.peg.339.site.6, 129, 149, 278
1118061.3.peg.339.site.7, 10, 150, 160
1118061.3.peg.339.site.8, 19, 150, 169
1118061.3.peg.339.site.9, 132, 150, 282
1118061.3.peg.339.site.10, 3, 150, 153
1118061.3.peg.339.site.11, 1, 144, 145
1118061.3.peg.339.site.12, 3, 140, 143
1118061.3.peg.339.site.13, 14, 140, 154
1118061.3.peg.339.site.14, 6, 141, 147
1118061.3.peg.339.site.15, 0, 145, 145
1118061.3.peg.339.site.16, 29, 147, 176
1118061.3.peg.339.site.17, 0, 148, 148
1118061.3.peg.339.site.18, 1, 149, 150
1118061.3.peg.339.site.19, 49, 150, 199
1118061.3.peg.339.site.20, 62, 150, 212
1118061.3.peg.339.site.21, 83, 141, 224
1118061.3.peg.339.site.22, 5, 147, 152
1118061.3.peg.339.site.23, 12, 146, 158
1118061.3.peg.339.site.24, 12, 142, 154
1118061.3.peg.339.site.25, 39, 149, 188
1118061.3.peg.336.site.1, 0, 149, 149
1118061.3.peg.336.site.2, 1, 149, 150
1118061.3.peg.336.site.3, 2, 141, 143
1118061.3.peg.336.site.4, 27, 145, 172
1118061.3.peg.336.site.5, 117, 148, 265
1118061.3.peg.336.site.6, 149, 149, 298
1118061.3.peg.336.site.7, 27, 150, 177
1118061.3.peg.336.site.8, 95, 150, 245
1118061.3.peg.336.site.9, 22, 150, 172
1118061.3.peg.336.site.10, 109, 150, 259
1118061.3.peg.336.site.11, 1, 150, 151
1118061.3.peg.336.site.12, 1, 149, 150
1118061.3.peg.336.site.13, 26, 148, 174
1118061.3.peg.336.site.14, 25, 148, 173
1118061.3.peg.336.site.15, 0, 150, 150
1118061.3.peg.337.site.1, 68, 150, 218
1118061.3.peg.337.site.2, 19, 148, 167
1118061.3.peg.337.site.3, 1, 149, 150
1118061.3.peg.337.site.4, 1, 150, 151
1118061.3.peg.337.site.5, 3, 150, 153
1118061.3.peg.337.site.6, 116, 149, 265
1118061.3.peg.337.site.7, 1, 149, 150
1118061.3.peg.337.site.8, 1, 128, 129
1118061.3.peg.337.site.9, 0, 141, 141
1118061.3.peg.337.site.10, 1, 146, 147
1118061.3.peg.337.site.11, 22, 150, 172
1118061.3.peg.337.site.12, 28, 148, 176
1118061.3.peg.337.site.13, 9, 143, 152
1118061.3.peg.337.site.14, 24, 147, 171
1118061.3.peg.337.site.15, 81, 146, 227
1118061.3.peg.337.site.16, 82, 147, 229
1118061.3.peg.337.site.17, 0, 147, 147
1118061.3.peg.337.site.18, 2, 146, 148
1118061.3.peg.337.site.19, 52, 146, 198
1118061.3.peg.337.site.20, 22, 145, 167
1118061.3.peg.337.site.21, 25, 144, 169
1118061.3.peg.337.site.22, 3, 140, 143
1118061.3.peg.337.site.23, 26, 141, 167
1118061.3.peg.337.site.24, 3, 147, 150
1118061.3.peg.337.site.25, 49, 147, 196
1118061.3.peg.337.site.26, 144, 145, 289
1118061.3.peg.337.site.27, 18, 132, 150
1118061.3.peg.337.site.28, 17, 137, 154
1118061.3.peg.337.site.29, 12, 145, 157
1118061.3.peg.337.site.30, 2, 146, 148
1118061.3.peg.337.site.31, 24, 150, 174
1118061.3.peg.337.site.32, 0, 147, 147
1118061.3.peg.337.site.33, 26, 146, 172
1118061.3.peg.337.site.34, 44, 137, 181
1118061.3.peg.337.site.35, 59, 147, 206
1118061.3.peg.337.site.36, 23, 149, 172
1118061.3.peg.337.site.37, 81, 149, 230
1118061.3.peg.337.site.38, 79, 150, 229
1118061.3.peg.337.site.39, 14, 139, 153
1118061.3.peg.337.site.40, 1, 145, 146
1118061.3.peg.337.site.41, 52, 147, 199
1118061.3.peg.337.site.42, 26, 149, 175
1118061.3.peg.337.site.43, 12, 150, 162
1118061.3.peg.337.site.44, 46, 147, 193
1118061.3.peg.334.site.1, 80, 150, 230
1118061.3.peg.334.site.2, 77, 150, 227
1118061.3.peg.334.site.3, 149, 150, 299
1118061.3.peg.334.site.4, 94, 148, 242
1118061.3.peg.334.site.5, 150, 150, 300
1118061.3.peg.334.site.6, 2, 147, 149
1118061.3.peg.334.site.7, 5, 149, 154
1118061.3.peg.334.site.8, 16, 150, 166
1118061.3.peg.334.site.9, 85, 146, 231
1118061.3.peg.334.site.10, 102, 150, 252
1118061.3.peg.334.site.11, 12, 150, 162
1118061.3.peg.334.site.12, 0, 150, 150
1118061.3.peg.334.site.13, 40, 148, 188
1118061.3.peg.334.site.14, 1, 150, 151
1118061.3.peg.334.site.15, 18, 146, 164
1118061.3.peg.334.site.16, 53, 147, 200
1118061.3.peg.334.site.17, 6, 146, 152
1118061.3.peg.334.site.18, 28, 148, 176
1118061.3.peg.334.site.19, 0, 149, 149
1118061.3.peg.334.site.20, 2, 147, 149
1118061.3.peg.334.site.21, 25, 148, 173
1118061.3.peg.335.site.1, 0, 146, 146
1118061.3.peg.332.site.1, 0, 147, 147
1118061.3.peg.332.site.2, 0, 149, 149
1118061.3.peg.332.site.3, 0, 150, 150
1118061.3.peg.332.site.4, 3, 150, 153
1118061.3.peg.332.site.5, 3, 148, 151
1118061.3.peg.332.site.6, 2, 148, 150
1118061.3.peg.332.site.7, 1, 149, 150
1118061.3.peg.332.site.8, 108, 150, 258
1118061.3.peg.332.site.9, 3, 149, 152
1118061.3.peg.332.site.10, 6, 150, 156
1118061.3.peg.332.site.11, 1, 150, 151
1118061.3.peg.332.site.12, 5, 150, 155
1118061.3.peg.332.site.13, 3, 150, 153
1118061.3.peg.333.site.1, 1, 135, 136
1118061.3.peg.333.site.2, 0, 148, 148
1118061.3.peg.333.site.3, 1, 148, 149
1118061.3.peg.333.site.4, 149, 149, 298
1118061.3.peg.333.site.5, 10, 149, 159
1118061.3.peg.333.site.6, 113, 149, 262
1118061.3.peg.333.site.7, 86, 149, 235
1118061.3.peg.333.site.8, 150, 150, 300
1118061.3.peg.333.site.9, 1, 150, 151
1118061.3.peg.333.site.10, 49, 144, 193
1118061.3.peg.333.site.11, 0, 148, 148
1118061.3.peg.333.site.12, 47, 150, 197
1118061.3.peg.333.site.13, 1, 150, 151
1118061.3.peg.333.site.14, 124, 150, 274
1118061.3.peg.333.site.15, 1, 149, 150
1118061.3.peg.333.site.16, 0, 149, 149
1118061.3.peg.333.site.17, 2, 148, 150
1118061.3.peg.330.site.1, 1, 142, 143
1118061.3.peg.330.site.2, 0, 145, 145
1118061.3.peg.330.site.3, 75, 141, 216
1118061.3.peg.330.site.4, 115, 139, 254
1118061.3.peg.330.site.5, 0, 141, 141
1118061.3.peg.330.site.6, 0, 133, 133
1118061.3.peg.330.site.7, 132, 132, 264
1118061.3.peg.330.site.8, 3, 138, 141
1118061.3.peg.330.site.9, 113, 127, 240
1118061.3.peg.330.site.10, 2, 144, 146
1118061.3.peg.330.site.11, 1, 150, 151
1118061.3.peg.330.site.12, 3, 148, 151
1118061.3.peg.330.site.13, 15, 109, 124
1118061.3.peg.330.site.14, 12, 144, 156
1118061.3.peg.330.site.15, 3, 144, 147
1118061.3.peg.330.site.16, 20, 143, 163
1118061.3.peg.330.site.17, 3, 137, 140
1118061.3.peg.330.site.18, 2, 146, 148
1118061.3.peg.330.site.19, 93, 147, 240
1118061.3.peg.330.site.20, 2, 148, 150
1118061.3.peg.331.site.1, 1, 119, 120
1118061.3.peg.331.site.2, 34, 100, 134
1118061.3.peg.331.site.3, 13, 128, 141
1118061.3.peg.331.site.4, 1, 133, 134
1118061.3.peg.208.site.1, 3, 146, 149
1118061.3.peg.208.site.2, 1, 150, 151
1118061.3.peg.208.site.3, 70, 148, 218
1118061.3.peg.208.site.4, 40, 145, 185
1118061.3.peg.208.site.5, 29, 148, 177
1118061.3.peg.208.site.6, 19, 144, 163
1118061.3.peg.208.site.7, 0, 144, 144
1118061.3.peg.208.site.8, 9, 149, 158
1118061.3.peg.208.site.9, 3, 148, 151
1118061.3.peg.209.site.1, 9, 147, 156
1118061.3.peg.209.site.2, 9, 141, 150
1118061.3.peg.209.site.3, 14, 146, 160
1118061.3.peg.209.site.4, 41, 139, 180
1118061.3.peg.209.site.5, 0, 144, 144
1118061.3.peg.209.site.6, 52, 143, 195
1118061.3.peg.209.site.7, 5, 150, 155
1118061.3.peg.1110.site.1, 0, 150, 150
1118061.3.peg.1110.site.2, 5, 150, 155
1118061.3.peg.1110.site.3, 150, 150, 300
1118061.3.peg.1112.site.1, 4, 150, 154
1118061.3.peg.1112.site.2, 5, 150, 155
1118061.3.peg.1112.site.3, 1, 150, 151
1118061.3.peg.1112.site.4, 38, 149, 187
1118061.3.peg.1112.site.5, 30, 145, 175
1118061.3.peg.1112.site.6, 1, 142, 143
1118061.3.peg.1112.site.7, 139, 139, 278
1118061.3.peg.1112.site.8, 3, 134, 137
1118061.3.peg.1112.site.9, 26, 124, 150
1118061.3.peg.1112.site.10, 23, 128, 151
1118061.3.peg.1112.site.11, 0, 131, 131
1118061.3.peg.1112.site.12, 38, 131, 169
1118061.3.peg.1113.site.1, 31, 137, 168
1118061.3.peg.1113.site.2, 96, 135, 231
1118061.3.peg.1113.site.3, 0, 124, 124
1118061.3.peg.1113.site.4, 21, 136, 157
1118061.3.peg.1113.site.5, 3, 144, 147
1118061.3.peg.1113.site.6, 126, 149, 275
1118061.3.peg.1113.site.7, 60, 146, 206
1118061.3.peg.1113.site.8, 0, 142, 142
1118061.3.peg.1113.site.9, 0, 150, 150
1118061.3.peg.1113.site.10, 37, 124, 161
1118061.3.peg.1113.site.11, 0, 129, 129
1118061.3.peg.1113.site.12, 38, 134, 172
1118061.3.peg.1113.site.13, 28, 139, 167
1118061.3.peg.1113.site.14, 7, 139, 146
1118061.3.peg.1113.site.15, 7, 143, 150
1118061.3.peg.1113.site.16, 12, 145, 157
1118061.3.peg.1113.site.17, 148, 148, 296
1118061.3.peg.1113.site.18, 147, 147, 294
1118061.3.peg.1113.site.19, 0, 150, 150
1118061.3.peg.202.site.1, 61, 121, 182
1118061.3.peg.202.site.2, 129, 129, 258
1118061.3.peg.202.site.3, 0, 140, 140
1118061.3.peg.202.site.4, 24, 125, 149
1118061.3.peg.202.site.5, 62, 145, 207
1118061.3.peg.203.site.1, 2, 148, 150
1118061.3.peg.203.site.2, 132, 142, 274
1118061.3.peg.203.site.3, 2, 148, 150
1118061.3.peg.203.site.4, 19, 146, 165
1118061.3.peg.203.site.5, 21, 135, 156
1118061.3.peg.200.site.1, 4, 149, 153
1118061.3.peg.200.site.2, 60, 149, 209
1118061.3.peg.200.site.3, 2, 150, 152
1118061.3.peg.201.site.1, 38, 148, 186
1118061.3.peg.201.site.2, 2, 144, 146
1118061.3.peg.201.site.3, 3, 150, 153
1118061.3.peg.201.site.4, 2, 149, 151
1118061.3.peg.201.site.5, 141, 150, 291
1118061.3.peg.201.site.6, 55, 148, 203
1118061.3.peg.201.site.7, 3, 149, 152
1118061.3.peg.201.site.8, 100, 147, 247
1118061.3.peg.201.site.9, 0, 149, 149
1118061.3.peg.201.site.10, 33, 147, 180
1118061.3.peg.201.site.11, 34, 148, 182
1118061.3.peg.201.site.12, 1, 147, 148
1118061.3.peg.201.site.13, 42, 149, 191
1118061.3.peg.201.site.14, 120, 134, 254
1118061.3.peg.201.site.15, 1, 124, 125
1118061.3.peg.201.site.16, 1, 142, 143
1118061.3.peg.201.site.17, 1, 144, 145
1118061.3.peg.201.site.18, 150, 150, 300
1118061.3.peg.201.site.19, 3, 150, 153
1118061.3.peg.201.site.20, 108, 150, 258
1118061.3.peg.201.site.21, 3, 103, 106
1118061.3.peg.201.site.22, 16, 97, 113
1118061.3.peg.201.site.23, 1, 96, 97
1118061.3.peg.201.site.24, 22, 121, 143
1118061.3.peg.201.site.25, 51, 143, 194
1118061.3.peg.201.site.26, 47, 140, 187
1118061.3.peg.201.site.27, 24, 142, 166
1118061.3.peg.201.site.28, 59, 150, 209
1118061.3.peg.201.site.29, 2, 150, 152
1118061.3.peg.201.site.30, 86, 150, 236
1118061.3.peg.201.site.31, 83, 150, 233
1118061.3.peg.201.site.32, 6, 147, 153
1118061.3.peg.201.site.33, 72, 142, 214
1118061.3.peg.201.site.34, 0, 144, 144
1118061.3.peg.201.site.35, 31, 147, 178
1118061.3.peg.201.site.36, 23, 145, 168
1118061.3.peg.201.site.37, 3, 144, 147
1118061.3.peg.201.site.38, 4, 133, 137
1118061.3.peg.201.site.39, 7, 134, 141
1118061.3.peg.201.site.40, 2, 149, 151
1118061.3.peg.201.site.41, 3, 145, 148
1118061.3.peg.201.site.42, 2, 146, 148
1118061.3.peg.206.site.1, 4, 146, 150
1118061.3.peg.206.site.2, 1, 150, 151
1118061.3.peg.206.site.3, 2, 145, 147
1118061.3.peg.206.site.4, 1, 139, 140
1118061.3.peg.206.site.5, 11, 147, 158
1118061.3.peg.206.site.6, 2, 149, 151
1118061.3.peg.206.site.7, 1, 150, 151
1118061.3.peg.206.site.8, 3, 149, 152
1118061.3.peg.206.site.9, 0, 148, 148
1118061.3.peg.207.site.1, 38, 149, 187
1118061.3.peg.207.site.2, 2, 150, 152
1118061.3.peg.207.site.3, 0, 150, 150
1118061.3.peg.207.site.4, 0, 150, 150
1118061.3.peg.207.site.5, 0, 148, 148
1118061.3.peg.207.site.6, 23, 150, 173
1118061.3.peg.204.site.1, 3, 148, 151
1118061.3.peg.204.site.2, 61, 149, 210
1118061.3.peg.204.site.3, 2, 148, 150
1118061.3.peg.204.site.4, 26, 144, 170
1118061.3.peg.204.site.5, 127, 128, 255
1118061.3.peg.205.site.1, 21, 150, 171
1118061.3.peg.205.site.2, 93, 150, 243
1118061.3.peg.205.site.3, 2, 148, 150
1118061.3.peg.205.site.4, 1, 149, 150
1118061.3.peg.205.site.5, 0, 149, 149
1118061.3.peg.205.site.6, 12, 149, 161
1118061.3.peg.205.site.7, 36, 146, 182
1118061.3.peg.205.site.8, 12, 144, 156
1118061.3.peg.205.site.9, 17, 137, 154
1118061.3.peg.205.site.10, 3, 137, 140
1118061.3.peg.205.site.11, 1, 126, 127
1118061.3.peg.205.site.12, 3, 122, 125
1118061.3.peg.205.site.13, 0, 143, 143
1118061.3.peg.205.site.14, 125, 149, 274
